timepoint,stationcode,longitude,latitude,area,positionname,primarypollutant,aqi,pm10,pm10_24h,pm2_5,pm2_5_24h,o3,o3_24h,o3_8h,o3_8h_24h,no2,no2_24h,so2,so2_24h,co,co_24h
2024-12-13T0700,2566A,102.1879,31.914,阿坝藏族羌族自治州,州农科所,,21,15,37,6,14,66,,,,6,13,8,9,0.6,0.6
2024-12-13T0700,2568A,102.2502,31.8896,阿坝藏族羌族自治州,马师校,,19,19,20,12,15,48,,,,5,23,3,3,0.3,0.4
2024-12-13T0700,3994A,102.2165,31.9024,阿坝藏族羌族自治州,马尔康中学西区,,25,25,30,16,16,53,,,,5,16,5,5,0.4,0.5
2024-12-13T0700,2695A,80.292,41.1694,阿克苏地区,电视台,细颗粒物(PM2.5),54,44,49,38,41,66,,,,18,28,3,3,0.8,0.8
2024-12-13T0700,2696A,80.2613,41.1551,阿克苏地区,艺术中心,颗粒物(PM10),51,52,55,34,37,67,,,,11,21,4,4,0.7,0.8
2024-12-13T0700,2204A,105.6467,38.8363,阿拉善盟,西城区西花园,,36,34,43,25,22,75,,,,14,13,8,8,0.6,0.6
2024-12-13T0700,2205A,105.6985,38.8411,阿拉善盟,蒙二幼,,24,11,42,7,12,74,,,,12,12,5,6,0.5,0.5
2024-12-13T0700,2206A,105.724,38.8516,阿拉善盟,环保局新楼,,27,16,22,3,9,86,,,,4,7,8,8,0.6,0.6
2024-12-13T0700,2708A,88.1264,47.8517,阿勒泰地区,市站,,15,12,21,10,10,39,,,,18,29,7,9,0.2,0.3
2024-12-13T0700,2630A,80.1161,32.5,阿里地区,阿里监测站,,31,6,25,3,7,99,,,,1,3,5,6,0.4,0.4
2024-12-13T0700,3192A,80.0903,32.5028,阿里地区,阿里藏医院,,31,6,30,3,8,99,,,,2,5,4,6,0.4,0.5
2024-12-13T0700,2642A,109.0318,32.6537,安康市,香溪洞,,50,41,47,35,41,40,,,,16,16,10,11,0.5,0.5
2024-12-13T0700,2644A,109.0072,32.6975,安康市,汉滨区检察院,,50,44,66,35,48,23,,,,22,33,5,7,0.5,0.6
2024-12-13T0700,4054A,109.0325,32.6913,安康市,市邮政管理局,细颗粒物(PM2.5),59,57,69,42,52,15,,,,27,32,6,8,0.6,0.7
2024-12-13T0700,2291A,117.0809,30.5177,安庆市,环科院,细颗粒物(PM2.5),74,72,83,54,63,50,,,,23,24,5,6,0.6,0.7
2024-12-13T0700,2292A,117.0331,30.5119,安庆市,马山宾馆,细颗粒物(PM2.5),83,85,84,61,60,12,,,,57,35,7,9,0.3,0.3
2024-12-13T0700,2294A,116.9896,30.6145,安庆市,安庆大学,细颗粒物(PM2.5),78,69,79,57,63,65,,,,21,24,9,10,0.8,0.9
2024-12-13T0700,3173A,117.0598,30.5351,安庆市,市人大,细颗粒物(PM2.5),75,68,82,55,64,44,,,,36,31,5,7,0.5,0.5
2024-12-13T0700,3123A,105.9408,26.2431,安顺市,凤凰山,,14,14,24,6,19,34,,,,16,19,9,13,0.5,0.5
2024-12-13T0700,3124A,105.9439,26.2564,安顺市,金钟山,,12,7,18,6,17,37,,,,7,10,10,15,0.6,0.6
2024-12-13T0700,3125A,105.8983,26.2481,安顺市,娄家坡,,12,8,19,8,16,28,,,,12,13,15,18,0.6,0.6
2024-12-13T0700,1818A,114.4839,36.0621,安阳市,棉研所,,50,50,110,10,97,69,,,,11,34,8,9,0.4,0.7
2024-12-13T0700,1819A,114.3551,36.1017,安阳市,红庙街,颗粒物(PM10),58,65,101,11,84,66,,,,1,39,2,7,0.8,0.9
2024-12-13T0700,1820A,114.361,36.0681,安阳市,银杏小区,颗粒物(PM10),55,60,99,9,86,69,,,,6,37,1,3,0.5,0.8
2024-12-13T0700,3141A,114.3922,36.0878,安阳市,信访局,颗粒物(PM10),61,71,108,11,85,71,,,,1,39,3,6,0.3,0.8
2024-12-13T0700,3669A,114.4705,36.0637,安阳市,左辅环卫站,颗粒物(PM10),67,83,122,9,89,71,,,,2,34,3,5,0.4,0.8
2024-12-13T0700,3703A,114.2917,36.0949,安阳市,安钢职工学校,颗粒物(PM10),53,56,115,11,89,62,,,,10,47,6,6,0.3,0.9
2024-12-13T0700,1748A,123.044,41.1196,鞍山市,深沟寺,细颗粒物(PM2.5),73,77,63,53,36,14,,,,46,46,17,23,1.3,1.4
2024-12-13T0700,1749A,123.011,41.0931,鞍山市,太阳城,细颗粒物(PM2.5),64,68,54,46,35,6,,,,55,42,25,16,1.3,1.1
2024-12-13T0700,1750A,123.0485,41.1442,鞍山市,太平,颗粒物(PM10),67,83,91,46,46,10,,,,50,53,18,21,1.2,1.8
2024-12-13T0700,1751A,122.9642,41.0971,鞍山市,铁西三道街,颗粒物(PM10),64,77,106,44,50,6,,,,52,49,46,26,3.3,1.6
2024-12-13T0700,1752A,122.9341,41.0833,鞍山市,铁西工业园区,颗粒物(PM10),63,76,130,37,66,14,,,,59,54,25,17,1.4,1.7
2024-12-13T0700,1753A,123.022,41.0821,鞍山市,明达新区,细颗粒物(PM2.5),63,64,60,45,37,13,,,,39,31,26,17,1.2,1.1
2024-12-13T0700,2195A,107.4212,40.761,巴彦淖尔市,附二中,颗粒物(PM10),90,130,222,29,38,58,,,,8,8,3,3,0.4,0.3
2024-12-13T0700,2196A,107.37,40.7372,巴彦淖尔市,市环保大楼,颗粒物(PM10),80,109,219,29,37,50,,,,8,6,1,2,0.3,0.2
2024-12-13T0700,1956A,86.1472,41.7538,巴音郭楞蒙古自治州,孔雀公园,,34,34,38,18,32,66,,,,8,23,2,2,0.3,0.6
2024-12-13T0700,1957A,86.1972,41.7166,巴音郭楞蒙古自治州,棉纺厂,,25,25,42,14,23,68,,,,4,23,1,2,0.3,0.5
2024-12-13T0700,1958A,86.2357,41.7173,巴音郭楞蒙古自治州,经济开发区,,25,25,32,9,20,65,,,,12,25,2,3,0.4,0.4
2024-12-13T0700,2914A,106.7677,31.8794,巴中市,苏山坪,,23,17,35,14,30,71,,,,8,20,4,4,0.4,0.6
2024-12-13T0700,3182A,106.7656,31.8545,巴中市,丽阳花园,,23,23,47,15,36,48,,,,23,31,2,3,0.4,0.7
2024-12-13T0700,3183A,106.7418,31.8654,巴中市,圣泉水务公司,,22,21,40,15,31,64,,,,15,27,3,3,0.3,0.5
2024-12-13T0700,3616A,106.7616,31.8344,巴中市,市中心医院,,40,,45,28,43,27,,,,24,28,2,3,0.4,0.6
2024-12-13T0700,2235A,122.7911,45.6077,白城市,洮北区环保局,,38,,59,26,55,43,,,,21,29,8,5,0.7,0.9
2024-12-13T0700,2236A,122.8738,45.5725,白城市,市环保局,,,,53,50,37,10,,,,57,47,7,7,0.9,0.8
2024-12-13T0700,2231A,126.4219,41.9171,白山市,喜丰,颗粒物(PM10),67,83,88,38,34,10,,,,40,38,61,35,0.9,0.9
2024-12-13T0700,2232A,126.4077,41.9419,白山市,环保局,颗粒物(PM10),64,78,83,32,39,10,,,,34,34,15,23,0.9,0.9
2024-12-13T0700,2647A,104.1724,36.5446,白银市,第三小学,颗粒物(PM10),65,79,62,38,21,35,,,,32,14,38,15,1.5,0.7
2024-12-13T0700,2648A,104.1465,36.5482,白银市,动力公司,颗粒物(PM10),63,76,55,30,22,27,,,,33,12,20,4,1.5,0.8
2024-12-13T0700,2512A,106.6103,23.9011,百色市,市监测站,,20,18,25,14,17,37,,,,9,12,7,8,0.6,0.7
2024-12-13T0700,2513A,106.6538,23.8859,百色市,市中心血站,,33,24,32,23,23,44,,,,11,12,6,8,0.5,0.6
2024-12-13T0700,3406A,106.6085,23.8798,百色市,祈福高中,,26,22,32,18,16,33,,,,8,14,4,7,0.6,0.6
2024-12-13T0700,2270A,117.396,32.939,蚌埠市,工人疗养院,细颗粒物(PM2.5),112,110,82,84,57,46,,,,27,32,5,6,0.7,0.7
2024-12-13T0700,2271A,117.3605,32.9427,蚌埠市,百货大楼,细颗粒物(PM2.5),123,117,86,93,58,37,,,,33,34,6,6,0.5,0.4
2024-12-13T0700,2273A,117.4185,32.8911,蚌埠市,蚌埠学院,细颗粒物(PM2.5),102,97,76,76,54,10,,,,42,35,6,8,0.7,0.6
2024-12-13T0700,2274A,117.3533,32.9673,蚌埠市,淮上区政府,细颗粒物(PM2.5),135,132,95,103,66,28,,,,40,38,10,8,0.6,0.6
2024-12-13T0700,2275A,117.3145,32.8977,蚌埠市,高新区,细颗粒物(PM2.5),105,105,83,79,58,13,,,,44,45,6,9,0.6,0.6
2024-12-13T0700,3715A,117.3092,32.9314,蚌埠市,蚌埠田家炳中学,细颗粒物(PM2.5),123,129,98,93,62,57,,,,21,39,7,7,0.6,0.6
2024-12-13T0700,1585A,109.8756,40.6532,包头市,市环境监测站,颗粒物(PM10),60,70,149,18,24,55,,,,12,20,7,12,0.5,0.8
2024-12-13T0700,1587A,109.9991,40.5842,包头市,包头八中,颗粒物(PM10),81,111,185,23,24,39,,,,23,14,5,6,0.5,0.5
2024-12-13T0700,1588A,109.8538,40.6821,包头市,青山宾馆,颗粒物(PM10),56,61,130,11,27,49,,,,14,19,8,11,0.5,0.7
2024-12-13T0700,1589A,109.8642,40.6288,包头市,惠龙物流,颗粒物(PM10),71,91,161,14,26,26,,,,35,20,8,10,1.0,0.8
2024-12-13T0700,1590A,110.0377,40.5546,包头市,东河鸿龙湾,颗粒物(PM10),118,185,191,19,29,34,,,,24,17,8,10,0.5,0.4
2024-12-13T0700,3283A,109.9154,40.5685,包头市,滨河大厦,颗粒物(PM10),117,184,202,24,24,29,,,,28,19,6,8,0.3,0.5
2024-12-13T0700,3419A,109.9447,40.6261,包头市,包头市委党校,颗粒物(PM10),66,81,153,10,24,48,,,,22,22,6,9,0.2,0.5
2024-12-13T0700,3683A,109.8331,40.6576,包头市,昆区政府,,35,35,141,6,25,60,,,,8,20,8,13,0.4,0.9
2024-12-13T0700,1930A,107.185,34.3063,宝鸡市,庙沟村,,30,26,42,21,45,52,,,,21,13,6,6,0.3,0.4
2024-12-13T0700,1931A,107.0708,34.3017,宝鸡市,竹园沟,,20,20,49,8,39,50,,,,6,14,5,6,0.4,0.5
2024-12-13T0700,1932A,107.1906,34.3672,宝鸡市,三陆医院,,38,38,53,24,44,30,,,,34,32,4,4,0.5,0.5
2024-12-13T0700,1933A,107.1431,34.3547,宝鸡市,监测站,,34,34,51,21,41,27,,,,27,21,7,7,0.6,0.6
2024-12-13T0700,1935A,107.3906,34.3528,宝鸡市,陈仓区环保局家属楼,,49,49,60,21,41,26,,,,46,28,7,7,0.8,0.7
2024-12-13T0700,1936A,107.2058,34.3497,宝鸡市,文理学院,,34,34,57,20,36,28,,,,23,18,5,5,0.6,0.6
2024-12-13T0700,1937A,107.2386,34.3622,宝鸡市,三迪小学,,37,37,49,22,41,27,,,,27,26,5,5,0.6,0.7
2024-12-13T0700,1051A,115.493,38.8632,保定市,游泳馆,细颗粒物(PM2.5),64,73,124,46,88,23,,,,44,55,2,6,0.4,0.9
2024-12-13T0700,1052A,115.5213,38.8959,保定市,华电二区,细颗粒物(PM2.5),78,61,119,57,99,16,,,,43,63,1,3,0.4,1
2024-12-13T0700,1053A,115.4713,38.9108,保定市,接待中心,颗粒物(PM10),68,85,128,46,96,19,,,,36,58,2,3,0.3,0.8
2024-12-13T0700,1054A,115.4612,38.8416,保定市,地表水厂,细颗粒物(PM2.5),54,56,127,38,92,31,,,,38,60,2,5,0.2,0.9
2024-12-13T0700,3581A,115.31981,38.95208,保定市,满城区生态环境分局,,32,29,133,22,89,58,,,,17,67,3,2,0.0,0.9
2024-12-13T0700,3582A,115.47694,38.76408,保定市,清苑区第二中学,细颗粒物(PM2.5),62,58,117,44,75,19,,,,41,50,4,6,0.6,1
2024-12-13T0700,3583A,115.62909,39.02311,保定市,徐水物探局,,38,38,124,14,77,43,,,,17,57,5,9,0.3,0.6
2024-12-13T0700,4004A,115.4202,38.8656,保定市,双鹰农机,细颗粒物(PM2.5),64,58,125,46,92,32,,,,35,53,3,6,0.5,1.1
2024-12-13T0700,4034A,115.5150,38.8590,保定市,植保所站,细颗粒物(PM2.5),78,71,126,57,93,23,,,,34,56,4,6,0.4,0.9
2024-12-13T0700,2594A,99.1678,25.1081,保山市,市环境监测站,,33,33,41,19,19,33,,,,8,9,3,4,0.4,0.4
2024-12-13T0700,2595A,99.1711,25.1328,保山市,市环保局,,29,29,37,15,23,48,,,,4,6,6,7,0.3,0.3
2024-12-13T0700,1866A,109.2262,21.588,北海市,牛尾岭水库,细颗粒物(PM2.5),53,,38,37,36,34,,,,8,12,6,6,0.8,0.9
2024-12-13T0700,1867A,109.1436,21.4086,北海市,海滩公园,颗粒物(PM10),51,51,56,34,35,42,,,,13,16,9,10,0.6,0.7
2024-12-13T0700,1868A,109.0981,21.4661,北海市,新市环保局,细颗粒物(PM2.5),55,40,46,39,38,44,,,,12,16,7,7,0.7,0.7
2024-12-13T0700,1869A,109.1778,21.5233,北海市,北海工业园,细颗粒物(PM2.5),55,49,55,39,41,42,,,,13,19,9,14,0.7,0.7
2024-12-13T0700,3400A,109.1911,21.4415,北海市,龙潭自来水厂,细颗粒物(PM2.5),59,44,50,42,42,42,,,,12,15,6,8,0.7,0.7
2024-12-13T0700,1001A,116.3621,39.8784,北京市,万寿西宫,,38,38,74,11,39,54,,,,8,52,3,4,0.3,0.7
2024-12-13T0700,1002A,116.2202,40.2915,北京市,定陵,,29,29,48,11,31,40,,,,4,26,5,6,0.2,0.5
2024-12-13T0700,1003A,116.4174,39.9289,北京市,东四,,39,39,73,11,41,51,,,,5,41,1,4,0.4,0.9
2024-12-13T0700,1004A,116.4072,39.8863,北京市,天坛,,40,40,70,13,43,59,,,,6,44,3,2,0.1,0.6
2024-12-13T0700,1005A,116.462,39.9365,北京市,农展馆,,41,41,71,11,36,56,,,,10,48,3,2,0.4,0.8
2024-12-13T0700,1006A,116.3392,39.9295,北京市,官园,,36,36,70,11,38,49,,,,9,50,2,4,0.2,0.7
2024-12-13T0700,1007A,116.2878,39.9611,北京市,海淀万柳,,32,32,75,10,40,56,,,,11,58,3,5,0.3,0.7
2024-12-13T0700,1008A,116.6636,40.135,北京市,顺义新城,,30,30,56,12,30,51,,,,7,34,1,2,0.2,0.5
2024-12-13T0700,1009A,116.6275,40.3275,北京市,怀柔镇,,26,26,43,10,27,58,,,,4,25,3,2,0.4,0.6
2024-12-13T0700,1010A,116.2296,40.217,北京市,昌平镇,,37,37,70,11,37,47,,,,8,37,5,6,0.2,0.6
2024-12-13T0700,1011A,116.3966,39.9821,北京市,奥体中心,,40,40,70,12,38,51,,,,12,48,3,5,0.2,0.6
2024-12-13T0700,1012A,116.184,39.9136,北京市,古城,,31,31,80,9,42,58,,,,4,39,5,6,0.3,0.8
2024-12-13T0700,3281A,115.9718,40.4529,北京市,延庆夏都,,22,22,46,8,27,54,,,,1,24,1,7,0.1,0.4
2024-12-13T0700,3417A,117.0709,40.1465,北京市,平谷新城,,26,26,64,9,32,51,,,,7,29,3,2,0.3,0.5
2024-12-13T0700,3418A,116.8336,40.4095,北京市,密云新城,,20,20,46,8,27,55,,,,4,24,3,2,0.2,0.4
2024-12-13T0700,3671A,116.088,39.9726,北京市,门头沟三家店,,18,14,70,9,39,55,,,,6,42,3,4,0.1,0.6
2024-12-13T0700,3672A,116.1541,39.8204,北京市,丰台云岗,,33,33,92,10,40,53,,,,2,43,2,4,0.2,0.6
2024-12-13T0700,3673A,116.6804,39.9081,北京市,通州东关,颗粒物(PM10),53,55,74,14,38,42,,,,12,45,1,2,0.2,0.5
2024-12-13T0700,3674A,115.9577,39.7603,北京市,房山燕山,,24,24,65,9,41,63,,,,2,32,3,2,0.2,0.6
2024-12-13T0700,3675A,116.4672,39.7733,北京市,大兴旧宫,,36,36,88,11,49,49,,,,7,47,3,2,0.2,0.7
2024-12-13T0700,3694A,115.986,40.4563,北京市,延庆石河营,,21,21,46,9,29,56,,,,2,32,1,2,0.2,0.5
2024-12-13T0700,3695A,116.6151,40.3053,北京市,怀柔新城,,24,24,43,10,27,57,,,,2,22,3,2,0.1,0.4
2024-12-13T0700,3696A,116.2545,39.8768,北京市,丰台小屯,,29,29,78,9,41,52,,,,5,53,3,4,0.3,0.8
2024-12-13T0700,3697A,116.84,40.3844,北京市,密云镇,,22,22,53,9,30,53,,,,7,32,3,3,0.2,0.5
2024-12-13T0700,1761A,123.8275,41.3064,本溪市,大峪,颗粒物(PM10),70,89,77,42,40,6,,,,46,46,10,16,4.2,2.7
2024-12-13T0700,1762A,123.7567,41.3325,本溪市,溪湖,颗粒物(PM10),118,185,116,79,50,7,,,,41,42,9,12,4.4,2
2024-12-13T0700,1763A,123.7169,41.3094,本溪市,彩屯,细颗粒物(PM2.5),122,144,92,92,57,7,,,,51,49,10,13,3.8,2.3
2024-12-13T0700,1764A,123.7669,41.2864,本溪市,东明,细颗粒物(PM2.5),73,84,90,53,50,8,,,,46,49,10,16,2.3,2.2
2024-12-13T0700,1765A,123.7992,41.2664,本溪市,新立屯,细颗粒物(PM2.5),94,75,62,70,28,5,,,,54,55,7,12,3.0,2.1
2024-12-13T0700,1766A,123.8142,41.3472,本溪市,威宁,颗粒物(PM10),78,105,104,51,48,8,,,,40,43,10,11,1.8,1.5
2024-12-13T0700,2587A,105.2864,27.3125,毕节市,八中,,12,6,6,3,6,36,,,,9,11,5,6,0.6,0.6
2024-12-13T0700,2588A,105.31,27.2944,毕节市,师专,,12,6,5,3,4,37,,,,9,12,5,6,0.5,0.6
2024-12-13T0700,3537A,105.3631,27.3533,毕节市,长征村,,12,6,5,3,4,38,,,,8,7,6,7,0.6,0.6
2024-12-13T0700,1629A,118.0018,37.3617,滨州市,第二水厂,细颗粒物(PM2.5),70,70,80,51,50,21,,,,33,54,7,12,0.9,0.9
2024-12-13T0700,1630A,117.9776,37.393,滨州市,北中新校,细颗粒物(PM2.5),64,66,77,46,47,30,,,,23,49,6,12,0.3,0.5
2024-12-13T0700,3514A,117.9378,37.3956,滨州市,中海酒店,细颗粒物(PM2.5),70,61,73,51,52,20,,,,35,43,3,10,0.6,0.7
2024-12-13T0700,3515A,117.9378,37.3553,滨州市,开发区一中,,,63,86,,55,20,,,,41,57,8,15,0.7,0.7
2024-12-13T0700,3516A,118.0917,37.694,滨州市,金海六路,细颗粒物(PM2.5),62,58,73,44,47,6,,,,42,47,4,11,0.7,0.8
2024-12-13T0700,4028A,117.9956,37.3753,滨州市,滨州市西街道办事处,细颗粒物(PM2.5),77,56,72,56,55,34,,,,21,44,4,11,0.5,0.6
2024-12-13T0700,2311A,115.8072,33.8399,亳州市,污水处理厂,细颗粒物(PM2.5),103,134,105,77,64,15,,,,34,31,4,6,0.7,0.5
2024-12-13T0700,2312A,115.7789,33.8518,亳州市,三国揽胜宫,细颗粒物(PM2.5),117,159,118,88,68,14,,,,37,33,4,5,0.8,0.7
2024-12-13T0700,3332A,115.7633,33.8034,亳州市,亳州学院,细颗粒物(PM2.5),128,141,115,97,74,13,,,,37,32,2,4,0.8,0.6
2024-12-13T0700,2693A,82.0485,44.8556,博尔塔拉蒙古自治州,市党校,,43,,32,30,33,69,,,,8,13,2,6,1.9,0.7
2024-12-13T0700,2694A,82.0806,44.8969,博尔塔拉蒙古自治州,市环保局,,43,43,55,16,25,73,,,,10,18,5,7,0.2,0.2
2024-12-13T0700,1071A,116.8842,38.2991,沧州市,沧县城建局,细颗粒物(PM2.5),77,81,79,56,53,8,,,,58,50,2,5,0.8,0.9
2024-12-13T0700,1072A,116.8584,38.3254,沧州市,电视转播站,细颗粒物(PM2.5),92,84,77,68,49,2,,,,65,52,10,15,0.6,0.6
2024-12-13T0700,1073A,116.8709,38.3228,沧州市,市环保局,细颗粒物(PM2.5),89,85,75,66,51,1,,,,60,50,3,7,0.8,0.8
2024-12-13T0700,3324A,116.8136,38.3004,沧州市,河北水利电力学院,细颗粒物(PM2.5),89,95,88,66,55,4,,,,61,48,6,9,0.6,0.6
2024-12-13T0700,2622A,97.1806,31.1273,昌都市,昌都监测站,,10,9,43,3,16,31,,,,13,38,6,7,0.6,1.3
2024-12-13T0700,3719A,97.1714,31.1406,昌都市,昌都会议中心,,15,9,18,6,12,47,,,,2,13,4,4,0.6,0.7
2024-12-13T0700,2690A,88.1236,43.8886,昌吉回族自治州,天山天池,,23,6,3,3,3,71,,,,3,3,7,7,0.3,0.3
2024-12-13T0700,2692A,87.2717,44.0297,昌吉回族自治州,新区政务中心,细颗粒物(PM2.5),75,83,95,55,64,26,,,,30,44,6,7,1.0,1.1
2024-12-13T0700,3613A,87.3095,44.0142,昌吉回族自治州,亚心广场,细颗粒物(PM2.5),92,90,98,68,79,24,,,,43,41,6,7,0.8,1
2024-12-13T0700,1119A,125.3325,43.9166,长春市,食品厂,细颗粒物(PM2.5),105,121,67,79,43,8,,,,64,45,10,15,1.6,0.7
2024-12-13T0700,1120A,125.2863,43.9027,长春市,客车厂,细颗粒物(PM2.5),114,100,59,86,45,11,,,,69,47,13,16,1.7,0.6
2024-12-13T0700,1121A,125.2841,43.8463,长春市,邮电学院,细颗粒物(PM2.5),84,81,61,62,41,8,,,,60,51,11,17,0.9,0.7
2024-12-13T0700,1122A,125.3716,43.8772,长春市,劳动公园,细颗粒物(PM2.5),82,96,60,60,39,10,,,,66,47,12,16,2.1,1
2024-12-13T0700,1123A,125.3297,43.8805,长春市,园林处,颗粒物(PM10),60,69,57,42,37,8,,,,59,45,15,17,0.7,0.6
2024-12-13T0700,1124A,125.4605,43.79,长春市,净月潭,细颗粒物(PM2.5),68,59,47,49,33,8,,,,44,24,6,8,0.8,0.5
2024-12-13T0700,1126A,125.3863,43.8447,长春市,经开区环卫处,细颗粒物(PM2.5),65,69,62,47,36,4,,,,59,46,12,15,1.2,0.8
2024-12-13T0700,1127A,125.245,43.7783,长春市,高新区管委会,细颗粒物(PM2.5),85,91,73,63,58,9,,,,47,43,7,8,1.3,0.9
2024-12-13T0700,1128A,125.1761,43.8325,长春市,岱山公园,细颗粒物(PM2.5),132,104,65,100,48,9,,,,64,43,12,10,1.8,0.8
2024-12-13T0700,1335A,113.0833,28.2325,长沙市,经开区环保局,细颗粒物(PM2.5),107,102,102,80,76,14,,,,35,33,4,3,0.6,0.6
2024-12-13T0700,1336A,112.8872,28.2189,长沙市,高开区环保局,细颗粒物(PM2.5),125,112,110,95,89,16,,,,28,26,7,6,0.8,0.8
2024-12-13T0700,1337A,113.0792,28.2053,长沙市,马坡岭,细颗粒物(PM2.5),104,101,99,78,79,17,,,,32,29,6,4,0.7,0.8
2024-12-13T0700,1338A,112.9394,28.19,长沙市,湖南师范大学,细颗粒物(PM2.5),114,116,111,86,83,27,,,,25,28,10,8,0.6,0.6
2024-12-13T0700,1339A,113.0178,28.1322,长沙市,雨花区环保局,细颗粒物(PM2.5),113,110,98,85,80,24,,,,34,33,8,6,0.6,0.7
2024-12-13T0700,1340A,112.9792,28.2597,长沙市,伍家岭,细颗粒物(PM2.5),110,125,114,83,84,19,,,,30,29,6,4,0.8,0.9
2024-12-13T0700,1341A,113.0014,28.1944,长沙市,火车新站,细颗粒物(PM2.5),117,107,102,88,83,23,,,,34,34,5,3,0.6,0.7
2024-12-13T0700,1342A,112.9844,28.1178,长沙市,天心区环保局,细颗粒物(PM2.5),118,129,115,89,82,23,,,,31,35,6,4,0.6,0.7
2024-12-13T0700,1343A,112.8908,28.1308,长沙市,湖南中医药大学,细颗粒物(PM2.5),134,126,116,102,92,19,,,,32,34,9,7,0.6,0.6
2024-12-13T0700,1344A,112.9581,28.3611,长沙市,沙坪,细颗粒物(PM2.5),120,101,89,91,85,13,,,,21,21,8,7,0.8,0.9
2024-12-13T0700,1727A,113.1147,36.1547,长治市,清华站,,41,41,76,7,59,69,,,,11,25,8,11,0.5,0.9
2024-12-13T0700,1728A,113.1031,36.1989,长治市,监测站,,38,38,67,9,62,62,,,,7,21,10,13,0.6,0.9
2024-12-13T0700,1730A,113.0886,36.2125,长治市,审计局,,49,49,68,3,55,60,,,,17,31,6,9,0.2,0.7
2024-12-13T0700,1731A,113.0844,36.1856,长治市,长治八中,,50,50,88,12,72,66,,,,2,14,5,9,0.7,1.1
2024-12-13T0700,2845A,113.1569,36.1911,长治市,德盛苑,,43,43,77,17,60,56,,,,14,24,6,6,0.6,0.8
2024-12-13T0700,3568A,113.06,36.0464,长治市,向阳小学,颗粒物(PM10),67,83,99,33,72,67,,,,10,25,5,8,0.4,1
2024-12-13T0700,3569A,112.8792,36.3144,长治市,屯留一中,颗粒物(PM10),60,69,61,14,53,68,,,,14,26,7,9,0.6,1.2
2024-12-13T0700,3570A,113.235,36.3489,长治市,潞城四中,颗粒物(PM10),64,78,95,11,73,71,,,,8,25,11,12,0.5,1.2
2024-12-13T0700,1854A,111.6975,28.9703,常德市,市二中,细颗粒物(PM2.5),166,138,115,126,101,12,,,,30,25,13,7,0.8,0.7
2024-12-13T0700,3138A,111.7153,29.0289,常德市,武陵区永安,细颗粒物(PM2.5),138,132,119,105,93,33,,,,21,23,5,5,0.8,0.7
2024-12-13T0700,3139A,111.6892,28.9881,常德市,鼎城区玉霞,细颗粒物(PM2.5),139,134,120,106,94,22,,,,29,26,6,6,0.7,0.7
2024-12-13T0700,3140A,111.6625,29.0531,常德市,武陵区长庚,细颗粒物(PM2.5),138,135,129,105,98,25,,,,20,24,4,4,0.7,0.6
2024-12-13T0700,1196A,119.9633,31.762,常州市,市监测站,细颗粒物(PM2.5),57,58,53,40,41,5,,,,57,45,9,9,0.6,0.6
2024-12-13T0700,1200A,119.9468,31.7069,常州市,武进监测站,颗粒物(PM10),52,53,52,35,35,3,,,,58,48,10,10,0.7,0.7
2024-12-13T0700,1201A,119.9255,31.9087,常州市,安家,颗粒物(PM10),51,51,48,32,32,2,,,,60,44,9,9,0.6,0.6
2024-12-13T0700,3002A,119.9805,31.8174,常州市,行政中心,,43,43,48,28,33,6,,,,52,36,8,9,0.4,0.4
2024-12-13T0700,3003A,120.0522,31.7748,常州市,经开区,颗粒物(PM10),51,52,63,29,35,5,,,,60,55,9,10,0.7,0.6
2024-12-13T0700,3010A,119.9025,31.7964,常州市,钟楼,,48,48,49,32,34,3,,,,57,40,8,8,0.8,0.7
2024-12-13T0700,3429A,119.8598,31.7066,常州市,武进经发区,颗粒物(PM10),51,52,53,32,35,4,,,,56,53,7,8,0.5,0.6
2024-12-13T0700,3430A,119.5826,31.7245,常州市,金坛城区,细颗粒物(PM2.5),53,50,51,37,38,14,,,,38,36,7,8,0.5,0.6
2024-12-13T0700,2220A,120.4318,41.5881,朝阳市,西梁,细颗粒物(PM2.5),72,74,113,52,68,11,,,,45,38,11,17,1.6,2
2024-12-13T0700,2221A,120.4521,41.5646,朝阳市,河畔小区,细颗粒物(PM2.5),80,77,82,59,59,8,,,,40,39,7,12,1.8,1.5
2024-12-13T0700,2222A,120.4176,41.5648,朝阳市,八里堡,细颗粒物(PM2.5),82,81,103,60,63,4,,,,39,40,11,18,1.8,2.1
2024-12-13T0700,2223A,120.3806,41.5969,朝阳市,农业园区,,26,26,99,18,70,32,,,,27,43,9,19,0.6,1.7
2024-12-13T0700,1705A,116.6367,23.6719,潮州市,西园路,,31,31,22,19,17,17,,,,14,13,5,4,0.6,0.6
2024-12-13T0700,3026A,116.6183,23.6608,潮州市,市政府,,29,22,22,20,13,17,,,,16,15,4,3,0.7,0.7
2024-12-13T0700,4036A,116.6461,23.6761,潮州市,金山,,32,27,24,22,15,16,,,,14,14,6,6,0.8,0.8
2024-12-13T0700,2472A,113.0073,25.9061,郴州市,马头岭,细颗粒物(PM2.5),85,101,64,63,37,31,,,,22,21,8,8,0.7,0.6
2024-12-13T0700,2473A,113.0116,25.8226,郴州市,市职中,细颗粒物(PM2.5),102,84,49,76,44,22,,,,20,20,3,4,0.8,0.7
2024-12-13T0700,2474A,113.0161,25.8001,郴州市,兴隆步行街,细颗粒物(PM2.5),108,103,65,81,55,18,,,,23,23,4,5,0.9,0.8
2024-12-13T0700,2475A,113.0383,25.8071,郴州市,市审计局,细颗粒物(PM2.5),117,97,53,88,45,20,,,,19,19,4,4,0.8,0.8
2024-12-13T0700,2476A,113.0348,25.7759,郴州市,市环保局,细颗粒物(PM2.5),117,88,52,88,53,24,,,,17,18,4,4,0.9,0.8
2024-12-13T0700,1431A,103.9728,30.7236,成都市,金泉两河,,44,44,53,24,35,54,,,,20,33,1,1,0.4,0.6
2024-12-13T0700,1432A,104.176,30.6872,成都市,十里店,,36,29,53,25,41,65,,,,22,43,2,2,0.3,0.6
2024-12-13T0700,1433A,104.079,30.5706,成都市,三瓦窑,,44,44,58,15,38,69,,,,13,36,1,2,0.3,0.6
2024-12-13T0700,1434A,104.1114,30.63,成都市,沙河铺,,36,36,57,22,40,70,,,,15,31,3,3,0.4,0.6
2024-12-13T0700,1437A,104.0786,30.6531,成都市,君平街,,40,40,59,22,45,69,,,,10,33,4,5,0.3,0.5
2024-12-13T0700,2880A,104.0239,30.65639,成都市,大石西路,,42,42,60,29,45,68,,,,11,31,3,2,0.2,0.4
2024-12-13T0700,3136A,104.2725,30.5589,成都市,龙泉驿区区政府,,36,36,52,19,43,51,,,,27,29,3,3,0.6,0.6
2024-12-13T0700,3357A,104.0106,30.6931,成都市,金博路,,40,34,52,28,37,59,,,,18,34,1,1,0.3,0.6
2024-12-13T0700,3359A,104.0578,30.5225,成都市,华阳,,39,31,58,27,42,65,,,,13,34,1,1,0.5,0.5
2024-12-13T0700,3487A,104.2394,30.5319,成都市,车城东七路,,29,27,54,20,44,57,,,,15,29,2,2,0.4,0.6
2024-12-13T0700,3488A,104.3853,30.7453,成都市,青白江技师分院,,42,39,47,29,41,70,,,,16,25,4,5,0.2,0.3
2024-12-13T0700,3489A,104.0789,30.4072,成都市,科学城,,30,26,55,21,45,65,,,,14,33,4,4,0.2,0.4
2024-12-13T0700,4011A,103.8506,30.6947,成都市,光华大道三段,,38,38,49,22,36,53,,,,18,30,1,2,0.3,0.5
2024-12-13T0700,1062A,117.9531,40.9081,承德市,铁路,,33,33,84,8,48,51,,,,9,37,4,19,0.2,1.2
2024-12-13T0700,1063A,117.9392,40.9763,承德市,中国银行,,50,50,84,24,49,10,,,,31,29,1,9,0.5,1.2
2024-12-13T0700,1064A,117.9503,40.928,承德市,开发区,,38,38,91,22,46,52,,,,10,36,3,18,0.3,1.3
2024-12-13T0700,1065A,117.8051,40.9655,承德市,文化中心,,27,27,111,15,48,58,,,,2,32,2,34,0.3,1.5
2024-12-13T0700,1066A,117.9268,41.0026,承德市,离宫,,42,,70,29,48,43,,,,8,32,1,5,0.3,0.8
2024-12-13T0700,2314A,117.47,30.6618,池州市,池州学院,细颗粒物(PM2.5),89,,78,66,75,18,,,,24,29,4,6,0.8,0.8
2024-12-13T0700,3237A,117.4918,30.6617,池州市,展览馆,细颗粒物(PM2.5),97,89,90,72,69,8,,,,33,31,4,5,0.7,0.8
2024-12-13T0700,3333A,117.5627,30.695,池州市,第八中学,细颗粒物(PM2.5),89,81,88,66,70,24,,,,29,33,6,6,0.6,0.7
2024-12-13T0700,3334A,117.5038,30.6243,池州市,第十二中学,细颗粒物(PM2.5),99,84,84,74,71,8,,,,34,33,2,3,1.0,0.8
2024-12-13T0700,1744A,118.9233,42.2816,赤峰市,松山一中,,25,25,33,11,13,40,,,,23,23,10,10,0.7,0.8
2024-12-13T0700,1745A,118.9576,42.2728,赤峰市,哈达街,,15,12,27,10,13,44,,,,23,26,8,9,0.5,0.6
2024-12-13T0700,1746A,118.8788,42.2554,赤峰市,天义路,,17,17,24,7,12,41,,,,20,26,10,9,0.6,0.7
2024-12-13T0700,3058A,119.2658,42.0353,赤峰市,银河街,,26,26,72,14,44,21,,,,37,33,17,22,0.9,1.1
2024-12-13T0700,3286A,118.9359,42.3147,赤峰市,桥北物流园区,,23,18,23,16,19,44,,,,19,23,8,10,0.5,0.7
2024-12-13T0700,2521A,107.3476,22.4136,崇左市,市环保局江州分局,,34,34,34,21,20,33,,,,5,7,6,5,0.6,0.7
2024-12-13T0700,2522A,107.3702,22.3707,崇左市,城南新区,,32,25,29,22,17,34,,,,13,13,7,6,0.7,0.9
2024-12-13T0700,2298A,118.3093,32.3153,滁州市,老年大学,细颗粒物(PM2.5),75,72,59,55,39,17,,,,36,39,3,4,0.6,0.6
2024-12-13T0700,2299A,118.3244,32.2786,滁州市,人大宾馆,细颗粒物(PM2.5),73,68,59,53,42,24,,,,33,37,6,7,0.5,0.4
2024-12-13T0700,3207A,118.3118,32.3038,滁州市,市政府原办公楼,细颗粒物(PM2.5),83,71,56,61,41,18,,,,40,38,5,5,0.8,0.7
2024-12-13T0700,3331A,118.3267,32.2634,滁州市,图书馆,细颗粒物(PM2.5),68,62,66,49,39,23,,,,26,33,4,5,0.5,0.5
2024-12-13T0700,2605A,101.5482,25.0441,楚雄彝族自治州,州环境监测站,,36,36,31,24,24,3,,,,31,20,13,7,0.5,0.5
2024-12-13T0700,2606A,101.538,25.0492,楚雄彝族自治州,市经济开发区,,29,21,38,20,24,6,,,,22,20,7,8,0.5,0.6
2024-12-13T0700,2548A,107.5277,31.2827,达州市,达州职业技术学院,细颗粒物(PM2.5),69,59,67,50,54,5,,,,32,35,8,11,0.9,1
2024-12-13T0700,2549A,107.5086,31.2186,达州市,市环境监测站,颗粒物(PM10),53,56,65,36,38,4,,,,33,36,6,9,0.7,0.8
2024-12-13T0700,2550A,107.4988,31.2132,达州市,凤凰小区,细颗粒物(PM2.5),55,48,58,39,43,7,,,,33,35,9,11,0.6,0.7
2024-12-13T0700,2551A,107.5082,31.1986,达州市,达县机关宾馆,细颗粒物(PM2.5),64,51,61,46,43,3,,,,33,40,7,10,0.8,0.8
2024-12-13T0700,2552A,107.4644,31.2124,达州市,市政中心,细颗粒物(PM2.5),58,56,60,41,36,7,,,,39,38,8,10,0.6,0.7
2024-12-13T0700,2614A,100.1542,25.7054,大理白族自治州,大理市环境监测站,,25,21,24,17,22,69,,,,10,6,7,7,0.8,0.5
2024-12-13T0700,2615A,100.2171,25.5811,大理白族自治州,大理古城,,24,21,32,14,18,74,,,,7,10,5,5,0.6,0.7
2024-12-13T0700,1109A,121.612,38.9741,大连市,甘井子,颗粒物(PM10),65,80,104,45,43,27,,,,42,46,13,11,0.8,0.8
2024-12-13T0700,1110A,121.565,38.9511,大连市,周水子,细颗粒物(PM2.5),80,71,61,59,51,13,,,,44,44,15,13,0.9,0.9
2024-12-13T0700,1111A,121.5637,38.8845,大连市,星海三站,细颗粒物(PM2.5),63,61,54,45,42,20,,,,39,33,14,14,0.8,0.8
2024-12-13T0700,1112A,121.6302,38.9117,大连市,青泥洼桥,细颗粒物(PM2.5),52,49,70,36,45,32,,,,26,37,14,14,0.6,0.9
2024-12-13T0700,1113A,121.6251,38.8638,大连市,傅家庄,,44,44,52,29,38,42,,,,20,27,14,16,0.8,0.8
2024-12-13T0700,1114A,121.5213,38.8661,大连市,七贤岭,细颗粒物(PM2.5),64,71,65,46,40,14,,,,48,33,13,11,1.1,1
2024-12-13T0700,1115A,121.2529,38.8061,大连市,旅顺,细颗粒物(PM2.5),72,57,49,52,40,33,,,,21,20,16,13,1.2,0.9
2024-12-13T0700,1116A,121.7485,39.1311,大连市,金州,细颗粒物(PM2.5),70,68,77,51,56,28,,,,30,38,19,12,1.0,1
2024-12-13T0700,1117A,121.7811,39.0496,大连市,开发区,细颗粒物(PM2.5),52,51,57,36,44,42,,,,21,36,24,23,0.8,0.9
2024-12-13T0700,1118A,121.9762,39.0631,大连市,双D港,细颗粒物(PM2.5),54,54,57,38,41,52,,,,17,23,13,12,1.1,1
2024-12-13T0700,1789A,124.81117,46.03138,大庆市,大同区,细颗粒物(PM2.5),88,72,60,65,47,13,,,,42,30,5,5,0.8,0.7
2024-12-13T0700,1790A,125.129,46.533,大庆市,龙凤区,颗粒物(PM10),87,124,66,60,41,9,,,,61,47,18,12,1.4,0.9
2024-12-13T0700,1791A,124.902,46.408,大庆市,红岗区,,41,41,38,22,27,24,,,,41,34,5,5,0.6,0.6
2024-12-13T0700,1792A,125.153,46.586,大庆市,萨尔图区,,43,43,51,29,39,19,,,,55,44,5,5,0.7,0.7
2024-12-13T0700,1793A,124.9042,46.6215,大庆市,让胡路区,细颗粒物(PM2.5),60,46,43,43,36,25,,,,32,30,6,6,0.8,0.7
2024-12-13T0700,3481A,125.141,46.634,大庆市,萨区政府监测点,细颗粒物(PM2.5),52,50,40,36,29,12,,,,48,44,4,5,1.1,0.8
2024-12-13T0700,1721A,113.3819,40.1097,大同市,果树场,颗粒物(PM10),52,54,82,16,39,47,,,,16,28,7,12,1.0,0.9
2024-12-13T0700,1723A,113.2994,40.0758,大同市,云冈宾馆,颗粒物(PM10),56,62,67,20,28,49,,,,17,22,10,14,0.7,0.7
2024-12-13T0700,1724A,113.3444,40.0917,大同市,大同大学,颗粒物(PM10),56,62,76,26,29,32,,,,28,23,8,12,0.6,0.7
2024-12-13T0700,1725A,113.2661,40.1269,大同市,安家小村,颗粒物(PM10),56,62,95,13,28,56,,,,6,19,15,20,0.7,1
2024-12-13T0700,1726A,113.2711,40.0844,大同市,教育学院,颗粒物(PM10),59,67,79,18,27,35,,,,34,28,14,14,0.8,0.7
2024-12-13T0700,3282A,113.3397,40.0597,大同市,大同市卫生学校,颗粒物(PM10),52,53,86,16,33,51,,,,10,22,8,12,0.2,0.5
2024-12-13T0700,3565A,113.1367,40.1122,大同市,云冈站,颗粒物(PM10),52,53,75,19,30,47,,,,12,21,17,15,0.5,0.6
2024-12-13T0700,3566A,113.1186,40.2556,大同市,图书馆,颗粒物(PM10),51,51,70,20,36,47,,,,10,20,8,13,0.7,0.7
2024-12-13T0700,3567A,113.5931,40.0461,大同市,区一中,颗粒物(PM10),52,53,96,12,28,52,,,,10,29,19,32,0.4,0.8
2024-12-13T0700,3676A,113.2802,40.0995,大同市,第二人民医院,颗粒物(PM10),67,83,86,26,31,45,,,,22,27,17,17,0.6,0.8
2024-12-13T0700,2269A,124.1069,50.4097,大兴安岭地区,科技局,,20,14,15,14,17,62,,,,3,5,5,6,0.5,0.5
2024-12-13T0700,3663A,124.1164,50.4278,大兴安岭地区,红旗社区,,14,12,11,3,5,43,,,,18,9,14,6,0.4,0.3
2024-12-13T0700,1600A,124.3303,40.0625,丹东市,江湾东路,细颗粒物(PM2.5),79,88,65,58,41,7,,,,50,32,35,22,1.3,1.4
2024-12-13T0700,1601A,124.4256,40.1503,丹东市,临江后街,细颗粒物(PM2.5),59,50,49,42,35,9,,,,43,34,33,15,1.1,1
2024-12-13T0700,1602A,124.3933,40.1461,丹东市,元宝山,,37,37,32,25,20,19,,,,28,22,21,10,1.0,0.8
2024-12-13T0700,1603A,124.3633,40.1092,丹东市,民主桥,,39,39,40,21,24,16,,,,42,36,18,12,0.8,0.8
2024-12-13T0700,3541A,109.5726,19.5167,儋州市,第一中学子站,,23,,36,16,23,36,,,,13,8,6,6,0.8,0.7
2024-12-13T0700,3542A,109.5567,19.5187,儋州市,东坡学校子站,,29,24,45,20,25,33,,,,14,11,4,5,0.9,0.8
2024-12-13T0700,2616A,98.5842,24.428,德宏傣族景颇族自治州,德宏州监测站,,40,40,60,28,41,11,,,,24,24,7,16,0.6,0.7
2024-12-13T0700,3677A,98.5881,24.4368,德宏傣族景颇族自治州,芒市人民政府综合楼,,40,39,60,28,39,7,,,,22,18,6,12,0.6,0.6
2024-12-13T0700,1901A,104.4239,31.1208,德阳市,东山公园,,47,47,61,23,39,74,,,,7,16,1,1,0.4,0.6
2024-12-13T0700,1902A,104.3826,31.1317,德阳市,西小区,,42,30,49,29,42,66,,,,11,25,1,2,0.4,0.6
2024-12-13T0700,1904A,104.3553,31.1091,德阳市,耐火材料厂,,38,33,49,26,42,69,,,,8,29,3,3,0.6,0.7
2024-12-13T0700,3639A,104.4019,31.1244,德阳市,市教育局,,39,31,48,27,42,67,,,,13,28,2,2,0.3,0.5
2024-12-13T0700,1622A,116.3032,37.4674,德州市,儿童乐园,细颗粒物(PM2.5),73,58,95,53,57,15,,,,44,52,4,9,0.8,1
2024-12-13T0700,1624A,116.2991,37.4451,德州市,监理站,细颗粒物(PM2.5),70,53,87,51,56,21,,,,43,53,8,14,0.8,0.9
2024-12-13T0700,3066A,116.2721,37.4379,德州市,九衢泉纯净水厂,细颗粒物(PM2.5),67,58,100,48,61,15,,,,42,53,7,15,0.8,1
2024-12-13T0700,3371A,116.3728,37.4403,德州市,开发区人民医院,细颗粒物(PM2.5),70,61,90,51,56,21,,,,38,51,6,12,0.7,0.8
2024-12-13T0700,3372A,116.3572,37.4094,德州市,太阳城中学,细颗粒物(PM2.5),70,61,96,51,65,21,,,,35,48,7,12,0.2,0.4
2024-12-13T0700,3511A,116.5652,37.3319,德州市,陵城艺术中心,细颗粒物(PM2.5),62,51,86,44,56,19,,,,37,46,5,14,0.8,0.9
2024-12-13T0700,2621A,99.7056,27.8317,迪庆藏族自治州,迪庆州站,,30,12,29,12,21,94,,,,7,13,8,8,0.4,0.6
2024-12-13T0700,3180A,99.7136,27.8094,迪庆藏族自治州,质量技术监督局,,30,14,25,7,16,93,,,,4,12,7,7,0.3,0.4
2024-12-13T0700,2663A,104.6241,35.5734,定西市,东关小学,,44,44,49,29,32,40,,,,14,15,5,5,0.6,0.5
2024-12-13T0700,2664A,104.6194,35.5934,定西市,供电公司,,50,50,50,34,31,29,,,,29,18,5,5,1.1,0.8
2024-12-13T0700,1389A,113.7547,23.0494,东莞市,莞城梨川,,33,33,27,20,15,45,,,,16,24,7,8,0.7,0.9
2024-12-13T0700,1390A,113.7944,23.0128,东莞市,东城石井,,26,26,25,15,14,48,,,,15,22,6,7,0.7,0.8
2024-12-13T0700,1391A,113.7383,22.9658,东莞市,南城西平,,28,28,26,15,12,37,,,,26,30,6,4,0.6,0.7
2024-12-13T0700,3319A,113.7338,23.0381,东莞市,万江金泰,,28,27,26,19,14,44,,,,8,18,8,7,0.8,0.9
2024-12-13T0700,3626A,113.7533,23.0202,东莞市,南城元岭,,28,28,27,19,15,50,,,,10,19,8,9,0.7,0.9
2024-12-13T0700,3627A,113.7875,23.0457,东莞市,东城主山,,26,26,23,15,13,41,,,,18,25,8,8,0.7,0.8
2024-12-13T0700,1666A,118.6614,37.4309,东营市,市环保局,细颗粒物(PM2.5),62,53,50,44,31,36,,,,27,42,7,9,0.9,0.9
2024-12-13T0700,3036A,118.6904,37.4338,东营市,开发区管委会,细颗粒物(PM2.5),64,50,53,46,31,38,,,,30,46,4,7,1.0,0.9
2024-12-13T0700,3365A,118.5719,37.565,东营市,垦利区民丰路,细颗粒物(PM2.5),64,56,54,46,30,29,,,,26,42,9,11,0.6,0.6
2024-12-13T0700,3498A,118.5055,37.8612,东营市,河口城区,细颗粒物(PM2.5),64,73,62,46,41,25,,,,22,25,2,7,1.0,1
2024-12-13T0700,3646A,118.4978,37.4623,东营市,胜利站,细颗粒物(PM2.5),79,62,61,58,39,21,,,,38,44,6,12,1.1,0.8
2024-12-13T0700,3734A,118.35,37.26,东营市,理想之城,,,,,,,33,,,,34,51,7,8,0.8,0.7
2024-12-13T0700,1591A,110.0023,39.8129,鄂尔多斯市,综合楼,颗粒物(PM10),54,58,166,9,21,65,,,,9,11,8,9,0.4,0.4
2024-12-13T0700,1592A,109.9486,39.8261,鄂尔多斯市,巴音孟克林场办事处,颗粒物(PM10),62,73,159,14,24,59,,,,10,10,5,6,0.3,0.3
2024-12-13T0700,1593A,109.7736,39.5986,鄂尔多斯市,康泽苑,颗粒物(PM10),104,158,147,36,28,56,,,,5,6,5,6,0.4,0.4
2024-12-13T0700,1594A,109.8119,39.5989,鄂尔多斯市,华泰汽车城,颗粒物(PM10),104,158,151,34,28,59,,,,5,6,5,5,0.3,0.3
2024-12-13T0700,1595A,109.9734,39.7884,鄂尔多斯市,奥林花园,颗粒物(PM10),58,66,167,9,25,61,,,,9,13,5,8,0.4,0.4
2024-12-13T0700,2436A,114.8938,30.3994,鄂州市,市政府,细颗粒物(PM2.5),119,110,97,90,83,39,,,,41,35,13,10,0.9,0.9
2024-12-13T0700,2437A,114.8989,30.3714,鄂州市,赵家坝,细颗粒物(PM2.5),129,104,97,98,86,57,,,,32,37,14,10,0.8,0.7
2024-12-13T0700,3654A,114.8094,30.4089,鄂州市,精准医疗中心,细颗粒物(PM2.5),128,108,89,97,82,42,,,,35,34,10,9,0.9,0.9
2024-12-13T0700,2454A,109.4978,30.2981,恩施土家族苗族自治州,湖北民院,细颗粒物(PM2.5),67,50,47,48,48,19,,,,5,15,7,7,0.6,0.6
2024-12-13T0700,2455A,109.4707,30.2798,恩施土家族苗族自治州,州电力总公司,细颗粒物(PM2.5),52,49,51,36,42,9,,,,20,20,7,7,0.6,0.6
2024-12-13T0700,3549A,109.5061,30.3772,恩施土家族苗族自治州,龙凤新区,,48,44,46,33,34,17,,,,10,13,6,6,0.6,0.6
2024-12-13T0700,2499A,108.3411,21.6158,防城港市,沙万,,29,25,37,20,31,42,,,,11,16,5,6,0.7,0.8
2024-12-13T0700,2500A,108.3514,21.7731,防城港市,防城档案局,,50,50,56,18,24,38,,,,19,22,6,7,0.5,0.6
2024-12-13T0700,2501A,108.3506,21.6414,防城港市,大海花园,,32,22,43,22,31,41,,,,16,21,4,5,0.5,0.6
2024-12-13T0700,1371A,113.1294,23.0067,佛山市,湾梁,,34,34,34,20,16,26,,,,27,35,9,9,0.9,0.9
2024-12-13T0700,1372A,113.1083,23.0478,佛山市,华材职中,,40,36,37,28,23,19,,,,33,38,10,10,0.7,0.7
2024-12-13T0700,1373A,113.144,23.0453,佛山市,南海气象局,,31,31,30,19,17,23,,,,25,34,11,10,0.7,0.7
2024-12-13T0700,1374A,113.2881,22.8094,佛山市,顺德苏岗,,29,29,35,19,15,21,,,,26,33,10,9,0.7,0.7
2024-12-13T0700,1376A,112.8383,22.8678,佛山市,高明孔堂,,39,37,39,27,22,30,,,,17,27,10,11,0.8,0.9
2024-12-13T0700,1377A,112.8836,23.1588,佛山市,三水监测站,,35,27,32,24,22,23,,,,21,25,8,11,0.6,0.7
2024-12-13T0700,1378A,112.867,23.185,佛山市,三水云东海,,32,26,28,22,23,23,,,,22,26,9,11,0.7,0.8
2024-12-13T0700,3625A,113.2544,22.7642,佛山市,容桂街道办,,29,29,33,19,18,18,,,,33,38,9,8,0.7,0.8
2024-12-13T0700,1282A,119.2681,26.0504,福州市,师大,,6,6,19,3,12,16,,,,12,21,2,4,0.6,0.8
2024-12-13T0700,1283A,119.2984,26.1028,福州市,五四北路,,19,19,21,3,12,8,,,,18,19,3,3,0.6,0.8
2024-12-13T0700,1284A,119.2648,26.0768,福州市,杨桥西路,,7,7,21,3,12,14,,,,13,19,3,3,0.5,0.6
2024-12-13T0700,1285A,119.317,26.0746,福州市,紫阳,,15,15,22,3,12,7,,,,18,20,2,4,0.7,0.8
2024-12-13T0700,3048A,119.5799,26.0936,福州市,九龙,,26,25,17,18,11,34,,,,8,13,4,3,0.5,0.5
2024-12-13T0700,3526A,119.5189,25.9664,福州市,吴航,,25,23,21,17,13,14,,,,26,15,3,4,0.7,0.5
2024-12-13T0700,1755A,123.7977,41.8491,抚顺市,望花区,细颗粒物(PM2.5),97,114,119,72,69,5,,,,47,52,3,8,1.5,1.4
2024-12-13T0700,1756A,123.9161,41.8822,抚顺市,顺城区,"颗粒物(PM10),细颗粒物(PM2.5)",77,103,113,56,66,12,,,,42,52,8,11,1.4,1.5
2024-12-13T0700,1757A,124.0436,41.8611,抚顺市,东洲区,细颗粒物(PM2.5),102,80,87,76,56,9,,,,38,44,5,8,1.2,1.2
2024-12-13T0700,1758A,123.9247,41.8642,抚顺市,新抚区,细颗粒物(PM2.5),99,105,109,74,66,5,,,,39,42,6,8,1.7,1.6
2024-12-13T0700,1759A,124.0972,41.8961,抚顺市,大伙房水库,细颗粒物(PM2.5),77,73,69,56,47,6,,,,42,41,8,11,1.1,1
2024-12-13T0700,1760A,123.7086,41.8391,抚顺市,沈抚新城,颗粒物(PM10),97,144,111,57,69,6,,,,36,47,6,12,1.3,1.5
2024-12-13T0700,2376A,116.2127,28.0814,抚州市,桐源党溪,细颗粒物(PM2.5),79,82,69,58,48,41,,,,9,9,5,6,0.9,0.8
2024-12-13T0700,2377A,116.3544,27.9831,抚州市,市站,细颗粒物(PM2.5),82,76,74,60,49,51,,,,17,16,13,8,1.2,1.2
2024-12-13T0700,2378A,116.3565,27.963,抚州市,血防站,细颗粒物(PM2.5),80,84,68,59,46,58,,,,13,13,10,7,0.9,0.9
2024-12-13T0700,2379A,116.3564,28.0007,抚州市,采茶剧团,细颗粒物(PM2.5),84,77,62,62,50,50,,,,16,15,3,4,1.1,1.1
2024-12-13T0700,2380A,116.385,27.9647,抚州市,医学分院,细颗粒物(PM2.5),82,82,62,60,43,51,,,,10,10,5,5,1.1,1
2024-12-13T0700,2207A,121.6094,41.998,阜新市,工业园区,颗粒物(PM10),92,134,112,28,53,6,,,,35,35,10,22,0.7,1
2024-12-13T0700,2208A,121.6697,42.0279,阜新市,长青街,颗粒物(PM10),53,56,77,36,42,6,,,,27,29,8,15,0.8,1
2024-12-13T0700,2209A,121.6673,42.0705,阜新市,农业园区,,13,9,45,9,26,37,,,,16,22,10,18,0.7,1
2024-12-13T0700,2210A,121.6717,42.0224,阜新市,东苑,颗粒物(PM10),54,57,76,31,39,7,,,,33,33,9,20,1.2,1
2024-12-13T0700,2211A,121.6506,42.0498,阜新市,玉龙新城,,39,39,91,21,48,8,,,,37,36,5,14,1.1,1.5
2024-12-13T0700,2301A,115.8277,32.8929,阜阳市,市监测站,细颗粒物(PM2.5),113,109,123,85,109,25,,,,29,35,6,8,0.8,0.8
2024-12-13T0700,2303A,115.8554,32.8605,阜阳市,开发区,细颗粒物(PM2.5),120,153,149,91,100,28,,,,24,30,8,10,0.8,0.8
2024-12-13T0700,2875A,115.784,32.8892,阜阳市,阜阳职业技术学院,细颗粒物(PM2.5),114,122,130,86,104,21,,,,28,35,7,9,0.8,0.8
2024-12-13T0700,3468A,115.7901,32.8613,阜阳市,市规划展馆,细颗粒物(PM2.5),125,127,135,95,104,23,,,,28,31,6,9,0.6,0.6
2024-12-13T0700,3469A,115.836,32.9183,阜阳市,枣园社区,细颗粒物(PM2.5),113,122,138,85,115,30,,,,25,35,7,8,0.6,0.6
2024-12-13T0700,2669A,102.9099,34.9841,甘南藏族自治州,州政府,,43,43,43,16,17,60,,,,14,16,5,6,0.5,0.5
2024-12-13T0700,3380A,102.8914,34.9617,甘南藏族自治州,甘肃民族师范学院,,37,37,27,17,13,60,,,,22,21,4,4,0.5,0.6
2024-12-13T0700,2570A,101.9603,30.0475,甘孜藏族自治州,水桥子,,20,14,12,3,5,62,,,,7,13,7,7,0.8,0.8
2024-12-13T0700,3065A,101.9533,29.9972,甘孜藏族自治州,州环保局,,20,6,12,3,5,64,,,,6,12,3,4,0.7,0.7
2024-12-13T0700,3414A,115.8347,28.932,赣江新区,桑海产业园,细颗粒物(PM2.5),99,100,106,74,83,23,,,,48,33,8,11,0.7,0.8
2024-12-13T0700,2362A,114.9017,25.9149,赣州市,通天岩,细颗粒物(PM2.5),98,74,49,73,41,29,,,,16,15,13,8,0.4,0.5
2024-12-13T0700,2363A,114.9367,25.8664,赣州市,地委,颗粒物(PM10),64,78,54,45,32,36,,,,20,18,10,11,0.8,0.8
2024-12-13T0700,2364A,114.9461,25.8481,赣州市,气象台,颗粒物(PM10),60,70,61,41,30,32,,,,28,24,11,9,0.8,0.8
2024-12-13T0700,2365A,114.9322,25.8333,赣州市,市图书馆,细颗粒物(PM2.5),57,60,49,40,32,30,,,,22,23,6,5,0.8,0.8
2024-12-13T0700,2366A,114.8905,25.8471,赣州市,华坚鞋城,细颗粒物(PM2.5),59,54,47,42,33,35,,,,14,17,7,5,0.7,0.7
2024-12-13T0700,3109A,115.0093,25.8613,赣州市,赣县区卫计委,细颗粒物(PM2.5),69,68,55,50,40,28,,,,15,14,7,4,0.6,0.5
2024-12-13T0700,2683A,106.2319,36.1417,固原市,马园,,45,45,77,20,24,29,,,,29,16,5,5,0.9,0.7
2024-12-13T0700,2684A,106.2792,36.0022,固原市,监测站,,43,43,41,22,23,47,,,,21,16,6,6,1.1,0.6
2024-12-13T0700,2685A,106.2375,36.0211,固原市,新区,,43,43,42,14,21,44,,,,28,15,3,4,0.5,0.4
2024-12-13T0700,3522A,106.2177,35.9959,固原市,原州区十五小,,35,35,36,15,23,68,,,,16,14,4,4,0.7,0.6
2024-12-13T0700,2544A,106.6303,30.4576,广安市,市委,细颗粒物(PM2.5),55,43,39,39,36,28,,,,14,17,2,3,0.6,0.6
2024-12-13T0700,2545A,106.6271,30.4663,广安市,友谊中学,,48,37,40,33,35,22,,,,18,22,2,2,0.7,0.7
2024-12-13T0700,2547A,106.6388,30.4551,广安市,广电花园,,42,40,37,29,33,15,,,,13,20,3,4,0.5,0.7
2024-12-13T0700,2902A,106.6351,30.4865,广安市,北辰小学,,50,44,40,35,35,22,,,,15,17,4,4,0.8,0.8
2024-12-13T0700,2523A,105.8945,32.4535,广元市,黑石坡,,34,34,39,21,33,64,,,,5,7,5,5,0.3,0.4
2024-12-13T0700,2524A,105.821,32.4444,广元市,老城,,34,34,46,18,31,75,,,,9,15,3,2,0.4,0.5
2024-12-13T0700,2526A,105.8628,32.4287,广元市,监测站,,40,31,43,28,37,79,,,,12,19,3,3,0.5,0.7
2024-12-13T0700,3617A,105.8047,32.4166,广元市,经开区,,30,30,43,21,33,70,,,,15,18,4,4,0.4,0.5
2024-12-13T0700,1345A,113.2347,23.1423,广州市,广雅中学,颗粒物(PM10),54,57,38,29,18,14,,,,36,36,10,9,0.7,0.8
2024-12-13T0700,1346A,113.2612,23.105,广州市,市五中,细颗粒物(PM2.5),53,49,36,37,21,24,,,,21,25,6,5,0.8,0.9
2024-12-13T0700,1348A,113.3478,23.0916,广州市,广东商学院,,48,48,31,32,16,30,,,,17,26,7,5,0.7,0.8
2024-12-13T0700,1349A,113.4332,23.1047,广州市,市八十六中,,48,48,34,33,18,32,,,,18,23,8,7,0.9,0.9
2024-12-13T0700,1350A,113.3505,22.9483,广州市,番禺中学,,50,50,34,28,15,35,,,,23,32,8,7,0.8,0.8
2024-12-13T0700,1351A,113.2146,23.3916,广州市,花都师范,,39,37,27,27,17,22,,,,22,24,9,9,0.7,0.8
2024-12-13T0700,1352A,113.2597,23.1331,广州市,市监测站,,48,48,35,32,18,22,,,,19,25,7,7,0.7,0.7
2024-12-13T0700,1353A,113.5618,23.312,广州市,九龙镇镇龙,,40,40,26,28,16,40,,,,12,21,6,7,0.7,0.8
2024-12-13T0700,1354A,113.2765,23.1544,广州市,麓湖,,50,50,35,34,20,19,,,,28,31,10,8,0.8,0.8
2024-12-13T0700,1355A,113.443,23.3035,广州市,帽峰山森林公园,,,27,19,,11,38,,,,13,17,8,7,0.8,0.8
2024-12-13T0700,2846A,113.3221,23.1322,广州市,体育西,细颗粒物(PM2.5),53,54,35,37,19,25,,,,13,19,6,5,0.9,0.9
2024-12-13T0700,3298A,113.5717,23.5491,广州市,从化街口,,39,39,24,26,15,39,,,,15,18,3,5,0.8,0.8
2024-12-13T0700,3299A,113.3472,23.3692,广州市,白云竹料,细颗粒物(PM2.5),53,48,26,37,19,31,,,,15,20,8,8,0.7,0.8
2024-12-13T0700,3300A,113.2981,23.237,广州市,白云嘉禾,颗粒物(PM10),51,52,37,32,18,29,,,,22,33,8,8,0.9,0.9
2024-12-13T0700,3301A,113.4256,23.1716,广州市,黄埔科学城,,49,44,26,34,18,36,,,,16,20,9,8,0.9,0.9
2024-12-13T0700,3302A,113.3942,23.0483,广州市,番禺大学城,,42,,26,29,14,32,,,,23,29,11,9,0.6,0.7
2024-12-13T0700,3303A,113.4922,22.8168,广州市,南沙黄阁,,36,30,35,25,17,30,,,,37,40,7,7,0.9,0.9
2024-12-13T0700,3304A,113.5342,22.7896,广州市,南沙街,,30,30,36,19,17,34,,,,27,35,5,7,0.8,0.9
2024-12-13T0700,3443A,113.2902,23.5544,广州市,花都梯面,,40,35,27,28,19,22,,,,16,18,11,9,0.8,0.7
2024-12-13T0700,3445A,113.7858,23.7478,广州市,从化良口,,38,34,19,26,14,43,,,,9,10,6,6,0.7,0.8
2024-12-13T0700,3446A,113.8051,23.2614,广州市,增城荔城,,28,25,18,19,13,48,,,,11,14,4,4,0.7,0.7
2024-12-13T0700,2506A,109.6047,23.0666,贵港市,江南子站,细颗粒物(PM2.5),58,48,51,41,36,45,,,,13,16,7,8,0.7,0.6
2024-12-13T0700,2507A,109.6014,23.0948,贵港市,贵城子站,细颗粒物(PM2.5),54,44,50,38,37,42,,,,14,19,7,8,0.8,0.8
2024-12-13T0700,2508A,109.5669,23.1065,贵港市,荷城子站,细颗粒物(PM2.5),52,44,54,36,34,45,,,,11,16,11,13,0.6,0.6
2024-12-13T0700,3405A,109.5886,23.1172,贵港市,新世纪学校,颗粒物(PM10),51,51,59,35,38,42,,,,11,16,10,12,0.7,0.6
2024-12-13T0700,1439A,106.6899,26.5998,贵阳市,马鞍山,,39,27,33,27,27,33,,,,12,14,6,7,0.4,0.3
2024-12-13T0700,1440A,106.6971,26.5694,贵阳市,市环保站,,46,,37,32,35,40,,,,9,17,6,7,0.4,0.4
2024-12-13T0700,1441A,106.6243,26.6266,贵阳市,鉴湖路,,42,29,34,29,30,24,,,,10,13,5,5,0.6,0.5
2024-12-13T0700,1442A,106.7487,26.6343,贵阳市,燕子冲,,42,,30,29,34,41,,,,7,10,7,7,0.4,0.4
2024-12-13T0700,1443A,106.6555,26.4365,贵阳市,碧云窝,,35,29,46,24,31,37,,,,12,24,8,10,0.5,0.5
2024-12-13T0700,1444A,106.694,26.5161,贵阳市,中院村,,42,,38,29,31,37,,,,9,16,9,11,0.5,0.6
2024-12-13T0700,1446A,106.7164,26.5699,贵阳市,新华路,,39,27,39,27,31,37,,,,11,14,6,8,0.4,0.4
2024-12-13T0700,1447A,106.674,26.5424,贵阳市,太慈桥,,35,27,38,24,30,36,,,,11,18,6,7,0.4,0.4
2024-12-13T0700,1862A,110.4144,25.3167,桂林市,电子科大尧山校区,,48,,34,33,29,63,,,,6,9,5,6,0.7,0.7
2024-12-13T0700,1863A,110.2819,25.2697,桂林市,监测站,细颗粒物(PM2.5),52,,47,36,49,52,,,,14,18,11,10,1.0,1
2024-12-13T0700,1864A,110.3089,25.2708,桂林市,龙隐路小学,细颗粒物(PM2.5),52,,40,36,39,54,,,,13,14,12,12,0.7,0.6
2024-12-13T0700,1865A,110.2869,25.2178,桂林市,八中,细颗粒物(PM2.5),53,,42,37,48,48,,,,13,15,10,10,0.8,0.7
2024-12-13T0700,3403A,110.1764,25.2381,桂林市,创业大厦,,42,29,49,29,44,44,,,,13,16,9,10,1.1,0.9
2024-12-13T0700,3531A,110.296,25.1253,桂林市,旅游学院,,35,,39,24,39,46,,,,14,18,8,10,0.8,0.7
2024-12-13T0700,2674A,100.2561,34.4714,果洛藏族自治州,玛沁县大武镇,,33,33,43,8,14,48,,,,3,4,4,8,0.4,0.5
2024-12-13T0700,1129A,126.5422,45.755,哈尔滨市,岭北,细颗粒物(PM2.5),149,130,92,114,78,20,,,,52,46,24,20,0,0.2
2024-12-13T0700,1130A,126.561,45.8167,哈尔滨市,松北商大,细颗粒物(PM2.5),109,114,73,82,53,9,,,,51,44,8,8,1.2,0.7
2024-12-13T0700,1131A,126.979,45.5419,哈尔滨市,阿城会宁,细颗粒物(PM2.5),132,124,105,100,82,8,,,,39,36,12,12,1.3,1
2024-12-13T0700,1132A,126.599,45.7222,哈尔滨市,南岗学府路,细颗粒物(PM2.5),94,97,82,70,58,6,,,,59,42,7,10,1.0,0.8
2024-12-13T0700,1133A,126.689,45.7733,哈尔滨市,太平宏伟公园,细颗粒物(PM2.5),137,137,80,104,65,3,,,,67,46,10,10,1.3,0.9
2024-12-13T0700,1134A,126.635,45.7667,哈尔滨市,道外承德广场,细颗粒物(PM2.5),98,99,72,73,51,7,,,,63,44,11,10,1.4,0.9
2024-12-13T0700,1135A,126.685,45.7319,哈尔滨市,香坊红旗大街,细颗粒物(PM2.5),203,300,107,153,80,13,,,,67,47,26,21,2.1,1
2024-12-13T0700,1136A,126.6411,45.7258,哈尔滨市,动力和平路,细颗粒物(PM2.5),113,87,76,85,62,3,,,,59,41,9,12,1.2,0.7
2024-12-13T0700,1137A,126.593,45.7478,哈尔滨市,道里建国路,细颗粒物(PM2.5),105,87,75,79,67,8,,,,57,42,11,12,0.9,0.8
2024-12-13T0700,1138A,126.615,45.61,哈尔滨市,平房东轻厂,细颗粒物(PM2.5),158,134,91,120,74,7,,,,62,52,13,15,1.3,0.9
2024-12-13T0700,1139A,126.595,45.9855,哈尔滨市,呼兰师专,细颗粒物(PM2.5),135,,72,103,69,11,,,,54,41,8,9,1.3,1
2024-12-13T0700,1140A,126.6206,45.6842,哈尔滨市,省农科院,细颗粒物(PM2.5),232,182,111,182,96,10,,,,83,56,10,10,2.4,1.3
2024-12-13T0700,2688A,93.5128,42.8172,哈密市,地区监测站,颗粒物(PM10),69,87,63,33,36,45,,,,21,28,3,3,0.4,0.5
2024-12-13T0700,2689A,93.4961,42.8328,哈密市,哈密师范学校,颗粒物(PM10),64,77,64,41,41,17,,,,48,40,4,6,1.2,0.8
2024-12-13T0700,2671A,100.9048,36.9639,海北藏族自治州,海晏县西海镇,细颗粒物(PM2.5),57,46,54,40,39,56,,,,24,21,16,16,0.7,0.9
2024-12-13T0700,3867A,102.0738,36.5056,海东市,平安区公安北苑,,50,43,51,35,33,51,,,,10,18,8,18,0.6,0.6
2024-12-13T0700,1409A,110.576,19.9507,海口市,东寨港,,30,30,34,13,15,46,,,,8,7,10,12,1.0,0.9
2024-12-13T0700,1410A,110.3232,20.0574,海口市,海南大学,,40,40,44,24,26,57,,,,14,15,6,6,0.7,0.7
2024-12-13T0700,1411A,110.283,20.0053,海口市,秀英海南医院,,37,37,43,23,26,57,,,,15,15,5,5,0.6,0.6
2024-12-13T0700,1412A,110.338,19.9969,海口市,海南师范大学,,37,37,41,22,24,59,,,,14,13,6,5,0.6,0.6
2024-12-13T0700,1413A,110.33,20.0356,海口市,龙华路环保局宿舍,,38,38,43,22,24,59,,,,12,12,6,6,0.6,0.6
2024-12-13T0700,3539A,110.5111,19.9736,海口市,桂林洋子站,,39,39,40,22,23,54,,,,13,11,7,6,0.6,0.5
2024-12-13T0700,2673A,100.6188,36.2866,海南藏族自治州,共和县恰卜恰镇,,37,37,42,17,13,30,,,,21,15,8,8,0.6,0.5
2024-12-13T0700,2676A,97.3731,37.3753,海西蒙古族藏族自治州,德令哈市,,35,29,44,24,14,83,,,,2,9,18,17,0.4,0.5
2024-12-13T0700,1048A,114.5302,36.6116,邯郸市,东污水处理厂,颗粒物(PM10),71,91,105,12,74,60,,,,8,40,2,5,0.3,0.8
2024-12-13T0700,1049A,114.4918,36.5713,邯郸市,矿院,颗粒物(PM10),59,68,110,12,70,56,,,,6,39,3,4,0.3,0.8
2024-12-13T0700,1050A,114.484,36.6133,邯郸市,丛台公园,颗粒物(PM10),64,78,104,14,76,59,,,,7,36,2,6,0.3,0.8
2024-12-13T0700,3458A,114.7895,36.5593,邯郸市,香泉濮院小区,颗粒物(PM10),90,130,123,11,76,55,,,,7,34,3,4,0.3,0.7
2024-12-13T0700,3579A,114.50634,36.77178,邯郸市,永年区实验高中,颗粒物(PM10),79,108,132,14,78,58,,,,8,46,3,9,0.2,0.7
2024-12-13T0700,3580A,114.20016,36.44293,邯郸市,峰峰矿区临水派出所,颗粒物(PM10),93,135,120,11,72,65,,,,17,57,7,13,0.4,1.2
2024-12-13T0700,2634A,106.9893,33.1842,汉中市,汉川机床厂子校,,29,16,37,6,28,90,,,,5,12,6,7,0.4,0.6
2024-12-13T0700,2635A,107.0154,33.0706,汉中市,市监测站,,25,,46,17,39,62,,,,21,22,6,6,0.5,0.7
2024-12-13T0700,2636A,107.0089,33.1138,汉中市,鑫源开发区,,26,19,51,17,45,82,,,,15,22,8,6,0.5,0.7
2024-12-13T0700,2637A,107.007,33.0323,汉中市,南郑大河坎水厂,,32,28,58,22,43,44,,,,24,22,3,4,0.7,0.8
2024-12-13T0700,1223A,120.2072,30.2111,杭州市,滨江,,39,32,67,27,54,35,,,,28,46,7,8,0.5,0.8
2024-12-13T0700,1224A,120.0633,30.2747,杭州市,西溪,,45,45,66,27,43,14,,,,35,45,6,7,0.7,0.7
2024-12-13T0700,1226A,120.3461,30.3153,杭州市,下沙,,40,,56,28,55,39,,,,30,53,6,6,0.7,1
2024-12-13T0700,1227A,120.1269,30.2456,杭州市,卧龙桥,,46,46,66,32,46,20,,,,27,38,7,8,0.7,0.8
2024-12-13T0700,1228A,120.1903,30.2692,杭州市,浙江农大,,43,36,61,30,47,16,,,,37,55,4,5,0.6,0.8
2024-12-13T0700,1230A,120.1197,30.3119,杭州市,和睦小学,细颗粒物(PM2.5),52,43,63,36,48,28,,,,32,52,5,6,0.6,0.7
2024-12-13T0700,1231A,120.3019,30.4183,杭州市,临平镇,,40,38,77,28,53,40,,,,29,49,6,6,0.5,0.9
2024-12-13T0700,1232A,120.2697,30.1819,杭州市,城厢镇,,42,40,75,29,51,39,,,,35,56,6,6,0.4,0.6
2024-12-13T0700,1233A,120.0883,30.1808,杭州市,云栖,,43,43,63,30,43,27,,,,24,35,6,6,0.5,0.7
2024-12-13T0700,3557A,119.9464,30.0494,杭州市,镇二中,,33,29,52,23,57,32,,,,23,31,6,6,0.7,0.9
2024-12-13T0700,3558A,119.7183,30.2367,杭州市,市府大楼,,42,42,66,29,52,36,,,,29,38,7,7,0.6,0.8
2024-12-13T0700,3656A,120.1556,30.2864,杭州市,消防大队,,50,46,70,35,52,31,,,,32,49,8,8,0.4,0.6
2024-12-13T0700,1270A,117.1959,31.7848,合肥市,明珠广场,细颗粒物(PM2.5),132,129,84,100,58,11,,,,38,43,8,8,0.8,0.8
2024-12-13T0700,1271A,117.3072,31.8764,合肥市,三里街,细颗粒物(PM2.5),104,105,75,78,49,8,,,,43,45,7,7,0.7,0.4
2024-12-13T0700,1272A,117.2588,31.8707,合肥市,琥珀山庄,细颗粒物(PM2.5),110,110,75,83,54,13,,,,44,47,4,5,0.7,0.7
2024-12-13T0700,1273A,117.1604,31.9052,合肥市,董铺水库,细颗粒物(PM2.5),79,95,81,58,45,13,,,,34,37,4,4,0.6,0.5
2024-12-13T0700,1274A,117.25,31.8571,合肥市,长江中路,细颗粒物(PM2.5),122,117,78,92,58,11,,,,44,43,6,6,0.9,0.8
2024-12-13T0700,1275A,117.266,31.9436,合肥市,庐阳区,细颗粒物(PM2.5),94,107,82,70,47,13,,,,43,50,3,4,0.9,0.8
2024-12-13T0700,1276A,117.336,31.8586,合肥市,瑶海区,细颗粒物(PM2.5),103,112,77,77,48,14,,,,48,49,5,6,0.6,0.6
2024-12-13T0700,1277A,117.3027,31.7964,合肥市,包河区,细颗粒物(PM2.5),100,105,78,75,50,4,,,,49,55,3,3,0.7,0.6
2024-12-13T0700,1278A,117.2776,31.7385,合肥市,滨湖新区,细颗粒物(PM2.5),104,119,84,78,48,7,,,,40,41,6,6,0.5,0.5
2024-12-13T0700,1279A,117.1318,31.8403,合肥市,高新区,细颗粒物(PM2.5),147,134,79,112,55,32,,,,32,47,1,1,0.8,0.7
2024-12-13T0700,3464A,117.3803,31.9147,合肥市,高教基地,细颗粒物(PM2.5),104,105,65,78,47,6,,,,47,42,7,7,0.7,0.6
2024-12-13T0700,3614A,79.924,37.0877,和田地区,地区环保局,颗粒物(PM10),71,92,107,47,55,35,,,,19,22,14,12,1.1,1.1
2024-12-13T0700,3615A,79.9131,37.113,和田地区,市环保局,细颗粒物(PM2.5),88,114,74,65,40,10,,,,56,30,10,8,1.6,1.2
2024-12-13T0700,2516A,108.2011,24.715,河池市,东仁乐园,细颗粒物(PM2.5),52,,36,36,36,64,,,,5,6,9,8,0.7,0.7
2024-12-13T0700,2517A,108.0497,24.6947,河池市,市环保站,,50,,29,35,29,66,,,,9,10,9,8,0.5,0.5
2024-12-13T0700,2518A,108.0983,24.6989,河池市,市疾控中心,,45,,27,31,27,70,,,,10,10,10,11,0.5,0.5
2024-12-13T0700,1696A,114.6778,23.7569,河源市,源西,,36,26,20,25,17,37,,,,23,31,5,6,0.8,0.7
2024-12-13T0700,1697A,114.6944,23.7586,河源市,东埔,,40,30,23,28,20,43,,,,13,13,4,5,0.8,0.8
2024-12-13T0700,1698A,114.6892,23.7233,河源市,老城,,38,,23,26,19,40,,,,15,15,4,5,0.7,0.8
2024-12-13T0700,1718A,115.4208,35.2464,菏泽市,气象局,细颗粒物(PM2.5),104,123,124,78,80,21,,,,46,44,4,4,0.8,0.7
2024-12-13T0700,1719A,115.4747,35.2375,菏泽市,市政协,细颗粒物(PM2.5),104,152,120,78,80,24,,,,49,50,7,8,0.9,0.8
2024-12-13T0700,3374A,115.5564,35.0891,菏泽市,定陶老年大学,细颗粒物(PM2.5),104,127,121,78,89,20,,,,51,47,11,10,0.8,0.7
2024-12-13T0700,3647A,115.4702,35.2706,菏泽市,菏泽医专,细颗粒物(PM2.5),104,135,124,78,75,17,,,,55,55,8,10,1.1,1
2024-12-13T0700,2514A,111.5264,24.4172,贺州市,环保小区,,33,28,49,23,47,29,,,,17,20,4,5,0.8,0.7
2024-12-13T0700,2515A,111.5608,24.4078,贺州市,政协大楼,,39,39,61,19,37,31,,,,13,16,5,6,0.8,0.7
2024-12-13T0700,3534A,111.4744,24.4553,贺州市,西湾,,40,,62,28,49,35,,,,14,16,5,6,0.7,0.7
2024-12-13T0700,2385A,114.17,35.9019,鹤壁市,市监测站,颗粒物(PM10),51,52,125,11,81,70,,,,1,33,1,4,0,0.6
2024-12-13T0700,2386A,114.2956,35.7511,鹤壁市,市交警支队,颗粒物(PM10),55,60,124,15,84,66,,,,5,37,1,5,0.1,0.8
2024-12-13T0700,2387A,114.2878,35.7306,鹤壁市,迎宾馆,颗粒物(PM10),59,67,135,16,86,67,,,,5,37,3,12,0.1,0.6
2024-12-13T0700,3474A,114.2617,35.6822,鹤壁市,大新区,,40,40,112,3,99,70,,,,10,49,3,6,0.0,0.7
2024-12-13T0700,3596A,114.1572,35.9603,鹤壁市,南山宾馆,颗粒物(PM10),51,52,108,13,76,72,,,,2,29,3,3,0,0.3
2024-12-13T0700,2244A,130.2537,47.3416,鹤岗市,哈啤分公司,,33,28,24,23,22,53,,,,8,8,14,14,0.6,0.6
2024-12-13T0700,2245A,130.2684,47.3086,鹤岗市,斯达机电,,30,23,25,21,19,56,,,,13,14,14,15,0.4,0.4
2024-12-13T0700,2246A,130.3114,47.3388,鹤岗市,东山纸板厂,,40,28,22,28,23,50,,,,13,15,12,13,0.6,0.6
2024-12-13T0700,2247A,130.1097,47.3382,鹤岗市,五号水库,,24,21,20,14,12,74,,,,5,5,9,9,0.5,0.5
2024-12-13T0700,2263A,127.4833,50.2524,黑河市,交通局,,23,,18,16,14,64,,,,8,15,7,6,0.4,0.4
2024-12-13T0700,2264A,127.5144,50.2341,黑河市,环保局,,21,19,14,9,11,66,,,,4,7,4,4,0.2,0.3
2024-12-13T0700,2265A,127.5291,50.2472,黑河市,大黑河岛,,,6,8,,,60,,,,5,8,3,2,0.6,0.6
2024-12-13T0700,1074A,115.6838,37.7541,衡水市,电机北厂,细颗粒物(PM2.5),119,127,98,90,67,2,,,,49,44,16,11,0.9,0.7
2024-12-13T0700,1075A,115.6303,37.7316,衡水市,市监测站,细颗粒物(PM2.5),120,100,91,91,66,2,,,,58,56,4,7,0.9,0.7
2024-12-13T0700,3188A,115.6683,37.7217,衡水市,市城管局,细颗粒物(PM2.5),119,101,93,90,61,4,,,,53,52,5,7,0.9,0.8
2024-12-13T0700,3459A,115.5989,37.5491,衡水市,地表水厂,细颗粒物(PM2.5),115,89,93,87,72,4,,,,50,47,4,10,1.0,0.8
2024-12-13T0700,2456A,112.5003,26.9167,衡阳市,原169医院,细颗粒物(PM2.5),79,75,64,58,50,41,,,,19,19,9,7,1.0,0.9
2024-12-13T0700,2457A,112.6194,26.9258,衡阳市,衡阳化工总厂,细颗粒物(PM2.5),109,,72,82,72,45,,,,17,20,8,7,0.7,0.8
2024-12-13T0700,2458A,112.6211,26.8956,衡阳市,珠晖区环保局,细颗粒物(PM2.5),108,,69,81,70,48,,,,18,22,11,9,0.8,0.8
2024-12-13T0700,2459A,112.6197,26.8733,衡阳市,市委党校,细颗粒物(PM2.5),107,82,69,80,71,47,,,,21,21,13,12,1.0,0.9
2024-12-13T0700,2460A,112.6006,26.8919,衡阳市,市监测站,细颗粒物(PM2.5),128,106,94,97,81,49,,,,18,20,10,7,0.8,0.9
2024-12-13T0700,2461A,112.5664,26.9056,衡阳市,真空机电公司,细颗粒物(PM2.5),112,86,74,84,75,48,,,,20,22,8,5,0.7,0.7
2024-12-13T0700,3399A,112.6703,26.882,衡阳市,师范学院,细颗粒物(PM2.5),99,103,83,74,62,44,,,,18,21,12,11,0.8,0.8
2024-12-13T0700,2608A,103.3772,23.3993,红河哈尼族彝族自治州,污水处理厂,,20,15,27,14,24,28,,,,9,7,9,9,0.6,0.6
2024-12-13T0700,2609A,103.3861,23.35,红河哈尼族彝族自治州,监测站,,28,,26,19,25,46,,,,6,9,4,7,0.7,0.7
2024-12-13T0700,3038A,103.3758,23.368,红河哈尼族彝族自治州,州图书馆,,16,,16,11,14,42,,,,4,7,6,8,0.5,0.6
2024-12-13T0700,1090A,111.6507,40.7517,呼和浩特市,呼市一监,,46,46,97,13,26,48,,,,18,21,7,10,0.3,0.5
2024-12-13T0700,1091A,111.6572,40.8033,呼和浩特市,小召,,27,27,83,8,27,65,,,,9,23,8,10,0.2,0.5
2024-12-13T0700,1094A,111.7516,40.8369,呼和浩特市,如意水处理厂,,36,36,63,9,23,41,,,,13,19,7,8,0.2,0.4
2024-12-13T0700,1095A,111.7276,40.8062,呼和浩特市,二十九中,,38,38,93,8,27,61,,,,7,22,6,8,0.5,0.7
2024-12-13T0700,1096A,111.5512,40.7866,呼和浩特市,工大金川校区,颗粒物(PM10),56,62,89,13,30,32,,,,35,21,5,6,0.4,0.5
2024-12-13T0700,1097A,111.717,40.7612,呼和浩特市,化肥厂生活区,,34,34,80,7,25,57,,,,2,15,6,8,0.4,0.5
2024-12-13T0700,3698A,111.5968,40.8178,呼和浩特市,红旗小学,,29,29,74,10,27,53,,,,11,24,2,5,0.3,0.5
2024-12-13T0700,3699A,111.6518,40.8389,呼和浩特市,海东办,,27,27,75,8,24,50,,,,22,28,8,8,0.4,0.6
2024-12-13T0700,2192A,119.7594,49.2261,呼伦贝尔市,区环保局,,46,44,58,32,40,4,,,,51,50,6,7,0.6,0.7
2024-12-13T0700,3061A,119.7512,49.1577,呼伦贝尔市,国华电力东,,30,30,33,19,23,40,,,,15,11,4,4,0.3,0.4
2024-12-13T0700,1250A,120.0751,30.8669,湖州市,城西水厂,细颗粒物(PM2.5),83,86,89,61,67,10,,,,40,48,7,8,1.2,1
2024-12-13T0700,2873A,120.0875,30.8955,湖州市,仁皇山新区,细颗粒物(PM2.5),88,80,83,65,70,9,,,,44,52,7,7,1.1,1
2024-12-13T0700,2907A,120.1844,30.8596,湖州市,吴兴区站,细颗粒物(PM2.5),85,82,91,63,65,4,,,,44,54,6,8,0.9,0.9
2024-12-13T0700,3562A,120.4148,30.8538,湖州市,南浔区站,细颗粒物(PM2.5),57,58,64,40,48,14,,,,47,48,5,7,0.7,0.8
2024-12-13T0700,1607A,120.9092,40.7136,葫芦岛市,龙港区,细颗粒物(PM2.5),77,85,101,56,69,17,,,,53,58,42,70,1.3,1.4
2024-12-13T0700,1608A,120.8392,40.7514,葫芦岛市,化工街,颗粒物(PM10),70,90,108,48,61,7,,,,55,59,43,48,1.3,1.4
2024-12-13T0700,1609A,120.8341,40.7073,葫芦岛市,新区,细颗粒物(PM2.5),70,68,86,51,64,6,,,,53,58,21,41,1.6,1.6
2024-12-13T0700,1610A,120.8695,40.7677,葫芦岛市,东城区,细颗粒物(PM2.5),82,81,89,60,66,8,,,,46,49,36,28,1.4,1.4
2024-12-13T0700,2482A,109.5981,27.5721,怀化市,林科所,细颗粒物(PM2.5),75,,44,55,46,44,,,,18,17,49,17,0.7,0.6
2024-12-13T0700,2483A,109.9453,27.5444,怀化市,河西地税局,细颗粒物(PM2.5),74,90,82,54,50,40,,,,19,15,10,12,0.6,0.6
2024-12-13T0700,2484A,109.9781,27.5342,怀化市,市四医院,细颗粒物(PM2.5),82,86,79,60,52,43,,,,14,15,13,12,0.5,0.6
2024-12-13T0700,2485A,109.9972,27.5578,怀化市,监测楼,细颗粒物(PM2.5),68,78,71,49,46,44,,,,21,20,6,4,0.6,0.6
2024-12-13T0700,2486A,110.0394,27.583,怀化市,市委党校,细颗粒物(PM2.5),82,96,79,60,51,43,,,,14,14,7,8,0.4,0.4
2024-12-13T0700,1210A,119.036,33.5981,淮安市,钵池山,细颗粒物(PM2.5),52,46,48,36,35,29,,,,35,31,6,5,0.6,0.7
2024-12-13T0700,1211A,119.007,33.575,淮安市,北京南路,细颗粒物(PM2.5),57,56,44,40,32,0,,,,52,30,11,8,0.6,0.5
2024-12-13T0700,1212A,118.989,33.6067,淮安市,市监测站,细颗粒物(PM2.5),77,75,51,56,41,1,,,,53,35,11,6,0.5,0.4
2024-12-13T0700,1213A,119.135,33.5039,淮安市,楚州区监测站,细颗粒物(PM2.5),52,51,46,36,29,0,,,,57,34,6,7,0.5,0.4
2024-12-13T0700,1214A,119.0186,33.6297,淮安市,淮阴区监测站,"颗粒物(PM10),细颗粒物(PM2.5)",62,73,59,44,36,2,,,,56,39,12,8,0.6,0.5
2024-12-13T0700,3426A,118.8755,33.2894,淮安市,新华书店,细颗粒物(PM2.5),58,58,50,41,31,32,,,,30,32,7,8,0.6,0.5
2024-12-13T0700,2282A,116.8004,33.975,淮北市,监测站,细颗粒物(PM2.5),147,129,90,112,59,31,,,,34,35,5,6,0.8,0.7
2024-12-13T0700,2283A,116.8091,33.9007,淮北市,烈山区政府,细颗粒物(PM2.5),172,171,98,130,64,17,,,,58,44,5,6,0.7,0.6
2024-12-13T0700,3330A,116.8873,33.9836,淮北市,杜集区检察院,细颗粒物(PM2.5),147,151,93,112,59,15,,,,49,35,3,4,0.7,0.6
2024-12-13T0700,4017A,116.7923,33.9535,淮北市,市博物馆,细颗粒物(PM2.5),158,152,94,120,63,9,,,,61,45,6,7,1.0,0.9
2024-12-13T0700,2277A,116.8305,32.7727,淮南市,潘集区政府,细颗粒物(PM2.5),170,169,115,129,86,34,,,,36,39,8,10,0.8,0.7
2024-12-13T0700,2278A,117.0067,32.6524,淮南市,师范学院,细颗粒物(PM2.5),188,166,112,141,73,27,,,,39,38,6,6,0.9,0.8
2024-12-13T0700,2279A,116.8569,32.5951,淮南市,谢家集区政府,细颗粒物(PM2.5),144,157,94,110,67,32,,,,34,34,8,10,0.8,0.7
2024-12-13T0700,2280A,116.8281,32.633,淮南市,八公山区政府,细颗粒物(PM2.5),150,147,100,115,70,45,,,,23,34,10,11,0.8,0.8
2024-12-13T0700,2281A,116.6325,32.6201,淮南市,焦岗湖风景区管理处,细颗粒物(PM2.5),130,113,91,99,66,27,,,,27,43,6,8,0.5,0.5
2024-12-13T0700,2894A,117.0566,32.6531,淮南市,经济技术开发区消防队,细颗粒物(PM2.5),160,153,108,122,72,36,,,,37,35,9,7,0.7,0.6
2024-12-13T0700,3329A,117.0108,32.5893,淮南市,山南新区,细颗粒物(PM2.5),163,145,96,124,67,36,,,,33,29,8,6,0.7,0.6
2024-12-13T0700,2446A,114.9028,30.4742,黄冈市,职工中心,细颗粒物(PM2.5),113,108,104,85,82,53,,,,31,34,12,12,0.5,0.5
2024-12-13T0700,2929A,114.8858,30.4519,黄冈市,红卫路,细颗粒物(PM2.5),104,100,97,78,77,55,,,,28,31,7,8,0.5,0.6
2024-12-13T0700,3398A,114.9136,30.4445,黄冈市,市林业局,细颗粒物(PM2.5),110,100,95,83,77,65,,,,15,21,12,11,0.7,0.8
2024-12-13T0700,2672A,102.0199,35.5102,黄南藏族自治州,同仁县隆务镇,,49,43,53,34,43,71,,,,10,10,9,8,0.5,0.7
2024-12-13T0700,2295A,118.2903,29.6963,黄山市,延安路89号,,42,,52,29,43,54,,,,8,15,7,8,0.3,0.4
2024-12-13T0700,2296A,118.327,29.7178,黄山市,黄山东路89号,细颗粒物(PM2.5),59,49,70,42,48,53,,,,9,12,5,6,0.4,0.5
2024-12-13T0700,2297A,118.1371,30.2756,黄山市,黄山区政府5号楼,细颗粒物(PM2.5),65,64,67,47,50,24,,,,17,20,7,7,0.7,0.7
2024-12-13T0700,2423A,115.0601,30.2313,黄石市,沈家营,细颗粒物(PM2.5),114,113,94,86,70,57,,,,24,27,14,10,0.9,0.9
2024-12-13T0700,2424A,115.0817,30.2006,黄石市,陈家湾,细颗粒物(PM2.5),135,110,103,103,88,59,,,,22,27,12,10,1.0,1
2024-12-13T0700,2426A,114.8988,30.2019,黄石市,铁山,细颗粒物(PM2.5),122,102,92,92,88,42,,,,36,42,6,5,0.6,0.9
2024-12-13T0700,2427A,115.0307,30.2092,黄石市,团城山,细颗粒物(PM2.5),119,103,93,90,78,57,,,,25,30,8,10,0.8,0.8
2024-12-13T0700,3149A,115.0235,30.1578,黄石市,笔架山北路,细颗粒物(PM2.5),117,96,91,88,85,67,,,,24,42,11,11,0.9,1
2024-12-13T0700,1392A,114.4183,23.0528,惠州市,河南岸金山湖子站,,40,38,25,28,15,39,,,,11,13,8,8,0.6,0.6
2024-12-13T0700,1393A,114.4053,23.0822,惠州市,下埔横江三路子站,,43,39,26,30,16,39,,,,12,13,7,7,0.6,0.6
2024-12-13T0700,1394A,114.4103,23.1142,惠州市,江北云山西路子站,,43,40,26,30,16,37,,,,14,16,6,7,0.8,0.8
2024-12-13T0700,1395A,114.4645,22.7833,惠州市,惠阳区承修路船湖子站,,48,48,29,26,14,39,,,,8,13,9,9,0.6,0.7
2024-12-13T0700,1396A,114.5317,22.7422,惠州市,大亚湾管委会子站,,37,37,24,24,14,45,,,,10,18,8,8,0.7,0.8
2024-12-13T0700,3314A,114.4338,22.8134,惠州市,惠阳秋长,,39,,21,27,15,44,,,,10,12,11,11,0.6,0.6
2024-12-13T0700,3452A,114.6517,22.775,惠州市,大亚湾霞涌,,43,,25,30,15,42,,,,10,12,7,7,0.7,0.7
2024-12-13T0700,2240A,130.9762,45.3001,鸡西市,环保局,,29,26,21,20,17,50,,,,2,5,7,6,0.6,0.5
2024-12-13T0700,2243A,130.9429,45.3039,鸡西市,第一中学,,32,30,23,22,16,54,,,,9,7,6,6,0.4,0.4
2024-12-13T0700,3707A,131.0207,45.3073,鸡西市,欧美日汽修厂,细颗粒物(PM2.5),57,,32,40,30,48,,,,22,18,25,22,0.5,0.7
2024-12-13T0700,3709A,130.9967,45.3106,鸡西市,市政设施管理处,,35,29,27,24,17,48,,,,16,16,6,5,0.5,0.5
2024-12-13T0700,2367A,114.9754,27.0803,吉安市,红声器材厂,细颗粒物(PM2.5),74,73,75,54,51,46,,,,30,32,17,15,0.7,0.7
2024-12-13T0700,2368A,114.9658,27.0999,吉安市,市森林工业局,细颗粒物(PM2.5),68,69,67,49,50,46,,,,29,31,17,15,0.8,0.7
2024-12-13T0700,2369A,114.99,27.1312,吉安市,市环境监测站,细颗粒物(PM2.5),73,75,74,53,54,48,,,,25,27,24,23,0.7,0.8
2024-12-13T0700,2370A,115.0093,27.0968,吉安市,青原区法院,细颗粒物(PM2.5),72,81,77,52,50,48,,,,27,32,15,15,0.7,0.8
2024-12-13T0700,1772A,126.54,43.8622,吉林市,哈达湾,,50,48,41,35,31,12,,,,46,29,7,8,0.9,0.7
2024-12-13T0700,1773A,126.5844,43.8358,吉林市,东局子,颗粒物(PM10),55,59,47,36,29,6,,,,44,29,5,7,1.2,0.8
2024-12-13T0700,1774A,126.5052,43.8245,吉林市,电力学院,细颗粒物(PM2.5),70,58,54,51,46,10,,,,40,36,8,11,1.1,1.3
2024-12-13T0700,1775A,126.6133,43.8972,吉林市,江北,细颗粒物(PM2.5),155,178,61,118,38,21,,,,79,34,10,12,1.3,0.9
2024-12-13T0700,1776A,126.555,43.8306,吉林市,江南公园,,45,42,54,31,38,6,,,,47,33,8,10,0.9,0.8
2024-12-13T0700,1778A,126.7061,43.7133,吉林市,丰满,,32,27,22,22,19,39,,,,11,9,8,9,0.4,0.4
2024-12-13T0700,2868A,126.4739,43.953,吉林市,九站,细颗粒物(PM2.5),170,156,74,129,57,11,,,,52,42,10,8,1.5,1
2024-12-13T0700,1299A,116.9862,36.6114,济南市,科干所,细颗粒物(PM2.5),102,90,76,76,44,11,,,,56,45,4,9,0.9,0.7
2024-12-13T0700,1300A,116.9376,36.665,济南市,农科所,细颗粒物(PM2.5),85,93,89,63,42,7,,,,51,53,5,11,1.1,1
2024-12-13T0700,1301A,117.1265,36.6734,济南市,开发区,细颗粒物(PM2.5),77,56,77,56,47,9,,,,56,50,4,8,0.9,0.7
2024-12-13T0700,1303A,117.0624,36.6868,济南市,省种子仓库,细颗粒物(PM2.5),89,80,91,66,47,5,,,,52,47,3,9,0.9,0.9
2024-12-13T0700,1304A,116.9489,36.6447,济南市,机床二厂,细颗粒物(PM2.5),104,90,99,78,51,9,,,,49,49,4,18,1.0,1.1
2024-12-13T0700,1305A,117.0495,36.663,济南市,市监测站,细颗粒物(PM2.5),98,76,75,73,44,8,,,,54,44,3,8,0.8,0.7
2024-12-13T0700,1306A,116.7675,36.5484,济南市,长清党校,细颗粒物(PM2.5),104,100,82,78,56,11,,,,53,49,5,9,0.9,0.8
2024-12-13T0700,1616A,117.6795,36.229,济南市,技术学院,细颗粒物(PM2.5),79,68,92,58,64,13,,,,44,52,7,14,1.0,1.4
2024-12-13T0700,1961A,117.532,36.6868,济南市,东山小学,细颗粒物(PM2.5),80,73,73,59,39,11,,,,51,48,5,8,0.7,0.7
2024-12-13T0700,3059A,117.7161,36.2049,济南市,泰兴公司,细颗粒物(PM2.5),77,80,101,56,69,8,,,,50,54,8,14,0.8,1.2
2024-12-13T0700,3064A,117.6867,36.2171,济南市,莱芜战役纪念馆,细颗粒物(PM2.5),85,88,107,63,63,12,,,,41,53,6,12,0.8,1.3
2024-12-13T0700,3494A,117.1673,36.9782,济南市,济阳区政府,细颗粒物(PM2.5),80,76,93,59,49,6,,,,55,63,8,12,0.6,0.6
2024-12-13T0700,3495A,117.1171,36.63,济南市,锦屏中学,细颗粒物(PM2.5),68,51,56,49,39,11,,,,56,37,4,6,0.8,0.6
2024-12-13T0700,3682A,116.9814,36.6819,济南市,济南四建,细颗粒物(PM2.5),95,80,82,71,46,3,,,,55,49,2,9,0.9,0.9
2024-12-13T0700,1653A,116.6251,35.4302,济宁市,火炬城,细颗粒物(PM2.5),122,109,84,92,58,9,,,,62,48,9,10,0.9,0.9
2024-12-13T0700,1655A,116.5491,35.4042,济宁市,电化厂,细颗粒物(PM2.5),128,174,121,97,70,6,,,,74,68,14,17,1.0,0.9
2024-12-13T0700,3500A,116.5814,35.3707,济宁市,北湖一中,细颗粒物(PM2.5),122,121,82,92,53,5,,,,69,49,10,9,0.9,0.8
2024-12-13T0700,3501A,116.8249,35.5593,济宁市,服务中心,细颗粒物(PM2.5),110,138,123,83,71,8,,,,58,54,12,16,0.9,0.9
2024-12-13T0700,3678A,116.5907,35.4054,济宁市,市第七中学,细颗粒物(PM2.5),128,116,82,97,55,9,,,,62,46,7,8,1.1,0.9
2024-12-13T0700,2255A,130.2751,46.8028,佳木斯市,佳纺,,38,30,37,26,26,44,,,,23,17,13,14,0.7,0.6
2024-12-13T0700,2256A,130.3995,46.8307,佳木斯市,发电厂,,22,15,16,15,15,47,,,,17,12,15,8,0.5,0.4
2024-12-13T0700,2257A,130.3258,46.7975,佳木斯市,环保局,,18,16,25,12,18,38,,,,28,21,11,11,0.6,0.6
2024-12-13T0700,2258A,130.3648,46.8032,佳木斯市,十一中,,18,12,19,12,17,44,,,,25,20,8,8,0.4,0.4
2024-12-13T0700,2259A,130.3794,46.7588,佳木斯市,四丰,,18,18,16,11,12,54,,,,6,5,1,1,0.3,0.3
2024-12-13T0700,1252A,120.7436,30.778,嘉兴市,清河小学,,23,23,39,12,22,26,,,,44,37,5,6,0.6,0.6
2024-12-13T0700,1253A,120.726,30.7478,嘉兴市,嘉兴学院,,27,27,51,15,35,27,,,,42,43,6,6,0.5,0.6
2024-12-13T0700,2872A,120.7846,30.7525,嘉兴市,南湖区残联,,31,31,50,15,27,39,,,,33,33,7,8,0.6,0.7
2024-12-13T0700,3407A,120.6916,30.7739,嘉兴市,秀洲住建,,23,,31,16,38,38,,,,31,40,10,10,0.4,0.5
2024-12-13T0700,1945A,98.2908,39.7711,嘉峪关市,气象局,,19,19,37,3,14,55,,,,17,18,4,4,0.5,0.5
2024-12-13T0700,2884A,98.2672,39.7978,嘉峪关市,酒钢宾馆,颗粒物(PM10),52,53,50,24,19,49,,,,28,20,21,18,0.5,0.5
2024-12-13T0700,3248A,98.2643,39.7724,嘉峪关市,雄关区,,25,25,36,7,17,52,,,,23,25,7,9,0.4,0.4
2024-12-13T0700,1383A,113.1064,22.6058,江门市,北街,,36,28,37,25,19,24,,,,29,36,10,9,0.7,0.8
2024-12-13T0700,1384A,113.0731,22.5835,江门市,西区,,40,40,41,24,15,18,,,,31,33,10,9,0.7,0.8
2024-12-13T0700,1385A,113.0219,22.5311,江门市,圭峰西,,43,31,34,30,21,25,,,,25,29,7,6,0.7,0.7
2024-12-13T0700,1386A,113.0828,22.5947,江门市,东湖,,44,44,38,28,21,20,,,,28,31,9,8,0.7,0.7
2024-12-13T0700,3311A,113.1075,22.5647,江门市,江海富民,,25,23,40,17,15,23,,,,33,38,10,9,0.7,0.8
2024-12-13T0700,3449A,113.05,22.4667,江门市,新会银湖,,43,30,34,30,23,20,,,,31,33,7,8,0.7,0.8
2024-12-13T0700,1828A,113.227,35.2125,焦作市,市环保局,颗粒物(PM10),62,74,120,11,75,68,,,,7,33,3,7,0.2,0.7
2024-12-13T0700,1830A,113.1992,35.2590,焦作市,影视城,颗粒物(PM10),51,51,103,25,66,74,,,,10,36,5,12,0.5,1.1
2024-12-13T0700,3169A,113.2725,35.2067,焦作市,太极体育中心,颗粒物(PM10),55,60,113,6,76,69,,,,12,41,6,10,0.3,0.8
2024-12-13T0700,3335A,113.3137,35.2641,焦作市,马村街道办,颗粒物(PM10),53,55,133,10,91,69,,,,5,36,3,13,0.1,1.1
2024-12-13T0700,3336A,113.2465,35.2373,焦作市,焦作技师学院,颗粒物(PM10),51,52,125,9,77,66,,,,6,39,2,10,0.5,1.1
2024-12-13T0700,3477A,113.1656,35.2539,焦作市,中站许衡医院,,49,49,111,26,75,66,,,,12,39,3,7,0.3,0.9
2024-12-13T0700,3981A,113.2449,35.1803,焦作市,原李万街道办,颗粒物(PM10),63,76,118,12,71,66,,,,16,38,3,4,0.4,0.9
2024-12-13T0700,1708A,116.3701,23.5345,揭阳市,新兴,,36,28,37,25,25,19,,,,17,24,7,7,0.6,0.7
2024-12-13T0700,1709A,116.3264,23.5443,揭阳市,西马,,33,26,37,23,21,24,,,,14,22,7,8,0.7,0.8
2024-12-13T0700,1710A,116.3611,23.5626,揭阳市,东兴,,30,27,40,21,24,16,,,,22,25,8,7,0.9,1
2024-12-13T0700,1711A,116.4151,23.5294,揭阳市,渔湖,,29,25,35,20,22,19,,,,19,24,8,9,0.7,0.7
2024-12-13T0700,3320A,116.403,23.5699,揭阳市,曲溪,,32,32,37,21,24,16,,,,26,26,3,5,0.8,0.8
2024-12-13T0700,1944A,102.1692,38.5167,金昌市,天庆家园,,,24,54,22,23,45,,,,14,12,,12,0.9,0.8
2024-12-13T0700,3170A,102.1864,38.5253,金昌市,市委党校,细颗粒物(PM2.5),58,64,122,41,23,32,,,,26,15,18,15,0.9,0.8
2024-12-13T0700,4022A,102.1647,38.5371,金昌市,金川区人防中心,细颗粒物(PM2.5),52,,62,36,24,44,,,,15,12,11,14,0.8,0.7
2024-12-13T0700,1262A,119.647,29.077,金华市,十五中,,40,40,91,24,54,17,,,,36,39,4,4,0.6,0.7
2024-12-13T0700,1263A,119.686,29.1029,金华市,监测站,,43,38,72,30,57,9,,,,38,41,4,4,0.5,0.7
2024-12-13T0700,3659A,119.656,29.1131,金华市,气象局,,39,32,70,27,56,2,,,,47,44,5,4,0.8,1
2024-12-13T0700,1767A,121.1115,41.0879,锦州市,南山,细颗粒物(PM2.5),74,64,59,54,49,18,,,,40,42,12,14,0.9,1
2024-12-13T0700,1768A,121.0533,40.8434,锦州市,开发区,细颗粒物(PM2.5),95,108,85,71,53,6,,,,48,46,76,34,1.9,1.3
2024-12-13T0700,1769A,121.1836,41.1119,锦州市,百股街道,,49,39,67,34,53,10,,,,39,39,11,21,1.1,1.2
2024-12-13T0700,1770A,121.1178,41.1222,锦州市,天安街道,细颗粒物(PM2.5),60,62,58,43,41,10,,,,47,43,15,19,1.1,1.1
2024-12-13T0700,1771A,121.1303,41.1386,锦州市,北湖公园,,50,47,56,35,39,18,,,,32,38,21,19,0.9,1
2024-12-13T0700,2160A,112.85,35.5051,晋城市,自来水公司,颗粒物(PM10),68,85,85,19,58,70,,,,15,27,10,9,0.4,1
2024-12-13T0700,2161A,112.8318,35.4936,晋城市,白云商贸,颗粒物(PM10),55,59,82,3,48,74,,,,17,30,4,7,0.4,0.9
2024-12-13T0700,2162A,112.8508,35.4887,晋城市,市环保局,颗粒物(PM10),75,100,92,14,56,70,,,,18,28,6,7,0.4,0.9
2024-12-13T0700,2163A,112.8676,35.4897,晋城市,技术学院,颗粒物(PM10),63,75,90,14,56,73,,,,18,30,8,8,0.5,1
2024-12-13T0700,2165A,112.8453,35.546,晋城市,白马寺,颗粒物(PM10),74,97,79,24,59,66,,,,12,20,10,12,0.5,1
2024-12-13T0700,3620A,112.8271,35.4828,晋城市,泽州一中,颗粒物(PM10),56,62,79,9,54,71,,,,16,26,3,7,0.3,0.9
2024-12-13T0700,2171A,112.7532,37.6945,晋中市,锦纶小区,颗粒物(PM10),87,124,155,14,74,61,,,,16,38,2,7,0.2,0.9
2024-12-13T0700,2173A,112.7249,37.7067,晋中市,南都小区,颗粒物(PM10),84,117,155,28,77,55,,,,21,39,4,10,0.4,1.1
2024-12-13T0700,2174A,112.6991,37.6982,晋中市,榆次区政府,颗粒物(PM10),85,119,158,24,75,60,,,,15,39,6,10,0.4,1
2024-12-13T0700,2865A,112.7195,37.6828,晋中市,榆次三中,颗粒物(PM10),89,127,160,14,76,60,,,,14,36,6,10,0.3,1
2024-12-13T0700,2439A,112.2014,31.0481,荆门市,竹园小学,细颗粒物(PM2.5),103,105,120,77,89,23,,,,34,40,10,12,0.8,0.7
2024-12-13T0700,2440A,112.1969,30.9891,荆门市,掇刀,细颗粒物(PM2.5),97,98,112,72,83,50,,,,23,30,8,10,0.9,0.8
2024-12-13T0700,2441A,112.2213,31.0386,荆门市,石化一小,细颗粒物(PM2.5),109,111,134,82,94,12,,,,47,41,8,9,0.9,0.8
2024-12-13T0700,3012A,112.1849,31.0362,荆门市,西山林语,细颗粒物(PM2.5),100,87,106,75,84,28,,,,26,24,6,8,0.9,0.7
2024-12-13T0700,3547A,112.1632,31.0138,荆门市,龙泉中学南校,细颗粒物(PM2.5),87,75,102,64,84,62,,,,18,27,10,12,0.6,0.7
2024-12-13T0700,1844A,112.2494,30.3197,荆州市,市图书馆,细颗粒物(PM2.5),139,,106,106,88,23,,,,37,42,6,7,0.9,0.8
2024-12-13T0700,1845A,112.2008,30.3544,荆州市,市委党校,细颗粒物(PM2.5),133,105,104,101,95,14,,,,43,45,5,6,0.7,0.8
2024-12-13T0700,3194A,112.2747,30.3122,荆州市,管委会,细颗粒物(PM2.5),135,,94,103,94,13,,,,46,36,5,6,1.1,0.8
2024-12-13T0700,3548A,112.1655,30.3364,荆州市,学苑路,细颗粒物(PM2.5),122,119,122,92,94,17,,,,38,44,10,11,1.0,1
2024-12-13T0700,2343A,117.2117,29.2933,景德镇市,老干部活动中心,细颗粒物(PM2.5),88,,46,65,48,42,,,,2,5,9,8,0.7,0.6
2024-12-13T0700,2344A,117.1894,29.2789,景德镇市,兽医站,颗粒物(PM10),55,60,56,37,31,46,,,,13,12,9,9,0.6,0.6
2024-12-13T0700,2345A,117.1547,29.2617,景德镇市,台达陶瓷,细颗粒物(PM2.5),64,57,52,46,34,27,,,,24,16,24,8,0.7,0.6
2024-12-13T0700,2346A,117.2461,29.2956,景德镇市,陶研所,细颗粒物(PM2.5),59,53,42,42,30,29,,,,20,17,14,8,0.9,0.8
2024-12-13T0700,1803A,115.9872,29.6815,九江市,十里,细颗粒物(PM2.5),104,100,90,78,69,33,,,,27,26,9,9,0.9,0.9
2024-12-13T0700,1804A,115.9584,29.7046,九江市,茅山头,细颗粒物(PM2.5),127,105,97,96,70,34,,,,30,29,14,14,1.0,1
2024-12-13T0700,1805A,115.9877,29.7295,九江市,西园,细颗粒物(PM2.5),110,107,91,83,75,34,,,,36,31,11,9,0.9,0.8
2024-12-13T0700,1806A,116.0172,29.6547,九江市,五七二七厂,细颗粒物(PM2.5),125,133,111,95,86,41,,,,32,26,11,8,0.9,0.8
2024-12-13T0700,1808A,115.9114,29.6038,九江市,综合工业园,细颗粒物(PM2.5),133,110,98,101,98,30,,,,39,40,7,8,1.1,1.1
2024-12-13T0700,1809A,116.0721,29.7535,九江市,石化总厂,细颗粒物(PM2.5),114,119,109,86,75,23,,,,36,37,11,11,1.0,0.9
2024-12-13T0700,1810A,115.9773,29.5698,九江市,庐山气象台,细颗粒物(PM2.5),99,86,71,74,71,71,,,,17,19,7,9,1.5,1.5
2024-12-13T0700,3190A,116.0254,29.6994,九江市,外国语学校,细颗粒物(PM2.5),118,116,113,89,83,29,,,,30,32,10,10,0.8,0.8
2024-12-13T0700,2658A,98.5061,39.7443,酒泉市,仓门街子站,,22,12,58,9,19,70,,,,8,8,4,6,0.4,0.5
2024-12-13T0700,2659A,98.4989,39.7256,酒泉市,油田生活基地,,26,22,75,18,26,64,,,,12,13,3,6,0.5,0.6
2024-12-13T0700,2698A,76.0072,39.4467,喀什地区,巡警大队,颗粒物(PM10),65,80,60,38,32,14,,,,58,32,1,2,1.5,0.7
2024-12-13T0700,2699A,75.9755,39.4694,喀什地区,吾办,细颗粒物(PM2.5),72,63,63,52,45,16,,,,55,38,3,2,1.9,1.1
2024-12-13T0700,4027A,75.9483,39.4689,喀什地区,老干局,细颗粒物(PM2.5),69,82,71,50,38,6,,,,58,36,1,2,3.6,1.4
2024-12-13T0700,1824A,114.3389,34.7781,开封市,肿瘤医院,颗粒物(PM10),62,74,117,16,83,54,,,,14,41,1,3,0.4,0.6
2024-12-13T0700,1826A,114.2885,34.7965,开封市,世纪星幼儿园,颗粒物(PM10),53,56,105,16,84,54,,,,19,43,3,5,0.3,0.6
2024-12-13T0700,3147A,114.3438,34.8106,开封市,龙亭公园,颗粒物(PM10),59,67,103,16,83,58,,,,19,42,2,4,0.4,0.7
2024-12-13T0700,3210A,114.3644,34.7964,开封市,汴京公园,颗粒物(PM10),59,67,126,18,85,60,,,,13,43,3,5,0.5,0.8
2024-12-13T0700,3473A,114.2485,34.8306,开封市,技师学院,颗粒物(PM10),54,58,104,23,83,44,,,,21,39,4,5,0.3,0.7
2024-12-13T0700,3592A,114.4644,34.7556,开封市,祥符区生态环境局,,48,48,131,19,91,61,,,,12,42,2,4,0.3,0.6
2024-12-13T0700,1951A,84.895,45.6094,克拉玛依市,长征新村,,29,29,26,20,20,17,,,,24,28,4,5,0.3,0.4
2024-12-13T0700,1952A,84.8988,45.5893,克拉玛依市,南林小区,,33,26,23,23,19,22,,,,18,24,5,6,0.5,0.5
2024-12-13T0700,1954A,84.905,44.3396,克拉玛依市,独山子区,颗粒物(PM10),52,54,56,12,45,52,,,,12,30,4,5,0.5,0.6
2024-12-13T0700,1955A,85.6979,46.098,克拉玛依市,乌尔禾区商贸楼,,21,18,12,12,11,6,,,,42,28,3,3,0.9,0.6
2024-12-13T0700,3612A,85.1045,45.6899,克拉玛依市,白碱滩区新站,,35,32,29,24,18,4,,,,40,33,8,8,0.7,0.7
2024-12-13T0700,2697A,76.1454,39.7142,克孜勒苏柯尔克孜自治州,市人民政府,,46,41,42,32,30,64,,,,8,15,3,3,0.6,0.6
2024-12-13T0700,3665A,76.1658,39.7157,克孜勒苏柯尔克孜自治州,克州文化中心,,49,49,41,33,31,61,,,,5,17,6,6,0.6,0.6
2024-12-13T0700,1450A,102.8204,24.8886,昆明市,呈贡新区,细颗粒物(PM2.5),54,47,27,38,18,16,,,,24,18,5,4,1.0,0.8
2024-12-13T0700,1452A,102.7252,25.0902,昆明市,龙泉镇,细颗粒物(PM2.5),54,39,29,38,20,16,,,,14,18,6,7,1.0,0.8
2024-12-13T0700,1453A,102.7266,25.0375,昆明市,东风东路,,49,49,29,34,19,12,,,,27,19,5,5,0.7,0.5
2024-12-13T0700,1454A,102.6742,25.0669,昆明市,金鼎山,细颗粒物(PM2.5),58,51,32,41,20,18,,,,21,21,6,7,0.7,0.5
2024-12-13T0700,1455A,102.6644,25.0401,昆明市,碧鸡广场,细颗粒物(PM2.5),52,52,32,36,20,15,,,,29,25,7,8,0.7,0.6
2024-12-13T0700,3179A,102.7494,25.0119,昆明市,官渡区博物馆,细颗粒物(PM2.5),58,42,30,41,22,11,,,,26,19,7,7,0.8,0.5
2024-12-13T0700,3375A,102.8017,24.8336,昆明市,青年创业园,,44,44,23,23,15,8,,,,26,15,4,5,0.6,0.5
2024-12-13T0700,3550A,102.7997,24.9786,昆明市,昆明学院,颗粒物(PM10),56,61,38,39,23,4,,,,24,21,7,8,0.7,0.5
2024-12-13T0700,3551A,102.5967,24.6736,昆明市,晋宁区生态环境分局,颗粒物(PM10),52,53,28,29,21,26,,,,27,19,4,3,0.9,0.6
2024-12-13T0700,3552A,102.6678,24.9856,昆明市,云天化总部,,49,47,25,34,18,18,,,,25,11,5,6,0.6,0.4
2024-12-13T0700,1456A,91.1319,29.6514,拉萨市,八廓街,,24,24,45,13,26,17,,,,34,40,11,11,0.8,1.1
2024-12-13T0700,1457A,91.1221,29.6747,拉萨市,市环保局,,50,50,60,19,39,16,,,,32,34,10,12,1.3,1.7
2024-12-13T0700,1458A,91.0874,29.6475,拉萨市,区监测站,,39,39,30,27,18,11,,,,52,47,11,10,0.8,0.6
2024-12-13T0700,1459A,91.1774,29.6541,拉萨市,西藏大学,,18,18,39,7,20,35,,,,15,35,9,8,0.8,1.1
2024-12-13T0700,1460A,90.9798,29.6588,拉萨市,区辐射站,,27,27,60,11,35,19,,,,42,52,9,11,0.9,1.2
2024-12-13T0700,1461A,91.0834,29.6292,拉萨市,拉萨火车站,,30,27,28,19,17,6,,,,60,42,6,6,1.6,1
2024-12-13T0700,2520A,109.2203,23.7256,来宾市,来宾技工学校,,49,,38,34,31,54,,,,10,12,4,5,0.7,0.8
2024-12-13T0700,3535A,109.1781,23.7297,来宾市,兴宾区政府,,49,41,42,34,32,57,,,,10,14,5,6,1.0,1
2024-12-13T0700,4002A,109.2416,23.7461,来宾市,中南小学,,48,,42,33,29,52,,,,10,11,3,4,0.6,0.7
2024-12-13T0700,1476A,103.631,36.1031,兰州市,兰炼宾馆,颗粒物(PM10),57,63,53,36,37,28,,,,37,23,20,14,0.7,0.5
2024-12-13T0700,1478A,103.8412,36.0726,兰州市,生物制品所,颗粒物(PM10),65,79,52,34,35,12,,,,55,36,10,14,0.8,0.5
2024-12-13T0700,1479A,103.831,36.0464,兰州市,铁路设计院,颗粒物(PM10),61,72,61,40,40,10,,,,66,36,23,12,2.1,0.6
2024-12-13T0700,3186A,103.7158,36.1058,兰州市,教育港,细颗粒物(PM2.5),57,61,58,40,38,17,,,,46,25,12,15,0.7,0.5
2024-12-13T0700,3241A,103.7439,36.0842,兰州市,百合公园,颗粒物(PM10),55,59,47,32,28,17,,,,53,23,10,13,1.0,0.6
2024-12-13T0700,3242A,103.9611,35.998,兰州市,和平,颗粒物(PM10),53,56,46,33,31,37,,,,35,24,13,16,1.0,0.7
2024-12-13T0700,3245A,103.6633,36.533,兰州新区,新区管委会,颗粒物(PM10),64,78,56,41,34,35,,,,23,20,10,10,0.6,0.4
2024-12-13T0700,3246A,103.6975,36.4789,兰州新区,舟曲中学,颗粒物(PM10),79,107,50,46,25,22,,,,40,22,8,7,0.7,0.3
2024-12-13T0700,1067A,116.6708,39.5111,廊坊市,药材公司,颗粒物(PM10),52,54,94,11,70,47,,,,23,59,2,4,0.4,0.9
2024-12-13T0700,1068A,116.7214,39.5589,廊坊市,开发区,颗粒物(PM10),59,67,104,14,67,48,,,,18,59,2,4,0.3,0.8
2024-12-13T0700,1070A,116.7244,39.5269,廊坊市,北华航天学院,颗粒物(PM10),58,65,107,9,68,48,,,,16,62,3,6,0.4,0.9
2024-12-13T0700,2919A,116.7022,39.5453,廊坊市,河北工业大学,颗粒物(PM10),63,76,106,13,67,45,,,,16,63,3,6,0.3,0.8
2024-12-13T0700,2535A,103.7723,29.5462,乐山市,花湖湾,细颗粒物(PM2.5),78,67,43,57,40,30,,,,16,23,4,3,0.7,0.8
2024-12-13T0700,2536A,103.7627,29.5844,乐山市,牛耳桥,细颗粒物(PM2.5),74,56,45,54,40,28,,,,25,31,6,5,0.6,0.6
2024-12-13T0700,2537A,103.7508,29.6006,乐山市,市第三水厂,细颗粒物(PM2.5),67,58,46,48,40,34,,,,22,32,3,3,0.5,0.5
2024-12-13T0700,2538A,103.7571,29.5664,乐山市,市监测站,细颗粒物(PM2.5),63,59,48,45,36,28,,,,22,27,4,4,0.5,0.5
2024-12-13T0700,3361A,103.7311,29.5628,乐山市,理工大学,细颗粒物(PM2.5),70,,38,51,38,31,,,,21,28,5,5,0.5,0.6
2024-12-13T0700,2599A,100.2497,26.8802,丽江市,丽江古城,,25,25,36,16,21,77,,,,11,14,8,9,0.7,0.6
2024-12-13T0700,2600A,100.2203,26.8906,丽江市,市中心,,24,15,21,12,16,74,,,,10,13,7,7,0.6,0.6
2024-12-13T0700,1267A,119.914,28.4514,丽水市,监测站大楼,,16,,36,11,41,23,,,,20,22,3,3,0.9,0.8
2024-12-13T0700,1268A,119.93,28.4586,丽水市,莲都小学,,18,13,52,12,44,25,,,,16,23,5,5,0.7,0.7
2024-12-13T0700,1269A,119.879,28.4231,丽水市,余庄前,,18,17,50,12,39,25,,,,18,21,5,5,0.6,0.6
2024-12-13T0700,1173A,119.176,34.5885,连云港市,市环境监测站,颗粒物(PM10),57,63,44,39,25,6,,,,65,40,15,10,1.0,0.7
2024-12-13T0700,3000A,119.3581,34.6972,连云港市,德源药业,"颗粒物(PM10),细颗粒物(PM2.5)",62,73,45,44,24,1,,,,67,52,11,8,1.2,0.5
2024-12-13T0700,3007A,119.178,34.844,连云港市,新城一中,细颗粒物(PM2.5),68,67,57,49,37,11,,,,54,52,18,18,1.5,1.2
2024-12-13T0700,3008A,119.3608,34.7519,连云港市,胡沟管理处,细颗粒物(PM2.5),67,75,36,48,20,3,,,,40,23,8,6,1.0,0.5
2024-12-13T0700,3009A,119.1478,34.5911,连云港市,矿山设计院,细颗粒物(PM2.5),62,70,50,44,28,3,,,,56,34,16,10,1.1,0.8
2024-12-13T0700,3434A,119.2413,34.6539,连云港市,工贸学校,,50,50,35,35,23,18,,,,39,23,11,10,1.1,0.6
2024-12-13T0700,3664A,119.4172,34.7341,连云港市,连云街道,,50,50,33,29,20,38,,,,28,26,16,11,1.5,1
2024-12-13T0700,2571A,102.3431,27.8099,凉山彝族自治州,青龙寺,,15,6,34,3,13,46,,,,5,9,4,5,0.7,0.7
2024-12-13T0700,2572A,102.2721,27.8415,凉山彝族自治州,邛海宾馆,,15,11,33,6,21,46,,,,8,13,10,11,0.8,0.8
2024-12-13T0700,2573A,102.2625,27.898,凉山彝族自治州,西昌市政府,,15,12,36,3,25,47,,,,7,14,8,10,0.7,0.8
2024-12-13T0700,2574A,102.2685,27.8851,凉山彝族自治州,凉山州政府,,16,6,34,3,23,50,,,,7,14,7,10,0.6,0.7
2024-12-13T0700,2575A,102.237,27.8914,凉山彝族自治州,长安,,17,17,42,11,28,37,,,,18,22,12,12,0.7,0.7
2024-12-13T0700,2212A,123.2,41.1953,辽阳市,宏伟区,细颗粒物(PM2.5),87,108,106,64,52,7,,,,48,53,20,31,1.4,2.2
2024-12-13T0700,2213A,123.1683,41.2495,辽阳市,新华园,细颗粒物(PM2.5),77,93,110,56,71,5,,,,57,65,25,49,1.2,2.4
2024-12-13T0700,2214A,123.2354,41.2639,辽阳市,滨河路,细颗粒物(PM2.5),100,83,89,75,55,9,,,,51,53,17,26,1.5,1.7
2024-12-13T0700,2215A,123.149,41.2991,辽阳市,铁西工业园,细颗粒物(PM2.5),107,111,141,80,95,2,,,,49,55,7,23,2.0,2.7
2024-12-13T0700,2227A,125.1358,42.8845,辽源市,环保局,细颗粒物(PM2.5),54,56,58,38,38,7,,,,33,34,13,9,1.1,1.1
2024-12-13T0700,3239A,125.0764,42.9078,辽源市,银鹰制药,细颗粒物(PM2.5),63,59,56,45,42,7,,,,38,38,9,10,1.1,1
2024-12-13T0700,1625A,115.9848,36.4372,聊城市,区政府,细颗粒物(PM2.5),87,101,102,64,62,16,,,,50,50,8,10,1.0,0.9
2024-12-13T0700,2878A,116.0072,36.4343,聊城市,聊大东校,细颗粒物(PM2.5),93,112,114,69,68,18,,,,47,50,6,8,1.0,1
2024-12-13T0700,3200A,115.9819,36.4978,聊城市,监控中心,细颗粒物(PM2.5),98,111,127,73,77,11,,,,53,54,9,13,1.0,1
2024-12-13T0700,3513A,116.0445,36.4361,聊城市,九州社区,细颗粒物(PM2.5),85,89,103,63,68,22,,,,35,41,16,16,0.8,0.9
2024-12-13T0700,4018A,116.0567,36.4608,聊城市,星美广场,细颗粒物(PM2.5),83,96,119,61,70,21,,,,37,41,8,11,0.9,0.9
2024-12-13T0700,2632A,94.3681,29.6376,林芝市,林芝监测站,,30,,16,10,9,94,,,,1,4,6,6,0.6,0.5
2024-12-13T0700,2633A,94.3616,29.6616,林芝市,林芝人民医院,,28,10,15,10,10,89,,,,1,4,6,6,0.6,0.6
2024-12-13T0700,2603A,100.0781,23.8982,临沧市,市环保局,,39,,32,27,28,28,,,,10,14,7,8,0.4,0.5
2024-12-13T0700,2604A,100.0894,23.8822,临沧市,市气象局,,26,20,31,18,26,19,,,,12,14,7,7,0.5,0.5
2024-12-13T0700,1733A,111.5531,36.0783,临汾市,临钢医院,颗粒物(PM10),79,107,82,16,39,69,,,,5,18,3,5,0.4,0.7
2024-12-13T0700,1734A,111.5028,36.0714,临汾市,技工学校,颗粒物(PM10),87,124,81,28,38,66,,,,7,18,2,4,0.3,0.6
2024-12-13T0700,1736A,111.5018,36.0855,临汾市,市委,颗粒物(PM10),95,139,90,14,36,70,,,,8,22,2,6,0.1,0.4
2024-12-13T0700,3018A,111.505,36.1014,临汾市,唐尧大酒店,颗粒物(PM10),81,111,79,25,41,65,,,,6,20,5,8,0.3,0.6
2024-12-13T0700,3668A,111.5036,36.0414,临汾市,城南,颗粒物(PM10),89,127,88,30,42,67,,,,10,24,2,4,0.4,0.8
2024-12-13T0700,2667A,103.2069,35.5993,临夏回族自治州,环保局,,40,40,38,11,12,42,,,,18,17,6,8,1.1,0.6
2024-12-13T0700,2668A,103.2417,35.6057,临夏回族自治州,建设大厦,,39,39,36,27,18,60,,,,6,9,9,10,0.7,0.5
2024-12-13T0700,1618A,118.3429,35.0532,临沂市,沂河小区,细颗粒物(PM2.5),100,122,78,75,43,8,,,,74,50,22,13,0.9,0.6
2024-12-13T0700,1619A,118.295,35.0583,临沂市,鲁南制药厂,细颗粒物(PM2.5),107,,64,80,45,2,,,,65,53,19,15,1.3,0.7
2024-12-13T0700,1620A,118.2794,34.9976,临沂市,新光毛纺厂,细颗粒物(PM2.5),104,114,71,78,43,5,,,,66,50,18,15,1.4,0.9
2024-12-13T0700,1621A,118.3956,35.0888,临沂市,河东保险公司,细颗粒物(PM2.5),99,112,80,74,49,3,,,,65,45,16,10,0.7,0.5
2024-12-13T0700,3370A,118.3564,35.0215,临沂市,十里堡居委,细颗粒物(PM2.5),100,114,70,75,44,6,,,,60,43,19,12,1.0,0.7
2024-12-13T0700,3496A,118.3604,35.1084,临沂市,南坊新区,细颗粒物(PM2.5),110,119,68,83,41,5,,,,70,50,14,9,1.1,0.8
2024-12-13T0700,3860A,118.3920,35.0300,临沂市,皇山花园小区,细颗粒物(PM2.5),88,112,79,65,44,5,,,,75,55,16,10,1.0,0.7
2024-12-13T0700,1870A,109.4856,24.3895,柳州市,柳东小学,细颗粒物(PM2.5),58,,42,41,31,49,,,,8,10,8,9,0.7,0.7
2024-12-13T0700,1871A,109.4157,24.3277,柳州市,环保监测站,细颗粒物(PM2.5),57,48,44,40,30,49,,,,12,13,9,9,0.7,0.6
2024-12-13T0700,1872A,109.389,24.341,柳州市,河西水厂,细颗粒物(PM2.5),64,67,57,46,38,30,,,,27,22,15,13,1.5,1.5
2024-12-13T0700,1873A,109.4311,24.2921,柳州市,市四中,,42,33,35,29,21,53,,,,10,11,7,8,0.6,0.5
2024-12-13T0700,1874A,109.4006,24.3631,柳州市,市九中,细颗粒物(PM2.5),62,,40,44,37,42,,,,17,15,5,5,0.7,0.6
2024-12-13T0700,1875A,109.4958,24.3134,柳州市,古亭山,,46,34,37,32,24,51,,,,12,14,9,10,0.9,0.8
2024-12-13T0700,3402A,109.5422,24.3996,柳州市,市二中,细颗粒物(PM2.5),58,,38,41,34,42,,,,14,16,8,9,0.8,0.6
2024-12-13T0700,2307A,116.5079,31.737,六安市,监测大楼,细颗粒物(PM2.5),143,115,83,109,65,53,,,,24,25,5,6,0.8,0.7
2024-12-13T0700,2308A,116.4738,31.7643,六安市,皖西学院,细颗粒物(PM2.5),133,128,89,101,62,47,,,,22,26,4,4,0.9,0.7
2024-12-13T0700,2309A,116.4996,31.7905,六安市,朝阳厂,细颗粒物(PM2.5),128,117,87,97,63,54,,,,26,25,2,2,1.0,0.8
2024-12-13T0700,2310A,116.5567,31.7886,六安市,开发区,细颗粒物(PM2.5),133,145,101,101,69,53,,,,31,36,4,5,0.8,0.7
2024-12-13T0700,2577A,104.83,26.5917,六盘水市,黄土坡,,15,13,12,3,7,46,,,,9,14,8,10,0.6,0.7
2024-12-13T0700,2578A,104.89,26.5939,六盘水市,水钢,,12,12,18,3,14,38,,,,14,15,8,7,0.7,0.8
2024-12-13T0700,2579A,104.8475,26.5894,六盘水市,民中,,13,6,12,3,5,40,,,,14,17,8,9,0.5,0.6
2024-12-13T0700,2580A,104.9544,26.5506,六盘水市,双水,,14,9,12,8,8,43,,,,6,11,7,8,0.5,0.5
2024-12-13T0700,2336A,117.0217,25.1033,龙岩市,龙岩市监测站,,22,,23,15,21,10,,,,16,22,2,7,0.8,1.1
2024-12-13T0700,2337A,117.0258,25.0661,龙岩市,闽西职业技术学院,,20,,24,14,15,12,,,,12,18,1,6,0.7,1
2024-12-13T0700,2338A,117.0196,25.0306,龙岩市,龙岩学院,,22,17,25,15,17,12,,,,13,20,7,8,0.7,1
2024-12-13T0700,2885A,104.9339,33.3826,陇南市,滨江中学,,43,43,53,22,34,74,,,,11,12,12,5,0.2,0.4
2024-12-13T0700,3247A,104.955,33.371,陇南市,市总工会,,43,43,55,18,30,74,,,,9,12,3,2,0.6,0.7
2024-12-13T0700,2487A,111.9589,27.8901,娄底市,电视发射台,细颗粒物(PM2.5),64,,42,46,49,49,,,,19,19,6,6,0.6,0.6
2024-12-13T0700,2488A,111.9975,27.725,娄底市,市监测站,细颗粒物(PM2.5),104,94,83,78,74,46,,,,21,20,9,8,0.9,0.6
2024-12-13T0700,2489A,112.0194,27.7314,娄底市,市委党校,细颗粒物(PM2.5),105,89,84,79,70,48,,,,30,26,13,10,1.0,0.7
2024-12-13T0700,2490A,111.9561,27.7569,娄底市,涟钢,细颗粒物(PM2.5),104,92,84,78,68,47,,,,18,20,1,4,0.5,0.6
2024-12-13T0700,2491A,111.9892,27.7044,娄底市,市政府,细颗粒物(PM2.5),93,84,78,69,68,47,,,,29,30,6,6,0.9,1
2024-12-13T0700,1894A,105.4427,28.9063,泸州市,小市上码头,,42,30,34,29,28,20,,,,17,24,2,2,0.6,0.6
2024-12-13T0700,1895A,105.4241,28.8573,泸州市,兰田宪桥,,49,,34,34,31,21,,,,19,21,2,2,0.5,0.6
2024-12-13T0700,1896A,105.4379,28.8833,泸州市,市环监站,,40,32,33,28,28,17,,,,18,23,3,4,0.5,0.5
2024-12-13T0700,3490A,105.3617,28.7703,泸州市,纳溪区环保局,,46,34,42,32,33,24,,,,18,25,3,3,0.5,0.5
2024-12-13T0700,2183A,111.1406,37.5211,吕梁市,环保局,颗粒物(PM10),111,172,89,32,35,61,,,,6,19,2,6,0.3,0.4
2024-12-13T0700,2185A,111.1297,37.5136,吕梁市,自来水公司,颗粒物(PM10),110,169,87,30,30,62,,,,7,20,3,5,0.3,0.5
2024-12-13T0700,2867A,111.1283,37.51,吕梁市,马茂庄小学,颗粒物(PM10),105,159,97,35,32,60,,,,12,21,3,5,0.3,0.4
2024-12-13T0700,1812A,112.3931,34.6516,洛阳市,市委党校,颗粒物(PM10),57,64,122,13,81,62,,,,12,29,2,6,0.3,0.9
2024-12-13T0700,1814A,112.4657,34.6871,洛阳市,豫西宾馆,颗粒物(PM10),64,77,135,20,77,71,,,,9,31,3,6,0.0,0.7
2024-12-13T0700,1815A,112.494,34.6886,洛阳市,河南林校,颗粒物(PM10),67,83,120,18,90,63,,,,9,32,3,4,0.2,0.8
2024-12-13T0700,1816A,112.3844,34.623,洛阳市,开发区管委会,颗粒物(PM10),58,65,126,26,94,54,,,,17,31,4,7,0.4,0.8
2024-12-13T0700,1817A,112.4267,34.6258,洛阳市,市委新办公区,颗粒物(PM10),63,75,137,21,99,61,,,,11,30,2,5,0.3,0.8
2024-12-13T0700,3340A,112.6005,34.6326,洛阳市,伊滨,颗粒物(PM10),60,70,132,12,74,67,,,,13,30,2,8,0.2,0.8
2024-12-13T0700,3341A,112.4951,34.6332,洛阳市,中移产业园,颗粒物(PM10),88,125,114,11,83,71,,,,6,28,3,6,0.2,0.8
2024-12-13T0700,3593A,112.5736,34.8993,洛阳市,吉利监测站,,34,34,85,10,75,59,,,,12,35,4,8,0.2,0.7
2024-12-13T0700,3635A,112.3677,34.662,洛阳市,河科大西苑校区,颗粒物(PM10),61,71,122,19,80,62,,,,13,31,3,7,0.3,0.8
2024-12-13T0700,3636A,112.4388,34.6781,洛阳市,英才小学,颗粒物(PM10),75,99,127,17,75,66,,,,8,33,3,5,0.1,0.7
2024-12-13T0700,2399A,114.051,33.5699,漯河市,三五一五工厂,颗粒物(PM10),77,103,131,53,103,43,,,,16,31,7,9,0.6,0.7
2024-12-13T0700,2400A,114.0055,33.5698,漯河市,漯河大学,颗粒物(PM10),74,97,129,48,98,40,,,,22,39,6,8,0.5,0.7
2024-12-13T0700,2401A,114.0138,33.5828,漯河市,市水利局,颗粒物(PM10),79,107,133,46,95,38,,,,18,31,7,9,0.6,0.8
2024-12-13T0700,2402A,114.0261,33.5698,漯河市,市广电局,细颗粒物(PM2.5),75,93,128,55,100,40,,,,20,34,7,9,0.5,0.6
2024-12-13T0700,3478A,113.9749,33.5664,漯河市,市图书馆,细颗粒物(PM2.5),74,91,139,54,104,37,,,,24,39,5,7,0.5,0.7
2024-12-13T0700,3479A,114.0967,33.5906,漯河市,召陵区卫健委,颗粒物(PM10),69,88,138,46,100,42,,,,17,32,9,11,0.6,0.8
2024-12-13T0700,1798A,118.5092,31.6837,马鞍山市,湖东路四小,细颗粒物(PM2.5),67,71,70,48,42,11,,,,42,44,6,6,1.5,1
2024-12-13T0700,1799A,118.5024,31.6449,马鞍山市,开发区,细颗粒物(PM2.5),89,73,74,66,57,6,,,,46,45,8,7,1.0,1.1
2024-12-13T0700,1800A,118.5228,31.7231,马鞍山市,慈湖,细颗粒物(PM2.5),75,78,79,55,57,9,,,,42,44,8,8,0.9,0.9
2024-12-13T0700,1802A,118.6245,31.7241,马鞍山市,濮塘,细颗粒物(PM2.5),72,68,56,52,46,19,,,,30,33,10,9,0.8,0.7
2024-12-13T0700,3633A,118.4918,31.6809,马鞍山市,雨山,细颗粒物(PM2.5),67,69,74,48,48,11,,,,38,43,9,11,0.8,1
2024-12-13T0700,1686A,111.0286,21.4688,茂名市,电白南海,,41,41,46,22,27,33,,,,16,19,7,10,1.0,1
2024-12-13T0700,1687A,110.9294,21.6533,茂名市,茂石化七小,颗粒物(PM10),63,75,59,39,37,28,,,,17,17,9,14,0.9,0.9
2024-12-13T0700,1688A,110.9107,21.6687,茂名市,健康路,,45,36,51,31,34,37,,,,12,14,27,24,0.7,0.9
2024-12-13T0700,1689A,110.8592,21.6828,茂名市,高岭,,48,48,51,31,33,34,,,,16,19,20,24,0.8,0.9
2024-12-13T0700,3450A,111.01,21.5165,茂名市,电白水东,,42,36,44,29,30,30,,,,15,17,10,16,0.6,0.6
2024-12-13T0700,2539A,104.0308,30.0478,眉山市,黑龙滩水库,颗粒物(PM10),51,52,66,29,42,68,,,,8,22,3,3,0.5,0.7
2024-12-13T0700,2540A,103.8416,30.0874,眉山市,气象局,细颗粒物(PM2.5),52,50,59,36,51,51,,,,20,30,4,4,0.5,0.6
2024-12-13T0700,3137A,103.8578,30.0744,眉山市,市委党校,,39,39,51,27,46,49,,,,20,32,3,4,0.4,0.5
2024-12-13T0700,3148A,103.8291,30.0564,眉山市,区人社局,,45,34,50,31,46,54,,,,24,35,3,3,0.4,0.5
2024-12-13T0700,1690A,116.1231,24.3284,梅州市,梅江月梅,,19,17,25,13,20,23,,,,10,18,8,9,0.7,0.7
2024-12-13T0700,1691A,116.0797,24.2719,梅州市,梅县新城,,20,20,25,14,17,19,,,,14,17,5,6,0.8,0.8
2024-12-13T0700,1692A,116.1248,24.2654,梅州市,环境监控中心,,23,20,26,16,18,20,,,,12,20,6,7,0.9,0.9
2024-12-13T0700,3315A,116.1233,24.2991,梅州市,梅龙,,20,17,25,14,18,20,,,,13,18,6,7,0.9,0.9
2024-12-13T0700,1878A,104.7778,31.4741,绵阳市,富乐山,,29,27,40,20,30,77,,,,8,15,2,2,0.3,0.5
2024-12-13T0700,1879A,104.7563,31.4535,绵阳市,市人大,,33,33,46,19,31,71,,,,12,20,3,4,0.4,0.5
2024-12-13T0700,1880A,104.6697,31.4668,绵阳市,高新区自来水公司,,32,24,43,22,29,70,,,,14,21,2,3,0.3,0.3
2024-12-13T0700,1881A,104.7287,31.5075,绵阳市,三水厂,,37,37,42,20,32,73,,,,9,20,4,5,0.6,0.7
2024-12-13T0700,3491A,104.69,31.5322,绵阳市,西科大附属小学,,38,,41,26,33,67,,,,9,20,4,5,0.3,0.4
2024-12-13T0700,3492A,104.5648,31.5343,绵阳市,安州区旅游局,,39,30,40,27,37,64,,,,10,19,8,8,0.4,0.6
2024-12-13T0700,1784A,129.61,44.561,牡丹江市,环保大楼,细颗粒物(PM2.5),53,50,53,37,36,21,,,,35,36,12,10,0.7,0.6
2024-12-13T0700,1785A,129.6115,44.5782,牡丹江市,文化广场,颗粒物(PM10),55,60,61,38,38,27,,,,36,39,9,10,0.8,0.9
2024-12-13T0700,1786A,129.5904,44.5963,牡丹江市,第一医院,细颗粒物(PM2.5),68,62,65,49,47,11,,,,46,38,7,8,1.0,0.9
2024-12-13T0700,1787A,129.6364,44.6075,牡丹江市,机车工厂,细颗粒物(PM2.5),68,68,86,49,56,9,,,,49,39,9,28,0.9,1
2024-12-13T0700,1788A,129.6386,44.5462,牡丹江市,第一中学,,46,46,44,32,33,34,,,,23,27,5,7,0.5,0.5
2024-12-13T0700,2531A,105.0703,29.61,内江市,市监测站,细颗粒物(PM2.5),55,,54,39,55,40,,,,17,23,5,6,0.8,0.9
2024-12-13T0700,2532A,105.0717,29.5947,内江市,东兴区政府,,43,33,48,30,46,40,,,,14,23,4,5,0.6,0.8
2024-12-13T0700,2533A,105.0653,29.5817,内江市,内江二中,,49,39,60,34,52,39,,,,18,27,6,7,0.6,0.7
2024-12-13T0700,2534A,105.0406,29.5822,内江市,内江日报社,,46,,58,32,48,36,,,,27,26,8,8,0.6,0.7
2024-12-13T0700,2628A,92.0657,31.4846,那曲市,那曲监测站,,43,43,89,29,59,14,,,,25,30,18,16,1.4,1.8
2024-12-13T0700,3128A,92.0506,31.4797,那曲市,那曲会议中心,,31,31,56,18,32,18,,,,14,20,5,8,1.0,1.1
2024-12-13T0700,1290A,115.8931,28.6843,南昌市,省外办,细颗粒物(PM2.5),104,86,103,78,91,42,,,,27,30,8,8,0.8,0.8
2024-12-13T0700,1291A,115.8886,28.7003,南昌市,省林业公司,细颗粒物(PM2.5),94,80,101,70,83,57,,,,22,25,10,10,0.6,0.7
2024-12-13T0700,1292A,115.8126,28.7442,南昌市,林科所,细颗粒物(PM2.5),89,75,95,66,80,59,,,,24,28,6,7,1.1,1
2024-12-13T0700,1294A,115.8518,28.687,南昌市,建工学校,细颗粒物(PM2.5),89,81,95,66,70,54,,,,31,35,10,10,0.6,0.7
2024-12-13T0700,1295A,115.8921,28.6424,南昌市,象湖,细颗粒物(PM2.5),94,,82,70,84,55,,,,26,29,8,9,0.7,0.8
2024-12-13T0700,1296A,115.7423,28.7996,南昌市,武术学校,颗粒物(PM10),62,73,84,41,61,38,,,,18,21,2,2,0.7,0.8
2024-12-13T0700,1298A,115.9314,28.6842,南昌市,省站,细颗粒物(PM2.5),104,111,115,78,86,45,,,,35,36,10,11,0.7,0.7
2024-12-13T0700,3046A,115.9084,28.6062,南昌市,机电学校,细颗粒物(PM2.5),98,97,111,73,85,45,,,,31,31,8,10,0.8,0.9
2024-12-13T0700,3690A,115.9721,28.7031,南昌市,外国语学校,细颗粒物(PM2.5),89,89,104,66,72,41,,,,37,35,7,8,0.6,0.7
2024-12-13T0700,1905A,106.056,30.8064,南充市,西山风景区,,33,33,34,20,30,63,,,,3,9,3,2,0.3,0.5
2024-12-13T0700,1906A,106.0789,30.8023,南充市,南充市委,,39,29,45,27,40,52,,,,17,22,5,3,0.3,0.5
2024-12-13T0700,1907A,106.1031,30.8217,南充市,南充炼油厂,颗粒物(PM10),52,53,53,29,43,54,,,,16,21,4,3,0.5,0.6
2024-12-13T0700,1908A,106.1064,30.7856,南充市,高坪区监测站,,46,32,50,32,38,54,,,,15,21,4,3,0.4,0.5
2024-12-13T0700,1909A,106.0642,30.7636,南充市,嘉陵区环保局,,45,40,48,31,36,54,,,,18,26,4,4,0.5,0.6
2024-12-13T0700,1910A,106.1087,30.8388,南充市,市环境监测站,,46,45,51,32,40,54,,,,12,15,5,4,0.3,0.4
2024-12-13T0700,1151A,118.8086,32.1065,南京市,迈皋桥,颗粒物(PM10),51,52,56,34,35,6,,,,34,37,5,4,0.3,0.5
2024-12-13T0700,1152A,118.7538,32.0551,南京市,草场门,,48,48,55,31,33,14,,,,41,52,5,6,0.6,0.7
2024-12-13T0700,1153A,118.7794,32.0745,南京市,山西路,颗粒物(PM10),51,51,60,31,36,36,,,,50,57,4,4,0.4,0.5
2024-12-13T0700,1154A,118.7752,32.0023,南京市,中华门,,45,41,52,31,32,5,,,,46,49,3,4,0.8,0.8
2024-12-13T0700,1155A,118.8109,32.0309,南京市,瑞金路,颗粒物(PM10),54,58,64,31,37,9,,,,35,44,6,7,0.8,0.9
2024-12-13T0700,1156A,118.7997,32.0754,南京市,玄武湖,颗粒物(PM10),51,52,65,29,35,7,,,,26,33,8,8,0.3,0.4
2024-12-13T0700,1157A,118.6414,32.0931,南京市,浦口,颗粒物(PM10),55,60,63,35,34,16,,,,24,33,5,7,0.5,0.5
2024-12-13T0700,1158A,118.7356,31.9996,南京市,奥体中心,颗粒物(PM10),52,53,63,31,36,5,,,,56,56,8,9,0.5,0.6
2024-12-13T0700,1159A,118.9125,32.1028,南京市,仙林大学城,颗粒物(PM10),52,53,58,34,36,0,,,,51,49,8,7,0.7,0.6
2024-12-13T0700,3422A,118.8436,31.9198,南京市,江宁彩虹桥,,48,48,69,31,34,4,,,,48,51,7,7,0.5,0.6
2024-12-13T0700,3423A,119.0138,31.6494,南京市,溧水永阳,细颗粒物(PM2.5),54,48,40,38,35,11,,,,36,38,3,4,0.4,0.5
2024-12-13T0700,3424A,118.879,31.3302,南京市,高淳老职中,细颗粒物(PM2.5),75,67,56,55,50,5,,,,46,36,5,4,0.6,0.5
2024-12-13T0700,3427A,118.8554,32.3578,南京市,六合雄州,,48,48,48,27,27,12,,,,14,24,5,6,0.4,0.4
2024-12-13T0700,1401A,108.3103,22.7881,南宁市,二十一中,,33,26,40,23,30,37,,,,15,21,7,5,0.6,0.8
2024-12-13T0700,1402A,108.3141,22.8528,南宁市,北湖,,30,21,35,21,27,33,,,,14,17,9,7,0.6,0.6
2024-12-13T0700,1403A,108.3206,22.8225,南宁市,市监测站,,30,26,40,21,23,32,,,,14,19,11,8,0.6,0.7
2024-12-13T0700,1404A,108.3829,22.8037,南宁市,大自然花园,,35,33,35,24,25,35,,,,14,15,7,6,0.7,0.7
2024-12-13T0700,1405A,108.4394,22.7904,南宁市,仙葫,,39,32,32,27,29,32,,,,15,13,4,5,0.7,0.7
2024-12-13T0700,1406A,108.2397,22.8467,南宁市,区农职院,,28,28,41,18,24,30,,,,12,14,8,8,0.5,0.6
2024-12-13T0700,1407A,108.3275,22.735,南宁市,英华嘉园,,29,25,35,20,27,34,,,,12,17,8,6,0.6,0.7
2024-12-13T0700,1408A,108.2257,22.7757,南宁市,沙井镇街道办,,36,35,48,25,24,32,,,,16,22,3,7,0.5,0.6
2024-12-13T0700,3401A,108.4834,22.7618,南宁市,红星社区,,43,43,36,26,30,40,,,,11,11,7,8,0.7,0.8
2024-12-13T0700,2332A,118.1681,26.6369,南平市,南平市监测站,,16,,17,11,14,18,,,,12,15,3,3,0.3,0.4
2024-12-13T0700,2333A,118.1825,26.6489,南平市,南平铝业有限公司,,10,10,15,6,17,20,,,,10,14,3,3,0.5,0.6
2024-12-13T0700,2334A,118.1756,26.6272,南平市,南平七中,,16,16,18,9,14,16,,,,13,15,10,7,0.7,0.8
2024-12-13T0700,1168A,120.9098,31.9663,南通市,狼山街道,,20,20,26,11,15,46,,,,14,18,6,6,0.4,0.4
2024-12-13T0700,1169A,120.86,32.0005,南通市,虹桥,,25,21,26,17,18,46,,,,27,25,5,5,0.5,0.5
2024-12-13T0700,1170A,120.87,32.02,南通市,城中,,26,26,34,18,17,40,,,,34,28,6,6,0.7,0.7
2024-12-13T0700,1171A,120.94,31.93,南通市,星湖花园,,20,20,22,9,14,43,,,,32,24,4,5,0.3,0.3
2024-12-13T0700,1172A,120.81,32.0417,南通市,紫琅学院,,32,24,33,22,20,42,,,,25,31,6,4,0.5,0.5
2024-12-13T0700,3291A,121.067,32.062,南通市,通州监测站,,42,39,34,29,20,35,,,,28,21,2,2,0.4,0.4
2024-12-13T0700,3432A,120.9348,31.9883,南通市,环境教育馆,,23,22,29,16,16,44,,,,20,20,3,4,0.5,0.5
2024-12-13T0700,2404A,112.5224,33.0122,南阳市,瓦房庄,细颗粒物(PM2.5),82,72,114,60,102,33,,,,33,41,6,7,0.5,0.8
2024-12-13T0700,2405A,112.5003,32.9735,南阳市,汉画馆,细颗粒物(PM2.5),110,98,124,83,97,9,,,,44,46,6,7,0.8,0.8
2024-12-13T0700,2406A,112.5573,33.027,南阳市,气象站,细颗粒物(PM2.5),73,68,112,53,90,45,,,,23,40,5,6,0.6,0.8
2024-12-13T0700,2407A,112.5481,32.9689,南阳市,理工学院,细颗粒物(PM2.5),103,84,108,77,95,19,,,,44,44,5,7,0.6,0.7
2024-12-13T0700,4008A,112.5234,32.9922,南阳市,卧龙区政府,细颗粒物(PM2.5),77,72,119,56,96,37,,,,30,41,4,6,0.6,0.8
2024-12-13T0700,1234A,121.8358,29.911,宁波市,区环保大楼,,18,18,62,11,47,46,,,,33,52,8,8,0.5,0.8
2024-12-13T0700,1235A,121.56,29.82,宁波市,万里学院,,29,25,83,20,60,37,,,,32,50,5,5,0.6,0.8
2024-12-13T0700,1236A,121.713,29.9572,宁波市,龙赛医院,,23,19,52,16,46,43,,,,38,51,9,9,0.6,0.8
2024-12-13T0700,1239A,121.633,29.7733,宁波市,钱湖水厂,,22,18,75,15,57,45,,,,24,48,5,5,0.7,1
2024-12-13T0700,1240A,121.5856,29.8635,宁波市,太古小学,,22,21,84,15,49,43,,,,28,52,8,8,0.7,1
2024-12-13T0700,1241A,121.524,29.8674,宁波市,市环境监测中心,,23,23,69,9,32,34,,,,31,51,7,7,0.6,0.9
2024-12-13T0700,2871A,121.6147,29.9017,宁波市,万里国际学校,,20,20,80,12,35,44,,,,30,54,6,7,0.3,0.8
2024-12-13T0700,3710A,121.5594,29.8975,宁波市,白沙活动中心,,33,33,79,12,33,41,,,,27,49,8,9,0.5,0.8
2024-12-13T0700,2341A,119.5388,26.6612,宁德市,宁德市监测站,,32,,20,22,15,15,,,,26,27,2,4,0.4,0.5
2024-12-13T0700,3209A,119.5231,26.6562,宁德市,宁德一中,,23,21,20,16,13,21,,,,15,17,2,4,0.4,0.6
2024-12-13T0700,2618A,98.8601,25.8567,怒江傈僳族自治州,州监测站,,33,33,43,22,28,40,,,,8,17,4,5,0.4,0.5
2024-12-13T0700,2619A,98.8546,25.8417,怒江傈僳族自治州,泸水一中,,32,28,42,22,32,18,,,,13,22,6,7,0.5,0.6
2024-12-13T0700,1888A,101.6891,26.571,攀枝花市,弄弄坪,"颗粒物(PM10),细颗粒物(PM2.5)",68,86,75,49,44,10,,,,43,40,15,26,1.2,1.5
2024-12-13T0700,1889A,101.5769,26.5928,攀枝花市,河门口,,48,48,58,29,35,20,,,,30,33,12,17,1.1,1.4
2024-12-13T0700,1890A,101.7169,26.585,攀枝花市,炳草岗,细颗粒物(PM2.5),68,57,68,49,37,8,,,,45,44,14,22,0.7,1
2024-12-13T0700,1891A,101.7369,26.5008,攀枝花市,仁和,细颗粒物(PM2.5),60,63,55,43,37,5,,,,39,30,10,18,2.3,1.4
2024-12-13T0700,2835A,101.7227,26.567,攀枝花市,四十中小,颗粒物(PM10),53,55,56,33,33,26,,,,26,34,10,21,0.7,1
2024-12-13T0700,1604A,122.0303,41.1489,盘锦市,开发区,,42,,62,29,47,39,,,,19,42,10,19,0.5,0.9
2024-12-13T0700,1605A,122.0485,41.0883,盘锦市,兴隆台,,23,23,69,9,49,40,,,,24,55,11,19,0.6,1.4
2024-12-13T0700,1606A,121.8297,41.1028,盘锦市,新生街道,,26,25,36,17,26,9,,,,51,43,11,15,0.6,0.7
2024-12-13T0700,1832A,113.3257,33.742,平顶山市,新华旅馆,细颗粒物(PM2.5),75,95,148,55,90,50,,,,12,33,7,9,0.5,0.7
2024-12-13T0700,1833A,113.2919,33.737,平顶山市,规划设计院,颗粒物(PM10),71,92,147,36,92,54,,,,14,36,6,7,0.5,0.8
2024-12-13T0700,1834A,113.182,33.774,平顶山市,平顶山工学院,颗粒物(PM10),64,78,142,34,82,51,,,,7,26,8,8,0.9,1
2024-12-13T0700,3204A,113.3025,33.73,平顶山市,规划局,颗粒物(PM10),67,83,138,42,95,50,,,,7,31,6,8,0.6,0.8
2024-12-13T0700,3594A,112.8867,33.9116,平顶山市,石龙区,颗粒物(PM10),84,118,134,35,75,58,,,,6,28,8,11,0.5,0.8
2024-12-13T0700,2656A,106.6692,35.5461,平凉市,聚贤嘉苑,,36,36,47,21,29,34,,,,47,22,15,12,0.4,0.4
2024-12-13T0700,2657A,106.7021,35.5307,平凉市,博物馆,,35,35,49,23,31,50,,,,21,17,3,10,0.4,0.4
2024-12-13T0700,2347A,114.0997,27.5002,萍乡市,武功山,细颗粒物(PM2.5),60,54,51,43,42,32,,,,12,14,10,11,0.4,0.3
2024-12-13T0700,2348A,113.8385,27.6434,萍乡市,中医院,细颗粒物(PM2.5),123,133,100,93,68,12,,,,33,27,11,8,1.2,0.9
2024-12-13T0700,2349A,113.8493,27.6253,萍乡市,市政府车库,细颗粒物(PM2.5),143,121,85,109,80,6,,,,36,21,16,10,1.2,0.9
2024-12-13T0700,2350A,113.8676,27.6435,萍乡市,市环保局,细颗粒物(PM2.5),114,108,85,86,65,10,,,,30,19,10,9,1.2,0.9
2024-12-13T0700,2351A,113.866,27.6198,萍乡市,安源区政府,细颗粒物(PM2.5),149,119,86,114,71,5,,,,35,22,16,11,1.1,0.9
2024-12-13T0700,2319A,119.0141,25.4325,莆田市,荔城区仓后路,,40,34,21,28,13,8,,,,33,17,3,1,0.9,0.7
2024-12-13T0700,2320A,119.0015,25.4553,莆田市,莆田市监测站,,33,27,16,23,11,12,,,,26,11,3,2,0.7,0.6
2024-12-13T0700,2321A,119.1119,25.4561,莆田市,涵江区六中,,38,35,23,26,14,17,,,,29,18,2,1,0.8,0.5
2024-12-13T0700,2322A,119.1013,25.3215,莆田市,秀屿区政府,,43,34,22,30,15,24,,,,25,17,2,2,0.8,0.6
2024-12-13T0700,2392A,115.0312,35.7636,濮阳市,环保局,颗粒物(PM10),52,54,75,16,66,52,,,,17,33,3,4,0.7,0.8
2024-12-13T0700,2394A,115.0574,35.7609,濮阳市,油田运输公司,颗粒物(PM10),62,73,98,30,70,46,,,,22,41,3,5,0.5,0.7
2024-12-13T0700,2395A,115.0866,35.7754,濮阳市,油田物探公司,颗粒物(PM10),67,83,102,32,77,32,,,,28,37,4,7,0.6,0.7
2024-12-13T0700,3021A,115,35.7668,濮阳市,濮水河管理处,颗粒物(PM10),69,87,112,17,73,48,,,,19,37,6,5,0.4,0.6
2024-12-13T0700,2601A,100.98,22.7633,普洱市,市环保局,,37,37,44,10,13,15,,,,9,12,5,5,0.4,0.5
2024-12-13T0700,2602A,100.9817,22.8322,普洱市,普洱第二中学,,28,23,38,19,21,3,,,,20,20,7,7,0.6,0.6
2024-12-13T0700,2262A,131.0518,45.8751,七台河市,新一中,细颗粒物(PM2.5),59,53,27,42,23,51,,,,27,15,12,12,1.5,1.4
2024-12-13T0700,3345A,131.0577,45.7879,七台河市,中波台,细颗粒物(PM2.5),70,57,39,51,27,22,,,,48,28,12,12,0.9,0.8
2024-12-13T0700,3637A,131.0176,45.7761,七台河市,人民广场,,46,46,47,3,7,29,,,,45,32,8,9,0.7,0.6
2024-12-13T0700,3684A,130.8781,45.8222,七台河市,新建矿广场,细颗粒物(PM2.5),84,,31,62,32,12,,,,58,30,11,11,0.5,0.5
2024-12-13T0700,1779A,123.9305,47.3636,齐齐哈尔市,安居小区,颗粒物(PM10),51,52,54,35,41,35,,,,27,27,4,6,0.6,0.6
2024-12-13T0700,1780A,123.9488,47.3386,齐齐哈尔市,中心广场,,39,,43,27,29,49,,,,16,25,4,5,0.1,0.5
2024-12-13T0700,1781A,123.9483,47.3227,齐齐哈尔市,农牧车辆厂,,39,29,42,27,31,45,,,,19,28,7,8,0.5,0.6
2024-12-13T0700,1783A,123.945,47.2988,齐齐哈尔市,市环境监测站,,35,35,64,21,43,45,,,,23,38,5,6,0.5,0.7
2024-12-13T0700,3662A,123.6333,47.2075,齐齐哈尔市,富区青少年活动中心,,37,37,53,20,29,30,,,,28,26,9,13,0.8,0.8
2024-12-13T0700,2591A,107.9783,26.5747,黔东南苗族侗族自治州,市环境监测站,细颗粒物(PM2.5),69,64,57,50,45,55,,,,12,16,2,3,0.5,0.5
2024-12-13T0700,2881A,107.8908,26.5311,黔东南苗族侗族自治州,凯里学院,细颗粒物(PM2.5),60,56,52,43,36,52,,,,10,12,4,3,0.6,0.6
2024-12-13T0700,2593A,107.5228,26.2403,黔南布依族苗族自治州,小围寨,细颗粒物(PM2.5),55,41,34,39,30,43,,,,9,8,4,5,0.5,0.5
2024-12-13T0700,3538A,107.5175,26.2978,黔南布依族苗族自治州,沙坝,细颗粒物(PM2.5),58,48,43,41,35,50,,,,8,11,5,5,0.4,0.4
2024-12-13T0700,2589A,104.9022,25.0925,黔西南布依族苗族自治州,场坝街,,23,23,28,14,17,39,,,,7,9,3,3,0.4,0.5
2024-12-13T0700,2590A,104.8811,25.0992,黔西南布依族苗族自治州,坪东大道,,13,12,23,9,21,29,,,,10,10,3,3,0.6,0.6
2024-12-13T0700,2502A,108.6236,21.9667,钦州市,市环保站,,48,48,52,29,30,46,,,,11,17,6,8,0.9,1.1
2024-12-13T0700,2503A,108.6549,21.9481,钦州市,沙埠小学,,35,31,45,24,22,44,,,,16,20,5,6,0.6,0.6
2024-12-13T0700,2504A,108.5989,21.7431,钦州市,港区一小,颗粒物(PM10),54,58,61,28,26,44,,,,18,25,7,8,0.6,0.8
2024-12-13T0700,3404A,108.5959,21.9633,钦州市,北职校,细颗粒物(PM2.5),52,39,40,36,33,47,,,,11,13,9,9,0.7,0.8
2024-12-13T0700,1042A,119.5134,39.8207,秦皇岛市,北戴河环保局,,35,,82,24,50,44,,,,18,52,3,6,0.3,1.4
2024-12-13T0700,1043A,119.7493,40.0116,秦皇岛市,第一关,,33,24,61,23,44,11,,,,57,52,5,9,0.4,0.8
2024-12-13T0700,1044A,119.5897,39.9499,秦皇岛市,监测站,,29,29,79,16,50,51,,,,15,50,3,13,0.3,1.2
2024-12-13T0700,1046A,119.5251,39.9041,秦皇岛市,建设大厦,,35,32,89,24,52,16,,,,48,53,2,12,0.4,1.3
2024-12-13T0700,3132A,119.610547,39.943889,秦皇岛市,文明里,,33,29,90,23,53,54,,,,14,51,4,13,0.1,1
2024-12-13T0700,1307A,120.6659,36.2403,青岛市,仰口,细颗粒物(PM2.5),64,59,40,46,33,57,,,,9,9,11,10,0.8,0.7
2024-12-13T0700,1310A,120.4134,36.0658,青岛市,市南区东部子站,细颗粒物(PM2.5),77,90,73,56,38,16,,,,51,54,15,13,0.9,0.8
2024-12-13T0700,1311A,120.3664,36.1032,青岛市,四方区子站,细颗粒物(PM2.5),85,92,69,63,46,10,,,,58,57,18,16,1.0,0.9
2024-12-13T0700,1312A,120.2994,36.054,青岛市,市南区西部子站,细颗粒物(PM2.5),70,78,54,51,33,10,,,,54,44,13,14,1.1,0.9
2024-12-13T0700,1313A,120.4581,36.0858,青岛市,崂山区子站,细颗粒物(PM2.5),73,75,64,53,36,14,,,,50,47,13,13,0.9,0.8
2024-12-13T0700,1314A,120.1983,35.9608,青岛市,黄岛区子站,细颗粒物(PM2.5),89,92,60,66,37,8,,,,57,58,12,13,1.0,0.7
2024-12-13T0700,1315A,120.3999,36.3083,青岛市,城阳区子站,"颗粒物(PM10),细颗粒物(PM2.5)",74,97,90,54,47,6,,,,46,47,20,20,1.2,1.1
2024-12-13T0700,1966A,120.0405,35.8735,青岛市,黄岛区4号,细颗粒物(PM2.5),79,95,59,58,33,7,,,,57,46,13,12,0.8,0.7
2024-12-13T0700,3362A,120.5014,36.4034,青岛市,即墨2号,细颗粒物(PM2.5),83,83,80,61,54,13,,,,47,49,10,14,0.9,0.9
2024-12-13T0700,3642A,120.3503,36.0736,青岛市,市北区南部,细颗粒物(PM2.5),79,80,70,58,39,6,,,,56,57,19,17,1.1,0.9
2024-12-13T0700,3643A,120.3948,36.1805,青岛市,李沧区北部,细颗粒物(PM2.5),94,107,91,70,57,8,,,,62,60,16,18,1.3,1
2024-12-13T0700,1702A,113.0426,23.691,清远市,环保大楼,,30,30,29,21,21,24,,,,10,11,3,4,0.6,0.7
2024-12-13T0700,1703A,113.0208,23.7106,清远市,凤城街办,,23,21,26,16,20,24,,,,12,12,7,6,0.8,0.9
2024-12-13T0700,3025A,113.0477,23.6344,清远市,技师学院,,32,27,26,22,18,23,,,,15,14,6,7,0.9,0.9
2024-12-13T0700,3318A,112.9903,23.7403,清远市,清新太和,,23,21,26,16,20,26,,,,12,11,7,6,0.7,0.7
2024-12-13T0700,3455A,113.076,23.7198,清远市,清城东城,,25,20,23,17,16,24,,,,10,9,6,6,1.1,1
2024-12-13T0700,2661A,107.6325,35.7357,庆阳市,庆阳五中,颗粒物(PM10),61,72,50,18,27,65,,,,9,10,2,3,0.5,0.5
2024-12-13T0700,2662A,107.6364,35.7067,庆阳市,市环保局,颗粒物(PM10),62,73,53,14,21,69,,,,6,9,3,3,0.7,0.7
2024-12-13T0700,1916A,103.7897,25.5035,曲靖市,环境监测站,,14,14,34,3,14,11,,,,14,17,5,8,0.7,0.7
2024-12-13T0700,1917A,103.8,25.5364,曲靖市,烟厂办公区,,7,7,28,3,15,18,,,,12,16,4,5,0.5,0.5
2024-12-13T0700,3376A,103.7947,25.462,曲靖市,南苑二区,,8,6,27,3,18,19,,,,8,12,4,7,0.8,0.8
2024-12-13T0700,3377A,103.7444,25.5261,曲靖市,曲靖师范学院,,10,,26,7,17,14,,,,17,15,12,12,0.9,0.8
2024-12-13T0700,1264A,118.8692,28.9398,衢州市,环保大楼,细颗粒物(PM2.5),73,60,86,53,73,27,,,,24,34,5,5,0.6,0.6
2024-12-13T0700,1265A,118.8709,28.9666,衢州市,实验学校,细颗粒物(PM2.5),77,61,83,56,72,23,,,,20,28,4,4,0.5,0.4
2024-12-13T0700,1266A,118.8621,28.9808,衢州市,衢州学院,细颗粒物(PM2.5),79,66,89,58,74,35,,,,26,35,5,6,0.8,0.7
2024-12-13T0700,1611A,118.5819,24.9117,泉州市,涂山街,,36,25,22,25,18,21,,,,26,19,2,2,0.6,0.5
2024-12-13T0700,1612A,118.5972,24.8978,泉州市,津头埔,,40,28,25,28,20,17,,,,30,22,3,3,0.7,0.6
2024-12-13T0700,1613A,118.6663,24.9424,泉州市,万安,,38,38,29,26,17,6,,,,41,23,4,3,0.7,0.6
2024-12-13T0700,3529A,118.6333,24.9264,泉州市,城华南路,,39,39,30,27,16,18,,,,28,21,2,3,0.6,0.6
2024-12-13T0700,2626A,88.8876,29.2718,日喀则市,日喀则监测站,,34,34,34,10,13,22,,,,40,25,6,4,0.7,0.6
2024-12-13T0700,3726A,88.8781,29.2426,日喀则市,林业技术推广中心,,33,33,37,6,10,37,,,,4,8,6,7,0.5,0.5
2024-12-13T0700,1659A,119.471,35.4209,日照市,监测站,细颗粒物(PM2.5),55,56,52,39,34,37,,,,34,45,8,12,0.6,0.7
2024-12-13T0700,1660A,119.523,35.4216,日照市,市政府广场,颗粒物(PM10),54,58,42,37,27,44,,,,26,34,6,7,0.8,0.7
2024-12-13T0700,1661A,119.5587,35.4044,日照市,港务局,细颗粒物(PM2.5),63,61,45,45,27,28,,,,42,38,8,12,0.7,0.6
2024-12-13T0700,3507A,119.5328,35.4625,日照市,职业技术学院,颗粒物(PM10),57,63,48,39,29,41,,,,29,41,6,8,0.7,0.6
2024-12-13T0700,1835A,111.1922,34.7752,三门峡市,市政府,细颗粒物(PM2.5),53,44,101,37,100,54,,,,10,32,4,8,0.6,1
2024-12-13T0700,1836A,111.1587,34.7942,三门峡市,开发区,,43,43,127,26,104,51,,,,8,25,3,6,0.5,0.9
2024-12-13T0700,1838A,111.143,34.7955,三门峡市,风景区,,48,48,117,29,99,54,,,,16,31,9,11,0.5,0.9
2024-12-13T0700,3039A,111.1911,34.7829,三门峡市,三门峡市第一小学,,48,48,110,21,95,52,,,,9,30,10,12,0.5,0.9
2024-12-13T0700,3598A,111.1,34.7167,三门峡市,富达温泉假日酒店,颗粒物(PM10),51,52,137,29,103,48,,,,17,43,6,10,0.5,1
2024-12-13T0700,2324A,117.6211,26.2625,三明市,三钢,,16,,17,11,24,10,,,,12,15,2,4,0.8,0.8
2024-12-13T0700,2325A,117.635,26.2714,三明市,三明二中,,16,,16,11,14,13,,,,11,15,3,3,0.7,0.7
2024-12-13T0700,2326A,117.6028,26.2378,三明市,三元区政府,,16,16,18,8,15,5,,,,13,16,3,4,0.8,0.9
2024-12-13T0700,1876A,109.5078,18.2489,三亚市,河东子站,,25,6,17,3,9,77,,,,3,4,3,3,0.5,0.5
2024-12-13T0700,1877A,109.4964,18.2681,三亚市,河西子站,,24,6,14,3,7,74,,,,5,7,4,4,0.6,0.6
2024-12-13T0700,3540A,109.7348,18.3443,三亚市,君悦子站,,23,13,28,3,10,71,,,,6,7,2,2,0.6,0.6
2024-12-13T0700,2624A,91.7608,29.2313,山南市,山南监测站,,24,24,33,8,12,39,,,,29,21,12,6,0.3,0.4
2024-12-13T0700,2625A,91.7706,29.2436,山南市,山南人民医院,,41,41,35,10,12,41,,,,25,22,12,5,0.3,0.5
2024-12-13T0700,1674A,116.6794,23.3667,汕头市,金平子站,,35,29,31,24,23,15,,,,27,24,9,9,1.0,1
2024-12-13T0700,1675A,116.7244,23.3633,汕头市,龙湖子站,,23,23,30,16,18,20,,,,16,19,4,6,0.9,0.9
2024-12-13T0700,1676A,116.7258,23.2775,汕头市,濠江子站,,35,,28,24,25,19,,,,19,18,5,5,0.9,0.9
2024-12-13T0700,1677A,116.7519,23.4714,汕头市,澄海子站,,32,24,32,22,24,21,,,,16,21,8,12,0.8,0.9
2024-12-13T0700,1678A,116.6092,23.2539,汕头市,潮阳子站,,25,24,35,17,18,16,,,,21,22,9,9,0.8,0.8
2024-12-13T0700,3444A,116.454,23.2684,汕头市,潮南峡山,,33,33,34,21,19,23,,,,23,24,10,11,0.8,0.9
2024-12-13T0700,3624A,116.4069,23.2533,汕头市,潮南子站,,42,38,40,29,26,26,,,,16,24,8,9,0.9,1
2024-12-13T0700,1693A,115.3653,22.775,汕尾市,市环保局,,30,22,23,21,16,29,,,,10,13,7,8,0.7,0.7
2024-12-13T0700,1694A,115.3706,22.7898,汕尾市,市政府,,22,20,22,15,13,37,,,,11,13,8,8,0.8,0.8
2024-12-13T0700,1695A,115.3622,22.7925,汕尾市,新城中学,,26,,22,18,15,39,,,,8,12,8,8,0.7,0.7
2024-12-13T0700,2645A,109.9154,33.8715,商洛市,监测站,,30,30,82,19,45,68,,,,6,18,2,5,0.1,0.4
2024-12-13T0700,3045A,109.9643,33.8471,商洛市,商州区中学,,28,28,52,19,46,66,,,,14,26,3,5,0.5,0.7
2024-12-13T0700,2408A,115.6702,34.4285,商丘市,环境监测站,细颗粒物(PM2.5),158,132,100,120,83,6,,,,53,39,9,9,1.2,0.9
2024-12-13T0700,2409A,115.6458,34.4045,商丘市,粮食局,细颗粒物(PM2.5),127,123,99,96,82,10,,,,45,42,3,4,0.8,0.6
2024-12-13T0700,2410A,115.6293,34.3948,商丘市,睢阳区环保局,细颗粒物(PM2.5),135,110,103,103,83,11,,,,46,50,10,10,0.8,0.7
2024-12-13T0700,3171A,115.6071,34.4465,商丘市,梁园区档案局,细颗粒物(PM2.5),148,126,96,113,84,8,,,,54,44,3,3,0.4,0.5
2024-12-13T0700,1141A,121.4,31.238,上海市,普陀,,25,22,22,17,14,41,,,,39,28,6,5,0.7,0.7
2024-12-13T0700,1142A,121.478,31.2036,上海市,十五厂,,19,17,19,13,14,57,,,,28,29,9,9,0.5,0.5
2024-12-13T0700,1143A,121.467,31.3008,上海市,虹口,,24,18,19,7,16,33,,,,48,32,7,7,0.7,0.7
2024-12-13T0700,1144A,121.412,31.1654,上海市,徐汇上师大,,22,21,19,14,17,32,,,,44,27,7,7,0.6,0.6
2024-12-13T0700,1145A,121.536,31.2659,上海市,杨浦四漂,,21,21,19,12,13,49,,,,37,31,8,8,0.9,0.9
2024-12-13T0700,1147A,121.425,31.2261,上海市,静安监测站,,22,19,21,15,16,50,,,,34,29,8,8,0.7,0.7
2024-12-13T0700,1148A,121.703,31.1907,上海市,浦东川沙,,23,23,19,7,11,51,,,,38,27,6,6,0.8,0.7
2024-12-13T0700,1149A,121.533,31.2284,上海市,浦东新区监测站,,18,17,18,12,15,57,,,,28,31,7,8,0.8,0.8
2024-12-13T0700,1150A,121.577,31.2071,上海市,浦东张江,,22,16,16,15,15,57,,,,34,29,6,5,0.5,0.5
2024-12-13T0700,3265A,121.4316,31.3322,上海市,宝山庙行,,26,22,21,11,15,25,,,,51,27,5,5,0.4,0.4
2024-12-13T0700,3266A,121.8791,31.4662,上海市,崇明上实东滩,,35,35,14,24,10,63,,,,12,12,8,8,0.5,0.5
2024-12-13T0700,3268A,121.3162,31.2838,上海市,嘉定南翔,,30,28,25,8,17,15,,,,60,36,8,9,0.7,0.8
2024-12-13T0700,3269A,121.3359,30.7456,上海市,金山新城,,26,24,31,18,28,22,,,,38,34,6,6,0.3,0.4
2024-12-13T0700,3270A,121.4996,31.0739,上海市,闵行浦江,,24,22,22,3,13,39,,,,48,31,6,7,0.6,0.6
2024-12-13T0700,3271A,121.2886,31.1663,上海市,青浦徐泾,,26,22,24,14,18,27,,,,52,34,8,9,0.5,0.6
2024-12-13T0700,3272A,121.2186,31.0378,上海市,松江图书馆,,24,24,28,15,21,45,,,,29,30,6,7,0.6,0.7
2024-12-13T0700,3273A,121.3902,31.2059,上海市,长宁仙霞,,23,21,20,12,15,41,,,,46,32,7,7,0.6,0.6
2024-12-13T0700,3274A,121.7965,31.0507,上海市,浦东惠南,,20,20,16,11,12,53,,,,35,27,7,7,0.7,0.6
2024-12-13T0700,3544A,121.4891,30.925,上海市,奉贤南桥新城,,25,19,23,17,21,41,,,,40,32,7,7,0.5,0.6
2024-12-13T0700,2381A,118.005,28.4572,上饶市,百草园,细颗粒物(PM2.5),69,,46,50,27,29,,,,3,3,11,4,0.8,0.7
2024-12-13T0700,2382A,117.9756,28.4436,上饶市,市监测站,颗粒物(PM10),53,56,49,36,27,32,,,,22,19,20,8,0.9,0.8
2024-12-13T0700,2383A,117.9519,28.4628,上饶市,凤凰光学,颗粒物(PM10),51,51,47,31,27,29,,,,24,21,19,7,1.1,1
2024-12-13T0700,3413A,118.1953,28.4401,上饶市,广丰区教体局,细颗粒物(PM2.5),65,52,55,47,41,28,,,,25,22,14,7,1.0,0.9
2024-12-13T0700,3685A,117.897,28.4315,上饶市,双创科技城,细颗粒物(PM2.5),59,49,44,42,34,24,,,,25,18,15,7,0.9,0.8
2024-12-13T0700,1669A,113.5824,24.7733,韶关市,市八中,,10,10,26,7,16,21,,,,12,13,8,9,0.7,0.7
2024-12-13T0700,1671A,113.5917,24.7972,韶关市,园林处,,10,9,21,7,17,22,,,,15,15,10,11,0.6,0.6
2024-12-13T0700,1672A,113.6735,24.7791,韶关市,韶关学院,,42,34,22,29,18,23,,,,16,15,18,13,0.7,0.7
2024-12-13T0700,1673A,113.5971,24.6863,韶关市,曲江监测站,,13,12,28,9,20,20,,,,12,14,11,12,0.6,0.6
2024-12-13T0700,3622A,113.5556,24.8082,韶关市,碧湖山庄,,9,7,25,6,17,20,,,,12,12,9,10,0.8,0.7
2024-12-13T0700,2463A,111.4733,27.2317,邵阳市,市一中,细颗粒物(PM2.5),108,,54,81,65,52,,,,13,12,13,11,0.9,0.9
2024-12-13T0700,2464A,111.5283,27.2442,邵阳市,市化工厂,细颗粒物(PM2.5),92,82,75,68,61,60,,,,13,14,17,12,0.7,0.7
2024-12-13T0700,2465A,111.4503,27.2537,邵阳市,市罐头厂,细颗粒物(PM2.5),107,,58,80,67,53,,,,18,16,12,10,0.8,0.9
2024-12-13T0700,2466A,111.4328,27.2272,邵阳市,市环保局,细颗粒物(PM2.5),87,,49,64,56,54,,,,13,13,11,10,0.6,0.7
2024-12-13T0700,1247A,120.6053,29.9928,绍兴市,城东开发委,,32,30,74,22,54,36,,,,34,56,6,6,0.6,0.9
2024-12-13T0700,2921A,120.5483,30.0003,绍兴市,树下王站,,39,37,78,27,58,40,,,,30,54,5,6,0.7,0.9
2024-12-13T0700,3408A,120.5683,29.9361,绍兴市,绍兴中专,,29,24,72,20,55,42,,,,35,56,8,9,0.7,0.9
2024-12-13T0700,3409A,120.4906,30.0861,绍兴市,柯桥区政府,,46,46,85,30,59,28,,,,39,56,7,7,1.0,1.2
2024-12-13T0700,3410A,120.8752,30.0249,绍兴市,重华小学,,18,15,77,12,63,54,,,,16,51,7,8,0.6,0.9
2024-12-13T0700,3411A,120.8369,30.0137,绍兴市,上虞中学,,18,13,78,12,62,46,,,,24,48,5,6,0.6,1
2024-12-13T0700,3560A,120.4722,30.0415,绍兴市,柯桥妇保,,38,38,74,22,47,34,,,,26,43,5,6,0.6,0.8
2024-12-13T0700,3658A,120.6153,30.0764,绍兴市,袍江中学,,40,28,82,28,62,29,,,,38,54,2,3,0.7,1
2024-12-13T0700,1356A,114.1063,22.5545,深圳市,通心岭子站,,28,28,29,18,14,49,,,,16,24,7,6,0.7,0.7
2024-12-13T0700,1357A,114.117,22.5625,深圳市,洪湖,,35,35,30,15,13,51,,,,16,27,6,6,0.6,0.7
2024-12-13T0700,1358A,113.987,22.5417,深圳市,华侨城,,37,37,31,17,13,36,,,,18,26,6,6,0.7,0.7
2024-12-13T0700,1359A,113.9181,22.5171,深圳市,南海子站,,45,45,45,21,16,43,,,,22,33,6,6,0.7,0.8
2024-12-13T0700,1360A,114.2458,22.5689,深圳市,盐田,,30,30,32,17,12,56,,,,14,22,7,8,0.6,0.7
2024-12-13T0700,1361A,114.2283,22.7244,深圳市,龙岗,,34,34,26,19,12,45,,,,20,23,8,8,0.6,0.7
2024-12-13T0700,1363A,114.494,22.5422,深圳市,南澳,,26,26,20,16,11,54,,,,9,16,9,8,0.7,0.7
2024-12-13T0700,1364A,114.41,22.6342,深圳市,葵涌,,26,26,22,16,11,56,,,,9,18,6,6,0.7,0.8
2024-12-13T0700,1365A,114.297,22.5978,深圳市,梅沙,,29,29,25,14,9,55,,,,11,17,7,8,0.7,0.8
2024-12-13T0700,1366A,114.0678,22.738,深圳市,观澜,,43,43,38,21,15,43,,,,17,33,6,6,0.6,0.7
2024-12-13T0700,3305A,114.0731,22.559,深圳市,莲花,,32,32,26,20,15,40,,,,24,28,7,7,0.8,0.9
2024-12-13T0700,3306A,114.0261,22.6198,深圳市,民治,,37,37,34,23,18,42,,,,19,29,6,6,0.9,0.9
2024-12-13T0700,3307A,114.1871,22.6451,深圳市,横岗,,33,33,29,21,16,49,,,,16,24,7,7,0.7,0.8
2024-12-13T0700,3447A,114.3551,22.7151,深圳市,坪山,,39,39,30,22,14,45,,,,17,25,6,6,0.6,0.7
2024-12-13T0700,3623A,113.8953,22.5861,深圳市,西乡,,41,41,32,21,11,47,,,,21,30,7,7,0.6,0.7
2024-12-13T0700,1099A,123.505,41.7406,沈阳市,浑南东路,细颗粒物(PM2.5),100,115,102,75,67,11,,,,47,54,12,18,1.9,1.6
2024-12-13T0700,1100A,123.4231,41.6989,沈阳市,新秀街,细颗粒物(PM2.5),80,99,94,59,53,7,,,,57,57,19,20,1.3,1.4
2024-12-13T0700,1102A,123.5903,41.8411,沈阳市,东陵路,细颗粒物(PM2.5),88,76,87,65,61,5,,,,48,51,10,14,1.4,1.4
2024-12-13T0700,1103A,123.4264,41.8467,沈阳市,陵东街,颗粒物(PM10),63,75,108,43,68,5,,,,48,63,9,19,0.9,1.6
2024-12-13T0700,1104A,123.4114,41.7653,沈阳市,文化路,颗粒物(PM10),56,61,95,36,59,8,,,,43,48,20,19,1.0,1.5
2024-12-13T0700,1105A,123.4678,41.7867,沈阳市,小河沿,颗粒物(PM10),53,56,102,34,63,12,,,,44,54,13,16,1.1,1.6
2024-12-13T0700,1106A,123.4017,41.7972,沈阳市,太原街,细颗粒物(PM2.5),72,74,93,52,65,10,,,,48,56,18,31,1.2,1.6
2024-12-13T0700,1108A,123.3783,41.9228,沈阳市,京沈街,细颗粒物(PM2.5),87,70,96,64,74,5,,,,44,60,23,25,0.9,1.2
2024-12-13T0700,2897A,123.2444,41.7347,沈阳市,沈辽西路,颗粒物(PM10),52,54,123,34,75,9,,,,50,62,18,22,0.7,1.4
2024-12-13T0700,2900A,123.5953,41.9086,沈阳市,裕农路,细颗粒物(PM2.5),92,106,83,68,54,5,,,,55,59,10,15,1.4,1.4
2024-12-13T0700,2428A,111.0419,32.395,十堰市,武当山,,32,23,44,22,36,85,,,,10,16,8,9,0.5,0.7
2024-12-13T0700,2429A,110.78,32.6494,十堰市,滨河新村,,44,44,82,30,82,54,,,,26,35,9,12,0.7,0.9
2024-12-13T0700,2430A,110.7258,32.6389,十堰市,刘家沟,细颗粒物(PM2.5),53,46,99,37,84,48,,,,18,26,6,9,1.0,1.2
2024-12-13T0700,2431A,110.8839,32.5714,十堰市,铁二处,,43,37,80,30,89,53,,,,20,44,11,12,0.8,1.1
2024-12-13T0700,3545A,110.8054,32.8401,十堰市,郧阳区金沙路,,20,19,58,11,65,63,,,,17,30,3,11,0.5,0.7
2024-12-13T0700,2709A,86.0497,44.2967,石河子市,艾青诗歌馆,细颗粒物(PM2.5),84,75,73,62,60,11,,,,48,32,8,11,0.9,0.8
2024-12-13T0700,3442A,86.047,44.2331,石河子市,南区管委会,细颗粒物(PM2.5),63,51,69,45,60,47,,,,19,23,7,6,0.8,0.8
2024-12-13T0700,4051A,86.0791,44.3017,石河子市,世纪广场,"颗粒物(PM10),细颗粒物(PM2.5)",58,66,71,41,40,22,,,,35,29,6,9,0.8,0.8
2024-12-13T0700,1029A,114.4422,38.0444,石家庄市,职工医院,颗粒物(PM10),88,126,106,31,51,53,,,,3,35,3,5,0,0.4
2024-12-13T0700,1030A,114.6063,38.0266,石家庄市,高新区,颗粒物(PM10),88,125,118,29,67,53,,,,7,44,3,2,0.3,0.7
2024-12-13T0700,1031A,114.4898,38.1328,石家庄市,西北水源,颗粒物(PM10),87,124,103,17,52,46,,,,12,46,3,5,0,0.4
2024-12-13T0700,1032A,114.4586,38.0058,石家庄市,西南高教,颗粒物(PM10),88,125,120,9,53,63,,,,3,35,3,4,0,0.5
2024-12-13T0700,1033A,114.5331,38.0178,石家庄市,世纪公园,颗粒物(PM10),81,112,104,29,65,51,,,,6,43,1,5,0.3,0.9
2024-12-13T0700,1034A,114.509,38.0457,石家庄市,人民会堂,颗粒物(PM10),80,110,108,27,56,51,,,,9,44,3,4,0.3,0.9
2024-12-13T0700,1035A,114.3524,37.8911,石家庄市,封龙山,颗粒物(PM10),80,109,106,31,59,67,,,,2,28,3,8,0.3,0.8
2024-12-13T0700,2862A,114.5481,38.0378,石家庄市,22中南校区,颗粒物(PM10),99,148,116,34,62,52,,,,11,49,1,5,0.2,0.9
2024-12-13T0700,3456A,114.289,38.0906,石家庄市,鹿泉一中,颗粒物(PM10),105,159,111,25,50,66,,,,4,38,3,4,0.2,0.8
2024-12-13T0700,3573A,114.8506765,38.0322033,石家庄市,藁城区实验学校,,,85,114,18,65,47,,,,13,45,1,5,,0.6
2024-12-13T0700,3574A,114.0504658,38.0591645,石家庄市,井陉矿区区委大楼,颗粒物(PM10),96,142,134,13,61,58,,,,8,42,3,14,0.2,0.8
2024-12-13T0700,4024A,114.6549,37.9020,石家庄市,栾城区星河路,颗粒物(PM10),95,140,129,23,79,50,,,,8,42,1,6,0.2,1
2024-12-13T0700,1948A,106.3668,39.0145,石嘴山市,大武口朝阳西街,颗粒物(PM10),51,51,49,30,19,54,,,,9,6,6,6,0.7,0.6
2024-12-13T0700,1949A,106.7704,39.2282,石嘴山市,惠农南大街,,44,44,59,15,15,48,,,,24,15,25,12,1.6,0.5
2024-12-13T0700,1950A,106.7099,39.1325,石嘴山市,红果子镇惠新街,,24,24,45,12,12,51,,,,28,13,12,17,0.9,0.4
2024-12-13T0700,3520A,106.3495,38.9836,石嘴山市,妇女儿童医院,,40,40,59,17,33,55,,,,11,16,7,9,0.3,0.5
2024-12-13T0700,3521A,106.7492,39.2069,石嘴山市,石大公路,,38,38,54,20,19,58,,,,23,10,13,7,1.3,0.4
2024-12-13T0700,2248A,131.1511,46.6937,双鸭山市,双合村,,35,35,26,22,16,46,,,,20,12,9,9,0.5,0.4
2024-12-13T0700,2249A,131.1652,46.6191,双鸭山市,南小市,细颗粒物(PM2.5),52,,33,36,28,42,,,,25,20,10,11,0.5,0.4
2024-12-13T0700,2250A,131.1524,46.6554,双鸭山市,环保局,细颗粒物(PM2.5),59,47,37,42,32,42,,,,23,17,15,12,0.4,0.4
2024-12-13T0700,2251A,131.12,46.5656,双鸭山市,苗圃,,45,45,32,31,29,49,,,,13,13,5,5,0.2,0.3
2024-12-13T0700,2166A,112.4397,39.3522,朔州市,平朔,颗粒物(PM10),76,102,108,14,31,54,,,,11,21,3,8,0.4,0.6
2024-12-13T0700,2167A,112.4575,39.3617,朔州市,朔唯,颗粒物(PM10),94,137,129,18,31,53,,,,13,26,6,12,0.9,1
2024-12-13T0700,2168A,112.4258,39.3197,朔州市,区政府,颗粒物(PM10),85,119,115,16,31,55,,,,11,23,6,15,0.8,0.9
2024-12-13T0700,2169A,112.4072,39.3278,朔州市,市环保局,颗粒物(PM10),88,125,125,19,31,56,,,,10,19,9,13,0.6,0.7
2024-12-13T0700,2170A,112.4272,39.3681,朔州市,市二中,颗粒物(PM10),83,115,122,16,33,53,,,,11,24,7,12,0.4,0.6
2024-12-13T0700,3571A,112.2931,39.53,朔州市,一水厂,颗粒物(PM10),85,120,115,19,28,54,,,,12,21,6,7,0.4,0.6
2024-12-13T0700,2225A,124.4002,43.1713,四平市,一商场,细颗粒物(PM2.5),82,108,73,60,43,10,,,,53,44,11,10,2.9,0.7
2024-12-13T0700,2226A,124.388,43.193,四平市,境园,细颗粒物(PM2.5),87,92,66,64,48,8,,,,44,46,12,14,1.2,0.6
2024-12-13T0700,3486A,124.4036,43.1411,四平市,植物园,颗粒物(PM10),54,58,57,31,33,26,,,,61,52,5,7,0.9,0.6
2024-12-13T0700,3713A,124.3419,43.1666,四平市,世纪城,细颗粒物(PM2.5),94,93,68,70,43,8,,,,50,45,10,10,0.9,0.6
2024-12-13T0700,2233A,124.8006,45.1214,松原市,江南,细颗粒物(PM2.5),203,,77,153,63,19,,,,49,44,8,8,1.6,0.8
2024-12-13T0700,2234A,124.7965,45.1722,松原市,江北,细颗粒物(PM2.5),109,,55,82,49,13,,,,64,49,3,3,1.3,0.8
2024-12-13T0700,1160A,120.561,31.2472,苏州市,上方山,,20,20,31,14,28,39,,,,19,28,5,6,0.7,0.8
2024-12-13T0700,1162A,120.591,31.3019,苏州市,彩香,,30,30,33,19,20,44,,,,20,20,8,8,0.6,0.6
2024-12-13T0700,1163A,120.596,31.3264,苏州市,轧钢厂,,29,28,29,20,19,38,,,,29,29,5,6,1.0,1
2024-12-13T0700,1164A,120.613,31.2703,苏州市,吴中区,,29,29,30,16,17,40,,,,33,27,7,8,0.7,0.7
2024-12-13T0700,1165A,120.543,31.2994,苏州市,苏州新区,,28,28,30,17,19,49,,,,28,37,8,8,0.6,0.6
2024-12-13T0700,1166A,120.669,31.3097,苏州市,苏州工业园区,,29,29,29,18,20,44,,,,31,29,7,6,0.5,0.6
2024-12-13T0700,1167A,120.641,31.3708,苏州市,相城区,,31,31,33,17,19,36,,,,43,34,7,7,0.7,0.6
2024-12-13T0700,3289A,120.743,31.3188,苏州市,方洲路,,20,20,26,11,16,52,,,,25,30,5,6,0.6,0.7
2024-12-13T0700,3290A,120.5031,31.2774,苏州市,木渎中学,,28,28,30,15,19,48,,,,23,30,8,8,0.6,0.7
2024-12-13T0700,3425A,120.624,31.1733,苏州市,越秀幼儿园,,22,19,35,15,18,36,,,,34,27,3,4,0.6,0.7
2024-12-13T0700,3431A,120.6505,31.416,苏州市,高铁新城,,31,31,31,18,19,15,,,,58,32,7,7,0.6,0.6
2024-12-13T0700,1220A,118.293,33.9528,宿迁市,宿迁学院,细颗粒物(PM2.5),79,87,67,58,44,17,,,,42,34,2,3,0.6,0.6
2024-12-13T0700,1221A,118.2442,33.9592,宿迁市,宿迁中学,细颗粒物(PM2.5),83,94,72,61,45,6,,,,50,36,6,5,0.6,0.6
2024-12-13T0700,2996A,118.283,33.965,宿迁市,市供电局,细颗粒物(PM2.5),88,90,69,65,47,5,,,,50,34,6,6,0.7,0.6
2024-12-13T0700,3191A,118.3225,33.9447,宿迁市,宿豫区政府,细颗粒物(PM2.5),89,80,67,66,47,22,,,,34,30,5,5,0.8,0.7
2024-12-13T0700,3187A,116.9509,33.666,宿州市,远航博物馆,细颗粒物(PM2.5),144,139,88,110,61,20,,,,40,35,4,5,0.8,0.8
2024-12-13T0700,3463A,116.9708,33.591,宿州市,社会福利中心,细颗粒物(PM2.5),129,142,94,98,57,5,,,,61,43,6,8,0.6,0.6
2024-12-13T0700,3634A,116.9884,33.6305,宿州市,宿州学院,细颗粒物(PM2.5),140,140,90,107,58,28,,,,38,34,9,7,1.1,1
2024-12-13T0700,3701A,116.9648,33.6252,宿州市,皖北煤电集团,细颗粒物(PM2.5),137,143,88,104,58,19,,,,48,37,7,4,0.7,0.6
2024-12-13T0700,2266A,126.9785,46.6365,绥化市,人和东街,细颗粒物(PM2.5),150,,63,115,68,24,,,,44,32,1,3,0.7,0.6
2024-12-13T0700,2267A,126.964,46.6528,绥化市,党政办公中心,细颗粒物(PM2.5),211,,108,161,112,31,,,,39,34,4,5,0.7,0.6
2024-12-13T0700,2451A,113.3583,31.7275,随州市,市委党校,细颗粒物(PM2.5),104,107,104,78,76,12,,,,28,32,5,6,0.8,0.8
2024-12-13T0700,2452A,113.3833,31.6908,随州市,市林业局,细颗粒物(PM2.5),118,102,93,89,81,10,,,,41,40,8,9,0.8,0.8
2024-12-13T0700,2453A,113.3983,31.7308,随州市,市立交桥水厂,细颗粒物(PM2.5),123,103,98,93,83,4,,,,40,42,7,8,0.7,0.7
2024-12-13T0700,2527A,105.5453,30.5678,遂宁市,石溪浩,,39,36,42,27,33,55,,,,10,15,3,3,0.4,0.6
2024-12-13T0700,2528A,105.5582,30.5232,遂宁市,市监测站,,32,27,42,22,33,59,,,,17,22,7,7,0.3,0.3
2024-12-13T0700,2529A,105.5861,30.5366,遂宁市,行政中心,,28,27,41,19,29,65,,,,10,21,8,8,0.3,0.4
2024-12-13T0700,2530A,105.5918,30.4728,遂宁市,美宁食品公司,,36,33,44,25,32,53,,,,11,19,5,5,0.3,0.4
2024-12-13T0700,2706A,82.9994,46.7432,塔城地区,东门外小游园,,,,16,12,13,59,,,,2,8,,3,0.0,0.2
2024-12-13T0700,1255A,121.273,28.6459,台州市,黄岩环保大楼,,13,7,36,3,28,23,,,,26,25,1,2,0.5,0.5
2024-12-13T0700,1256A,121.419,28.6542,台州市,台州环保大楼,,,7,38,6,33,21,,,,31,29,,4,0.7,0.7
2024-12-13T0700,1257A,121.377,28.5773,台州市,路桥田洋王,,13,,37,9,36,32,,,,25,27,3,3,0.4,0.6
2024-12-13T0700,3564A,121.2568,28.6681,台州市,台州科技职业学院,,12,10,40,3,27,23,,,,24,21,4,4,0.7,0.6
2024-12-13T0700,1081A,112.522,37.8873,太原市,尖草坪,颗粒物(PM10),73,96,99,13,55,53,,,,20,37,6,11,0.3,0.8
2024-12-13T0700,1083A,112.434,38.0108,太原市,上兰,颗粒物(PM10),56,62,90,10,59,60,,,,8,27,1,6,0.5,1
2024-12-13T0700,1084A,112.469,37.7124,太原市,晋源,颗粒物(PM10),79,108,168,12,95,49,,,,24,42,8,14,0.5,1.2
2024-12-13T0700,1085A,112.5583,37.7394,太原市,小店,颗粒物(PM10),59,68,122,24,86,59,,,,15,38,6,9,0.4,1
2024-12-13T0700,1086A,112.5369,37.8692,太原市,桃园,颗粒物(PM10),73,96,103,12,57,61,,,,14,34,4,8,0.3,0.8
2024-12-13T0700,1087A,112.57,37.8195,太原市,坞城,颗粒物(PM10),59,68,114,14,73,60,,,,16,40,7,14,0.4,1
2024-12-13T0700,1088A,112.549,37.9854,太原市,南寨,颗粒物(PM10),88,126,147,10,71,46,,,,22,41,5,9,0.3,0.9
2024-12-13T0700,3618A,112.4719,37.7831,太原市,金胜,颗粒物(PM10),65,80,109,12,64,63,,,,13,34,10,13,0.4,0.9
2024-12-13T0700,4010A,112.5608,37.8807,太原市,育英中学,颗粒物(PM10),58,65,101,13,61,62,,,,14,36,7,12,0.4,1
2024-12-13T0700,1656A,117.1437,36.1937,泰安市,监测站,细颗粒物(PM2.5),133,129,111,101,78,10,,,,47,52,8,11,1.4,1.3
2024-12-13T0700,1657A,117.0885,36.2017,泰安市,人口学校,细颗粒物(PM2.5),128,102,101,97,61,25,,,,30,46,4,10,0.7,0.8
2024-12-13T0700,1658A,117.1089,36.1758,泰安市,电力学校,细颗粒物(PM2.5),130,,114,99,77,18,,,,35,56,3,10,0.8,1.2
2024-12-13T0700,3502A,117.1812,36.2275,泰安市,国网新校,细颗粒物(PM2.5),104,107,90,78,66,11,,,,40,35,7,8,1.1,1
2024-12-13T0700,3503A,117.0313,36.2018,泰安市,交通技校,细颗粒物(PM2.5),114,,74,86,56,18,,,,38,55,1,5,0.7,0.7
2024-12-13T0700,3504A,117.0829,36.13,泰安市,山东第一医科大学,细颗粒物(PM2.5),129,102,110,98,84,4,,,,52,56,5,9,0.7,1
2024-12-13T0700,1206A,119.905,32.4878,泰州市,公园路,,45,34,39,31,27,13,,,,48,32,4,4,0.5,0.5
2024-12-13T0700,1207A,119.9189,32.4625,泰州市,莲花,,42,37,40,29,27,25,,,,39,29,6,6,0.8,0.7
2024-12-13T0700,1209A,119.888,32.4639,泰州市,留学生创业园,细颗粒物(PM2.5),63,55,45,45,28,3,,,,55,36,8,8,0.6,0.5
2024-12-13T0700,2997A,119.8767,32.3289,泰州市,王营,,45,43,41,31,28,2,,,,58,42,3,3,0.5,0.5
2024-12-13T0700,3295A,120.1259,32.5099,泰州市,姜堰区政府广场,"颗粒物(PM10),细颗粒物(PM2.5)",55,59,46,39,29,27,,,,41,32,6,5,0.5,0.5
2024-12-13T0700,3435A,119.9192,32.4322,泰州市,周山河街区,,48,48,43,33,29,26,,,,33,27,8,8,0.6,0.6
2024-12-13T0700,1037A,118.131,39.6363,唐山市,雷达站,细颗粒物(PM2.5),115,133,119,87,78,9,,,,63,64,8,7,1.4,1
2024-12-13T0700,1038A,118.1725,39.6334,唐山市,物资局,颗粒物(PM10),79,107,105,56,62,7,,,,66,66,13,10,1.2,1
2024-12-13T0700,1040A,118.1705,39.6506,唐山市,十二中,细颗粒物(PM2.5),83,95,102,61,62,5,,,,71,66,9,6,1.2,0.9
2024-12-13T0700,1041A,118.1869,39.622,唐山市,小山,颗粒物(PM10),69,87,99,49,61,1,,,,62,60,13,10,1.1,0.9
2024-12-13T0700,3457A,118.4359,39.2762,唐山市,冀东油田职工医院,细颗粒物(PM2.5),78,82,88,57,61,5,,,,57,60,10,10,1.0,1
2024-12-13T0700,3575A,118.09279,39.58089,唐山市,正泰大街热力站,细颗粒物(PM2.5),103,116,119,77,78,3,,,,55,62,6,7,1.3,1.2
2024-12-13T0700,3576A,118.1562,39.8322,唐山市,丰润区政府,细颗粒物(PM2.5),99,116,131,74,83,5,,,,56,58,8,9,1.4,1.4
2024-12-13T0700,3577A,118.43673,39.73809,唐山市,金山小学,,40,40,143,8,71,54,,,,9,55,2,8,0.2,1
2024-12-13T0700,3578A,118.24498,39.66941,唐山市,政府服务中心,细颗粒物(PM2.5),107,110,96,80,64,5,,,,57,56,6,4,1.4,1
2024-12-13T0700,3692A,118.2059,39.6585,唐山市,消防缸窑路中队,细颗粒物(PM2.5),92,114,110,68,61,6,,,,63,64,14,11,1.4,1
2024-12-13T0700,3693A,118.1436,39.6202,唐山市,路南电大,细颗粒物(PM2.5),100,114,114,75,72,2,,,,74,70,9,7,1.3,0.9
2024-12-13T0700,1015A,117.1444,39.1661,天津市,勤俭道,,22,22,94,11,59,42,,,,24,51,3,7,0.5,0.8
2024-12-13T0700,1017A,117.237,39.1082,天津市,大直沽八号路,,22,22,86,11,56,42,,,,22,49,2,6,0.2,0.6
2024-12-13T0700,1018A,117.202,39.0927,天津市,前进道,,20,20,95,10,54,50,,,,19,54,4,8,0.2,0.6
2024-12-13T0700,1019A,117.1837,39.2133,天津市,淮河道,,24,24,112,12,67,34,,,,31,53,3,7,0.3,0.8
2024-12-13T0700,1021A,117.307,39.0877,天津市,跃进路,,27,27,97,13,60,48,,,,17,50,4,6,0.3,0.6
2024-12-13T0700,1023A,117.707,39.0343,天津市,第四大街,,31,31,87,17,52,32,,,,31,55,5,6,0.4,0.8
2024-12-13T0700,1024A,117.457,38.8394,天津市,永明路,,27,27,74,13,47,48,,,,21,50,5,10,0.2,0.6
2024-12-13T0700,1026A,117.764,39.1587,天津市,汉北路,,35,35,97,17,48,15,,,,43,58,7,10,0.3,0.8
2024-12-13T0700,2858A,117.7918,39.2474,天津市,河西一经路,,30,30,99,18,59,20,,,,40,60,5,7,0.4,0.8
2024-12-13T0700,2859A,117.3747,38.9846,天津市,津沽路,,23,23,86,12,53,53,,,,20,53,1,5,0.3,0.6
2024-12-13T0700,2860A,117.1589,39.0845,天津市,宾水西道,,20,20,83,11,59,41,,,,24,56,3,6,0.4,0.8
2024-12-13T0700,2922A,117.1941,39.1067,天津市,大理道,,20,20,84,10,53,56,,,,16,54,4,7,0.2,0.6
2024-12-13T0700,3020A,117.2101,39.1699,天津市,中山北路,,20,20,87,10,52,38,,,,34,54,2,4,0.0,0.4
2024-12-13T0700,3051A,117.3876,39.1488,天津市,西四道,,23,23,92,13,54,43,,,,26,57,7,8,0.3,0.7
2024-12-13T0700,3325A,117.0365,39.3828,天津市,雍阳西道,,23,23,117,9,77,46,,,,21,59,3,6,0.5,0.9
2024-12-13T0700,3326A,117.0296,39.0605,天津市,辛老路,,29,29,112,13,66,39,,,,24,54,2,7,0.3,0.7
2024-12-13T0700,3327A,116.9638,38.9375,天津市,地纬路,,42,42,105,27,74,19,,,,48,59,2,7,0.4,0.7
2024-12-13T0700,3460A,117.4067,40.0583,天津市,北环路,,18,18,65,10,42,50,,,,12,43,4,7,0.3,0.6
2024-12-13T0700,3461A,117.3045,39.7169,天津市,建设路,,24,24,107,11,64,46,,,,13,53,5,9,0.2,0.8
2024-12-13T0700,3462A,117.8199,39.3521,天津市,滨水东路,,45,45,128,28,74,18,,,,40,63,4,7,0.5,0.8
2024-12-13T0700,2650A,105.7205,34.5786,天水市,公园小学,,45,45,45,22,31,46,,,,13,13,12,11,0.5,0.5
2024-12-13T0700,2651A,105.8945,34.5538,天水市,麦积国土局,,43,32,42,30,32,47,,,,18,15,8,10,0.4,0.4
2024-12-13T0700,2216A,123.8139,42.3022,铁岭市,汇工街西,细颗粒物(PM2.5),119,114,99,90,70,4,,,,55,52,29,27,1.8,1.5
2024-12-13T0700,2217A,123.8649,42.2923,铁岭市,水上乐园,细颗粒物(PM2.5),104,94,88,78,66,8,,,,47,42,14,17,1.1,1.2
2024-12-13T0700,2218A,123.8486,42.2867,铁岭市,银州路东段,细颗粒物(PM2.5),113,118,100,85,65,2,,,,51,52,13,16,1.7,1.1
2024-12-13T0700,2219A,123.7153,42.2217,铁岭市,金沙江路北,细颗粒物(PM2.5),88,79,82,65,58,6,,,,42,54,9,12,1.4,1.2
2024-12-13T0700,2229A,125.9358,41.7173,通化市,光明,,45,45,53,28,28,6,,,,48,38,19,17,1.6,1.3
2024-12-13T0700,2230A,125.9446,41.7325,通化市,铁路,,38,38,48,19,28,4,,,,42,38,12,20,0.9,0.9
2024-12-13T0700,2191A,122.2532,43.6801,通辽市,艺术职业学校,,28,28,38,7,15,41,,,,13,18,6,12,1.4,0.9
2024-12-13T0700,3706A,122.2584,43.6333,通辽市,老干部活动中心,,33,33,46,21,24,49,,,,6,15,10,12,0.1,0.3
2024-12-13T0700,3708A,122.2922,43.6189,通辽市,东方明珠社区,,33,33,45,18,31,42,,,,19,23,20,15,0.4,0.6
2024-12-13T0700,1923A,109.0697,35.0697,铜川市,王益区政府,,39,39,57,22,50,50,,,,17,25,4,6,0.5,0.7
2024-12-13T0700,1924A,108.9344,34.9058,铜川市,新区管委会,,43,43,75,18,59,67,,,,11,20,7,8,0.4,0.7
2024-12-13T0700,3651A,108.9543,34.8732,铜川市,旺旺集团,,40,40,77,19,68,65,,,,10,21,6,8,0.4,0.7
2024-12-13T0700,2285A,117.8177,30.9412,铜陵市,市第四中学,细颗粒物(PM2.5),99,86,96,74,68,23,,,,34,35,7,8,0.4,0.6
2024-12-13T0700,2286A,117.8059,30.9273,铜陵市,市公路局,细颗粒物(PM2.5),83,83,87,61,76,21,,,,29,30,1,3,0.6,0.8
2024-12-13T0700,2287A,117.7807,30.9413,铜陵市,市新民污水厂,细颗粒物(PM2.5),72,80,87,52,60,21,,,,32,32,2,3,0.6,0.7
2024-12-13T0700,2288A,117.7439,30.8792,铜陵市,市第九中学,细颗粒物(PM2.5),84,84,92,62,65,22,,,,36,38,3,5,0.6,0.8
2024-12-13T0700,2289A,117.846,30.9413,铜陵市,车站新区,细颗粒物(PM2.5),92,88,95,68,61,20,,,,29,33,4,5,0.6,0.7
2024-12-13T0700,2290A,117.8483,30.97,铜陵市,市职教基地,细颗粒物(PM2.5),82,88,72,60,46,13,,,,42,32,22,8,0.8,0.8
2024-12-13T0700,2585A,109.1839,27.7344,铜仁市,铜仁卫校,细颗粒物(PM2.5),78,77,73,57,53,39,,,,18,17,2,1,0.5,0.5
2024-12-13T0700,2586A,109.1753,27.6944,铜仁市,铜仁七中,细颗粒物(PM2.5),90,69,59,67,57,35,,,,19,16,3,4,0.4,0.4
2024-12-13T0700,2686A,89.1904,42.9418,吐鲁番市,市环保局,颗粒物(PM10),67,83,99,45,54,20,,,,32,37,4,6,1.0,1.4
2024-12-13T0700,2687A,89.1673,42.9559,吐鲁番市,地区环保局,细颗粒物(PM2.5),74,65,109,54,65,7,,,,44,45,3,3,2.0,1.8
2024-12-13T0700,1662A,122.1214,37.4236,威海市,华夏技校,细颗粒物(PM2.5),54,,33,38,26,40,,,,22,20,4,6,0.5,0.5
2024-12-13T0700,1663A,122.0508,37.5236,威海市,山大分校,,42,39,37,29,23,54,,,,19,18,6,7,0.5,0.5
2024-12-13T0700,1664A,122.1067,37.5072,威海市,市监测站,细颗粒物(PM2.5),53,39,36,37,24,31,,,,22,15,2,5,0.7,0.6
2024-12-13T0700,1982A,122.0693,37.2174,威海市,文登开发区,细颗粒物(PM2.5),55,51,47,39,32,38,,,,25,23,8,10,0.7,0.6
2024-12-13T0700,3505A,122.1379,37.3414,威海市,临港区管委会,,49,46,40,34,24,34,,,,20,19,1,4,0.4,0.4
2024-12-13T0700,1650A,119.1437,36.7023,潍坊市,环保局,细颗粒物(PM2.5),73,73,84,53,57,3,,,,58,48,8,9,0.9,1
2024-12-13T0700,2877A,119.1641,36.6523,潍坊市,坊子邮政,细颗粒物(PM2.5),77,78,90,56,61,5,,,,55,44,10,11,1.0,1
2024-12-13T0700,3178A,119.0587,36.721,潍坊市,潍坊七中,细颗粒物(PM2.5),75,85,103,55,74,0,,,,57,45,12,13,0.8,0.8
2024-12-13T0700,3368A,119.1977,36.6872,潍坊市,高新实验学校,细颗粒物(PM2.5),73,75,78,53,51,9,,,,53,49,10,9,0.8,0.8
2024-12-13T0700,3416A,119.1755,36.7149,潍坊市,潍坊学院,细颗粒物(PM2.5),69,73,75,50,48,15,,,,45,40,11,12,0.9,0.9
2024-12-13T0700,3861A,119.2041,36.7699,潍坊市,寒亭区实验一小,细颗粒物(PM2.5),77,68,78,56,52,9,,,,53,47,13,15,1.1,1.2
2024-12-13T0700,1939A,109.4974,34.4877,渭南市,日报社,,41,41,98,12,79,29,,,,50,44,3,5,0.6,0.9
2024-12-13T0700,1940A,109.4636,34.493,渭南市,体育馆,,46,46,99,15,72,46,,,,28,37,6,8,0.5,0.8
2024-12-13T0700,1941A,109.4259,34.5023,渭南市,高新一小,,40,40,94,14,72,45,,,,31,38,4,6,0.5,0.8
2024-12-13T0700,1242A,120.634,28.0089,温州市,瓯海,,10,9,40,3,27,22,,,,20,22,6,6,0.5,0.5
2024-12-13T0700,1243A,120.6748,27.9939,温州市,南浦,,11,8,29,3,23,21,,,,22,21,6,6,0.6,0.5
2024-12-13T0700,1244A,120.76,27.9747,温州市,龙湾,,18,8,30,3,18,11,,,,35,28,5,5,0.6,0.6
2024-12-13T0700,1245A,120.6709,28.0167,温州市,市站,,14,7,36,3,24,17,,,,27,26,5,6,0.8,0.7
2024-12-13T0700,3561A,120.6985,27.9251,温州市,茶山,,10,6,34,3,21,26,,,,19,25,5,5,0.7,0.6
2024-12-13T0700,2610A,104.2533,23.3594,文山壮族苗族自治州,州水务局,,32,,23,22,16,22,,,,6,9,14,8,0.5,0.5
2024-12-13T0700,2611A,104.2319,23.3892,文山壮族苗族自治州,市便民服务中心,,23,,20,16,16,27,,,,6,9,13,8,0.7,0.6
2024-12-13T0700,2187A,106.8174,39.6973,乌海市,市林业局,,40,40,112,20,28,70,,,,5,11,8,7,0.3,0.4
2024-12-13T0700,2188A,106.7907,39.6667,乌海市,中海勃湾学校,,34,34,104,22,26,77,,,,7,8,8,8,0.4,0.4
2024-12-13T0700,3284A,106.813,39.7274,乌海市,海北新区,,32,32,116,3,19,27,,,,43,20,13,11,0.5,0.4
2024-12-13T0700,3621A,106.8288,39.6778,乌海市,聚英学校,,31,31,155,7,27,76,,,,5,8,14,13,0.4,0.4
2024-12-13T0700,2197A,113.1306,40.9923,乌兰察布市,集宁新区,,29,29,44,15,24,63,,,,2,12,7,6,0.3,0.4
2024-12-13T0700,3034A,113.1076,41.0385,乌兰察布市,光明街小学,,35,35,43,21,27,48,,,,25,20,11,10,0.3,0.4
2024-12-13T0700,3285A,113.1376,40.9509,乌兰察布市,北京八中,,42,42,43,10,19,61,,,,7,12,15,11,0.4,0.5
2024-12-13T0700,3421A,113.1775,40.9779,乌兰察布市,市委党校,,31,31,45,19,22,67,,,,3,12,6,7,0.5,0.6
2024-12-13T0700,1490A,87.5801,43.8303,乌鲁木齐市,监测站,细颗粒物(PM2.5),77,61,58,56,54,4,,,,76,60,2,2,1.6,1.1
2024-12-13T0700,1491A,87.6046,43.768,乌鲁木齐市,收费所,细颗粒物(PM2.5),92,86,72,68,62,4,,,,58,57,2,3,1.1,1.1
2024-12-13T0700,1492A,87.4754,43.9469,乌鲁木齐市,新疆农科院农场,细颗粒物(PM2.5),89,68,78,66,70,3,,,,67,55,5,5,1.4,1.3
2024-12-13T0700,1493A,87.5525,43.8711,乌鲁木齐市,铁路局,细颗粒物(PM2.5),99,92,84,74,67,2,,,,71,55,4,3,1.2,0.9
2024-12-13T0700,1494A,87.6432,43.831,乌鲁木齐市,三十一中学,细颗粒物(PM2.5),84,77,74,62,58,4,,,,46,36,4,4,1.0,1
2024-12-13T0700,1496A,87.7216,44.1747,乌鲁木齐市,米东区环保局,细颗粒物(PM2.5),147,126,122,112,103,4,,,,68,63,4,5,1.0,1
2024-12-13T0700,3033A,87.4651,43.4569,乌鲁木齐市,培训基地,,19,19,28,3,9,52,,,,23,19,2,3,0.5,0.5
2024-12-13T0700,3437A,88.3118,43.3658,乌鲁木齐市,达坂城区环保局,,42,41,28,29,21,56,,,,10,8,6,4,0.5,0.4
2024-12-13T0700,3438A,87.6162,43.8801,乌鲁木齐市,红光山片区,细颗粒物(PM2.5),80,,71,59,75,3,,,,63,58,5,6,0.9,1
2024-12-13T0700,3439A,87.7024,43.8004,乌鲁木齐市,新师大温泉校区,细颗粒物(PM2.5),72,69,72,52,58,43,,,,31,41,9,9,0.6,0.7
2024-12-13T0700,3440A,87.4921,43.8411,乌鲁木齐市,大绿谷,细颗粒物(PM2.5),85,80,72,63,63,2,,,,73,57,1,1,1.3,1
2024-12-13T0700,1188A,120.269,31.4867,无锡市,雪浪,,17,17,35,9,17,54,,,,13,33,7,8,0.6,0.8
2024-12-13T0700,1189A,120.275,31.6219,无锡市,黄巷,,28,28,52,14,28,24,,,,52,60,6,7,1.0,1.1
2024-12-13T0700,1190A,120.294,31.56,无锡市,曹张,,21,21,38,14,22,28,,,,38,43,6,7,0.7,0.7
2024-12-13T0700,1191A,120.242,31.5031,无锡市,漆塘,,20,,34,14,22,46,,,,13,30,4,6,0.8,0.9
2024-12-13T0700,1192A,120.3489,31.5863,无锡市,东亭,,24,24,40,14,20,32,,,,28,35,5,6,0.2,0.7
2024-12-13T0700,1193A,120.354,31.5475,无锡市,旺庄,,24,24,37,14,21,39,,,,34,41,7,9,0.6,0.7
2024-12-13T0700,1194A,120.245,31.5631,无锡市,荣巷,,25,24,37,17,22,21,,,,34,40,3,5,0.7,0.7
2024-12-13T0700,1195A,120.299,31.6817,无锡市,堰桥,,39,39,46,27,30,4,,,,66,41,9,10,0.9,0.8
2024-12-13T0700,3428A,120.3142,31.4753,无锡市,华庄,,20,20,31,13,20,43,,,,20,35,6,6,0.5,0.6
2024-12-13T0700,2677A,106.1532,37.9648,吴忠市,教育园区,颗粒物(PM10),64,77,57,16,19,63,,,,16,16,27,17,0.6,0.4
2024-12-13T0700,2679A,106.1856,37.9956,吴忠市,新区二泵站,颗粒物(PM10),59,68,56,15,17,62,,,,22,18,20,13,0.5,0.3
2024-12-13T0700,3648A,106.2112,37.9768,吴忠市,文卫南街,颗粒物(PM10),65,80,62,23,20,62,,,,12,12,18,12,0.8,0.7
2024-12-13T0700,1794A,118.3606,31.3519,芜湖市,监测站,细颗粒物(PM2.5),88,96,89,65,58,4,,,,46,56,7,8,0.8,0.9
2024-12-13T0700,1795A,118.3714,31.4134,芜湖市,科创中心,细颗粒物(PM2.5),85,97,89,63,61,4,,,,56,57,8,11,0.8,0.9
2024-12-13T0700,1796A,118.3673,31.3131,芜湖市,四水厂,细颗粒物(PM2.5),90,107,90,67,56,11,,,,40,45,11,11,0.9,1
2024-12-13T0700,3328A,118.4209,31.3707,芜湖市,市气象局,细颗粒物(PM2.5),93,90,75,69,58,2,,,,52,51,9,10,1.0,1
2024-12-13T0700,3465A,118.4781,31.3225,芜湖市,清苑社区,细颗粒物(PM2.5),92,97,81,68,53,3,,,,48,53,8,8,1.1,0.9
2024-12-13T0700,3466A,118.2746,31.2326,芜湖市,扬子职业技术学院,细颗粒物(PM2.5),94,96,80,70,57,8,,,,48,45,10,8,0.9,0.8
2024-12-13T0700,2495A,111.3014,23.4832,梧州市,市逸夫小学,颗粒物(PM10),51,51,55,29,32,29,,,,13,11,9,9,0.8,0.8
2024-12-13T0700,2496A,111.3239,23.4794,梧州市,市十一中,,36,36,38,20,24,34,,,,17,14,8,8,0.7,0.6
2024-12-13T0700,2497A,111.247,23.4189,梧州市,龙圩,细颗粒物(PM2.5),52,,36,36,43,39,,,,8,10,8,9,0.5,0.4
2024-12-13T0700,2498A,111.2711,23.4835,梧州市,龙新,,42,39,50,29,31,30,,,,20,20,9,12,0.9,0.8
2024-12-13T0700,2711A,87.5475,44.1756,五家渠市,农水大厦,细颗粒物(PM2.5),120,124,135,91,102,1,,,,70,48,7,8,1.7,1.1
2024-12-13T0700,3441A,87.546,44.1912,五家渠市,经开区管委会,细颗粒物(PM2.5),144,134,140,110,120,2,,,,60,46,4,6,1.3,1.1
2024-12-13T0700,1325A,114.3677,30.5584,武汉市,东湖梨园,细颗粒物(PM2.5),110,91,87,83,81,39,,,,37,39,8,11,0.5,0.6
2024-12-13T0700,1326A,114.2529,30.558,武汉市,汉阳月湖,细颗粒物(PM2.5),128,100,99,97,89,26,,,,31,36,10,12,0.8,0.9
2024-12-13T0700,1327A,114.282,30.6189,武汉市,汉口花桥,细颗粒物(PM2.5),110,94,92,83,82,25,,,,39,42,8,9,0.7,0.7
2024-12-13T0700,1328A,114.3025,30.5332,武汉市,武昌紫阳,细颗粒物(PM2.5),128,,99,97,88,25,,,,41,42,10,12,0.8,1
2024-12-13T0700,1329A,114.3646,30.6217,武汉市,青山钢花,细颗粒物(PM2.5),117,95,91,88,84,27,,,,43,44,9,10,0.5,0.5
2024-12-13T0700,1330A,114.1566,30.4825,武汉市,沌口新区,细颗粒物(PM2.5),138,110,101,105,95,13,,,,46,48,10,11,0.6,0.7
2024-12-13T0700,1331A,114.3014,30.5944,武汉市,汉口江滩,细颗粒物(PM2.5),130,,91,99,88,25,,,,38,39,7,9,0.7,0.7
2024-12-13T0700,1333A,114.135,30.6319,武汉市,吴家山,细颗粒物(PM2.5),119,106,98,90,84,8,,,,45,45,10,10,0.7,0.7
2024-12-13T0700,1334A,113.8454,30.2917,武汉市,沉湖七壕,细颗粒物(PM2.5),63,62,75,45,49,33,,,,18,27,2,4,0.6,0.6
2024-12-13T0700,3153A,114.3877,30.4908,武汉市,民族大道182号,细颗粒物(PM2.5),117,,78,88,82,41,,,,39,44,9,11,0.6,0.7
2024-12-13T0700,2652A,102.6201,37.9251,武威市,监测站,颗粒物(PM10),78,106,112,39,40,31,,,,24,19,5,6,0.8,0.7
2024-12-13T0700,3201A,102.6486,37.9325,武威市,东关招商场,细颗粒物(PM2.5),109,159,126,82,48,6,,,,36,21,4,5,1.5,0.7
2024-12-13T0700,1463A,108.993,34.2629,西安市,兴庆小区,,34,34,69,11,58,60,,,,20,25,5,5,0.7,0.8
2024-12-13T0700,1464A,109.06,34.2572,西安市,纺织城,,34,34,89,17,68,55,,,,27,34,6,7,0.4,0.7
2024-12-13T0700,1465A,108.9356,34.2173,西安市,小寨,,43,43,96,11,61,59,,,,15,23,3,4,0.2,0.5
2024-12-13T0700,1466A,108.954,34.2713,西安市,市人民体育场,,32,32,80,10,61,53,,,,25,29,4,6,0.3,0.5
2024-12-13T0700,1467A,108.8922,34.2322,西安市,高新西区,,19,19,70,13,63,58,,,,16,23,3,5,0.5,0.6
2024-12-13T0700,1468A,108.935,34.3474,西安市,经开区,,35,35,75,14,64,41,,,,34,28,4,5,0,0.2
2024-12-13T0700,1469A,108.906,34.1546,西安市,长安区,,40,40,89,16,68,61,,,,18,25,5,6,0.4,0.6
2024-12-13T0700,1471A,109.2186,34.3731,西安市,临潼区,,40,36,88,28,83,55,,,,21,29,5,6,0.3,0.6
2024-12-13T0700,1472A,108.869,34.378,西安市,草滩,,29,29,80,12,46,44,,,,20,21,3,2,0.0,0.3
2024-12-13T0700,1473A,108.985,34.1978,西安市,曲江文化产业集团,,34,34,79,11,60,58,,,,18,27,6,7,0.3,0.5
2024-12-13T0700,1474A,109.051,34.3213,西安市,广运潭,,35,34,88,24,75,45,,,,29,30,2,3,0.4,0.7
2024-12-13T0700,3524A,108.6116,34.1164,西安市,文体局,,24,24,95,9,68,63,,,,10,18,10,11,0.3,0.7
2024-12-13T0700,3605A,109.09,34.5236,西安市,无线电监控中心,,42,42,82,16,70,50,,,,23,32,8,10,0.4,0.6
2024-12-13T0700,4055A,108.8869,34.2662,西安市,行知小学,,28,28,83,14,64,59,,,,15,22,5,6,0.3,0.5
2024-12-13T0700,3055A,101.7775,36.6428,西宁市,城北区政府,,46,36,46,32,36,48,,,,26,30,8,13,0.4,0.5
2024-12-13T0700,3629A,101.8305,36.5786,西宁市,世纪职校,,38,,41,26,34,43,,,,27,31,5,16,0.5,0.6
2024-12-13T0700,3630A,101.7413,36.6397,西宁市,师大城西校区,,44,44,47,30,39,30,,,,51,30,11,15,0.6,0.6
2024-12-13T0700,2612A,100.7939,22.0019,西双版纳傣族自治州,景洪市江南,,39,30,48,27,31,7,,,,18,24,7,6,0.6,0.6
2024-12-13T0700,2613A,100.8017,22.0225,西双版纳傣族自治州,景洪市江北,,32,32,37,18,21,18,,,,11,15,8,9,0.4,0.5
2024-12-13T0700,3606A,108.7108,34.46,西咸新区,北杜,,27,27,67,14,51,56,,,,21,25,5,7,0.3,0.5
2024-12-13T0700,3607A,108.7096,34.2956,西咸新区,同德佳苑,,34,34,72,13,57,68,,,,10,18,3,5,0.2,0.4
2024-12-13T0700,3608A,108.8558,34.4978,西咸新区,崇文塔,,44,44,74,9,60,64,,,,10,22,2,4,0.3,0.5
2024-12-13T0700,2202A,116.1042,43.9317,锡林郭勒盟,市环保监测站,,18,16,24,12,8,51,,,,8,9,5,7,0.2,0.3
2024-12-13T0700,2203A,116.0781,43.9311,锡林郭勒盟,市政府,,17,14,17,6,5,52,,,,8,10,8,9,0.2,0.2
2024-12-13T0700,1287A,118.1514,24.4767,厦门市,洪文,,50,50,34,30,18,2,,,,42,20,7,3,0.6,0.5
2024-12-13T0700,1288A,118.0661,24.4444,厦门市,鼓浪屿,,37,37,26,25,14,9,,,,35,17,3,1,0.7,0.7
2024-12-13T0700,2842A,118.0936,24.5058,厦门市,湖里中学,,42,42,30,26,16,2,,,,39,22,4,2,0.7,0.6
2024-12-13T0700,3527A,118.0958,24.5688,厦门市,集美中学,,33,33,26,21,16,11,,,,34,23,2,2,0.6,0.5
2024-12-13T0700,3528A,118.1493,24.7245,厦门市,同安二实小,,19,,15,13,12,20,,,,13,15,1,1,0.6,0.5
2024-12-13T0700,2447A,114.3175,29.8142,咸宁市,森林公园,细颗粒物(PM2.5),78,68,62,57,53,24,,,,38,38,9,7,0.9,1.1
2024-12-13T0700,2448A,114.3107,29.8454,咸宁市,市发改委,细颗粒物(PM2.5),114,94,102,86,84,18,,,,26,29,4,4,0.8,1
2024-12-13T0700,2449A,114.2936,29.8566,咸宁市,咸安区政府,细颗粒物(PM2.5),103,100,98,77,78,9,,,,40,37,9,10,0.7,0.9
2024-12-13T0700,3655A,114.3375,29.8683,咸宁市,长江产业园,细颗粒物(PM2.5),128,107,106,97,91,22,,,,28,29,6,8,0.8,1
2024-12-13T0700,1919A,108.673,34.3155,咸阳市,实验中学,,35,35,77,13,61,67,,,,12,19,2,4,0.5,0.7
2024-12-13T0700,1920A,108.7233,34.3617,咸阳市,师范学院,,43,43,86,24,67,60,,,,16,20,4,6,0.6,0.8
2024-12-13T0700,3165A,108.6594,34.2969,咸阳市,两寺渡,,49,49,91,13,60,58,,,,22,24,6,7,0.3,0.6
2024-12-13T0700,3525A,108.6396,34.4078,咸阳市,奥体中心,,40,40,81,16,59,66,,,,14,18,8,10,0.3,0.5
2024-12-13T0700,1508A,112.9433,27.8614,湘潭市,板塘,细颗粒物(PM2.5),125,112,108,95,89,27,,,,30,32,7,5,0.4,0.4
2024-12-13T0700,1511A,112.9118,27.8403,湘潭市,市监测站,细颗粒物(PM2.5),119,110,101,90,93,24,,,,29,30,7,5,0.5,0.5
2024-12-13T0700,1512A,112.8937,27.8728,湘潭市,江麓,细颗粒物(PM2.5),127,103,96,96,93,34,,,,21,23,8,6,0.4,0.4
2024-12-13T0700,1513A,112.9227,27.8159,湘潭市,岳塘,细颗粒物(PM2.5),123,102,89,93,91,23,,,,32,29,10,8,0.5,0.6
2024-12-13T0700,1514A,112.9074,27.9119,湘潭市,科大,细颗粒物(PM2.5),117,108,99,88,90,23,,,,33,34,8,6,0.4,0.5
2024-12-13T0700,1562A,113.0048,27.9153,湘潭市,昭山,细颗粒物(PM2.5),124,119,107,94,90,19,,,,27,32,5,4,0.5,0.7
2024-12-13T0700,1564A,112.4876,27.9164,湘潭市,韶山,细颗粒物(PM2.5),99,129,110,74,65,34,,,,31,28,7,5,0.5,0.5
2024-12-13T0700,2492A,109.6414,28.2558,湘西土家族苗族自治州,跃进水库,,28,25,29,19,23,7,,,,4,4,6,7,0.8,0.8
2024-12-13T0700,2493A,109.7325,28.3169,湘西土家族苗族自治州,州政府,细颗粒物(PM2.5),70,55,62,51,52,8,,,,13,17,8,7,0.6,0.7
2024-12-13T0700,2494A,109.6958,28.2675,湘西土家族苗族自治州,吉首市计生局,细颗粒物(PM2.5),77,68,65,56,55,5,,,,28,27,4,5,0.8,0.8
2024-12-13T0700,2432A,112.155,32.0197,襄阳市,襄城运动路,颗粒物(PM10),64,77,136,32,95,57,,,,19,52,9,11,0.8,1
2024-12-13T0700,2433A,112.1392,32.0564,襄阳市,樊城新华路,颗粒物(PM10),62,73,142,32,101,56,,,,10,47,8,11,0.5,0.8
2024-12-13T0700,2434A,112.1825,32.1142,襄阳市,高新管委会,细颗粒物(PM2.5),85,95,157,63,117,41,,,,18,40,5,8,0.7,1
2024-12-13T0700,2435A,112.2106,32.0903,襄阳市,襄州航空路,颗粒物(PM10),71,92,155,37,103,52,,,,15,45,8,10,0.8,1.1
2024-12-13T0700,3396A,112.0828,32.0067,襄阳市,襄城隆中路,颗粒物(PM10),63,76,135,43,90,48,,,,18,41,11,12,0.5,0.8
2024-12-13T0700,3397A,112.1214,32.1008,襄阳市,高新台子湾,细颗粒物(PM2.5),64,72,173,46,91,51,,,,19,47,9,11,0.4,0.8
2024-12-13T0700,2443A,113.9153,30.9285,孝感市,文化路,细颗粒物(PM2.5),132,124,121,100,93,15,,,,45,42,10,9,0.8,0.8
2024-12-13T0700,2444A,113.942,30.9075,孝感市,东城区,细颗粒物(PM2.5),123,105,103,93,91,12,,,,46,40,10,10,0.8,0.8
2024-12-13T0700,2181A,112.7383,38.4519,忻州市,开发区,颗粒物(PM10),105,159,120,29,52,54,,,,15,33,4,8,0.3,0.7
2024-12-13T0700,2182A,112.7003,38.4928,忻州市,会展中心,颗粒物(PM10),116,182,120,38,52,35,,,,26,31,3,8,0.5,0.5
2024-12-13T0700,3208A,112.7283,38.4153,忻州市,市政府,颗粒物(PM10),111,171,120,28,45,56,,,,20,34,3,6,0.6,0.9
2024-12-13T0700,2389A,113.836,35.311,新乡市,环保西院,,47,47,147,3,97,66,,,,9,48,3,7,0.2,1.1
2024-12-13T0700,2390A,113.884,35.272,新乡市,开发区,,38,38,115,3,100,67,,,,10,45,3,8,0.5,1.2
2024-12-13T0700,2391A,113.883,35.303,新乡市,环保东院,,50,50,120,29,89,70,,,,14,50,1,6,0.4,1.1
2024-12-13T0700,3054A,113.9194,35.2847,新乡市,市委党校,颗粒物(PM10),54,58,126,6,89,70,,,,6,44,2,7,0.2,0.9
2024-12-13T0700,3475A,113.9188,35.3045,新乡市,市政府,,37,37,131,7,94,74,,,,13,50,5,9,0.6,1.2
2024-12-13T0700,3476A,113.9135,35.3327,新乡市,河师大,颗粒物(PM10),55,60,158,16,103,75,,,,5,50,4,10,0.4,1.3
2024-12-13T0700,3689A,113.9003,35.372,新乡市,行政服务中心,,36,36,144,21,108,67,,,,13,55,2,8,0.5,1.3
2024-12-13T0700,2353A,114.9886,27.8431,新余市,飞宇,细颗粒物(PM2.5),79,,63,58,69,53,,,,22,24,9,12,0.4,0.4
2024-12-13T0700,2354A,114.9231,27.8246,新余市,第二水厂,细颗粒物(PM2.5),77,,64,56,64,51,,,,24,28,11,13,0.3,0.4
2024-12-13T0700,2355A,114.9308,27.8036,新余市,市气象局,细颗粒物(PM2.5),62,54,59,44,49,51,,,,18,22,6,10,0.3,0.3
2024-12-13T0700,3206A,114.9149,27.807,新余市,新钢沁园村,细颗粒物(PM2.5),62,58,67,44,51,46,,,,20,25,10,13,0.6,0.6
2024-12-13T0700,2054A,114.1099,32.1059,信阳市,平桥分局,细颗粒物(PM2.5),127,122,116,96,87,24,,,,35,31,5,6,0.5,0.6
2024-12-13T0700,2064A,113.9956,32.1271,信阳市,南湾水厂,细颗粒物(PM2.5),128,115,107,97,89,45,,,,24,26,6,4,0.5,0.5
2024-12-13T0700,2065A,114.0775,32.1195,信阳市,市酿酒公司,细颗粒物(PM2.5),129,112,101,98,86,37,,,,25,28,5,6,0.8,0.7
2024-12-13T0700,2066A,114.0609,32.1399,信阳市,审计局,细颗粒物(PM2.5),145,124,97,111,97,38,,,,28,30,8,7,0.7,0.7
2024-12-13T0700,2200A,122.0392,46.0656,兴安盟,胜华新制药厂,,31,31,42,11,32,42,,,,14,23,4,5,0.1,0.4
2024-12-13T0700,2201A,121.9504,46.0741,兴安盟,科右前旗环保局,,18,18,39,12,27,56,,,,5,17,3,5,0.5,0.8
2024-12-13T0700,3035A,122.0931,46.0707,兴安盟,北滨河,,50,50,74,27,48,5,,,,39,36,13,15,1.0,1.1
2024-12-13T0700,1077A,114.4704,37.0886,邢台市,达活泉,颗粒物(PM10),78,106,116,14,68,66,,,,8,46,6,11,0.2,0.9
2024-12-13T0700,1078A,114.5062,37.0349,邢台市,邢师高专,颗粒物(PM10),87,123,121,16,67,62,,,,5,41,1,4,0.3,0.8
2024-12-13T0700,1079A,114.5237,37.0851,邢台市,路桥公司,颗粒物(PM10),69,87,105,13,67,66,,,,6,41,4,8,0.1,0.7
2024-12-13T0700,1080A,114.4725,37.0719,邢台市,市环保局,颗粒物(PM10),100,149,113,3,62,62,,,,3,41,2,7,0.4,1.1
2024-12-13T0700,3584A,115.8844,39.0341,雄安新区,容城县环境保护局,颗粒物(PM10),62,73,149,36,95,17,,,,48,70,10,13,0.5,0.9
2024-12-13T0700,3585A,115.8665,39.0645,雄安新区,河北容城中学,细颗粒物(PM2.5),74,67,136,54,93,6,,,,54,69,7,10,0.7,1.1
2024-12-13T0700,3586A,115.923,38.9405,雄安新区,安新县民政局,细颗粒物(PM2.5),69,75,139,50,93,13,,,,49,66,8,11,0.6,0.9
2024-12-13T0700,3587A,115.9324,38.9338,雄安新区,安新县电力局,细颗粒物(PM2.5),75,67,121,55,102,10,,,,46,67,12,13,0.9,1.2
2024-12-13T0700,3588A,116.0901,38.9816,雄安新区,雄县环境保护局,细颗粒物(PM2.5),74,90,135,54,87,5,,,,63,64,2,8,0.7,1
2024-12-13T0700,3589A,116.1105,39.0046,雄安新区,雄县国土资源局,细颗粒物(PM2.5),70,87,123,51,86,3,,,,56,61,3,5,0.5,0.8
2024-12-13T0700,1177A,117.179,34.2761,徐州市,黄河新村,细颗粒物(PM2.5),140,129,77,107,53,16,,,,55,39,8,8,0.5,0.5
2024-12-13T0700,1178A,117.1918,34.2384,徐州市,淮塔,细颗粒物(PM2.5),124,122,81,94,53,46,,,,32,37,9,9,0.8,0.7
2024-12-13T0700,1180A,117.256,34.2153,徐州市,新城区,细颗粒物(PM2.5),108,112,78,81,50,38,,,,34,42,9,10,0.7,0.8
2024-12-13T0700,1181A,117.244,34.2911,徐州市,桃园路,细颗粒物(PM2.5),123,127,86,93,49,34,,,,39,40,5,6,0.8,0.7
2024-12-13T0700,1182A,117.2933,34.2778,徐州市,农科院,细颗粒物(PM2.5),105,110,76,79,44,40,,,,39,47,7,8,0.8,0.9
2024-12-13T0700,3005A,117.1814,34.29,徐州市,鼓楼区政府,细颗粒物(PM2.5),115,105,63,87,46,36,,,,36,46,10,9,1.0,0.9
2024-12-13T0700,3006A,117.1694,34.1781,徐州市,铜山区招生办,细颗粒物(PM2.5),95,114,79,71,44,34,,,,46,48,6,8,0.6,0.6
2024-12-13T0700,3288A,117.4754,34.4422,徐州市,大泉街道,细颗粒物(PM2.5),119,129,88,90,54,28,,,,42,40,11,10,0.8,0.6
2024-12-13T0700,2396A,113.8276,34.0159,许昌市,监测站,颗粒物(PM10),63,75,132,26,98,51,,,,20,43,6,8,0.5,0.9
2024-12-13T0700,2398A,113.7906,33.9953,许昌市,开发区,颗粒物(PM10),52,53,144,27,104,56,,,,18,44,8,9,0.5,0.9
2024-12-13T0700,3134A,113.8172,34.0339,许昌市,市一中,颗粒物(PM10),57,64,124,29,103,54,,,,15,39,8,10,0.6,0.9
2024-12-13T0700,3337A,113.8614,34.0442,许昌市,许昌学院,颗粒物(PM10),67,83,136,28,96,56,,,,15,36,6,7,0.5,0.8
2024-12-13T0700,3338A,113.843,34.0823,许昌市,芙蓉广场,颗粒物(PM10),55,60,135,29,99,57,,,,19,45,6,8,0.5,0.9
2024-12-13T0700,3597A,113.8134,34.1251,许昌市,建安区兴业大厦,颗粒物(PM10),63,75,150,24,95,58,,,,12,33,3,5,0.3,0.7
2024-12-13T0700,2316A,118.7581,30.9454,宣城市,鳌峰子站,细颗粒物(PM2.5),100,80,70,75,59,26,,,,28,32,4,4,1.1,0.8
2024-12-13T0700,2317A,118.7385,30.9743,宣城市,敬亭山子站,细颗粒物(PM2.5),100,83,71,75,61,10,,,,37,29,4,4,1.0,0.7
2024-12-13T0700,2318A,118.7173,30.9427,宣城市,开发区子站,细颗粒物(PM2.5),89,84,70,66,52,19,,,,26,32,4,4,1.2,0.8
2024-12-13T0700,3470A,118.7724,30.9141,宣城市,夏渡子站,细颗粒物(PM2.5),90,76,72,67,59,23,,,,28,35,4,4,0.9,0.8
2024-12-13T0700,2554A,103.0475,30.02,雅安市,建安厂,细颗粒物(PM2.5),53,42,43,37,36,60,,,,15,35,4,4,0.4,0.5
2024-12-13T0700,2555A,103.0111,29.9833,雅安市,市政府,细颗粒物(PM2.5),57,42,40,40,36,59,,,,12,24,6,6,0.5,0.5
2024-12-13T0700,2556A,102.9905,29.9775,雅安市,川农大,细颗粒物(PM2.5),57,,35,40,30,59,,,,14,23,4,4,0.5,0.5
2024-12-13T0700,3700A,103.0456,29.9956,雅安市,康养中心,,,105,41,31,25,75,,,,10,9,6,5,,
2024-12-13T0700,1642A,121.2514,37.5639,烟台市,开发区,,39,27,42,27,29,49,,,,23,30,1,3,0.7,0.7
2024-12-13T0700,1643A,121.3719,37.5433,烟台市,轴承厂,细颗粒物(PM2.5),64,46,51,46,36,27,,,,28,29,7,12,0.7,0.7
2024-12-13T0700,1644A,121.3181,37.5436,烟台市,西郊化工站,细颗粒物(PM2.5),60,44,56,43,33,28,,,,30,31,7,9,1.0,0.9
2024-12-13T0700,1645A,121.4478,37.4822,烟台市,莱山环保局,细颗粒物(PM2.5),72,56,47,52,35,31,,,,19,21,2,5,0.9,0.8
2024-12-13T0700,1646A,121.2611,37.4967,烟台市,福山环保局,细颗粒物(PM2.5),70,51,63,51,39,35,,,,20,27,4,6,0.5,0.6
2024-12-13T0700,3057A,121.5992,37.4014,烟台市,牟平检察院,细颗粒物(PM2.5),67,61,50,48,35,33,,,,20,20,13,13,0.8,0.7
2024-12-13T0700,3366A,121.5206,37.4336,烟台市,中国农业大学,细颗粒物(PM2.5),67,58,57,48,37,27,,,,24,27,2,4,0.7,0.7
2024-12-13T0700,1926A,109.4131,36.6275,延安市,枣园,,41,41,41,22,34,26,,,,27,19,2,3,0.6,0.5
2024-12-13T0700,1927A,109.4761,36.6028,延安市,延大医附院,,48,48,54,17,35,29,,,,30,25,6,8,0.5,0.5
2024-12-13T0700,1929A,109.5056,36.6106,延安市,百米大道,颗粒物(PM10),53,55,51,17,34,60,,,,13,19,4,6,0.4,0.5
2024-12-13T0700,3652A,109.4809,36.5786,延安市,西北局旧址,颗粒物(PM10),51,52,54,15,30,59,,,,13,22,4,6,0.5,0.6
2024-12-13T0700,2237A,129.47,42.8883,延边朝鲜族自治州,妇幼医院,,36,36,36,20,22,33,,,,27,22,8,11,0.6,0.6
2024-12-13T0700,2238A,129.5055,42.9108,延边朝鲜族自治州,延边医院,,42,,24,29,20,42,,,,26,14,6,5,0.5,0.4
2024-12-13T0700,2239A,129.3964,42.8881,延边朝鲜族自治州,朝阳川镇医院,细颗粒物(PM2.5),78,,37,57,19,15,,,,42,20,8,6,1.0,0.6
2024-12-13T0700,1215A,120.118,33.4022,盐城市,盐城电厂,,48,48,36,31,22,35,,,,30,24,4,5,0.5,0.4
2024-12-13T0700,1216A,120.156,33.3942,盐城市,市监测站,,49,44,36,34,21,50,,,,25,28,4,5,0.5,0.5
2024-12-13T0700,1218A,120.2144,33.38,盐城市,开发区管委会,颗粒物(PM10),51,51,36,31,17,50,,,,21,22,4,6,0.4,0.3
2024-12-13T0700,3004A,120.1544,33.3663,盐城市,宝龙广场,细颗粒物(PM2.5),52,48,34,36,23,53,,,,20,21,6,7,0.5,0.5
2024-12-13T0700,3293A,120.1501,33.3367,盐城市,月亮广场,,47,47,32,26,16,56,,,,20,22,8,9,0.3,0.2
2024-12-13T0700,3436A,120.4279,33.205,盐城市,大丰高级中学,,39,34,33,27,21,45,,,,34,31,5,5,0.7,0.6
2024-12-13T0700,1186A,119.389,32.3761,扬州市,邗江监测站,细颗粒物(PM2.5),53,53,54,37,31,4,,,,51,39,2,5,0.7,0.7
2024-12-13T0700,2869A,119.447,32.4155,扬州市,五台山医院,,45,44,45,31,30,13,,,,51,42,2,4,0.5,0.7
2024-12-13T0700,3164A,119.4686,32.3942,扬州市,广陵建设局,颗粒物(PM10),53,55,52,34,31,16,,,,45,43,2,3,0.7,0.7
2024-12-13T0700,3195A,119.3633,32.3972,扬州市,市体育局,细颗粒物(PM2.5),54,51,51,38,30,0,,,,49,42,3,4,0.7,0.8
2024-12-13T0700,3294A,119.5653,32.4222,扬州市,引江管理处,细颗粒物(PM2.5),52,46,49,36,32,16,,,,47,40,2,3,0.7,0.7
2024-12-13T0700,1701A,111.9491,21.8658,阳江市,马南垌,,39,39,37,24,20,32,,,,22,25,8,8,0.5,0.6
2024-12-13T0700,3317A,111.9765,21.8947,阳江市,两阳中学,,33,33,38,23,21,27,,,,21,24,8,9,0.6,0.6
2024-12-13T0700,3453A,112.0125,21.8749,阳江市,阳东陶然,,31,31,38,18,22,38,,,,21,24,6,7,0.6,0.7
2024-12-13T0700,1738A,113.5758,37.8572,阳泉市,市中心,颗粒物(PM10),135,220,143,24,71,55,,,,18,39,3,18,0.4,1.1
2024-12-13T0700,1739A,113.4894,37.8731,阳泉市,赛鱼,颗粒物(PM10),121,192,155,37,87,49,,,,26,44,2,5,0.4,1
2024-12-13T0700,1740A,113.5819,37.8486,阳泉市,南庄,颗粒物(PM10),124,198,135,35,71,61,,,,14,38,1,19,0.4,1.1
2024-12-13T0700,1742A,113.5614,37.8703,阳泉市,平坦,颗粒物(PM10),130,209,142,14,76,45,,,,29,43,2,12,0.4,1.1
2024-12-13T0700,1743A,113.5158,37.8392,阳泉市,大阳泉,颗粒物(PM10),77,104,95,13,66,62,,,,13,40,3,7,0.4,0.8
2024-12-13T0700,3619A,113.617,37.8571,阳泉市,龙柱,颗粒物(PM10),126,202,137,28,76,50,,,,25,46,6,25,0.3,1.1
2024-12-13T0700,2252A,128.5159,47.4311,伊春市,环保局,,25,25,31,14,25,28,,,,28,19,3,4,0.7,0.6
2024-12-13T0700,2253A,128.9102,47.7412,伊春市,电力嘉园,,32,32,30,21,17,16,,,,41,18,5,6,0.3,0.2
2024-12-13T0700,2254A,129.5029,48.471,伊春市,汤旺河国家公园,,10,8,10,6,11,32,,,,12,12,5,5,0.4,0.4
2024-12-13T0700,3342A,128.4741,47.4346,伊春市,中心小学,细颗粒物(PM2.5),98,,53,73,49,29,,,,22,16,5,3,0.7,0.6
2024-12-13T0700,3343A,128.6871,47.7369,伊春市,检察院,,42,,32,29,31,55,,,,14,12,6,5,0.4,0.4
2024-12-13T0700,3344A,128.8431,47.8474,伊春市,双子河社区,细颗粒物(PM2.5),67,,33,48,47,44,,,,12,14,1,2,1.8,1.8
2024-12-13T0700,3480A,129.1368,47.6417,伊春市,美溪镇,细颗粒物(PM2.5),60,61,49,43,33,23,,,,29,24,4,7,0.7,0.6
2024-12-13T0700,2703A,81.2815,43.9404,伊犁哈萨克自治州,市环保局,颗粒物(PM10),52,54,50,32,36,30,,,,48,45,11,13,2.6,1.6
2024-12-13T0700,2704A,81.2996,43.9174,伊犁哈萨克自治州,新政府片区,颗粒物(PM10),52,53,60,26,38,12,,,,68,58,6,8,2.8,1.9
2024-12-13T0700,2705A,81.3364,43.941,伊犁哈萨克自治州,第二水厂,细颗粒物(PM2.5),57,53,68,40,49,7,,,,70,55,9,11,3.2,2.3
2024-12-13T0700,1882A,104.563,28.793,宜宾市,石马中学,,43,33,40,30,37,53,,,,11,16,4,4,0.5,0.6
2024-12-13T0700,1883A,104.6201,28.7728,宜宾市,市委,细颗粒物(PM2.5),58,43,56,41,51,46,,,,18,25,9,9,0.7,0.7
2024-12-13T0700,1884A,104.6055,28.793,宜宾市,宜宾四中,细颗粒物(PM2.5),59,,54,42,52,36,,,,25,26,8,8,0.6,0.7
2024-12-13T0700,1885A,104.639,28.7562,宜宾市,市政府,细颗粒物(PM2.5),54,,48,38,50,49,,,,17,23,7,7,0.6,0.6
2024-12-13T0700,1886A,104.5742,28.7199,宜宾市,黄金嘴,,45,44,48,31,37,54,,,,19,24,7,6,0.9,1
2024-12-13T0700,3728A,104.68,28.8071,宜宾市,白酒学院,细颗粒物(PM2.5),52,42,56,36,45,46,,,,16,22,8,8,0.7,0.7
2024-12-13T0700,1840A,111.2992,30.6981,宜昌市,白龙岗,细颗粒物(PM2.5),98,90,104,73,82,3,,,,34,46,3,3,0.7,0.8
2024-12-13T0700,1841A,111.3549,30.6465,宜昌市,伍家岗,细颗粒物(PM2.5),117,110,105,88,86,6,,,,32,46,2,4,0.7,0.7
2024-12-13T0700,1842A,111.2628,30.6961,宜昌市,点军区,细颗粒物(PM2.5),79,97,99,58,67,4,,,,23,37,4,5,0.7,0.8
2024-12-13T0700,1843A,111.3275,30.7819,宜昌市,夷陵区,细颗粒物(PM2.5),94,89,105,70,78,7,,,,30,42,7,8,0.6,0.7
2024-12-13T0700,3546A,111.4606,30.552,宜昌市,猇亭区张家湾站,细颗粒物(PM2.5),97,95,101,72,73,9,,,,44,39,5,9,0.8,0.7
2024-12-13T0700,3653A,111.3119,30.7273,宜昌市,云深路,细颗粒物(PM2.5),115,91,113,87,98,6,,,,41,52,6,6,0.8,0.9
2024-12-13T0700,2373A,114.3956,27.7844,宜春市,市石油公司,细颗粒物(PM2.5),67,68,62,48,41,20,,,,22,21,9,8,0.9,0.8
2024-12-13T0700,2374A,114.3703,27.7914,宜春市,市气象局,细颗粒物(PM2.5),70,67,63,51,43,15,,,,23,21,12,10,0.9,0.9
2024-12-13T0700,2375A,114.4013,27.8074,宜春市,市广电局,细颗粒物(PM2.5),82,73,65,60,48,31,,,,23,22,21,19,0.8,0.8
2024-12-13T0700,3151A,114.375,27.8097,宜春市,宜春学院北校区,细颗粒物(PM2.5),74,62,54,54,45,19,,,,24,22,10,10,0.9,0.8
2024-12-13T0700,3415A,114.4519,28.0828,宜春市,万载县环保局,细颗粒物(PM2.5),77,84,91,56,62,22,,,,17,30,14,15,0.8,0.8
2024-12-13T0700,2467A,112.4067,28.6428,益阳市,甘溪港,细颗粒物(PM2.5),143,139,134,109,97,17,,,,20,18,6,7,0.8,0.7
2024-12-13T0700,2468A,112.3458,28.5808,益阳市,市环保局,细颗粒物(PM2.5),159,131,112,121,104,20,,,,31,30,7,5,0.6,0.6
2024-12-13T0700,2469A,112.3437,28.5531,益阳市,市特殊教育学校,细颗粒物(PM2.5),155,133,119,118,109,24,,,,34,30,5,4,0.8,0.8
2024-12-13T0700,2470A,112.3347,28.6047,益阳市,资阳区政务中心,细颗粒物(PM2.5),169,136,118,128,106,12,,,,34,29,6,4,0.7,0.7
2024-12-13T0700,2471A,112.3744,28.5819,益阳市,赫山环保分局,,,125,134,,101,21,,,,28,27,4,5,0.9,0.8
2024-12-13T0700,1488A,106.2328,38.4975,银川市,贺兰山东路,颗粒物(PM10),51,52,64,30,40,21,,,,42,21,13,10,0.6,0.6
2024-12-13T0700,1489A,106.1358,38.5036,银川市,学院路,颗粒物(PM10),84,117,67,25,42,14,,,,50,30,8,11,0.7,0.7
2024-12-13T0700,2924A,106.2266,38.4418,银川市,水乡路,颗粒物(PM10),52,53,63,25,33,61,,,,20,21,16,13,0.4,0.5
2024-12-13T0700,2925A,106.2757,38.4842,银川市,上海东路,颗粒物(PM10),76,101,54,41,40,31,,,,37,22,5,6,0.6,0.4
2024-12-13T0700,2926A,106.1015,38.497,银川市,文昌北街,颗粒物(PM10),70,90,65,27,36,29,,,,33,25,8,9,0.5,0.5
2024-12-13T0700,3523A,106.5105,38.3856,银川市,滨河新区,颗粒物(PM10),56,61,59,15,26,39,,,,23,27,67,30,0.4,0.5
2024-12-13T0700,2358A,117.0564,28.2642,鹰潭市,新监测站,细颗粒物(PM2.5),92,71,38,68,33,43,,,,19,18,20,14,0.8,0.5
2024-12-13T0700,2359A,117.0311,28.2475,鹰潭市,财苑宾馆,细颗粒物(PM2.5),98,77,40,73,34,41,,,,20,18,18,14,0.7,0.6
2024-12-13T0700,2360A,117.0222,28.2264,鹰潭市,体育馆,细颗粒物(PM2.5),105,,42,79,37,42,,,,14,19,13,16,0.6,0.5
2024-12-13T0700,2361A,117.0017,28.2131,鹰潭市,三川水表,细颗粒物(PM2.5),133,,46,101,52,34,,,,18,23,11,14,0.6,0.5
2024-12-13T0700,1597A,122.2703,40.7094,营口市,大庆路,"颗粒物(PM10),细颗粒物(PM2.5)",67,83,129,48,85,8,,,,56,60,32,41,3.1,2.5
2024-12-13T0700,1598A,122.2150,40.6511,营口市,镜湖西路,颗粒物(PM10),60,70,68,38,40,14,,,,59,55,19,22,1.0,1.2
2024-12-13T0700,1599A,122.1658,40.6789,营口市,西炮台,颗粒物(PM10),56,61,111,28,60,14,,,,48,52,14,27,0.9,1.4
2024-12-13T0700,3379A,122.1139,40.2278,营口市,鲅鱼圈市民活动中心,,46,42,79,32,48,21,,,,48,53,23,20,0.8,1
2024-12-13T0700,3866A,122.2469,40.66302,营口市,三高中,细颗粒物(PM2.5),70,78,73,51,49,8,,,,57,51,17,19,1.0,1.2
2024-12-13T0700,4006A,122.3622,40.6762,营口市,老边实验小学,细颗粒物(PM2.5),145,119,137,111,87,12,,,,60,56,22,32,2.3,2.1
2024-12-13T0700,2477A,111.6217,26.2081,永州市,零陵南津渡,细颗粒物(PM2.5),94,106,92,70,65,58,,,,17,17,10,9,0.7,0.6
2024-12-13T0700,2478A,111.6156,26.4214,永州市,市环境监测站,细颗粒物(PM2.5),95,74,68,71,63,49,,,,18,16,9,8,0.7,0.7
2024-12-13T0700,2479A,111.6236,26.2331,永州市,零陵区环保局,细颗粒物(PM2.5),92,78,77,68,63,52,,,,23,20,6,5,0.8,0.8
2024-12-13T0700,2480A,111.5992,26.4364,永州市,永州市环保局,细颗粒物(PM2.5),92,72,66,68,60,47,,,,21,20,9,8,0.8,0.6
2024-12-13T0700,2481A,111.5989,26.4519,永州市,冷水滩区环保局,细颗粒物(PM2.5),102,82,71,76,62,41,,,,21,18,9,8,0.8,0.7
2024-12-13T0700,2638A,109.7414,38.3344,榆林市,红石峡森林公园,颗粒物(PM10),83,115,68,23,21,34,,,,22,14,10,9,0.8,0.7
2024-12-13T0700,2639A,109.7456,38.2911,榆林市,世纪广场,颗粒物(PM10),93,136,77,28,23,35,,,,34,22,18,10,0.5,0.4
2024-12-13T0700,2640A,109.7289,38.2839,榆林市,实验中学,颗粒物(PM10),100,149,82,24,20,46,,,,22,16,15,9,0.6,0.6
2024-12-13T0700,2641A,109.7336,38.2478,榆林市,环保监测大楼,颗粒物(PM10),93,136,89,32,22,32,,,,35,19,32,12,0.4,0.4
2024-12-13T0700,2509A,110.1106,22.7019,玉林市,寒山水库,颗粒物(PM10),51,51,35,35,29,41,,,,10,10,5,3,0.6,0.6
2024-12-13T0700,2510A,110.1675,22.6411,玉林市,市监测站,细颗粒物(PM2.5),62,55,49,44,33,42,,,,16,17,4,2,0.4,0.5
2024-12-13T0700,2511A,110.1433,22.6164,玉林市,南江一中,颗粒物(PM10),53,55,53,28,27,38,,,,17,17,3,3,0.5,0.5
2024-12-13T0700,3532A,110.1945,22.6831,玉林市,玉林师范学院东校区,细颗粒物(PM2.5),54,,33,38,31,44,,,,12,12,6,4,0.4,0.5
2024-12-13T0700,3533A,110.0527,22.5893,玉林市,福绵环保局,细颗粒物(PM2.5),55,,33,39,31,42,,,,20,20,5,5,0.5,0.6
2024-12-13T0700,2675A,97,33.0014,玉树藏族自治州,玉树县结古镇,颗粒物(PM10),61,71,92,16,21,32,,,,25,20,9,8,0.6,0.7
2024-12-13T0700,1715A,102.575,24.3711,玉溪市,东风水库,,26,18,22,18,16,24,,,,13,19,9,9,0.5,0.5
2024-12-13T0700,2882A,102.5389,24.3703,玉溪市,玉溪一中,,32,32,27,20,17,13,,,,23,22,10,9,1.6,0.9
2024-12-13T0700,2883A,102.5381,24.3389,玉溪市,文体中心,,28,28,32,19,15,7,,,,35,30,8,7,1.6,0.7
2024-12-13T0700,1847A,113.1094,29.3578,岳阳市,南湖风景区,细颗粒物(PM2.5),92,81,81,68,66,11,,,,31,31,6,8,0.9,1
2024-12-13T0700,1848A,113.1493,29.4251,岳阳市,城陵矶,细颗粒物(PM2.5),118,98,100,89,92,12,,,,40,38,13,11,1.0,1.1
2024-12-13T0700,1849A,113.1497,29.3575,岳阳市,开发区,细颗粒物(PM2.5),110,105,109,83,83,18,,,,40,44,12,12,0.9,0.9
2024-12-13T0700,1850A,113.2621,29.4758,岳阳市,云溪区,细颗粒物(PM2.5),97,81,82,72,64,1,,,,39,33,6,8,0.9,0.8
2024-12-13T0700,1851A,112.9943,29.4402,岳阳市,君山区,细颗粒物(PM2.5),85,81,86,63,70,20,,,,29,30,8,10,0.7,0.8
2024-12-13T0700,1852A,113.2117,29.355,岳阳市,金凤水库,细颗粒物(PM2.5),88,88,86,65,63,9,,,,29,28,4,5,0.7,0.9
2024-12-13T0700,1712A,112.0392,22.9169,云浮市,新市府,细颗粒物(PM2.5),53,,26,37,22,15,,,,33,24,13,5,0.7,0.7
2024-12-13T0700,1714A,112.0539,22.9539,云浮市,牧羊,,,49,33,31,20,14,,,,34,28,,10,0.7,0.8
2024-12-13T0700,3628A,112.0336,22.9374,云浮市,文笔,颗粒物(PM10),54,58,42,36,20,16,,,,33,28,19,13,0.7,0.7
2024-12-13T0700,2175A,110.9956,35.0147,运城市,运城中学,细颗粒物(PM2.5),55,45,131,39,100,41,,,,14,28,8,11,0.9,1.4
2024-12-13T0700,2178A,110.9686,35.0303,运城市,地区技校,颗粒物(PM10),56,61,139,30,92,44,,,,12,27,8,10,0.7,1.3
2024-12-13T0700,2179A,111.0414,35.1147,运城市,空港新区,颗粒物(PM10),60,69,125,22,97,57,,,,10,28,5,7,0.5,1.2
2024-12-13T0700,3667A,111.0283,35.0547,运城市,水利职院,颗粒物(PM10),57,63,127,33,103,51,,,,16,28,8,10,0.4,1.1
2024-12-13T0700,3670A,111.0522,35.0439,运城市,禹都公园,颗粒物(PM10),55,60,126,19,94,58,,,,12,25,7,9,0.4,1
2024-12-13T0700,1637A,117.558,34.8438,枣庄市,市中区政府,细颗粒物(PM2.5),113,132,104,85,60,12,,,,58,48,8,6,0.6,0.8
2024-12-13T0700,1638A,117.2852,34.7837,枣庄市,薛城环保局,细颗粒物(PM2.5),103,129,87,77,47,17,,,,53,44,9,6,0.7,0.5
2024-12-13T0700,1639A,117.5852,34.7745,枣庄市,峄城区政府,细颗粒物(PM2.5),105,110,88,79,54,40,,,,34,45,5,11,0.4,0.4
2024-12-13T0700,1640A,117.7276,34.5578,枣庄市,台儿庄区环保局,细颗粒物(PM2.5),98,107,92,73,58,33,,,,38,44,5,6,0.6,0.7
2024-12-13T0700,1641A,117.4518,35.0992,枣庄市,山亭区环保局,细颗粒物(PM2.5),104,107,81,78,57,34,,,,36,36,6,7,0.6,0.6
2024-12-13T0700,3364A,117.3152,34.8103,枣庄市,市环保局,细颗粒物(PM2.5),92,117,66,68,38,28,,,,46,34,16,5,0.5,0.3
2024-12-13T0700,1680A,110.3539,21.2706,湛江市,湛江影剧院,,39,38,46,27,31,39,,,,17,18,18,19,0.7,0.8
2024-12-13T0700,1681A,110.3928,21.2228,湛江市,市环境监测站,,42,34,46,29,34,38,,,,17,18,10,13,0.7,0.8
2024-12-13T0700,1682A,110.4019,21.1997,湛江市,环保局宿舍,,46,41,47,32,36,34,,,,16,16,11,13,0.7,0.8
2024-12-13T0700,1683A,110.4111,21.2028,湛江市,霞山游泳场,,43,43,48,30,34,43,,,,12,16,12,12,0.7,0.8
2024-12-13T0700,1684A,110.3316,21.2679,湛江市,麻章区环保局,细颗粒物(PM2.5),52,42,51,36,37,34,,,,19,20,11,16,0.7,0.9
2024-12-13T0700,1685A,110.4558,21.2567,湛江市,坡头区环保局,,48,34,43,33,36,44,,,,13,15,9,13,0.7,0.8
2024-12-13T0700,1858A,110.5319,29.1217,张家界市,永定新区,细颗粒物(PM2.5),117,96,90,88,80,14,,,,27,28,5,6,0.5,0.5
2024-12-13T0700,1859A,110.4697,29.1242,张家界市,电业局,细颗粒物(PM2.5),97,90,86,72,68,15,,,,25,27,5,8,0.7,0.6
2024-12-13T0700,1860A,110.5594,29.3547,张家界市,未央路,细颗粒物(PM2.5),85,70,75,63,62,20,,,,10,13,4,5,0.6,0.6
2024-12-13T0700,1057A,114.8883,40.8336,张家口市,人民公园,,29,28,39,20,22,56,,,,2,7,1,3,0.3,0.3
2024-12-13T0700,1059A,114.8687,40.8042,张家口市,五金库,,35,35,43,8,15,53,,,,7,11,1,3,0.3,0.4
2024-12-13T0700,1060A,114.8902,40.762,张家口市,世纪豪园,,27,27,44,12,19,58,,,,2,10,6,6,0.3,0.4
2024-12-13T0700,1061A,114.8916,40.8661,张家口市,北泵房,,27,27,44,9,21,62,,,,4,8,5,6,0.5,0.6
2024-12-13T0700,3131A,114.879,40.7993,张家口市,烟厂,,32,32,47,10,19,52,,,,4,9,2,3,0.0,0.2
2024-12-13T0700,3323A,115.2773,40.9724,张家口市,青少年活动中心,,19,19,29,12,13,58,,,,3,9,4,5,0.1,0.1
2024-12-13T0700,2654A,100.4698,38.9524,张掖市,润泉湖,细颗粒物(PM2.5),53,,53,37,36,62,,,,15,17,16,10,0.6,0.6
2024-12-13T0700,2655A,100.4154,38.9422,张掖市,区工会,,35,35,57,21,25,54,,,,22,19,9,8,0.7,0.7
2024-12-13T0700,2920A,117.7116,24.506,漳州市,蓝田镇,,32,32,32,21,18,2,,,,22,30,6,4,0.7,0.6
2024-12-13T0700,3216A,114.6622,24.5183,漳州市,漳州党校,,31,31,33,19,19,0,,,,22,27,5,4,0.8,0.7
2024-12-13T0700,3530A,117.6296,24.5314,漳州市,西洋坪路,,28,25,27,19,19,0,,,,15,25,4,4,0.9,0.8
2024-12-13T0700,2596A,103.7667,27.3736,昭通市,监测站,,36,27,31,25,25,54,,,,6,15,4,5,0.4,0.5
2024-12-13T0700,2597A,103.7225,27.3361,昭通市,环保局,,20,,18,14,18,60,,,,6,14,5,13,0.5,0.6
2024-12-13T0700,1397A,112.4267,23.0706,肇庆市,睦岗子站,,28,28,27,18,15,43,,,,16,21,3,4,0.5,0.5
2024-12-13T0700,1398A,112.4645,23.0475,肇庆市,城中子站,,26,26,23,17,14,49,,,,11,16,6,6,0.6,0.7
2024-12-13T0700,1399A,112.5544,23.1522,肇庆市,坑口子站,,28,24,22,19,16,41,,,,11,14,3,4,0.6,0.7
2024-12-13T0700,1400A,112.4753,23.1,肇庆市,七星岩子站,,25,21,20,17,14,45,,,,13,19,5,6,0.6,0.7
2024-12-13T0700,3313A,112.4575,23.0166,肇庆市,高要湖西,,32,29,25,22,17,39,,,,23,23,3,4,0.4,0.4
2024-12-13T0700,3451A,112.5617,23.2083,肇庆市,鼎湖凤凰,,36,30,26,25,19,45,,,,10,13,7,6,0.6,0.7
2024-12-13T0700,1203A,119.6707,32.1875,镇江市,新区办事处,颗粒物(PM10),51,51,48,30,28,22,,,,46,39,4,5,0.7,0.5
2024-12-13T0700,1204A,119.4974,32.1968,镇江市,职教中心,,45,45,46,30,29,13,,,,36,33,5,6,0.6,0.6
2024-12-13T0700,1205A,119.4303,32.1328,镇江市,丹徒区监测站,,44,44,49,25,31,20,,,,40,36,4,5,0.4,0.5
2024-12-13T0700,2870A,119.4424,32.1873,镇江市,市疾控中心,,47,47,45,30,37,5,,,,46,38,4,5,0.5,0.6
2024-12-13T0700,3287A,119.3842,32.1976,镇江市,富润路1号,颗粒物(PM10),56,62,55,38,35,2,,,,45,37,8,9,0.5,0.6
2024-12-13T0700,1316A,113.69031,34.76122,郑州市,烟厂,颗粒物(PM10),70,90,105,6,73,64,,,,10,39,2,6,0.3,0.7
2024-12-13T0700,1317A,113.65724,34.77134,郑州市,郑纺机,颗粒物(PM10),80,109,111,9,77,62,,,,16,48,2,6,0.4,0.9
2024-12-13T0700,1318A,113.67526,34.80246,郑州市,银行学校,颗粒物(PM10),62,73,102,30,87,62,,,,9,42,2,7,0.4,0.9
2024-12-13T0700,1319A,113.56746,34.81334,郑州市,供水公司,颗粒物(PM10),69,88,110,8,80,65,,,,8,40,5,10,0.4,0.9
2024-12-13T0700,1320A,113.7329,34.7178,郑州市,经开区管委,颗粒物(PM10),73,95,116,12,87,64,,,,12,44,4,8,0.3,0.7
2024-12-13T0700,1321A,113.73961,34.77172,郑州市,四十七中,颗粒物(PM10),60,70,106,19,79,61,,,,10,38,3,4,0.3,0.8
2024-12-13T0700,1322A,113.60532,34.74838,郑州市,市监测站,颗粒物(PM10),81,112,123,36,92,58,,,,17,47,4,9,0.1,0.6
2024-12-13T0700,1323A,113.64164,34.7525,郑州市,河医大,颗粒物(PM10),83,115,110,20,83,62,,,,10,35,5,9,0.3,0.7
2024-12-13T0700,3471A,113.616563,34.86783,郑州市,惠济区政府,颗粒物(PM10),66,81,120,13,93,60,,,,9,44,4,11,0.2,0.8
2024-12-13T0700,3590A,113.8374,34.5589,郑州市,北区建设指挥部,颗粒物(PM10),109,167,106,24,82,65,,,,6,36,4,10,0.4,0.8
2024-12-13T0700,3591A,113.30952,34.803229,郑州市,上街区政府,颗粒物(PM10),64,78,108,20,86,54,,,,16,41,3,10,0.5,1
2024-12-13T0700,1379A,113.3769,22.5211,中山市,华柏园,,29,24,36,20,20,41,,,,22,38,7,8,0.6,0.7
2024-12-13T0700,1380A,113.3881,22.5497,中山市,张溪,,28,25,39,19,20,39,,,,22,36,4,4,0.6,0.7
2024-12-13T0700,1381A,113.4075,22.5111,中山市,紫马岭,,,,36,14,17,40,,,,22,35,6,7,0.6,0.7
2024-12-13T0700,1382A,113.4411,22.4853,中山市,长江旅游区,,30,30,36,17,19,40,,,,21,34,6,7,0.8,0.9
2024-12-13T0700,3454A,113.3528,22.478,中山市,中山南区,,20,19,35,14,22,42,,,,22,40,5,6,0.6,0.7
2024-12-13T0700,2682A,105.1971,37.5002,中卫市,环保局站,颗粒物(PM10),103,156,79,21,18,62,,,,15,16,6,6,0.3,0.3
2024-12-13T0700,3650A,105.1698,37.5162,中卫市,沙坡头区政府站,颗粒物(PM10),109,168,80,30,23,60,,,,12,15,5,6,0.2,0.3
2024-12-13T0700,1414A,106.3787,29.8279,重庆市,缙云山,,22,22,20,13,13,25,,,,15,15,5,5,0.4,0.4
2024-12-13T0700,1416A,106.4213,29.8253,重庆市,天生,,36,36,39,15,24,2,,,,27,28,6,6,0.7,0.8
2024-12-13T0700,1417A,106.6263,29.7228,重庆市,两路,,44,44,49,26,34,20,,,,18,30,4,5,0.7,0.8
2024-12-13T0700,1418A,106.2953,29.5983,重庆市,虎溪,,31,31,46,14,30,6,,,,28,34,6,6,0.5,0.5
2024-12-13T0700,1419A,106.5777,29.5102,重庆市,南坪,细颗粒物(PM2.5),53,43,47,37,38,15,,,,24,28,7,8,0.7,0.7
2024-12-13T0700,1420A,106.6556,29.6277,重庆市,唐家沱,,48,36,42,33,34,4,,,,21,27,5,5,0.7,0.7
2024-12-13T0700,1421A,106.6349,29.4906,重庆市,茶园,,48,47,53,33,37,4,,,,34,36,6,7,0.7,0.7
2024-12-13T0700,1422A,106.3754,29.4572,重庆市,白市驿,,24,24,34,14,28,8,,,,23,36,6,6,0.6,0.6
2024-12-13T0700,1425A,106.6205,29.7166,重庆市,空港,,43,34,40,30,35,20,,,,19,28,5,5,0.8,0.8
2024-12-13T0700,1426A,106.4782,29.4875,重庆市,新山村,,37,37,46,25,29,6,,,,42,48,2,2,0.8,0.8
2024-12-13T0700,1427A,106.5616,29.6453,重庆市,礼嘉,,40,35,41,28,34,15,,,,21,31,5,6,0.8,0.8
2024-12-13T0700,1428A,106.4522,29.7091,重庆市,蔡家,,29,24,39,20,32,4,,,,18,25,5,6,0.5,0.6
2024-12-13T0700,1429A,106.5093,29.3917,重庆市,鱼新街,,46,46,51,26,30,10,,,,29,35,8,8,0.4,0.4
2024-12-13T0700,3014A,106.4958,29.5346,重庆市,歇台子,,48,,38,33,34,6,,,,30,33,6,6,0.7,0.7
2024-12-13T0700,3015A,106.4037,29.5728,重庆市,龙井湾,,34,34,39,17,22,28,,,,15,28,4,5,0.7,0.7
2024-12-13T0700,3016A,106.5507,29.4153,重庆市,龙洲湾,,44,44,47,27,31,12,,,,22,33,4,4,0.6,0.6
2024-12-13T0700,3133A,106.5468,29.5654,重庆市,上清寺,,48,43,46,33,36,4,,,,37,35,6,6,0.7,0.7
2024-12-13T0700,3346A,108.3872,31.1628,重庆市,安康,细颗粒物(PM2.5),55,56,54,39,36,8,,,,13,22,6,6,0.6,0.6
2024-12-13T0700,3348A,105.839,30.1946,重庆市,春阳街,,39,39,49,27,39,52,,,,11,17,5,6,0.5,0.6
2024-12-13T0700,3349A,107.7983,30.6758,重庆市,人民东路,颗粒物(PM10),51,52,53,33,36,11,,,,14,16,6,6,0.6,0.6
2024-12-13T0700,3350A,106.6479,29.0244,重庆市,滩子口,细颗粒物(PM2.5),63,50,36,45,31,16,,,,19,22,9,8,0.5,0.5
2024-12-13T0700,3351A,105.7167,29.7076,重庆市,棠香,,39,31,29,27,25,28,,,,14,17,8,7,0.7,0.7
2024-12-13T0700,3352A,107.0732,29.8617,重庆市,桃源西路,,45,45,43,31,28,3,,,,19,19,12,12,0.4,0.4
2024-12-13T0700,3353A,107.3535,29.7287,重庆市,迎宾大道,,39,,33,27,25,0,,,,25,26,4,4,0.6,0.7
2024-12-13T0700,3354A,108.815,29.5081,重庆市,舟白,细颗粒物(PM2.5),83,,58,61,50,8,,,,27,22,18,10,0.8,0.5
2024-12-13T0700,3355A,108.3679,30.8426,重庆市,周家坝,,45,,34,31,33,15,,,,24,27,13,12,0.4,0.5
2024-12-13T0700,3356A,108.4319,30.7555,重庆市,百安坝,,50,47,42,35,38,29,,,,10,15,8,8,0.4,0.5
2024-12-13T0700,3482A,107.7541,29.3277,重庆市,芙蓉中路,细颗粒物(PM2.5),63,49,47,45,41,3,,,,26,22,6,6,0.8,0.7
2024-12-13T0700,3483A,108.7661,29.5368,重庆市,西山,细颗粒物(PM2.5),62,57,52,44,40,11,,,,29,22,6,4,0.5,0.5
2024-12-13T0700,3484A,106.2628,29.32,重庆市,行政中心,,29,23,44,20,26,7,,,,28,36,7,6,0.7,0.7
2024-12-13T0700,3485A,107.0944,29.1608,重庆市,高寺路,细颗粒物(PM2.5),60,60,42,43,28,17,,,,7,10,7,5,0.5,0.4
2024-12-13T0700,3599A,106.2649,29.9851,重庆市,书院路,,49,36,34,34,30,10,,,,22,20,8,8,0.5,0.6
2024-12-13T0700,3600A,106.2339,29.5559,重庆市,虎峰,,35,35,40,24,33,20,,,,15,28,2,2,0.6,0.7
2024-12-13T0700,3601A,106.0499,29.8342,重庆市,龙门街,,36,36,40,23,22,13,,,,24,28,12,12,0.5,0.6
2024-12-13T0700,3610A,105.5933,29.4105,重庆市,昌元,,39,37,41,27,29,19,,,,16,24,5,5,0.6,0.6
2024-12-13T0700,1258A,122.122,30.0203,舟山市,定海檀枫,,20,10,15,10,17,63,,,,13,16,7,8,0.3,0.4
2024-12-13T0700,1260A,122.19,29.9944,舟山市,临城新区,,22,11,15,6,8,70,,,,10,14,9,9,0.4,0.4
2024-12-13T0700,4033A,122.3123,29.9619,舟山市,普陀东港中学,,22,15,19,3,5,70,,,,10,12,7,8,0.3,0.3
2024-12-13T0700,2067A,114.6613,33.6128,周口市,市环境监测站,颗粒物(PM10),70,90,112,47,96,44,,,,13,28,7,8,0.5,0.7
2024-12-13T0700,2068A,114.6758,33.6347,周口市,周口师范,颗粒物(PM10),64,78,116,30,92,39,,,,25,39,5,6,0.3,0.6
2024-12-13T0700,2069A,114.6546,33.5979,周口市,市运管处,颗粒物(PM10),66,82,122,29,89,43,,,,16,34,6,6,0.4,0.6
2024-12-13T0700,2070A,114.6369,33.6406,周口市,川汇区环保局,颗粒物(PM10),70,90,119,36,92,44,,,,20,35,8,8,0.3,0.6
2024-12-13T0700,1515A,113.135,27.8244,株洲市,天台山庄,细颗粒物(PM2.5),108,109,94,81,79,24,,,,31,34,6,4,0.8,0.8
2024-12-13T0700,1518A,113.095,27.8867,株洲市,株冶医院,细颗粒物(PM2.5),100,104,95,75,75,16,,,,45,38,10,8,0.9,0.8
2024-12-13T0700,1519A,113.167,27.8667,株洲市,市四中,细颗粒物(PM2.5),95,91,90,71,74,34,,,,32,35,3,2,0.7,0.7
2024-12-13T0700,1520A,113.143,27.8381,株洲市,火车站,细颗粒物(PM2.5),103,97,90,77,77,29,,,,35,37,9,7,0.7,0.8
2024-12-13T0700,1524A,113.13,27.8528,株洲市,市监测站,细颗粒物(PM2.5),119,110,98,90,87,26,,,,36,38,8,5,0.7,0.8
2024-12-13T0700,2031A,113.1817,27.9958,株洲市,云田中学,细颗粒物(PM2.5),90,89,86,67,72,30,,,,32,34,8,6,0.7,0.8
2024-12-13T0700,1367A,113.5814,22.2618,珠海市,吉大,,39,39,44,18,21,33,,,,29,36,8,7,0.7,0.7
2024-12-13T0700,1368A,113.4881,22.2335,珠海市,前山,,33,33,39,13,19,32,,,,26,37,8,7,0.6,0.6
2024-12-13T0700,1369A,113.628,22.4251,珠海市,唐家,,33,33,38,15,19,37,,,,22,35,6,6,0.6,0.6
2024-12-13T0700,1370A,113.299,22.2281,珠海市,斗门,,37,37,41,16,21,21,,,,35,40,9,8,0.7,0.7
2024-12-13T0700,3308A,113.3494,22.0569,珠海市,金湾,,40,36,49,28,21,31,,,,27,36,12,11,0.6,0.7
2024-12-13T0700,3448A,113.5433,22.1163,珠海市,横琴,,36,36,38,19,20,33,,,,26,33,6,5,0.7,0.8
2024-12-13T0700,2420A,114.0189,32.9656,驻马店市,市一纸厂,颗粒物(PM10),91,132,137,48,84,51,,,,11,32,6,8,0.5,0.7
2024-12-13T0700,2421A,114.0114,33.015,驻马店市,市彩印厂,颗粒物(PM10),87,124,126,42,85,51,,,,4,20,8,10,0.3,0.5
2024-12-13T0700,2422A,113.9976,32.9771,驻马店市,天方二分厂,颗粒物(PM10),79,108,128,54,92,52,,,,21,41,4,6,0.4,0.6
2024-12-13T0700,3339A,114.0012,33.0412,驻马店市,小管楼,颗粒物(PM10),83,116,121,34,79,46,,,,19,31,7,9,0.4,0.5
2024-12-13T0700,2561A,104.6617,30.1372,资阳市,莲花山,,35,34,50,24,42,70,,,,5,13,3,3,0.3,0.5
2024-12-13T0700,2562A,104.6356,30.1506,资阳市,资阳中学,,48,40,53,33,48,68,,,,9,18,2,3,0.6,0.7
2024-12-13T0700,2563A,104.6295,30.1383,资阳市,四三一厂,细颗粒物(PM2.5),52,46,67,36,48,70,,,,10,25,1,2,0.5,0.7
2024-12-13T0700,2564A,104.6463,30.1146,资阳市,师范校,细颗粒物(PM2.5),59,50,57,42,51,67,,,,11,23,3,1,0.5,0.7
2024-12-13T0700,2565A,104.6296,30.1256,资阳市,区法院,,48,48,59,29,45,71,,,,8,20,1,1,0.4,0.5
2024-12-13T0700,1631A,118.0414,36.8103,淄博市,人民公园,细颗粒物(PM2.5),85,70,91,63,58,5,,,,59,62,5,18,0.9,1.1
2024-12-13T0700,1633A,117.8525,36.4847,淄博市,双山,细颗粒物(PM2.5),75,67,64,55,45,22,,,,42,49,8,12,1.1,1.2
2024-12-13T0700,1634A,117.9592,36.6331,淄博市,气象站,细颗粒物(PM2.5),83,73,89,61,55,9,,,,57,56,11,21,1.0,1.2
2024-12-13T0700,1635A,118.3092,36.8194,淄博市,莆田园,细颗粒物(PM2.5),89,68,91,66,54,24,,,,37,54,10,24,0.8,1.5
2024-12-13T0700,3363A,117.9883,36.8372,淄博市,新区,细颗粒物(PM2.5),77,66,96,56,57,0,,,,54,61,9,19,1.1,1.1
2024-12-13T0700,3644A,117.8661,36.805,淄博市,三金集团,细颗粒物(PM2.5),89,91,102,66,64,3,,,,57,55,10,23,1.2,1.3
2024-12-13T0700,3645A,118.0253,36.8406,淄博市,东风化工厂,细颗粒物(PM2.5),83,76,89,61,54,3,,,,49,55,4,14,0.7,0.9
2024-12-13T0700,3027A,104.72,29.3427,自贡市,青杠林路,颗粒物(PM10),52,53,70,32,47,29,,,,17,26,2,2,0.4,0.5
2024-12-13T0700,3028A,104.776,29.3627,自贡市,檀木林体育馆,,49,41,67,34,46,37,,,,15,25,8,7,0.4,0.5
2024-12-13T0700,3360A,104.7894,29.3194,自贡市,南湖救助站,颗粒物(PM10),53,55,69,34,51,26,,,,15,25,9,7,0.3,0.4
2024-12-13T0700,3638A,104.7636,29.3338,自贡市,轻化工大学,细颗粒物(PM2.5),53,44,57,37,48,32,,,,17,26,2,2,0.5,0.5
2024-12-13T0700,1911A,106.9222,27.6869,遵义市,丁字口,细颗粒物(PM2.5),54,43,37,38,31,52,,,,10,14,7,9,0.4,0.4
2024-12-13T0700,1912A,106.9242,27.7019,遵义市,凤凰山,,43,43,40,30,30,42,,,,10,13,4,5,0.5,0.6
2024-12-13T0700,1913A,106.8906,27.6486,遵义市,忠庄,细颗粒物(PM2.5),63,50,41,45,38,48,,,,7,10,2,3,0.3,0.4
2024-12-13T0700,1914A,106.9231,27.6506,遵义市,舟水桥,细颗粒物(PM2.5),65,62,49,47,32,47,,,,9,8,4,9,0.4,0.5
2024-12-13T0700,1915A,106.9178,27.72,遵义市,干田坝,细颗粒物(PM2.5),54,39,35,38,32,42,,,,12,17,9,9,0.7,0.7
2024-12-13T0700,3536A,106.8547,27.5919,遵义市,第十二小学,细颗粒物(PM2.5),62,55,48,44,37,51,,,,10,14,13,14,0.3,0.4
2024-12-13T0700,1280A,119.3903,26.0543,福州市,鼓山,,,,,,,,,,,,,,,,
2024-12-13T0700,1286A,118.1608,24.8169,厦门市,溪东,,,,,,,,,,,,,,,,
2024-12-13T0700,2323A,118.981,25.4792,莆田市,东圳水库,,,,,,,,,,,,,,,,
2024-12-13T0700,2327A,117.7275,26.3108,三明市,洋溪,,,,,,,,,,,,,,,,
2024-12-13T0700,1614A,118.6117,24.9604,泉州市,清源山,,,,,,,,,,,,,,,,
2024-12-13T0700,2075A,117.6336,24.4674,漳州市,九湖,,,,,,,,,,,,,,,,
2024-12-13T0700,2331A,118.0966,26.6761,南平市,茫荡山,,,,,,,,,,,,,,,,
2024-12-13T0700,2335A,117.0189,25.1181,龙岩市,龙岩师专,,,,,,,,,,,,,,,,
2024-12-13T0700,2339A,119.5001,26.6946,宁德市,金涵水库,,,,,,,,,,,,,,,,
2024-12-13T0700,2342A,117.3102,29.3867,景德镇市,王港中学,,,,,,,,,,,,,,,,
2024-12-13T0700,2352A,115.0861,27.9317,新余市,北岗,,,,,,,,,,,,,,,,
2024-12-13T0700,2357A,116.9822,28.1136,鹰潭市,龙虎山,,,,,,,,,,,,,,,,
2024-12-13T0700,1699A,111.9797,21.8593,阳江市,鸳鸯湖,,,,,,,,,,,,,,,,
2024-12-13T0700,2505A,109.568,23.1478,贵港市,德智高中,,,,,,,,,,,,,,,,
2024-12-13T0700,2371A,114.3408,27.8064,宜春市,槟榔水业,,,,,,,,,,,,,,,,
2024-12-13T0700,1098A,123.6836,41.9339,沈阳市,森林路,,,,,,,,,,,,,,,,
2024-12-13T0700,1754A,123.1289,41.0228,鞍山市,千山,,,,,,,,,,,,,,,,
2024-12-13T0700,3122A,105.9606,26.2611,安顺市,伍家关,,,,,,,,,,,,,,,,
2024-12-13T0700,1451A,102.6251,24.9608,昆明市,西山森林公园,,,,,,,,,,,,,,,,
2024-12-13T0700,2598A,100.2143,26.8576,丽江市,西南郊,,,,,,,,,,,,,,,,
2024-12-13T0700,1125A,125.7194,43.515,长春市,甩湾子,,,,,,,,,,,,,,,,
2024-12-13T0700,3604A,119.3266,35.1044,日照市,岚山环保分局,,,,,,,,,,,,,,,,
2024-12-13T0700,1324A,113.51488,34.91089,郑州市,岗李水库,,,,,,,,,,,,,,,,
2024-12-13T0700,3347A,105.9017,29.3569,重庆市,北山路,,,,,,,,,,,,,,,,
2024-12-13T0700,1438A,103.613,31.0283,成都市,灵岩寺,,,,,,,,,,,,,,,,
2024-12-13T0700,1893A,105.4324,28.9634,泸州市,九狮山,,,,,,,,,,,,,,,,
2024-12-13T0700,1027A,117.157,38.9194,天津市,团泊洼,,,,,,,,,,,,,,,,
2024-12-13T0700,1922A,109.0656,35.0994,铜川市,党校,,,,,,,,,,,,,,,,
2024-12-13T0700,1934A,107.1186,34.3739,宝鸡市,技工学校,,,,,,,,,,,,,,,,
2024-12-13T0700,1918A,108.7197,34.3956,咸阳市,气象站,,,,,,,,,,,,,,,,
2024-12-13T0700,1938A,109.5293,34.5101,渭南市,农科所,,,,,,,,,,,,,,,,
2024-12-13T0700,1477A,104.1373,35.9454,兰州市,榆中兰大校区,,,,,,,,,,,,,,,,
2024-12-13T0700,2649A,106.0055,34.343,天水市,麦积山,,,,,,,,,,,,,,,,
2024-12-13T0700,2665A,105.0822,33.3261,陇南市,汉王镇固水子,,,,,,,,,,,,,,,,
2024-12-13T0700,1483A,101.524,36.6867,西宁市,第五水厂,,,,,,,,,,,,,,,,
2024-12-13T0700,1559A,113.251,27.8336,株洲市,大京风景区,,,,,,,,,,,,,,,,
2024-12-13T0700,2462A,111.5239,27.3033,邵阳市,市水土所,,,,,,,,,,,,,,,,
2024-12-13T0700,1857A,111.7158,29.1456,常德市,白鹤山,,,,,,,,,,,,,,,,
2024-12-13T0700,1861A,110.4417,29.315,张家界市,袁家界,,,,,,,,,,,,,,,,
2024-12-13T0700,2543A,106.6308,30.5278,广安市,小平旧居,,,,,,,,,,,,,,,,
2024-12-13T0700,1445A,106.7109,26.6027,贵阳市,红边门,,,,,,,,,,,,,,,,
2024-12-13T0700,1552A,106.805,26.3003,贵阳市,桐木岭,,,,,,,,,,,,,,,,
2024-12-13T0700,2576A,104.8,26.5892,六盘水市,窑上,,,,,,,,,,,,,,,,
2024-12-13T0700,1484A,105.9512,38.6016,银川市,贺兰山马莲口,,,,,,,,,,,,,,,,
2024-12-13T0700,1947A,106.3394,38.817,石嘴山市,沙湖旅游区,,,,,,,,,,,,,,,,
2024-12-13T0700,2680A,105.0025,37.4635,中卫市,沙坡头消防站,,,,,,,,,,,,,,,,
