timepoint,stationcode,longitude,latitude,area,positionname,primarypollutant,aqi,pm10,pm10_24h,pm2_5,pm2_5_24h,o3,o3_24h,o3_8h,o3_8h_24h,no2,no2_24h,so2,so2_24h,co,co_24h
2022-11-20T05:00:00,1001A,116.3621,39.8784,北京市,万寿西宫,细颗粒物(PM2.5),179,179,172,135,122,58,0,0,0,81,63,3,2,1.4,1.2
2022-11-20T05:00:00,1002A,116.2202,40.2915,北京市,定陵(对照点),细颗粒物(PM2.5),79,85,130,58,94,61,31,30,30,7,20,1,2,0.5,0.8
2022-11-20T05:00:00,1003A,116.4174,39.9289,北京市,东四,细颗粒物(PM2.5),193,196,185,145,132,57,1,17,4,62,44,4,4,1.2,1.1
2022-11-20T05:00:00,1004A,116.4072,39.8863,北京市,天坛,细颗粒物(PM2.5),147,150,146,112,112,67,2,2,2,52,36,1,3,1.4,1
2022-11-20T05:00:00,1005A,116.462,39.9365,北京市,农展馆,,,181,161,124,114,67,0,0,0,67,54,2,2,1.4,1.1
2022-11-20T05:00:00,1006A,116.3392,39.9295,北京市,官园,细颗粒物(PM2.5),168,181,176,127,125,66,0,0,0,64,56,3,4,1.2,1.1
2022-11-20T05:00:00,1007A,116.2878,39.9611,北京市,海淀万柳,细颗粒物(PM2.5),149,157,166,114,116,57,0,0,0,59,65,1,2,1.0,1.1
2022-11-20T05:00:00,1008A,116.6636,40.135,北京市,顺义新城,细颗粒物(PM2.5),118,148,177,89,98,50,1,1,1,47,57,3,3,0.8,1
2022-11-20T05:00:00,1009A,116.6275,40.3275,北京市,怀柔镇,细颗粒物(PM2.5),124,129,129,94,89,49,11,14,13,30,47,3,3,0.8,0.9
2022-11-20T05:00:00,1010A,116.2296,40.217,北京市,昌平镇,细颗粒物(PM2.5),68,74,134,49,96,58,14,29,20,27,33,3,3,0.4,0.9
2022-11-20T05:00:00,1011A,116.3966,39.9821,北京市,奥体中心,细颗粒物(PM2.5),152,158,170,116,126,69,8,11,10,52,54,3,2,1.0,1.1
2022-11-20T05:00:00,1012A,116.184,39.9136,北京市,古城,细颗粒物(PM2.5),137,154,174,104,114,60,3,2,2,51,55,3,2,1.0,1.2
2022-11-20T05:00:00,1015A,117.1444,39.1661,天津市,勤俭道,细颗粒物(PM2.5),212,234,206,162,152,84,1,2,1,68,56,6,8,1.5,1.3
2022-11-20T05:00:00,1017A,117.237,39.1082,天津市,大直沽八号路,细颗粒物(PM2.5),170,200,189,129,136,85,1,1,1,69,57,6,6,1.4,1.3
2022-11-20T05:00:00,1018A,117.202,39.0927,天津市,前进道,细颗粒物(PM2.5),189,210,198,142,135,91,3,5,4,79,61,8,8,1.6,1.3
2022-11-20T05:00:00,1019A,117.1837,39.2133,天津市,淮河道,细颗粒物(PM2.5),183,253,223,138,148,86,0,1,0,72,64,8,9,1.3,1.2
2022-11-20T05:00:00,1021A,117.307,39.0877,天津市,跃进路,细颗粒物(PM2.5),117,176,202,88,136,76,0,1,1,60,56,7,8,1.5,1.3
2022-11-20T05:00:00,1023A,117.707,39.0343,天津市,第四大街,颗粒物(PM10),123,196,178,57,115,49,0,1,0,69,64,6,7,1.6,1.3
2022-11-20T05:00:00,1024A,117.457,38.8394,天津市,永明路,颗粒物(PM10),81,112,166,40,102,72,1,0,0,62,59,5,8,1.5,1.1
2022-11-20T05:00:00,1026A,117.764,39.1587,天津市,汉北路,颗粒物(PM10),89,127,167,48,109,62,1,4,2,64,58,7,9,1.1,1
2022-11-20T05:00:00,1027A,117.157,38.9194,天津市,团泊洼(对照点),颗粒物(PM10),70,89,159,34,108,68,0,0,0,64,58,4,5,1.5,1.3
2022-11-20T05:00:00,1029A,114.4422,38.0444,石家庄市,职工医院,细颗粒物(PM2.5),225,219,193,175,158,83,3,3,3,56,52,2,3,1.6,1.4
2022-11-20T05:00:00,1030A,114.6063,38.0266,石家庄市,高新区,细颗粒物(PM2.5),155,222,187,118,136,98,3,2,2,58,48,3,4,1.4,1.3
2022-11-20T05:00:00,1031A,114.4898,38.1328,石家庄市,西北水源,细颗粒物(PM2.5),202,240,189,152,126,83,8,4,4,48,50,4,5,1.8,1.6
2022-11-20T05:00:00,1032A,114.4586,38.0058,石家庄市,西南高教,细颗粒物(PM2.5),230,234,189,180,159,75,4,2,2,44,48,4,5,1.7,1.5
2022-11-20T05:00:00,1033A,114.5331,38.0178,石家庄市,世纪公园,细颗粒物(PM2.5),165,206,175,125,139,81,1,0,0,53,46,5,6,1.8,1.7
2022-11-20T05:00:00,1034A,114.509,38.0457,石家庄市,人民会堂,细颗粒物(PM2.5),233,227,189,183,170,94,4,3,3,58,48,1,3,1.6,1.5
2022-11-20T05:00:00,1035A,114.3524,37.8911,石家庄市,封龙山(对照点),细颗粒物(PM2.5),145,144,125,111,92,96,72,96,76,28,33,,,2.3,1.6
2022-11-20T05:00:00,1037A,118.131,39.6363,唐山市,雷达站,细颗粒物(PM2.5),122,159,161,92,112,80,3,3,3,65,60,3,4,1.7,1.3
2022-11-20T05:00:00,1038A,118.1725,39.6334,唐山市,物资局,颗粒物(PM10),80,110,144,53,90,71,0,0,0,62,56,6,9,1.8,1.4
2022-11-20T05:00:00,1040A,118.1705,39.6506,唐山市,十二中,细颗粒物(PM2.5),118,136,145,89,97,76,0,0,0,55,56,6,6,1.9,1.3
2022-11-20T05:00:00,1041A,118.1869,39.622,唐山市,小山,细颗粒物(PM2.5),85,89,142,63,97,76,0,0,0,57,55,5,8,1.7,1.3
2022-11-20T05:00:00,1042A,119.5134,39.8207,秦皇岛市,北戴河环保局,颗粒物(PM10),93,135,112,65,76,82,3,12,3,59,50,5,7,0.9,1
2022-11-20T05:00:00,1043A,119.7493,40.0116,秦皇岛市,第一关,细颗粒物(PM2.5),84,86,123,62,87,94,37,15,15,18,49,12,10,0.7,1.1
2022-11-20T05:00:00,1044A,119.5897,39.9499,秦皇岛市,监测站,细颗粒物(PM2.5),72,81,115,52,78,88,21,5,5,28,43,13,11,0.7,1.1
2022-11-20T05:00:00,1046A,119.5251,39.9041,秦皇岛市,建设大厦,细颗粒物(PM2.5),77,90,120,56,73,97,27,8,8,43,54,13,13,0.8,1.2
2022-11-20T05:00:00,1047A,114.5129,36.61763,邯郸市,环保局,,,,,,,,,,,,,,,,
2022-11-20T05:00:00,1048A,114.5302,36.6116,邯郸市,东污水处理厂,细颗粒物(PM2.5),108,103,126,81,113,83,9,24,17,27,29,16,6,0.9,1.3
2022-11-20T05:00:00,1049A,114.4918,36.5713,邯郸市,矿院,颗粒物(PM10),55,60,130,34,112,88,6,24,13,44,36,4,11,0.9,1.4
2022-11-20T05:00:00,1050A,114.484,36.6133,邯郸市,丛台公园,细颗粒物(PM2.5),85,79,133,63,117,85,13,26,19,29,30,5,6,0.8,1.2
2022-11-20T05:00:00,1051A,115.493,38.8632,保定市,游泳馆,细颗粒物(PM2.5),239,226,197,189,187,79,1,1,1,67,55,12,9,1.4,1.4
2022-11-20T05:00:00,1052A,115.5213,38.8959,保定市,华电二区,细颗粒物(PM2.5),170,176,184,129,177,82,4,4,4,80,62,8,7,1.7,1.7
2022-11-20T05:00:00,1053A,115.4713,38.9108,保定市,接待中心,细颗粒物(PM2.5),214,244,215,164,170,75,0,0,0,58,44,6,6,1.1,1.2
2022-11-20T05:00:00,1054A,115.4612,38.8416,保定市,地表水厂,细颗粒物(PM2.5),205,248,216,155,146,64,1,2,2,51,51,9,7,1.5,1.3
2022-11-20T05:00:00,1055A,115.4323,38.8697,保定市,胶片厂,,,,,,,,,,,,,,,,
2022-11-20T05:00:00,1056A,115.5086,38.8639,保定市,监测站,细颗粒物(PM2.5),242,235,206,192,178,83,5,6,5,70,58,7,7,1.3,1.5
2022-11-20T05:00:00,1057A,114.8883,40.8336,张家口市,人民公园,,26,26,66,2,33,84,41,46,44,13,21,5,7,0.2,0.4
2022-11-20T05:00:00,1059A,114.8687,40.8042,张家口市,五金库,,32,32,57,15,39,78,48,58,53,4,16,9,10,0.0,0.4
2022-11-20T05:00:00,1060A,114.8902,40.762,张家口市,世纪豪园,,32,32,75,19,43,80,45,52,48,4,19,3,3,0,0.2
2022-11-20T05:00:00,1061A,114.8916,40.8661,张家口市,北泵房(对照点),,36,36,73,4,41,91,42,52,48,15,24,6,11,0.6,0.8
2022-11-20T05:00:00,1062A,117.9531,40.9081,承德市,铁路,颗粒物(PM10),56,62,100,31,48,76,4,5,5,39,48,8,14,0.7,1.1
2022-11-20T05:00:00,1063A,117.9392,40.9763,承德市,中国银行,,47,47,90,27,52,80,2,2,2,36,41,4,9,0.6,0.9
2022-11-20T05:00:00,1064A,117.9503,40.928,承德市,开发区,细颗粒物(PM2.5),63,66,87,45,47,85,5,5,5,40,48,6,12,1.0,1.2
2022-11-20T05:00:00,1065A,117.8051,40.9655,承德市,文化中心,颗粒物(PM10),68,85,116,46,66,80,4,3,3,39,43,3,12,0.6,1
2022-11-20T05:00:00,1066A,117.9268,41.0026,承德市,离宫(对照点),颗粒物(PM10),51,52,80,25,42,88,7,14,12,29,26,9,12,0.4,0.6
2022-11-20T05:00:00,1067A,116.6708,39.5111,廊坊市,药材公司,细颗粒物(PM2.5),166,233,198,126,122,88,1,6,2,77,59,8,8,1.3,1.1
2022-11-20T05:00:00,1068A,116.7214,39.5589,廊坊市,开发区,颗粒物(PM10),89,128,161,56,110,90,6,6,6,84,78,7,8,1.4,1.2
2022-11-20T05:00:00,1070A,116.7244,39.5269,廊坊市,北华航天学院,细颗粒物(PM2.5),135,167,195,103,135,89,4,5,4,86,65,5,7,1.4,1.2
2022-11-20T05:00:00,1071A,116.8842,38.2991,沧州市,沧县城建局,细颗粒物(PM2.5),94,79,197,70,179,64,1,0,0,45,67,4,6,1.2,1.3
2022-11-20T05:00:00,1072A,116.8584,38.3254,沧州市,电视转播站,细颗粒物(PM2.5),75,95,204,55,157,70,6,6,6,50,65,7,7,1.2,1.4
2022-11-20T05:00:00,1073A,116.8709,38.3228,沧州市,市环保局,细颗粒物(PM2.5),109,128,215,82,176,75,21,20,20,46,64,5,8,1.2,1.4
2022-11-20T05:00:00,1074A,115.6838,37.7541,衡水市,电机北厂,细颗粒物(PM2.5),143,162,221,109,165,87,6,4,4,44,55,6,9,0.9,1.3
2022-11-20T05:00:00,1075A,115.6303,37.7316,衡水市,市监测站,颗粒物(PM10),74,98,218,53,159,86,16,9,9,36,48,4,8,0.9,1.3
2022-11-20T05:00:00,1077A,114.4704,37.0886,邢台市,达活泉,细颗粒物(PM2.5),125,98,173,95,157,77,2,10,7,44,41,7,9,2.4,2.1
2022-11-20T05:00:00,1078A,114.5062,37.0349,邢台市,邢师高专,颗粒物(PM10),55,60,143,31,142,79,9,7,6,32,42,4,7,1.4,1.8
2022-11-20T05:00:00,1079A,114.5237,37.0851,邢台市,路桥公司,,,,186,,154,37,,33,,,46,,7,,1.8
2022-11-20T05:00:00,1080A,114.4725,37.0719,邢台市,市环保局,细颗粒物(PM2.5),104,104,181,78,153,76,0,8,5,40,40,5,8,2.0,1.8
2022-11-20T05:00:00,1081A,112.5139,37.8873,太原市,尖草坪,颗粒物(PM10),84,117,139,59,84,90,2,3,3,60,60,6,9,0.7,0.8
2022-11-20T05:00:00,1083A,112.434,38.0108,太原市,上兰(对照点),,,,,,,,,,,,,,,,
2022-11-20T05:00:00,1084A,112.469,37.7124,太原市,晋源,细颗粒物(PM2.5),88,118,143,65,93,69,3,7,5,65,69,8,10,1.3,1.6
2022-11-20T05:00:00,1085A,112.5583,37.7394,太原市,小店,颗粒物(PM10),96,141,151,61,84,78,2,2,2,65,63,8,9,1.1,1.2
2022-11-20T05:00:00,1086A,112.5369,37.8692,太原市,桃园,颗粒物(PM10),83,116,134,57,84,90,2,2,2,63,59,4,8,0.7,0.9
2022-11-20T05:00:00,1087A,112.57,37.8195,太原市,坞城,颗粒物(PM10),71,92,136,51,88,84,5,5,5,54,54,7,9,0.7,0.9
2022-11-20T05:00:00,1088A,112.549,37.9854,太原市,南寨,颗粒物(PM10),80,109,139,46,72,81,3,3,3,30,40,4,8,0.5,0.9
2022-11-20T05:00:00,1089A,112.4701,37.782,太原市,金胜,,,,,,,,,,,,,,,,
2022-11-20T05:00:00,1090A,111.6507,40.7517,呼和浩特市,呼市一监,颗粒物(PM10),51,51,69,11,23,76,22,12,12,35,39,5,11,0.5,0.8
2022-11-20T05:00:00,1091A,111.6572,40.8033,呼和浩特市,小召,颗粒物(PM10),52,53,81,19,42,74,16,9,9,44,41,11,16,0.6,0.7
2022-11-20T05:00:00,1094A,111.7516,40.8369,呼和浩特市,如意水处理厂,,50,50,65,16,33,50,8,8,8,49,42,3,4,0.9,1.1
2022-11-20T05:00:00,1095A,111.7276,40.8062,呼和浩特市,二十九中,颗粒物(PM10),54,58,74,19,35,71,19,22,21,41,37,7,12,1.0,1.2
2022-11-20T05:00:00,1096A,111.5512,40.7866,呼和浩特市,工大金川校区,,,,,,,,,,,,,,,,
2022-11-20T05:00:00,1097A,111.717,40.7612,呼和浩特市,化肥厂生活区,颗粒物(PM10),55,59,66,24,36,72,15,20,19,43,36,8,12,0.9,1
2022-11-20T05:00:00,1098A,123.6836,41.9339,沈阳市,森林路(对照点),,,,,,,,,,,,,,,,
2022-11-20T05:00:00,1099A,123.505,41.7406,沈阳市,浑南东路,,21,21,54,9,37,86,19,50,39,33,25,11,17,0.4,0.8
2022-11-20T05:00:00,1100A,123.4231,41.6989,沈阳市,新秀街,,22,8,58,15,40,82,43,53,46,15,28,13,37,0.5,0.9
2022-11-20T05:00:00,1102A,123.5903,41.8411,沈阳市,东陵路,,25,25,47,15,39,84,18,27,25,21,30,7,16,0.4,0.9
2022-11-20T05:00:00,1103A,123.4264,41.8467,沈阳市,陵东街,,13,13,55,4,32,78,31,49,40,19,30,7,16,0.6,1
2022-11-20T05:00:00,1104A,123.4114,41.7653,沈阳市,文化路,,13,10,58,6,39,84,34,45,36,26,31,23,27,0.4,0.8
2022-11-20T05:00:00,1105A,123.4678,41.7867,沈阳市,小河沿,,14,12,65,4,38,82,29,51,42,28,27,14,19,0.4,0.7
2022-11-20T05:00:00,1106A,123.4017,41.7972,沈阳市,太原街,,22,22,65,9,46,76,23,38,31,33,39,15,23,0.2,0.5
2022-11-20T05:00:00,1108A,123.3783,41.9228,沈阳市,京沈街,,22,22,58,11,41,78,39,49,43,14,31,14,20,0.3,0.8
2022-11-20T05:00:00,1109A,121.612,38.9741,大连市,甘井子,细颗粒物(PM2.5),168,148,86,127,69,92,59,70,64,39,38,6,9,0.9,0.6
2022-11-20T05:00:00,1110A,121.565,38.9511,大连市,周水子,细颗粒物(PM2.5),120,143,88,91,52,85,33,28,28,44,40,7,10,1.1,0.9
2022-11-20T05:00:00,1111A,121.5637,38.8845,大连市,星海三站,细颗粒物(PM2.5),155,148,100,118,81,83,48,58,56,45,32,15,9,0.9,0.7
2022-11-20T05:00:00,1112A,121.6302,38.9117,大连市,青泥洼桥,细颗粒物(PM2.5),139,168,122,106,65,92,26,46,37,54,35,6,8,1.7,1.1
2022-11-20T05:00:00,1113A,121.6251,38.8638,大连市,傅家庄,细颗粒物(PM2.5),153,132,74,117,59,104,46,81,70,41,25,15,8,1.2,0.9
2022-11-20T05:00:00,1114A,121.5213,38.8661,大连市,七贤岭,细颗粒物(PM2.5),87,100,75,64,45,84,43,43,43,15,24,5,5,0.9,0.8
2022-11-20T05:00:00,1115A,121.2529,38.8061,大连市,旅顺,细颗粒物(PM2.5),124,132,85,94,62,117,90,87,87,19,22,3,6,0.6,0.6
2022-11-20T05:00:00,1116A,121.7485,39.1311,大连市,金州,细颗粒物(PM2.5),123,138,75,93,48,90,64,61,61,23,31,8,9,0.8,0.7
2022-11-20T05:00:00,1117A,121.7811,39.0496,大连市,开发区,细颗粒物(PM2.5),148,134,77,113,56,102,70,57,57,42,45,10,9,0.9,0.8
2022-11-20T05:00:00,1118A,121.9762,39.0631,大连市,双D港,细颗粒物(PM2.5),93,119,60,69,48,97,73,48,48,12,19,8,9,1.1,0.8
2022-11-20T05:00:00,1119A,125.3325,43.9166,长春市,食品厂,,25,25,38,6,24,60,29,33,32,17,28,12,10,0.4,0.6
2022-11-20T05:00:00,1120A,125.2863,43.9027,长春市,客车厂,,23,23,35,9,25,62,26,38,34,19,25,16,10,0.3,0.5
2022-11-20T05:00:00,1121A,125.2841,43.8463,长春市,邮电学院,,28,28,35,6,21,79,18,40,33,31,25,23,12,0.3,0.6
2022-11-20T05:00:00,1122A,125.3716,43.8772,长春市,劳动公园,,22,22,35,4,20,72,26,45,38,26,25,16,11,0,0.2
2022-11-20T05:00:00,1123A,125.3297,43.8805,长春市,园林处,,19,19,34,4,20,74,30,39,34,18,22,6,7,0.3,0.5
2022-11-20T05:00:00,1124A,125.4605,43.79,长春市,净月潭,,23,23,29,4,16,81,26,42,34,10,11,5,6,0.2,0.4
2022-11-20T05:00:00,1125A,125.7194,43.515,长春市,甩湾子(对照点),,,,,,,,,,,,,,,,
2022-11-20T05:00:00,1126A,125.3863,43.8447,长春市,经开区环卫处,,21,21,37,8,20,75,28,42,38,22,24,15,9,0.2,0.4
2022-11-20T05:00:00,1127A,125.245,43.7783,长春市,高新区管委会,,24,24,32,7,21,72,30,41,34,14,17,6,6,0.2,0.3
2022-11-20T05:00:00,1128A,125.1761,43.8325,长春市,岱山公园,,,,35,,25,48,,45,,,22,,5,,0.4
2022-11-20T05:00:00,1129A,126.5422,45.755,哈尔滨市,岭北(对照点),,10,7,32,2,21,54,32,37,34,4,12,3,4,0,0
2022-11-20T05:00:00,1130A,126.561,45.8167,哈尔滨市,松北商大,,16,16,43,5,24,72,38,44,40,6,18,3,6,0.5,0.7
2022-11-20T05:00:00,1131A,126.979,45.5419,哈尔滨市,阿城会宁,,14,14,31,5,15,68,37,42,39,7,14,9,11,0.2,0.3
2022-11-20T05:00:00,1132A,126.599,45.7222,哈尔滨市,南岗学府路,,18,18,51,4,26,61,29,36,34,16,24,10,14,0.7,0.7
2022-11-20T05:00:00,1133A,126.689,45.7733,哈尔滨市,太平宏伟公园,,22,22,54,2,27,63,36,42,38,8,22,13,17,0.2,0.5
2022-11-20T05:00:00,1134A,126.635,45.7667,哈尔滨市,道外承德广场,,24,24,54,2,26,66,32,36,32,11,24,5,10,0.3,0.6
2022-11-20T05:00:00,1135A,126.685,45.7319,哈尔滨市,香坊红旗大街,,13,13,50,0,41,49,30,27,27,7,28,3,12,0.3,0.5
2022-11-20T05:00:00,1136A,126.6411,45.7258,哈尔滨市,动力和平路,,16,16,45,4,28,53,35,34,34,8,27,5,10,0.3,0.6
2022-11-20T05:00:00,1137A,126.593,45.7478,哈尔滨市,道里建国路,,16,16,45,11,30,59,32,34,32,11,26,3,7,0.6,1
2022-11-20T05:00:00,1138A,126.615,45.61,哈尔滨市,平房东轻厂,,11,10,37,7,22,63,34,35,35,7,11,5,7,0.3,0.4
2022-11-20T05:00:00,1139A,126.595,45.9855,哈尔滨市,呼兰师专,,25,25,53,14,35,73,40,42,41,4,16,9,13,0.5,0.7
2022-11-20T05:00:00,1140A,126.6206,45.6842,哈尔滨市,省农科院,,25,17,50,17,31,55,28,32,30,17,27,8,10,0.9,0.9
2022-11-20T05:00:00,1141A,121.4,31.238,上海市,普陀,细颗粒物(PM2.5),74,32,38,54,36,63,20,17,17,28,45,4,4,0.9,0.9
2022-11-20T05:00:00,1142A,121.478,31.2036,上海市,十五厂,细颗粒物(PM2.5),73,30,36,53,37,66,18,22,19,33,50,7,8,0.8,0.8
2022-11-20T05:00:00,1143A,121.467,31.3008,上海市,虹口,细颗粒物(PM2.5),74,66,44,54,35,56,11,15,13,23,39,5,6,0.8,1
2022-11-20T05:00:00,1144A,121.412,31.1654,上海市,徐汇上师大,细颗粒物(PM2.5),74,35,37,54,34,56,20,22,21,27,45,7,8,1.0,1
2022-11-20T05:00:00,1145A,121.536,31.2659,上海市,杨浦四漂,细颗粒物(PM2.5),79,70,45,58,36,61,18,26,22,34,54,8,8,0.7,0.7
2022-11-20T05:00:00,1146A,120.978,31.0935,上海市,青浦淀山湖(对照点),,,,,,,,,,,,,,,,
2022-11-20T05:00:00,1147A,121.425,31.2261,上海市,静安监测站,细颗粒物(PM2.5),77,68,55,56,36,65,21,19,19,30,46,5,6,0.8,0.8
2022-11-20T05:00:00,1148A,121.703,31.1907,上海市,浦东川沙,细颗粒物(PM2.5),79,42,35,58,35,78,16,22,20,32,44,5,6,0.7,0.7
2022-11-20T05:00:00,1149A,121.533,31.2284,上海市,浦东新区监测站,细颗粒物(PM2.5),87,70,48,64,38,57,14,19,17,27,37,5,6,0.9,0.8
2022-11-20T05:00:00,1150A,121.577,31.2071,上海市,浦东张江,细颗粒物(PM2.5),89,39,37,66,37,69,16,22,19,25,39,4,4,0.8,0.8
2022-11-20T05:00:00,1151A,118.8086,32.1065,南京市,迈皋桥,"颗粒物(PM10),细颗粒物(PM2.5)",70,89,55,51,30,54,33,41,37,19,25,5,4,0.4,0.4
2022-11-20T05:00:00,1152A,118.7538,32.0551,南京市,草场门,细颗粒物(PM2.5),55,48,33,39,27,47,40,36,36,20,29,2,2,0.5,0.4
2022-11-20T05:00:00,1153A,118.7794,32.0745,南京市,山西路,细颗粒物(PM2.5),70,61,43,51,31,57,42,41,41,13,23,3,4,0.4,0.3
2022-11-20T05:00:00,1154A,118.7752,32.0023,南京市,中华门,,48,48,41,29,26,46,19,37,29,25,28,3,4,0.3,0.4
2022-11-20T05:00:00,1155A,118.8109,32.0309,南京市,瑞金路,细颗粒物(PM2.5),52,35,32,36,30,46,43,36,36,7,20,3,3,0.7,0.7
2022-11-20T05:00:00,1156A,118.7997,32.0754,南京市,玄武湖,颗粒物(PM10),55,60,43,27,26,48,34,33,33,2,10,4,4,0.6,0.5
2022-11-20T05:00:00,1157A,118.6414,32.0931,南京市,浦口,细颗粒物(PM2.5),58,41,27,41,26,60,48,46,45,16,20,3,2,0.6,0.5
2022-11-20T05:00:00,1158A,118.7356,31.9996,南京市,奥体中心,细颗粒物(PM2.5),64,33,29,46,35,49,18,32,22,35,35,2,2,0.4,0.4
2022-11-20T05:00:00,1159A,118.9125,32.1028,南京市,仙林大学城,颗粒物(PM10),56,61,43,39,28,42,31,32,32,30,34,2,3,0.7,0.8
2022-11-20T05:00:00,1160A,120.561,31.2472,苏州市,上方山(对照点),颗粒物(PM10),51,51,45,27,26,21,21,17,17,10,27,5,5,0.8,0.8
2022-11-20T05:00:00,1161A,120.628,31.2864,苏州市,南门,,,,,,,,,,,,,,,,
2022-11-20T05:00:00,1162A,120.591,31.3019,苏州市,彩香,细颗粒物(PM2.5),63,49,54,45,40,28,28,19,19,14,33,5,5,0.9,1
2022-11-20T05:00:00,1163A,120.596,31.3264,苏州市,轧钢厂,细颗粒物(PM2.5),52,46,52,36,35,28,28,19,19,16,32,5,5,0.8,0.8
2022-11-20T05:00:00,1164A,120.613,31.2703,苏州市,吴中区,细颗粒物(PM2.5),55,50,55,39,37,30,30,23,23,13,37,7,7,0.7,0.7
2022-11-20T05:00:00,1165A,120.543,31.2994,苏州市,苏州新区,细颗粒物(PM2.5),53,43,50,37,38,35,35,24,24,10,31,6,6,0.8,0.8
2022-11-20T05:00:00,1166A,120.669,31.3097,苏州市,苏州工业园区,细颗粒物(PM2.5),53,45,48,37,34,28,28,18,18,18,40,5,6,0.8,0.9
2022-11-20T05:00:00,1167A,120.641,31.3708,苏州市,相城区,,40,40,45,9,17,21,21,18,18,16,34,5,5,0.8,0.8
2022-11-20T05:00:00,1168A,120.9098,31.9663,南通市,狼山街道,,39,25,26,27,28,84,30,33,32,22,31,6,7,0.5,0.5
2022-11-20T05:00:00,1169A,120.86,32.0005,南通市,虹桥,,32,29,30,22,31,80,36,38,35,18,32,6,5,0.7,0.7
2022-11-20T05:00:00,1170A,120.87,32.02,南通市,城中,细颗粒物(PM2.5),77,27,25,56,49,79,37,46,41,14,28,4,5,0.5,0.4
2022-11-20T05:00:00,1171A,120.94,31.93,南通市,星湖花园,细颗粒物(PM2.5),64,34,31,46,31,80,13,14,14,37,39,7,7,0.5,0.5
2022-11-20T05:00:00,1172A,120.81,32.0417,南通市,紫琅学院,细颗粒物(PM2.5),55,29,28,39,27,79,38,45,39,14,26,7,7,0.6,0.6
2022-11-20T05:00:00,1173A,119.176,34.5885,连云港市,市环境监测站,,22,9,16,5,9,88,68,68,66,14,18,6,6,0.3,0.4
2022-11-20T05:00:00,1177A,117.179,34.2761,徐州市,黄河新村,细颗粒物(PM2.5),98,83,70,73,50,60,6,10,9,42,40,18,10,1.1,1
2022-11-20T05:00:00,1178A,117.1918,34.2384,徐州市,淮塔,细颗粒物(PM2.5),98,92,74,73,51,67,18,17,17,28,31,9,8,1.1,1
2022-11-20T05:00:00,1180A,117.256,34.2153,徐州市,新城区,细颗粒物(PM2.5),99,98,64,74,45,80,12,10,10,37,30,14,9,1.0,0.9
2022-11-20T05:00:00,1181A,117.244,34.2911,徐州市,桃园路,细颗粒物(PM2.5),107,122,77,80,47,76,3,3,3,45,36,9,7,0.9,0.8
2022-11-20T05:00:00,1182A,117.2933,34.2778,徐州市,农科院,细颗粒物(PM2.5),100,97,58,75,38,66,2,2,2,48,39,9,6,0.7,0.6
2022-11-20T05:00:00,1186A,119.389,32.3761,扬州市,邗江监测站,,33,24,35,23,27,51,47,48,48,13,24,6,6,0.7,0.7
2022-11-20T05:00:00,1188A,120.269,31.4867,无锡市,雪浪,细颗粒物(PM2.5),62,63,49,44,32,32,32,25,25,17,30,4,5,0.9,0.8
2022-11-20T05:00:00,1189A,120.275,31.6219,无锡市,黄巷,细颗粒物(PM2.5),55,47,53,39,34,36,29,22,22,24,39,7,8,1.2,1
2022-11-20T05:00:00,1190A,120.294,31.56,无锡市,曹张,,49,39,38,34,34,40,40,26,26,12,33,8,8,0.9,1
2022-11-20T05:00:00,1191A,120.242,31.5031,无锡市,漆塘,颗粒物(PM10),56,61,43,34,31,36,36,27,27,24,38,9,9,0.8,0.8
2022-11-20T05:00:00,1192A,120.3489,31.5863,无锡市,东亭,细颗粒物(PM2.5),52,48,48,36,37,35,35,22,22,20,41,7,7,1.3,1.1
2022-11-20T05:00:00,1193A,120.354,31.5475,无锡市,旺庄,细颗粒物(PM2.5),73,66,49,53,38,30,30,20,20,18,37,8,8,1.2,1.1
2022-11-20T05:00:00,1194A,120.245,31.5631,无锡市,荣巷,细颗粒物(PM2.5),55,51,42,39,34,46,46,31,31,13,33,7,8,0.8,0.9
2022-11-20T05:00:00,1195A,120.299,31.6817,无锡市,堰桥,细颗粒物(PM2.5),62,63,47,44,35,42,42,29,29,11,36,6,6,0.7,0.8
2022-11-20T05:00:00,1196A,119.9633,31.762,常州市,市监测站,细颗粒物(PM2.5),57,53,71,40,41,44,39,36,36,19,38,5,5,0.6,0.8
2022-11-20T05:00:00,1200A,119.9468,31.7069,常州市,武进监测站,颗粒物(PM10),60,69,76,29,33,44,42,36,36,13,32,7,7,0.6,0.8
2022-11-20T05:00:00,1201A,119.9255,31.9087,常州市,安家,颗粒物(PM10),51,51,64,30,34,46,36,44,41,17,31,4,5,0.6,0.7
2022-11-20T05:00:00,1203A,119.6707,32.1875,镇江市,新区办事处,,23,19,30,16,23,56,48,53,48,30,34,3,3,0.5,0.6
2022-11-20T05:00:00,1204A,119.4974,32.1968,镇江市,职教中心,,45,23,36,31,45,72,61,59,59,14,24,3,4,0.5,0.6
2022-11-20T05:00:00,1205A,119.4303,32.1328,镇江市,丹徒区监测站,,42,30,34,29,31,50,50,48,48,16,26,3,4,0.4,0.5
2022-11-20T05:00:00,1206A,119.905,32.4878,泰州市,公园路,颗粒物(PM10),52,53,36,31,27,65,24,28,27,19,19,8,12,0.8,0.7
2022-11-20T05:00:00,1207A,119.9189,32.4625,泰州市,莲花,,,,32,,31,51,,56,,,24,,7,,0.5
2022-11-20T05:00:00,1209A,119.888,32.4639,泰州市,留学生创业园,细颗粒物(PM2.5),57,42,38,40,33,74,26,30,28,16,18,6,6,0.9,0.8
2022-11-20T05:00:00,1210A,119.036,33.5981,淮安市,钵池山,,24,24,16,13,13,67,49,54,50,14,21,6,6,0.2,0.3
2022-11-20T05:00:00,1211A,119.007,33.575,淮安市,北京南路,,33,19,21,23,26,58,45,50,45,13,25,6,7,0.3,0.5
2022-11-20T05:00:00,1212A,118.989,33.6067,淮安市,市监测站,,25,22,17,17,15,65,52,55,52,16,29,4,6,0.6,0.7
2022-11-20T05:00:00,1213A,119.135,33.5039,淮安市,楚州区监测站,,23,12,17,16,22,65,55,49,49,11,22,6,6,0.4,0.5
2022-11-20T05:00:00,1214A,119.0186,33.6297,淮安市,淮阴区监测站,,33,22,16,23,17,65,54,54,52,14,26,5,6,0.5,0.6
2022-11-20T05:00:00,1215A,120.118,33.4022,盐城市,盐城电厂,,20,9,14,11,12,99,63,72,68,10,13,6,6,0.4,0.5
2022-11-20T05:00:00,1216A,120.156,33.3942,盐城市,市监测站,,19,11,15,9,14,90,59,68,63,9,14,8,8,0.1,0.1
2022-11-20T05:00:00,1218A,120.2144,33.38,盐城市,开发区管委会,,19,15,16,9,9,95,60,72,67,20,21,6,9,0.2,0.2
2022-11-20T05:00:00,1220A,118.293,33.9528,宿迁市,宿迁学院,,28,28,31,14,22,55,22,24,21,24,26,6,5,0.8,0.8
2022-11-20T05:00:00,1221A,118.2442,33.9592,宿迁市,宿迁中学,,33,33,39,18,25,58,42,30,29,19,25,3,3,0.7,0.8
2022-11-20T05:00:00,1223A,120.2072,30.2111,杭州市,滨江,,40,40,30,28,20,17,13,15,14,28,43,6,5,0.7,0.7
2022-11-20T05:00:00,1224A,120.0633,30.2747,杭州市,西溪,,33,33,33,14,16,12,8,10,8,18,26,10,10,0.6,0.6
2022-11-20T05:00:00,1225A,119.026,29.635,杭州市,千岛湖(对照点),,,,,,,,,,,,,,,,
2022-11-20T05:00:00,1226A,120.3461,30.3153,杭州市,下沙,颗粒物(PM10),52,53,33,29,21,12,5,10,8,32,44,10,9,0.9,0.9
2022-11-20T05:00:00,1227A,120.1269,30.2456,杭州市,卧龙桥,,40,26,24,28,21,14,4,5,4,25,33,5,6,0.7,0.7
2022-11-20T05:00:00,1228A,120.1903,30.2692,杭州市,浙江农大,,36,33,26,25,20,18,11,17,15,29,38,6,6,0.6,0.7
2022-11-20T05:00:00,1229A,120.157,30.2897,杭州市,朝晖五区,,,,,,,,,,,,,,,,
2022-11-20T05:00:00,1230A,120.1197,30.3119,杭州市,和睦小学,,42,42,34,26,21,13,4,12,8,31,40,1,1,0.8,0.9
2022-11-20T05:00:00,1231A,120.3019,30.4183,杭州市,临平镇,颗粒物(PM10),54,58,37,36,21,32,8,14,12,30,38,7,6,0.7,0.8
2022-11-20T05:00:00,1232A,120.2697,30.1819,杭州市,城厢镇,,45,38,32,31,22,20,14,20,17,27,45,5,6,0.8,0.9
2022-11-20T05:00:00,1233A,120.0883,30.1808,杭州市,云栖,,38,38,34,18,14,16,6,8,7,19,29,6,6,0.7,0.7
2022-11-20T05:00:00,1234A,121.8358,29.911,宁波市,区环保大楼,,50,38,36,35,27,18,10,12,11,32,50,9,8,0.8,0.9
2022-11-20T05:00:00,1235A,121.56,29.82,宁波市,万里学院,,40,35,38,28,30,19,16,16,15,25,46,5,6,0.7,0.9
2022-11-20T05:00:00,1236A,121.713,29.9572,宁波市,龙赛医院,颗粒物(PM10),52,54,51,27,27,31,12,11,11,33,51,6,7,0.7,0.7
2022-11-20T05:00:00,1239A,121.633,29.7733,宁波市,钱湖水厂,,38,29,30,26,27,17,13,17,15,25,45,7,8,0.7,0.8
2022-11-20T05:00:00,1240A,121.5856,29.8635,宁波市,太古小学,,39,30,30,27,28,16,13,13,13,28,47,8,6,0.8,0.9
2022-11-20T05:00:00,1241A,121.524,29.8674,宁波市,市环境监测中心,,37,37,39,23,24,11,6,5,5,26,44,7,8,0.5,0.6
2022-11-20T05:00:00,1242A,120.634,28.0089,温州市,瓯海,,38,36,43,26,28,44,2,18,6,42,45,6,6,0.7,0.7
2022-11-20T05:00:00,1243A,120.6748,27.9939,温州市,南浦,,37,37,41,25,26,36,2,28,12,44,45,5,5,0.4,0.4
2022-11-20T05:00:00,1244A,120.76,27.9747,温州市,龙湾,颗粒物(PM10),51,51,47,22,20,27,2,7,5,46,54,5,6,0.8,0.7
2022-11-20T05:00:00,1245A,120.6709,28.0167,温州市,市站,,32,31,40,22,28,46,9,34,18,35,37,5,5,0.7,0.8
2022-11-20T05:00:00,1246A,120.598,30.0911,绍兴市,袍江站,,,,,,,,,,,,,,,,
2022-11-20T05:00:00,1247A,120.6053,29.9928,绍兴市,城东开发委,细颗粒物(PM2.5),53,50,44,37,29,17,4,10,9,27,40,9,8,0.7,0.8
2022-11-20T05:00:00,1250A,120.0751,30.8669,湖州市,城西水厂,细颗粒物(PM2.5),54,36,35,38,26,21,16,15,15,22,29,8,6,0.5,0.6
2022-11-20T05:00:00,1252A,120.7436,30.778,嘉兴市,清河小学,,40,40,34,27,25,22,8,17,12,26,35,7,7,0.9,0.7
2022-11-20T05:00:00,1253A,120.726,30.7478,嘉兴市,嘉兴学院,,50,43,37,35,29,21,13,18,14,28,38,5,6,0.7,0.6
2022-11-20T05:00:00,1255A,121.273,28.6459,台州市,黄岩环保大楼,,29,29,33,14,17,28,13,23,21,16,29,5,5,0.4,0.6
2022-11-20T05:00:00,1256A,121.419,28.6542,台州市,台州环保大楼,,38,33,29,26,23,33,10,26,20,22,37,7,6,0.4,0.5
2022-11-20T05:00:00,1257A,121.377,28.5773,台州市,路桥田洋王,,35,30,31,24,26,20,10,9,9,23,40,5,6,0.4,0.6
2022-11-20T05:00:00,1258A,122.122,30.0203,舟山市,定海檀枫,,40,35,23,28,17,69,24,24,22,26,20,5,4,0.7,0.4
2022-11-20T05:00:00,1259A,122.3094,29.9558,舟山市,普陀东港,,36,36,24,25,15,74,22,25,22,21,23,5,5,0.7,0.4
2022-11-20T05:00:00,1260A,122.19,29.9944,舟山市,临城新区,颗粒物(PM10),70,90,47,24,14,66,25,27,25,21,22,5,5,0.8,0.4
2022-11-20T05:00:00,1261A,119.649,29.1131,金华市,四中(停运161031),,,,,,,,,,,,,,,,
2022-11-20T05:00:00,1262A,119.647,29.077,金华市,十五中,,46,31,39,32,30,16,2,3,2,37,45,12,8,1.5,1.1
2022-11-20T05:00:00,1263A,119.686,29.1029,金华市,监测站,,38,33,34,26,22,18,3,2,2,26,31,7,5,1.0,0.8
2022-11-20T05:00:00,1264A,118.8692,28.9398,衢州市,环保大楼,细颗粒物(PM2.5),62,38,34,44,31,25,15,11,10,16,22,14,11,1.3,1.2
2022-11-20T05:00:00,1265A,118.8709,28.9666,衢州市,实验学校,,46,43,36,32,26,24,13,8,8,14,24,14,10,1.0,0.9
2022-11-20T05:00:00,1266A,118.8621,28.9808,衢州市,衢州学院,,30,29,33,21,25,26,2,5,4,22,24,7,9,1.0,0.9
2022-11-20T05:00:00,1267A,119.914,28.4514,丽水市,监测站大楼,,24,24,25,13,12,19,3,4,3,26,30,7,7,0.8,0.7
2022-11-20T05:00:00,1268A,119.93,28.4586,丽水市,莲都小学,,34,34,28,16,14,19,3,5,3,28,32,6,6,0.5,0.6
2022-11-20T05:00:00,1269A,119.879,28.4231,丽水市,余庄前,,25,25,23,13,11,23,3,3,3,17,26,6,6,0.6,0.6
2022-11-20T05:00:00,1270A,117.1959,31.7848,合肥市,明珠广场,颗粒物(PM10),51,51,51,31,30,47,42,38,38,14,24,8,7,0.4,0.4
2022-11-20T05:00:00,1271A,117.3072,31.8764,合肥市,三里街,颗粒物(PM10),51,51,59,27,33,40,40,29,29,17,30,6,6,0.4,0.6
2022-11-20T05:00:00,1272A,117.2588,31.8707,合肥市,琥珀山庄,,45,44,49,31,30,44,43,33,33,8,19,8,7,0.6,0.6
2022-11-20T05:00:00,1273A,117.1604,31.9052,合肥市,董铺水库(对照点),,46,46,45,22,25,51,48,35,35,9,15,4,4,0.3,0.3
2022-11-20T05:00:00,1274A,117.25,31.8571,合肥市,长江中路,细颗粒物(PM2.5),62,51,57,44,44,47,45,37,37,9,19,8,8,0.6,0.7
2022-11-20T05:00:00,1275A,117.266,31.9436,合肥市,庐阳区,颗粒物(PM10),57,63,56,39,32,46,40,33,33,13,19,5,5,0.5,0.5
2022-11-20T05:00:00,1276A,117.336,31.8586,合肥市,瑶海区,细颗粒物(PM2.5),67,51,61,48,43,45,45,31,31,13,29,10,10,0.7,0.7
2022-11-20T05:00:00,1277A,117.3027,31.7964,合肥市,包河区,细颗粒物(PM2.5),52,46,48,36,32,42,38,29,29,19,32,7,8,0.3,0.3
2022-11-20T05:00:00,1278A,117.2776,31.7385,合肥市,滨湖新区,,45,41,46,31,31,43,40,27,27,18,37,8,8,0.4,0.4
2022-11-20T05:00:00,1279A,117.1318,31.8403,合肥市,高新区,细颗粒物(PM2.5),52,46,51,36,33,50,43,38,38,19,24,4,5,0.5,0.5
2022-11-20T05:00:00,1280A,119.3903,26.0543,福州市,鼓山(对照点),,,,,,,,,,,,,,,,
2022-11-20T05:00:00,1282A,119.2681,26.0504,福州市,师大,,39,39,35,27,17,111,41,52,44,11,16,4,4,0.6,0.6
2022-11-20T05:00:00,1283A,119.2984,26.1028,福州市,五四北路,,43,43,36,28,20,103,23,35,28,22,19,5,3,0.4,0.5
2022-11-20T05:00:00,1284A,119.2648,26.0768,福州市,杨桥西路,,45,45,36,27,20,105,31,45,39,18,17,3,3,0.4,0.4
2022-11-20T05:00:00,1285A,119.317,26.0746,福州市,紫阳,,40,40,38,28,21,108,29,42,35,17,20,4,5,0.5,0.5
2022-11-20T05:00:00,1286A,118.1608,24.8169,厦门市,溪东(对照点),,,,,,,,,,,,,,,,
2022-11-20T05:00:00,1287A,118.1514,24.4767,厦门市,洪文,颗粒物(PM10),51,52,42,29,18,167,34,48,40,25,21,4,3,0.5,0.5
2022-11-20T05:00:00,1288A,118.0661,24.4444,厦门市,鼓浪屿,颗粒物(PM10),53,55,46,26,23,128,8,44,20,59,41,6,7,0.4,0.4
2022-11-20T05:00:00,1290A,115.8931,28.6843,南昌市,省外办,,47,47,46,25,24,37,15,31,27,28,24,18,6,0.8,0.8
2022-11-20T05:00:00,1291A,115.8886,28.7003,南昌市,省林业公司,,32,31,37,22,24,37,24,28,27,26,27,18,5,0.8,1
2022-11-20T05:00:00,1292A,115.8126,28.7442,南昌市,林科所,,25,19,25,17,19,56,49,53,52,9,17,7,7,0.7,0.8
2022-11-20T05:00:00,1294A,115.8518,28.687,南昌市,建工学校,,42,42,35,21,18,51,24,49,44,33,27,9,7,0.9,1
2022-11-20T05:00:00,1295A,115.8921,28.6424,南昌市,象湖,,42,35,32,29,25,43,30,37,35,25,25,5,5,0.6,0.7
2022-11-20T05:00:00,1296A,115.7423,28.7996,南昌市,武术学校(对照点),,33,12,20,23,19,48,17,21,20,3,5,11,11,0.8,0.9
2022-11-20T05:00:00,1298A,115.9314,28.6842,南昌市,省站,,50,50,48,28,30,48,35,29,29,20,27,13,7,1.0,1.1
2022-11-20T05:00:00,1299A,116.9862,36.6114,济南市,科干所,细颗粒物(PM2.5),132,136,156,100,102,86,22,28,24,29,41,5,6,1.0,1
2022-11-20T05:00:00,1300A,116.9376,36.665,济南市,农科所,颗粒物(PM10),99,147,161,68,89,86,2,2,2,54,64,5,7,0.9,0.9
2022-11-20T05:00:00,1301A,117.1265,36.6734,济南市,开发区,细颗粒物(PM2.5),148,142,158,113,107,86,17,8,8,46,56,7,9,0.8,0.9
2022-11-20T05:00:00,1303A,117.0624,36.6868,济南市,省种子仓库,细颗粒物(PM2.5),150,144,175,115,119,92,46,18,18,25,60,4,6,0.6,0.9
2022-11-20T05:00:00,1304A,116.9489,36.6447,济南市,机床二厂,细颗粒物(PM2.5),153,176,180,117,123,92,6,6,6,47,56,6,8,1.0,1.3
2022-11-20T05:00:00,1305A,117.0495,36.663,济南市,市监测站,细颗粒物(PM2.5),123,147,166,93,97,97,50,25,25,24,55,7,8,0.8,1
2022-11-20T05:00:00,1306A,116.7675,36.5484,济南市,长清党校,细颗粒物(PM2.5),119,117,168,90,123,93,6,19,11,55,50,3,6,1.0,1.2
2022-11-20T05:00:00,1307A,120.6659,36.2403,青岛市,仰口(对照点),,24,19,34,12,24,110,74,76,72,9,17,3,5,0.4,0.5
2022-11-20T05:00:00,1308A,120.3905,36.1851,青岛市,李沧区子站,,,,,,,,,,,,,,,,
2022-11-20T05:00:00,1309A,120.3471,36.0699,青岛市,市北区子站,,,,,,,,,,,,,,,,
2022-11-20T05:00:00,1310A,120.4134,36.0658,青岛市,市南区东部子站,,45,41,46,31,28,105,51,20,20,27,56,8,8,0.7,0.8
2022-11-20T05:00:00,1311A,120.3664,36.1032,青岛市,四方区子站,细颗粒物(PM2.5),52,51,55,36,36,84,7,16,11,57,65,6,6,0.9,0.9
2022-11-20T05:00:00,1312A,120.2994,36.054,青岛市,市南区西部子站,,39,39,41,27,24,114,20,27,26,54,52,7,8,0.9,0.8
2022-11-20T05:00:00,1313A,120.4581,36.0858,青岛市,崂山区子站,,39,36,47,27,22,114,37,27,27,35,57,5,6,0.5,0.6
2022-11-20T05:00:00,1314A,120.1983,35.9608,青岛市,黄岛区子站,细颗粒物(PM2.5),64,56,53,46,36,109,9,11,10,61,74,8,8,0.6,0.6
2022-11-20T05:00:00,1315A,120.3999,36.3083,青岛市,城阳区子站,,34,34,67,17,30,73,73,60,60,16,52,5,6,0.4,0.7
2022-11-20T05:00:00,1316A,113.69031,34.76122,郑州市,烟厂,细颗粒物(PM2.5),78,66,65,57,48,83,23,37,34,46,32,14,5,1.8,0.9
2022-11-20T05:00:00,1317A,113.65724,34.77134,郑州市,郑纺机,细颗粒物(PM2.5),97,56,66,72,62,96,13,37,30,40,30,9,10,1.4,1.3
2022-11-20T05:00:00,1318A,113.67526,34.80246,郑州市,银行学校,细颗粒物(PM2.5),52,50,66,36,61,86,7,46,35,43,34,8,9,1.0,1
2022-11-20T05:00:00,1319A,113.56746,34.81334,郑州市,供水公司,颗粒物(PM10),60,69,68,41,44,100,11,26,14,25,23,5,7,0.9,1
2022-11-20T05:00:00,1320A,113.7329,34.7178,郑州市,经开区管委,细颗粒物(PM2.5),85,55,67,63,56,83,15,25,23,39,35,7,6,0.8,0.8
2022-11-20T05:00:00,1321A,113.73961,34.77172,郑州市,四十七中,颗粒物(PM10),60,69,72,41,39,83,44,41,41,23,30,9,8,1.0,1.1
2022-11-20T05:00:00,1322A,113.60532,34.74838,郑州市,市监测站,颗粒物(PM10),60,69,78,39,41,111,22,32,26,29,30,2,3,0.8,0.8
2022-11-20T05:00:00,1323A,113.64164,34.7525,郑州市,河医大,细颗粒物(PM2.5),77,66,69,56,52,88,16,34,28,39,37,8,10,1.2,1.2
2022-11-20T05:00:00,1324A,113.51488,34.91089,郑州市,岗李水库(对照点),,,,,,,,,,,,,,,,
2022-11-20T05:00:00,1325A,114.3677,30.5584,武汉市,东湖梨园,,24,22,34,15,22,71,3,4,4,48,33,7,7,0.8,0.8
2022-11-20T05:00:00,1326A,114.2529,30.558,武汉市,汉阳月湖,,26,26,32,14,26,54,7,7,7,42,39,6,6,1.0,1
2022-11-20T05:00:00,1327A,114.282,30.6189,武汉市,汉口花桥,,37,37,36,12,21,72,4,4,4,41,36,4,4,0.8,0.9
2022-11-20T05:00:00,1328A,114.3025,30.5332,武汉市,武昌紫阳,,36,36,36,20,18,65,3,3,3,47,43,7,6,1.3,1
2022-11-20T05:00:00,1329A,114.3646,30.6217,武汉市,青山钢花,,45,35,37,31,28,74,4,4,4,39,39,8,8,0.9,0.9
2022-11-20T05:00:00,1330A,114.1566,30.4825,武汉市,沌口新区,颗粒物(PM10),56,62,52,37,24,68,9,7,7,64,52,10,7,1.1,1
2022-11-20T05:00:00,1331A,114.3014,30.5944,武汉市,汉口江滩,,26,26,27,15,14,74,6,12,9,44,35,7,6,0.8,0.8
2022-11-20T05:00:00,1333A,114.135,30.6319,武汉市,吴家山,,32,28,33,22,22,78,7,8,7,49,41,6,6,0.8,0.8
2022-11-20T05:00:00,1334A,113.8454,30.2917,武汉市,沉湖七壕(对照点),,23,15,29,16,31,75,0,0,0,37,26,8,8,0.8,0.8
2022-11-20T05:00:00,1335A,113.0833,28.2325,长沙市,经开区环保局,颗粒物(PM10),54,57,75,35,52,68,4,14,7,46,33,6,6,1.0,0.9
2022-11-20T05:00:00,1336A,112.8872,28.2189,长沙市,高开区环保局,细颗粒物(PM2.5),70,52,63,51,63,73,6,5,5,36,23,7,7,0.8,0.7
2022-11-20T05:00:00,1337A,113.0792,28.2053,长沙市,马坡岭,细颗粒物(PM2.5),60,53,77,43,62,68,1,3,1,35,34,6,6,0.9,0.8
2022-11-20T05:00:00,1338A,112.9394,28.19,长沙市,湖南师范大学,,40,39,68,28,53,65,7,21,15,29,19,3,3,0.6,0.7
2022-11-20T05:00:00,1339A,113.0178,28.1322,长沙市,雨花区环保局,细颗粒物(PM2.5),77,66,82,56,69,62,0,1,0,48,34,6,6,1.0,0.7
2022-11-20T05:00:00,1340A,112.9792,28.2597,长沙市,伍家岭,细颗粒物(PM2.5),59,49,53,42,56,78,4,5,5,38,29,5,6,0.8,0.7
2022-11-20T05:00:00,1341A,113.0014,28.1944,长沙市,火车新站,"颗粒物(PM10),细颗粒物(PM2.5)",55,60,78,39,53,66,4,7,5,58,31,6,6,1.1,0.9
2022-11-20T05:00:00,1342A,112.9844,28.1178,长沙市,天心区环保局,细颗粒物(PM2.5),72,65,87,52,69,66,2,3,2,41,36,6,6,0.7,0.6
2022-11-20T05:00:00,1343A,112.8908,28.1308,长沙市,湖南中医药大学,细颗粒物(PM2.5),78,55,81,57,69,64,0,0,0,33,30,2,3,0.6,0.7
2022-11-20T05:00:00,1344A,112.9581,28.3611,长沙市,沙坪(对照点),,35,13,64,24,47,65,7,24,16,16,12,3,4,0.6,0.6
2022-11-20T05:00:00,1345A,113.2347,23.1423,广州市,广雅中学,,23,23,59,11,29,121,27,15,15,25,41,6,5,1.0,1
2022-11-20T05:00:00,1346A,113.2612,23.105,广州市,市五中,,19,19,49,11,29,148,32,28,28,27,33,7,7,0.9,0.8
2022-11-20T05:00:00,1348A,113.3478,23.0916,广州市,广东商学院,,,,,,,,,,,,,,,,
2022-11-20T05:00:00,1349A,113.4332,23.1047,广州市,市八十六中,,21,21,57,10,26,113,30,33,26,22,34,4,4,1.0,0.9
2022-11-20T05:00:00,1350A,113.3505,22.9483,广州市,番禺中学,,26,26,55,14,27,143,25,30,26,27,36,7,7,0.9,0.8
2022-11-20T05:00:00,1351A,113.2146,23.3916,广州市,花都师范,,22,22,44,14,26,116,23,35,32,22,24,8,8,0.9,0.8
2022-11-20T05:00:00,1352A,113.2597,23.1331,广州市,市监测站,,20,20,54,11,29,143,26,22,22,29,35,7,6,1.0,1
2022-11-20T05:00:00,1353A,113.5618,23.312,广州市,九龙镇镇龙,,16,16,51,9,31,117,29,26,26,22,24,6,6,0.9,0.8
2022-11-20T05:00:00,1354A,113.2765,23.1544,广州市,麓湖,,21,21,48,11,30,131,19,23,21,34,31,5,4,0.8,0.8
2022-11-20T05:00:00,1355A,113.443,23.3035,广州市,帽峰山森林公园(对照点),,17,17,62,10,37,125,48,36,36,12,15,9,8,0.9,0.8
2022-11-20T05:00:00,1356A,114.1063,22.5545,深圳市,通心岭子站,,40,40,37,28,21,112,40,55,50,16,22,4,4,0.5,0.5
2022-11-20T05:00:00,1357A,114.117,22.5625,深圳市,洪湖,,41,41,49,25,25,127,43,47,44,20,28,6,7,0.8,0.7
2022-11-20T05:00:00,1358A,113.987,22.5417,深圳市,华侨城,,39,39,55,23,31,179,34,50,43,22,43,7,7,0.8,0.7
2022-11-20T05:00:00,1359A,113.9181,22.5171,深圳市,南海子站,,46,46,64,30,36,198,53,79,63,26,52,4,5,0.6,0.7
2022-11-20T05:00:00,1360A,114.2458,22.5689,深圳市,盐田,,42,40,31,29,19,148,25,67,57,43,30,6,7,0.8,0.7
2022-11-20T05:00:00,1361A,114.2283,22.7244,深圳市,龙岗,,34,34,52,18,28,136,39,48,44,17,32,6,5,0.8,0.7
2022-11-20T05:00:00,1362A,113.8953,22.5861,深圳市,西乡,,,,,,,,,,,,,,,,
2022-11-20T05:00:00,1363A,114.494,22.5422,深圳市,南澳,,31,31,31,19,18,156,54,62,60,13,13,6,7,0.6,0.6
2022-11-20T05:00:00,1364A,114.41,22.6342,深圳市,葵涌,,49,42,31,34,21,134,22,30,25,13,16,5,5,0.7,0.6
2022-11-20T05:00:00,1365A,114.297,22.5978,深圳市,梅沙,,39,39,34,23,20,147,42,68,57,17,17,7,8,0,0.5
2022-11-20T05:00:00,1366A,114.0678,22.738,深圳市,观澜,颗粒物(PM10),52,54,70,29,32,143,25,24,21,24,39,6,7,0.7,0.6
2022-11-20T05:00:00,1367A,113.5814,22.2618,珠海市,吉大,,33,31,27,23,20,175,52,101,76,21,22,6,7,0.5,0.5
2022-11-20T05:00:00,1368A,113.4881,22.2335,珠海市,前山,颗粒物(PM10),52,53,34,31,17,153,9,73,40,55,39,6,7,0.7,0.5
2022-11-20T05:00:00,1369A,113.628,22.4251,珠海市,唐家,,36,35,36,25,25,211,40,66,53,15,23,6,7,0.5,0.4
2022-11-20T05:00:00,1370A,113.299,22.2281,珠海市,斗门,颗粒物(PM10),58,65,44,35,19,149,25,78,46,34,35,8,10,0.6,0.6
2022-11-20T05:00:00,1371A,113.1294,23.0067,佛山市,湾梁,,27,27,55,18,26,156,25,32,24,25,37,8,6,0.9,0.8
2022-11-20T05:00:00,1372A,113.1083,23.0478,佛山市,华材职中,,30,27,59,21,31,146,17,22,17,21,33,9,9,0.8,0.6
2022-11-20T05:00:00,1373A,113.144,23.0453,佛山市,南海气象局,,29,29,54,16,29,147,18,23,17,30,39,8,6,0.7,0.6
2022-11-20T05:00:00,1374A,113.2881,22.8094,佛山市,顺德苏岗,,42,21,41,29,31,144,7,30,17,43,40,7,8,1.0,0.9
2022-11-20T05:00:00,1375A,113.2544,22.7642,佛山市,容桂街道办,,,,,,,,,,,,,,,,
2022-11-20T05:00:00,1376A,112.8383,22.8678,佛山市,高明孔堂,,34,34,66,14,34,190,28,41,27,23,34,12,11,0.9,0.8
2022-11-20T05:00:00,1377A,112.8836,23.1588,佛山市,三水监测站,,20,19,70,14,35,126,27,23,23,23,39,5,8,0.8,0.8
2022-11-20T05:00:00,1378A,112.867,23.185,佛山市,三水云东海,,24,24,54,11,30,140,21,24,24,22,29,6,7,0.6,0.7
2022-11-20T05:00:00,1379A,113.3769,22.5211,中山市,华柏园,细颗粒物(PM2.5),54,53,60,38,32,178,12,22,20,50,43,7,6,0.7,0.6
2022-11-20T05:00:00,1380A,113.3881,22.5497,中山市,张溪,细颗粒物(PM2.5),57,45,80,40,38,189,8,15,14,52,54,6,6,0.8,0.7
2022-11-20T05:00:00,1381A,113.4075,22.5111,中山市,紫马岭,颗粒物(PM10),52,53,55,33,30,196,9,30,18,39,34,6,7,0.6,0.6
2022-11-20T05:00:00,1382A,113.4411,22.4853,中山市,长江旅游区(对照点),,,,,,,,,,,,,,,,
2022-11-20T05:00:00,1383A,113.1064,22.6058,江门市,北街,,36,36,56,20,27,174,14,35,25,42,41,9,8,0.9,0.8
2022-11-20T05:00:00,1384A,113.0731,22.5835,江门市,西区,,37,37,58,23,31,183,10,29,21,44,45,11,9,0.9,0.8
2022-11-20T05:00:00,1385A,113.0219,22.5311,江门市,圭峰西,,46,46,52,26,30,187,18,48,32,39,36,9,7,1.0,0.8
2022-11-20T05:00:00,1386A,113.0828,22.5947,江门市,东湖,,42,42,59,20,34,178,14,30,23,40,40,10,9,0.9,0.8
2022-11-20T05:00:00,1387A,113.7875,23.0457,东莞市,东城主山,,,,,,,,,,,,,,,,
2022-11-20T05:00:00,1388A,113.7533,23.0202,东莞市,南城元岭,,,,,,,,,,,,,,,,
2022-11-20T05:00:00,1389A,113.7547,23.0494,东莞市,莞城梨川,,21,21,42,13,26,145,44,62,49,19,27,8,9,0.9,0.8
2022-11-20T05:00:00,1390A,113.7944,23.0128,东莞市,东城石井,,28,28,42,18,27,166,42,53,48,12,17,13,10,1.0,0.9
2022-11-20T05:00:00,1391A,113.7383,22.9658,东莞市,南城西平,,32,32,53,20,29,165,31,34,33,31,34,11,10,0.9,0.8
2022-11-20T05:00:00,1392A,114.4183,23.0528,惠州市,河南岸金山湖子站,,25,25,47,6,22,93,37,49,42,13,17,8,7,0.7,0.6
2022-11-20T05:00:00,1393A,114.4053,23.0822,惠州市,下埔横江三路子站,,14,14,43,8,22,109,41,53,46,14,18,7,8,0.7,0.6
2022-11-20T05:00:00,1394A,114.4103,23.1142,惠州市,江北云山西路子站,,13,12,39,9,25,107,40,51,44,11,14,5,6,0.7,0.5
2022-11-20T05:00:00,1395A,114.4645,22.7833,惠州市,惠阳区承修路船湖子站,,36,36,56,20,25,148,36,40,39,17,25,5,5,0.7,0.6
2022-11-20T05:00:00,1396A,114.5317,22.7422,惠州市,大亚湾管委会子站,,48,29,49,33,23,160,34,40,33,17,30,4,5,0.7,0.5
2022-11-20T05:00:00,1397A,112.4267,23.0706,肇庆市,睦岗子站,,26,26,48,15,32,178,42,61,49,28,39,7,8,0.9,0.8
2022-11-20T05:00:00,1398A,112.4645,23.0475,肇庆市,城中子站,,26,26,53,14,35,176,44,62,48,19,31,11,12,0.9,0.8
2022-11-20T05:00:00,1399A,112.5544,23.1522,肇庆市,坑口子站,,21,21,45,13,32,187,43,40,39,23,29,11,11,0.9,0.7
2022-11-20T05:00:00,1400A,112.4753,23.1,肇庆市,七星岩子站(对照点),,23,23,39,12,24,153,35,57,43,18,19,7,8,1.0,0.8
2022-11-20T05:00:00,1401A,108.3103,22.7881,南宁市,二十一中,,14,14,22,9,13,44,23,15,15,14,19,5,6,0.8,0.8
2022-11-20T05:00:00,1402A,108.3141,22.8528,南宁市,北湖,,14,14,24,7,11,38,26,15,15,11,18,7,15,0.7,0.8
2022-11-20T05:00:00,1403A,108.3206,22.8225,南宁市,市监测站,,17,17,24,11,16,38,28,16,16,14,25,8,13,0.8,0.9
2022-11-20T05:00:00,1404A,108.3829,22.8037,南宁市,大自然花园,,22,22,17,7,10,47,14,13,13,16,15,6,7,0.8,0.8
2022-11-20T05:00:00,1405A,108.4394,22.7904,南宁市,仙葫(对照点),,20,8,15,14,15,46,23,22,16,12,14,9,8,0.7,0.7
2022-11-20T05:00:00,1406A,108.2397,22.8467,南宁市,区农职院,,10,9,26,7,13,32,19,15,15,18,23,8,7,0.7,0.7
2022-11-20T05:00:00,1407A,108.3275,22.735,南宁市,英华嘉园,,10,10,21,7,12,50,24,14,13,14,19,7,7,0.6,0.7
2022-11-20T05:00:00,1408A,108.2257,22.7757,南宁市,沙井镇街道办,,15,12,29,10,16,24,14,14,13,20,26,8,6,0.7,0.7
2022-11-20T05:00:00,1409A,110.576,19.9507,海口市,东寨港(对照点),,,21,22,5,8,64,39,54,45,,,8,9,0.3,0.3
2022-11-20T05:00:00,1410A,110.3232,20.0574,海口市,海南大学,,26,22,26,10,12,109,82,103,91,6,8,4,4,0.5,0.5
2022-11-20T05:00:00,1411A,110.283,20.0053,海口市,秀英海南医院,,26,26,32,9,12,102,76,100,88,4,5,5,4,0.5,0.5
2022-11-20T05:00:00,1412A,110.338,19.9969,海口市,海南师范大学,,34,34,34,10,13,99,72,94,83,4,5,5,5,0.6,0.6
2022-11-20T05:00:00,1413A,110.33,20.0356,海口市,龙华路环保局宿舍,,24,23,28,8,9,102,74,98,85,3,4,4,4,0.5,0.5
2022-11-20T05:00:00,1414A,106.3787,29.8279,重庆市,缙云山(对照点),,49,49,60,29,40,100,76,86,81,10,14,12,13,0.4,0.5
2022-11-20T05:00:00,1416A,106.4213,29.8253,重庆市,天生,细颗粒物(PM2.5),79,55,93,58,66,112,9,35,18,30,28,5,7,0.8,0.8
2022-11-20T05:00:00,1417A,106.6263,29.7228,重庆市,两路,细颗粒物(PM2.5),75,76,88,55,66,119,20,34,29,26,32,7,10,0.8,0.9
2022-11-20T05:00:00,1418A,106.2953,29.5983,重庆市,虎溪,细颗粒物(PM2.5),80,62,91,59,77,123,8,16,11,47,42,6,9,1.2,1.3
2022-11-20T05:00:00,1419A,106.5777,29.5102,重庆市,南坪,细颗粒物(PM2.5),59,38,75,42,54,110,29,49,39,17,23,5,13,0.8,0.9
2022-11-20T05:00:00,1420A,106.6556,29.6277,重庆市,唐家沱,细颗粒物(PM2.5),67,71,70,48,50,113,16,30,26,28,24,8,10,0.6,0.6
2022-11-20T05:00:00,1421A,106.6349,29.4906,重庆市,茶园,细颗粒物(PM2.5),69,75,79,50,54,130,21,33,30,26,29,8,10,0.8,0.8
2022-11-20T05:00:00,1422A,106.3754,29.4572,重庆市,白市驿,细颗粒物(PM2.5),63,56,73,45,57,120,47,64,56,14,16,7,11,0.9,0.9
2022-11-20T05:00:00,1425A,106.6205,29.7166,重庆市,空港,细颗粒物(PM2.5),80,60,82,59,68,123,26,40,35,18,24,8,11,0.8,0.8
2022-11-20T05:00:00,1426A,106.4782,29.4875,重庆市,新山村,细颗粒物(PM2.5),79,74,86,58,67,113,40,53,46,17,29,3,7,0.6,0.7
2022-11-20T05:00:00,1427A,106.5616,29.6453,重庆市,礼嘉,细颗粒物(PM2.5),59,61,71,42,56,127,34,52,45,22,31,12,15,0.7,0.8
2022-11-20T05:00:00,1428A,106.4522,29.7091,重庆市,蔡家,细颗粒物(PM2.5),69,47,100,50,73,79,7,10,8,28,35,5,6,0.7,0.9
2022-11-20T05:00:00,1429A,106.5093,29.3917,重庆市,鱼新街,细颗粒物(PM2.5),73,60,70,53,58,101,23,51,38,18,27,9,14,1.0,1.1
2022-11-20T05:00:00,1431A,103.9728,30.7236,成都市,金泉两河,细颗粒物(PM2.5),85,92,77,63,51,110,3,3,3,48,39,2,3,1.2,0.9
2022-11-20T05:00:00,1432A,104.1419,30.6764,成都市,十里店,细颗粒物(PM2.5),77,66,67,56,52,102,26,62,32,49,35,4,3,0.6,0.6
2022-11-20T05:00:00,1433A,104.0594,30.5767,成都市,三瓦窑,细颗粒物(PM2.5),80,67,67,59,48,103,6,70,34,64,35,2,3,0.6,0.6
2022-11-20T05:00:00,1434A,104.1122,30.6306,成都市,沙河铺,细颗粒物(PM2.5),77,76,75,56,48,90,24,13,13,43,39,1,2,0.5,0.7
2022-11-20T05:00:00,1437A,104.0431,30.6556,成都市,君平街,细颗粒物(PM2.5),78,91,75,57,57,107,32,13,13,48,45,3,2,0.7,0.9
2022-11-20T05:00:00,1438A,103.6202,31.0201,成都市,灵岩寺(对照点),细颗粒物(PM2.5),80,80,39,59,30,102,64,72,68,21,18,14,8,0.9,0.7
2022-11-20T05:00:00,1439A,106.6899,26.5998,贵阳市,马鞍山,,45,34,40,31,35,72,10,12,11,23,18,5,5,0.6,0.7
2022-11-20T05:00:00,1440A,106.6971,26.5694,贵阳市,市环保站,,49,41,49,34,35,70,15,19,14,25,28,5,5,0.5,0.5
2022-11-20T05:00:00,1441A,106.6243,26.6266,贵阳市,鉴湖路,,46,46,52,27,32,74,34,22,21,18,23,8,5,0.5,0.5
2022-11-20T05:00:00,1442A,106.7487,26.6343,贵阳市,燕子冲,细颗粒物(PM2.5),62,46,51,44,43,75,22,28,23,15,16,3,5,0.6,0.6
2022-11-20T05:00:00,1443A,106.6555,26.4365,贵阳市,碧云窝,,34,34,56,14,44,64,40,43,42,8,20,12,9,0.5,0.5
2022-11-20T05:00:00,1444A,106.694,26.5161,贵阳市,中院村,,28,27,57,19,36,70,22,20,20,31,33,10,11,0.5,0.6
2022-11-20T05:00:00,1445A,106.7109,26.6027,贵阳市,红边门,细颗粒物(PM2.5),58,44,52,41,37,75,22,22,22,17,19,5,7,0.5,0.6
2022-11-20T05:00:00,1446A,106.7164,26.5699,贵阳市,新华路,,49,46,51,34,37,74,17,13,11,21,21,5,6,0.4,0.5
2022-11-20T05:00:00,1447A,106.674,26.5424,贵阳市,太慈桥,,29,29,54,14,29,77,46,27,27,9,26,6,6,0.4,0.5
2022-11-20T05:00:00,1450A,102.8204,24.8886,昆明市,呈贡新区,,45,45,36,26,22,114,4,5,4,53,36,7,7,0.6,0.6
2022-11-20T05:00:00,1451A,102.6251,24.9608,昆明市,西山森林公园(对照点),,22,14,13,6,8,100,70,83,76,8,10,11,10,0.6,0.7
2022-11-20T05:00:00,1452A,102.7252,25.0902,昆明市,龙泉镇,,42,42,35,23,18,88,6,11,9,37,35,5,5,0.7,0.6
2022-11-20T05:00:00,1453A,102.7266,25.0375,昆明市,东风东路,,47,47,36,28,22,95,0,0,0,47,39,12,10,0.9,0.6
2022-11-20T05:00:00,1454A,102.6742,25.0669,昆明市,金鼎山,颗粒物(PM10),84,117,74,56,43,93,5,6,5,44,35,156,74,0.7,0.7
2022-11-20T05:00:00,1455A,102.6644,25.0401,昆明市,碧鸡广场,颗粒物(PM10),61,72,51,28,28,97,7,8,7,59,41,27,21,0.8,0.7
2022-11-20T05:00:00,1456A,91.1319,29.6514,拉萨市,八廓街,,25,25,18,2,5,94,42,36,36,15,16,8,7,0.2,0.2
2022-11-20T05:00:00,1457A,91.1221,29.6747,拉萨市,市环保局,,18,18,26,12,16,91,36,24,24,13,22,8,8,0.3,0.5
2022-11-20T05:00:00,1458A,91.0874,29.6475,拉萨市,区监测站,,22,22,17,12,9,102,45,35,35,14,19,13,12,0.4,0.4
2022-11-20T05:00:00,1459A,91.1774,29.6541,拉萨市,西藏大学,,19,19,26,3,10,95,48,47,47,11,16,11,10,0.4,0.7
2022-11-20T05:00:00,1460A,90.9798,29.6588,拉萨市,区辐射站,,18,18,23,8,11,89,35,22,22,22,30,8,10,0.5,0.6
2022-11-20T05:00:00,1461A,91.0834,29.6292,拉萨市,拉萨火车站,,28,28,16,16,8,86,31,59,40,29,16,10,10,0.3,0.2
2022-11-20T05:00:00,1462A,108.882,34.2749,西安市,高压开关厂,细颗粒物(PM2.5),172,193,140,130,89,70,5,5,5,63,64,10,10,1.1,0.7
2022-11-20T05:00:00,1463A,108.993,34.2629,西安市,兴庆小区,细颗粒物(PM2.5),83,103,108,61,65,73,3,3,3,50,53,6,8,0.6,0.7
2022-11-20T05:00:00,1464A,109.06,34.2572,西安市,纺织城,细颗粒物(PM2.5),115,120,121,87,83,64,3,3,3,35,48,8,10,0.8,0.9
2022-11-20T05:00:00,1465A,108.9356,34.2173,西安市,小寨,细颗粒物(PM2.5),108,136,129,81,77,61,2,3,3,62,60,10,11,1.0,1
2022-11-20T05:00:00,1466A,108.954,34.2713,西安市,市人民体育场,细颗粒物(PM2.5),119,105,120,90,87,70,4,4,4,44,53,6,8,1.0,0.8
2022-11-20T05:00:00,1467A,108.8922,34.2322,西安市,高新西区,细颗粒物(PM2.5),163,164,125,124,90,69,9,9,9,62,59,9,10,1.1,0.8
2022-11-20T05:00:00,1468A,108.935,34.3474,西安市,经开区,细颗粒物(PM2.5),107,134,120,80,80,77,2,3,2,61,58,7,10,1.0,0.9
2022-11-20T05:00:00,1469A,108.906,34.1546,西安市,长安区,细颗粒物(PM2.5),95,115,120,71,66,58,4,4,4,44,54,5,8,0.8,0.8
2022-11-20T05:00:00,1470A,109.2,34.6575,西安市,阎良区,,,,,,,,,,,,,,,,
2022-11-20T05:00:00,1471A,109.2186,34.3731,西安市,临潼区,细颗粒物(PM2.5),139,143,140,106,93,80,19,21,21,37,52,8,10,0.8,0.8
2022-11-20T05:00:00,1472A,108.869,34.378,西安市,草滩(对照点),细颗粒物(PM2.5),104,92,100,78,79,66,3,4,4,31,47,8,10,0.9,1
2022-11-20T05:00:00,1473A,108.985,34.1978,西安市,曲江文化产业集团,细颗粒物(PM2.5),107,133,130,80,75,60,1,2,2,57,59,5,7,0.9,1
2022-11-20T05:00:00,1474A,109.051,34.3213,西安市,广运潭,细颗粒物(PM2.5),114,123,117,86,78,73,2,2,2,48,52,7,8,0.7,0.7
2022-11-20T05:00:00,1476A,103.631,36.1031,兰州市,兰炼宾馆,颗粒物(PM10),92,134,134,64,62,105,7,6,6,64,72,49,43,1.4,1.2
2022-11-20T05:00:00,1477A,104.1373,35.9454,兰州市,榆中兰大校区(对照点),,,,,,,,,,,,,,,,
2022-11-20T05:00:00,1478A,103.8412,36.0726,兰州市,生物制品所,颗粒物(PM10),81,111,137,48,52,70,6,6,6,69,71,12,17,1.5,1.6
2022-11-20T05:00:00,1479A,103.831,36.0464,兰州市,铁路设计院,颗粒物(PM10),94,137,130,53,54,78,8,7,7,72,78,19,21,1.1,1.3
2022-11-20T05:00:00,1480A,101.748,36.6428,西宁市,市环境监测站,,,,,,,,,,,,,,,,
2022-11-20T05:00:00,1482A,101.834,36.5819,西宁市,四陆医院,,,,,,,,,,,,,,,,
2022-11-20T05:00:00,1483A,101.524,36.6867,西宁市,第五水厂(对照点),,,,,,,,,,,,,,,,
2022-11-20T05:00:00,1484A,105.9512,38.6016,银川市,贺兰山马莲口(对照点),,47,47,64,17,24,80,80,79,78,16,27,15,24,0.3,0.7
2022-11-20T05:00:00,1488A,106.2328,38.4975,银川市,贺兰山东路,颗粒物(PM10),90,130,117,54,57,72,6,16,9,69,62,13,17,1.2,1
2022-11-20T05:00:00,1489A,106.1358,38.5036,银川市,学院路,颗粒物(PM10),96,141,122,43,42,70,5,12,7,69,60,16,23,1.4,1.3
2022-11-20T05:00:00,1490A,87.5801,43.8303,乌鲁木齐市,监测站,,45,45,64,25,42,37,37,24,24,28,30,5,5,1.4,1.4
2022-11-20T05:00:00,1491A,87.6046,43.768,乌鲁木齐市,收费所,细颗粒物(PM2.5),54,45,62,38,51,34,34,28,28,26,33,8,8,0.5,0.5
2022-11-20T05:00:00,1492A,87.4754,43.9469,乌鲁木齐市,新疆农科院农场(对照点),细颗粒物(PM2.5),65,16,19,47,38,31,4,10,9,36,22,8,8,1.4,1.3
2022-11-20T05:00:00,1493A,87.5525,43.8711,乌鲁木齐市,铁路局,,,30,55,25,43,32,29,23,23,,28,4,3,1.1,1.1
2022-11-20T05:00:00,1494A,87.6432,43.831,乌鲁木齐市,三十一中学,,,49,80,,,62,62,41,41,21,25,11,9,0.3,0.5
2022-11-20T05:00:00,1496A,87.7216,44.1747,乌鲁木齐市,米东区环保局,,,50,48,,41,41,27,18,18,15,20,7,9,0.5,0.5
2022-11-20T05:00:00,1508A,112.9433,27.8614,湘潭市,板塘,细颗粒物(PM2.5),103,61,70,77,80,74,4,4,4,52,34,7,5,0.6,0.5
2022-11-20T05:00:00,1511A,112.9118,27.8403,湘潭市,市监测站,细颗粒物(PM2.5),95,80,87,71,78,68,2,2,2,31,27,11,8,0.9,0.8
2022-11-20T05:00:00,1512A,112.8937,27.8728,湘潭市,江麓,细颗粒物(PM2.5),89,66,80,66,79,71,2,2,2,43,32,9,7,0.9,0.7
2022-11-20T05:00:00,1513A,112.9227,27.8159,湘潭市,岳塘,细颗粒物(PM2.5),118,89,84,89,83,65,3,4,3,35,35,15,9,0.8,0.7
2022-11-20T05:00:00,1514A,112.9074,27.9119,湘潭市,科大,细颗粒物(PM2.5),80,40,66,59,76,70,4,7,6,46,34,5,5,0.6,0.6
2022-11-20T05:00:00,1515A,113.135,27.8244,株洲市,天台山庄,细颗粒物(PM2.5),87,56,70,64,77,76,4,6,4,48,30,3,2,0.5,0.5
2022-11-20T05:00:00,1518A,113.095,27.8867,株洲市,株冶医院,细颗粒物(PM2.5),77,63,75,56,76,73,4,4,4,48,42,5,4,0.5,0.5
2022-11-20T05:00:00,1519A,113.167,27.8667,株洲市,市四中,细颗粒物(PM2.5),99,51,66,74,82,84,5,5,5,36,29,1,3,0.7,0.6
2022-11-20T05:00:00,1520A,113.143,27.8381,株洲市,火车站,细颗粒物(PM2.5),93,63,78,69,83,78,0,1,1,31,27,7,7,1.3,1.2
2022-11-20T05:00:00,1524A,113.13,27.8528,株洲市,市监测站,细颗粒物(PM2.5),97,61,75,72,84,80,5,17,9,50,32,3,5,0.9,0.8
2022-11-20T05:00:00,1552A,106.805,26.3003,贵阳市,桐木岭(对照点),,,,,,,,,,,,,,,,
2022-11-20T05:00:00,1559A,113.251,27.8336,株洲市,大京风景区(对照点),,36,36,64,24,53,72,1,1,1,13,15,4,4,1.0,1
2022-11-20T05:00:00,1562A,113.0048,27.9153,湘潭市,昭山,,,89,93,66,70,75,0,0,0,31,29,4,3,1.0,0.9
2022-11-20T05:00:00,1564A,112.4876,27.9164,湘潭市,韶山(对照点),,28,28,42,8,39,70,2,5,3,20,21,4,5,0.6,0.6
2022-11-20T05:00:00,1585A,109.8756,40.6532,包头市,市环境监测站,颗粒物(PM10),61,71,89,18,38,65,2,3,3,44,57,14,18,0.8,1.3
2022-11-20T05:00:00,1587A,109.9991,40.5842,包头市,包头八中,细颗粒物(PM2.5),105,134,109,79,48,64,7,7,7,54,57,20,27,1.3,1.5
2022-11-20T05:00:00,1588A,109.8538,40.6821,包头市,青山宾馆,颗粒物(PM10),62,74,86,43,36,73,4,4,4,39,50,13,16,1.0,1.2
2022-11-20T05:00:00,1589A,109.8642,40.6288,包头市,惠龙物流,颗粒物(PM10),75,100,110,34,44,66,1,2,1,51,63,17,21,1.2,1.3
2022-11-20T05:00:00,1590A,110.0377,40.5546,包头市,东河鸿龙湾,细颗粒物(PM2.5),79,104,98,58,45,63,5,6,6,42,45,12,18,1.2,1.3
2022-11-20T05:00:00,1591A,110.0023,39.8129,鄂尔多斯市,综合楼,颗粒物(PM10),85,119,94,38,27,72,31,31,31,44,45,17,17,0.8,0.8
2022-11-20T05:00:00,1592A,109.9486,39.8261,鄂尔多斯市,巴音孟克林场办事处,颗粒物(PM10),90,129,100,46,33,90,52,48,48,34,39,21,19,0.6,0.7
2022-11-20T05:00:00,1593A,109.7736,39.5986,鄂尔多斯市,康泽苑,颗粒物(PM10),78,105,73,31,21,103,20,24,22,23,19,5,6,0.6,0.6
2022-11-20T05:00:00,1594A,109.8119,39.5989,鄂尔多斯市,华泰汽车城,颗粒物(PM10),60,70,70,29,26,109,6,6,6,39,30,5,6,0.7,0.6
2022-11-20T05:00:00,1595A,109.9734,39.7884,鄂尔多斯市,奥林花园,颗粒物(PM10),98,146,113,53,33,94,6,5,5,67,54,8,9,1.0,0.9
2022-11-20T05:00:00,1596A,122.2414,40.6592,营口市,学府南路,,,,,,,,,,,,,,,,
2022-11-20T05:00:00,1597A,122.2703,40.7094,营口市,大庆路,,26,26,76,8,59,98,45,66,54,18,32,8,11,0.7,0.8
2022-11-20T05:00:00,1598A,122.215,40.6511,营口市,镜湖西路,,44,44,87,6,48,93,43,63,52,10,22,6,6,0.6,0.9
2022-11-20T05:00:00,1599A,122.167,40.6655,营口市,西炮台,,17,16,81,8,59,97,52,74,59,16,30,7,10,0.6,0.8
2022-11-20T05:00:00,1600A,124.3303,40.0625,丹东市,江湾东路,细颗粒物(PM2.5),78,84,82,57,54,77,7,25,15,35,35,13,20,2.0,1.6
2022-11-20T05:00:00,1601A,124.4256,40.1503,丹东市,临江后街,颗粒物(PM10),52,54,69,30,41,92,31,31,27,21,27,7,21,1.1,1.3
2022-11-20T05:00:00,1602A,124.3933,40.1461,丹东市,元宝山,颗粒物(PM10),53,55,63,34,43,80,35,45,33,33,34,21,18,0.9,1.2
2022-11-20T05:00:00,1603A,124.3633,40.1092,丹东市,民主桥,细颗粒物(PM2.5),63,72,68,45,40,83,18,29,27,31,32,10,13,1.3,1.1
2022-11-20T05:00:00,1604A,122.0303,41.1489,盘锦市,开发区,,15,15,71,3,60,90,43,52,48,18,29,13,11,0.5,0.9
2022-11-20T05:00:00,1605A,122.0485,41.0883,盘锦市,兴隆台,,35,35,87,5,61,80,43,50,47,12,30,9,14,0.4,0.9
2022-11-20T05:00:00,1606A,121.8297,41.1028,盘锦市,新生街道,,13,11,55,4,50,92,39,33,33,15,22,8,9,0.4,0.7
2022-11-20T05:00:00,1607A,120.9092,40.7136,葫芦岛市,龙港区,颗粒物(PM10),71,92,101,23,72,83,12,13,12,43,36,34,52,0.9,1.1
2022-11-20T05:00:00,1608A,120.8392,40.7514,葫芦岛市,化工街,颗粒物(PM10),51,52,98,12,70,86,37,34,34,17,41,23,22,0.4,0.9
2022-11-20T05:00:00,1609A,120.8341,40.7073,葫芦岛市,新区,,46,46,97,9,72,87,33,26,26,27,45,24,22,0.8,1.3
2022-11-20T05:00:00,1610A,120.8695,40.7677,葫芦岛市,东城区,,39,39,93,6,65,69,36,31,31,13,42,16,26,0.8,1
2022-11-20T05:00:00,1611A,118.5819,24.9117,泉州市,涂山街,,40,40,51,22,23,140,36,58,47,21,20,9,9,0.7,0.6
2022-11-20T05:00:00,1612A,118.5972,24.8978,泉州市,津头埔,,49,41,50,34,25,138,32,57,45,27,23,9,9,0.7,0.6
2022-11-20T05:00:00,1613A,118.6663,24.9424,泉州市,万安,,50,41,38,35,24,154,28,62,46,29,16,12,10,0.7,0.6
2022-11-20T05:00:00,1614A,118.6117,24.9604,泉州市,清源山(对照点),,,,,,,,,,,,,,,,
2022-11-20T05:00:00,1616A,117.6795,36.229,济南市,技术学院,颗粒物(PM10),74,97,70,49,35,87,4,10,4,57,48,6,7,1.0,1
2022-11-20T05:00:00,1618A,118.3429,35.0532,临沂市,沂河小区,,33,31,33,23,27,66,38,43,42,19,27,5,6,0.5,0.5
2022-11-20T05:00:00,1619A,118.295,35.0583,临沂市,鲁南制药厂,,23,19,23,16,16,66,48,45,45,25,29,6,6,0.7,0.7
2022-11-20T05:00:00,1620A,118.2794,34.9976,临沂市,新光毛纺厂,,29,27,25,20,21,60,37,43,40,29,33,1,2,0.9,0.8
2022-11-20T05:00:00,1621A,118.3956,35.0888,临沂市,河东保险公司,,35,31,30,24,21,60,41,39,39,22,29,4,4,0.7,0.6
2022-11-20T05:00:00,1622A,116.3032,37.4674,德州市,儿童乐园,细颗粒物(PM2.5),172,172,200,130,146,115,34,34,34,39,51,7,9,0.8,1
2022-11-20T05:00:00,1624A,116.2991,37.4451,德州市,监理站,细颗粒物(PM2.5),185,168,193,139,151,118,17,30,26,49,45,9,10,0.9,1
2022-11-20T05:00:00,1625A,115.9848,36.4372,聊城市,区政府,细颗粒物(PM2.5),112,111,159,84,123,79,48,30,30,23,42,11,10,0.7,1
2022-11-20T05:00:00,1628A,118.0062,37.3803,滨州市,市环保局,细颗粒物(PM2.5),110,127,231,83,159,87,7,29,14,51,54,8,22,1.4,1.3
2022-11-20T05:00:00,1629A,118.0018,37.3617,滨州市,第二水厂,颗粒物(PM10),67,83,198,45,130,80,8,32,17,47,48,7,18,1.8,1.3
2022-11-20T05:00:00,1630A,117.9776,37.393,滨州市,北中新校,细颗粒物(PM2.5),87,119,209,64,136,89,8,17,13,47,55,8,16,1.6,1.2
2022-11-20T05:00:00,1631A,118.0414,36.8103,淄博市,人民公园,细颗粒物(PM2.5),244,239,163,194,130,83,3,4,3,66,58,20,16,1.3,1.1
2022-11-20T05:00:00,1632A,118.0253,36.8406,淄博市,东风化工厂,,,,,,,,,,,,,,,,
2022-11-20T05:00:00,1633A,117.8525,36.4847,淄博市,双山,细颗粒物(PM2.5),102,99,101,76,74,88,17,12,12,42,41,10,11,0.8,0.8
2022-11-20T05:00:00,1634A,117.9592,36.6331,淄博市,气象站,细颗粒物(PM2.5),147,143,126,112,95,86,1,1,1,60,52,14,18,1.1,1
2022-11-20T05:00:00,1635A,118.3092,36.8194,淄博市,莆田园,细颗粒物(PM2.5),144,153,147,110,94,97,6,4,4,53,55,14,17,2.9,1.7
2022-11-20T05:00:00,1636A,117.8661,36.805,淄博市,三金集团,,,,,,,,,,,,,,,,
2022-11-20T05:00:00,1637A,117.558,34.8438,枣庄市,市中区政府,颗粒物(PM10),59,68,45,41,27,84,9,23,16,53,37,13,12,0.9,0.8
2022-11-20T05:00:00,1638A,117.2852,34.7837,枣庄市,薛城环保局,细颗粒物(PM2.5),100,103,62,75,41,79,15,26,24,45,40,10,9,1.0,0.8
2022-11-20T05:00:00,1639A,117.5852,34.7745,枣庄市,峄城区政府,细颗粒物(PM2.5),55,56,40,39,26,92,25,40,32,34,27,7,9,0.5,0.4
2022-11-20T05:00:00,1640A,117.7276,34.5578,枣庄市,台儿庄区环保局,,41,41,39,27,30,71,40,31,31,23,25,9,10,0.9,1
2022-11-20T05:00:00,1641A,117.4518,35.0992,枣庄市,山亭区环保局,,49,44,33,34,24,98,36,45,37,28,30,9,8,1.2,1.1
2022-11-20T05:00:00,1642A,121.2514,37.5639,烟台市,开发区,细颗粒物(PM2.5),199,166,77,149,66,86,35,68,36,46,39,12,14,1.2,0.8
2022-11-20T05:00:00,1643A,121.3719,37.5433,烟台市,轴承厂,细颗粒物(PM2.5),200,156,67,150,58,102,25,44,37,32,32,10,14,0.9,0.5
2022-11-20T05:00:00,1644A,121.3181,37.5436,烟台市,西郊化工站,细颗粒物(PM2.5),183,178,84,138,50,95,56,51,51,26,33,17,17,1.2,0.8
2022-11-20T05:00:00,1645A,121.4478,37.4822,烟台市,莱山环保局,细颗粒物(PM2.5),122,119,58,92,30,96,31,6,6,47,41,14,10,1.0,0.8
2022-11-20T05:00:00,1646A,121.2611,37.4967,烟台市,福山环保局,细颗粒物(PM2.5),140,149,88,107,53,91,14,37,24,62,50,10,10,1.1,0.7
2022-11-20T05:00:00,1648A,119.12,36.7019,潍坊市,仲裁委,,,,,,,,,,,,,,,,
2022-11-20T05:00:00,1650A,119.1437,36.7023,潍坊市,环保局,颗粒物(PM10),52,53,62,35,42,84,10,14,11,37,47,3,5,1.1,0.7
2022-11-20T05:00:00,1652A,119.1936,36.7729,潍坊市,寒亭监测站,,,,,,,,,,,,,,,,
2022-11-20T05:00:00,1653A,116.6251,35.4302,济宁市,火炬城,细颗粒物(PM2.5),100,73,58,75,57,70,10,27,15,51,35,6,6,0.6,0.6
2022-11-20T05:00:00,1655A,116.5491,35.4042,济宁市,电化厂,细颗粒物(PM2.5),92,73,78,68,67,70,18,14,14,51,41,8,9,0.6,0.7
2022-11-20T05:00:00,1656A,117.1437,36.1937,泰安市,监测站,细颗粒物(PM2.5),74,90,65,54,32,76,6,6,6,45,33,9,9,1.1,0.7
2022-11-20T05:00:00,1657A,117.0885,36.2017,泰安市,人口学校,细颗粒物(PM2.5),92,100,67,68,45,63,5,22,10,58,38,6,6,0.7,0.5
2022-11-20T05:00:00,1658A,117.1089,36.1758,泰安市,电力学校,细颗粒物(PM2.5),98,114,81,73,52,86,4,4,4,54,51,10,9,0.8,0.5
2022-11-20T05:00:00,1659A,119.471,35.4209,日照市,监测站,,46,34,31,32,25,68,45,55,48,22,30,5,6,0.6,0.6
2022-11-20T05:00:00,1660A,119.523,35.4216,日照市,市政府广场,,48,48,35,32,24,73,39,42,39,18,24,4,4,0.6,0.6
2022-11-20T05:00:00,1661A,119.5587,35.4044,日照市,港务局,颗粒物(PM10),51,51,39,31,27,80,45,47,45,16,20,6,6,0.5,0.5
2022-11-20T05:00:00,1662A,122.1214,37.4236,威海市,华夏技校,细颗粒物(PM2.5),55,44,42,39,32,101,62,67,66,22,28,5,6,0.3,0.3
2022-11-20T05:00:00,1663A,122.0508,37.5236,威海市,山大分校,细颗粒物(PM2.5),59,56,47,42,24,82,52,68,64,27,40,3,4,0.5,0.5
2022-11-20T05:00:00,1664A,122.1067,37.5072,威海市,市监测站,,46,42,43,32,29,82,39,37,37,24,44,6,6,0.4,0.4
2022-11-20T05:00:00,1665A,118.5019,37.4658,东营市,西城阳光环保公司,,,,,,,,,,,,,,,,
2022-11-20T05:00:00,1666A,118.6614,37.4309,东营市,市环保局,细颗粒物(PM2.5),70,61,175,51,126,116,24,48,34,42,55,6,21,1.4,1.4
2022-11-20T05:00:00,1669A,113.5824,24.7733,韶关市,市八中,,22,22,20,11,9,42,22,31,29,11,13,10,9,0.8,0.8
2022-11-20T05:00:00,1670A,113.5556,24.8082,韶关市,碧湖山庄,,,,,,,,,,,,,,,,
2022-11-20T05:00:00,1671A,113.5917,24.7972,韶关市,园林处,,24,24,19,14,12,44,19,39,33,8,11,10,10,0.9,0.9
2022-11-20T05:00:00,1672A,113.6735,24.7791,韶关市,韶关学院,,26,19,23,18,20,51,13,14,14,21,18,8,10,0.9,0.9
2022-11-20T05:00:00,1673A,113.5971,24.6863,韶关市,曲江监测站,,20,19,24,14,14,45,23,26,24,15,17,12,12,0.7,0.7
2022-11-20T05:00:00,1674A,116.6794,23.3667,汕头市,金平子站,,26,20,38,18,20,157,62,76,72,15,20,10,11,0.4,0.5
2022-11-20T05:00:00,1675A,116.7244,23.3633,汕头市,龙湖子站,,31,31,46,15,14,159,65,82,78,14,17,10,12,0.6,0.7
2022-11-20T05:00:00,1676A,116.7258,23.2775,汕头市,濠江子站,,26,17,28,18,18,147,71,72,72,14,18,9,10,0.6,0.8
2022-11-20T05:00:00,1677A,116.7519,23.4714,汕头市,澄海子站,,38,30,31,26,20,158,37,73,61,28,19,16,7,0.7,0.7
2022-11-20T05:00:00,1678A,116.6092,23.2539,汕头市,潮阳子站,,21,20,36,13,19,150,66,77,70,12,18,8,10,0.6,0.7
2022-11-20T05:00:00,1679A,116.4069,23.2533,汕头市,潮南子站,,,,,,,,,,,,,,,,
2022-11-20T05:00:00,1680A,110.3539,21.2706,湛江市,湛江影剧院,细颗粒物(PM2.5),67,71,31,48,17,116,30,104,75,27,12,51,14,0.9,0.6
2022-11-20T05:00:00,1681A,110.3928,21.2228,湛江市,市环境监测站,细颗粒物(PM2.5),72,63,32,52,17,115,56,109,90,17,10,28,9,0.8,0.6
2022-11-20T05:00:00,1682A,110.4019,21.1997,湛江市,环保局宿舍,细颗粒物(PM2.5),65,47,28,47,19,116,70,113,97,13,10,26,9,0.6,0.5
2022-11-20T05:00:00,1683A,110.4111,21.2028,湛江市,霞山游泳场,细颗粒物(PM2.5),68,77,31,49,19,123,57,110,91,19,9,26,10,0.7,0.5
2022-11-20T05:00:00,1684A,110.3316,21.2679,湛江市,麻章区环保局,细颗粒物(PM2.5),79,62,33,58,18,107,22,90,60,27,14,12,12,0.7,0.5
2022-11-20T05:00:00,1685A,110.4558,21.2567,湛江市,坡头区环保局,细颗粒物(PM2.5),84,53,30,62,20,120,44,110,83,18,9,31,12,0.8,0.5
2022-11-20T05:00:00,1686A,111.0286,21.4688,茂名市,电白南海,颗粒物(PM10),59,68,48,41,21,137,29,100,63,26,20,30,11,0.8,0.6
2022-11-20T05:00:00,1687A,110.9294,21.6533,茂名市,茂石化七小,细颗粒物(PM2.5),73,78,48,53,28,121,27,79,51,18,11,24,16,1.2,0.8
2022-11-20T05:00:00,1688A,110.9107,21.6687,茂名市,健康路,颗粒物(PM10),66,82,44,47,21,128,18,79,48,31,16,40,22,1.2,0.8
2022-11-20T05:00:00,1689A,110.8592,21.6828,茂名市,高岭,细颗粒物(PM2.5),77,90,62,56,36,133,24,25,20,19,25,30,17,0.7,0.6
2022-11-20T05:00:00,1690A,116.1231,24.3284,梅州市,梅江月梅,,16,16,37,5,21,90,8,6,6,23,25,3,4,0.7,0.6
2022-11-20T05:00:00,1691A,116.0797,24.2719,梅州市,梅县新城,,13,13,43,9,30,103,24,30,27,15,20,8,8,0.7,0.7
2022-11-20T05:00:00,1692A,116.1248,24.2654,梅州市,环境监控中心,,18,17,43,12,28,102,8,7,7,27,28,8,8,0.7,0.6
2022-11-20T05:00:00,1693A,115.3653,22.775,汕尾市,市环保局,细颗粒物(PM2.5),52,43,34,36,19,130,55,79,70,12,12,8,8,0.6,0.6
2022-11-20T05:00:00,1694A,115.3706,22.7898,汕尾市,市政府,细颗粒物(PM2.5),54,37,35,38,23,130,52,75,62,11,14,8,9,0.6,0.6
2022-11-20T05:00:00,1695A,115.3622,22.7925,汕尾市,新城中学,细颗粒物(PM2.5),54,39,46,38,24,124,54,73,61,8,12,8,9,0.8,0.7
2022-11-20T05:00:00,1696A,114.6778,23.7569,河源市,源西(对照点),,13,12,35,9,24,84,32,40,35,14,16,5,6,0.9,0.9
2022-11-20T05:00:00,1697A,114.6944,23.7586,河源市,东埔,,20,11,34,14,24,92,37,44,37,11,16,6,6,0.9,0.9
2022-11-20T05:00:00,1698A,114.6892,23.7233,河源市,老城,,19,19,47,11,25,90,37,44,38,11,16,5,6,0.9,0.9
2022-11-20T05:00:00,1699A,111.9797,21.8593,阳江市,鸳鸯湖(对照点),细颗粒物(PM2.5),64,52,42,46,27,149,61,54,54,21,19,11,9,0.9,0.8
2022-11-20T05:00:00,1700A,111.9508,21.8536,阳江市,南恩路,,,,,,,,,,,,,,,,
2022-11-20T05:00:00,1701A,111.9491,21.8658,阳江市,马南垌,细颗粒物(PM2.5),85,59,46,63,33,142,30,62,55,73,24,9,8,0.6,0.6
2022-11-20T05:00:00,1702A,113.0426,23.691,清远市,环保大楼(对照点),,20,12,30,14,24,127,50,40,40,3,12,4,5,0.9,0.9
2022-11-20T05:00:00,1703A,113.0208,23.7106,清远市,凤城街办,,13,13,32,9,22,70,34,33,33,8,17,7,6,1.0,1
2022-11-20T05:00:00,1705A,116.6367,23.6719,潮州市,西园路(对照点),细颗粒物(PM2.5),54,46,50,38,32,167,27,53,38,11,14,15,15,0.8,0.8
2022-11-20T05:00:00,1706A,116.6447,23.6706,潮州市,档案局,,50,50,53,32,30,172,27,61,40,11,14,15,15,0.7,0.7
2022-11-20T05:00:00,1708A,116.3701,23.5345,揭阳市,新兴,细颗粒物(PM2.5),63,43,56,45,36,177,48,76,62,13,18,16,12,0.6,0.7
2022-11-20T05:00:00,1709A,116.3264,23.5443,揭阳市,西马,,49,32,55,34,34,172,28,78,53,13,18,10,11,0.8,0.8
2022-11-20T05:00:00,1710A,116.3611,23.5626,揭阳市,东兴,细颗粒物(PM2.5),65,69,69,47,41,165,19,64,49,30,22,9,11,0.8,0.8
2022-11-20T05:00:00,1711A,116.4151,23.5294,揭阳市,渔湖,,38,38,61,20,35,172,45,63,54,15,20,12,19,0.6,0.7
2022-11-20T05:00:00,1712A,112.0392,22.9169,云浮市,新市府(对照点),,45,45,50,29,36,131,25,29,25,29,27,20,9,0.8,0.7
2022-11-20T05:00:00,1713A,112.0369,22.9394,云浮市,市监测站,,,,,,,,,,,,,,,,
2022-11-20T05:00:00,1714A,112.0539,22.9539,云浮市,牧羊,,26,18,57,18,37,118,56,31,31,10,34,13,22,0.7,0.7
2022-11-20T05:00:00,1715A,102.575,24.3711,玉溪市,东风水库,,19,19,28,13,11,79,8,20,14,19,17,4,6,1.1,1.1
2022-11-20T05:00:00,1718A,115.4208,35.2464,菏泽市,气象局,细颗粒物(PM2.5),87,85,142,64,117,72,69,70,69,12,27,4,6,0.5,0.7
2022-11-20T05:00:00,1719A,115.4747,35.2375,菏泽市,市政协,细颗粒物(PM2.5),100,72,128,75,120,75,75,72,72,17,33,5,9,0.4,0.6
2022-11-20T05:00:00,1720A,115.455,35.27,菏泽市,菏泽学院,,,,,,,,,,,,,,,,
2022-11-20T05:00:00,1721A,113.3819,40.1097,大同市,果树场(对照点),,,,,,,,,,,,,,,,
2022-11-20T05:00:00,1723A,113.2994,40.0758,大同市,云冈宾馆,颗粒物(PM10),69,87,75,27,26,85,0,10,5,46,31,16,14,0.8,0.3
2022-11-20T05:00:00,1724A,113.3444,40.0917,大同市,大同大学,,,,,26,20,87,24,32,26,23,24,16,17,1.1,0.8
2022-11-20T05:00:00,1725A,113.2661,40.1269,大同市,安家小村,,,,,,,,,,,,,,,,
2022-11-20T05:00:00,1726A,113.2711,40.0844,大同市,教育学院,颗粒物(PM10),66,82,84,32,26,78,1,2,1,43,35,17,16,1.0,0.6
2022-11-20T05:00:00,1727A,113.1147,36.1547,长治市,清华站,细颗粒物(PM2.5),73,75,93,53,61,93,39,16,16,30,41,9,10,0.8,0.9
2022-11-20T05:00:00,1728A,113.1031,36.1989,长治市,监测站,细颗粒物(PM2.5),77,78,87,56,61,85,13,6,6,35,39,9,11,0.9,1.1
2022-11-20T05:00:00,1730A,113.0886,36.2125,长治市,审计局,细颗粒物(PM2.5),92,95,87,68,68,86,1,3,3,42,40,6,7,1.0,1.1
2022-11-20T05:00:00,1731A,113.0844,36.1856,长治市,长治八中,颗粒物(PM10),80,109,111,47,59,85,2,1,1,44,43,11,13,1.3,1.4
2022-11-20T05:00:00,1733A,111.5531,36.0783,临汾市,临钢医院,细颗粒物(PM2.5),133,153,166,101,124,92,4,4,4,38,41,2,3,1.1,1.2
2022-11-20T05:00:00,1734A,111.5028,36.0714,临汾市,技工学校,细颗粒物(PM2.5),179,206,189,135,134,93,3,4,3,52,49,7,8,1.2,1.4
2022-11-20T05:00:00,1735A,111.5169,36.0822,临汾市,工商学校,,,,,,,,,,,,,,,,
2022-11-20T05:00:00,1736A,111.5018,36.0855,临汾市,市委,细颗粒物(PM2.5),180,210,182,136,130,95,6,6,6,49,45,2,3,1.1,1.2
2022-11-20T05:00:00,1738A,113.5758,37.8572,阳泉市,市中心,颗粒物(PM10),85,120,128,47,68,86,3,5,4,56,54,15,14,1.3,1.1
2022-11-20T05:00:00,1739A,113.4894,37.8731,阳泉市,赛鱼,颗粒物(PM10),81,112,108,51,69,81,3,3,2,51,55,11,12,0.9,1
2022-11-20T05:00:00,1740A,113.5819,37.8486,阳泉市,南庄,颗粒物(PM10),75,100,107,47,63,87,4,5,4,55,51,9,11,1.2,1.2
2022-11-20T05:00:00,1741A,113.6292,37.8531,阳泉市,白羊墅,,,,,,,,,,,,,,,,
2022-11-20T05:00:00,1742A,113.5614,37.8703,阳泉市,平坦,颗粒物(PM10),87,124,134,53,68,87,6,6,6,73,65,23,16,1.0,1.1
2022-11-20T05:00:00,1743A,113.5158,37.8392,阳泉市,大阳泉,颗粒物(PM10),71,92,90,51,63,90,38,52,41,50,43,29,17,0.9,0.9
2022-11-20T05:00:00,1744A,118.9233,42.2816,赤峰市,松山一中,,17,17,44,3,22,78,41,37,37,21,29,10,10,0.6,0.7
2022-11-20T05:00:00,1745A,118.9576,42.2728,赤峰市,哈达街,,24,24,48,6,19,79,38,30,30,12,21,9,10,0.4,0.6
2022-11-20T05:00:00,1746A,118.8788,42.2554,赤峰市,天义路,,15,15,41,2,19,80,37,45,38,20,26,13,18,0.5,0.6
2022-11-20T05:00:00,1748A,123.044,41.1196,鞍山市,深沟寺,,22,22,42,13,30,104,36,57,45,24,18,17,9,0.4,0.5
2022-11-20T05:00:00,1749A,123.011,41.0931,鞍山市,太阳城,,24,24,47,8,28,101,40,58,49,12,16,18,10,0.5,0.7
2022-11-20T05:00:00,1750A,123.0485,41.1442,鞍山市,太平,,20,20,50,9,31,92,38,53,43,22,27,17,13,0.6,0.8
2022-11-20T05:00:00,1751A,122.9642,41.0971,鞍山市,铁西三道街,,17,17,69,6,36,78,48,43,43,17,47,14,22,0.5,1.2
2022-11-20T05:00:00,1752A,122.9341,41.0833,鞍山市,铁西工业园区,,15,15,63,8,40,93,46,41,41,22,34,15,13,0.5,1.1
2022-11-20T05:00:00,1753A,123.022,41.0821,鞍山市,明达新区,,20,20,46,8,31,97,38,58,47,19,16,19,12,0.4,0.7
2022-11-20T05:00:00,1754A,123.1289,41.0228,鞍山市,千山(对照点),,,,,,,,,,,,,,,,
2022-11-20T05:00:00,1755A,123.7977,41.8491,抚顺市,望花区,,42,42,74,15,35,72,20,57,45,20,29,8,11,0.3,0.8
2022-11-20T05:00:00,1756A,123.9161,41.8822,抚顺市,顺城区,,50,50,60,31,34,73,4,51,26,47,40,8,12,1.1,1.1
2022-11-20T05:00:00,1757A,124.0436,41.8611,抚顺市,东洲区,,33,33,52,14,28,85,30,56,44,20,23,10,12,0.4,0.7
2022-11-20T05:00:00,1758A,123.9247,41.8642,抚顺市,新抚区,,34,34,66,11,35,80,9,54,33,39,33,6,8,0.2,0.5
2022-11-20T05:00:00,1759A,124.0972,41.8961,抚顺市,大伙房水库,,26,26,41,9,25,86,28,53,41,16,14,4,12,0.5,0.7
2022-11-20T05:00:00,1760A,123.7086,41.8391,抚顺市,沈抚新城,,35,35,75,8,38,78,17,47,33,21,28,8,17,0.7,1.1
2022-11-20T05:00:00,1761A,123.8275,41.3064,本溪市,大峪,,26,26,39,8,25,94,43,56,52,12,18,7,11,0.4,0.7
2022-11-20T05:00:00,1762A,123.7567,41.3325,本溪市,溪湖,,37,37,73,6,37,80,48,59,54,13,37,6,23,0.6,1.4
2022-11-20T05:00:00,1763A,123.7169,41.3094,本溪市,彩屯,,,,,,,,,,,,,,,,
2022-11-20T05:00:00,1764A,123.7669,41.2864,本溪市,东明,,28,28,49,14,32,88,51,58,56,15,29,12,15,0.6,1
2022-11-20T05:00:00,1765A,123.7992,41.2664,本溪市,新立屯,,27,27,40,11,28,92,51,63,57,15,19,8,10,0.3,0.5
2022-11-20T05:00:00,1766A,123.8142,41.3472,本溪市,威宁,,26,26,51,9,30,86,14,52,40,42,26,6,8,0.5,1
2022-11-20T05:00:00,1767A,121.1115,41.0879,锦州市,南山,,16,16,66,4,74,51,38,38,38,15,49,9,35,0.7,1
2022-11-20T05:00:00,1768A,121.0533,40.8434,锦州市,开发区,颗粒物(PM10),53,56,131,15,72,49,31,40,37,21,51,15,37,0.5,1
2022-11-20T05:00:00,1769A,121.1836,41.1119,锦州市,百股街道,,26,26,89,7,69,58,38,32,32,15,46,9,41,0.9,1.7
2022-11-20T05:00:00,1770A,121.1178,41.1222,锦州市,天安街道,,28,28,92,5,75,51,31,46,43,22,46,8,32,0.6,1.3
2022-11-20T05:00:00,1771A,121.1303,41.1386,锦州市,北湖公园,,22,22,78,8,74,60,38,48,45,12,40,8,29,0.6,1.2
2022-11-20T05:00:00,1772A,126.54,43.8622,吉林市,哈达湾,,21,21,26,3,14,82,40,65,50,17,18,8,10,0.5,0.6
2022-11-20T05:00:00,1773A,126.5844,43.8358,吉林市,东局子,,16,16,25,4,13,78,42,63,51,16,17,7,6,0.4,0.5
2022-11-20T05:00:00,1774A,126.5052,43.8245,吉林市,电力学院,,16,16,32,10,23,76,46,61,51,7,18,7,10,0.5,0.7
2022-11-20T05:00:00,1775A,126.6133,43.8972,吉林市,江北,,15,12,27,6,19,81,45,60,51,9,21,8,10,0.5,0.7
2022-11-20T05:00:00,1776A,126.555,43.8306,吉林市,江南公园,,15,15,25,5,16,78,40,65,50,16,19,11,8,0.4,0.5
2022-11-20T05:00:00,1778A,126.7061,43.7133,吉林市,丰满(对照点),,,,,,,,,,,,,,,,
2022-11-20T05:00:00,1779A,123.9305,47.3636,齐齐哈尔市,安居小区,,29,29,43,15,18,40,34,36,34,5,11,7,7,0.3,0.5
2022-11-20T05:00:00,1780A,123.9488,47.3386,齐齐哈尔市,中心广场,,18,18,43,2,13,40,32,35,34,7,14,5,5,0.4,0.5
2022-11-20T05:00:00,1781A,123.9483,47.3227,齐齐哈尔市,农牧车辆厂,,14,14,42,4,15,39,27,33,30,7,13,7,8,0.5,0.6
2022-11-20T05:00:00,1783A,123.945,47.2988,齐齐哈尔市,市环境监测站,,16,15,40,11,21,41,32,34,31,7,14,4,5,0.3,0.4
2022-11-20T05:00:00,1784A,129.61,44.561,牡丹江市,环保大楼,,26,14,56,18,33,58,49,58,53,9,34,3,17,0.4,0.7
2022-11-20T05:00:00,1785A,129.6115,44.5782,牡丹江市,文化广场,,28,17,61,19,36,51,44,50,48,7,36,4,12,0.5,0.9
2022-11-20T05:00:00,1786A,129.5904,44.5963,牡丹江市,第一医院,,,,,,,,,,,,,,,,
2022-11-20T05:00:00,1787A,129.6364,44.6075,牡丹江市,机车工厂,,23,19,69,16,33,51,46,46,45,10,34,3,8,0.5,0.8
2022-11-20T05:00:00,1788A,129.6386,44.5462,牡丹江市,第一中学,,21,21,45,11,27,63,48,62,55,10,29,2,12,0.5,0.7
2022-11-20T05:00:00,1789A,124.81117,46.03138,大庆市,大同区,,19,19,65,2,40,48,35,37,36,5,19,3,6,0.3,0.6
2022-11-20T05:00:00,1790A,125.129,46.533,大庆市,龙凤区,,23,16,60,16,39,42,34,38,36,7,15,5,9,0.5,0.8
2022-11-20T05:00:00,1791A,124.902,46.408,大庆市,红岗区,,20,20,52,7,30,43,38,38,38,5,16,5,7,0.1,0.4
2022-11-20T05:00:00,1792A,125.153,46.586,大庆市,萨尔图区,,19,19,72,5,48,38,33,35,34,7,20,6,9,0.3,0.6
2022-11-20T05:00:00,1793A,124.9042,46.6215,大庆市,让胡路区,,16,16,46,7,25,42,34,36,35,5,17,4,6,0.6,0.8
2022-11-20T05:00:00,1794A,118.3606,31.3519,芜湖市,监测站,,32,26,30,22,25,33,17,24,22,36,35,8,8,0.5,0.5
2022-11-20T05:00:00,1795A,118.3714,31.4134,芜湖市,科创中心,,33,19,31,23,26,33,22,29,27,34,34,4,4,0.5,0.6
2022-11-20T05:00:00,1796A,118.3673,31.3131,芜湖市,四水厂,,35,26,33,24,26,24,10,23,18,39,34,7,7,0.6,0.6
2022-11-20T05:00:00,1797A,118.4022,31.3839,芜湖市,济民医院(对照点),,,,,,,,,,,,,,,,
2022-11-20T05:00:00,1798A,118.5092,31.6837,马鞍山市,湖东路四小,,39,39,29,19,22,37,19,24,23,26,28,13,9,1.4,1.1
2022-11-20T05:00:00,1799A,118.5024,31.6449,马鞍山市,开发区,,38,26,27,26,25,39,29,25,25,20,25,6,6,0.8,0.8
2022-11-20T05:00:00,1800A,118.5228,31.7231,马鞍山市,慈湖,,43,43,40,29,28,34,13,30,22,35,33,9,8,0.8,0.8
2022-11-20T05:00:00,1801A,118.48,31.6928,马鞍山市,马钢动力厂,,,,,,,,,,,,,,,,
2022-11-20T05:00:00,1802A,118.6245,31.7241,马鞍山市,濮塘(对照点),颗粒物(PM10),58,66,46,29,29,38,14,32,23,17,19,4,5,0.7,0.7
2022-11-20T05:00:00,1803A,115.9872,29.6815,九江市,十里,,34,34,53,18,36,53,18,13,13,19,38,8,9,0.7,1.1
2022-11-20T05:00:00,1804A,115.9584,29.7046,九江市,茅山头,,38,31,50,26,37,46,18,13,13,20,34,7,8,0.9,1.2
2022-11-20T05:00:00,1805A,115.9877,29.7295,九江市,西园,,45,45,62,25,42,38,8,10,9,30,38,8,13,0.7,0.9
2022-11-20T05:00:00,1806A,116.0172,29.6547,九江市,五七二七厂,细颗粒物(PM2.5),52,30,52,36,44,59,8,38,20,23,25,7,7,0.6,0.9
2022-11-20T05:00:00,1808A,115.9114,29.6038,九江市,综合工业园,,35,28,52,24,40,50,3,18,9,39,37,9,9,1.3,1.1
2022-11-20T05:00:00,1809A,116.0721,29.7535,九江市,石化总厂,,30,30,61,16,37,52,13,15,15,27,39,9,11,0.7,1.1
2022-11-20T05:00:00,1810A,115.9773,29.5698,九江市,庐山气象台(对照点),,15,2,7,1,8,69,46,48,48,8,16,18,15,0.5,0.8
2022-11-20T05:00:00,1811A,112.3628,34.6692,洛阳市,中信二小,,,,,,,,,,,,,,,,
2022-11-20T05:00:00,1812A,112.3931,34.6516,洛阳市,市委党校,细颗粒物(PM2.5),145,144,117,111,79,106,31,31,31,23,27,5,6,0.8,0.7
2022-11-20T05:00:00,1814A,112.4657,34.6871,洛阳市,豫西宾馆,细颗粒物(PM2.5),139,119,105,106,88,115,19,31,28,36,34,4,5,0.7,0.7
2022-11-20T05:00:00,1815A,112.494,34.6886,洛阳市,河南林校,细颗粒物(PM2.5),137,135,108,104,83,102,16,24,17,32,35,,,0.7,0.6
2022-11-20T05:00:00,1816A,112.3844,34.623,洛阳市,开发区管委会,细颗粒物(PM2.5),144,136,111,110,85,101,22,27,26,28,27,3,4,0.8,0.6
2022-11-20T05:00:00,1817A,112.4267,34.6258,洛阳市,市委新办公区,细颗粒物(PM2.5),149,141,117,114,89,94,24,25,24,25,25,3,4,0.6,0.5
2022-11-20T05:00:00,1818A,114.4839,36.0621,安阳市,棉研所(对照点),,,,,,,,,,,,,,,,
2022-11-20T05:00:00,1819A,114.3551,36.1017,安阳市,红庙街,细颗粒物(PM2.5),69,74,95,50,103,63,0,11,2,40,32,4,6,0.8,1
2022-11-20T05:00:00,1820A,114.361,36.0681,安阳市,银杏小区,细颗粒物(PM2.5),70,36,84,51,113,70,5,24,10,36,30,5,7,0.9,1.3
2022-11-20T05:00:00,1824A,114.3389,34.7781,开封市,肿瘤医院,细颗粒物(PM2.5),113,95,102,85,89,52,1,5,4,47,29,4,3,0.8,0.9
2022-11-20T05:00:00,1826A,114.2885,34.7965,开封市,世纪星幼儿园,细颗粒物(PM2.5),82,62,73,60,74,54,23,23,23,34,26,5,5,0.8,0.9
2022-11-20T05:00:00,1828A,113.227,35.2125,焦作市,市环保局,细颗粒物(PM2.5),92,104,104,68,77,51,16,27,23,20,24,2,4,0.8,1
2022-11-20T05:00:00,1829A,113.2464,35.1764,焦作市,高新区政府（停运20220628）,,,,,,,,,,,,,,,,
2022-11-20T05:00:00,1830A,113.1992,35.2590,焦作市,影视城(对照点),,,,,,,,,,,,,,,,
2022-11-20T05:00:00,1832A,113.3257,33.742,平顶山市,新华旅馆,细颗粒物(PM2.5),118,123,110,89,86,102,2,2,2,45,34,6,9,1.1,1
2022-11-20T05:00:00,1833A,113.2919,33.737,平顶山市,规划设计院,细颗粒物(PM2.5),107,121,105,80,77,114,3,22,7,58,39,5,8,1.0,0.9
2022-11-20T05:00:00,1834A,113.182,33.774,平顶山市,平顶山工学院,细颗粒物(PM2.5),104,98,96,78,75,108,4,31,17,46,27,4,6,1.0,0.9
2022-11-20T05:00:00,1835A,111.1922,34.7752,三门峡市,市政府,细颗粒物(PM2.5),153,101,102,117,96,109,45,63,54,22,32,5,9,0.7,0.7
2022-11-20T05:00:00,1836A,111.1587,34.7942,三门峡市,开发区,细颗粒物(PM2.5),156,163,143,119,99,106,46,59,53,22,28,8,9,0.9,0.9
2022-11-20T05:00:00,1838A,111.143,34.7955,三门峡市,风景区(对照点),,,,,,,,,,,,,,,,
2022-11-20T05:00:00,1839A,111.3009,30.7157,宜昌市,四零三,,,,,,,,,,,,,,,,
2022-11-20T05:00:00,1840A,111.2992,30.6981,宜昌市,白龙岗,细颗粒物(PM2.5),67,58,70,48,53,102,27,36,33,25,34,3,4,0.6,0.7
2022-11-20T05:00:00,1841A,111.3549,30.6465,宜昌市,伍家岗,细颗粒物(PM2.5),67,69,81,48,56,104,15,9,9,32,35,3,6,0.4,0.5
2022-11-20T05:00:00,1842A,111.2628,30.6961,宜昌市,点军区,细颗粒物(PM2.5),64,59,72,46,56,114,16,18,18,16,23,5,6,0.5,0.6
2022-11-20T05:00:00,1843A,111.3275,30.7819,宜昌市,夷陵区,细颗粒物(PM2.5),62,52,59,44,53,111,24,31,26,24,34,5,7,0.5,0.6
2022-11-20T05:00:00,1844A,112.2494,30.3197,荆州市,市图书馆,细颗粒物(PM2.5),73,54,52,53,51,108,30,52,41,34,30,8,7,0.8,0.8
2022-11-20T05:00:00,1845A,112.2008,30.3544,荆州市,市委党校,细颗粒物(PM2.5),63,62,58,45,43,108,26,52,40,35,31,9,7,0.9,0.8
2022-11-20T05:00:00,1847A,113.1094,29.3578,岳阳市,南湖风景区,,43,41,48,30,35,80,5,6,5,35,35,10,9,0.8,1
2022-11-20T05:00:00,1848A,113.1493,29.4251,岳阳市,城陵矶,颗粒物(PM10),54,57,53,31,33,70,6,6,6,47,43,8,8,0.7,0.8
2022-11-20T05:00:00,1849A,113.1497,29.3575,岳阳市,开发区,,39,39,50,20,32,69,1,2,1,32,32,7,7,0.7,0.8
2022-11-20T05:00:00,1850A,113.2621,29.4758,岳阳市,云溪区,,28,28,42,18,25,70,5,11,8,18,28,7,8,0.9,0.9
2022-11-20T05:00:00,1851A,112.9943,29.4402,岳阳市,君山区,,26,21,40,18,34,77,12,22,20,38,30,5,6,0.8,0.8
2022-11-20T05:00:00,1852A,113.2117,29.355,岳阳市,金凤水库(对照点),,24,24,33,10,25,72,19,15,15,11,16,4,4,0.7,0.8
2022-11-20T05:00:00,1854A,111.6975,28.9703,常德市,市二中,,48,48,45,26,32,81,0,4,1,26,22,4,6,0.6,0.6
2022-11-20T05:00:00,1857A,111.7158,29.1456,常德市,白鹤山(对照点),,30,30,32,17,23,85,19,46,33,10,8,1,2,0.5,0.5
2022-11-20T05:00:00,1858A,110.5319,29.1217,张家界市,永定新区,,42,35,44,29,36,95,6,23,13,19,22,3,4,0.1,0.4
2022-11-20T05:00:00,1859A,110.4697,29.1242,张家界市,电业局,,30,24,42,21,34,97,13,16,15,19,22,4,5,0.3,0.4
2022-11-20T05:00:00,1860A,110.5594,29.3547,张家界市,未央路,,36,27,39,25,32,84,12,17,15,8,9,2,3,0.2,0.2
2022-11-20T05:00:00,1861A,110.4417,29.315,张家界市,袁家界(对照点),颗粒物(PM10),53,55,41,17,26,85,48,47,47,7,9,9,10,0.5,0.5
2022-11-20T05:00:00,1862A,110.4144,25.3167,桂林市,电子科大尧山校区(对照点),,22,18,15,15,12,62,50,54,49,5,6,5,5,0.6,0.6
2022-11-20T05:00:00,1863A,110.2819,25.2697,桂林市,监测站,,35,31,20,24,11,52,48,44,44,10,15,4,4,0.8,0.8
2022-11-20T05:00:00,1864A,110.3089,25.2708,桂林市,龙隐路小学,,36,32,19,25,14,41,38,34,34,9,11,11,9,0.8,0.8
2022-11-20T05:00:00,1865A,110.2869,25.2178,桂林市,八中,,38,21,18,26,15,38,38,32,32,12,14,4,6,0.6,0.7
2022-11-20T05:00:00,1866A,109.2262,21.588,北海市,牛尾岭水库(对照点),,18,18,39,12,28,96,11,12,11,10,10,5,8,0.8,0.7
2022-11-20T05:00:00,1867A,109.1436,21.4086,北海市,海滩公园,,39,39,42,17,21,133,20,26,24,14,11,8,10,0.8,0.7
2022-11-20T05:00:00,1868A,109.0981,21.4661,北海市,新市环保局,,35,30,37,24,26,110,19,22,20,15,14,11,9,0.8,0.7
2022-11-20T05:00:00,1869A,109.1778,21.5233,北海市,北海工业园,,29,26,49,20,30,114,14,18,16,20,18,17,14,0.8,0.7
2022-11-20T05:00:00,1870A,109.4856,24.3895,柳州市,柳东小学,,30,15,14,21,16,31,22,23,23,8,8,20,10,0.6,0.6
2022-11-20T05:00:00,1871A,109.4157,24.3277,柳州市,环保监测站,,20,20,17,10,11,20,13,10,9,23,28,10,7,0.5,0.7
2022-11-20T05:00:00,1872A,109.389,24.341,柳州市,河西水厂,,19,19,20,11,14,27,15,20,19,16,21,10,14,0.9,1.3
2022-11-20T05:00:00,1873A,109.4311,24.2921,柳州市,市四中,,16,16,16,7,7,25,23,21,21,12,17,10,9,0.5,0.7
2022-11-20T05:00:00,1874A,109.4006,24.3631,柳州市,市九中,,18,18,20,12,11,23,14,11,11,20,22,14,12,1.0,1.1
2022-11-20T05:00:00,1875A,109.4958,24.3134,柳州市,古亭山,,11,11,11,7,5,27,22,22,21,8,10,10,9,0.7,0.7
2022-11-20T05:00:00,1876A,109.5078,18.2489,三亚市,河东子站,,19,13,21,7,10,64,58,60,58,3,6,2,2,0.3,0.4
2022-11-20T05:00:00,1877A,109.4964,18.2681,三亚市,河西子站,,16,11,24,5,7,59,49,53,50,2,6,2,2,0.3,0.3
2022-11-20T05:00:00,1878A,104.7778,31.4741,绵阳市,富乐山,,48,42,44,33,29,97,36,56,45,13,17,4,5,0.4,0.5
2022-11-20T05:00:00,1879A,104.7563,31.4535,绵阳市,市人大,细颗粒物(PM2.5),59,52,60,42,38,85,37,41,40,16,33,8,11,0.5,0.6
2022-11-20T05:00:00,1880A,104.6697,31.4668,绵阳市,高新区自来水公司,细颗粒物(PM2.5),60,54,68,43,41,101,50,48,48,12,29,6,7,0.5,0.6
2022-11-20T05:00:00,1881A,104.7287,31.5075,绵阳市,三水厂,细颗粒物(PM2.5),62,62,71,44,40,83,7,22,18,35,37,4,5,0.5,0.6
2022-11-20T05:00:00,1882A,104.563,28.793,宜宾市,石马中学(对照点),细颗粒物(PM2.5),112,97,78,84,64,111,9,8,6,32,31,7,7,0.8,0.7
2022-11-20T05:00:00,1883A,104.6201,28.7728,宜宾市,市委,细颗粒物(PM2.5),102,100,84,76,62,125,9,14,13,47,40,10,12,0.7,0.7
2022-11-20T05:00:00,1884A,104.6055,28.793,宜宾市,宜宾四中,细颗粒物(PM2.5),105,101,87,79,67,116,13,23,21,41,41,11,13,0.7,0.7
2022-11-20T05:00:00,1885A,104.639,28.7562,宜宾市,市政府,细颗粒物(PM2.5),114,114,95,86,70,125,5,4,4,56,48,14,11,0.7,0.8
2022-11-20T05:00:00,1886A,104.5742,28.7199,宜宾市,黄金嘴,细颗粒物(PM2.5),103,102,83,77,59,122,15,9,9,39,39,14,12,0.6,0.7
2022-11-20T05:00:00,1888A,101.6891,26.571,攀枝花市,弄弄坪,,37,37,47,21,25,122,34,44,41,27,37,9,19,1.6,1.8
2022-11-20T05:00:00,1889A,101.5769,26.5928,攀枝花市,河门口,,25,25,31,15,18,128,28,30,29,26,27,12,20,1.4,1.4
2022-11-20T05:00:00,1890A,101.7169,26.585,攀枝花市,炳草岗,颗粒物(PM10),54,58,62,20,21,112,6,4,4,53,60,18,24,1.3,1.6
2022-11-20T05:00:00,1891A,101.7369,26.5008,攀枝花市,仁和,,31,31,42,21,25,133,33,50,40,18,23,9,21,1.6,1.5
2022-11-20T05:00:00,1893A,105.4324,28.9634,泸州市,九狮山(对照点),细颗粒物(PM2.5),67,55,71,48,66,90,5,6,6,15,24,6,10,0.3,0.4
2022-11-20T05:00:00,1894A,105.4427,28.9063,泸州市,小市上码头,细颗粒物(PM2.5),147,144,117,112,85,126,11,46,33,47,34,8,14,1.1,0.9
2022-11-20T05:00:00,1895A,105.4241,28.8573,泸州市,兰田宪桥,细颗粒物(PM2.5),140,128,98,107,81,119,3,18,10,33,34,14,17,0.9,0.8
2022-11-20T05:00:00,1896A,105.4379,28.8833,泸州市,市环监站,细颗粒物(PM2.5),160,133,110,122,94,118,16,15,15,34,31,10,14,0.8,0.8
2022-11-20T05:00:00,1897A,104.7547,29.3628,自贡市,大塘山(对照点),,,,,,,,,,,,,,,,
2022-11-20T05:00:00,1900A,104.7692,29.3411,自贡市,春华路,,,,,,,,,,,,,,,,
2022-11-20T05:00:00,1901A,104.4239,31.1208,德阳市,东山公园,细颗粒物(PM2.5),75,87,86,55,55,103,60,70,61,17,32,7,6,0.7,0.7
2022-11-20T05:00:00,1902A,104.3826,31.1317,德阳市,西小区,细颗粒物(PM2.5),72,69,83,52,56,92,58,35,35,17,44,6,6,0.6,0.8
2022-11-20T05:00:00,1903A,104.4053,31.1167,德阳市,市检察院,,,,,,,,,,,,,,,,
2022-11-20T05:00:00,1904A,104.3553,31.1091,德阳市,耐火材料厂,细颗粒物(PM2.5),84,74,109,62,64,92,50,27,27,23,48,5,6,0.6,0.8
2022-11-20T05:00:00,1905A,106.056,30.8064,南充市,西山风景区(对照点),细颗粒物(PM2.5),64,58,55,46,46,82,30,41,36,5,14,7,9,0.8,0.9
2022-11-20T05:00:00,1906A,106.0789,30.8023,南充市,南充市委,细颗粒物(PM2.5),73,74,71,53,48,77,7,16,13,19,24,9,11,0.6,0.7
2022-11-20T05:00:00,1907A,106.1031,30.8217,南充市,南充炼油厂,细颗粒物(PM2.5),67,74,76,48,48,87,22,23,22,13,21,17,14,0.6,0.6
2022-11-20T05:00:00,1908A,106.1064,30.7856,南充市,高坪区监测站,细颗粒物(PM2.5),65,61,75,47,59,75,8,12,11,20,24,12,17,0.6,0.7
2022-11-20T05:00:00,1909A,106.0642,30.7636,南充市,嘉陵区环保局,细颗粒物(PM2.5),82,63,69,60,57,79,20,19,19,16,26,12,17,0.6,0.7
2022-11-20T05:00:00,1910A,106.1087,30.8388,南充市,市环境监测站,细颗粒物(PM2.5),87,74,70,64,55,76,6,22,18,26,21,16,15,0.7,0.7
2022-11-20T05:00:00,1911A,106.9222,27.6869,遵义市,丁字口,,36,32,38,25,30,76,56,54,54,9,18,7,10,0.6,0.7
2022-11-20T05:00:00,1912A,106.9242,27.7019,遵义市,凤凰山,,38,38,39,13,20,76,49,49,49,9,14,5,6,0.5,0.6
2022-11-20T05:00:00,1913A,106.8906,27.6486,遵义市,忠庄,,33,26,44,23,25,81,50,43,43,7,16,1,2,0.7,0.8
2022-11-20T05:00:00,1914A,106.9231,27.6506,遵义市,舟水桥,,38,30,44,26,26,81,53,43,43,8,16,2,5,0.5,0.5
2022-11-20T05:00:00,1915A,106.9178,27.72,遵义市,干田坝,,28,28,38,16,26,70,52,49,49,7,17,6,9,0.4,0.5
2022-11-20T05:00:00,1916A,103.7897,25.5035,曲靖市,环境监测站,,42,42,57,29,36,122,4,14,5,39,25,3,8,0.7,0.9
2022-11-20T05:00:00,1917A,103.8,25.5364,曲靖市,烟厂办公区,细颗粒物(PM2.5),63,71,59,45,33,128,6,9,6,53,28,46,25,1.1,0.8
2022-11-20T05:00:00,1918A,108.7197,34.3956,咸阳市,气象站(对照点),细颗粒物(PM2.5),124,135,137,94,85,51,3,3,3,63,63,8,9,1.1,1.1
2022-11-20T05:00:00,1919A,108.673,34.3155,咸阳市,实验中学,细颗粒物(PM2.5),144,169,153,110,92,66,4,5,4,46,57,4,5,1.0,0.9
2022-11-20T05:00:00,1920A,108.7233,34.3617,咸阳市,师范学院,细颗粒物(PM2.5),132,152,146,100,94,65,2,4,3,53,57,7,8,0.9,0.9
2022-11-20T05:00:00,1922A,109.0656,35.0994,铜川市,党校(对照点),颗粒物(PM10),85,120,136,50,46,88,3,5,4,62,58,13,14,0.9,0.8
2022-11-20T05:00:00,1923A,109.0697,35.0697,铜川市,王益区政府,颗粒物(PM10),68,86,107,43,40,87,4,4,4,40,44,5,7,0.5,0.6
2022-11-20T05:00:00,1924A,108.9344,34.9058,铜川市,新区管委会,颗粒物(PM10),66,81,125,39,51,84,44,42,42,19,37,7,9,0.4,0.6
2022-11-20T05:00:00,1925A,108.9589,34.8731,铜川市,新区兰芝公司,,,,,,,,,,,,,,,,
2022-11-20T05:00:00,1926A,109.4131,36.6275,延安市,枣园(对照点),颗粒物(PM10),51,51,80,20,26,98,3,4,4,31,33,4,5,0.4,0.5
2022-11-20T05:00:00,1927A,109.4761,36.6028,延安市,延大医附院,颗粒物(PM10),53,56,89,20,35,81,2,3,2,33,39,5,6,0.9,0.9
2022-11-20T05:00:00,1928A,109.4824,36.5767,延安市,市监测站,,,,,,,,,,,,,,,,
2022-11-20T05:00:00,1929A,109.5056,36.6106,延安市,百米大道,颗粒物(PM10),55,60,95,29,38,77,3,4,3,45,50,7,8,0.7,0.8
2022-11-20T05:00:00,1930A,107.185,34.3063,宝鸡市,庙沟村(对照点),"颗粒物(PM10),细颗粒物(PM2.5)",59,68,63,42,32,72,13,25,20,32,23,5,5,0.6,0.6
2022-11-20T05:00:00,1931A,107.0708,34.3017,宝鸡市,竹园沟,细颗粒物(PM2.5),58,55,62,41,35,88,15,14,13,21,27,5,6,0.6,0.6
2022-11-20T05:00:00,1932A,107.1906,34.3672,宝鸡市,三陆医院,颗粒物(PM10),71,92,98,43,51,75,10,7,7,36,39,8,8,0.8,0.8
2022-11-20T05:00:00,1933A,107.1431,34.3547,宝鸡市,监测站,颗粒物(PM10),60,69,74,42,39,74,7,5,5,31,36,6,6,0.5,0.6
2022-11-20T05:00:00,1934A,107.1186,34.3739,宝鸡市,技工学校,细颗粒物(PM2.5),63,72,81,45,41,78,14,14,14,26,33,10,10,0.7,0.6
2022-11-20T05:00:00,1935A,107.3906,34.3528,宝鸡市,陈仓区环保局家属楼,细颗粒物(PM2.5),90,115,124,67,61,72,6,5,5,41,44,10,30,1.0,0.9
2022-11-20T05:00:00,1936A,107.2058,34.3497,宝鸡市,文理学院,"颗粒物(PM10),细颗粒物(PM2.5)",62,74,84,44,38,82,7,5,5,38,39,8,8,0.6,0.6
2022-11-20T05:00:00,1937A,107.2386,34.3622,宝鸡市,三迪小学,颗粒物(PM10),71,92,100,45,45,70,5,5,5,39,45,8,9,0.5,0.6
2022-11-20T05:00:00,1938A,109.5293,34.5101,渭南市,农科所(对照点),细颗粒物(PM2.5),134,149,150,102,91,96,10,14,13,35,50,6,9,1.0,1.1
2022-11-20T05:00:00,1939A,109.4974,34.4877,渭南市,日报社,细颗粒物(PM2.5),155,151,148,118,102,97,5,4,4,46,59,10,13,0.8,0.9
2022-11-20T05:00:00,1940A,109.4636,34.493,渭南市,体育馆,细颗粒物(PM2.5),159,158,147,121,101,104,8,7,7,53,66,7,11,0.8,0.9
2022-11-20T05:00:00,1941A,109.4259,34.5023,渭南市,高新一小,细颗粒物(PM2.5),218,193,165,168,113,90,5,4,4,46,53,8,10,0.9,0.8
2022-11-20T05:00:00,1943A,102.1725,38.5339,金昌市,新川苑,颗粒物(PM10),74,97,164,25,39,95,33,32,32,28,32,20,19,0.9,0.9
2022-11-20T05:00:00,1944A,102.1692,38.5167,金昌市,天庆家园,颗粒物(PM10),61,71,140,34,46,100,27,24,24,35,38,25,35,0.9,1
2022-11-20T05:00:00,1945A,98.2908,39.7711,嘉峪关市,气象局,颗粒物(PM10),56,61,129,17,40,90,24,22,22,56,40,78,7,1.6,0.3
2022-11-20T05:00:00,1947A,106.3394,38.817,石嘴山市,沙湖旅游区(对照点),颗粒物(PM10),112,174,178,58,52,84,6,6,6,48,49,25,31,1.7,1.7
2022-11-20T05:00:00,1948A,106.3668,39.0145,石嘴山市,大武口朝阳西街,颗粒物(PM10),69,88,104,28,34,77,2,12,6,70,57,39,26,0.8,1
2022-11-20T05:00:00,1949A,106.7704,39.2282,石嘴山市,惠农南大街,颗粒物(PM10),97,143,134,34,35,84,1,1,1,60,50,22,23,0.7,0.7
2022-11-20T05:00:00,1950A,106.7099,39.1325,石嘴山市,红果子镇惠新街,颗粒物(PM10),60,69,105,18,28,90,25,23,17,29,40,8,16,0.4,0.6
2022-11-20T05:00:00,1951A,84.895,45.6094,克拉玛依市,长征新村,,23,23,14,5,8,46,17,22,17,18,12,5,5,0.2,0.2
2022-11-20T05:00:00,1952A,84.8988,45.5893,克拉玛依市,南林小区,,39,33,18,27,11,51,7,24,18,31,13,1,2,0.5,0.4
2022-11-20T05:00:00,1953A,85.1186,45.6886,克拉玛依市,白碱滩区,,,,,,,,,,,,,,,,
2022-11-20T05:00:00,1954A,84.905,44.3396,克拉玛依市,独山子区,颗粒物(PM10),58,65,61,38,38,31,24,18,18,18,23,6,6,0.5,0.6
2022-11-20T05:00:00,1955A,85.6979,46.098,克拉玛依市,乌尔禾区商贸楼,,29,8,15,20,8,52,2,27,9,37,15,3,4,0.3,0.4
2022-11-20T05:00:00,1956A,86.1472,41.7538,巴音郭楞州,孔雀公园,颗粒物(PM10),73,95,88,42,32,84,65,62,62,16,19,8,8,0.4,0.4
2022-11-20T05:00:00,1957A,86.1972,41.7166,巴音郭楞州,棉纺厂,颗粒物(PM10),82,113,104,38,36,84,62,50,47,23,32,9,8,0.4,0.4
2022-11-20T05:00:00,1958A,86.2357,41.7173,巴音郭楞州,经济开发区,颗粒物(PM10),58,66,77,24,29,85,73,73,73,12,13,12,10,0.6,0.5
2022-11-20T05:00:00,1959A,118.746,36.881,寿光市,监测站,,,,,,,,,,,,,,,,
2022-11-20T05:00:00,1960A,118.780,36.864,寿光市,世纪学校,,,,,,,,,,,,,,,,
2022-11-20T05:00:00,1961A,117.532,36.6868,济南市,东山小学,细颗粒物(PM2.5),160,171,136,122,93,84,3,8,5,50,50,4,5,0.8,0.6
2022-11-20T05:00:00,1962A,117.541,36.710,章丘市,明水开发区,,,,,,,,,,,,,,,,
2022-11-20T05:00:00,1963A,120.610,36.440,即墨市,环保局子站,,,,,,,,,,,,,,,,
2022-11-20T05:00:00,1964A,120.470,36.390,即墨市,开发区子站,,,,,,,,,,,,,,,,
2022-11-20T05:00:00,1965A,120.005,35.878,胶南市,JN子站,,,,,,,,,,,,,,,,
2022-11-20T05:00:00,1966A,120.0405,35.8735,青岛市,黄岛区4号,细颗粒物(PM2.5),64,48,40,46,34,102,22,18,18,55,68,6,6,0.7,0.8
2022-11-20T05:00:00,1967A,120.008,36.283,胶州市,胶州环保局,,,,,,,,,,,,,,,,
2022-11-20T05:00:00,1968A,120.014,36.253,胶州市,胶州一中,,,,,,,,,,,,,,,,
2022-11-20T05:00:00,1969A,120.537,36.865,莱西市,环保局子站,,,,,,,,,,,,,,,,
2022-11-20T05:00:00,1970A,120.515,36.885,莱西市,人民广场子站,,,,,,,,,,,,,,,,
2022-11-20T05:00:00,1971A,119.952,36.792,平度市,1号,,,,,,,,,,,,,,,,
2022-11-20T05:00:00,1972A,119.976,36.799,平度市,2号,,,,,,,,,,,,,,,,
2022-11-20T05:00:00,1973A,120.747,37.825,蓬莱市,蓬莱环保局,,,,,,,,,,,,,,,,
2022-11-20T05:00:00,1974A,120.773,37.809,蓬莱市,蓬莱博物馆,,,,,,,,,,,,,,,,
2022-11-20T05:00:00,1975A,120.399,37.374,招远市,招远环保局,,,,,,,,,,,,,,,,
2022-11-20T05:00:00,1976A,120.394,37.364,招远市,招远教育局,,,,,,,,,,,,,,,,
2022-11-20T05:00:00,1977A,119.941,37.177,莱州市,莱州环保局,,,,,,,,,,,,,,,,
2022-11-20T05:00:00,1978A,119.959,37.180,莱州市,莱州外经委,,,,,,,,,,,,,,,,
2022-11-20T05:00:00,1979A,122.471,37.154,荣成市,荣成市环保局办公楼,,,,,,,,,,,,,,,,
2022-11-20T05:00:00,1980A,122.410,37.161,荣成市,山东成山轮胎公司,,,,,,,,,,,,,,,,
2022-11-20T05:00:00,1981A,122.038,37.197,文登市,文登市环保局,,,,,,,,,,,,,,,,
2022-11-20T05:00:00,1982A,122.0693,37.2174,威海市,文登开发区,细颗粒物(PM2.5),89,85,78,66,51,89,9,11,10,38,44,5,5,0.7,0.7
2022-11-20T05:00:00,1983A,121.531,36.913,乳山市,乳山市环保局,,,,,,,,,,,,,,,,
2022-11-20T05:00:00,1984A,121.544,36.907,乳山市,乳山市气象局,,,,,,,,,,,,,,,,
2022-11-20T05:00:00,1985A,120.636,31.155,吴江市,吴江市环保局,,,,,,,,,,,,,,,,
2022-11-20T05:00:00,1986A,120.635,31.170,吴江市,教师进修学校,,,,,,,,,,,,,,,,
2022-11-20T05:00:00,1987A,120.658,31.172,吴江市,吴江开发区,,,,,,,,,,,,,,,,
2022-11-20T05:00:00,1988A,120.953,31.388,昆山市,昆山实验小学,,,,,,,,,,,,,,,,
2022-11-20T05:00:00,1989A,120.999,31.381,昆山市,震川中学,,,,,,,,,,,,,,,,
2022-11-20T05:00:00,1990A,120.758,31.670,常熟市,海虞子站,,,,,,,,,,,,,,,,
2022-11-20T05:00:00,1991A,120.721,31.671,常熟市,兴福子站,,,,,,,,,,,,,,,,
2022-11-20T05:00:00,1992A,120.734,31.656,常熟市,菱塘子站,,,,,,,,,,,,,,,,
2022-11-20T05:00:00,1993A,120.526,31.874,张家港市,张家港市监测站,,,,,,,,,,,,,,,,
2022-11-20T05:00:00,1994A,120.550,31.882,张家港市,城北小学,,,,,,,,,,,,,,,,
2022-11-20T05:00:00,1995A,121.115,31.453,太仓市,太仓市监测站,,,,,,,,,,,,,,,,
2022-11-20T05:00:00,1996A,121.140,31.422,太仓市,科教新城实小,,,,,,,,,,,,,,,,
2022-11-20T05:00:00,1997A,119.146,31.955,句容市,消防指挥中心,,,,,,,,,,,,,,,,
2022-11-20T05:00:00,1998A,119.180,31.955,句容市,房家坝,,,,,,,,,,,,,,,,
2022-11-20T05:00:00,1999A,120.268,31.920,江阴市,虹桥邮政,,,,,,,,,,,,,,,,
2022-11-20T05:00:00,2000A,120.237,31.909,江阴市,五星公园,,,,,,,,,,,,,,,,
2022-11-20T05:00:00,2001A,120.302,31.920,江阴市,第二实验小学,,,,,,,,,,,,,,,,
2022-11-20T05:00:00,2002A,119.818,31.354,宜兴市,宜兴市环保局,,,,,,,,,,,,,,,,
2022-11-20T05:00:00,2003A,119.794,31.371,宜兴市,宜园,,,,,,,,,,,,,,,,
2022-11-20T05:00:00,2004A,119.579,31.751,金坛市,金坛市环境监测站,,,,,,,,,,,,,,,,
2022-11-20T05:00:00,2005A,119.579,31.737,金坛市,金坛市自来水公司,,,,,,,,,,,,,,,,
2022-11-20T05:00:00,2006A,119.460,31.400,溧阳市,溧阳市东门子站,,,,,,,,,,,,,,,,
2022-11-20T05:00:00,2007A,119.438,31.317,溧阳市,燕山子站,,,,,,,,,,,,,,,,
2022-11-20T05:00:00,2008A,121.173,31.896,海门市,海门市监测站,,,,,,,,,,,,,,,,
2022-11-20T05:00:00,2009A,121.1518,31.89708,海门市,社会福利院,,,,,,,,,,,,,,,,
2022-11-20T05:00:00,2010A,119.7183,30.2366,临安市,市政府,,,,,,,,,,,,,,,,
2022-11-20T05:00:00,2011A,119.6942,30.2311,临安市,四中,,,,,,,,,,,,,,,,
2022-11-20T05:00:00,2012A,119.954,30.054,富阳市,监测站,,,,,,,,,,,,,,,,
2022-11-20T05:00:00,2013A,119.946,30.049,富阳市,富春二小,,,,,,,,,,,,,,,,
2022-11-20T05:00:00,2014A,120.091,29.305,义乌市,江东,,,,,,,,,,,,,,,,
2022-11-20T05:00:00,2015A,120.040,29.334,义乌市,北苑,,,,,,,,,,,,,,,,
2022-11-20T05:00:00,2016A,120.251,29.719,诸暨市,图书馆,,,,,,,,,,,,,,,,
2022-11-20T05:00:00,2017A,120.209,29.732,诸暨市,富林印务,,,,,,,,,,,,,,,,
2022-11-20T05:00:00,2018A,121.989,39.625,瓦房店市,抱龙山庄,,,,,,,,,,,,,,,,
2022-11-20T05:00:00,2019A,122.011,39.617,瓦房店市,东山公园,,,,,,,,,,,,,,,,
2022-11-20T05:00:00,2031A,113.1817,27.9958,株洲市,云田中学,细颗粒物(PM2.5),67,52,84,48,74,72,1,2,1,27,35,5,5,0.9,0.9
2022-11-20T05:00:00,2054A,114.1099,32.1059,信阳市,平桥分局,,40,35,43,28,33,64,2,8,7,37,30,6,6,0.8,0.8
2022-11-20T05:00:00,2064A,113.9956,32.1271,信阳市,南湾水厂,,29,29,40,14,26,79,11,22,14,25,22,6,6,0.8,0.8
2022-11-20T05:00:00,2065A,114.0775,32.1195,信阳市,市酿酒公司,,38,38,46,24,29,71,1,2,2,24,22,6,6,0.9,1
2022-11-20T05:00:00,2066A,114.0609,32.1399,信阳市,审计局,,42,42,47,22,32,75,4,8,8,31,31,7,8,0.9,0.8
2022-11-20T05:00:00,2067A,114.6613,33.6128,周口市,市环境监测站,,29,24,68,20,34,70,1,8,3,32,30,6,7,0.9,0.9
2022-11-20T05:00:00,2068A,114.6758,33.6347,周口市,周口师范,,29,26,64,20,38,75,3,5,3,33,32,5,5,0.7,0.8
2022-11-20T05:00:00,2069A,114.6546,33.5979,周口市,市运管处,,35,35,66,22,29,77,2,9,4,35,31,2,2,1.1,1.1
2022-11-20T05:00:00,2070A,114.6369,33.6406,周口市,川汇区环保局,,47,47,60,25,30,72,3,10,6,38,32,4,4,0.9,1
2022-11-20T05:00:00,2075A,117.6336,24.4674,漳州市,九湖(对照点),,,,,,,,,,,,,,,,
2022-11-20T05:00:00,2160A,112.85,35.5051,晋城市,自来水公司,细颗粒物(PM2.5),117,127,104,88,69,97,11,70,35,52,42,8,10,1.1,1.2
2022-11-20T05:00:00,2161A,112.8318,35.4936,晋城市,白云商贸,细颗粒物(PM2.5),113,101,109,85,65,100,24,66,52,48,40,4,5,1.3,1.4
2022-11-20T05:00:00,2162A,112.8508,35.4887,晋城市,市环保局,细颗粒物(PM2.5),119,138,112,90,70,100,31,73,45,49,44,5,8,1.2,1.3
2022-11-20T05:00:00,2163A,112.8676,35.4897,晋城市,技术学院,细颗粒物(PM2.5),117,106,100,88,74,90,22,64,36,43,32,5,8,0.9,1
2022-11-20T05:00:00,2164A,112.8271,35.4828,晋城市,泽州一中,,,,,,,,,,,,,,,,
2022-11-20T05:00:00,2165A,112.8453,35.546,晋城市,白马寺 (对照点),,,,,,,,,,,,,,,,
2022-11-20T05:00:00,2166A,112.4397,39.3522,朔州市,平朔,,,,87,41,32,93,4,14,6,51,25,20,11,0.8,0.5
2022-11-20T05:00:00,2167A,112.4575,39.3617,朔州市,朔唯,颗粒物(PM10),81,112,97,42,32,95,2,3,2,58,34,29,16,0.7,0.5
2022-11-20T05:00:00,2168A,112.4258,39.3197,朔州市,区政府,颗粒物(PM10),80,109,88,32,29,98,4,27,12,52,25,10,8,0.9,0.8
2022-11-20T05:00:00,2169A,112.4072,39.3278,朔州市,市环保局,颗粒物(PM10),75,99,80,34,33,91,9,35,14,45,22,12,8,0.7,0.6
2022-11-20T05:00:00,2170A,112.4272,39.3681,朔州市,市二中,颗粒物(PM10),96,141,104,34,33,95,5,8,4,48,32,18,13,1.5,1.3
2022-11-20T05:00:00,2171A,112.7532,37.6945,晋中市,锦纶小区,颗粒物(PM10),65,79,110,46,64,95,9,22,17,42,47,5,10,0.4,0.8
2022-11-20T05:00:00,2173A,112.7249,37.7067,晋中市,南都小区,颗粒物(PM10),74,97,138,44,77,92,10,18,16,46,53,10,14,0.5,0.9
2022-11-20T05:00:00,2174A,112.6991,37.6982,晋中市,榆次区政府,颗粒物(PM10),77,104,136,52,86,92,4,15,11,53,51,8,11,0.5,0.9
2022-11-20T05:00:00,2175A,110.9956,35.0147,运城市,运城中学,细颗粒物(PM2.5),178,179,167,134,100,102,33,86,49,31,31,29,14,1.8,1.1
2022-11-20T05:00:00,2176A,111.0233,35.0611,运城市,禹都开发区,,,,,,,,,,,,,,,,
2022-11-20T05:00:00,2178A,110.9686,35.0303,运城市,地区技校,细颗粒物(PM2.5),180,159,182,136,103,95,25,75,38,35,40,26,17,1.4,0.9
2022-11-20T05:00:00,2179A,111.0414,35.1147,运城市,空港新区,细颗粒物(PM2.5),124,161,193,94,113,102,24,37,30,38,42,20,22,1.5,1.2
2022-11-20T05:00:00,2181A,112.7383,38.4519,忻州市,开发区,细颗粒物(PM2.5),79,83,91,58,62,86,2,3,2,36,37,5,7,0.9,0.9
2022-11-20T05:00:00,2182A,112.7003,38.4928,忻州市,会展中心,细颗粒物(PM2.5),72,78,92,52,57,74,4,4,4,28,36,6,9,0.5,0.5
2022-11-20T05:00:00,2183A,111.1406,37.5211,吕梁市,环保局,颗粒物(PM10),92,133,135,34,36,61,1,1,1,49,56,8,9,0.5,0.8
2022-11-20T05:00:00,2185A,111.1297,37.5136,吕梁市,自来水公司,颗粒物(PM10),104,158,146,36,37,65,1,1,1,46,49,12,12,0.5,0.8
2022-11-20T05:00:00,2186A,106.8288,39.6778,乌海市,聚英学校,,,,,,,,,,,,,,,,
2022-11-20T05:00:00,2187A,106.8174,39.6973,乌海市,市林业局,颗粒物(PM10),81,112,139,44,48,85,16,17,12,31,48,7,30,0.6,0.9
2022-11-20T05:00:00,2188A,106.7907,39.6667,乌海市,中海勃湾学校,颗粒物(PM10),83,116,151,47,47,91,26,16,16,23,51,11,36,0.5,1
2022-11-20T05:00:00,2191A,122.2532,43.6801,通辽市,艺术职业学校,,40,40,66,7,31,86,34,40,37,18,25,6,15,0.8,0.9
2022-11-20T05:00:00,2192A,119.7594,49.2261,呼伦贝尔市,区环保局,,26,24,61,18,22,66,48,47,47,8,7,5,4,0.2,0.4
2022-11-20T05:00:00,2194A,107.5936,40.916,巴彦淖尔市,秋林养殖基地(对照点),,,,,,,,,,,,,,,,
2022-11-20T05:00:00,2195A,107.4212,40.761,巴彦淖尔市,附二中,颗粒物(PM10),53,55,100,15,24,68,25,18,18,21,24,7,10,0.7,0.6
2022-11-20T05:00:00,2196A,107.37,40.7372,巴彦淖尔市,市环保大楼,颗粒物(PM10),54,58,89,21,32,75,29,19,19,25,23,11,8,0.6,0.6
2022-11-20T05:00:00,2197A,113.1306,40.9923,乌兰察布市,集宁新区,,45,45,55,21,26,92,27,31,28,18,17,26,21,0.7,0.6
2022-11-20T05:00:00,2200A,122.0392,46.0656,兴安盟,胜华新制药厂,,23,23,36,9,19,69,54,52,52,4,9,2,4,0.2,0.3
2022-11-20T05:00:00,2201A,121.9504,46.0741,兴安盟,科右前旗环保局,,29,16,38,20,23,65,42,38,38,3,7,1,2,0.1,0.2
2022-11-20T05:00:00,2202A,116.1042,43.9317,锡林郭勒盟,市环保监测站,,10,10,38,3,9,64,25,30,29,5,7,8,8,0.2,0.2
2022-11-20T05:00:00,2203A,116.0781,43.9311,锡林郭勒盟,市政府,,11,11,45,7,8,62,27,32,31,10,9,11,9,0.1,0.2
2022-11-20T05:00:00,2204A,105.6467,38.8363,阿拉善盟,西城区西花园(对照点),颗粒物(PM10),55,60,78,14,23,90,82,84,83,12,14,12,10,0.3,0.3
2022-11-20T05:00:00,2205A,105.6985,38.8411,阿拉善盟,蒙二幼,颗粒物(PM10),54,57,68,33,31,89,84,85,85,7,14,14,11,0.6,0.6
2022-11-20T05:00:00,2206A,105.724,38.8516,阿拉善盟,环保局新楼,,39,39,43,27,23,96,93,96,95,6,8,3,8,0.5,0.4
2022-11-20T05:00:00,2207A,121.6094,41.998,阜新市,工业园区,,35,35,92,11,44,52,27,44,34,22,33,11,23,0.3,0.7
2022-11-20T05:00:00,2208A,121.6697,42.0279,阜新市,长青街,,30,30,89,15,56,54,30,44,35,14,36,4,19,0.5,1.1
2022-11-20T05:00:00,2209A,121.6673,42.0705,阜新市,农业园区,,31,31,88,11,52,54,38,45,39,9,24,9,21,0.2,0.6
2022-11-20T05:00:00,2210A,121.6717,42.0224,阜新市,东苑,,22,22,91,10,42,53,34,45,40,16,34,9,25,0.6,0.9
2022-11-20T05:00:00,2211A,121.6506,42.0498,阜新市,玉龙新城,,28,28,86,3,56,46,13,22,15,27,40,7,20,0.4,0.9
2022-11-20T05:00:00,2212A,123.2,41.1953,辽阳市,宏伟区,,29,29,42,12,25,90,40,54,44,19,16,13,11,0.5,0.7
2022-11-20T05:00:00,2213A,123.1683,41.2495,辽阳市,新华园,,23,23,51,12,38,84,39,53,42,18,23,12,10,0.3,0.6
2022-11-20T05:00:00,2214A,123.2354,41.2639,辽阳市,滨河路,,30,30,42,13,39,91,29,54,41,28,21,11,8,0.4,0.6
2022-11-20T05:00:00,2215A,123.149,41.2991,辽阳市,铁西工业园,,27,27,53,12,50,92,29,54,37,21,24,14,14,0.4,0.7
2022-11-20T05:00:00,2216A,123.8139,42.3022,铁岭市,汇工街西,,28,28,49,6,30,81,30,52,40,14,22,10,11,0.5,0.6
2022-11-20T05:00:00,2217A,123.8649,42.2923,铁岭市,水上乐园,,20,20,47,12,35,83,23,47,36,30,34,5,9,0.6,0.8
2022-11-20T05:00:00,2218A,123.8486,42.2867,铁岭市,银州路东段,,24,24,51,11,30,81,27,46,37,19,25,5,7,0.6,0.8
2022-11-20T05:00:00,2219A,123.7153,42.2217,铁岭市,金沙江路北,,23,23,45,8,31,77,24,50,42,24,27,4,10,0.4,0.6
2022-11-20T05:00:00,2220A,120.4318,41.5881,朝阳市,西梁,颗粒物(PM10),63,76,111,35,55,89,7,13,12,37,44,19,18,1.2,1.3
2022-11-20T05:00:00,2221A,120.4521,41.5646,朝阳市,河畔小区,颗粒物(PM10),65,79,91,45,56,87,5,9,8,38,36,9,13,1.1,1.1
2022-11-20T05:00:00,2222A,120.4176,41.5648,朝阳市,八里堡,颗粒物(PM10),70,90,120,35,64,81,4,4,4,36,42,14,16,0.9,1.1
2022-11-20T05:00:00,2223A,120.3806,41.5969,朝阳市,农业园区,颗粒物(PM10),56,62,74,23,50,92,30,36,28,18,31,16,11,0.7,1.1
2022-11-20T05:00:00,2225A,124.4002,43.1713,四平市,一商场,,24,24,42,9,24,70,32,40,36,13,21,5,8,0.1,0.3
2022-11-20T05:00:00,2226A,124.388,43.193,四平市,境园,,23,23,40,6,21,70,39,44,41,2,17,1,4,0.1,0.3
2022-11-20T05:00:00,2227A,125.1358,42.8845,辽源市,环保局,,22,22,32,15,23,95,41,60,50,6,17,8,11,0.4,0.6
2022-11-20T05:00:00,2229A,125.9358,41.7173,通化市,光明,,21,20,41,5,20,105,66,105,92,9,28,9,16,0.1,0.5
2022-11-20T05:00:00,2230A,125.9446,41.7325,通化市,铁路,,24,24,46,15,20,108,68,108,93,5,34,11,24,0.3,0.7
2022-11-20T05:00:00,2231A,126.4219,41.9171,白山市,喜丰,,49,49,60,18,20,95,67,90,85,10,28,7,19,0.5,0.7
2022-11-20T05:00:00,2232A,126.4077,41.9419,白山市,环保局,,44,44,76,21,28,97,61,95,86,11,39,10,15,0.7,1.1
2022-11-20T05:00:00,2233A,124.8006,45.1214,松原市,江南,,27,27,55,2,37,46,36,39,38,2,18,4,7,0.3,0.6
2022-11-20T05:00:00,2234A,124.7965,45.1722,松原市,江北,,16,16,52,5,36,47,40,39,39,4,17,2,5,0.4,0.6
2022-11-20T05:00:00,2235A,122.7911,45.6077,白城市,洮北区环保局,,22,22,42,5,22,70,52,56,54,7,13,3,4,0.2,0.3
2022-11-20T05:00:00,2236A,122.8738,45.5725,白城市,市环保局,,21,21,47,14,17,64,48,49,48,9,13,6,5,0.3,0.4
2022-11-20T05:00:00,2237A,129.47,42.8883,延边朝鲜族自治州,妇幼医院,,38,24,41,26,31,55,13,13,13,14,24,6,14,0.6,0.6
2022-11-20T05:00:00,2238A,129.5055,42.9108,延边朝鲜族自治州,延边医院,,35,35,39,24,29,54,12,22,17,25,24,8,10,0.6,0.7
2022-11-20T05:00:00,2239A,129.3964,42.8881,延边朝鲜族自治州,朝阳川镇医院,,35,35,34,24,23,58,6,14,9,20,19,7,7,0.5,0.5
2022-11-20T05:00:00,2240A,130.9762,45.3001,鸡西市,环保局,,35,35,52,24,39,48,46,31,31,14,30,5,9,0.4,0.6
2022-11-20T05:00:00,2243A,130.9429,45.3039,鸡西市,第一中学,,25,25,45,13,30,59,59,56,50,5,25,4,8,0.4,0.6
2022-11-20T05:00:00,2244A,130.2537,47.3416,鹤岗市,哈啤分公司,,36,36,44,24,28,37,15,23,16,31,22,6,7,0.4,0.4
2022-11-20T05:00:00,2245A,130.2684,47.3086,鹤岗市,斯达机电,,40,40,45,25,30,43,34,31,30,17,18,8,10,0.4,0.4
2022-11-20T05:00:00,2246A,130.3114,47.3388,鹤岗市,东山纸板厂,颗粒物(PM10),53,55,73,33,34,37,20,20,20,24,18,12,10,0.5,0.7
2022-11-20T05:00:00,2247A,130.1097,47.3382,鹤岗市,五号水库(对照点),,44,44,41,25,28,36,26,26,26,17,17,8,8,0.4,0.4
2022-11-20T05:00:00,2248A,131.1511,46.6937,双鸭山市,双合村,,42,42,59,20,39,64,60,54,54,12,20,14,12,0.8,0.7
2022-11-20T05:00:00,2249A,131.1652,46.6191,双鸭山市,南小市,,24,24,44,12,26,70,67,63,63,7,13,8,7,0.3,0.4
2022-11-20T05:00:00,2250A,131.1524,46.6554,双鸭山市,环保局,,29,29,40,13,25,71,57,64,62,20,19,12,7,0.3,0.4
2022-11-20T05:00:00,2251A,131.12,46.5656,双鸭山市,苗圃(对照点),,27,27,32,16,24,67,63,58,58,6,9,4,5,0.3,0.3
2022-11-20T05:00:00,2252A,128.5159,47.4311,伊春市,环保局,,,20,26,,22,58,38,53,44,6,14,5,8,0.5,0.7
2022-11-20T05:00:00,2253A,128.9102,47.7412,伊春市,电力嘉园,,38,38,34,18,20,55,36,45,41,5,13,2,6,0.3,0.5
2022-11-20T05:00:00,2254A,129.5029,48.471,伊春市,汤旺河国家公园(对照点),颗粒物(PM10),54,58,48,32,34,57,36,43,42,7,9,6,6,0.2,0.3
2022-11-20T05:00:00,2255A,130.2751,46.8028,佳木斯市,佳纺,,34,34,60,19,35,55,40,39,39,8,18,3,4,0.4,0.6
2022-11-20T05:00:00,2256A,130.3995,46.8307,佳木斯市,发电厂,,38,36,48,26,38,54,43,45,44,9,21,2,5,0.5,0.6
2022-11-20T05:00:00,2257A,130.3258,46.7975,佳木斯市,环保局,,34,34,59,23,41,52,43,47,46,8,25,4,6,0.4,0.6
2022-11-20T05:00:00,2258A,130.3648,46.8032,佳木斯市,十一中,,35,35,43,23,32,54,46,50,49,9,26,2,3,0.5,0.6
2022-11-20T05:00:00,2259A,130.3794,46.7588,佳木斯市,四丰(对照点),,29,26,28,20,23,65,51,57,56,3,6,1,1,0.6,0.2
2022-11-20T05:00:00,2262A,131.0518,45.8751,七台河市,新一中(对照点),,23,13,34,9,24,71,71,64,62,9,16,9,11,0.3,0.6
2022-11-20T05:00:00,2263A,127.4833,50.2524,黑河市,交通局,,33,31,18,23,17,54,33,52,44,7,9,6,6,0.6,0.5
2022-11-20T05:00:00,2264A,127.5144,50.2341,黑河市,环保局,,46,46,16,27,20,56,31,52,45,9,9,5,7,0.3,0.4
2022-11-20T05:00:00,2265A,127.5291,50.2472,黑河市,大黑河岛(对照点),,43,39,18,30,22,69,32,50,43,2,2,2,2,0.3,0.3
2022-11-20T05:00:00,2266A,126.9785,46.6365,绥化市,人和东街,,,6,40,,,61,34,39,37,6,11,3,3,1.0,1.1
2022-11-20T05:00:00,2267A,126.964,46.6528,绥化市,党政办公中心,,15,5,40,3,28,76,46,50,49,5,10,2,4,0.8,1
2022-11-20T05:00:00,2269A,124.1069,50.4097,大兴安岭地区,科技局,,48,35,45,33,35,42,28,24,24,9,15,4,3,0.4,0.4
2022-11-20T05:00:00,2270A,117.396,32.939,蚌埠市,工人疗养院,,,,64,,45,26,,28,,,31,,5,,0.4
2022-11-20T05:00:00,2271A,117.3605,32.9427,蚌埠市,百货大楼,细颗粒物(PM2.5),83,68,47,61,45,52,6,14,10,38,27,13,9,0.4,0.4
2022-11-20T05:00:00,2273A,117.4185,32.8911,蚌埠市,蚌埠学院,细颗粒物(PM2.5),67,63,53,48,38,56,8,17,14,36,31,7,6,0.4,0.4
2022-11-20T05:00:00,2274A,117.3533,32.9673,蚌埠市,淮上区政府,细颗粒物(PM2.5),83,92,66,61,46,60,13,8,8,40,28,10,8,0.4,0.4
2022-11-20T05:00:00,2275A,117.3145,32.8977,蚌埠市,高新区,细颗粒物(PM2.5),70,68,57,51,45,47,14,15,12,39,38,6,5,0.5,0.5
2022-11-20T05:00:00,2277A,116.8305,32.7727,淮南市,潘集区政府,细颗粒物(PM2.5),69,72,66,50,53,45,4,20,16,46,34,3,2,0.4,0.3
2022-11-20T05:00:00,2278A,117.0067,32.6524,淮南市,师范学院,细颗粒物(PM2.5),75,70,71,55,52,44,7,29,21,39,27,9,6,0.6,0.5
2022-11-20T05:00:00,2279A,116.8569,32.5951,淮南市,谢家集区政府,细颗粒物(PM2.5),63,58,53,45,42,40,7,40,20,25,19,5,5,0.2,0.2
2022-11-20T05:00:00,2280A,116.8281,32.633,淮南市,八公山区政府,细颗粒物(PM2.5),77,53,47,56,39,42,13,38,28,17,12,7,7,0.4,0.4
2022-11-20T05:00:00,2281A,116.6325,32.6201,淮南市,焦岗湖风景区管理处(对照点),,36,36,53,9,38,46,3,4,4,2,3,11,12,0.3,0.3
2022-11-20T05:00:00,2282A,116.8004,33.975,淮北市,监测站,细颗粒物(PM2.5),53,37,36,37,33,62,47,54,51,13,15,5,5,0.5,0.5
2022-11-20T05:00:00,2283A,116.8091,33.9007,淮北市,烈山区政府,细颗粒物(PM2.5),64,41,40,46,44,60,30,50,44,27,23,3,3,0.5,0.5
2022-11-20T05:00:00,2284A,116.7856,33.9477,淮北市,职业技术学院,,50,39,41,35,32,61,36,37,37,18,20,6,5,0.9,0.8
2022-11-20T05:00:00,2285A,117.8177,30.9412,铜陵市,市第四中学,颗粒物(PM10),51,52,38,30,22,39,14,24,20,33,24,10,7,0.3,0.3
2022-11-20T05:00:00,2286A,117.8059,30.9273,铜陵市,市公路局,,43,43,34,28,25,38,29,24,24,18,19,7,7,0.4,0.4
2022-11-20T05:00:00,2287A,117.7807,30.9413,铜陵市,市新民污水厂,,35,35,26,24,19,38,30,23,23,16,19,6,7,0.3,0.3
2022-11-20T05:00:00,2288A,117.7439,30.8792,铜陵市,市第九中学,颗粒物(PM10),52,53,40,20,19,34,26,27,24,26,24,3,4,0.4,0.4
2022-11-20T05:00:00,2289A,117.846,30.9413,铜陵市,车站新区,细颗粒物(PM2.5),64,37,33,46,25,26,18,15,12,26,27,6,5,0.3,0.4
2022-11-20T05:00:00,2290A,117.8483,30.97,铜陵市,市职教基地,,42,38,30,29,20,36,24,19,19,15,16,3,2,0,0.1
2022-11-20T05:00:00,2291A,117.0809,30.5177,安庆市,环科院,,,19,22,,27,46,29,45,36,9,15,5,5,0.5,0.6
2022-11-20T05:00:00,2292A,117.0331,30.5119,安庆市,马山宾馆,,33,25,22,23,16,47,40,46,42,17,24,5,5,0.5,0.7
2022-11-20T05:00:00,2294A,116.9896,30.6145,安庆市,安庆大学,,30,27,21,21,13,48,26,40,27,21,21,5,5,0.6,0.7
2022-11-20T05:00:00,2295A,118.2903,29.6963,黄山市,延安路89号,,21,21,24,9,12,40,14,15,14,15,16,6,6,0.7,0.6
2022-11-20T05:00:00,2296A,118.327,29.7178,黄山市,黄山东路89号,,8,7,16,5,9,35,9,21,13,15,17,5,5,0.4,0.4
2022-11-20T05:00:00,2297A,118.1371,30.2756,黄山市,黄山区政府5号楼,,28,28,26,18,9,34,18,24,20,11,17,5,5,0.6,0.8
2022-11-20T05:00:00,2298A,118.3093,32.3153,滁州市,老年大学,细颗粒物(PM2.5),100,67,44,75,43,58,25,32,30,22,24,5,5,0.4,0.3
2022-11-20T05:00:00,2299A,118.3244,32.2786,滁州市,人大宾馆,颗粒物(PM10),68,85,51,46,30,61,32,38,37,15,14,3,2,0.5,0.4
2022-11-20T05:00:00,2301A,115.8277,32.8929,阜阳市,市监测站,,49,41,49,34,36,39,4,34,22,37,27,6,6,0.6,0.5
2022-11-20T05:00:00,2303A,115.8554,32.8605,阜阳市,开发区,,39,17,54,27,36,42,3,20,12,37,38,4,4,0.6,0.5
2022-11-20T05:00:00,2306A,116.989,33.6306,宿州市,火车站,,,,,,,,,,,,,,,,
2022-11-20T05:00:00,2307A,116.5079,31.737,六安市,监测大楼,颗粒物(PM10),52,53,42,29,24,50,11,16,12,23,19,4,5,0.4,0.4
2022-11-20T05:00:00,2308A,116.4738,31.7643,六安市,皖西学院,颗粒物(PM10),51,52,39,33,25,55,12,11,11,25,23,5,5,0.4,0.4
2022-11-20T05:00:00,2309A,116.4996,31.7905,六安市,朝阳厂,细颗粒物(PM2.5),52,48,41,36,32,48,6,16,12,23,18,3,3,0.5,0.4
2022-11-20T05:00:00,2310A,116.5567,31.7886,六安市,开发区,,43,40,49,30,31,46,1,5,3,19,20,5,5,0.5,0.4
2022-11-20T05:00:00,2311A,115.8072,33.8399,亳州市,污水处理厂,细颗粒物(PM2.5),69,56,50,50,44,50,12,15,14,18,19,3,3,0.3,0.3
2022-11-20T05:00:00,2312A,115.7789,33.8518,亳州市,三国揽胜宫,细颗粒物(PM2.5),58,43,43,41,37,52,15,24,22,20,19,2,2,0.5,0.5
2022-11-20T05:00:00,2314A,117.47,30.6618,池州市,池州学院,,32,28,20,22,16,39,15,20,18,25,21,6,5,0.6,0.6
2022-11-20T05:00:00,2315A,117.4974,30.6539,池州市,平天湖(对照点),,,,,,,,,,,,,,,,
2022-11-20T05:00:00,2316A,118.7581,30.9454,宣城市,鳌峰子站,,39,37,33,27,25,35,30,30,29,25,26,5,10,0.6,0.7
2022-11-20T05:00:00,2317A,118.7385,30.9743,宣城市,敬亭山子站,,42,33,33,29,25,41,34,26,26,24,30,6,6,0.4,0.6
2022-11-20T05:00:00,2318A,118.7173,30.9427,宣城市,开发区子站,,35,32,30,24,22,34,21,17,17,24,28,5,5,0.5,0.6
2022-11-20T05:00:00,2319A,119.0141,25.4325,莆田市,荔城区仓后路,,36,32,41,25,22,138,43,40,40,12,19,5,6,0.8,0.7
2022-11-20T05:00:00,2320A,119.0015,25.4553,莆田市,莆田市监测站,,38,32,33,26,19,144,32,35,33,6,12,5,6,0.7,0.7
2022-11-20T05:00:00,2321A,119.1119,25.4561,莆田市,涵江区六中,细颗粒物(PM2.5),60,49,40,43,27,122,6,42,25,44,20,8,9,0.7,0.7
2022-11-20T05:00:00,2322A,119.1013,25.3215,莆田市,秀屿区政府,,45,37,35,31,25,120,38,63,47,19,15,8,9,0.7,0.7
2022-11-20T05:00:00,2323A,118.981,25.4792,莆田市,东圳水库(对照点),,,,,,,,,,,,,,,,
2022-11-20T05:00:00,2324A,117.6211,26.2625,三明市,三钢,,26,18,30,18,23,48,8,19,13,23,22,13,12,0.8,0.9
2022-11-20T05:00:00,2325A,117.635,26.2714,三明市,三明二中,,22,18,27,15,21,50,15,19,16,19,22,14,13,0.9,1
2022-11-20T05:00:00,2326A,117.6028,26.2378,三明市,三元区政府,,26,21,34,18,26,40,5,16,10,24,22,27,18,0.9,1.1
2022-11-20T05:00:00,2327A,117.7275,26.3108,三明市,洋溪(对照点),,,,,,,,,,,,,,,,
2022-11-20T05:00:00,2331A,118.0966,26.6761,南平市,茫荡山(对照点),,,,,,,,,,,,,,,,
2022-11-20T05:00:00,2332A,118.1681,26.6369,南平市,南平市监测站,,18,16,25,12,18,67,17,17,17,13,14,5,6,0.9,0.9
2022-11-20T05:00:00,2333A,118.1825,26.6489,南平市,南平铝业有限公司,,22,22,23,12,17,66,14,19,18,15,15,4,5,0.8,0.8
2022-11-20T05:00:00,2334A,118.1756,26.6272,南平市,南平七中,,18,16,23,12,17,72,22,16,16,10,14,3,5,0.9,0.8
2022-11-20T05:00:00,2335A,117.0189,25.1181,龙岩市,龙岩师专(对照点),,,,,,,,,,,,,,,,
2022-11-20T05:00:00,2336A,117.0217,25.1033,龙岩市,龙岩市监测站,,20,18,37,14,21,83,27,31,28,14,23,11,10,0.7,0.7
2022-11-20T05:00:00,2337A,117.0258,25.0661,龙岩市,闽西职业技术学院,,25,25,38,16,23,87,24,29,27,15,18,15,13,0.7,0.7
2022-11-20T05:00:00,2338A,117.0196,25.0306,龙岩市,龙岩学院,,25,25,37,14,25,99,14,16,16,17,18,6,6,0.7,0.6
2022-11-20T05:00:00,2339A,119.5001,26.6946,宁德市,金涵水库(对照点),,,,,,,,,,,,,,,,
2022-11-20T05:00:00,2341A,119.5388,26.6612,宁德市,宁德市监测站,,28,21,28,19,19,74,28,59,44,12,16,4,5,0.5,0.5
2022-11-20T05:00:00,2342A,117.3102,29.3867,景德镇市,王港中学(对照点),,41,41,30,17,18,21,5,5,5,17,17,3,4,0.7,0.8
2022-11-20T05:00:00,2343A,117.2117,29.2933,景德镇市,老干部活动中心,颗粒物(PM10),51,52,50,26,24,37,7,17,13,17,16,10,7,0.9,0.9
2022-11-20T05:00:00,2344A,117.1894,29.2789,景德镇市,兽医站,,,,,,,,,,,,,,,,
2022-11-20T05:00:00,2345A,117.1547,29.2617,景德镇市,台达陶瓷,,33,33,34,23,24,30,8,14,12,21,23,14,21,0.7,0.8
2022-11-20T05:00:00,2346A,117.2461,29.2956,景德镇市,陶研所,,35,35,42,14,22,33,10,16,14,16,16,3,4,1.0,1
2022-11-20T05:00:00,2347A,114.0997,27.5002,萍乡市,武功山(对照点),,36,36,24,21,22,44,14,24,18,8,11,17,16,0.8,0.8
2022-11-20T05:00:00,2348A,113.8385,27.6434,萍乡市,中医院,细颗粒物(PM2.5),84,51,62,62,54,43,17,21,18,17,21,5,6,1.0,1.1
2022-11-20T05:00:00,2349A,113.8493,27.6253,萍乡市,市政府车库,细颗粒物(PM2.5),58,39,43,41,37,38,6,16,12,27,25,8,8,0.7,0.8
2022-11-20T05:00:00,2350A,113.8676,27.6435,萍乡市,市环保局,,43,40,41,30,33,40,19,20,19,14,15,14,12,1.0,1
2022-11-20T05:00:00,2351A,113.866,27.6198,萍乡市,安源区政府,颗粒物(PM10),59,68,64,23,36,40,8,14,11,25,22,10,10,0.8,0.9
2022-11-20T05:00:00,2352A,115.0861,27.9317,新余市,北岗(对照点),,44,44,23,29,18,20,17,7,7,10,13,6,10,0.8,0.8
2022-11-20T05:00:00,2353A,114.9886,27.8431,新余市,飞宇,细颗粒物(PM2.5),59,60,37,42,20,30,7,6,6,24,22,15,7,0.8,0.7
2022-11-20T05:00:00,2354A,114.9231,27.8246,新余市,第二水厂,颗粒物(PM10),60,69,39,35,21,27,10,6,6,22,24,14,8,0.8,0.8
2022-11-20T05:00:00,2355A,114.9308,27.8036,新余市,市气象局,细颗粒物(PM2.5),69,56,35,50,27,30,10,20,14,27,25,13,10,0.9,0.9
2022-11-20T05:00:00,2357A,116.9822,28.1136,鹰潭市,龙虎山(对照点),,26,22,21,18,10,42,3,2,2,12,13,1,1,0.8,0.8
2022-11-20T05:00:00,2358A,117.0564,28.2642,鹰潭市,新监测站,细颗粒物(PM2.5),65,43,33,47,30,32,26,13,13,10,17,3,3,0.9,0.9
2022-11-20T05:00:00,2359A,117.0311,28.2475,鹰潭市,财苑宾馆,细颗粒物(PM2.5),60,48,32,43,24,31,15,14,13,18,20,4,3,0.9,0.8
2022-11-20T05:00:00,2360A,117.0222,28.2264,鹰潭市,体育馆,细颗粒物(PM2.5),52,32,28,36,22,34,4,14,7,24,16,1,2,0.8,0.7
2022-11-20T05:00:00,2361A,117.0017,28.2131,鹰潭市,三川水表,,42,24,30,29,23,36,3,4,3,22,16,1,2,1.3,1.2
2022-11-20T05:00:00,2362A,114.9017,25.9149,赣州市,通天岩(对照点),,21,21,17,10,9,47,21,28,25,15,17,5,5,0.4,0.5
2022-11-20T05:00:00,2363A,114.9367,25.8664,赣州市,地委,,28,28,18,15,9,44,17,26,21,13,16,24,13,1.2,1.3
2022-11-20T05:00:00,2364A,114.9461,25.8481,赣州市,气象台,,25,24,17,17,12,48,16,24,18,13,17,9,9,0.6,0.6
2022-11-20T05:00:00,2365A,114.9322,25.8333,赣州市,市图书馆,,19,19,18,13,11,39,22,27,24,12,18,4,6,1.2,1.3
2022-11-20T05:00:00,2366A,114.8905,25.8471,赣州市,华坚鞋城,,24,24,21,16,12,44,28,30,29,7,14,5,6,0.8,0.9
2022-11-20T05:00:00,2367A,114.9754,27.0803,吉安市,红声器材厂,,48,48,33,28,17,36,10,27,19,26,21,10,11,1.0,1
2022-11-20T05:00:00,2368A,114.9658,27.0999,吉安市,市森林工业局,,39,39,27,27,18,29,0,18,11,32,21,10,11,1.1,1
2022-11-20T05:00:00,2369A,114.99,27.1312,吉安市,市环境监测站,,41,41,27,25,16,31,3,29,15,30,22,6,7,0.8,0.8
2022-11-20T05:00:00,2370A,115.0093,27.0968,吉安市,青原区法院,,41,41,30,20,17,36,6,18,13,22,20,6,8,0.8,0.8
2022-11-20T05:00:00,2371A,114.3408,27.8064,宜春市,槟榔水业(对照点),,,,,,,,,,,,,,,,
2022-11-20T05:00:00,2373A,114.3956,27.7844,宜春市,市石油公司,细颗粒物(PM2.5),74,79,48,54,33,40,4,8,6,30,23,7,6,1.6,1.4
2022-11-20T05:00:00,2374A,114.3703,27.7914,宜春市,市气象局,细颗粒物(PM2.5),77,74,47,56,35,35,1,6,4,28,23,9,12,1.3,1.3
2022-11-20T05:00:00,2375A,114.4013,27.8074,宜春市,市广电局,细颗粒物(PM2.5),88,81,48,65,39,32,7,8,8,29,26,28,15,1.2,1.4
2022-11-20T05:00:00,2376A,116.2127,28.0814,抚州市,桐源党溪(对照点),,32,32,34,22,22,76,3,3,3,11,12,2,2,0.7,0.7
2022-11-20T05:00:00,2377A,116.3544,27.9831,抚州市,市站,,39,31,35,27,25,60,14,17,14,17,12,4,3,0.4,0.5
2022-11-20T05:00:00,2378A,116.3565,27.963,抚州市,血防站,,38,38,39,22,22,55,10,10,9,22,18,5,5,0.9,0.9
2022-11-20T05:00:00,2379A,116.3564,28.0007,抚州市,采茶剧团,,40,38,37,28,26,56,5,12,7,22,18,4,4,0.8,0.8
2022-11-20T05:00:00,2380A,116.385,27.9647,抚州市,医学分院,,32,32,35,19,21,51,6,11,7,30,23,4,5,0.7,0.7
2022-11-20T05:00:00,2381A,118.005,28.4572,上饶市,百草园(对照点),颗粒物(PM10),54,57,32,22,20,19,12,19,15,18,20,7,4,0.9,0.8
2022-11-20T05:00:00,2382A,117.9756,28.4436,上饶市,市监测站,颗粒物(PM10),53,56,34,28,20,27,12,27,19,27,25,24,18,0.9,0.8
2022-11-20T05:00:00,2383A,117.9519,28.4628,上饶市,凤凰光学,颗粒物(PM10),52,53,32,29,22,23,13,17,14,28,28,25,22,0.8,0.7
2022-11-20T05:00:00,2385A,114.17,35.9019,鹤壁市,市监测站,细颗粒物(PM2.5),55,52,111,39,96,57,3,4,4,24,35,3,5,1.1,1.5
2022-11-20T05:00:00,2386A,114.2956,35.7511,鹤壁市,市交警支队,细颗粒物(PM2.5),90,103,146,67,114,56,20,34,23,35,34,4,4,0.9,1
2022-11-20T05:00:00,2387A,114.2878,35.7306,鹤壁市,迎宾馆,细颗粒物(PM2.5),112,100,114,84,112,58,38,31,25,24,30,7,7,2.4,2.3
2022-11-20T05:00:00,2389A,113.836,35.311,新乡市,环保西院,细颗粒物(PM2.5),110,112,93,83,68,49,4,3,3,37,32,7,6,0.9,0.9
2022-11-20T05:00:00,2390A,113.884,35.272,新乡市,开发区,细颗粒物(PM2.5),110,114,94,83,68,54,23,19,18,31,27,8,8,1.0,1.1
2022-11-20T05:00:00,2391A,113.883,35.303,新乡市,环保东院,细颗粒物(PM2.5),102,94,85,76,65,52,26,11,11,32,36,4,4,0.9,0.9
2022-11-20T05:00:00,2392A,115.0312,35.7636,濮阳市,环保局,细颗粒物(PM2.5),94,51,82,70,97,81,46,50,49,20,28,5,6,0.6,0.8
2022-11-20T05:00:00,2394A,115.0574,35.7609,濮阳市,油田运输公司,细颗粒物(PM2.5),102,88,130,76,110,88,44,50,47,22,29,6,6,0.7,0.9
2022-11-20T05:00:00,2395A,115.0866,35.7754,濮阳市,油田物探公司,细颗粒物(PM2.5),104,48,85,78,111,85,44,44,43,16,26,5,6,0.6,0.8
2022-11-20T05:00:00,2396A,113.8276,34.0159,许昌市,监测站,颗粒物(PM10),56,61,58,32,40,92,3,22,11,42,30,6,6,0.7,1
2022-11-20T05:00:00,2398A,113.7906,33.9953,许昌市,开发区,颗粒物(PM10),53,56,58,21,35,98,2,6,4,36,31,5,6,0.7,0.8
2022-11-20T05:00:00,2399A,114.051,33.5699,漯河市,三五一五工厂,,45,34,63,31,64,87,3,8,6,38,35,5,5,0.7,1
2022-11-20T05:00:00,2400A,114.0055,33.5698,漯河市,漯河大学,细颗粒物(PM2.5),54,41,72,38,65,96,13,15,15,37,38,6,7,0.9,1.1
2022-11-20T05:00:00,2401A,114.0138,33.5828,漯河市,市水利局,,45,39,61,31,60,93,12,14,13,34,30,7,8,0.8,1.1
2022-11-20T05:00:00,2402A,114.0261,33.5698,漯河市,市广电局,,40,24,57,28,56,93,4,6,6,34,33,5,4,0.7,0.9
2022-11-20T05:00:00,2403A,112.5192,32.9917,南阳市,环保局,细颗粒物(PM2.5),112,102,113,84,97,106,12,30,19,38,41,5,6,0.6,0.8
2022-11-20T05:00:00,2404A,112.5339,33.0086,南阳市,瓦房庄,细颗粒物(PM2.5),105,104,121,79,95,101,13,22,15,35,42,4,5,0.8,0.9
2022-11-20T05:00:00,2405A,112.5003,32.9735,南阳市,汉画馆,细颗粒物(PM2.5),100,108,117,75,86,108,10,16,12,40,41,2,4,0.8,0.9
2022-11-20T05:00:00,2406A,112.5779,33.0144,南阳市,气象站,细颗粒物(PM2.5),84,89,107,62,83,105,28,31,24,37,37,5,6,0.8,0.8
2022-11-20T05:00:00,2407A,112.548,32.9692,南阳市,理工学院,细颗粒物(PM2.5),85,99,124,63,89,101,1,26,13,42,34,4,6,0.7,0.7
2022-11-20T05:00:00,2408A,115.6702,34.4285,商丘市,环境监测站,细颗粒物(PM2.5),58,43,62,41,50,66,46,56,54,20,23,3,5,0.6,0.7
2022-11-20T05:00:00,2409A,115.6458,34.4045,商丘市,粮食局,,48,36,63,33,38,73,60,61,61,15,30,2,3,0.5,0.7
2022-11-20T05:00:00,2410A,115.6293,34.3948,商丘市,睢阳区环保局,细颗粒物(PM2.5),58,40,49,41,46,66,37,52,48,27,24,1,2,0.4,0.5
2022-11-20T05:00:00,2420A,114.0189,32.9656,驻马店市,市一纸厂,细颗粒物(PM2.5),52,48,64,36,54,103,8,10,7,42,33,3,4,0.5,0.6
2022-11-20T05:00:00,2421A,114.0114,33.015,驻马店市,市彩印厂,细颗粒物(PM2.5),55,42,62,39,53,107,35,33,33,19,21,6,6,0.5,0.6
2022-11-20T05:00:00,2422A,113.9976,32.9771,驻马店市,天方二分厂,,49,47,69,34,53,104,19,24,22,31,29,1,2,0.6,0.7
2022-11-20T05:00:00,2423A,115.0601,30.2313,黄石市,沈家营,,39,39,44,20,20,61,8,23,13,31,22,4,5,0.5,0.9
2022-11-20T05:00:00,2424A,115.0817,30.2006,黄石市,陈家湾,,26,22,43,18,30,56,18,17,17,9,18,4,4,0.6,0.6
2022-11-20T05:00:00,2426A,114.8988,30.2019,黄石市,铁山,,37,37,53,19,29,62,17,16,16,19,25,6,7,0.8,0.9
2022-11-20T05:00:00,2427A,115.0307,30.2092,黄石市,团城山,颗粒物(PM10),53,56,50,21,25,69,17,25,22,30,25,4,5,0.7,0.7
2022-11-20T05:00:00,2428A,111.0419,32.395,十堰市,武当山(对照点),,29,27,34,20,24,87,44,58,52,11,13,7,7,0.5,0.5
2022-11-20T05:00:00,2429A,110.78,32.6494,十堰市,滨河新村,细颗粒物(PM2.5),54,51,77,38,48,86,6,8,8,37,44,6,6,0.6,0.8
2022-11-20T05:00:00,2430A,110.7258,32.6389,十堰市,刘家沟,颗粒物(PM10),52,53,63,27,32,96,6,21,14,17,24,7,7,0.9,0.9
2022-11-20T05:00:00,2431A,110.8839,32.5714,十堰市,铁二处,,49,49,59,27,36,89,9,24,18,21,23,5,6,0.6,0.7
2022-11-20T05:00:00,2432A,112.155,32.0197,襄阳市,襄城运动路,细颗粒物(PM2.5),77,78,110,56,72,144,42,60,54,21,35,12,12,0.7,0.8
2022-11-20T05:00:00,2433A,112.1392,32.0564,襄阳市,樊城新华路,,,84,101,,81,132,22,57,47,37,27,10,9,0.8,0.9
2022-11-20T05:00:00,2434A,112.1825,32.1142,襄阳市,高新管委会,细颗粒物(PM2.5),114,110,110,86,78,112,8,46,35,52,36,14,11,0.8,0.8
2022-11-20T05:00:00,2435A,112.2106,32.0903,襄阳市,襄州航空路,细颗粒物(PM2.5),78,77,104,57,78,107,17,63,44,31,32,10,11,0.7,0.9
2022-11-20T05:00:00,2436A,114.8938,30.3994,鄂州市,市政府,,34,34,34,20,20,60,0,10,4,44,31,8,7,0.8,0.7
2022-11-20T05:00:00,2437A,114.8989,30.3714,鄂州市,赵家坝,,42,42,40,22,26,67,1,5,2,34,34,6,7,0.6,0.6
2022-11-20T05:00:00,2438A,114.8131,30.4133,鄂州市,凡口开发区,,,,,,,,,,,,,,,,
2022-11-20T05:00:00,2439A,112.2014,31.0481,荆门市,竹园小学,细颗粒物(PM2.5),112,108,87,84,59,121,5,69,34,51,28,104,15,0.8,0.9
2022-11-20T05:00:00,2440A,112.1969,30.9891,荆门市,掇刀,细颗粒物(PM2.5),113,93,81,85,68,134,18,60,47,29,26,5,8,0.8,0.7
2022-11-20T05:00:00,2441A,112.2213,31.0386,荆门市,石化一小,细颗粒物(PM2.5),120,101,81,91,60,119,4,3,3,64,39,196,28,0.7,0.6
2022-11-20T05:00:00,2443A,113.9153,30.9285,孝感市,文化路,,36,36,37,14,20,79,27,20,20,17,20,4,5,0.8,0.8
2022-11-20T05:00:00,2444A,113.942,30.9075,孝感市,东城区,,33,33,38,19,19,73,19,16,12,23,21,5,6,0.8,0.8
2022-11-20T05:00:00,2446A,114.9028,30.4742,黄冈市,职工中心,,37,37,39,24,22,71,3,20,11,38,21,5,5,0.6,0.6
2022-11-20T05:00:00,2447A,114.3175,29.8142,咸宁市,森林公园(对照点),,16,16,24,9,21,63,29,58,48,8,10,7,7,0.4,0.5
2022-11-20T05:00:00,2448A,114.3107,29.8454,咸宁市,市发改委,,13,9,35,9,27,63,15,15,15,16,27,9,11,0.4,0.6
2022-11-20T05:00:00,2449A,114.2936,29.8566,咸宁市,咸安区政府,,22,10,34,15,26,64,21,17,17,15,26,9,10,0.5,0.8
2022-11-20T05:00:00,2450A,114.3375,29.8683,咸宁市,长江产业园,,,,,,,,,,,,,,,,
2022-11-20T05:00:00,2451A,113.3583,31.7275,随州市,市委党校,,36,32,33,25,29,107,13,17,15,24,19,7,5,0.5,0.5
2022-11-20T05:00:00,2452A,113.3833,31.6908,随州市,市林业局,,40,40,34,25,27,105,5,19,11,34,23,14,8,0.9,0.7
2022-11-20T05:00:00,2453A,113.3983,31.7308,随州市,市立交桥水厂,,40,35,37,28,30,102,11,7,7,21,22,4,5,0.7,0.7
2022-11-20T05:00:00,2454A,109.4978,30.2981,恩施土家族苗族自治州,湖北民院,细颗粒物(PM2.5),60,57,63,43,45,49,3,4,4,10,15,6,7,0.8,0.7
2022-11-20T05:00:00,2455A,109.4707,30.2798,恩施土家族苗族自治州,州电力总公司,颗粒物(PM10),53,55,60,33,38,42,3,5,3,8,11,8,8,0.8,0.9
2022-11-20T05:00:00,2456A,112.5003,26.9167,衡阳市,原169医院(对照点),,33,30,53,23,26,61,29,25,25,14,22,9,9,0.6,0.6
2022-11-20T05:00:00,2457A,112.6194,26.9258,衡阳市,衡阳化工总厂,细颗粒物(PM2.5),54,40,65,38,42,52,19,16,16,18,25,4,5,0.8,0.9
2022-11-20T05:00:00,2458A,112.6211,26.8956,衡阳市,珠晖区环保局,,,37,57,,,52,24,18,18,17,28,6,5,0.8,0.9
2022-11-20T05:00:00,2459A,112.6197,26.8733,衡阳市,市委党校,,43,37,62,30,35,54,20,19,19,19,25,9,10,1.0,0.9
2022-11-20T05:00:00,2460A,112.6006,26.8919,衡阳市,市监测站,细颗粒物(PM2.5),52,40,53,36,36,57,21,18,18,20,28,4,4,0.8,0.9
2022-11-20T05:00:00,2461A,112.5664,26.9056,衡阳市,真空机电公司,,46,39,52,32,36,67,32,23,23,13,22,5,5,0.7,0.8
2022-11-20T05:00:00,2462A,111.5239,27.3033,邵阳市,市水土所(对照点),细颗粒物(PM2.5),63,33,39,45,43,64,3,4,3,11,12,6,7,0.8,0.8
2022-11-20T05:00:00,2463A,111.4733,27.2317,邵阳市,市一中,细颗粒物(PM2.5),53,44,45,37,37,51,5,6,6,25,23,8,10,0.8,0.8
2022-11-20T05:00:00,2464A,111.5283,27.2442,邵阳市,市化工厂,,50,50,54,35,34,46,4,4,4,28,29,7,10,0.9,0.8
2022-11-20T05:00:00,2465A,111.4503,27.2537,邵阳市,市罐头厂,,41,41,47,25,29,55,28,24,24,18,17,7,8,0.6,0.6
2022-11-20T05:00:00,2466A,111.4328,27.2272,邵阳市,市环保局,细颗粒物(PM2.5),65,34,44,47,42,54,28,11,11,19,21,5,5,0.7,0.6
2022-11-20T05:00:00,2467A,112.4067,28.6428,益阳市,甘溪港(对照点),,37,37,42,19,38,79,1,1,1,22,19,4,5,0.7,0.6
2022-11-20T05:00:00,2468A,112.3458,28.5808,益阳市,市环保局,细颗粒物(PM2.5),60,58,64,43,53,76,0,4,2,34,29,4,5,1.1,0.9
2022-11-20T05:00:00,2469A,112.3437,28.5531,益阳市,市特殊教育学校,细颗粒物(PM2.5),62,64,79,44,57,76,0,7,4,39,26,4,6,1.0,1
2022-11-20T05:00:00,2470A,112.3347,28.6047,益阳市,资阳区政务中心,细颗粒物(PM2.5),59,44,64,42,53,76,4,4,4,20,22,2,4,0.9,1
2022-11-20T05:00:00,2471A,112.3744,28.5819,益阳市,赫山环保分局,颗粒物(PM10),61,72,74,41,52,76,1,2,1,30,27,3,4,1.1,1
2022-11-20T05:00:00,2472A,113.0073,25.9061,郴州市,马头岭(对照点),细颗粒物(PM2.5),59,53,33,42,25,59,42,51,45,23,23,5,4,1.0,1
2022-11-20T05:00:00,2473A,113.0116,25.8226,郴州市,市职中,,42,38,28,29,22,41,24,26,25,16,19,3,3,0.8,0.8
2022-11-20T05:00:00,2474A,113.0161,25.8001,郴州市,兴隆步行街,细颗粒物(PM2.5),55,47,31,39,28,41,26,26,26,15,18,4,4,0.9,0.9
2022-11-20T05:00:00,2475A,113.0383,25.8071,郴州市,市审计局,细颗粒物(PM2.5),63,43,28,45,21,40,26,24,24,14,16,5,5,0.7,0.7
2022-11-20T05:00:00,2476A,113.0348,25.7759,郴州市,市环保局,颗粒物(PM10),58,65,41,29,22,38,28,30,29,16,22,3,4,0.8,0.8
2022-11-20T05:00:00,2477A,111.6217,26.2081,永州市,零陵南津渡(对照点),细颗粒物(PM2.5),57,35,36,40,29,61,49,48,48,8,11,5,5,0.6,0.7
2022-11-20T05:00:00,2478A,111.6156,26.4214,永州市,市环境监测站,颗粒物(PM10),56,61,63,33,40,60,48,55,53,14,17,11,5,0.6,0.7
2022-11-20T05:00:00,2479A,111.6236,26.2331,永州市,零陵区环保局,细颗粒物(PM2.5),68,61,57,49,39,57,45,45,45,13,19,5,8,0.7,0.8
2022-11-20T05:00:00,2480A,111.5992,26.4364,永州市,永州市环保局,细颗粒物(PM2.5),59,60,62,42,40,60,50,52,51,9,13,4,5,0.6,0.7
2022-11-20T05:00:00,2481A,111.5989,26.4519,永州市,冷水滩区环保局,颗粒物(PM10),55,59,61,24,31,66,55,58,57,12,18,3,5,0.7,0.7
2022-11-20T05:00:00,2482A,109.5981,27.5721,怀化市,林科所(对照点),,48,42,33,33,37,80,18,39,22,24,13,6,8,0.6,0.6
2022-11-20T05:00:00,2483A,109.9453,27.5444,怀化市,河西地税局,,45,45,47,30,34,64,3,13,5,26,23,4,5,0.8,0.7
2022-11-20T05:00:00,2484A,109.9781,27.5342,怀化市,市四医院,,,46,45,35,36,,,,,26,20,6,8,0.9,0.9
2022-11-20T05:00:00,2485A,109.9972,27.5578,怀化市,监测楼,颗粒物(PM10),51,51,59,14,32,70,2,3,2,20,16,10,11,0.7,0.7
2022-11-20T05:00:00,2486A,110.0394,27.583,怀化市,市委党校,颗粒物(PM10),57,64,80,39,55,70,3,6,5,18,17,10,16,0.9,0.9
2022-11-20T05:00:00,2487A,111.9589,27.8901,娄底市,电视发射台(对照点),细颗粒物(PM2.5),59,57,58,42,54,82,19,21,17,14,14,3,3,0.7,0.7
2022-11-20T05:00:00,2488A,111.9975,27.725,娄底市,市监测站,细颗粒物(PM2.5),63,72,78,45,44,59,0,0,0,33,29,6,7,0.7,0.7
2022-11-20T05:00:00,2489A,112.0194,27.7314,娄底市,市委党校,细颗粒物(PM2.5),59,53,64,42,44,61,0,4,2,28,31,7,8,0.7,0.7
2022-11-20T05:00:00,2490A,111.9561,27.7569,娄底市,涟钢,细颗粒物(PM2.5),67,74,75,48,49,64,4,4,4,31,26,2,2,0.4,0.4
2022-11-20T05:00:00,2491A,111.9892,27.7044,娄底市,市政府,细颗粒物(PM2.5),59,48,55,42,49,62,12,20,16,22,24,7,6,0.5,0.6
2022-11-20T05:00:00,2492A,109.6414,28.2558,湘西州,跃进水库(对照点),,20,16,23,14,17,81,8,6,6,6,7,7,7,0.6,0.5
2022-11-20T05:00:00,2493A,109.7325,28.3169,湘西州,州政府,,29,29,37,20,24,82,10,12,9,11,18,8,11,0.3,0.4
2022-11-20T05:00:00,2494A,109.6958,28.2675,湘西州,吉首市计生局,,35,20,34,24,24,84,5,6,5,14,20,8,8,0.4,0.4
2022-11-20T05:00:00,2495A,111.3014,23.4832,梧州市,市逸夫小学,,29,29,41,14,23,108,34,40,35,5,8,10,8,0.8,0.8
2022-11-20T05:00:00,2496A,111.3239,23.4794,梧州市,市十一中,,21,21,38,9,21,118,48,54,51,9,15,5,7,0.7,0.8
2022-11-20T05:00:00,2497A,111.247,23.4189,梧州市,龙圩,,27,27,45,6,26,121,38,46,42,16,22,5,7,0.7,1
2022-11-20T05:00:00,2498A,111.2711,23.4835,梧州市,龙新,,32,32,42,9,22,119,28,34,26,21,24,12,14,0.8,0.9
2022-11-20T05:00:00,2499A,108.3411,21.6158,防城港市,沙万,,25,25,39,16,19,86,24,41,34,14,20,9,11,0.8,0.8
2022-11-20T05:00:00,2500A,108.3514,21.7731,防城港市,防城档案局,,43,43,45,18,21,69,14,22,19,19,18,8,8,0.6,0.6
2022-11-20T05:00:00,2501A,108.3506,21.6414,防城港市,大海花园,,18,18,34,2,13,92,21,39,33,13,14,8,10,0.8,0.8
2022-11-20T05:00:00,2502A,108.6236,21.9667,钦州市,市环保站,,12,12,33,7,15,91,28,28,27,14,15,18,9,1.2,1.1
2022-11-20T05:00:00,2503A,108.6549,21.9481,钦州市,沙埠小学,,18,18,32,9,20,97,29,25,25,13,16,5,6,0.8,0.8
2022-11-20T05:00:00,2504A,108.5989,21.7431,钦州市,港区一小,,31,31,47,11,20,77,20,25,21,24,25,11,9,0.8,0.8
2022-11-20T05:00:00,2505A,109.568,23.1478,贵港市,德智高中(对照点),,19,15,20,13,17,24,19,17,17,17,18,7,6,0.9,1
2022-11-20T05:00:00,2506A,109.6047,23.0666,贵港市,江南子站,,20,16,24,14,20,35,21,21,21,12,15,4,5,1.1,1.1
2022-11-20T05:00:00,2507A,109.6014,23.0948,贵港市,贵城子站,,25,15,25,17,22,27,18,17,17,15,17,5,5,0.7,0.8
2022-11-20T05:00:00,2508A,109.5669,23.1065,贵港市,荷城子站,,18,14,22,12,12,26,19,17,17,14,16,8,8,0.9,1
2022-11-20T05:00:00,2509A,110.1106,22.7019,玉林市,寒山水库(对照点),,35,31,53,24,34,80,4,20,10,10,7,2,4,0.7,0.6
2022-11-20T05:00:00,2510A,110.1675,22.6411,玉林市,市监测站,,37,37,59,22,33,75,12,20,15,18,17,1,2,0.9,0.8
2022-11-20T05:00:00,2511A,110.1433,22.6164,玉林市,南江一中,,48,48,72,24,39,83,6,15,11,25,21,1,3,0.9,0.8
2022-11-20T05:00:00,2512A,106.6103,23.9011,百色市,市监测站,,36,36,33,19,15,29,6,3,3,26,21,30,13,0.8,0.8
2022-11-20T05:00:00,2513A,106.6538,23.8859,百色市,市中心血站,,31,31,33,20,21,35,11,9,9,32,32,16,11,0.9,0.9
2022-11-20T05:00:00,2514A,111.5264,24.4172,贺州市,环保小区,,20,20,21,14,8,54,26,34,31,15,15,11,7,0.8,0.8
2022-11-20T05:00:00,2515A,111.5608,24.4078,贺州市,政协大楼,,28,28,22,13,11,56,29,34,31,14,16,8,7,0.8,0.8
2022-11-20T05:00:00,2516A,108.2011,24.715,河池市,东仁乐园(对照点),,17,17,15,7,6,34,4,2,2,12,11,5,5,0.7,0.7
2022-11-20T05:00:00,2517A,108.0497,24.6947,河池市,市环保站,,22,22,18,10,8,36,6,6,6,24,18,4,4,0.7,0.7
2022-11-20T05:00:00,2518A,108.0983,24.6989,河池市,市疾控中心,,27,27,18,10,8,37,5,8,6,22,18,7,7,0.9,0.8
2022-11-20T05:00:00,2519A,109.2328,23.7361,来宾市,来宾二中,,,,,,,,,,,,,,,,
2022-11-20T05:00:00,2520A,109.2203,23.7256,来宾市,来宾技工学校,,13,13,10,6,6,30,23,24,23,12,11,8,5,0.9,0.9
2022-11-20T05:00:00,2521A,107.3476,22.4136,崇左市,市环保局江州分局,,21,21,23,4,10,53,21,26,25,8,9,2,2,0.5,0.5
2022-11-20T05:00:00,2522A,107.3702,22.3707,崇左市,城南新区,,17,17,24,5,11,57,19,24,22,8,11,4,4,0.5,0.5
2022-11-20T05:00:00,2523A,105.8945,32.4535,广元市,黑石坡(对照点),,34,34,31,23,18,70,41,52,48,14,14,9,7,0.5,0.4
2022-11-20T05:00:00,2524A,105.821,32.4444,广元市,老城,颗粒物(PM10),53,55,54,19,18,62,31,27,27,15,24,7,6,0.6,0.6
2022-11-20T05:00:00,2525A,105.8153,32.4246,广元市,南坝,,,,,,,,,,,,,,,,
2022-11-20T05:00:00,2526A,105.8628,32.4287,广元市,监测站,,42,42,28,14,13,71,27,28,28,16,19,8,8,0.7,0.7
2022-11-20T05:00:00,2527A,105.5453,30.5678,遂宁市,石溪浩(对照点),细颗粒物(PM2.5),60,68,81,43,39,79,5,7,6,20,31,10,11,0.6,0.7
2022-11-20T05:00:00,2528A,105.5582,30.5232,遂宁市,市监测站,细颗粒物(PM2.5),67,75,64,48,42,81,8,6,6,26,37,6,8,0.5,0.6
2022-11-20T05:00:00,2529A,105.5861,30.5366,遂宁市,行政中心,细颗粒物(PM2.5),73,72,58,53,40,85,11,12,11,24,29,9,11,0.5,0.6
2022-11-20T05:00:00,2530A,105.5918,30.4728,遂宁市,美宁食品公司,颗粒物(PM10),62,73,95,43,46,86,5,4,4,28,36,8,15,0.6,0.6
2022-11-20T05:00:00,2531A,105.0703,29.61,内江市,市监测站,,49,34,48,34,35,107,40,47,44,17,28,10,7,0.5,0.6
2022-11-20T05:00:00,2532A,105.0717,29.5947,内江市,东兴区政府,细颗粒物(PM2.5),77,64,63,56,45,108,51,71,61,11,21,13,8,0.5,0.5
2022-11-20T05:00:00,2533A,105.0653,29.5817,内江市,内江二中,细颗粒物(PM2.5),65,56,56,47,41,107,46,54,51,8,18,12,9,0.5,0.6
2022-11-20T05:00:00,2534A,105.0406,29.5822,内江市,内江日报社,细颗粒物(PM2.5),88,84,80,65,55,112,32,57,45,31,39,5,5,0.6,0.7
2022-11-20T05:00:00,2535A,103.7723,29.5462,乐山市,花湖湾(对照点),细颗粒物(PM2.5),65,61,61,47,50,107,42,64,54,19,19,7,6,0.6,0.6
2022-11-20T05:00:00,2536A,103.7627,29.5844,乐山市,牛耳桥,细颗粒物(PM2.5),72,68,76,52,54,108,50,56,55,16,33,7,5,0.7,0.7
2022-11-20T05:00:00,2537A,103.7508,29.6006,乐山市,市第三水厂,细颗粒物(PM2.5),58,59,74,41,49,113,59,30,30,16,37,9,7,0.6,0.8
2022-11-20T05:00:00,2538A,103.7571,29.5664,乐山市,市监测站,细颗粒物(PM2.5),68,68,74,49,51,108,45,64,59,20,26,23,10,0.7,0.8
2022-11-20T05:00:00,2539A,104.0308,30.0478,眉山市,黑龙滩水库(对照点),,49,32,40,34,32,123,84,86,85,6,10,4,4,0.3,0.4
2022-11-20T05:00:00,2540A,103.8416,30.0874,眉山市,气象局,细颗粒物(PM2.5),54,39,73,38,44,116,4,9,6,47,37,7,6,0.9,0.9
2022-11-20T05:00:00,2543A,106.6308,30.5278,广安市,小平旧居(对照点),,,,,,,,,,,,,,,,
2022-11-20T05:00:00,2544A,106.6303,30.4576,广安市,市委,细颗粒物(PM2.5),82,76,80,60,61,88,19,30,24,15,18,6,12,0.7,0.7
2022-11-20T05:00:00,2545A,106.6271,30.4663,广安市,友谊中学,细颗粒物(PM2.5),57,53,65,40,46,88,23,28,25,16,20,8,17,0.7,0.7
2022-11-20T05:00:00,2547A,106.6388,30.4551,广安市,广电花园,细颗粒物(PM2.5),73,76,82,53,56,70,16,29,23,17,20,8,12,0.7,0.6
2022-11-20T05:00:00,2548A,107.5277,31.2827,达州市,达州职业技术学院(对照点),,42,42,54,20,30,14,3,3,3,20,24,11,12,0.8,1
2022-11-20T05:00:00,2549A,107.5086,31.2186,达州市,市环境监测站,,29,29,55,14,26,7,5,4,4,20,28,6,9,0.6,0.8
2022-11-20T05:00:00,2550A,107.4988,31.2132,达州市,凤凰小区,,29,29,51,19,32,10,9,7,7,20,29,5,7,0.5,0.8
2022-11-20T05:00:00,2551A,107.5082,31.1986,达州市,达县机关宾馆,,,,57,,37,3,,3,,,39,,9,,0.8
2022-11-20T05:00:00,2552A,107.4644,31.2124,达州市,市政中心,,28,25,53,19,31,13,4,4,4,23,31,5,7,0.4,0.7
2022-11-20T05:00:00,2554A,103.0475,30.02,雅安市,建安厂,细颗粒物(PM2.5),69,73,57,50,39,95,3,3,3,35,35,9,9,0.8,0.7
2022-11-20T05:00:00,2555A,103.0111,29.9833,雅安市,市政府,颗粒物(PM10),62,73,50,40,32,98,6,5,5,35,31,10,10,0.7,0.6
2022-11-20T05:00:00,2556A,102.9905,29.9775,雅安市,川农大,细颗粒物(PM2.5),60,55,43,43,32,98,5,6,5,32,32,12,12,0.7,0.7
2022-11-20T05:00:00,2561A,104.6617,30.1372,资阳市,莲花山(对照点),细颗粒物(PM2.5),70,58,55,51,45,110,45,63,47,17,20,6,7,0.6,0.5
2022-11-20T05:00:00,2562A,104.6356,30.1506,资阳市,资阳中学,细颗粒物(PM2.5),65,62,67,47,43,106,25,30,19,11,23,5,7,0.6,0.7
2022-11-20T05:00:00,2563A,104.6295,30.1383,资阳市,四三一厂,颗粒物(PM10),65,79,77,45,43,106,9,8,8,36,36,6,7,0.6,0.7
2022-11-20T05:00:00,2564A,104.6463,30.1146,资阳市,师范校,细颗粒物(PM2.5),77,56,66,56,49,101,7,18,7,41,38,6,7,0.7,0.7
2022-11-20T05:00:00,2565A,104.6296,30.1256,资阳市,区法院,,,,69,,44,46,,41,,,33,,5,,0.8
2022-11-20T05:00:00,2566A,102.1879,31.914,阿坝藏族羌族自治州,州农科所(对照点),,,,,,,88,26,28,25,13,15,2,2,0.2,0.2
2022-11-20T05:00:00,2567A,102.224,31.9037,阿坝藏族羌族自治州,州监测站,,,,,,,,,,,,,,,,
2022-11-20T05:00:00,2568A,102.2502,31.8896,阿坝藏族羌族自治州,马师校,,17,17,21,6,12,80,23,14,14,18,26,3,4,0.5,0.5
2022-11-20T05:00:00,2570A,101.9603,30.0475,甘孜藏族自治州,水桥子,,14,14,21,8,9,78,24,19,19,19,27,5,7,0.2,0.4
2022-11-20T05:00:00,2571A,102.3431,27.8099,凉山彝族自治州,青龙寺(对照点),,25,19,23,17,20,113,47,61,54,12,11,8,9,0.7,0.8
2022-11-20T05:00:00,2572A,102.2721,27.8415,凉山彝族自治州,邛海宾馆,,26,26,30,16,18,119,43,49,46,19,20,8,10,0.5,0.5
2022-11-20T05:00:00,2573A,102.2625,27.898,凉山彝族自治州,西昌市政府,,19,19,30,13,21,117,51,68,57,16,15,5,7,0.4,0.4
2022-11-20T05:00:00,2574A,102.2685,27.8851,凉山彝族自治州,凉山州政府,,37,37,43,20,24,110,46,51,45,17,19,7,9,0.5,0.5
2022-11-20T05:00:00,2575A,102.237,27.8914,凉山彝族自治州,长安,颗粒物(PM10),52,53,35,30,18,113,2,50,28,51,23,9,7,0.7,0.5
2022-11-20T05:00:00,2576A,104.8,26.5892,六盘水市,窑上(对照点),,,,,,,,,,,,,,,,
2022-11-20T05:00:00,2577A,104.83,26.5917,六盘水市,黄土坡,细颗粒物(PM2.5),63,47,60,45,45,112,45,84,71,17,17,6,9,0.7,0.7
2022-11-20T05:00:00,2578A,104.89,26.5939,六盘水市,水钢,细颗粒物(PM2.5),60,59,71,43,57,114,72,84,80,9,15,8,10,0.8,1
2022-11-20T05:00:00,2579A,104.8475,26.5894,六盘水市,民中,细颗粒物(PM2.5),58,49,60,41,44,111,62,81,73,17,15,8,9,0.8,0.8
2022-11-20T05:00:00,2580A,104.9544,26.5506,六盘水市,双水,细颗粒物(PM2.5),68,44,51,49,46,105,73,86,80,11,14,5,5,0.8,0.8
2022-11-20T05:00:00,2585A,109.1839,27.7344,铜仁地区,铜仁卫校,,22,21,48,15,27,71,19,8,8,10,25,2,2,0.3,0.5
2022-11-20T05:00:00,2586A,109.1753,27.6944,铜仁地区,铜仁七中,细颗粒物(PM2.5),52,37,41,36,28,81,3,14,6,28,25,1,1,0.5,0.5
2022-11-20T05:00:00,2587A,105.2864,27.3125,毕节市,八中,细颗粒物(PM2.5),92,79,68,68,55,107,20,27,21,14,21,6,10,0.7,0.7
2022-11-20T05:00:00,2588A,105.31,27.2944,毕节市,师专,细颗粒物(PM2.5),104,99,71,78,54,109,10,16,15,23,27,5,9,0.9,0.7
2022-11-20T05:00:00,2589A,104.9022,25.0925,黔西南布依族苗族自治州,场坝街,,43,41,42,30,28,82,54,59,56,5,11,1,2,0.3,0.4
2022-11-20T05:00:00,2590A,104.8811,25.0992,黔西南布依族苗族自治州,坪东大道,,42,37,39,29,29,79,51,57,53,5,9,4,5,0.3,0.4
2022-11-20T05:00:00,2591A,107.9783,26.5747,黔东南苗族侗族自治州,市环境监测站,,39,38,28,27,19,51,45,46,44,9,15,3,3,0.4,0.4
2022-11-20T05:00:00,2593A,107.5228,26.2403,黔南布依族苗族自治州,小围寨,,18,17,14,12,11,68,43,52,44,4,4,4,4,0.3,0.4
2022-11-20T05:00:00,2594A,99.1678,25.1081,保山市,市环境监测站,,14,12,14,5,6,109,43,52,47,10,12,5,6,0.3,0.3
2022-11-20T05:00:00,2595A,99.1711,25.1328,保山市,市环保局,,16,9,15,6,8,103,51,54,51,6,9,6,6,0.2,0.2
2022-11-20T05:00:00,2596A,103.7667,27.3736,昭通市,监测站,细颗粒物(PM2.5),68,59,63,49,40,107,10,23,9,43,29,10,13,0.5,0.4
2022-11-20T05:00:00,2597A,103.7225,27.3361,昭通市,环保局,,43,43,71,27,47,112,12,6,6,32,30,11,16,0.5,0.7
2022-11-20T05:00:00,2598A,100.2143,26.8576,丽江市,西南郊(对照点),,,,,,,,,,,,,,,,
2022-11-20T05:00:00,2599A,100.2497,26.8802,丽江市,丽江古城,,29,23,27,20,22,87,55,49,49,8,15,4,5,0.6,0.7
2022-11-20T05:00:00,2600A,100.2203,26.8906,丽江市,市中心,,16,12,17,4,7,82,50,51,51,8,18,6,6,0.6,0.7
2022-11-20T05:00:00,2601A,100.98,22.7633,普洱市,市环保局,,12,12,17,5,8,64,13,14,13,11,15,5,6,0.3,0.4
2022-11-20T05:00:00,2602A,100.9817,22.8322,普洱市,普洱第二中学,,14,14,16,5,7,64,5,6,6,13,13,6,7,0.6,0.6
2022-11-20T05:00:00,2603A,100.0781,23.8982,临沧市,市环保局,,19,13,20,13,15,92,31,40,35,11,13,6,6,0.7,0.7
2022-11-20T05:00:00,2604A,100.0894,23.8822,临沧市,市气象局,,30,17,28,21,21,92,36,40,37,8,13,4,5,0.6,0.7
2022-11-20T05:00:00,2605A,101.5482,25.0441,楚雄州,州环境监测站,细颗粒物(PM2.5),58,42,32,41,23,100,6,7,6,38,31,13,20,0.5,0.5
2022-11-20T05:00:00,2606A,101.538,25.0492,楚雄州,市经济开发区,,45,41,31,31,20,101,8,9,8,30,29,9,20,0.3,0.3
2022-11-20T05:00:00,2608A,103.3772,23.3993,红河州,污水处理厂,,23,17,25,16,21,62,33,42,35,7,8,6,22,0.4,0.5
2022-11-20T05:00:00,2609A,103.3861,23.35,红河州,监测站,,16,12,24,11,19,55,36,36,36,4,8,4,30,0.3,0.4
2022-11-20T05:00:00,2610A,104.2533,23.3594,文山州,州水务局,,30,22,24,21,15,54,17,34,23,16,12,10,7,0.3,0.3
2022-11-20T05:00:00,2611A,104.2319,23.3892,文山州,市便民服务中心,,15,15,21,9,17,51,26,30,26,10,12,7,7,0.3,0.4
2022-11-20T05:00:00,2612A,100.7939,22.0019,西双版纳州,景洪市江南,,20,20,26,13,15,80,4,5,4,16,18,8,8,0.5,0.5
2022-11-20T05:00:00,2613A,100.8017,22.0225,西双版纳州,景洪市江北,,9,4,7,6,6,88,11,11,11,7,11,6,6,0.4,0.5
2022-11-20T05:00:00,2614A,100.1542,25.7054,大理州,大理市环境监测站,,21,17,22,5,9,92,67,70,68,5,12,5,6,0.5,0.5
2022-11-20T05:00:00,2615A,100.2171,25.5811,大理州,大理古城,,17,11,17,5,5,100,53,56,54,8,14,5,5,0.5,0.5
2022-11-20T05:00:00,2616A,98.5842,24.428,德宏州,德宏州监测站,,41,41,54,22,21,105,16,22,18,26,25,28,12,0.5,0.5
2022-11-20T05:00:00,2618A,98.8601,25.8567,怒江州,州监测站,,21,21,26,10,12,92,47,50,46,4,7,8,8,0.4,0.4
2022-11-20T05:00:00,2619A,98.8546,25.8417,怒江州,泸水一中,,23,23,41,14,19,79,16,16,16,19,30,6,6,0.5,0.6
2022-11-20T05:00:00,2621A,99.7056,27.8317,迪庆州,迪庆州站,,15,11,22,10,18,90,48,47,47,9,17,6,7,0.4,0.6
2022-11-20T05:00:00,2622A,97.1806,31.1273,昌都市,昌都监测站,,15,14,38,10,21,87,42,38,38,6,23,4,8,0.6,1
2022-11-20T05:00:00,2624A,91.7608,29.2313,山南市,山南监测站,,23,23,38,6,10,86,38,56,47,10,16,4,4,0.4,0.4
2022-11-20T05:00:00,2625A,91.7706,29.2436,山南市,山南人民医院,,23,23,38,0,10,83,61,64,59,1,16,4,4,0.3,0.4
2022-11-20T05:00:00,2626A,88.8876,29.2718,日喀则市,日喀则监测站,,34,34,48,20,22,84,9,10,9,20,24,3,6,0.9,1
2022-11-20T05:00:00,2628A,92.0657,31.4846,那曲地区,那曲监测站,,39,39,55,24,30,81,20,36,28,13,13,9,12,2.3,0.9
2022-11-20T05:00:00,2630A,80.1161,32.5,阿里地区,阿里监测站,,29,1,7,0,4,92,90,90,90,2,5,6,7,0.4,0.4
2022-11-20T05:00:00,2632A,94.3681,29.6376,林芝市,林芝监测站,,12,6,9,4,7,78,38,48,43,4,6,9,10,0.3,0.4
2022-11-20T05:00:00,2633A,94.3616,29.6616,林芝市,林芝人民医院,,27,27,19,4,6,80,47,46,46,8,9,8,8,0.2,0.3
2022-11-20T05:00:00,2634A,106.9893,33.1842,汉中市,汉川机床厂子校(对照点),,35,19,22,24,26,53,16,18,18,10,13,7,7,0.6,0.6
2022-11-20T05:00:00,2635A,107.0154,33.0706,汉中市,市监测站,颗粒物(PM10),56,61,64,37,44,48,5,5,5,23,26,5,5,1.1,0.9
2022-11-20T05:00:00,2636A,107.0089,33.1138,汉中市,鑫源开发区,细颗粒物(PM2.5),74,64,66,54,53,51,2,4,3,25,26,4,4,0.9,0.9
2022-11-20T05:00:00,2637A,107.007,33.0323,汉中市,南郑大河坎水厂,,38,36,58,26,41,42,6,8,7,13,23,5,6,0.8,0.9
2022-11-20T05:00:00,2638A,109.7414,38.3344,榆林市,红石峡森林公园(对照点),颗粒物(PM10),87,124,121,56,44,89,5,5,5,44,39,5,9,1.0,0.9
2022-11-20T05:00:00,2639A,109.7456,38.2911,榆林市,世纪广场,颗粒物(PM10),96,142,113,46,38,91,5,6,6,55,50,8,13,0.8,0.7
2022-11-20T05:00:00,2640A,109.7289,38.2839,榆林市,实验中学,颗粒物(PM10),77,104,99,48,39,86,8,9,9,57,50,10,13,0.8,0.7
2022-11-20T05:00:00,2641A,109.7336,38.2478,榆林市,环保监测大楼,颗粒物(PM10),66,81,99,36,32,93,3,4,4,63,46,10,12,0.7,0.7
2022-11-20T05:00:00,2642A,109.0318,32.6537,安康市,香溪洞(对照点),,16,10,35,11,28,53,12,21,16,10,16,5,5,0.6,0.7
2022-11-20T05:00:00,2643A,109.0281,32.6939,安康市,安康市监测站,颗粒物(PM10),56,62,66,33,43,56,3,4,3,22,27,5,6,0.5,0.7
2022-11-20T05:00:00,2644A,109.0072,32.6975,安康市,汉滨区检察院,细颗粒物(PM2.5),59,52,53,42,40,58,8,7,7,22,24,5,5,0.4,0.5
2022-11-20T05:00:00,2645A,109.9154,33.8715,商洛市,监测站,,43,43,82,27,36,96,15,15,14,32,40,8,9,0.6,0.8
2022-11-20T05:00:00,2647A,104.1724,36.5446,白银市,第三小学,颗粒物(PM10),76,101,128,44,45,82,54,47,47,38,54,34,55,1.2,1.1
2022-11-20T05:00:00,2648A,104.1465,36.5482,白银市,动力公司,颗粒物(PM10),66,81,113,43,50,77,34,31,31,24,42,17,36,1.2,1
2022-11-20T05:00:00,2649A,106.0055,34.343,天水市,麦积山(对照点),,,,,,,,,,,,,,,,
2022-11-20T05:00:00,2650A,105.7205,34.5786,天水市,公园小学,颗粒物(PM10),58,66,78,31,39,44,2,3,2,52,43,11,9,1.2,0.9
2022-11-20T05:00:00,2651A,105.8945,34.5538,天水市,麦积国土局,颗粒物(PM10),62,74,83,40,42,54,5,6,5,42,35,11,10,1.5,1.1
2022-11-20T05:00:00,2652A,102.6201,37.9251,武威市,监测站,颗粒物(PM10),82,113,155,38,51,87,9,12,9,52,43,7,8,0.7,0.7
2022-11-20T05:00:00,2654A,100.4698,38.9524,张掖市,润泉湖,颗粒物(PM10),56,61,109,21,34,75,19,14,14,16,29,15,14,0.4,0.5
2022-11-20T05:00:00,2655A,100.4154,38.9422,张掖市,区工会,颗粒物(PM10),54,57,83,34,47,82,15,12,11,19,31,8,7,0.6,0.7
2022-11-20T05:00:00,2656A,106.6692,35.5461,平凉市,聚贤嘉苑,,44,44,75,17,26,80,8,18,11,48,43,4,8,0.3,0.4
2022-11-20T05:00:00,2657A,106.7021,35.5307,平凉市,博物馆,颗粒物(PM10),56,62,93,25,31,74,6,14,9,44,43,5,9,0.5,0.5
2022-11-20T05:00:00,2658A,98.5061,39.7443,酒泉市,仓门街子站,颗粒物(PM10),70,90,173,33,48,80,48,13,13,15,36,5,8,0.5,0.7
2022-11-20T05:00:00,2659A,98.4989,39.7256,酒泉市,油田生活基地,颗粒物(PM10),71,92,169,35,47,87,49,17,17,19,36,5,5,0.5,0.8
2022-11-20T05:00:00,2660A,107.6831,35.7289,庆阳市,区环保局(对照点),,,,,,,,,,,,,,,,
2022-11-20T05:00:00,2661A,107.6325,35.7357,庆阳市,庆阳五中,颗粒物(PM10),67,84,107,38,38,90,82,72,72,13,23,7,10,0.5,0.6
2022-11-20T05:00:00,2662A,107.6364,35.7067,庆阳市,市环保局,颗粒物(PM10),68,85,106,38,37,94,82,82,82,11,14,6,7,0.7,0.7
2022-11-20T05:00:00,2663A,104.6241,35.5734,定西市,东关小学,颗粒物(PM10),57,63,84,27,34,86,36,22,22,14,26,5,10,0.5,0.6
2022-11-20T05:00:00,2664A,104.6194,35.5934,定西市,供电公司,细颗粒物(PM2.5),67,52,88,48,45,81,42,15,15,14,34,3,7,0.2,0.5
2022-11-20T05:00:00,2665A,105.0822,33.3261,陇南市,汉王镇固水子(对照点),,,,,,,,,,,,,,,,
2022-11-20T05:00:00,2667A,103.2069,35.5993,临夏回族自治州,环保局,颗粒物(PM10),65,80,71,33,29,87,0,5,2,40,42,8,14,1.6,1.3
2022-11-20T05:00:00,2668A,103.2417,35.6057,临夏回族自治州,建设大厦,,46,46,56,18,22,98,20,17,17,14,29,9,9,0.8,1
2022-11-20T05:00:00,2669A,102.9099,34.9841,甘南州,州政府,,41,41,48,21,25,90,5,4,3,27,26,5,8,0.6,0.6
2022-11-20T05:00:00,2671A,100.9048,36.9639,海北藏族自治州,海晏县西海镇,,18,13,28,7,9,93,56,60,58,3,4,6,5,0.3,0.3
2022-11-20T05:00:00,2672A,102.0199,35.5102,黄南藏族自治州,同仁县隆务镇,,29,29,45,11,24,77,43,53,49,6,11,2,6,0.8,0.7
2022-11-20T05:00:00,2673A,100.6188,36.2866,海南藏族自治州,共和县恰卜恰镇,,30,30,48,19,18,93,31,54,44,16,20,12,12,0.5,0.4
2022-11-20T05:00:00,2674A,100.2561,34.4714,果洛藏族自治州,玛沁县大武镇,,31,31,30,15,14,100,36,34,34,14,15,13,10,0.6,0.6
2022-11-20T05:00:00,2675A,97,33.0014,玉树藏族自治州,玉树县结古镇,,32,32,23,19,12,89,24,30,26,26,20,14,18,1.4,0.9
2022-11-20T05:00:00,2676A,97.3731,37.3753,海西蒙古族藏族自治州,德令哈市,,23,23,37,9,13,127,68,92,87,3,7,8,9,0.3,0.4
2022-11-20T05:00:00,2677A,106.1532,37.9648,吴忠市,教育园区,颗粒物(PM10),84,118,88,52,46,62,6,9,8,41,42,6,9,1.1,0.8
2022-11-20T05:00:00,2678A,106.2025,37.9844,吴忠市,高级中学,,,,,,,,,,,,,,,,
2022-11-20T05:00:00,2679A,106.1856,37.9956,吴忠市,新区二泵站,颗粒物(PM10),88,125,96,53,43,68,1,2,2,42,37,20,11,0.9,0.7
2022-11-20T05:00:00,2680A,105.0025,37.4635,中卫市,沙坡头消防站(对照点),颗粒物(PM10),83,116,109,48,40,92,10,9,9,60,43,19,12,0.7,0.6
2022-11-20T05:00:00,2681A,105.18,37.0172,中卫市,官桥站,,,,,,,,,,,,,,,,
2022-11-20T05:00:00,2682A,105.1971,37.5002,中卫市,环保局站,颗粒物(PM10),94,137,120,51,44,75,0,1,0,50,40,9,6,0.7,0.6
2022-11-20T05:00:00,2683A,106.2319,36.1417,固原市,马园(对照点),颗粒物(PM10),60,70,83,35,33,81,9,18,13,42,39,8,3,0.8,0.5
2022-11-20T05:00:00,2684A,106.2792,36.0022,固原市,监测站,,46,46,80,27,31,79,7,12,8,39,35,5,8,1.1,0.8
2022-11-20T05:00:00,2685A,106.2375,36.0211,固原市,新区,颗粒物(PM10),59,67,86,41,33,77,2,2,2,36,36,5,6,1.2,0.9
2022-11-20T05:00:00,2686A,89.1904,42.9418,吐鲁番地区,市环保局,颗粒物(PM10),67,83,87,32,36,75,44,48,46,28,34,6,7,1.3,1.4
2022-11-20T05:00:00,2687A,89.1673,42.9559,吐鲁番地区,地区环保局,颗粒物(PM10),67,83,110,44,55,81,36,31,31,32,42,7,9,1.1,1.5
2022-11-20T05:00:00,2688A,93.5128,42.8172,哈密地区,地区监测站,,43,43,55,19,18,75,38,49,41,22,25,7,6,0.6,0.3
2022-11-20T05:00:00,2689A,93.4961,42.8328,哈密地区,哈密师范学校,,33,33,43,16,23,68,44,43,37,18,26,11,8,0.5,0.5
2022-11-20T05:00:00,2690A,88.1236,43.8886,昌吉州,天山天池(对照点),,14,3,5,1,3,76,43,76,64,5,5,3,3,1.1,1.1
2022-11-20T05:00:00,2691A,87.2997,44.0114,昌吉州,州监测站,,,,,,,,,,,,,,,,
2022-11-20T05:00:00,2692A,87.2717,44.0297,昌吉州,新区政务中心,"颗粒物(PM10),细颗粒物(PM2.5)",57,64,47,40,32,46,17,38,25,27,23,7,6,1.5,1.3
2022-11-20T05:00:00,2693A,82.0485,44.8556,博尔塔拉蒙古自治州,市党校,,38,38,57,22,28,33,16,24,21,11,21,7,20,0.5,0.5
2022-11-20T05:00:00,2694A,82.0806,44.8969,博尔塔拉蒙古自治州,市环保局,颗粒物(PM10),58,66,58,31,26,34,7,9,8,25,24,6,8,1.2,0.7
2022-11-20T05:00:00,2695A,80.292,41.1694,阿克苏地区,电视台,颗粒物(PM10),119,188,136,84,60,95,18,12,9,46,35,9,8,1.5,1.5
2022-11-20T05:00:00,2696A,80.2613,41.1551,阿克苏地区,艺术中心,颗粒物(PM10),102,153,116,59,45,91,43,23,23,15,18,4,4,0.8,0.6
2022-11-20T05:00:00,2697A,76.1454,39.7142,克孜勒苏柯尔克孜自治州,市人民政府,,32,32,81,16,29,93,75,62,62,4,8,11,11,0.4,0.6
2022-11-20T05:00:00,2698A,76.0072,39.4467,喀什地区,巡警大队,颗粒物(PM10),78,105,131,50,52,85,32,32,31,31,35,1,4,1.3,1.4
2022-11-20T05:00:00,2699A,75.9755,39.4694,喀什地区,吾办,颗粒物(PM10),65,80,116,38,56,99,52,49,49,17,30,3,4,1.0,1.4
2022-11-20T05:00:00,2700A,75.9538,39.4682,喀什地区,市环境监测站,颗粒物(PM10),68,85,133,43,56,85,41,38,38,18,34,4,5,1.5,2.1
2022-11-20T05:00:00,2703A,81.2815,43.9404,伊犁哈萨克州,市环保局,,29,19,62,20,53,52,52,40,40,11,33,9,14,0.7,1.6
2022-11-20T05:00:00,2704A,81.2996,43.9174,伊犁哈萨克州,新政府片区,,30,17,70,21,53,54,54,43,43,11,37,9,14,0.5,1.6
2022-11-20T05:00:00,2705A,81.3364,43.941,伊犁哈萨克州,第二水厂,,29,24,80,20,63,46,46,38,38,12,39,10,14,0.9,2
2022-11-20T05:00:00,2706A,82.9994,46.7432,塔城地区,东门外小游园,,19,19,26,7,13,53,47,40,40,4,12,3,6,0.2,0.5
2022-11-20T05:00:00,2707A,88.1214,47.9047,阿勒泰地区,小东沟(对照点),,,,,,,,,,,,,,,,
2022-11-20T05:00:00,2708A,88.1264,47.8517,阿勒泰地区,市站,,23,4,9,9,6,81,72,76,75,1,5,2,5,0.5,0.4
2022-11-20T05:00:00,2709A,86.0497,44.2967,石河子市,艾青诗歌馆,细颗粒物(PM2.5),57,54,42,40,30,53,14,24,19,25,19,7,7,0.7,0.7
2022-11-20T05:00:00,2710A,86.0697,44.3075,石河子市,阳光学校,,,52,44,,,49,13,21,18,14,13,3,3,0.7,0.6
2022-11-20T05:00:00,2711A,87.5475,44.1756,五家渠市,农水大厦,细颗粒物(PM2.5),53,54,37,37,25,39,22,25,21,19,15,9,10,0.8,0.8
2022-11-20T05:00:00,2835A,101.7227,26.567,攀枝花市,四十中小,颗粒物(PM10),55,60,64,27,32,117,10,8,8,58,64,10,20,1.4,1.8
2022-11-20T05:00:00,2842A,118.0936,24.5058,厦门市,湖里中学,颗粒物(PM10),55,59,48,30,22,163,2,30,17,66,43,5,5,0.6,0.6
2022-11-20T05:00:00,2845A,113.1569,36.1911,长治市,德盛苑,细颗粒物(PM2.5),62,60,76,44,60,91,87,70,68,15,28,6,7,0.6,1
2022-11-20T05:00:00,2846A,113.3221,23.1322,广州市,体育西,,21,21,47,12,30,127,18,25,23,27,25,5,5,0.9,0.8
2022-11-20T05:00:00,2858A,117.7918,39.2474,天津市,河西一经路,颗粒物(PM10),71,92,172,43,116,75,0,0,0,64,58,6,9,1.3,1.2
2022-11-20T05:00:00,2859A,117.3747,38.9846,天津市,津沽路,颗粒物(PM10),82,113,176,44,122,75,0,0,0,70,63,3,5,1.2,1.1
2022-11-20T05:00:00,2860A,117.1589,39.0845,天津市,宾水西道,细颗粒物(PM2.5),137,186,181,104,120,85,1,1,1,48,46,4,5,1.3,1.1
2022-11-20T05:00:00,2862A,114.5481,38.0378,石家庄市,22中南校区,细颗粒物(PM2.5),233,254,212,183,160,85,5,3,3,60,52,3,3,1.5,1.3
2022-11-20T05:00:00,2865A,112.7195,37.6828,晋中市,榆次三中,颗粒物(PM10),66,81,119,40,71,96,9,18,16,36,41,6,11,0.5,0.9
2022-11-20T05:00:00,2866A,111.0522,35.0439,运城市,外滩首府,,,,,,,,,,,,,,,,
2022-11-20T05:00:00,2867A,111.1283,37.51,吕梁市,马茂庄小学,颗粒物(PM10),100,149,154,34,37,59,1,1,1,48,56,15,14,0.5,0.9
2022-11-20T05:00:00,2868A,126.4739,43.953,吉林市,九站,,13,7,28,2,17,79,39,52,43,13,19,8,9,0.6,0.7
2022-11-20T05:00:00,2869A,119.447,32.4155,扬州市,五台山医院,,30,26,30,21,23,47,41,46,44,10,22,6,6,0.6,0.6
2022-11-20T05:00:00,2870A,119.4424,32.1873,镇江市,市疾控中心,,42,32,40,29,35,60,54,54,54,29,36,2,1,0.5,0.6
2022-11-20T05:00:00,2871A,121.6147,29.9017,宁波市,万里国际学校,,42,33,35,29,28,6,5,5,4,36,50,5,6,0.9,1.1
2022-11-20T05:00:00,2872A,120.7846,30.7525,嘉兴市,南湖区残联,细颗粒物(PM2.5),55,46,41,39,32,19,10,19,14,24,34,5,5,0.8,0.7
2022-11-20T05:00:00,2873A,120.0875,30.8955,湖州市,仁皇山新区,细颗粒物(PM2.5),77,67,45,56,33,17,11,4,4,26,34,10,6,0.7,0.7
2022-11-20T05:00:00,2875A,115.784,32.8892,阜阳市,阜阳职业技术学院,,35,35,50,23,28,63,2,30,19,31,24,6,5,0.5,0.4
2022-11-20T05:00:00,2877A,119.1641,36.6523,潍坊市,坊子邮政,,49,34,59,34,43,81,34,20,20,20,40,4,5,0.5,0.6
2022-11-20T05:00:00,2878A,116.0072,36.4343,聊城市,聊大东校,细颗粒物(PM2.5),114,110,154,86,117,78,44,24,24,20,39,7,6,0.7,0.9
2022-11-20T05:00:00,2880A,104.0219,30.6558,成都市,大石西路,细颗粒物(PM2.5),93,74,82,69,54,103,20,6,6,52,44,1,2,0.7,0.8
2022-11-20T05:00:00,2881A,107.8908,26.5311,黔东南苗族侗族自治州,凯里学院,,34,34,20,21,13,65,51,55,54,11,12,3,3,0.4,0.4
2022-11-20T05:00:00,2882A,102.5389,24.3703,玉溪市,玉溪一中,,,,40,,17,82,16,18,17,22,27,10,19,1.3,2.1
2022-11-20T05:00:00,2883A,102.5381,24.3389,玉溪市,文体中心,,31,31,31,14,15,84,7,24,15,36,29,13,12,2.7,1.4
2022-11-20T05:00:00,2884A,98.2672,39.7978,嘉峪关市,酒钢宾馆,颗粒物(PM10),86,122,144,31,45,80,26,17,17,45,40,42,16,1.6,0.6
2022-11-20T05:00:00,2885A,104.9339,33.3826,陇南市,滨江中学,,32,32,50,19,20,72,32,22,22,12,27,6,12,0.3,0.6
2022-11-20T05:00:00,2894A,117.0566,32.6531,淮南市,经济技术开发区消防队,细颗粒物(PM2.5),68,70,66,49,42,43,22,36,28,28,22,4,3,0.4,0.3
2022-11-20T05:00:00,2897A,123.2444,41.7347,沈阳市,沈辽西路,,15,15,76,6,42,80,23,40,32,30,31,8,20,0.4,0.9
2022-11-20T05:00:00,2900A,123.5953,41.9086,沈阳市,裕农路,,19,19,48,10,30,90,44,40,40,12,25,6,13,0.5,0.9
2022-11-20T05:00:00,2902A,106.6351,30.4865,广安市,北辰小学,细颗粒物(PM2.5),70,60,78,51,58,85,19,26,22,17,20,5,11,0.7,0.6
2022-11-20T05:00:00,2907A,120.1844,30.8596,湖州市,吴兴区站,细颗粒物(PM2.5),77,84,54,56,37,23,15,12,12,25,33,13,6,0.6,0.6
2022-11-20T05:00:00,2914A,106.7677,31.8794,巴中市,苏山坪(对照点),,35,28,34,24,22,65,44,47,45,6,10,5,6,0.3,0.3
2022-11-20T05:00:00,2915A,106.7619,31.84139,巴中市,职业中学,,,,,,,,,,,,,,,,
2022-11-20T05:00:00,2919A,116.7022,39.5453,廊坊市,河北工业大学,细颗粒物(PM2.5),196,227,191,147,131,93,6,6,6,77,58,7,8,1.3,1.1
2022-11-20T05:00:00,2920A,117.7116,24.506,漳州市,蓝田镇,,46,46,48,20,22,182,19,32,22,31,27,5,8,0.5,0.6
2022-11-20T05:00:00,2921A,120.5483,30.0003,绍兴市,树下王站,,45,35,30,31,25,11,9,9,9,20,39,5,5,1.0,1.1
2022-11-20T05:00:00,2922A,117.1941,39.1067,天津市,大理道,细颗粒物(PM2.5),176,217,198,133,135,82,2,4,2,81,60,6,7,1.7,1.1
2022-11-20T05:00:00,2924A,106.2266,38.4418,银川市,水乡路,颗粒物(PM10),88,125,107,56,37,58,3,3,3,82,71,14,24,1.5,1.5
2022-11-20T05:00:00,2925A,106.2757,38.4842,银川市,上海东路,细颗粒物(PM2.5),94,101,95,70,47,66,4,5,4,75,62,9,13,1.2,0.9
2022-11-20T05:00:00,2926A,106.1015,38.497,银川市,文昌北街,颗粒物(PM10),99,148,123,73,49,67,4,5,5,64,55,7,17,1.5,1.1
2022-11-20T05:00:00,2929A,114.8858,30.4519,黄冈市,红卫路,,38,38,35,24,21,74,8,25,17,31,17,4,5,0.8,0.7
2022-11-20T05:00:00,2994A,119.6533,29.1128,金华市,武警支队(启用161031),,,,,,,,,,,,,,,,
2022-11-20T05:00:00,2996A,118.283,33.965,宿迁市,市供电局,,26,26,34,17,33,54,34,22,21,19,25,2,2,0.6,0.7
2022-11-20T05:00:00,2997A,119.8767,32.3289,泰州市,王营,,45,31,30,31,29,65,37,39,34,16,21,9,10,0.7,0.7
2022-11-20T05:00:00,3000A,119.3581,34.6972,连云港市,德源药业,,,12,14,,11,82,43,65,55,38,28,1,1,0.2,0.2
2022-11-20T05:00:00,3002A,119.9805,31.8174,常州市,行政中心,,48,39,54,33,39,43,38,38,38,20,37,7,7,0.6,0.7
2022-11-20T05:00:00,3003A,120.0522,31.7748,常州市,经开区,"颗粒物(PM10),细颗粒物(PM2.5)",57,63,78,40,41,45,45,39,39,19,37,5,5,0.6,0.7
2022-11-20T05:00:00,3004A,120.1544,33.3663,盐城市,宝龙广场,,20,14,15,5,6,92,63,68,67,10,12,9,9,0.1,0.2
2022-11-20T05:00:00,3005A,117.1814,34.29,徐州市,鼓楼区政府,细颗粒物(PM2.5),98,63,51,73,44,76,15,19,18,36,29,27,15,1.1,0.9
2022-11-20T05:00:00,3006A,117.1694,34.1781,徐州市,铜山区招生办,细颗粒物(PM2.5),74,78,67,54,46,61,23,21,21,27,33,6,6,0.8,0.8
2022-11-20T05:00:00,3007A,119.178,34.844,连云港市,新城一中,,42,33,22,29,14,95,1,5,3,59,33,9,3,2.0,0.9
2022-11-20T05:00:00,3008A,119.3608,34.7519,连云港市,胡沟管理处,,18,7,13,5,6,91,56,48,48,18,25,8,8,0.6,0.5
2022-11-20T05:00:00,3009A,119.1478,34.5911,连云港市,矿山设计院,,19,9,16,7,12,79,58,61,60,16,21,7,8,0.3,0.4
2022-11-20T05:00:00,3010A,119.9025,31.7964,常州市,钟楼,颗粒物(PM10),53,55,61,32,39,43,35,37,37,17,34,5,4,0.4,0.7
2022-11-20T05:00:00,3012A,112.1849,31.0362,荆门市,西山林语,细颗粒物(PM2.5),79,80,71,58,49,131,45,70,57,10,15,6,8,0.8,0.8
2022-11-20T05:00:00,3014A,106.4958,29.5346,重庆市,歇台子,细颗粒物(PM2.5),72,72,87,52,64,134,35,47,42,21,28,5,10,0.9,1
2022-11-20T05:00:00,3015A,106.4037,29.5728,重庆市,龙井湾,"颗粒物(PM10),细颗粒物(PM2.5)",64,77,78,46,51,138,49,73,63,26,21,5,10,0.8,0.8
2022-11-20T05:00:00,3016A,106.5507,29.4153,重庆市,龙洲湾,细颗粒物(PM2.5),75,72,79,55,62,128,24,50,37,25,22,4,9,0.6,0.6
2022-11-20T05:00:00,3018A,111.505,36.1014,临汾市,唐尧大酒店,细颗粒物(PM2.5),160,202,190,122,124,91,1,2,1,47,47,6,6,1.0,1
2022-11-20T05:00:00,3020A,117.2101,39.1699,天津市,中山北路,细颗粒物(PM2.5),132,187,188,100,129,82,2,2,1,61,52,7,8,1.4,1.1
2022-11-20T05:00:00,3021A,115,35.7668,濮阳市,濮水河管理处,细颗粒物(PM2.5),70,62,101,51,97,76,33,28,28,13,25,6,7,0.7,0.9
2022-11-20T05:00:00,3022A,112.4433,34.6686,洛阳市,凯旋路小学,,,,,,,,,,,,,,,,
2022-11-20T05:00:00,3025A,113.0477,23.6344,清远市,技师学院,,18,16,38,12,26,109,37,29,29,7,15,6,6,1.2,1.2
2022-11-20T05:00:00,3026A,116.6183,23.6608,潮州市,市政府,颗粒物(PM10),53,56,51,28,28,164,36,69,47,15,20,10,13,0.9,0.9
2022-11-20T05:00:00,3027A,104.72,29.3427,自贡市,青杠林路,细颗粒物(PM2.5),75,61,89,55,69,114,43,40,40,18,35,7,6,0.5,0.7
2022-11-20T05:00:00,3028A,104.776,29.3627,自贡市,檀木林体育馆,细颗粒物(PM2.5),75,73,85,55,62,128,46,61,55,23,30,10,9,0.4,0.6
2022-11-20T05:00:00,3033A,87.4651,43.4569,乌鲁木齐市,培训基地,,25,0,9,0,5,87,80,85,83,6,10,7,8,0.8,0.8
2022-11-20T05:00:00,3034A,113.1076,41.0385,乌兰察布市,光明街小学,,45,45,61,27,25,79,10,13,12,42,26,14,16,0.5,0.5
2022-11-20T05:00:00,3035A,122.0931,46.0707,兴安盟,北滨河,,20,20,41,13,21,63,52,52,51,7,12,3,4,0.5,0.6
2022-11-20T05:00:00,3036A,118.6904,37.4338,东营市,开发区管委会,细颗粒物(PM2.5),70,60,169,51,134,120,21,48,31,38,50,2,16,1.2,1.2
2022-11-20T05:00:00,3038A,103.3758,23.368,红河州,州图书馆,,14,11,19,5,16,54,42,40,40,4,8,4,27,0.5,0.6
2022-11-20T05:00:00,3039A,111.1911,34.7829,三门峡市,三门峡市第一小学,细颗粒物(PM2.5),150,126,112,115,93,113,49,66,58,18,28,7,10,0.9,0.9
2022-11-20T05:00:00,3045A,109.9643,33.8471,商洛市,商州区中学,,46,41,76,32,32,94,6,5,5,34,40,6,10,0.5,0.5
2022-11-20T05:00:00,3046A,115.9084,28.6062,南昌市,机电学校,,43,42,41,30,25,41,35,30,30,16,23,6,6,0.6,0.7
2022-11-20T05:00:00,3048A,119.5799,26.0936,福州市,九龙,,35,33,28,24,17,110,48,50,46,9,12,3,4,0.3,0.3
2022-11-20T05:00:00,3051A,117.3876,39.1488,天津市,西四道,颗粒物(PM10),74,97,177,32,110,68,0,0,0,69,60,6,7,1.5,1.4
2022-11-20T05:00:00,3054A,113.9194,35.2847,新乡市,市委党校,细颗粒物(PM2.5),92,93,80,68,58,48,13,26,17,42,30,7,7,1.0,1.1
2022-11-20T05:00:00,3055A,101.7775,36.6428,西宁市,城北区政府,细颗粒物(PM2.5),74,86,72,54,37,100,13,11,11,42,40,26,27,1.6,1.2
2022-11-20T05:00:00,3057A,121.5992,37.4014,烟台市,牟平检察院,"颗粒物(PM10),细颗粒物(PM2.5)",59,68,57,42,31,100,17,66,44,44,40,8,9,0.7,0.7
2022-11-20T05:00:00,3058A,119.2658,42.0353,赤峰市,银河街,,31,31,61,14,31,77,36,42,36,25,25,17,16,0.6,0.8
2022-11-20T05:00:00,3059A,117.7161,36.2049,济南市,泰兴公司,细颗粒物(PM2.5),99,110,74,74,44,82,6,6,6,40,45,8,7,1.1,1.1
2022-11-20T05:00:00,3061A,119.7512,49.1577,呼伦贝尔市,国华电力东,,32,32,44,14,19,66,48,48,46,5,5,3,3,0.1,0.3
2022-11-20T05:00:00,3064A,117.6867,36.2171,济南市,莱芜战役纪念馆,细颗粒物(PM2.5),77,75,66,56,48,83,6,7,5,58,53,12,12,1.0,1.1
2022-11-20T05:00:00,3065A,101.9533,29.9972,甘孜藏族自治州,州环保局,,18,8,24,8,8,79,56,55,55,6,17,8,9,0.1,0.3
2022-11-20T05:00:00,3066A,116.2721,37.4379,德州市,九衢泉纯净水厂,细颗粒物(PM2.5),100,125,179,75,122,109,4,20,11,53,55,9,9,1.2,1.2
2022-11-20T05:00:00,3109A,115.0093,25.8613,赣州市,赣县区卫计委,,26,26,22,10,8,39,17,21,20,20,20,9,7,1.1,1
2022-11-20T05:00:00,3122A,105.9606,26.2611,安顺市,伍家关(对照点),,,,,,,,,,,,,,,,
2022-11-20T05:00:00,3123A,105.9408,26.2431,安顺市,凤凰山,,40,33,40,28,33,100,59,56,55,7,11,8,11,0.7,0.7
2022-11-20T05:00:00,3124A,105.9439,26.2564,安顺市,金钟山,,40,34,40,28,34,104,56,54,54,11,9,8,11,0.5,0.5
2022-11-20T05:00:00,3125A,105.8983,26.2481,安顺市,娄家坡,,43,37,45,30,35,98,58,55,55,5,11,7,11,0.6,0.6
2022-11-20T05:00:00,3128A,92.0506,31.4797,那曲地区,那曲会议中心,,25,25,33,14,18,84,17,38,27,24,21,10,11,1.7,1
2022-11-20T05:00:00,3129A,102.0306,36.5067,海东地区,平安高铁新区,,,,,,,,,,,,,,,,
2022-11-20T05:00:00,3131A,114.879,40.7993,张家口市,烟厂,,39,39,73,4,33,93,56,66,60,16,27,2,4,0.9,1.1
2022-11-20T05:00:00,3132A,119.610547,39.943889,秦皇岛市,文明里,细颗粒物(PM2.5),79,83,126,58,73,94,32,12,12,40,61,17,14,0.7,1.1
2022-11-20T05:00:00,3133A,106.5468,29.5654,重庆市,上清寺,细颗粒物(PM2.5),65,49,84,47,65,128,32,34,32,23,36,6,13,1.0,1.1
2022-11-20T05:00:00,3134A,113.8172,34.0339,许昌市,市一中,颗粒物(PM10),58,65,54,28,31,90,7,30,15,32,22,7,7,0.9,1
2022-11-20T05:00:00,3136A,104.2725,30.5589,成都市,龙泉驿区区政府,细颗粒物(PM2.5),67,63,50,48,37,115,17,97,64,58,21,6,6,0.8,0.8
2022-11-20T05:00:00,3137A,103.8578,30.0744,眉山市,市委党校,细颗粒物(PM2.5),67,68,70,48,50,119,2,15,6,55,41,10,7,1.0,1
2022-11-20T05:00:00,3138A,111.7153,29.0289,常德市,武陵区永安,,46,46,54,28,36,85,0,23,7,34,16,4,3,0.6,0.7
2022-11-20T05:00:00,3139A,111.6892,28.9881,常德市,鼎城区玉霞,颗粒物(PM10),52,54,49,29,34,85,0,0,0,19,18,5,8,0.5,0.7
2022-11-20T05:00:00,3140A,111.6625,29.0531,常德市,武陵区长庚,,33,33,55,23,35,85,0,0,0,27,23,3,5,0.6,0.7
2022-11-20T05:00:00,3141A,114.3922,36.0878,安阳市,信访局,细颗粒物(PM2.5),99,69,105,74,105,67,19,34,26,27,27,6,6,0.6,0.9
2022-11-20T05:00:00,3147A,114.3438,34.8106,开封市,龙亭公园,细颗粒物(PM2.5),83,76,92,61,69,60,2,16,8,51,31,4,3,0.9,0.9
2022-11-20T05:00:00,3148A,103.8291,30.0564,眉山市,区人社局,细颗粒物(PM2.5),67,42,61,48,48,108,8,46,16,46,43,12,9,0.9,1
2022-11-20T05:00:00,3149A,115.0235,30.1578,黄石市,笔架山北路,颗粒物(PM10),52,53,54,18,25,65,26,15,15,17,28,4,6,0.4,0.5
2022-11-20T05:00:00,3151A,114.375,27.8097,宜春市,宜春学院北校区,细颗粒物(PM2.5),79,77,48,58,34,41,16,20,18,28,24,19,14,1.2,1.2
2022-11-20T05:00:00,3153A,114.3877,30.4908,武汉市,民族大道182号,,44,44,39,19,14,74,5,9,6,51,37,15,8,0.7,0.7
2022-11-20T05:00:00,3164A,119.4686,32.3942,扬州市,广陵建设局,,29,29,30,20,23,50,43,45,45,9,23,4,4,0.6,0.6
2022-11-20T05:00:00,3165A,108.6594,34.2969,咸阳市,两寺渡,细颗粒物(PM2.5),159,165,159,121,91,62,3,4,3,46,53,4,6,1.0,1
2022-11-20T05:00:00,3169A,113.2725,35.2067,焦作市,太极体育中心(启用180720),细颗粒物(PM2.5),109,98,99,82,75,57,12,38,27,25,25,5,5,0.8,0.8
2022-11-20T05:00:00,3170A,102.1864,38.5253,金昌市,市委党校,,,,,,,90,14,8,8,51,43,90,33,1.3,1.1
2022-11-20T05:00:00,3171A,115.6071,34.4465,商丘市,梁园区档案局,细颗粒物(PM2.5),58,36,53,41,49,64,49,53,52,19,27,2,2,0.3,0.4
2022-11-20T05:00:00,3173A,117.0598,30.5351,安庆市,市人大,,30,22,22,21,13,41,35,41,37,19,25,6,6,0.5,0.8
2022-11-20T05:00:00,3178A,119.0587,36.721,潍坊市,潍坊七中,细颗粒物(PM2.5),58,51,73,41,52,98,3,4,4,35,44,6,8,1.0,0.9
2022-11-20T05:00:00,3179A,102.7494,25.0119,昆明市,官渡区博物馆,颗粒物(PM10),61,72,56,42,29,98,2,3,2,54,50,6,8,0.9,0.7
2022-11-20T05:00:00,3180A,99.7136,27.8094,迪庆州,质量技术监督局,,25,15,22,17,19,97,47,49,47,8,13,7,7,0.6,0.6
2022-11-20T05:00:00,3182A,106.7656,31.8545,巴中市,丽阳花园,,38,36,42,26,30,61,5,4,4,15,21,4,4,0.5,0.6
2022-11-20T05:00:00,3183A,106.7418,31.8654,巴中市,圣泉水务公司,,35,30,39,24,28,64,8,5,5,17,24,4,5,0.4,0.5
2022-11-20T05:00:00,3185A,112.5628,37.8964,太原市,巨轮,颗粒物(PM10),83,116,128,59,80,84,3,5,4,59,52,5,8,0.8,1
2022-11-20T05:00:00,3186A,103.7158,36.1058,兰州市,教育港,颗粒物(PM10),84,118,128,52,57,93,8,7,7,73,73,29,33,1.3,1.5
2022-11-20T05:00:00,3187A,116.9509,33.666,宿州市,远航博物馆,细颗粒物(PM2.5),64,67,57,46,41,58,36,26,26,26,29,1,1,0.5,0.6
2022-11-20T05:00:00,3188A,115.6683,37.7217,衡水市,市城管局,颗粒物(PM10),81,112,220,55,166,82,2,2,2,49,57,5,11,1.0,1.3
2022-11-20T05:00:00,3190A,116.0254,29.6994,九江市,外国语学校,,38,26,48,26,38,50,15,13,12,15,32,8,9,1.0,1.3
2022-11-20T05:00:00,3191A,118.3225,33.9447,宿迁市,宿豫区政府,,26,26,31,13,22,58,22,22,19,24,25,5,5,0.8,0.7
2022-11-20T05:00:00,3192A,80.0903,32.5028,阿里地区,阿里藏医院,,29,4,14,1,4,94,92,94,93,2,4,8,9,0.3,0.4
2022-11-20T05:00:00,3194A,112.2747,30.3122,荆州市,管委会,颗粒物(PM10),64,78,61,42,44,110,25,53,32,37,37,8,8,0.8,0.7
2022-11-20T05:00:00,3195A,119.3633,32.3972,扬州市,市体育局,,44,44,39,23,24,51,44,48,47,17,21,6,6,0.6,0.5
2022-11-20T05:00:00,3200A,115.9819,36.4978,聊城市,监控中心,细颗粒物(PM2.5),122,111,164,92,133,82,52,21,21,23,51,10,8,0.5,0.8
2022-11-20T05:00:00,3201A,102.6486,37.9325,武威市,东关招商场,颗粒物(PM10),88,125,159,51,59,93,5,13,9,46,32,11,8,0.8,0.6
2022-11-20T05:00:00,3204A,113.3025,33.73,平顶山市,规划局,细颗粒物(PM2.5),114,122,109,86,88,102,2,24,8,49,31,5,8,0.8,0.8
2022-11-20T05:00:00,3206A,114.9149,27.807,新余市,新钢沁园村,细颗粒物(PM2.5),64,54,38,46,22,35,13,21,16,23,21,10,9,0.7,0.7
2022-11-20T05:00:00,3207A,118.3118,32.3038,滁州市,市政府原办公楼,细颗粒物(PM2.5),97,98,63,72,41,60,26,34,33,21,22,4,4,0.3,0.3
2022-11-20T05:00:00,3208A,112.7283,38.4153,忻州市,市政府,细颗粒物(PM2.5),80,90,94,59,59,86,4,5,5,42,43,6,14,0.9,1
2022-11-20T05:00:00,3209A,119.5231,26.6562,宁德市,宁德一中,,19,19,28,13,12,87,24,56,41,10,14,5,6,0.6,0.6
2022-11-20T05:00:00,3210A,114.3644,34.7964,开封市,汴京公园,细颗粒物(PM2.5),89,61,74,66,80,57,0,0,0,51,31,6,5,0.7,0.8
2022-11-20T05:00:00,3216A,114.6622,24.5183,漳州市,漳州党校,,37,37,44,24,23,170,17,40,26,37,27,5,8,0.6,0.7
2022-11-20T05:00:00,3237A,117.4918,30.6617,池州市,展览馆,,33,31,21,23,17,39,18,20,19,17,18,5,5,0.5,0.6
2022-11-20T05:00:00,3239A,125.0764,42.9078,辽源市,银鹰制药,,32,26,37,22,26,93,29,59,45,19,15,8,12,0.5,0.6
2022-11-20T05:00:00,3241A,103.7439,36.0842,兰州市,百合公园,颗粒物(PM10),85,120,135,53,55,79,7,7,7,57,63,16,29,0.9,1.2
2022-11-20T05:00:00,3242A,103.9611,35.998,兰州市,和平,颗粒物(PM10),74,97,121,51,52,84,27,32,30,41,48,12,19,1.6,1.5
2022-11-20T05:00:00,3247A,104.955,33.371,陇南市,市总工会,,24,24,44,9,16,69,30,41,33,17,19,8,9,0.4,0.4
2022-11-20T05:00:00,3248A,98.2643,39.7724,嘉峪关市,雄关区,颗粒物(PM10),94,137,101,29,31,78,34,26,26,36,42,35,10,1.1,0.5
2022-11-20T05:00:00,3265A,121.4316,31.3322,上海市,宝山庙行,细颗粒物(PM2.5),87,74,52,64,38,62,13,17,14,32,49,4,5,1.0,1
2022-11-20T05:00:00,3266A,121.8791,31.4662,上海市,崇明上实东滩,细颗粒物(PM2.5),80,35,31,59,32,96,32,39,35,23,29,5,5,1.0,0.8
2022-11-20T05:00:00,3268A,121.3162,31.2838,上海市,嘉定南翔,细颗粒物(PM2.5),77,32,36,56,39,56,22,20,20,22,42,5,5,0.9,0.8
2022-11-20T05:00:00,3269A,121.3359,30.7456,上海市,金山新城,细颗粒物(PM2.5),79,69,47,58,35,71,12,14,13,24,34,4,5,0.9,0.8
2022-11-20T05:00:00,3270A,121.4996,31.0739,上海市,闵行浦江,细颗粒物(PM2.5),74,42,39,54,34,68,16,29,22,30,44,4,5,0.8,0.8
2022-11-20T05:00:00,3271A,121.2886,31.1663,上海市,青浦徐泾,细颗粒物(PM2.5),77,39,48,56,38,59,15,12,12,31,43,5,6,0.9,0.8
2022-11-20T05:00:00,3272A,121.2186,31.0378,上海市,松江图书馆,细颗粒物(PM2.5),82,39,38,60,33,64,11,16,13,42,58,7,7,0.8,0.8
2022-11-20T05:00:00,3273A,121.3902,31.2059,上海市,长宁仙霞,细颗粒物(PM2.5),73,58,53,53,37,50,19,18,18,28,45,4,4,0.9,1
2022-11-20T05:00:00,3274A,121.7965,31.0507,上海市,浦东惠南,细颗粒物(PM2.5),67,32,33,48,26,84,14,17,16,34,41,4,5,0.8,0.7
2022-11-20T05:00:00,3281A,115.9718,40.4529,北京市,延庆夏都,颗粒物(PM10),52,54,86,22,53,73,18,12,12,13,26,3,3,0.5,0.8
2022-11-20T05:00:00,3282A,113.3397,40.0597,大同市,大同市卫生学校,颗粒物(PM10),58,65,71,25,24,85,20,24,21,30,28,24,13,1.4,1
2022-11-20T05:00:00,3283A,109.9154,40.5685,包头市,滨河大厦,颗粒物(PM10),78,105,94,55,46,66,3,4,4,49,52,24,27,1.4,1.2
2022-11-20T05:00:00,3284A,106.813,39.7274,乌海市,海北新区,颗粒物(PM10),98,146,185,42,50,86,4,3,3,39,54,20,40,1.2,1.1
2022-11-20T05:00:00,3285A,113.1376,40.9509,乌兰察布市,北京八中,,41,41,67,14,22,84,9,21,16,34,21,34,32,0.4,0.4
2022-11-20T05:00:00,3286A,118.9359,42.3147,赤峰市,桥北物流园区,,22,22,41,7,21,80,29,24,24,19,27,10,11,0.5,0.6
2022-11-20T05:00:00,3287A,119.3842,32.1976,镇江市,富润路1号,,39,30,34,27,32,50,49,47,47,31,36,5,5,0.6,0.6
2022-11-20T05:00:00,3288A,117.4754,34.4422,徐州市,大泉街道,颗粒物(PM10),85,120,62,53,32,64,0,26,10,52,37,11,9,1.0,0.8
2022-11-20T05:00:00,3289A,120.743,31.3188,苏州市,方洲路,细颗粒物(PM2.5),60,53,47,43,37,18,18,15,15,20,37,5,6,0.8,0.8
2022-11-20T05:00:00,3290A,120.5031,31.2774,苏州市,木渎中学,,39,34,39,27,26,38,38,26,26,14,30,6,6,0.9,1
2022-11-20T05:00:00,3291A,121.067,32.062,南通市,通州监测站,细颗粒物(PM2.5),64,56,32,46,28,94,29,44,37,13,20,4,4,0.7,0.6
2022-11-20T05:00:00,3293A,120.1501,33.3367,盐城市,月亮广场,,21,10,14,5,5,98,67,74,70,10,11,6,6,0.3,0.4
2022-11-20T05:00:00,3294A,119.5653,32.4222,扬州市,引江管理处,,29,19,29,20,24,52,47,48,48,19,28,6,6,0.6,0.6
2022-11-20T05:00:00,3295A,120.1259,32.5099,泰州市,姜堰区政府广场,,25,25,28,15,22,86,29,31,30,18,22,10,9,0.8,0.7
2022-11-20T05:00:00,3298A,113.5717,23.5491,广州市,从化街口,,14,14,46,9,30,106,27,43,30,25,21,7,8,0.6,0.6
2022-11-20T05:00:00,3299A,113.3472,23.3692,广州市,白云竹料,,15,14,48,10,31,119,41,40,39,19,23,5,5,0.8,0.7
2022-11-20T05:00:00,3300A,113.2981,23.237,广州市,白云嘉禾,,23,23,63,10,31,130,20,22,21,42,40,7,7,0.8,0.8
2022-11-20T05:00:00,3301A,113.4256,23.1716,广州市,黄埔科学城,,14,14,46,9,29,113,36,27,26,17,25,6,6,0.7,0.6
2022-11-20T05:00:00,3302A,113.3942,23.0483,广州市,番禺大学城,,19,19,50,10,31,109,36,19,19,24,44,4,5,0.7,0.8
2022-11-20T05:00:00,3303A,113.4922,22.8168,广州市,南沙黄阁,颗粒物(PM10),52,53,64,21,35,184,23,30,27,43,46,13,7,0.9,0.8
2022-11-20T05:00:00,3304A,113.5342,22.7896,广州市,南沙街,,45,45,63,26,35,175,27,36,33,25,29,13,8,1.0,0.9
2022-11-20T05:00:00,3305A,114.0731,22.559,深圳市,莲花,,42,37,42,29,25,121,40,35,35,13,27,6,7,0.9,0.9
2022-11-20T05:00:00,3306A,114.0261,22.6198,深圳市,民治,,,,36,,17,6,,14,,,58,,4,,0.6
2022-11-20T05:00:00,3307A,114.1871,22.6451,深圳市,横岗,,35,35,50,23,27,134,44,44,44,17,43,7,8,1.0,0.9
2022-11-20T05:00:00,3308A,113.3494,22.0569,珠海市,金湾,,43,40,37,30,21,118,52,75,69,22,23,19,9,0.4,0.4
2022-11-20T05:00:00,3311A,113.1075,22.5647,江门市,江海富民,颗粒物(PM10),59,68,80,28,32,187,15,36,26,37,41,10,9,0.8,0.7
2022-11-20T05:00:00,3313A,112.4575,23.0166,肇庆市,高要湖西,,33,33,60,14,36,170,43,42,42,24,30,10,13,0.7,0.7
2022-11-20T05:00:00,3314A,114.4338,22.8134,惠州市,惠阳秋长,,30,22,48,21,27,115,42,50,47,12,23,7,7,0.8,0.7
2022-11-20T05:00:00,3315A,116.1233,24.2991,梅州市,梅龙,,12,7,30,8,23,100,16,16,16,17,18,7,7,0.8,0.8
2022-11-20T05:00:00,3317A,111.9765,21.8947,阳江市,两阳中学,细颗粒物(PM2.5),65,71,54,47,28,141,16,24,22,73,34,11,9,0.7,0.6
2022-11-20T05:00:00,3318A,112.9903,23.7403,清远市,清新太和,,15,15,31,10,20,103,40,43,42,9,15,5,6,1.0,1
2022-11-20T05:00:00,3319A,113.7338,23.0381,东莞市,万江金泰,,18,18,40,10,24,137,44,57,47,16,26,9,8,0.9,0.8
2022-11-20T05:00:00,3320A,116.403,23.5699,揭阳市,曲溪,,42,42,61,29,33,179,28,58,46,31,23,12,15,0.5,0.6
2022-11-20T05:00:00,3323A,115.2773,40.9724,张家口市,青少年活动中心,,25,25,53,6,21,88,32,39,37,13,13,8,4,0.2,0.3
2022-11-20T05:00:00,3324A,116.8136,38.3004,沧州市,河北水利电力学院,细颗粒物(PM2.5),97,94,209,72,172,67,2,3,2,48,66,6,8,1.0,1.1
2022-11-20T05:00:00,3325A,117.0365,39.3828,天津市,雍阳西道,细颗粒物(PM2.5),168,227,198,127,129,101,3,6,4,80,56,8,7,1.3,1.1
2022-11-20T05:00:00,3326A,117.0296,39.0605,天津市,辛老路,细颗粒物(PM2.5),155,190,209,118,145,93,0,0,0,68,54,8,9,1.4,1.2
2022-11-20T05:00:00,3327A,116.9638,38.9375,天津市,地纬路,细颗粒物(PM2.5),85,113,208,63,154,83,0,1,1,58,61,8,10,1.3,1.3
2022-11-20T05:00:00,3328A,118.4209,31.3707,芜湖市,市气象局,,43,43,44,24,30,30,13,22,18,28,24,7,7,0.5,0.6
2022-11-20T05:00:00,3329A,117.0108,32.5893,淮南市,山南新区,细颗粒物(PM2.5),69,66,64,50,51,40,10,33,26,29,24,5,3,0.5,0.4
2022-11-20T05:00:00,3330A,116.8873,33.9836,淮北市,杜集区检察院,细颗粒物(PM2.5),80,67,60,59,46,56,8,20,16,32,25,4,4,0.6,0.6
2022-11-20T05:00:00,3331A,118.3267,32.2634,滁州市,图书馆,细颗粒物(PM2.5),84,78,52,62,35,64,32,38,36,20,20,7,7,0.5,0.5
2022-11-20T05:00:00,3332A,115.7633,33.8034,亳州市,亳州学院,细颗粒物(PM2.5),68,58,52,49,45,49,19,22,21,9,16,1,2,0.5,0.5
2022-11-20T05:00:00,3333A,117.5627,30.695,池州市,第八中学,,29,26,21,20,15,44,20,15,15,20,24,2,5,0.5,0.6
2022-11-20T05:00:00,3334A,117.5038,30.6243,池州市,第十二中学,,28,26,19,19,14,41,11,19,17,32,27,4,4,0.4,0.5
2022-11-20T05:00:00,3335A,113.3137,35.2641,焦作市,马村街道办(新增191226),细颗粒物(PM2.5),94,98,112,70,80,52,23,35,25,13,22,4,3,0.8,1.1
2022-11-20T05:00:00,3336A,113.2465,35.2373,焦作市,焦作技师学院(新增200110),细颗粒物(PM2.5),94,96,116,70,85,48,30,29,29,7,17,2,4,1.0,1.1
2022-11-20T05:00:00,3337A,113.8614,34.0442,许昌市,许昌学院,颗粒物(PM10),59,67,62,18,31,83,3,26,8,36,25,6,7,0.7,0.9
2022-11-20T05:00:00,3338A,113.843,34.0823,许昌市,芙蓉广场,,35,22,52,24,38,88,2,6,4,38,31,6,6,0.8,1
2022-11-20T05:00:00,3339A,114.0012,33.0412,驻马店市,小管楼,,43,42,62,30,50,104,2,37,29,53,34,7,7,0.8,0.7
2022-11-20T05:00:00,3340A,112.6005,34.6326,洛阳市,伊滨,细颗粒物(PM2.5),166,164,127,126,98,101,9,7,7,28,29,6,7,0.9,0.7
2022-11-20T05:00:00,3341A,112.4951,34.6332,洛阳市,中移产业园,细颗粒物(PM2.5),166,134,112,126,98,99,17,13,13,30,33,5,6,0.7,0.6
2022-11-20T05:00:00,3342A,128.4741,47.4346,伊春市,中心小学,,30,30,41,16,24,53,33,48,39,7,13,4,6,0.4,0.5
2022-11-20T05:00:00,3343A,128.6871,47.7369,伊春市,检察院,,28,28,38,19,23,55,37,50,42,5,12,4,4,0.3,0.5
2022-11-20T05:00:00,3344A,128.8431,47.8474,伊春市,双子河社区,,15,15,38,3,25,60,39,50,44,9,12,7,8,0.5,0.7
2022-11-20T05:00:00,3345A,131.0577,45.7879,七台河市,中波台,,20,14,29,8,22,62,62,60,59,15,23,12,13,0.3,0.5
2022-11-20T05:00:00,3346A,108.3872,31.1628,重庆市,安康,,49,39,35,34,34,44,8,8,8,14,14,9,8,0.6,0.6
2022-11-20T05:00:00,3347A,105.9017,29.3569,重庆市,北山路,细颗粒物(PM2.5),90,73,74,67,76,112,70,76,73,17,24,11,11,0.8,0.8
2022-11-20T05:00:00,3348A,105.839,30.1946,重庆市,春阳街,细颗粒物(PM2.5),75,63,56,55,44,94,18,44,35,11,14,12,14,0.6,0.7
2022-11-20T05:00:00,3349A,107.7983,30.6758,重庆市,人民东路,,50,48,55,35,44,67,31,28,27,9,14,6,6,0.7,0.8
2022-11-20T05:00:00,3350A,106.6479,29.0244,重庆市,滩子口,细颗粒物(PM2.5),79,73,74,58,60,107,8,10,9,30,28,25,23,0.8,0.8
2022-11-20T05:00:00,3351A,105.7167,29.7076,重庆市,棠香,颗粒物(PM10),71,91,56,51,32,106,40,18,18,17,21,10,7,0.7,0.7
2022-11-20T05:00:00,3352A,107.0732,29.8617,重庆市,桃源西路,颗粒物(PM10),53,56,75,26,50,110,18,27,21,13,22,8,9,0.6,0.8
2022-11-20T05:00:00,3353A,107.3535,29.7287,重庆市,迎宾大道,细颗粒物(PM2.5),74,70,66,54,58,109,32,49,38,11,16,5,8,0.5,0.6
2022-11-20T05:00:00,3354A,108.815,29.5081,重庆市,舟白,,48,43,49,33,40,94,18,18,18,14,22,5,7,0.6,0.6
2022-11-20T05:00:00,3355A,108.3679,30.8426,重庆市,周家坝,,45,43,40,31,38,35,10,10,10,21,20,4,7,0.6,0.6
2022-11-20T05:00:00,3356A,108.4319,30.7555,重庆市,百安坝,,42,29,26,29,27,38,25,25,24,16,20,11,11,0.5,0.4
2022-11-20T05:00:00,3357A,104.0106,30.6931,成都市,金博路,细颗粒物(PM2.5),97,84,83,72,56,102,0,0,0,63,43,2,5,1.0,1
2022-11-20T05:00:00,3358A,103.8458,30.6994,成都市,临江路,细颗粒物(PM2.5),89,107,83,66,56,97,1,2,1,66,44,2,3,0.8,0.9
2022-11-20T05:00:00,3359A,104.0578,30.5225,成都市,华阳,细颗粒物(PM2.5),64,48,56,46,46,104,17,32,28,46,29,1,2,0.7,0.7
2022-11-20T05:00:00,3360A,104.7894,29.3194,自贡市,南湖救助站,细颗粒物(PM2.5),70,55,81,51,62,118,49,42,42,18,39,17,15,0.4,0.6
2022-11-20T05:00:00,3361A,103.7311,29.5628,乐山市,理工大学,细颗粒物(PM2.5),83,85,88,61,61,114,31,33,29,26,30,22,8,0.6,0.7
2022-11-20T05:00:00,3362A,120.5014,36.4034,青岛市,即墨2号,,21,9,41,13,17,78,67,78,71,7,24,3,3,0.3,0.4
2022-11-20T05:00:00,3363A,117.9883,36.8372,淄博市,新区,细颗粒物(PM2.5),156,202,154,119,106,77,8,8,8,59,60,13,18,1.4,1.3
2022-11-20T05:00:00,3364A,117.3152,34.8103,枣庄市,市环保局,细颗粒物(PM2.5),100,105,55,75,40,76,8,14,13,49,38,10,9,0.9,0.8
2022-11-20T05:00:00,3365A,118.5719,37.565,东营市,垦利区民丰路,细颗粒物(PM2.5),58,61,149,41,107,115,17,44,30,37,50,11,18,0.9,1.1
2022-11-20T05:00:00,3366A,121.5206,37.4336,烟台市,中国农业大学,细颗粒物(PM2.5),119,156,67,90,28,101,32,22,22,46,38,10,8,0.8,0.5
2022-11-20T05:00:00,3368A,119.1977,36.6872,潍坊市,高新实验学校,细颗粒物(PM2.5),58,53,64,41,45,72,13,16,12,28,40,8,10,1.2,0.8
2022-11-20T05:00:00,3369A,118.3977,35.0278,临沂市,开发区幼儿园,,,,,,,,,,,,,,,,
2022-11-20T05:00:00,3370A,118.3564,35.0215,临沂市,十里堡居委,,28,19,20,19,22,71,46,48,48,22,27,4,4,0.8,0.8
2022-11-20T05:00:00,3371A,116.3728,37.4403,德州市,开发区人民医院,细颗粒物(PM2.5),153,140,186,117,150,115,7,9,8,63,69,4,7,0.8,0.9
2022-11-20T05:00:00,3372A,116.3572,37.4094,德州市,太阳城中学,细颗粒物(PM2.5),89,95,174,66,129,119,10,26,13,49,56,6,8,1.2,1.2
2022-11-20T05:00:00,3374A,115.5564,35.0891,菏泽市,定陶老年大学,细颗粒物(PM2.5),73,63,110,53,94,68,59,57,57,14,30,6,7,0.7,0.9
2022-11-20T05:00:00,3375A,102.8017,24.8336,昆明市,青年创业园,,26,26,32,12,19,112,11,8,8,36,32,17,9,0.5,0.5
2022-11-20T05:00:00,3376A,103.7947,25.462,曲靖市,南苑二区,,39,30,50,27,30,137,36,42,41,8,7,11,14,0.5,0.7
2022-11-20T05:00:00,3377A,103.7444,25.5261,曲靖市,曲靖师范学院,细颗粒物(PM2.5),77,71,57,56,40,119,12,18,16,56,30,31,48,0.9,0.6
2022-11-20T05:00:00,3378A,122.371,40.6771,营口市,老边实验中学,,48,48,84,22,62,97,39,36,36,18,35,13,12,1.3,1.3
2022-11-20T05:00:00,3379A,122.1139,40.2278,营口市,鲅鱼圈市民活动中心,细颗粒物(PM2.5),79,86,91,58,58,85,27,62,55,42,23,17,9,1.3,0.5
2022-11-20T05:00:00,3380A,102.8914,34.9617,甘南州,甘肃民族师范学院,,19,19,29,4,13,88,6,5,5,32,30,9,9,0.5,0.5
2022-11-20T05:00:00,3396A,112.0828,32.0067,襄阳市,襄城隆中路,细颗粒物(PM2.5),75,84,100,55,67,118,27,68,46,27,26,10,12,0.6,0.7
2022-11-20T05:00:00,3397A,112.1214,32.1008,襄阳市,高新台子湾,颗粒物(PM10),85,119,106,61,63,121,7,59,31,52,33,11,11,0.8,0.8
2022-11-20T05:00:00,3398A,114.9136,30.4445,黄冈市,市林业局,,34,34,29,20,17,72,6,26,17,28,8,7,7,0.7,0.7
2022-11-20T05:00:00,3399A,112.6703,26.882,衡阳市,师范学院,,48,38,53,33,42,57,21,17,17,17,20,7,8,0.8,0.9
2022-11-20T05:00:00,3400A,109.1911,21.4415,北海市,龙潭自来水厂,,33,31,42,23,32,115,16,20,19,13,11,9,10,0.9,0.7
2022-11-20T05:00:00,3401A,108.4834,22.7618,南宁市,红星社区,,15,4,17,10,10,49,25,23,20,14,15,11,8,0.9,0.9
2022-11-20T05:00:00,3402A,109.5422,24.3996,柳州市,市二中,,25,18,13,17,9,26,17,18,18,10,10,7,4,0.8,0.8
2022-11-20T05:00:00,3403A,110.1764,25.2381,桂林市,创业大厦,,25,24,16,17,13,44,39,39,39,10,11,3,4,0.6,0.6
2022-11-20T05:00:00,3404A,108.5959,21.9633,钦州市,北职校,,14,14,32,6,19,91,30,30,30,13,15,9,10,0.8,0.8
2022-11-20T05:00:00,3405A,109.5886,23.1172,贵港市,新世纪学校,,23,22,23,16,14,32,24,23,23,13,16,9,10,1.2,1.3
2022-11-20T05:00:00,3406A,106.6085,23.8798,百色市,祈福高中,,40,40,33,18,19,23,2,4,2,24,20,14,10,1.0,0.9
2022-11-20T05:00:00,3407A,120.6916,30.7739,嘉兴市,秀洲住建,,45,40,36,31,28,22,11,17,13,32,41,4,4,0.8,0.7
2022-11-20T05:00:00,3408A,120.5683,29.9361,绍兴市,绍兴中专,,49,36,35,34,32,15,6,12,10,27,41,8,8,0.7,0.8
2022-11-20T05:00:00,3409A,120.4906,30.0861,绍兴市,柯桥区政府,,48,48,40,28,23,16,7,6,6,34,44,8,8,0.8,0.9
2022-11-20T05:00:00,3410A,120.8752,30.0249,绍兴市,重华小学,,50,50,46,32,24,17,5,6,6,24,35,7,8,0.8,1
2022-11-20T05:00:00,3411A,120.8369,30.0137,绍兴市,上虞中学,,49,49,48,24,24,9,3,4,2,31,40,7,7,0.9,0.9
2022-11-20T05:00:00,3413A,118.1953,28.4401,上饶市,广丰区教体局,细颗粒物(PM2.5),68,64,37,49,28,39,15,36,31,25,27,21,14,1.3,1.2
2022-11-20T05:00:00,3415A,114.4519,28.0828,宜春市,万载县环保局,细颗粒物(PM2.5),58,50,33,41,22,45,5,2,2,16,11,3,2,1.1,1
2022-11-20T05:00:00,3416A,119.1755,36.7149,潍坊市,潍坊学院,细颗粒物(PM2.5),55,53,67,39,41,87,20,26,23,33,41,3,5,1.4,0.8
2022-11-20T05:00:00,3417A,117.0709,40.1465,北京市,平谷新城,细颗粒物(PM2.5),110,131,145,83,96,67,2,4,3,18,36,3,3,0.8,0.9
2022-11-20T05:00:00,3418A,116.8336,40.4095,北京市,密云新城,细颗粒物(PM2.5),115,122,140,87,95,73,24,27,25,18,34,3,4,0.7,0.9
2022-11-20T05:00:00,3419A,109.9447,40.6261,包头市,包头市委党校,颗粒物(PM10),78,106,106,42,39,61,3,3,3,55,59,16,21,1.2,1.3
2022-11-20T05:00:00,3421A,113.1775,40.9779,乌兰察布市,市委党校,,47,47,60,15,20,89,21,25,23,27,22,34,19,0.4,0.4
2022-11-20T05:00:00,3422A,118.8436,31.9198,南京市,江宁彩虹桥,细颗粒物(PM2.5),52,21,29,36,30,39,18,26,23,25,29,3,4,0.7,0.7
2022-11-20T05:00:00,3423A,119.0138,31.6494,南京市,溧水永阳,,36,31,42,25,31,34,23,32,29,20,24,4,4,0.6,0.6
2022-11-20T05:00:00,3424A,118.879,31.3302,南京市,高淳老职中,,27,27,37,14,28,35,30,26,25,20,28,3,3,0.4,0.4
2022-11-20T05:00:00,3425A,120.624,31.1733,苏州市,越秀幼儿园,细颗粒物(PM2.5),52,44,43,36,35,30,30,22,22,14,36,6,6,0.9,0.9
2022-11-20T05:00:00,3426A,118.8755,33.2894,淮安市,新华书店,,30,30,37,16,26,55,17,28,21,23,22,6,10,0.6,0.5
2022-11-20T05:00:00,3427A,118.8554,32.3578,南京市,六合雄州,颗粒物(PM10),58,66,39,39,20,49,19,42,35,17,21,3,3,0.6,0.6
2022-11-20T05:00:00,3428A,120.3142,31.4753,无锡市,华庄,细颗粒物(PM2.5),55,47,49,39,32,34,34,24,24,9,24,8,8,0.8,0.8
2022-11-20T05:00:00,3429A,119.8598,31.7066,常州市,武进经发区,,46,37,39,32,33,47,43,37,37,13,32,4,4,0.6,0.8
2022-11-20T05:00:00,3430A,119.5826,31.7245,常州市,金坛城区,,45,41,38,31,28,34,24,34,29,20,30,6,5,0.6,0.7
2022-11-20T05:00:00,3431A,120.6505,31.416,苏州市,高铁新城,细颗粒物(PM2.5),59,56,48,42,31,18,18,13,13,21,39,6,6,0.9,0.8
2022-11-20T05:00:00,3432A,120.9348,31.9883,南通市,环境教育馆,,36,36,34,19,21,86,39,46,43,12,25,1,2,0.5,0.5
2022-11-20T05:00:00,3434A,119.2413,34.6539,连云港市,工贸学校,,23,11,13,8,9,83,72,78,66,10,15,4,4,0.3,0.3
2022-11-20T05:00:00,3435A,119.9192,32.4322,泰州市,周山河街区,,42,36,31,29,26,68,31,39,36,17,18,8,8,0.8,0.7
2022-11-20T05:00:00,3436A,120.4279,33.205,盐城市,大丰高级中学,,19,14,18,7,9,98,58,69,67,13,10,4,4,0.2,0.4
2022-11-20T05:00:00,3437A,88.3118,43.3658,乌鲁木齐市,达坂城区环保局,,,,40,9,25,90,65,52,52,6,16,2,2,0.2,0.4
2022-11-20T05:00:00,3438A,87.6162,43.8801,乌鲁木齐市,红光山片区,,46,46,55,32,33,52,52,37,37,24,30,2,3,0.7,0.7
2022-11-20T05:00:00,3439A,87.7024,43.8004,乌鲁木齐市,新师大温泉校区,,25,14,49,15,37,79,79,61,61,2,13,5,4,0.2,0.4
2022-11-20T05:00:00,3440A,87.4921,43.8411,乌鲁木齐市,大绿谷,,,,,,,,,,,,,,,,
2022-11-20T05:00:00,3441A,87.546,44.1912,五家渠市,经开区管委会,颗粒物(PM10),54,57,37,36,28,44,26,29,24,14,11,8,8,0.6,0.6
2022-11-20T05:00:00,3442A,86.047,44.2331,石河子市,南区管委会,细颗粒物(PM2.5),57,47,51,40,33,47,22,25,22,22,22,9,10,0.7,0.8
2022-11-20T05:00:00,3443A,113.2902,23.5544,广州市,花都梯面,,25,25,39,17,27,126,16,38,27,23,15,8,7,0.9,0.8
2022-11-20T05:00:00,3444A,116.454,23.2684,汕头市,潮南峡山,,28,28,33,16,17,150,45,73,58,12,13,8,9,0.6,0.7
2022-11-20T05:00:00,3445A,113.7858,23.7478,广州市,从化良口,,13,11,24,7,19,91,40,34,34,14,14,3,5,0.6,0.5
2022-11-20T05:00:00,3446A,113.8051,23.2614,广州市,增城荔城,,17,17,37,9,22,98,40,55,49,12,14,8,8,0.7,0.6
2022-11-20T05:00:00,3447A,114.3551,22.7151,深圳市,坪山,,44,44,58,22,27,116,29,27,27,25,32,7,7,0.9,0.8
2022-11-20T05:00:00,3448A,113.5433,22.1163,珠海市,横琴,,46,40,35,32,25,144,72,81,73,12,18,8,9,0.5,0.5
2022-11-20T05:00:00,3449A,113.05,22.4667,江门市,新会银湖,,48,48,62,26,32,200,14,24,20,38,39,7,6,1.0,0.9
2022-11-20T05:00:00,3450A,111.01,21.5165,茂名市,电白水东,细颗粒物(PM2.5),67,70,41,48,21,129,33,98,62,20,11,25,17,0.6,0.5
2022-11-20T05:00:00,3451A,112.5617,23.2083,肇庆市,鼎湖凤凰,,20,20,38,14,27,162,41,32,32,13,15,6,7,1.0,0.8
2022-11-20T05:00:00,3452A,114.6517,22.775,惠州市,大亚湾霞涌,,32,25,37,22,20,166,38,35,34,14,17,6,6,0.6,0.4
2022-11-20T05:00:00,3453A,112.0125,21.8749,阳江市,阳东陶然,细颗粒物(PM2.5),95,81,58,71,40,142,52,70,56,25,21,11,9,0.7,0.7
2022-11-20T05:00:00,3454A,113.3528,22.478,中山市,中山南区,颗粒物(PM10),54,58,52,36,29,194,21,44,24,39,30,13,12,0.7,0.6
2022-11-20T05:00:00,3455A,113.076,23.7198,清远市,清城东城,,17,10,30,9,24,118,52,43,43,9,17,6,7,1.0,0.9
2022-11-20T05:00:00,3456A,114.289,38.0906,石家庄市,鹿泉一中,细颗粒物(PM2.5),160,181,167,122,118,59,2,2,2,44,47,3,3,1.8,1.7
2022-11-20T05:00:00,3457A,118.4359,39.2762,唐山市,冀东油田职工医院,,43,29,100,30,76,72,3,3,3,54,53,5,6,1.1,1
2022-11-20T05:00:00,3458A,114.7895,36.5593,邯郸市,香泉濮院小区,细颗粒物(PM2.5),92,105,142,68,119,105,26,34,31,22,26,6,7,1.0,1.1
2022-11-20T05:00:00,3459A,115.5989,37.5491,衡水市,地表水厂,细颗粒物(PM2.5),55,43,146,39,139,86,11,5,5,34,65,10,13,0.7,1.6
2022-11-20T05:00:00,3460A,117.4067,40.0583,天津市,北环路,细颗粒物(PM2.5),143,160,159,109,101,76,23,28,23,25,36,6,8,0.9,1.1
2022-11-20T05:00:00,3461A,117.3045,39.7169,天津市,建设路,,,97,179,48,114,86,2,2,2,62,55,8,8,1.5,1.3
2022-11-20T05:00:00,3462A,117.8199,39.3521,天津市,滨水东路,颗粒物(PM10),68,85,139,27,96,77,1,1,1,66,66,9,12,1.3,1.1
2022-11-20T05:00:00,3463A,116.9708,33.591,宿州市,社会福利中心,细颗粒物(PM2.5),58,41,47,41,37,58,24,47,40,31,23,1,1,0.4,0.4
2022-11-20T05:00:00,3464A,117.3803,31.9147,合肥市,高教基地,,41,41,48,13,17,37,29,20,20,19,27,3,3,0.4,0.3
2022-11-20T05:00:00,3465A,118.4781,31.3225,芜湖市,清苑社区,,33,24,37,23,26,24,12,15,15,42,41,6,5,0.6,0.5
2022-11-20T05:00:00,3466A,118.2746,31.2326,芜湖市,扬子职业技术学院,,38,31,36,26,26,26,22,18,18,28,28,4,4,0.5,0.5
2022-11-20T05:00:00,3468A,115.7901,32.8613,阜阳市,市规划展馆,,28,22,33,19,24,54,0,49,24,37,28,4,5,0.6,0.6
2022-11-20T05:00:00,3469A,115.836,32.9183,阜阳市,枣园社区,,28,24,30,19,20,43,4,25,12,38,30,5,5,0.7,0.6
2022-11-20T05:00:00,3470A,118.7724,30.9141,宣城市,夏渡子站,,35,34,29,24,22,22,7,7,6,30,28,4,5,0.5,0.6
2022-11-20T05:00:00,3471A,113.616563,34.86783,郑州市,惠济区政府,,38,23,57,26,43,79,1,2,1,44,33,4,6,1.2,1.2
2022-11-20T05:00:00,3473A,114.2485,34.8306,开封市,技师学院,细颗粒物(PM2.5),104,54,70,78,81,53,50,51,51,14,20,6,5,0.7,0.9
2022-11-20T05:00:00,3474A,114.2617,35.6822,鹤壁市,大新区,细颗粒物(PM2.5),99,75,96,74,107,57,6,15,12,45,35,9,9,1.1,1.2
2022-11-20T05:00:00,3475A,113.9188,35.3045,新乡市,市政府,细颗粒物(PM2.5),124,89,77,94,78,51,29,10,10,22,28,6,6,0.7,0.8
2022-11-20T05:00:00,3476A,113.9135,35.3327,新乡市,河师大,细颗粒物(PM2.5),100,127,104,75,75,47,6,2,2,43,40,5,4,1.3,1.3
2022-11-20T05:00:00,3477A,113.1656,35.2539,焦作市,中站许衡医院(新增191226),细颗粒物(PM2.5),105,96,113,79,86,53,51,43,43,7,25,1,5,0.7,1.4
2022-11-20T05:00:00,3478A,113.9749,33.5664,漯河市,市图书馆,,39,39,66,18,54,100,6,14,10,41,38,8,8,0.8,1.1
2022-11-20T05:00:00,3479A,114.0967,33.5906,漯河市,召陵区卫健委,,44,44,82,15,56,83,6,13,11,33,34,3,4,0.7,1
2022-11-20T05:00:00,3480A,129.1368,47.6417,伊春市,美溪镇,,40,40,42,20,23,58,41,52,45,8,16,4,13,0.8,1.3
2022-11-20T05:00:00,3481A,125.141,46.634,大庆市,萨区政府监测点,,10,7,48,1,39,38,29,32,30,4,15,6,9,0.4,0.7
2022-11-20T05:00:00,3482A,107.7541,29.3277,重庆市,芙蓉中路,,49,49,42,26,27,81,5,12,8,24,25,12,10,0.4,0.4
2022-11-20T05:00:00,3483A,108.7661,29.5368,重庆市,西山,,38,32,39,26,36,85,5,13,9,23,22,6,7,0.4,0.5
2022-11-20T05:00:00,3484A,106.2628,29.32,重庆市,行政中心,颗粒物(PM10),55,59,87,38,64,110,22,28,27,26,33,4,8,1.1,1.2
2022-11-20T05:00:00,3485A,107.0944,29.1608,重庆市,高寺路,,38,38,50,24,35,99,13,22,18,18,26,4,7,0.6,0.6
2022-11-20T05:00:00,3486A,124.4036,43.1411,四平市,植物园,,24,24,42,6,25,70,21,40,33,22,30,3,8,0.3,0.4
2022-11-20T05:00:00,3487A,104.2394,30.5319,成都市,车城东七路,细颗粒物(PM2.5),75,77,59,55,44,115,11,78,28,66,29,4,3,0.7,0.6
2022-11-20T05:00:00,3488A,104.3853,30.7453,成都市,青白江技师分院,细颗粒物(PM2.5),59,58,56,42,49,117,16,67,39,47,27,3,4,0.7,0.8
2022-11-20T05:00:00,3489A,104.0789,30.4072,成都市,科学城,细颗粒物(PM2.5),67,63,59,48,44,105,7,42,13,53,32,2,4,0.5,0.5
2022-11-20T05:00:00,3490A,105.3617,28.7703,泸州市,纳溪区环保局,细颗粒物(PM2.5),115,100,97,87,80,119,4,5,4,27,34,6,8,0.8,0.8
2022-11-20T05:00:00,3491A,104.69,31.5322,绵阳市,西科大附属小学,颗粒物(PM10),53,56,48,33,27,72,4,11,8,43,39,5,6,1.1,1
2022-11-20T05:00:00,3492A,104.5648,31.5343,绵阳市,安州区旅游局,颗粒物(PM10),59,67,69,33,31,94,20,17,17,34,28,2,5,0.8,0.7
2022-11-20T05:00:00,3494A,117.1673,36.9782,济南市,济阳区政府,细颗粒物(PM2.5),170,171,182,129,137,84,5,17,10,66,56,12,11,0.9,0.9
2022-11-20T05:00:00,3495A,117.1171,36.63,济南市,锦屏中学,细颗粒物(PM2.5),110,115,115,83,90,89,24,30,27,26,35,3,5,0.9,0.9
2022-11-20T05:00:00,3496A,118.3604,35.1084,临沂市,南坊新区,,32,22,25,22,22,69,42,41,41,26,29,6,6,0.6,0.6
2022-11-20T05:00:00,3498A,118.5055,37.8612,东营市,河口城区,颗粒物(PM10),54,58,137,31,94,93,52,58,56,19,35,3,5,1.1,1.2
2022-11-20T05:00:00,3500A,116.5814,35.3707,济宁市,北湖一中,细颗粒物(PM2.5),97,73,62,72,61,68,2,20,15,51,38,9,9,0.9,0.8
2022-11-20T05:00:00,3501A,116.8249,35.5593,济宁市,服务中心,细颗粒物(PM2.5),119,109,73,90,56,82,35,19,19,25,30,12,10,1.4,1.4
2022-11-20T05:00:00,3502A,117.1812,36.2275,泰安市,国网新校,细颗粒物(PM2.5),70,59,46,51,38,79,19,32,29,17,19,4,5,0.9,0.8
2022-11-20T05:00:00,3503A,117.0313,36.2018,泰安市,交通技校,细颗粒物(PM2.5),129,105,65,98,54,80,2,4,3,41,36,5,6,1.0,0.8
2022-11-20T05:00:00,3504A,117.0829,36.13,泰安市,山东第一医科大学,颗粒物(PM10),78,105,82,55,45,63,0,0,0,58,52,3,3,1.0,0.7
2022-11-20T05:00:00,3505A,122.1379,37.3414,威海市,临港区管委会,,48,48,54,25,27,101,66,50,50,22,32,4,4,0.3,0.4
2022-11-20T05:00:00,3507A,119.5328,35.4625,日照市,职业技术学院,,45,44,35,31,24,74,41,45,40,22,25,5,5,0.5,0.4
2022-11-20T05:00:00,3511A,116.5652,37.3319,德州市,陵城艺术中心,细颗粒物(PM2.5),114,114,158,86,119,96,3,29,13,56,54,5,7,0.8,0.8
2022-11-20T05:00:00,3512A,116.049,36.4674,聊城市,华润纺织,,,,162,,127,49,,42,,,39,,47,,0.9
2022-11-20T05:00:00,3513A,116.0445,36.4361,聊城市,九州社区,细颗粒物(PM2.5),89,85,154,66,120,80,44,28,28,20,34,3,8,0.4,0.7
2022-11-20T05:00:00,3514A,117.9378,37.3956,滨州市,中海酒店,细颗粒物(PM2.5),77,91,184,56,131,87,11,23,15,47,60,8,17,2.0,1.2
2022-11-20T05:00:00,3515A,117.9378,37.3553,滨州市,开发区一中,,,80,189,,135,87,10,24,16,39,53,6,14,1.8,1.2
2022-11-20T05:00:00,3516A,118.0917,37.694,滨州市,金海六路,细颗粒物(PM2.5),64,73,165,46,124,85,10,13,12,34,48,1,14,1.2,1.1
2022-11-20T05:00:00,3520A,106.3495,38.9836,石嘴山市,妇女儿童医院,颗粒物(PM10),59,68,88,28,35,71,0,2,0,64,47,18,21,0.5,0.7
2022-11-20T05:00:00,3521A,106.7492,39.2069,石嘴山市,石大公路,颗粒物(PM10),75,99,146,46,57,77,5,7,6,58,48,26,31,0.9,0.8
2022-11-20T05:00:00,3522A,106.2177,35.9959,固原市,原州区十五小,颗粒物(PM10),53,56,103,20,29,66,41,46,41,18,28,1,2,0.8,0.9
2022-11-20T05:00:00,3523A,106.5105,38.3856,银川市,滨河新区,颗粒物(PM10),71,91,95,35,35,77,0,0,0,55,44,20,19,0.6,0.5
2022-11-20T05:00:00,3524A,108.6116,34.1164,西安市,文体局,细颗粒物(PM2.5),107,109,111,80,66,78,8,20,14,47,45,8,10,0.7,0.9
2022-11-20T05:00:00,3525A,108.6396,34.4078,咸阳市,奥体中心,细颗粒物(PM2.5),125,167,149,95,84,67,1,2,1,43,50,4,6,1.0,0.9
2022-11-20T05:00:00,3526A,119.5189,25.9664,福州市,吴航,,39,39,32,25,19,94,51,50,50,11,15,4,4,0.5,0.5
2022-11-20T05:00:00,3527A,118.0958,24.5688,厦门市,集美中学,颗粒物(PM10),56,61,44,29,17,182,20,43,30,45,35,5,4,0.6,0.5
2022-11-20T05:00:00,3528A,118.1493,24.7245,厦门市,同安二实小,颗粒物(PM10),52,54,46,25,18,198,30,45,38,27,25,5,6,0.7,0.6
2022-11-20T05:00:00,3529A,118.6333,24.9264,泉州市,城华南路,,44,44,40,24,19,133,29,57,41,24,18,10,9,0.7,0.6
2022-11-20T05:00:00,3530A,117.6296,24.5314,漳州市,西洋坪路,,43,43,40,21,23,160,10,27,15,39,27,5,8,0.4,0.4
2022-11-20T05:00:00,3531A,110.296,25.1253,桂林市,旅游学院,,20,9,13,14,13,41,20,28,25,18,19,2,4,0.8,0.8
2022-11-20T05:00:00,3532A,110.1945,22.6831,玉林市,玉林师范学院东校区,,29,28,42,20,34,83,13,21,17,19,16,4,4,0.8,0.8
2022-11-20T05:00:00,3533A,110.0527,22.5893,玉林市,福绵环保局,,43,43,51,29,35,87,10,13,11,25,21,12,8,1.0,0.9
2022-11-20T05:00:00,3534A,111.4744,24.4553,贺州市,西湾,,35,24,24,24,14,46,25,32,29,13,14,6,6,0.9,0.9
2022-11-20T05:00:00,3535A,109.1781,23.7297,来宾市,兴宾区政府,,14,14,10,5,7,31,24,23,23,9,7,4,3,0.7,0.9
2022-11-20T05:00:00,3536A,106.8547,27.5919,遵义市,第十二小学,,46,41,53,32,38,70,37,42,41,15,18,3,8,0.5,0.6
2022-11-20T05:00:00,3537A,105.3631,27.3533,毕节市,长征村,细颗粒物(PM2.5),83,84,62,61,53,123,23,44,34,25,16,9,10,0.5,0.4
2022-11-20T05:00:00,3538A,107.5175,26.2978,黔南布依族苗族自治州,沙坝,,24,24,18,9,10,65,44,52,48,5,7,3,4,0.6,0.6
2022-11-20T05:00:00,3539A,110.5111,19.9736,海口市,桂林洋子站,,23,19,22,8,10,104,72,93,80,3,4,4,4,0.5,0.5
2022-11-20T05:00:00,3540A,109.7348,18.3443,三亚市,君悦子站,,16,11,23,8,10,71,50,60,58,6,5,3,3,0.3,0.3
2022-11-20T05:00:00,3541A,109.5726,19.5167,儋州市,第一中学子站,,30,30,25,9,10,70,55,69,62,10,11,4,4,0.5,0.5
2022-11-20T05:00:00,3542A,109.5567,19.5187,儋州市,东坡学校子站,,31,31,26,11,11,79,69,75,73,4,8,4,4,0.5,0.5
2022-11-20T05:00:00,3544A,121.4891,30.925,上海市,奉贤南桥新城,细颗粒物(PM2.5),94,98,56,70,37,83,7,10,9,35,45,6,6,1.1,0.9
2022-11-20T05:00:00,3545A,110.8054,32.8401,十堰市,郧阳区金沙路,细颗粒物(PM2.5),62,43,52,44,41,88,28,44,35,13,17,4,6,0.7,0.8
2022-11-20T05:00:00,3546A,111.4606,30.552,宜昌市,猇亭区张家湾站,细颗粒物(PM2.5),79,73,84,58,65,115,34,62,45,27,26,16,11,0.7,0.7
2022-11-20T05:00:00,3547A,112.1632,31.0138,荆门市,龙泉中学南校,颗粒物(PM10),61,72,63,33,46,137,42,65,56,21,26,8,10,0.9,0.8
2022-11-20T05:00:00,3548A,112.1655,30.3364,荆州市,学苑路,细颗粒物(PM2.5),92,88,67,68,56,113,35,46,37,30,30,7,7,0.7,0.7
2022-11-20T05:00:00,3549A,109.5061,30.3772,恩施土家族苗族自治州,龙凤新区,,47,47,57,28,30,44,6,10,8,5,11,7,7,0.9,0.9
2022-11-20T05:00:00,3550A,102.7997,24.9786,昆明市,昆明学院,颗粒物(PM10),63,75,65,33,29,101,3,4,3,43,39,7,8,0.4,0.5
2022-11-20T05:00:00,3551A,102.5967,24.6736,昆明市,晋宁区生态环境分局,,25,21,34,17,22,97,33,40,36,20,22,2,5,0.4,0.6
2022-11-20T05:00:00,3552A,102.6678,24.9856,昆明市,云天化总部,颗粒物(PM10),52,53,41,23,20,105,3,3,3,57,44,10,11,0.5,0.5
2022-11-20T05:00:00,3557A,119.9464,30.0494,杭州市,镇二中,,25,25,27,15,20,17,13,12,12,32,46,6,7,0.6,0.7
2022-11-20T05:00:00,3558A,119.7183,30.2367,杭州市,市府大楼,,19,18,23,13,16,31,23,28,24,14,24,6,7,0.7,0.7
2022-11-20T05:00:00,3560A,120.4722,30.0415,绍兴市,柯桥妇保,,45,38,36,31,28,10,1,4,3,28,40,4,4,0.9,0.9
2022-11-20T05:00:00,3561A,120.6985,27.9251,温州市,茶山,,42,29,44,29,30,29,10,19,17,25,41,3,3,0.4,0.4
2022-11-20T05:00:00,3562A,120.4148,30.8538,湖州市,南浔区站,细颗粒物(PM2.5),70,52,57,51,41,15,5,12,6,27,34,5,5,0.8,0.8
2022-11-20T05:00:00,3564A,121.2568,28.6681,台州市,台州科技职业学院,,25,25,33,15,20,35,10,33,26,30,37,6,7,0.5,0.6
2022-11-20T05:00:00,3565A,113.1367,40.1122,大同市,云冈站,颗粒物(PM10),74,98,80,43,29,89,4,4,4,38,30,41,29,1.4,1
2022-11-20T05:00:00,3566A,113.1186,40.2556,大同市,图书馆,颗粒物(PM10),62,74,81,34,31,84,4,10,6,22,24,5,12,1.1,1
2022-11-20T05:00:00,3567A,113.5931,40.0461,大同市,区一中,颗粒物(PM10),62,73,96,22,30,80,50,52,51,13,22,14,27,0.4,0.5
2022-11-20T05:00:00,3568A,113.06,36.0464,长治市,向阳小学,颗粒物(PM10),65,79,101,40,70,90,68,51,51,17,32,10,11,1.0,1
2022-11-20T05:00:00,3569A,112.8792,36.3144,长治市,屯留一中,,43,29,88,30,70,83,5,5,5,35,38,12,16,1.1,1.3
2022-11-20T05:00:00,3570A,113.235,36.3489,长治市,潞城四中,细颗粒物(PM2.5),104,123,112,78,75,80,4,5,5,53,50,34,17,2.4,1.6
2022-11-20T05:00:00,3571A,112.2931,39.53,朔州市,一水厂,颗粒物(PM10),72,94,82,20,25,93,4,6,5,47,30,11,12,0.8,0.9
2022-11-20T05:00:00,3572A,114.6419615,37.9001925,石家庄市,栾城区政府,细颗粒物(PM2.5),138,164,177,105,151,93,3,4,3,53,45,6,7,1.7,1.6
2022-11-20T05:00:00,3573A,114.8506765,38.0322033,石家庄市,藁城区实验学校,细颗粒物(PM2.5),85,106,161,63,126,86,0,0,0,49,45,5,7,1.5,1.3
2022-11-20T05:00:00,3574A,114.0504658,38.0591645,石家庄市,井陉矿区区委大楼,细颗粒物(PM2.5),122,104,111,92,91,68,2,1,1,47,58,12,10,1.1,1.1
2022-11-20T05:00:00,3575A,118.09279,39.58089,唐山市,正泰大街热力站,细颗粒物(PM2.5),53,38,109,37,88,77,1,1,1,52,52,5,8,1.2,1.4
2022-11-20T05:00:00,3576A,118.1562,39.8322,唐山市,丰润区政府,细颗粒物(PM2.5),110,128,161,83,110,81,1,1,1,31,50,3,7,1.6,1.4
2022-11-20T05:00:00,3577A,118.43673,39.73809,唐山市,金山小学,细颗粒物(PM2.5),83,84,148,61,93,85,0,1,0,51,59,3,7,1.6,1.3
2022-11-20T05:00:00,3578A,118.24498,39.66941,唐山市,政府服务中心,细颗粒物(PM2.5),80,92,149,59,106,83,0,0,0,58,49,5,9,2.1,1.4
2022-11-20T05:00:00,3579A,114.50634,36.77178,邯郸市,永年区实验高中,细颗粒物(PM2.5),95,126,154,71,127,81,16,21,13,30,35,3,6,0.8,1.4
2022-11-20T05:00:00,3580A,114.20016,36.44293,邯郸市,峰峰矿区临水派出所,,43,40,119,30,85,77,2,1,1,31,31,6,7,2.4,2.2
2022-11-20T05:00:00,3581A,115.31981,38.95208,保定市,满城区生态环境分局,细颗粒物(PM2.5),215,239,224,165,168,74,4,4,4,56,50,14,13,1.3,1.5
2022-11-20T05:00:00,3582A,115.47694,38.76408,保定市,清苑区第二中学,细颗粒物(PM2.5),219,256,211,169,164,68,5,5,5,59,50,11,11,1.5,1.3
2022-11-20T05:00:00,3583A,115.62909,39.02311,保定市,徐水物探局,细颗粒物(PM2.5),160,192,182,122,146,87,3,3,3,45,45,12,11,1.4,1.5
2022-11-20T05:00:00,3590A,113.8374,34.5589,郑州市,北区建设指挥部,,35,35,59,23,36,80,31,32,31,26,30,7,7,1.2,1.3
2022-11-20T05:00:00,3591A,113.30952,34.803229,郑州市,上街区政府,细颗粒物(PM2.5),72,59,76,52,59,104,12,4,4,33,30,4,8,1.2,1.1
2022-11-20T05:00:00,3592A,114.4644,34.7556,开封市,祥符区生态环境局,细颗粒物(PM2.5),88,97,95,65,72,45,7,4,4,43,40,4,3,0.7,0.8
2022-11-20T05:00:00,3593A,112.5736,34.8993,洛阳市,吉利监测站,细颗粒物(PM2.5),138,112,80,105,77,97,10,19,16,26,24,4,4,0.8,0.7
2022-11-20T05:00:00,3594A,112.8867,33.9116,平顶山市,石龙区,,,,,,,104,0,8,2,48,44,3,6,1.1,0.9
2022-11-20T05:00:00,3596A,114.1572,35.9603,鹤壁市,南山宾馆,细颗粒物(PM2.5),75,96,93,55,83,65,17,10,10,33,34,11,5,0.9,1.3
2022-11-20T05:00:00,3597A,113.8134,34.1251,许昌市,建安区兴业大厦,,49,49,50,28,30,89,4,14,11,34,26,4,4,0.8,0.9
2022-11-20T05:00:00,3598A,111.1,34.7167,三门峡市,富达温泉假日酒店,细颗粒物(PM2.5),135,120,123,103,87,90,39,40,39,23,32,10,13,1.1,1.1
2022-11-20T05:00:00,3599A,106.2649,29.9851,重庆市,书院路,细颗粒物(PM2.5),100,95,93,75,82,113,18,25,22,22,23,8,9,0.6,0.6
2022-11-20T05:00:00,3600A,106.2339,29.5559,重庆市,虎峰,细颗粒物(PM2.5),70,61,88,51,76,116,60,72,67,14,21,10,12,0.6,0.7
2022-11-20T05:00:00,3601A,106.0499,29.8342,重庆市,龙门街,细颗粒物(PM2.5),99,87,72,74,64,109,19,34,24,25,28,10,10,0.6,0.6
2022-11-20T05:00:00,3604A,119.3266,35.1044,日照市,岚山环保分局,,49,39,38,34,27,86,26,28,21,41,45,11,14,2.3,2.1
2022-11-20T05:00:00,3605A,109.09,34.5236,西安市,无线电监控中心,细颗粒物(PM2.5),99,126,149,74,93,80,3,3,3,49,51,10,11,0.7,0.8
2022-11-20T05:00:00,3610A,105.5933,29.4105,重庆市,昌元,细颗粒物(PM2.5),97,94,75,72,53,123,31,34,33,26,30,13,10,0.7,0.8
2022-11-20T05:00:00,3612A,85.1045,45.6899,克拉玛依市,白碱滩区新站,,33,33,22,9,7,46,16,13,9,18,12,5,6,0.3,0.2
2022-11-20T05:00:00,3613A,87.3095,44.0142,昌吉州,亚心广场,细颗粒物(PM2.5),64,53,42,46,32,47,18,37,25,27,19,8,10,0.9,0.7
2022-11-20T05:00:00,3614A,79.924,37.0877,和田地区,地区环保局,颗粒物(PM10),106,161,206,36,44,91,59,64,61,11,16,5,8,1.3,1.4
2022-11-20T05:00:00,3615A,79.9131,37.113,和田地区,市环保局,颗粒物(PM10),81,112,159,34,40,83,40,43,38,27,21,10,11,1.4,1.3
2022-11-20T05:00:00,3616A,106.7616,31.8344,巴中市,市中心医院,,49,49,47,22,31,63,2,2,2,15,20,4,5,0.6,0.6
2022-11-20T05:00:00,3617A,105.8047,32.4166,广元市,经开区,,46,35,44,32,30,65,15,51,27,26,21,6,8,0.6,0.6
2022-11-20T05:00:00,3618A,112.4701,37.782,太原市,金胜,颗粒物(PM10),93,135,156,67,92,67,2,4,3,61,62,7,7,1.1,0.9
2022-11-20T05:00:00,3619A,113.617,37.8571,阳泉市,龙柱,颗粒物(PM10),91,131,124,51,63,87,6,7,6,49,54,22,15,1.3,1.1
2022-11-20T05:00:00,3620A,112.8271,35.4828,晋城市,泽州一中,细颗粒物(PM2.5),119,98,93,90,74,97,34,72,53,43,34,4,5,0.9,0.9
2022-11-20T05:00:00,3621A,106.8288,39.6778,乌海市,聚英学校,颗粒物(PM10),103,156,188,51,59,77,8,7,7,39,57,23,46,0.6,1.2
2022-11-20T05:00:00,3622A,113.5556,24.8082,韶关市,碧湖山庄,,25,25,22,17,11,36,18,24,21,10,10,16,9,0.8,0.8
2022-11-20T05:00:00,3623A,113.8953,22.5861,深圳市,西乡,颗粒物(PM10),53,56,82,30,37,212,24,18,18,35,53,7,7,0.7,0.7
2022-11-20T05:00:00,3624A,116.4069,23.2533,汕头市,潮南子站,,30,25,41,21,23,150,58,79,64,12,16,8,10,0.6,0.8
2022-11-20T05:00:00,3625A,113.2544,22.7642,佛山市,容桂街道办,,46,46,50,27,30,147,9,36,17,41,38,5,6,1.1,1
2022-11-20T05:00:00,3626A,113.7533,23.0202,东莞市,南城元岭,,23,23,44,13,26,152,46,57,50,18,27,11,11,0.9,0.8
2022-11-20T05:00:00,3627A,113.7875,23.0457,东莞市,东城主山,,25,25,45,15,26,144,38,56,47,25,31,8,8,0.8,0.8
2022-11-20T05:00:00,3628A,112.0336,22.9374,云浮市,文笔,,42,42,75,23,40,137,50,26,26,18,31,13,15,0.7,0.9
2022-11-20T05:00:00,3629A,101.8305,36.5786,西宁市,世纪职校,颗粒物(PM10),52,54,67,19,26,92,15,27,20,36,31,9,14,1.3,1.2
2022-11-20T05:00:00,3630A,101.7413,36.6397,西宁市,师大城西校区,细颗粒物(PM2.5),63,61,76,45,38,99,7,6,6,37,36,20,16,1.7,1.4
2022-11-20T05:00:00,3631A,114.6063,38.0266,石家庄市,高新区,,,,,,,,,,,,,,,,
2022-11-20T05:00:00,3633A,118.4918,31.6809,马鞍山市,雨山,,38,21,30,26,28,34,17,27,23,22,22,14,12,1.0,1
2022-11-20T05:00:00,3634A,116.9884,33.6305,宿州市,宿州学院,细颗粒物(PM2.5),60,53,58,43,38,50,43,39,39,19,24,1,2,0.5,0.4
2022-11-20T05:00:00,3635A,112.3677,34.662,洛阳市,河科大西苑校区,细颗粒物(PM2.5),158,148,114,120,87,102,35,32,32,25,32,5,7,1.2,1.1
2022-11-20T05:00:00,3636A,112.4388,34.6781,洛阳市,英才小学,细颗粒物(PM2.5),155,146,130,118,95,96,20,25,24,30,36,6,7,1.0,0.9
2022-11-20T05:00:00,3637A,131.0176,45.7761,七台河市,人民广场,,20,15,34,11,24,62,61,59,58,3,14,8,9,0.4,0.5
2022-11-20T05:00:00,3638A,104.7636,29.3338,自贡市,轻化工大学,细颗粒物(PM2.5),79,75,91,58,59,118,49,41,41,18,35,8,6,0.5,0.6
2022-11-20T05:00:00,3639A,104.4019,31.1244,德阳市,市教育局,细颗粒物(PM2.5),70,72,73,51,47,100,55,35,35,18,42,7,6,0.7,0.8
2022-11-20T05:00:00,3642A,120.3503,36.0736,青岛市,市北区南部,,45,45,47,31,30,95,20,12,12,48,64,5,5,0.9,0.9
2022-11-20T05:00:00,3643A,120.3948,36.1805,青岛市,李沧区北部,,45,44,56,31,38,84,23,32,25,36,67,6,8,0.7,0.8
2022-11-20T05:00:00,3644A,117.8661,36.805,淄博市,三金集团,细颗粒物(PM2.5),199,227,180,149,114,80,2,2,2,57,55,11,15,1.5,1.3
2022-11-20T05:00:00,3645A,118.0253,36.8406,淄博市,东风化工厂,细颗粒物(PM2.5),220,227,159,170,124,72,0,0,0,69,63,30,20,1.5,1.3
2022-11-20T05:00:00,3646A,118.4978,37.4623,东营市,胜利站,细颗粒物(PM2.5),64,46,129,46,124,110,17,24,20,31,49,6,22,1.3,1.3
2022-11-20T05:00:00,3647A,115.4702,35.2706,菏泽市,菏泽医专,细颗粒物(PM2.5),94,81,136,70,122,70,66,66,66,14,31,2,6,0.5,0.7
2022-11-20T05:00:00,3648A,106.2112,37.9768,吴忠市,文卫南街,颗粒物(PM10),99,148,106,49,36,75,6,8,7,33,31,9,11,0.9,0.9
2022-11-20T05:00:00,3650A,105.1698,37.5162,中卫市,沙坡头区政府站,颗粒物(PM10),101,151,135,54,51,80,2,2,2,49,44,20,9,0.6,0.7
2022-11-20T05:00:00,3651A,108.9543,34.8732,铜川市,旺旺集团,颗粒物(PM10),70,89,123,49,48,89,40,40,37,32,40,8,10,0.4,0.5
2022-11-20T05:00:00,3652A,109.4809,36.5786,延安市,西北局旧址,颗粒物(PM10),64,78,100,32,38,81,2,2,2,37,44,7,8,0.7,0.7
2022-11-20T05:00:00,3653A,111.3119,30.7273,宜昌市,云深路,细颗粒物(PM2.5),52,52,81,36,49,110,27,35,33,21,31,6,7,0.6,0.7
2022-11-20T05:00:00,3654A,114.8094,30.4089,鄂州市,精准医疗中心,颗粒物(PM10),55,59,42,29,21,74,2,25,16,57,29,5,4,0.8,0.7
2022-11-20T05:00:00,3655A,114.3375,29.8683,咸宁市,长江产业园,,39,39,43,18,34,61,1,7,2,20,25,7,8,0.6,0.7
2022-11-20T05:00:00,3656A,120.1556,30.2864,杭州市,消防大队,,39,36,30,27,20,19,6,10,8,35,43,5,5,0.7,0.8
2022-11-20T05:00:00,3658A,120.6153,30.0764,绍兴市,袍江中学,,40,37,31,28,24,14,10,10,10,28,42,5,5,0.8,0.9
2022-11-20T05:00:00,3659A,119.656,29.1131,金华市,气象局,,35,30,34,24,21,16,2,2,2,31,38,8,6,1.4,1.2
2022-11-20T05:00:00,3661A,112.5667,37.8875,太原市,坝陵桥,,,,,,,,,,,,,,,,
2022-11-20T05:00:00,3662A,123.6333,47.2075,齐齐哈尔市,富区青少年活动中心,颗粒物(PM10),55,60,51,17,17,46,28,36,33,14,10,59,21,2.0,0.9
2022-11-20T05:00:00,3663A,124.1164,50.4278,大兴安岭地区,红旗社区,细颗粒物(PM2.5),59,48,53,42,40,39,26,28,22,13,21,6,12,0.5,0.6
2022-11-20T05:00:00,3664A,119.4172,34.7341,连云港市,连云街道,,24,10,12,8,8,101,75,69,62,10,18,3,4,0.3,0.3
2022-11-20T05:00:00,3665A,76.1658,39.7157,克孜勒苏柯尔克孜自治州,克州文化中心,颗粒物(PM10),85,119,112,9,19,88,70,61,61,9,14,10,11,0.4,0.6
2022-11-20T05:00:00,3667A,111.0283,35.0547,运城市,水利职院,细颗粒物(PM2.5),119,128,163,90,104,104,32,61,39,30,36,17,13,1.6,1.2
2022-11-20T05:00:00,3668A,111.5036,36.0414,临汾市,城南,细颗粒物(PM2.5),135,153,174,103,129,93,4,4,4,32,46,3,5,1.4,1.7
2022-11-20T05:00:00,3669A,114.4705,36.0637,安阳市,左辅环卫站,,31,31,119,11,118,71,18,35,25,28,27,4,6,0.7,1.1
2022-11-20T05:00:00,3670A,111.0522,35.0439,运城市,禹都公园,细颗粒物(PM2.5),107,126,152,80,110,99,30,70,47,29,31,12,13,1.3,1.1
2022-11-20T05:00:00,3671A,116.088,39.9726,北京市,门头沟三家店,细颗粒物(PM2.5),90,96,156,67,114,62,21,13,13,26,45,3,3,0.5,0.9
2022-11-20T05:00:00,3672A,116.1541,39.8204,北京市,丰台云岗,细颗粒物(PM2.5),134,142,166,102,119,68,11,10,10,36,45,3,2,0.7,0.9
2022-11-20T05:00:00,3673A,116.6804,39.9081,北京市,通州东关,细颗粒物(PM2.5),202,212,186,152,123,69,1,1,1,55,54,1,3,1.2,1
2022-11-20T05:00:00,3674A,115.9577,39.7603,北京市,房山燕山,细颗粒物(PM2.5),125,116,146,95,112,134,30,32,31,14,31,3,2,0.7,0.8
2022-11-20T05:00:00,3675A,116.4672,39.7733,北京市,大兴旧宫,,,184,163,105,107,78,2,3,2,62,46,2,2,1.6,1
2022-11-20T05:00:00,3676A,113.2802,40.0995,大同市,第二人民医院,颗粒物(PM10),66,82,82,36,31,87,5,7,6,39,31,20,15,1.7,1.1
2022-11-20T05:00:00,3677A,98.5881,24.4368,德宏州,芒市人民政府综合楼,,24,24,33,14,19,109,31,41,36,11,15,9,13,0.4,0.5
2022-11-20T05:00:00,3678A,116.5907,35.4054,济宁市,市第七中学,细颗粒物(PM2.5),92,56,57,68,59,69,15,37,27,50,34,7,8,0.7,0.7
2022-11-20T05:00:00,3682A,116.9814,36.6819,济南市,济南四建,细颗粒物(PM2.5),158,141,153,120,118,88,6,5,5,75,73,5,7,1.1,1.2
2022-11-20T05:00:00,3683A,109.8331,40.6576,包头市,昆区政府,颗粒物(PM10),64,78,96,31,38,61,2,4,3,46,58,17,20,1.0,1.3
2022-11-20T05:00:00,3684A,130.8781,45.8222,七台河市,新建矿广场,,,,50,20,26,55,49,54,44,15,33,11,29,0.4,0.6
2022-11-20T05:00:00,3685A,117.897,28.4315,上饶市,双创科技城,颗粒物(PM10),53,56,37,33,19,19,4,6,4,27,25,16,18,1.0,1
2022-11-20T05:00:00,3689A,113.9003,35.372,新乡市,行政服务中心,细颗粒物(PM2.5),135,153,100,103,70,47,2,3,2,33,36,6,5,1.1,1
2022-11-20T05:00:00,3690A,115.9721,28.7031,南昌市,外国语学校,,,,44,,24,33,,31,,,28,,5,,0.9
2022-11-20T05:00:00,3692A,118.2059,39.6585,唐山市,消防缸窑路中队,颗粒物(PM10),77,103,148,50,101,85,4,6,5,49,47,6,9,1.9,1.4
2022-11-20T05:00:00,3693A,118.1436,39.6202,唐山市,路南电大,细颗粒物(PM2.5),87,81,130,64,91,74,1,1,1,53,48,3,6,1.7,1.3
2022-11-20T05:00:00,3694A,115.986,40.4563,北京市,延庆石河营,,48,48,84,20,51,77,12,10,10,17,29,3,3,0.3,0.7
2022-11-20T05:00:00,3695A,116.6151,40.3053,北京市,怀柔新城,细颗粒物(PM2.5),125,122,126,95,93,55,15,18,17,18,36,3,3,0.7,0.8
2022-11-20T05:00:00,3696A,116.2545,39.8768,北京市,丰台小屯,细颗粒物(PM2.5),147,168,167,112,110,74,0,1,1,58,58,1,2,1.1,1
2022-11-20T05:00:00,3697A,116.84,40.3844,北京市,密云镇,细颗粒物(PM2.5),113,132,146,85,90,65,0,0,0,40,44,3,3,0.8,1
2022-11-20T05:00:00,3698A,111.5968,40.8178,呼和浩特市,红旗小学,颗粒物(PM10),54,58,79,20,39,61,6,6,6,47,40,7,10,0.5,0.6
2022-11-20T05:00:00,3699A,111.6518,40.8389,呼和浩特市,海东办,,48,48,83,22,44,65,3,3,3,49,42,8,11,0.6,0.8
2022-11-20T05:00:00,3700A,103.0456,29.9956,雅安市,康养中心(对照点),细颗粒物(PM2.5),84,72,53,62,42,102,65,97,86,10,12,8,8,0.5,0.5
2022-11-20T05:00:00,3701A,116.9648,33.6252,宿州市,皖北煤电集团,细颗粒物(PM2.5),59,54,52,42,38,51,35,33,33,28,28,1,1,0.4,0.5
2022-11-20T05:00:00,3703A,114.2917,36.0949,安阳市,安钢职工学校,细颗粒物(PM2.5),65,28,100,47,102,70,4,20,6,34,30,9,14,0.7,1
2022-11-20T05:00:00,3706A,122.2584,43.6333,通辽市,老干部活动中心,,25,25,58,12,34,84,31,37,33,14,18,6,9,0.5,0.6
2022-11-20T05:00:00,3707A,131.0207,45.3073,鸡西市,欧美日汽修厂,细颗粒物(PM2.5),87,74,72,64,44,46,40,23,23,21,29,16,12,0.6,0.7
2022-11-20T05:00:00,3708A,122.2922,43.6189,通辽市,东方明珠社区,,39,32,67,27,48,82,38,42,40,17,24,10,15,0.8,0.9
2022-11-20T05:00:00,3709A,130.9967,45.3106,鸡西市,市政设施管理处,,41,41,64,13,45,50,50,26,26,12,36,5,9,0.3,0.5
2022-11-20T05:00:00,3710A,121.5594,29.8975,宁波市,白沙活动中心,,32,32,36,21,28,15,9,11,11,26,40,6,6,0.8,0.9
2022-11-20T05:00:00,3713A,124.3419,43.1666,四平市,世纪城,,25,25,37,7,25,68,36,42,38,5,16,5,7,0.2,0.4
2022-11-20T05:00:00,3715A,117.3092,32.9314,蚌埠市,蚌埠田家炳中学,细颗粒物(PM2.5),82,82,66,60,47,50,15,23,18,26,26,5,5,0.4,0.4
2022-11-20T05:00:00,3719A,97.1714,31.1406,昌都市,昌都会议中心,,13,12,22,3,8,81,41,44,42,5,14,3,3,0.3,0.4
2022-11-20T05:00:00,3726A,88.8781,29.2426,日喀则市,林业技术推广中心,,33,30,26,23,15,91,20,18,18,14,13,5,7,1.0,0.8
2022-11-20T05:00:00,3728A,104.68,28.8071,宜宾市,白酒学院,细颗粒物(PM2.5),112,110,87,84,65,132,5,17,11,62,39,12,11,0.7,0.7
2022-11-20T05:00:00,3734A,118.35,37.26,东营市,理想之城,,,,,,,,,,,,,,,,
2022-11-20T05:00:00,3860A,118.3920,35.0300,临沂市,皇山花园小区,,35,29,29,24,26,61,38,39,39,26,35,4,4,0.7,0.7
2022-11-20T05:00:00,3861A,119.2041,36.7699,潍坊市,寒亭区实验一小,细颗粒物(PM2.5),53,51,66,37,48,90,9,10,10,38,45,6,8,1.1,0.9
2022-11-20T05:00:00,3866A,122.2469,40.66302,营口市,三高中,,26,26,83,14,58,94,48,69,59,19,36,8,9,0.6,0.7
2022-11-20T05:00:00,3867A,102.0738,36.5056,海东地区,平安区公安北苑,,46,46,76,24,31,91,24,38,27,17,22,8,16,0.5,0.6
2022-11-20T05:00:00,3981A,113.2449,35.1803,焦作市,原李万街道办（启用20220628）,细颗粒物(PM2.5),104,105,103,78,77,57,10,31,25,21,20,4,4,0.9,0.9
2022-11-20T05:00:00,4004A,115.4202,38.8656,保定市,双鹰农机,细颗粒物(PM2.5),203,188,184,153,173,75,1,1,1,52,54,12,9,1.4,1.4
2022-11-20T05:00:00,1001A,116.3621,39.8784,北京市,万寿西宫,细颗粒物(PM2.5),179,179,172,135,122,58,0,0,0,81,63,3,2,1.4,1.2
2022-11-20T05:00:00,1002A,116.2202,40.2915,北京市,定陵(对照点),细颗粒物(PM2.5),79,85,130,58,94,61,31,30,30,7,20,1,2,0.5,0.8
2022-11-20T05:00:00,1003A,116.4174,39.9289,北京市,东四,细颗粒物(PM2.5),193,196,185,145,132,57,1,17,4,62,44,4,4,1.2,1.1
2022-11-20T05:00:00,1004A,116.4072,39.8863,北京市,天坛,细颗粒物(PM2.5),147,150,146,112,112,67,2,2,2,52,36,1,3,1.4,1
2022-11-20T05:00:00,1005A,116.462,39.9365,北京市,农展馆,,,181,161,124,114,67,0,0,0,67,54,2,2,1.4,1.1
2022-11-20T05:00:00,1006A,116.3392,39.9295,北京市,官园,细颗粒物(PM2.5),168,181,176,127,125,66,0,0,0,64,56,3,4,1.2,1.1
2022-11-20T05:00:00,1007A,116.2878,39.9611,北京市,海淀万柳,细颗粒物(PM2.5),149,157,166,114,116,57,0,0,0,59,65,1,2,1.0,1.1
2022-11-20T05:00:00,1008A,116.6636,40.135,北京市,顺义新城,细颗粒物(PM2.5),118,148,177,89,98,50,1,1,1,47,57,3,3,0.8,1
2022-11-20T05:00:00,1009A,116.6275,40.3275,北京市,怀柔镇,细颗粒物(PM2.5),124,129,129,94,89,49,11,14,13,30,47,3,3,0.8,0.9
2022-11-20T05:00:00,1010A,116.2296,40.217,北京市,昌平镇,细颗粒物(PM2.5),68,74,134,49,96,58,14,29,20,27,33,3,3,0.4,0.9
2022-11-20T05:00:00,1011A,116.3966,39.9821,北京市,奥体中心,细颗粒物(PM2.5),152,158,170,116,126,69,8,11,10,52,54,3,2,1.0,1.1
2022-11-20T05:00:00,1012A,116.184,39.9136,北京市,古城,细颗粒物(PM2.5),137,154,174,104,114,60,3,2,2,51,55,3,2,1.0,1.2
2022-11-20T05:00:00,1015A,117.1444,39.1661,天津市,勤俭道,细颗粒物(PM2.5),212,234,206,162,152,84,1,2,1,68,56,6,8,1.5,1.3
2022-11-20T05:00:00,1017A,117.237,39.1082,天津市,大直沽八号路,细颗粒物(PM2.5),170,200,189,129,136,85,1,1,1,69,57,6,6,1.4,1.3
2022-11-20T05:00:00,1018A,117.202,39.0927,天津市,前进道,细颗粒物(PM2.5),189,210,198,142,135,91,3,5,4,79,61,8,8,1.6,1.3
2022-11-20T05:00:00,1019A,117.1837,39.2133,天津市,淮河道,细颗粒物(PM2.5),183,253,223,138,148,86,0,1,0,72,64,8,9,1.3,1.2
2022-11-20T05:00:00,1021A,117.307,39.0877,天津市,跃进路,细颗粒物(PM2.5),117,176,202,88,136,76,0,1,1,60,56,7,8,1.5,1.3
2022-11-20T05:00:00,1023A,117.707,39.0343,天津市,第四大街,颗粒物(PM10),123,196,178,57,115,49,0,1,0,69,64,6,7,1.6,1.3
2022-11-20T05:00:00,1024A,117.457,38.8394,天津市,永明路,颗粒物(PM10),81,112,166,40,102,72,1,0,0,62,59,5,8,1.5,1.1
2022-11-20T05:00:00,1026A,117.764,39.1587,天津市,汉北路,颗粒物(PM10),89,127,167,48,109,62,1,4,2,64,58,7,9,1.1,1
2022-11-20T05:00:00,1027A,117.157,38.9194,天津市,团泊洼(对照点),颗粒物(PM10),70,89,159,34,108,68,0,0,0,64,58,4,5,1.5,1.3
2022-11-20T05:00:00,1029A,114.4422,38.0444,石家庄市,职工医院,细颗粒物(PM2.5),225,219,193,175,158,83,3,3,3,56,52,2,3,1.6,1.4
2022-11-20T05:00:00,1030A,114.6063,38.0266,石家庄市,高新区,细颗粒物(PM2.5),155,222,187,118,136,98,3,2,2,58,48,3,4,1.4,1.3
2022-11-20T05:00:00,1031A,114.4898,38.1328,石家庄市,西北水源,细颗粒物(PM2.5),202,240,189,152,126,83,8,4,4,48,50,4,5,1.8,1.6
2022-11-20T05:00:00,1032A,114.4586,38.0058,石家庄市,西南高教,细颗粒物(PM2.5),230,234,189,180,159,75,4,2,2,44,48,4,5,1.7,1.5
2022-11-20T05:00:00,1033A,114.5331,38.0178,石家庄市,世纪公园,细颗粒物(PM2.5),165,206,175,125,139,81,1,0,0,53,46,5,6,1.8,1.7
2022-11-20T05:00:00,1034A,114.509,38.0457,石家庄市,人民会堂,细颗粒物(PM2.5),233,227,189,183,170,94,4,3,3,58,48,1,3,1.6,1.5
2022-11-20T05:00:00,1035A,114.3524,37.8911,石家庄市,封龙山(对照点),细颗粒物(PM2.5),145,144,125,111,92,96,72,96,76,28,33,,,2.3,1.6
2022-11-20T05:00:00,1037A,118.131,39.6363,唐山市,雷达站,细颗粒物(PM2.5),122,159,161,92,112,80,3,3,3,65,60,3,4,1.7,1.3
2022-11-20T05:00:00,1038A,118.1725,39.6334,唐山市,物资局,颗粒物(PM10),80,110,144,53,90,71,0,0,0,62,56,6,9,1.8,1.4
2022-11-20T05:00:00,1040A,118.1705,39.6506,唐山市,十二中,细颗粒物(PM2.5),118,136,145,89,97,76,0,0,0,55,56,6,6,1.9,1.3
2022-11-20T05:00:00,1041A,118.1869,39.622,唐山市,小山,细颗粒物(PM2.5),85,89,142,63,97,76,0,0,0,57,55,5,8,1.7,1.3
2022-11-20T05:00:00,1042A,119.5134,39.8207,秦皇岛市,北戴河环保局,颗粒物(PM10),93,135,112,65,76,82,3,12,3,59,50,5,7,0.9,1
2022-11-20T05:00:00,1043A,119.7493,40.0116,秦皇岛市,第一关,细颗粒物(PM2.5),84,86,123,62,87,94,37,15,15,18,49,12,10,0.7,1.1
2022-11-20T05:00:00,1044A,119.5897,39.9499,秦皇岛市,监测站,细颗粒物(PM2.5),72,81,115,52,78,88,21,5,5,28,43,13,11,0.7,1.1
2022-11-20T05:00:00,1046A,119.5251,39.9041,秦皇岛市,建设大厦,细颗粒物(PM2.5),77,90,120,56,73,97,27,8,8,43,54,13,13,0.8,1.2
2022-11-20T05:00:00,1047A,114.5129,36.61763,邯郸市,环保局,,,,,,,,,,,,,,,,
2022-11-20T05:00:00,1048A,114.5302,36.6116,邯郸市,东污水处理厂,细颗粒物(PM2.5),108,103,126,81,113,83,9,24,17,27,29,16,6,0.9,1.3
2022-11-20T05:00:00,1049A,114.4918,36.5713,邯郸市,矿院,颗粒物(PM10),55,60,130,34,112,88,6,24,13,44,36,4,11,0.9,1.4
2022-11-20T05:00:00,1050A,114.484,36.6133,邯郸市,丛台公园,细颗粒物(PM2.5),85,79,133,63,117,85,13,26,19,29,30,5,6,0.8,1.2
2022-11-20T05:00:00,1051A,115.493,38.8632,保定市,游泳馆,细颗粒物(PM2.5),239,226,197,189,187,79,1,1,1,67,55,12,9,1.4,1.4
2022-11-20T05:00:00,1052A,115.5213,38.8959,保定市,华电二区,细颗粒物(PM2.5),170,176,184,129,177,82,4,4,4,80,62,8,7,1.7,1.7
2022-11-20T05:00:00,1053A,115.4713,38.9108,保定市,接待中心,细颗粒物(PM2.5),214,244,215,164,170,75,0,0,0,58,44,6,6,1.1,1.2
2022-11-20T05:00:00,1054A,115.4612,38.8416,保定市,地表水厂,细颗粒物(PM2.5),205,248,216,155,146,64,1,2,2,51,51,9,7,1.5,1.3
2022-11-20T05:00:00,1055A,115.4323,38.8697,保定市,胶片厂,,,,,,,,,,,,,,,,
2022-11-20T05:00:00,1056A,115.5086,38.8639,保定市,监测站,细颗粒物(PM2.5),242,235,206,192,178,83,5,6,5,70,58,7,7,1.3,1.5
2022-11-20T05:00:00,1057A,114.8883,40.8336,张家口市,人民公园,,26,26,66,2,33,84,41,46,44,13,21,5,7,0.2,0.4
2022-11-20T05:00:00,1059A,114.8687,40.8042,张家口市,五金库,,32,32,57,15,39,78,48,58,53,4,16,9,10,0.0,0.4
2022-11-20T05:00:00,1060A,114.8902,40.762,张家口市,世纪豪园,,32,32,75,19,43,80,45,52,48,4,19,3,3,0,0.2
2022-11-20T05:00:00,1061A,114.8916,40.8661,张家口市,北泵房(对照点),,36,36,73,4,41,91,42,52,48,15,24,6,11,0.6,0.8
2022-11-20T05:00:00,1062A,117.9531,40.9081,承德市,铁路,颗粒物(PM10),56,62,100,31,48,76,4,5,5,39,48,8,14,0.7,1.1
2022-11-20T05:00:00,1063A,117.9392,40.9763,承德市,中国银行,,47,47,90,27,52,80,2,2,2,36,41,4,9,0.6,0.9
2022-11-20T05:00:00,1064A,117.9503,40.928,承德市,开发区,细颗粒物(PM2.5),63,66,87,45,47,85,5,5,5,40,48,6,12,1.0,1.2
2022-11-20T05:00:00,1065A,117.8051,40.9655,承德市,文化中心,颗粒物(PM10),68,85,116,46,66,80,4,3,3,39,43,3,12,0.6,1
2022-11-20T05:00:00,1066A,117.9268,41.0026,承德市,离宫(对照点),颗粒物(PM10),51,52,80,25,42,88,7,14,12,29,26,9,12,0.4,0.6
2022-11-20T05:00:00,1067A,116.6708,39.5111,廊坊市,药材公司,细颗粒物(PM2.5),166,233,198,126,122,88,1,6,2,77,59,8,8,1.3,1.1
2022-11-20T05:00:00,1068A,116.7214,39.5589,廊坊市,开发区,颗粒物(PM10),89,128,161,56,110,90,6,6,6,84,78,7,8,1.4,1.2
2022-11-20T05:00:00,1070A,116.7244,39.5269,廊坊市,北华航天学院,细颗粒物(PM2.5),135,167,195,103,135,89,4,5,4,86,65,5,7,1.4,1.2
2022-11-20T05:00:00,1071A,116.8842,38.2991,沧州市,沧县城建局,细颗粒物(PM2.5),94,79,197,70,179,64,1,0,0,45,67,4,6,1.2,1.3
2022-11-20T05:00:00,1072A,116.8584,38.3254,沧州市,电视转播站,细颗粒物(PM2.5),75,95,204,55,157,70,6,6,6,50,65,7,7,1.2,1.4
2022-11-20T05:00:00,1073A,116.8709,38.3228,沧州市,市环保局,细颗粒物(PM2.5),109,128,215,82,176,75,21,20,20,46,64,5,8,1.2,1.4
2022-11-20T05:00:00,1074A,115.6838,37.7541,衡水市,电机北厂,细颗粒物(PM2.5),143,162,221,109,165,87,6,4,4,44,55,6,9,0.9,1.3
2022-11-20T05:00:00,1075A,115.6303,37.7316,衡水市,市监测站,颗粒物(PM10),74,98,218,53,159,86,16,9,9,36,48,4,8,0.9,1.3
2022-11-20T05:00:00,1077A,114.4704,37.0886,邢台市,达活泉,细颗粒物(PM2.5),125,98,173,95,157,77,2,10,7,44,41,7,9,2.4,2.1
2022-11-20T05:00:00,1078A,114.5062,37.0349,邢台市,邢师高专,颗粒物(PM10),55,60,143,31,142,79,9,7,6,32,42,4,7,1.4,1.8
2022-11-20T05:00:00,1079A,114.5237,37.0851,邢台市,路桥公司,,,,186,,154,37,,33,,,46,,7,,1.8
2022-11-20T05:00:00,1080A,114.4725,37.0719,邢台市,市环保局,细颗粒物(PM2.5),104,104,181,78,153,76,0,8,5,40,40,5,8,2.0,1.8
2022-11-20T05:00:00,1081A,112.5139,37.8873,太原市,尖草坪,颗粒物(PM10),84,117,139,59,84,90,2,3,3,60,60,6,9,0.7,0.8
2022-11-20T05:00:00,1083A,112.434,38.0108,太原市,上兰(对照点),,,,,,,,,,,,,,,,
2022-11-20T05:00:00,1084A,112.469,37.7124,太原市,晋源,细颗粒物(PM2.5),88,118,143,65,93,69,3,7,5,65,69,8,10,1.3,1.6
2022-11-20T05:00:00,1085A,112.5583,37.7394,太原市,小店,颗粒物(PM10),96,141,151,61,84,78,2,2,2,65,63,8,9,1.1,1.2
2022-11-20T05:00:00,1086A,112.5369,37.8692,太原市,桃园,颗粒物(PM10),83,116,134,57,84,90,2,2,2,63,59,4,8,0.7,0.9
2022-11-20T05:00:00,1087A,112.57,37.8195,太原市,坞城,颗粒物(PM10),71,92,136,51,88,84,5,5,5,54,54,7,9,0.7,0.9
2022-11-20T05:00:00,1088A,112.549,37.9854,太原市,南寨,颗粒物(PM10),80,109,139,46,72,81,3,3,3,30,40,4,8,0.5,0.9
2022-11-20T05:00:00,1089A,112.4701,37.782,太原市,金胜,,,,,,,,,,,,,,,,
2022-11-20T05:00:00,1090A,111.6507,40.7517,呼和浩特市,呼市一监,颗粒物(PM10),51,51,69,11,23,76,22,12,12,35,39,5,11,0.5,0.8
2022-11-20T05:00:00,1091A,111.6572,40.8033,呼和浩特市,小召,颗粒物(PM10),52,53,81,19,42,74,16,9,9,44,41,11,16,0.6,0.7
2022-11-20T05:00:00,1094A,111.7516,40.8369,呼和浩特市,如意水处理厂,,50,50,65,16,33,50,8,8,8,49,42,3,4,0.9,1.1
2022-11-20T05:00:00,1095A,111.7276,40.8062,呼和浩特市,二十九中,颗粒物(PM10),54,58,74,19,35,71,19,22,21,41,37,7,12,1.0,1.2
2022-11-20T05:00:00,1096A,111.5512,40.7866,呼和浩特市,工大金川校区,,,,,,,,,,,,,,,,
2022-11-20T05:00:00,1097A,111.717,40.7612,呼和浩特市,化肥厂生活区,颗粒物(PM10),55,59,66,24,36,72,15,20,19,43,36,8,12,0.9,1
2022-11-20T05:00:00,1098A,123.6836,41.9339,沈阳市,森林路(对照点),,,,,,,,,,,,,,,,
2022-11-20T05:00:00,1099A,123.505,41.7406,沈阳市,浑南东路,,21,21,54,9,37,86,19,50,39,33,25,11,17,0.4,0.8
2022-11-20T05:00:00,1100A,123.4231,41.6989,沈阳市,新秀街,,22,8,58,15,40,82,43,53,46,15,28,13,37,0.5,0.9
2022-11-20T05:00:00,1102A,123.5903,41.8411,沈阳市,东陵路,,25,25,47,15,39,84,18,27,25,21,30,7,16,0.4,0.9
2022-11-20T05:00:00,1103A,123.4264,41.8467,沈阳市,陵东街,,13,13,55,4,32,78,31,49,40,19,30,7,16,0.6,1
2022-11-20T05:00:00,1104A,123.4114,41.7653,沈阳市,文化路,,13,10,58,6,39,84,34,45,36,26,31,23,27,0.4,0.8
2022-11-20T05:00:00,1105A,123.4678,41.7867,沈阳市,小河沿,,14,12,65,4,38,82,29,51,42,28,27,14,19,0.4,0.7
2022-11-20T05:00:00,1106A,123.4017,41.7972,沈阳市,太原街,,22,22,65,9,46,76,23,38,31,33,39,15,23,0.2,0.5
2022-11-20T05:00:00,1108A,123.3783,41.9228,沈阳市,京沈街,,22,22,58,11,41,78,39,49,43,14,31,14,20,0.3,0.8
2022-11-20T05:00:00,1109A,121.612,38.9741,大连市,甘井子,细颗粒物(PM2.5),168,148,86,127,69,92,59,70,64,39,38,6,9,0.9,0.6
2022-11-20T05:00:00,1110A,121.565,38.9511,大连市,周水子,细颗粒物(PM2.5),120,143,88,91,52,85,33,28,28,44,40,7,10,1.1,0.9
2022-11-20T05:00:00,1111A,121.5637,38.8845,大连市,星海三站,细颗粒物(PM2.5),155,148,100,118,81,83,48,58,56,45,32,15,9,0.9,0.7
2022-11-20T05:00:00,1112A,121.6302,38.9117,大连市,青泥洼桥,细颗粒物(PM2.5),139,168,122,106,65,92,26,46,37,54,35,6,8,1.7,1.1
2022-11-20T05:00:00,1113A,121.6251,38.8638,大连市,傅家庄,细颗粒物(PM2.5),153,132,74,117,59,104,46,81,70,41,25,15,8,1.2,0.9
2022-11-20T05:00:00,1114A,121.5213,38.8661,大连市,七贤岭,细颗粒物(PM2.5),87,100,75,64,45,84,43,43,43,15,24,5,5,0.9,0.8
2022-11-20T05:00:00,1115A,121.2529,38.8061,大连市,旅顺,细颗粒物(PM2.5),124,132,85,94,62,117,90,87,87,19,22,3,6,0.6,0.6
2022-11-20T05:00:00,1116A,121.7485,39.1311,大连市,金州,细颗粒物(PM2.5),123,138,75,93,48,90,64,61,61,23,31,8,9,0.8,0.7
2022-11-20T05:00:00,1117A,121.7811,39.0496,大连市,开发区,细颗粒物(PM2.5),148,134,77,113,56,102,70,57,57,42,45,10,9,0.9,0.8
2022-11-20T05:00:00,1118A,121.9762,39.0631,大连市,双D港,细颗粒物(PM2.5),93,119,60,69,48,97,73,48,48,12,19,8,9,1.1,0.8
2022-11-20T05:00:00,1119A,125.3325,43.9166,长春市,食品厂,,25,25,38,6,24,60,29,33,32,17,28,12,10,0.4,0.6
2022-11-20T05:00:00,1120A,125.2863,43.9027,长春市,客车厂,,23,23,35,9,25,62,26,38,34,19,25,16,10,0.3,0.5
2022-11-20T05:00:00,1121A,125.2841,43.8463,长春市,邮电学院,,28,28,35,6,21,79,18,40,33,31,25,23,12,0.3,0.6
2022-11-20T05:00:00,1122A,125.3716,43.8772,长春市,劳动公园,,22,22,35,4,20,72,26,45,38,26,25,16,11,0,0.2
2022-11-20T05:00:00,1123A,125.3297,43.8805,长春市,园林处,,19,19,34,4,20,74,30,39,34,18,22,6,7,0.3,0.5
2022-11-20T05:00:00,1124A,125.4605,43.79,长春市,净月潭,,23,23,29,4,16,81,26,42,34,10,11,5,6,0.2,0.4
2022-11-20T05:00:00,1125A,125.7194,43.515,长春市,甩湾子(对照点),,,,,,,,,,,,,,,,
2022-11-20T05:00:00,1126A,125.3863,43.8447,长春市,经开区环卫处,,21,21,37,8,20,75,28,42,38,22,24,15,9,0.2,0.4
2022-11-20T05:00:00,1127A,125.245,43.7783,长春市,高新区管委会,,24,24,32,7,21,72,30,41,34,14,17,6,6,0.2,0.3
2022-11-20T05:00:00,1128A,125.1761,43.8325,长春市,岱山公园,,,,35,,25,48,,45,,,22,,5,,0.4
2022-11-20T05:00:00,1129A,126.5422,45.755,哈尔滨市,岭北(对照点),,10,7,32,2,21,54,32,37,34,4,12,3,4,0,0
2022-11-20T05:00:00,1130A,126.561,45.8167,哈尔滨市,松北商大,,16,16,43,5,24,72,38,44,40,6,18,3,6,0.5,0.7
2022-11-20T05:00:00,1131A,126.979,45.5419,哈尔滨市,阿城会宁,,14,14,31,5,15,68,37,42,39,7,14,9,11,0.2,0.3
2022-11-20T05:00:00,1132A,126.599,45.7222,哈尔滨市,南岗学府路,,18,18,51,4,26,61,29,36,34,16,24,10,14,0.7,0.7
2022-11-20T05:00:00,1133A,126.689,45.7733,哈尔滨市,太平宏伟公园,,22,22,54,2,27,63,36,42,38,8,22,13,17,0.2,0.5
2022-11-20T05:00:00,1134A,126.635,45.7667,哈尔滨市,道外承德广场,,24,24,54,2,26,66,32,36,32,11,24,5,10,0.3,0.6
2022-11-20T05:00:00,1135A,126.685,45.7319,哈尔滨市,香坊红旗大街,,13,13,50,0,41,49,30,27,27,7,28,3,12,0.3,0.5
2022-11-20T05:00:00,1136A,126.6411,45.7258,哈尔滨市,动力和平路,,16,16,45,4,28,53,35,34,34,8,27,5,10,0.3,0.6
2022-11-20T05:00:00,1137A,126.593,45.7478,哈尔滨市,道里建国路,,16,16,45,11,30,59,32,34,32,11,26,3,7,0.6,1
2022-11-20T05:00:00,1138A,126.615,45.61,哈尔滨市,平房东轻厂,,11,10,37,7,22,63,34,35,35,7,11,5,7,0.3,0.4
2022-11-20T05:00:00,1139A,126.595,45.9855,哈尔滨市,呼兰师专,,25,25,53,14,35,73,40,42,41,4,16,9,13,0.5,0.7
2022-11-20T05:00:00,1140A,126.6206,45.6842,哈尔滨市,省农科院,,25,17,50,17,31,55,28,32,30,17,27,8,10,0.9,0.9
2022-11-20T05:00:00,1141A,121.4,31.238,上海市,普陀,细颗粒物(PM2.5),74,32,38,54,36,63,20,17,17,28,45,4,4,0.9,0.9
2022-11-20T05:00:00,1142A,121.478,31.2036,上海市,十五厂,细颗粒物(PM2.5),73,30,36,53,37,66,18,22,19,33,50,7,8,0.8,0.8
2022-11-20T05:00:00,1143A,121.467,31.3008,上海市,虹口,细颗粒物(PM2.5),74,66,44,54,35,56,11,15,13,23,39,5,6,0.8,1
2022-11-20T05:00:00,1144A,121.412,31.1654,上海市,徐汇上师大,细颗粒物(PM2.5),74,35,37,54,34,56,20,22,21,27,45,7,8,1.0,1
2022-11-20T05:00:00,1145A,121.536,31.2659,上海市,杨浦四漂,细颗粒物(PM2.5),79,70,45,58,36,61,18,26,22,34,54,8,8,0.7,0.7
2022-11-20T05:00:00,1146A,120.978,31.0935,上海市,青浦淀山湖(对照点),,,,,,,,,,,,,,,,
2022-11-20T05:00:00,1147A,121.425,31.2261,上海市,静安监测站,细颗粒物(PM2.5),77,68,55,56,36,65,21,19,19,30,46,5,6,0.8,0.8
2022-11-20T05:00:00,1148A,121.703,31.1907,上海市,浦东川沙,细颗粒物(PM2.5),79,42,35,58,35,78,16,22,20,32,44,5,6,0.7,0.7
2022-11-20T05:00:00,1149A,121.533,31.2284,上海市,浦东新区监测站,细颗粒物(PM2.5),87,70,48,64,38,57,14,19,17,27,37,5,6,0.9,0.8
2022-11-20T05:00:00,1150A,121.577,31.2071,上海市,浦东张江,细颗粒物(PM2.5),89,39,37,66,37,69,16,22,19,25,39,4,4,0.8,0.8
2022-11-20T05:00:00,1151A,118.8086,32.1065,南京市,迈皋桥,"颗粒物(PM10),细颗粒物(PM2.5)",70,89,55,51,30,54,33,41,37,19,25,5,4,0.4,0.4
2022-11-20T05:00:00,1152A,118.7538,32.0551,南京市,草场门,细颗粒物(PM2.5),55,48,33,39,27,47,40,36,36,20,29,2,2,0.5,0.4
2022-11-20T05:00:00,1153A,118.7794,32.0745,南京市,山西路,细颗粒物(PM2.5),70,61,43,51,31,57,42,41,41,13,23,3,4,0.4,0.3
2022-11-20T05:00:00,1154A,118.7752,32.0023,南京市,中华门,,48,48,41,29,26,46,19,37,29,25,28,3,4,0.3,0.4
2022-11-20T05:00:00,1155A,118.8109,32.0309,南京市,瑞金路,细颗粒物(PM2.5),52,35,32,36,30,46,43,36,36,7,20,3,3,0.7,0.7
2022-11-20T05:00:00,1156A,118.7997,32.0754,南京市,玄武湖,颗粒物(PM10),55,60,43,27,26,48,34,33,33,2,10,4,4,0.6,0.5
2022-11-20T05:00:00,1157A,118.6414,32.0931,南京市,浦口,细颗粒物(PM2.5),58,41,27,41,26,60,48,46,45,16,20,3,2,0.6,0.5
2022-11-20T05:00:00,1158A,118.7356,31.9996,南京市,奥体中心,细颗粒物(PM2.5),64,33,29,46,35,49,18,32,22,35,35,2,2,0.4,0.4
2022-11-20T05:00:00,1159A,118.9125,32.1028,南京市,仙林大学城,颗粒物(PM10),56,61,43,39,28,42,31,32,32,30,34,2,3,0.7,0.8
2022-11-20T05:00:00,1160A,120.561,31.2472,苏州市,上方山(对照点),颗粒物(PM10),51,51,45,27,26,21,21,17,17,10,27,5,5,0.8,0.8
2022-11-20T05:00:00,1161A,120.628,31.2864,苏州市,南门,,,,,,,,,,,,,,,,
2022-11-20T05:00:00,1162A,120.591,31.3019,苏州市,彩香,细颗粒物(PM2.5),63,49,54,45,40,28,28,19,19,14,33,5,5,0.9,1
2022-11-20T05:00:00,1163A,120.596,31.3264,苏州市,轧钢厂,细颗粒物(PM2.5),52,46,52,36,35,28,28,19,19,16,32,5,5,0.8,0.8
2022-11-20T05:00:00,1164A,120.613,31.2703,苏州市,吴中区,细颗粒物(PM2.5),55,50,55,39,37,30,30,23,23,13,37,7,7,0.7,0.7
2022-11-20T05:00:00,1165A,120.543,31.2994,苏州市,苏州新区,细颗粒物(PM2.5),53,43,50,37,38,35,35,24,24,10,31,6,6,0.8,0.8
2022-11-20T05:00:00,1166A,120.669,31.3097,苏州市,苏州工业园区,细颗粒物(PM2.5),53,45,48,37,34,28,28,18,18,18,40,5,6,0.8,0.9
2022-11-20T05:00:00,1167A,120.641,31.3708,苏州市,相城区,,40,40,45,9,17,21,21,18,18,16,34,5,5,0.8,0.8
2022-11-20T05:00:00,1168A,120.9098,31.9663,南通市,狼山街道,,39,25,26,27,28,84,30,33,32,22,31,6,7,0.5,0.5
2022-11-20T05:00:00,1169A,120.86,32.0005,南通市,虹桥,,32,29,30,22,31,80,36,38,35,18,32,6,5,0.7,0.7
2022-11-20T05:00:00,1170A,120.87,32.02,南通市,城中,细颗粒物(PM2.5),77,27,25,56,49,79,37,46,41,14,28,4,5,0.5,0.4
2022-11-20T05:00:00,1171A,120.94,31.93,南通市,星湖花园,细颗粒物(PM2.5),64,34,31,46,31,80,13,14,14,37,39,7,7,0.5,0.5
2022-11-20T05:00:00,1172A,120.81,32.0417,南通市,紫琅学院,细颗粒物(PM2.5),55,29,28,39,27,79,38,45,39,14,26,7,7,0.6,0.6
2022-11-20T05:00:00,1173A,119.176,34.5885,连云港市,市环境监测站,,22,9,16,5,9,88,68,68,66,14,18,6,6,0.3,0.4
2022-11-20T05:00:00,1177A,117.179,34.2761,徐州市,黄河新村,细颗粒物(PM2.5),98,83,70,73,50,60,6,10,9,42,40,18,10,1.1,1
2022-11-20T05:00:00,1178A,117.1918,34.2384,徐州市,淮塔,细颗粒物(PM2.5),98,92,74,73,51,67,18,17,17,28,31,9,8,1.1,1
2022-11-20T05:00:00,1180A,117.256,34.2153,徐州市,新城区,细颗粒物(PM2.5),99,98,64,74,45,80,12,10,10,37,30,14,9,1.0,0.9
2022-11-20T05:00:00,1181A,117.244,34.2911,徐州市,桃园路,细颗粒物(PM2.5),107,122,77,80,47,76,3,3,3,45,36,9,7,0.9,0.8
2022-11-20T05:00:00,1182A,117.2933,34.2778,徐州市,农科院,细颗粒物(PM2.5),100,97,58,75,38,66,2,2,2,48,39,9,6,0.7,0.6
2022-11-20T05:00:00,1186A,119.389,32.3761,扬州市,邗江监测站,,33,24,35,23,27,51,47,48,48,13,24,6,6,0.7,0.7
2022-11-20T05:00:00,1188A,120.269,31.4867,无锡市,雪浪,细颗粒物(PM2.5),62,63,49,44,32,32,32,25,25,17,30,4,5,0.9,0.8
2022-11-20T05:00:00,1189A,120.275,31.6219,无锡市,黄巷,细颗粒物(PM2.5),55,47,53,39,34,36,29,22,22,24,39,7,8,1.2,1
2022-11-20T05:00:00,1190A,120.294,31.56,无锡市,曹张,,49,39,38,34,34,40,40,26,26,12,33,8,8,0.9,1
2022-11-20T05:00:00,1191A,120.242,31.5031,无锡市,漆塘,颗粒物(PM10),56,61,43,34,31,36,36,27,27,24,38,9,9,0.8,0.8
2022-11-20T05:00:00,1192A,120.3489,31.5863,无锡市,东亭,细颗粒物(PM2.5),52,48,48,36,37,35,35,22,22,20,41,7,7,1.3,1.1
2022-11-20T05:00:00,1193A,120.354,31.5475,无锡市,旺庄,细颗粒物(PM2.5),73,66,49,53,38,30,30,20,20,18,37,8,8,1.2,1.1
2022-11-20T05:00:00,1194A,120.245,31.5631,无锡市,荣巷,细颗粒物(PM2.5),55,51,42,39,34,46,46,31,31,13,33,7,8,0.8,0.9
2022-11-20T05:00:00,1195A,120.299,31.6817,无锡市,堰桥,细颗粒物(PM2.5),62,63,47,44,35,42,42,29,29,11,36,6,6,0.7,0.8
2022-11-20T05:00:00,1196A,119.9633,31.762,常州市,市监测站,细颗粒物(PM2.5),57,53,71,40,41,44,39,36,36,19,38,5,5,0.6,0.8
2022-11-20T05:00:00,1200A,119.9468,31.7069,常州市,武进监测站,颗粒物(PM10),60,69,76,29,33,44,42,36,36,13,32,7,7,0.6,0.8
2022-11-20T05:00:00,1201A,119.9255,31.9087,常州市,安家,颗粒物(PM10),51,51,64,30,34,46,36,44,41,17,31,4,5,0.6,0.7
2022-11-20T05:00:00,1203A,119.6707,32.1875,镇江市,新区办事处,,23,19,30,16,23,56,48,53,48,30,34,3,3,0.5,0.6
2022-11-20T05:00:00,1204A,119.4974,32.1968,镇江市,职教中心,,45,23,36,31,45,72,61,59,59,14,24,3,4,0.5,0.6
2022-11-20T05:00:00,1205A,119.4303,32.1328,镇江市,丹徒区监测站,,42,30,34,29,31,50,50,48,48,16,26,3,4,0.4,0.5
2022-11-20T05:00:00,1206A,119.905,32.4878,泰州市,公园路,颗粒物(PM10),52,53,36,31,27,65,24,28,27,19,19,8,12,0.8,0.7
2022-11-20T05:00:00,1207A,119.9189,32.4625,泰州市,莲花,,,,32,,31,51,,56,,,24,,7,,0.5
2022-11-20T05:00:00,1209A,119.888,32.4639,泰州市,留学生创业园,细颗粒物(PM2.5),57,42,38,40,33,74,26,30,28,16,18,6,6,0.9,0.8
2022-11-20T05:00:00,1210A,119.036,33.5981,淮安市,钵池山,,24,24,16,13,13,67,49,54,50,14,21,6,6,0.2,0.3
2022-11-20T05:00:00,1211A,119.007,33.575,淮安市,北京南路,,33,19,21,23,26,58,45,50,45,13,25,6,7,0.3,0.5
2022-11-20T05:00:00,1212A,118.989,33.6067,淮安市,市监测站,,25,22,17,17,15,65,52,55,52,16,29,4,6,0.6,0.7
2022-11-20T05:00:00,1213A,119.135,33.5039,淮安市,楚州区监测站,,23,12,17,16,22,65,55,49,49,11,22,6,6,0.4,0.5
2022-11-20T05:00:00,1214A,119.0186,33.6297,淮安市,淮阴区监测站,,33,22,16,23,17,65,54,54,52,14,26,5,6,0.5,0.6
2022-11-20T05:00:00,1215A,120.118,33.4022,盐城市,盐城电厂,,20,9,14,11,12,99,63,72,68,10,13,6,6,0.4,0.5
2022-11-20T05:00:00,1216A,120.156,33.3942,盐城市,市监测站,,19,11,15,9,14,90,59,68,63,9,14,8,8,0.1,0.1
2022-11-20T05:00:00,1218A,120.2144,33.38,盐城市,开发区管委会,,19,15,16,9,9,95,60,72,67,20,21,6,9,0.2,0.2
2022-11-20T05:00:00,1220A,118.293,33.9528,宿迁市,宿迁学院,,28,28,31,14,22,55,22,24,21,24,26,6,5,0.8,0.8
2022-11-20T05:00:00,1221A,118.2442,33.9592,宿迁市,宿迁中学,,33,33,39,18,25,58,42,30,29,19,25,3,3,0.7,0.8
2022-11-20T05:00:00,1223A,120.2072,30.2111,杭州市,滨江,,40,40,30,28,20,17,13,15,14,28,43,6,5,0.7,0.7
2022-11-20T05:00:00,1224A,120.0633,30.2747,杭州市,西溪,,33,33,33,14,16,12,8,10,8,18,26,10,10,0.6,0.6
2022-11-20T05:00:00,1225A,119.026,29.635,杭州市,千岛湖(对照点),,,,,,,,,,,,,,,,
2022-11-20T05:00:00,1226A,120.3461,30.3153,杭州市,下沙,颗粒物(PM10),52,53,33,29,21,12,5,10,8,32,44,10,9,0.9,0.9
2022-11-20T05:00:00,1227A,120.1269,30.2456,杭州市,卧龙桥,,40,26,24,28,21,14,4,5,4,25,33,5,6,0.7,0.7
2022-11-20T05:00:00,1228A,120.1903,30.2692,杭州市,浙江农大,,36,33,26,25,20,18,11,17,15,29,38,6,6,0.6,0.7
2022-11-20T05:00:00,1229A,120.157,30.2897,杭州市,朝晖五区,,,,,,,,,,,,,,,,
2022-11-20T05:00:00,1230A,120.1197,30.3119,杭州市,和睦小学,,42,42,34,26,21,13,4,12,8,31,40,1,1,0.8,0.9
2022-11-20T05:00:00,1231A,120.3019,30.4183,杭州市,临平镇,颗粒物(PM10),54,58,37,36,21,32,8,14,12,30,38,7,6,0.7,0.8
2022-11-20T05:00:00,1232A,120.2697,30.1819,杭州市,城厢镇,,45,38,32,31,22,20,14,20,17,27,45,5,6,0.8,0.9
2022-11-20T05:00:00,1233A,120.0883,30.1808,杭州市,云栖,,38,38,34,18,14,16,6,8,7,19,29,6,6,0.7,0.7
2022-11-20T05:00:00,1234A,121.8358,29.911,宁波市,区环保大楼,,50,38,36,35,27,18,10,12,11,32,50,9,8,0.8,0.9
2022-11-20T05:00:00,1235A,121.56,29.82,宁波市,万里学院,,40,35,38,28,30,19,16,16,15,25,46,5,6,0.7,0.9
2022-11-20T05:00:00,1236A,121.713,29.9572,宁波市,龙赛医院,颗粒物(PM10),52,54,51,27,27,31,12,11,11,33,51,6,7,0.7,0.7
2022-11-20T05:00:00,1239A,121.633,29.7733,宁波市,钱湖水厂,,38,29,30,26,27,17,13,17,15,25,45,7,8,0.7,0.8
2022-11-20T05:00:00,1240A,121.5856,29.8635,宁波市,太古小学,,39,30,30,27,28,16,13,13,13,28,47,8,6,0.8,0.9
2022-11-20T05:00:00,1241A,121.524,29.8674,宁波市,市环境监测中心,,37,37,39,23,24,11,6,5,5,26,44,7,8,0.5,0.6
2022-11-20T05:00:00,1242A,120.634,28.0089,温州市,瓯海,,38,36,43,26,28,44,2,18,6,42,45,6,6,0.7,0.7
2022-11-20T05:00:00,1243A,120.6748,27.9939,温州市,南浦,,37,37,41,25,26,36,2,28,12,44,45,5,5,0.4,0.4
2022-11-20T05:00:00,1244A,120.76,27.9747,温州市,龙湾,颗粒物(PM10),51,51,47,22,20,27,2,7,5,46,54,5,6,0.8,0.7
2022-11-20T05:00:00,1245A,120.6709,28.0167,温州市,市站,,32,31,40,22,28,46,9,34,18,35,37,5,5,0.7,0.8
2022-11-20T05:00:00,1246A,120.598,30.0911,绍兴市,袍江站,,,,,,,,,,,,,,,,
2022-11-20T05:00:00,1247A,120.6053,29.9928,绍兴市,城东开发委,细颗粒物(PM2.5),53,50,44,37,29,17,4,10,9,27,40,9,8,0.7,0.8
2022-11-20T05:00:00,1250A,120.0751,30.8669,湖州市,城西水厂,细颗粒物(PM2.5),54,36,35,38,26,21,16,15,15,22,29,8,6,0.5,0.6
2022-11-20T05:00:00,1252A,120.7436,30.778,嘉兴市,清河小学,,40,40,34,27,25,22,8,17,12,26,35,7,7,0.9,0.7
2022-11-20T05:00:00,1253A,120.726,30.7478,嘉兴市,嘉兴学院,,50,43,37,35,29,21,13,18,14,28,38,5,6,0.7,0.6
2022-11-20T05:00:00,1255A,121.273,28.6459,台州市,黄岩环保大楼,,29,29,33,14,17,28,13,23,21,16,29,5,5,0.4,0.6
2022-11-20T05:00:00,1256A,121.419,28.6542,台州市,台州环保大楼,,38,33,29,26,23,33,10,26,20,22,37,7,6,0.4,0.5
2022-11-20T05:00:00,1257A,121.377,28.5773,台州市,路桥田洋王,,35,30,31,24,26,20,10,9,9,23,40,5,6,0.4,0.6
2022-11-20T05:00:00,1258A,122.122,30.0203,舟山市,定海檀枫,,40,35,23,28,17,69,24,24,22,26,20,5,4,0.7,0.4
2022-11-20T05:00:00,1259A,122.3094,29.9558,舟山市,普陀东港,,36,36,24,25,15,74,22,25,22,21,23,5,5,0.7,0.4
2022-11-20T05:00:00,1260A,122.19,29.9944,舟山市,临城新区,颗粒物(PM10),70,90,47,24,14,66,25,27,25,21,22,5,5,0.8,0.4
2022-11-20T05:00:00,1261A,119.649,29.1131,金华市,四中(停运161031),,,,,,,,,,,,,,,,
2022-11-20T05:00:00,1262A,119.647,29.077,金华市,十五中,,46,31,39,32,30,16,2,3,2,37,45,12,8,1.5,1.1
2022-11-20T05:00:00,1263A,119.686,29.1029,金华市,监测站,,38,33,34,26,22,18,3,2,2,26,31,7,5,1.0,0.8
2022-11-20T05:00:00,1264A,118.8692,28.9398,衢州市,环保大楼,细颗粒物(PM2.5),62,38,34,44,31,25,15,11,10,16,22,14,11,1.3,1.2
2022-11-20T05:00:00,1265A,118.8709,28.9666,衢州市,实验学校,,46,43,36,32,26,24,13,8,8,14,24,14,10,1.0,0.9
2022-11-20T05:00:00,1266A,118.8621,28.9808,衢州市,衢州学院,,30,29,33,21,25,26,2,5,4,22,24,7,9,1.0,0.9
2022-11-20T05:00:00,1267A,119.914,28.4514,丽水市,监测站大楼,,24,24,25,13,12,19,3,4,3,26,30,7,7,0.8,0.7
2022-11-20T05:00:00,1268A,119.93,28.4586,丽水市,莲都小学,,34,34,28,16,14,19,3,5,3,28,32,6,6,0.5,0.6
2022-11-20T05:00:00,1269A,119.879,28.4231,丽水市,余庄前,,25,25,23,13,11,23,3,3,3,17,26,6,6,0.6,0.6
2022-11-20T05:00:00,1270A,117.1959,31.7848,合肥市,明珠广场,颗粒物(PM10),51,51,51,31,30,47,42,38,38,14,24,8,7,0.4,0.4
2022-11-20T05:00:00,1271A,117.3072,31.8764,合肥市,三里街,颗粒物(PM10),51,51,59,27,33,40,40,29,29,17,30,6,6,0.4,0.6
2022-11-20T05:00:00,1272A,117.2588,31.8707,合肥市,琥珀山庄,,45,44,49,31,30,44,43,33,33,8,19,8,7,0.6,0.6
2022-11-20T05:00:00,1273A,117.1604,31.9052,合肥市,董铺水库(对照点),,46,46,45,22,25,51,48,35,35,9,15,4,4,0.3,0.3
2022-11-20T05:00:00,1274A,117.25,31.8571,合肥市,长江中路,细颗粒物(PM2.5),62,51,57,44,44,47,45,37,37,9,19,8,8,0.6,0.7
2022-11-20T05:00:00,1275A,117.266,31.9436,合肥市,庐阳区,颗粒物(PM10),57,63,56,39,32,46,40,33,33,13,19,5,5,0.5,0.5
2022-11-20T05:00:00,1276A,117.336,31.8586,合肥市,瑶海区,细颗粒物(PM2.5),67,51,61,48,43,45,45,31,31,13,29,10,10,0.7,0.7
2022-11-20T05:00:00,1277A,117.3027,31.7964,合肥市,包河区,细颗粒物(PM2.5),52,46,48,36,32,42,38,29,29,19,32,7,8,0.3,0.3
2022-11-20T05:00:00,1278A,117.2776,31.7385,合肥市,滨湖新区,,45,41,46,31,31,43,40,27,27,18,37,8,8,0.4,0.4
2022-11-20T05:00:00,1279A,117.1318,31.8403,合肥市,高新区,细颗粒物(PM2.5),52,46,51,36,33,50,43,38,38,19,24,4,5,0.5,0.5
2022-11-20T05:00:00,1280A,119.3903,26.0543,福州市,鼓山(对照点),,,,,,,,,,,,,,,,
2022-11-20T05:00:00,1282A,119.2681,26.0504,福州市,师大,,39,39,35,27,17,111,41,52,44,11,16,4,4,0.6,0.6
2022-11-20T05:00:00,1283A,119.2984,26.1028,福州市,五四北路,,43,43,36,28,20,103,23,35,28,22,19,5,3,0.4,0.5
2022-11-20T05:00:00,1284A,119.2648,26.0768,福州市,杨桥西路,,45,45,36,27,20,105,31,45,39,18,17,3,3,0.4,0.4
2022-11-20T05:00:00,1285A,119.317,26.0746,福州市,紫阳,,40,40,38,28,21,108,29,42,35,17,20,4,5,0.5,0.5
2022-11-20T05:00:00,1286A,118.1608,24.8169,厦门市,溪东(对照点),,,,,,,,,,,,,,,,
2022-11-20T05:00:00,1287A,118.1514,24.4767,厦门市,洪文,颗粒物(PM10),51,52,42,29,18,167,34,48,40,25,21,4,3,0.5,0.5
2022-11-20T05:00:00,1288A,118.0661,24.4444,厦门市,鼓浪屿,颗粒物(PM10),53,55,46,26,23,128,8,44,20,59,41,6,7,0.4,0.4
2022-11-20T05:00:00,1290A,115.8931,28.6843,南昌市,省外办,,47,47,46,25,24,37,15,31,27,28,24,18,6,0.8,0.8
2022-11-20T05:00:00,1291A,115.8886,28.7003,南昌市,省林业公司,,32,31,37,22,24,37,24,28,27,26,27,18,5,0.8,1
2022-11-20T05:00:00,1292A,115.8126,28.7442,南昌市,林科所,,25,19,25,17,19,56,49,53,52,9,17,7,7,0.7,0.8
2022-11-20T05:00:00,1294A,115.8518,28.687,南昌市,建工学校,,42,42,35,21,18,51,24,49,44,33,27,9,7,0.9,1
2022-11-20T05:00:00,1295A,115.8921,28.6424,南昌市,象湖,,42,35,32,29,25,43,30,37,35,25,25,5,5,0.6,0.7
2022-11-20T05:00:00,1296A,115.7423,28.7996,南昌市,武术学校(对照点),,33,12,20,23,19,48,17,21,20,3,5,11,11,0.8,0.9
2022-11-20T05:00:00,1298A,115.9314,28.6842,南昌市,省站,,50,50,48,28,30,48,35,29,29,20,27,13,7,1.0,1.1
2022-11-20T05:00:00,1299A,116.9862,36.6114,济南市,科干所,细颗粒物(PM2.5),132,136,156,100,102,86,22,28,24,29,41,5,6,1.0,1
2022-11-20T05:00:00,1300A,116.9376,36.665,济南市,农科所,颗粒物(PM10),99,147,161,68,89,86,2,2,2,54,64,5,7,0.9,0.9
2022-11-20T05:00:00,1301A,117.1265,36.6734,济南市,开发区,细颗粒物(PM2.5),148,142,158,113,107,86,17,8,8,46,56,7,9,0.8,0.9
2022-11-20T05:00:00,1303A,117.0624,36.6868,济南市,省种子仓库,细颗粒物(PM2.5),150,144,175,115,119,92,46,18,18,25,60,4,6,0.6,0.9
2022-11-20T05:00:00,1304A,116.9489,36.6447,济南市,机床二厂,细颗粒物(PM2.5),153,176,180,117,123,92,6,6,6,47,56,6,8,1.0,1.3
2022-11-20T05:00:00,1305A,117.0495,36.663,济南市,市监测站,细颗粒物(PM2.5),123,147,166,93,97,97,50,25,25,24,55,7,8,0.8,1
2022-11-20T05:00:00,1306A,116.7675,36.5484,济南市,长清党校,细颗粒物(PM2.5),119,117,168,90,123,93,6,19,11,55,50,3,6,1.0,1.2
2022-11-20T05:00:00,1307A,120.6659,36.2403,青岛市,仰口(对照点),,24,19,34,12,24,110,74,76,72,9,17,3,5,0.4,0.5
2022-11-20T05:00:00,1308A,120.3905,36.1851,青岛市,李沧区子站,,,,,,,,,,,,,,,,
2022-11-20T05:00:00,1309A,120.3471,36.0699,青岛市,市北区子站,,,,,,,,,,,,,,,,
2022-11-20T05:00:00,1310A,120.4134,36.0658,青岛市,市南区东部子站,,45,41,46,31,28,105,51,20,20,27,56,8,8,0.7,0.8
2022-11-20T05:00:00,1311A,120.3664,36.1032,青岛市,四方区子站,细颗粒物(PM2.5),52,51,55,36,36,84,7,16,11,57,65,6,6,0.9,0.9
2022-11-20T05:00:00,1312A,120.2994,36.054,青岛市,市南区西部子站,,39,39,41,27,24,114,20,27,26,54,52,7,8,0.9,0.8
2022-11-20T05:00:00,1313A,120.4581,36.0858,青岛市,崂山区子站,,39,36,47,27,22,114,37,27,27,35,57,5,6,0.5,0.6
2022-11-20T05:00:00,1314A,120.1983,35.9608,青岛市,黄岛区子站,细颗粒物(PM2.5),64,56,53,46,36,109,9,11,10,61,74,8,8,0.6,0.6
2022-11-20T05:00:00,1315A,120.3999,36.3083,青岛市,城阳区子站,,34,34,67,17,30,73,73,60,60,16,52,5,6,0.4,0.7
2022-11-20T05:00:00,1316A,113.69031,34.76122,郑州市,烟厂,细颗粒物(PM2.5),78,66,65,57,48,83,23,37,34,46,32,14,5,1.8,0.9
2022-11-20T05:00:00,1317A,113.65724,34.77134,郑州市,郑纺机,细颗粒物(PM2.5),97,56,66,72,62,96,13,37,30,40,30,9,10,1.4,1.3
2022-11-20T05:00:00,1318A,113.67526,34.80246,郑州市,银行学校,细颗粒物(PM2.5),52,50,66,36,61,86,7,46,35,43,34,8,9,1.0,1
2022-11-20T05:00:00,1319A,113.56746,34.81334,郑州市,供水公司,颗粒物(PM10),60,69,68,41,44,100,11,26,14,25,23,5,7,0.9,1
2022-11-20T05:00:00,1320A,113.7329,34.7178,郑州市,经开区管委,细颗粒物(PM2.5),85,55,67,63,56,83,15,25,23,39,35,7,6,0.8,0.8
2022-11-20T05:00:00,1321A,113.73961,34.77172,郑州市,四十七中,颗粒物(PM10),60,69,72,41,39,83,44,41,41,23,30,9,8,1.0,1.1
2022-11-20T05:00:00,1322A,113.60532,34.74838,郑州市,市监测站,颗粒物(PM10),60,69,78,39,41,111,22,32,26,29,30,2,3,0.8,0.8
2022-11-20T05:00:00,1323A,113.64164,34.7525,郑州市,河医大,细颗粒物(PM2.5),77,66,69,56,52,88,16,34,28,39,37,8,10,1.2,1.2
2022-11-20T05:00:00,1324A,113.51488,34.91089,郑州市,岗李水库(对照点),,,,,,,,,,,,,,,,
2022-11-20T05:00:00,1325A,114.3677,30.5584,武汉市,东湖梨园,,24,22,34,15,22,71,3,4,4,48,33,7,7,0.8,0.8
2022-11-20T05:00:00,1326A,114.2529,30.558,武汉市,汉阳月湖,,26,26,32,14,26,54,7,7,7,42,39,6,6,1.0,1
2022-11-20T05:00:00,1327A,114.282,30.6189,武汉市,汉口花桥,,37,37,36,12,21,72,4,4,4,41,36,4,4,0.8,0.9
2022-11-20T05:00:00,1328A,114.3025,30.5332,武汉市,武昌紫阳,,36,36,36,20,18,65,3,3,3,47,43,7,6,1.3,1
2022-11-20T05:00:00,1329A,114.3646,30.6217,武汉市,青山钢花,,45,35,37,31,28,74,4,4,4,39,39,8,8,0.9,0.9
2022-11-20T05:00:00,1330A,114.1566,30.4825,武汉市,沌口新区,颗粒物(PM10),56,62,52,37,24,68,9,7,7,64,52,10,7,1.1,1
2022-11-20T05:00:00,1331A,114.3014,30.5944,武汉市,汉口江滩,,26,26,27,15,14,74,6,12,9,44,35,7,6,0.8,0.8
2022-11-20T05:00:00,1333A,114.135,30.6319,武汉市,吴家山,,32,28,33,22,22,78,7,8,7,49,41,6,6,0.8,0.8
2022-11-20T05:00:00,1334A,113.8454,30.2917,武汉市,沉湖七壕(对照点),,23,15,29,16,31,75,0,0,0,37,26,8,8,0.8,0.8
2022-11-20T05:00:00,1335A,113.0833,28.2325,长沙市,经开区环保局,颗粒物(PM10),54,57,75,35,52,68,4,14,7,46,33,6,6,1.0,0.9
2022-11-20T05:00:00,1336A,112.8872,28.2189,长沙市,高开区环保局,细颗粒物(PM2.5),70,52,63,51,63,73,6,5,5,36,23,7,7,0.8,0.7
2022-11-20T05:00:00,1337A,113.0792,28.2053,长沙市,马坡岭,细颗粒物(PM2.5),60,53,77,43,62,68,1,3,1,35,34,6,6,0.9,0.8
2022-11-20T05:00:00,1338A,112.9394,28.19,长沙市,湖南师范大学,,40,39,68,28,53,65,7,21,15,29,19,3,3,0.6,0.7
2022-11-20T05:00:00,1339A,113.0178,28.1322,长沙市,雨花区环保局,细颗粒物(PM2.5),77,66,82,56,69,62,0,1,0,48,34,6,6,1.0,0.7
2022-11-20T05:00:00,1340A,112.9792,28.2597,长沙市,伍家岭,细颗粒物(PM2.5),59,49,53,42,56,78,4,5,5,38,29,5,6,0.8,0.7
2022-11-20T05:00:00,1341A,113.0014,28.1944,长沙市,火车新站,"颗粒物(PM10),细颗粒物(PM2.5)",55,60,78,39,53,66,4,7,5,58,31,6,6,1.1,0.9
2022-11-20T05:00:00,1342A,112.9844,28.1178,长沙市,天心区环保局,细颗粒物(PM2.5),72,65,87,52,69,66,2,3,2,41,36,6,6,0.7,0.6
2022-11-20T05:00:00,1343A,112.8908,28.1308,长沙市,湖南中医药大学,细颗粒物(PM2.5),78,55,81,57,69,64,0,0,0,33,30,2,3,0.6,0.7
2022-11-20T05:00:00,1344A,112.9581,28.3611,长沙市,沙坪(对照点),,35,13,64,24,47,65,7,24,16,16,12,3,4,0.6,0.6
2022-11-20T05:00:00,1345A,113.2347,23.1423,广州市,广雅中学,,23,23,59,11,29,121,27,15,15,25,41,6,5,1.0,1
2022-11-20T05:00:00,1346A,113.2612,23.105,广州市,市五中,,19,19,49,11,29,148,32,28,28,27,33,7,7,0.9,0.8
2022-11-20T05:00:00,1348A,113.3478,23.0916,广州市,广东商学院,,,,,,,,,,,,,,,,
2022-11-20T05:00:00,1349A,113.4332,23.1047,广州市,市八十六中,,21,21,57,10,26,113,30,33,26,22,34,4,4,1.0,0.9
2022-11-20T05:00:00,1350A,113.3505,22.9483,广州市,番禺中学,,26,26,55,14,27,143,25,30,26,27,36,7,7,0.9,0.8
2022-11-20T05:00:00,1351A,113.2146,23.3916,广州市,花都师范,,22,22,44,14,26,116,23,35,32,22,24,8,8,0.9,0.8
2022-11-20T05:00:00,1352A,113.2597,23.1331,广州市,市监测站,,20,20,54,11,29,143,26,22,22,29,35,7,6,1.0,1
2022-11-20T05:00:00,1353A,113.5618,23.312,广州市,九龙镇镇龙,,16,16,51,9,31,117,29,26,26,22,24,6,6,0.9,0.8
2022-11-20T05:00:00,1354A,113.2765,23.1544,广州市,麓湖,,21,21,48,11,30,131,19,23,21,34,31,5,4,0.8,0.8
2022-11-20T05:00:00,1355A,113.443,23.3035,广州市,帽峰山森林公园(对照点),,17,17,62,10,37,125,48,36,36,12,15,9,8,0.9,0.8
2022-11-20T05:00:00,1356A,114.1063,22.5545,深圳市,通心岭子站,,40,40,37,28,21,112,40,55,50,16,22,4,4,0.5,0.5
2022-11-20T05:00:00,1357A,114.117,22.5625,深圳市,洪湖,,41,41,49,25,25,127,43,47,44,20,28,6,7,0.8,0.7
2022-11-20T05:00:00,1358A,113.987,22.5417,深圳市,华侨城,,39,39,55,23,31,179,34,50,43,22,43,7,7,0.8,0.7
2022-11-20T05:00:00,1359A,113.9181,22.5171,深圳市,南海子站,,46,46,64,30,36,198,53,79,63,26,52,4,5,0.6,0.7
2022-11-20T05:00:00,1360A,114.2458,22.5689,深圳市,盐田,,42,40,31,29,19,148,25,67,57,43,30,6,7,0.8,0.7
2022-11-20T05:00:00,1361A,114.2283,22.7244,深圳市,龙岗,,34,34,52,18,28,136,39,48,44,17,32,6,5,0.8,0.7
2022-11-20T05:00:00,1362A,113.8953,22.5861,深圳市,西乡,,,,,,,,,,,,,,,,
2022-11-20T05:00:00,1363A,114.494,22.5422,深圳市,南澳,,31,31,31,19,18,156,54,62,60,13,13,6,7,0.6,0.6
2022-11-20T05:00:00,1364A,114.41,22.6342,深圳市,葵涌,,49,42,31,34,21,134,22,30,25,13,16,5,5,0.7,0.6
2022-11-20T05:00:00,1365A,114.297,22.5978,深圳市,梅沙,,39,39,34,23,20,147,42,68,57,17,17,7,8,0,0.5
2022-11-20T05:00:00,1366A,114.0678,22.738,深圳市,观澜,颗粒物(PM10),52,54,70,29,32,143,25,24,21,24,39,6,7,0.7,0.6
2022-11-20T05:00:00,1367A,113.5814,22.2618,珠海市,吉大,,33,31,27,23,20,175,52,101,76,21,22,6,7,0.5,0.5
2022-11-20T05:00:00,1368A,113.4881,22.2335,珠海市,前山,颗粒物(PM10),52,53,34,31,17,153,9,73,40,55,39,6,7,0.7,0.5
2022-11-20T05:00:00,1369A,113.628,22.4251,珠海市,唐家,,36,35,36,25,25,211,40,66,53,15,23,6,7,0.5,0.4
2022-11-20T05:00:00,1370A,113.299,22.2281,珠海市,斗门,颗粒物(PM10),58,65,44,35,19,149,25,78,46,34,35,8,10,0.6,0.6
2022-11-20T05:00:00,1371A,113.1294,23.0067,佛山市,湾梁,,27,27,55,18,26,156,25,32,24,25,37,8,6,0.9,0.8
2022-11-20T05:00:00,1372A,113.1083,23.0478,佛山市,华材职中,,30,27,59,21,31,146,17,22,17,21,33,9,9,0.8,0.6
2022-11-20T05:00:00,1373A,113.144,23.0453,佛山市,南海气象局,,29,29,54,16,29,147,18,23,17,30,39,8,6,0.7,0.6
2022-11-20T05:00:00,1374A,113.2881,22.8094,佛山市,顺德苏岗,,42,21,41,29,31,144,7,30,17,43,40,7,8,1.0,0.9
2022-11-20T05:00:00,1375A,113.2544,22.7642,佛山市,容桂街道办,,,,,,,,,,,,,,,,
2022-11-20T05:00:00,1376A,112.8383,22.8678,佛山市,高明孔堂,,34,34,66,14,34,190,28,41,27,23,34,12,11,0.9,0.8
2022-11-20T05:00:00,1377A,112.8836,23.1588,佛山市,三水监测站,,20,19,70,14,35,126,27,23,23,23,39,5,8,0.8,0.8
2022-11-20T05:00:00,1378A,112.867,23.185,佛山市,三水云东海,,24,24,54,11,30,140,21,24,24,22,29,6,7,0.6,0.7
2022-11-20T05:00:00,1379A,113.3769,22.5211,中山市,华柏园,细颗粒物(PM2.5),54,53,60,38,32,178,12,22,20,50,43,7,6,0.7,0.6
2022-11-20T05:00:00,1380A,113.3881,22.5497,中山市,张溪,细颗粒物(PM2.5),57,45,80,40,38,189,8,15,14,52,54,6,6,0.8,0.7
2022-11-20T05:00:00,1381A,113.4075,22.5111,中山市,紫马岭,颗粒物(PM10),52,53,55,33,30,196,9,30,18,39,34,6,7,0.6,0.6
2022-11-20T05:00:00,1382A,113.4411,22.4853,中山市,长江旅游区(对照点),,,,,,,,,,,,,,,,
2022-11-20T05:00:00,1383A,113.1064,22.6058,江门市,北街,,36,36,56,20,27,174,14,35,25,42,41,9,8,0.9,0.8
2022-11-20T05:00:00,1384A,113.0731,22.5835,江门市,西区,,37,37,58,23,31,183,10,29,21,44,45,11,9,0.9,0.8
2022-11-20T05:00:00,1385A,113.0219,22.5311,江门市,圭峰西,,46,46,52,26,30,187,18,48,32,39,36,9,7,1.0,0.8
2022-11-20T05:00:00,1386A,113.0828,22.5947,江门市,东湖,,42,42,59,20,34,178,14,30,23,40,40,10,9,0.9,0.8
2022-11-20T05:00:00,1387A,113.7875,23.0457,东莞市,东城主山,,,,,,,,,,,,,,,,
2022-11-20T05:00:00,1388A,113.7533,23.0202,东莞市,南城元岭,,,,,,,,,,,,,,,,
2022-11-20T05:00:00,1389A,113.7547,23.0494,东莞市,莞城梨川,,21,21,42,13,26,145,44,62,49,19,27,8,9,0.9,0.8
2022-11-20T05:00:00,1390A,113.7944,23.0128,东莞市,东城石井,,28,28,42,18,27,166,42,53,48,12,17,13,10,1.0,0.9
2022-11-20T05:00:00,1391A,113.7383,22.9658,东莞市,南城西平,,32,32,53,20,29,165,31,34,33,31,34,11,10,0.9,0.8
2022-11-20T05:00:00,1392A,114.4183,23.0528,惠州市,河南岸金山湖子站,,25,25,47,6,22,93,37,49,42,13,17,8,7,0.7,0.6
2022-11-20T05:00:00,1393A,114.4053,23.0822,惠州市,下埔横江三路子站,,14,14,43,8,22,109,41,53,46,14,18,7,8,0.7,0.6
2022-11-20T05:00:00,1394A,114.4103,23.1142,惠州市,江北云山西路子站,,13,12,39,9,25,107,40,51,44,11,14,5,6,0.7,0.5
2022-11-20T05:00:00,1395A,114.4645,22.7833,惠州市,惠阳区承修路船湖子站,,36,36,56,20,25,148,36,40,39,17,25,5,5,0.7,0.6
2022-11-20T05:00:00,1396A,114.5317,22.7422,惠州市,大亚湾管委会子站,,48,29,49,33,23,160,34,40,33,17,30,4,5,0.7,0.5
2022-11-20T05:00:00,1397A,112.4267,23.0706,肇庆市,睦岗子站,,26,26,48,15,32,178,42,61,49,28,39,7,8,0.9,0.8
2022-11-20T05:00:00,1398A,112.4645,23.0475,肇庆市,城中子站,,26,26,53,14,35,176,44,62,48,19,31,11,12,0.9,0.8
2022-11-20T05:00:00,1399A,112.5544,23.1522,肇庆市,坑口子站,,21,21,45,13,32,187,43,40,39,23,29,11,11,0.9,0.7
2022-11-20T05:00:00,1400A,112.4753,23.1,肇庆市,七星岩子站(对照点),,23,23,39,12,24,153,35,57,43,18,19,7,8,1.0,0.8
2022-11-20T05:00:00,1401A,108.3103,22.7881,南宁市,二十一中,,14,14,22,9,13,44,23,15,15,14,19,5,6,0.8,0.8
2022-11-20T05:00:00,1402A,108.3141,22.8528,南宁市,北湖,,14,14,24,7,11,38,26,15,15,11,18,7,15,0.7,0.8
2022-11-20T05:00:00,1403A,108.3206,22.8225,南宁市,市监测站,,17,17,24,11,16,38,28,16,16,14,25,8,13,0.8,0.9
2022-11-20T05:00:00,1404A,108.3829,22.8037,南宁市,大自然花园,,22,22,17,7,10,47,14,13,13,16,15,6,7,0.8,0.8
2022-11-20T05:00:00,1405A,108.4394,22.7904,南宁市,仙葫(对照点),,20,8,15,14,15,46,23,22,16,12,14,9,8,0.7,0.7
2022-11-20T05:00:00,1406A,108.2397,22.8467,南宁市,区农职院,,10,9,26,7,13,32,19,15,15,18,23,8,7,0.7,0.7
2022-11-20T05:00:00,1407A,108.3275,22.735,南宁市,英华嘉园,,10,10,21,7,12,50,24,14,13,14,19,7,7,0.6,0.7
2022-11-20T05:00:00,1408A,108.2257,22.7757,南宁市,沙井镇街道办,,15,12,29,10,16,24,14,14,13,20,26,8,6,0.7,0.7
2022-11-20T05:00:00,1409A,110.576,19.9507,海口市,东寨港(对照点),,,21,22,5,8,64,39,54,45,,,8,9,0.3,0.3
2022-11-20T05:00:00,1410A,110.3232,20.0574,海口市,海南大学,,26,22,26,10,12,109,82,103,91,6,8,4,4,0.5,0.5
2022-11-20T05:00:00,1411A,110.283,20.0053,海口市,秀英海南医院,,26,26,32,9,12,102,76,100,88,4,5,5,4,0.5,0.5
2022-11-20T05:00:00,1412A,110.338,19.9969,海口市,海南师范大学,,34,34,34,10,13,99,72,94,83,4,5,5,5,0.6,0.6
2022-11-20T05:00:00,1413A,110.33,20.0356,海口市,龙华路环保局宿舍,,24,23,28,8,9,102,74,98,85,3,4,4,4,0.5,0.5
2022-11-20T05:00:00,1414A,106.3787,29.8279,重庆市,缙云山(对照点),,49,49,60,29,40,100,76,86,81,10,14,12,13,0.4,0.5
2022-11-20T05:00:00,1416A,106.4213,29.8253,重庆市,天生,细颗粒物(PM2.5),79,55,93,58,66,112,9,35,18,30,28,5,7,0.8,0.8
2022-11-20T05:00:00,1417A,106.6263,29.7228,重庆市,两路,细颗粒物(PM2.5),75,76,88,55,66,119,20,34,29,26,32,7,10,0.8,0.9
2022-11-20T05:00:00,1418A,106.2953,29.5983,重庆市,虎溪,细颗粒物(PM2.5),80,62,91,59,77,123,8,16,11,47,42,6,9,1.2,1.3
2022-11-20T05:00:00,1419A,106.5777,29.5102,重庆市,南坪,细颗粒物(PM2.5),59,38,75,42,54,110,29,49,39,17,23,5,13,0.8,0.9
2022-11-20T05:00:00,1420A,106.6556,29.6277,重庆市,唐家沱,细颗粒物(PM2.5),67,71,70,48,50,113,16,30,26,28,24,8,10,0.6,0.6
2022-11-20T05:00:00,1421A,106.6349,29.4906,重庆市,茶园,细颗粒物(PM2.5),69,75,79,50,54,130,21,33,30,26,29,8,10,0.8,0.8
2022-11-20T05:00:00,1422A,106.3754,29.4572,重庆市,白市驿,细颗粒物(PM2.5),63,56,73,45,57,120,47,64,56,14,16,7,11,0.9,0.9
2022-11-20T05:00:00,1425A,106.6205,29.7166,重庆市,空港,细颗粒物(PM2.5),80,60,82,59,68,123,26,40,35,18,24,8,11,0.8,0.8
2022-11-20T05:00:00,1426A,106.4782,29.4875,重庆市,新山村,细颗粒物(PM2.5),79,74,86,58,67,113,40,53,46,17,29,3,7,0.6,0.7
2022-11-20T05:00:00,1427A,106.5616,29.6453,重庆市,礼嘉,细颗粒物(PM2.5),59,61,71,42,56,127,34,52,45,22,31,12,15,0.7,0.8
2022-11-20T05:00:00,1428A,106.4522,29.7091,重庆市,蔡家,细颗粒物(PM2.5),69,47,100,50,73,79,7,10,8,28,35,5,6,0.7,0.9
2022-11-20T05:00:00,1429A,106.5093,29.3917,重庆市,鱼新街,细颗粒物(PM2.5),73,60,70,53,58,101,23,51,38,18,27,9,14,1.0,1.1
2022-11-20T05:00:00,1431A,103.9728,30.7236,成都市,金泉两河,细颗粒物(PM2.5),85,92,77,63,51,110,3,3,3,48,39,2,3,1.2,0.9
2022-11-20T05:00:00,1432A,104.1419,30.6764,成都市,十里店,细颗粒物(PM2.5),77,66,67,56,52,102,26,62,32,49,35,4,3,0.6,0.6
2022-11-20T05:00:00,1433A,104.0594,30.5767,成都市,三瓦窑,细颗粒物(PM2.5),80,67,67,59,48,103,6,70,34,64,35,2,3,0.6,0.6
2022-11-20T05:00:00,1434A,104.1122,30.6306,成都市,沙河铺,细颗粒物(PM2.5),77,76,75,56,48,90,24,13,13,43,39,1,2,0.5,0.7
2022-11-20T05:00:00,1437A,104.0431,30.6556,成都市,君平街,细颗粒物(PM2.5),78,91,75,57,57,107,32,13,13,48,45,3,2,0.7,0.9
2022-11-20T05:00:00,1438A,103.6202,31.0201,成都市,灵岩寺(对照点),细颗粒物(PM2.5),80,80,39,59,30,102,64,72,68,21,18,14,8,0.9,0.7
2022-11-20T05:00:00,1439A,106.6899,26.5998,贵阳市,马鞍山,,45,34,40,31,35,72,10,12,11,23,18,5,5,0.6,0.7
2022-11-20T05:00:00,1440A,106.6971,26.5694,贵阳市,市环保站,,49,41,49,34,35,70,15,19,14,25,28,5,5,0.5,0.5
2022-11-20T05:00:00,1441A,106.6243,26.6266,贵阳市,鉴湖路,,46,46,52,27,32,74,34,22,21,18,23,8,5,0.5,0.5
2022-11-20T05:00:00,1442A,106.7487,26.6343,贵阳市,燕子冲,细颗粒物(PM2.5),62,46,51,44,43,75,22,28,23,15,16,3,5,0.6,0.6
2022-11-20T05:00:00,1443A,106.6555,26.4365,贵阳市,碧云窝,,34,34,56,14,44,64,40,43,42,8,20,12,9,0.5,0.5
2022-11-20T05:00:00,1444A,106.694,26.5161,贵阳市,中院村,,28,27,57,19,36,70,22,20,20,31,33,10,11,0.5,0.6
2022-11-20T05:00:00,1445A,106.7109,26.6027,贵阳市,红边门,细颗粒物(PM2.5),58,44,52,41,37,75,22,22,22,17,19,5,7,0.5,0.6
2022-11-20T05:00:00,1446A,106.7164,26.5699,贵阳市,新华路,,49,46,51,34,37,74,17,13,11,21,21,5,6,0.4,0.5
2022-11-20T05:00:00,1447A,106.674,26.5424,贵阳市,太慈桥,,29,29,54,14,29,77,46,27,27,9,26,6,6,0.4,0.5
2022-11-20T05:00:00,1450A,102.8204,24.8886,昆明市,呈贡新区,,45,45,36,26,22,114,4,5,4,53,36,7,7,0.6,0.6
2022-11-20T05:00:00,1451A,102.6251,24.9608,昆明市,西山森林公园(对照点),,22,14,13,6,8,100,70,83,76,8,10,11,10,0.6,0.7
2022-11-20T05:00:00,1452A,102.7252,25.0902,昆明市,龙泉镇,,42,42,35,23,18,88,6,11,9,37,35,5,5,0.7,0.6
2022-11-20T05:00:00,1453A,102.7266,25.0375,昆明市,东风东路,,47,47,36,28,22,95,0,0,0,47,39,12,10,0.9,0.6
2022-11-20T05:00:00,1454A,102.6742,25.0669,昆明市,金鼎山,颗粒物(PM10),84,117,74,56,43,93,5,6,5,44,35,156,74,0.7,0.7
2022-11-20T05:00:00,1455A,102.6644,25.0401,昆明市,碧鸡广场,颗粒物(PM10),61,72,51,28,28,97,7,8,7,59,41,27,21,0.8,0.7
2022-11-20T05:00:00,1456A,91.1319,29.6514,拉萨市,八廓街,,25,25,18,2,5,94,42,36,36,15,16,8,7,0.2,0.2
2022-11-20T05:00:00,1457A,91.1221,29.6747,拉萨市,市环保局,,18,18,26,12,16,91,36,24,24,13,22,8,8,0.3,0.5
2022-11-20T05:00:00,1458A,91.0874,29.6475,拉萨市,区监测站,,22,22,17,12,9,102,45,35,35,14,19,13,12,0.4,0.4
2022-11-20T05:00:00,1459A,91.1774,29.6541,拉萨市,西藏大学,,19,19,26,3,10,95,48,47,47,11,16,11,10,0.4,0.7
2022-11-20T05:00:00,1460A,90.9798,29.6588,拉萨市,区辐射站,,18,18,23,8,11,89,35,22,22,22,30,8,10,0.5,0.6
2022-11-20T05:00:00,1461A,91.0834,29.6292,拉萨市,拉萨火车站,,28,28,16,16,8,86,31,59,40,29,16,10,10,0.3,0.2
2022-11-20T05:00:00,1462A,108.882,34.2749,西安市,高压开关厂,细颗粒物(PM2.5),172,193,140,130,89,70,5,5,5,63,64,10,10,1.1,0.7
2022-11-20T05:00:00,1463A,108.993,34.2629,西安市,兴庆小区,细颗粒物(PM2.5),83,103,108,61,65,73,3,3,3,50,53,6,8,0.6,0.7
2022-11-20T05:00:00,1464A,109.06,34.2572,西安市,纺织城,细颗粒物(PM2.5),115,120,121,87,83,64,3,3,3,35,48,8,10,0.8,0.9
2022-11-20T05:00:00,1465A,108.9356,34.2173,西安市,小寨,细颗粒物(PM2.5),108,136,129,81,77,61,2,3,3,62,60,10,11,1.0,1
2022-11-20T05:00:00,1466A,108.954,34.2713,西安市,市人民体育场,细颗粒物(PM2.5),119,105,120,90,87,70,4,4,4,44,53,6,8,1.0,0.8
2022-11-20T05:00:00,1467A,108.8922,34.2322,西安市,高新西区,细颗粒物(PM2.5),163,164,125,124,90,69,9,9,9,62,59,9,10,1.1,0.8
2022-11-20T05:00:00,1468A,108.935,34.3474,西安市,经开区,细颗粒物(PM2.5),107,134,120,80,80,77,2,3,2,61,58,7,10,1.0,0.9
2022-11-20T05:00:00,1469A,108.906,34.1546,西安市,长安区,细颗粒物(PM2.5),95,115,120,71,66,58,4,4,4,44,54,5,8,0.8,0.8
2022-11-20T05:00:00,1470A,109.2,34.6575,西安市,阎良区,,,,,,,,,,,,,,,,
2022-11-20T05:00:00,1471A,109.2186,34.3731,西安市,临潼区,细颗粒物(PM2.5),139,143,140,106,93,80,19,21,21,37,52,8,10,0.8,0.8
2022-11-20T05:00:00,1472A,108.869,34.378,西安市,草滩(对照点),细颗粒物(PM2.5),104,92,100,78,79,66,3,4,4,31,47,8,10,0.9,1
2022-11-20T05:00:00,1473A,108.985,34.1978,西安市,曲江文化产业集团,细颗粒物(PM2.5),107,133,130,80,75,60,1,2,2,57,59,5,7,0.9,1
2022-11-20T05:00:00,1474A,109.051,34.3213,西安市,广运潭,细颗粒物(PM2.5),114,123,117,86,78,73,2,2,2,48,52,7,8,0.7,0.7
2022-11-20T05:00:00,1476A,103.631,36.1031,兰州市,兰炼宾馆,颗粒物(PM10),92,134,134,64,62,105,7,6,6,64,72,49,43,1.4,1.2
2022-11-20T05:00:00,1477A,104.1373,35.9454,兰州市,榆中兰大校区(对照点),,,,,,,,,,,,,,,,
2022-11-20T05:00:00,1478A,103.8412,36.0726,兰州市,生物制品所,颗粒物(PM10),81,111,137,48,52,70,6,6,6,69,71,12,17,1.5,1.6
2022-11-20T05:00:00,1479A,103.831,36.0464,兰州市,铁路设计院,颗粒物(PM10),94,137,130,53,54,78,8,7,7,72,78,19,21,1.1,1.3
2022-11-20T05:00:00,1480A,101.748,36.6428,西宁市,市环境监测站,,,,,,,,,,,,,,,,
2022-11-20T05:00:00,1482A,101.834,36.5819,西宁市,四陆医院,,,,,,,,,,,,,,,,
2022-11-20T05:00:00,1483A,101.524,36.6867,西宁市,第五水厂(对照点),,,,,,,,,,,,,,,,
2022-11-20T05:00:00,1484A,105.9512,38.6016,银川市,贺兰山马莲口(对照点),,47,47,64,17,24,80,80,79,78,16,27,15,24,0.3,0.7
2022-11-20T05:00:00,1488A,106.2328,38.4975,银川市,贺兰山东路,颗粒物(PM10),90,130,117,54,57,72,6,16,9,69,62,13,17,1.2,1
2022-11-20T05:00:00,1489A,106.1358,38.5036,银川市,学院路,颗粒物(PM10),96,141,122,43,42,70,5,12,7,69,60,16,23,1.4,1.3
2022-11-20T05:00:00,1490A,87.5801,43.8303,乌鲁木齐市,监测站,,45,45,64,25,42,37,37,24,24,28,30,5,5,1.4,1.4
2022-11-20T05:00:00,1491A,87.6046,43.768,乌鲁木齐市,收费所,细颗粒物(PM2.5),54,45,62,38,51,34,34,28,28,26,33,8,8,0.5,0.5
2022-11-20T05:00:00,1492A,87.4754,43.9469,乌鲁木齐市,新疆农科院农场(对照点),细颗粒物(PM2.5),65,16,19,47,38,31,4,10,9,36,22,8,8,1.4,1.3
2022-11-20T05:00:00,1493A,87.5525,43.8711,乌鲁木齐市,铁路局,,,30,55,25,43,32,29,23,23,,28,4,3,1.1,1.1
2022-11-20T05:00:00,1494A,87.6432,43.831,乌鲁木齐市,三十一中学,,,49,80,,,62,62,41,41,21,25,11,9,0.3,0.5
2022-11-20T05:00:00,1496A,87.7216,44.1747,乌鲁木齐市,米东区环保局,,,50,48,,41,41,27,18,18,15,20,7,9,0.5,0.5
2022-11-20T05:00:00,1508A,112.9433,27.8614,湘潭市,板塘,细颗粒物(PM2.5),103,61,70,77,80,74,4,4,4,52,34,7,5,0.6,0.5
2022-11-20T05:00:00,1511A,112.9118,27.8403,湘潭市,市监测站,细颗粒物(PM2.5),95,80,87,71,78,68,2,2,2,31,27,11,8,0.9,0.8
2022-11-20T05:00:00,1512A,112.8937,27.8728,湘潭市,江麓,细颗粒物(PM2.5),89,66,80,66,79,71,2,2,2,43,32,9,7,0.9,0.7
2022-11-20T05:00:00,1513A,112.9227,27.8159,湘潭市,岳塘,细颗粒物(PM2.5),118,89,84,89,83,65,3,4,3,35,35,15,9,0.8,0.7
2022-11-20T05:00:00,1514A,112.9074,27.9119,湘潭市,科大,细颗粒物(PM2.5),80,40,66,59,76,70,4,7,6,46,34,5,5,0.6,0.6
2022-11-20T05:00:00,1515A,113.135,27.8244,株洲市,天台山庄,细颗粒物(PM2.5),87,56,70,64,77,76,4,6,4,48,30,3,2,0.5,0.5
2022-11-20T05:00:00,1518A,113.095,27.8867,株洲市,株冶医院,细颗粒物(PM2.5),77,63,75,56,76,73,4,4,4,48,42,5,4,0.5,0.5
2022-11-20T05:00:00,1519A,113.167,27.8667,株洲市,市四中,细颗粒物(PM2.5),99,51,66,74,82,84,5,5,5,36,29,1,3,0.7,0.6
2022-11-20T05:00:00,1520A,113.143,27.8381,株洲市,火车站,细颗粒物(PM2.5),93,63,78,69,83,78,0,1,1,31,27,7,7,1.3,1.2
2022-11-20T05:00:00,1524A,113.13,27.8528,株洲市,市监测站,细颗粒物(PM2.5),97,61,75,72,84,80,5,17,9,50,32,3,5,0.9,0.8
2022-11-20T05:00:00,1552A,106.805,26.3003,贵阳市,桐木岭(对照点),,,,,,,,,,,,,,,,
2022-11-20T05:00:00,1559A,113.251,27.8336,株洲市,大京风景区(对照点),,36,36,64,24,53,72,1,1,1,13,15,4,4,1.0,1
2022-11-20T05:00:00,1562A,113.0048,27.9153,湘潭市,昭山,,,89,93,66,70,75,0,0,0,31,29,4,3,1.0,0.9
2022-11-20T05:00:00,1564A,112.4876,27.9164,湘潭市,韶山(对照点),,28,28,42,8,39,70,2,5,3,20,21,4,5,0.6,0.6
2022-11-20T05:00:00,1585A,109.8756,40.6532,包头市,市环境监测站,颗粒物(PM10),61,71,89,18,38,65,2,3,3,44,57,14,18,0.8,1.3
2022-11-20T05:00:00,1587A,109.9991,40.5842,包头市,包头八中,细颗粒物(PM2.5),105,134,109,79,48,64,7,7,7,54,57,20,27,1.3,1.5
2022-11-20T05:00:00,1588A,109.8538,40.6821,包头市,青山宾馆,颗粒物(PM10),62,74,86,43,36,73,4,4,4,39,50,13,16,1.0,1.2
2022-11-20T05:00:00,1589A,109.8642,40.6288,包头市,惠龙物流,颗粒物(PM10),75,100,110,34,44,66,1,2,1,51,63,17,21,1.2,1.3
2022-11-20T05:00:00,1590A,110.0377,40.5546,包头市,东河鸿龙湾,细颗粒物(PM2.5),79,104,98,58,45,63,5,6,6,42,45,12,18,1.2,1.3
2022-11-20T05:00:00,1591A,110.0023,39.8129,鄂尔多斯市,综合楼,颗粒物(PM10),85,119,94,38,27,72,31,31,31,44,45,17,17,0.8,0.8
2022-11-20T05:00:00,1592A,109.9486,39.8261,鄂尔多斯市,巴音孟克林场办事处,颗粒物(PM10),90,129,100,46,33,90,52,48,48,34,39,21,19,0.6,0.7
2022-11-20T05:00:00,1593A,109.7736,39.5986,鄂尔多斯市,康泽苑,颗粒物(PM10),78,105,73,31,21,103,20,24,22,23,19,5,6,0.6,0.6
2022-11-20T05:00:00,1594A,109.8119,39.5989,鄂尔多斯市,华泰汽车城,颗粒物(PM10),60,70,70,29,26,109,6,6,6,39,30,5,6,0.7,0.6
2022-11-20T05:00:00,1595A,109.9734,39.7884,鄂尔多斯市,奥林花园,颗粒物(PM10),98,146,113,53,33,94,6,5,5,67,54,8,9,1.0,0.9
2022-11-20T05:00:00,1596A,122.2414,40.6592,营口市,学府南路,,,,,,,,,,,,,,,,
2022-11-20T05:00:00,1597A,122.2703,40.7094,营口市,大庆路,,26,26,76,8,59,98,45,66,54,18,32,8,11,0.7,0.8
2022-11-20T05:00:00,1598A,122.215,40.6511,营口市,镜湖西路,,44,44,87,6,48,93,43,63,52,10,22,6,6,0.6,0.9
2022-11-20T05:00:00,1599A,122.167,40.6655,营口市,西炮台,,17,16,81,8,59,97,52,74,59,16,30,7,10,0.6,0.8
2022-11-20T05:00:00,1600A,124.3303,40.0625,丹东市,江湾东路,细颗粒物(PM2.5),78,84,82,57,54,77,7,25,15,35,35,13,20,2.0,1.6
2022-11-20T05:00:00,1601A,124.4256,40.1503,丹东市,临江后街,颗粒物(PM10),52,54,69,30,41,92,31,31,27,21,27,7,21,1.1,1.3
2022-11-20T05:00:00,1602A,124.3933,40.1461,丹东市,元宝山,颗粒物(PM10),53,55,63,34,43,80,35,45,33,33,34,21,18,0.9,1.2
2022-11-20T05:00:00,1603A,124.3633,40.1092,丹东市,民主桥,细颗粒物(PM2.5),63,72,68,45,40,83,18,29,27,31,32,10,13,1.3,1.1
2022-11-20T05:00:00,1604A,122.0303,41.1489,盘锦市,开发区,,15,15,71,3,60,90,43,52,48,18,29,13,11,0.5,0.9
2022-11-20T05:00:00,1605A,122.0485,41.0883,盘锦市,兴隆台,,35,35,87,5,61,80,43,50,47,12,30,9,14,0.4,0.9
2022-11-20T05:00:00,1606A,121.8297,41.1028,盘锦市,新生街道,,13,11,55,4,50,92,39,33,33,15,22,8,9,0.4,0.7
2022-11-20T05:00:00,1607A,120.9092,40.7136,葫芦岛市,龙港区,颗粒物(PM10),71,92,101,23,72,83,12,13,12,43,36,34,52,0.9,1.1
2022-11-20T05:00:00,1608A,120.8392,40.7514,葫芦岛市,化工街,颗粒物(PM10),51,52,98,12,70,86,37,34,34,17,41,23,22,0.4,0.9
2022-11-20T05:00:00,1609A,120.8341,40.7073,葫芦岛市,新区,,46,46,97,9,72,87,33,26,26,27,45,24,22,0.8,1.3
2022-11-20T05:00:00,1610A,120.8695,40.7677,葫芦岛市,东城区,,39,39,93,6,65,69,36,31,31,13,42,16,26,0.8,1
2022-11-20T05:00:00,1611A,118.5819,24.9117,泉州市,涂山街,,40,40,51,22,23,140,36,58,47,21,20,9,9,0.7,0.6
2022-11-20T05:00:00,1612A,118.5972,24.8978,泉州市,津头埔,,49,41,50,34,25,138,32,57,45,27,23,9,9,0.7,0.6
2022-11-20T05:00:00,1613A,118.6663,24.9424,泉州市,万安,,50,41,38,35,24,154,28,62,46,29,16,12,10,0.7,0.6
2022-11-20T05:00:00,1614A,118.6117,24.9604,泉州市,清源山(对照点),,,,,,,,,,,,,,,,
2022-11-20T05:00:00,1616A,117.6795,36.229,济南市,技术学院,颗粒物(PM10),74,97,70,49,35,87,4,10,4,57,48,6,7,1.0,1
2022-11-20T05:00:00,1618A,118.3429,35.0532,临沂市,沂河小区,,33,31,33,23,27,66,38,43,42,19,27,5,6,0.5,0.5
2022-11-20T05:00:00,1619A,118.295,35.0583,临沂市,鲁南制药厂,,23,19,23,16,16,66,48,45,45,25,29,6,6,0.7,0.7
2022-11-20T05:00:00,1620A,118.2794,34.9976,临沂市,新光毛纺厂,,29,27,25,20,21,60,37,43,40,29,33,1,2,0.9,0.8
2022-11-20T05:00:00,1621A,118.3956,35.0888,临沂市,河东保险公司,,35,31,30,24,21,60,41,39,39,22,29,4,4,0.7,0.6
2022-11-20T05:00:00,1622A,116.3032,37.4674,德州市,儿童乐园,细颗粒物(PM2.5),172,172,200,130,146,115,34,34,34,39,51,7,9,0.8,1
2022-11-20T05:00:00,1624A,116.2991,37.4451,德州市,监理站,细颗粒物(PM2.5),185,168,193,139,151,118,17,30,26,49,45,9,10,0.9,1
2022-11-20T05:00:00,1625A,115.9848,36.4372,聊城市,区政府,细颗粒物(PM2.5),112,111,159,84,123,79,48,30,30,23,42,11,10,0.7,1
2022-11-20T05:00:00,1628A,118.0062,37.3803,滨州市,市环保局,细颗粒物(PM2.5),110,127,231,83,159,87,7,29,14,51,54,8,22,1.4,1.3
2022-11-20T05:00:00,1629A,118.0018,37.3617,滨州市,第二水厂,颗粒物(PM10),67,83,198,45,130,80,8,32,17,47,48,7,18,1.8,1.3
2022-11-20T05:00:00,1630A,117.9776,37.393,滨州市,北中新校,细颗粒物(PM2.5),87,119,209,64,136,89,8,17,13,47,55,8,16,1.6,1.2
2022-11-20T05:00:00,1631A,118.0414,36.8103,淄博市,人民公园,细颗粒物(PM2.5),244,239,163,194,130,83,3,4,3,66,58,20,16,1.3,1.1
2022-11-20T05:00:00,1632A,118.0253,36.8406,淄博市,东风化工厂,,,,,,,,,,,,,,,,
2022-11-20T05:00:00,1633A,117.8525,36.4847,淄博市,双山,细颗粒物(PM2.5),102,99,101,76,74,88,17,12,12,42,41,10,11,0.8,0.8
2022-11-20T05:00:00,1634A,117.9592,36.6331,淄博市,气象站,细颗粒物(PM2.5),147,143,126,112,95,86,1,1,1,60,52,14,18,1.1,1
2022-11-20T05:00:00,1635A,118.3092,36.8194,淄博市,莆田园,细颗粒物(PM2.5),144,153,147,110,94,97,6,4,4,53,55,14,17,2.9,1.7
2022-11-20T05:00:00,1636A,117.8661,36.805,淄博市,三金集团,,,,,,,,,,,,,,,,
2022-11-20T05:00:00,1637A,117.558,34.8438,枣庄市,市中区政府,颗粒物(PM10),59,68,45,41,27,84,9,23,16,53,37,13,12,0.9,0.8
2022-11-20T05:00:00,1638A,117.2852,34.7837,枣庄市,薛城环保局,细颗粒物(PM2.5),100,103,62,75,41,79,15,26,24,45,40,10,9,1.0,0.8
2022-11-20T05:00:00,1639A,117.5852,34.7745,枣庄市,峄城区政府,细颗粒物(PM2.5),55,56,40,39,26,92,25,40,32,34,27,7,9,0.5,0.4
2022-11-20T05:00:00,1640A,117.7276,34.5578,枣庄市,台儿庄区环保局,,41,41,39,27,30,71,40,31,31,23,25,9,10,0.9,1
2022-11-20T05:00:00,1641A,117.4518,35.0992,枣庄市,山亭区环保局,,49,44,33,34,24,98,36,45,37,28,30,9,8,1.2,1.1
2022-11-20T05:00:00,1642A,121.2514,37.5639,烟台市,开发区,细颗粒物(PM2.5),199,166,77,149,66,86,35,68,36,46,39,12,14,1.2,0.8
2022-11-20T05:00:00,1643A,121.3719,37.5433,烟台市,轴承厂,细颗粒物(PM2.5),200,156,67,150,58,102,25,44,37,32,32,10,14,0.9,0.5
2022-11-20T05:00:00,1644A,121.3181,37.5436,烟台市,西郊化工站,细颗粒物(PM2.5),183,178,84,138,50,95,56,51,51,26,33,17,17,1.2,0.8
2022-11-20T05:00:00,1645A,121.4478,37.4822,烟台市,莱山环保局,细颗粒物(PM2.5),122,119,58,92,30,96,31,6,6,47,41,14,10,1.0,0.8
2022-11-20T05:00:00,1646A,121.2611,37.4967,烟台市,福山环保局,细颗粒物(PM2.5),140,149,88,107,53,91,14,37,24,62,50,10,10,1.1,0.7
2022-11-20T05:00:00,1648A,119.12,36.7019,潍坊市,仲裁委,,,,,,,,,,,,,,,,
2022-11-20T05:00:00,1650A,119.1437,36.7023,潍坊市,环保局,颗粒物(PM10),52,53,62,35,42,84,10,14,11,37,47,3,5,1.1,0.7
2022-11-20T05:00:00,1652A,119.1936,36.7729,潍坊市,寒亭监测站,,,,,,,,,,,,,,,,
2022-11-20T05:00:00,1653A,116.6251,35.4302,济宁市,火炬城,细颗粒物(PM2.5),100,73,58,75,57,70,10,27,15,51,35,6,6,0.6,0.6
2022-11-20T05:00:00,1655A,116.5491,35.4042,济宁市,电化厂,细颗粒物(PM2.5),92,73,78,68,67,70,18,14,14,51,41,8,9,0.6,0.7
2022-11-20T05:00:00,1656A,117.1437,36.1937,泰安市,监测站,细颗粒物(PM2.5),74,90,65,54,32,76,6,6,6,45,33,9,9,1.1,0.7
2022-11-20T05:00:00,1657A,117.0885,36.2017,泰安市,人口学校,细颗粒物(PM2.5),92,100,67,68,45,63,5,22,10,58,38,6,6,0.7,0.5
2022-11-20T05:00:00,1658A,117.1089,36.1758,泰安市,电力学校,细颗粒物(PM2.5),98,114,81,73,52,86,4,4,4,54,51,10,9,0.8,0.5
2022-11-20T05:00:00,1659A,119.471,35.4209,日照市,监测站,,46,34,31,32,25,68,45,55,48,22,30,5,6,0.6,0.6
2022-11-20T05:00:00,1660A,119.523,35.4216,日照市,市政府广场,,48,48,35,32,24,73,39,42,39,18,24,4,4,0.6,0.6
2022-11-20T05:00:00,1661A,119.5587,35.4044,日照市,港务局,颗粒物(PM10),51,51,39,31,27,80,45,47,45,16,20,6,6,0.5,0.5
2022-11-20T05:00:00,1662A,122.1214,37.4236,威海市,华夏技校,细颗粒物(PM2.5),55,44,42,39,32,101,62,67,66,22,28,5,6,0.3,0.3
2022-11-20T05:00:00,1663A,122.0508,37.5236,威海市,山大分校,细颗粒物(PM2.5),59,56,47,42,24,82,52,68,64,27,40,3,4,0.5,0.5
2022-11-20T05:00:00,1664A,122.1067,37.5072,威海市,市监测站,,46,42,43,32,29,82,39,37,37,24,44,6,6,0.4,0.4
2022-11-20T05:00:00,1665A,118.5019,37.4658,东营市,西城阳光环保公司,,,,,,,,,,,,,,,,
2022-11-20T05:00:00,1666A,118.6614,37.4309,东营市,市环保局,细颗粒物(PM2.5),70,61,175,51,126,116,24,48,34,42,55,6,21,1.4,1.4
2022-11-20T05:00:00,1669A,113.5824,24.7733,韶关市,市八中,,22,22,20,11,9,42,22,31,29,11,13,10,9,0.8,0.8
2022-11-20T05:00:00,1670A,113.5556,24.8082,韶关市,碧湖山庄,,,,,,,,,,,,,,,,
2022-11-20T05:00:00,1671A,113.5917,24.7972,韶关市,园林处,,24,24,19,14,12,44,19,39,33,8,11,10,10,0.9,0.9
2022-11-20T05:00:00,1672A,113.6735,24.7791,韶关市,韶关学院,,26,19,23,18,20,51,13,14,14,21,18,8,10,0.9,0.9
2022-11-20T05:00:00,1673A,113.5971,24.6863,韶关市,曲江监测站,,20,19,24,14,14,45,23,26,24,15,17,12,12,0.7,0.7
2022-11-20T05:00:00,1674A,116.6794,23.3667,汕头市,金平子站,,26,20,38,18,20,157,62,76,72,15,20,10,11,0.4,0.5
2022-11-20T05:00:00,1675A,116.7244,23.3633,汕头市,龙湖子站,,31,31,46,15,14,159,65,82,78,14,17,10,12,0.6,0.7
2022-11-20T05:00:00,1676A,116.7258,23.2775,汕头市,濠江子站,,26,17,28,18,18,147,71,72,72,14,18,9,10,0.6,0.8
2022-11-20T05:00:00,1677A,116.7519,23.4714,汕头市,澄海子站,,38,30,31,26,20,158,37,73,61,28,19,16,7,0.7,0.7
2022-11-20T05:00:00,1678A,116.6092,23.2539,汕头市,潮阳子站,,21,20,36,13,19,150,66,77,70,12,18,8,10,0.6,0.7
2022-11-20T05:00:00,1679A,116.4069,23.2533,汕头市,潮南子站,,,,,,,,,,,,,,,,
2022-11-20T05:00:00,1680A,110.3539,21.2706,湛江市,湛江影剧院,细颗粒物(PM2.5),67,71,31,48,17,116,30,104,75,27,12,51,14,0.9,0.6
2022-11-20T05:00:00,1681A,110.3928,21.2228,湛江市,市环境监测站,细颗粒物(PM2.5),72,63,32,52,17,115,56,109,90,17,10,28,9,0.8,0.6
2022-11-20T05:00:00,1682A,110.4019,21.1997,湛江市,环保局宿舍,细颗粒物(PM2.5),65,47,28,47,19,116,70,113,97,13,10,26,9,0.6,0.5
2022-11-20T05:00:00,1683A,110.4111,21.2028,湛江市,霞山游泳场,细颗粒物(PM2.5),68,77,31,49,19,123,57,110,91,19,9,26,10,0.7,0.5
2022-11-20T05:00:00,1684A,110.3316,21.2679,湛江市,麻章区环保局,细颗粒物(PM2.5),79,62,33,58,18,107,22,90,60,27,14,12,12,0.7,0.5
2022-11-20T05:00:00,1685A,110.4558,21.2567,湛江市,坡头区环保局,细颗粒物(PM2.5),84,53,30,62,20,120,44,110,83,18,9,31,12,0.8,0.5
2022-11-20T05:00:00,1686A,111.0286,21.4688,茂名市,电白南海,颗粒物(PM10),59,68,48,41,21,137,29,100,63,26,20,30,11,0.8,0.6
2022-11-20T05:00:00,1687A,110.9294,21.6533,茂名市,茂石化七小,细颗粒物(PM2.5),73,78,48,53,28,121,27,79,51,18,11,24,16,1.2,0.8
2022-11-20T05:00:00,1688A,110.9107,21.6687,茂名市,健康路,颗粒物(PM10),66,82,44,47,21,128,18,79,48,31,16,40,22,1.2,0.8
2022-11-20T05:00:00,1689A,110.8592,21.6828,茂名市,高岭,细颗粒物(PM2.5),77,90,62,56,36,133,24,25,20,19,25,30,17,0.7,0.6
2022-11-20T05:00:00,1690A,116.1231,24.3284,梅州市,梅江月梅,,16,16,37,5,21,90,8,6,6,23,25,3,4,0.7,0.6
2022-11-20T05:00:00,1691A,116.0797,24.2719,梅州市,梅县新城,,13,13,43,9,30,103,24,30,27,15,20,8,8,0.7,0.7
2022-11-20T05:00:00,1692A,116.1248,24.2654,梅州市,环境监控中心,,18,17,43,12,28,102,8,7,7,27,28,8,8,0.7,0.6
2022-11-20T05:00:00,1693A,115.3653,22.775,汕尾市,市环保局,细颗粒物(PM2.5),52,43,34,36,19,130,55,79,70,12,12,8,8,0.6,0.6
2022-11-20T05:00:00,1694A,115.3706,22.7898,汕尾市,市政府,细颗粒物(PM2.5),54,37,35,38,23,130,52,75,62,11,14,8,9,0.6,0.6
2022-11-20T05:00:00,1695A,115.3622,22.7925,汕尾市,新城中学,细颗粒物(PM2.5),54,39,46,38,24,124,54,73,61,8,12,8,9,0.8,0.7
2022-11-20T05:00:00,1696A,114.6778,23.7569,河源市,源西(对照点),,13,12,35,9,24,84,32,40,35,14,16,5,6,0.9,0.9
2022-11-20T05:00:00,1697A,114.6944,23.7586,河源市,东埔,,20,11,34,14,24,92,37,44,37,11,16,6,6,0.9,0.9
2022-11-20T05:00:00,1698A,114.6892,23.7233,河源市,老城,,19,19,47,11,25,90,37,44,38,11,16,5,6,0.9,0.9
2022-11-20T05:00:00,1699A,111.9797,21.8593,阳江市,鸳鸯湖(对照点),细颗粒物(PM2.5),64,52,42,46,27,149,61,54,54,21,19,11,9,0.9,0.8
2022-11-20T05:00:00,1700A,111.9508,21.8536,阳江市,南恩路,,,,,,,,,,,,,,,,
2022-11-20T05:00:00,1701A,111.9491,21.8658,阳江市,马南垌,细颗粒物(PM2.5),85,59,46,63,33,142,30,62,55,73,24,9,8,0.6,0.6
2022-11-20T05:00:00,1702A,113.0426,23.691,清远市,环保大楼(对照点),,20,12,30,14,24,127,50,40,40,3,12,4,5,0.9,0.9
2022-11-20T05:00:00,1703A,113.0208,23.7106,清远市,凤城街办,,13,13,32,9,22,70,34,33,33,8,17,7,6,1.0,1
2022-11-20T05:00:00,1705A,116.6367,23.6719,潮州市,西园路(对照点),细颗粒物(PM2.5),54,46,50,38,32,167,27,53,38,11,14,15,15,0.8,0.8
2022-11-20T05:00:00,1706A,116.6447,23.6706,潮州市,档案局,,50,50,53,32,30,172,27,61,40,11,14,15,15,0.7,0.7
2022-11-20T05:00:00,1708A,116.3701,23.5345,揭阳市,新兴,细颗粒物(PM2.5),63,43,56,45,36,177,48,76,62,13,18,16,12,0.6,0.7
2022-11-20T05:00:00,1709A,116.3264,23.5443,揭阳市,西马,,49,32,55,34,34,172,28,78,53,13,18,10,11,0.8,0.8
2022-11-20T05:00:00,1710A,116.3611,23.5626,揭阳市,东兴,细颗粒物(PM2.5),65,69,69,47,41,165,19,64,49,30,22,9,11,0.8,0.8
2022-11-20T05:00:00,1711A,116.4151,23.5294,揭阳市,渔湖,,38,38,61,20,35,172,45,63,54,15,20,12,19,0.6,0.7
2022-11-20T05:00:00,1712A,112.0392,22.9169,云浮市,新市府(对照点),,45,45,50,29,36,131,25,29,25,29,27,20,9,0.8,0.7
2022-11-20T05:00:00,1713A,112.0369,22.9394,云浮市,市监测站,,,,,,,,,,,,,,,,
2022-11-20T05:00:00,1714A,112.0539,22.9539,云浮市,牧羊,,26,18,57,18,37,118,56,31,31,10,34,13,22,0.7,0.7
2022-11-20T05:00:00,1715A,102.575,24.3711,玉溪市,东风水库,,19,19,28,13,11,79,8,20,14,19,17,4,6,1.1,1.1
2022-11-20T05:00:00,1718A,115.4208,35.2464,菏泽市,气象局,细颗粒物(PM2.5),87,85,142,64,117,72,69,70,69,12,27,4,6,0.5,0.7
2022-11-20T05:00:00,1719A,115.4747,35.2375,菏泽市,市政协,细颗粒物(PM2.5),100,72,128,75,120,75,75,72,72,17,33,5,9,0.4,0.6
2022-11-20T05:00:00,1720A,115.455,35.27,菏泽市,菏泽学院,,,,,,,,,,,,,,,,
2022-11-20T05:00:00,1721A,113.3819,40.1097,大同市,果树场(对照点),,,,,,,,,,,,,,,,
2022-11-20T05:00:00,1723A,113.2994,40.0758,大同市,云冈宾馆,颗粒物(PM10),69,87,75,27,26,85,0,10,5,46,31,16,14,0.8,0.3
2022-11-20T05:00:00,1724A,113.3444,40.0917,大同市,大同大学,,,,,26,20,87,24,32,26,23,24,16,17,1.1,0.8
2022-11-20T05:00:00,1725A,113.2661,40.1269,大同市,安家小村,,,,,,,,,,,,,,,,
2022-11-20T05:00:00,1726A,113.2711,40.0844,大同市,教育学院,颗粒物(PM10),66,82,84,32,26,78,1,2,1,43,35,17,16,1.0,0.6
2022-11-20T05:00:00,1727A,113.1147,36.1547,长治市,清华站,细颗粒物(PM2.5),73,75,93,53,61,93,39,16,16,30,41,9,10,0.8,0.9
2022-11-20T05:00:00,1728A,113.1031,36.1989,长治市,监测站,细颗粒物(PM2.5),77,78,87,56,61,85,13,6,6,35,39,9,11,0.9,1.1
2022-11-20T05:00:00,1730A,113.0886,36.2125,长治市,审计局,细颗粒物(PM2.5),92,95,87,68,68,86,1,3,3,42,40,6,7,1.0,1.1
2022-11-20T05:00:00,1731A,113.0844,36.1856,长治市,长治八中,颗粒物(PM10),80,109,111,47,59,85,2,1,1,44,43,11,13,1.3,1.4
2022-11-20T05:00:00,1733A,111.5531,36.0783,临汾市,临钢医院,细颗粒物(PM2.5),133,153,166,101,124,92,4,4,4,38,41,2,3,1.1,1.2
2022-11-20T05:00:00,1734A,111.5028,36.0714,临汾市,技工学校,细颗粒物(PM2.5),179,206,189,135,134,93,3,4,3,52,49,7,8,1.2,1.4
2022-11-20T05:00:00,1735A,111.5169,36.0822,临汾市,工商学校,,,,,,,,,,,,,,,,
2022-11-20T05:00:00,1736A,111.5018,36.0855,临汾市,市委,细颗粒物(PM2.5),180,210,182,136,130,95,6,6,6,49,45,2,3,1.1,1.2
2022-11-20T05:00:00,1738A,113.5758,37.8572,阳泉市,市中心,颗粒物(PM10),85,120,128,47,68,86,3,5,4,56,54,15,14,1.3,1.1
2022-11-20T05:00:00,1739A,113.4894,37.8731,阳泉市,赛鱼,颗粒物(PM10),81,112,108,51,69,81,3,3,2,51,55,11,12,0.9,1
2022-11-20T05:00:00,1740A,113.5819,37.8486,阳泉市,南庄,颗粒物(PM10),75,100,107,47,63,87,4,5,4,55,51,9,11,1.2,1.2
2022-11-20T05:00:00,1741A,113.6292,37.8531,阳泉市,白羊墅,,,,,,,,,,,,,,,,
2022-11-20T05:00:00,1742A,113.5614,37.8703,阳泉市,平坦,颗粒物(PM10),87,124,134,53,68,87,6,6,6,73,65,23,16,1.0,1.1
2022-11-20T05:00:00,1743A,113.5158,37.8392,阳泉市,大阳泉,颗粒物(PM10),71,92,90,51,63,90,38,52,41,50,43,29,17,0.9,0.9
2022-11-20T05:00:00,1744A,118.9233,42.2816,赤峰市,松山一中,,17,17,44,3,22,78,41,37,37,21,29,10,10,0.6,0.7
2022-11-20T05:00:00,1745A,118.9576,42.2728,赤峰市,哈达街,,24,24,48,6,19,79,38,30,30,12,21,9,10,0.4,0.6
2022-11-20T05:00:00,1746A,118.8788,42.2554,赤峰市,天义路,,15,15,41,2,19,80,37,45,38,20,26,13,18,0.5,0.6
2022-11-20T05:00:00,1748A,123.044,41.1196,鞍山市,深沟寺,,22,22,42,13,30,104,36,57,45,24,18,17,9,0.4,0.5
2022-11-20T05:00:00,1749A,123.011,41.0931,鞍山市,太阳城,,24,24,47,8,28,101,40,58,49,12,16,18,10,0.5,0.7
2022-11-20T05:00:00,1750A,123.0485,41.1442,鞍山市,太平,,20,20,50,9,31,92,38,53,43,22,27,17,13,0.6,0.8
2022-11-20T05:00:00,1751A,122.9642,41.0971,鞍山市,铁西三道街,,17,17,69,6,36,78,48,43,43,17,47,14,22,0.5,1.2
2022-11-20T05:00:00,1752A,122.9341,41.0833,鞍山市,铁西工业园区,,15,15,63,8,40,93,46,41,41,22,34,15,13,0.5,1.1
2022-11-20T05:00:00,1753A,123.022,41.0821,鞍山市,明达新区,,20,20,46,8,31,97,38,58,47,19,16,19,12,0.4,0.7
2022-11-20T05:00:00,1754A,123.1289,41.0228,鞍山市,千山(对照点),,,,,,,,,,,,,,,,
2022-11-20T05:00:00,1755A,123.7977,41.8491,抚顺市,望花区,,42,42,74,15,35,72,20,57,45,20,29,8,11,0.3,0.8
2022-11-20T05:00:00,1756A,123.9161,41.8822,抚顺市,顺城区,,50,50,60,31,34,73,4,51,26,47,40,8,12,1.1,1.1
2022-11-20T05:00:00,1757A,124.0436,41.8611,抚顺市,东洲区,,33,33,52,14,28,85,30,56,44,20,23,10,12,0.4,0.7
2022-11-20T05:00:00,1758A,123.9247,41.8642,抚顺市,新抚区,,34,34,66,11,35,80,9,54,33,39,33,6,8,0.2,0.5
2022-11-20T05:00:00,1759A,124.0972,41.8961,抚顺市,大伙房水库,,26,26,41,9,25,86,28,53,41,16,14,4,12,0.5,0.7
2022-11-20T05:00:00,1760A,123.7086,41.8391,抚顺市,沈抚新城,,35,35,75,8,38,78,17,47,33,21,28,8,17,0.7,1.1
2022-11-20T05:00:00,1761A,123.8275,41.3064,本溪市,大峪,,26,26,39,8,25,94,43,56,52,12,18,7,11,0.4,0.7
2022-11-20T05:00:00,1762A,123.7567,41.3325,本溪市,溪湖,,37,37,73,6,37,80,48,59,54,13,37,6,23,0.6,1.4
2022-11-20T05:00:00,1763A,123.7169,41.3094,本溪市,彩屯,,,,,,,,,,,,,,,,
2022-11-20T05:00:00,1764A,123.7669,41.2864,本溪市,东明,,28,28,49,14,32,88,51,58,56,15,29,12,15,0.6,1
2022-11-20T05:00:00,1765A,123.7992,41.2664,本溪市,新立屯,,27,27,40,11,28,92,51,63,57,15,19,8,10,0.3,0.5
2022-11-20T05:00:00,1766A,123.8142,41.3472,本溪市,威宁,,26,26,51,9,30,86,14,52,40,42,26,6,8,0.5,1
2022-11-20T05:00:00,1767A,121.1115,41.0879,锦州市,南山,,16,16,66,4,74,51,38,38,38,15,49,9,35,0.7,1
2022-11-20T05:00:00,1768A,121.0533,40.8434,锦州市,开发区,颗粒物(PM10),53,56,131,15,72,49,31,40,37,21,51,15,37,0.5,1
2022-11-20T05:00:00,1769A,121.1836,41.1119,锦州市,百股街道,,26,26,89,7,69,58,38,32,32,15,46,9,41,0.9,1.7
2022-11-20T05:00:00,1770A,121.1178,41.1222,锦州市,天安街道,,28,28,92,5,75,51,31,46,43,22,46,8,32,0.6,1.3
2022-11-20T05:00:00,1771A,121.1303,41.1386,锦州市,北湖公园,,22,22,78,8,74,60,38,48,45,12,40,8,29,0.6,1.2
2022-11-20T05:00:00,1772A,126.54,43.8622,吉林市,哈达湾,,21,21,26,3,14,82,40,65,50,17,18,8,10,0.5,0.6
2022-11-20T05:00:00,1773A,126.5844,43.8358,吉林市,东局子,,16,16,25,4,13,78,42,63,51,16,17,7,6,0.4,0.5
2022-11-20T05:00:00,1774A,126.5052,43.8245,吉林市,电力学院,,16,16,32,10,23,76,46,61,51,7,18,7,10,0.5,0.7
2022-11-20T05:00:00,1775A,126.6133,43.8972,吉林市,江北,,15,12,27,6,19,81,45,60,51,9,21,8,10,0.5,0.7
2022-11-20T05:00:00,1776A,126.555,43.8306,吉林市,江南公园,,15,15,25,5,16,78,40,65,50,16,19,11,8,0.4,0.5
2022-11-20T05:00:00,1778A,126.7061,43.7133,吉林市,丰满(对照点),,,,,,,,,,,,,,,,
2022-11-20T05:00:00,1779A,123.9305,47.3636,齐齐哈尔市,安居小区,,29,29,43,15,18,40,34,36,34,5,11,7,7,0.3,0.5
2022-11-20T05:00:00,1780A,123.9488,47.3386,齐齐哈尔市,中心广场,,18,18,43,2,13,40,32,35,34,7,14,5,5,0.4,0.5
2022-11-20T05:00:00,1781A,123.9483,47.3227,齐齐哈尔市,农牧车辆厂,,14,14,42,4,15,39,27,33,30,7,13,7,8,0.5,0.6
2022-11-20T05:00:00,1783A,123.945,47.2988,齐齐哈尔市,市环境监测站,,16,15,40,11,21,41,32,34,31,7,14,4,5,0.3,0.4
2022-11-20T05:00:00,1784A,129.61,44.561,牡丹江市,环保大楼,,26,14,56,18,33,58,49,58,53,9,34,3,17,0.4,0.7
2022-11-20T05:00:00,1785A,129.6115,44.5782,牡丹江市,文化广场,,28,17,61,19,36,51,44,50,48,7,36,4,12,0.5,0.9
2022-11-20T05:00:00,1786A,129.5904,44.5963,牡丹江市,第一医院,,,,,,,,,,,,,,,,
2022-11-20T05:00:00,1787A,129.6364,44.6075,牡丹江市,机车工厂,,23,19,69,16,33,51,46,46,45,10,34,3,8,0.5,0.8
2022-11-20T05:00:00,1788A,129.6386,44.5462,牡丹江市,第一中学,,21,21,45,11,27,63,48,62,55,10,29,2,12,0.5,0.7
2022-11-20T05:00:00,1789A,124.81117,46.03138,大庆市,大同区,,19,19,65,2,40,48,35,37,36,5,19,3,6,0.3,0.6
2022-11-20T05:00:00,1790A,125.129,46.533,大庆市,龙凤区,,23,16,60,16,39,42,34,38,36,7,15,5,9,0.5,0.8
2022-11-20T05:00:00,1791A,124.902,46.408,大庆市,红岗区,,20,20,52,7,30,43,38,38,38,5,16,5,7,0.1,0.4
2022-11-20T05:00:00,1792A,125.153,46.586,大庆市,萨尔图区,,19,19,72,5,48,38,33,35,34,7,20,6,9,0.3,0.6
2022-11-20T05:00:00,1793A,124.9042,46.6215,大庆市,让胡路区,,16,16,46,7,25,42,34,36,35,5,17,4,6,0.6,0.8
2022-11-20T05:00:00,1794A,118.3606,31.3519,芜湖市,监测站,,32,26,30,22,25,33,17,24,22,36,35,8,8,0.5,0.5
2022-11-20T05:00:00,1795A,118.3714,31.4134,芜湖市,科创中心,,33,19,31,23,26,33,22,29,27,34,34,4,4,0.5,0.6
2022-11-20T05:00:00,1796A,118.3673,31.3131,芜湖市,四水厂,,35,26,33,24,26,24,10,23,18,39,34,7,7,0.6,0.6
2022-11-20T05:00:00,1797A,118.4022,31.3839,芜湖市,济民医院(对照点),,,,,,,,,,,,,,,,
2022-11-20T05:00:00,1798A,118.5092,31.6837,马鞍山市,湖东路四小,,39,39,29,19,22,37,19,24,23,26,28,13,9,1.4,1.1
2022-11-20T05:00:00,1799A,118.5024,31.6449,马鞍山市,开发区,,38,26,27,26,25,39,29,25,25,20,25,6,6,0.8,0.8
2022-11-20T05:00:00,1800A,118.5228,31.7231,马鞍山市,慈湖,,43,43,40,29,28,34,13,30,22,35,33,9,8,0.8,0.8
2022-11-20T05:00:00,1801A,118.48,31.6928,马鞍山市,马钢动力厂,,,,,,,,,,,,,,,,
2022-11-20T05:00:00,1802A,118.6245,31.7241,马鞍山市,濮塘(对照点),颗粒物(PM10),58,66,46,29,29,38,14,32,23,17,19,4,5,0.7,0.7
2022-11-20T05:00:00,1803A,115.9872,29.6815,九江市,十里,,34,34,53,18,36,53,18,13,13,19,38,8,9,0.7,1.1
2022-11-20T05:00:00,1804A,115.9584,29.7046,九江市,茅山头,,38,31,50,26,37,46,18,13,13,20,34,7,8,0.9,1.2
2022-11-20T05:00:00,1805A,115.9877,29.7295,九江市,西园,,45,45,62,25,42,38,8,10,9,30,38,8,13,0.7,0.9
2022-11-20T05:00:00,1806A,116.0172,29.6547,九江市,五七二七厂,细颗粒物(PM2.5),52,30,52,36,44,59,8,38,20,23,25,7,7,0.6,0.9
2022-11-20T05:00:00,1808A,115.9114,29.6038,九江市,综合工业园,,35,28,52,24,40,50,3,18,9,39,37,9,9,1.3,1.1
2022-11-20T05:00:00,1809A,116.0721,29.7535,九江市,石化总厂,,30,30,61,16,37,52,13,15,15,27,39,9,11,0.7,1.1
2022-11-20T05:00:00,1810A,115.9773,29.5698,九江市,庐山气象台(对照点),,15,2,7,1,8,69,46,48,48,8,16,18,15,0.5,0.8
2022-11-20T05:00:00,1811A,112.3628,34.6692,洛阳市,中信二小,,,,,,,,,,,,,,,,
2022-11-20T05:00:00,1812A,112.3931,34.6516,洛阳市,市委党校,细颗粒物(PM2.5),145,144,117,111,79,106,31,31,31,23,27,5,6,0.8,0.7
2022-11-20T05:00:00,1814A,112.4657,34.6871,洛阳市,豫西宾馆,细颗粒物(PM2.5),139,119,105,106,88,115,19,31,28,36,34,4,5,0.7,0.7
2022-11-20T05:00:00,1815A,112.494,34.6886,洛阳市,河南林校,细颗粒物(PM2.5),137,135,108,104,83,102,16,24,17,32,35,,,0.7,0.6
2022-11-20T05:00:00,1816A,112.3844,34.623,洛阳市,开发区管委会,细颗粒物(PM2.5),144,136,111,110,85,101,22,27,26,28,27,3,4,0.8,0.6
2022-11-20T05:00:00,1817A,112.4267,34.6258,洛阳市,市委新办公区,细颗粒物(PM2.5),149,141,117,114,89,94,24,25,24,25,25,3,4,0.6,0.5
2022-11-20T05:00:00,1818A,114.4839,36.0621,安阳市,棉研所(对照点),,,,,,,,,,,,,,,,
2022-11-20T05:00:00,1819A,114.3551,36.1017,安阳市,红庙街,细颗粒物(PM2.5),69,74,95,50,103,63,0,11,2,40,32,4,6,0.8,1
2022-11-20T05:00:00,1820A,114.361,36.0681,安阳市,银杏小区,细颗粒物(PM2.5),70,36,84,51,113,70,5,24,10,36,30,5,7,0.9,1.3
2022-11-20T05:00:00,1824A,114.3389,34.7781,开封市,肿瘤医院,细颗粒物(PM2.5),113,95,102,85,89,52,1,5,4,47,29,4,3,0.8,0.9
2022-11-20T05:00:00,1826A,114.2885,34.7965,开封市,世纪星幼儿园,细颗粒物(PM2.5),82,62,73,60,74,54,23,23,23,34,26,5,5,0.8,0.9
2022-11-20T05:00:00,1828A,113.227,35.2125,焦作市,市环保局,细颗粒物(PM2.5),92,104,104,68,77,51,16,27,23,20,24,2,4,0.8,1
2022-11-20T05:00:00,1829A,113.2464,35.1764,焦作市,高新区政府（停运20220628）,,,,,,,,,,,,,,,,
2022-11-20T05:00:00,1830A,113.1992,35.2590,焦作市,影视城(对照点),,,,,,,,,,,,,,,,
2022-11-20T05:00:00,1832A,113.3257,33.742,平顶山市,新华旅馆,细颗粒物(PM2.5),118,123,110,89,86,102,2,2,2,45,34,6,9,1.1,1
2022-11-20T05:00:00,1833A,113.2919,33.737,平顶山市,规划设计院,细颗粒物(PM2.5),107,121,105,80,77,114,3,22,7,58,39,5,8,1.0,0.9
2022-11-20T05:00:00,1834A,113.182,33.774,平顶山市,平顶山工学院,细颗粒物(PM2.5),104,98,96,78,75,108,4,31,17,46,27,4,6,1.0,0.9
2022-11-20T05:00:00,1835A,111.1922,34.7752,三门峡市,市政府,细颗粒物(PM2.5),153,101,102,117,96,109,45,63,54,22,32,5,9,0.7,0.7
2022-11-20T05:00:00,1836A,111.1587,34.7942,三门峡市,开发区,细颗粒物(PM2.5),156,163,143,119,99,106,46,59,53,22,28,8,9,0.9,0.9
2022-11-20T05:00:00,1838A,111.143,34.7955,三门峡市,风景区(对照点),,,,,,,,,,,,,,,,
2022-11-20T05:00:00,1839A,111.3009,30.7157,宜昌市,四零三,,,,,,,,,,,,,,,,
2022-11-20T05:00:00,1840A,111.2992,30.6981,宜昌市,白龙岗,细颗粒物(PM2.5),67,58,70,48,53,102,27,36,33,25,34,3,4,0.6,0.7
2022-11-20T05:00:00,1841A,111.3549,30.6465,宜昌市,伍家岗,细颗粒物(PM2.5),67,69,81,48,56,104,15,9,9,32,35,3,6,0.4,0.5
2022-11-20T05:00:00,1842A,111.2628,30.6961,宜昌市,点军区,细颗粒物(PM2.5),64,59,72,46,56,114,16,18,18,16,23,5,6,0.5,0.6
2022-11-20T05:00:00,1843A,111.3275,30.7819,宜昌市,夷陵区,细颗粒物(PM2.5),62,52,59,44,53,111,24,31,26,24,34,5,7,0.5,0.6
2022-11-20T05:00:00,1844A,112.2494,30.3197,荆州市,市图书馆,细颗粒物(PM2.5),73,54,52,53,51,108,30,52,41,34,30,8,7,0.8,0.8
2022-11-20T05:00:00,1845A,112.2008,30.3544,荆州市,市委党校,细颗粒物(PM2.5),63,62,58,45,43,108,26,52,40,35,31,9,7,0.9,0.8
2022-11-20T05:00:00,1847A,113.1094,29.3578,岳阳市,南湖风景区,,43,41,48,30,35,80,5,6,5,35,35,10,9,0.8,1
2022-11-20T05:00:00,1848A,113.1493,29.4251,岳阳市,城陵矶,颗粒物(PM10),54,57,53,31,33,70,6,6,6,47,43,8,8,0.7,0.8
2022-11-20T05:00:00,1849A,113.1497,29.3575,岳阳市,开发区,,39,39,50,20,32,69,1,2,1,32,32,7,7,0.7,0.8
2022-11-20T05:00:00,1850A,113.2621,29.4758,岳阳市,云溪区,,28,28,42,18,25,70,5,11,8,18,28,7,8,0.9,0.9
2022-11-20T05:00:00,1851A,112.9943,29.4402,岳阳市,君山区,,26,21,40,18,34,77,12,22,20,38,30,5,6,0.8,0.8
2022-11-20T05:00:00,1852A,113.2117,29.355,岳阳市,金凤水库(对照点),,24,24,33,10,25,72,19,15,15,11,16,4,4,0.7,0.8
2022-11-20T05:00:00,1854A,111.6975,28.9703,常德市,市二中,,48,48,45,26,32,81,0,4,1,26,22,4,6,0.6,0.6
2022-11-20T05:00:00,1857A,111.7158,29.1456,常德市,白鹤山(对照点),,30,30,32,17,23,85,19,46,33,10,8,1,2,0.5,0.5
2022-11-20T05:00:00,1858A,110.5319,29.1217,张家界市,永定新区,,42,35,44,29,36,95,6,23,13,19,22,3,4,0.1,0.4
2022-11-20T05:00:00,1859A,110.4697,29.1242,张家界市,电业局,,30,24,42,21,34,97,13,16,15,19,22,4,5,0.3,0.4
2022-11-20T05:00:00,1860A,110.5594,29.3547,张家界市,未央路,,36,27,39,25,32,84,12,17,15,8,9,2,3,0.2,0.2
2022-11-20T05:00:00,1861A,110.4417,29.315,张家界市,袁家界(对照点),颗粒物(PM10),53,55,41,17,26,85,48,47,47,7,9,9,10,0.5,0.5
2022-11-20T05:00:00,1862A,110.4144,25.3167,桂林市,电子科大尧山校区(对照点),,22,18,15,15,12,62,50,54,49,5,6,5,5,0.6,0.6
2022-11-20T05:00:00,1863A,110.2819,25.2697,桂林市,监测站,,35,31,20,24,11,52,48,44,44,10,15,4,4,0.8,0.8
2022-11-20T05:00:00,1864A,110.3089,25.2708,桂林市,龙隐路小学,,36,32,19,25,14,41,38,34,34,9,11,11,9,0.8,0.8
2022-11-20T05:00:00,1865A,110.2869,25.2178,桂林市,八中,,38,21,18,26,15,38,38,32,32,12,14,4,6,0.6,0.7
2022-11-20T05:00:00,1866A,109.2262,21.588,北海市,牛尾岭水库(对照点),,18,18,39,12,28,96,11,12,11,10,10,5,8,0.8,0.7
2022-11-20T05:00:00,1867A,109.1436,21.4086,北海市,海滩公园,,39,39,42,17,21,133,20,26,24,14,11,8,10,0.8,0.7
2022-11-20T05:00:00,1868A,109.0981,21.4661,北海市,新市环保局,,35,30,37,24,26,110,19,22,20,15,14,11,9,0.8,0.7
2022-11-20T05:00:00,1869A,109.1778,21.5233,北海市,北海工业园,,29,26,49,20,30,114,14,18,16,20,18,17,14,0.8,0.7
2022-11-20T05:00:00,1870A,109.4856,24.3895,柳州市,柳东小学,,30,15,14,21,16,31,22,23,23,8,8,20,10,0.6,0.6
2022-11-20T05:00:00,1871A,109.4157,24.3277,柳州市,环保监测站,,20,20,17,10,11,20,13,10,9,23,28,10,7,0.5,0.7
2022-11-20T05:00:00,1872A,109.389,24.341,柳州市,河西水厂,,19,19,20,11,14,27,15,20,19,16,21,10,14,0.9,1.3
2022-11-20T05:00:00,1873A,109.4311,24.2921,柳州市,市四中,,16,16,16,7,7,25,23,21,21,12,17,10,9,0.5,0.7
2022-11-20T05:00:00,1874A,109.4006,24.3631,柳州市,市九中,,18,18,20,12,11,23,14,11,11,20,22,14,12,1.0,1.1
2022-11-20T05:00:00,1875A,109.4958,24.3134,柳州市,古亭山,,11,11,11,7,5,27,22,22,21,8,10,10,9,0.7,0.7
2022-11-20T05:00:00,1876A,109.5078,18.2489,三亚市,河东子站,,19,13,21,7,10,64,58,60,58,3,6,2,2,0.3,0.4
2022-11-20T05:00:00,1877A,109.4964,18.2681,三亚市,河西子站,,16,11,24,5,7,59,49,53,50,2,6,2,2,0.3,0.3
2022-11-20T05:00:00,1878A,104.7778,31.4741,绵阳市,富乐山,,48,42,44,33,29,97,36,56,45,13,17,4,5,0.4,0.5
2022-11-20T05:00:00,1879A,104.7563,31.4535,绵阳市,市人大,细颗粒物(PM2.5),59,52,60,42,38,85,37,41,40,16,33,8,11,0.5,0.6
2022-11-20T05:00:00,1880A,104.6697,31.4668,绵阳市,高新区自来水公司,细颗粒物(PM2.5),60,54,68,43,41,101,50,48,48,12,29,6,7,0.5,0.6
2022-11-20T05:00:00,1881A,104.7287,31.5075,绵阳市,三水厂,细颗粒物(PM2.5),62,62,71,44,40,83,7,22,18,35,37,4,5,0.5,0.6
2022-11-20T05:00:00,1882A,104.563,28.793,宜宾市,石马中学(对照点),细颗粒物(PM2.5),112,97,78,84,64,111,9,8,6,32,31,7,7,0.8,0.7
2022-11-20T05:00:00,1883A,104.6201,28.7728,宜宾市,市委,细颗粒物(PM2.5),102,100,84,76,62,125,9,14,13,47,40,10,12,0.7,0.7
2022-11-20T05:00:00,1884A,104.6055,28.793,宜宾市,宜宾四中,细颗粒物(PM2.5),105,101,87,79,67,116,13,23,21,41,41,11,13,0.7,0.7
2022-11-20T05:00:00,1885A,104.639,28.7562,宜宾市,市政府,细颗粒物(PM2.5),114,114,95,86,70,125,5,4,4,56,48,14,11,0.7,0.8
2022-11-20T05:00:00,1886A,104.5742,28.7199,宜宾市,黄金嘴,细颗粒物(PM2.5),103,102,83,77,59,122,15,9,9,39,39,14,12,0.6,0.7
2022-11-20T05:00:00,1888A,101.6891,26.571,攀枝花市,弄弄坪,,37,37,47,21,25,122,34,44,41,27,37,9,19,1.6,1.8
2022-11-20T05:00:00,1889A,101.5769,26.5928,攀枝花市,河门口,,25,25,31,15,18,128,28,30,29,26,27,12,20,1.4,1.4
2022-11-20T05:00:00,1890A,101.7169,26.585,攀枝花市,炳草岗,颗粒物(PM10),54,58,62,20,21,112,6,4,4,53,60,18,24,1.3,1.6
2022-11-20T05:00:00,1891A,101.7369,26.5008,攀枝花市,仁和,,31,31,42,21,25,133,33,50,40,18,23,9,21,1.6,1.5
2022-11-20T05:00:00,1893A,105.4324,28.9634,泸州市,九狮山(对照点),细颗粒物(PM2.5),67,55,71,48,66,90,5,6,6,15,24,6,10,0.3,0.4
2022-11-20T05:00:00,1894A,105.4427,28.9063,泸州市,小市上码头,细颗粒物(PM2.5),147,144,117,112,85,126,11,46,33,47,34,8,14,1.1,0.9
2022-11-20T05:00:00,1895A,105.4241,28.8573,泸州市,兰田宪桥,细颗粒物(PM2.5),140,128,98,107,81,119,3,18,10,33,34,14,17,0.9,0.8
2022-11-20T05:00:00,1896A,105.4379,28.8833,泸州市,市环监站,细颗粒物(PM2.5),160,133,110,122,94,118,16,15,15,34,31,10,14,0.8,0.8
2022-11-20T05:00:00,1897A,104.7547,29.3628,自贡市,大塘山(对照点),,,,,,,,,,,,,,,,
2022-11-20T05:00:00,1900A,104.7692,29.3411,自贡市,春华路,,,,,,,,,,,,,,,,
2022-11-20T05:00:00,1901A,104.4239,31.1208,德阳市,东山公园,细颗粒物(PM2.5),75,87,86,55,55,103,60,70,61,17,32,7,6,0.7,0.7
2022-11-20T05:00:00,1902A,104.3826,31.1317,德阳市,西小区,细颗粒物(PM2.5),72,69,83,52,56,92,58,35,35,17,44,6,6,0.6,0.8
2022-11-20T05:00:00,1903A,104.4053,31.1167,德阳市,市检察院,,,,,,,,,,,,,,,,
2022-11-20T05:00:00,1904A,104.3553,31.1091,德阳市,耐火材料厂,细颗粒物(PM2.5),84,74,109,62,64,92,50,27,27,23,48,5,6,0.6,0.8
2022-11-20T05:00:00,1905A,106.056,30.8064,南充市,西山风景区(对照点),细颗粒物(PM2.5),64,58,55,46,46,82,30,41,36,5,14,7,9,0.8,0.9
2022-11-20T05:00:00,1906A,106.0789,30.8023,南充市,南充市委,细颗粒物(PM2.5),73,74,71,53,48,77,7,16,13,19,24,9,11,0.6,0.7
2022-11-20T05:00:00,1907A,106.1031,30.8217,南充市,南充炼油厂,细颗粒物(PM2.5),67,74,76,48,48,87,22,23,22,13,21,17,14,0.6,0.6
2022-11-20T05:00:00,1908A,106.1064,30.7856,南充市,高坪区监测站,细颗粒物(PM2.5),65,61,75,47,59,75,8,12,11,20,24,12,17,0.6,0.7
2022-11-20T05:00:00,1909A,106.0642,30.7636,南充市,嘉陵区环保局,细颗粒物(PM2.5),82,63,69,60,57,79,20,19,19,16,26,12,17,0.6,0.7
2022-11-20T05:00:00,1910A,106.1087,30.8388,南充市,市环境监测站,细颗粒物(PM2.5),87,74,70,64,55,76,6,22,18,26,21,16,15,0.7,0.7
2022-11-20T05:00:00,1911A,106.9222,27.6869,遵义市,丁字口,,36,32,38,25,30,76,56,54,54,9,18,7,10,0.6,0.7
2022-11-20T05:00:00,1912A,106.9242,27.7019,遵义市,凤凰山,,38,38,39,13,20,76,49,49,49,9,14,5,6,0.5,0.6
2022-11-20T05:00:00,1913A,106.8906,27.6486,遵义市,忠庄,,33,26,44,23,25,81,50,43,43,7,16,1,2,0.7,0.8
2022-11-20T05:00:00,1914A,106.9231,27.6506,遵义市,舟水桥,,38,30,44,26,26,81,53,43,43,8,16,2,5,0.5,0.5
2022-11-20T05:00:00,1915A,106.9178,27.72,遵义市,干田坝,,28,28,38,16,26,70,52,49,49,7,17,6,9,0.4,0.5
2022-11-20T05:00:00,1916A,103.7897,25.5035,曲靖市,环境监测站,,42,42,57,29,36,122,4,14,5,39,25,3,8,0.7,0.9
2022-11-20T05:00:00,1917A,103.8,25.5364,曲靖市,烟厂办公区,细颗粒物(PM2.5),63,71,59,45,33,128,6,9,6,53,28,46,25,1.1,0.8
2022-11-20T05:00:00,1918A,108.7197,34.3956,咸阳市,气象站(对照点),细颗粒物(PM2.5),124,135,137,94,85,51,3,3,3,63,63,8,9,1.1,1.1
2022-11-20T05:00:00,1919A,108.673,34.3155,咸阳市,实验中学,细颗粒物(PM2.5),144,169,153,110,92,66,4,5,4,46,57,4,5,1.0,0.9
2022-11-20T05:00:00,1920A,108.7233,34.3617,咸阳市,师范学院,细颗粒物(PM2.5),132,152,146,100,94,65,2,4,3,53,57,7,8,0.9,0.9
2022-11-20T05:00:00,1922A,109.0656,35.0994,铜川市,党校(对照点),颗粒物(PM10),85,120,136,50,46,88,3,5,4,62,58,13,14,0.9,0.8
2022-11-20T05:00:00,1923A,109.0697,35.0697,铜川市,王益区政府,颗粒物(PM10),68,86,107,43,40,87,4,4,4,40,44,5,7,0.5,0.6
2022-11-20T05:00:00,1924A,108.9344,34.9058,铜川市,新区管委会,颗粒物(PM10),66,81,125,39,51,84,44,42,42,19,37,7,9,0.4,0.6
2022-11-20T05:00:00,1925A,108.9589,34.8731,铜川市,新区兰芝公司,,,,,,,,,,,,,,,,
2022-11-20T05:00:00,1926A,109.4131,36.6275,延安市,枣园(对照点),颗粒物(PM10),51,51,80,20,26,98,3,4,4,31,33,4,5,0.4,0.5
2022-11-20T05:00:00,1927A,109.4761,36.6028,延安市,延大医附院,颗粒物(PM10),53,56,89,20,35,81,2,3,2,33,39,5,6,0.9,0.9
2022-11-20T05:00:00,1928A,109.4824,36.5767,延安市,市监测站,,,,,,,,,,,,,,,,
2022-11-20T05:00:00,1929A,109.5056,36.6106,延安市,百米大道,颗粒物(PM10),55,60,95,29,38,77,3,4,3,45,50,7,8,0.7,0.8
2022-11-20T05:00:00,1930A,107.185,34.3063,宝鸡市,庙沟村(对照点),"颗粒物(PM10),细颗粒物(PM2.5)",59,68,63,42,32,72,13,25,20,32,23,5,5,0.6,0.6
2022-11-20T05:00:00,1931A,107.0708,34.3017,宝鸡市,竹园沟,细颗粒物(PM2.5),58,55,62,41,35,88,15,14,13,21,27,5,6,0.6,0.6
2022-11-20T05:00:00,1932A,107.1906,34.3672,宝鸡市,三陆医院,颗粒物(PM10),71,92,98,43,51,75,10,7,7,36,39,8,8,0.8,0.8
2022-11-20T05:00:00,1933A,107.1431,34.3547,宝鸡市,监测站,颗粒物(PM10),60,69,74,42,39,74,7,5,5,31,36,6,6,0.5,0.6
2022-11-20T05:00:00,1934A,107.1186,34.3739,宝鸡市,技工学校,细颗粒物(PM2.5),63,72,81,45,41,78,14,14,14,26,33,10,10,0.7,0.6
2022-11-20T05:00:00,1935A,107.3906,34.3528,宝鸡市,陈仓区环保局家属楼,细颗粒物(PM2.5),90,115,124,67,61,72,6,5,5,41,44,10,30,1.0,0.9
2022-11-20T05:00:00,1936A,107.2058,34.3497,宝鸡市,文理学院,"颗粒物(PM10),细颗粒物(PM2.5)",62,74,84,44,38,82,7,5,5,38,39,8,8,0.6,0.6
2022-11-20T05:00:00,1937A,107.2386,34.3622,宝鸡市,三迪小学,颗粒物(PM10),71,92,100,45,45,70,5,5,5,39,45,8,9,0.5,0.6
2022-11-20T05:00:00,1938A,109.5293,34.5101,渭南市,农科所(对照点),细颗粒物(PM2.5),134,149,150,102,91,96,10,14,13,35,50,6,9,1.0,1.1
2022-11-20T05:00:00,1939A,109.4974,34.4877,渭南市,日报社,细颗粒物(PM2.5),155,151,148,118,102,97,5,4,4,46,59,10,13,0.8,0.9
2022-11-20T05:00:00,1940A,109.4636,34.493,渭南市,体育馆,细颗粒物(PM2.5),159,158,147,121,101,104,8,7,7,53,66,7,11,0.8,0.9
2022-11-20T05:00:00,1941A,109.4259,34.5023,渭南市,高新一小,细颗粒物(PM2.5),218,193,165,168,113,90,5,4,4,46,53,8,10,0.9,0.8
2022-11-20T05:00:00,1943A,102.1725,38.5339,金昌市,新川苑,颗粒物(PM10),74,97,164,25,39,95,33,32,32,28,32,20,19,0.9,0.9
2022-11-20T05:00:00,1944A,102.1692,38.5167,金昌市,天庆家园,颗粒物(PM10),61,71,140,34,46,100,27,24,24,35,38,25,35,0.9,1
2022-11-20T05:00:00,1945A,98.2908,39.7711,嘉峪关市,气象局,颗粒物(PM10),56,61,129,17,40,90,24,22,22,56,40,78,7,1.6,0.3
2022-11-20T05:00:00,1947A,106.3394,38.817,石嘴山市,沙湖旅游区(对照点),颗粒物(PM10),112,174,178,58,52,84,6,6,6,48,49,25,31,1.7,1.7
2022-11-20T05:00:00,1948A,106.3668,39.0145,石嘴山市,大武口朝阳西街,颗粒物(PM10),69,88,104,28,34,77,2,12,6,70,57,39,26,0.8,1
2022-11-20T05:00:00,1949A,106.7704,39.2282,石嘴山市,惠农南大街,颗粒物(PM10),97,143,134,34,35,84,1,1,1,60,50,22,23,0.7,0.7
2022-11-20T05:00:00,1950A,106.7099,39.1325,石嘴山市,红果子镇惠新街,颗粒物(PM10),60,69,105,18,28,90,25,23,17,29,40,8,16,0.4,0.6
2022-11-20T05:00:00,1951A,84.895,45.6094,克拉玛依市,长征新村,,23,23,14,5,8,46,17,22,17,18,12,5,5,0.2,0.2
2022-11-20T05:00:00,1952A,84.8988,45.5893,克拉玛依市,南林小区,,39,33,18,27,11,51,7,24,18,31,13,1,2,0.5,0.4
2022-11-20T05:00:00,1953A,85.1186,45.6886,克拉玛依市,白碱滩区,,,,,,,,,,,,,,,,
2022-11-20T05:00:00,1954A,84.905,44.3396,克拉玛依市,独山子区,颗粒物(PM10),58,65,61,38,38,31,24,18,18,18,23,6,6,0.5,0.6
2022-11-20T05:00:00,1955A,85.6979,46.098,克拉玛依市,乌尔禾区商贸楼,,29,8,15,20,8,52,2,27,9,37,15,3,4,0.3,0.4
2022-11-20T05:00:00,1956A,86.1472,41.7538,巴音郭楞州,孔雀公园,颗粒物(PM10),73,95,88,42,32,84,65,62,62,16,19,8,8,0.4,0.4
2022-11-20T05:00:00,1957A,86.1972,41.7166,巴音郭楞州,棉纺厂,颗粒物(PM10),82,113,104,38,36,84,62,50,47,23,32,9,8,0.4,0.4
2022-11-20T05:00:00,1958A,86.2357,41.7173,巴音郭楞州,经济开发区,颗粒物(PM10),58,66,77,24,29,85,73,73,73,12,13,12,10,0.6,0.5
2022-11-20T05:00:00,1959A,118.746,36.881,寿光市,监测站,,,,,,,,,,,,,,,,
2022-11-20T05:00:00,1960A,118.780,36.864,寿光市,世纪学校,,,,,,,,,,,,,,,,
2022-11-20T05:00:00,1961A,117.532,36.6868,济南市,东山小学,细颗粒物(PM2.5),160,171,136,122,93,84,3,8,5,50,50,4,5,0.8,0.6
2022-11-20T05:00:00,1962A,117.541,36.710,章丘市,明水开发区,,,,,,,,,,,,,,,,
2022-11-20T05:00:00,1963A,120.610,36.440,即墨市,环保局子站,,,,,,,,,,,,,,,,
2022-11-20T05:00:00,1964A,120.470,36.390,即墨市,开发区子站,,,,,,,,,,,,,,,,
2022-11-20T05:00:00,1965A,120.005,35.878,胶南市,JN子站,,,,,,,,,,,,,,,,
2022-11-20T05:00:00,1966A,120.0405,35.8735,青岛市,黄岛区4号,细颗粒物(PM2.5),64,48,40,46,34,102,22,18,18,55,68,6,6,0.7,0.8
2022-11-20T05:00:00,1967A,120.008,36.283,胶州市,胶州环保局,,,,,,,,,,,,,,,,
2022-11-20T05:00:00,1968A,120.014,36.253,胶州市,胶州一中,,,,,,,,,,,,,,,,
2022-11-20T05:00:00,1969A,120.537,36.865,莱西市,环保局子站,,,,,,,,,,,,,,,,
2022-11-20T05:00:00,1970A,120.515,36.885,莱西市,人民广场子站,,,,,,,,,,,,,,,,
2022-11-20T05:00:00,1971A,119.952,36.792,平度市,1号,,,,,,,,,,,,,,,,
2022-11-20T05:00:00,1972A,119.976,36.799,平度市,2号,,,,,,,,,,,,,,,,
2022-11-20T05:00:00,1973A,120.747,37.825,蓬莱市,蓬莱环保局,,,,,,,,,,,,,,,,
2022-11-20T05:00:00,1974A,120.773,37.809,蓬莱市,蓬莱博物馆,,,,,,,,,,,,,,,,
2022-11-20T05:00:00,1975A,120.399,37.374,招远市,招远环保局,,,,,,,,,,,,,,,,
2022-11-20T05:00:00,1976A,120.394,37.364,招远市,招远教育局,,,,,,,,,,,,,,,,
2022-11-20T05:00:00,1977A,119.941,37.177,莱州市,莱州环保局,,,,,,,,,,,,,,,,
2022-11-20T05:00:00,1978A,119.959,37.180,莱州市,莱州外经委,,,,,,,,,,,,,,,,
2022-11-20T05:00:00,1979A,122.471,37.154,荣成市,荣成市环保局办公楼,,,,,,,,,,,,,,,,
2022-11-20T05:00:00,1980A,122.410,37.161,荣成市,山东成山轮胎公司,,,,,,,,,,,,,,,,
2022-11-20T05:00:00,1981A,122.038,37.197,文登市,文登市环保局,,,,,,,,,,,,,,,,
2022-11-20T05:00:00,1982A,122.0693,37.2174,威海市,文登开发区,细颗粒物(PM2.5),89,85,78,66,51,89,9,11,10,38,44,5,5,0.7,0.7
2022-11-20T05:00:00,1983A,121.531,36.913,乳山市,乳山市环保局,,,,,,,,,,,,,,,,
2022-11-20T05:00:00,1984A,121.544,36.907,乳山市,乳山市气象局,,,,,,,,,,,,,,,,
2022-11-20T05:00:00,1985A,120.636,31.155,吴江市,吴江市环保局,,,,,,,,,,,,,,,,
2022-11-20T05:00:00,1986A,120.635,31.170,吴江市,教师进修学校,,,,,,,,,,,,,,,,
2022-11-20T05:00:00,1987A,120.658,31.172,吴江市,吴江开发区,,,,,,,,,,,,,,,,
2022-11-20T05:00:00,1988A,120.953,31.388,昆山市,昆山实验小学,,,,,,,,,,,,,,,,
2022-11-20T05:00:00,1989A,120.999,31.381,昆山市,震川中学,,,,,,,,,,,,,,,,
2022-11-20T05:00:00,1990A,120.758,31.670,常熟市,海虞子站,,,,,,,,,,,,,,,,
2022-11-20T05:00:00,1991A,120.721,31.671,常熟市,兴福子站,,,,,,,,,,,,,,,,
2022-11-20T05:00:00,1992A,120.734,31.656,常熟市,菱塘子站,,,,,,,,,,,,,,,,
2022-11-20T05:00:00,1993A,120.526,31.874,张家港市,张家港市监测站,,,,,,,,,,,,,,,,
2022-11-20T05:00:00,1994A,120.550,31.882,张家港市,城北小学,,,,,,,,,,,,,,,,
2022-11-20T05:00:00,1995A,121.115,31.453,太仓市,太仓市监测站,,,,,,,,,,,,,,,,
2022-11-20T05:00:00,1996A,121.140,31.422,太仓市,科教新城实小,,,,,,,,,,,,,,,,
2022-11-20T05:00:00,1997A,119.146,31.955,句容市,消防指挥中心,,,,,,,,,,,,,,,,
2022-11-20T05:00:00,1998A,119.180,31.955,句容市,房家坝,,,,,,,,,,,,,,,,
2022-11-20T05:00:00,1999A,120.268,31.920,江阴市,虹桥邮政,,,,,,,,,,,,,,,,
2022-11-20T05:00:00,2000A,120.237,31.909,江阴市,五星公园,,,,,,,,,,,,,,,,
2022-11-20T05:00:00,2001A,120.302,31.920,江阴市,第二实验小学,,,,,,,,,,,,,,,,
2022-11-20T05:00:00,2002A,119.818,31.354,宜兴市,宜兴市环保局,,,,,,,,,,,,,,,,
2022-11-20T05:00:00,2003A,119.794,31.371,宜兴市,宜园,,,,,,,,,,,,,,,,
2022-11-20T05:00:00,2004A,119.579,31.751,金坛市,金坛市环境监测站,,,,,,,,,,,,,,,,
2022-11-20T05:00:00,2005A,119.579,31.737,金坛市,金坛市自来水公司,,,,,,,,,,,,,,,,
2022-11-20T05:00:00,2006A,119.460,31.400,溧阳市,溧阳市东门子站,,,,,,,,,,,,,,,,
2022-11-20T05:00:00,2007A,119.438,31.317,溧阳市,燕山子站,,,,,,,,,,,,,,,,
2022-11-20T05:00:00,2008A,121.173,31.896,海门市,海门市监测站,,,,,,,,,,,,,,,,
2022-11-20T05:00:00,2009A,121.1518,31.89708,海门市,社会福利院,,,,,,,,,,,,,,,,
2022-11-20T05:00:00,2010A,119.7183,30.2366,临安市,市政府,,,,,,,,,,,,,,,,
2022-11-20T05:00:00,2011A,119.6942,30.2311,临安市,四中,,,,,,,,,,,,,,,,
2022-11-20T05:00:00,2012A,119.954,30.054,富阳市,监测站,,,,,,,,,,,,,,,,
2022-11-20T05:00:00,2013A,119.946,30.049,富阳市,富春二小,,,,,,,,,,,,,,,,
2022-11-20T05:00:00,2014A,120.091,29.305,义乌市,江东,,,,,,,,,,,,,,,,
2022-11-20T05:00:00,2015A,120.040,29.334,义乌市,北苑,,,,,,,,,,,,,,,,
2022-11-20T05:00:00,2016A,120.251,29.719,诸暨市,图书馆,,,,,,,,,,,,,,,,
2022-11-20T05:00:00,2017A,120.209,29.732,诸暨市,富林印务,,,,,,,,,,,,,,,,
2022-11-20T05:00:00,2018A,121.989,39.625,瓦房店市,抱龙山庄,,,,,,,,,,,,,,,,
2022-11-20T05:00:00,2019A,122.011,39.617,瓦房店市,东山公园,,,,,,,,,,,,,,,,
2022-11-20T05:00:00,2031A,113.1817,27.9958,株洲市,云田中学,细颗粒物(PM2.5),67,52,84,48,74,72,1,2,1,27,35,5,5,0.9,0.9
2022-11-20T05:00:00,2054A,114.1099,32.1059,信阳市,平桥分局,,40,35,43,28,33,64,2,8,7,37,30,6,6,0.8,0.8
2022-11-20T05:00:00,2064A,113.9956,32.1271,信阳市,南湾水厂,,29,29,40,14,26,79,11,22,14,25,22,6,6,0.8,0.8
2022-11-20T05:00:00,2065A,114.0775,32.1195,信阳市,市酿酒公司,,38,38,46,24,29,71,1,2,2,24,22,6,6,0.9,1
2022-11-20T05:00:00,2066A,114.0609,32.1399,信阳市,审计局,,42,42,47,22,32,75,4,8,8,31,31,7,8,0.9,0.8
2022-11-20T05:00:00,2067A,114.6613,33.6128,周口市,市环境监测站,,29,24,68,20,34,70,1,8,3,32,30,6,7,0.9,0.9
2022-11-20T05:00:00,2068A,114.6758,33.6347,周口市,周口师范,,29,26,64,20,38,75,3,5,3,33,32,5,5,0.7,0.8
2022-11-20T05:00:00,2069A,114.6546,33.5979,周口市,市运管处,,35,35,66,22,29,77,2,9,4,35,31,2,2,1.1,1.1
2022-11-20T05:00:00,2070A,114.6369,33.6406,周口市,川汇区环保局,,47,47,60,25,30,72,3,10,6,38,32,4,4,0.9,1
2022-11-20T05:00:00,2075A,117.6336,24.4674,漳州市,九湖(对照点),,,,,,,,,,,,,,,,
2022-11-20T05:00:00,2160A,112.85,35.5051,晋城市,自来水公司,细颗粒物(PM2.5),117,127,104,88,69,97,11,70,35,52,42,8,10,1.1,1.2
2022-11-20T05:00:00,2161A,112.8318,35.4936,晋城市,白云商贸,细颗粒物(PM2.5),113,101,109,85,65,100,24,66,52,48,40,4,5,1.3,1.4
2022-11-20T05:00:00,2162A,112.8508,35.4887,晋城市,市环保局,细颗粒物(PM2.5),119,138,112,90,70,100,31,73,45,49,44,5,8,1.2,1.3
2022-11-20T05:00:00,2163A,112.8676,35.4897,晋城市,技术学院,细颗粒物(PM2.5),117,106,100,88,74,90,22,64,36,43,32,5,8,0.9,1
2022-11-20T05:00:00,2164A,112.8271,35.4828,晋城市,泽州一中,,,,,,,,,,,,,,,,
2022-11-20T05:00:00,2165A,112.8453,35.546,晋城市,白马寺 (对照点),,,,,,,,,,,,,,,,
2022-11-20T05:00:00,2166A,112.4397,39.3522,朔州市,平朔,,,,87,41,32,93,4,14,6,51,25,20,11,0.8,0.5
2022-11-20T05:00:00,2167A,112.4575,39.3617,朔州市,朔唯,颗粒物(PM10),81,112,97,42,32,95,2,3,2,58,34,29,16,0.7,0.5
2022-11-20T05:00:00,2168A,112.4258,39.3197,朔州市,区政府,颗粒物(PM10),80,109,88,32,29,98,4,27,12,52,25,10,8,0.9,0.8
2022-11-20T05:00:00,2169A,112.4072,39.3278,朔州市,市环保局,颗粒物(PM10),75,99,80,34,33,91,9,35,14,45,22,12,8,0.7,0.6
2022-11-20T05:00:00,2170A,112.4272,39.3681,朔州市,市二中,颗粒物(PM10),96,141,104,34,33,95,5,8,4,48,32,18,13,1.5,1.3
2022-11-20T05:00:00,2171A,112.7532,37.6945,晋中市,锦纶小区,颗粒物(PM10),65,79,110,46,64,95,9,22,17,42,47,5,10,0.4,0.8
2022-11-20T05:00:00,2173A,112.7249,37.7067,晋中市,南都小区,颗粒物(PM10),74,97,138,44,77,92,10,18,16,46,53,10,14,0.5,0.9
2022-11-20T05:00:00,2174A,112.6991,37.6982,晋中市,榆次区政府,颗粒物(PM10),77,104,136,52,86,92,4,15,11,53,51,8,11,0.5,0.9
2022-11-20T05:00:00,2175A,110.9956,35.0147,运城市,运城中学,细颗粒物(PM2.5),178,179,167,134,100,102,33,86,49,31,31,29,14,1.8,1.1
2022-11-20T05:00:00,2176A,111.0233,35.0611,运城市,禹都开发区,,,,,,,,,,,,,,,,
2022-11-20T05:00:00,2178A,110.9686,35.0303,运城市,地区技校,细颗粒物(PM2.5),180,159,182,136,103,95,25,75,38,35,40,26,17,1.4,0.9
2022-11-20T05:00:00,2179A,111.0414,35.1147,运城市,空港新区,细颗粒物(PM2.5),124,161,193,94,113,102,24,37,30,38,42,20,22,1.5,1.2
2022-11-20T05:00:00,2181A,112.7383,38.4519,忻州市,开发区,细颗粒物(PM2.5),79,83,91,58,62,86,2,3,2,36,37,5,7,0.9,0.9
2022-11-20T05:00:00,2182A,112.7003,38.4928,忻州市,会展中心,细颗粒物(PM2.5),72,78,92,52,57,74,4,4,4,28,36,6,9,0.5,0.5
2022-11-20T05:00:00,2183A,111.1406,37.5211,吕梁市,环保局,颗粒物(PM10),92,133,135,34,36,61,1,1,1,49,56,8,9,0.5,0.8
2022-11-20T05:00:00,2185A,111.1297,37.5136,吕梁市,自来水公司,颗粒物(PM10),104,158,146,36,37,65,1,1,1,46,49,12,12,0.5,0.8
2022-11-20T05:00:00,2186A,106.8288,39.6778,乌海市,聚英学校,,,,,,,,,,,,,,,,
2022-11-20T05:00:00,2187A,106.8174,39.6973,乌海市,市林业局,颗粒物(PM10),81,112,139,44,48,85,16,17,12,31,48,7,30,0.6,0.9
2022-11-20T05:00:00,2188A,106.7907,39.6667,乌海市,中海勃湾学校,颗粒物(PM10),83,116,151,47,47,91,26,16,16,23,51,11,36,0.5,1
2022-11-20T05:00:00,2191A,122.2532,43.6801,通辽市,艺术职业学校,,40,40,66,7,31,86,34,40,37,18,25,6,15,0.8,0.9
2022-11-20T05:00:00,2192A,119.7594,49.2261,呼伦贝尔市,区环保局,,26,24,61,18,22,66,48,47,47,8,7,5,4,0.2,0.4
2022-11-20T05:00:00,2194A,107.5936,40.916,巴彦淖尔市,秋林养殖基地(对照点),,,,,,,,,,,,,,,,
2022-11-20T05:00:00,2195A,107.4212,40.761,巴彦淖尔市,附二中,颗粒物(PM10),53,55,100,15,24,68,25,18,18,21,24,7,10,0.7,0.6
2022-11-20T05:00:00,2196A,107.37,40.7372,巴彦淖尔市,市环保大楼,颗粒物(PM10),54,58,89,21,32,75,29,19,19,25,23,11,8,0.6,0.6
2022-11-20T05:00:00,2197A,113.1306,40.9923,乌兰察布市,集宁新区,,45,45,55,21,26,92,27,31,28,18,17,26,21,0.7,0.6
2022-11-20T05:00:00,2200A,122.0392,46.0656,兴安盟,胜华新制药厂,,23,23,36,9,19,69,54,52,52,4,9,2,4,0.2,0.3
2022-11-20T05:00:00,2201A,121.9504,46.0741,兴安盟,科右前旗环保局,,29,16,38,20,23,65,42,38,38,3,7,1,2,0.1,0.2
2022-11-20T05:00:00,2202A,116.1042,43.9317,锡林郭勒盟,市环保监测站,,10,10,38,3,9,64,25,30,29,5,7,8,8,0.2,0.2
2022-11-20T05:00:00,2203A,116.0781,43.9311,锡林郭勒盟,市政府,,11,11,45,7,8,62,27,32,31,10,9,11,9,0.1,0.2
2022-11-20T05:00:00,2204A,105.6467,38.8363,阿拉善盟,西城区西花园(对照点),颗粒物(PM10),55,60,78,14,23,90,82,84,83,12,14,12,10,0.3,0.3
2022-11-20T05:00:00,2205A,105.6985,38.8411,阿拉善盟,蒙二幼,颗粒物(PM10),54,57,68,33,31,89,84,85,85,7,14,14,11,0.6,0.6
2022-11-20T05:00:00,2206A,105.724,38.8516,阿拉善盟,环保局新楼,,39,39,43,27,23,96,93,96,95,6,8,3,8,0.5,0.4
2022-11-20T05:00:00,2207A,121.6094,41.998,阜新市,工业园区,,35,35,92,11,44,52,27,44,34,22,33,11,23,0.3,0.7
2022-11-20T05:00:00,2208A,121.6697,42.0279,阜新市,长青街,,30,30,89,15,56,54,30,44,35,14,36,4,19,0.5,1.1
2022-11-20T05:00:00,2209A,121.6673,42.0705,阜新市,农业园区,,31,31,88,11,52,54,38,45,39,9,24,9,21,0.2,0.6
2022-11-20T05:00:00,2210A,121.6717,42.0224,阜新市,东苑,,22,22,91,10,42,53,34,45,40,16,34,9,25,0.6,0.9
2022-11-20T05:00:00,2211A,121.6506,42.0498,阜新市,玉龙新城,,28,28,86,3,56,46,13,22,15,27,40,7,20,0.4,0.9
2022-11-20T05:00:00,2212A,123.2,41.1953,辽阳市,宏伟区,,29,29,42,12,25,90,40,54,44,19,16,13,11,0.5,0.7
2022-11-20T05:00:00,2213A,123.1683,41.2495,辽阳市,新华园,,23,23,51,12,38,84,39,53,42,18,23,12,10,0.3,0.6
2022-11-20T05:00:00,2214A,123.2354,41.2639,辽阳市,滨河路,,30,30,42,13,39,91,29,54,41,28,21,11,8,0.4,0.6
2022-11-20T05:00:00,2215A,123.149,41.2991,辽阳市,铁西工业园,,27,27,53,12,50,92,29,54,37,21,24,14,14,0.4,0.7
2022-11-20T05:00:00,2216A,123.8139,42.3022,铁岭市,汇工街西,,28,28,49,6,30,81,30,52,40,14,22,10,11,0.5,0.6
2022-11-20T05:00:00,2217A,123.8649,42.2923,铁岭市,水上乐园,,20,20,47,12,35,83,23,47,36,30,34,5,9,0.6,0.8
2022-11-20T05:00:00,2218A,123.8486,42.2867,铁岭市,银州路东段,,24,24,51,11,30,81,27,46,37,19,25,5,7,0.6,0.8
2022-11-20T05:00:00,2219A,123.7153,42.2217,铁岭市,金沙江路北,,23,23,45,8,31,77,24,50,42,24,27,4,10,0.4,0.6
2022-11-20T05:00:00,2220A,120.4318,41.5881,朝阳市,西梁,颗粒物(PM10),63,76,111,35,55,89,7,13,12,37,44,19,18,1.2,1.3
2022-11-20T05:00:00,2221A,120.4521,41.5646,朝阳市,河畔小区,颗粒物(PM10),65,79,91,45,56,87,5,9,8,38,36,9,13,1.1,1.1
2022-11-20T05:00:00,2222A,120.4176,41.5648,朝阳市,八里堡,颗粒物(PM10),70,90,120,35,64,81,4,4,4,36,42,14,16,0.9,1.1
2022-11-20T05:00:00,2223A,120.3806,41.5969,朝阳市,农业园区,颗粒物(PM10),56,62,74,23,50,92,30,36,28,18,31,16,11,0.7,1.1
2022-11-20T05:00:00,2225A,124.4002,43.1713,四平市,一商场,,24,24,42,9,24,70,32,40,36,13,21,5,8,0.1,0.3
2022-11-20T05:00:00,2226A,124.388,43.193,四平市,境园,,23,23,40,6,21,70,39,44,41,2,17,1,4,0.1,0.3
2022-11-20T05:00:00,2227A,125.1358,42.8845,辽源市,环保局,,22,22,32,15,23,95,41,60,50,6,17,8,11,0.4,0.6
2022-11-20T05:00:00,2229A,125.9358,41.7173,通化市,光明,,21,20,41,5,20,105,66,105,92,9,28,9,16,0.1,0.5
2022-11-20T05:00:00,2230A,125.9446,41.7325,通化市,铁路,,24,24,46,15,20,108,68,108,93,5,34,11,24,0.3,0.7
2022-11-20T05:00:00,2231A,126.4219,41.9171,白山市,喜丰,,49,49,60,18,20,95,67,90,85,10,28,7,19,0.5,0.7
2022-11-20T05:00:00,2232A,126.4077,41.9419,白山市,环保局,,44,44,76,21,28,97,61,95,86,11,39,10,15,0.7,1.1
2022-11-20T05:00:00,2233A,124.8006,45.1214,松原市,江南,,27,27,55,2,37,46,36,39,38,2,18,4,7,0.3,0.6
2022-11-20T05:00:00,2234A,124.7965,45.1722,松原市,江北,,16,16,52,5,36,47,40,39,39,4,17,2,5,0.4,0.6
2022-11-20T05:00:00,2235A,122.7911,45.6077,白城市,洮北区环保局,,22,22,42,5,22,70,52,56,54,7,13,3,4,0.2,0.3
2022-11-20T05:00:00,2236A,122.8738,45.5725,白城市,市环保局,,21,21,47,14,17,64,48,49,48,9,13,6,5,0.3,0.4
2022-11-20T05:00:00,2237A,129.47,42.8883,延边朝鲜族自治州,妇幼医院,,38,24,41,26,31,55,13,13,13,14,24,6,14,0.6,0.6
2022-11-20T05:00:00,2238A,129.5055,42.9108,延边朝鲜族自治州,延边医院,,35,35,39,24,29,54,12,22,17,25,24,8,10,0.6,0.7
2022-11-20T05:00:00,2239A,129.3964,42.8881,延边朝鲜族自治州,朝阳川镇医院,,35,35,34,24,23,58,6,14,9,20,19,7,7,0.5,0.5
2022-11-20T05:00:00,2240A,130.9762,45.3001,鸡西市,环保局,,35,35,52,24,39,48,46,31,31,14,30,5,9,0.4,0.6
2022-11-20T05:00:00,2243A,130.9429,45.3039,鸡西市,第一中学,,25,25,45,13,30,59,59,56,50,5,25,4,8,0.4,0.6
2022-11-20T05:00:00,2244A,130.2537,47.3416,鹤岗市,哈啤分公司,,36,36,44,24,28,37,15,23,16,31,22,6,7,0.4,0.4
2022-11-20T05:00:00,2245A,130.2684,47.3086,鹤岗市,斯达机电,,40,40,45,25,30,43,34,31,30,17,18,8,10,0.4,0.4
2022-11-20T05:00:00,2246A,130.3114,47.3388,鹤岗市,东山纸板厂,颗粒物(PM10),53,55,73,33,34,37,20,20,20,24,18,12,10,0.5,0.7
2022-11-20T05:00:00,2247A,130.1097,47.3382,鹤岗市,五号水库(对照点),,44,44,41,25,28,36,26,26,26,17,17,8,8,0.4,0.4
2022-11-20T05:00:00,2248A,131.1511,46.6937,双鸭山市,双合村,,42,42,59,20,39,64,60,54,54,12,20,14,12,0.8,0.7
2022-11-20T05:00:00,2249A,131.1652,46.6191,双鸭山市,南小市,,24,24,44,12,26,70,67,63,63,7,13,8,7,0.3,0.4
2022-11-20T05:00:00,2250A,131.1524,46.6554,双鸭山市,环保局,,29,29,40,13,25,71,57,64,62,20,19,12,7,0.3,0.4
2022-11-20T05:00:00,2251A,131.12,46.5656,双鸭山市,苗圃(对照点),,27,27,32,16,24,67,63,58,58,6,9,4,5,0.3,0.3
2022-11-20T05:00:00,2252A,128.5159,47.4311,伊春市,环保局,,,20,26,,22,58,38,53,44,6,14,5,8,0.5,0.7
2022-11-20T05:00:00,2253A,128.9102,47.7412,伊春市,电力嘉园,,38,38,34,18,20,55,36,45,41,5,13,2,6,0.3,0.5
2022-11-20T05:00:00,2254A,129.5029,48.471,伊春市,汤旺河国家公园(对照点),颗粒物(PM10),54,58,48,32,34,57,36,43,42,7,9,6,6,0.2,0.3
2022-11-20T05:00:00,2255A,130.2751,46.8028,佳木斯市,佳纺,,34,34,60,19,35,55,40,39,39,8,18,3,4,0.4,0.6
2022-11-20T05:00:00,2256A,130.3995,46.8307,佳木斯市,发电厂,,38,36,48,26,38,54,43,45,44,9,21,2,5,0.5,0.6
2022-11-20T05:00:00,2257A,130.3258,46.7975,佳木斯市,环保局,,34,34,59,23,41,52,43,47,46,8,25,4,6,0.4,0.6
2022-11-20T05:00:00,2258A,130.3648,46.8032,佳木斯市,十一中,,35,35,43,23,32,54,46,50,49,9,26,2,3,0.5,0.6
2022-11-20T05:00:00,2259A,130.3794,46.7588,佳木斯市,四丰(对照点),,29,26,28,20,23,65,51,57,56,3,6,1,1,0.6,0.2
2022-11-20T05:00:00,2262A,131.0518,45.8751,七台河市,新一中(对照点),,23,13,34,9,24,71,71,64,62,9,16,9,11,0.3,0.6
2022-11-20T05:00:00,2263A,127.4833,50.2524,黑河市,交通局,,33,31,18,23,17,54,33,52,44,7,9,6,6,0.6,0.5
2022-11-20T05:00:00,2264A,127.5144,50.2341,黑河市,环保局,,46,46,16,27,20,56,31,52,45,9,9,5,7,0.3,0.4
2022-11-20T05:00:00,2265A,127.5291,50.2472,黑河市,大黑河岛(对照点),,43,39,18,30,22,69,32,50,43,2,2,2,2,0.3,0.3
2022-11-20T05:00:00,2266A,126.9785,46.6365,绥化市,人和东街,,,6,40,,,61,34,39,37,6,11,3,3,1.0,1.1
2022-11-20T05:00:00,2267A,126.964,46.6528,绥化市,党政办公中心,,15,5,40,3,28,76,46,50,49,5,10,2,4,0.8,1
2022-11-20T05:00:00,2269A,124.1069,50.4097,大兴安岭地区,科技局,,48,35,45,33,35,42,28,24,24,9,15,4,3,0.4,0.4
2022-11-20T05:00:00,2270A,117.396,32.939,蚌埠市,工人疗养院,,,,64,,45,26,,28,,,31,,5,,0.4
2022-11-20T05:00:00,2271A,117.3605,32.9427,蚌埠市,百货大楼,细颗粒物(PM2.5),83,68,47,61,45,52,6,14,10,38,27,13,9,0.4,0.4
2022-11-20T05:00:00,2273A,117.4185,32.8911,蚌埠市,蚌埠学院,细颗粒物(PM2.5),67,63,53,48,38,56,8,17,14,36,31,7,6,0.4,0.4
2022-11-20T05:00:00,2274A,117.3533,32.9673,蚌埠市,淮上区政府,细颗粒物(PM2.5),83,92,66,61,46,60,13,8,8,40,28,10,8,0.4,0.4
2022-11-20T05:00:00,2275A,117.3145,32.8977,蚌埠市,高新区,细颗粒物(PM2.5),70,68,57,51,45,47,14,15,12,39,38,6,5,0.5,0.5
2022-11-20T05:00:00,2277A,116.8305,32.7727,淮南市,潘集区政府,细颗粒物(PM2.5),69,72,66,50,53,45,4,20,16,46,34,3,2,0.4,0.3
2022-11-20T05:00:00,2278A,117.0067,32.6524,淮南市,师范学院,细颗粒物(PM2.5),75,70,71,55,52,44,7,29,21,39,27,9,6,0.6,0.5
2022-11-20T05:00:00,2279A,116.8569,32.5951,淮南市,谢家集区政府,细颗粒物(PM2.5),63,58,53,45,42,40,7,40,20,25,19,5,5,0.2,0.2
2022-11-20T05:00:00,2280A,116.8281,32.633,淮南市,八公山区政府,细颗粒物(PM2.5),77,53,47,56,39,42,13,38,28,17,12,7,7,0.4,0.4
2022-11-20T05:00:00,2281A,116.6325,32.6201,淮南市,焦岗湖风景区管理处(对照点),,36,36,53,9,38,46,3,4,4,2,3,11,12,0.3,0.3
2022-11-20T05:00:00,2282A,116.8004,33.975,淮北市,监测站,细颗粒物(PM2.5),53,37,36,37,33,62,47,54,51,13,15,5,5,0.5,0.5
2022-11-20T05:00:00,2283A,116.8091,33.9007,淮北市,烈山区政府,细颗粒物(PM2.5),64,41,40,46,44,60,30,50,44,27,23,3,3,0.5,0.5
2022-11-20T05:00:00,2284A,116.7856,33.9477,淮北市,职业技术学院,,50,39,41,35,32,61,36,37,37,18,20,6,5,0.9,0.8
2022-11-20T05:00:00,2285A,117.8177,30.9412,铜陵市,市第四中学,颗粒物(PM10),51,52,38,30,22,39,14,24,20,33,24,10,7,0.3,0.3
2022-11-20T05:00:00,2286A,117.8059,30.9273,铜陵市,市公路局,,43,43,34,28,25,38,29,24,24,18,19,7,7,0.4,0.4
2022-11-20T05:00:00,2287A,117.7807,30.9413,铜陵市,市新民污水厂,,35,35,26,24,19,38,30,23,23,16,19,6,7,0.3,0.3
2022-11-20T05:00:00,2288A,117.7439,30.8792,铜陵市,市第九中学,颗粒物(PM10),52,53,40,20,19,34,26,27,24,26,24,3,4,0.4,0.4
2022-11-20T05:00:00,2289A,117.846,30.9413,铜陵市,车站新区,细颗粒物(PM2.5),64,37,33,46,25,26,18,15,12,26,27,6,5,0.3,0.4
2022-11-20T05:00:00,2290A,117.8483,30.97,铜陵市,市职教基地,,42,38,30,29,20,36,24,19,19,15,16,3,2,0,0.1
2022-11-20T05:00:00,2291A,117.0809,30.5177,安庆市,环科院,,,19,22,,27,46,29,45,36,9,15,5,5,0.5,0.6
2022-11-20T05:00:00,2292A,117.0331,30.5119,安庆市,马山宾馆,,33,25,22,23,16,47,40,46,42,17,24,5,5,0.5,0.7
2022-11-20T05:00:00,2294A,116.9896,30.6145,安庆市,安庆大学,,30,27,21,21,13,48,26,40,27,21,21,5,5,0.6,0.7
2022-11-20T05:00:00,2295A,118.2903,29.6963,黄山市,延安路89号,,21,21,24,9,12,40,14,15,14,15,16,6,6,0.7,0.6
2022-11-20T05:00:00,2296A,118.327,29.7178,黄山市,黄山东路89号,,8,7,16,5,9,35,9,21,13,15,17,5,5,0.4,0.4
2022-11-20T05:00:00,2297A,118.1371,30.2756,黄山市,黄山区政府5号楼,,28,28,26,18,9,34,18,24,20,11,17,5,5,0.6,0.8
2022-11-20T05:00:00,2298A,118.3093,32.3153,滁州市,老年大学,细颗粒物(PM2.5),100,67,44,75,43,58,25,32,30,22,24,5,5,0.4,0.3
2022-11-20T05:00:00,2299A,118.3244,32.2786,滁州市,人大宾馆,颗粒物(PM10),68,85,51,46,30,61,32,38,37,15,14,3,2,0.5,0.4
2022-11-20T05:00:00,2301A,115.8277,32.8929,阜阳市,市监测站,,49,41,49,34,36,39,4,34,22,37,27,6,6,0.6,0.5
2022-11-20T05:00:00,2303A,115.8554,32.8605,阜阳市,开发区,,39,17,54,27,36,42,3,20,12,37,38,4,4,0.6,0.5
2022-11-20T05:00:00,2306A,116.989,33.6306,宿州市,火车站,,,,,,,,,,,,,,,,
2022-11-20T05:00:00,2307A,116.5079,31.737,六安市,监测大楼,颗粒物(PM10),52,53,42,29,24,50,11,16,12,23,19,4,5,0.4,0.4
2022-11-20T05:00:00,2308A,116.4738,31.7643,六安市,皖西学院,颗粒物(PM10),51,52,39,33,25,55,12,11,11,25,23,5,5,0.4,0.4
2022-11-20T05:00:00,2309A,116.4996,31.7905,六安市,朝阳厂,细颗粒物(PM2.5),52,48,41,36,32,48,6,16,12,23,18,3,3,0.5,0.4
2022-11-20T05:00:00,2310A,116.5567,31.7886,六安市,开发区,,43,40,49,30,31,46,1,5,3,19,20,5,5,0.5,0.4
2022-11-20T05:00:00,2311A,115.8072,33.8399,亳州市,污水处理厂,细颗粒物(PM2.5),69,56,50,50,44,50,12,15,14,18,19,3,3,0.3,0.3
2022-11-20T05:00:00,2312A,115.7789,33.8518,亳州市,三国揽胜宫,细颗粒物(PM2.5),58,43,43,41,37,52,15,24,22,20,19,2,2,0.5,0.5
2022-11-20T05:00:00,2314A,117.47,30.6618,池州市,池州学院,,32,28,20,22,16,39,15,20,18,25,21,6,5,0.6,0.6
2022-11-20T05:00:00,2315A,117.4974,30.6539,池州市,平天湖(对照点),,,,,,,,,,,,,,,,
2022-11-20T05:00:00,2316A,118.7581,30.9454,宣城市,鳌峰子站,,39,37,33,27,25,35,30,30,29,25,26,5,10,0.6,0.7
2022-11-20T05:00:00,2317A,118.7385,30.9743,宣城市,敬亭山子站,,42,33,33,29,25,41,34,26,26,24,30,6,6,0.4,0.6
2022-11-20T05:00:00,2318A,118.7173,30.9427,宣城市,开发区子站,,35,32,30,24,22,34,21,17,17,24,28,5,5,0.5,0.6
2022-11-20T05:00:00,2319A,119.0141,25.4325,莆田市,荔城区仓后路,,36,32,41,25,22,138,43,40,40,12,19,5,6,0.8,0.7
2022-11-20T05:00:00,2320A,119.0015,25.4553,莆田市,莆田市监测站,,38,32,33,26,19,144,32,35,33,6,12,5,6,0.7,0.7
2022-11-20T05:00:00,2321A,119.1119,25.4561,莆田市,涵江区六中,细颗粒物(PM2.5),60,49,40,43,27,122,6,42,25,44,20,8,9,0.7,0.7
2022-11-20T05:00:00,2322A,119.1013,25.3215,莆田市,秀屿区政府,,45,37,35,31,25,120,38,63,47,19,15,8,9,0.7,0.7
2022-11-20T05:00:00,2323A,118.981,25.4792,莆田市,东圳水库(对照点),,,,,,,,,,,,,,,,
2022-11-20T05:00:00,2324A,117.6211,26.2625,三明市,三钢,,26,18,30,18,23,48,8,19,13,23,22,13,12,0.8,0.9
2022-11-20T05:00:00,2325A,117.635,26.2714,三明市,三明二中,,22,18,27,15,21,50,15,19,16,19,22,14,13,0.9,1
2022-11-20T05:00:00,2326A,117.6028,26.2378,三明市,三元区政府,,26,21,34,18,26,40,5,16,10,24,22,27,18,0.9,1.1
2022-11-20T05:00:00,2327A,117.7275,26.3108,三明市,洋溪(对照点),,,,,,,,,,,,,,,,
2022-11-20T05:00:00,2331A,118.0966,26.6761,南平市,茫荡山(对照点),,,,,,,,,,,,,,,,
2022-11-20T05:00:00,2332A,118.1681,26.6369,南平市,南平市监测站,,18,16,25,12,18,67,17,17,17,13,14,5,6,0.9,0.9
2022-11-20T05:00:00,2333A,118.1825,26.6489,南平市,南平铝业有限公司,,22,22,23,12,17,66,14,19,18,15,15,4,5,0.8,0.8
2022-11-20T05:00:00,2334A,118.1756,26.6272,南平市,南平七中,,18,16,23,12,17,72,22,16,16,10,14,3,5,0.9,0.8
2022-11-20T05:00:00,2335A,117.0189,25.1181,龙岩市,龙岩师专(对照点),,,,,,,,,,,,,,,,
2022-11-20T05:00:00,2336A,117.0217,25.1033,龙岩市,龙岩市监测站,,20,18,37,14,21,83,27,31,28,14,23,11,10,0.7,0.7
2022-11-20T05:00:00,2337A,117.0258,25.0661,龙岩市,闽西职业技术学院,,25,25,38,16,23,87,24,29,27,15,18,15,13,0.7,0.7
2022-11-20T05:00:00,2338A,117.0196,25.0306,龙岩市,龙岩学院,,25,25,37,14,25,99,14,16,16,17,18,6,6,0.7,0.6
2022-11-20T05:00:00,2339A,119.5001,26.6946,宁德市,金涵水库(对照点),,,,,,,,,,,,,,,,
2022-11-20T05:00:00,2341A,119.5388,26.6612,宁德市,宁德市监测站,,28,21,28,19,19,74,28,59,44,12,16,4,5,0.5,0.5
2022-11-20T05:00:00,2342A,117.3102,29.3867,景德镇市,王港中学(对照点),,41,41,30,17,18,21,5,5,5,17,17,3,4,0.7,0.8
2022-11-20T05:00:00,2343A,117.2117,29.2933,景德镇市,老干部活动中心,颗粒物(PM10),51,52,50,26,24,37,7,17,13,17,16,10,7,0.9,0.9
2022-11-20T05:00:00,2344A,117.1894,29.2789,景德镇市,兽医站,,,,,,,,,,,,,,,,
2022-11-20T05:00:00,2345A,117.1547,29.2617,景德镇市,台达陶瓷,,33,33,34,23,24,30,8,14,12,21,23,14,21,0.7,0.8
2022-11-20T05:00:00,2346A,117.2461,29.2956,景德镇市,陶研所,,35,35,42,14,22,33,10,16,14,16,16,3,4,1.0,1
2022-11-20T05:00:00,2347A,114.0997,27.5002,萍乡市,武功山(对照点),,36,36,24,21,22,44,14,24,18,8,11,17,16,0.8,0.8
2022-11-20T05:00:00,2348A,113.8385,27.6434,萍乡市,中医院,细颗粒物(PM2.5),84,51,62,62,54,43,17,21,18,17,21,5,6,1.0,1.1
2022-11-20T05:00:00,2349A,113.8493,27.6253,萍乡市,市政府车库,细颗粒物(PM2.5),58,39,43,41,37,38,6,16,12,27,25,8,8,0.7,0.8
2022-11-20T05:00:00,2350A,113.8676,27.6435,萍乡市,市环保局,,43,40,41,30,33,40,19,20,19,14,15,14,12,1.0,1
2022-11-20T05:00:00,2351A,113.866,27.6198,萍乡市,安源区政府,颗粒物(PM10),59,68,64,23,36,40,8,14,11,25,22,10,10,0.8,0.9
2022-11-20T05:00:00,2352A,115.0861,27.9317,新余市,北岗(对照点),,44,44,23,29,18,20,17,7,7,10,13,6,10,0.8,0.8
2022-11-20T05:00:00,2353A,114.9886,27.8431,新余市,飞宇,细颗粒物(PM2.5),59,60,37,42,20,30,7,6,6,24,22,15,7,0.8,0.7
2022-11-20T05:00:00,2354A,114.9231,27.8246,新余市,第二水厂,颗粒物(PM10),60,69,39,35,21,27,10,6,6,22,24,14,8,0.8,0.8
2022-11-20T05:00:00,2355A,114.9308,27.8036,新余市,市气象局,细颗粒物(PM2.5),69,56,35,50,27,30,10,20,14,27,25,13,10,0.9,0.9
2022-11-20T05:00:00,2357A,116.9822,28.1136,鹰潭市,龙虎山(对照点),,26,22,21,18,10,42,3,2,2,12,13,1,1,0.8,0.8
2022-11-20T05:00:00,2358A,117.0564,28.2642,鹰潭市,新监测站,细颗粒物(PM2.5),65,43,33,47,30,32,26,13,13,10,17,3,3,0.9,0.9
2022-11-20T05:00:00,2359A,117.0311,28.2475,鹰潭市,财苑宾馆,细颗粒物(PM2.5),60,48,32,43,24,31,15,14,13,18,20,4,3,0.9,0.8
2022-11-20T05:00:00,2360A,117.0222,28.2264,鹰潭市,体育馆,细颗粒物(PM2.5),52,32,28,36,22,34,4,14,7,24,16,1,2,0.8,0.7
2022-11-20T05:00:00,2361A,117.0017,28.2131,鹰潭市,三川水表,,42,24,30,29,23,36,3,4,3,22,16,1,2,1.3,1.2
2022-11-20T05:00:00,2362A,114.9017,25.9149,赣州市,通天岩(对照点),,21,21,17,10,9,47,21,28,25,15,17,5,5,0.4,0.5
2022-11-20T05:00:00,2363A,114.9367,25.8664,赣州市,地委,,28,28,18,15,9,44,17,26,21,13,16,24,13,1.2,1.3
2022-11-20T05:00:00,2364A,114.9461,25.8481,赣州市,气象台,,25,24,17,17,12,48,16,24,18,13,17,9,9,0.6,0.6
2022-11-20T05:00:00,2365A,114.9322,25.8333,赣州市,市图书馆,,19,19,18,13,11,39,22,27,24,12,18,4,6,1.2,1.3
2022-11-20T05:00:00,2366A,114.8905,25.8471,赣州市,华坚鞋城,,24,24,21,16,12,44,28,30,29,7,14,5,6,0.8,0.9
2022-11-20T05:00:00,2367A,114.9754,27.0803,吉安市,红声器材厂,,48,48,33,28,17,36,10,27,19,26,21,10,11,1.0,1
2022-11-20T05:00:00,2368A,114.9658,27.0999,吉安市,市森林工业局,,39,39,27,27,18,29,0,18,11,32,21,10,11,1.1,1
2022-11-20T05:00:00,2369A,114.99,27.1312,吉安市,市环境监测站,,41,41,27,25,16,31,3,29,15,30,22,6,7,0.8,0.8
2022-11-20T05:00:00,2370A,115.0093,27.0968,吉安市,青原区法院,,41,41,30,20,17,36,6,18,13,22,20,6,8,0.8,0.8
2022-11-20T05:00:00,2371A,114.3408,27.8064,宜春市,槟榔水业(对照点),,,,,,,,,,,,,,,,
2022-11-20T05:00:00,2373A,114.3956,27.7844,宜春市,市石油公司,细颗粒物(PM2.5),74,79,48,54,33,40,4,8,6,30,23,7,6,1.6,1.4
2022-11-20T05:00:00,2374A,114.3703,27.7914,宜春市,市气象局,细颗粒物(PM2.5),77,74,47,56,35,35,1,6,4,28,23,9,12,1.3,1.3
2022-11-20T05:00:00,2375A,114.4013,27.8074,宜春市,市广电局,细颗粒物(PM2.5),88,81,48,65,39,32,7,8,8,29,26,28,15,1.2,1.4
2022-11-20T05:00:00,2376A,116.2127,28.0814,抚州市,桐源党溪(对照点),,32,32,34,22,22,76,3,3,3,11,12,2,2,0.7,0.7
2022-11-20T05:00:00,2377A,116.3544,27.9831,抚州市,市站,,39,31,35,27,25,60,14,17,14,17,12,4,3,0.4,0.5
2022-11-20T05:00:00,2378A,116.3565,27.963,抚州市,血防站,,38,38,39,22,22,55,10,10,9,22,18,5,5,0.9,0.9
2022-11-20T05:00:00,2379A,116.3564,28.0007,抚州市,采茶剧团,,40,38,37,28,26,56,5,12,7,22,18,4,4,0.8,0.8
2022-11-20T05:00:00,2380A,116.385,27.9647,抚州市,医学分院,,32,32,35,19,21,51,6,11,7,30,23,4,5,0.7,0.7
2022-11-20T05:00:00,2381A,118.005,28.4572,上饶市,百草园(对照点),颗粒物(PM10),54,57,32,22,20,19,12,19,15,18,20,7,4,0.9,0.8
2022-11-20T05:00:00,2382A,117.9756,28.4436,上饶市,市监测站,颗粒物(PM10),53,56,34,28,20,27,12,27,19,27,25,24,18,0.9,0.8
2022-11-20T05:00:00,2383A,117.9519,28.4628,上饶市,凤凰光学,颗粒物(PM10),52,53,32,29,22,23,13,17,14,28,28,25,22,0.8,0.7
2022-11-20T05:00:00,2385A,114.17,35.9019,鹤壁市,市监测站,细颗粒物(PM2.5),55,52,111,39,96,57,3,4,4,24,35,3,5,1.1,1.5
2022-11-20T05:00:00,2386A,114.2956,35.7511,鹤壁市,市交警支队,细颗粒物(PM2.5),90,103,146,67,114,56,20,34,23,35,34,4,4,0.9,1
2022-11-20T05:00:00,2387A,114.2878,35.7306,鹤壁市,迎宾馆,细颗粒物(PM2.5),112,100,114,84,112,58,38,31,25,24,30,7,7,2.4,2.3
2022-11-20T05:00:00,2389A,113.836,35.311,新乡市,环保西院,细颗粒物(PM2.5),110,112,93,83,68,49,4,3,3,37,32,7,6,0.9,0.9
2022-11-20T05:00:00,2390A,113.884,35.272,新乡市,开发区,细颗粒物(PM2.5),110,114,94,83,68,54,23,19,18,31,27,8,8,1.0,1.1
2022-11-20T05:00:00,2391A,113.883,35.303,新乡市,环保东院,细颗粒物(PM2.5),102,94,85,76,65,52,26,11,11,32,36,4,4,0.9,0.9
2022-11-20T05:00:00,2392A,115.0312,35.7636,濮阳市,环保局,细颗粒物(PM2.5),94,51,82,70,97,81,46,50,49,20,28,5,6,0.6,0.8
2022-11-20T05:00:00,2394A,115.0574,35.7609,濮阳市,油田运输公司,细颗粒物(PM2.5),102,88,130,76,110,88,44,50,47,22,29,6,6,0.7,0.9
2022-11-20T05:00:00,2395A,115.0866,35.7754,濮阳市,油田物探公司,细颗粒物(PM2.5),104,48,85,78,111,85,44,44,43,16,26,5,6,0.6,0.8
2022-11-20T05:00:00,2396A,113.8276,34.0159,许昌市,监测站,颗粒物(PM10),56,61,58,32,40,92,3,22,11,42,30,6,6,0.7,1
2022-11-20T05:00:00,2398A,113.7906,33.9953,许昌市,开发区,颗粒物(PM10),53,56,58,21,35,98,2,6,4,36,31,5,6,0.7,0.8
2022-11-20T05:00:00,2399A,114.051,33.5699,漯河市,三五一五工厂,,45,34,63,31,64,87,3,8,6,38,35,5,5,0.7,1
2022-11-20T05:00:00,2400A,114.0055,33.5698,漯河市,漯河大学,细颗粒物(PM2.5),54,41,72,38,65,96,13,15,15,37,38,6,7,0.9,1.1
2022-11-20T05:00:00,2401A,114.0138,33.5828,漯河市,市水利局,,45,39,61,31,60,93,12,14,13,34,30,7,8,0.8,1.1
2022-11-20T05:00:00,2402A,114.0261,33.5698,漯河市,市广电局,,40,24,57,28,56,93,4,6,6,34,33,5,4,0.7,0.9
2022-11-20T05:00:00,2403A,112.5192,32.9917,南阳市,环保局,细颗粒物(PM2.5),112,102,113,84,97,106,12,30,19,38,41,5,6,0.6,0.8
2022-11-20T05:00:00,2404A,112.5339,33.0086,南阳市,瓦房庄,细颗粒物(PM2.5),105,104,121,79,95,101,13,22,15,35,42,4,5,0.8,0.9
2022-11-20T05:00:00,2405A,112.5003,32.9735,南阳市,汉画馆,细颗粒物(PM2.5),100,108,117,75,86,108,10,16,12,40,41,2,4,0.8,0.9
2022-11-20T05:00:00,2406A,112.5779,33.0144,南阳市,气象站,细颗粒物(PM2.5),84,89,107,62,83,105,28,31,24,37,37,5,6,0.8,0.8
2022-11-20T05:00:00,2407A,112.548,32.9692,南阳市,理工学院,细颗粒物(PM2.5),85,99,124,63,89,101,1,26,13,42,34,4,6,0.7,0.7
2022-11-20T05:00:00,2408A,115.6702,34.4285,商丘市,环境监测站,细颗粒物(PM2.5),58,43,62,41,50,66,46,56,54,20,23,3,5,0.6,0.7
2022-11-20T05:00:00,2409A,115.6458,34.4045,商丘市,粮食局,,48,36,63,33,38,73,60,61,61,15,30,2,3,0.5,0.7
2022-11-20T05:00:00,2410A,115.6293,34.3948,商丘市,睢阳区环保局,细颗粒物(PM2.5),58,40,49,41,46,66,37,52,48,27,24,1,2,0.4,0.5
2022-11-20T05:00:00,2420A,114.0189,32.9656,驻马店市,市一纸厂,细颗粒物(PM2.5),52,48,64,36,54,103,8,10,7,42,33,3,4,0.5,0.6
2022-11-20T05:00:00,2421A,114.0114,33.015,驻马店市,市彩印厂,细颗粒物(PM2.5),55,42,62,39,53,107,35,33,33,19,21,6,6,0.5,0.6
2022-11-20T05:00:00,2422A,113.9976,32.9771,驻马店市,天方二分厂,,49,47,69,34,53,104,19,24,22,31,29,1,2,0.6,0.7
2022-11-20T05:00:00,2423A,115.0601,30.2313,黄石市,沈家营,,39,39,44,20,20,61,8,23,13,31,22,4,5,0.5,0.9
2022-11-20T05:00:00,2424A,115.0817,30.2006,黄石市,陈家湾,,26,22,43,18,30,56,18,17,17,9,18,4,4,0.6,0.6
2022-11-20T05:00:00,2426A,114.8988,30.2019,黄石市,铁山,,37,37,53,19,29,62,17,16,16,19,25,6,7,0.8,0.9
2022-11-20T05:00:00,2427A,115.0307,30.2092,黄石市,团城山,颗粒物(PM10),53,56,50,21,25,69,17,25,22,30,25,4,5,0.7,0.7
2022-11-20T05:00:00,2428A,111.0419,32.395,十堰市,武当山(对照点),,29,27,34,20,24,87,44,58,52,11,13,7,7,0.5,0.5
2022-11-20T05:00:00,2429A,110.78,32.6494,十堰市,滨河新村,细颗粒物(PM2.5),54,51,77,38,48,86,6,8,8,37,44,6,6,0.6,0.8
2022-11-20T05:00:00,2430A,110.7258,32.6389,十堰市,刘家沟,颗粒物(PM10),52,53,63,27,32,96,6,21,14,17,24,7,7,0.9,0.9
2022-11-20T05:00:00,2431A,110.8839,32.5714,十堰市,铁二处,,49,49,59,27,36,89,9,24,18,21,23,5,6,0.6,0.7
2022-11-20T05:00:00,2432A,112.155,32.0197,襄阳市,襄城运动路,细颗粒物(PM2.5),77,78,110,56,72,144,42,60,54,21,35,12,12,0.7,0.8
2022-11-20T05:00:00,2433A,112.1392,32.0564,襄阳市,樊城新华路,,,84,101,,81,132,22,57,47,37,27,10,9,0.8,0.9
2022-11-20T05:00:00,2434A,112.1825,32.1142,襄阳市,高新管委会,细颗粒物(PM2.5),114,110,110,86,78,112,8,46,35,52,36,14,11,0.8,0.8
2022-11-20T05:00:00,2435A,112.2106,32.0903,襄阳市,襄州航空路,细颗粒物(PM2.5),78,77,104,57,78,107,17,63,44,31,32,10,11,0.7,0.9
2022-11-20T05:00:00,2436A,114.8938,30.3994,鄂州市,市政府,,34,34,34,20,20,60,0,10,4,44,31,8,7,0.8,0.7
2022-11-20T05:00:00,2437A,114.8989,30.3714,鄂州市,赵家坝,,42,42,40,22,26,67,1,5,2,34,34,6,7,0.6,0.6
2022-11-20T05:00:00,2438A,114.8131,30.4133,鄂州市,凡口开发区,,,,,,,,,,,,,,,,
2022-11-20T05:00:00,2439A,112.2014,31.0481,荆门市,竹园小学,细颗粒物(PM2.5),112,108,87,84,59,121,5,69,34,51,28,104,15,0.8,0.9
2022-11-20T05:00:00,2440A,112.1969,30.9891,荆门市,掇刀,细颗粒物(PM2.5),113,93,81,85,68,134,18,60,47,29,26,5,8,0.8,0.7
2022-11-20T05:00:00,2441A,112.2213,31.0386,荆门市,石化一小,细颗粒物(PM2.5),120,101,81,91,60,119,4,3,3,64,39,196,28,0.7,0.6
2022-11-20T05:00:00,2443A,113.9153,30.9285,孝感市,文化路,,36,36,37,14,20,79,27,20,20,17,20,4,5,0.8,0.8
2022-11-20T05:00:00,2444A,113.942,30.9075,孝感市,东城区,,33,33,38,19,19,73,19,16,12,23,21,5,6,0.8,0.8
2022-11-20T05:00:00,2446A,114.9028,30.4742,黄冈市,职工中心,,37,37,39,24,22,71,3,20,11,38,21,5,5,0.6,0.6
2022-11-20T05:00:00,2447A,114.3175,29.8142,咸宁市,森林公园(对照点),,16,16,24,9,21,63,29,58,48,8,10,7,7,0.4,0.5
2022-11-20T05:00:00,2448A,114.3107,29.8454,咸宁市,市发改委,,13,9,35,9,27,63,15,15,15,16,27,9,11,0.4,0.6
2022-11-20T05:00:00,2449A,114.2936,29.8566,咸宁市,咸安区政府,,22,10,34,15,26,64,21,17,17,15,26,9,10,0.5,0.8
2022-11-20T05:00:00,2450A,114.3375,29.8683,咸宁市,长江产业园,,,,,,,,,,,,,,,,
2022-11-20T05:00:00,2451A,113.3583,31.7275,随州市,市委党校,,36,32,33,25,29,107,13,17,15,24,19,7,5,0.5,0.5
2022-11-20T05:00:00,2452A,113.3833,31.6908,随州市,市林业局,,40,40,34,25,27,105,5,19,11,34,23,14,8,0.9,0.7
2022-11-20T05:00:00,2453A,113.3983,31.7308,随州市,市立交桥水厂,,40,35,37,28,30,102,11,7,7,21,22,4,5,0.7,0.7
2022-11-20T05:00:00,2454A,109.4978,30.2981,恩施土家族苗族自治州,湖北民院,细颗粒物(PM2.5),60,57,63,43,45,49,3,4,4,10,15,6,7,0.8,0.7
2022-11-20T05:00:00,2455A,109.4707,30.2798,恩施土家族苗族自治州,州电力总公司,颗粒物(PM10),53,55,60,33,38,42,3,5,3,8,11,8,8,0.8,0.9
2022-11-20T05:00:00,2456A,112.5003,26.9167,衡阳市,原169医院(对照点),,33,30,53,23,26,61,29,25,25,14,22,9,9,0.6,0.6
2022-11-20T05:00:00,2457A,112.6194,26.9258,衡阳市,衡阳化工总厂,细颗粒物(PM2.5),54,40,65,38,42,52,19,16,16,18,25,4,5,0.8,0.9
2022-11-20T05:00:00,2458A,112.6211,26.8956,衡阳市,珠晖区环保局,,,37,57,,,52,24,18,18,17,28,6,5,0.8,0.9
2022-11-20T05:00:00,2459A,112.6197,26.8733,衡阳市,市委党校,,43,37,62,30,35,54,20,19,19,19,25,9,10,1.0,0.9
2022-11-20T05:00:00,2460A,112.6006,26.8919,衡阳市,市监测站,细颗粒物(PM2.5),52,40,53,36,36,57,21,18,18,20,28,4,4,0.8,0.9
2022-11-20T05:00:00,2461A,112.5664,26.9056,衡阳市,真空机电公司,,46,39,52,32,36,67,32,23,23,13,22,5,5,0.7,0.8
2022-11-20T05:00:00,2462A,111.5239,27.3033,邵阳市,市水土所(对照点),细颗粒物(PM2.5),63,33,39,45,43,64,3,4,3,11,12,6,7,0.8,0.8
2022-11-20T05:00:00,2463A,111.4733,27.2317,邵阳市,市一中,细颗粒物(PM2.5),53,44,45,37,37,51,5,6,6,25,23,8,10,0.8,0.8
2022-11-20T05:00:00,2464A,111.5283,27.2442,邵阳市,市化工厂,,50,50,54,35,34,46,4,4,4,28,29,7,10,0.9,0.8
2022-11-20T05:00:00,2465A,111.4503,27.2537,邵阳市,市罐头厂,,41,41,47,25,29,55,28,24,24,18,17,7,8,0.6,0.6
2022-11-20T05:00:00,2466A,111.4328,27.2272,邵阳市,市环保局,细颗粒物(PM2.5),65,34,44,47,42,54,28,11,11,19,21,5,5,0.7,0.6
2022-11-20T05:00:00,2467A,112.4067,28.6428,益阳市,甘溪港(对照点),,37,37,42,19,38,79,1,1,1,22,19,4,5,0.7,0.6
2022-11-20T05:00:00,2468A,112.3458,28.5808,益阳市,市环保局,细颗粒物(PM2.5),60,58,64,43,53,76,0,4,2,34,29,4,5,1.1,0.9
2022-11-20T05:00:00,2469A,112.3437,28.5531,益阳市,市特殊教育学校,细颗粒物(PM2.5),62,64,79,44,57,76,0,7,4,39,26,4,6,1.0,1
2022-11-20T05:00:00,2470A,112.3347,28.6047,益阳市,资阳区政务中心,细颗粒物(PM2.5),59,44,64,42,53,76,4,4,4,20,22,2,4,0.9,1
2022-11-20T05:00:00,2471A,112.3744,28.5819,益阳市,赫山环保分局,颗粒物(PM10),61,72,74,41,52,76,1,2,1,30,27,3,4,1.1,1
2022-11-20T05:00:00,2472A,113.0073,25.9061,郴州市,马头岭(对照点),细颗粒物(PM2.5),59,53,33,42,25,59,42,51,45,23,23,5,4,1.0,1
2022-11-20T05:00:00,2473A,113.0116,25.8226,郴州市,市职中,,42,38,28,29,22,41,24,26,25,16,19,3,3,0.8,0.8
2022-11-20T05:00:00,2474A,113.0161,25.8001,郴州市,兴隆步行街,细颗粒物(PM2.5),55,47,31,39,28,41,26,26,26,15,18,4,4,0.9,0.9
2022-11-20T05:00:00,2475A,113.0383,25.8071,郴州市,市审计局,细颗粒物(PM2.5),63,43,28,45,21,40,26,24,24,14,16,5,5,0.7,0.7
2022-11-20T05:00:00,2476A,113.0348,25.7759,郴州市,市环保局,颗粒物(PM10),58,65,41,29,22,38,28,30,29,16,22,3,4,0.8,0.8
2022-11-20T05:00:00,2477A,111.6217,26.2081,永州市,零陵南津渡(对照点),细颗粒物(PM2.5),57,35,36,40,29,61,49,48,48,8,11,5,5,0.6,0.7
2022-11-20T05:00:00,2478A,111.6156,26.4214,永州市,市环境监测站,颗粒物(PM10),56,61,63,33,40,60,48,55,53,14,17,11,5,0.6,0.7
2022-11-20T05:00:00,2479A,111.6236,26.2331,永州市,零陵区环保局,细颗粒物(PM2.5),68,61,57,49,39,57,45,45,45,13,19,5,8,0.7,0.8
2022-11-20T05:00:00,2480A,111.5992,26.4364,永州市,永州市环保局,细颗粒物(PM2.5),59,60,62,42,40,60,50,52,51,9,13,4,5,0.6,0.7
2022-11-20T05:00:00,2481A,111.5989,26.4519,永州市,冷水滩区环保局,颗粒物(PM10),55,59,61,24,31,66,55,58,57,12,18,3,5,0.7,0.7
2022-11-20T05:00:00,2482A,109.5981,27.5721,怀化市,林科所(对照点),,48,42,33,33,37,80,18,39,22,24,13,6,8,0.6,0.6
2022-11-20T05:00:00,2483A,109.9453,27.5444,怀化市,河西地税局,,45,45,47,30,34,64,3,13,5,26,23,4,5,0.8,0.7
2022-11-20T05:00:00,2484A,109.9781,27.5342,怀化市,市四医院,,,46,45,35,36,,,,,26,20,6,8,0.9,0.9
2022-11-20T05:00:00,2485A,109.9972,27.5578,怀化市,监测楼,颗粒物(PM10),51,51,59,14,32,70,2,3,2,20,16,10,11,0.7,0.7
2022-11-20T05:00:00,2486A,110.0394,27.583,怀化市,市委党校,颗粒物(PM10),57,64,80,39,55,70,3,6,5,18,17,10,16,0.9,0.9
2022-11-20T05:00:00,2487A,111.9589,27.8901,娄底市,电视发射台(对照点),细颗粒物(PM2.5),59,57,58,42,54,82,19,21,17,14,14,3,3,0.7,0.7
2022-11-20T05:00:00,2488A,111.9975,27.725,娄底市,市监测站,细颗粒物(PM2.5),63,72,78,45,44,59,0,0,0,33,29,6,7,0.7,0.7
2022-11-20T05:00:00,2489A,112.0194,27.7314,娄底市,市委党校,细颗粒物(PM2.5),59,53,64,42,44,61,0,4,2,28,31,7,8,0.7,0.7
2022-11-20T05:00:00,2490A,111.9561,27.7569,娄底市,涟钢,细颗粒物(PM2.5),67,74,75,48,49,64,4,4,4,31,26,2,2,0.4,0.4
2022-11-20T05:00:00,2491A,111.9892,27.7044,娄底市,市政府,细颗粒物(PM2.5),59,48,55,42,49,62,12,20,16,22,24,7,6,0.5,0.6
2022-11-20T05:00:00,2492A,109.6414,28.2558,湘西州,跃进水库(对照点),,20,16,23,14,17,81,8,6,6,6,7,7,7,0.6,0.5
2022-11-20T05:00:00,2493A,109.7325,28.3169,湘西州,州政府,,29,29,37,20,24,82,10,12,9,11,18,8,11,0.3,0.4
2022-11-20T05:00:00,2494A,109.6958,28.2675,湘西州,吉首市计生局,,35,20,34,24,24,84,5,6,5,14,20,8,8,0.4,0.4
2022-11-20T05:00:00,2495A,111.3014,23.4832,梧州市,市逸夫小学,,29,29,41,14,23,108,34,40,35,5,8,10,8,0.8,0.8
2022-11-20T05:00:00,2496A,111.3239,23.4794,梧州市,市十一中,,21,21,38,9,21,118,48,54,51,9,15,5,7,0.7,0.8
2022-11-20T05:00:00,2497A,111.247,23.4189,梧州市,龙圩,,27,27,45,6,26,121,38,46,42,16,22,5,7,0.7,1
2022-11-20T05:00:00,2498A,111.2711,23.4835,梧州市,龙新,,32,32,42,9,22,119,28,34,26,21,24,12,14,0.8,0.9
2022-11-20T05:00:00,2499A,108.3411,21.6158,防城港市,沙万,,25,25,39,16,19,86,24,41,34,14,20,9,11,0.8,0.8
2022-11-20T05:00:00,2500A,108.3514,21.7731,防城港市,防城档案局,,43,43,45,18,21,69,14,22,19,19,18,8,8,0.6,0.6
2022-11-20T05:00:00,2501A,108.3506,21.6414,防城港市,大海花园,,18,18,34,2,13,92,21,39,33,13,14,8,10,0.8,0.8
2022-11-20T05:00:00,2502A,108.6236,21.9667,钦州市,市环保站,,12,12,33,7,15,91,28,28,27,14,15,18,9,1.2,1.1
2022-11-20T05:00:00,2503A,108.6549,21.9481,钦州市,沙埠小学,,18,18,32,9,20,97,29,25,25,13,16,5,6,0.8,0.8
2022-11-20T05:00:00,2504A,108.5989,21.7431,钦州市,港区一小,,31,31,47,11,20,77,20,25,21,24,25,11,9,0.8,0.8
2022-11-20T05:00:00,2505A,109.568,23.1478,贵港市,德智高中(对照点),,19,15,20,13,17,24,19,17,17,17,18,7,6,0.9,1
2022-11-20T05:00:00,2506A,109.6047,23.0666,贵港市,江南子站,,20,16,24,14,20,35,21,21,21,12,15,4,5,1.1,1.1
2022-11-20T05:00:00,2507A,109.6014,23.0948,贵港市,贵城子站,,25,15,25,17,22,27,18,17,17,15,17,5,5,0.7,0.8
2022-11-20T05:00:00,2508A,109.5669,23.1065,贵港市,荷城子站,,18,14,22,12,12,26,19,17,17,14,16,8,8,0.9,1
2022-11-20T05:00:00,2509A,110.1106,22.7019,玉林市,寒山水库(对照点),,35,31,53,24,34,80,4,20,10,10,7,2,4,0.7,0.6
2022-11-20T05:00:00,2510A,110.1675,22.6411,玉林市,市监测站,,37,37,59,22,33,75,12,20,15,18,17,1,2,0.9,0.8
2022-11-20T05:00:00,2511A,110.1433,22.6164,玉林市,南江一中,,48,48,72,24,39,83,6,15,11,25,21,1,3,0.9,0.8
2022-11-20T05:00:00,2512A,106.6103,23.9011,百色市,市监测站,,36,36,33,19,15,29,6,3,3,26,21,30,13,0.8,0.8
2022-11-20T05:00:00,2513A,106.6538,23.8859,百色市,市中心血站,,31,31,33,20,21,35,11,9,9,32,32,16,11,0.9,0.9
2022-11-20T05:00:00,2514A,111.5264,24.4172,贺州市,环保小区,,20,20,21,14,8,54,26,34,31,15,15,11,7,0.8,0.8
2022-11-20T05:00:00,2515A,111.5608,24.4078,贺州市,政协大楼,,28,28,22,13,11,56,29,34,31,14,16,8,7,0.8,0.8
2022-11-20T05:00:00,2516A,108.2011,24.715,河池市,东仁乐园(对照点),,17,17,15,7,6,34,4,2,2,12,11,5,5,0.7,0.7
2022-11-20T05:00:00,2517A,108.0497,24.6947,河池市,市环保站,,22,22,18,10,8,36,6,6,6,24,18,4,4,0.7,0.7
2022-11-20T05:00:00,2518A,108.0983,24.6989,河池市,市疾控中心,,27,27,18,10,8,37,5,8,6,22,18,7,7,0.9,0.8
2022-11-20T05:00:00,2519A,109.2328,23.7361,来宾市,来宾二中,,,,,,,,,,,,,,,,
2022-11-20T05:00:00,2520A,109.2203,23.7256,来宾市,来宾技工学校,,13,13,10,6,6,30,23,24,23,12,11,8,5,0.9,0.9
2022-11-20T05:00:00,2521A,107.3476,22.4136,崇左市,市环保局江州分局,,21,21,23,4,10,53,21,26,25,8,9,2,2,0.5,0.5
2022-11-20T05:00:00,2522A,107.3702,22.3707,崇左市,城南新区,,17,17,24,5,11,57,19,24,22,8,11,4,4,0.5,0.5
2022-11-20T05:00:00,2523A,105.8945,32.4535,广元市,黑石坡(对照点),,34,34,31,23,18,70,41,52,48,14,14,9,7,0.5,0.4
2022-11-20T05:00:00,2524A,105.821,32.4444,广元市,老城,颗粒物(PM10),53,55,54,19,18,62,31,27,27,15,24,7,6,0.6,0.6
2022-11-20T05:00:00,2525A,105.8153,32.4246,广元市,南坝,,,,,,,,,,,,,,,,
2022-11-20T05:00:00,2526A,105.8628,32.4287,广元市,监测站,,42,42,28,14,13,71,27,28,28,16,19,8,8,0.7,0.7
2022-11-20T05:00:00,2527A,105.5453,30.5678,遂宁市,石溪浩(对照点),细颗粒物(PM2.5),60,68,81,43,39,79,5,7,6,20,31,10,11,0.6,0.7
2022-11-20T05:00:00,2528A,105.5582,30.5232,遂宁市,市监测站,细颗粒物(PM2.5),67,75,64,48,42,81,8,6,6,26,37,6,8,0.5,0.6
2022-11-20T05:00:00,2529A,105.5861,30.5366,遂宁市,行政中心,细颗粒物(PM2.5),73,72,58,53,40,85,11,12,11,24,29,9,11,0.5,0.6
2022-11-20T05:00:00,2530A,105.5918,30.4728,遂宁市,美宁食品公司,颗粒物(PM10),62,73,95,43,46,86,5,4,4,28,36,8,15,0.6,0.6
2022-11-20T05:00:00,2531A,105.0703,29.61,内江市,市监测站,,49,34,48,34,35,107,40,47,44,17,28,10,7,0.5,0.6
2022-11-20T05:00:00,2532A,105.0717,29.5947,内江市,东兴区政府,细颗粒物(PM2.5),77,64,63,56,45,108,51,71,61,11,21,13,8,0.5,0.5
2022-11-20T05:00:00,2533A,105.0653,29.5817,内江市,内江二中,细颗粒物(PM2.5),65,56,56,47,41,107,46,54,51,8,18,12,9,0.5,0.6
2022-11-20T05:00:00,2534A,105.0406,29.5822,内江市,内江日报社,细颗粒物(PM2.5),88,84,80,65,55,112,32,57,45,31,39,5,5,0.6,0.7
2022-11-20T05:00:00,2535A,103.7723,29.5462,乐山市,花湖湾(对照点),细颗粒物(PM2.5),65,61,61,47,50,107,42,64,54,19,19,7,6,0.6,0.6
2022-11-20T05:00:00,2536A,103.7627,29.5844,乐山市,牛耳桥,细颗粒物(PM2.5),72,68,76,52,54,108,50,56,55,16,33,7,5,0.7,0.7
2022-11-20T05:00:00,2537A,103.7508,29.6006,乐山市,市第三水厂,细颗粒物(PM2.5),58,59,74,41,49,113,59,30,30,16,37,9,7,0.6,0.8
2022-11-20T05:00:00,2538A,103.7571,29.5664,乐山市,市监测站,细颗粒物(PM2.5),68,68,74,49,51,108,45,64,59,20,26,23,10,0.7,0.8
2022-11-20T05:00:00,2539A,104.0308,30.0478,眉山市,黑龙滩水库(对照点),,49,32,40,34,32,123,84,86,85,6,10,4,4,0.3,0.4
2022-11-20T05:00:00,2540A,103.8416,30.0874,眉山市,气象局,细颗粒物(PM2.5),54,39,73,38,44,116,4,9,6,47,37,7,6,0.9,0.9
2022-11-20T05:00:00,2543A,106.6308,30.5278,广安市,小平旧居(对照点),,,,,,,,,,,,,,,,
2022-11-20T05:00:00,2544A,106.6303,30.4576,广安市,市委,细颗粒物(PM2.5),82,76,80,60,61,88,19,30,24,15,18,6,12,0.7,0.7
2022-11-20T05:00:00,2545A,106.6271,30.4663,广安市,友谊中学,细颗粒物(PM2.5),57,53,65,40,46,88,23,28,25,16,20,8,17,0.7,0.7
2022-11-20T05:00:00,2547A,106.6388,30.4551,广安市,广电花园,细颗粒物(PM2.5),73,76,82,53,56,70,16,29,23,17,20,8,12,0.7,0.6
2022-11-20T05:00:00,2548A,107.5277,31.2827,达州市,达州职业技术学院(对照点),,42,42,54,20,30,14,3,3,3,20,24,11,12,0.8,1
2022-11-20T05:00:00,2549A,107.5086,31.2186,达州市,市环境监测站,,29,29,55,14,26,7,5,4,4,20,28,6,9,0.6,0.8
2022-11-20T05:00:00,2550A,107.4988,31.2132,达州市,凤凰小区,,29,29,51,19,32,10,9,7,7,20,29,5,7,0.5,0.8
2022-11-20T05:00:00,2551A,107.5082,31.1986,达州市,达县机关宾馆,,,,57,,37,3,,3,,,39,,9,,0.8
2022-11-20T05:00:00,2552A,107.4644,31.2124,达州市,市政中心,,28,25,53,19,31,13,4,4,4,23,31,5,7,0.4,0.7
2022-11-20T05:00:00,2554A,103.0475,30.02,雅安市,建安厂,细颗粒物(PM2.5),69,73,57,50,39,95,3,3,3,35,35,9,9,0.8,0.7
2022-11-20T05:00:00,2555A,103.0111,29.9833,雅安市,市政府,颗粒物(PM10),62,73,50,40,32,98,6,5,5,35,31,10,10,0.7,0.6
2022-11-20T05:00:00,2556A,102.9905,29.9775,雅安市,川农大,细颗粒物(PM2.5),60,55,43,43,32,98,5,6,5,32,32,12,12,0.7,0.7
2022-11-20T05:00:00,2561A,104.6617,30.1372,资阳市,莲花山(对照点),细颗粒物(PM2.5),70,58,55,51,45,110,45,63,47,17,20,6,7,0.6,0.5
2022-11-20T05:00:00,2562A,104.6356,30.1506,资阳市,资阳中学,细颗粒物(PM2.5),65,62,67,47,43,106,25,30,19,11,23,5,7,0.6,0.7
2022-11-20T05:00:00,2563A,104.6295,30.1383,资阳市,四三一厂,颗粒物(PM10),65,79,77,45,43,106,9,8,8,36,36,6,7,0.6,0.7
2022-11-20T05:00:00,2564A,104.6463,30.1146,资阳市,师范校,细颗粒物(PM2.5),77,56,66,56,49,101,7,18,7,41,38,6,7,0.7,0.7
2022-11-20T05:00:00,2565A,104.6296,30.1256,资阳市,区法院,,,,69,,44,46,,41,,,33,,5,,0.8
2022-11-20T05:00:00,2566A,102.1879,31.914,阿坝藏族羌族自治州,州农科所(对照点),,,,,,,88,26,28,25,13,15,2,2,0.2,0.2
2022-11-20T05:00:00,2567A,102.224,31.9037,阿坝藏族羌族自治州,州监测站,,,,,,,,,,,,,,,,
2022-11-20T05:00:00,2568A,102.2502,31.8896,阿坝藏族羌族自治州,马师校,,17,17,21,6,12,80,23,14,14,18,26,3,4,0.5,0.5
2022-11-20T05:00:00,2570A,101.9603,30.0475,甘孜藏族自治州,水桥子,,14,14,21,8,9,78,24,19,19,19,27,5,7,0.2,0.4
2022-11-20T05:00:00,2571A,102.3431,27.8099,凉山彝族自治州,青龙寺(对照点),,25,19,23,17,20,113,47,61,54,12,11,8,9,0.7,0.8
2022-11-20T05:00:00,2572A,102.2721,27.8415,凉山彝族自治州,邛海宾馆,,26,26,30,16,18,119,43,49,46,19,20,8,10,0.5,0.5
2022-11-20T05:00:00,2573A,102.2625,27.898,凉山彝族自治州,西昌市政府,,19,19,30,13,21,117,51,68,57,16,15,5,7,0.4,0.4
2022-11-20T05:00:00,2574A,102.2685,27.8851,凉山彝族自治州,凉山州政府,,37,37,43,20,24,110,46,51,45,17,19,7,9,0.5,0.5
2022-11-20T05:00:00,2575A,102.237,27.8914,凉山彝族自治州,长安,颗粒物(PM10),52,53,35,30,18,113,2,50,28,51,23,9,7,0.7,0.5
2022-11-20T05:00:00,2576A,104.8,26.5892,六盘水市,窑上(对照点),,,,,,,,,,,,,,,,
2022-11-20T05:00:00,2577A,104.83,26.5917,六盘水市,黄土坡,细颗粒物(PM2.5),63,47,60,45,45,112,45,84,71,17,17,6,9,0.7,0.7
2022-11-20T05:00:00,2578A,104.89,26.5939,六盘水市,水钢,细颗粒物(PM2.5),60,59,71,43,57,114,72,84,80,9,15,8,10,0.8,1
2022-11-20T05:00:00,2579A,104.8475,26.5894,六盘水市,民中,细颗粒物(PM2.5),58,49,60,41,44,111,62,81,73,17,15,8,9,0.8,0.8
2022-11-20T05:00:00,2580A,104.9544,26.5506,六盘水市,双水,细颗粒物(PM2.5),68,44,51,49,46,105,73,86,80,11,14,5,5,0.8,0.8
2022-11-20T05:00:00,2585A,109.1839,27.7344,铜仁地区,铜仁卫校,,22,21,48,15,27,71,19,8,8,10,25,2,2,0.3,0.5
2022-11-20T05:00:00,2586A,109.1753,27.6944,铜仁地区,铜仁七中,细颗粒物(PM2.5),52,37,41,36,28,81,3,14,6,28,25,1,1,0.5,0.5
2022-11-20T05:00:00,2587A,105.2864,27.3125,毕节市,八中,细颗粒物(PM2.5),92,79,68,68,55,107,20,27,21,14,21,6,10,0.7,0.7
2022-11-20T05:00:00,2588A,105.31,27.2944,毕节市,师专,细颗粒物(PM2.5),104,99,71,78,54,109,10,16,15,23,27,5,9,0.9,0.7
2022-11-20T05:00:00,2589A,104.9022,25.0925,黔西南布依族苗族自治州,场坝街,,43,41,42,30,28,82,54,59,56,5,11,1,2,0.3,0.4
2022-11-20T05:00:00,2590A,104.8811,25.0992,黔西南布依族苗族自治州,坪东大道,,42,37,39,29,29,79,51,57,53,5,9,4,5,0.3,0.4
2022-11-20T05:00:00,2591A,107.9783,26.5747,黔东南苗族侗族自治州,市环境监测站,,39,38,28,27,19,51,45,46,44,9,15,3,3,0.4,0.4
2022-11-20T05:00:00,2593A,107.5228,26.2403,黔南布依族苗族自治州,小围寨,,18,17,14,12,11,68,43,52,44,4,4,4,4,0.3,0.4
2022-11-20T05:00:00,2594A,99.1678,25.1081,保山市,市环境监测站,,14,12,14,5,6,109,43,52,47,10,12,5,6,0.3,0.3
2022-11-20T05:00:00,2595A,99.1711,25.1328,保山市,市环保局,,16,9,15,6,8,103,51,54,51,6,9,6,6,0.2,0.2
2022-11-20T05:00:00,2596A,103.7667,27.3736,昭通市,监测站,细颗粒物(PM2.5),68,59,63,49,40,107,10,23,9,43,29,10,13,0.5,0.4
2022-11-20T05:00:00,2597A,103.7225,27.3361,昭通市,环保局,,43,43,71,27,47,112,12,6,6,32,30,11,16,0.5,0.7
2022-11-20T05:00:00,2598A,100.2143,26.8576,丽江市,西南郊(对照点),,,,,,,,,,,,,,,,
2022-11-20T05:00:00,2599A,100.2497,26.8802,丽江市,丽江古城,,29,23,27,20,22,87,55,49,49,8,15,4,5,0.6,0.7
2022-11-20T05:00:00,2600A,100.2203,26.8906,丽江市,市中心,,16,12,17,4,7,82,50,51,51,8,18,6,6,0.6,0.7
2022-11-20T05:00:00,2601A,100.98,22.7633,普洱市,市环保局,,12,12,17,5,8,64,13,14,13,11,15,5,6,0.3,0.4
2022-11-20T05:00:00,2602A,100.9817,22.8322,普洱市,普洱第二中学,,14,14,16,5,7,64,5,6,6,13,13,6,7,0.6,0.6
2022-11-20T05:00:00,2603A,100.0781,23.8982,临沧市,市环保局,,19,13,20,13,15,92,31,40,35,11,13,6,6,0.7,0.7
2022-11-20T05:00:00,2604A,100.0894,23.8822,临沧市,市气象局,,30,17,28,21,21,92,36,40,37,8,13,4,5,0.6,0.7
2022-11-20T05:00:00,2605A,101.5482,25.0441,楚雄州,州环境监测站,细颗粒物(PM2.5),58,42,32,41,23,100,6,7,6,38,31,13,20,0.5,0.5
2022-11-20T05:00:00,2606A,101.538,25.0492,楚雄州,市经济开发区,,45,41,31,31,20,101,8,9,8,30,29,9,20,0.3,0.3
2022-11-20T05:00:00,2608A,103.3772,23.3993,红河州,污水处理厂,,23,17,25,16,21,62,33,42,35,7,8,6,22,0.4,0.5
2022-11-20T05:00:00,2609A,103.3861,23.35,红河州,监测站,,16,12,24,11,19,55,36,36,36,4,8,4,30,0.3,0.4
2022-11-20T05:00:00,2610A,104.2533,23.3594,文山州,州水务局,,30,22,24,21,15,54,17,34,23,16,12,10,7,0.3,0.3
2022-11-20T05:00:00,2611A,104.2319,23.3892,文山州,市便民服务中心,,15,15,21,9,17,51,26,30,26,10,12,7,7,0.3,0.4
2022-11-20T05:00:00,2612A,100.7939,22.0019,西双版纳州,景洪市江南,,20,20,26,13,15,80,4,5,4,16,18,8,8,0.5,0.5
2022-11-20T05:00:00,2613A,100.8017,22.0225,西双版纳州,景洪市江北,,9,4,7,6,6,88,11,11,11,7,11,6,6,0.4,0.5
2022-11-20T05:00:00,2614A,100.1542,25.7054,大理州,大理市环境监测站,,21,17,22,5,9,92,67,70,68,5,12,5,6,0.5,0.5
2022-11-20T05:00:00,2615A,100.2171,25.5811,大理州,大理古城,,17,11,17,5,5,100,53,56,54,8,14,5,5,0.5,0.5
2022-11-20T05:00:00,2616A,98.5842,24.428,德宏州,德宏州监测站,,41,41,54,22,21,105,16,22,18,26,25,28,12,0.5,0.5
2022-11-20T05:00:00,2618A,98.8601,25.8567,怒江州,州监测站,,21,21,26,10,12,92,47,50,46,4,7,8,8,0.4,0.4
2022-11-20T05:00:00,2619A,98.8546,25.8417,怒江州,泸水一中,,23,23,41,14,19,79,16,16,16,19,30,6,6,0.5,0.6
2022-11-20T05:00:00,2621A,99.7056,27.8317,迪庆州,迪庆州站,,15,11,22,10,18,90,48,47,47,9,17,6,7,0.4,0.6
2022-11-20T05:00:00,2622A,97.1806,31.1273,昌都市,昌都监测站,,15,14,38,10,21,87,42,38,38,6,23,4,8,0.6,1
2022-11-20T05:00:00,2624A,91.7608,29.2313,山南市,山南监测站,,23,23,38,6,10,86,38,56,47,10,16,4,4,0.4,0.4
2022-11-20T05:00:00,2625A,91.7706,29.2436,山南市,山南人民医院,,23,23,38,0,10,83,61,64,59,1,16,4,4,0.3,0.4
2022-11-20T05:00:00,2626A,88.8876,29.2718,日喀则市,日喀则监测站,,34,34,48,20,22,84,9,10,9,20,24,3,6,0.9,1
2022-11-20T05:00:00,2628A,92.0657,31.4846,那曲地区,那曲监测站,,39,39,55,24,30,81,20,36,28,13,13,9,12,2.3,0.9
2022-11-20T05:00:00,2630A,80.1161,32.5,阿里地区,阿里监测站,,29,1,7,0,4,92,90,90,90,2,5,6,7,0.4,0.4
2022-11-20T05:00:00,2632A,94.3681,29.6376,林芝市,林芝监测站,,12,6,9,4,7,78,38,48,43,4,6,9,10,0.3,0.4
2022-11-20T05:00:00,2633A,94.3616,29.6616,林芝市,林芝人民医院,,27,27,19,4,6,80,47,46,46,8,9,8,8,0.2,0.3
2022-11-20T05:00:00,2634A,106.9893,33.1842,汉中市,汉川机床厂子校(对照点),,35,19,22,24,26,53,16,18,18,10,13,7,7,0.6,0.6
2022-11-20T05:00:00,2635A,107.0154,33.0706,汉中市,市监测站,颗粒物(PM10),56,61,64,37,44,48,5,5,5,23,26,5,5,1.1,0.9
2022-11-20T05:00:00,2636A,107.0089,33.1138,汉中市,鑫源开发区,细颗粒物(PM2.5),74,64,66,54,53,51,2,4,3,25,26,4,4,0.9,0.9
2022-11-20T05:00:00,2637A,107.007,33.0323,汉中市,南郑大河坎水厂,,38,36,58,26,41,42,6,8,7,13,23,5,6,0.8,0.9
2022-11-20T05:00:00,2638A,109.7414,38.3344,榆林市,红石峡森林公园(对照点),颗粒物(PM10),87,124,121,56,44,89,5,5,5,44,39,5,9,1.0,0.9
2022-11-20T05:00:00,2639A,109.7456,38.2911,榆林市,世纪广场,颗粒物(PM10),96,142,113,46,38,91,5,6,6,55,50,8,13,0.8,0.7
2022-11-20T05:00:00,2640A,109.7289,38.2839,榆林市,实验中学,颗粒物(PM10),77,104,99,48,39,86,8,9,9,57,50,10,13,0.8,0.7
2022-11-20T05:00:00,2641A,109.7336,38.2478,榆林市,环保监测大楼,颗粒物(PM10),66,81,99,36,32,93,3,4,4,63,46,10,12,0.7,0.7
2022-11-20T05:00:00,2642A,109.0318,32.6537,安康市,香溪洞(对照点),,16,10,35,11,28,53,12,21,16,10,16,5,5,0.6,0.7
2022-11-20T05:00:00,2643A,109.0281,32.6939,安康市,安康市监测站,颗粒物(PM10),56,62,66,33,43,56,3,4,3,22,27,5,6,0.5,0.7
2022-11-20T05:00:00,2644A,109.0072,32.6975,安康市,汉滨区检察院,细颗粒物(PM2.5),59,52,53,42,40,58,8,7,7,22,24,5,5,0.4,0.5
2022-11-20T05:00:00,2645A,109.9154,33.8715,商洛市,监测站,,43,43,82,27,36,96,15,15,14,32,40,8,9,0.6,0.8
2022-11-20T05:00:00,2647A,104.1724,36.5446,白银市,第三小学,颗粒物(PM10),76,101,128,44,45,82,54,47,47,38,54,34,55,1.2,1.1
2022-11-20T05:00:00,2648A,104.1465,36.5482,白银市,动力公司,颗粒物(PM10),66,81,113,43,50,77,34,31,31,24,42,17,36,1.2,1
2022-11-20T05:00:00,2649A,106.0055,34.343,天水市,麦积山(对照点),,,,,,,,,,,,,,,,
2022-11-20T05:00:00,2650A,105.7205,34.5786,天水市,公园小学,颗粒物(PM10),58,66,78,31,39,44,2,3,2,52,43,11,9,1.2,0.9
2022-11-20T05:00:00,2651A,105.8945,34.5538,天水市,麦积国土局,颗粒物(PM10),62,74,83,40,42,54,5,6,5,42,35,11,10,1.5,1.1
2022-11-20T05:00:00,2652A,102.6201,37.9251,武威市,监测站,颗粒物(PM10),82,113,155,38,51,87,9,12,9,52,43,7,8,0.7,0.7
2022-11-20T05:00:00,2654A,100.4698,38.9524,张掖市,润泉湖,颗粒物(PM10),56,61,109,21,34,75,19,14,14,16,29,15,14,0.4,0.5
2022-11-20T05:00:00,2655A,100.4154,38.9422,张掖市,区工会,颗粒物(PM10),54,57,83,34,47,82,15,12,11,19,31,8,7,0.6,0.7
2022-11-20T05:00:00,2656A,106.6692,35.5461,平凉市,聚贤嘉苑,,44,44,75,17,26,80,8,18,11,48,43,4,8,0.3,0.4
2022-11-20T05:00:00,2657A,106.7021,35.5307,平凉市,博物馆,颗粒物(PM10),56,62,93,25,31,74,6,14,9,44,43,5,9,0.5,0.5
2022-11-20T05:00:00,2658A,98.5061,39.7443,酒泉市,仓门街子站,颗粒物(PM10),70,90,173,33,48,80,48,13,13,15,36,5,8,0.5,0.7
2022-11-20T05:00:00,2659A,98.4989,39.7256,酒泉市,油田生活基地,颗粒物(PM10),71,92,169,35,47,87,49,17,17,19,36,5,5,0.5,0.8
2022-11-20T05:00:00,2660A,107.6831,35.7289,庆阳市,区环保局(对照点),,,,,,,,,,,,,,,,
2022-11-20T05:00:00,2661A,107.6325,35.7357,庆阳市,庆阳五中,颗粒物(PM10),67,84,107,38,38,90,82,72,72,13,23,7,10,0.5,0.6
2022-11-20T05:00:00,2662A,107.6364,35.7067,庆阳市,市环保局,颗粒物(PM10),68,85,106,38,37,94,82,82,82,11,14,6,7,0.7,0.7
2022-11-20T05:00:00,2663A,104.6241,35.5734,定西市,东关小学,颗粒物(PM10),57,63,84,27,34,86,36,22,22,14,26,5,10,0.5,0.6
2022-11-20T05:00:00,2664A,104.6194,35.5934,定西市,供电公司,细颗粒物(PM2.5),67,52,88,48,45,81,42,15,15,14,34,3,7,0.2,0.5
2022-11-20T05:00:00,2665A,105.0822,33.3261,陇南市,汉王镇固水子(对照点),,,,,,,,,,,,,,,,
2022-11-20T05:00:00,2667A,103.2069,35.5993,临夏回族自治州,环保局,颗粒物(PM10),65,80,71,33,29,87,0,5,2,40,42,8,14,1.6,1.3
2022-11-20T05:00:00,2668A,103.2417,35.6057,临夏回族自治州,建设大厦,,46,46,56,18,22,98,20,17,17,14,29,9,9,0.8,1
2022-11-20T05:00:00,2669A,102.9099,34.9841,甘南州,州政府,,41,41,48,21,25,90,5,4,3,27,26,5,8,0.6,0.6
2022-11-20T05:00:00,2671A,100.9048,36.9639,海北藏族自治州,海晏县西海镇,,18,13,28,7,9,93,56,60,58,3,4,6,5,0.3,0.3
2022-11-20T05:00:00,2672A,102.0199,35.5102,黄南藏族自治州,同仁县隆务镇,,29,29,45,11,24,77,43,53,49,6,11,2,6,0.8,0.7
2022-11-20T05:00:00,2673A,100.6188,36.2866,海南藏族自治州,共和县恰卜恰镇,,30,30,48,19,18,93,31,54,44,16,20,12,12,0.5,0.4
2022-11-20T05:00:00,2674A,100.2561,34.4714,果洛藏族自治州,玛沁县大武镇,,31,31,30,15,14,100,36,34,34,14,15,13,10,0.6,0.6
2022-11-20T05:00:00,2675A,97,33.0014,玉树藏族自治州,玉树县结古镇,,32,32,23,19,12,89,24,30,26,26,20,14,18,1.4,0.9
2022-11-20T05:00:00,2676A,97.3731,37.3753,海西蒙古族藏族自治州,德令哈市,,23,23,37,9,13,127,68,92,87,3,7,8,9,0.3,0.4
2022-11-20T05:00:00,2677A,106.1532,37.9648,吴忠市,教育园区,颗粒物(PM10),84,118,88,52,46,62,6,9,8,41,42,6,9,1.1,0.8
2022-11-20T05:00:00,2678A,106.2025,37.9844,吴忠市,高级中学,,,,,,,,,,,,,,,,
2022-11-20T05:00:00,2679A,106.1856,37.9956,吴忠市,新区二泵站,颗粒物(PM10),88,125,96,53,43,68,1,2,2,42,37,20,11,0.9,0.7
2022-11-20T05:00:00,2680A,105.0025,37.4635,中卫市,沙坡头消防站(对照点),颗粒物(PM10),83,116,109,48,40,92,10,9,9,60,43,19,12,0.7,0.6
2022-11-20T05:00:00,2681A,105.18,37.0172,中卫市,官桥站,,,,,,,,,,,,,,,,
2022-11-20T05:00:00,2682A,105.1971,37.5002,中卫市,环保局站,颗粒物(PM10),94,137,120,51,44,75,0,1,0,50,40,9,6,0.7,0.6
2022-11-20T05:00:00,2683A,106.2319,36.1417,固原市,马园(对照点),颗粒物(PM10),60,70,83,35,33,81,9,18,13,42,39,8,3,0.8,0.5
2022-11-20T05:00:00,2684A,106.2792,36.0022,固原市,监测站,,46,46,80,27,31,79,7,12,8,39,35,5,8,1.1,0.8
2022-11-20T05:00:00,2685A,106.2375,36.0211,固原市,新区,颗粒物(PM10),59,67,86,41,33,77,2,2,2,36,36,5,6,1.2,0.9
2022-11-20T05:00:00,2686A,89.1904,42.9418,吐鲁番地区,市环保局,颗粒物(PM10),67,83,87,32,36,75,44,48,46,28,34,6,7,1.3,1.4
2022-11-20T05:00:00,2687A,89.1673,42.9559,吐鲁番地区,地区环保局,颗粒物(PM10),67,83,110,44,55,81,36,31,31,32,42,7,9,1.1,1.5
2022-11-20T05:00:00,2688A,93.5128,42.8172,哈密地区,地区监测站,,43,43,55,19,18,75,38,49,41,22,25,7,6,0.6,0.3
2022-11-20T05:00:00,2689A,93.4961,42.8328,哈密地区,哈密师范学校,,33,33,43,16,23,68,44,43,37,18,26,11,8,0.5,0.5
2022-11-20T05:00:00,2690A,88.1236,43.8886,昌吉州,天山天池(对照点),,14,3,5,1,3,76,43,76,64,5,5,3,3,1.1,1.1
2022-11-20T05:00:00,2691A,87.2997,44.0114,昌吉州,州监测站,,,,,,,,,,,,,,,,
2022-11-20T05:00:00,2692A,87.2717,44.0297,昌吉州,新区政务中心,"颗粒物(PM10),细颗粒物(PM2.5)",57,64,47,40,32,46,17,38,25,27,23,7,6,1.5,1.3
2022-11-20T05:00:00,2693A,82.0485,44.8556,博尔塔拉蒙古自治州,市党校,,38,38,57,22,28,33,16,24,21,11,21,7,20,0.5,0.5
2022-11-20T05:00:00,2694A,82.0806,44.8969,博尔塔拉蒙古自治州,市环保局,颗粒物(PM10),58,66,58,31,26,34,7,9,8,25,24,6,8,1.2,0.7
2022-11-20T05:00:00,2695A,80.292,41.1694,阿克苏地区,电视台,颗粒物(PM10),119,188,136,84,60,95,18,12,9,46,35,9,8,1.5,1.5
2022-11-20T05:00:00,2696A,80.2613,41.1551,阿克苏地区,艺术中心,颗粒物(PM10),102,153,116,59,45,91,43,23,23,15,18,4,4,0.8,0.6
2022-11-20T05:00:00,2697A,76.1454,39.7142,克孜勒苏柯尔克孜自治州,市人民政府,,32,32,81,16,29,93,75,62,62,4,8,11,11,0.4,0.6
2022-11-20T05:00:00,2698A,76.0072,39.4467,喀什地区,巡警大队,颗粒物(PM10),78,105,131,50,52,85,32,32,31,31,35,1,4,1.3,1.4
2022-11-20T05:00:00,2699A,75.9755,39.4694,喀什地区,吾办,颗粒物(PM10),65,80,116,38,56,99,52,49,49,17,30,3,4,1.0,1.4
2022-11-20T05:00:00,2700A,75.9538,39.4682,喀什地区,市环境监测站,颗粒物(PM10),68,85,133,43,56,85,41,38,38,18,34,4,5,1.5,2.1
2022-11-20T05:00:00,2703A,81.2815,43.9404,伊犁哈萨克州,市环保局,,29,19,62,20,53,52,52,40,40,11,33,9,14,0.7,1.6
2022-11-20T05:00:00,2704A,81.2996,43.9174,伊犁哈萨克州,新政府片区,,30,17,70,21,53,54,54,43,43,11,37,9,14,0.5,1.6
2022-11-20T05:00:00,2705A,81.3364,43.941,伊犁哈萨克州,第二水厂,,29,24,80,20,63,46,46,38,38,12,39,10,14,0.9,2
2022-11-20T05:00:00,2706A,82.9994,46.7432,塔城地区,东门外小游园,,19,19,26,7,13,53,47,40,40,4,12,3,6,0.2,0.5
2022-11-20T05:00:00,2707A,88.1214,47.9047,阿勒泰地区,小东沟(对照点),,,,,,,,,,,,,,,,
2022-11-20T05:00:00,2708A,88.1264,47.8517,阿勒泰地区,市站,,23,4,9,9,6,81,72,76,75,1,5,2,5,0.5,0.4
2022-11-20T05:00:00,2709A,86.0497,44.2967,石河子市,艾青诗歌馆,细颗粒物(PM2.5),57,54,42,40,30,53,14,24,19,25,19,7,7,0.7,0.7
2022-11-20T05:00:00,2710A,86.0697,44.3075,石河子市,阳光学校,,,52,44,,,49,13,21,18,14,13,3,3,0.7,0.6
2022-11-20T05:00:00,2711A,87.5475,44.1756,五家渠市,农水大厦,细颗粒物(PM2.5),53,54,37,37,25,39,22,25,21,19,15,9,10,0.8,0.8
2022-11-20T05:00:00,2835A,101.7227,26.567,攀枝花市,四十中小,颗粒物(PM10),55,60,64,27,32,117,10,8,8,58,64,10,20,1.4,1.8
2022-11-20T05:00:00,2842A,118.0936,24.5058,厦门市,湖里中学,颗粒物(PM10),55,59,48,30,22,163,2,30,17,66,43,5,5,0.6,0.6
2022-11-20T05:00:00,2845A,113.1569,36.1911,长治市,德盛苑,细颗粒物(PM2.5),62,60,76,44,60,91,87,70,68,15,28,6,7,0.6,1
2022-11-20T05:00:00,2846A,113.3221,23.1322,广州市,体育西,,21,21,47,12,30,127,18,25,23,27,25,5,5,0.9,0.8
2022-11-20T05:00:00,2858A,117.7918,39.2474,天津市,河西一经路,颗粒物(PM10),71,92,172,43,116,75,0,0,0,64,58,6,9,1.3,1.2
2022-11-20T05:00:00,2859A,117.3747,38.9846,天津市,津沽路,颗粒物(PM10),82,113,176,44,122,75,0,0,0,70,63,3,5,1.2,1.1
2022-11-20T05:00:00,2860A,117.1589,39.0845,天津市,宾水西道,细颗粒物(PM2.5),137,186,181,104,120,85,1,1,1,48,46,4,5,1.3,1.1
2022-11-20T05:00:00,2862A,114.5481,38.0378,石家庄市,22中南校区,细颗粒物(PM2.5),233,254,212,183,160,85,5,3,3,60,52,3,3,1.5,1.3
2022-11-20T05:00:00,2865A,112.7195,37.6828,晋中市,榆次三中,颗粒物(PM10),66,81,119,40,71,96,9,18,16,36,41,6,11,0.5,0.9
2022-11-20T05:00:00,2866A,111.0522,35.0439,运城市,外滩首府,,,,,,,,,,,,,,,,
2022-11-20T05:00:00,2867A,111.1283,37.51,吕梁市,马茂庄小学,颗粒物(PM10),100,149,154,34,37,59,1,1,1,48,56,15,14,0.5,0.9
2022-11-20T05:00:00,2868A,126.4739,43.953,吉林市,九站,,13,7,28,2,17,79,39,52,43,13,19,8,9,0.6,0.7
2022-11-20T05:00:00,2869A,119.447,32.4155,扬州市,五台山医院,,30,26,30,21,23,47,41,46,44,10,22,6,6,0.6,0.6
2022-11-20T05:00:00,2870A,119.4424,32.1873,镇江市,市疾控中心,,42,32,40,29,35,60,54,54,54,29,36,2,1,0.5,0.6
2022-11-20T05:00:00,2871A,121.6147,29.9017,宁波市,万里国际学校,,42,33,35,29,28,6,5,5,4,36,50,5,6,0.9,1.1
2022-11-20T05:00:00,2872A,120.7846,30.7525,嘉兴市,南湖区残联,细颗粒物(PM2.5),55,46,41,39,32,19,10,19,14,24,34,5,5,0.8,0.7
2022-11-20T05:00:00,2873A,120.0875,30.8955,湖州市,仁皇山新区,细颗粒物(PM2.5),77,67,45,56,33,17,11,4,4,26,34,10,6,0.7,0.7
2022-11-20T05:00:00,2875A,115.784,32.8892,阜阳市,阜阳职业技术学院,,35,35,50,23,28,63,2,30,19,31,24,6,5,0.5,0.4
2022-11-20T05:00:00,2877A,119.1641,36.6523,潍坊市,坊子邮政,,49,34,59,34,43,81,34,20,20,20,40,4,5,0.5,0.6
2022-11-20T05:00:00,2878A,116.0072,36.4343,聊城市,聊大东校,细颗粒物(PM2.5),114,110,154,86,117,78,44,24,24,20,39,7,6,0.7,0.9
2022-11-20T05:00:00,2880A,104.0219,30.6558,成都市,大石西路,细颗粒物(PM2.5),93,74,82,69,54,103,20,6,6,52,44,1,2,0.7,0.8
2022-11-20T05:00:00,2881A,107.8908,26.5311,黔东南苗族侗族自治州,凯里学院,,34,34,20,21,13,65,51,55,54,11,12,3,3,0.4,0.4
2022-11-20T05:00:00,2882A,102.5389,24.3703,玉溪市,玉溪一中,,,,40,,17,82,16,18,17,22,27,10,19,1.3,2.1
2022-11-20T05:00:00,2883A,102.5381,24.3389,玉溪市,文体中心,,31,31,31,14,15,84,7,24,15,36,29,13,12,2.7,1.4
2022-11-20T05:00:00,2884A,98.2672,39.7978,嘉峪关市,酒钢宾馆,颗粒物(PM10),86,122,144,31,45,80,26,17,17,45,40,42,16,1.6,0.6
2022-11-20T05:00:00,2885A,104.9339,33.3826,陇南市,滨江中学,,32,32,50,19,20,72,32,22,22,12,27,6,12,0.3,0.6
2022-11-20T05:00:00,2894A,117.0566,32.6531,淮南市,经济技术开发区消防队,细颗粒物(PM2.5),68,70,66,49,42,43,22,36,28,28,22,4,3,0.4,0.3
2022-11-20T05:00:00,2897A,123.2444,41.7347,沈阳市,沈辽西路,,15,15,76,6,42,80,23,40,32,30,31,8,20,0.4,0.9
2022-11-20T05:00:00,2900A,123.5953,41.9086,沈阳市,裕农路,,19,19,48,10,30,90,44,40,40,12,25,6,13,0.5,0.9
2022-11-20T05:00:00,2902A,106.6351,30.4865,广安市,北辰小学,细颗粒物(PM2.5),70,60,78,51,58,85,19,26,22,17,20,5,11,0.7,0.6
2022-11-20T05:00:00,2907A,120.1844,30.8596,湖州市,吴兴区站,细颗粒物(PM2.5),77,84,54,56,37,23,15,12,12,25,33,13,6,0.6,0.6
2022-11-20T05:00:00,2914A,106.7677,31.8794,巴中市,苏山坪(对照点),,35,28,34,24,22,65,44,47,45,6,10,5,6,0.3,0.3
2022-11-20T05:00:00,2915A,106.7619,31.84139,巴中市,职业中学,,,,,,,,,,,,,,,,
2022-11-20T05:00:00,2919A,116.7022,39.5453,廊坊市,河北工业大学,细颗粒物(PM2.5),196,227,191,147,131,93,6,6,6,77,58,7,8,1.3,1.1
2022-11-20T05:00:00,2920A,117.7116,24.506,漳州市,蓝田镇,,46,46,48,20,22,182,19,32,22,31,27,5,8,0.5,0.6
2022-11-20T05:00:00,2921A,120.5483,30.0003,绍兴市,树下王站,,45,35,30,31,25,11,9,9,9,20,39,5,5,1.0,1.1
2022-11-20T05:00:00,2922A,117.1941,39.1067,天津市,大理道,细颗粒物(PM2.5),176,217,198,133,135,82,2,4,2,81,60,6,7,1.7,1.1
2022-11-20T05:00:00,2924A,106.2266,38.4418,银川市,水乡路,颗粒物(PM10),88,125,107,56,37,58,3,3,3,82,71,14,24,1.5,1.5
2022-11-20T05:00:00,2925A,106.2757,38.4842,银川市,上海东路,细颗粒物(PM2.5),94,101,95,70,47,66,4,5,4,75,62,9,13,1.2,0.9
2022-11-20T05:00:00,2926A,106.1015,38.497,银川市,文昌北街,颗粒物(PM10),99,148,123,73,49,67,4,5,5,64,55,7,17,1.5,1.1
2022-11-20T05:00:00,2929A,114.8858,30.4519,黄冈市,红卫路,,38,38,35,24,21,74,8,25,17,31,17,4,5,0.8,0.7
2022-11-20T05:00:00,2994A,119.6533,29.1128,金华市,武警支队(启用161031),,,,,,,,,,,,,,,,
2022-11-20T05:00:00,2996A,118.283,33.965,宿迁市,市供电局,,26,26,34,17,33,54,34,22,21,19,25,2,2,0.6,0.7
2022-11-20T05:00:00,2997A,119.8767,32.3289,泰州市,王营,,45,31,30,31,29,65,37,39,34,16,21,9,10,0.7,0.7
2022-11-20T05:00:00,3000A,119.3581,34.6972,连云港市,德源药业,,,12,14,,11,82,43,65,55,38,28,1,1,0.2,0.2
2022-11-20T05:00:00,3002A,119.9805,31.8174,常州市,行政中心,,48,39,54,33,39,43,38,38,38,20,37,7,7,0.6,0.7
2022-11-20T05:00:00,3003A,120.0522,31.7748,常州市,经开区,"颗粒物(PM10),细颗粒物(PM2.5)",57,63,78,40,41,45,45,39,39,19,37,5,5,0.6,0.7
2022-11-20T05:00:00,3004A,120.1544,33.3663,盐城市,宝龙广场,,20,14,15,5,6,92,63,68,67,10,12,9,9,0.1,0.2
2022-11-20T05:00:00,3005A,117.1814,34.29,徐州市,鼓楼区政府,细颗粒物(PM2.5),98,63,51,73,44,76,15,19,18,36,29,27,15,1.1,0.9
2022-11-20T05:00:00,3006A,117.1694,34.1781,徐州市,铜山区招生办,细颗粒物(PM2.5),74,78,67,54,46,61,23,21,21,27,33,6,6,0.8,0.8
2022-11-20T05:00:00,3007A,119.178,34.844,连云港市,新城一中,,42,33,22,29,14,95,1,5,3,59,33,9,3,2.0,0.9
2022-11-20T05:00:00,3008A,119.3608,34.7519,连云港市,胡沟管理处,,18,7,13,5,6,91,56,48,48,18,25,8,8,0.6,0.5
2022-11-20T05:00:00,3009A,119.1478,34.5911,连云港市,矿山设计院,,19,9,16,7,12,79,58,61,60,16,21,7,8,0.3,0.4
2022-11-20T05:00:00,3010A,119.9025,31.7964,常州市,钟楼,颗粒物(PM10),53,55,61,32,39,43,35,37,37,17,34,5,4,0.4,0.7
2022-11-20T05:00:00,3012A,112.1849,31.0362,荆门市,西山林语,细颗粒物(PM2.5),79,80,71,58,49,131,45,70,57,10,15,6,8,0.8,0.8
2022-11-20T05:00:00,3014A,106.4958,29.5346,重庆市,歇台子,细颗粒物(PM2.5),72,72,87,52,64,134,35,47,42,21,28,5,10,0.9,1
2022-11-20T05:00:00,3015A,106.4037,29.5728,重庆市,龙井湾,"颗粒物(PM10),细颗粒物(PM2.5)",64,77,78,46,51,138,49,73,63,26,21,5,10,0.8,0.8
2022-11-20T05:00:00,3016A,106.5507,29.4153,重庆市,龙洲湾,细颗粒物(PM2.5),75,72,79,55,62,128,24,50,37,25,22,4,9,0.6,0.6
2022-11-20T05:00:00,3018A,111.505,36.1014,临汾市,唐尧大酒店,细颗粒物(PM2.5),160,202,190,122,124,91,1,2,1,47,47,6,6,1.0,1
2022-11-20T05:00:00,3020A,117.2101,39.1699,天津市,中山北路,细颗粒物(PM2.5),132,187,188,100,129,82,2,2,1,61,52,7,8,1.4,1.1
2022-11-20T05:00:00,3021A,115,35.7668,濮阳市,濮水河管理处,细颗粒物(PM2.5),70,62,101,51,97,76,33,28,28,13,25,6,7,0.7,0.9
2022-11-20T05:00:00,3022A,112.4433,34.6686,洛阳市,凯旋路小学,,,,,,,,,,,,,,,,
2022-11-20T05:00:00,3025A,113.0477,23.6344,清远市,技师学院,,18,16,38,12,26,109,37,29,29,7,15,6,6,1.2,1.2
2022-11-20T05:00:00,3026A,116.6183,23.6608,潮州市,市政府,颗粒物(PM10),53,56,51,28,28,164,36,69,47,15,20,10,13,0.9,0.9
2022-11-20T05:00:00,3027A,104.72,29.3427,自贡市,青杠林路,细颗粒物(PM2.5),75,61,89,55,69,114,43,40,40,18,35,7,6,0.5,0.7
2022-11-20T05:00:00,3028A,104.776,29.3627,自贡市,檀木林体育馆,细颗粒物(PM2.5),75,73,85,55,62,128,46,61,55,23,30,10,9,0.4,0.6
2022-11-20T05:00:00,3033A,87.4651,43.4569,乌鲁木齐市,培训基地,,25,0,9,0,5,87,80,85,83,6,10,7,8,0.8,0.8
2022-11-20T05:00:00,3034A,113.1076,41.0385,乌兰察布市,光明街小学,,45,45,61,27,25,79,10,13,12,42,26,14,16,0.5,0.5
2022-11-20T05:00:00,3035A,122.0931,46.0707,兴安盟,北滨河,,20,20,41,13,21,63,52,52,51,7,12,3,4,0.5,0.6
2022-11-20T05:00:00,3036A,118.6904,37.4338,东营市,开发区管委会,细颗粒物(PM2.5),70,60,169,51,134,120,21,48,31,38,50,2,16,1.2,1.2
2022-11-20T05:00:00,3038A,103.3758,23.368,红河州,州图书馆,,14,11,19,5,16,54,42,40,40,4,8,4,27,0.5,0.6
2022-11-20T05:00:00,3039A,111.1911,34.7829,三门峡市,三门峡市第一小学,细颗粒物(PM2.5),150,126,112,115,93,113,49,66,58,18,28,7,10,0.9,0.9
2022-11-20T05:00:00,3045A,109.9643,33.8471,商洛市,商州区中学,,46,41,76,32,32,94,6,5,5,34,40,6,10,0.5,0.5
2022-11-20T05:00:00,3046A,115.9084,28.6062,南昌市,机电学校,,43,42,41,30,25,41,35,30,30,16,23,6,6,0.6,0.7
2022-11-20T05:00:00,3048A,119.5799,26.0936,福州市,九龙,,35,33,28,24,17,110,48,50,46,9,12,3,4,0.3,0.3
2022-11-20T05:00:00,3051A,117.3876,39.1488,天津市,西四道,颗粒物(PM10),74,97,177,32,110,68,0,0,0,69,60,6,7,1.5,1.4
2022-11-20T05:00:00,3054A,113.9194,35.2847,新乡市,市委党校,细颗粒物(PM2.5),92,93,80,68,58,48,13,26,17,42,30,7,7,1.0,1.1
2022-11-20T05:00:00,3055A,101.7775,36.6428,西宁市,城北区政府,细颗粒物(PM2.5),74,86,72,54,37,100,13,11,11,42,40,26,27,1.6,1.2
2022-11-20T05:00:00,3057A,121.5992,37.4014,烟台市,牟平检察院,"颗粒物(PM10),细颗粒物(PM2.5)",59,68,57,42,31,100,17,66,44,44,40,8,9,0.7,0.7
2022-11-20T05:00:00,3058A,119.2658,42.0353,赤峰市,银河街,,31,31,61,14,31,77,36,42,36,25,25,17,16,0.6,0.8
2022-11-20T05:00:00,3059A,117.7161,36.2049,济南市,泰兴公司,细颗粒物(PM2.5),99,110,74,74,44,82,6,6,6,40,45,8,7,1.1,1.1
2022-11-20T05:00:00,3061A,119.7512,49.1577,呼伦贝尔市,国华电力东,,32,32,44,14,19,66,48,48,46,5,5,3,3,0.1,0.3
2022-11-20T05:00:00,3064A,117.6867,36.2171,济南市,莱芜战役纪念馆,细颗粒物(PM2.5),77,75,66,56,48,83,6,7,5,58,53,12,12,1.0,1.1
2022-11-20T05:00:00,3065A,101.9533,29.9972,甘孜藏族自治州,州环保局,,18,8,24,8,8,79,56,55,55,6,17,8,9,0.1,0.3
2022-11-20T05:00:00,3066A,116.2721,37.4379,德州市,九衢泉纯净水厂,细颗粒物(PM2.5),100,125,179,75,122,109,4,20,11,53,55,9,9,1.2,1.2
2022-11-20T05:00:00,3109A,115.0093,25.8613,赣州市,赣县区卫计委,,26,26,22,10,8,39,17,21,20,20,20,9,7,1.1,1
2022-11-20T05:00:00,3122A,105.9606,26.2611,安顺市,伍家关(对照点),,,,,,,,,,,,,,,,
2022-11-20T05:00:00,3123A,105.9408,26.2431,安顺市,凤凰山,,40,33,40,28,33,100,59,56,55,7,11,8,11,0.7,0.7
2022-11-20T05:00:00,3124A,105.9439,26.2564,安顺市,金钟山,,40,34,40,28,34,104,56,54,54,11,9,8,11,0.5,0.5
2022-11-20T05:00:00,3125A,105.8983,26.2481,安顺市,娄家坡,,43,37,45,30,35,98,58,55,55,5,11,7,11,0.6,0.6
2022-11-20T05:00:00,3128A,92.0506,31.4797,那曲地区,那曲会议中心,,25,25,33,14,18,84,17,38,27,24,21,10,11,1.7,1
2022-11-20T05:00:00,3129A,102.0306,36.5067,海东地区,平安高铁新区,,,,,,,,,,,,,,,,
2022-11-20T05:00:00,3131A,114.879,40.7993,张家口市,烟厂,,39,39,73,4,33,93,56,66,60,16,27,2,4,0.9,1.1
2022-11-20T05:00:00,3132A,119.610547,39.943889,秦皇岛市,文明里,细颗粒物(PM2.5),79,83,126,58,73,94,32,12,12,40,61,17,14,0.7,1.1
2022-11-20T05:00:00,3133A,106.5468,29.5654,重庆市,上清寺,细颗粒物(PM2.5),65,49,84,47,65,128,32,34,32,23,36,6,13,1.0,1.1
2022-11-20T05:00:00,3134A,113.8172,34.0339,许昌市,市一中,颗粒物(PM10),58,65,54,28,31,90,7,30,15,32,22,7,7,0.9,1
2022-11-20T05:00:00,3136A,104.2725,30.5589,成都市,龙泉驿区区政府,细颗粒物(PM2.5),67,63,50,48,37,115,17,97,64,58,21,6,6,0.8,0.8
2022-11-20T05:00:00,3137A,103.8578,30.0744,眉山市,市委党校,细颗粒物(PM2.5),67,68,70,48,50,119,2,15,6,55,41,10,7,1.0,1
2022-11-20T05:00:00,3138A,111.7153,29.0289,常德市,武陵区永安,,46,46,54,28,36,85,0,23,7,34,16,4,3,0.6,0.7
2022-11-20T05:00:00,3139A,111.6892,28.9881,常德市,鼎城区玉霞,颗粒物(PM10),52,54,49,29,34,85,0,0,0,19,18,5,8,0.5,0.7
2022-11-20T05:00:00,3140A,111.6625,29.0531,常德市,武陵区长庚,,33,33,55,23,35,85,0,0,0,27,23,3,5,0.6,0.7
2022-11-20T05:00:00,3141A,114.3922,36.0878,安阳市,信访局,细颗粒物(PM2.5),99,69,105,74,105,67,19,34,26,27,27,6,6,0.6,0.9
2022-11-20T05:00:00,3147A,114.3438,34.8106,开封市,龙亭公园,细颗粒物(PM2.5),83,76,92,61,69,60,2,16,8,51,31,4,3,0.9,0.9
2022-11-20T05:00:00,3148A,103.8291,30.0564,眉山市,区人社局,细颗粒物(PM2.5),67,42,61,48,48,108,8,46,16,46,43,12,9,0.9,1
2022-11-20T05:00:00,3149A,115.0235,30.1578,黄石市,笔架山北路,颗粒物(PM10),52,53,54,18,25,65,26,15,15,17,28,4,6,0.4,0.5
2022-11-20T05:00:00,3151A,114.375,27.8097,宜春市,宜春学院北校区,细颗粒物(PM2.5),79,77,48,58,34,41,16,20,18,28,24,19,14,1.2,1.2
2022-11-20T05:00:00,3153A,114.3877,30.4908,武汉市,民族大道182号,,44,44,39,19,14,74,5,9,6,51,37,15,8,0.7,0.7
2022-11-20T05:00:00,3164A,119.4686,32.3942,扬州市,广陵建设局,,29,29,30,20,23,50,43,45,45,9,23,4,4,0.6,0.6
2022-11-20T05:00:00,3165A,108.6594,34.2969,咸阳市,两寺渡,细颗粒物(PM2.5),159,165,159,121,91,62,3,4,3,46,53,4,6,1.0,1
2022-11-20T05:00:00,3169A,113.2725,35.2067,焦作市,太极体育中心(启用180720),细颗粒物(PM2.5),109,98,99,82,75,57,12,38,27,25,25,5,5,0.8,0.8
2022-11-20T05:00:00,3170A,102.1864,38.5253,金昌市,市委党校,,,,,,,90,14,8,8,51,43,90,33,1.3,1.1
2022-11-20T05:00:00,3171A,115.6071,34.4465,商丘市,梁园区档案局,细颗粒物(PM2.5),58,36,53,41,49,64,49,53,52,19,27,2,2,0.3,0.4
2022-11-20T05:00:00,3173A,117.0598,30.5351,安庆市,市人大,,30,22,22,21,13,41,35,41,37,19,25,6,6,0.5,0.8
2022-11-20T05:00:00,3178A,119.0587,36.721,潍坊市,潍坊七中,细颗粒物(PM2.5),58,51,73,41,52,98,3,4,4,35,44,6,8,1.0,0.9
2022-11-20T05:00:00,3179A,102.7494,25.0119,昆明市,官渡区博物馆,颗粒物(PM10),61,72,56,42,29,98,2,3,2,54,50,6,8,0.9,0.7
2022-11-20T05:00:00,3180A,99.7136,27.8094,迪庆州,质量技术监督局,,25,15,22,17,19,97,47,49,47,8,13,7,7,0.6,0.6
2022-11-20T05:00:00,3182A,106.7656,31.8545,巴中市,丽阳花园,,38,36,42,26,30,61,5,4,4,15,21,4,4,0.5,0.6
2022-11-20T05:00:00,3183A,106.7418,31.8654,巴中市,圣泉水务公司,,35,30,39,24,28,64,8,5,5,17,24,4,5,0.4,0.5
2022-11-20T05:00:00,3185A,112.5628,37.8964,太原市,巨轮,颗粒物(PM10),83,116,128,59,80,84,3,5,4,59,52,5,8,0.8,1
2022-11-20T05:00:00,3186A,103.7158,36.1058,兰州市,教育港,颗粒物(PM10),84,118,128,52,57,93,8,7,7,73,73,29,33,1.3,1.5
2022-11-20T05:00:00,3187A,116.9509,33.666,宿州市,远航博物馆,细颗粒物(PM2.5),64,67,57,46,41,58,36,26,26,26,29,1,1,0.5,0.6
2022-11-20T05:00:00,3188A,115.6683,37.7217,衡水市,市城管局,颗粒物(PM10),81,112,220,55,166,82,2,2,2,49,57,5,11,1.0,1.3
2022-11-20T05:00:00,3190A,116.0254,29.6994,九江市,外国语学校,,38,26,48,26,38,50,15,13,12,15,32,8,9,1.0,1.3
2022-11-20T05:00:00,3191A,118.3225,33.9447,宿迁市,宿豫区政府,,26,26,31,13,22,58,22,22,19,24,25,5,5,0.8,0.7
2022-11-20T05:00:00,3192A,80.0903,32.5028,阿里地区,阿里藏医院,,29,4,14,1,4,94,92,94,93,2,4,8,9,0.3,0.4
2022-11-20T05:00:00,3194A,112.2747,30.3122,荆州市,管委会,颗粒物(PM10),64,78,61,42,44,110,25,53,32,37,37,8,8,0.8,0.7
2022-11-20T05:00:00,3195A,119.3633,32.3972,扬州市,市体育局,,44,44,39,23,24,51,44,48,47,17,21,6,6,0.6,0.5
2022-11-20T05:00:00,3200A,115.9819,36.4978,聊城市,监控中心,细颗粒物(PM2.5),122,111,164,92,133,82,52,21,21,23,51,10,8,0.5,0.8
2022-11-20T05:00:00,3201A,102.6486,37.9325,武威市,东关招商场,颗粒物(PM10),88,125,159,51,59,93,5,13,9,46,32,11,8,0.8,0.6
2022-11-20T05:00:00,3204A,113.3025,33.73,平顶山市,规划局,细颗粒物(PM2.5),114,122,109,86,88,102,2,24,8,49,31,5,8,0.8,0.8
2022-11-20T05:00:00,3206A,114.9149,27.807,新余市,新钢沁园村,细颗粒物(PM2.5),64,54,38,46,22,35,13,21,16,23,21,10,9,0.7,0.7
2022-11-20T05:00:00,3207A,118.3118,32.3038,滁州市,市政府原办公楼,细颗粒物(PM2.5),97,98,63,72,41,60,26,34,33,21,22,4,4,0.3,0.3
2022-11-20T05:00:00,3208A,112.7283,38.4153,忻州市,市政府,细颗粒物(PM2.5),80,90,94,59,59,86,4,5,5,42,43,6,14,0.9,1
2022-11-20T05:00:00,3209A,119.5231,26.6562,宁德市,宁德一中,,19,19,28,13,12,87,24,56,41,10,14,5,6,0.6,0.6
2022-11-20T05:00:00,3210A,114.3644,34.7964,开封市,汴京公园,细颗粒物(PM2.5),89,61,74,66,80,57,0,0,0,51,31,6,5,0.7,0.8
2022-11-20T05:00:00,3216A,114.6622,24.5183,漳州市,漳州党校,,37,37,44,24,23,170,17,40,26,37,27,5,8,0.6,0.7
2022-11-20T05:00:00,3237A,117.4918,30.6617,池州市,展览馆,,33,31,21,23,17,39,18,20,19,17,18,5,5,0.5,0.6
2022-11-20T05:00:00,3239A,125.0764,42.9078,辽源市,银鹰制药,,32,26,37,22,26,93,29,59,45,19,15,8,12,0.5,0.6
2022-11-20T05:00:00,3241A,103.7439,36.0842,兰州市,百合公园,颗粒物(PM10),85,120,135,53,55,79,7,7,7,57,63,16,29,0.9,1.2
2022-11-20T05:00:00,3242A,103.9611,35.998,兰州市,和平,颗粒物(PM10),74,97,121,51,52,84,27,32,30,41,48,12,19,1.6,1.5
2022-11-20T05:00:00,3247A,104.955,33.371,陇南市,市总工会,,24,24,44,9,16,69,30,41,33,17,19,8,9,0.4,0.4
2022-11-20T05:00:00,3248A,98.2643,39.7724,嘉峪关市,雄关区,颗粒物(PM10),94,137,101,29,31,78,34,26,26,36,42,35,10,1.1,0.5
2022-11-20T05:00:00,3265A,121.4316,31.3322,上海市,宝山庙行,细颗粒物(PM2.5),87,74,52,64,38,62,13,17,14,32,49,4,5,1.0,1
2022-11-20T05:00:00,3266A,121.8791,31.4662,上海市,崇明上实东滩,细颗粒物(PM2.5),80,35,31,59,32,96,32,39,35,23,29,5,5,1.0,0.8
2022-11-20T05:00:00,3268A,121.3162,31.2838,上海市,嘉定南翔,细颗粒物(PM2.5),77,32,36,56,39,56,22,20,20,22,42,5,5,0.9,0.8
2022-11-20T05:00:00,3269A,121.3359,30.7456,上海市,金山新城,细颗粒物(PM2.5),79,69,47,58,35,71,12,14,13,24,34,4,5,0.9,0.8
2022-11-20T05:00:00,3270A,121.4996,31.0739,上海市,闵行浦江,细颗粒物(PM2.5),74,42,39,54,34,68,16,29,22,30,44,4,5,0.8,0.8
2022-11-20T05:00:00,3271A,121.2886,31.1663,上海市,青浦徐泾,细颗粒物(PM2.5),77,39,48,56,38,59,15,12,12,31,43,5,6,0.9,0.8
2022-11-20T05:00:00,3272A,121.2186,31.0378,上海市,松江图书馆,细颗粒物(PM2.5),82,39,38,60,33,64,11,16,13,42,58,7,7,0.8,0.8
2022-11-20T05:00:00,3273A,121.3902,31.2059,上海市,长宁仙霞,细颗粒物(PM2.5),73,58,53,53,37,50,19,18,18,28,45,4,4,0.9,1
2022-11-20T05:00:00,3274A,121.7965,31.0507,上海市,浦东惠南,细颗粒物(PM2.5),67,32,33,48,26,84,14,17,16,34,41,4,5,0.8,0.7
2022-11-20T05:00:00,3281A,115.9718,40.4529,北京市,延庆夏都,颗粒物(PM10),52,54,86,22,53,73,18,12,12,13,26,3,3,0.5,0.8
2022-11-20T05:00:00,3282A,113.3397,40.0597,大同市,大同市卫生学校,颗粒物(PM10),58,65,71,25,24,85,20,24,21,30,28,24,13,1.4,1
2022-11-20T05:00:00,3283A,109.9154,40.5685,包头市,滨河大厦,颗粒物(PM10),78,105,94,55,46,66,3,4,4,49,52,24,27,1.4,1.2
2022-11-20T05:00:00,3284A,106.813,39.7274,乌海市,海北新区,颗粒物(PM10),98,146,185,42,50,86,4,3,3,39,54,20,40,1.2,1.1
2022-11-20T05:00:00,3285A,113.1376,40.9509,乌兰察布市,北京八中,,41,41,67,14,22,84,9,21,16,34,21,34,32,0.4,0.4
2022-11-20T05:00:00,3286A,118.9359,42.3147,赤峰市,桥北物流园区,,22,22,41,7,21,80,29,24,24,19,27,10,11,0.5,0.6
2022-11-20T05:00:00,3287A,119.3842,32.1976,镇江市,富润路1号,,39,30,34,27,32,50,49,47,47,31,36,5,5,0.6,0.6
2022-11-20T05:00:00,3288A,117.4754,34.4422,徐州市,大泉街道,颗粒物(PM10),85,120,62,53,32,64,0,26,10,52,37,11,9,1.0,0.8
2022-11-20T05:00:00,3289A,120.743,31.3188,苏州市,方洲路,细颗粒物(PM2.5),60,53,47,43,37,18,18,15,15,20,37,5,6,0.8,0.8
2022-11-20T05:00:00,3290A,120.5031,31.2774,苏州市,木渎中学,,39,34,39,27,26,38,38,26,26,14,30,6,6,0.9,1
2022-11-20T05:00:00,3291A,121.067,32.062,南通市,通州监测站,细颗粒物(PM2.5),64,56,32,46,28,94,29,44,37,13,20,4,4,0.7,0.6
2022-11-20T05:00:00,3293A,120.1501,33.3367,盐城市,月亮广场,,21,10,14,5,5,98,67,74,70,10,11,6,6,0.3,0.4
2022-11-20T05:00:00,3294A,119.5653,32.4222,扬州市,引江管理处,,29,19,29,20,24,52,47,48,48,19,28,6,6,0.6,0.6
2022-11-20T05:00:00,3295A,120.1259,32.5099,泰州市,姜堰区政府广场,,25,25,28,15,22,86,29,31,30,18,22,10,9,0.8,0.7
2022-11-20T05:00:00,3298A,113.5717,23.5491,广州市,从化街口,,14,14,46,9,30,106,27,43,30,25,21,7,8,0.6,0.6
2022-11-20T05:00:00,3299A,113.3472,23.3692,广州市,白云竹料,,15,14,48,10,31,119,41,40,39,19,23,5,5,0.8,0.7
2022-11-20T05:00:00,3300A,113.2981,23.237,广州市,白云嘉禾,,23,23,63,10,31,130,20,22,21,42,40,7,7,0.8,0.8
2022-11-20T05:00:00,3301A,113.4256,23.1716,广州市,黄埔科学城,,14,14,46,9,29,113,36,27,26,17,25,6,6,0.7,0.6
2022-11-20T05:00:00,3302A,113.3942,23.0483,广州市,番禺大学城,,19,19,50,10,31,109,36,19,19,24,44,4,5,0.7,0.8
2022-11-20T05:00:00,3303A,113.4922,22.8168,广州市,南沙黄阁,颗粒物(PM10),52,53,64,21,35,184,23,30,27,43,46,13,7,0.9,0.8
2022-11-20T05:00:00,3304A,113.5342,22.7896,广州市,南沙街,,45,45,63,26,35,175,27,36,33,25,29,13,8,1.0,0.9
2022-11-20T05:00:00,3305A,114.0731,22.559,深圳市,莲花,,42,37,42,29,25,121,40,35,35,13,27,6,7,0.9,0.9
2022-11-20T05:00:00,3306A,114.0261,22.6198,深圳市,民治,,,,36,,17,6,,14,,,58,,4,,0.6
2022-11-20T05:00:00,3307A,114.1871,22.6451,深圳市,横岗,,35,35,50,23,27,134,44,44,44,17,43,7,8,1.0,0.9
2022-11-20T05:00:00,3308A,113.3494,22.0569,珠海市,金湾,,43,40,37,30,21,118,52,75,69,22,23,19,9,0.4,0.4
2022-11-20T05:00:00,3311A,113.1075,22.5647,江门市,江海富民,颗粒物(PM10),59,68,80,28,32,187,15,36,26,37,41,10,9,0.8,0.7
2022-11-20T05:00:00,3313A,112.4575,23.0166,肇庆市,高要湖西,,33,33,60,14,36,170,43,42,42,24,30,10,13,0.7,0.7
2022-11-20T05:00:00,3314A,114.4338,22.8134,惠州市,惠阳秋长,,30,22,48,21,27,115,42,50,47,12,23,7,7,0.8,0.7
2022-11-20T05:00:00,3315A,116.1233,24.2991,梅州市,梅龙,,12,7,30,8,23,100,16,16,16,17,18,7,7,0.8,0.8
2022-11-20T05:00:00,3317A,111.9765,21.8947,阳江市,两阳中学,细颗粒物(PM2.5),65,71,54,47,28,141,16,24,22,73,34,11,9,0.7,0.6
2022-11-20T05:00:00,3318A,112.9903,23.7403,清远市,清新太和,,15,15,31,10,20,103,40,43,42,9,15,5,6,1.0,1
2022-11-20T05:00:00,3319A,113.7338,23.0381,东莞市,万江金泰,,18,18,40,10,24,137,44,57,47,16,26,9,8,0.9,0.8
2022-11-20T05:00:00,3320A,116.403,23.5699,揭阳市,曲溪,,42,42,61,29,33,179,28,58,46,31,23,12,15,0.5,0.6
2022-11-20T05:00:00,3323A,115.2773,40.9724,张家口市,青少年活动中心,,25,25,53,6,21,88,32,39,37,13,13,8,4,0.2,0.3
2022-11-20T05:00:00,3324A,116.8136,38.3004,沧州市,河北水利电力学院,细颗粒物(PM2.5),97,94,209,72,172,67,2,3,2,48,66,6,8,1.0,1.1
2022-11-20T05:00:00,3325A,117.0365,39.3828,天津市,雍阳西道,细颗粒物(PM2.5),168,227,198,127,129,101,3,6,4,80,56,8,7,1.3,1.1
2022-11-20T05:00:00,3326A,117.0296,39.0605,天津市,辛老路,细颗粒物(PM2.5),155,190,209,118,145,93,0,0,0,68,54,8,9,1.4,1.2
2022-11-20T05:00:00,3327A,116.9638,38.9375,天津市,地纬路,细颗粒物(PM2.5),85,113,208,63,154,83,0,1,1,58,61,8,10,1.3,1.3
2022-11-20T05:00:00,3328A,118.4209,31.3707,芜湖市,市气象局,,43,43,44,24,30,30,13,22,18,28,24,7,7,0.5,0.6
2022-11-20T05:00:00,3329A,117.0108,32.5893,淮南市,山南新区,细颗粒物(PM2.5),69,66,64,50,51,40,10,33,26,29,24,5,3,0.5,0.4
2022-11-20T05:00:00,3330A,116.8873,33.9836,淮北市,杜集区检察院,细颗粒物(PM2.5),80,67,60,59,46,56,8,20,16,32,25,4,4,0.6,0.6
2022-11-20T05:00:00,3331A,118.3267,32.2634,滁州市,图书馆,细颗粒物(PM2.5),84,78,52,62,35,64,32,38,36,20,20,7,7,0.5,0.5
2022-11-20T05:00:00,3332A,115.7633,33.8034,亳州市,亳州学院,细颗粒物(PM2.5),68,58,52,49,45,49,19,22,21,9,16,1,2,0.5,0.5
2022-11-20T05:00:00,3333A,117.5627,30.695,池州市,第八中学,,29,26,21,20,15,44,20,15,15,20,24,2,5,0.5,0.6
2022-11-20T05:00:00,3334A,117.5038,30.6243,池州市,第十二中学,,28,26,19,19,14,41,11,19,17,32,27,4,4,0.4,0.5
2022-11-20T05:00:00,3335A,113.3137,35.2641,焦作市,马村街道办(新增191226),细颗粒物(PM2.5),94,98,112,70,80,52,23,35,25,13,22,4,3,0.8,1.1
2022-11-20T05:00:00,3336A,113.2465,35.2373,焦作市,焦作技师学院(新增200110),细颗粒物(PM2.5),94,96,116,70,85,48,30,29,29,7,17,2,4,1.0,1.1
2022-11-20T05:00:00,3337A,113.8614,34.0442,许昌市,许昌学院,颗粒物(PM10),59,67,62,18,31,83,3,26,8,36,25,6,7,0.7,0.9
2022-11-20T05:00:00,3338A,113.843,34.0823,许昌市,芙蓉广场,,35,22,52,24,38,88,2,6,4,38,31,6,6,0.8,1
2022-11-20T05:00:00,3339A,114.0012,33.0412,驻马店市,小管楼,,43,42,62,30,50,104,2,37,29,53,34,7,7,0.8,0.7
2022-11-20T05:00:00,3340A,112.6005,34.6326,洛阳市,伊滨,细颗粒物(PM2.5),166,164,127,126,98,101,9,7,7,28,29,6,7,0.9,0.7
2022-11-20T05:00:00,3341A,112.4951,34.6332,洛阳市,中移产业园,细颗粒物(PM2.5),166,134,112,126,98,99,17,13,13,30,33,5,6,0.7,0.6
2022-11-20T05:00:00,3342A,128.4741,47.4346,伊春市,中心小学,,30,30,41,16,24,53,33,48,39,7,13,4,6,0.4,0.5
2022-11-20T05:00:00,3343A,128.6871,47.7369,伊春市,检察院,,28,28,38,19,23,55,37,50,42,5,12,4,4,0.3,0.5
2022-11-20T05:00:00,3344A,128.8431,47.8474,伊春市,双子河社区,,15,15,38,3,25,60,39,50,44,9,12,7,8,0.5,0.7
2022-11-20T05:00:00,3345A,131.0577,45.7879,七台河市,中波台,,20,14,29,8,22,62,62,60,59,15,23,12,13,0.3,0.5
2022-11-20T05:00:00,3346A,108.3872,31.1628,重庆市,安康,,49,39,35,34,34,44,8,8,8,14,14,9,8,0.6,0.6
2022-11-20T05:00:00,3347A,105.9017,29.3569,重庆市,北山路,细颗粒物(PM2.5),90,73,74,67,76,112,70,76,73,17,24,11,11,0.8,0.8
2022-11-20T05:00:00,3348A,105.839,30.1946,重庆市,春阳街,细颗粒物(PM2.5),75,63,56,55,44,94,18,44,35,11,14,12,14,0.6,0.7
2022-11-20T05:00:00,3349A,107.7983,30.6758,重庆市,人民东路,,50,48,55,35,44,67,31,28,27,9,14,6,6,0.7,0.8
2022-11-20T05:00:00,3350A,106.6479,29.0244,重庆市,滩子口,细颗粒物(PM2.5),79,73,74,58,60,107,8,10,9,30,28,25,23,0.8,0.8
2022-11-20T05:00:00,3351A,105.7167,29.7076,重庆市,棠香,颗粒物(PM10),71,91,56,51,32,106,40,18,18,17,21,10,7,0.7,0.7
2022-11-20T05:00:00,3352A,107.0732,29.8617,重庆市,桃源西路,颗粒物(PM10),53,56,75,26,50,110,18,27,21,13,22,8,9,0.6,0.8
2022-11-20T05:00:00,3353A,107.3535,29.7287,重庆市,迎宾大道,细颗粒物(PM2.5),74,70,66,54,58,109,32,49,38,11,16,5,8,0.5,0.6
2022-11-20T05:00:00,3354A,108.815,29.5081,重庆市,舟白,,48,43,49,33,40,94,18,18,18,14,22,5,7,0.6,0.6
2022-11-20T05:00:00,3355A,108.3679,30.8426,重庆市,周家坝,,45,43,40,31,38,35,10,10,10,21,20,4,7,0.6,0.6
2022-11-20T05:00:00,3356A,108.4319,30.7555,重庆市,百安坝,,42,29,26,29,27,38,25,25,24,16,20,11,11,0.5,0.4
2022-11-20T05:00:00,3357A,104.0106,30.6931,成都市,金博路,细颗粒物(PM2.5),97,84,83,72,56,102,0,0,0,63,43,2,5,1.0,1
2022-11-20T05:00:00,3358A,103.8458,30.6994,成都市,临江路,细颗粒物(PM2.5),89,107,83,66,56,97,1,2,1,66,44,2,3,0.8,0.9
2022-11-20T05:00:00,3359A,104.0578,30.5225,成都市,华阳,细颗粒物(PM2.5),64,48,56,46,46,104,17,32,28,46,29,1,2,0.7,0.7
2022-11-20T05:00:00,3360A,104.7894,29.3194,自贡市,南湖救助站,细颗粒物(PM2.5),70,55,81,51,62,118,49,42,42,18,39,17,15,0.4,0.6
2022-11-20T05:00:00,3361A,103.7311,29.5628,乐山市,理工大学,细颗粒物(PM2.5),83,85,88,61,61,114,31,33,29,26,30,22,8,0.6,0.7
2022-11-20T05:00:00,3362A,120.5014,36.4034,青岛市,即墨2号,,21,9,41,13,17,78,67,78,71,7,24,3,3,0.3,0.4
2022-11-20T05:00:00,3363A,117.9883,36.8372,淄博市,新区,细颗粒物(PM2.5),156,202,154,119,106,77,8,8,8,59,60,13,18,1.4,1.3
2022-11-20T05:00:00,3364A,117.3152,34.8103,枣庄市,市环保局,细颗粒物(PM2.5),100,105,55,75,40,76,8,14,13,49,38,10,9,0.9,0.8
2022-11-20T05:00:00,3365A,118.5719,37.565,东营市,垦利区民丰路,细颗粒物(PM2.5),58,61,149,41,107,115,17,44,30,37,50,11,18,0.9,1.1
2022-11-20T05:00:00,3366A,121.5206,37.4336,烟台市,中国农业大学,细颗粒物(PM2.5),119,156,67,90,28,101,32,22,22,46,38,10,8,0.8,0.5
2022-11-20T05:00:00,3368A,119.1977,36.6872,潍坊市,高新实验学校,细颗粒物(PM2.5),58,53,64,41,45,72,13,16,12,28,40,8,10,1.2,0.8
2022-11-20T05:00:00,3369A,118.3977,35.0278,临沂市,开发区幼儿园,,,,,,,,,,,,,,,,
2022-11-20T05:00:00,3370A,118.3564,35.0215,临沂市,十里堡居委,,28,19,20,19,22,71,46,48,48,22,27,4,4,0.8,0.8
2022-11-20T05:00:00,3371A,116.3728,37.4403,德州市,开发区人民医院,细颗粒物(PM2.5),153,140,186,117,150,115,7,9,8,63,69,4,7,0.8,0.9
2022-11-20T05:00:00,3372A,116.3572,37.4094,德州市,太阳城中学,细颗粒物(PM2.5),89,95,174,66,129,119,10,26,13,49,56,6,8,1.2,1.2
2022-11-20T05:00:00,3374A,115.5564,35.0891,菏泽市,定陶老年大学,细颗粒物(PM2.5),73,63,110,53,94,68,59,57,57,14,30,6,7,0.7,0.9
2022-11-20T05:00:00,3375A,102.8017,24.8336,昆明市,青年创业园,,26,26,32,12,19,112,11,8,8,36,32,17,9,0.5,0.5
2022-11-20T05:00:00,3376A,103.7947,25.462,曲靖市,南苑二区,,39,30,50,27,30,137,36,42,41,8,7,11,14,0.5,0.7
2022-11-20T05:00:00,3377A,103.7444,25.5261,曲靖市,曲靖师范学院,细颗粒物(PM2.5),77,71,57,56,40,119,12,18,16,56,30,31,48,0.9,0.6
2022-11-20T05:00:00,3378A,122.371,40.6771,营口市,老边实验中学,,48,48,84,22,62,97,39,36,36,18,35,13,12,1.3,1.3
2022-11-20T05:00:00,3379A,122.1139,40.2278,营口市,鲅鱼圈市民活动中心,细颗粒物(PM2.5),79,86,91,58,58,85,27,62,55,42,23,17,9,1.3,0.5
2022-11-20T05:00:00,3380A,102.8914,34.9617,甘南州,甘肃民族师范学院,,19,19,29,4,13,88,6,5,5,32,30,9,9,0.5,0.5
2022-11-20T05:00:00,3396A,112.0828,32.0067,襄阳市,襄城隆中路,细颗粒物(PM2.5),75,84,100,55,67,118,27,68,46,27,26,10,12,0.6,0.7
2022-11-20T05:00:00,3397A,112.1214,32.1008,襄阳市,高新台子湾,颗粒物(PM10),85,119,106,61,63,121,7,59,31,52,33,11,11,0.8,0.8
2022-11-20T05:00:00,3398A,114.9136,30.4445,黄冈市,市林业局,,34,34,29,20,17,72,6,26,17,28,8,7,7,0.7,0.7
2022-11-20T05:00:00,3399A,112.6703,26.882,衡阳市,师范学院,,48,38,53,33,42,57,21,17,17,17,20,7,8,0.8,0.9
2022-11-20T05:00:00,3400A,109.1911,21.4415,北海市,龙潭自来水厂,,33,31,42,23,32,115,16,20,19,13,11,9,10,0.9,0.7
2022-11-20T05:00:00,3401A,108.4834,22.7618,南宁市,红星社区,,15,4,17,10,10,49,25,23,20,14,15,11,8,0.9,0.9
2022-11-20T05:00:00,3402A,109.5422,24.3996,柳州市,市二中,,25,18,13,17,9,26,17,18,18,10,10,7,4,0.8,0.8
2022-11-20T05:00:00,3403A,110.1764,25.2381,桂林市,创业大厦,,25,24,16,17,13,44,39,39,39,10,11,3,4,0.6,0.6
2022-11-20T05:00:00,3404A,108.5959,21.9633,钦州市,北职校,,14,14,32,6,19,91,30,30,30,13,15,9,10,0.8,0.8
2022-11-20T05:00:00,3405A,109.5886,23.1172,贵港市,新世纪学校,,23,22,23,16,14,32,24,23,23,13,16,9,10,1.2,1.3
2022-11-20T05:00:00,3406A,106.6085,23.8798,百色市,祈福高中,,40,40,33,18,19,23,2,4,2,24,20,14,10,1.0,0.9
2022-11-20T05:00:00,3407A,120.6916,30.7739,嘉兴市,秀洲住建,,45,40,36,31,28,22,11,17,13,32,41,4,4,0.8,0.7
2022-11-20T05:00:00,3408A,120.5683,29.9361,绍兴市,绍兴中专,,49,36,35,34,32,15,6,12,10,27,41,8,8,0.7,0.8
2022-11-20T05:00:00,3409A,120.4906,30.0861,绍兴市,柯桥区政府,,48,48,40,28,23,16,7,6,6,34,44,8,8,0.8,0.9
2022-11-20T05:00:00,3410A,120.8752,30.0249,绍兴市,重华小学,,50,50,46,32,24,17,5,6,6,24,35,7,8,0.8,1
2022-11-20T05:00:00,3411A,120.8369,30.0137,绍兴市,上虞中学,,49,49,48,24,24,9,3,4,2,31,40,7,7,0.9,0.9
2022-11-20T05:00:00,3413A,118.1953,28.4401,上饶市,广丰区教体局,细颗粒物(PM2.5),68,64,37,49,28,39,15,36,31,25,27,21,14,1.3,1.2
2022-11-20T05:00:00,3415A,114.4519,28.0828,宜春市,万载县环保局,细颗粒物(PM2.5),58,50,33,41,22,45,5,2,2,16,11,3,2,1.1,1
2022-11-20T05:00:00,3416A,119.1755,36.7149,潍坊市,潍坊学院,细颗粒物(PM2.5),55,53,67,39,41,87,20,26,23,33,41,3,5,1.4,0.8
2022-11-20T05:00:00,3417A,117.0709,40.1465,北京市,平谷新城,细颗粒物(PM2.5),110,131,145,83,96,67,2,4,3,18,36,3,3,0.8,0.9
2022-11-20T05:00:00,3418A,116.8336,40.4095,北京市,密云新城,细颗粒物(PM2.5),115,122,140,87,95,73,24,27,25,18,34,3,4,0.7,0.9
2022-11-20T05:00:00,3419A,109.9447,40.6261,包头市,包头市委党校,颗粒物(PM10),78,106,106,42,39,61,3,3,3,55,59,16,21,1.2,1.3
2022-11-20T05:00:00,3421A,113.1775,40.9779,乌兰察布市,市委党校,,47,47,60,15,20,89,21,25,23,27,22,34,19,0.4,0.4
2022-11-20T05:00:00,3422A,118.8436,31.9198,南京市,江宁彩虹桥,细颗粒物(PM2.5),52,21,29,36,30,39,18,26,23,25,29,3,4,0.7,0.7
2022-11-20T05:00:00,3423A,119.0138,31.6494,南京市,溧水永阳,,36,31,42,25,31,34,23,32,29,20,24,4,4,0.6,0.6
2022-11-20T05:00:00,3424A,118.879,31.3302,南京市,高淳老职中,,27,27,37,14,28,35,30,26,25,20,28,3,3,0.4,0.4
2022-11-20T05:00:00,3425A,120.624,31.1733,苏州市,越秀幼儿园,细颗粒物(PM2.5),52,44,43,36,35,30,30,22,22,14,36,6,6,0.9,0.9
2022-11-20T05:00:00,3426A,118.8755,33.2894,淮安市,新华书店,,30,30,37,16,26,55,17,28,21,23,22,6,10,0.6,0.5
2022-11-20T05:00:00,3427A,118.8554,32.3578,南京市,六合雄州,颗粒物(PM10),58,66,39,39,20,49,19,42,35,17,21,3,3,0.6,0.6
2022-11-20T05:00:00,3428A,120.3142,31.4753,无锡市,华庄,细颗粒物(PM2.5),55,47,49,39,32,34,34,24,24,9,24,8,8,0.8,0.8
2022-11-20T05:00:00,3429A,119.8598,31.7066,常州市,武进经发区,,46,37,39,32,33,47,43,37,37,13,32,4,4,0.6,0.8
2022-11-20T05:00:00,3430A,119.5826,31.7245,常州市,金坛城区,,45,41,38,31,28,34,24,34,29,20,30,6,5,0.6,0.7
2022-11-20T05:00:00,3431A,120.6505,31.416,苏州市,高铁新城,细颗粒物(PM2.5),59,56,48,42,31,18,18,13,13,21,39,6,6,0.9,0.8
2022-11-20T05:00:00,3432A,120.9348,31.9883,南通市,环境教育馆,,36,36,34,19,21,86,39,46,43,12,25,1,2,0.5,0.5
2022-11-20T05:00:00,3434A,119.2413,34.6539,连云港市,工贸学校,,23,11,13,8,9,83,72,78,66,10,15,4,4,0.3,0.3
2022-11-20T05:00:00,3435A,119.9192,32.4322,泰州市,周山河街区,,42,36,31,29,26,68,31,39,36,17,18,8,8,0.8,0.7
2022-11-20T05:00:00,3436A,120.4279,33.205,盐城市,大丰高级中学,,19,14,18,7,9,98,58,69,67,13,10,4,4,0.2,0.4
2022-11-20T05:00:00,3437A,88.3118,43.3658,乌鲁木齐市,达坂城区环保局,,,,40,9,25,90,65,52,52,6,16,2,2,0.2,0.4
2022-11-20T05:00:00,3438A,87.6162,43.8801,乌鲁木齐市,红光山片区,,46,46,55,32,33,52,52,37,37,24,30,2,3,0.7,0.7
2022-11-20T05:00:00,3439A,87.7024,43.8004,乌鲁木齐市,新师大温泉校区,,25,14,49,15,37,79,79,61,61,2,13,5,4,0.2,0.4
2022-11-20T05:00:00,3440A,87.4921,43.8411,乌鲁木齐市,大绿谷,,,,,,,,,,,,,,,,
2022-11-20T05:00:00,3441A,87.546,44.1912,五家渠市,经开区管委会,颗粒物(PM10),54,57,37,36,28,44,26,29,24,14,11,8,8,0.6,0.6
2022-11-20T05:00:00,3442A,86.047,44.2331,石河子市,南区管委会,细颗粒物(PM2.5),57,47,51,40,33,47,22,25,22,22,22,9,10,0.7,0.8
2022-11-20T05:00:00,3443A,113.2902,23.5544,广州市,花都梯面,,25,25,39,17,27,126,16,38,27,23,15,8,7,0.9,0.8
2022-11-20T05:00:00,3444A,116.454,23.2684,汕头市,潮南峡山,,28,28,33,16,17,150,45,73,58,12,13,8,9,0.6,0.7
2022-11-20T05:00:00,3445A,113.7858,23.7478,广州市,从化良口,,13,11,24,7,19,91,40,34,34,14,14,3,5,0.6,0.5
2022-11-20T05:00:00,3446A,113.8051,23.2614,广州市,增城荔城,,17,17,37,9,22,98,40,55,49,12,14,8,8,0.7,0.6
2022-11-20T05:00:00,3447A,114.3551,22.7151,深圳市,坪山,,44,44,58,22,27,116,29,27,27,25,32,7,7,0.9,0.8
2022-11-20T05:00:00,3448A,113.5433,22.1163,珠海市,横琴,,46,40,35,32,25,144,72,81,73,12,18,8,9,0.5,0.5
2022-11-20T05:00:00,3449A,113.05,22.4667,江门市,新会银湖,,48,48,62,26,32,200,14,24,20,38,39,7,6,1.0,0.9
2022-11-20T05:00:00,3450A,111.01,21.5165,茂名市,电白水东,细颗粒物(PM2.5),67,70,41,48,21,129,33,98,62,20,11,25,17,0.6,0.5
2022-11-20T05:00:00,3451A,112.5617,23.2083,肇庆市,鼎湖凤凰,,20,20,38,14,27,162,41,32,32,13,15,6,7,1.0,0.8
2022-11-20T05:00:00,3452A,114.6517,22.775,惠州市,大亚湾霞涌,,32,25,37,22,20,166,38,35,34,14,17,6,6,0.6,0.4
2022-11-20T05:00:00,3453A,112.0125,21.8749,阳江市,阳东陶然,细颗粒物(PM2.5),95,81,58,71,40,142,52,70,56,25,21,11,9,0.7,0.7
2022-11-20T05:00:00,3454A,113.3528,22.478,中山市,中山南区,颗粒物(PM10),54,58,52,36,29,194,21,44,24,39,30,13,12,0.7,0.6
2022-11-20T05:00:00,3455A,113.076,23.7198,清远市,清城东城,,17,10,30,9,24,118,52,43,43,9,17,6,7,1.0,0.9
2022-11-20T05:00:00,3456A,114.289,38.0906,石家庄市,鹿泉一中,细颗粒物(PM2.5),160,181,167,122,118,59,2,2,2,44,47,3,3,1.8,1.7
2022-11-20T05:00:00,3457A,118.4359,39.2762,唐山市,冀东油田职工医院,,43,29,100,30,76,72,3,3,3,54,53,5,6,1.1,1
2022-11-20T05:00:00,3458A,114.7895,36.5593,邯郸市,香泉濮院小区,细颗粒物(PM2.5),92,105,142,68,119,105,26,34,31,22,26,6,7,1.0,1.1
2022-11-20T05:00:00,3459A,115.5989,37.5491,衡水市,地表水厂,细颗粒物(PM2.5),55,43,146,39,139,86,11,5,5,34,65,10,13,0.7,1.6
2022-11-20T05:00:00,3460A,117.4067,40.0583,天津市,北环路,细颗粒物(PM2.5),143,160,159,109,101,76,23,28,23,25,36,6,8,0.9,1.1
2022-11-20T05:00:00,3461A,117.3045,39.7169,天津市,建设路,,,97,179,48,114,86,2,2,2,62,55,8,8,1.5,1.3
2022-11-20T05:00:00,3462A,117.8199,39.3521,天津市,滨水东路,颗粒物(PM10),68,85,139,27,96,77,1,1,1,66,66,9,12,1.3,1.1
2022-11-20T05:00:00,3463A,116.9708,33.591,宿州市,社会福利中心,细颗粒物(PM2.5),58,41,47,41,37,58,24,47,40,31,23,1,1,0.4,0.4
2022-11-20T05:00:00,3464A,117.3803,31.9147,合肥市,高教基地,,41,41,48,13,17,37,29,20,20,19,27,3,3,0.4,0.3
2022-11-20T05:00:00,3465A,118.4781,31.3225,芜湖市,清苑社区,,33,24,37,23,26,24,12,15,15,42,41,6,5,0.6,0.5
2022-11-20T05:00:00,3466A,118.2746,31.2326,芜湖市,扬子职业技术学院,,38,31,36,26,26,26,22,18,18,28,28,4,4,0.5,0.5
2022-11-20T05:00:00,3468A,115.7901,32.8613,阜阳市,市规划展馆,,28,22,33,19,24,54,0,49,24,37,28,4,5,0.6,0.6
2022-11-20T05:00:00,3469A,115.836,32.9183,阜阳市,枣园社区,,28,24,30,19,20,43,4,25,12,38,30,5,5,0.7,0.6
2022-11-20T05:00:00,3470A,118.7724,30.9141,宣城市,夏渡子站,,35,34,29,24,22,22,7,7,6,30,28,4,5,0.5,0.6
2022-11-20T05:00:00,3471A,113.616563,34.86783,郑州市,惠济区政府,,38,23,57,26,43,79,1,2,1,44,33,4,6,1.2,1.2
2022-11-20T05:00:00,3473A,114.2485,34.8306,开封市,技师学院,细颗粒物(PM2.5),104,54,70,78,81,53,50,51,51,14,20,6,5,0.7,0.9
2022-11-20T05:00:00,3474A,114.2617,35.6822,鹤壁市,大新区,细颗粒物(PM2.5),99,75,96,74,107,57,6,15,12,45,35,9,9,1.1,1.2
2022-11-20T05:00:00,3475A,113.9188,35.3045,新乡市,市政府,细颗粒物(PM2.5),124,89,77,94,78,51,29,10,10,22,28,6,6,0.7,0.8
2022-11-20T05:00:00,3476A,113.9135,35.3327,新乡市,河师大,细颗粒物(PM2.5),100,127,104,75,75,47,6,2,2,43,40,5,4,1.3,1.3
2022-11-20T05:00:00,3477A,113.1656,35.2539,焦作市,中站许衡医院(新增191226),细颗粒物(PM2.5),105,96,113,79,86,53,51,43,43,7,25,1,5,0.7,1.4
2022-11-20T05:00:00,3478A,113.9749,33.5664,漯河市,市图书馆,,39,39,66,18,54,100,6,14,10,41,38,8,8,0.8,1.1
2022-11-20T05:00:00,3479A,114.0967,33.5906,漯河市,召陵区卫健委,,44,44,82,15,56,83,6,13,11,33,34,3,4,0.7,1
2022-11-20T05:00:00,3480A,129.1368,47.6417,伊春市,美溪镇,,40,40,42,20,23,58,41,52,45,8,16,4,13,0.8,1.3
2022-11-20T05:00:00,3481A,125.141,46.634,大庆市,萨区政府监测点,,10,7,48,1,39,38,29,32,30,4,15,6,9,0.4,0.7
2022-11-20T05:00:00,3482A,107.7541,29.3277,重庆市,芙蓉中路,,49,49,42,26,27,81,5,12,8,24,25,12,10,0.4,0.4
2022-11-20T05:00:00,3483A,108.7661,29.5368,重庆市,西山,,38,32,39,26,36,85,5,13,9,23,22,6,7,0.4,0.5
2022-11-20T05:00:00,3484A,106.2628,29.32,重庆市,行政中心,颗粒物(PM10),55,59,87,38,64,110,22,28,27,26,33,4,8,1.1,1.2
2022-11-20T05:00:00,3485A,107.0944,29.1608,重庆市,高寺路,,38,38,50,24,35,99,13,22,18,18,26,4,7,0.6,0.6
2022-11-20T05:00:00,3486A,124.4036,43.1411,四平市,植物园,,24,24,42,6,25,70,21,40,33,22,30,3,8,0.3,0.4
2022-11-20T05:00:00,3487A,104.2394,30.5319,成都市,车城东七路,细颗粒物(PM2.5),75,77,59,55,44,115,11,78,28,66,29,4,3,0.7,0.6
2022-11-20T05:00:00,3488A,104.3853,30.7453,成都市,青白江技师分院,细颗粒物(PM2.5),59,58,56,42,49,117,16,67,39,47,27,3,4,0.7,0.8
2022-11-20T05:00:00,3489A,104.0789,30.4072,成都市,科学城,细颗粒物(PM2.5),67,63,59,48,44,105,7,42,13,53,32,2,4,0.5,0.5
2022-11-20T05:00:00,3490A,105.3617,28.7703,泸州市,纳溪区环保局,细颗粒物(PM2.5),115,100,97,87,80,119,4,5,4,27,34,6,8,0.8,0.8
2022-11-20T05:00:00,3491A,104.69,31.5322,绵阳市,西科大附属小学,颗粒物(PM10),53,56,48,33,27,72,4,11,8,43,39,5,6,1.1,1
2022-11-20T05:00:00,3492A,104.5648,31.5343,绵阳市,安州区旅游局,颗粒物(PM10),59,67,69,33,31,94,20,17,17,34,28,2,5,0.8,0.7
2022-11-20T05:00:00,3494A,117.1673,36.9782,济南市,济阳区政府,细颗粒物(PM2.5),170,171,182,129,137,84,5,17,10,66,56,12,11,0.9,0.9
2022-11-20T05:00:00,3495A,117.1171,36.63,济南市,锦屏中学,细颗粒物(PM2.5),110,115,115,83,90,89,24,30,27,26,35,3,5,0.9,0.9
2022-11-20T05:00:00,3496A,118.3604,35.1084,临沂市,南坊新区,,32,22,25,22,22,69,42,41,41,26,29,6,6,0.6,0.6
2022-11-20T05:00:00,3498A,118.5055,37.8612,东营市,河口城区,颗粒物(PM10),54,58,137,31,94,93,52,58,56,19,35,3,5,1.1,1.2
2022-11-20T05:00:00,3500A,116.5814,35.3707,济宁市,北湖一中,细颗粒物(PM2.5),97,73,62,72,61,68,2,20,15,51,38,9,9,0.9,0.8
2022-11-20T05:00:00,3501A,116.8249,35.5593,济宁市,服务中心,细颗粒物(PM2.5),119,109,73,90,56,82,35,19,19,25,30,12,10,1.4,1.4
2022-11-20T05:00:00,3502A,117.1812,36.2275,泰安市,国网新校,细颗粒物(PM2.5),70,59,46,51,38,79,19,32,29,17,19,4,5,0.9,0.8
2022-11-20T05:00:00,3503A,117.0313,36.2018,泰安市,交通技校,细颗粒物(PM2.5),129,105,65,98,54,80,2,4,3,41,36,5,6,1.0,0.8
2022-11-20T05:00:00,3504A,117.0829,36.13,泰安市,山东第一医科大学,颗粒物(PM10),78,105,82,55,45,63,0,0,0,58,52,3,3,1.0,0.7
2022-11-20T05:00:00,3505A,122.1379,37.3414,威海市,临港区管委会,,48,48,54,25,27,101,66,50,50,22,32,4,4,0.3,0.4
2022-11-20T05:00:00,3507A,119.5328,35.4625,日照市,职业技术学院,,45,44,35,31,24,74,41,45,40,22,25,5,5,0.5,0.4
2022-11-20T05:00:00,3511A,116.5652,37.3319,德州市,陵城艺术中心,细颗粒物(PM2.5),114,114,158,86,119,96,3,29,13,56,54,5,7,0.8,0.8
2022-11-20T05:00:00,3512A,116.049,36.4674,聊城市,华润纺织,,,,162,,127,49,,42,,,39,,47,,0.9
2022-11-20T05:00:00,3513A,116.0445,36.4361,聊城市,九州社区,细颗粒物(PM2.5),89,85,154,66,120,80,44,28,28,20,34,3,8,0.4,0.7
2022-11-20T05:00:00,3514A,117.9378,37.3956,滨州市,中海酒店,细颗粒物(PM2.5),77,91,184,56,131,87,11,23,15,47,60,8,17,2.0,1.2
2022-11-20T05:00:00,3515A,117.9378,37.3553,滨州市,开发区一中,,,80,189,,135,87,10,24,16,39,53,6,14,1.8,1.2
2022-11-20T05:00:00,3516A,118.0917,37.694,滨州市,金海六路,细颗粒物(PM2.5),64,73,165,46,124,85,10,13,12,34,48,1,14,1.2,1.1
2022-11-20T05:00:00,3520A,106.3495,38.9836,石嘴山市,妇女儿童医院,颗粒物(PM10),59,68,88,28,35,71,0,2,0,64,47,18,21,0.5,0.7
2022-11-20T05:00:00,3521A,106.7492,39.2069,石嘴山市,石大公路,颗粒物(PM10),75,99,146,46,57,77,5,7,6,58,48,26,31,0.9,0.8
2022-11-20T05:00:00,3522A,106.2177,35.9959,固原市,原州区十五小,颗粒物(PM10),53,56,103,20,29,66,41,46,41,18,28,1,2,0.8,0.9
2022-11-20T05:00:00,3523A,106.5105,38.3856,银川市,滨河新区,颗粒物(PM10),71,91,95,35,35,77,0,0,0,55,44,20,19,0.6,0.5
2022-11-20T05:00:00,3524A,108.6116,34.1164,西安市,文体局,细颗粒物(PM2.5),107,109,111,80,66,78,8,20,14,47,45,8,10,0.7,0.9
2022-11-20T05:00:00,3525A,108.6396,34.4078,咸阳市,奥体中心,细颗粒物(PM2.5),125,167,149,95,84,67,1,2,1,43,50,4,6,1.0,0.9
2022-11-20T05:00:00,3526A,119.5189,25.9664,福州市,吴航,,39,39,32,25,19,94,51,50,50,11,15,4,4,0.5,0.5
2022-11-20T05:00:00,3527A,118.0958,24.5688,厦门市,集美中学,颗粒物(PM10),56,61,44,29,17,182,20,43,30,45,35,5,4,0.6,0.5
2022-11-20T05:00:00,3528A,118.1493,24.7245,厦门市,同安二实小,颗粒物(PM10),52,54,46,25,18,198,30,45,38,27,25,5,6,0.7,0.6
2022-11-20T05:00:00,3529A,118.6333,24.9264,泉州市,城华南路,,44,44,40,24,19,133,29,57,41,24,18,10,9,0.7,0.6
2022-11-20T05:00:00,3530A,117.6296,24.5314,漳州市,西洋坪路,,43,43,40,21,23,160,10,27,15,39,27,5,8,0.4,0.4
2022-11-20T05:00:00,3531A,110.296,25.1253,桂林市,旅游学院,,20,9,13,14,13,41,20,28,25,18,19,2,4,0.8,0.8
2022-11-20T05:00:00,3532A,110.1945,22.6831,玉林市,玉林师范学院东校区,,29,28,42,20,34,83,13,21,17,19,16,4,4,0.8,0.8
2022-11-20T05:00:00,3533A,110.0527,22.5893,玉林市,福绵环保局,,43,43,51,29,35,87,10,13,11,25,21,12,8,1.0,0.9
2022-11-20T05:00:00,3534A,111.4744,24.4553,贺州市,西湾,,35,24,24,24,14,46,25,32,29,13,14,6,6,0.9,0.9
2022-11-20T05:00:00,3535A,109.1781,23.7297,来宾市,兴宾区政府,,14,14,10,5,7,31,24,23,23,9,7,4,3,0.7,0.9
2022-11-20T05:00:00,3536A,106.8547,27.5919,遵义市,第十二小学,,46,41,53,32,38,70,37,42,41,15,18,3,8,0.5,0.6
2022-11-20T05:00:00,3537A,105.3631,27.3533,毕节市,长征村,细颗粒物(PM2.5),83,84,62,61,53,123,23,44,34,25,16,9,10,0.5,0.4
2022-11-20T05:00:00,3538A,107.5175,26.2978,黔南布依族苗族自治州,沙坝,,24,24,18,9,10,65,44,52,48,5,7,3,4,0.6,0.6
2022-11-20T05:00:00,3539A,110.5111,19.9736,海口市,桂林洋子站,,23,19,22,8,10,104,72,93,80,3,4,4,4,0.5,0.5
2022-11-20T05:00:00,3540A,109.7348,18.3443,三亚市,君悦子站,,16,11,23,8,10,71,50,60,58,6,5,3,3,0.3,0.3
2022-11-20T05:00:00,3541A,109.5726,19.5167,儋州市,第一中学子站,,30,30,25,9,10,70,55,69,62,10,11,4,4,0.5,0.5
2022-11-20T05:00:00,3542A,109.5567,19.5187,儋州市,东坡学校子站,,31,31,26,11,11,79,69,75,73,4,8,4,4,0.5,0.5
2022-11-20T05:00:00,3544A,121.4891,30.925,上海市,奉贤南桥新城,细颗粒物(PM2.5),94,98,56,70,37,83,7,10,9,35,45,6,6,1.1,0.9
2022-11-20T05:00:00,3545A,110.8054,32.8401,十堰市,郧阳区金沙路,细颗粒物(PM2.5),62,43,52,44,41,88,28,44,35,13,17,4,6,0.7,0.8
2022-11-20T05:00:00,3546A,111.4606,30.552,宜昌市,猇亭区张家湾站,细颗粒物(PM2.5),79,73,84,58,65,115,34,62,45,27,26,16,11,0.7,0.7
2022-11-20T05:00:00,3547A,112.1632,31.0138,荆门市,龙泉中学南校,颗粒物(PM10),61,72,63,33,46,137,42,65,56,21,26,8,10,0.9,0.8
2022-11-20T05:00:00,3548A,112.1655,30.3364,荆州市,学苑路,细颗粒物(PM2.5),92,88,67,68,56,113,35,46,37,30,30,7,7,0.7,0.7
2022-11-20T05:00:00,3549A,109.5061,30.3772,恩施土家族苗族自治州,龙凤新区,,47,47,57,28,30,44,6,10,8,5,11,7,7,0.9,0.9
2022-11-20T05:00:00,3550A,102.7997,24.9786,昆明市,昆明学院,颗粒物(PM10),63,75,65,33,29,101,3,4,3,43,39,7,8,0.4,0.5
2022-11-20T05:00:00,3551A,102.5967,24.6736,昆明市,晋宁区生态环境分局,,25,21,34,17,22,97,33,40,36,20,22,2,5,0.4,0.6
2022-11-20T05:00:00,3552A,102.6678,24.9856,昆明市,云天化总部,颗粒物(PM10),52,53,41,23,20,105,3,3,3,57,44,10,11,0.5,0.5
2022-11-20T05:00:00,3557A,119.9464,30.0494,杭州市,镇二中,,25,25,27,15,20,17,13,12,12,32,46,6,7,0.6,0.7
2022-11-20T05:00:00,3558A,119.7183,30.2367,杭州市,市府大楼,,19,18,23,13,16,31,23,28,24,14,24,6,7,0.7,0.7
2022-11-20T05:00:00,3560A,120.4722,30.0415,绍兴市,柯桥妇保,,45,38,36,31,28,10,1,4,3,28,40,4,4,0.9,0.9
2022-11-20T05:00:00,3561A,120.6985,27.9251,温州市,茶山,,42,29,44,29,30,29,10,19,17,25,41,3,3,0.4,0.4
2022-11-20T05:00:00,3562A,120.4148,30.8538,湖州市,南浔区站,细颗粒物(PM2.5),70,52,57,51,41,15,5,12,6,27,34,5,5,0.8,0.8
2022-11-20T05:00:00,3564A,121.2568,28.6681,台州市,台州科技职业学院,,25,25,33,15,20,35,10,33,26,30,37,6,7,0.5,0.6
2022-11-20T05:00:00,3565A,113.1367,40.1122,大同市,云冈站,颗粒物(PM10),74,98,80,43,29,89,4,4,4,38,30,41,29,1.4,1
2022-11-20T05:00:00,3566A,113.1186,40.2556,大同市,图书馆,颗粒物(PM10),62,74,81,34,31,84,4,10,6,22,24,5,12,1.1,1
2022-11-20T05:00:00,3567A,113.5931,40.0461,大同市,区一中,颗粒物(PM10),62,73,96,22,30,80,50,52,51,13,22,14,27,0.4,0.5
2022-11-20T05:00:00,3568A,113.06,36.0464,长治市,向阳小学,颗粒物(PM10),65,79,101,40,70,90,68,51,51,17,32,10,11,1.0,1
2022-11-20T05:00:00,3569A,112.8792,36.3144,长治市,屯留一中,,43,29,88,30,70,83,5,5,5,35,38,12,16,1.1,1.3
2022-11-20T05:00:00,3570A,113.235,36.3489,长治市,潞城四中,细颗粒物(PM2.5),104,123,112,78,75,80,4,5,5,53,50,34,17,2.4,1.6
2022-11-20T05:00:00,3571A,112.2931,39.53,朔州市,一水厂,颗粒物(PM10),72,94,82,20,25,93,4,6,5,47,30,11,12,0.8,0.9
2022-11-20T05:00:00,3572A,114.6419615,37.9001925,石家庄市,栾城区政府,细颗粒物(PM2.5),138,164,177,105,151,93,3,4,3,53,45,6,7,1.7,1.6
2022-11-20T05:00:00,3573A,114.8506765,38.0322033,石家庄市,藁城区实验学校,细颗粒物(PM2.5),85,106,161,63,126,86,0,0,0,49,45,5,7,1.5,1.3
2022-11-20T05:00:00,3574A,114.0504658,38.0591645,石家庄市,井陉矿区区委大楼,细颗粒物(PM2.5),122,104,111,92,91,68,2,1,1,47,58,12,10,1.1,1.1
2022-11-20T05:00:00,3575A,118.09279,39.58089,唐山市,正泰大街热力站,细颗粒物(PM2.5),53,38,109,37,88,77,1,1,1,52,52,5,8,1.2,1.4
2022-11-20T05:00:00,3576A,118.1562,39.8322,唐山市,丰润区政府,细颗粒物(PM2.5),110,128,161,83,110,81,1,1,1,31,50,3,7,1.6,1.4
2022-11-20T05:00:00,3577A,118.43673,39.73809,唐山市,金山小学,细颗粒物(PM2.5),83,84,148,61,93,85,0,1,0,51,59,3,7,1.6,1.3
2022-11-20T05:00:00,3578A,118.24498,39.66941,唐山市,政府服务中心,细颗粒物(PM2.5),80,92,149,59,106,83,0,0,0,58,49,5,9,2.1,1.4
2022-11-20T05:00:00,3579A,114.50634,36.77178,邯郸市,永年区实验高中,细颗粒物(PM2.5),95,126,154,71,127,81,16,21,13,30,35,3,6,0.8,1.4
2022-11-20T05:00:00,3580A,114.20016,36.44293,邯郸市,峰峰矿区临水派出所,,43,40,119,30,85,77,2,1,1,31,31,6,7,2.4,2.2
2022-11-20T05:00:00,3581A,115.31981,38.95208,保定市,满城区生态环境分局,细颗粒物(PM2.5),215,239,224,165,168,74,4,4,4,56,50,14,13,1.3,1.5
2022-11-20T05:00:00,3582A,115.47694,38.76408,保定市,清苑区第二中学,细颗粒物(PM2.5),219,256,211,169,164,68,5,5,5,59,50,11,11,1.5,1.3
2022-11-20T05:00:00,3583A,115.62909,39.02311,保定市,徐水物探局,细颗粒物(PM2.5),160,192,182,122,146,87,3,3,3,45,45,12,11,1.4,1.5
2022-11-20T05:00:00,3590A,113.8374,34.5589,郑州市,北区建设指挥部,,35,35,59,23,36,80,31,32,31,26,30,7,7,1.2,1.3
2022-11-20T05:00:00,3591A,113.30952,34.803229,郑州市,上街区政府,细颗粒物(PM2.5),72,59,76,52,59,104,12,4,4,33,30,4,8,1.2,1.1
2022-11-20T05:00:00,3592A,114.4644,34.7556,开封市,祥符区生态环境局,细颗粒物(PM2.5),88,97,95,65,72,45,7,4,4,43,40,4,3,0.7,0.8
2022-11-20T05:00:00,3593A,112.5736,34.8993,洛阳市,吉利监测站,细颗粒物(PM2.5),138,112,80,105,77,97,10,19,16,26,24,4,4,0.8,0.7
2022-11-20T05:00:00,3594A,112.8867,33.9116,平顶山市,石龙区,,,,,,,104,0,8,2,48,44,3,6,1.1,0.9
2022-11-20T05:00:00,3596A,114.1572,35.9603,鹤壁市,南山宾馆,细颗粒物(PM2.5),75,96,93,55,83,65,17,10,10,33,34,11,5,0.9,1.3
2022-11-20T05:00:00,3597A,113.8134,34.1251,许昌市,建安区兴业大厦,,49,49,50,28,30,89,4,14,11,34,26,4,4,0.8,0.9
2022-11-20T05:00:00,3598A,111.1,34.7167,三门峡市,富达温泉假日酒店,细颗粒物(PM2.5),135,120,123,103,87,90,39,40,39,23,32,10,13,1.1,1.1
2022-11-20T05:00:00,3599A,106.2649,29.9851,重庆市,书院路,细颗粒物(PM2.5),100,95,93,75,82,113,18,25,22,22,23,8,9,0.6,0.6
2022-11-20T05:00:00,3600A,106.2339,29.5559,重庆市,虎峰,细颗粒物(PM2.5),70,61,88,51,76,116,60,72,67,14,21,10,12,0.6,0.7
2022-11-20T05:00:00,3601A,106.0499,29.8342,重庆市,龙门街,细颗粒物(PM2.5),99,87,72,74,64,109,19,34,24,25,28,10,10,0.6,0.6
2022-11-20T05:00:00,3604A,119.3266,35.1044,日照市,岚山环保分局,,49,39,38,34,27,86,26,28,21,41,45,11,14,2.3,2.1
2022-11-20T05:00:00,3605A,109.09,34.5236,西安市,无线电监控中心,细颗粒物(PM2.5),99,126,149,74,93,80,3,3,3,49,51,10,11,0.7,0.8
2022-11-20T05:00:00,3610A,105.5933,29.4105,重庆市,昌元,细颗粒物(PM2.5),97,94,75,72,53,123,31,34,33,26,30,13,10,0.7,0.8
2022-11-20T05:00:00,3612A,85.1045,45.6899,克拉玛依市,白碱滩区新站,,33,33,22,9,7,46,16,13,9,18,12,5,6,0.3,0.2
2022-11-20T05:00:00,3613A,87.3095,44.0142,昌吉州,亚心广场,细颗粒物(PM2.5),64,53,42,46,32,47,18,37,25,27,19,8,10,0.9,0.7
2022-11-20T05:00:00,3614A,79.924,37.0877,和田地区,地区环保局,颗粒物(PM10),106,161,206,36,44,91,59,64,61,11,16,5,8,1.3,1.4
2022-11-20T05:00:00,3615A,79.9131,37.113,和田地区,市环保局,颗粒物(PM10),81,112,159,34,40,83,40,43,38,27,21,10,11,1.4,1.3
2022-11-20T05:00:00,3616A,106.7616,31.8344,巴中市,市中心医院,,49,49,47,22,31,63,2,2,2,15,20,4,5,0.6,0.6
2022-11-20T05:00:00,3617A,105.8047,32.4166,广元市,经开区,,46,35,44,32,30,65,15,51,27,26,21,6,8,0.6,0.6
2022-11-20T05:00:00,3618A,112.4701,37.782,太原市,金胜,颗粒物(PM10),93,135,156,67,92,67,2,4,3,61,62,7,7,1.1,0.9
2022-11-20T05:00:00,3619A,113.617,37.8571,阳泉市,龙柱,颗粒物(PM10),91,131,124,51,63,87,6,7,6,49,54,22,15,1.3,1.1
2022-11-20T05:00:00,3620A,112.8271,35.4828,晋城市,泽州一中,细颗粒物(PM2.5),119,98,93,90,74,97,34,72,53,43,34,4,5,0.9,0.9
2022-11-20T05:00:00,3621A,106.8288,39.6778,乌海市,聚英学校,颗粒物(PM10),103,156,188,51,59,77,8,7,7,39,57,23,46,0.6,1.2
2022-11-20T05:00:00,3622A,113.5556,24.8082,韶关市,碧湖山庄,,25,25,22,17,11,36,18,24,21,10,10,16,9,0.8,0.8
2022-11-20T05:00:00,3623A,113.8953,22.5861,深圳市,西乡,颗粒物(PM10),53,56,82,30,37,212,24,18,18,35,53,7,7,0.7,0.7
2022-11-20T05:00:00,3624A,116.4069,23.2533,汕头市,潮南子站,,30,25,41,21,23,150,58,79,64,12,16,8,10,0.6,0.8
2022-11-20T05:00:00,3625A,113.2544,22.7642,佛山市,容桂街道办,,46,46,50,27,30,147,9,36,17,41,38,5,6,1.1,1
2022-11-20T05:00:00,3626A,113.7533,23.0202,东莞市,南城元岭,,23,23,44,13,26,152,46,57,50,18,27,11,11,0.9,0.8
2022-11-20T05:00:00,3627A,113.7875,23.0457,东莞市,东城主山,,25,25,45,15,26,144,38,56,47,25,31,8,8,0.8,0.8
2022-11-20T05:00:00,3628A,112.0336,22.9374,云浮市,文笔,,42,42,75,23,40,137,50,26,26,18,31,13,15,0.7,0.9
2022-11-20T05:00:00,3629A,101.8305,36.5786,西宁市,世纪职校,颗粒物(PM10),52,54,67,19,26,92,15,27,20,36,31,9,14,1.3,1.2
2022-11-20T05:00:00,3630A,101.7413,36.6397,西宁市,师大城西校区,细颗粒物(PM2.5),63,61,76,45,38,99,7,6,6,37,36,20,16,1.7,1.4
2022-11-20T05:00:00,3631A,114.6063,38.0266,石家庄市,高新区,,,,,,,,,,,,,,,,
2022-11-20T05:00:00,3633A,118.4918,31.6809,马鞍山市,雨山,,38,21,30,26,28,34,17,27,23,22,22,14,12,1.0,1
2022-11-20T05:00:00,3634A,116.9884,33.6305,宿州市,宿州学院,细颗粒物(PM2.5),60,53,58,43,38,50,43,39,39,19,24,1,2,0.5,0.4
2022-11-20T05:00:00,3635A,112.3677,34.662,洛阳市,河科大西苑校区,细颗粒物(PM2.5),158,148,114,120,87,102,35,32,32,25,32,5,7,1.2,1.1
2022-11-20T05:00:00,3636A,112.4388,34.6781,洛阳市,英才小学,细颗粒物(PM2.5),155,146,130,118,95,96,20,25,24,30,36,6,7,1.0,0.9
2022-11-20T05:00:00,3637A,131.0176,45.7761,七台河市,人民广场,,20,15,34,11,24,62,61,59,58,3,14,8,9,0.4,0.5
2022-11-20T05:00:00,3638A,104.7636,29.3338,自贡市,轻化工大学,细颗粒物(PM2.5),79,75,91,58,59,118,49,41,41,18,35,8,6,0.5,0.6
2022-11-20T05:00:00,3639A,104.4019,31.1244,德阳市,市教育局,细颗粒物(PM2.5),70,72,73,51,47,100,55,35,35,18,42,7,6,0.7,0.8
2022-11-20T05:00:00,3642A,120.3503,36.0736,青岛市,市北区南部,,45,45,47,31,30,95,20,12,12,48,64,5,5,0.9,0.9
2022-11-20T05:00:00,3643A,120.3948,36.1805,青岛市,李沧区北部,,45,44,56,31,38,84,23,32,25,36,67,6,8,0.7,0.8
2022-11-20T05:00:00,3644A,117.8661,36.805,淄博市,三金集团,细颗粒物(PM2.5),199,227,180,149,114,80,2,2,2,57,55,11,15,1.5,1.3
2022-11-20T05:00:00,3645A,118.0253,36.8406,淄博市,东风化工厂,细颗粒物(PM2.5),220,227,159,170,124,72,0,0,0,69,63,30,20,1.5,1.3
2022-11-20T05:00:00,3646A,118.4978,37.4623,东营市,胜利站,细颗粒物(PM2.5),64,46,129,46,124,110,17,24,20,31,49,6,22,1.3,1.3
2022-11-20T05:00:00,3647A,115.4702,35.2706,菏泽市,菏泽医专,细颗粒物(PM2.5),94,81,136,70,122,70,66,66,66,14,31,2,6,0.5,0.7
2022-11-20T05:00:00,3648A,106.2112,37.9768,吴忠市,文卫南街,颗粒物(PM10),99,148,106,49,36,75,6,8,7,33,31,9,11,0.9,0.9
2022-11-20T05:00:00,3650A,105.1698,37.5162,中卫市,沙坡头区政府站,颗粒物(PM10),101,151,135,54,51,80,2,2,2,49,44,20,9,0.6,0.7
2022-11-20T05:00:00,3651A,108.9543,34.8732,铜川市,旺旺集团,颗粒物(PM10),70,89,123,49,48,89,40,40,37,32,40,8,10,0.4,0.5
2022-11-20T05:00:00,3652A,109.4809,36.5786,延安市,西北局旧址,颗粒物(PM10),64,78,100,32,38,81,2,2,2,37,44,7,8,0.7,0.7
2022-11-20T05:00:00,3653A,111.3119,30.7273,宜昌市,云深路,细颗粒物(PM2.5),52,52,81,36,49,110,27,35,33,21,31,6,7,0.6,0.7
2022-11-20T05:00:00,3654A,114.8094,30.4089,鄂州市,精准医疗中心,颗粒物(PM10),55,59,42,29,21,74,2,25,16,57,29,5,4,0.8,0.7
2022-11-20T05:00:00,3655A,114.3375,29.8683,咸宁市,长江产业园,,39,39,43,18,34,61,1,7,2,20,25,7,8,0.6,0.7
2022-11-20T05:00:00,3656A,120.1556,30.2864,杭州市,消防大队,,39,36,30,27,20,19,6,10,8,35,43,5,5,0.7,0.8
2022-11-20T05:00:00,3658A,120.6153,30.0764,绍兴市,袍江中学,,40,37,31,28,24,14,10,10,10,28,42,5,5,0.8,0.9
2022-11-20T05:00:00,3659A,119.656,29.1131,金华市,气象局,,35,30,34,24,21,16,2,2,2,31,38,8,6,1.4,1.2
2022-11-20T05:00:00,3661A,112.5667,37.8875,太原市,坝陵桥,,,,,,,,,,,,,,,,
2022-11-20T05:00:00,3662A,123.6333,47.2075,齐齐哈尔市,富区青少年活动中心,颗粒物(PM10),55,60,51,17,17,46,28,36,33,14,10,59,21,2.0,0.9
2022-11-20T05:00:00,3663A,124.1164,50.4278,大兴安岭地区,红旗社区,细颗粒物(PM2.5),59,48,53,42,40,39,26,28,22,13,21,6,12,0.5,0.6
2022-11-20T05:00:00,3664A,119.4172,34.7341,连云港市,连云街道,,24,10,12,8,8,101,75,69,62,10,18,3,4,0.3,0.3
2022-11-20T05:00:00,3665A,76.1658,39.7157,克孜勒苏柯尔克孜自治州,克州文化中心,颗粒物(PM10),85,119,112,9,19,88,70,61,61,9,14,10,11,0.4,0.6
2022-11-20T05:00:00,3667A,111.0283,35.0547,运城市,水利职院,细颗粒物(PM2.5),119,128,163,90,104,104,32,61,39,30,36,17,13,1.6,1.2
2022-11-20T05:00:00,3668A,111.5036,36.0414,临汾市,城南,细颗粒物(PM2.5),135,153,174,103,129,93,4,4,4,32,46,3,5,1.4,1.7
2022-11-20T05:00:00,3669A,114.4705,36.0637,安阳市,左辅环卫站,,31,31,119,11,118,71,18,35,25,28,27,4,6,0.7,1.1
2022-11-20T05:00:00,3670A,111.0522,35.0439,运城市,禹都公园,细颗粒物(PM2.5),107,126,152,80,110,99,30,70,47,29,31,12,13,1.3,1.1
2022-11-20T05:00:00,3671A,116.088,39.9726,北京市,门头沟三家店,细颗粒物(PM2.5),90,96,156,67,114,62,21,13,13,26,45,3,3,0.5,0.9
2022-11-20T05:00:00,3672A,116.1541,39.8204,北京市,丰台云岗,细颗粒物(PM2.5),134,142,166,102,119,68,11,10,10,36,45,3,2,0.7,0.9
2022-11-20T05:00:00,3673A,116.6804,39.9081,北京市,通州东关,细颗粒物(PM2.5),202,212,186,152,123,69,1,1,1,55,54,1,3,1.2,1
2022-11-20T05:00:00,3674A,115.9577,39.7603,北京市,房山燕山,细颗粒物(PM2.5),125,116,146,95,112,134,30,32,31,14,31,3,2,0.7,0.8
2022-11-20T05:00:00,3675A,116.4672,39.7733,北京市,大兴旧宫,,,184,163,105,107,78,2,3,2,62,46,2,2,1.6,1
2022-11-20T05:00:00,3676A,113.2802,40.0995,大同市,第二人民医院,颗粒物(PM10),66,82,82,36,31,87,5,7,6,39,31,20,15,1.7,1.1
2022-11-20T05:00:00,3677A,98.5881,24.4368,德宏州,芒市人民政府综合楼,,24,24,33,14,19,109,31,41,36,11,15,9,13,0.4,0.5
2022-11-20T05:00:00,3678A,116.5907,35.4054,济宁市,市第七中学,细颗粒物(PM2.5),92,56,57,68,59,69,15,37,27,50,34,7,8,0.7,0.7
2022-11-20T05:00:00,3682A,116.9814,36.6819,济南市,济南四建,细颗粒物(PM2.5),158,141,153,120,118,88,6,5,5,75,73,5,7,1.1,1.2
2022-11-20T05:00:00,3683A,109.8331,40.6576,包头市,昆区政府,颗粒物(PM10),64,78,96,31,38,61,2,4,3,46,58,17,20,1.0,1.3
2022-11-20T05:00:00,3684A,130.8781,45.8222,七台河市,新建矿广场,,,,50,20,26,55,49,54,44,15,33,11,29,0.4,0.6
2022-11-20T05:00:00,3685A,117.897,28.4315,上饶市,双创科技城,颗粒物(PM10),53,56,37,33,19,19,4,6,4,27,25,16,18,1.0,1
2022-11-20T05:00:00,3689A,113.9003,35.372,新乡市,行政服务中心,细颗粒物(PM2.5),135,153,100,103,70,47,2,3,2,33,36,6,5,1.1,1
2022-11-20T05:00:00,3690A,115.9721,28.7031,南昌市,外国语学校,,,,44,,24,33,,31,,,28,,5,,0.9
2022-11-20T05:00:00,3692A,118.2059,39.6585,唐山市,消防缸窑路中队,颗粒物(PM10),77,103,148,50,101,85,4,6,5,49,47,6,9,1.9,1.4
2022-11-20T05:00:00,3693A,118.1436,39.6202,唐山市,路南电大,细颗粒物(PM2.5),87,81,130,64,91,74,1,1,1,53,48,3,6,1.7,1.3
2022-11-20T05:00:00,3694A,115.986,40.4563,北京市,延庆石河营,,48,48,84,20,51,77,12,10,10,17,29,3,3,0.3,0.7
2022-11-20T05:00:00,3695A,116.6151,40.3053,北京市,怀柔新城,细颗粒物(PM2.5),125,122,126,95,93,55,15,18,17,18,36,3,3,0.7,0.8
2022-11-20T05:00:00,3696A,116.2545,39.8768,北京市,丰台小屯,细颗粒物(PM2.5),147,168,167,112,110,74,0,1,1,58,58,1,2,1.1,1
2022-11-20T05:00:00,3697A,116.84,40.3844,北京市,密云镇,细颗粒物(PM2.5),113,132,146,85,90,65,0,0,0,40,44,3,3,0.8,1
2022-11-20T05:00:00,3698A,111.5968,40.8178,呼和浩特市,红旗小学,颗粒物(PM10),54,58,79,20,39,61,6,6,6,47,40,7,10,0.5,0.6
2022-11-20T05:00:00,3699A,111.6518,40.8389,呼和浩特市,海东办,,48,48,83,22,44,65,3,3,3,49,42,8,11,0.6,0.8
2022-11-20T05:00:00,3700A,103.0456,29.9956,雅安市,康养中心(对照点),细颗粒物(PM2.5),84,72,53,62,42,102,65,97,86,10,12,8,8,0.5,0.5
2022-11-20T05:00:00,3701A,116.9648,33.6252,宿州市,皖北煤电集团,细颗粒物(PM2.5),59,54,52,42,38,51,35,33,33,28,28,1,1,0.4,0.5
2022-11-20T05:00:00,3703A,114.2917,36.0949,安阳市,安钢职工学校,细颗粒物(PM2.5),65,28,100,47,102,70,4,20,6,34,30,9,14,0.7,1
2022-11-20T05:00:00,3706A,122.2584,43.6333,通辽市,老干部活动中心,,25,25,58,12,34,84,31,37,33,14,18,6,9,0.5,0.6
2022-11-20T05:00:00,3707A,131.0207,45.3073,鸡西市,欧美日汽修厂,细颗粒物(PM2.5),87,74,72,64,44,46,40,23,23,21,29,16,12,0.6,0.7
2022-11-20T05:00:00,3708A,122.2922,43.6189,通辽市,东方明珠社区,,39,32,67,27,48,82,38,42,40,17,24,10,15,0.8,0.9
2022-11-20T05:00:00,3709A,130.9967,45.3106,鸡西市,市政设施管理处,,41,41,64,13,45,50,50,26,26,12,36,5,9,0.3,0.5
2022-11-20T05:00:00,3710A,121.5594,29.8975,宁波市,白沙活动中心,,32,32,36,21,28,15,9,11,11,26,40,6,6,0.8,0.9
2022-11-20T05:00:00,3713A,124.3419,43.1666,四平市,世纪城,,25,25,37,7,25,68,36,42,38,5,16,5,7,0.2,0.4
2022-11-20T05:00:00,3715A,117.3092,32.9314,蚌埠市,蚌埠田家炳中学,细颗粒物(PM2.5),82,82,66,60,47,50,15,23,18,26,26,5,5,0.4,0.4
2022-11-20T05:00:00,3719A,97.1714,31.1406,昌都市,昌都会议中心,,13,12,22,3,8,81,41,44,42,5,14,3,3,0.3,0.4
2022-11-20T05:00:00,3726A,88.8781,29.2426,日喀则市,林业技术推广中心,,33,30,26,23,15,91,20,18,18,14,13,5,7,1.0,0.8
2022-11-20T05:00:00,3728A,104.68,28.8071,宜宾市,白酒学院,细颗粒物(PM2.5),112,110,87,84,65,132,5,17,11,62,39,12,11,0.7,0.7
2022-11-20T05:00:00,3734A,118.35,37.26,东营市,理想之城,,,,,,,,,,,,,,,,
2022-11-20T05:00:00,3860A,118.3920,35.0300,临沂市,皇山花园小区,,35,29,29,24,26,61,38,39,39,26,35,4,4,0.7,0.7
2022-11-20T05:00:00,3861A,119.2041,36.7699,潍坊市,寒亭区实验一小,细颗粒物(PM2.5),53,51,66,37,48,90,9,10,10,38,45,6,8,1.1,0.9
2022-11-20T05:00:00,3866A,122.2469,40.66302,营口市,三高中,,26,26,83,14,58,94,48,69,59,19,36,8,9,0.6,0.7
2022-11-20T05:00:00,3867A,102.0738,36.5056,海东地区,平安区公安北苑,,46,46,76,24,31,91,24,38,27,17,22,8,16,0.5,0.6
2022-11-20T05:00:00,3981A,113.2449,35.1803,焦作市,原李万街道办（启用20220628）,细颗粒物(PM2.5),104,105,103,78,77,57,10,31,25,21,20,4,4,0.9,0.9
2022-11-20T05:00:00,4004A,115.4202,38.8656,保定市,双鹰农机,细颗粒物(PM2.5),203,188,184,153,173,75,1,1,1,52,54,12,9,1.4,1.4
