timepoint,stationcode,longitude,latitude,area,positionname,primarypollutant,aqi,pm10,pm10_24h,pm2_5,pm2_5_24h,o3,o3_24h,o3_8h,o3_8h_24h,no2,no2_24h,so2,so2_24h,co,co_24h
2023-07-10T09:00:00,1001A,116.3621,39.8784,北京市,万寿西宫,,47,47,27,14,11,146,123,79,76,25,22,3,2,0.8,0.5
2023-07-10T09:00:00,1002A,116.2202,40.2915,北京市,定陵,,34,21,14,7,6,134,108,80,68,9,4,3,3,0.3,0.3
2023-07-10T09:00:00,1003A,116.4174,39.9289,北京市,东四,颗粒物(PM10),58,65,31,29,12,157,110,102,84,23,19,5,2,0.6,0.3
2023-07-10T09:00:00,1004A,116.4072,39.8863,北京市,天坛,,50,50,26,15,11,154,106,73,73,36,25,5,1,0.7,0.3
2023-07-10T09:00:00,1005A,116.462,39.9365,北京市,农展馆,颗粒物(PM10),53,56,30,20,11,150,99,77,70,28,20,3,3,0.6,0.3
2023-07-10T09:00:00,1006A,116.3392,39.9295,北京市,官园,,44,44,27,11,11,153,119,86,64,25,25,7,3,0.7,0.3
2023-07-10T09:00:00,1007A,116.2878,39.9611,北京市,海淀万柳,,41,41,29,16,11,145,106,58,58,35,27,5,3,0.5,0.4
2023-07-10T09:00:00,1008A,116.6636,40.135,北京市,顺义新城,,30,22,18,7,6,138,93,97,69,19,17,3,3,0.4,0.3
2023-07-10T09:00:00,1009A,116.6275,40.3275,北京市,怀柔镇,,23,21,14,9,6,124,73,61,56,19,11,3,3,0.2,0.2
2023-07-10T09:00:00,1010A,116.2296,40.217,北京市,昌平镇,,34,20,17,7,5,132,106,87,63,18,14,3,3,0.2,0.2
2023-07-10T09:00:00,1011A,116.3966,39.9821,北京市,奥体中心,,40,40,25,17,10,127,111,59,59,24,28,2,3,0.6,0.3
2023-07-10T09:00:00,1012A,116.184,39.9136,北京市,古城,,37,37,28,15,11,145,106,64,64,27,23,2,2,0.4,0.2
2023-07-10T09:00:00,1015A,117.1444,39.1661,天津市,勤俭道,颗粒物(PM10),53,56,36,23,14,191,140,107,86,36,24,11,7,0.8,0.5
2023-07-10T09:00:00,1017A,117.237,39.1082,天津市,大直沽八号路,,,,36,,15,192,,131,88,41,25,,4,0.7,0.3
2023-07-10T09:00:00,1018A,117.202,39.0927,天津市,前进道,,48,48,33,21,14,190,145,114,108,32,23,9,5,0.8,0.5
2023-07-10T09:00:00,1019A,117.1837,39.2133,天津市,淮河道,颗粒物(PM10),54,57,36,21,14,191,139,108,84,35,26,12,8,1.0,0.7
2023-07-10T09:00:00,1021A,117.307,39.0877,天津市,跃进路,颗粒物(PM10),53,56,40,22,15,195,134,153,75,39,31,12,8,0.8,0.5
2023-07-10T09:00:00,1023A,117.707,39.0343,天津市,第四大街,颗粒物(PM10),54,57,33,35,14,202,58,131,67,82,33,13,8,0.9,0.7
2023-07-10T09:00:00,1024A,117.457,38.8394,天津市,永明路,,49,47,40,23,15,193,156,136,106,27,24,12,7,0.7,0.5
2023-07-10T09:00:00,1026A,117.764,39.1587,天津市,汉北路,,44,44,27,28,13,192,109,143,93,22,18,3,5,0.9,0.7
2023-07-10T09:00:00,1027A,117.157,38.9194,天津市,团泊洼,,50,50,25,25,16,182,139,122,117,31,22,6,3,1.2,0.9
2023-07-10T09:00:00,1029A,114.4422,38.0444,石家庄市,职工医院,,47,47,43,15,15,192,115,103,65,30,22,22,9,1.0,0.5
2023-07-10T09:00:00,1030A,114.6063,38.0266,石家庄市,高新区,颗粒物(PM10),52,54,41,19,19,194,110,134,91,31,18,5,4,0.5,0.3
2023-07-10T09:00:00,1031A,114.4898,38.1328,石家庄市,西北水源,颗粒物(PM10),60,69,42,9,11,186,85,127,65,37,22,8,5,0.6,0.4
2023-07-10T09:00:00,1032A,114.4586,38.0058,石家庄市,西南高教,,44,44,40,10,12,188,121,85,80,23,18,19,7,0.9,0.5
2023-07-10T09:00:00,1033A,114.5331,38.0178,石家庄市,世纪公园,,44,44,33,14,13,185,96,109,79,36,20,20,8,0.7,0.4
2023-07-10T09:00:00,1034A,114.509,38.0457,石家庄市,人民会堂,颗粒物(PM10),66,81,43,17,8,197,102,121,82,41,21,25,9,0.7,0.4
2023-07-10T09:00:00,1035A,114.3524,37.8911,石家庄市,封龙山,臭氧1小时,75,35,28,11,15,205,180,198,194,13,10,7,4,0.9,0.6
2023-07-10T09:00:00,1037A,118.131,39.6363,唐山市,雷达站,颗粒物(PM10),71,92,51,48,21,176,97,92,64,34,18,22,7,3.1,1.1
2023-07-10T09:00:00,1038A,118.1725,39.6334,唐山市,物资局,颗粒物(PM10),63,76,55,40,26,169,96,73,50,29,22,19,8,3.6,1.3
2023-07-10T09:00:00,1040A,118.1705,39.6506,唐山市,十二中,细颗粒物(PM2.5),72,90,50,52,31,173,79,81,47,38,19,15,6,3.9,1.3
2023-07-10T09:00:00,1041A,118.1869,39.622,唐山市,小山,,,,,,,,,,,,,,,,
2023-07-10T09:00:00,1042A,119.5134,39.8207,秦皇岛市,北戴河环保局,,30,29,26,10,7,124,96,59,58,7,11,3,3,0.8,0.7
2023-07-10T09:00:00,1043A,119.7493,40.0116,秦皇岛市,第一关,颗粒物(PM10),52,54,34,21,15,123,56,16,16,38,36,1,3,0.5,0.3
2023-07-10T09:00:00,1044A,119.5897,39.9499,秦皇岛市,监测站,,28,24,29,12,10,117,88,61,41,19,19,1,2,0.6,0.4
2023-07-10T09:00:00,1046A,119.5251,39.9041,秦皇岛市,建设大厦,,46,46,37,11,14,142,90,38,38,24,24,2,3,0.6,0.4
2023-07-10T09:00:00,1048A,114.5302,36.6116,邯郸市,东污水处理厂,,,34,34,24,18,195,,113,72,10,13,3,6,0.7,0.5
2023-07-10T09:00:00,1049A,114.4918,36.5713,邯郸市,矿院,,45,45,36,27,18,192,78,99,71,13,12,3,7,0.7,0.4
2023-07-10T09:00:00,1050A,114.484,36.6133,邯郸市,丛台公园,颗粒物(PM10),54,57,38,29,18,214,95,118,82,14,12,8,7,0.7,0.5
2023-07-10T09:00:00,1051A,115.493,38.8632,保定市,游泳馆,,44,44,25,17,9,166,95,104,69,26,18,11,7,0.2,0.2
2023-07-10T09:00:00,1052A,115.5213,38.8959,保定市,华电二区,颗粒物(PM10),52,54,35,12,11,170,79,108,44,28,20,8,6,0.3,0.2
2023-07-10T09:00:00,1053A,115.4713,38.9108,保定市,接待中心,,40,40,36,8,10,153,83,79,62,24,16,2,4,0.2,0.1
2023-07-10T09:00:00,1054A,115.4612,38.8416,保定市,地表水厂,,43,43,44,12,11,154,106,88,67,28,25,9,8,0.5,0.4
2023-07-10T09:00:00,1056A,115.5086,38.8639,保定市,监测站,颗粒物(PM10),56,61,46,12,17,164,81,100,53,34,27,11,5,0.2,0.1
2023-07-10T09:00:00,1057A,114.8883,40.8336,张家口市,人民公园,,24,15,9,2,3,121,75,65,64,4,4,3,3,0.1,0.2
2023-07-10T09:00:00,1059A,114.8687,40.8042,张家口市,五金库,,25,14,15,5,8,119,78,71,71,14,13,4,3,0.4,0.4
2023-07-10T09:00:00,1060A,114.8902,40.762,张家口市,世纪豪园,,27,27,16,18,11,122,73,70,66,10,7,2,1,0.2,0.2
2023-07-10T09:00:00,1061A,114.8916,40.8661,张家口市,北泵房,,,10,12,4,5,124,,70,68,5,5,10,10,0.4,0.5
2023-07-10T09:00:00,1062A,117.9531,40.9081,承德市,铁路,,22,10,13,6,5,112,68,37,37,23,17,8,7,0.3,0.2
2023-07-10T09:00:00,1063A,117.9392,40.9763,承德市,中国银行,,,2,15,3,6,117,,33,26,16,18,106,8,,0.3
2023-07-10T09:00:00,1064A,117.9503,40.928,承德市,开发区,,23,16,20,7,12,120,73,48,39,21,15,7,6,0.4,0.3
2023-07-10T09:00:00,1065A,117.8051,40.9655,承德市,文化中心,,24,15,27,3,5,121,76,35,35,17,21,9,9,0.2,0.3
2023-07-10T09:00:00,1066A,117.9268,41.0026,承德市,离宫,,26,2,13,10,10,114,82,34,34,6,12,7,6,0.2,0.2
2023-07-10T09:00:00,1067A,116.6708,39.5111,廊坊市,药材公司,颗粒物(PM10),59,68,43,34,16,156,92,70,65,33,24,4,2,0.7,0.4
2023-07-10T09:00:00,1068A,116.7214,39.5589,廊坊市,开发区,颗粒物(PM10),56,62,24,20,12,167,95,98,74,31,20,9,7,0.7,0.5
2023-07-10T09:00:00,1070A,116.7244,39.5269,廊坊市,北华航天学院,颗粒物(PM10),59,68,37,28,15,165,90,107,72,28,16,7,6,0.6,0.4
2023-07-10T09:00:00,1071A,116.8842,38.2991,沧州市,沧县城建局,颗粒物(PM10),60,70,35,18,11,219,116,127,108,22,22,7,5,0.7,0.4
2023-07-10T09:00:00,1072A,116.8584,38.3254,沧州市,电视转播站,颗粒物(PM10),51,51,31,34,13,218,121,132,112,25,20,8,5,0.5,0.4
2023-07-10T09:00:00,1073A,116.8709,38.3228,沧州市,市环保局,颗粒物(PM10),53,55,31,21,14,220,103,132,104,34,24,7,8,0.5,0.2
2023-07-10T09:00:00,1074A,115.6838,37.7541,衡水市,电机北厂,颗粒物(PM10),53,56,30,14,9,177,115,146,108,10,10,6,5,0.6,0.3
2023-07-10T09:00:00,1075A,115.6303,37.7316,衡水市,市监测站,颗粒物(PM10),53,55,34,22,10,167,113,124,92,19,16,6,5,0.7,0.4
2023-07-10T09:00:00,1077A,114.4704,37.0886,邢台市,达活泉,颗粒物(PM10),55,59,45,22,11,205,154,114,114,23,14,19,9,1.2,0.6
2023-07-10T09:00:00,1078A,114.5062,37.0349,邢台市,邢师高专,颗粒物(PM10),70,90,53,28,13,191,133,80,60,31,34,17,7,1.1,0.4
2023-07-10T09:00:00,1079A,114.5237,37.0851,邢台市,路桥公司,颗粒物(PM10),62,74,41,24,14,202,104,100,85,42,18,10,6,1.0,0.4
2023-07-10T09:00:00,1080A,114.4725,37.0719,邢台市,市环保局,颗粒物(PM10),66,82,49,31,15,205,139,114,114,36,18,13,8,1.1,0.4
2023-07-10T09:00:00,1081A,112.522,37.8873,太原市,尖草坪,颗粒物(PM10),51,52,48,15,17,199,82,63,63,25,31,8,7,0.6,0.6
2023-07-10T09:00:00,1083A,112.434,38.0108,太原市,上兰,,37,37,28,12,11,191,79,90,76,11,8,12,7,0.4,0.4
2023-07-10T09:00:00,1084A,112.469,37.7124,太原市,晋源,颗粒物(PM10),54,58,52,22,23,188,76,74,37,39,42,12,8,0.7,0.6
2023-07-10T09:00:00,1085A,112.5583,37.7394,太原市,小店,颗粒物(PM10),69,87,71,28,25,206,54,20,18,65,56,24,8,1.4,0.7
2023-07-10T09:00:00,1086A,112.5369,37.8692,太原市,桃园,颗粒物(PM10),55,59,43,23,20,207,64,53,53,49,38,24,9,1.1,0.5
2023-07-10T09:00:00,1087A,112.57,37.8195,太原市,坞城,,,79,58,27,22,209,,32,32,63,47,58,16,2.7,0.9
2023-07-10T09:00:00,1088A,112.549,37.9854,太原市,南寨,颗粒物(PM10),71,91,55,18,16,187,61,17,17,54,45,7,6,0.6,0.5
2023-07-10T09:00:00,1090A,111.6507,40.7517,呼和浩特市,呼市一监,,34,34,45,11,13,142,83,60,58,19,23,8,7,0.5,0.4
2023-07-10T09:00:00,1091A,111.6572,40.8033,呼和浩特市,小召,,41,41,36,13,13,138,67,52,50,29,32,9,8,0.4,0.5
2023-07-10T09:00:00,1094A,111.7516,40.8369,呼和浩特市,如意水处理厂,,38,38,36,12,12,149,74,38,37,22,28,8,9,0.4,0.4
2023-07-10T09:00:00,1095A,111.7276,40.8062,呼和浩特市,二十九中,,32,32,36,15,13,149,72,50,50,24,28,5,8,0.5,0.4
2023-07-10T09:00:00,1096A,111.5512,40.7866,呼和浩特市,工大金川校区,颗粒物(PM10),54,57,42,16,15,135,62,27,27,31,34,9,9,0.5,0.5
2023-07-10T09:00:00,1097A,111.717,40.7612,呼和浩特市,化肥厂生活区,,42,42,55,14,18,133,90,60,60,18,38,12,7,0.4,0.5
2023-07-10T09:00:00,1098A,123.6836,41.9339,沈阳市,森林路,,,,,,,,,,,,,,,,
2023-07-10T09:00:00,1099A,123.505,41.7406,沈阳市,浑南东路,,27,27,28,17,15,128,85,63,63,16,21,3,5,0.9,0.7
2023-07-10T09:00:00,1100A,123.4231,41.6989,沈阳市,新秀街,,28,28,26,16,14,134,79,67,62,18,22,5,7,0.9,0.6
2023-07-10T09:00:00,1102A,123.5903,41.8411,沈阳市,东陵路,,24,4,26,16,13,124,75,41,41,14,14,5,5,0.7,0.6
2023-07-10T09:00:00,1103A,123.4264,41.8467,沈阳市,陵东街,,25,25,21,17,12,126,65,39,33,16,16,2,3,0.7,0.7
2023-07-10T09:00:00,1104A,123.4114,41.7653,沈阳市,文化路,,32,32,33,20,19,146,86,59,57,11,17,6,7,0.7,0.7
2023-07-10T09:00:00,1105A,123.4678,41.7867,沈阳市,小河沿,,28,28,29,17,14,134,73,47,47,20,20,4,6,0.7,0.7
2023-07-10T09:00:00,1106A,123.4017,41.7972,沈阳市,太原街,,30,30,27,20,19,149,85,67,60,15,21,4,4,0.7,0.7
2023-07-10T09:00:00,1108A,123.3783,41.9228,沈阳市,京沈街,,30,18,26,17,16,156,93,63,55,19,19,13,8,0.5,0.5
2023-07-10T09:00:00,1109A,121.612,38.9741,大连市,甘井子,,39,23,44,27,36,142,124,96,90,15,21,4,4,0.7,0.7
2023-07-10T09:00:00,1110A,121.565,38.9511,大连市,周水子,,38,29,34,21,37,161,121,102,78,18,20,5,5,0.9,0.8
2023-07-10T09:00:00,1111A,121.5637,38.8845,大连市,星海三站,,42,22,30,19,33,164,134,122,96,13,14,5,5,0.7,0.6
2023-07-10T09:00:00,1112A,121.6302,38.9117,大连市,青泥洼桥,,41,16,41,18,37,167,130,116,90,7,12,4,5,0.9,0.9
2023-07-10T09:00:00,1113A,121.6251,38.8638,大连市,傅家庄,,46,26,30,18,34,183,146,134,110,6,10,6,6,0.6,0.6
2023-07-10T09:00:00,1114A,121.5213,38.8661,大连市,七贤岭,,48,24,30,23,33,176,152,141,112,7,10,5,5,0.6,0.5
2023-07-10T09:00:00,1115A,121.2529,38.8061,大连市,旅顺,,45,24,28,29,24,182,144,156,126,23,16,4,4,0.6,0.5
2023-07-10T09:00:00,1116A,121.7485,39.1311,大连市,金州,,33,21,41,16,34,171,104,70,70,13,14,7,8,0.8,0.8
2023-07-10T09:00:00,1117A,121.7811,39.0496,大连市,开发区,,43,27,31,20,33,170,136,98,98,14,16,3,5,0.8,0.7
2023-07-10T09:00:00,1118A,121.9762,39.0631,大连市,双D港,,44,24,25,22,29,139,139,113,113,9,11,6,6,0.6,0.5
2023-07-10T09:00:00,1119A,125.3325,43.9166,长春市,食品厂,,21,21,22,8,13,102,57,80,60,26,23,5,5,0.6,0.6
2023-07-10T09:00:00,1120A,125.2863,43.9027,长春市,客车厂,,22,16,21,8,13,101,68,89,66,16,17,2,2,0.5,0.6
2023-07-10T09:00:00,1121A,125.2841,43.8463,长春市,邮电学院,,21,20,23,12,12,115,65,80,60,13,11,4,4,0.5,0.5
2023-07-10T09:00:00,1122A,125.3716,43.8772,长春市,劳动公园,,,28,19,11,10,101,,84,70,14,14,5,5,,0.5
2023-07-10T09:00:00,1123A,125.3297,43.8805,长春市,园林处,,,28,21,14,11,104,68,83,68,18,17,,4,0.5,0.5
2023-07-10T09:00:00,1124A,125.4605,43.79,长春市,净月潭,,21,21,16,8,7,115,67,54,51,8,6,3,3,0.4,0.4
2023-07-10T09:00:00,1125A,125.7194,43.515,长春市,甩湾子,,,,,,,,,,,,,,,,
2023-07-10T09:00:00,1126A,125.3863,43.8447,长春市,经开区环卫处,,21,21,19,13,9,102,67,78,61,16,15,5,5,0.5,0.4
2023-07-10T09:00:00,1127A,125.245,43.7783,长春市,高新区管委会,,24,21,17,11,11,107,76,68,67,10,10,4,4,0.4,0.4
2023-07-10T09:00:00,1128A,125.1761,43.8325,长春市,岱山公园,,23,18,20,10,11,108,71,78,65,8,14,4,4,0.4,0.5
2023-07-10T09:00:00,1129A,126.5422,45.755,哈尔滨市,岭北,,40,28,21,28,13,139,65,70,54,15,16,12,10,0.3,0.4
2023-07-10T09:00:00,1130A,126.561,45.8167,哈尔滨市,松北商大,,35,35,23,18,10,126,46,28,28,24,24,5,5,0.7,0.7
2023-07-10T09:00:00,1131A,126.979,45.5419,哈尔滨市,阿城会宁,,27,18,26,9,10,116,86,37,34,8,18,11,11,0.6,0.5
2023-07-10T09:00:00,1132A,126.599,45.7222,哈尔滨市,南岗学府路,,34,34,34,10,8,130,62,65,48,17,19,6,6,0.9,0.9
2023-07-10T09:00:00,1133A,126.689,45.7733,哈尔滨市,太平宏伟公园,,31,31,27,21,12,123,52,48,41,22,27,5,5,0.6,0.5
2023-07-10T09:00:00,1134A,126.635,45.7667,哈尔滨市,道外承德广场,,36,36,27,10,9,126,54,81,54,29,28,7,7,0.5,0.5
2023-07-10T09:00:00,1135A,126.685,45.7319,哈尔滨市,香坊红旗大街,,39,20,26,27,15,127,71,68,50,24,27,10,8,0.5,0.5
2023-07-10T09:00:00,1136A,126.6411,45.7258,哈尔滨市,动力和平路,,,36,28,,,129,62,73,54,27,24,10,10,0.6,0.5
2023-07-10T09:00:00,1137A,126.593,45.7478,哈尔滨市,道里建国路,,34,34,29,13,12,129,65,65,53,24,30,8,8,1.1,1.5
2023-07-10T09:00:00,1138A,126.615,45.61,哈尔滨市,平房东轻厂,,26,16,22,7,8,119,82,71,59,8,14,8,8,0.7,0.6
2023-07-10T09:00:00,1139A,126.595,45.9855,哈尔滨市,呼兰师专,,24,24,31,11,15,140,62,46,32,19,21,7,6,0.5,0.5
2023-07-10T09:00:00,1140A,126.6206,45.6842,哈尔滨市,省农科院,,25,25,27,12,9,138,75,57,45,27,37,10,11,0.5,0.5
2023-07-10T09:00:00,1141A,121.4,31.238,上海市,普陀,,48,39,30,33,24,267,86,38,38,26,28,6,5,0.6,0.6
2023-07-10T09:00:00,1142A,121.478,31.2036,上海市,十五厂,颗粒物(PM10),53,55,35,28,26,116,67,37,37,50,37,10,7,0.6,0.4
2023-07-10T09:00:00,1143A,121.467,31.3008,上海市,虹口,,45,39,32,31,24,125,80,38,38,24,24,8,7,0.7,0.6
2023-07-10T09:00:00,1144A,121.412,31.1654,上海市,徐汇上师大,细颗粒物(PM2.5),55,53,36,39,26,129,65,35,35,44,31,6,5,0.8,0.7
2023-07-10T09:00:00,1145A,121.536,31.2659,上海市,杨浦四漂,细颗粒物(PM2.5),55,51,31,39,28,119,75,35,35,30,26,5,5,1.0,0.9
2023-07-10T09:00:00,1147A,121.425,31.2261,上海市,静安监测站,,42,42,32,29,26,126,83,45,45,28,28,4,3,0.6,0.6
2023-07-10T09:00:00,1148A,121.703,31.1907,上海市,浦东川沙,细颗粒物(PM2.5),63,58,46,45,36,144,80,67,42,28,24,7,7,0.6,0.6
2023-07-10T09:00:00,1149A,121.533,31.2284,上海市,浦东新区监测站,颗粒物(PM10),53,56,35,34,24,126,73,47,47,37,28,6,7,0.7,0.6
2023-07-10T09:00:00,1150A,121.577,31.2071,上海市,浦东张江,细颗粒物(PM2.5),68,60,40,49,32,117,68,35,35,36,32,5,5,1.1,0.9
2023-07-10T09:00:00,1151A,118.8086,32.1065,南京市,迈皋桥,,17,17,14,7,6,150,23,43,34,31,11,3,5,1.0,0.7
2023-07-10T09:00:00,1152A,118.7538,32.0551,南京市,草场门,,18,17,15,7,5,141,14,43,34,36,17,4,9,1.2,1
2023-07-10T09:00:00,1153A,118.7794,32.0745,南京市,山西路,,17,17,19,5,4,153,33,47,43,28,14,4,6,0.6,0.6
2023-07-10T09:00:00,1154A,118.7752,32.0023,南京市,中华门,,16,14,15,7,6,130,19,44,30,31,14,4,6,0.9,1
2023-07-10T09:00:00,1155A,118.8109,32.0309,南京市,瑞金路,,18,14,16,7,7,146,18,52,40,36,17,7,10,0.7,0.6
2023-07-10T09:00:00,1156A,118.7997,32.0754,南京市,玄武湖,,12,11,18,4,6,139,32,44,39,23,14,5,7,0.6,0.7
2023-07-10T09:00:00,1157A,118.6414,32.0931,南京市,浦口,,32,32,19,5,6,127,19,41,26,27,17,4,5,1.2,0.7
2023-07-10T09:00:00,1158A,118.7356,31.9996,南京市,奥体中心,,18,18,18,7,9,127,19,37,33,34,17,7,11,0.6,0.7
2023-07-10T09:00:00,1159A,118.9125,32.1028,南京市,仙林大学城,,13,7,15,9,8,155,41,47,40,18,13,6,9,0.7,0.7
2023-07-10T09:00:00,1160A,120.561,31.2472,苏州市,上方山,,43,43,37,26,23,112,42,22,16,21,17,9,6,0.5,0.4
2023-07-10T09:00:00,1162A,120.591,31.3019,苏州市,彩香,,38,38,24,25,14,125,30,20,12,22,13,6,5,0.8,0.8
2023-07-10T09:00:00,1163A,120.596,31.3264,苏州市,轧钢厂,,43,43,28,25,15,137,27,25,13,34,16,10,8,0.7,0.7
2023-07-10T09:00:00,1164A,120.613,31.2703,苏州市,吴中区,,37,37,25,25,17,142,46,21,15,28,23,10,8,0.7,0.7
2023-07-10T09:00:00,1165A,120.543,31.2994,苏州市,苏州新区,,33,31,26,23,21,139,38,33,20,22,15,8,6,0.8,0.6
2023-07-10T09:00:00,1166A,120.669,31.3097,苏州市,苏州工业园区,,43,37,21,30,17,134,19,23,11,48,20,10,9,0.7,0.5
2023-07-10T09:00:00,1167A,120.641,31.3708,苏州市,相城区,颗粒物(PM10),51,51,25,34,14,130,19,26,11,54,22,11,9,0.8,0.7
2023-07-10T09:00:00,1168A,120.9098,31.9663,南通市,狼山街道,,35,35,24,9,11,143,20,15,11,50,25,16,11,0.9,0.7
2023-07-10T09:00:00,1169A,120.86,32.0005,南通市,虹桥,,25,25,31,15,17,154,46,18,15,27,22,13,11,0.9,0.8
2023-07-10T09:00:00,1170A,120.87,32.02,南通市,城中,,34,34,34,17,20,156,50,33,21,25,19,17,11,0.8,0.6
2023-07-10T09:00:00,1171A,120.94,31.93,南通市,星湖花园,,17,17,23,7,9,143,50,18,18,34,29,14,8,1.0,0.7
2023-07-10T09:00:00,1172A,120.81,32.0417,南通市,紫琅学院,,48,48,30,17,10,152,30,22,14,44,31,12,9,0.9,0.9
2023-07-10T09:00:00,1173A,119.176,34.5885,连云港市,市环境监测站,颗粒物(PM10),53,56,40,29,20,162,77,112,90,13,10,4,4,0.2,0.2
2023-07-10T09:00:00,1177A,117.179,34.2761,徐州市,黄河新村,,43,41,45,30,28,180,70,70,64,11,9,8,7,0.6,0.6
2023-07-10T09:00:00,1178A,117.1918,34.2384,徐州市,淮塔,,38,38,41,17,28,189,74,72,63,11,10,10,10,0.6,0.6
2023-07-10T09:00:00,1180A,117.256,34.2153,徐州市,新城区,,46,46,54,20,22,190,79,73,66,7,13,6,7,0.4,0.4
2023-07-10T09:00:00,1181A,117.244,34.2911,徐州市,桃园路,,48,48,47,16,20,174,78,72,68,7,14,9,8,0.5,0.5
2023-07-10T09:00:00,1182A,117.2933,34.2778,徐州市,农科院,,34,34,42,18,23,166,74,74,64,11,18,6,6,0.6,0.7
2023-07-10T09:00:00,1186A,119.389,32.3761,扬州市,邗江监测站,,34,34,33,12,15,158,57,36,36,16,15,5,5,0.7,0.8
2023-07-10T09:00:00,1188A,120.269,31.4867,无锡市,雪浪,,27,27,15,14,8,144,40,42,34,17,6,3,4,0.6,0.5
2023-07-10T09:00:00,1189A,120.275,31.6219,无锡市,黄巷,颗粒物(PM10),60,69,25,17,11,128,19,26,23,47,25,5,5,1.0,0.9
2023-07-10T09:00:00,1190A,120.294,31.56,无锡市,曹张,,25,24,24,17,11,111,13,17,10,30,16,4,4,0.6,0.4
2023-07-10T09:00:00,1191A,120.242,31.5031,无锡市,漆塘,,25,24,17,17,11,133,38,28,20,20,11,5,5,0.2,0.2
2023-07-10T09:00:00,1192A,120.3489,31.5863,无锡市,东亭,,46,46,22,22,13,137,10,40,22,56,22,11,10,0.8,0.6
2023-07-10T09:00:00,1193A,120.354,31.5475,无锡市,旺庄,,34,34,19,14,10,140,15,42,18,42,16,7,7,0.8,0.6
2023-07-10T09:00:00,1194A,120.245,31.5631,无锡市,荣巷,,32,31,20,22,13,119,25,26,22,22,10,7,7,0.6,0.4
2023-07-10T09:00:00,1195A,120.299,31.6817,无锡市,堰桥,,44,44,18,19,10,120,7,25,14,50,23,8,7,1.0,0.7
2023-07-10T09:00:00,1196A,119.9633,31.762,常州市,市监测站,,24,24,17,15,10,102,36,44,31,29,14,11,7,0.8,0.7
2023-07-10T09:00:00,1200A,119.9468,31.7069,常州市,武进监测站,,31,31,19,14,8,117,45,48,36,18,7,17,5,0.7,0.6
2023-07-10T09:00:00,1201A,119.9255,31.9087,常州市,安家,,32,32,20,21,11,115,26,42,27,33,14,6,8,0.8,0.6
2023-07-10T09:00:00,1203A,119.6707,32.1875,镇江市,新区办事处,,20,19,22,14,12,134,40,45,45,27,12,6,4,0.4,0.6
2023-07-10T09:00:00,1204A,119.4974,32.1968,镇江市,职教中心,,,,17,,9,144,,45,41,13,8,2,3,0.5,0.5
2023-07-10T09:00:00,1205A,119.4303,32.1328,镇江市,丹徒区监测站,,23,14,18,9,12,158,73,48,44,14,11,3,3,0.5,0.6
2023-07-10T09:00:00,1206A,119.905,32.4878,泰州市,公园路,,19,19,17,12,14,148,50,31,31,21,17,5,5,0.9,0.9
2023-07-10T09:00:00,1207A,119.9189,32.4625,泰州市,莲花,,,27,23,12,14,162,,36,34,21,13,12,8,1.2,1
2023-07-10T09:00:00,1209A,119.888,32.4639,泰州市,留学生创业园,,25,25,23,12,14,168,54,34,34,26,15,12,7,1.1,0.9
2023-07-10T09:00:00,1210A,119.036,33.5981,淮安市,钵池山,,27,27,23,14,16,121,57,61,42,13,8,10,8,0.7,0.7
2023-07-10T09:00:00,1211A,119.007,33.575,淮安市,北京南路,,36,36,30,14,17,112,50,50,34,15,13,9,8,0.6,0.7
2023-07-10T09:00:00,1212A,118.989,33.6067,淮安市,市监测站,,,36,29,12,12,123,45,55,36,9,8,11,7,,0.5
2023-07-10T09:00:00,1213A,119.135,33.5039,淮安市,楚州区监测站,,20,20,27,10,16,113,54,56,37,8,8,5,5,0.7,0.7
2023-07-10T09:00:00,1214A,119.0186,33.6297,淮安市,淮阴区监测站,,41,41,30,13,13,122,57,59,39,16,11,16,8,1.2,0.5
2023-07-10T09:00:00,1215A,120.118,33.4022,盐城市,盐城电厂,,34,34,30,17,16,111,48,44,30,12,7,5,5,0.7,0.6
2023-07-10T09:00:00,1216A,120.156,33.3942,盐城市,市监测站,,30,30,26,16,16,130,66,60,44,12,7,12,10,0.4,0.4
2023-07-10T09:00:00,1218A,120.2144,33.38,盐城市,开发区管委会,,26,26,28,18,20,142,68,66,44,12,8,9,8,0.5,0.5
2023-07-10T09:00:00,1220A,118.293,33.9528,宿迁市,宿迁学院,,32,30,33,22,26,156,53,58,32,11,9,7,6,0.6,0.6
2023-07-10T09:00:00,1221A,118.2442,33.9592,宿迁市,宿迁中学,,32,32,38,20,25,160,54,65,36,14,11,9,7,0.5,0.5
2023-07-10T09:00:00,1223A,120.2072,30.2111,杭州市,滨江,,38,38,39,21,21,85,40,20,18,23,21,6,6,0.7,0.6
2023-07-10T09:00:00,1224A,120.0633,30.2747,杭州市,西溪,,34,34,32,17,17,77,31,21,21,22,18,8,8,0.6,0.5
2023-07-10T09:00:00,1226A,120.3461,30.3153,杭州市,下沙,,42,42,40,22,20,106,52,30,30,25,33,5,5,0.6,0.5
2023-07-10T09:00:00,1227A,120.1269,30.2456,杭州市,卧龙桥,,35,29,26,24,20,74,31,17,15,24,14,6,5,0.7,0.6
2023-07-10T09:00:00,1228A,120.1903,30.2692,杭州市,浙江农大,,32,28,25,22,19,83,42,37,32,26,16,8,7,0.6,0.5
2023-07-10T09:00:00,1230A,120.1197,30.3119,杭州市,和睦小学,,30,30,30,18,19,79,43,32,31,19,16,8,7,0.7,0.7
2023-07-10T09:00:00,1231A,120.3019,30.4183,杭州市,临平镇,,47,47,37,21,18,98,45,37,37,26,22,5,4,0.5,0.4
2023-07-10T09:00:00,1232A,120.2697,30.1819,杭州市,城厢镇,,46,46,41,26,28,108,48,20,20,24,23,6,6,0.7,0.5
2023-07-10T09:00:00,1233A,120.0883,30.1808,杭州市,云栖,,35,35,30,17,15,74,22,8,7,26,15,5,4,0.8,0.7
2023-07-10T09:00:00,1234A,121.8358,29.911,宁波市,区环保大楼,,39,37,39,27,27,134,22,46,41,62,40,7,7,0.8,0.7
2023-07-10T09:00:00,1235A,121.56,29.82,宁波市,万里学院,,40,38,34,28,22,104,77,59,59,12,15,4,4,0.8,0.7
2023-07-10T09:00:00,1236A,121.713,29.9572,宁波市,龙赛医院,,44,44,36,26,19,117,65,48,48,27,23,7,6,0.7,0.6
2023-07-10T09:00:00,1239A,121.633,29.7733,宁波市,钱湖水厂,,23,23,19,15,15,117,70,53,50,6,6,5,5,0.8,0.7
2023-07-10T09:00:00,1240A,121.5856,29.8635,宁波市,太古小学,,42,42,32,22,18,111,87,64,64,14,15,6,5,0.7,0.6
2023-07-10T09:00:00,1241A,121.524,29.8674,宁波市,市环境监测中心,颗粒物(PM10),51,51,34,10,13,104,64,51,51,20,16,5,4,0.7,0.5
2023-07-10T09:00:00,1242A,120.634,28.0089,温州市,瓯海,颗粒物(PM10),52,54,53,25,28,224,77,74,62,20,18,8,8,0.6,0.6
2023-07-10T09:00:00,1243A,120.6748,27.9939,温州市,南浦,颗粒物(PM10),51,51,54,28,29,230,79,79,67,19,14,3,3,0.4,0.4
2023-07-10T09:00:00,1244A,120.76,27.9747,温州市,龙湾,,42,42,49,23,23,176,77,64,64,11,18,7,7,0.5,0.5
2023-07-10T09:00:00,1245A,120.6709,28.0167,温州市,市站,颗粒物(PM10),55,60,60,30,28,179,59,59,48,17,16,4,5,0.7,0.7
2023-07-10T09:00:00,1247A,120.6053,29.9928,绍兴市,城东开发委,,49,35,41,34,33,131,64,33,33,24,21,6,5,0.7,0.6
2023-07-10T09:00:00,1250A,120.0751,30.8669,湖州市,城西水厂,颗粒物(PM10),54,57,32,25,19,48,13,10,8,40,36,12,10,0.5,0.4
2023-07-10T09:00:00,1252A,120.7436,30.778,嘉兴市,清河小学,颗粒物(PM10),56,62,41,35,20,69,43,15,15,31,34,6,6,0.8,0.7
2023-07-10T09:00:00,1253A,120.726,30.7478,嘉兴市,嘉兴学院,细颗粒物(PM2.5),58,58,41,41,24,90,49,12,12,32,35,1,1,0.5,0.5
2023-07-10T09:00:00,1255A,121.273,28.6459,台州市,黄岩环保大楼,,49,47,43,34,28,148,82,95,74,13,9,4,4,0.6,0.5
2023-07-10T09:00:00,1256A,121.419,28.6542,台州市,台州环保大楼,颗粒物(PM10),53,56,45,30,25,164,92,94,76,15,10,3,3,0.6,0.4
2023-07-10T09:00:00,1257A,121.377,28.5773,台州市,路桥田洋王,颗粒物(PM10),51,52,46,25,25,151,84,92,71,15,12,3,4,0.6,0.6
2023-07-10T09:00:00,1258A,122.122,30.0203,舟山市,定海檀枫,,36,36,47,18,26,193,54,66,52,15,21,7,7,0.5,0.5
2023-07-10T09:00:00,1259A,122.3094,29.9558,舟山市,普陀东港,,37,37,47,18,26,125,56,69,58,10,13,4,4,0.4,0.4
2023-07-10T09:00:00,1260A,122.19,29.9944,舟山市,临城新区,,32,32,47,13,24,173,53,72,54,20,22,4,3,0.4,0.4
2023-07-10T09:00:00,1262A,119.647,29.077,金华市,十五中,,47,47,44,24,22,133,80,41,40,26,19,5,5,0.6,0.5
2023-07-10T09:00:00,1263A,119.686,29.1029,金华市,监测站,,40,40,40,25,21,130,75,39,36,28,20,7,7,0.6,0.5
2023-07-10T09:00:00,1264A,118.8692,28.9398,衢州市,环保大楼,,48,48,38,32,22,115,59,35,33,26,18,7,6,0.6,0.5
2023-07-10T09:00:00,1265A,118.8709,28.9666,衢州市,实验学校,颗粒物(PM10),51,52,41,26,21,113,52,36,23,27,21,8,9,0.5,0.4
2023-07-10T09:00:00,1266A,118.8621,28.9808,衢州市,衢州学院,,39,39,35,24,22,110,60,45,23,20,19,7,5,0.4,0.4
2023-07-10T09:00:00,1267A,119.914,28.4514,丽水市,监测站大楼,,42,42,31,12,14,96,70,26,25,17,16,6,5,0.5,0.4
2023-07-10T09:00:00,1268A,119.93,28.4586,丽水市,莲都小学,,47,47,36,23,16,102,84,48,40,12,12,6,5,0.5,0.4
2023-07-10T09:00:00,1269A,119.879,28.4231,丽水市,余庄前,,40,40,26,23,15,94,61,15,15,29,15,6,5,0.5,0.4
2023-07-10T09:00:00,1270A,117.1959,31.7848,合肥市,明珠广场,,24,24,22,12,11,110,48,41,41,19,15,5,5,0.5,0.5
2023-07-10T09:00:00,1271A,117.3072,31.8764,合肥市,三里街,,27,27,24,7,9,96,45,34,34,21,23,4,4,0.3,0.2
2023-07-10T09:00:00,1272A,117.2588,31.8707,合肥市,琥珀山庄,,27,27,28,14,13,112,58,49,49,16,13,4,4,0.4,0.4
2023-07-10T09:00:00,1273A,117.1604,31.9052,合肥市,董铺水库,,18,17,20,7,9,103,57,47,47,13,12,1,1,0.3,0.3
2023-07-10T09:00:00,1274A,117.25,31.8571,合肥市,长江中路,,31,31,27,10,13,106,50,41,41,18,13,8,8,0.2,0.3
2023-07-10T09:00:00,1275A,117.266,31.9436,合肥市,庐阳区,,27,27,27,12,15,109,52,38,38,20,18,5,5,0.3,0.2
2023-07-10T09:00:00,1276A,117.336,31.8586,合肥市,瑶海区,,29,29,29,7,9,94,51,43,43,10,12,8,7,0.4,0.4
2023-07-10T09:00:00,1277A,117.3027,31.7964,合肥市,包河区,,27,27,22,14,10,100,53,44,44,16,14,5,5,0.3,0.3
2023-07-10T09:00:00,1278A,117.2776,31.7385,合肥市,滨湖新区,,19,16,18,2,5,94,60,51,51,8,9,5,5,0.3,0.3
2023-07-10T09:00:00,1279A,117.1318,31.8403,合肥市,高新区,,27,27,26,17,13,108,53,46,46,17,14,9,8,0.3,0.3
2023-07-10T09:00:00,1280A,119.3903,26.0543,福州市,鼓山,,,,,,,,,,,,,,,,
2023-07-10T09:00:00,1282A,119.2681,26.0504,福州市,师大,颗粒物(PM10),59,68,53,37,30,182,104,75,64,15,15,5,5,0.4,0.4
2023-07-10T09:00:00,1283A,119.2984,26.1028,福州市,五四北路,颗粒物(PM10),62,73,51,35,30,184,95,89,66,18,13,4,4,0.5,0.4
2023-07-10T09:00:00,1284A,119.2648,26.0768,福州市,杨桥西路,颗粒物(PM10),57,63,54,35,34,181,96,78,58,11,12,3,4,0.4,0.4
2023-07-10T09:00:00,1285A,119.317,26.0746,福州市,紫阳,颗粒物(PM10),64,77,54,44,31,179,75,77,59,22,12,2,2,0.5,0.4
2023-07-10T09:00:00,1286A,118.1608,24.8169,厦门市,溪东,,,,,,,,,,,,,,,,
2023-07-10T09:00:00,1287A,118.1514,24.4767,厦门市,洪文,,33,33,32,19,16,100,41,34,17,21,13,4,3,0.4,0.4
2023-07-10T09:00:00,1288A,118.0661,24.4444,厦门市,鼓浪屿,颗粒物(PM10),53,55,33,35,18,117,57,41,26,20,19,7,4,0.5,0.5
2023-07-10T09:00:00,1290A,115.8931,28.6843,南昌市,省外办,,46,46,36,24,17,125,66,38,36,21,16,22,10,0.5,0.5
2023-07-10T09:00:00,1291A,115.8886,28.7003,南昌市,省林业公司,,41,41,30,22,15,129,71,39,39,16,15,21,9,0.4,0.4
2023-07-10T09:00:00,1292A,115.8126,28.7442,南昌市,林科所,,,36,29,,12,123,60,28,18,22,26,14,9,0.6,0.6
2023-07-10T09:00:00,1294A,115.8518,28.687,南昌市,建工学校,颗粒物(PM10),54,58,33,17,13,128,69,38,37,15,13,14,6,0.5,0.5
2023-07-10T09:00:00,1295A,115.8921,28.6424,南昌市,象湖,,37,37,26,22,16,126,69,43,31,17,16,4,4,0.5,0.5
2023-07-10T09:00:00,1296A,115.7423,28.7996,南昌市,武术学校,,21,21,19,9,14,95,66,26,22,4,4,10,31,0.3,0.2
2023-07-10T09:00:00,1298A,115.9314,28.6842,南昌市,省站,,44,44,34,21,17,128,76,37,33,17,17,18,10,0.5,0.5
2023-07-10T09:00:00,1299A,116.9862,36.6114,济南市,科干所,,36,36,38,24,18,206,100,154,118,9,15,9,9,0.5,0.5
2023-07-10T09:00:00,1300A,116.9376,36.665,济南市,农科所,,49,49,41,17,13,211,98,110,105,14,24,7,7,0.2,0.3
2023-07-10T09:00:00,1301A,117.1265,36.6734,济南市,开发区,,32,32,39,15,15,174,97,117,107,13,24,5,6,0.4,0.5
2023-07-10T09:00:00,1303A,117.0624,36.6868,济南市,省种子仓库,,34,34,37,14,12,213,103,142,125,6,16,4,5,0.5,0.5
2023-07-10T09:00:00,1304A,116.9489,36.6447,济南市,机床二厂,颗粒物(PM10),51,51,43,20,14,218,114,153,127,12,20,6,8,0.5,0.6
2023-07-10T09:00:00,1305A,117.0495,36.663,济南市,市监测站,,39,39,36,22,16,211,110,160,130,18,20,6,6,0.5,0.5
2023-07-10T09:00:00,1306A,116.7675,36.5484,济南市,长清党校,,49,44,41,34,22,227,87,150,120,11,14,6,8,0.5,0.5
2023-07-10T09:00:00,1307A,120.6659,36.2403,青岛市,仰口,,31,31,32,19,24,126,91,99,81,15,16,5,5,0.5,0.6
2023-07-10T09:00:00,1310A,120.4134,36.0658,青岛市,市南区东部子站,,,,44,,21,223,,119,70,15,22,,7,,0.7
2023-07-10T09:00:00,1311A,120.3664,36.1032,青岛市,四方区子站,颗粒物(PM10),51,51,49,27,28,230,144,74,74,25,31,6,7,0.9,0.9
2023-07-10T09:00:00,1312A,120.2994,36.054,青岛市,市南区西部子站,颗粒物(PM10),56,61,61,34,30,204,110,90,66,33,34,10,8,0.7,0.8
2023-07-10T09:00:00,1313A,120.4581,36.0858,青岛市,崂山区子站,,50,44,49,27,26,226,160,129,98,9,20,9,10,0.5,0.6
2023-07-10T09:00:00,1314A,120.1983,35.9608,青岛市,黄岛区子站,颗粒物(PM10),65,80,58,46,30,248,113,69,54,37,41,10,9,0.8,0.8
2023-07-10T09:00:00,1315A,120.3999,36.3083,青岛市,城阳区子站,,48,44,50,15,22,242,152,85,77,22,28,5,6,0.7,0.8
2023-07-10T09:00:00,1316A,113.69031,34.76122,郑州市,烟厂,颗粒物(PM10),56,61,52,22,22,308,71,80,68,20,16,2,4,0.5,0.5
2023-07-10T09:00:00,1317A,113.65724,34.77134,郑州市,郑纺机,,,60,51,,,286,70,86,70,20,13,1,3,0.5,0.4
2023-07-10T09:00:00,1318A,113.67526,34.80246,郑州市,银行学校,颗粒物(PM10),52,53,48,23,25,331,81,102,84,16,14,2,2,0.7,0.7
2023-07-10T09:00:00,1319A,113.56746,34.81334,郑州市,供水公司,颗粒物(PM10),56,62,56,24,25,276,95,91,79,20,18,6,6,0.6,0.6
2023-07-10T09:00:00,1320A,113.7329,34.7178,郑州市,经开区管委,,40,40,47,23,24,239,66,80,70,11,12,1,3,0.4,0.4
2023-07-10T09:00:00,1321A,113.73961,34.77172,郑州市,四十七中,,38,38,43,21,23,296,76,87,74,12,10,1,4,0.6,0.6
2023-07-10T09:00:00,1322A,113.60532,34.74838,郑州市,市监测站,颗粒物(PM10),60,70,56,19,23,266,70,94,69,23,18,3,4,0.6,0.5
2023-07-10T09:00:00,1323A,113.64164,34.7525,郑州市,河医大,,50,50,52,21,21,254,69,88,68,14,10,4,5,0.6,0.5
2023-07-10T09:00:00,1324A,113.51488,34.91089,郑州市,岗李水库,颗粒物(PM10),58,66,48,27,22,224,84,94,54,25,20,3,4,0.6,0.5
2023-07-10T09:00:00,1325A,114.3677,30.5584,武汉市,东湖梨园,,24,24,22,12,10,107,49,63,43,14,11,4,4,1.0,0.8
2023-07-10T09:00:00,1326A,114.2529,30.558,武汉市,汉阳月湖,,32,32,27,9,9,103,44,55,37,22,18,6,6,0.8,0.6
2023-07-10T09:00:00,1327A,114.282,30.6189,武汉市,汉口花桥,,28,28,26,17,13,114,54,56,42,21,18,8,8,0.7,0.6
2023-07-10T09:00:00,1328A,114.3025,30.5332,武汉市,武昌紫阳,,27,27,22,10,10,107,43,61,39,24,16,3,2,0.8,0.6
2023-07-10T09:00:00,1329A,114.3646,30.6217,武汉市,青山钢花,,38,38,30,19,17,125,53,68,44,17,14,8,7,1.0,0.8
2023-07-10T09:00:00,1330A,114.1566,30.4825,武汉市,沌口新区,,22,22,21,4,11,108,52,58,40,17,15,6,5,0.7,0.5
2023-07-10T09:00:00,1331A,114.3014,30.5944,武汉市,汉口江滩,,20,20,20,10,14,102,45,55,36,25,21,4,4,0.7,0.6
2023-07-10T09:00:00,1333A,114.135,30.6319,武汉市,吴家山,,26,26,23,10,13,97,46,50,36,15,12,6,6,0.7,0.6
2023-07-10T09:00:00,1334A,113.8454,30.2917,武汉市,沉湖七壕,,16,16,20,8,11,104,50,39,28,13,13,5,5,0.6,0.6
2023-07-10T09:00:00,1335A,113.0833,28.2325,长沙市,经开区环保局,,29,29,28,11,13,108,62,47,42,12,11,11,8,0.6,0.5
2023-07-10T09:00:00,1336A,112.8872,28.2189,长沙市,高开区环保局,,21,15,21,13,14,94,66,49,49,6,6,8,7,0.4,0.4
2023-07-10T09:00:00,1337A,113.0792,28.2053,长沙市,马坡岭,,41,41,38,12,16,108,61,45,39,7,7,10,7,0.5,0.4
2023-07-10T09:00:00,1338A,112.9394,28.19,长沙市,湖南师范大学,,25,23,25,17,16,101,63,45,41,10,11,5,3,0.6,0.6
2023-07-10T09:00:00,1339A,113.0178,28.1322,长沙市,雨花区环保局,,22,18,26,15,14,96,58,44,38,12,9,10,5,0.5,0.4
2023-07-10T09:00:00,1340A,112.9792,28.2597,长沙市,伍家岭,,27,27,29,13,14,101,66,46,46,7,8,8,5,0.4,0.3
2023-07-10T09:00:00,1341A,113.0014,28.1944,长沙市,火车新站,,20,12,17,9,9,91,61,49,43,10,8,12,7,0.8,0.6
2023-07-10T09:00:00,1342A,112.9844,28.1178,长沙市,天心区环保局,,20,16,20,13,14,101,61,49,39,12,9,10,4,0.6,0.5
2023-07-10T09:00:00,1343A,112.8908,28.1308,长沙市,湖南中医药大学,,24,24,29,9,10,101,69,43,43,5,10,5,3,0.5,0.5
2023-07-10T09:00:00,1344A,112.9581,28.3611,长沙市,沙坪,,26,26,26,15,14,89,60,42,34,8,8,8,6,0.7,0.7
2023-07-10T09:00:00,1345A,113.2347,23.1423,广州市,广雅中学,,21,21,18,7,8,108,29,23,23,6,9,3,3,0.9,0.8
2023-07-10T09:00:00,1346A,113.2612,23.105,广州市,市五中,,19,19,20,9,10,113,28,23,23,9,9,6,6,0.5,0.5
2023-07-10T09:00:00,1348A,113.3478,23.0916,广州市,广东商学院,,,16,20,4,7,103,,13,13,11,16,4,4,0.5,0.5
2023-07-10T09:00:00,1349A,113.4332,23.1047,广州市,市八十六中,,18,18,24,7,9,118,29,12,12,6,16,4,4,0.5,0.5
2023-07-10T09:00:00,1350A,113.3505,22.9483,广州市,番禺中学,,11,11,17,4,6,112,32,18,18,11,14,6,8,0.6,0.6
2023-07-10T09:00:00,1351A,113.2146,23.3916,广州市,花都师范,,23,23,26,10,11,121,25,18,18,15,15,9,7,0.5,0.5
2023-07-10T09:00:00,1352A,113.2597,23.1331,广州市,市监测站,,18,18,18,7,7,106,28,24,24,13,13,6,5,0.7,0.7
2023-07-10T09:00:00,1353A,113.5618,23.312,广州市,九龙镇镇龙,,19,19,27,6,10,141,20,6,5,14,21,5,6,0.7,0.8
2023-07-10T09:00:00,1354A,113.2765,23.1544,广州市,麓湖,,15,15,16,4,7,104,28,24,24,10,12,6,5,0.6,0.5
2023-07-10T09:00:00,1355A,113.443,23.3035,广州市,帽峰山森林公园,,11,11,22,5,8,143,30,14,14,8,15,7,8,0.3,0.4
2023-07-10T09:00:00,1356A,114.1063,22.5545,深圳市,通心岭子站,,,7,10,1,3,52,23,21,18,,9,4,4,0.5,0.4
2023-07-10T09:00:00,1357A,114.117,22.5625,深圳市,洪湖,,11,11,11,1,4,54,27,25,21,10,11,6,6,0.6,0.5
2023-07-10T09:00:00,1358A,113.987,22.5417,深圳市,华侨城,,11,11,10,0,0,38,22,20,18,10,11,7,7,0.6,0.5
2023-07-10T09:00:00,1359A,113.9181,22.5171,深圳市,南海子站,,37,37,34,4,6,35,21,20,20,18,19,4,4,0.6,0.6
2023-07-10T09:00:00,1360A,114.2458,22.5689,深圳市,盐田,,9,9,10,3,3,65,23,17,16,10,9,5,4,0.5,0.5
2023-07-10T09:00:00,1361A,114.2283,22.7244,深圳市,龙岗,,,,14,,3,78,,14,10,10,17,6,6,0.5,0.6
2023-07-10T09:00:00,1363A,114.494,22.5422,深圳市,南澳,,10,7,10,0,3,62,29,17,13,6,9,3,4,0.4,0.4
2023-07-10T09:00:00,1364A,114.41,22.6342,深圳市,葵涌,,7,4,12,0,4,69,19,10,8,13,14,6,5,0.4,0.4
2023-07-10T09:00:00,1365A,114.297,22.5978,深圳市,梅沙,,18,16,18,12,18,78,17,5,5,11,15,6,5,0.5,0.5
2023-07-10T09:00:00,1366A,114.0678,22.738,深圳市,观澜,,15,15,16,3,5,84,23,18,16,13,15,6,6,0.5,0.3
2023-07-10T09:00:00,1367A,113.5814,22.2618,珠海市,吉大,,10,8,11,3,6,48,31,30,28,10,8,4,4,0.5,0.4
2023-07-10T09:00:00,1368A,113.4881,22.2335,珠海市,前山,,10,8,12,3,3,50,30,26,26,8,6,7,6,0.4,0.3
2023-07-10T09:00:00,1369A,113.628,22.4251,珠海市,唐家,,10,6,10,3,5,54,31,25,23,5,5,8,7,0.4,0.3
2023-07-10T09:00:00,1370A,113.299,22.2281,珠海市,斗门,,9,8,9,2,2,43,28,29,27,6,4,4,4,0.4,0.3
2023-07-10T09:00:00,1371A,113.1294,23.0067,佛山市,湾梁,,14,14,14,6,8,95,34,25,25,3,5,7,5,0.3,0.3
2023-07-10T09:00:00,1372A,113.1083,23.0478,佛山市,华材职中,,12,12,11,7,7,95,31,26,26,10,8,6,5,0.4,0.4
2023-07-10T09:00:00,1373A,113.144,23.0453,佛山市,南海气象局,,14,14,18,3,6,79,24,20,20,10,10,6,6,0.7,0.6
2023-07-10T09:00:00,1374A,113.2881,22.8094,佛山市,顺德苏岗,,8,4,8,0,7,76,23,13,13,7,8,6,8,0.6,0.6
2023-07-10T09:00:00,1376A,112.8383,22.8678,佛山市,高明孔堂,,11,1,13,7,5,74,35,29,26,7,6,6,5,0.6,0.6
2023-07-10T09:00:00,1377A,112.8836,23.1588,佛山市,三水监测站,,17,17,16,3,9,81,25,13,11,10,14,9,7,0.5,0.4
2023-07-10T09:00:00,1378A,112.867,23.185,佛山市,三水云东海,,22,22,20,13,9,89,28,18,16,11,13,10,7,0.5,0.4
2023-07-10T09:00:00,1379A,113.3769,22.5211,中山市,华柏园,,11,8,12,4,5,55,33,28,28,6,7,5,5,0.4,0.3
2023-07-10T09:00:00,1380A,113.3881,22.5497,中山市,张溪,,18,16,13,12,7,58,31,26,26,4,4,5,5,0.4,0.4
2023-07-10T09:00:00,1381A,113.4075,22.5111,中山市,紫马岭,,,,11,,4,58,34,27,27,,4,,5,0.2,0.2
2023-07-10T09:00:00,1382A,113.4411,22.4853,中山市,长江旅游区,,29,4,11,2,5,92,92,36,36,3,4,9,10,0.3,0.3
2023-07-10T09:00:00,1383A,113.1064,22.6058,江门市,北街,,,27,17,6,6,62,,15,15,6,8,5,4,0.5,0.4
2023-07-10T09:00:00,1384A,113.0731,22.5835,江门市,西区,,11,6,16,3,6,60,33,23,19,7,8,5,5,0.4,0.4
2023-07-10T09:00:00,1385A,113.0219,22.5311,江门市,圭峰西,,22,22,19,1,1,54,32,23,21,5,7,4,3,0.5,0.5
2023-07-10T09:00:00,1386A,113.0828,22.5947,江门市,东湖,,11,10,14,2,7,63,34,24,21,5,8,5,5,0.4,0.4
2023-07-10T09:00:00,1389A,113.7547,23.0494,东莞市,莞城梨川,,17,17,18,6,6,118,34,20,20,11,14,10,10,0.7,0.7
2023-07-10T09:00:00,1390A,113.7944,23.0128,东莞市,东城石井,,16,16,16,7,6,111,28,18,15,13,13,7,7,0.6,0.6
2023-07-10T09:00:00,1391A,113.7383,22.9658,东莞市,南城西平,,16,16,18,6,6,104,24,16,16,16,14,7,6,0.8,0.8
2023-07-10T09:00:00,1392A,114.4183,23.0528,惠州市,河南岸金山湖子站,,,,22,14,6,109,23,8,8,16,18,4,4,0.6,0.5
2023-07-10T09:00:00,1393A,114.4053,23.0822,惠州市,下埔横江三路子站,,32,32,18,5,6,107,31,12,12,8,14,5,6,0.6,0.6
2023-07-10T09:00:00,1394A,114.4103,23.1142,惠州市,江北云山西路子站,,34,34,19,3,8,122,28,13,13,6,11,4,4,0.4,0.4
2023-07-10T09:00:00,1395A,114.4645,22.7833,惠州市,惠阳区承修路船湖子站,,16,16,22,11,9,84,21,17,16,13,12,5,5,0.5,0.3
2023-07-10T09:00:00,1396A,114.5317,22.7422,惠州市,大亚湾管委会子站,,28,28,21,10,9,92,21,15,14,15,18,2,2,0.5,0.5
2023-07-10T09:00:00,1397A,112.4267,23.0706,肇庆市,睦岗子站,,19,19,19,7,9,72,31,25,18,8,10,44,14,0.5,0.5
2023-07-10T09:00:00,1398A,112.4645,23.0475,肇庆市,城中子站,,18,18,17,8,9,74,30,16,16,10,13,11,10,0.4,0.4
2023-07-10T09:00:00,1399A,112.5544,23.1522,肇庆市,坑口子站,,10,10,16,6,9,79,27,16,14,12,15,8,8,0.4,0.3
2023-07-10T09:00:00,1400A,112.4753,23.1,肇庆市,七星岩子站,,12,12,17,8,9,76,30,19,15,8,12,23,11,0.4,0.4
2023-07-10T09:00:00,1401A,108.3103,22.7881,南宁市,二十一中,,17,17,29,11,12,80,42,35,35,7,8,3,4,0.7,0.7
2023-07-10T09:00:00,1402A,108.3141,22.8528,南宁市,北湖,,16,14,25,11,12,86,42,36,36,8,7,6,6,0.7,0.6
2023-07-10T09:00:00,1403A,108.3206,22.8225,南宁市,市监测站,,34,34,24,13,12,82,39,35,35,15,12,5,6,0.6,0.6
2023-07-10T09:00:00,1404A,108.3829,22.8037,南宁市,大自然花园,,28,28,23,14,11,77,33,28,28,9,8,5,6,0.7,0.7
2023-07-10T09:00:00,1405A,108.4394,22.7904,南宁市,仙葫,,18,18,26,9,12,69,41,28,28,15,16,6,6,0.6,0.6
2023-07-10T09:00:00,1406A,108.2397,22.8467,南宁市,区农职院,,19,15,26,13,8,89,38,28,28,14,13,9,7,0.8,0.7
2023-07-10T09:00:00,1407A,108.3275,22.735,南宁市,英华嘉园,,29,29,27,10,10,61,38,25,25,11,14,5,5,0.6,0.6
2023-07-10T09:00:00,1408A,108.2257,22.7757,南宁市,沙井镇街道办,,41,41,24,16,8,82,33,18,18,12,13,14,7,0.6,0.6
2023-07-10T09:00:00,1409A,110.576,19.9507,海口市,东寨港,,,,,,,,,,,,,,,,
2023-07-10T09:00:00,1410A,110.3232,20.0574,海口市,海南大学,,19,16,15,13,7,93,27,24,22,11,9,5,6,0.4,0.3
2023-07-10T09:00:00,1411A,110.283,20.0053,海口市,秀英海南医院,,32,18,17,22,9,86,29,23,22,14,16,5,5,0.3,0.3
2023-07-10T09:00:00,1412A,110.338,19.9969,海口市,海南师范大学,,15,15,15,9,7,88,27,20,17,7,10,6,7,0.3,0.3
2023-07-10T09:00:00,1413A,110.33,20.0356,海口市,龙华路环保局宿舍,,16,16,14,8,6,91,30,27,25,9,9,6,6,0.2,0.3
2023-07-10T09:00:00,1414A,106.3787,29.8279,重庆市,缙云山,,36,36,33,14,18,205,61,107,72,12,13,11,8,0.5,0.4
2023-07-10T09:00:00,1416A,106.4213,29.8253,重庆市,天生,,32,26,38,22,25,182,55,48,40,19,20,10,6,1.0,0.9
2023-07-10T09:00:00,1417A,106.6263,29.7228,重庆市,两路,,35,35,31,24,17,224,35,59,40,34,36,8,8,1.1,1
2023-07-10T09:00:00,1418A,106.2953,29.5983,重庆市,虎溪,,42,38,40,29,28,177,27,24,20,38,29,5,5,0.9,0.7
2023-07-10T09:00:00,1419A,106.5777,29.5102,重庆市,南坪,,45,45,40,27,22,209,36,68,42,32,23,15,8,0.8,0.6
2023-07-10T09:00:00,1420A,106.6556,29.6277,重庆市,唐家沱,,33,32,35,23,21,269,17,8,8,41,36,13,10,1.2,0.8
2023-07-10T09:00:00,1421A,106.6349,29.4906,重庆市,茶园,颗粒物(PM10),52,53,53,30,25,232,54,56,52,39,37,11,6,1.2,0.9
2023-07-10T09:00:00,1422A,106.3754,29.4572,重庆市,白市驿,颗粒物(PM10),57,63,35,16,16,231,13,54,22,50,28,6,7,0.8,0.7
2023-07-10T09:00:00,1425A,106.6205,29.7166,重庆市,空港,,47,47,37,22,23,246,42,77,46,31,28,10,8,1.0,0.9
2023-07-10T09:00:00,1426A,106.4782,29.4875,重庆市,新山村,,41,41,44,24,19,222,31,42,35,42,32,10,7,0.6,0.5
2023-07-10T09:00:00,1427A,106.5616,29.6453,重庆市,礼嘉,,,46,47,20,22,272,,20,17,45,45,12,6,1.2,1
2023-07-10T09:00:00,1428A,106.4522,29.7091,重庆市,蔡家,颗粒物(PM10),56,61,47,25,21,203,37,66,43,43,24,7,6,1.3,0.9
2023-07-10T09:00:00,1429A,106.5093,29.3917,重庆市,鱼新街,,39,39,35,17,21,182,23,26,18,46,37,11,13,1.2,1
2023-07-10T09:00:00,1431A,103.9728,30.7236,成都市,金泉两河,颗粒物(PM10),64,78,62,41,36,260,37,136,61,35,17,12,5,0.7,0.6
2023-07-10T09:00:00,1432A,104.176,30.6872,成都市,十里店,颗粒物(PM10),59,67,53,36,33,200,39,110,73,56,16,4,3,0.7,0.6
2023-07-10T09:00:00,1433A,104.079,30.5706,成都市,三瓦窑,颗粒物(PM10),57,63,53,37,30,225,65,124,86,53,22,3,2,0.8,0.5
2023-07-10T09:00:00,1434A,104.1114,30.63,成都市,沙河铺,颗粒物(PM10),61,71,53,33,30,229,31,106,78,58,16,3,2,0.8,0.6
2023-07-10T09:00:00,1437A,104.0786,30.6531,成都市,君平街,细颗粒物(PM2.5),84,86,58,62,40,251,47,123,94,46,16,6,4,0.8,0.6
2023-07-10T09:00:00,1438A,103.613,31.0283,成都市,灵岩寺,,40,35,41,28,30,196,88,140,108,10,9,22,13,0.7,0.7
2023-07-10T09:00:00,1439A,106.6899,26.5998,贵阳市,马鞍山,,22,22,16,7,6,70,57,67,65,12,10,5,5,0.4,0.4
2023-07-10T09:00:00,1440A,106.6971,26.5694,贵阳市,市环保站,,29,29,21,12,16,65,48,63,59,20,16,5,4,0.2,0.3
2023-07-10T09:00:00,1441A,106.6243,26.6266,贵阳市,鉴湖路,,19,19,21,12,12,72,57,70,67,6,7,4,3,0.2,0.2
2023-07-10T09:00:00,1442A,106.7487,26.6343,贵阳市,燕子冲,,20,9,17,14,14,66,55,61,60,11,12,7,6,0.5,0.6
2023-07-10T09:00:00,1443A,106.6555,26.4365,贵阳市,碧云窝,,24,24,23,7,10,62,56,60,59,7,7,5,5,0.5,0.6
2023-07-10T09:00:00,1444A,106.694,26.5161,贵阳市,中院村,,22,22,27,12,11,54,50,52,51,9,10,5,5,0.5,0.4
2023-07-10T09:00:00,1445A,106.7109,26.6027,贵阳市,红边门,,31,31,25,17,17,63,46,58,56,18,17,6,5,0.6,0.5
2023-07-10T09:00:00,1446A,106.7164,26.5699,贵阳市,新华路,,25,22,20,17,12,69,60,64,63,10,13,6,4,0.4,0.3
2023-07-10T09:00:00,1447A,106.674,26.5424,贵阳市,太慈桥,,29,29,25,5,7,63,54,59,58,10,10,5,4,0.4,0.3
2023-07-10T09:00:00,1450A,102.8204,24.8886,昆明市,呈贡新区,,24,24,18,9,10,57,25,34,30,13,12,8,7,0.7,0.6
2023-07-10T09:00:00,1451A,102.6251,24.9608,昆明市,西山森林公园,,,7,9,,6,58,31,37,34,8,8,7,7,0.6,0.7
2023-07-10T09:00:00,1452A,102.7252,25.0902,昆明市,龙泉镇,,21,21,15,5,8,46,13,25,24,18,15,7,7,0.6,0.5
2023-07-10T09:00:00,1453A,102.7266,25.0375,昆明市,东风东路,,9,8,15,4,8,45,18,32,24,18,17,3,4,0.3,0.4
2023-07-10T09:00:00,1454A,102.6742,25.0669,昆明市,金鼎山,,21,21,17,12,10,52,13,30,27,22,14,3,3,0.6,0.4
2023-07-10T09:00:00,1455A,102.6644,25.0401,昆明市,碧鸡广场,,13,13,16,2,7,50,13,25,24,20,16,5,5,0.6,0.5
2023-07-10T09:00:00,1456A,91.1319,29.6514,拉萨市,八廓街,,30,9,15,7,9,140,96,110,108,12,7,5,5,0.2,0.2
2023-07-10T09:00:00,1457A,91.1221,29.6747,拉萨市,市环保局,,25,14,14,7,7,129,80,101,98,26,16,8,7,0.3,0.2
2023-07-10T09:00:00,1458A,91.0874,29.6475,拉萨市,区监测站,,21,12,13,5,7,136,67,109,103,34,16,8,8,0.3,0.3
2023-07-10T09:00:00,1459A,91.1774,29.6541,拉萨市,西藏大学,,31,6,10,7,6,118,97,109,107,10,8,9,10,0.2,0.1
2023-07-10T09:00:00,1460A,90.9798,29.6588,拉萨市,区辐射站,,26,14,17,7,8,120,81,94,89,14,15,10,10,0.2,0.2
2023-07-10T09:00:00,1461A,91.0834,29.6292,拉萨市,拉萨火车站,,26,26,14,7,6,128,62,95,90,28,10,9,10,0.2,0.2
2023-07-10T09:00:00,1462A,108.882,34.2749,西安市,高压开关厂,颗粒物(PM10),75,100,81,35,34,365,90,50,45,45,41,16,10,0.9,0.7
2023-07-10T09:00:00,1463A,108.993,34.2629,西安市,兴庆小区,颗粒物(PM10),71,91,72,36,29,318,75,67,56,41,27,10,8,0.9,0.8
2023-07-10T09:00:00,1464A,109.06,34.2572,西安市,纺织城,颗粒物(PM10),81,111,73,47,29,324,65,33,17,53,42,9,6,0.8,0.6
2023-07-10T09:00:00,1465A,108.9356,34.2173,西安市,小寨,颗粒物(PM10),52,53,57,24,23,312,78,63,51,39,27,8,7,0.7,0.5
2023-07-10T09:00:00,1466A,108.954,34.2713,西安市,市人民体育场,颗粒物(PM10),79,108,78,41,32,344,83,62,39,43,36,12,8,0.8,0.6
2023-07-10T09:00:00,1467A,108.8922,34.2322,西安市,高新西区,颗粒物(PM10),66,82,61,34,28,348,63,74,46,58,28,10,8,0.9,0.7
2023-07-10T09:00:00,1468A,108.935,34.3474,西安市,经开区,颗粒物(PM10),71,92,84,26,32,306,91,75,75,20,29,4,4,0.8,0.6
2023-07-10T09:00:00,1469A,108.906,34.1546,西安市,长安区,颗粒物(PM10),71,91,72,20,25,313,69,34,27,38,33,4,4,0.5,0.5
2023-07-10T09:00:00,1471A,109.2186,34.3731,西安市,临潼区,颗粒物(PM10),97,143,98,64,39,337,60,52,40,54,41,13,10,0.9,0.6
2023-07-10T09:00:00,1472A,108.869,34.378,西安市,草滩,颗粒物(PM10),68,86,83,28,24,382,106,95,70,23,31,19,15,1.2,0.9
2023-07-10T09:00:00,1473A,108.985,34.1978,西安市,曲江文化产业集团,,49,49,69,23,22,298,80,53,53,31,30,6,5,0.5,0.4
2023-07-10T09:00:00,1474A,109.051,34.3213,西安市,广运潭,颗粒物(PM10),74,98,86,48,36,322,73,52,52,34,35,13,10,0.9,0.7
2023-07-10T09:00:00,1476A,103.631,36.1031,兰州市,兰炼宾馆,,48,48,48,17,20,231,84,104,65,25,22,6,9,0.4,0.5
2023-07-10T09:00:00,1477A,104.1373,35.9454,兰州市,榆中兰大校区,,,,,,,,,,,,,,,,
2023-07-10T09:00:00,1478A,103.8412,36.0726,兰州市,生物制品所,,44,44,44,28,23,190,96,108,88,17,22,8,8,0.6,0.5
2023-07-10T09:00:00,1479A,103.831,36.0464,兰州市,铁路设计院,颗粒物(PM10),55,60,43,16,18,184,71,96,73,34,26,8,7,0.4,0.3
2023-07-10T09:00:00,1483A,101.524,36.6867,西宁市,第五水厂,,,,,,,,,,,,,,,,
2023-07-10T09:00:00,1484A,105.9512,38.6016,银川市,贺兰山马莲口,,35,19,15,8,10,201,112,124,118,22,8,43,8,1.8,0.4
2023-07-10T09:00:00,1488A,106.2328,38.4975,银川市,贺兰山东路,,,39,30,,12,223,,118,90,42,28,8,8,0.4,0.3
2023-07-10T09:00:00,1489A,106.1358,38.5036,银川市,学院路,颗粒物(PM10),61,72,35,18,12,216,56,78,70,49,27,9,9,0.5,0.4
2023-07-10T09:00:00,1490A,87.5801,43.8303,乌鲁木齐市,监测站,,19,6,20,8,11,116,41,80,69,38,19,7,8,0.3,0.3
2023-07-10T09:00:00,1491A,87.6046,43.768,乌鲁木齐市,收费所,颗粒物(PM10),59,68,43,34,21,99,24,73,59,15,21,2,3,0.3,0.4
2023-07-10T09:00:00,1492A,87.4754,43.9469,乌鲁木齐市,新疆农科院农场,,,,39,7,14,118,26,77,67,74,25,10,11,0.9,0.8
2023-07-10T09:00:00,1493A,87.5525,43.8711,乌鲁木齐市,铁路局,,18,18,19,2,7,114,27,72,59,33,20,7,8,0.6,0.6
2023-07-10T09:00:00,1494A,87.6432,43.831,乌鲁木齐市,三十一中学,,,6,17,,15,111,65,82,80,19,17,2,3,0.4,0.4
2023-07-10T09:00:00,1496A,87.7216,44.1747,乌鲁木齐市,米东区环保局,,20,8,20,13,14,98,62,69,69,17,11,4,4,0.5,0.5
2023-07-10T09:00:00,1508A,112.9433,27.8614,湘潭市,板塘,,34,34,29,14,15,94,61,49,37,14,12,16,12,0.5,0.5
2023-07-10T09:00:00,1511A,112.9118,27.8403,湘潭市,市监测站,,27,27,29,13,15,94,67,50,37,9,12,17,17,0.5,0.7
2023-07-10T09:00:00,1512A,112.8937,27.8728,湘潭市,江麓,,38,38,34,18,17,100,57,32,28,20,19,29,23,1.0,0.5
2023-07-10T09:00:00,1513A,112.9227,27.8159,湘潭市,岳塘,,32,32,27,9,13,98,68,49,38,9,10,19,9,0.4,0.4
2023-07-10T09:00:00,1514A,112.9074,27.9119,湘潭市,科大,,44,44,31,20,18,111,64,39,32,14,10,26,17,1.1,0.7
2023-07-10T09:00:00,1515A,113.135,27.8244,株洲市,天台山庄,,,27,26,10,13,105,,48,42,5,5,11,6,0.4,0.3
2023-07-10T09:00:00,1518A,113.095,27.8867,株洲市,株冶医院,,27,27,27,12,12,104,66,55,44,9,7,7,4,0.3,0.3
2023-07-10T09:00:00,1519A,113.167,27.8667,株洲市,市四中,,26,26,27,10,13,102,62,48,42,5,4,10,7,0.6,0.6
2023-07-10T09:00:00,1520A,113.143,27.8381,株洲市,火车站,,24,24,25,9,16,104,66,53,46,4,4,10,6,0.6,0.5
2023-07-10T09:00:00,1524A,113.13,27.8528,株洲市,市监测站,,29,29,27,16,15,108,68,53,48,6,6,10,6,0.6,0.5
2023-07-10T09:00:00,1552A,106.805,26.3003,贵阳市,桐木岭,,20,19,27,14,17,54,51,50,50,1,3,2,2,0.4,0.4
2023-07-10T09:00:00,1559A,113.251,27.8336,株洲市,大京风景区,,17,14,22,2,7,91,54,49,38,3,4,4,4,0.3,0.3
2023-07-10T09:00:00,1562A,113.0048,27.9153,湘潭市,昭山,,29,29,31,12,14,102,67,48,38,10,11,14,8,0.3,0.2
2023-07-10T09:00:00,1564A,112.4876,27.9164,湘潭市,韶山,,20,16,23,6,8,86,61,52,52,6,6,7,6,0.3,0.3
2023-07-10T09:00:00,1585A,109.8756,40.6532,包头市,市环境监测站,颗粒物(PM10),68,85,51,34,19,186,56,21,16,41,48,33,19,0.7,0.8
2023-07-10T09:00:00,1587A,109.9991,40.5842,包头市,包头八中,颗粒物(PM10),63,75,63,26,23,203,73,39,39,29,45,22,20,0.8,1
2023-07-10T09:00:00,1588A,109.8538,40.6821,包头市,青山宾馆,颗粒物(PM10),58,65,44,28,17,180,50,19,19,56,46,32,16,1.2,0.8
2023-07-10T09:00:00,1589A,109.8642,40.6288,包头市,惠龙物流,,,80,48,30,15,180,,33,25,33,46,21,21,0.6,0.9
2023-07-10T09:00:00,1590A,110.0377,40.5546,包头市,东河鸿龙湾,,43,43,40,6,14,199,71,46,46,27,40,16,17,0.4,0.6
2023-07-10T09:00:00,1591A,110.0023,39.8129,鄂尔多斯市,综合楼,颗粒物(PM10),70,90,57,31,11,121,113,68,68,30,32,12,13,0.7,0.6
2023-07-10T09:00:00,1592A,109.9486,39.8261,鄂尔多斯市,巴音孟克林场办事处,颗粒物(PM10),54,58,57,14,21,131,121,74,74,32,31,11,17,0.7,0.7
2023-07-10T09:00:00,1593A,109.7736,39.5986,鄂尔多斯市,康泽苑,颗粒物(PM10),67,83,31,12,3,120,51,43,26,48,22,12,6,0.6,0.4
2023-07-10T09:00:00,1594A,109.8119,39.5989,鄂尔多斯市,华泰汽车城,颗粒物(PM10),73,95,38,19,11,122,46,13,13,51,38,16,7,0.7,0.5
2023-07-10T09:00:00,1595A,109.9734,39.7884,鄂尔多斯市,奥林花园,颗粒物(PM10),62,73,64,17,16,125,100,33,33,24,36,11,8,0.7,0.6
2023-07-10T09:00:00,1597A,122.2703,40.7094,营口市,大庆路,,31,26,23,19,17,137,98,110,97,11,8,4,4,0.7,0.7
2023-07-10T09:00:00,1598A,122.2150,40.6511,营口市,镜湖西路,,35,32,23,24,17,125,103,102,93,9,8,4,6,0.5,0.5
2023-07-10T09:00:00,1599A,122.1658,40.6789,营口市,西炮台,,32,25,19,18,15,126,102,113,100,9,8,8,7,0.6,0.6
2023-07-10T09:00:00,1600A,124.3303,40.0625,丹东市,江湾东路,,50,41,14,35,8,128,99,104,104,15,8,3,6,0.7,0.6
2023-07-10T09:00:00,1601A,124.4256,40.1503,丹东市,临江后街,,,22,14,18,8,136,,100,100,6,5,6,6,0.8,0.6
2023-07-10T09:00:00,1602A,124.3933,40.1461,丹东市,元宝山,,31,31,17,21,11,111,93,84,84,14,7,4,4,0.6,0.4
2023-07-10T09:00:00,1603A,124.3633,40.1092,丹东市,民主桥,,35,24,17,18,10,125,109,100,100,8,7,5,6,0.6,0.6
2023-07-10T09:00:00,1604A,122.0303,41.1489,盘锦市,开发区,,29,5,23,12,16,135,92,56,56,12,21,3,4,0.8,0.8
2023-07-10T09:00:00,1605A,122.0485,41.0883,盘锦市,兴隆台,,,21,22,17,13,130,,55,54,15,22,2,3,0.4,0.5
2023-07-10T09:00:00,1606A,121.8297,41.1028,盘锦市,新生街道,,33,14,18,7,10,141,104,57,57,8,19,5,8,0.5,0.5
2023-07-10T09:00:00,1607A,120.9092,40.7136,葫芦岛市,龙港区,,31,19,38,9,25,131,98,41,41,19,25,8,12,0.5,0.5
2023-07-10T09:00:00,1608A,120.8392,40.7514,葫芦岛市,化工街,,48,48,38,22,17,138,65,25,25,58,36,21,13,0.8,0.7
2023-07-10T09:00:00,1609A,120.8341,40.7073,葫芦岛市,新区,,37,25,31,15,20,129,118,37,37,31,29,7,5,0.8,0.6
2023-07-10T09:00:00,1610A,120.8695,40.7677,葫芦岛市,东城区,颗粒物(PM10),59,68,39,20,18,141,59,24,24,60,39,29,15,0.9,0.5
2023-07-10T09:00:00,1611A,118.5819,24.9117,泉州市,涂山街,颗粒物(PM10),66,81,48,28,20,197,77,33,32,35,21,14,12,0.8,0.6
2023-07-10T09:00:00,1612A,118.5972,24.8978,泉州市,津头埔,颗粒物(PM10),67,83,46,38,21,196,52,29,20,49,26,17,10,0.8,0.6
2023-07-10T09:00:00,1613A,118.6663,24.9424,泉州市,万安,颗粒物(PM10),56,61,47,23,21,201,47,41,21,27,20,10,10,0.6,0.5
2023-07-10T09:00:00,1614A,118.6117,24.9604,泉州市,清源山,,,,,,,,,,,,,,,,
2023-07-10T09:00:00,1616A,117.6795,36.229,济南市,技术学院,颗粒物(PM10),57,63,54,24,28,211,105,141,70,29,25,13,11,1.3,1.2
2023-07-10T09:00:00,1618A,118.3429,35.0532,临沂市,沂河小区,颗粒物(PM10),53,56,59,25,35,205,49,43,27,20,27,10,6,0.5,0.4
2023-07-10T09:00:00,1619A,118.295,35.0583,临沂市,鲁南制药厂,,48,48,62,24,34,216,65,58,38,16,29,9,7,0.6,0.7
2023-07-10T09:00:00,1620A,118.2794,34.9976,临沂市,新光毛纺厂,,39,39,47,26,32,195,70,40,36,13,24,12,9,0.4,0.5
2023-07-10T09:00:00,1621A,118.3956,35.0888,临沂市,河东保险公司,,48,48,46,28,27,210,59,36,34,18,25,7,7,0.6,0.5
2023-07-10T09:00:00,1622A,116.3032,37.4674,德州市,儿童乐园,颗粒物(PM10),56,61,37,27,14,194,103,134,102,18,19,10,9,0.9,0.5
2023-07-10T09:00:00,1624A,116.2991,37.4451,德州市,监理站,颗粒物(PM10),54,58,36,31,13,189,93,112,92,17,18,14,11,0.7,0.4
2023-07-10T09:00:00,1625A,115.9848,36.4372,聊城市,区政府,,48,48,51,23,24,239,90,118,89,16,17,7,9,0.9,0.8
2023-07-10T09:00:00,1628A,118.0062,37.3803,滨州市,市环保局,细颗粒物(PM2.5),65,75,44,47,24,221,146,124,75,45,24,10,9,1.1,0.7
2023-07-10T09:00:00,1629A,118.0018,37.3617,滨州市,第二水厂,颗粒物(PM10),67,83,51,39,22,223,148,122,69,48,28,7,7,0.9,0.5
2023-07-10T09:00:00,1630A,117.9776,37.393,滨州市,北中新校,颗粒物(PM10),68,85,48,35,20,222,134,136,71,39,20,3,5,1.0,0.6
2023-07-10T09:00:00,1631A,118.0414,36.8103,淄博市,人民公园,,48,48,52,17,21,268,130,108,108,22,30,14,17,0.6,0.7
2023-07-10T09:00:00,1633A,117.8525,36.4847,淄博市,双山,,38,35,40,21,23,204,119,136,120,14,14,11,10,0.7,0.6
2023-07-10T09:00:00,1634A,117.9592,36.6331,淄博市,气象站,,40,36,48,27,25,201,127,127,125,12,19,9,9,0.3,0.3
2023-07-10T09:00:00,1635A,118.3092,36.8194,淄博市,莆田园,,,85,54,56,29,285,,134,121,57,29,10,13,1.2,0.8
2023-07-10T09:00:00,1637A,117.558,34.8438,枣庄市,市中区政府,颗粒物(PM10),53,56,51,24,27,210,65,149,96,33,18,7,9,0.4,0.4
2023-07-10T09:00:00,1638A,117.2852,34.7837,枣庄市,薛城环保局,颗粒物(PM10),55,59,58,14,22,188,94,102,77,19,18,10,8,0.6,0.5
2023-07-10T09:00:00,1639A,117.5852,34.7745,枣庄市,峄城区政府,,41,41,56,17,22,203,67,106,46,23,24,10,9,0.6,0.6
2023-07-10T09:00:00,1640A,117.7276,34.5578,枣庄市,台儿庄区环保局,,32,31,45,22,24,194,80,73,41,15,23,6,7,0.7,0.7
2023-07-10T09:00:00,1641A,117.4518,35.0992,枣庄市,山亭区环保局,,48,48,47,24,27,229,84,94,81,13,15,9,8,0.3,0.3
2023-07-10T09:00:00,1642A,121.2514,37.5639,烟台市,开发区,颗粒物(PM10),52,53,46,14,25,294,104,130,88,33,16,10,9,0.9,0.9
2023-07-10T09:00:00,1643A,121.3719,37.5433,烟台市,轴承厂,,46,34,40,14,20,261,146,147,115,12,11,4,4,0.4,0.4
2023-07-10T09:00:00,1644A,121.3181,37.5436,烟台市,西郊化工站,,48,48,40,10,16,279,120,158,104,22,13,6,6,0.4,0.5
2023-07-10T09:00:00,1645A,121.4478,37.4822,烟台市,莱山环保局,,44,44,32,14,17,234,133,154,110,14,12,6,6,0.6,0.5
2023-07-10T09:00:00,1646A,121.2611,37.4967,烟台市,福山环保局,,48,48,49,5,15,287,108,130,77,21,19,7,7,0.7,0.7
2023-07-10T09:00:00,1650A,119.1437,36.7023,潍坊市,环保局,颗粒物(PM10),56,61,32,25,18,242,130,121,98,28,17,10,9,0.7,0.5
2023-07-10T09:00:00,1653A,116.6251,35.4302,济宁市,火炬城,,49,49,47,22,24,177,78,133,72,4,7,3,4,0.7,0.6
2023-07-10T09:00:00,1655A,116.5491,35.4042,济宁市,电化厂,,45,43,46,31,28,185,85,142,80,3,7,4,4,0.6,0.6
2023-07-10T09:00:00,1656A,117.1437,36.1937,泰安市,监测站,,,66,51,30,25,226,,143,82,22,16,11,8,0.6,0.3
2023-07-10T09:00:00,1657A,117.0885,36.2017,泰安市,人口学校,,48,48,38,23,18,231,87,174,115,18,14,12,9,0.5,0.5
2023-07-10T09:00:00,1658A,117.1089,36.1758,泰安市,电力学校,颗粒物(PM10),56,61,47,28,24,229,77,128,84,19,16,7,8,0.4,0.2
2023-07-10T09:00:00,1659A,119.471,35.4209,日照市,监测站,颗粒物(PM10),54,58,44,31,27,210,73,116,66,25,26,4,5,0.7,0.8
2023-07-10T09:00:00,1660A,119.523,35.4216,日照市,市政府广场,细颗粒物(PM2.5),53,53,46,37,28,204,70,128,86,18,19,9,10,0.7,0.9
2023-07-10T09:00:00,1661A,119.5587,35.4044,日照市,港务局,颗粒物(PM10),60,70,56,27,24,208,65,140,91,41,32,14,12,1.2,1.1
2023-07-10T09:00:00,1662A,122.1214,37.4236,威海市,华夏技校,,42,29,27,22,20,167,133,134,103,15,11,9,5,0.4,0.4
2023-07-10T09:00:00,1663A,122.0508,37.5236,威海市,山大分校,,45,42,28,20,21,187,143,159,117,15,11,11,10,0.4,0.4
2023-07-10T09:00:00,1664A,122.1067,37.5072,威海市,市监测站,,42,37,30,22,24,158,134,129,99,23,20,9,7,0.7,0.6
2023-07-10T09:00:00,1666A,118.6614,37.4309,东营市,市环保局,颗粒物(PM10),60,70,39,36,19,206,143,114,95,23,15,24,10,0.9,0.4
2023-07-10T09:00:00,1669A,113.5824,24.7733,韶关市,市八中,,35,35,29,12,13,110,31,57,34,15,12,14,11,0.4,0.4
2023-07-10T09:00:00,1671A,113.5917,24.7972,韶关市,园林处,,33,33,26,20,21,101,28,56,34,17,14,14,12,0.5,0.4
2023-07-10T09:00:00,1672A,113.6735,24.7791,韶关市,韶关学院,,40,40,28,15,14,102,43,51,39,16,13,10,9,0.5,0.4
2023-07-10T09:00:00,1673A,113.5971,24.6863,韶关市,曲江监测站,,28,28,27,10,13,115,33,55,34,14,12,14,10,0.6,0.6
2023-07-10T09:00:00,1674A,116.6794,23.3667,汕头市,金平子站,,40,24,19,28,16,80,60,46,39,8,7,5,4,0.6,0.5
2023-07-10T09:00:00,1675A,116.7244,23.3633,汕头市,龙湖子站,,20,20,19,11,8,92,63,50,43,10,10,5,4,0.6,0.6
2023-07-10T09:00:00,1676A,116.7258,23.2775,汕头市,濠江子站,,23,23,22,10,10,71,41,36,33,9,10,8,9,0.6,0.5
2023-07-10T09:00:00,1677A,116.7519,23.4714,汕头市,澄海子站,,24,24,24,14,11,84,65,45,45,13,14,6,6,0.6,0.6
2023-07-10T09:00:00,1678A,116.6092,23.2539,汕头市,潮阳子站,,14,14,19,7,7,79,37,51,39,5,5,10,10,0.6,0.6
2023-07-10T09:00:00,1680A,110.3539,21.2706,湛江市,湛江影剧院,,,26,21,,7,80,36,23,22,11,9,,6,,0.6
2023-07-10T09:00:00,1681A,110.3928,21.2228,湛江市,市环境监测站,,23,23,38,16,14,75,37,26,26,11,7,7,6,0.4,0.4
2023-07-10T09:00:00,1682A,110.4019,21.1997,湛江市,环保局宿舍,,20,20,17,14,7,79,42,24,24,9,7,6,6,0.5,0.5
2023-07-10T09:00:00,1683A,110.4111,21.2028,湛江市,霞山游泳场,,24,24,16,12,6,72,44,30,30,14,8,8,7,0.6,0.5
2023-07-10T09:00:00,1684A,110.3316,21.2679,湛江市,麻章区环保局,,24,24,24,12,6,84,38,20,20,10,11,15,6,0.6,0.6
2023-07-10T09:00:00,1685A,110.4558,21.2567,湛江市,坡头区环保局,,18,18,17,5,5,67,35,27,27,15,5,6,6,0.5,0.4
2023-07-10T09:00:00,1686A,111.0286,21.4688,茂名市,电白南海,,17,17,14,7,6,48,48,45,45,3,2,4,4,0.5,0.5
2023-07-10T09:00:00,1687A,110.9294,21.6533,茂名市,茂石化七小,,20,20,12,8,5,46,42,36,36,6,6,4,4,0.5,0.4
2023-07-10T09:00:00,1688A,110.9107,21.6687,茂名市,健康路,,14,14,10,1,1,52,42,40,40,5,4,4,4,0.6,0.5
2023-07-10T09:00:00,1689A,110.8592,21.6828,茂名市,高岭,,41,41,29,12,10,51,43,38,38,6,5,3,4,0.5,0.5
2023-07-10T09:00:00,1690A,116.1231,24.3284,梅州市,梅江月梅,,23,23,24,15,12,85,58,24,24,12,15,4,3,0.6,0.5
2023-07-10T09:00:00,1691A,116.0797,24.2719,梅州市,梅县新城,,33,33,28,10,14,87,60,28,28,8,18,5,4,0.5,0.5
2023-07-10T09:00:00,1692A,116.1248,24.2654,梅州市,环境监控中心,,21,21,22,8,11,83,58,45,42,9,15,2,3,0.5,0.5
2023-07-10T09:00:00,1693A,115.3653,22.775,汕尾市,市环保局,,12,12,12,4,4,60,26,27,22,8,8,7,7,0.6,0.5
2023-07-10T09:00:00,1694A,115.3706,22.7898,汕尾市,市政府,,14,14,10,3,4,60,25,26,22,7,6,5,4,0.5,0.5
2023-07-10T09:00:00,1695A,115.3622,22.7925,汕尾市,新城中学,,12,12,15,6,6,59,25,26,23,7,6,9,7,0.5,0.4
2023-07-10T09:00:00,1696A,114.6778,23.7569,河源市,源西,,24,24,26,6,15,103,24,37,16,14,13,4,4,0.6,0.6
2023-07-10T09:00:00,1697A,114.6944,23.7586,河源市,东埔,颗粒物(PM10),52,54,32,2,11,108,24,35,15,15,14,5,5,0.5,0.4
2023-07-10T09:00:00,1698A,114.6892,23.7233,河源市,老城,,21,21,40,8,14,104,23,34,14,15,17,5,4,0.6,0.6
2023-07-10T09:00:00,1699A,111.9797,21.8593,阳江市,鸳鸯湖,,17,17,14,4,2,42,39,32,31,5,4,5,5,0.6,0.5
2023-07-10T09:00:00,1701A,111.9491,21.8658,阳江市,马南垌,,12,10,13,8,7,46,26,31,24,14,7,10,6,0.6,0.4
2023-07-10T09:00:00,1702A,113.0426,23.691,清远市,环保大楼,,32,32,25,12,12,116,23,17,10,14,12,13,9,0.4,0.3
2023-07-10T09:00:00,1703A,113.0208,23.7106,清远市,凤城街办,,32,32,24,14,12,98,21,15,11,12,11,14,9,0.5,0.4
2023-07-10T09:00:00,1705A,116.6367,23.6719,潮州市,西园路,,43,31,30,30,18,75,63,41,30,13,10,9,6,0.5,0.3
2023-07-10T09:00:00,1706A,116.6447,23.6706,潮州市,档案局,,42,31,29,29,15,90,62,46,33,10,8,9,8,0.7,0.5
2023-07-10T09:00:00,1708A,116.3701,23.5345,揭阳市,新兴,,,,22,13,12,69,50,40,35,4,4,6,7,0.6,0.6
2023-07-10T09:00:00,1709A,116.3264,23.5443,揭阳市,西马,,,,,,,,,,,,,,,,
2023-07-10T09:00:00,1710A,116.3611,23.5626,揭阳市,东兴,,17,9,24,9,10,70,54,43,36,1,3,2,2,0.6,0.6
2023-07-10T09:00:00,1711A,116.4151,23.5294,揭阳市,渔湖,,22,22,24,4,14,68,52,41,38,4,3,4,4,0.6,0.5
2023-07-10T09:00:00,1712A,112.0392,22.9169,云浮市,新市府,,11,9,9,3,6,55,35,26,24,1,2,4,4,0.6,0.6
2023-07-10T09:00:00,1714A,112.0539,22.9539,云浮市,牧羊,,27,27,19,7,7,53,30,25,22,9,10,9,31,0.5,0.5
2023-07-10T09:00:00,1715A,102.575,24.3711,玉溪市,东风水库,,15,15,12,4,6,54,21,30,25,13,11,7,8,0.7,0.7
2023-07-10T09:00:00,1718A,115.4208,35.2464,菏泽市,气象局,,48,48,53,25,22,248,83,85,64,7,10,3,6,0.3,0.5
2023-07-10T09:00:00,1719A,115.4747,35.2375,菏泽市,市政协,,,,51,,24,252,64,88,65,,10,,10,0.3,0.3
2023-07-10T09:00:00,1721A,113.3819,40.1097,大同市,果树场,细颗粒物(PM2.5),72,82,50,52,23,132,60,24,14,41,32,16,7,0.6,0.4
2023-07-10T09:00:00,1723A,113.2994,40.0758,大同市,云冈宾馆,颗粒物(PM10),54,57,46,17,17,148,73,49,49,38,27,18,12,1.0,0.7
2023-07-10T09:00:00,1724A,113.3444,40.0917,大同市,大同大学,,,,48,,18,146,,48,47,27,23,29,16,0.9,0.7
2023-07-10T09:00:00,1725A,113.2661,40.1269,大同市,安家小村,颗粒物(PM10),61,71,53,16,16,140,83,49,39,28,19,25,11,1.8,0.7
2023-07-10T09:00:00,1726A,113.2711,40.0844,大同市,教育学院,颗粒物(PM10),53,55,48,24,14,137,65,54,39,40,29,22,13,1.1,0.6
2023-07-10T09:00:00,1727A,113.1147,36.1547,长治市,清华站,颗粒物(PM10),62,73,50,29,16,182,40,157,58,53,25,22,14,0.9,0.7
2023-07-10T09:00:00,1728A,113.1031,36.1989,长治市,监测站,颗粒物(PM10),59,68,43,29,18,185,42,138,41,55,35,21,16,1.3,0.8
2023-07-10T09:00:00,1730A,113.0886,36.2125,长治市,审计局,颗粒物(PM10),59,67,38,34,18,175,39,108,29,44,28,18,14,1.2,0.8
2023-07-10T09:00:00,1731A,113.0844,36.1856,长治市,长治八中,,,,,,,,,,,,,,,,
2023-07-10T09:00:00,1733A,111.5531,36.0783,临汾市,临钢医院,颗粒物(PM10),75,100,60,32,27,181,57,74,58,48,29,18,9,1.1,0.7
2023-07-10T09:00:00,1734A,111.5028,36.0714,临汾市,技工学校,颗粒物(PM10),55,60,54,8,10,212,79,72,61,38,32,15,10,0.6,0.4
2023-07-10T09:00:00,1736A,111.5018,36.0855,临汾市,市委,颗粒物(PM10),60,70,52,26,18,207,73,70,57,40,32,13,14,0.7,1
2023-07-10T09:00:00,1738A,113.5758,37.8572,阳泉市,市中心,颗粒物(PM10),55,60,37,15,13,153,68,31,31,59,51,20,10,1.0,0.7
2023-07-10T09:00:00,1739A,113.4894,37.8731,阳泉市,赛鱼,,39,39,42,11,13,152,108,41,41,42,53,13,9,0.6,0.6
2023-07-10T09:00:00,1740A,113.5819,37.8486,阳泉市,南庄,颗粒物(PM10),69,88,47,22,16,156,74,45,45,57,37,31,13,0.9,0.6
2023-07-10T09:00:00,1742A,113.5614,37.8703,阳泉市,平坦,颗粒物(PM10),61,72,38,30,15,154,66,51,44,65,50,16,10,1.2,0.6
2023-07-10T09:00:00,1743A,113.5158,37.8392,阳泉市,大阳泉,,37,32,25,21,17,181,116,179,124,24,14,12,9,0.6,0.5
2023-07-10T09:00:00,1744A,118.9233,42.2816,赤峰市,松山一中,,22,22,13,4,4,107,63,56,47,26,24,11,10,0.4,0.4
2023-07-10T09:00:00,1745A,118.9576,42.2728,赤峰市,哈达街,,23,23,18,5,3,112,62,66,52,27,19,14,15,0.6,0.4
2023-07-10T09:00:00,1746A,118.8788,42.2554,赤峰市,天义路,,27,27,11,9,5,115,72,70,55,19,16,16,15,0.2,0.2
2023-07-10T09:00:00,1748A,123.044,41.1196,鞍山市,深沟寺,,45,44,36,31,28,146,105,74,74,14,13,12,9,1.3,1.1
2023-07-10T09:00:00,1749A,123.011,41.0931,鞍山市,太阳城,,39,39,45,23,25,148,104,70,70,18,18,9,7,1.2,1.2
2023-07-10T09:00:00,1750A,123.0485,41.1442,鞍山市,太平,,,,67,,28,147,98,77,77,,14,,7,1.4,1
2023-07-10T09:00:00,1751A,122.9642,41.0971,鞍山市,铁西三道街,"颗粒物(PM10),细颗粒物(PM2.5)",59,68,46,42,30,161,96,70,70,16,13,6,5,1.7,1.3
2023-07-10T09:00:00,1752A,122.9341,41.0833,鞍山市,铁西工业园区,细颗粒物(PM2.5),59,66,43,42,26,145,88,60,60,18,16,6,5,1.8,1.4
2023-07-10T09:00:00,1753A,123.022,41.0821,鞍山市,明达新区,,43,43,34,26,26,139,101,70,70,17,18,7,6,1.2,1.2
2023-07-10T09:00:00,1754A,123.1289,41.0228,鞍山市,千山,,,,,,,,,,,,,,,,
2023-07-10T09:00:00,1755A,123.7977,41.8491,抚顺市,望花区,,41,41,27,28,19,141,84,60,60,17,20,4,4,0.5,0.5
2023-07-10T09:00:00,1756A,123.9161,41.8822,抚顺市,顺城区,,39,39,29,26,21,152,75,63,58,22,16,7,5,0.6,0.7
2023-07-10T09:00:00,1757A,124.0436,41.8611,抚顺市,东洲区,,35,34,26,24,15,158,79,62,59,17,13,7,6,0.6,0.6
2023-07-10T09:00:00,1758A,123.9247,41.8642,抚顺市,新抚区,,50,47,30,35,23,143,76,56,56,16,15,5,6,0.7,0.7
2023-07-10T09:00:00,1759A,124.0972,41.8961,抚顺市,大伙房水库,,,40,26,28,19,146,77,69,51,9,8,,5,,0.7
2023-07-10T09:00:00,1760A,123.7086,41.8391,抚顺市,沈抚新城,,26,26,23,18,18,132,80,52,52,14,18,6,6,0.7,0.6
2023-07-10T09:00:00,1761A,123.8275,41.3064,本溪市,大峪,,31,31,34,12,11,120,91,60,55,9,16,5,4,0.7,0.7
2023-07-10T09:00:00,1762A,123.7567,41.3325,本溪市,溪湖,,42,42,36,28,20,108,66,47,32,18,21,4,6,1.7,1.7
2023-07-10T09:00:00,1763A,123.7169,41.3094,本溪市,彩屯,,42,42,35,24,19,110,74,42,42,16,21,8,9,1.3,1.5
2023-07-10T09:00:00,1764A,123.7669,41.2864,本溪市,东明,,29,23,25,20,14,115,85,99,87,11,12,7,7,0.9,0.9
2023-07-10T09:00:00,1765A,123.7992,41.2664,本溪市,新立屯,,27,13,23,14,11,110,84,69,62,8,12,6,6,0.9,0.8
2023-07-10T09:00:00,1766A,123.8142,41.3472,本溪市,威宁,颗粒物(PM10),51,51,25,26,17,110,61,43,40,23,17,7,6,1.3,0.7
2023-07-10T09:00:00,1767A,121.1115,41.0879,锦州市,南山,,45,38,26,31,16,174,92,44,44,17,15,14,7,1.1,0.8
2023-07-10T09:00:00,1768A,121.0533,40.8434,锦州市,开发区,颗粒物(PM10),58,66,46,22,21,157,95,35,35,44,37,16,15,0.9,0.9
2023-07-10T09:00:00,1769A,121.1836,41.1119,锦州市,百股街道,,,33,28,,18,177,91,44,44,21,21,10,6,0.6,0.6
2023-07-10T09:00:00,1770A,121.1178,41.1222,锦州市,天安街道,,40,40,30,20,13,164,92,64,50,13,15,11,7,1.1,0.8
2023-07-10T09:00:00,1771A,121.1303,41.1386,锦州市,北湖公园,,41,41,27,17,14,168,90,62,48,18,14,7,4,0.8,0.7
2023-07-10T09:00:00,1772A,126.54,43.8622,吉林市,哈达湾,,26,19,25,12,14,116,81,63,63,6,15,5,5,0.6,0.6
2023-07-10T09:00:00,1773A,126.5844,43.8358,吉林市,东局子,,,,20,,14,114,,51,51,10,15,5,5,0.8,0.8
2023-07-10T09:00:00,1774A,126.5052,43.8245,吉林市,电力学院,,24,19,18,13,12,115,74,52,52,13,18,5,6,0.7,0.7
2023-07-10T09:00:00,1775A,126.6133,43.8972,吉林市,江北,,30,30,27,14,14,121,81,54,54,10,11,5,5,0.7,0.7
2023-07-10T09:00:00,1776A,126.555,43.8306,吉林市,江南公园,,26,23,21,15,17,114,81,61,61,8,18,2,2,0.7,0.7
2023-07-10T09:00:00,1778A,126.7061,43.7133,吉林市,丰满,,,,,,,,,,,,,,,,
2023-07-10T09:00:00,1779A,123.9305,47.3636,齐齐哈尔市,安居小区,,,30,25,,10,113,60,77,56,10,11,,5,0.5,0.5
2023-07-10T09:00:00,1780A,123.9488,47.3386,齐齐哈尔市,中心广场,,17,13,18,3,5,115,54,83,53,16,16,2,2,0.3,0.3
2023-07-10T09:00:00,1781A,123.9483,47.3227,齐齐哈尔市,农牧车辆厂,,22,22,29,13,8,119,59,79,57,15,12,6,5,0.4,0.4
2023-07-10T09:00:00,1783A,123.945,47.2988,齐齐哈尔市,市环境监测站,,26,22,15,18,17,116,55,78,54,14,11,6,6,0.5,0.5
2023-07-10T09:00:00,1784A,129.61,44.561,牡丹江市,环保大楼,,20,8,15,14,13,99,62,70,57,11,10,5,5,0.4,0.4
2023-07-10T09:00:00,1785A,129.6115,44.5782,牡丹江市,文化广场,,19,4,13,5,10,96,58,70,56,11,12,6,5,0.5,0.5
2023-07-10T09:00:00,1786A,129.5904,44.5963,牡丹江市,第一医院,,20,20,18,7,11,95,58,74,55,10,10,4,3,0.4,0.4
2023-07-10T09:00:00,1787A,129.6364,44.6075,牡丹江市,机车工厂,,19,11,17,4,8,105,60,64,50,8,10,2,2,0.4,0.4
2023-07-10T09:00:00,1788A,129.6386,44.5462,牡丹江市,第一中学,,21,16,19,5,5,98,65,36,36,6,8,3,3,0.4,0.4
2023-07-10T09:00:00,1789A,124.81117,46.03138,大庆市,大同区,,23,19,21,16,14,104,58,56,50,17,12,7,8,0.3,0.3
2023-07-10T09:00:00,1790A,125.129,46.533,大庆市,龙凤区,,30,9,15,5,8,114,93,78,78,9,9,5,5,0.3,0.4
2023-07-10T09:00:00,1791A,124.902,46.408,大庆市,红岗区,,,,15,,14,121,,69,69,10,8,3,2,0.4,0.4
2023-07-10T09:00:00,1792A,125.153,46.586,大庆市,萨尔图区,,28,16,14,10,11,112,87,84,84,11,9,4,3,0.2,0.4
2023-07-10T09:00:00,1793A,124.9042,46.6215,大庆市,让胡路区,,27,12,14,9,11,122,85,72,70,8,9,2,2,0.3,0.3
2023-07-10T09:00:00,1794A,118.3606,31.3519,芜湖市,监测站,,31,31,19,13,10,115,31,50,38,32,25,4,7,0.7,0.8
2023-07-10T09:00:00,1795A,118.3714,31.4134,芜湖市,科创中心,,36,36,21,16,9,129,16,39,35,45,25,7,11,1.1,0.9
2023-07-10T09:00:00,1796A,118.3673,31.3131,芜湖市,四水厂,,31,31,18,11,7,119,37,57,50,21,19,3,4,0.7,0.7
2023-07-10T09:00:00,1798A,118.5092,31.6837,马鞍山市,湖东路四小,,33,25,16,23,9,124,19,51,32,36,14,6,7,1.1,0.9
2023-07-10T09:00:00,1799A,118.5024,31.6449,马鞍山市,开发区,,26,21,19,18,9,115,25,32,25,30,18,9,10,1.0,0.8
2023-07-10T09:00:00,1800A,118.5228,31.7231,马鞍山市,慈湖,,28,28,19,14,10,123,19,56,30,36,17,11,11,1.1,0.9
2023-07-10T09:00:00,1802A,118.6245,31.7241,马鞍山市,濮塘,,20,6,9,14,9,129,29,42,36,8,10,5,5,0.6,0.4
2023-07-10T09:00:00,1803A,115.9872,29.6815,九江市,十里,,25,25,18,10,10,79,50,42,25,19,19,11,11,0.6,0.6
2023-07-10T09:00:00,1804A,115.9584,29.7046,九江市,茅山头,,30,30,17,12,10,69,50,43,25,17,21,7,7,0.7,0.8
2023-07-10T09:00:00,1805A,115.9877,29.7295,九江市,西园,,36,36,20,14,8,78,40,45,27,40,29,11,10,0.7,0.7
2023-07-10T09:00:00,1806A,116.0172,29.6547,九江市,五七二七厂,,18,18,17,10,9,78,45,20,20,12,8,8,8,0.6,0.6
2023-07-10T09:00:00,1808A,115.9114,29.6038,九江市,综合工业园,,34,34,19,20,10,84,63,23,23,17,29,11,10,0.9,0.8
2023-07-10T09:00:00,1809A,116.0721,29.7535,九江市,石化总厂,,18,16,18,10,8,81,55,47,28,11,21,13,12,0.6,0.8
2023-07-10T09:00:00,1810A,115.9773,29.5698,九江市,庐山气象台,,21,15,21,9,15,123,65,104,82,2,3,7,7,1.1,0.8
2023-07-10T09:00:00,1812A,112.3931,34.6516,洛阳市,市委党校,细颗粒物(PM2.5),58,45,50,41,27,199,98,100,81,10,9,4,5,0.7,0.9
2023-07-10T09:00:00,1814A,112.4657,34.6871,洛阳市,豫西宾馆,,42,42,52,28,24,189,103,98,85,9,8,3,4,0.8,0.7
2023-07-10T09:00:00,1815A,112.494,34.6886,洛阳市,河南林校,,38,38,39,21,19,182,96,92,74,13,12,6,6,0.6,0.5
2023-07-10T09:00:00,1816A,112.3844,34.623,洛阳市,开发区管委会,,44,44,43,24,21,200,90,90,69,7,9,8,7,0.5,0.5
2023-07-10T09:00:00,1817A,112.4267,34.6258,洛阳市,市委新办公区,,41,41,44,27,25,197,101,101,83,9,9,4,4,0.7,0.6
2023-07-10T09:00:00,1818A,114.4839,36.0621,安阳市,棉研所,,48,48,51,24,22,236,69,99,62,8,12,8,9,0.6,0.7
2023-07-10T09:00:00,1819A,114.3551,36.1017,安阳市,红庙街,,49,49,49,18,15,232,78,107,72,14,9,8,12,0.4,0.6
2023-07-10T09:00:00,1820A,114.361,36.0681,安阳市,银杏小区,,40,38,49,28,26,235,65,91,64,14,15,3,5,0.6,0.5
2023-07-10T09:00:00,1824A,114.3389,34.7781,开封市,肿瘤医院,颗粒物(PM10),51,51,55,22,20,181,39,43,26,8,9,6,6,0.5,0.5
2023-07-10T09:00:00,1826A,114.2885,34.7965,开封市,世纪星幼儿园,,,32,50,,,246,60,63,42,10,15,3,4,0.5,0.5
2023-07-10T09:00:00,1828A,113.227,35.2125,焦作市,市环保局,,45,45,46,18,17,260,102,96,95,9,12,1,4,0.6,0.5
2023-07-10T09:00:00,1830A,113.1992,35.2590,焦作市,影视城,,39,39,28,12,14,251,113,154,109,7,8,4,6,0.8,0.7
2023-07-10T09:00:00,1832A,113.3257,33.742,平顶山市,新华旅馆,,28,28,30,7,14,142,60,70,58,3,5,3,3,0.5,0.5
2023-07-10T09:00:00,1833A,113.2919,33.737,平顶山市,规划设计院,,27,27,29,13,16,144,60,68,57,8,10,6,5,0.5,0.5
2023-07-10T09:00:00,1834A,113.182,33.774,平顶山市,平顶山工学院,,,35,36,9,12,143,52,68,52,6,8,,4,0.4,0.4
2023-07-10T09:00:00,1835A,111.1922,34.7752,三门峡市,市政府,颗粒物(PM10),60,70,59,34,26,204,79,69,51,19,21,7,7,0.8,0.7
2023-07-10T09:00:00,1836A,111.1587,34.7942,三门峡市,开发区,颗粒物(PM10),72,93,77,34,31,207,88,52,50,20,22,11,9,0.6,0.7
2023-07-10T09:00:00,1838A,111.143,34.7955,三门峡市,风景区,,,,,,,,,,,,,,,,
2023-07-10T09:00:00,1840A,111.2992,30.6981,宜昌市,白龙岗,,29,29,37,7,8,127,13,11,10,28,23,7,6,0.5,0.4
2023-07-10T09:00:00,1841A,111.3549,30.6465,宜昌市,伍家岗,,27,27,26,17,16,130,14,9,8,28,24,2,2,0.5,0.5
2023-07-10T09:00:00,1842A,111.2628,30.6961,宜昌市,点军区,,19,19,25,5,7,148,28,21,21,14,25,4,4,0.5,0.5
2023-07-10T09:00:00,1843A,111.3275,30.7819,宜昌市,夷陵区,,24,24,25,7,8,142,32,22,14,14,18,2,2,0.4,0.4
2023-07-10T09:00:00,1844A,112.2494,30.3197,荆州市,市图书馆,,22,22,21,5,12,82,58,50,42,9,8,8,7,0.5,0.5
2023-07-10T09:00:00,1845A,112.2008,30.3544,荆州市,市委党校,,21,21,24,8,13,89,57,50,42,6,7,8,6,0.5,0.5
2023-07-10T09:00:00,1847A,113.1094,29.3578,岳阳市,南湖风景区,,29,24,21,20,14,100,50,57,42,10,7,10,8,0.6,0.5
2023-07-10T09:00:00,1848A,113.1493,29.4251,岳阳市,城陵矶,,,,,,,,,,,,,,,,
2023-07-10T09:00:00,1849A,113.1497,29.3575,岳阳市,开发区,,19,19,21,10,10,104,53,44,42,7,7,9,8,0.5,0.4
2023-07-10T09:00:00,1850A,113.2621,29.4758,岳阳市,云溪区,,22,22,19,15,11,100,49,43,43,6,5,9,6,0.6,0.6
2023-07-10T09:00:00,1851A,112.9943,29.4402,岳阳市,君山区,,28,25,17,19,13,99,41,56,36,10,7,6,6,0.6,0.6
2023-07-10T09:00:00,1852A,113.2117,29.355,岳阳市,金凤水库,颗粒物(PM10),51,52,24,25,12,106,40,49,38,13,6,11,4,0.9,0.8
2023-07-10T09:00:00,1854A,111.6975,28.9703,常德市,市二中,,18,14,16,12,14,93,35,35,26,7,6,3,3,0.4,0.4
2023-07-10T09:00:00,1857A,111.7158,29.1456,常德市,白鹤山,,23,7,8,16,13,74,43,57,48,6,5,13,7,0.4,0.4
2023-07-10T09:00:00,1858A,110.5319,29.1217,张家界市,永定新区,,39,39,39,26,23,33,6,5,3,13,15,4,4,0.4,0.3
2023-07-10T09:00:00,1859A,110.4697,29.1242,张家界市,电业局,,29,27,29,20,20,20,7,6,6,10,13,6,6,0.5,0.4
2023-07-10T09:00:00,1860A,110.5594,29.3547,张家界市,未央路,,45,45,32,18,14,15,6,7,5,17,12,4,3,0.5,0.4
2023-07-10T09:00:00,1861A,110.4417,29.315,张家界市,袁家界,,22,22,15,15,9,49,39,39,39,8,8,5,5,0.5,0.5
2023-07-10T09:00:00,1862A,110.4144,25.3167,桂林市,电子科大尧山校区,,26,26,24,16,13,83,57,26,26,7,6,12,6,0.5,0.5
2023-07-10T09:00:00,1863A,110.2819,25.2697,桂林市,监测站,,29,17,26,20,14,74,56,60,57,7,8,6,5,0.5,0.5
2023-07-10T09:00:00,1864A,110.3089,25.2708,桂林市,龙隐路小学,,32,32,24,15,14,68,55,53,52,10,8,6,6,0.5,0.5
2023-07-10T09:00:00,1865A,110.2869,25.2178,桂林市,八中,,25,25,22,10,11,68,52,55,48,10,8,5,4,0.4,0.4
2023-07-10T09:00:00,1866A,109.2262,21.588,北海市,牛尾岭水库,,,,20,,7,51,,,,,7,,7,,0.5
2023-07-10T09:00:00,1867A,109.1436,21.4086,北海市,海滩公园,,30,30,34,2,4,54,50,47,38,3,4,3,3,0.4,0.4
2023-07-10T09:00:00,1868A,109.0981,21.4661,北海市,新市环保局,,14,11,13,7,5,53,44,46,43,6,4,2,3,0.5,0.5
2023-07-10T09:00:00,1869A,109.1778,21.5233,北海市,北海工业园,,36,36,28,24,12,58,23,10,9,14,10,6,6,0.7,0.6
2023-07-10T09:00:00,1870A,109.4856,24.3895,柳州市,柳东小学,,15,15,23,9,16,106,41,56,41,6,7,6,6,0.3,0.3
2023-07-10T09:00:00,1871A,109.4157,24.3277,柳州市,环保监测站,,19,15,28,13,16,100,35,54,34,8,10,6,5,0.6,0.6
2023-07-10T09:00:00,1872A,109.389,24.341,柳州市,河西水厂,,26,26,27,15,16,101,35,52,35,11,11,8,8,1.0,1
2023-07-10T09:00:00,1873A,109.4311,24.2921,柳州市,市四中,,16,16,27,10,14,104,37,51,34,11,12,7,7,0.5,0.5
2023-07-10T09:00:00,1874A,109.4006,24.3631,柳州市,市九中,,29,29,35,18,15,103,35,52,34,9,10,7,7,0.7,0.7
2023-07-10T09:00:00,1875A,109.4958,24.3134,柳州市,古亭山,,18,18,25,6,15,107,40,56,38,8,10,5,5,0.5,0.4
2023-07-10T09:00:00,1876A,109.5078,18.2489,三亚市,河东子站,,20,20,12,5,4,50,31,47,33,7,3,2,2,0.4,0.3
2023-07-10T09:00:00,1877A,109.4964,18.2681,三亚市,河西子站,,14,14,14,7,6,47,29,44,24,10,6,2,2,0.4,0.4
2023-07-10T09:00:00,1878A,104.7778,31.4741,绵阳市,富乐山,,36,36,44,23,31,178,84,97,82,11,9,5,4,0.7,0.7
2023-07-10T09:00:00,1879A,104.7563,31.4535,绵阳市,市人大,,42,40,44,29,30,170,84,95,87,21,12,9,9,0.6,0.5
2023-07-10T09:00:00,1880A,104.6697,31.4668,绵阳市,高新区自来水公司,颗粒物(PM10),61,71,52,40,36,180,54,109,78,32,16,7,7,0.8,0.6
2023-07-10T09:00:00,1881A,104.7287,31.5075,绵阳市,三水厂,颗粒物(PM10),63,75,54,38,33,191,26,108,51,44,19,6,6,1.2,0.7
2023-07-10T09:00:00,1882A,104.563,28.793,宜宾市,石马中学,颗粒物(PM10),53,56,49,31,29,250,62,52,52,26,24,6,6,0.7,0.6
2023-07-10T09:00:00,1883A,104.6201,28.7728,宜宾市,市委,"颗粒物(PM10),细颗粒物(PM2.5)",62,74,55,44,35,204,69,108,53,31,19,22,12,0.9,0.7
2023-07-10T09:00:00,1884A,104.6055,28.793,宜宾市,宜宾四中,细颗粒物(PM2.5),92,68,70,68,44,221,72,111,59,37,28,16,10,0.9,0.8
2023-07-10T09:00:00,1885A,104.639,28.7562,宜宾市,市政府,颗粒物(PM10),57,64,62,37,34,203,63,94,56,40,26,23,11,0.8,0.7
2023-07-10T09:00:00,1886A,104.5742,28.7199,宜宾市,黄金嘴,,38,38,47,24,23,207,89,64,64,20,23,9,8,0.7,0.7
2023-07-10T09:00:00,1888A,101.6891,26.571,攀枝花市,弄弄坪,颗粒物(PM10),68,86,47,34,21,76,10,20,9,32,18,84,30,2.7,1.1
2023-07-10T09:00:00,1889A,101.5769,26.5928,攀枝花市,河门口,,34,34,34,20,20,91,12,8,5,26,28,18,34,1.8,2.2
2023-07-10T09:00:00,1890A,101.7169,26.585,攀枝花市,炳草岗,颗粒物(PM10),72,93,50,31,18,89,8,5,5,36,28,9,10,3.4,1.8
2023-07-10T09:00:00,1891A,101.7369,26.5008,攀枝花市,仁和,,23,23,15,10,8,75,7,16,7,16,12,7,7,0.9,0.7
2023-07-10T09:00:00,1893A,105.4324,28.9634,泸州市,九狮山,,25,25,31,15,17,174,31,39,24,24,23,10,6,0.5,0.5
2023-07-10T09:00:00,1894A,105.4427,28.9063,泸州市,小市上码头,,46,46,48,29,29,174,29,49,31,24,19,16,12,0.8,0.9
2023-07-10T09:00:00,1895A,105.4241,28.8573,泸州市,兰田宪桥,,42,42,47,26,30,177,28,39,19,24,19,10,8,0.9,0.9
2023-07-10T09:00:00,1896A,105.4379,28.8833,泸州市,市环监站,,36,36,42,19,23,179,33,53,34,23,19,9,8,0.7,0.8
2023-07-10T09:00:00,1901A,104.4239,31.1208,德阳市,东山公园,颗粒物(PM10),55,60,46,38,33,173,43,119,77,39,12,2,2,0.8,0.6
2023-07-10T09:00:00,1902A,104.3826,31.1317,德阳市,西小区,细颗粒物(PM2.5),59,63,58,42,40,195,43,110,41,37,24,3,2,0.9,0.7
2023-07-10T09:00:00,1904A,104.3553,31.1091,德阳市,耐火材料厂,细颗粒物(PM2.5),69,65,55,50,40,208,40,88,39,31,18,3,3,1.1,0.7
2023-07-10T09:00:00,1905A,106.056,30.8064,南充市,西山风景区,细颗粒物(PM2.5),57,46,46,40,30,126,46,72,46,2,2,4,4,0.7,0.5
2023-07-10T09:00:00,1906A,106.0789,30.8023,南充市,南充市委,,,71,48,38,26,139,,45,40,22,19,13,9,0.7,0.5
2023-07-10T09:00:00,1907A,106.1031,30.8217,南充市,南充炼油厂,颗粒物(PM10),65,79,47,35,23,142,58,57,49,22,14,7,7,0.7,0.5
2023-07-10T09:00:00,1908A,106.1064,30.7856,南充市,高坪区监测站,颗粒物(PM10),60,69,42,35,26,135,75,47,47,14,18,10,9,0.7,0.5
2023-07-10T09:00:00,1909A,106.0642,30.7636,南充市,嘉陵区环保局,"颗粒物(PM10),细颗粒物(PM2.5)",58,66,50,41,34,148,72,88,56,26,16,3,5,0.6,0.5
2023-07-10T09:00:00,1910A,106.1087,30.8388,南充市,市环境监测站,细颗粒物(PM2.5),60,44,44,43,30,142,71,68,55,17,16,12,6,0.6,0.4
2023-07-10T09:00:00,1911A,106.9222,27.6869,遵义市,丁字口,,15,15,21,7,11,75,38,18,18,16,18,6,6,0.8,0.8
2023-07-10T09:00:00,1912A,106.9242,27.7019,遵义市,凤凰山,,22,22,13,8,10,64,39,28,28,12,12,8,8,0.4,0.3
2023-07-10T09:00:00,1913A,106.8906,27.6486,遵义市,忠庄,,19,19,23,8,10,76,34,20,15,15,15,2,2,0.6,0.6
2023-07-10T09:00:00,1914A,106.9231,27.6506,遵义市,舟水桥,,13,12,20,9,11,75,25,5,5,11,11,2,3,0.3,0.3
2023-07-10T09:00:00,1915A,106.9178,27.72,遵义市,干田坝,,25,15,16,17,11,82,49,11,11,12,16,6,7,0.5,0.5
2023-07-10T09:00:00,1916A,103.7897,25.5035,曲靖市,环境监测站,,18,18,16,10,8,41,27,25,25,6,9,8,8,0.5,0.4
2023-07-10T09:00:00,1917A,103.8,25.5364,曲靖市,烟厂办公区,,13,10,15,9,8,49,30,29,29,5,9,8,8,0.4,0.4
2023-07-10T09:00:00,1918A,108.7197,34.3956,咸阳市,气象站,,,,,,,,,,,,,,,,
2023-07-10T09:00:00,1919A,108.673,34.3155,咸阳市,实验中学,颗粒物(PM10),72,93,77,38,32,350,123,97,95,27,29,12,7,0.9,0.7
2023-07-10T09:00:00,1920A,108.7233,34.3617,咸阳市,师范学院,颗粒物(PM10),64,77,84,36,33,352,124,101,98,24,34,15,8,0.7,0.4
2023-07-10T09:00:00,1922A,109.0656,35.0994,铜川市,党校,颗粒物(PM10),53,56,78,24,24,232,99,88,83,19,26,6,9,1.2,1
2023-07-10T09:00:00,1923A,109.0697,35.0697,铜川市,王益区政府,颗粒物(PM10),51,52,57,29,27,230,92,66,66,27,26,15,8,0.8,0.7
2023-07-10T09:00:00,1924A,108.9344,34.9058,铜川市,新区管委会,颗粒物(PM10),56,62,60,28,26,238,106,113,108,25,18,11,9,0.8,0.6
2023-07-10T09:00:00,1926A,109.4131,36.6275,延安市,枣园,,30,30,29,10,10,176,63,30,26,28,33,6,7,0.5,0.5
2023-07-10T09:00:00,1927A,109.4761,36.6028,延安市,延大医附院,,44,44,36,12,11,172,61,27,27,34,37,5,5,0.5,0.6
2023-07-10T09:00:00,1929A,109.5056,36.6106,延安市,百米大道,,32,32,40,9,10,165,58,27,21,45,39,5,6,0.6,0.5
2023-07-10T09:00:00,1930A,107.185,34.3063,宝鸡市,庙沟村,,39,39,36,26,17,173,78,103,92,10,8,8,8,0.3,0.2
2023-07-10T09:00:00,1931A,107.0708,34.3017,宝鸡市,竹园沟,,28,25,30,19,15,196,67,60,54,16,16,5,5,0.4,0.4
2023-07-10T09:00:00,1932A,107.1906,34.3672,宝鸡市,三陆医院,颗粒物(PM10),60,70,56,28,22,192,63,64,49,31,25,19,14,0.6,0.5
2023-07-10T09:00:00,1933A,107.1431,34.3547,宝鸡市,监测站,,37,37,41,17,19,184,64,68,57,22,19,10,9,0.5,0.4
2023-07-10T09:00:00,1934A,107.1186,34.3739,宝鸡市,技工学校,,,40,42,19,19,177,,79,58,,18,7,6,0.5,0.4
2023-07-10T09:00:00,1935A,107.3906,34.3528,宝鸡市,陈仓区环保局家属楼,颗粒物(PM10),60,69,49,37,24,195,64,47,42,36,33,20,7,0.7,0.5
2023-07-10T09:00:00,1936A,107.2058,34.3497,宝鸡市,文理学院,,42,42,44,18,18,190,66,76,60,22,18,10,10,0.6,0.5
2023-07-10T09:00:00,1937A,107.2386,34.3622,宝鸡市,三迪小学,颗粒物(PM10),55,59,55,27,22,188,53,80,57,35,25,9,6,0.6,0.4
2023-07-10T09:00:00,1938A,109.5293,34.5101,渭南市,农科所,颗粒物(PM10),70,90,70,39,32,236,63,73,49,30,28,8,7,0.8,0.7
2023-07-10T09:00:00,1939A,109.4974,34.4877,渭南市,日报社,颗粒物(PM10),69,88,63,37,33,282,85,52,52,26,30,11,10,0.7,0.6
2023-07-10T09:00:00,1940A,109.4636,34.493,渭南市,体育馆,颗粒物(PM10),64,78,64,42,29,290,90,42,42,22,34,11,9,0.7,0.6
2023-07-10T09:00:00,1941A,109.4259,34.5023,渭南市,高新一小,颗粒物(PM10),76,102,85,36,32,279,73,68,44,24,25,3,2,0.7,0.6
2023-07-10T09:00:00,1943A,102.1725,38.5339,金昌市,新川苑,颗粒物(PM10),79,107,178,25,45,163,107,161,122,20,11,7,12,0.6,0.5
2023-07-10T09:00:00,1944A,102.1692,38.5167,金昌市,天庆家园,颗粒物(PM10),69,87,136,26,46,171,119,169,128,15,13,7,11,0.6,0.6
2023-07-10T09:00:00,1945A,98.2908,39.7711,嘉峪关市,气象局,颗粒物(PM10),52,53,138,19,39,152,82,123,92,38,16,50,9,0.3,0.1
2023-07-10T09:00:00,1947A,106.3394,38.817,石嘴山市,沙湖旅游区,颗粒物(PM10),62,74,33,16,8,181,48,115,92,45,20,41,20,1.9,0.7
2023-07-10T09:00:00,1948A,106.3668,39.0145,石嘴山市,大武口朝阳西街,,49,49,36,17,12,188,83,118,102,38,20,18,22,0.7,0.8
2023-07-10T09:00:00,1949A,106.7704,39.2282,石嘴山市,惠农南大街,颗粒物(PM10),51,51,29,14,9,141,66,102,76,30,27,13,15,0.4,0.4
2023-07-10T09:00:00,1950A,106.7099,39.1325,石嘴山市,红果子镇惠新街,,42,42,33,13,10,164,57,99,74,32,25,12,9,0.7,0.3
2023-07-10T09:00:00,1951A,84.895,45.6094,克拉玛依市,长征新村,,31,10,15,3,6,111,99,96,96,6,10,8,8,0.2,0.2
2023-07-10T09:00:00,1952A,84.8988,45.5893,克拉玛依市,南林小区,,24,11,13,2,10,112,76,94,83,18,12,5,5,0.2,0.1
2023-07-10T09:00:00,1954A,84.905,44.3396,克拉玛依市,独山子区,,33,11,13,15,9,112,104,108,107,4,6,5,5,0.3,0.4
2023-07-10T09:00:00,1955A,85.6979,46.098,克拉玛依市,乌尔禾区商贸楼,,22,9,7,7,6,100,68,97,85,4,5,6,6,0.3,0.3
2023-07-10T09:00:00,1956A,86.1472,41.7538,巴音郭楞州,孔雀公园,颗粒物(PM10),67,84,93,27,34,110,98,80,78,8,17,5,6,0.2,0.3
2023-07-10T09:00:00,1957A,86.1972,41.7166,巴音郭楞州,棉纺厂,颗粒物(PM10),59,68,98,24,35,101,94,85,85,7,11,4,5,0.2,0.3
2023-07-10T09:00:00,1958A,86.2357,41.7173,巴音郭楞州,经济开发区,颗粒物(PM10),58,65,76,22,30,112,106,91,91,3,5,4,5,0.2,0.3
2023-07-10T09:00:00,1961A,117.532,36.6868,济南市,东山小学,,42,42,42,20,16,224,129,158,135,11,16,6,6,0.6,0.4
2023-07-10T09:00:00,1966A,120.0405,35.8735,青岛市,黄岛区4号,细颗粒物(PM2.5),94,110,56,70,31,237,139,114,86,28,20,14,8,0.9,0.9
2023-07-10T09:00:00,1982A,122.0693,37.2174,威海市,文登开发区,,39,36,32,22,17,175,122,107,99,22,10,5,5,0.4,0.3
2023-07-10T09:00:00,2031A,113.1817,27.9958,株洲市,云田中学,,24,24,28,14,17,116,68,56,44,10,10,13,9,0.4,0.4
2023-07-10T09:00:00,2054A,114.1099,32.1059,信阳市,平桥分局,,22,18,21,7,12,101,68,68,59,12,13,8,8,0.5,0.5
2023-07-10T09:00:00,2064A,113.9956,32.1271,信阳市,南湾水厂,,23,16,29,15,16,101,72,72,62,3,3,8,7,0.6,0.7
2023-07-10T09:00:00,2065A,114.0775,32.1195,信阳市,市酿酒公司,,20,7,20,12,18,99,63,64,54,7,6,6,6,0.6,0.6
2023-07-10T09:00:00,2066A,114.0609,32.1399,信阳市,审计局,,22,9,24,12,18,109,70,70,62,8,7,8,7,0.6,0.6
2023-07-10T09:00:00,2067A,114.6613,33.6128,周口市,市环境监测站,,45,45,36,15,19,148,57,79,53,10,10,2,2,0.7,0.7
2023-07-10T09:00:00,2068A,114.6758,33.6347,周口市,周口师范,,19,16,30,9,11,148,58,78,54,6,6,2,2,0.6,0.6
2023-07-10T09:00:00,2069A,114.6546,33.5979,周口市,市运管处,,21,21,30,14,12,164,67,84,59,5,6,4,3,0.7,0.6
2023-07-10T09:00:00,2070A,114.6369,33.6406,周口市,川汇区环保局,,24,24,30,5,8,153,61,74,57,6,6,1,1,0.6,0.6
2023-07-10T09:00:00,2075A,117.6336,24.4674,漳州市,九湖,,,,,,,,,,,,,,,,
2023-07-10T09:00:00,2160A,112.85,35.5051,晋城市,自来水公司,颗粒物(PM10),63,76,48,36,19,211,146,120,104,33,27,16,11,3.0,1.2
2023-07-10T09:00:00,2161A,112.8318,35.4936,晋城市,白云商贸,颗粒物(PM10),67,83,42,39,17,204,136,115,97,32,22,15,10,2.2,1
2023-07-10T09:00:00,2162A,112.8508,35.4887,晋城市,市环保局,颗粒物(PM10),66,82,49,39,19,184,131,102,87,25,23,13,12,2.0,1.1
2023-07-10T09:00:00,2163A,112.8676,35.4897,晋城市,技术学院,,,94,55,,14,195,,106,84,26,19,16,11,1.8,1.1
2023-07-10T09:00:00,2165A,112.8453,35.546,晋城市,白马寺,,,,,,,,,,,,,,,,
2023-07-10T09:00:00,2166A,112.4397,39.3522,朔州市,平朔,颗粒物(PM10),85,119,94,21,26,56,46,40,20,52,50,44,31,0.9,0.7
2023-07-10T09:00:00,2167A,112.4575,39.3617,朔州市,朔唯,颗粒物(PM10),75,100,82,32,23,151,64,42,14,38,38,31,21,0.6,0.4
2023-07-10T09:00:00,2168A,112.4258,39.3197,朔州市,区政府,颗粒物(PM10),82,113,50,27,12,151,53,63,38,66,23,40,12,0.9,0.5
2023-07-10T09:00:00,2169A,112.4072,39.3278,朔州市,市环保局,颗粒物(PM10),77,103,53,36,15,156,52,79,46,69,23,46,11,0.9,0.5
2023-07-10T09:00:00,2170A,112.4272,39.3681,朔州市,市二中,颗粒物(PM10),102,154,73,23,18,148,47,33,14,59,37,34,21,0.5,0.4
2023-07-10T09:00:00,2171A,112.7532,37.6945,晋中市,锦纶小区,,41,41,37,12,11,206,74,81,78,31,23,11,11,0.4,0.5
2023-07-10T09:00:00,2173A,112.7249,37.7067,晋中市,南都小区,颗粒物(PM10),64,78,51,17,16,219,83,76,75,40,29,11,10,0.6,0.5
2023-07-10T09:00:00,2174A,112.6991,37.6982,晋中市,榆次区政府,颗粒物(PM10),59,68,47,17,14,211,82,80,80,42,27,16,14,0.6,0.5
2023-07-10T09:00:00,2175A,110.9956,35.0147,运城市,运城中学,颗粒物(PM10),63,76,71,22,26,205,112,93,78,23,20,10,11,1.0,1
2023-07-10T09:00:00,2178A,110.9686,35.0303,运城市,地区技校,颗粒物(PM10),68,86,74,28,27,217,119,105,85,25,25,12,9,1.0,0.9
2023-07-10T09:00:00,2179A,111.0414,35.1147,运城市,空港新区,颗粒物(PM10),74,97,92,47,37,274,104,94,62,25,29,19,17,1.6,1.6
2023-07-10T09:00:00,2181A,112.7383,38.4519,忻州市,开发区,颗粒物(PM10),52,54,38,20,12,156,78,58,50,24,24,17,13,0.6,0.5
2023-07-10T09:00:00,2182A,112.7003,38.4928,忻州市,会展中心,颗粒物(PM10),55,59,52,32,20,154,67,43,30,31,33,13,10,0.5,0.5
2023-07-10T09:00:00,2183A,111.1406,37.5211,吕梁市,环保局,颗粒物(PM10),52,54,43,15,12,141,70,35,35,24,31,13,11,0.7,0.6
2023-07-10T09:00:00,2185A,111.1297,37.5136,吕梁市,自来水公司,,,94,68,18,17,119,,,,33,33,16,10,0.6,0.5
2023-07-10T09:00:00,2187A,106.8174,39.6973,乌海市,市林业局,颗粒物(PM10),74,97,49,20,13,162,101,122,109,44,15,28,22,0.9,0.6
2023-07-10T09:00:00,2188A,106.7907,39.6667,乌海市,中海勃湾学校,颗粒物(PM10),69,87,44,19,15,163,89,108,103,48,17,32,23,0.7,0.5
2023-07-10T09:00:00,2191A,122.2532,43.6801,通辽市,艺术职业学校,,22,18,19,3,11,114,70,62,53,11,13,4,4,0.4,0.3
2023-07-10T09:00:00,2192A,119.7594,49.2261,呼伦贝尔市,区环保局,,,,24,,16,104,,50,36,8,11,5,5,0.2,0.3
2023-07-10T09:00:00,2195A,107.4212,40.761,巴彦淖尔市,附二中,颗粒物(PM10),60,70,37,23,15,160,38,88,42,39,19,67,16,0.6,0.5
2023-07-10T09:00:00,2196A,107.37,40.7372,巴彦淖尔市,市环保大楼,,43,43,28,13,10,139,56,99,74,29,11,6,6,0.4,0.4
2023-07-10T09:00:00,2197A,113.1306,40.9923,乌兰察布市,集宁新区,,41,41,21,12,13,117,50,63,57,34,18,16,14,0.6,0.4
2023-07-10T09:00:00,2200A,122.0392,46.0656,兴安盟,胜华新制药厂,,19,15,17,13,12,112,60,98,81,11,11,2,2,0.2,0.2
2023-07-10T09:00:00,2201A,121.9504,46.0741,兴安盟,科右前旗环保局,,20,11,18,9,12,109,62,95,83,6,4,4,3,0.3,0.3
2023-07-10T09:00:00,2202A,116.1042,43.9317,锡林郭勒盟,市环保监测站,,39,39,20,6,6,116,64,45,45,11,14,11,10,0.3,0.3
2023-07-10T09:00:00,2203A,116.0781,43.9311,锡林郭勒盟,市政府,,23,18,17,11,4,115,73,46,46,8,18,8,8,0.3,0.3
2023-07-10T09:00:00,2204A,105.6467,38.8363,阿拉善盟,西城区西花园,颗粒物(PM10),61,71,27,19,10,174,78,141,128,41,10,8,8,0.6,0.4
2023-07-10T09:00:00,2205A,105.6985,38.8411,阿拉善盟,蒙二幼,颗粒物(PM10),51,51,28,19,9,175,107,148,136,18,6,10,10,0.7,0.5
2023-07-10T09:00:00,2206A,105.724,38.8516,阿拉善盟,环保局新楼,颗粒物(PM10),80,109,17,22,10,185,122,156,143,8,5,10,10,0.5,0.4
2023-07-10T09:00:00,2207A,121.6094,41.998,阜新市,工业园区,,45,45,38,14,18,120,89,47,40,15,20,28,18,1.1,1.1
2023-07-10T09:00:00,2208A,121.6697,42.0279,阜新市,长青街,,39,39,41,17,22,117,86,36,36,20,18,29,18,0.8,0.8
2023-07-10T09:00:00,2209A,121.6673,42.0705,阜新市,农业园区,,28,20,27,12,18,112,88,53,53,8,10,11,14,0.7,0.9
2023-07-10T09:00:00,2210A,121.6717,42.0224,阜新市,东苑,,30,30,53,17,29,119,92,56,53,16,19,28,29,0.8,0.9
2023-07-10T09:00:00,2211A,121.6506,42.0498,阜新市,玉龙新城,,27,8,36,12,18,109,84,36,31,10,15,7,6,0.6,0.8
2023-07-10T09:00:00,2212A,123.2,41.1953,辽阳市,宏伟区,,33,28,38,23,17,118,87,62,62,13,14,6,5,0.8,0.7
2023-07-10T09:00:00,2213A,123.1683,41.2495,辽阳市,新华园,,,70,63,33,25,135,,53,52,17,17,10,6,1.3,1.2
2023-07-10T09:00:00,2214A,123.2354,41.2639,辽阳市,滨河路,,49,38,35,34,21,123,93,62,62,16,18,10,10,1.1,0.9
2023-07-10T09:00:00,2215A,123.149,41.2991,辽阳市,铁西工业园,颗粒物(PM10),57,64,64,35,22,158,87,89,65,32,20,16,10,2.1,1.4
2023-07-10T09:00:00,2216A,123.8139,42.3022,铁岭市,汇工街西,,24,24,28,13,16,157,74,69,43,15,19,5,7,0.4,0.5
2023-07-10T09:00:00,2217A,123.8649,42.2923,铁岭市,水上乐园,,24,24,26,12,14,137,66,75,49,20,17,4,4,0.6,0.6
2023-07-10T09:00:00,2218A,123.8486,42.2867,铁岭市,银州路东段,,32,32,30,18,14,154,68,77,50,25,19,5,5,0.5,0.6
2023-07-10T09:00:00,2219A,123.7153,42.2217,铁岭市,金沙江路北,,20,10,23,13,17,137,64,49,42,21,23,8,7,0.7,0.7
2023-07-10T09:00:00,2220A,120.4318,41.5881,朝阳市,西梁,,21,20,26,12,10,133,65,55,40,23,15,12,8,1.1,0.8
2023-07-10T09:00:00,2221A,120.4521,41.5646,朝阳市,河畔小区,,26,26,24,10,10,136,78,70,60,13,11,7,6,0.8,0.6
2023-07-10T09:00:00,2222A,120.4176,41.5648,朝阳市,八里堡,,,,27,12,11,138,68,44,42,24,18,9,5,0.9,0.8
2023-07-10T09:00:00,2223A,120.3806,41.5969,朝阳市,农业园区,,29,29,24,13,10,133,78,51,37,16,17,8,6,0.8,0.7
2023-07-10T09:00:00,2225A,124.4002,43.1713,四平市,一商场,,26,16,24,18,17,130,58,70,60,12,11,6,7,0.5,0.6
2023-07-10T09:00:00,2226A,124.388,43.193,四平市,境园,,,24,24,12,16,118,,58,57,10,14,10,9,0.1,0.1
2023-07-10T09:00:00,2227A,125.1358,42.8845,辽源市,环保局,,26,17,14,14,8,120,83,66,56,1,9,4,5,0.7,0.7
2023-07-10T09:00:00,2229A,125.9358,41.7173,通化市,光明,,28,19,18,17,10,112,88,88,88,12,6,7,8,0.4,0.3
2023-07-10T09:00:00,2230A,125.9446,41.7325,通化市,铁路,,26,17,16,13,7,109,81,82,82,19,11,5,6,0.3,0.3
2023-07-10T09:00:00,2231A,126.4219,41.9171,白山市,喜丰,,37,37,40,17,13,111,58,38,38,22,15,8,7,0.8,0.6
2023-07-10T09:00:00,2232A,126.4077,41.9419,白山市,环保局,,31,31,26,12,12,106,81,40,40,16,15,7,7,0.6,0.6
2023-07-10T09:00:00,2233A,124.8006,45.1214,松原市,江南,,31,31,20,19,13,122,72,63,61,14,14,5,6,0.5,0.5
2023-07-10T09:00:00,2234A,124.7965,45.1722,松原市,江北,,25,18,13,17,13,123,72,50,50,6,6,3,4,0.7,0.7
2023-07-10T09:00:00,2235A,122.7911,45.6077,白城市,洮北区环保局,,30,16,20,4,4,114,94,79,79,9,9,5,5,0.1,0.1
2023-07-10T09:00:00,2236A,122.8738,45.5725,白城市,市环保局,,32,13,16,9,10,116,101,92,91,7,12,4,4,0.3,0.3
2023-07-10T09:00:00,2237A,129.47,42.8883,延边朝鲜族自治州,妇幼医院,,25,15,16,17,8,69,56,64,48,10,10,8,8,0.5,0.5
2023-07-10T09:00:00,2238A,129.5055,42.9108,延边朝鲜族自治州,延边医院,,28,26,14,19,9,75,54,65,49,16,11,6,5,0.7,0.6
2023-07-10T09:00:00,2239A,129.3964,42.8881,延边朝鲜族自治州,朝阳川镇医院,,17,12,14,9,4,74,52,56,42,8,9,6,6,0.6,0.5
2023-07-10T09:00:00,2240A,130.9762,45.3001,鸡西市,环保局,,34,34,25,11,10,73,42,49,44,20,16,5,6,0.2,0.2
2023-07-10T09:00:00,2243A,130.9429,45.3039,鸡西市,第一中学,,26,8,20,18,10,99,49,57,48,7,10,5,5,0.2,0.2
2023-07-10T09:00:00,2244A,130.2537,47.3416,鹤岗市,哈啤分公司,,,16,15,7,9,139,,55,51,7,8,10,11,0.3,0.3
2023-07-10T09:00:00,2245A,130.2684,47.3086,鹤岗市,斯达机电,,23,16,18,4,9,130,71,63,63,8,10,9,10,0.4,0.4
2023-07-10T09:00:00,2246A,130.3114,47.3388,鹤岗市,东山纸板厂,,32,32,38,6,11,136,74,50,50,9,12,10,11,0.4,0.4
2023-07-10T09:00:00,2247A,130.1097,47.3382,鹤岗市,五号水库,,,,,,,,,,,,,,,,
2023-07-10T09:00:00,2248A,131.1511,46.6937,双鸭山市,双合村,,42,42,45,14,19,141,32,18,18,20,21,14,14,0.4,0.6
2023-07-10T09:00:00,2249A,131.1652,46.6191,双鸭山市,南小市,,48,48,34,20,15,158,44,26,26,11,13,6,6,0.2,0.2
2023-07-10T09:00:00,2250A,131.1524,46.6554,双鸭山市,环保局,,,,17,,8,127,39,34,28,15,16,,10,,0.4
2023-07-10T09:00:00,2251A,131.12,46.5656,双鸭山市,苗圃,,19,11,11,5,9,152,60,39,39,8,7,4,4,0.4,0.5
2023-07-10T09:00:00,2252A,128.5159,47.4311,伊春市,环保局,,15,14,18,0,6,108,48,21,21,20,13,5,6,0.6,0.6
2023-07-10T09:00:00,2253A,128.9102,47.7412,伊春市,电力嘉园,,27,7,11,5,8,92,85,36,36,8,11,4,6,0.0,0.2
2023-07-10T09:00:00,2254A,129.5029,48.471,伊春市,汤旺河国家公园,,22,22,26,9,12,98,61,26,26,2,2,13,14,0.5,0.3
2023-07-10T09:00:00,2255A,130.2751,46.8028,佳木斯市,佳纺,,29,29,42,16,19,144,77,27,27,11,34,3,3,0.5,0.5
2023-07-10T09:00:00,2256A,130.3995,46.8307,佳木斯市,发电厂,,25,22,34,13,18,144,77,35,35,10,23,4,4,0.4,0.4
2023-07-10T09:00:00,2257A,130.3258,46.7975,佳木斯市,环保局,,27,27,36,18,20,135,69,24,24,20,38,3,4,0.5,0.5
2023-07-10T09:00:00,2258A,130.3648,46.8032,佳木斯市,十一中,,25,24,47,13,21,132,79,37,37,10,37,3,4,0.5,0.6
2023-07-10T09:00:00,2259A,130.3794,46.7588,佳木斯市,四丰,,,,27,11,15,216,77,25,25,30,37,1,2,0.5,0.5
2023-07-10T09:00:00,2262A,131.0518,45.8751,七台河市,新一中,,32,30,31,22,13,133,41,34,23,16,16,7,8,0.9,0.8
2023-07-10T09:00:00,2263A,127.4833,50.2524,黑河市,交通局,细颗粒物(PM2.5),52,41,22,36,13,115,49,53,47,14,11,5,8,0.8,0.6
2023-07-10T09:00:00,2264A,127.5144,50.2341,黑河市,环保局,颗粒物(PM10),60,69,34,33,15,122,54,58,54,8,7,4,4,0.6,0.5
2023-07-10T09:00:00,2265A,127.5291,50.2472,黑河市,大黑河岛,细颗粒物(PM2.5),60,53,11,43,16,144,51,57,55,1,1,6,5,0.5,0.4
2023-07-10T09:00:00,2266A,126.9785,46.6365,绥化市,人和东街,,29,29,16,9,7,134,45,91,54,35,17,6,5,0.5,0.4
2023-07-10T09:00:00,2267A,126.964,46.6528,绥化市,党政办公中心,,28,28,18,12,10,128,34,73,38,40,19,5,5,0.5,0.4
2023-07-10T09:00:00,2269A,124.1069,50.4097,大兴安岭地区,科技局,,22,17,20,15,12,65,42,28,28,4,5,5,5,0.2,0.3
2023-07-10T09:00:00,2270A,117.396,32.939,蚌埠市,工人疗养院,,37,37,32,4,13,111,35,30,24,12,9,9,9,0.2,0.3
2023-07-10T09:00:00,2271A,117.3605,32.9427,蚌埠市,百货大楼,,35,35,31,7,10,116,42,29,29,14,10,6,6,0.3,0.4
2023-07-10T09:00:00,2273A,117.4185,32.8911,蚌埠市,蚌埠学院,,27,27,27,11,16,115,38,24,22,10,11,9,10,0.2,0.3
2023-07-10T09:00:00,2274A,117.3533,32.9673,蚌埠市,淮上区政府,,34,34,30,13,15,116,41,30,28,15,11,7,7,0.4,0.4
2023-07-10T09:00:00,2275A,117.3145,32.8977,蚌埠市,高新区,,,29,35,13,13,104,52,23,23,8,11,9,8,,0.3
2023-07-10T09:00:00,2277A,116.8305,32.7727,淮南市,潘集区政府,,24,24,24,14,16,102,53,54,32,10,8,6,5,0.2,0.2
2023-07-10T09:00:00,2278A,117.0067,32.6524,淮南市,师范学院,,33,33,28,5,13,105,64,40,40,9,4,11,9,0.1,0.2
2023-07-10T09:00:00,2279A,116.8569,32.5951,淮南市,谢家集区政府,,21,2,16,3,6,105,65,42,34,9,8,5,4,0.2,0.2
2023-07-10T09:00:00,2280A,116.8281,32.633,淮南市,八公山区政府,,28,28,25,13,14,103,66,51,34,6,7,6,6,0.2,0.3
2023-07-10T09:00:00,2281A,116.6325,32.6201,淮南市,焦岗湖风景区管理处,,20,20,20,4,4,73,36,34,24,5,4,5,5,0.2,0.3
2023-07-10T09:00:00,2282A,116.8004,33.975,淮北市,监测站,,,,35,,18,170,,81,61,14,11,4,3,,0.3
2023-07-10T09:00:00,2283A,116.8091,33.9007,淮北市,烈山区政府,,23,23,30,14,19,167,69,76,51,10,12,6,4,0.4,0.5
2023-07-10T09:00:00,2285A,117.8177,30.9412,铜陵市,市第四中学,,,,21,,15,69,,49,25,31,19,31,18,1.6,1.1
2023-07-10T09:00:00,2286A,117.8059,30.9273,铜陵市,市公路局,颗粒物(PM10),57,64,26,32,12,76,34,53,25,31,20,33,21,2.1,1.1
2023-07-10T09:00:00,2287A,117.7807,30.9413,铜陵市,市新民污水厂,,18,14,21,12,10,75,34,45,20,25,22,13,25,0.4,0.5
2023-07-10T09:00:00,2288A,117.7439,30.8792,铜陵市,市第九中学,,37,37,33,2,6,71,26,38,33,35,22,9,10,0.9,0.7
2023-07-10T09:00:00,2289A,117.846,30.9413,铜陵市,车站新区,,28,28,17,10,6,80,42,55,39,27,17,12,9,1.3,0.5
2023-07-10T09:00:00,2290A,117.8483,30.97,铜陵市,市职教基地,,38,38,17,12,5,66,31,50,27,27,17,17,8,1.3,1
2023-07-10T09:00:00,2291A,117.0809,30.5177,安庆市,环科院,,18,15,8,12,6,75,40,46,32,22,14,8,7,0.5,0.4
2023-07-10T09:00:00,2292A,117.0331,30.5119,安庆市,马山宾馆,,22,22,9,12,6,80,46,49,30,16,22,5,5,0.5,0.5
2023-07-10T09:00:00,2294A,116.9896,30.6145,安庆市,安庆大学,,19,14,12,10,7,82,59,52,47,16,15,10,9,0.3,0.2
2023-07-10T09:00:00,2295A,118.2903,29.6963,黄山市,延安路89号,,35,35,30,3,6,67,32,31,19,7,6,5,5,0.3,0.3
2023-07-10T09:00:00,2296A,118.327,29.7178,黄山市,黄山东路89号,,25,25,24,3,8,58,32,29,20,6,7,5,5,0.2,0.2
2023-07-10T09:00:00,2297A,118.1371,30.2756,黄山市,黄山区政府5号楼,,30,30,20,9,5,94,30,25,18,5,5,6,6,0.4,0.4
2023-07-10T09:00:00,2298A,118.3093,32.3153,滁州市,老年大学,,23,14,17,5,6,121,73,58,56,13,9,9,11,0.2,0.2
2023-07-10T09:00:00,2299A,118.3244,32.2786,滁州市,人大宾馆,,24,13,12,3,7,126,74,61,57,18,10,5,7,0.2,0.2
2023-07-10T09:00:00,2301A,115.8277,32.8929,阜阳市,市监测站,,24,23,16,4,7,113,74,72,59,11,11,5,5,0.5,0.5
2023-07-10T09:00:00,2303A,115.8554,32.8605,阜阳市,开发区,,24,14,16,7,6,112,74,56,53,10,11,6,5,0.3,0.4
2023-07-10T09:00:00,2307A,116.5079,31.737,六安市,监测大楼,,24,24,16,6,6,92,64,63,50,7,3,3,2,0.1,0.1
2023-07-10T09:00:00,2308A,116.4738,31.7643,六安市,皖西学院,,30,30,20,2,6,102,75,76,66,10,5,6,6,0.2,0.2
2023-07-10T09:00:00,2309A,116.4996,31.7905,六安市,朝阳厂,,22,22,10,3,8,79,68,69,57,9,4,7,6,0.4,0.4
2023-07-10T09:00:00,2310A,116.5567,31.7886,六安市,开发区,颗粒物(PM10),62,74,25,13,11,94,62,43,41,9,6,7,7,0.4,0.4
2023-07-10T09:00:00,2311A,115.8072,33.8399,亳州市,污水处理厂,,22,18,24,5,9,139,69,79,60,5,4,5,4,0.6,0.7
2023-07-10T09:00:00,2312A,115.7789,33.8518,亳州市,三国揽胜宫,,22,20,29,8,11,138,70,84,62,3,3,3,2,0.7,0.7
2023-07-10T09:00:00,2314A,117.47,30.6618,池州市,池州学院,,27,27,11,12,6,69,40,48,42,4,4,5,4,0.6,0.5
2023-07-10T09:00:00,2316A,118.7581,30.9454,宣城市,鳌峰子站,,34,34,15,13,9,74,49,35,35,16,13,5,7,0.5,0.4
2023-07-10T09:00:00,2317A,118.7385,30.9743,宣城市,敬亭山子站,,22,22,16,13,9,64,39,33,33,19,14,6,6,0.4,0.3
2023-07-10T09:00:00,2318A,118.7173,30.9427,宣城市,开发区子站,,29,29,16,13,8,63,46,32,32,17,13,7,6,0.4,0.3
2023-07-10T09:00:00,2319A,119.0141,25.4325,莆田市,荔城区仓后路,细颗粒物(PM2.5),53,54,53,37,29,202,53,33,24,21,18,9,9,0.7,0.7
2023-07-10T09:00:00,2320A,119.0015,25.4553,莆田市,莆田市监测站,细颗粒物(PM2.5),67,41,50,48,31,213,49,32,26,17,12,10,10,0.6,0.5
2023-07-10T09:00:00,2321A,119.1119,25.4561,莆田市,涵江区六中,细颗粒物(PM2.5),64,54,49,46,26,197,49,29,20,18,17,8,7,0.6,0.6
2023-07-10T09:00:00,2322A,119.1013,25.3215,莆田市,秀屿区政府,细颗粒物(PM2.5),70,49,34,51,19,172,54,36,29,15,10,12,9,0.8,0.7
2023-07-10T09:00:00,2323A,118.981,25.4792,莆田市,东圳水库,,,,,,,,,,,,,,,,
2023-07-10T09:00:00,2324A,117.6211,26.2625,三明市,三钢,,43,43,33,17,19,122,66,38,33,19,16,14,12,0.7,0.6
2023-07-10T09:00:00,2325A,117.635,26.2714,三明市,三明二中,,40,40,30,24,19,122,66,33,33,23,19,15,8,1.2,0.8
2023-07-10T09:00:00,2326A,117.6028,26.2378,三明市,三元区政府,,38,36,27,26,20,121,68,36,32,18,16,17,10,0.8,0.6
2023-07-10T09:00:00,2327A,117.7275,26.3108,三明市,洋溪,,,,,,,,,,,,,,,,
2023-07-10T09:00:00,2331A,118.0966,26.6761,南平市,茫荡山,,,,,,,,,,,,,,,,
2023-07-10T09:00:00,2332A,118.1681,26.6369,南平市,南平市监测站,细颗粒物(PM2.5),70,65,28,51,17,128,69,28,28,12,14,6,5,0.8,0.7
2023-07-10T09:00:00,2333A,118.1825,26.6489,南平市,南平铝业有限公司,,42,29,28,29,21,122,62,30,30,11,13,9,8,0.8,0.7
2023-07-10T09:00:00,2334A,118.1756,26.6272,南平市,南平七中,,43,36,27,30,17,130,66,25,25,8,10,4,4,0.7,0.7
2023-07-10T09:00:00,2335A,117.0189,25.1181,龙岩市,龙岩师专,,,,,,,,,,,,,,,,
2023-07-10T09:00:00,2336A,117.0217,25.1033,龙岩市,龙岩市监测站,,37,37,24,16,12,107,72,31,25,15,14,13,9,0.6,0.5
2023-07-10T09:00:00,2337A,117.0258,25.0661,龙岩市,闽西职业技术学院,颗粒物(PM10),53,55,32,17,12,101,61,22,20,17,19,14,12,0.5,0.4
2023-07-10T09:00:00,2338A,117.0196,25.0306,龙岩市,龙岩学院,,29,28,20,20,11,97,78,45,41,9,6,8,5,0.4,0.3
2023-07-10T09:00:00,2339A,119.5001,26.6946,宁德市,金涵水库,,,,,,,,,,,,,,,,
2023-07-10T09:00:00,2341A,119.5388,26.6612,宁德市,宁德市监测站,,44,44,46,28,29,180,81,77,49,12,12,9,10,0.9,0.8
2023-07-10T09:00:00,2342A,117.3102,29.3867,景德镇市,王港中学,颗粒物(PM10),58,65,28,6,9,110,45,31,28,6,6,2,2,0.5,0.5
2023-07-10T09:00:00,2343A,117.2117,29.2933,景德镇市,老干部活动中心,,30,17,24,21,14,83,28,32,25,10,9,5,6,0.3,0.2
2023-07-10T09:00:00,2344A,117.1894,29.2789,景德镇市,兽医站,,27,27,19,11,15,88,29,35,26,5,6,8,9,0.3,0.2
2023-07-10T09:00:00,2345A,117.1547,29.2617,景德镇市,台达陶瓷,,,26,25,14,13,86,,37,29,9,9,,11,0.4,0.4
2023-07-10T09:00:00,2346A,117.2461,29.2956,景德镇市,陶研所,,19,19,32,5,9,92,30,31,30,6,4,4,6,0.2,0.2
2023-07-10T09:00:00,2347A,114.0997,27.5002,萍乡市,武功山,,19,3,7,5,6,80,60,49,49,5,6,20,20,0.2,0.4
2023-07-10T09:00:00,2348A,113.8385,27.6434,萍乡市,中医院,,18,16,15,9,12,80,57,53,36,4,8,6,8,0.3,0.4
2023-07-10T09:00:00,2349A,113.8493,27.6253,萍乡市,市政府车库,,26,24,29,18,14,79,59,47,42,5,10,8,8,0.1,0.2
2023-07-10T09:00:00,2350A,113.8676,27.6435,萍乡市,市环保局,,25,20,21,17,14,80,56,45,35,6,10,6,9,0.3,0.4
2023-07-10T09:00:00,2351A,113.866,27.6198,萍乡市,安源区政府,,19,16,18,8,11,80,58,45,42,4,7,5,7,0.2,0.3
2023-07-10T09:00:00,2352A,115.0861,27.9317,新余市,北岗,,27,27,22,17,16,91,54,41,41,7,8,12,9,0.6,0.6
2023-07-10T09:00:00,2353A,114.9886,27.8431,新余市,飞宇,,43,43,42,19,18,83,59,55,47,9,13,7,7,0.4,0.5
2023-07-10T09:00:00,2354A,114.9231,27.8246,新余市,第二水厂,,39,39,44,20,18,84,49,62,55,26,14,14,9,1.2,0.3
2023-07-10T09:00:00,2355A,114.9308,27.8036,新余市,市气象局,颗粒物(PM10),52,54,53,32,37,79,48,30,30,14,23,12,24,1.2,1.9
2023-07-10T09:00:00,2357A,116.9822,28.1136,鹰潭市,龙虎山,,21,9,19,10,16,103,66,82,56,2,2,2,3,0.7,0.7
2023-07-10T09:00:00,2358A,117.0564,28.2642,鹰潭市,新监测站,颗粒物(PM10),54,58,34,15,17,111,65,45,45,10,9,9,6,0.5,0.3
2023-07-10T09:00:00,2359A,117.0311,28.2475,鹰潭市,财苑宾馆,,40,40,33,6,16,111,65,58,52,8,8,7,6,0.3,0.4
2023-07-10T09:00:00,2360A,117.0222,28.2264,鹰潭市,体育馆,,40,40,32,16,15,117,62,62,62,9,6,2,3,0.3,0.4
2023-07-10T09:00:00,2361A,117.0017,28.2131,鹰潭市,三川水表,,32,32,37,14,16,116,68,64,64,5,3,2,2,0.4,0.5
2023-07-10T09:00:00,2362A,114.9017,25.9149,赣州市,通天岩,,,,,,,,,,,,,,,,
2023-07-10T09:00:00,2363A,114.9367,25.8664,赣州市,地委,,35,35,28,23,14,106,83,64,64,10,7,14,8,1.1,1.1
2023-07-10T09:00:00,2364A,114.9461,25.8481,赣州市,气象台,,32,32,23,20,13,100,82,66,66,10,7,7,6,0.5,0.5
2023-07-10T09:00:00,2365A,114.9322,25.8333,赣州市,市图书馆,,40,40,32,20,15,108,83,66,66,15,10,8,8,1.1,1
2023-07-10T09:00:00,2366A,114.8905,25.8471,赣州市,华坚鞋城,,32,32,31,19,17,114,90,60,60,12,9,6,5,0.7,0.4
2023-07-10T09:00:00,2367A,114.9754,27.0803,吉安市,红声器材厂,,39,39,41,18,23,115,74,68,50,15,11,14,13,0.7,0.7
2023-07-10T09:00:00,2368A,114.9658,27.0999,吉安市,市森林工业局,,32,28,33,22,22,113,74,64,51,12,12,8,6,0.6,0.5
2023-07-10T09:00:00,2369A,114.99,27.1312,吉安市,市环境监测站,,35,35,35,17,19,125,77,79,55,13,9,12,10,0.8,0.7
2023-07-10T09:00:00,2370A,115.0093,27.0968,吉安市,青原区法院,,34,34,33,19,20,119,76,74,57,12,10,16,14,0.7,0.6
2023-07-10T09:00:00,2371A,114.3408,27.8064,宜春市,槟榔水业,,29,22,25,20,14,69,25,19,10,12,7,1,2,0.5,0.5
2023-07-10T09:00:00,2373A,114.3956,27.7844,宜春市,市石油公司,,32,32,28,19,15,105,57,34,32,9,10,4,2,0.4,0.4
2023-07-10T09:00:00,2374A,114.3703,27.7914,宜春市,市气象局,,26,26,29,17,16,94,51,38,33,19,12,10,3,0.7,0.6
2023-07-10T09:00:00,2375A,114.4013,27.8074,宜春市,市广电局,,39,39,30,16,18,107,58,54,44,10,8,10,6,0.5,0.4
2023-07-10T09:00:00,2376A,116.2127,28.0814,抚州市,桐源党溪,,26,25,29,15,19,121,82,87,61,3,3,7,3,0.1,0.1
2023-07-10T09:00:00,2377A,116.3544,27.9831,抚州市,市站,,33,33,34,16,18,96,68,72,62,7,5,4,3,0.9,0.7
2023-07-10T09:00:00,2378A,116.3565,27.963,抚州市,血防站,,,,33,,18,91,,71,56,15,6,4,4,,0.6
2023-07-10T09:00:00,2379A,116.3564,28.0007,抚州市,采茶剧团,,31,31,31,20,20,96,66,73,58,8,6,7,7,0.7,0.6
2023-07-10T09:00:00,2380A,116.385,27.9647,抚州市,医学分院,,41,41,33,19,17,97,64,72,49,12,8,7,8,0.7,0.7
2023-07-10T09:00:00,2381A,118.005,28.4572,上饶市,百草园,,34,34,28,17,19,97,45,18,14,18,11,19,13,0.9,0.8
2023-07-10T09:00:00,2382A,117.9756,28.4436,上饶市,市监测站,,47,47,37,23,19,99,44,25,19,23,12,27,15,0.5,0.5
2023-07-10T09:00:00,2383A,117.9519,28.4628,上饶市,凤凰光学,,48,48,42,24,18,104,49,32,19,16,12,27,16,0.8,0.7
2023-07-10T09:00:00,2385A,114.17,35.9019,鹤壁市,市监测站,,,,,,,,,,,,,,,,
2023-07-10T09:00:00,2386A,114.2956,35.7511,鹤壁市,市交警支队,,46,45,47,32,22,236,30,71,40,16,17,2,8,0.6,0.7
2023-07-10T09:00:00,2387A,114.2878,35.7306,鹤壁市,迎宾馆,,46,46,49,29,25,238,48,80,48,13,18,7,10,0.7,0.8
2023-07-10T09:00:00,2389A,113.836,35.311,新乡市,环保西院,,44,44,36,24,18,226,60,82,56,19,16,6,9,0.5,0.6
2023-07-10T09:00:00,2390A,113.884,35.272,新乡市,开发区,,41,41,33,22,15,231,58,78,51,12,9,1,3,0.8,0.8
2023-07-10T09:00:00,2391A,113.883,35.303,新乡市,环保东院,,45,45,48,9,10,231,64,80,56,15,12,5,7,0.7,0.7
2023-07-10T09:00:00,2392A,115.0312,35.7636,濮阳市,环保局,,,,47,27,20,264,,102,57,,11,2,6,0.5,0.6
2023-07-10T09:00:00,2394A,115.0574,35.7609,濮阳市,油田运输公司,细颗粒物(PM2.5),55,44,51,39,24,266,68,103,61,10,14,5,9,0.4,0.4
2023-07-10T09:00:00,2395A,115.0866,35.7754,濮阳市,油田物探公司,细颗粒物(PM2.5),55,49,49,39,23,251,66,95,57,7,11,3,5,0.5,0.5
2023-07-10T09:00:00,2396A,113.8276,34.0159,许昌市,监测站,,27,27,37,11,18,179,64,40,39,10,14,3,3,0.4,0.5
2023-07-10T09:00:00,2398A,113.7906,33.9953,许昌市,开发区,,28,28,31,14,18,176,64,49,39,8,12,2,2,0.4,0.5
2023-07-10T09:00:00,2399A,114.051,33.5699,漯河市,三五一五工厂,,39,39,28,19,14,163,67,60,48,10,10,6,6,0.5,0.5
2023-07-10T09:00:00,2400A,114.0055,33.5698,漯河市,漯河大学,,42,29,27,29,20,162,72,70,52,9,9,10,9,0.4,0.3
2023-07-10T09:00:00,2401A,114.0138,33.5828,漯河市,市水利局,,31,31,29,9,12,156,65,64,48,7,7,6,6,0.5,0.5
2023-07-10T09:00:00,2402A,114.0261,33.5698,漯河市,市广电局,,34,34,24,14,11,164,70,75,53,10,8,10,8,0.6,0.6
2023-07-10T09:00:00,2404A,112.5224,33.0122,南阳市,瓦房庄,,36,26,28,25,26,109,36,63,44,12,8,7,6,0.4,0.4
2023-07-10T09:00:00,2405A,112.5003,32.9735,南阳市,汉画馆,,28,24,26,19,20,110,39,63,45,9,6,8,8,0.5,0.5
2023-07-10T09:00:00,2406A,112.5573,33.027,南阳市,气象站,,27,27,29,13,16,111,39,67,44,12,9,4,4,0.4,0.6
2023-07-10T09:00:00,2407A,112.5481,32.9689,南阳市,理工学院,,23,23,24,15,20,107,37,55,39,12,12,10,10,0.3,0.3
2023-07-10T09:00:00,2408A,115.6702,34.4285,商丘市,环境监测站,,32,32,37,21,21,188,72,83,71,8,8,10,10,0.7,0.6
2023-07-10T09:00:00,2409A,115.6458,34.4045,商丘市,粮食局,,26,19,34,18,19,202,78,87,76,6,7,5,4,0.3,0.3
2023-07-10T09:00:00,2410A,115.6293,34.3948,商丘市,睢阳区环保局,,31,31,38,21,21,201,80,88,75,7,9,3,3,0.5,0.2
2023-07-10T09:00:00,2420A,114.0189,32.9656,驻马店市,市一纸厂,,20,12,19,6,10,95,63,73,54,2,3,3,2,0.4,0.4
2023-07-10T09:00:00,2421A,114.0114,33.015,驻马店市,市彩印厂,,23,23,23,11,10,92,62,73,59,2,2,4,4,0.2,0.4
2023-07-10T09:00:00,2422A,113.9976,32.9771,驻马店市,天方二分厂,,20,13,20,7,13,93,63,71,58,1,2,4,4,0.3,0.2
2023-07-10T09:00:00,2423A,115.0601,30.2313,黄石市,沈家营,,50,50,41,14,11,66,34,39,26,23,18,17,10,0.8,0.7
2023-07-10T09:00:00,2424A,115.0817,30.2006,黄石市,陈家湾,颗粒物(PM10),58,65,43,23,13,90,25,26,15,40,14,13,7,1.0,0.5
2023-07-10T09:00:00,2426A,114.8988,30.2019,黄石市,铁山,,20,20,19,12,8,94,61,57,47,17,15,11,12,0.9,0.6
2023-07-10T09:00:00,2427A,115.0307,30.2092,黄石市,团城山,,38,38,29,8,6,84,37,46,26,18,11,11,9,0.9,0.7
2023-07-10T09:00:00,2428A,111.0419,32.395,十堰市,武当山,,30,27,25,21,19,141,76,72,62,5,5,6,6,0.6,0.6
2023-07-10T09:00:00,2429A,110.78,32.6494,十堰市,滨河新村,,50,50,43,20,21,176,49,64,38,8,7,5,6,0.6,0.5
2023-07-10T09:00:00,2430A,110.7258,32.6389,十堰市,刘家沟,,46,46,41,24,20,193,42,42,30,8,6,6,6,0.5,0.5
2023-07-10T09:00:00,2431A,110.8839,32.5714,十堰市,铁二处,,33,33,37,19,16,186,61,41,35,4,4,4,4,0.6,0.5
2023-07-10T09:00:00,2432A,112.155,32.0197,襄阳市,襄城运动路,,25,25,31,16,19,126,35,52,39,9,5,6,6,0.8,0.7
2023-07-10T09:00:00,2433A,112.1392,32.0564,襄阳市,樊城新华路,,35,35,34,16,21,131,33,54,37,16,9,9,8,0.8,0.7
2023-07-10T09:00:00,2434A,112.1825,32.1142,襄阳市,高新管委会,,28,28,32,19,21,131,33,54,39,12,8,6,6,0.7,0.7
2023-07-10T09:00:00,2435A,112.2106,32.0903,襄阳市,襄州航空路,,13,4,31,9,15,127,38,55,42,10,7,6,6,0.6,0.6
2023-07-10T09:00:00,2436A,114.8938,30.3994,鄂州市,市政府,,,,25,14,7,103,44,60,43,18,10,1,3,0.7,0.6
2023-07-10T09:00:00,2437A,114.8989,30.3714,鄂州市,赵家坝,,27,27,23,5,6,95,37,55,42,15,7,4,4,0.6,0.4
2023-07-10T09:00:00,2439A,112.2014,31.0481,荆门市,竹园小学,,,,28,,14,108,,49,43,11,7,10,8,0.5,0.5
2023-07-10T09:00:00,2440A,112.1969,30.9891,荆门市,掇刀,,32,32,26,13,14,109,48,56,48,15,10,8,8,0.6,0.5
2023-07-10T09:00:00,2441A,112.2213,31.0386,荆门市,石化一小,,37,37,26,10,13,106,45,45,43,16,9,8,6,0.4,0.3
2023-07-10T09:00:00,2443A,113.9153,30.9285,孝感市,文化路,,29,19,20,20,14,116,61,63,53,15,11,7,6,0.7,0.6
2023-07-10T09:00:00,2444A,113.942,30.9075,孝感市,东城区,,38,38,21,20,13,120,61,62,53,14,10,8,7,0.6,0.5
2023-07-10T09:00:00,2446A,114.9028,30.4742,黄冈市,职工中心,,47,47,24,18,12,97,49,56,46,11,5,16,5,0.7,0.6
2023-07-10T09:00:00,2447A,114.3175,29.8142,咸宁市,森林公园,,20,18,18,5,10,87,64,57,57,2,2,5,5,0.6,0.6
2023-07-10T09:00:00,2448A,114.3107,29.8454,咸宁市,市发改委,,46,46,19,13,11,94,65,47,43,4,4,5,4,0.5,0.3
2023-07-10T09:00:00,2449A,114.2936,29.8566,咸宁市,咸安区政府,,,17,19,10,13,90,,36,35,6,6,3,2,0.4,0.5
2023-07-10T09:00:00,2451A,113.3583,31.7275,随州市,市委党校,,34,34,31,16,19,90,56,68,51,6,3,9,7,0.6,0.6
2023-07-10T09:00:00,2452A,113.3833,31.6908,随州市,市林业局,,22,22,26,14,18,97,58,71,53,4,3,4,4,0.6,0.6
2023-07-10T09:00:00,2453A,113.3983,31.7308,随州市,市立交桥水厂,,26,26,24,15,18,92,50,60,47,9,5,6,6,0.6,0.5
2023-07-10T09:00:00,2454A,109.4978,30.2981,恩施土家族苗族自治州,湖北民院,,25,25,25,8,11,49,14,8,8,16,17,8,8,0.8,0.7
2023-07-10T09:00:00,2455A,109.4707,30.2798,恩施土家族苗族自治州,州电力总公司,,8,6,14,3,12,35,13,14,11,7,11,9,9,0.8,0.8
2023-07-10T09:00:00,2456A,112.5003,26.9167,衡阳市,原169医院,,41,41,22,14,14,81,67,46,46,4,5,8,8,0.3,0.3
2023-07-10T09:00:00,2457A,112.6194,26.9258,衡阳市,衡阳化工总厂,,39,35,29,27,16,87,73,48,46,8,8,22,23,0.5,0.5
2023-07-10T09:00:00,2458A,112.6211,26.8956,衡阳市,珠晖区环保局,,,29,26,,,88,70,51,49,8,6,18,32,0.5,0.5
2023-07-10T09:00:00,2459A,112.6197,26.8733,衡阳市,市委党校,,32,28,36,22,22,87,70,48,44,5,6,15,35,0.6,0.5
2023-07-10T09:00:00,2460A,112.6006,26.8919,衡阳市,市监测站,,50,50,31,31,20,87,75,42,42,9,12,33,32,0.5,0.7
2023-07-10T09:00:00,2461A,112.5664,26.9056,衡阳市,真空机电公司,,,39,25,,14,89,76,50,50,9,7,32,13,0.6,0.6
2023-07-10T09:00:00,2462A,111.5239,27.3033,邵阳市,市水土所,,33,29,21,23,18,85,67,23,21,9,8,13,8,0.4,0.4
2023-07-10T09:00:00,2463A,111.4733,27.2317,邵阳市,市一中,,33,33,25,18,13,85,67,56,54,9,6,9,8,0.4,0.3
2023-07-10T09:00:00,2464A,111.5283,27.2442,邵阳市,市化工厂,,32,30,24,22,16,92,65,52,44,10,8,15,11,0.4,0.3
2023-07-10T09:00:00,2465A,111.4503,27.2537,邵阳市,市罐头厂,,41,41,29,14,16,79,53,43,42,20,12,14,10,0.4,0.3
2023-07-10T09:00:00,2466A,111.4328,27.2272,邵阳市,市环保局,,35,35,26,21,14,89,64,48,48,11,7,12,7,0.4,0.3
2023-07-10T09:00:00,2467A,112.4067,28.6428,益阳市,甘溪港,,37,37,29,8,7,80,44,27,22,8,8,7,5,0.3,0.3
2023-07-10T09:00:00,2468A,112.3458,28.5808,益阳市,市环保局,,23,17,20,8,13,117,73,35,35,5,10,9,6,0.5,0.4
2023-07-10T09:00:00,2469A,112.3437,28.5531,益阳市,市特殊教育学校,,23,16,22,5,13,115,73,41,41,5,6,6,3,0.4,0.4
2023-07-10T09:00:00,2470A,112.3347,28.6047,益阳市,资阳区政务中心,,24,11,20,4,10,118,74,34,34,6,10,11,8,0.5,0.5
2023-07-10T09:00:00,2471A,112.3744,28.5819,益阳市,赫山环保分局,,25,25,29,10,10,113,70,28,28,6,10,8,5,0.6,0.5
2023-07-10T09:00:00,2472A,113.0073,25.9061,郴州市,马头岭,,23,23,17,4,6,84,62,47,47,16,16,5,4,0.4,0.4
2023-07-10T09:00:00,2473A,113.0116,25.8226,郴州市,市职中,,24,24,16,11,11,88,71,54,54,9,8,4,3,0.4,0.4
2023-07-10T09:00:00,2474A,113.0161,25.8001,郴州市,兴隆步行街,,25,25,26,14,10,86,72,62,62,11,9,1,2,0.5,0.5
2023-07-10T09:00:00,2475A,113.0383,25.8071,郴州市,市审计局,,22,19,18,12,10,81,68,58,58,7,7,3,2,0.4,0.4
2023-07-10T09:00:00,2476A,113.0348,25.7759,郴州市,市环保局,,21,11,14,11,10,76,66,57,57,8,8,4,3,0.5,0.5
2023-07-10T09:00:00,2477A,111.6217,26.2081,永州市,零陵南津渡,,26,18,18,18,14,75,65,55,55,5,5,7,6,0.4,0.4
2023-07-10T09:00:00,2478A,111.6156,26.4214,永州市,市环境监测站,,24,24,24,14,15,80,67,52,52,6,6,7,7,0.4,0.4
2023-07-10T09:00:00,2479A,111.6236,26.2331,永州市,零陵区环保局,,29,29,25,18,18,80,67,58,58,8,7,10,9,0.5,0.4
2023-07-10T09:00:00,2480A,111.5992,26.4364,永州市,永州市环保局,,27,27,24,12,14,83,65,52,52,7,6,8,7,0.4,0.4
2023-07-10T09:00:00,2481A,111.5989,26.4519,永州市,冷水滩区环保局,,32,32,31,16,15,79,66,54,54,8,7,5,5,0.4,0.4
2023-07-10T09:00:00,2482A,109.5981,27.5721,怀化市,林科所,,25,16,17,6,8,87,80,81,81,3,2,9,7,0.8,0.8
2023-07-10T09:00:00,2483A,109.9453,27.5444,怀化市,河西地税局,,23,22,21,13,12,80,73,70,70,6,10,4,2,0.5,0.4
2023-07-10T09:00:00,2484A,109.9781,27.5342,怀化市,市四医院,,21,21,26,14,15,72,64,61,61,4,9,4,6,0.4,0.5
2023-07-10T09:00:00,2485A,109.9972,27.5578,怀化市,监测楼,,,18,25,10,12,71,,55,55,2,6,4,5,0.5,0.5
2023-07-10T09:00:00,2486A,110.0394,27.583,怀化市,市委党校,,21,18,23,11,13,70,66,39,39,3,11,4,11,0.4,0.5
2023-07-10T09:00:00,2487A,111.9589,27.8901,娄底市,电视发射台,,24,24,30,8,12,86,62,38,38,5,5,4,3,0.6,0.6
2023-07-10T09:00:00,2488A,111.9975,27.725,娄底市,市监测站,,25,25,25,4,14,87,63,56,54,4,4,11,8,0.3,0.3
2023-07-10T09:00:00,2489A,112.0194,27.7314,娄底市,市委党校,,32,32,24,14,15,83,59,54,50,4,2,9,10,0.7,0.6
2023-07-10T09:00:00,2490A,111.9561,27.7569,娄底市,涟钢,,27,27,43,15,17,76,51,36,31,21,20,35,32,0.8,1.1
2023-07-10T09:00:00,2491A,111.9892,27.7044,娄底市,市政府,,24,24,21,9,12,87,63,58,52,5,4,10,7,0.4,0.4
2023-07-10T09:00:00,2492A,109.6414,28.2558,湘西州,跃进水库,,20,20,20,10,10,30,14,7,7,8,7,5,5,0.6,0.6
2023-07-10T09:00:00,2493A,109.7325,28.3169,湘西州,州政府,,26,26,21,3,11,64,29,14,13,8,9,9,9,0.6,0.5
2023-07-10T09:00:00,2494A,109.6958,28.2675,湘西州,吉首市计生局,,18,18,17,12,10,55,27,13,13,12,14,11,8,0.8,0.7
2023-07-10T09:00:00,2495A,111.3014,23.4832,梧州市,市逸夫小学,,30,27,26,21,14,102,26,19,7,16,19,6,7,0.7,0.7
2023-07-10T09:00:00,2496A,111.3239,23.4794,梧州市,市十一中,,33,33,29,18,12,110,29,13,10,14,15,9,8,0.7,0.7
2023-07-10T09:00:00,2497A,111.247,23.4189,梧州市,龙圩,,28,28,36,18,15,98,22,29,13,25,15,10,9,0.8,0.6
2023-07-10T09:00:00,2498A,111.2711,23.4835,梧州市,龙新,颗粒物(PM10),51,51,35,20,14,92,25,19,7,13,16,6,6,0.5,0.4
2023-07-10T09:00:00,2499A,108.3411,21.6158,防城港市,沙万,,18,18,21,6,7,44,40,37,37,11,9,2,3,0.5,0.4
2023-07-10T09:00:00,2500A,108.3514,21.7731,防城港市,防城档案局,,16,16,19,7,6,40,37,36,35,6,7,3,3,1.3,1.3
2023-07-10T09:00:00,2501A,108.3506,21.6414,防城港市,大海花园,,14,12,18,6,5,43,43,39,39,3,5,3,3,0.4,0.4
2023-07-10T09:00:00,2502A,108.6236,21.9667,钦州市,市环保站,,24,24,18,9,5,57,39,36,36,10,11,5,8,0.7,0.6
2023-07-10T09:00:00,2503A,108.6549,21.9481,钦州市,沙埠小学,,25,25,23,8,9,65,41,29,29,7,12,4,7,0.4,0.4
2023-07-10T09:00:00,2504A,108.5989,21.7431,钦州市,港区一小,,19,19,22,6,6,41,28,37,33,18,10,13,7,0.8,0.5
2023-07-10T09:00:00,2505A,109.568,23.1478,贵港市,德智高中,,34,34,31,15,15,75,31,43,29,14,13,6,5,0.8,0.7
2023-07-10T09:00:00,2506A,109.6047,23.0666,贵港市,江南子站,,23,22,35,16,18,90,45,48,34,7,9,7,6,0.6,0.6
2023-07-10T09:00:00,2507A,109.6014,23.0948,贵港市,贵城子站,,16,14,27,11,17,82,40,48,35,7,9,5,6,0.6,0.6
2023-07-10T09:00:00,2508A,109.5669,23.1065,贵港市,荷城子站,,27,27,29,9,11,76,38,44,35,8,9,7,7,0.5,0.5
2023-07-10T09:00:00,2509A,110.1106,22.7019,玉林市,寒山水库,,35,35,40,17,22,72,18,25,15,7,8,9,8,0.5,0.5
2023-07-10T09:00:00,2510A,110.1675,22.6411,玉林市,市监测站,,29,29,27,13,16,69,29,29,22,6,6,15,16,0.6,0.5
2023-07-10T09:00:00,2511A,110.1433,22.6164,玉林市,南江一中,,30,30,32,16,16,70,28,28,23,10,9,17,13,0.6,0.5
2023-07-10T09:00:00,2512A,106.6103,23.9011,百色市,市监测站,,42,42,33,19,15,111,77,60,50,14,13,32,22,0.9,0.7
2023-07-10T09:00:00,2513A,106.6538,23.8859,百色市,市中心血站,,41,41,36,24,20,106,74,60,60,14,14,23,24,0.9,0.8
2023-07-10T09:00:00,2514A,111.5264,24.4172,贺州市,环保小区,,32,32,31,18,17,94,38,30,28,20,16,13,12,0.7,0.6
2023-07-10T09:00:00,2515A,111.5608,24.4078,贺州市,政协大楼,,40,40,32,25,20,94,37,28,25,21,15,15,15,0.6,0.6
2023-07-10T09:00:00,2516A,108.2011,24.715,河池市,东仁乐园,,29,20,26,20,20,77,42,52,39,7,7,7,6,0.4,0.4
2023-07-10T09:00:00,2517A,108.0497,24.6947,河池市,市环保站,,21,17,22,11,13,84,66,75,58,7,8,7,7,0.5,0.5
2023-07-10T09:00:00,2518A,108.0983,24.6989,河池市,市疾控中心,,32,32,31,12,15,87,62,63,48,8,12,6,6,0.6,0.5
2023-07-10T09:00:00,2520A,109.2203,23.7256,来宾市,来宾技工学校,,30,30,22,8,12,86,30,40,26,6,7,7,7,0.5,0.5
2023-07-10T09:00:00,2521A,107.3476,22.4136,崇左市,市环保局江州分局,,31,31,32,16,15,79,26,19,15,15,14,4,4,0.4,0.4
2023-07-10T09:00:00,2522A,107.3702,22.3707,崇左市,城南新区,,40,40,28,20,13,80,38,32,27,11,12,8,3,0.4,0.4
2023-07-10T09:00:00,2523A,105.8945,32.4535,广元市,黑石坡,,50,50,29,10,10,151,60,97,68,14,11,15,13,0.4,0.4
2023-07-10T09:00:00,2524A,105.821,32.4444,广元市,老城,,35,35,32,14,10,158,42,60,52,27,14,12,7,0.9,0.8
2023-07-10T09:00:00,2526A,105.8628,32.4287,广元市,监测站,,42,42,25,28,12,144,41,65,46,21,11,17,8,0.7,0.6
2023-07-10T09:00:00,2527A,105.5453,30.5678,遂宁市,石溪浩,颗粒物(PM10),63,75,63,30,28,206,63,60,37,17,17,9,9,0.8,0.7
2023-07-10T09:00:00,2528A,105.5582,30.5232,遂宁市,市监测站,,47,47,51,22,26,201,80,86,75,23,16,10,11,0.5,0.4
2023-07-10T09:00:00,2529A,105.5861,30.5366,遂宁市,行政中心,,40,40,47,27,29,180,71,107,79,28,15,8,6,0.6,0.5
2023-07-10T09:00:00,2530A,105.5918,30.4728,遂宁市,美宁食品公司,颗粒物(PM10),54,58,53,30,25,174,80,64,63,20,23,11,8,0.6,0.4
2023-07-10T09:00:00,2531A,105.0703,29.61,内江市,市监测站,,49,37,38,34,38,176,64,99,73,27,19,11,8,0.4,0.5
2023-07-10T09:00:00,2532A,105.0717,29.5947,内江市,东兴区政府,,25,23,35,11,23,173,77,132,88,19,15,5,4,0.6,0.7
2023-07-10T09:00:00,2533A,105.0653,29.5817,内江市,内江二中,,32,32,39,15,23,176,69,91,76,21,17,17,10,0.5,0.6
2023-07-10T09:00:00,2534A,105.0406,29.5822,内江市,内江日报社,,46,46,49,29,36,183,62,98,66,30,21,14,6,0.6,0.6
2023-07-10T09:00:00,2535A,103.7723,29.5462,乐山市,花湖湾,细颗粒物(PM2.5),57,51,40,40,32,168,71,120,90,31,15,3,3,0.9,0.7
2023-07-10T09:00:00,2536A,103.7627,29.5844,乐山市,牛耳桥,细颗粒物(PM2.5),57,53,41,40,30,195,80,113,85,35,18,14,12,1.0,0.8
2023-07-10T09:00:00,2537A,103.7508,29.6006,乐山市,市第三水厂,,,58,44,42,28,200,,117,77,35,18,6,3,0.8,0.6
2023-07-10T09:00:00,2538A,103.7571,29.5664,乐山市,市监测站,,,,,,,,,,,,,,,,
2023-07-10T09:00:00,2539A,104.0308,30.0478,眉山市,黑龙滩水库,,42,42,32,17,22,194,117,134,91,5,8,5,5,0.5,0.5
2023-07-10T09:00:00,2540A,103.8416,30.0874,眉山市,气象局,颗粒物(PM10),53,56,44,25,16,228,51,147,57,54,26,9,11,0.7,0.6
2023-07-10T09:00:00,2543A,106.6308,30.5278,广安市,小平旧居,,,,,,,,,,,,,,,,
2023-07-10T09:00:00,2544A,106.6303,30.4576,广安市,市委,,40,40,36,26,26,162,75,74,64,15,11,11,10,0.6,0.5
2023-07-10T09:00:00,2545A,106.6271,30.4663,广安市,友谊中学,颗粒物(PM10),51,52,43,25,28,164,81,92,72,18,15,11,9,0.6,0.6
2023-07-10T09:00:00,2547A,106.6388,30.4551,广安市,广电花园,颗粒物(PM10),54,57,42,25,26,154,65,77,57,19,13,10,9,0.6,0.4
2023-07-10T09:00:00,2548A,107.5277,31.2827,达州市,达州职业技术学院,,39,39,35,14,15,190,57,32,32,14,22,10,7,0.7,0.7
2023-07-10T09:00:00,2549A,107.5086,31.2186,达州市,市环境监测站,,42,42,38,17,16,137,20,18,8,32,28,10,8,0.7,0.7
2023-07-10T09:00:00,2550A,107.4988,31.2132,达州市,凤凰小区,,34,34,38,5,15,144,29,21,15,28,26,11,9,0.5,0.5
2023-07-10T09:00:00,2551A,107.5082,31.1986,达州市,达县机关宾馆,,31,31,39,14,16,133,36,18,18,23,33,10,9,0.4,0.4
2023-07-10T09:00:00,2552A,107.4644,31.2124,达州市,市政中心,颗粒物(PM10),51,51,46,14,17,150,21,12,12,32,31,7,10,0.8,0.8
2023-07-10T09:00:00,2554A,103.0475,30.02,雅安市,建安厂,细颗粒物(PM2.5),52,41,51,36,36,246,80,115,97,20,17,9,8,0.6,0.6
2023-07-10T09:00:00,2555A,103.0111,29.9833,雅安市,市政府,,48,48,52,30,35,235,66,119,84,14,11,8,8,0.5,0.5
2023-07-10T09:00:00,2556A,102.9905,29.9775,雅安市,川农大,,,37,44,30,33,246,86,147,101,18,14,,10,0.7,0.7
2023-07-10T09:00:00,2561A,104.6617,30.1372,资阳市,莲花山,颗粒物(PM10),61,72,44,42,22,184,103,127,112,20,11,5,5,0.9,0.8
2023-07-10T09:00:00,2562A,104.6356,30.1506,资阳市,资阳中学,,49,47,35,34,27,192,115,123,101,16,9,8,6,0.7,0.5
2023-07-10T09:00:00,2563A,104.6295,30.1383,资阳市,四三一厂,颗粒物(PM10),60,69,42,32,24,189,107,128,104,24,12,7,6,0.7,0.6
2023-07-10T09:00:00,2564A,104.6463,30.1146,资阳市,师范校,细颗粒物(PM2.5),52,50,40,36,28,172,94,106,86,20,12,6,6,0.6,0.6
2023-07-10T09:00:00,2565A,104.6296,30.1256,资阳市,区法院,细颗粒物(PM2.5),55,55,40,39,30,191,109,118,109,24,12,9,8,0.7,0.6
2023-07-10T09:00:00,2566A,102.1879,31.914,阿坝藏族羌族自治州,州农科所,,,,17,60,11,72,19,16,15,11,10,3,3,0.7,0.6
2023-07-10T09:00:00,2568A,102.2502,31.8896,阿坝藏族羌族自治州,马师校,,,14,23,15,13,77,,17,16,,9,,6,,0.3
2023-07-10T09:00:00,2570A,101.9603,30.0475,甘孜藏族自治州,水桥子,,30,30,22,11,12,130,13,45,16,23,16,5,4,0.4,0.3
2023-07-10T09:00:00,2571A,102.3431,27.8099,凉山彝族自治州,青龙寺,,,,,,,,,,,,,,,,
2023-07-10T09:00:00,2572A,102.2721,27.8415,凉山彝族自治州,邛海宾馆,,20,20,27,10,16,173,34,55,33,11,11,10,10,0.7,0.8
2023-07-10T09:00:00,2573A,102.2625,27.898,凉山彝族自治州,西昌市政府,,30,30,25,16,14,159,34,57,37,12,8,15,13,0.7,0.7
2023-07-10T09:00:00,2574A,102.2685,27.8851,凉山彝族自治州,凉山州政府,,,28,28,13,15,155,38,52,39,,9,13,13,0.7,0.8
2023-07-10T09:00:00,2575A,102.237,27.8914,凉山彝族自治州,长安,,31,31,32,16,16,149,27,66,34,23,14,19,18,1.1,1
2023-07-10T09:00:00,2576A,104.8,26.5892,六盘水市,窑上,,26,11,16,18,13,73,35,42,24,6,7,4,4,0.4,0.3
2023-07-10T09:00:00,2577A,104.83,26.5917,六盘水市,黄土坡,,25,25,9,14,13,72,22,48,30,20,12,8,4,0.7,0.5
2023-07-10T09:00:00,2578A,104.89,26.5939,六盘水市,水钢,,18,13,17,12,10,64,28,62,45,9,9,5,8,0.4,0.5
2023-07-10T09:00:00,2579A,104.8475,26.5894,六盘水市,民中,,25,24,20,17,11,66,21,52,36,17,13,6,5,0.7,0.6
2023-07-10T09:00:00,2580A,104.9544,26.5506,六盘水市,双水,,20,19,17,14,15,68,31,54,43,8,9,6,6,0.4,0.7
2023-07-10T09:00:00,2585A,109.1839,27.7344,铜仁地区,铜仁卫校,,28,28,24,10,10,56,28,8,8,10,10,2,2,0.4,0.2
2023-07-10T09:00:00,2586A,109.1753,27.6944,铜仁地区,铜仁七中,,21,21,17,10,10,53,14,6,5,4,4,3,1,0.3,0.2
2023-07-10T09:00:00,2587A,105.2864,27.3125,毕节市,八中,,22,20,21,15,16,112,42,39,34,9,11,6,5,0.6,0.5
2023-07-10T09:00:00,2588A,105.31,27.2944,毕节市,师专,,14,14,17,8,13,107,40,33,32,6,10,8,7,0.6,0.5
2023-07-10T09:00:00,2589A,104.9022,25.0925,黔西南布依族苗族自治州,场坝街,,11,5,10,5,6,62,34,30,29,4,5,2,2,0.2,0.2
2023-07-10T09:00:00,2590A,104.8811,25.0992,黔西南布依族苗族自治州,坪东大道,,22,22,18,11,8,61,30,29,25,6,9,2,1,0.4,0.4
2023-07-10T09:00:00,2591A,107.9783,26.5747,黔东南苗族侗族自治州,市环境监测站,,20,16,18,11,12,78,63,76,73,8,6,5,6,0.3,0.3
2023-07-10T09:00:00,2593A,107.5228,26.2403,黔南布依族苗族自治州,小围寨,,20,17,15,12,9,67,62,63,63,2,4,3,4,0.3,0.3
2023-07-10T09:00:00,2594A,99.1678,25.1081,保山市,市环境监测站,,15,9,12,10,7,37,21,22,20,12,10,7,6,0.6,0.6
2023-07-10T09:00:00,2595A,99.1711,25.1328,保山市,市环保局,,11,11,13,4,8,38,18,18,17,10,9,6,6,0.6,0.5
2023-07-10T09:00:00,2596A,103.7667,27.3736,昭通市,监测站,,20,16,24,14,18,134,40,56,41,5,7,7,8,0.2,0.2
2023-07-10T09:00:00,2597A,103.7225,27.3361,昭通市,环保局,,16,16,24,9,16,145,38,47,32,6,8,7,6,0.3,0.3
2023-07-10T09:00:00,2598A,100.2143,26.8576,丽江市,西南郊,,15,15,12,8,6,66,17,28,22,13,7,5,5,0.8,0.7
2023-07-10T09:00:00,2599A,100.2497,26.8802,丽江市,丽江古城,,30,30,18,17,12,69,19,32,24,16,11,9,8,0.8,0.7
2023-07-10T09:00:00,2600A,100.2203,26.8906,丽江市,市中心,,12,12,10,2,4,64,15,31,19,20,15,10,10,0.7,0.7
2023-07-10T09:00:00,2601A,100.98,22.7633,普洱市,市环保局,,19,19,21,10,9,44,31,33,33,17,10,4,5,0.7,0.6
2023-07-10T09:00:00,2602A,100.9817,22.8322,普洱市,普洱第二中学,,15,15,20,9,12,44,37,31,31,12,9,7,7,0.7,0.7
2023-07-10T09:00:00,2603A,100.0781,23.8982,临沧市,市环保局,,,19,17,9,14,40,,16,11,11,8,3,3,0.7,0.5
2023-07-10T09:00:00,2604A,100.0894,23.8822,临沧市,市气象局,,25,25,18,13,10,40,11,10,10,10,10,5,5,0.6,0.5
2023-07-10T09:00:00,2605A,101.5482,25.0441,楚雄州,州环境监测站,,9,3,8,4,6,44,28,34,33,5,5,4,3,0.5,0.5
2023-07-10T09:00:00,2606A,101.538,25.0492,楚雄州,市经济开发区,,12,12,12,3,8,40,26,33,31,7,7,6,10,0.6,0.6
2023-07-10T09:00:00,2608A,103.3772,23.3993,红河州,污水处理厂,,22,17,14,15,11,53,45,47,43,5,6,4,5,0.3,0.3
2023-07-10T09:00:00,2609A,103.3861,23.35,红河州,监测站,,21,21,18,14,11,58,48,44,42,4,6,5,8,0.4,0.3
2023-07-10T09:00:00,2610A,104.2533,23.3594,文山州,州水务局,,18,10,11,12,8,52,42,31,30,12,11,6,5,0.2,0.1
2023-07-10T09:00:00,2611A,104.2319,23.3892,文山州,市便民服务中心,,15,14,13,1,7,54,46,43,38,7,6,5,4,0.1,0.1
2023-07-10T09:00:00,2612A,100.7939,22.0019,西双版纳州,景洪市江南,,13,9,17,9,10,42,34,25,25,12,9,3,4,0.6,0.5
2023-07-10T09:00:00,2613A,100.8017,22.0225,西双版纳州,景洪市江北,,15,4,9,10,8,42,22,18,18,14,11,6,5,0.5,0.4
2023-07-10T09:00:00,2614A,100.1542,25.7054,大理州,大理市环境监测站,,11,11,10,5,8,39,22,29,26,4,5,4,5,0.6,0.6
2023-07-10T09:00:00,2615A,100.2171,25.5811,大理州,大理古城,,10,10,13,2,9,47,12,9,7,2,6,8,8,0.6,0.6
2023-07-10T09:00:00,2616A,98.5842,24.428,德宏州,德宏州监测站,,19,19,20,11,12,48,21,24,23,9,8,5,7,0.8,0.8
2023-07-10T09:00:00,2618A,98.8601,25.8567,怒江州,州监测站,,18,18,18,11,13,50,18,25,22,8,7,11,11,0.4,0.4
2023-07-10T09:00:00,2619A,98.8546,25.8417,怒江州,泸水一中,,18,16,14,12,9,45,13,23,16,9,6,6,6,0.3,0.3
2023-07-10T09:00:00,2621A,99.7056,27.8317,迪庆州,迪庆州站,,19,19,16,13,9,44,35,32,31,13,10,12,11,0.6,0.5
2023-07-10T09:00:00,2622A,97.1806,31.1273,昌都市,昌都监测站,,20,20,16,9,6,98,27,32,31,14,15,6,6,0.6,0.6
2023-07-10T09:00:00,2624A,91.7608,29.2313,山南市,山南监测站,,20,13,11,5,6,106,61,98,74,11,5,7,8,0.4,0.3
2023-07-10T09:00:00,2625A,91.7706,29.2436,山南市,山南人民医院,,24,13,12,6,5,111,74,101,80,10,7,7,6,0.3,0.3
2023-07-10T09:00:00,2626A,88.8876,29.2718,日喀则市,日喀则监测站,,30,2,7,2,3,94,94,85,85,5,5,4,4,0.5,0.4
2023-07-10T09:00:00,2628A,92.0657,31.4846,那曲地区,那曲监测站,,,,38,0,16,114,37,47,46,21,9,11,5,1.3,0.7
2023-07-10T09:00:00,2630A,80.1161,32.5,阿里地区,阿里监测站,,17,3,8,2,4,78,52,67,60,12,5,8,8,0.3,0.3
2023-07-10T09:00:00,2632A,94.3681,29.6376,林芝市,林芝监测站,,6,6,6,3,3,55,15,26,20,4,3,8,8,0.4,0.4
2023-07-10T09:00:00,2633A,94.3616,29.6616,林芝市,林芝人民医院,,14,14,8,4,4,55,13,18,14,7,4,7,7,0.5,0.3
2023-07-10T09:00:00,2634A,106.9893,33.1842,汉中市,汉川机床厂子校,,38,38,34,15,20,120,47,22,22,20,19,3,2,0.5,0.5
2023-07-10T09:00:00,2635A,107.0154,33.0706,汉中市,市监测站,,41,41,44,27,24,151,78,57,57,10,12,7,7,0.6,0.7
2023-07-10T09:00:00,2636A,107.0089,33.1138,汉中市,鑫源开发区,,41,41,39,9,17,161,75,51,51,12,15,8,7,0.5,0.5
2023-07-10T09:00:00,2637A,107.007,33.0323,汉中市,南郑大河坎水厂,,42,42,45,15,25,157,72,39,38,12,12,9,7,0.5,0.6
2023-07-10T09:00:00,2638A,109.7414,38.3344,榆林市,红石峡森林公园,颗粒物(PM10),59,67,45,20,14,182,27,7,7,53,37,14,10,0.7,0.5
2023-07-10T09:00:00,2639A,109.7456,38.2911,榆林市,世纪广场,颗粒物(PM10),80,109,42,25,16,191,34,73,18,72,38,14,15,1.3,0.8
2023-07-10T09:00:00,2640A,109.7289,38.2839,榆林市,实验中学,颗粒物(PM10),65,79,42,12,12,193,88,68,29,39,36,28,14,0.8,0.7
2023-07-10T09:00:00,2641A,109.7336,38.2478,榆林市,环保监测大楼,颗粒物(PM10),51,51,42,13,12,197,99,49,22,29,39,32,14,0.7,0.7
2023-07-10T09:00:00,2642A,109.0318,32.6537,安康市,香溪洞,,27,27,32,18,18,137,41,42,27,5,8,10,7,0.6,0.6
2023-07-10T09:00:00,2643A,109.0281,32.6939,安康市,安康市监测站,,48,48,43,19,19,131,34,32,22,11,10,8,9,0.7,0.6
2023-07-10T09:00:00,2644A,109.0072,32.6975,安康市,汉滨区检察院,,41,41,39,14,19,130,31,26,18,11,10,8,8,0.6,0.5
2023-07-10T09:00:00,2645A,109.9154,33.8715,商洛市,监测站,,46,46,46,18,17,193,46,34,30,17,18,4,5,0.6,0.6
2023-07-10T09:00:00,2647A,104.1724,36.5446,白银市,第三小学,二氧化硫,86,58,45,19,14,177,132,124,115,16,16,398,85,0.4,0.3
2023-07-10T09:00:00,2648A,104.1465,36.5482,白银市,动力公司,二氧化硫,93,70,48,28,16,172,120,124,109,15,15,448,81,0.6,0.4
2023-07-10T09:00:00,2649A,106.0055,34.343,天水市,麦积山,,,,,,,,,,,,,,,,
2023-07-10T09:00:00,2650A,105.7205,34.5786,天水市,公园小学,颗粒物(PM10),55,59,39,19,15,173,40,52,43,42,23,7,8,0.9,0.6
2023-07-10T09:00:00,2651A,105.8945,34.5538,天水市,麦积国土局,颗粒物(PM10),59,67,49,17,16,164,51,88,68,38,17,5,7,0.9,0.7
2023-07-10T09:00:00,2652A,102.6201,37.9251,武威市,监测站,颗粒物(PM10),83,115,99,54,43,192,98,113,113,17,17,8,8,0.4,0.4
2023-07-10T09:00:00,2654A,100.4698,38.9524,张掖市,润泉湖,颗粒物(PM10),63,75,52,35,25,176,52,110,71,22,14,9,8,0.4,0.3
2023-07-10T09:00:00,2655A,100.4154,38.9422,张掖市,区工会,颗粒物(PM10),68,85,66,43,28,176,72,112,84,17,11,7,6,0.6,0.4
2023-07-10T09:00:00,2656A,106.6692,35.5461,平凉市,聚贤嘉苑,颗粒物(PM10),61,72,53,18,16,197,98,163,87,37,24,12,9,0.6,0.4
2023-07-10T09:00:00,2657A,106.7021,35.5307,平凉市,博物馆,颗粒物(PM10),60,69,62,25,19,201,112,161,94,41,27,13,10,0.7,0.6
2023-07-10T09:00:00,2658A,98.5061,39.7443,酒泉市,仓门街子站,,48,48,137,23,36,149,100,124,102,13,14,4,5,0.4,0.4
2023-07-10T09:00:00,2659A,98.4989,39.7256,酒泉市,油田生活基地,,48,48,137,29,36,151,104,106,104,10,14,5,5,0.4,0.5
2023-07-10T09:00:00,2661A,107.6325,35.7357,庆阳市,庆阳五中,颗粒物(PM10),57,64,56,23,19,237,153,232,186,12,10,11,8,0.5,0.4
2023-07-10T09:00:00,2662A,107.6364,35.7067,庆阳市,市环保局,颗粒物(PM10),56,62,54,25,20,230,155,226,184,10,9,8,6,0.5,0.4
2023-07-10T09:00:00,2663A,104.6241,35.5734,定西市,东关小学,,42,42,44,25,17,150,107,98,92,8,9,5,5,0.1,0.1
2023-07-10T09:00:00,2664A,104.6194,35.5934,定西市,供电公司,,32,29,40,13,21,143,100,103,90,12,12,6,6,0.1,0.1
2023-07-10T09:00:00,2665A,105.0822,33.3261,陇南市,汉王镇固水子,,,,,,,,,,,,,,,,
2023-07-10T09:00:00,2667A,103.2069,35.5993,临夏回族自治州,环保局,,31,31,25,19,14,133,56,47,37,24,19,8,4,0.9,0.7
2023-07-10T09:00:00,2668A,103.2417,35.6057,临夏回族自治州,建设大厦,,40,40,33,13,12,143,51,48,43,26,14,6,5,0.5,0.4
2023-07-10T09:00:00,2669A,102.9099,34.9841,甘南州,州政府,,45,45,41,25,20,114,35,11,11,27,27,8,4,0.3,0.1
2023-07-10T09:00:00,2671A,100.9048,36.9639,海北藏族自治州,海晏县西海镇,,36,36,30,14,20,162,80,80,70,14,10,11,12,0.5,0.5
2023-07-10T09:00:00,2672A,102.0199,35.5102,黄南藏族自治州,同仁县隆务镇,,27,27,35,15,12,120,53,65,51,15,11,9,9,0,0.5
2023-07-10T09:00:00,2673A,100.6188,36.2866,海南藏族自治州,共和县恰卜恰镇,,30,30,19,16,13,106,76,86,54,26,16,11,10,0.4,0.3
2023-07-10T09:00:00,2674A,100.2561,34.4714,果洛藏族自治州,玛沁县大武镇,,27,27,30,10,14,108,37,44,33,12,9,12,11,0.5,0.4
2023-07-10T09:00:00,2675A,97,33.0014,玉树藏族自治州,玉树县结古镇,,28,3,9,2,3,124,87,78,78,17,8,10,10,0.6,0.5
2023-07-10T09:00:00,2676A,97.3731,37.3753,海西蒙古族藏族自治州,德令哈市,,27,16,16,9,6,137,84,101,93,6,4,5,5,0.4,0.4
2023-07-10T09:00:00,2677A,106.1532,37.9648,吴忠市,教育园区,颗粒物(PM10),67,84,45,23,10,222,42,120,69,52,19,8,7,0.8,0.4
2023-07-10T09:00:00,2679A,106.1856,37.9956,吴忠市,新区二泵站,颗粒物(PM10),79,107,47,31,13,207,54,122,72,43,14,10,8,0.7,0.4
2023-07-10T09:00:00,2680A,105.0025,37.4635,中卫市,沙坡头消防站,,,,,,,,,,,,,,,,
2023-07-10T09:00:00,2682A,105.1971,37.5002,中卫市,环保局站,颗粒物(PM10),57,63,55,28,20,180,84,104,79,21,16,7,10,0.6,0.5
2023-07-10T09:00:00,2683A,106.2319,36.1417,固原市,马园,,48,48,52,20,15,173,144,110,110,15,22,6,6,0.5,0.4
2023-07-10T09:00:00,2684A,106.2792,36.0022,固原市,监测站,,,,39,,16,171,,117,117,19,12,6,5,0.3,0.3
2023-07-10T09:00:00,2685A,106.2375,36.0211,固原市,新区,,47,47,39,17,14,170,84,116,113,31,12,6,5,0.4,0.3
2023-07-10T09:00:00,2686A,89.1904,42.9418,吐鲁番地区,市环保局,颗粒物(PM10),59,68,89,28,27,126,39,76,70,37,17,5,6,0.6,0.5
2023-07-10T09:00:00,2687A,89.1673,42.9559,吐鲁番地区,地区环保局,颗粒物(PM10),61,72,95,15,28,114,19,68,52,52,25,7,8,0.7,0.5
2023-07-10T09:00:00,2688A,93.5128,42.8172,哈密地区,地区监测站,,37,37,60,17,20,104,87,83,83,14,20,4,6,0.3,0.4
2023-07-10T09:00:00,2689A,93.4961,42.8328,哈密地区,哈密师范学校,,30,23,56,10,21,113,94,98,98,16,19,5,5,0.4,0.5
2023-07-10T09:00:00,2690A,88.1236,43.8886,昌吉州,天山天池,,21,1,8,2,6,98,67,56,56,7,9,5,5,0.5,0.5
2023-07-10T09:00:00,2692A,87.2717,44.0297,昌吉州,新区政务中心,,25,4,17,9,10,114,77,97,94,16,14,5,6,0.3,0.3
2023-07-10T09:00:00,2693A,82.0485,44.8556,博尔塔拉蒙古自治州,市党校,,32,16,19,9,8,126,101,84,79,12,9,5,5,0.3,0.3
2023-07-10T09:00:00,2694A,82.0806,44.8969,博尔塔拉蒙古自治州,市环保局,,31,15,20,10,9,118,97,79,62,9,10,3,3,0.5,0.5
2023-07-10T09:00:00,2695A,80.292,41.1694,阿克苏地区,电视台,颗粒物(PM10),57,64,37,11,15,138,25,127,69,36,12,6,7,0.5,0.3
2023-07-10T09:00:00,2696A,80.2613,41.1551,阿克苏地区,艺术中心,,32,32,36,13,16,132,46,113,77,41,16,7,6,0.5,0.3
2023-07-10T09:00:00,2697A,76.1454,39.7142,克孜勒苏柯尔克孜自治州,市人民政府,,32,32,41,8,13,157,90,107,100,16,12,6,9,0.4,0.5
2023-07-10T09:00:00,2698A,76.0072,39.4467,喀什地区,巡警大队,颗粒物(PM10),60,70,60,17,15,170,42,85,78,43,25,3,2,0.5,0.3
2023-07-10T09:00:00,2699A,75.9755,39.4694,喀什地区,吾办,,31,31,44,19,17,171,77,90,87,20,19,2,2,0.4,0.4
2023-07-10T09:00:00,2700A,75.9538,39.4682,喀什地区,市环境监测站,,50,50,61,13,13,170,78,85,85,15,17,4,4,0.3,0.3
2023-07-10T09:00:00,2703A,81.2815,43.9404,伊犁哈萨克州,市环保局,,30,21,24,21,12,132,55,102,67,25,18,10,6,0.6,0.4
2023-07-10T09:00:00,2704A,81.2996,43.9174,伊犁哈萨克州,新政府片区,,18,7,16,6,9,125,55,81,61,17,13,10,7,0.9,0.7
2023-07-10T09:00:00,2705A,81.3364,43.941,伊犁哈萨克州,第二水厂,,30,30,21,3,10,127,55,93,61,18,14,11,8,0.7,0.6
2023-07-10T09:00:00,2706A,82.9994,46.7432,塔城地区,东门外小游园,,,22,25,6,7,86,30,26,24,,14,4,4,0.2,0.3
2023-07-10T09:00:00,2708A,88.1264,47.8517,阿勒泰地区,市站,,25,25,23,6,5,117,55,101,70,11,6,4,4,0.7,0.6
2023-07-10T09:00:00,2709A,86.0497,44.2967,石河子市,艾青诗歌馆,,27,6,19,3,11,112,84,99,97,7,6,8,9,0.4,0.4
2023-07-10T09:00:00,2710A,86.0697,44.3075,石河子市,阳光学校,,27,8,18,1,6,113,84,105,96,8,6,7,7,0.3,0.3
2023-07-10T09:00:00,2711A,87.5475,44.1756,五家渠市,农水大厦,,20,9,18,6,7,120,64,82,80,17,10,7,8,0.5,0.3
2023-07-10T09:00:00,2835A,101.7227,26.567,攀枝花市,四十中小,,50,50,26,26,17,89,20,11,10,32,21,120,56,2.7,1.6
2023-07-10T09:00:00,2842A,118.0936,24.5058,厦门市,湖里中学,,42,42,36,18,18,144,45,13,13,26,21,3,3,0.3,0.2
2023-07-10T09:00:00,2845A,113.1569,36.1911,长治市,德盛苑,颗粒物(PM10),75,99,42,39,14,188,46,188,99,47,16,18,12,1.1,0.6
2023-07-10T09:00:00,2846A,113.3221,23.1322,广州市,体育西,,15,15,19,7,8,115,31,23,23,5,8,4,4,0.7,0.7
2023-07-10T09:00:00,2858A,117.7918,39.2474,天津市,河西一经路,,,41,27,20,12,182,,126,87,19,17,12,8,0.8,0.6
2023-07-10T09:00:00,2859A,117.3747,38.9846,天津市,津沽路,颗粒物(PM10),51,51,33,25,15,184,116,117,99,45,23,12,7,1.1,0.5
2023-07-10T09:00:00,2860A,117.1589,39.0845,天津市,宾水西道,颗粒物(PM10),51,52,31,24,13,188,141,101,101,31,20,9,6,0.8,0.5
2023-07-10T09:00:00,2862A,114.5481,38.0378,石家庄市,22中南校区,颗粒物(PM10),66,81,46,16,16,191,104,123,89,31,15,13,5,0.7,0.4
2023-07-10T09:00:00,2865A,112.7195,37.6828,晋中市,榆次三中,颗粒物(PM10),60,70,53,14,11,210,73,85,71,35,27,11,11,0.6,0.5
2023-07-10T09:00:00,2867A,111.1283,37.51,吕梁市,马茂庄小学,颗粒物(PM10),65,80,58,20,15,145,65,32,24,28,34,16,12,0.6,0.6
2023-07-10T09:00:00,2868A,126.4739,43.953,吉林市,九站,,27,20,24,14,20,118,84,63,63,7,15,3,3,0.5,0.5
2023-07-10T09:00:00,2869A,119.447,32.4155,扬州市,五台山医院,,29,29,27,11,14,160,58,35,35,18,17,6,6,0.3,0.4
2023-07-10T09:00:00,2870A,119.4424,32.1873,镇江市,市疾控中心,,17,16,17,6,13,107,53,38,38,3,14,2,3,0.5,0.7
2023-07-10T09:00:00,2871A,121.6147,29.9017,宁波市,万里国际学校,,45,41,31,31,21,117,66,53,53,22,17,5,5,0.9,0.7
2023-07-10T09:00:00,2872A,120.7846,30.7525,嘉兴市,南湖区残联,颗粒物(PM10),57,63,38,34,22,93,61,21,21,32,32,2,2,0.7,0.6
2023-07-10T09:00:00,2873A,120.0875,30.8955,湖州市,仁皇山新区,,,43,29,27,18,94,,6,6,38,34,4,3,0.7,0.6
2023-07-10T09:00:00,2875A,115.784,32.8892,阜阳市,阜阳职业技术学院,,24,9,19,8,7,114,75,70,62,12,10,6,7,0.3,0.3
2023-07-10T09:00:00,2877A,119.1641,36.6523,潍坊市,坊子邮政,,48,48,29,24,13,232,127,122,96,19,13,8,7,0.5,0.3
2023-07-10T09:00:00,2878A,116.0072,36.4343,聊城市,聊大东校,颗粒物(PM10),52,53,48,29,22,231,88,121,87,10,16,7,8,0.8,0.9
2023-07-10T09:00:00,2880A,104.0239,30.65639,成都市,大石西路,细颗粒物(PM2.5),68,80,59,49,38,258,50,129,88,43,18,5,3,0.9,0.7
2023-07-10T09:00:00,2881A,107.8908,26.5311,黔东南苗族侗族自治州,凯里学院,,22,14,16,10,11,83,70,82,79,4,5,4,4,0.1,0.2
2023-07-10T09:00:00,2882A,102.5389,24.3703,玉溪市,玉溪一中,,8,3,9,2,3,79,25,33,31,16,14,9,7,0.6,0.5
2023-07-10T09:00:00,2883A,102.5381,24.3389,玉溪市,文体中心,,7,7,11,3,4,48,21,28,24,14,10,10,9,0.6,0.6
2023-07-10T09:00:00,2884A,98.2672,39.7978,嘉峪关市,酒钢宾馆,颗粒物(PM10),57,63,154,31,52,149,92,98,93,24,26,34,14,0.4,0.8
2023-07-10T09:00:00,2885A,104.9339,33.3826,陇南市,滨江中学,,46,46,42,10,14,147,92,132,100,16,7,10,8,0.5,0.3
2023-07-10T09:00:00,2894A,117.0566,32.6531,淮南市,经济技术开发区消防队,,16,16,21,10,9,115,48,41,33,16,8,7,5,0.3,0.3
2023-07-10T09:00:00,2897A,123.2444,41.7347,沈阳市,沈辽西路,,29,29,34,18,17,141,89,55,52,10,17,5,5,0.7,0.7
2023-07-10T09:00:00,2900A,123.5953,41.9086,沈阳市,裕农路,,23,19,21,12,13,128,72,44,38,16,13,7,8,0.7,0.7
2023-07-10T09:00:00,2902A,106.6351,30.4865,广安市,北辰小学,,48,48,45,26,28,164,101,92,86,9,10,10,9,0.5,0.5
2023-07-10T09:00:00,2907A,120.1844,30.8596,湖州市,吴兴区站,,43,37,28,30,18,87,23,5,5,21,23,4,3,0.6,0.5
2023-07-10T09:00:00,2914A,106.7677,31.8794,巴中市,苏山坪,,25,23,28,17,20,124,72,112,97,5,6,4,4,0.6,0.6
2023-07-10T09:00:00,2919A,116.7022,39.5453,廊坊市,河北工业大学,颗粒物(PM10),60,69,36,30,11,165,95,90,75,28,19,5,3,0.6,0.4
2023-07-10T09:00:00,2920A,117.7116,24.506,漳州市,蓝田镇,,44,44,32,11,15,116,52,42,25,19,10,12,8,0.4,0.4
2023-07-10T09:00:00,2921A,120.5483,30.0003,绍兴市,树下王站,,,56,50,,27,139,,33,31,18,16,7,6,0.6,0.5
2023-07-10T09:00:00,2922A,117.1941,39.1067,天津市,大理道,,47,47,31,22,13,188,138,115,106,29,19,9,7,0.7,0.4
2023-07-10T09:00:00,2924A,106.2266,38.4418,银川市,水乡路,,40,40,28,8,8,232,50,104,86,57,26,5,12,0.5,0.3
2023-07-10T09:00:00,2925A,106.2757,38.4842,银川市,上海东路,,36,36,24,9,9,205,69,124,97,38,20,10,13,0.4,0.3
2023-07-10T09:00:00,2926A,106.1015,38.497,银川市,文昌北街,颗粒物(PM10),51,52,43,17,12,220,52,82,74,47,24,8,9,0.6,0.5
2023-07-10T09:00:00,2929A,114.8858,30.4519,黄冈市,红卫路,,42,42,23,21,13,100,52,52,46,12,6,10,5,1.1,0.7
2023-07-10T09:00:00,2996A,118.283,33.965,宿迁市,市供电局,,26,26,34,18,27,165,63,66,42,12,10,13,9,0.6,0.5
2023-07-10T09:00:00,2997A,119.8767,32.3289,泰州市,王营,,20,20,16,7,10,160,48,44,44,28,15,9,8,1.1,1.1
2023-07-10T09:00:00,3000A,119.3581,34.6972,连云港市,德源药业,,41,41,38,24,19,169,81,147,89,12,11,3,3,0.4,0.4
2023-07-10T09:00:00,3002A,119.9805,31.8174,常州市,行政中心,,22,22,18,15,9,108,33,46,38,25,8,8,8,0.7,0.6
2023-07-10T09:00:00,3003A,120.0522,31.7748,常州市,经开区,,42,42,19,19,7,120,24,51,37,51,12,9,6,0.7,0.4
2023-07-10T09:00:00,3004A,120.1544,33.3663,盐城市,宝龙广场,,29,29,25,7,12,140,64,62,43,11,8,5,5,0.7,0.7
2023-07-10T09:00:00,3005A,117.1814,34.29,徐州市,鼓楼区政府,,30,27,34,21,25,188,74,77,69,13,7,10,9,0.6,0.6
2023-07-10T09:00:00,3006A,117.1694,34.1781,徐州市,铜山区招生办,,31,31,35,14,20,187,70,80,59,8,9,11,11,0.5,0.5
2023-07-10T09:00:00,3007A,119.178,34.844,连云港市,新城一中,,47,47,43,26,25,194,75,152,97,15,12,3,3,0.4,0.4
2023-07-10T09:00:00,3008A,119.3608,34.7519,连云港市,胡沟管理处,,44,44,36,22,16,177,77,147,88,16,13,5,5,0.7,0.6
2023-07-10T09:00:00,3009A,119.1478,34.5911,连云港市,矿山设计院,,46,46,36,27,21,150,74,112,88,15,12,2,2,0.5,0.4
2023-07-10T09:00:00,3010A,119.9025,31.7964,常州市,钟楼,,18,18,17,10,7,110,37,45,34,26,10,6,6,0.5,0.4
2023-07-10T09:00:00,3012A,112.1849,31.0362,荆门市,西山林语,,,26,24,10,13,102,,46,41,9,6,7,6,0.4,0.5
2023-07-10T09:00:00,3014A,106.4958,29.5346,重庆市,歇台子,,45,45,41,17,20,182,43,51,48,34,30,13,8,0.7,0.7
2023-07-10T09:00:00,3015A,106.4037,29.5728,重庆市,龙井湾,,43,33,35,30,24,210,37,49,39,25,15,10,8,1.3,1
2023-07-10T09:00:00,3016A,106.5507,29.4153,重庆市,龙洲湾,,44,44,41,18,15,179,20,48,22,31,22,12,10,0.8,0.6
2023-07-10T09:00:00,3018A,111.505,36.1014,临汾市,唐尧大酒店,颗粒物(PM10),67,84,73,31,26,199,64,61,44,38,34,16,10,0.9,0.6
2023-07-10T09:00:00,3020A,117.2101,39.1699,天津市,中山北路,,,47,32,22,13,180,,134,69,35,20,8,5,0.8,0.5
2023-07-10T09:00:00,3021A,115,35.7668,濮阳市,濮水河管理处,,46,34,29,32,23,260,68,112,65,8,12,3,6,0.6,0.6
2023-07-10T09:00:00,3025A,113.0477,23.6344,清远市,技师学院,,26,26,27,12,12,107,21,10,9,11,13,6,7,0.4,0.4
2023-07-10T09:00:00,3026A,116.6183,23.6608,潮州市,市政府,颗粒物(PM10),63,75,33,28,16,83,72,46,38,22,14,24,10,0.9,0.6
2023-07-10T09:00:00,3027A,104.72,29.3427,自贡市,青杠林路,颗粒物(PM10),51,51,46,31,26,184,70,77,49,30,23,12,8,0.5,0.4
2023-07-10T09:00:00,3028A,104.776,29.3627,自贡市,檀木林体育馆,,48,48,53,24,30,171,63,120,76,20,17,15,14,0.5,0.6
2023-07-10T09:00:00,3033A,87.4651,43.4569,乌鲁木齐市,培训基地,,32,0,5,0,1,125,102,100,97,6,7,4,4,0.3,0.3
2023-07-10T09:00:00,3034A,113.1076,41.0385,乌兰察布市,光明街小学,,39,39,23,11,16,110,58,34,34,26,22,22,20,0.5,0.4
2023-07-10T09:00:00,3035A,122.0931,46.0707,兴安盟,北滨河,,19,18,20,8,12,109,59,88,76,5,7,3,3,0.3,0.3
2023-07-10T09:00:00,3036A,118.6904,37.4338,东营市,开发区管委会,臭氧1小时,72,79,42,39,22,222,177,116,113,28,15,29,14,1.3,0.6
2023-07-10T09:00:00,3038A,103.3758,23.368,红河州,州图书馆,,18,12,9,12,10,54,42,46,39,8,7,3,3,0.3,0.3
2023-07-10T09:00:00,3039A,111.1911,34.7829,三门峡市,三门峡市第一小学,,,105,74,,,207,84,68,55,16,20,5,6,0.6,0.7
2023-07-10T09:00:00,3045A,109.9643,33.8471,商洛市,商州区中学,颗粒物(PM10),58,66,49,17,15,183,44,24,23,22,23,6,7,0.5,0.5
2023-07-10T09:00:00,3046A,115.9084,28.6062,南昌市,机电学校,,34,34,38,14,15,132,77,38,28,10,14,9,9,0.4,0.5
2023-07-10T09:00:00,3048A,119.5799,26.0936,福州市,九龙,颗粒物(PM10),53,55,48,26,29,171,82,86,58,16,14,6,5,0.5,0.4
2023-07-10T09:00:00,3051A,117.3876,39.1488,天津市,西四道,,40,40,32,19,13,179,128,122,85,44,27,9,4,1.6,0.9
2023-07-10T09:00:00,3054A,113.9194,35.2847,新乡市,市委党校,,30,30,32,20,17,223,53,64,44,13,12,4,6,0.6,0.6
2023-07-10T09:00:00,3055A,101.7775,36.6428,西宁市,城北区政府,颗粒物(PM10),61,71,42,29,27,154,30,44,34,42,31,30,24,1.8,0.8
2023-07-10T09:00:00,3057A,121.5992,37.4014,烟台市,牟平检察院,,,,38,,14,189,135,130,101,15,12,10,5,0.2,0.2
2023-07-10T09:00:00,3058A,119.2658,42.0353,赤峰市,银河街,颗粒物(PM10),53,55,26,31,19,115,69,32,32,30,24,67,19,1.1,0.9
2023-07-10T09:00:00,3059A,117.7161,36.2049,济南市,泰兴公司,颗粒物(PM10),52,53,56,27,26,196,100,68,48,29,41,11,10,1.0,0.9
2023-07-10T09:00:00,3061A,119.7512,49.1577,呼伦贝尔市,国华电力东,,29,12,15,20,11,110,56,62,47,5,6,4,3,0.2,0.2
2023-07-10T09:00:00,3064A,117.6867,36.2171,济南市,莱芜战役纪念馆,颗粒物(PM10),54,58,52,24,23,195,95,141,66,32,29,8,7,1.1,1
2023-07-10T09:00:00,3065A,101.9533,29.9972,甘孜藏族自治州,州环保局,,42,42,25,8,6,124,20,47,40,28,21,10,6,0.3,0.3
2023-07-10T09:00:00,3066A,116.2721,37.4379,德州市,九衢泉纯净水厂,,,57,41,40,18,190,,118,87,21,24,8,7,0.8,0.5
2023-07-10T09:00:00,3109A,115.0093,25.8613,赣州市,赣县区卫计委,,38,38,23,15,12,91,79,47,47,12,13,8,8,0.7,0.7
2023-07-10T09:00:00,3122A,105.9606,26.2611,安顺市,伍家关,,19,10,10,8,9,90,58,88,75,4,4,3,3,0.5,0.5
2023-07-10T09:00:00,3123A,105.9408,26.2431,安顺市,凤凰山,,15,12,14,9,11,78,48,75,65,5,4,6,6,0.4,0.4
2023-07-10T09:00:00,3124A,105.9439,26.2564,安顺市,金钟山,,15,15,20,9,11,77,47,75,64,5,4,6,5,0.3,0.3
2023-07-10T09:00:00,3125A,105.8983,26.2481,安顺市,娄家坡,,19,19,21,9,10,76,43,75,61,4,3,7,6,0.4,0.4
2023-07-10T09:00:00,3128A,92.0506,31.4797,那曲地区,那曲会议中心,颗粒物(PM10),54,57,25,20,9,111,29,47,45,31,15,10,8,0.8,0.5
2023-07-10T09:00:00,3131A,114.879,40.7993,张家口市,烟厂,,26,15,19,4,6,130,81,75,71,11,9,2,1,0.1,0.1
2023-07-10T09:00:00,3132A,119.610547,39.943889,秦皇岛市,文明里,,45,45,31,12,14,130,78,72,44,32,21,5,5,0.5,0.4
2023-07-10T09:00:00,3133A,106.5468,29.5654,重庆市,上清寺,,36,36,36,19,18,273,31,67,32,41,33,16,8,1.4,1.1
2023-07-10T09:00:00,3134A,113.8172,34.0339,许昌市,市一中,,21,16,33,12,17,180,66,56,49,8,11,3,2,0.2,0.3
2023-07-10T09:00:00,3136A,104.2725,30.5589,成都市,龙泉驿区区政府,,46,46,39,27,25,182,104,134,110,11,8,5,4,0.9,0.8
2023-07-10T09:00:00,3137A,103.8578,30.0744,眉山市,市委党校,颗粒物(PM10),64,78,46,34,26,227,53,143,75,77,27,8,9,0.6,0.5
2023-07-10T09:00:00,3138A,111.7153,29.0289,常德市,武陵区永安,,19,19,19,12,11,80,26,43,24,10,4,2,2,0.4,0.3
2023-07-10T09:00:00,3139A,111.6892,28.9881,常德市,鼎城区玉霞,,24,24,21,11,11,91,31,37,20,6,6,5,4,0.1,0.1
2023-07-10T09:00:00,3140A,111.6625,29.0531,常德市,武陵区长庚,,23,23,19,14,9,76,32,42,28,8,5,6,3,0.6,0.6
2023-07-10T09:00:00,3141A,114.3922,36.0878,安阳市,信访局,,,55,61,,14,237,24,109,27,17,14,2,6,0.3,0.3
2023-07-10T09:00:00,3147A,114.3438,34.8106,开封市,龙亭公园,,35,30,48,24,25,234,59,69,42,9,9,1,3,0.4,0.5
2023-07-10T09:00:00,3148A,103.8291,30.0564,眉山市,区人社局,细颗粒物(PM2.5),52,42,42,36,29,228,70,145,67,55,32,11,10,0.6,0.4
2023-07-10T09:00:00,3149A,115.0235,30.1578,黄石市,笔架山北路,,48,48,31,16,5,79,37,50,34,17,7,6,4,0.7,0.4
2023-07-10T09:00:00,3151A,114.375,27.8097,宜春市,宜春学院北校区,,35,35,28,20,17,101,57,46,35,18,11,16,4,0.6,0.5
2023-07-10T09:00:00,3153A,114.3877,30.4908,武汉市,民族大道182号,,42,42,30,7,13,102,48,63,43,17,11,6,6,0.9,0.6
2023-07-10T09:00:00,3164A,119.4686,32.3942,扬州市,广陵建设局,,29,29,27,12,14,159,60,38,38,17,14,8,7,0.4,0.6
2023-07-10T09:00:00,3165A,108.6594,34.2969,咸阳市,两寺渡,颗粒物(PM10),71,91,86,42,33,321,114,89,75,27,29,6,3,0.9,0.7
2023-07-10T09:00:00,3169A,113.2725,35.2067,焦作市,太极体育中心,颗粒物(PM10),51,52,54,23,22,256,96,89,87,21,24,6,9,0.8,0.8
2023-07-10T09:00:00,3170A,102.1864,38.5253,金昌市,市委党校,,,,,,,168,119,166,130,11,9,4,12,0.6,0.5
2023-07-10T09:00:00,3171A,115.6071,34.4465,商丘市,梁园区档案局,,26,22,39,18,20,195,78,89,75,5,7,3,3,0.5,0.6
2023-07-10T09:00:00,3173A,117.0598,30.5351,安庆市,市人大,,23,23,9,12,6,80,53,57,38,16,16,15,6,0.6,0.5
2023-07-10T09:00:00,3178A,119.0587,36.721,潍坊市,潍坊七中,颗粒物(PM10),60,70,35,23,14,228,125,104,90,25,17,8,7,0.6,0.4
2023-07-10T09:00:00,3179A,102.7494,25.0119,昆明市,官渡区博物馆,,15,15,15,4,7,47,22,33,28,10,9,7,6,0.7,0.7
2023-07-10T09:00:00,3180A,99.7136,27.8094,迪庆州,质量技术监督局,,15,15,14,7,6,45,32,35,35,14,9,7,7,0.7,0.6
2023-07-10T09:00:00,3182A,106.7656,31.8545,巴中市,丽阳花园,,40,40,38,25,23,131,27,40,27,30,19,5,4,0.9,0.6
2023-07-10T09:00:00,3183A,106.7418,31.8654,巴中市,圣泉水务公司,,35,35,34,22,22,136,22,22,20,27,26,4,4,0.8,0.7
2023-07-10T09:00:00,3186A,103.7158,36.1058,兰州市,教育港,,32,29,49,22,22,216,80,108,78,23,14,4,8,0.6,0.5
2023-07-10T09:00:00,3187A,116.9509,33.666,宿州市,远航博物馆,,38,38,34,21,17,166,70,79,59,13,11,5,5,0.4,0.4
2023-07-10T09:00:00,3188A,115.6683,37.7217,衡水市,市城管局,,38,38,30,21,7,175,115,119,93,16,16,11,6,0.6,0.4
2023-07-10T09:00:00,3190A,116.0254,29.6994,九江市,外国语学校,,34,14,14,19,9,106,106,52,52,20,23,8,9,0.7,0.7
2023-07-10T09:00:00,3191A,118.3225,33.9447,宿迁市,宿豫区政府,,35,35,37,15,24,151,54,62,37,13,13,7,7,0.5,0.5
2023-07-10T09:00:00,3192A,80.0903,32.5028,阿里地区,阿里藏医院,,18,3,9,6,2,78,56,68,60,4,3,8,8,0.2,0.2
2023-07-10T09:00:00,3194A,112.2747,30.3122,荆州市,管委会,,22,22,22,13,12,86,59,50,44,6,6,6,6,0.5,0.5
2023-07-10T09:00:00,3195A,119.3633,32.3972,扬州市,市体育局,,,31,26,12,14,169,56,40,40,16,13,7,7,,0.5
2023-07-10T09:00:00,3200A,115.9819,36.4978,聊城市,监控中心,,48,48,53,29,25,229,102,133,97,12,27,7,9,0.6,0.5
2023-07-10T09:00:00,3201A,102.6486,37.9325,武威市,东关招商场,颗粒物(PM10),83,115,105,43,40,193,100,120,118,9,8,9,7,0.3,0.3
2023-07-10T09:00:00,3204A,113.3025,33.73,平顶山市,规划局,,26,24,26,18,17,142,59,70,58,11,12,2,1,0.3,0.3
2023-07-10T09:00:00,3206A,114.9149,27.807,新余市,新钢沁园村,,46,46,48,13,18,85,41,54,46,22,12,33,17,1.2,0.7
2023-07-10T09:00:00,3207A,118.3118,32.3038,滁州市,市政府原办公楼,,23,10,12,14,14,111,71,53,53,12,8,5,5,0.4,0.4
2023-07-10T09:00:00,3208A,112.7283,38.4153,忻州市,市政府,颗粒物(PM10),59,68,35,25,13,164,79,64,64,40,25,34,21,0.9,0.5
2023-07-10T09:00:00,3209A,119.5231,26.6562,宁德市,宁德一中,,42,42,47,24,28,194,78,60,56,13,10,7,8,1.0,1
2023-07-10T09:00:00,3210A,114.3644,34.7964,开封市,汴京公园,,43,43,53,26,22,244,61,71,44,9,10,3,3,0.7,0.6
2023-07-10T09:00:00,3216A,114.6622,24.5183,漳州市,漳州党校,,25,24,22,17,16,116,62,39,27,13,13,4,4,0.5,0.5
2023-07-10T09:00:00,3237A,117.4918,30.6617,池州市,展览馆,,33,33,13,22,6,64,39,49,40,12,8,6,5,0.5,0.4
2023-07-10T09:00:00,3239A,125.0764,42.9078,辽源市,银鹰制药,,30,23,16,18,10,134,94,62,62,7,10,5,7,0.9,1
2023-07-10T09:00:00,3241A,103.7439,36.0842,兰州市,百合公园,,44,44,46,20,20,203,80,106,66,22,22,8,8,0.4,0.4
2023-07-10T09:00:00,3242A,103.9611,35.998,兰州市,和平,颗粒物(PM10),55,59,55,26,18,161,88,95,73,13,15,12,12,0.5,0.5
2023-07-10T09:00:00,3245A,103.6633,36.533,兰州新区,新区管委会,颗粒物(PM10),57,64,57,25,19,185,102,121,80,11,12,61,16,0.4,0.3
2023-07-10T09:00:00,3246A,103.6975,36.4789,兰州新区,舟曲中学,细颗粒物(PM2.5),63,50,67,45,18,169,99,108,93,8,9,12,6,0.5,0.4
2023-07-10T09:00:00,3247A,104.955,33.371,陇南市,市总工会,,44,44,37,16,11,136,84,128,102,21,10,7,5,0.5,0.2
2023-07-10T09:00:00,3248A,98.2643,39.7724,嘉峪关市,雄关区,,37,37,103,16,31,149,89,111,92,25,16,30,9,0.5,0.4
2023-07-10T09:00:00,3265A,121.4316,31.3322,上海市,宝山庙行,,50,48,39,35,29,112,60,31,25,25,26,8,7,0.8,0.7
2023-07-10T09:00:00,3266A,121.8791,31.4662,上海市,崇明上实东滩,"颗粒物(PM10),细颗粒物(PM2.5)",52,53,34,36,21,149,80,42,35,29,27,6,6,0.8,0.6
2023-07-10T09:00:00,3268A,121.3162,31.2838,上海市,嘉定南翔,,49,44,36,34,30,105,58,12,12,35,38,8,7,0.6,0.6
2023-07-10T09:00:00,3269A,121.3359,30.7456,上海市,金山新城,,46,41,39,32,27,145,79,78,49,26,19,7,7,0.7,0.6
2023-07-10T09:00:00,3270A,121.4996,31.0739,上海市,闵行浦江,细颗粒物(PM2.5),59,61,51,42,30,139,77,50,40,33,34,8,6,0.8,0.7
2023-07-10T09:00:00,3271A,121.2886,31.1663,上海市,青浦徐泾,细颗粒物(PM2.5),58,55,31,41,27,113,60,16,16,34,31,8,7,0.7,0.6
2023-07-10T09:00:00,3272A,121.2186,31.0378,上海市,松江图书馆,颗粒物(PM10),55,60,33,36,28,155,81,43,43,38,30,2,2,0.8,0.7
2023-07-10T09:00:00,3273A,121.3902,31.2059,上海市,长宁仙霞,,44,44,42,27,27,231,70,30,30,33,32,7,6,0.8,0.7
2023-07-10T09:00:00,3274A,121.7965,31.0507,上海市,浦东惠南,细颗粒物(PM2.5),58,59,48,41,31,172,60,30,30,29,30,6,6,0.9,0.7
2023-07-10T09:00:00,3281A,115.9718,40.4529,北京市,延庆夏都,,27,22,22,8,8,144,85,31,31,12,22,3,3,0.2,0.3
2023-07-10T09:00:00,3282A,113.3397,40.0597,大同市,大同市卫生学校,,48,48,36,19,17,146,81,56,56,35,28,32,15,0.9,0.7
2023-07-10T09:00:00,3283A,109.9154,40.5685,包头市,滨河大厦,,50,50,33,25,13,176,70,40,40,33,39,16,17,0.9,0.9
2023-07-10T09:00:00,3284A,106.813,39.7274,乌海市,海北新区,颗粒物(PM10),86,122,54,20,8,173,116,117,115,36,16,30,24,0.6,0.5
2023-07-10T09:00:00,3285A,113.1376,40.9509,乌兰察布市,北京八中,细颗粒物(PM2.5),58,48,39,41,10,114,52,27,27,25,22,18,13,0.5,0.4
2023-07-10T09:00:00,3286A,118.9359,42.3147,赤峰市,桥北物流园区,,22,22,20,5,6,112,66,35,35,24,25,10,9,0.4,0.3
2023-07-10T09:00:00,3287A,119.3842,32.1976,镇江市,富润路1号,,,15,20,10,15,158,,49,45,3,9,1,2,0.4,0.6
2023-07-10T09:00:00,3288A,117.4754,34.4422,徐州市,大泉街道,,35,35,48,23,28,206,80,70,63,9,14,8,7,0.5,0.6
2023-07-10T09:00:00,3289A,120.743,31.3188,苏州市,方洲路,,46,43,27,32,17,141,35,16,14,30,18,11,8,0.7,0.7
2023-07-10T09:00:00,3290A,120.5031,31.2774,苏州市,木渎中学,,43,37,20,30,16,152,35,17,15,25,15,9,7,0.7,0.6
2023-07-10T09:00:00,3291A,121.067,32.062,南通市,通州监测站,,29,29,24,9,11,155,54,42,26,28,33,19,10,1.7,0.9
2023-07-10T09:00:00,3293A,120.1501,33.3367,盐城市,月亮广场,,26,26,27,17,14,146,67,62,42,13,7,7,6,0.4,0.3
2023-07-10T09:00:00,3294A,119.5653,32.4222,扬州市,引江管理处,,23,23,22,12,14,153,53,41,40,21,15,5,3,0.7,0.8
2023-07-10T09:00:00,3295A,120.1259,32.5099,泰州市,姜堰区政府广场,,23,18,26,12,15,174,71,45,45,14,11,8,7,0.6,0.7
2023-07-10T09:00:00,3298A,113.5717,23.5491,广州市,从化街口,,18,18,23,7,9,149,30,14,12,9,15,6,8,0.5,0.5
2023-07-10T09:00:00,3299A,113.3472,23.3692,广州市,白云竹料,,,,29,,11,140,32,20,20,14,20,5,5,0.6,0.7
2023-07-10T09:00:00,3300A,113.2981,23.237,广州市,白云嘉禾,,21,21,20,12,8,121,27,21,21,16,17,4,4,1.4,0.8
2023-07-10T09:00:00,3301A,113.4256,23.1716,广州市,黄埔科学城,,,,,,,,,,,,,,,,
2023-07-10T09:00:00,3302A,113.3942,23.0483,广州市,番禺大学城,,15,15,20,4,6,117,34,22,22,8,13,4,4,0.4,0.4
2023-07-10T09:00:00,3303A,113.4922,22.8168,广州市,南沙黄阁,,19,19,21,5,7,97,31,16,16,13,14,10,9,0.7,0.6
2023-07-10T09:00:00,3304A,113.5342,22.7896,广州市,南沙街,,21,21,23,11,7,84,28,10,10,10,12,6,6,0.6,0.6
2023-07-10T09:00:00,3305A,114.0731,22.559,深圳市,莲花,,8,8,9,4,4,41,25,13,13,8,14,5,5,0.5,0.5
2023-07-10T09:00:00,3306A,114.0261,22.6198,深圳市,民治,,11,11,11,4,3,61,24,15,15,10,14,3,3,0.5,0.5
2023-07-10T09:00:00,3307A,114.1871,22.6451,深圳市,横岗,,13,12,10,4,4,67,40,32,32,10,13,6,6,0.7,0.7
2023-07-10T09:00:00,3308A,113.3494,22.0569,珠海市,金湾,,15,15,9,6,4,47,36,36,33,7,4,5,4,0.5,0.4
2023-07-10T09:00:00,3311A,113.1075,22.5647,江门市,江海富民,,34,34,28,23,13,64,27,14,14,9,10,6,6,0.4,0.4
2023-07-10T09:00:00,3313A,112.4575,23.0166,肇庆市,高要湖西,,29,29,19,7,7,74,32,20,19,9,10,9,8,0.4,0.4
2023-07-10T09:00:00,3314A,114.4338,22.8134,惠州市,惠阳秋长,,17,17,17,5,3,110,28,18,13,12,14,3,3,0.7,0.7
2023-07-10T09:00:00,3315A,116.1233,24.2991,梅州市,梅龙,,19,19,22,12,14,86,59,42,42,7,10,6,6,0.7,0.6
2023-07-10T09:00:00,3317A,111.9765,21.8947,阳江市,两阳中学,,12,12,8,5,6,50,30,36,22,9,4,11,6,0.6,0.4
2023-07-10T09:00:00,3318A,112.9903,23.7403,清远市,清新太和,,,25,24,6,10,94,20,18,10,18,18,,9,0.6,0.4
2023-07-10T09:00:00,3319A,113.7338,23.0381,东莞市,万江金泰,,16,16,19,7,7,114,33,18,18,7,10,10,10,0.6,0.7
2023-07-10T09:00:00,3320A,116.403,23.5699,揭阳市,曲溪,,40,40,37,12,15,68,49,45,33,10,8,2,2,0.5,0.4
2023-07-10T09:00:00,3323A,115.2773,40.9724,张家口市,青少年活动中心,,25,17,17,8,5,125,80,59,56,6,5,3,3,0,0
2023-07-10T09:00:00,3324A,116.8136,38.3004,沧州市,河北水利电力学院,颗粒物(PM10),65,80,37,29,16,211,107,131,105,30,24,12,10,0.5,0.3
2023-07-10T09:00:00,3325A,117.0365,39.3828,天津市,雍阳西道,颗粒物(PM10),56,62,36,33,16,187,99,86,75,38,24,14,10,0.8,0.5
2023-07-10T09:00:00,3326A,117.0296,39.0605,天津市,辛老路,,44,41,40,18,14,187,138,100,99,28,21,9,8,0.6,0.4
2023-07-10T09:00:00,3327A,116.9638,38.9375,天津市,地纬路,,48,42,35,26,16,188,152,100,100,22,20,14,10,0.5,0.3
2023-07-10T09:00:00,3328A,118.4209,31.3707,芜湖市,市气象局,,26,25,20,18,12,122,21,47,36,30,20,8,10,0.8,0.8
2023-07-10T09:00:00,3329A,117.0108,32.5893,淮南市,山南新区,,26,26,25,5,7,107,62,33,33,16,11,11,10,0.3,0.3
2023-07-10T09:00:00,3330A,116.8873,33.9836,淮北市,杜集区检察院,,28,28,34,17,16,176,71,81,60,8,7,6,5,0.4,0.5
2023-07-10T09:00:00,3331A,118.3267,32.2634,滁州市,图书馆,,25,16,18,4,9,128,80,64,55,11,9,7,9,0.4,0.5
2023-07-10T09:00:00,3332A,115.7633,33.8034,亳州市,亳州学院,,24,10,16,16,19,151,74,82,62,4,4,1,2,0.6,0.6
2023-07-10T09:00:00,3333A,117.5627,30.695,池州市,第八中学,,32,32,12,13,6,66,51,50,42,5,3,5,5,0.7,0.5
2023-07-10T09:00:00,3334A,117.5038,30.6243,池州市,第十二中学,,33,33,16,10,6,64,37,42,38,13,8,4,4,0.7,0.6
2023-07-10T09:00:00,3335A,113.3137,35.2641,焦作市,马村街道办,颗粒物(PM10),51,52,51,13,12,261,115,110,101,16,21,9,12,0.6,0.6
2023-07-10T09:00:00,3336A,113.2465,35.2373,焦作市,焦作技师学院,颗粒物(PM10),54,58,58,36,21,256,107,108,98,18,19,9,14,0.5,0.6
2023-07-10T09:00:00,3337A,113.8614,34.0442,许昌市,许昌学院,,22,22,36,13,15,186,64,48,46,8,9,2,2,0.5,0.5
2023-07-10T09:00:00,3338A,113.843,34.0823,许昌市,芙蓉广场,,20,20,33,13,18,194,63,59,50,8,8,3,1,0.4,0.5
2023-07-10T09:00:00,3339A,114.0012,33.0412,驻马店市,小管楼,,23,23,25,13,14,94,64,76,61,3,3,7,7,0.1,0.1
2023-07-10T09:00:00,3340A,112.6005,34.6326,洛阳市,伊滨,颗粒物(PM10),61,71,67,27,28,211,76,54,35,16,25,5,6,0.9,0.8
2023-07-10T09:00:00,3341A,112.4951,34.6332,洛阳市,中移产业园,,45,43,44,31,24,188,94,88,77,10,10,10,8,0.7,0.6
2023-07-10T09:00:00,3342A,128.4741,47.4346,伊春市,中心小学,,13,13,16,3,8,119,32,24,24,12,9,7,7,0.3,0.3
2023-07-10T09:00:00,3343A,128.6871,47.7369,伊春市,检察院,,12,10,13,8,11,125,38,31,31,12,10,4,4,0.4,0.4
2023-07-10T09:00:00,3344A,128.8431,47.8474,伊春市,双子河社区,,,4,13,8,11,119,,18,18,10,13,10,10,0.4,0.4
2023-07-10T09:00:00,3345A,131.0577,45.7879,七台河市,中波台,,13,7,12,8,8,93,26,32,32,26,16,8,8,0.6,0.6
2023-07-10T09:00:00,3346A,108.3872,31.1628,重庆市,安康,,33,33,19,15,16,110,24,28,17,13,11,13,11,0.6,0.5
2023-07-10T09:00:00,3347A,105.9017,29.3569,重庆市,北山路,,26,26,36,16,26,172,51,83,62,21,17,11,8,0.6,0.7
2023-07-10T09:00:00,3348A,105.839,30.1946,重庆市,春阳街,,48,48,48,22,25,173,66,100,69,18,12,12,11,0.9,0.9
2023-07-10T09:00:00,3349A,107.7983,30.6758,重庆市,人民东路,,20,20,33,11,19,101,48,46,36,8,13,10,6,0.6,0.7
2023-07-10T09:00:00,3350A,106.6479,29.0244,重庆市,滩子口,,20,20,32,10,21,132,19,23,18,22,16,8,9,0.6,0.5
2023-07-10T09:00:00,3351A,105.7167,29.7076,重庆市,棠香,,43,39,49,30,39,140,43,52,30,26,20,14,12,0.6,0.6
2023-07-10T09:00:00,3352A,107.0732,29.8617,重庆市,桃源西路,细颗粒物(PM2.5),53,29,34,37,28,156,38,49,27,15,13,14,11,0.9,0.9
2023-07-10T09:00:00,3353A,107.3535,29.7287,重庆市,迎宾大道,,33,21,28,23,22,165,15,10,9,21,29,9,10,0.7,0.7
2023-07-10T09:00:00,3354A,108.815,29.5081,重庆市,舟白,,18,5,10,12,8,50,16,29,22,13,9,7,8,0.5,0.5
2023-07-10T09:00:00,3355A,108.3679,30.8426,重庆市,周家坝,,30,25,21,21,21,140,19,37,24,25,25,11,13,0.6,0.5
2023-07-10T09:00:00,3356A,108.4319,30.7555,重庆市,百安坝,,15,15,17,9,13,136,19,34,19,23,22,11,11,0.4,0.4
2023-07-10T09:00:00,3357A,104.0106,30.6931,成都市,金博路,颗粒物(PM10),70,90,57,45,33,248,15,117,60,58,26,4,3,0.8,1.2
2023-07-10T09:00:00,3359A,104.0578,30.5225,成都市,华阳,细颗粒物(PM2.5),62,58,48,44,34,227,82,132,113,35,8,3,2,0.8,0.6
2023-07-10T09:00:00,3360A,104.7894,29.3194,自贡市,南湖救助站,,45,45,42,27,28,181,54,69,42,22,25,10,7,0.4,0.4
2023-07-10T09:00:00,3361A,103.7311,29.5628,乐山市,理工大学,细颗粒物(PM2.5),67,60,46,48,34,190,56,104,64,38,18,10,8,1.3,0.8
2023-07-10T09:00:00,3362A,120.5014,36.4034,青岛市,即墨2号,,,,46,19,19,256,174,113,89,16,23,5,4,0.6,0.7
2023-07-10T09:00:00,3363A,117.9883,36.8372,淄博市,新区,颗粒物(PM10),54,58,48,24,20,227,101,76,76,31,31,14,10,0.9,0.7
2023-07-10T09:00:00,3364A,117.3152,34.8103,枣庄市,市环保局,,46,46,53,29,29,181,80,101,76,27,20,11,10,0.5,0.3
2023-07-10T09:00:00,3365A,118.5719,37.565,东营市,垦利区民丰路,颗粒物(PM10),68,85,42,34,18,195,143,125,94,31,19,17,12,1.1,0.5
2023-07-10T09:00:00,3366A,121.5206,37.4336,烟台市,中国农业大学,,40,39,35,12,15,225,127,110,95,14,15,4,5,0.5,0.5
2023-07-10T09:00:00,3368A,119.1977,36.6872,潍坊市,高新实验学校,颗粒物(PM10),58,66,37,26,16,225,124,118,83,19,13,17,9,1.4,0.6
2023-07-10T09:00:00,3370A,118.3564,35.0215,临沂市,十里堡居委,,44,44,48,29,29,211,71,40,40,14,21,5,4,0.8,0.8
2023-07-10T09:00:00,3371A,116.3728,37.4403,德州市,开发区人民医院,颗粒物(PM10),52,53,42,31,17,196,89,111,83,16,21,4,3,1.1,0.6
2023-07-10T09:00:00,3372A,116.3572,37.4094,德州市,太阳城中学,,50,50,42,25,15,211,104,82,82,16,31,11,7,1.0,0.6
2023-07-10T09:00:00,3374A,115.5564,35.0891,菏泽市,定陶老年大学,,36,36,43,17,15,241,85,84,67,8,10,3,3,0.4,0.5
2023-07-10T09:00:00,3375A,102.8017,24.8336,昆明市,青年创业园,,9,7,11,6,8,52,23,30,27,13,15,10,8,0.7,0.7
2023-07-10T09:00:00,3376A,103.7947,25.462,曲靖市,南苑二区,,11,9,15,6,15,49,33,31,31,5,7,5,5,0.5,0.5
2023-07-10T09:00:00,3377A,103.7444,25.5261,曲靖市,曲靖师范学院,,17,17,15,9,10,47,27,28,28,4,11,6,7,0.5,0.5
2023-07-10T09:00:00,3379A,122.1139,40.2278,营口市,鲅鱼圈市民活动中心,,37,37,27,20,19,122,107,82,75,11,13,5,5,0.8,0.8
2023-07-10T09:00:00,3380A,102.8914,34.9617,甘南州,甘肃民族师范学院,,41,41,41,16,9,115,38,9,9,22,23,8,9,0.4,0.3
2023-07-10T09:00:00,3396A,112.0828,32.0067,襄阳市,襄城隆中路,,42,42,49,19,26,138,32,54,34,11,10,5,5,0.7,0.7
2023-07-10T09:00:00,3397A,112.1214,32.1008,襄阳市,高新台子湾,,42,37,37,29,20,130,27,48,30,13,9,6,6,0.7,0.7
2023-07-10T09:00:00,3398A,114.9136,30.4445,黄冈市,市林业局,,40,40,23,20,15,97,52,49,44,18,8,5,4,1.3,0.6
2023-07-10T09:00:00,3399A,112.6703,26.882,衡阳市,师范学院,,25,25,24,15,15,86,65,39,39,8,8,8,7,0.6,0.5
2023-07-10T09:00:00,3400A,109.1911,21.4415,北海市,龙潭自来水厂,,34,34,19,22,11,57,35,46,16,7,7,4,4,0.6,0.5
2023-07-10T09:00:00,3401A,108.4834,22.7618,南宁市,红星社区,,26,26,25,12,13,72,38,23,23,8,10,6,7,0.6,0.7
2023-07-10T09:00:00,3402A,109.5422,24.3996,柳州市,市二中,,27,27,25,18,13,108,45,58,42,4,5,10,9,0.5,0.4
2023-07-10T09:00:00,3403A,110.1764,25.2381,桂林市,创业大厦,,31,31,20,14,12,83,52,66,60,4,4,6,5,0.4,0.3
2023-07-10T09:00:00,3404A,108.5959,21.9633,钦州市,北职校,,29,29,24,13,7,53,41,35,35,6,9,5,7,0.6,0.7
2023-07-10T09:00:00,3405A,109.5886,23.1172,贵港市,新世纪学校,,24,24,30,11,16,85,41,47,35,10,11,6,6,0.6,0.6
2023-07-10T09:00:00,3406A,106.6085,23.8798,百色市,祈福高中,,38,36,34,26,18,106,68,60,38,15,13,29,16,1.0,0.7
2023-07-10T09:00:00,3407A,120.6916,30.7739,嘉兴市,秀洲住建,,40,40,30,23,20,97,51,12,12,28,28,2,3,0.7,0.6
2023-07-10T09:00:00,3408A,120.5683,29.9361,绍兴市,绍兴中专,,43,43,32,22,25,137,71,28,28,20,20,2,2,0.4,0.4
2023-07-10T09:00:00,3409A,120.4906,30.0861,绍兴市,柯桥区政府,,48,48,42,28,24,112,59,42,37,28,21,3,3,0.6,0.6
2023-07-10T09:00:00,3410A,120.8752,30.0249,绍兴市,重华小学,,37,37,40,21,23,115,86,67,67,12,15,6,7,0.6,0.5
2023-07-10T09:00:00,3411A,120.8369,30.0137,绍兴市,上虞中学,,38,38,41,23,25,119,77,56,56,20,16,9,7,0.6,0.6
2023-07-10T09:00:00,3413A,118.1953,28.4401,上饶市,广丰区教体局,,35,29,27,24,14,107,69,37,32,8,10,12,13,0.6,0.6
2023-07-10T09:00:00,3414A,115.8347,28.932,赣江新区,桑海产业园,,,60,43,24,8,101,,35,35,,17,,8,,0.3
2023-07-10T09:00:00,3415A,114.4519,28.0828,宜春市,万载县环保局,颗粒物(PM10),52,54,30,26,15,94,55,25,21,14,16,13,12,0.8,0.8
2023-07-10T09:00:00,3416A,119.1755,36.7149,潍坊市,潍坊学院,颗粒物(PM10),70,90,36,39,16,230,131,126,99,30,14,16,6,2.4,0.6
2023-07-10T09:00:00,3417A,117.0709,40.1465,北京市,平谷新城,,38,38,16,15,7,152,108,103,63,17,12,2,3,0.5,0.3
2023-07-10T09:00:00,3418A,116.8336,40.4095,北京市,密云新城,,28,11,14,4,6,134,89,78,59,5,8,3,3,0.2,0.2
2023-07-10T09:00:00,3419A,109.9447,40.6261,包头市,包头市委党校,颗粒物(PM10),58,66,45,27,16,198,72,43,27,31,40,22,19,0.6,0.9
2023-07-10T09:00:00,3421A,113.1775,40.9779,乌兰察布市,市委党校,颗粒物(PM10),71,91,33,20,10,112,54,24,24,31,23,18,14,0.5,0.4
2023-07-10T09:00:00,3422A,118.8436,31.9198,南京市,江宁彩虹桥,,19,19,20,9,5,152,33,52,46,21,7,4,4,0.5,0.4
2023-07-10T09:00:00,3423A,119.0138,31.6494,南京市,溧水永阳,,19,7,7,2,2,125,58,53,49,9,7,2,4,0.6,0.6
2023-07-10T09:00:00,3424A,118.879,31.3302,南京市,高淳老职中,,20,19,12,9,8,83,62,58,48,11,8,4,3,0.5,0.5
2023-07-10T09:00:00,3425A,120.624,31.1733,苏州市,越秀幼儿园,,38,30,31,26,15,139,38,25,17,36,21,7,5,0.7,0.7
2023-07-10T09:00:00,3426A,118.8755,33.2894,淮安市,新华书店,,28,28,19,15,15,119,49,54,36,15,7,6,4,0.4,0.4
2023-07-10T09:00:00,3427A,118.8554,32.3578,南京市,六合雄州,,16,16,20,3,9,118,47,34,26,19,17,9,7,0.9,1
2023-07-10T09:00:00,3428A,120.3142,31.4753,无锡市,华庄,,32,29,19,22,13,138,35,38,29,28,14,10,10,0.5,0.5
2023-07-10T09:00:00,3429A,119.8598,31.7066,常州市,武进经发区,,28,24,19,19,11,115,47,48,32,16,9,8,6,0.6,0.5
2023-07-10T09:00:00,3430A,119.5826,31.7245,常州市,金坛城区,,20,16,15,7,11,107,62,50,33,11,11,6,6,0.6,0.6
2023-07-10T09:00:00,3431A,120.6505,31.416,苏州市,高铁新城,,45,42,21,31,15,139,28,13,13,42,21,9,7,0.7,0.6
2023-07-10T09:00:00,3432A,120.9348,31.9883,南通市,环境教育馆,,19,19,18,11,13,154,40,31,22,33,19,9,5,0.8,0.6
2023-07-10T09:00:00,3434A,119.2413,34.6539,连云港市,工贸学校,,44,44,38,26,22,173,91,128,98,9,6,8,6,0.6,0.5
2023-07-10T09:00:00,3435A,119.9192,32.4322,泰州市,周山河街区,,25,25,23,13,14,161,57,43,42,22,14,13,10,0.8,0.6
2023-07-10T09:00:00,3436A,120.4279,33.205,盐城市,大丰高级中学,,29,29,30,17,17,150,69,28,28,11,11,10,5,0.5,0.4
2023-07-10T09:00:00,3437A,88.3118,43.3658,乌鲁木齐市,达坂城区环保局,,35,7,14,2,7,122,112,90,90,3,9,4,5,0.2,0.2
2023-07-10T09:00:00,3438A,87.6162,43.8801,乌鲁木齐市,红光山片区,,22,20,28,8,8,129,69,90,88,41,24,6,7,0.4,0.4
2023-07-10T09:00:00,3439A,87.7024,43.8004,乌鲁木齐市,新师大温泉校区,,30,3,17,11,13,111,94,88,88,4,11,9,10,0.2,0.2
2023-07-10T09:00:00,3440A,87.4921,43.8411,乌鲁木齐市,大绿谷,,,3,17,,9,111,71,87,82,24,16,4,5,0.5,0.6
2023-07-10T09:00:00,3441A,87.546,44.1912,五家渠市,经开区管委会,,23,3,20,0,8,123,71,83,83,20,12,5,5,0.5,0.4
2023-07-10T09:00:00,3442A,86.047,44.2331,石河子市,南区管委会,,31,6,16,8,11,117,97,104,103,2,3,6,6,0.1,0.1
2023-07-10T09:00:00,3443A,113.2902,23.5544,广州市,花都梯面,,20,20,23,12,11,128,26,7,7,14,17,9,7,0.6,0.6
2023-07-10T09:00:00,3444A,116.454,23.2684,汕头市,潮南峡山,,,14,17,10,8,77,,46,36,8,9,7,8,0.4,0.4
2023-07-10T09:00:00,3445A,113.7858,23.7478,广州市,从化良口,,10,9,18,5,9,117,29,25,16,6,10,4,4,0.5,0.6
2023-07-10T09:00:00,3446A,113.8051,23.2614,广州市,增城荔城,,19,19,22,5,8,104,15,12,6,11,11,14,9,0.4,0.4
2023-07-10T09:00:00,3447A,114.3551,22.7151,深圳市,坪山,,12,12,13,0,6,88,27,14,11,11,17,5,6,0.6,0.6
2023-07-10T09:00:00,3448A,113.5433,22.1163,珠海市,横琴,,13,8,11,2,4,54,39,38,36,7,6,3,3,0.5,0.5
2023-07-10T09:00:00,3449A,113.05,22.4667,江门市,新会银湖,,11,11,15,6,7,57,35,15,14,5,9,5,4,0.5,0.5
2023-07-10T09:00:00,3450A,111.01,21.5165,茂名市,电白水东,,14,9,6,5,2,47,44,44,44,4,3,6,6,0.5,0.4
2023-07-10T09:00:00,3451A,112.5617,23.2083,肇庆市,鼎湖凤凰,,12,11,15,8,9,84,31,19,14,4,5,8,8,0.3,0.4
2023-07-10T09:00:00,3452A,114.6517,22.775,惠州市,大亚湾霞涌,,21,21,14,5,5,61,29,10,10,16,14,4,3,0.5,0.5
2023-07-10T09:00:00,3453A,112.0125,21.8749,阳江市,阳东陶然,,12,6,10,5,3,43,38,28,28,4,5,5,6,0.5,0.4
2023-07-10T09:00:00,3454A,113.3528,22.478,中山市,中山南区,,14,14,9,7,3,57,37,30,30,3,5,6,6,0.3,0.3
2023-07-10T09:00:00,3455A,113.076,23.7198,清远市,清城东城,,28,28,25,12,12,120,27,20,15,12,11,12,9,0.4,0.4
2023-07-10T09:00:00,3456A,114.289,38.0906,石家庄市,鹿泉一中,,48,48,44,24,19,192,108,121,83,32,16,28,7,0.7,0.4
2023-07-10T09:00:00,3457A,118.4359,39.2762,唐山市,冀东油田职工医院,,,,61,,21,197,,65,55,33,24,12,11,0.8,0.7
2023-07-10T09:00:00,3458A,114.7895,36.5593,邯郸市,香泉濮院小区,,38,38,42,21,18,217,89,127,85,7,12,6,9,0.3,0.3
2023-07-10T09:00:00,3459A,115.5989,37.5491,衡水市,地表水厂,,48,48,33,26,10,177,93,90,68,13,20,7,8,0.4,0.3
2023-07-10T09:00:00,3460A,117.4067,40.0583,天津市,北环路,,40,40,18,16,7,159,101,85,78,19,10,19,9,1.5,0.5
2023-07-10T09:00:00,3461A,117.3045,39.7169,天津市,建设路,细颗粒物(PM2.5),92,92,33,68,19,171,99,120,77,30,24,17,9,1.7,0.4
2023-07-10T09:00:00,3462A,117.8199,39.3521,天津市,滨水东路,颗粒物(PM10),68,85,39,36,18,201,56,130,58,45,28,9,11,1.1,1
2023-07-10T09:00:00,3463A,116.9708,33.591,宿州市,社会福利中心,,29,29,30,9,12,152,60,52,34,10,15,6,4,0.3,0.4
2023-07-10T09:00:00,3464A,117.3803,31.9147,合肥市,高教基地,,19,19,22,7,9,96,53,45,45,11,10,3,3,0.3,0.3
2023-07-10T09:00:00,3465A,118.4781,31.3225,芜湖市,清苑社区,,25,25,15,13,8,113,27,43,34,22,11,6,6,0.6,0.5
2023-07-10T09:00:00,3466A,118.2746,31.2326,芜湖市,扬子职业技术学院,,30,30,19,12,7,116,45,53,50,13,11,6,6,0.5,0.5
2023-07-10T09:00:00,3468A,115.7901,32.8613,阜阳市,市规划展馆,,23,17,26,13,17,103,71,63,51,7,9,2,3,0.4,0.4
2023-07-10T09:00:00,3469A,115.836,32.9183,阜阳市,枣园社区,,21,20,24,12,16,103,67,70,56,11,8,3,2,0.5,0.5
2023-07-10T09:00:00,3470A,118.7724,30.9141,宣城市,夏渡子站,,40,40,17,14,11,60,36,24,24,11,8,6,5,0.4,0.4
2023-07-10T09:00:00,3471A,113.616563,34.86783,郑州市,惠济区政府,颗粒物(PM10),52,54,57,28,24,286,83,92,72,22,12,2,4,0.8,0.7
2023-07-10T09:00:00,3473A,114.2485,34.8306,开封市,技师学院,,34,34,44,16,19,246,63,74,49,7,9,8,8,0.8,0.8
2023-07-10T09:00:00,3474A,114.2617,35.6822,鹤壁市,大新区,,,,59,,22,236,,72,37,15,22,4,7,,0.8
2023-07-10T09:00:00,3475A,113.9188,35.3045,新乡市,市政府,,36,31,33,25,23,226,61,87,56,16,12,6,7,0.3,0.3
2023-07-10T09:00:00,3476A,113.9135,35.3327,新乡市,河师大,,43,43,45,17,22,228,66,90,57,14,10,7,8,0.5,0.4
2023-07-10T09:00:00,3477A,113.1656,35.2539,焦作市,中站许衡医院,,42,42,38,11,17,234,108,139,100,14,19,10,14,0.6,0.4
2023-07-10T09:00:00,3478A,113.9749,33.5664,漯河市,市图书馆,,43,43,30,19,20,170,72,67,49,11,12,10,10,0.4,0.3
2023-07-10T09:00:00,3479A,114.0967,33.5906,漯河市,召陵区卫健委,,38,38,34,15,18,174,68,60,49,10,10,3,3,0.4,0.4
2023-07-10T09:00:00,3480A,129.1368,47.6417,伊春市,美溪镇,,11,9,15,6,7,121,33,15,15,8,9,7,10,0.3,0.4
2023-07-10T09:00:00,3481A,125.141,46.634,大庆市,萨区政府监测点,,25,14,19,4,7,118,78,88,88,16,8,5,5,0.5,0.4
2023-07-10T09:00:00,3482A,107.7541,29.3277,重庆市,芙蓉中路,,22,22,19,11,14,84,13,4,4,13,14,13,13,0.6,0.6
2023-07-10T09:00:00,3483A,108.7661,29.5368,重庆市,西山,,21,21,18,7,8,67,17,18,15,13,8,7,7,0.6,0.5
2023-07-10T09:00:00,3484A,106.2628,29.32,重庆市,行政中心,颗粒物(PM10),61,71,55,26,21,186,20,9,9,42,32,15,12,0.9,0.8
2023-07-10T09:00:00,3485A,107.0944,29.1608,重庆市,高寺路,颗粒物(PM10),60,69,30,23,17,136,14,28,20,32,15,6,6,0.7,0.6
2023-07-10T09:00:00,3486A,124.4036,43.1411,四平市,植物园,,,,17,,11,128,,52,52,12,11,3,3,0.4,0.4
2023-07-10T09:00:00,3487A,104.2394,30.5319,成都市,车城东七路,颗粒物(PM10),53,55,47,35,32,198,108,139,119,27,11,5,4,0.7,0.5
2023-07-10T09:00:00,3488A,104.3853,30.7453,成都市,青白江技师分院,,32,32,42,9,30,184,92,132,97,25,14,3,2,0.7,0.6
2023-07-10T09:00:00,3489A,104.0789,30.4072,成都市,科学城,细颗粒物(PM2.5),57,61,59,40,44,205,48,135,84,36,11,4,3,0.8,0.7
2023-07-10T09:00:00,3490A,105.3617,28.7703,泸州市,纳溪区环保局,,49,32,38,34,29,176,26,32,17,39,28,14,11,0.8,0.7
2023-07-10T09:00:00,3491A,104.69,31.5322,绵阳市,西科大附属小学,颗粒物(PM10),64,77,63,40,35,198,53,110,57,30,24,4,4,0.7,0.5
2023-07-10T09:00:00,3492A,104.5648,31.5343,绵阳市,安州区旅游局,细颗粒物(PM2.5),68,58,60,49,39,186,76,88,74,18,14,7,6,0.8,0.8
2023-07-10T09:00:00,3494A,117.1673,36.9782,济南市,济阳区政府,颗粒物(PM10),63,76,56,17,17,222,87,57,57,34,32,7,8,0.3,0.2
2023-07-10T09:00:00,3495A,117.1171,36.63,济南市,锦屏中学,,,32,33,17,13,223,,173,137,,9,,4,,0.3
2023-07-10T09:00:00,3496A,118.3604,35.1084,临沂市,南坊新区,颗粒物(PM10),52,53,57,27,31,218,79,46,46,15,27,4,3,0.8,0.8
2023-07-10T09:00:00,3498A,118.5055,37.8612,东营市,河口城区,颗粒物(PM10),64,78,37,36,16,194,156,105,105,27,15,11,10,1.0,0.6
2023-07-10T09:00:00,3500A,116.5814,35.3707,济宁市,北湖一中,,38,38,48,19,23,185,82,118,70,6,10,5,6,0.6,0.6
2023-07-10T09:00:00,3501A,116.8249,35.5593,济宁市,服务中心,颗粒物(PM10),52,54,47,25,24,192,80,136,78,10,12,2,2,0.7,0.6
2023-07-10T09:00:00,3502A,117.1812,36.2275,泰安市,国网新校,颗粒物(PM10),57,63,49,36,27,238,104,140,96,25,19,16,8,1.0,0.6
2023-07-10T09:00:00,3503A,117.0313,36.2018,泰安市,交通技校,颗粒物(PM10),52,54,44,20,18,234,95,176,130,19,13,10,9,0.6,0.5
2023-07-10T09:00:00,3504A,117.0829,36.13,泰安市,山东第一医科大学,颗粒物(PM10),75,100,56,33,21,214,63,156,74,40,25,9,7,0.4,0.2
2023-07-10T09:00:00,3505A,122.1379,37.3414,威海市,临港区管委会,,41,41,25,19,17,172,129,137,123,26,13,12,7,0.3,0.2
2023-07-10T09:00:00,3507A,119.5328,35.4625,日照市,职业技术学院,颗粒物(PM10),53,56,46,31,27,223,86,158,94,26,26,11,9,0.9,0.9
2023-07-10T09:00:00,3511A,116.5652,37.3319,德州市,陵城艺术中心,,46,46,45,17,12,218,107,119,110,17,28,12,10,0.4,0.4
2023-07-10T09:00:00,3512A,116.049,36.4674,聊城市,华润纺织,颗粒物(PM10),57,63,66,27,26,215,85,85,85,13,22,6,12,0.6,0.5
2023-07-10T09:00:00,3513A,116.0445,36.4361,聊城市,九州社区,颗粒物(PM10),51,52,53,25,24,225,78,110,77,11,21,4,9,0.5,0.5
2023-07-10T09:00:00,3514A,117.9378,37.3956,滨州市,中海酒店,,,,34,,19,218,,144,74,38,16,11,8,0.9,0.6
2023-07-10T09:00:00,3515A,117.9378,37.3553,滨州市,开发区一中,,,,50,,23,211,,126,64,44,20,11,12,0.8,0.5
2023-07-10T09:00:00,3516A,118.0917,37.694,滨州市,金海六路,颗粒物(PM10),66,82,46,35,20,240,140,130,94,26,16,10,9,0.9,0.6
2023-07-10T09:00:00,3520A,106.3495,38.9836,石嘴山市,妇女儿童医院,,32,32,24,6,10,156,72,114,95,30,17,12,14,0.4,0.5
2023-07-10T09:00:00,3521A,106.7492,39.2069,石嘴山市,石大公路,,49,49,33,14,11,136,47,77,56,50,31,6,6,0.7,0.5
2023-07-10T09:00:00,3522A,106.2177,35.9959,固原市,原州区十五小,,38,38,43,17,18,167,100,108,100,9,11,7,6,0.5,0.6
2023-07-10T09:00:00,3523A,106.5105,38.3856,银川市,滨河新区,颗粒物(PM10),60,69,33,30,10,236,102,126,104,25,11,12,15,0.7,0.5
2023-07-10T09:00:00,3524A,108.6116,34.1164,西安市,文体局,颗粒物(PM10),60,70,62,29,24,294,83,58,58,30,20,10,7,0.6,0.6
2023-07-10T09:00:00,3525A,108.6396,34.4078,咸阳市,奥体中心,颗粒物(PM10),63,76,86,30,31,283,113,98,98,17,25,13,7,1.1,0.9
2023-07-10T09:00:00,3526A,119.5189,25.9664,福州市,吴航,,50,50,37,28,26,177,80,76,55,15,9,7,6,0.6,0.5
2023-07-10T09:00:00,3527A,118.0958,24.5688,厦门市,集美中学,,36,36,29,18,13,120,53,34,29,19,19,1,2,0.6,0.4
2023-07-10T09:00:00,3528A,118.1493,24.7245,厦门市,同安二实小,颗粒物(PM10),51,51,37,19,18,147,60,31,31,12,17,3,3,0.5,0.4
2023-07-10T09:00:00,3529A,118.6333,24.9264,泉州市,城华南路,颗粒物(PM10),62,74,43,29,24,184,61,30,26,30,16,12,10,0.5,0.3
2023-07-10T09:00:00,3530A,117.6296,24.5314,漳州市,西洋坪路,,25,25,25,15,18,110,59,21,21,10,12,8,8,0.4,0.4
2023-07-10T09:00:00,3531A,110.296,25.1253,桂林市,旅游学院,,19,19,15,12,12,73,59,42,34,8,10,8,7,0.4,0.4
2023-07-10T09:00:00,3532A,110.1945,22.6831,玉林市,玉林师范学院东校区,,26,26,25,13,14,67,24,32,20,10,9,9,14,0.6,0.5
2023-07-10T09:00:00,3533A,110.0527,22.5893,玉林市,福绵环保局,,30,30,31,13,15,78,30,29,20,8,10,10,9,0.5,0.5
2023-07-10T09:00:00,3534A,111.4744,24.4553,贺州市,西湾,,49,45,29,34,19,92,35,28,23,18,15,14,12,0.6,0.5
2023-07-10T09:00:00,3535A,109.1781,23.7297,来宾市,兴宾区政府,,31,31,21,15,10,104,36,39,26,6,7,4,3,0.5,0.5
2023-07-10T09:00:00,3536A,106.8547,27.5919,遵义市,第十二小学,,30,30,26,18,16,75,25,5,5,27,19,11,6,0.5,0.5
2023-07-10T09:00:00,3537A,105.3631,27.3533,毕节市,长征村,,18,15,21,12,15,113,35,39,30,9,8,10,7,0.6,0.6
2023-07-10T09:00:00,3538A,107.5175,26.2978,黔南布依族苗族自治州,沙坝,,20,17,17,12,8,66,64,60,60,5,6,4,4,0.3,0.3
2023-07-10T09:00:00,3539A,110.5111,19.9736,海口市,桂林洋子站,,22,22,18,6,6,42,32,22,21,7,8,5,5,0.3,0.2
2023-07-10T09:00:00,3540A,109.7348,18.3443,三亚市,君悦子站,,25,25,17,7,5,49,27,21,21,9,7,3,3,0.4,0.3
2023-07-10T09:00:00,3541A,109.5726,19.5167,儋州市,第一中学子站,,16,16,13,8,7,45,30,31,24,4,4,5,5,0.5,0.5
2023-07-10T09:00:00,3542A,109.5567,19.5187,儋州市,东坡学校子站,,10,10,13,6,5,49,25,24,20,4,5,6,6,0.5,0.5
2023-07-10T09:00:00,3543A,112.3466,16.8396,三沙市,永兴岛子站,,,,,,,,,,,,,,,,
2023-07-10T09:00:00,3544A,121.4891,30.925,上海市,奉贤南桥新城,颗粒物(PM10),53,55,39,35,26,176,66,70,37,38,25,10,8,0.6,0.5
2023-07-10T09:00:00,3545A,110.8054,32.8401,十堰市,郧阳区金沙路,,37,37,34,21,24,120,45,64,44,10,6,4,5,0.6,0.7
2023-07-10T09:00:00,3546A,111.4606,30.552,宜昌市,猇亭区张家湾站,,43,43,32,14,13,142,39,44,34,28,24,11,14,0.7,0.6
2023-07-10T09:00:00,3547A,112.1632,31.0138,荆门市,龙泉中学南校,,33,33,29,13,13,103,47,47,41,8,7,7,7,0.3,0.4
2023-07-10T09:00:00,3548A,112.1655,30.3364,荆州市,学苑路,,29,25,26,20,20,93,56,49,42,9,10,7,7,0.5,0.5
2023-07-10T09:00:00,3549A,109.5061,30.3772,恩施土家族苗族自治州,龙凤新区,,,,15,2,5,53,18,9,9,8,11,6,6,0.5,0.5
2023-07-10T09:00:00,3550A,102.7997,24.9786,昆明市,昆明学院,,15,14,13,10,9,54,16,38,29,19,11,4,4,0.7,0.6
2023-07-10T09:00:00,3551A,102.5967,24.6736,昆明市,晋宁区生态环境分局,,16,16,16,9,4,52,31,36,33,8,8,3,3,0.7,0.8
2023-07-10T09:00:00,3552A,102.6678,24.9856,昆明市,云天化总部,,8,8,13,5,10,46,20,28,24,9,9,1,2,0.7,0.8
2023-07-10T09:00:00,3557A,119.9464,30.0494,杭州市,镇二中,,38,30,29,26,23,83,36,16,16,25,24,8,9,0.7,0.5
2023-07-10T09:00:00,3558A,119.7183,30.2367,杭州市,市府大楼,,26,24,24,18,19,62,42,31,31,15,10,7,7,0.6,0.5
2023-07-10T09:00:00,3560A,120.4722,30.0415,绍兴市,柯桥妇保,细颗粒物(PM2.5),52,50,50,36,31,130,61,36,34,25,18,4,4,0.7,0.6
2023-07-10T09:00:00,3561A,120.6985,27.9251,温州市,茶山,颗粒物(PM10),53,55,47,31,23,203,68,48,48,16,17,5,7,0.5,0.5
2023-07-10T09:00:00,3562A,120.4148,30.8538,湖州市,南浔区站,,40,34,29,28,17,76,38,17,17,33,27,3,3,0.6,0.5
2023-07-10T09:00:00,3564A,121.2568,28.6681,台州市,台州科技职业学院,颗粒物(PM10),54,58,52,29,23,158,88,95,76,12,10,2,3,0.6,0.6
2023-07-10T09:00:00,3565A,113.1367,40.1122,大同市,云冈站,,45,45,47,24,16,131,82,21,21,21,30,39,22,0.5,0.4
2023-07-10T09:00:00,3566A,113.1186,40.2556,大同市,图书馆,,32,32,31,20,12,123,87,51,45,15,12,11,8,0.6,0.5
2023-07-10T09:00:00,3567A,113.5931,40.0461,大同市,区一中,颗粒物(PM10),64,78,31,22,7,131,79,88,69,40,17,17,8,0.5,0.4
2023-07-10T09:00:00,3568A,113.06,36.0464,长治市,向阳小学,颗粒物(PM10),86,122,64,46,20,204,58,176,76,54,24,23,11,1.2,0.7
2023-07-10T09:00:00,3569A,112.8792,36.3144,长治市,屯留一中,,41,41,25,14,10,196,61,63,63,45,21,14,13,0.7,0.6
2023-07-10T09:00:00,3570A,113.235,36.3489,长治市,潞城四中,细颗粒物(PM2.5),108,157,77,81,29,218,,98,71,77,41,109,20,,1.2
2023-07-10T09:00:00,3571A,112.2931,39.53,朔州市,一水厂,颗粒物(PM10),61,72,66,31,18,142,90,23,23,34,33,10,12,0.5,0.5
2023-07-10T09:00:00,3572A,114.6419615,37.9001925,石家庄市,栾城区政府,颗粒物(PM10),62,73,52,14,10,190,128,112,61,27,25,7,7,0.6,0.5
2023-07-10T09:00:00,3573A,114.8506765,38.0322033,石家庄市,藁城区实验学校,颗粒物(PM10),64,78,42,19,7,178,152,103,82,28,22,8,9,0.6,0.5
2023-07-10T09:00:00,3574A,114.0504658,38.0591645,石家庄市,井陉矿区区委大楼,颗粒物(PM10),60,70,42,6,12,179,84,63,39,42,26,18,6,0.7,0.3
2023-07-10T09:00:00,3575A,118.09279,39.58089,唐山市,正泰大街热力站,颗粒物(PM10),76,102,51,43,21,170,84,74,48,29,20,12,5,2.1,0.9
2023-07-10T09:00:00,3576A,118.1562,39.8322,唐山市,丰润区政府,颗粒物(PM10),66,81,37,47,21,162,104,96,54,34,17,25,7,3.5,1.2
2023-07-10T09:00:00,3577A,118.43673,39.73809,唐山市,金山小学,颗粒物(PM10),66,82,59,29,15,154,92,73,64,31,20,19,6,2.8,0.9
2023-07-10T09:00:00,3578A,118.24498,39.66941,唐山市,政府服务中心,,,74,47,38,26,176,,60,43,34,21,20,6,2.1,1
2023-07-10T09:00:00,3579A,114.50634,36.77178,邯郸市,永年区实验高中,颗粒物(PM10),73,96,46,51,23,204,112,122,89,41,19,47,14,3.3,0.8
2023-07-10T09:00:00,3580A,114.20016,36.44293,邯郸市,峰峰矿区临水派出所,颗粒物(PM10),63,75,52,27,17,231,142,115,98,16,17,17,14,1.3,0.9
2023-07-10T09:00:00,3581A,115.31981,38.95208,保定市,满城区生态环境分局,颗粒物(PM10),63,75,39,14,7,167,112,106,72,20,14,11,8,0.2,0.2
2023-07-10T09:00:00,3582A,115.47694,38.76408,保定市,清苑区第二中学,颗粒物(PM10),63,76,42,18,9,166,104,103,60,34,22,11,9,0.3,0.3
2023-07-10T09:00:00,3583A,115.62909,39.02311,保定市,徐水物探局,颗粒物(PM10),71,91,42,19,6,181,79,55,42,39,23,12,12,0.3,0.2
2023-07-10T09:00:00,3584A,115.8844,39.0341,雄安新区,容城县环境保护局,颗粒物(PM10),64,78,50,14,17,182,129,77,51,34,30,12,11,0.4,0.3
2023-07-10T09:00:00,3585A,115.8665,39.0645,雄安新区,河北容城中学,颗粒物(PM10),72,94,50,24,14,187,111,80,62,41,22,12,11,0.4,0.3
2023-07-10T09:00:00,3586A,115.923,38.9405,雄安新区,安新县民政局,颗粒物(PM10),51,52,37,11,11,171,146,106,84,17,13,10,8,0.4,0.3
2023-07-10T09:00:00,3587A,115.9324,38.9338,雄安新区,安新县电力局,颗粒物(PM10),54,58,47,12,9,184,158,103,89,16,12,11,10,0.2,0.1
2023-07-10T09:00:00,3588A,116.0901,38.9816,雄安新区,雄县环境保护局,颗粒物(PM10),54,58,37,14,13,189,155,81,73,25,26,10,7,0.7,0.4
2023-07-10T09:00:00,3589A,116.1105,39.0046,雄安新区,雄县国土资源局,颗粒物(PM10),56,61,56,13,8,176,155,98,56,21,24,16,14,0.5,0.3
2023-07-10T09:00:00,3590A,113.8374,34.5589,郑州市,北区建设指挥部,,36,36,42,17,19,240,84,87,65,13,13,3,3,0.3,0.3
2023-07-10T09:00:00,3591A,113.30952,34.803229,郑州市,上街区政府,颗粒物(PM10),73,96,61,40,31,242,109,98,73,20,13,13,8,1.0,0.6
2023-07-10T09:00:00,3592A,114.4644,34.7556,开封市,祥符区生态环境局,,,,,,,,,,,,,,,,
2023-07-10T09:00:00,3593A,112.5736,34.8993,洛阳市,吉利监测站,颗粒物(PM10),111,172,65,34,30,206,77,94,57,41,28,10,6,0.8,0.6
2023-07-10T09:00:00,3594A,112.8867,33.9116,平顶山市,石龙区,,23,23,31,16,15,144,68,89,63,7,9,6,7,0.5,0.5
2023-07-10T09:00:00,3596A,114.1572,35.9603,鹤壁市,南山宾馆,颗粒物(PM10),58,66,66,19,23,250,56,67,39,28,23,12,18,1.0,0.9
2023-07-10T09:00:00,3597A,113.8134,34.1251,许昌市,建安区兴业大厦,,29,29,36,12,17,188,58,60,45,7,7,3,2,0.4,0.4
2023-07-10T09:00:00,3598A,111.1,34.7167,三门峡市,富达温泉假日酒店,颗粒物(PM10),60,70,55,35,25,200,56,49,45,38,26,8,10,0.7,0.5
2023-07-10T09:00:00,3599A,106.2649,29.9851,重庆市,书院路,,36,36,36,24,25,194,29,82,43,52,51,10,10,0.8,1
2023-07-10T09:00:00,3600A,106.2339,29.5559,重庆市,虎峰,,49,37,38,34,19,170,43,76,43,13,13,10,9,0.9,0.8
2023-07-10T09:00:00,3601A,106.0499,29.8342,重庆市,龙门街,,39,18,31,27,29,180,60,100,63,17,15,10,9,0.7,0.8
2023-07-10T09:00:00,3604A,119.3266,35.1044,日照市,岚山环保分局,颗粒物(PM10),52,53,45,29,24,211,54,135,72,25,17,22,12,2.4,1.4
2023-07-10T09:00:00,3605A,109.09,34.5236,西安市,无线电监控中心,颗粒物(PM10),70,89,97,36,35,311,109,102,75,22,27,12,9,0.9,0.6
2023-07-10T09:00:00,3606A,108.7108,34.46,西咸新区,北杜,颗粒物(PM10),59,67,76,30,31,349,117,99,97,18,31,14,8,0.8,0.5
2023-07-10T09:00:00,3607A,108.7096,34.2956,西咸新区,同德佳苑,颗粒物(PM10),72,94,82,39,26,346,109,92,83,30,28,10,6,0.7,0.5
2023-07-10T09:00:00,3608A,108.8558,34.4978,西咸新区,崇文塔,颗粒物(PM10),73,95,86,35,32,333,124,103,77,25,30,13,6,1.0,0.6
2023-07-10T09:00:00,3610A,105.5933,29.4105,重庆市,昌元,,46,46,47,16,25,160,56,73,64,27,19,13,8,0.8,0.8
2023-07-10T09:00:00,3612A,85.1045,45.6899,克拉玛依市,白碱滩区新站,,34,34,20,4,5,108,108,87,80,2,8,8,8,0.3,0.3
2023-07-10T09:00:00,3613A,87.3095,44.0142,昌吉州,亚心广场,,23,9,16,0,4,129,73,95,90,22,13,2,4,0.1,0
2023-07-10T09:00:00,3614A,79.924,37.0877,和田地区,地区环保局,颗粒物(PM10),99,148,158,39,46,121,52,110,76,17,5,7,7,0.6,0.6
2023-07-10T09:00:00,3615A,79.9131,37.113,和田地区,市环保局,颗粒物(PM10),99,148,138,38,47,116,58,107,69,22,12,4,5,0.8,0.7
2023-07-10T09:00:00,3616A,106.7616,31.8344,巴中市,市中心医院,,,,39,,23,122,,22,13,36,22,,6,0.9,0.6
2023-07-10T09:00:00,3617A,105.8047,32.4166,广元市,经开区,,47,47,41,26,25,150,26,77,47,33,12,10,8,0.9,0.7
2023-07-10T09:00:00,3618A,112.4719,37.7831,太原市,金胜,颗粒物(PM10),55,60,58,20,20,212,82,60,52,34,36,6,4,0.4,0.4
2023-07-10T09:00:00,3619A,113.617,37.8571,阳泉市,龙柱,颗粒物(PM10),64,77,48,30,21,156,74,31,31,56,44,55,23,0.9,0.6
2023-07-10T09:00:00,3620A,112.8271,35.4828,晋城市,泽州一中,颗粒物(PM10),67,84,51,36,18,205,134,131,97,31,22,13,11,2.3,1
2023-07-10T09:00:00,3621A,106.8288,39.6778,乌海市,聚英学校,颗粒物(PM10),88,126,60,27,12,158,92,119,113,49,16,45,35,0.4,0.3
2023-07-10T09:00:00,3622A,113.5556,24.8082,韶关市,碧湖山庄,,29,29,26,12,12,121,34,47,34,16,11,12,8,0.6,0.5
2023-07-10T09:00:00,3623A,113.8953,22.5861,深圳市,西乡,,13,13,14,2,2,34,22,17,17,12,17,6,6,0.6,0.5
2023-07-10T09:00:00,3624A,116.4069,23.2533,汕头市,潮南子站,,16,16,18,5,8,72,36,44,36,4,4,9,9,0.5,0.5
2023-07-10T09:00:00,3625A,113.2544,22.7642,佛山市,容桂街道办,,,12,9,7,4,87,,20,17,11,11,6,6,0.6,0.5
2023-07-10T09:00:00,3626A,113.7533,23.0202,东莞市,南城元岭,,17,17,23,5,5,114,28,16,16,9,10,7,7,0.6,0.6
2023-07-10T09:00:00,3627A,113.7875,23.0457,东莞市,东城主山,,15,15,18,6,6,117,26,15,15,14,15,7,8,0.6,0.6
2023-07-10T09:00:00,3628A,112.0336,22.9374,云浮市,文笔,,,9,8,11,10,56,,27,25,2,2,5,5,0.3,0.4
2023-07-10T09:00:00,3629A,101.8305,36.5786,西宁市,世纪职校,,48,48,31,29,17,167,30,66,47,55,25,24,15,1.2,0.6
2023-07-10T09:00:00,3630A,101.7413,36.6397,西宁市,师大城西校区,颗粒物(PM10),60,70,47,27,22,148,33,64,34,32,21,13,14,1.6,0.6
2023-07-10T09:00:00,3633A,118.4918,31.6809,马鞍山市,雨山,,28,28,14,14,9,122,23,49,30,29,13,5,6,1.2,0.9
2023-07-10T09:00:00,3634A,116.9884,33.6305,宿州市,宿州学院,,32,32,29,12,10,157,61,68,44,9,10,5,4,0.3,0.3
2023-07-10T09:00:00,3635A,112.3677,34.662,洛阳市,河科大西苑校区,颗粒物(PM10),51,51,52,21,18,93,93,84,70,23,8,4,4,0.6,0.5
2023-07-10T09:00:00,3636A,112.4388,34.6781,洛阳市,英才小学,,41,41,43,11,15,198,93,94,77,10,8,1,4,0.8,0.7
2023-07-10T09:00:00,3637A,131.0176,45.7761,七台河市,人民广场,,24,24,25,8,10,106,37,44,44,29,13,12,12,0.7,0.6
2023-07-10T09:00:00,3638A,104.7636,29.3338,自贡市,轻化工大学,颗粒物(PM10),51,52,49,30,24,168,62,76,62,32,24,9,6,0.7,0.7
2023-07-10T09:00:00,3639A,104.4019,31.1244,德阳市,市教育局,颗粒物(PM10),53,56,52,36,33,179,59,102,62,27,15,3,3,0.8,0.7
2023-07-10T09:00:00,3642A,120.3503,36.0736,青岛市,市北区南部,颗粒物(PM10),53,55,42,24,27,215,141,70,66,17,30,7,8,0.6,0.7
2023-07-10T09:00:00,3643A,120.3948,36.1805,青岛市,李沧区北部,,,,58,,30,252,,60,36,35,38,9,8,0.6,0.6
2023-07-10T09:00:00,3644A,117.8661,36.805,淄博市,三金集团,颗粒物(PM10),51,51,47,22,22,226,129,102,102,24,26,9,11,1.0,0.6
2023-07-10T09:00:00,3645A,118.0253,36.8406,淄博市,东风化工厂,,39,33,51,19,21,258,122,94,94,17,24,9,12,0.5,0.4
2023-07-10T09:00:00,3646A,118.4978,37.4623,东营市,胜利站,颗粒物(PM10),63,76,43,44,21,210,125,137,92,39,17,4,6,1.2,0.7
2023-07-10T09:00:00,3647A,115.4702,35.2706,菏泽市,菏泽医专,,42,42,51,20,17,231,83,78,78,7,8,3,3,0.4,0.5
2023-07-10T09:00:00,3648A,106.2112,37.9768,吴忠市,文卫南街,颗粒物(PM10),59,67,37,11,11,214,54,129,77,34,10,10,9,0.6,0.3
2023-07-10T09:00:00,3650A,105.1698,37.5162,中卫市,沙坡头区政府站,颗粒物(PM10),70,89,66,33,21,181,87,105,81,23,16,8,11,0.6,0.4
2023-07-10T09:00:00,3651A,108.9543,34.8732,铜川市,旺旺集团,颗粒物(PM10),56,62,69,29,28,263,124,121,118,24,22,9,7,0.8,0.7
2023-07-10T09:00:00,3652A,109.4809,36.5786,延安市,西北局旧址,,50,50,36,18,12,173,40,22,19,50,36,4,5,0.6,0.4
2023-07-10T09:00:00,3653A,111.3119,30.7273,宜昌市,云深路,,36,36,30,16,15,148,20,14,13,22,23,6,7,0.6,0.6
2023-07-10T09:00:00,3654A,114.8094,30.4089,鄂州市,精准医疗中心,,36,36,24,15,8,99,35,42,32,33,22,31,15,2.8,1.5
2023-07-10T09:00:00,3655A,114.3375,29.8683,咸宁市,长江产业园,,26,25,24,18,16,95,63,38,38,7,7,3,3,0.5,0.5
2023-07-10T09:00:00,3656A,120.1556,30.2864,杭州市,消防大队,,25,25,27,17,19,86,48,31,27,19,22,8,7,0.8,0.7
2023-07-10T09:00:00,3658A,120.6153,30.0764,绍兴市,袍江中学,,46,46,47,27,28,133,73,43,43,21,21,6,7,0.6,0.6
2023-07-10T09:00:00,3659A,119.656,29.1131,金华市,气象局,颗粒物(PM10),51,51,44,21,18,125,78,42,40,23,18,8,7,0.6,0.5
2023-07-10T09:00:00,3662A,123.6333,47.2075,齐齐哈尔市,富区青少年活动中心,,,,,,,,,,,,,,,,
2023-07-10T09:00:00,3663A,124.1164,50.4278,大兴安岭地区,红旗社区,,34,34,19,11,13,68,68,38,28,4,9,6,6,0.3,0.4
2023-07-10T09:00:00,3664A,119.4172,34.7341,连云港市,连云街道,,40,40,35,26,23,178,101,162,103,6,8,3,3,0.6,0.4
2023-07-10T09:00:00,3665A,76.1658,39.7157,克孜勒苏柯尔克孜自治州,克州文化中心,,35,20,24,4,6,156,110,121,114,7,11,6,8,0.3,0.4
2023-07-10T09:00:00,3667A,111.0283,35.0547,运城市,水利职院,颗粒物(PM10),69,88,85,40,33,216,106,90,72,21,20,9,9,1.5,1.2
2023-07-10T09:00:00,3668A,111.5036,36.0414,临汾市,城南,颗粒物(PM10),55,59,52,27,14,193,80,64,58,35,26,18,9,1.1,0.8
2023-07-10T09:00:00,3669A,114.4705,36.0637,安阳市,左辅环卫站,细颗粒物(PM2.5),54,31,56,38,27,232,70,109,67,12,18,10,12,0.6,0.6
2023-07-10T09:00:00,3670A,111.0522,35.0439,运城市,禹都公园,颗粒物(PM10),66,81,74,33,28,190,93,76,65,22,18,6,6,1.3,1.1
2023-07-10T09:00:00,3671A,116.088,39.9726,北京市,门头沟三家店,,28,24,34,3,8,138,88,60,60,11,12,3,3,0.4,0.2
2023-07-10T09:00:00,3672A,116.1541,39.8204,北京市,丰台云岗,,38,38,28,10,10,152,108,63,63,28,19,3,1,0.5,0.4
2023-07-10T09:00:00,3673A,116.6804,39.9081,北京市,通州东关,颗粒物(PM10),61,72,35,28,11,150,105,93,79,15,15,6,2,1.1,0.3
2023-07-10T09:00:00,3674A,115.9577,39.7603,北京市,房山燕山,,30,22,15,8,8,141,95,72,71,9,8,2,2,0.3,0.2
2023-07-10T09:00:00,3675A,116.4672,39.7733,北京市,大兴旧宫,颗粒物(PM10),57,63,32,28,12,159,113,75,75,22,22,3,3,0.8,0.4
2023-07-10T09:00:00,3676A,113.2802,40.0995,大同市,第二人民医院,颗粒物(PM10),58,65,50,26,22,145,78,59,38,33,27,18,9,1.3,0.6
2023-07-10T09:00:00,3677A,98.5881,24.4368,德宏州,芒市人民政府综合楼,,26,26,24,3,7,44,20,24,22,8,8,7,9,0.6,0.6
2023-07-10T09:00:00,3678A,116.5907,35.4054,济宁市,市第七中学,,43,43,47,24,25,188,86,133,72,3,9,3,4,0.5,0.5
2023-07-10T09:00:00,3682A,116.9814,36.6819,济南市,济南四建,,46,46,36,20,16,203,103,138,118,5,18,3,4,0.6,0.6
2023-07-10T09:00:00,3683A,109.8331,40.6576,包头市,昆区政府,颗粒物(PM10),54,58,41,35,18,178,52,33,33,53,41,46,23,1.3,1.1
2023-07-10T09:00:00,3684A,130.8781,45.8222,七台河市,新建矿广场,,48,48,42,6,6,113,21,15,14,32,26,13,17,0.6,0.6
2023-07-10T09:00:00,3685A,117.897,28.4315,上饶市,双创科技城,颗粒物(PM10),52,53,46,24,20,95,60,22,20,18,18,20,14,0.7,0.6
2023-07-10T09:00:00,3689A,113.9003,35.372,新乡市,行政服务中心,颗粒物(PM10),51,52,51,22,17,241,65,92,49,13,17,3,5,0.6,0.6
2023-07-10T09:00:00,3690A,115.9721,28.7031,南昌市,外国语学校,,46,46,33,11,9,125,77,33,31,14,14,12,7,0.7,0.6
2023-07-10T09:00:00,3692A,118.2059,39.6585,唐山市,消防缸窑路中队,颗粒物(PM10),74,98,64,44,29,179,85,72,50,34,20,20,6,2.3,1.1
2023-07-10T09:00:00,3693A,118.1436,39.6202,唐山市,路南电大,颗粒物(PM10),67,83,48,39,23,167,95,82,55,34,20,22,7,3.3,1.1
2023-07-10T09:00:00,3694A,115.986,40.4563,北京市,延庆石河营,,31,31,19,13,10,133,74,22,22,16,22,3,3,0.3,0.3
2023-07-10T09:00:00,3695A,116.6151,40.3053,北京市,怀柔新城,,24,21,10,8,5,133,76,70,66,15,7,1,3,0.4,0.3
2023-07-10T09:00:00,3696A,116.2545,39.8768,北京市,丰台小屯,,47,47,30,13,11,137,101,56,56,24,22,3,2,0.7,0.4
2023-07-10T09:00:00,3697A,116.84,40.3844,北京市,密云镇,,,19,16,6,6,130,,50,33,22,13,3,3,0.3,0.3
2023-07-10T09:00:00,3698A,111.5968,40.8178,呼和浩特市,红旗小学,,48,48,46,17,16,149,73,35,24,30,38,8,9,0.7,0.6
2023-07-10T09:00:00,3699A,111.6518,40.8389,呼和浩特市,海东办,,36,36,40,12,15,149,73,31,31,26,34,7,7,0.5,0.5
2023-07-10T09:00:00,3700A,103.0456,29.9956,雅安市,康养中心,,43,38,49,25,28,247,136,212,166,5,10,15,14,0.4,0.4
2023-07-10T09:00:00,3701A,116.9648,33.6252,宿州市,皖北煤电集团,,34,34,34,14,15,170,71,84,59,10,9,15,12,0.4,0.4
2023-07-10T09:00:00,3703A,114.2917,36.0949,安阳市,安钢职工学校,,,81,72,,4,222,66,96,62,26,17,7,12,0.7,0.9
2023-07-10T09:00:00,3706A,122.2584,43.6333,通辽市,老干部活动中心,,,,30,17,16,104,70,66,51,18,14,4,5,0.5,0.4
2023-07-10T09:00:00,3707A,131.0207,45.3073,鸡西市,欧美日汽修厂,颗粒物(PM10),53,56,24,7,10,82,29,30,30,21,12,5,5,0.2,0.2
2023-07-10T09:00:00,3708A,122.2922,43.6189,通辽市,东方明珠社区,,30,29,20,21,24,104,76,75,61,24,18,7,6,0.8,0.7
2023-07-10T09:00:00,3709A,130.9967,45.3106,鸡西市,市政设施管理处,,38,38,32,10,12,84,26,37,35,27,13,6,6,0.3,0.3
2023-07-10T09:00:00,3710A,121.5594,29.8975,宁波市,白沙活动中心,,33,33,29,19,16,101,78,58,58,13,15,4,4,0.6,0.5
2023-07-10T09:00:00,3713A,124.3419,43.1666,四平市,世纪城,,25,17,25,17,18,129,68,72,65,8,11,4,5,0.4,0.4
2023-07-10T09:00:00,3715A,117.3092,32.9314,蚌埠市,蚌埠田家炳中学,,33,33,34,11,17,117,46,24,24,11,9,10,6,0.4,0.4
2023-07-10T09:00:00,3719A,97.1714,31.1406,昌都市,昌都会议中心,,21,21,11,10,6,112,27,55,38,12,6,5,6,0.7,0.6
2023-07-10T09:00:00,3726A,88.8781,29.2426,日喀则市,林业技术推广中心,,31,5,9,2,2,101,98,89,89,7,6,6,6,0.5,0.5
2023-07-10T09:00:00,3728A,104.68,28.8071,宜宾市,白酒学院,颗粒物(PM10),65,79,63,40,28,202,79,96,71,27,20,12,8,0.9,0.7
2023-07-10T09:00:00,3734A,118.35,37.26,东营市,理想之城,颗粒物(PM10),58,66,40,31,22,199,125,100,77,23,18,12,11,1.1,0.7
2023-07-10T09:00:00,3860A,118.3920,35.0300,临沂市,皇山花园小区,颗粒物(PM10),52,53,49,27,27,203,67,34,34,15,22,9,8,0.7,0.9
2023-07-10T09:00:00,3861A,119.2041,36.7699,潍坊市,寒亭区实验一小,颗粒物(PM10),54,58,36,24,16,245,133,124,88,22,17,17,11,1.3,0.7
2023-07-10T09:00:00,3866A,122.2469,40.66302,营口市,三高中,,,,,,,,,,,,,,,,
2023-07-10T09:00:00,3867A,102.0738,36.5056,海东地区,平安区公安北苑,细颗粒物(PM2.5),57,59,34,40,16,148,53,71,66,34,14,21,9,1.0,0.6
2023-07-10T09:00:00,3981A,113.2449,35.1803,焦作市,原李万街道办,,39,39,46,27,20,246,90,90,88,25,23,12,15,0.6,0.5
2023-07-10T09:00:00,3994A,102.2165,31.9024,阿坝藏族羌族自治州,马尔康中学西区,,30,30,19,10,11,77,29,22,21,7,5,6,6,0.6,0.5
2023-07-10T09:00:00,4002A,109.2416,23.7461,来宾市,中南小学,,32,32,26,8,13,92,37,49,30,7,6,9,6,0.6,0.5
2023-07-10T09:00:00,4004A,115.4202,38.8656,保定市,双鹰农机,,38,38,29,6,12,172,103,90,77,24,21,14,7,0.3,0.2
2023-07-10T09:00:00,4006A,122.3622,40.6762,营口市,老边实验小学,细颗粒物(PM2.5),75,76,60,55,43,148,91,103,84,21,14,8,7,0.9,0.7
2023-07-10T09:00:00,4008A,112.5234,32.9922,南阳市,卧龙区政府,,30,24,26,21,18,109,40,67,46,8,6,8,7,0.6,0.5
2023-07-10T09:00:00,4010A,112.5608,37.8807,太原市,育英中学,,,67,50,26,20,203,,51,51,,35,,11,,0.7
2023-07-10T09:00:00,4011A,103.8506,30.6947,成都市,光华大道三段,细颗粒物(PM2.5),74,90,62,54,34,242,41,121,60,37,20,4,2,0.9,0.7
2023-07-10T09:00:00,4017A,116.7923,33.9535,淮北市,市博物馆（启用20230615）,,30,30,35,18,20,180,77,88,66,11,11,4,4,0.3,0.4
