timepoint,stationcode,longitude,latitude,area,positionname,primarypollutant,aqi,pm10,pm10_24h,pm2_5,pm2_5_24h,o3,o3_24h,o3_8h,o3_8h_24h,no2,no2_24h,so2,so2_24h,co,co_24h
2022-09-28T03:00:00,1001A,116.3621,39.8784,北京市,万寿西宫,颗粒物(PM10),74,97,115,52,64,214,24,66,45,79,47,3,3,0.7,0.8
2022-09-28T03:00:00,1002A,116.2202,40.2915,北京市,定陵(对照点),颗粒物(PM10),65,80,84,45,43,279,116,122,116,12,14,3,3,0.6,0.7
2022-09-28T03:00:00,1003A,116.4174,39.9289,北京市,东四,颗粒物(PM10),87,123,130,50,68,216,60,105,83,49,41,2,4,0.6,0.8
2022-09-28T03:00:00,1004A,116.4072,39.8863,北京市,天坛,颗粒物(PM10),66,81,101,39,56,204,10,54,28,57,40,3,3,0.6,0.8
2022-09-28T03:00:00,1005A,116.462,39.9365,北京市,农展馆,颗粒物(PM10),73,95,111,39,62,200,8,84,41,114,58,1,3,0.6,0.8
2022-09-28T03:00:00,1006A,116.3392,39.9295,北京市,官园,颗粒物(PM10),103,155,121,71,63,212,40,74,54,58,38,4,6,0.8,0.9
2022-09-28T03:00:00,1007A,116.2878,39.9611,北京市,海淀万柳,细颗粒物(PM2.5),108,150,123,81,64,229,63,37,37,52,50,1,3,0.7,0.8
2022-09-28T03:00:00,1008A,116.6636,40.135,北京市,顺义新城,颗粒物(PM10),90,129,115,62,59,233,75,74,74,26,36,3,4,0.5,0.6
2022-09-28T03:00:00,1009A,116.6275,40.3275,北京市,怀柔镇,"颗粒物(PM10),细颗粒物(PM2.5)",67,83,95,48,57,246,120,132,124,15,23,1,3,0.6,0.8
2022-09-28T03:00:00,1010A,116.2296,40.217,北京市,昌平镇,颗粒物(PM10),72,94,103,50,54,231,44,131,92,83,36,2,3,0.7,0.8
2022-09-28T03:00:00,1011A,116.3966,39.9821,北京市,奥体中心,颗粒物(PM10),104,157,129,54,65,202,0,73,25,131,52,3,3,1.0,0.7
2022-09-28T03:00:00,1012A,116.184,39.9136,北京市,古城,,,,128,,61,138,,128,,,39,,3,,0.9
2022-09-28T03:00:00,1015A,117.1444,39.1661,天津市,勤俭道,细颗粒物(PM2.5),78,104,104,57,52,214,117,105,105,24,33,13,13,0.9,0.8
2022-09-28T03:00:00,1017A,117.237,39.1082,天津市,大直沽八号路,细颗粒物(PM2.5),90,124,102,67,45,208,68,94,86,59,42,13,13,1.0,0.8
2022-09-28T03:00:00,1018A,117.202,39.0927,天津市,前进道,细颗粒物(PM2.5),115,130,103,87,62,230,49,80,68,64,42,13,13,1.0,0.8
2022-09-28T03:00:00,1019A,117.1837,39.2133,天津市,淮河道,,,,113,68,57,228,125,115,115,29,44,14,13,0.7,0.6
2022-09-28T03:00:00,1021A,117.307,39.0877,天津市,跃进路,颗粒物(PM10),107,163,122,71,49,216,41,44,43,70,55,10,13,0.9,0.8
2022-09-28T03:00:00,1023A,117.707,39.0343,天津市,第四大街,细颗粒物(PM2.5),103,109,105,77,64,220,91,114,103,43,41,10,12,0.9,0.8
2022-09-28T03:00:00,1024A,117.457,38.8394,天津市,永明路,细颗粒物(PM2.5),90,102,99,67,63,221,45,70,58,60,46,14,15,0.6,0.7
2022-09-28T03:00:00,1026A,117.764,39.1587,天津市,汉北路,细颗粒物(PM2.5),99,112,102,74,60,244,85,108,101,29,33,12,14,1.7,0.9
2022-09-28T03:00:00,1027A,117.157,38.9194,天津市,团泊洼(对照点),细颗粒物(PM2.5),84,112,102,62,57,214,91,112,103,53,48,15,16,1.1,1
2022-09-28T03:00:00,1029A,114.4422,38.0444,石家庄市,职工医院,颗粒物(PM10),76,102,106,39,46,251,4,36,20,120,55,5,10,0.7,0.6
2022-09-28T03:00:00,1030A,114.6063,38.0266,石家庄市,高新区,颗粒物(PM10),68,86,100,35,46,246,50,82,66,44,47,6,10,0.5,0.7
2022-09-28T03:00:00,1031A,114.4898,38.1328,石家庄市,西北水源,颗粒物(PM10),104,158,123,46,42,257,24,16,16,84,51,3,9,0.6,0.8
2022-09-28T03:00:00,1032A,114.4586,38.0058,石家庄市,西南高教,颗粒物(PM10),68,86,113,41,50,233,5,40,26,73,56,3,6,0.7,1.1
2022-09-28T03:00:00,1033A,114.5331,38.0178,石家庄市,世纪公园,颗粒物(PM10),70,90,110,36,50,246,41,70,56,45,49,5,9,0.5,0.8
2022-09-28T03:00:00,1034A,114.509,38.0457,石家庄市,人民会堂,,,,,,,,,,,,,,,,
2022-09-28T03:00:00,1035A,114.3524,37.8911,石家庄市,封龙山(对照点),臭氧1小时,105,99,91,41,42,247,209,206,206,16,20,20,13,1.1,1.2
2022-09-28T03:00:00,1037A,118.131,39.6363,唐山市,雷达站,细颗粒物(PM2.5),113,118,125,85,73,252,96,157,130,25,37,5,10,0.7,0.7
2022-09-28T03:00:00,1038A,118.1725,39.6334,唐山市,物资局,细颗粒物(PM2.5),105,116,124,79,65,250,82,152,118,34,51,5,10,0.7,0.9
2022-09-28T03:00:00,1040A,118.1705,39.6506,唐山市,十二中,细颗粒物(PM2.5),98,106,111,73,65,247,64,165,119,32,36,5,9,0.7,0.6
2022-09-28T03:00:00,1041A,118.1869,39.622,唐山市,小山,细颗粒物(PM2.5),97,89,111,72,64,254,77,132,112,33,44,4,8,0.7,0.7
2022-09-28T03:00:00,1042A,119.5134,39.8207,秦皇岛市,北戴河环保局,细颗粒物(PM2.5),99,116,105,74,48,238,156,160,159,26,25,19,12,1.6,0.8
2022-09-28T03:00:00,1043A,119.7493,40.0116,秦皇岛市,第一关,细颗粒物(PM2.5),94,109,106,70,62,229,39,32,32,124,75,15,14,1.3,1.1
2022-09-28T03:00:00,1044A,119.5897,39.9499,秦皇岛市,监测站,细颗粒物(PM2.5),104,118,105,78,53,221,149,152,151,19,42,20,19,1.3,1.1
2022-09-28T03:00:00,1046A,119.5251,39.9041,秦皇岛市,建设大厦,细颗粒物(PM2.5),99,113,106,74,49,230,154,168,161,31,33,19,17,1.2,1.3
2022-09-28T03:00:00,1047A,114.5129,36.61763,邯郸市,环保局,,,,,,,,,,,,,,,,
2022-09-28T03:00:00,1048A,114.5302,36.6116,邯郸市,东污水处理厂,细颗粒物(PM2.5),94,101,90,70,48,177,54,86,72,40,35,17,13,0.9,0.7
2022-09-28T03:00:00,1049A,114.4918,36.5713,邯郸市,矿院,颗粒物(PM10),78,105,94,53,43,180,61,66,64,39,41,23,23,0.9,0.9
2022-09-28T03:00:00,1050A,114.484,36.6133,邯郸市,丛台公园,细颗粒物(PM2.5),95,109,91,71,50,179,63,77,70,36,38,8,16,0.6,0.7
2022-09-28T03:00:00,1051A,115.493,38.8632,保定市,游泳馆,细颗粒物(PM2.5),94,84,95,70,65,253,63,109,83,60,56,9,12,0.8,0.9
2022-09-28T03:00:00,1052A,115.5213,38.8959,保定市,华电二区,颗粒物(PM10),72,94,118,45,61,239,80,104,92,35,52,9,11,0.5,1.1
2022-09-28T03:00:00,1053A,115.4713,38.9108,保定市,接待中心,颗粒物(PM10),76,101,129,42,54,253,82,80,79,41,49,13,13,0.8,1
2022-09-28T03:00:00,1054A,115.4612,38.8416,保定市,地表水厂,颗粒物(PM10),79,108,132,49,55,256,67,51,51,47,59,11,15,0.6,0.8
2022-09-28T03:00:00,1055A,115.4323,38.8697,保定市,胶片厂,细颗粒物(PM2.5),94,90,107,70,72,262,60,53,53,61,53,12,14,0.6,0.7
2022-09-28T03:00:00,1056A,115.5086,38.8639,保定市,监测站,细颗粒物(PM2.5),77,98,124,56,67,254,91,94,90,28,46,8,9,0.6,0.7
2022-09-28T03:00:00,1057A,114.8883,40.8336,张家口市,人民公园,,42,42,55,14,17,182,105,115,111,12,16,5,7,0.2,0.3
2022-09-28T03:00:00,1059A,114.8687,40.8042,张家口市,五金库,,39,39,59,19,23,201,110,123,116,16,24,9,11,0.6,0.6
2022-09-28T03:00:00,1060A,114.8902,40.762,张家口市,世纪豪园,,48,48,62,18,27,200,111,110,110,21,21,2,4,0.4,0.4
2022-09-28T03:00:00,1061A,114.8916,40.8661,张家口市,北泵房(对照点),,36,36,56,16,24,189,107,107,107,11,20,7,8,0.4,0.4
2022-09-28T03:00:00,1062A,117.9531,40.9081,承德市,铁路,,50,50,81,29,35,218,49,81,70,55,43,7,10,0.5,0.7
2022-09-28T03:00:00,1063A,117.9392,40.9763,承德市,中国银行,颗粒物(PM10),55,60,82,29,43,230,31,43,37,31,30,3,4,0.6,0.8
2022-09-28T03:00:00,1064A,117.9503,40.928,承德市,开发区,颗粒物(PM10),52,54,76,29,39,241,58,73,63,38,34,5,8,0.6,0.8
2022-09-28T03:00:00,1065A,117.8051,40.9655,承德市,文化中心,细颗粒物(PM2.5),74,82,103,54,53,240,73,91,82,33,34,9,16,0.8,1
2022-09-28T03:00:00,1066A,117.9268,41.0026,承德市,离宫(对照点),细颗粒物(PM2.5),53,53,73,37,39,230,50,82,67,33,22,5,8,0.5,0.6
2022-09-28T03:00:00,1067A,116.6708,39.5111,廊坊市,药材公司,细颗粒物(PM2.5),88,105,125,65,64,228,62,86,66,54,48,12,13,0.6,0.7
2022-09-28T03:00:00,1068A,116.7214,39.5589,廊坊市,开发区,颗粒物(PM10),75,99,112,50,61,232,81,61,61,46,46,12,11,0.5,0.6
2022-09-28T03:00:00,1070A,116.7244,39.5269,廊坊市,北华航天学院,细颗粒物(PM2.5),120,147,143,91,82,227,88,92,84,49,55,16,14,0.6,0.7
2022-09-28T03:00:00,1071A,116.8842,38.2991,沧州市,沧县城建局,细颗粒物(PM2.5),87,119,99,64,52,227,92,93,92,39,37,8,11,0.6,0.5
2022-09-28T03:00:00,1072A,116.8584,38.3254,沧州市,电视转播站,颗粒物(PM10),69,87,83,44,42,245,156,168,164,24,30,8,11,0.4,0.5
2022-09-28T03:00:00,1073A,116.8709,38.3228,沧州市,市环保局,"颗粒物(PM10),细颗粒物(PM2.5)",68,86,97,49,47,236,145,157,153,22,30,10,16,0.5,0.5
2022-09-28T03:00:00,1074A,115.6838,37.7541,衡水市,电机北厂,颗粒物(PM10),86,122,95,56,39,214,114,132,121,22,23,9,11,0.6,0.5
2022-09-28T03:00:00,1075A,115.6303,37.7316,衡水市,市监测站,细颗粒物(PM2.5),85,115,91,63,41,204,89,110,98,28,27,13,14,0.8,0.7
2022-09-28T03:00:00,1077A,114.4704,37.0886,邢台市,达活泉,颗粒物(PM10),91,131,115,64,47,219,54,88,73,41,33,12,15,1.1,1.2
2022-09-28T03:00:00,1078A,114.5062,37.0349,邢台市,邢师高专,颗粒物(PM10),96,142,110,68,45,207,66,88,77,40,46,14,11,1.3,1
2022-09-28T03:00:00,1079A,114.5237,37.0851,邢台市,路桥公司,颗粒物(PM10),90,129,90,62,42,210,61,86,74,39,47,19,15,1.6,1.3
2022-09-28T03:00:00,1080A,114.4725,37.0719,邢台市,市环保局,细颗粒物(PM2.5),89,117,88,66,45,217,76,83,78,35,43,13,12,0.9,1
2022-09-28T03:00:00,1081A,112.5139,37.8873,太原市,尖草坪,颗粒物(PM10),88,126,100,46,41,196,3,6,4,103,66,6,13,1.0,1
2022-09-28T03:00:00,1083A,112.434,38.0108,太原市,上兰(对照点),,,,,,,,,,,,,,,,
2022-09-28T03:00:00,1084A,112.469,37.7124,太原市,晋源,颗粒物(PM10),83,115,99,52,43,189,5,24,18,95,68,13,17,1.2,1.1
2022-09-28T03:00:00,1085A,112.5583,37.7394,太原市,小店,颗粒物(PM10),98,145,126,66,53,204,11,20,17,94,83,12,21,1.0,1.3
2022-09-28T03:00:00,1086A,112.5369,37.8692,太原市,桃园,颗粒物(PM10),85,119,104,44,44,195,2,4,3,105,79,7,16,1.1,1.2
2022-09-28T03:00:00,1087A,112.57,37.8195,太原市,坞城,颗粒物(PM10),88,125,108,58,51,198,28,52,41,77,75,13,21,0.6,1.1
2022-09-28T03:00:00,1088A,112.549,37.9854,太原市,南寨,颗粒物(PM10),72,93,100,35,42,171,1,1,1,46,55,6,12,1.0,1
2022-09-28T03:00:00,1089A,112.4701,37.782,太原市,金胜,,,,,,,,,,,,,,,,
2022-09-28T03:00:00,1090A,111.6507,40.7517,呼和浩特市,呼市一监,,39,39,71,17,18,135,46,69,57,32,36,6,8,0.4,0.5
2022-09-28T03:00:00,1091A,111.6572,40.8033,呼和浩特市,小召,颗粒物(PM10),60,70,66,18,21,150,27,27,27,62,48,7,9,0.4,0.5
2022-09-28T03:00:00,1094A,111.7516,40.8369,呼和浩特市,如意水处理厂,颗粒物(PM10),65,79,106,18,20,125,30,19,19,49,50,7,10,0.4,0.5
2022-09-28T03:00:00,1095A,111.7276,40.8062,呼和浩特市,二十九中,颗粒物(PM10),64,78,69,21,22,147,16,27,23,64,41,6,9,0.4,0.5
2022-09-28T03:00:00,1096A,111.5512,40.7866,呼和浩特市,工大金川校区,颗粒物(PM10),74,98,91,23,30,137,17,27,24,58,46,6,9,0.5,0.5
2022-09-28T03:00:00,1097A,111.717,40.7612,呼和浩特市,化肥厂生活区,颗粒物(PM10),70,90,82,22,25,138,29,71,51,53,41,7,12,0.5,0.5
2022-09-28T03:00:00,1098A,123.6836,41.9339,沈阳市,森林路(对照点),,,,,,,,,,,,,,,,
2022-09-28T03:00:00,1099A,123.505,41.7406,沈阳市,浑南东路,颗粒物(PM10),55,60,71,28,35,228,11,47,30,87,43,19,26,1.6,1.3
2022-09-28T03:00:00,1100A,123.4231,41.6989,沈阳市,新秀街,颗粒物(PM10),58,66,74,35,39,220,77,85,80,36,44,85,38,1.3,1.2
2022-09-28T03:00:00,1102A,123.5903,41.8411,沈阳市,东陵路,颗粒物(PM10),68,86,88,37,41,212,15,48,34,58,32,15,18,1.9,1.3
2022-09-28T03:00:00,1103A,123.4264,41.8467,沈阳市,陵东街,颗粒物(PM10),55,60,66,30,34,215,146,139,139,21,33,24,15,1.0,1.2
2022-09-28T03:00:00,1104A,123.4114,41.7653,沈阳市,文化路,颗粒物(PM10),59,68,74,36,43,226,104,108,106,29,39,62,25,1.0,1.1
2022-09-28T03:00:00,1105A,123.4678,41.7867,沈阳市,小河沿,颗粒物(PM10),56,62,72,28,36,221,106,106,106,24,33,32,18,0.9,1.1
2022-09-28T03:00:00,1106A,123.4017,41.7972,沈阳市,太原街,颗粒物(PM10),61,72,77,38,40,213,130,125,125,26,38,29,14,0.9,1.1
2022-09-28T03:00:00,1108A,123.3783,41.9228,沈阳市,京沈街,臭氧1小时,68,77,74,38,39,216,174,172,172,16,33,19,16,0.9,1.3
2022-09-28T03:00:00,1109A,121.612,38.9741,大连市,甘井子,,47,47,41,30,27,130,82,77,77,24,30,5,5,0.4,0.4
2022-09-28T03:00:00,1110A,121.565,38.9511,大连市,周水子,细颗粒物(PM2.5),62,44,40,44,24,139,84,102,92,16,23,5,6,0.4,0.5
2022-09-28T03:00:00,1111A,121.5637,38.8845,大连市,星海三站,细颗粒物(PM2.5),98,83,45,73,39,140,90,92,92,21,26,6,6,0.5,0.5
2022-09-28T03:00:00,1112A,121.6302,38.9117,大连市,青泥洼桥,细颗粒物(PM2.5),72,42,26,52,24,152,110,116,107,15,26,5,4,0.5,0.5
2022-09-28T03:00:00,1113A,121.6251,38.8638,大连市,傅家庄,,43,27,23,24,12,135,135,126,124,17,16,5,4,0.9,0.8
2022-09-28T03:00:00,1114A,121.5213,38.8661,大连市,七贤岭,,47,47,46,18,17,166,38,41,37,10,15,8,9,0.6,0.6
2022-09-28T03:00:00,1115A,121.2529,38.8061,大连市,旅顺,,48,44,39,20,16,156,152,130,130,12,18,7,8,0.6,0.6
2022-09-28T03:00:00,1116A,121.7485,39.1311,大连市,金州,,50,50,38,21,18,173,113,94,94,16,24,1,3,0.5,0.5
2022-09-28T03:00:00,1117A,121.7811,39.0496,大连市,开发区,细颗粒物(PM2.5),64,40,34,46,25,136,86,104,94,28,26,9,9,0.6,0.6
2022-09-28T03:00:00,1118A,121.9762,39.0631,大连市,双D港,,21,21,18,12,10,146,67,68,68,2,5,7,8,0.2,0.2
2022-09-28T03:00:00,1119A,125.3325,43.9166,长春市,食品厂,臭氧1小时,68,74,86,29,43,179,174,168,168,20,39,7,8,0.6,0.9
2022-09-28T03:00:00,1120A,125.2863,43.9027,长春市,客车厂,臭氧1小时,69,70,90,26,33,194,175,172,172,21,38,9,10,0.8,1.1
2022-09-28T03:00:00,1121A,125.2841,43.8463,长春市,邮电学院,臭氧1小时,68,65,77,29,33,191,174,172,172,17,25,7,8,0.6,0.9
2022-09-28T03:00:00,1122A,125.3716,43.8772,长春市,劳动公园,臭氧1小时,54,56,75,34,36,193,163,182,176,14,30,9,10,0.6,0.8
2022-09-28T03:00:00,1123A,125.3297,43.8805,长春市,园林处,臭氧1小时,77,65,81,29,34,186,181,177,177,16,32,7,9,0.5,0.8
2022-09-28T03:00:00,1124A,125.4605,43.79,长春市,净月潭,,,,60,,26,131,,105,,,12,,7,,0.8
2022-09-28T03:00:00,1125A,125.7194,43.515,长春市,甩湾子(对照点),,,,,,,,,,,,,,,,
2022-09-28T03:00:00,1126A,125.3863,43.8447,长春市,经开区环卫处,颗粒物(PM10),61,71,72,35,33,190,141,162,152,18,32,7,8,0.7,0.9
2022-09-28T03:00:00,1127A,125.245,43.7783,长春市,高新区管委会,颗粒物(PM10),57,64,70,38,38,196,164,157,157,14,32,6,8,0.6,0.8
2022-09-28T03:00:00,1128A,125.1761,43.8325,长春市,岱山公园,臭氧1小时,64,75,81,26,31,200,171,160,160,23,42,10,11,0.6,0.8
2022-09-28T03:00:00,1129A,126.5422,45.755,哈尔滨市,岭北(对照点),细颗粒物(PM2.5),93,119,90,69,38,178,144,153,150,16,21,10,8,0.7,0.6
2022-09-28T03:00:00,1130A,126.561,45.8167,哈尔滨市,松北商大,细颗粒物(PM2.5),69,63,69,50,32,177,152,169,163,11,20,8,7,1.0,1
2022-09-28T03:00:00,1131A,126.979,45.5419,哈尔滨市,阿城会宁,颗粒物(PM10),63,75,60,15,27,161,137,126,126,12,15,13,12,0.8,0.7
2022-09-28T03:00:00,1132A,126.599,45.7222,哈尔滨市,南岗学府路,细颗粒物(PM2.5),72,91,63,52,36,156,134,132,132,10,23,11,13,0.8,0.6
2022-09-28T03:00:00,1133A,126.689,45.7733,哈尔滨市,太平宏伟公园,颗粒物(PM10),81,112,77,48,34,169,139,153,146,16,26,7,7,0.7,0.8
2022-09-28T03:00:00,1134A,126.635,45.7667,哈尔滨市,道外承德广场,颗粒物(PM10),77,103,76,52,34,163,142,148,145,18,27,5,5,0.8,0.6
2022-09-28T03:00:00,1135A,126.685,45.7319,哈尔滨市,香坊红旗大街,颗粒物(PM10),78,105,78,33,25,155,132,144,138,18,28,11,12,0.9,0.8
2022-09-28T03:00:00,1136A,126.6411,45.7258,哈尔滨市,动力和平路,,,95,77,,37,156,135,142,138,17,29,9,10,0.9,0.7
2022-09-28T03:00:00,1137A,126.593,45.7478,哈尔滨市,道里建国路,颗粒物(PM10),78,105,73,45,30,160,141,150,146,16,28,13,14,1.6,1.5
2022-09-28T03:00:00,1138A,126.615,45.61,哈尔滨市,平房东轻厂,颗粒物(PM10),69,88,64,34,26,157,121,126,123,11,16,8,8,1.0,0.8
2022-09-28T03:00:00,1139A,126.595,45.9855,哈尔滨市,呼兰师专,颗粒物(PM10),82,113,78,50,27,161,135,160,146,19,25,10,11,1.0,1
2022-09-28T03:00:00,1140A,126.6206,45.6842,哈尔滨市,省农科院,颗粒物(PM10),68,85,69,40,29,165,136,138,137,21,30,10,11,1.0,1
2022-09-28T03:00:00,1141A,121.4,31.238,上海市,普陀,,29,17,24,12,11,112,91,86,86,22,24,3,4,0.6,0.6
2022-09-28T03:00:00,1142A,121.478,31.2036,上海市,十五厂,,31,15,20,13,13,118,99,92,92,23,26,6,5,0.5,0.5
2022-09-28T03:00:00,1143A,121.467,31.3008,上海市,虹口,,25,22,25,16,13,99,78,77,75,33,28,5,5,0.4,0.4
2022-09-28T03:00:00,1144A,121.412,31.1654,上海市,徐汇上师大,,29,22,24,11,10,115,90,88,87,20,18,5,5,0.7,0.6
2022-09-28T03:00:00,1145A,121.536,31.2659,上海市,杨浦四漂,,24,22,22,16,9,120,72,65,65,47,34,6,6,0.5,0.5
2022-09-28T03:00:00,1146A,120.978,31.0935,上海市,青浦淀山湖(对照点),,,,,,,,,,,,,,,,
2022-09-28T03:00:00,1147A,121.425,31.2261,上海市,静安监测站,,29,20,25,14,12,109,91,90,90,21,26,5,5,0.5,0.5
2022-09-28T03:00:00,1148A,121.703,31.1907,上海市,浦东川沙,,24,24,24,12,10,100,64,66,65,27,20,6,6,0.3,0.4
2022-09-28T03:00:00,1149A,121.533,31.2284,上海市,浦东新区监测站,,27,21,22,12,10,105,86,83,83,21,21,6,5,0.6,0.6
2022-09-28T03:00:00,1150A,121.577,31.2071,上海市,浦东张江,,21,16,16,14,11,102,67,65,65,28,22,4,4,0.7,0.7
2022-09-28T03:00:00,1151A,118.8086,32.1065,南京市,迈皋桥,,34,34,49,12,20,135,47,56,50,32,38,6,7,0.4,0.5
2022-09-28T03:00:00,1152A,118.7538,32.0551,南京市,草场门,,43,43,52,9,16,140,50,61,55,36,32,3,3,0.4,0.4
2022-09-28T03:00:00,1153A,118.7794,32.0745,南京市,山西路,,41,41,44,22,21,155,45,64,54,21,22,6,7,0.4,0.4
2022-09-28T03:00:00,1154A,118.7752,32.0023,南京市,中华门,,36,36,41,12,13,150,43,56,49,33,30,5,5,0.5,0.7
2022-09-28T03:00:00,1155A,118.8109,32.0309,南京市,瑞金路,,37,37,38,22,20,152,47,59,53,17,16,4,5,0.6,0.5
2022-09-28T03:00:00,1156A,118.7997,32.0754,南京市,玄武湖,,41,41,45,19,20,149,44,58,50,30,33,4,5,0.6,0.5
2022-09-28T03:00:00,1157A,118.6414,32.0931,南京市,浦口,,33,33,44,12,16,153,46,57,51,30,31,6,6,0.3,0.4
2022-09-28T03:00:00,1158A,118.7356,31.9996,南京市,奥体中心,,39,39,46,19,21,148,42,55,47,35,28,2,3,0.3,0.4
2022-09-28T03:00:00,1159A,118.9125,32.1028,南京市,仙林大学城,,22,22,35,7,14,59,52,59,56,24,22,5,4,0.7,0.6
2022-09-28T03:00:00,1160A,120.561,31.2472,苏州市,上方山(对照点),,50,50,44,16,15,130,53,60,56,34,28,5,5,0.8,0.8
2022-09-28T03:00:00,1161A,120.628,31.2864,苏州市,南门,,,,,,,,,,,,,,,,
2022-09-28T03:00:00,1162A,120.591,31.3019,苏州市,彩香,,49,49,24,27,14,140,50,52,52,36,24,6,5,0.6,0.6
2022-09-28T03:00:00,1163A,120.596,31.3264,苏州市,轧钢厂,,50,50,25,26,12,130,69,51,51,23,31,5,5,0.5,0.5
2022-09-28T03:00:00,1164A,120.613,31.2703,苏州市,吴中区,,47,47,26,25,14,126,59,59,59,32,32,8,7,0.7,0.7
2022-09-28T03:00:00,1165A,120.543,31.2994,苏州市,苏州新区,,46,46,26,27,17,128,49,39,39,27,20,6,5,0.6,0.6
2022-09-28T03:00:00,1166A,120.669,31.3097,苏州市,苏州工业园区,,44,44,24,27,14,127,64,70,68,27,26,7,6,0.7,0.6
2022-09-28T03:00:00,1167A,120.641,31.3708,苏州市,相城区,,36,30,25,25,12,132,84,80,80,8,13,5,5,0.6,0.6
2022-09-28T03:00:00,1168A,120.9098,31.9663,南通市,狼山街道,,40,40,24,24,11,136,82,105,94,25,18,6,6,0.5,0.4
2022-09-28T03:00:00,1169A,120.86,32.0005,南通市,虹桥,,50,35,24,35,20,125,100,107,102,13,11,5,4,0.5,0.5
2022-09-28T03:00:00,1170A,120.87,32.02,南通市,城中,,49,29,24,34,17,120,99,104,102,14,16,6,6,0.2,0.2
2022-09-28T03:00:00,1171A,120.94,31.93,南通市,星湖花园,,37,37,23,17,14,129,89,98,94,23,17,6,6,0.7,0.6
2022-09-28T03:00:00,1172A,120.81,32.0417,南通市,紫琅学院,,38,38,28,24,12,140,93,101,96,20,19,6,6,0.6,0.5
2022-09-28T03:00:00,1173A,119.176,34.5885,连云港市,市环境监测站,,29,29,34,12,13,137,84,89,86,13,19,5,7,0.3,0.4
2022-09-28T03:00:00,1177A,117.179,34.2761,徐州市,黄河新村,颗粒物(PM10),51,51,58,23,25,148,73,72,72,24,33,7,9,0.9,0.9
2022-09-28T03:00:00,1178A,117.1918,34.2384,徐州市,淮塔,颗粒物(PM10),54,57,64,29,29,156,34,40,37,42,31,9,11,0.7,0.7
2022-09-28T03:00:00,1180A,117.256,34.2153,徐州市,新城区,颗粒物(PM10),61,71,66,36,31,149,19,41,29,60,37,9,11,0.6,0.6
2022-09-28T03:00:00,1181A,117.244,34.2911,徐州市,桃园路,颗粒物(PM10),82,114,65,58,24,153,31,33,32,56,27,7,9,0.7,0.7
2022-09-28T03:00:00,1182A,117.2933,34.2778,徐州市,农科院,颗粒物(PM10),76,102,63,48,32,149,9,33,25,75,44,9,12,0.8,0.8
2022-09-28T03:00:00,1186A,119.389,32.3761,扬州市,邗江监测站,,36,36,36,21,15,133,75,71,71,16,19,4,6,0.6,0.6
2022-09-28T03:00:00,1188A,120.269,31.4867,无锡市,雪浪,,42,36,32,29,18,127,75,74,74,19,21,7,6,0.7,0.7
2022-09-28T03:00:00,1189A,120.275,31.6219,无锡市,黄巷,,43,43,39,24,16,131,73,65,65,26,29,5,6,0.8,0.8
2022-09-28T03:00:00,1190A,120.294,31.56,无锡市,曹张,,32,32,31,19,15,125,84,86,85,15,21,8,8,0.7,0.7
2022-09-28T03:00:00,1191A,120.242,31.5031,无锡市,漆塘,,39,39,32,27,16,133,82,78,78,24,25,10,9,0.7,0.7
2022-09-28T03:00:00,1192A,120.3489,31.5863,无锡市,东亭,,36,36,30,24,17,124,82,75,75,16,19,7,7,0.7,0.7
2022-09-28T03:00:00,1193A,120.354,31.5475,无锡市,旺庄,,39,39,32,24,16,122,72,74,74,20,19,10,8,0.8,0.8
2022-09-28T03:00:00,1194A,120.245,31.5631,无锡市,荣巷,,31,31,33,19,18,130,91,89,89,16,23,9,8,0.7,0.7
2022-09-28T03:00:00,1195A,120.299,31.6817,无锡市,堰桥,,41,41,30,24,15,146,62,63,63,28,21,8,9,0.9,0.9
2022-09-28T03:00:00,1196A,119.9633,31.762,常州市,市监测站,颗粒物(PM10),78,105,51,30,21,133,65,63,63,30,31,6,7,0.7,0.6
2022-09-28T03:00:00,1200A,119.9468,31.7069,常州市,武进监测站,颗粒物(PM10),61,72,45,28,20,138,74,65,65,22,28,8,12,0.8,1.2
2022-09-28T03:00:00,1201A,119.9255,31.9087,常州市,安家,颗粒物(PM10),59,67,36,29,20,125,54,49,49,27,31,6,5,1.0,0.7
2022-09-28T03:00:00,1203A,119.6707,32.1875,镇江市,新区办事处,,49,39,31,34,20,148,78,77,77,20,20,8,9,0.6,0.5
2022-09-28T03:00:00,1204A,119.4974,32.1968,镇江市,职教中心,,45,45,30,25,17,146,55,60,57,32,26,8,9,0.6,0.5
2022-09-28T03:00:00,1205A,119.4303,32.1328,镇江市,丹徒区监测站,细颗粒物(PM2.5),59,55,35,42,28,155,54,70,62,24,18,4,7,0.5,0.4
2022-09-28T03:00:00,1206A,119.905,32.4878,泰州市,公园路,,36,36,30,24,17,125,93,98,96,12,14,9,9,0.5,0.5
2022-09-28T03:00:00,1207A,119.9189,32.4625,泰州市,莲花,,45,37,26,31,20,127,102,90,90,11,14,6,6,0.6,0.5
2022-09-28T03:00:00,1209A,119.888,32.4639,泰州市,留学生创业园,,40,40,27,27,17,128,110,99,99,8,14,6,6,0.7,0.6
2022-09-28T03:00:00,1210A,119.036,33.5981,淮安市,钵池山,,29,29,33,17,17,121,54,59,57,19,17,6,6,0.5,0.4
2022-09-28T03:00:00,1211A,119.007,33.575,淮安市,北京南路,,35,29,33,24,20,124,50,58,54,20,18,8,8,0.6,0.5
2022-09-28T03:00:00,1212A,118.989,33.6067,淮安市,市监测站,,33,31,34,23,20,125,59,75,67,19,19,8,9,0.7,0.7
2022-09-28T03:00:00,1213A,119.135,33.5039,淮安市,楚州区监测站,,,,32,,17,92,,85,,,16,,7,,0.5
2022-09-28T03:00:00,1214A,119.0186,33.6297,淮安市,淮阴区监测站,,33,32,41,23,21,122,54,60,58,19,21,5,5,0.6,0.6
2022-09-28T03:00:00,1215A,120.118,33.4022,盐城市,盐城电厂,,29,29,32,20,16,130,92,101,92,10,18,6,5,0.4,0.4
2022-09-28T03:00:00,1216A,120.156,33.3942,盐城市,市监测站,,33,33,32,19,16,120,92,105,96,14,19,6,5,0.5,0.4
2022-09-28T03:00:00,1218A,120.2144,33.38,盐城市,开发区管委会,,40,32,25,28,18,114,88,85,85,10,16,10,9,0.5,0.4
2022-09-28T03:00:00,1220A,118.293,33.9528,宿迁市,宿迁学院,细颗粒物(PM2.5),57,45,33,40,21,131,40,52,47,20,18,6,6,0.5,0.4
2022-09-28T03:00:00,1221A,118.2442,33.9592,宿迁市,宿迁中学,颗粒物(PM10),53,55,35,36,16,128,52,52,52,17,16,6,6,0.4,0.4
2022-09-28T03:00:00,1223A,120.2072,30.2111,杭州市,滨江,,28,28,38,10,16,154,88,90,89,19,23,7,8,0.5,0.6
2022-09-28T03:00:00,1224A,120.0633,30.2747,杭州市,西溪,,24,22,42,8,21,140,75,77,75,16,23,5,5,0.4,0.5
2022-09-28T03:00:00,1225A,119.026,29.635,杭州市,千岛湖(对照点),,,,,,,,,,,,,,,,
2022-09-28T03:00:00,1226A,120.3461,30.3153,杭州市,下沙,,29,24,27,10,13,149,36,99,74,58,27,7,7,0.4,0.4
2022-09-28T03:00:00,1227A,120.1269,30.2456,杭州市,卧龙桥,,22,18,34,7,17,163,68,90,83,20,20,6,6,0.4,0.5
2022-09-28T03:00:00,1228A,120.1903,30.2692,杭州市,浙江农大,,26,18,29,9,15,164,82,105,94,24,22,4,5,0.3,0.4
2022-09-28T03:00:00,1229A,120.157,30.2897,杭州市,朝晖五区,,,,,,,,,,,,,,,,
2022-09-28T03:00:00,1230A,120.1197,30.3119,杭州市,和睦小学,,26,23,41,8,20,147,83,92,89,21,28,2,3,0.6,0.7
2022-09-28T03:00:00,1231A,120.3019,30.4183,杭州市,临平镇,,26,26,36,10,13,130,45,52,49,38,24,7,6,0.5,0.5
2022-09-28T03:00:00,1232A,120.2697,30.1819,杭州市,城厢镇,,30,30,35,16,18,165,80,90,84,23,21,8,8,0.5,0.5
2022-09-28T03:00:00,1233A,120.0883,30.1808,杭州市,云栖,,21,18,30,10,15,167,66,97,81,22,22,7,7,0.4,0.4
2022-09-28T03:00:00,1234A,121.8358,29.911,宁波市,区环保大楼,,28,18,23,13,14,132,89,98,95,14,28,7,7,0.5,0.6
2022-09-28T03:00:00,1235A,121.56,29.82,宁波市,万里学院,,27,24,34,14,21,156,84,89,87,17,30,6,6,0.4,0.4
2022-09-28T03:00:00,1236A,121.713,29.9572,宁波市,龙赛医院,,35,30,34,24,16,139,80,80,80,23,28,7,8,0.5,0.5
2022-09-28T03:00:00,1239A,121.633,29.7733,宁波市,钱湖水厂,,24,18,28,10,18,163,76,74,74,12,19,4,6,0.5,0.6
2022-09-28T03:00:00,1240A,121.5856,29.8635,宁波市,太古小学,,38,38,24,21,18,145,80,96,91,21,29,16,12,0.5,0.6
2022-09-28T03:00:00,1241A,121.524,29.8674,宁波市,市环境监测中心,,29,22,39,8,16,150,90,89,89,8,22,5,7,0.2,0.3
2022-09-28T03:00:00,1242A,120.634,28.0089,温州市,瓯海,,45,45,39,23,20,107,31,37,33,31,19,6,6,0.5,0.4
2022-09-28T03:00:00,1243A,120.6748,27.9939,温州市,南浦,,26,26,34,16,21,111,76,70,70,7,12,3,4,0.3,0.4
2022-09-28T03:00:00,1244A,120.76,27.9747,温州市,龙湾,,40,40,33,14,15,120,66,88,76,22,17,5,6,0.4,0.4
2022-09-28T03:00:00,1245A,120.6709,28.0167,温州市,市站,,32,32,38,17,22,105,68,57,57,13,19,5,5,0.5,0.5
2022-09-28T03:00:00,1246A,120.598,30.0911,绍兴市,袍江站,,,,,,,,,,,,,,,,
2022-09-28T03:00:00,1247A,120.6053,29.9928,绍兴市,城东开发委,,26,26,36,18,20,151,63,70,65,22,20,10,10,0.6,0.6
2022-09-28T03:00:00,1250A,120.0751,30.8669,湖州市,城西水厂,,25,20,32,6,12,131,79,74,74,21,25,5,5,0.3,0.4
2022-09-28T03:00:00,1252A,120.7436,30.778,嘉兴市,清河小学,,22,14,22,7,13,125,70,72,71,24,25,5,6,0.4,0.5
2022-09-28T03:00:00,1253A,120.726,30.7478,嘉兴市,嘉兴学院,,21,20,30,10,13,122,67,68,64,20,20,5,5,0.3,0.4
2022-09-28T03:00:00,1255A,121.273,28.6459,台州市,黄岩环保大楼,,21,18,34,9,19,129,66,87,76,9,14,5,7,0.4,0.4
2022-09-28T03:00:00,1256A,121.419,28.6542,台州市,台州环保大楼,,26,23,27,14,17,125,83,95,88,10,12,6,7,0.4,0.4
2022-09-28T03:00:00,1257A,121.377,28.5773,台州市,路桥田洋王,,28,21,33,16,18,123,87,99,92,9,12,4,5,0.4,0.4
2022-09-28T03:00:00,1258A,122.122,30.0203,舟山市,定海檀枫,,29,16,19,8,9,125,90,98,95,7,9,3,3,0.4,0.4
2022-09-28T03:00:00,1259A,122.3094,29.9558,舟山市,普陀东港,,35,13,18,10,8,132,112,112,110,12,14,4,4,0.3,0.3
2022-09-28T03:00:00,1260A,122.19,29.9944,舟山市,临城新区,,,,18,9,9,127,83,93,88,9,10,4,4,0.4,0.4
2022-09-28T03:00:00,1261A,119.649,29.1131,金华市,四中(停运161031),,,,,,,,,,,,,,,,
2022-09-28T03:00:00,1262A,119.647,29.077,金华市,十五中,细颗粒物(PM2.5),53,48,55,37,30,198,68,78,74,29,27,6,6,0.5,0.5
2022-09-28T03:00:00,1263A,119.686,29.1029,金华市,监测站,,,,44,,27,86,,83,,,31,,6,,0.5
2022-09-28T03:00:00,1264A,118.8692,28.9398,衢州市,环保大楼,颗粒物(PM10),56,61,57,38,38,189,91,100,96,19,19,2,5,0.5,0.5
2022-09-28T03:00:00,1265A,118.8709,28.9666,衢州市,实验学校,,45,43,45,31,30,197,97,118,109,19,20,2,6,0.3,0.4
2022-09-28T03:00:00,1266A,118.8621,28.9808,衢州市,衢州学院,颗粒物(PM10),53,56,52,34,31,179,92,112,103,21,20,7,9,0.4,0.4
2022-09-28T03:00:00,1267A,119.914,28.4514,丽水市,监测站大楼,,23,23,28,7,10,122,62,68,65,9,10,6,6,0.4,0.4
2022-09-28T03:00:00,1268A,119.93,28.4586,丽水市,莲都小学,,18,18,34,4,13,137,43,77,65,19,9,5,6,0.4,0.4
2022-09-28T03:00:00,1269A,119.879,28.4231,丽水市,余庄前,,21,18,29,14,16,148,66,59,59,9,12,8,8,0.4,0.4
2022-09-28T03:00:00,1270A,117.1959,31.7848,合肥市,明珠广场,颗粒物(PM10),53,56,62,24,28,170,62,71,68,24,31,7,7,0.5,0.7
2022-09-28T03:00:00,1271A,117.3072,31.8764,合肥市,三里街,,45,45,57,12,21,157,59,70,65,21,26,12,14,0.5,0.7
2022-09-28T03:00:00,1272A,117.2588,31.8707,合肥市,琥珀山庄,颗粒物(PM10),51,51,54,24,26,146,60,61,61,24,26,7,7,0.6,0.8
2022-09-28T03:00:00,1273A,117.1604,31.9052,合肥市,董铺水库(对照点),,48,48,54,22,24,136,51,58,56,20,21,10,11,0.7,0.9
2022-09-28T03:00:00,1274A,117.25,31.8571,合肥市,长江中路,,48,48,56,29,32,161,65,68,67,18,21,9,9,0.8,0.9
2022-09-28T03:00:00,1275A,117.266,31.9436,合肥市,庐阳区,,48,48,62,27,32,146,55,64,59,24,25,8,9,0.5,0.8
2022-09-28T03:00:00,1276A,117.336,31.8586,合肥市,瑶海区,,41,41,61,15,27,159,58,72,67,21,22,11,12,0.8,0.9
2022-09-28T03:00:00,1277A,117.3027,31.7964,合肥市,包河区,颗粒物(PM10),53,56,69,24,29,159,36,49,45,48,46,8,10,0.6,0.8
2022-09-28T03:00:00,1278A,117.2776,31.7385,合肥市,滨湖新区,颗粒物(PM10),57,63,64,24,26,160,52,60,55,29,29,9,11,0.6,0.8
2022-09-28T03:00:00,1279A,117.1318,31.8403,合肥市,高新区,颗粒物(PM10),53,56,59,34,27,157,46,63,54,40,33,4,5,0.7,0.8
2022-09-28T03:00:00,1280A,119.3903,26.0543,福州市,鼓山(对照点),,,,,,,,,,,,,,,,
2022-09-28T03:00:00,1282A,119.2681,26.0504,福州市,师大,,22,17,28,8,10,119,68,72,69,2,9,3,6,0.3,0.4
2022-09-28T03:00:00,1283A,119.2984,26.1028,福州市,五四北路,,26,19,29,18,13,115,64,71,67,2,7,3,5,0.4,0.4
2022-09-28T03:00:00,1284A,119.2648,26.0768,福州市,杨桥西路,,21,18,26,14,12,120,66,74,69,4,7,3,6,0.3,0.4
2022-09-28T03:00:00,1285A,119.317,26.0746,福州市,紫阳,,25,16,26,17,15,116,66,71,68,3,8,4,7,0.1,0.2
2022-09-28T03:00:00,1286A,118.1608,24.8169,厦门市,溪东(对照点),,,,,,,,,,,,,,,,
2022-09-28T03:00:00,1287A,118.1514,24.4767,厦门市,洪文,,25,25,27,13,13,113,53,58,56,8,8,3,2,0.4,0.4
2022-09-28T03:00:00,1288A,118.0661,24.4444,厦门市,鼓浪屿,,27,27,25,15,11,122,45,48,47,10,7,2,3,0.2,0.2
2022-09-28T03:00:00,1290A,115.8931,28.6843,南昌市,省外办,颗粒物(PM10),56,62,65,32,28,191,119,129,124,20,19,10,12,1.0,0.9
2022-09-28T03:00:00,1291A,115.8886,28.7003,南昌市,省林业公司,颗粒物(PM10),57,63,58,36,29,190,119,123,120,25,22,6,8,0.7,0.7
2022-09-28T03:00:00,1292A,115.8126,28.7442,南昌市,林科所,颗粒物(PM10),51,51,51,34,26,189,144,151,147,11,12,8,9,0.6,0.6
2022-09-28T03:00:00,1294A,115.8518,28.687,南昌市,建工学校,颗粒物(PM10),58,66,62,37,32,191,136,138,136,17,19,10,9,0.7,0.7
2022-09-28T03:00:00,1295A,115.8921,28.6424,南昌市,象湖,颗粒物(PM10),57,63,53,34,31,192,119,127,123,16,16,7,8,0.9,0.8
2022-09-28T03:00:00,1296A,115.7423,28.7996,南昌市,武术学校(对照点),,50,50,41,33,29,181,119,117,117,15,10,7,6,0.8,0.7
2022-09-28T03:00:00,1298A,115.9314,28.6842,南昌市,省站,颗粒物(PM10),67,84,65,39,36,181,107,121,114,19,17,8,9,0.8,0.7
2022-09-28T03:00:00,1299A,116.9862,36.6114,济南市,科干所,颗粒物(PM10),68,85,90,39,42,223,144,161,154,19,29,11,11,0.6,0.6
2022-09-28T03:00:00,1300A,116.9376,36.665,济南市,农科所,颗粒物(PM10),77,103,91,34,32,211,74,76,72,45,37,6,9,0.6,0.7
2022-09-28T03:00:00,1301A,117.1265,36.6734,济南市,开发区,颗粒物(PM10),69,88,91,40,39,239,113,109,109,41,49,4,6,0.7,0.6
2022-09-28T03:00:00,1303A,117.0624,36.6868,济南市,省种子仓库,颗粒物(PM10),71,92,97,43,42,238,100,88,88,37,46,6,8,0.6,0.7
2022-09-28T03:00:00,1304A,116.9489,36.6447,济南市,机床二厂,颗粒物(PM10),92,134,110,44,40,224,69,59,59,64,50,7,10,0.8,0.8
2022-09-28T03:00:00,1305A,117.0495,36.663,济南市,市监测站,颗粒物(PM10),67,83,96,37,40,236,103,99,99,35,46,10,12,0.6,0.7
2022-09-28T03:00:00,1306A,116.7675,36.5484,济南市,长清党校,颗粒物(PM10),69,88,83,46,40,213,85,78,78,50,37,7,10,0.5,0.6
2022-09-28T03:00:00,1307A,120.6659,36.2403,青岛市,仰口(对照点),,29,19,13,9,9,142,90,103,99,10,7,4,5,0.2,0.2
2022-09-28T03:00:00,1308A,120.3905,36.1851,青岛市,李沧区子站,,,,,,,,,,,,,,,,
2022-09-28T03:00:00,1309A,120.3471,36.0699,青岛市,市北区子站,,,,,,,,,,,,,,,,
2022-09-28T03:00:00,1310A,120.4134,36.0658,青岛市,市南区东部子站,,35,5,12,7,8,154,109,98,98,9,20,7,8,0.3,0.3
2022-09-28T03:00:00,1311A,120.3664,36.1032,青岛市,四方区子站,,19,14,21,9,8,131,60,54,44,29,32,6,6,0.5,0.5
2022-09-28T03:00:00,1312A,120.2994,36.054,青岛市,市南区西部子站,,26,12,29,2,8,154,82,92,88,29,37,10,10,0.5,0.5
2022-09-28T03:00:00,1313A,120.4581,36.0858,青岛市,崂山区子站,,20,5,20,5,7,152,62,82,71,12,17,5,6,0.2,0.3
2022-09-28T03:00:00,1314A,120.1983,35.9608,青岛市,黄岛区子站,,34,12,22,7,12,149,108,106,106,15,30,5,6,0.3,0.3
2022-09-28T03:00:00,1315A,120.3999,36.3083,青岛市,城阳区子站,,23,11,29,7,8,124,71,76,74,19,38,5,6,0.5,0.6
2022-09-28T03:00:00,1316A,113.69031,34.76122,郑州市,烟厂,细颗粒物(PM2.5),103,138,104,77,52,177,50,76,62,46,43,17,11,0.7,0.6
2022-09-28T03:00:00,1317A,113.65724,34.77134,郑州市,郑纺机,颗粒物(PM10),91,132,103,64,45,177,54,73,66,46,44,19,17,0.7,0.6
2022-09-28T03:00:00,1318A,113.67526,34.80246,郑州市,银行学校,细颗粒物(PM2.5),108,121,96,81,57,175,66,83,77,38,44,17,13,0.9,0.9
2022-09-28T03:00:00,1319A,113.56746,34.81334,郑州市,供水公司,细颗粒物(PM2.5),88,119,101,65,44,170,48,71,61,40,51,14,11,1.0,0.9
2022-09-28T03:00:00,1320A,113.7329,34.7178,郑州市,经开区管委,,,,97,,49,54,,70,,,64,,7,,0.7
2022-09-28T03:00:00,1321A,113.73961,34.77172,郑州市,四十七中,颗粒物(PM10),94,138,101,60,45,174,62,76,69,46,51,15,12,0.9,0.8
2022-09-28T03:00:00,1322A,113.60532,34.74838,郑州市,市监测站,颗粒物(PM10),96,141,112,67,51,183,38,80,59,59,52,17,14,0.9,0.8
2022-09-28T03:00:00,1323A,113.64164,34.7525,郑州市,河医大,颗粒物(PM10),98,145,108,69,47,175,46,70,59,46,43,20,18,0.9,0.8
2022-09-28T03:00:00,1324A,113.51488,34.91089,郑州市,岗李水库(对照点),,,,,,,,,,,,,,,,
2022-09-28T03:00:00,1325A,114.3677,30.5584,武汉市,东湖梨园,,42,38,53,29,33,276,109,117,112,18,30,10,12,0.6,0.9
2022-09-28T03:00:00,1326A,114.2529,30.558,武汉市,汉阳月湖,,46,46,66,29,34,265,108,114,111,18,32,8,9,0.8,1
2022-09-28T03:00:00,1327A,114.282,30.6189,武汉市,汉口花桥,,47,47,62,20,29,253,104,114,110,20,28,10,11,0.8,1
2022-09-28T03:00:00,1328A,114.3025,30.5332,武汉市,武昌紫阳,,38,38,59,23,32,267,109,116,112,15,32,11,12,0.6,0.9
2022-09-28T03:00:00,1329A,114.3646,30.6217,武汉市,青山钢花,颗粒物(PM10),67,83,69,34,37,265,99,104,99,22,37,10,12,0.6,0.8
2022-09-28T03:00:00,1330A,114.1566,30.4825,武汉市,沌口新区,,50,50,78,32,43,238,104,113,109,24,51,11,14,0.8,1
2022-09-28T03:00:00,1331A,114.3014,30.5944,武汉市,汉口江滩,,35,33,55,23,33,274,110,113,110,19,34,9,11,0.6,0.8
2022-09-28T03:00:00,1333A,114.135,30.6319,武汉市,吴家山,颗粒物(PM10),52,53,61,24,32,224,101,114,109,22,33,7,8,0.9,1
2022-09-28T03:00:00,1334A,113.8454,30.2917,武汉市,沉湖七壕(对照点),,,,62,,30,141,,125,,,23,,10,,0.8
2022-09-28T03:00:00,1335A,113.0833,28.2325,长沙市,经开区环保局,细颗粒物(PM2.5),98,87,66,73,51,209,81,110,95,22,24,8,9,0.6,0.6
2022-09-28T03:00:00,1336A,112.8872,28.2189,长沙市,高开区环保局,颗粒物(PM10),78,106,78,49,44,207,89,109,98,13,12,10,11,0.9,0.8
2022-09-28T03:00:00,1337A,113.0792,28.2053,长沙市,马坡岭,细颗粒物(PM2.5),99,109,84,74,50,196,78,101,89,21,25,10,11,0.6,0.5
2022-09-28T03:00:00,1338A,112.9394,28.19,长沙市,湖南师范大学,细颗粒物(PM2.5),83,107,82,61,50,203,83,100,91,11,13,3,6,0.9,0.8
2022-09-28T03:00:00,1339A,113.0178,28.1322,长沙市,雨花区环保局,细颗粒物(PM2.5),93,88,71,69,47,201,81,98,89,19,22,9,10,0.3,0.5
2022-09-28T03:00:00,1340A,112.9792,28.2597,长沙市,伍家岭,颗粒物(PM10),79,107,68,52,44,213,93,109,100,14,16,8,8,0.8,0.8
2022-09-28T03:00:00,1341A,113.0014,28.1944,长沙市,火车新站,颗粒物(PM10),74,98,72,51,34,194,86,102,94,14,15,8,9,0.9,0.9
2022-09-28T03:00:00,1342A,112.9844,28.1178,长沙市,天心区环保局,颗粒物(PM10),83,116,82,60,45,214,81,106,93,19,21,8,8,0.6,0.6
2022-09-28T03:00:00,1343A,112.8908,28.1308,长沙市,湖南中医药大学,细颗粒物(PM2.5),94,95,69,70,52,204,85,98,91,14,15,8,7,0.9,0.8
2022-09-28T03:00:00,1344A,112.9581,28.3611,长沙市,沙坪(对照点),细颗粒物(PM2.5),93,122,81,69,48,205,87,105,95,18,17,9,10,0.9,0.8
2022-09-28T03:00:00,1345A,113.2347,23.1423,广州市,广雅中学,,43,43,50,17,26,153,17,42,30,54,37,6,7,0.8,0.7
2022-09-28T03:00:00,1346A,113.2612,23.105,广州市,市五中,,39,39,46,18,26,163,27,48,38,42,28,8,7,0.6,0.7
2022-09-28T03:00:00,1348A,113.3478,23.0916,广州市,广东商学院,,36,36,47,14,23,138,20,30,25,48,36,7,6,0.6,0.6
2022-09-28T03:00:00,1349A,113.4332,23.1047,广州市,市八十六中,,40,40,53,17,25,130,25,27,24,46,41,8,9,0.8,0.8
2022-09-28T03:00:00,1350A,113.3505,22.9483,广州市,番禺中学,,28,28,44,12,20,142,50,50,50,20,28,5,8,0.6,0.7
2022-09-28T03:00:00,1351A,113.2146,23.3916,广州市,花都师范,颗粒物(PM10),51,51,54,23,29,144,25,19,19,47,34,6,7,0.8,0.8
2022-09-28T03:00:00,1352A,113.2597,23.1331,广州市,市监测站,,45,45,48,16,25,162,21,44,34,49,32,7,6,0.8,0.8
2022-09-28T03:00:00,1353A,113.5618,23.312,广州市,九龙镇镇龙,,43,43,55,22,29,124,27,32,30,30,26,5,6,0.6,0.6
2022-09-28T03:00:00,1354A,113.2765,23.1544,广州市,麓湖,,37,37,45,19,25,161,20,15,15,43,29,4,4,0.7,0.8
2022-09-28T03:00:00,1355A,113.443,23.3035,广州市,帽峰山森林公园(对照点),,25,25,38,16,25,128,56,47,47,18,18,6,6,0.5,0.7
2022-09-28T03:00:00,1356A,114.1063,22.5545,深圳市,通心岭子站,,24,24,27,10,13,98,66,67,67,6,9,4,4,0.5,0.5
2022-09-28T03:00:00,1357A,114.117,22.5625,深圳市,洪湖,,27,27,35,8,14,106,69,68,68,11,13,6,6,0.5,0.6
2022-09-28T03:00:00,1358A,113.987,22.5417,深圳市,华侨城,,26,26,32,8,12,98,68,66,66,6,11,5,5,0.5,0.6
2022-09-28T03:00:00,1359A,113.9181,22.5171,深圳市,南海子站,,38,38,36,25,16,101,72,72,72,4,8,3,4,0.4,0.7
2022-09-28T03:00:00,1360A,114.2458,22.5689,深圳市,盐田,,24,24,27,12,13,89,43,49,44,32,25,5,5,0.6,0.6
2022-09-28T03:00:00,1361A,114.2283,22.7244,深圳市,龙岗,,32,32,35,12,15,117,59,62,60,11,16,5,5,0.8,0.8
2022-09-28T03:00:00,1362A,113.8953,22.5861,深圳市,西乡,,,,,,,,,,,,,,,,
2022-09-28T03:00:00,1363A,114.494,22.5422,深圳市,南澳,,22,20,24,6,8,96,70,80,76,7,8,10,11,0.5,0.5
2022-09-28T03:00:00,1364A,114.41,22.6342,深圳市,葵涌,,21,21,23,10,12,92,67,70,68,5,7,5,5,0.6,0.6
2022-09-28T03:00:00,1365A,114.297,22.5978,深圳市,梅沙,,,33,33,9,13,104,72,70,70,5,8,,8,0.4,0.8
2022-09-28T03:00:00,1366A,114.0678,22.738,深圳市,观澜,,39,39,44,10,15,111,57,54,54,12,14,5,5,0.6,0.6
2022-09-28T03:00:00,1367A,113.5814,22.2618,珠海市,吉大,,30,30,30,13,13,108,41,58,49,34,19,5,5,0.5,0.5
2022-09-28T03:00:00,1368A,113.4881,22.2335,珠海市,前山,,21,21,24,11,14,101,59,67,64,19,24,5,5,0.2,0.3
2022-09-28T03:00:00,1369A,113.628,22.4251,珠海市,唐家,,23,23,26,10,13,114,67,66,66,9,14,7,6,0.2,0.4
2022-09-28T03:00:00,1370A,113.299,22.2281,珠海市,斗门,,22,22,23,11,13,101,56,58,57,10,15,8,7,0.6,0.6
2022-09-28T03:00:00,1371A,113.1294,23.0067,佛山市,湾梁,,41,41,48,15,21,152,33,35,31,31,27,5,6,0.4,0.5
2022-09-28T03:00:00,1372A,113.1083,23.0478,佛山市,华材职中,,31,31,52,14,26,156,39,35,35,25,30,8,8,0.4,0.5
2022-09-28T03:00:00,1373A,113.144,23.0453,佛山市,南海气象局,,26,26,52,14,26,143,36,29,29,26,33,5,6,0.4,0.5
2022-09-28T03:00:00,1374A,113.2881,22.8094,佛山市,顺德苏岗,,16,16,34,7,17,145,45,39,39,22,29,6,7,0.8,0.8
2022-09-28T03:00:00,1375A,113.2544,22.7642,佛山市,容桂街道办,,,,,,,,,,,,,,,,
2022-09-28T03:00:00,1376A,112.8383,22.8678,佛山市,高明孔堂,,,,57,,29,93,,90,,,28,,9,,0.7
2022-09-28T03:00:00,1377A,112.8836,23.1588,佛山市,三水监测站,,39,39,68,22,36,167,5,12,9,58,41,6,6,0.6,0.7
2022-09-28T03:00:00,1378A,112.867,23.185,佛山市,三水云东海,,23,23,52,12,32,180,8,17,11,46,31,5,7,0.6,0.7
2022-09-28T03:00:00,1379A,113.3769,22.5211,中山市,华柏园,,22,22,31,15,19,152,62,64,63,11,19,5,5,0.5,0.5
2022-09-28T03:00:00,1380A,113.3881,22.5497,中山市,张溪,,31,31,41,12,16,165,60,64,63,12,18,5,4,0.4,0.4
2022-09-28T03:00:00,1381A,113.4075,22.5111,中山市,紫马岭,,23,23,31,0,3,153,64,69,67,8,13,5,5,0.3,0.3
2022-09-28T03:00:00,1382A,113.4411,22.4853,中山市,长江旅游区(对照点),,22,22,26,3,7,142,61,67,63,8,12,5,7,0.4,0.4
2022-09-28T03:00:00,1383A,113.1064,22.6058,江门市,北街,,20,17,37,6,14,167,62,59,59,12,20,6,7,0.4,0.5
2022-09-28T03:00:00,1384A,113.0731,22.5835,江门市,西区,,24,24,37,13,21,183,65,60,60,11,22,6,6,0.4,0.5
2022-09-28T03:00:00,1385A,113.0219,22.5311,江门市,圭峰西,,24,24,37,9,15,166,52,48,48,16,22,6,5,0.5,0.6
2022-09-28T03:00:00,1386A,113.0828,22.5947,江门市,东湖,,22,22,35,6,16,176,66,62,62,11,19,8,7,0.4,0.5
2022-09-28T03:00:00,1387A,113.7875,23.0457,东莞市,东城主山,,,,,,,,,,,,,,,,
2022-09-28T03:00:00,1388A,113.7533,23.0202,东莞市,南城元岭,,,,,,,,,,,,,,,,
2022-09-28T03:00:00,1389A,113.7547,23.0494,东莞市,莞城梨川,,35,35,38,13,19,122,72,66,66,12,18,9,10,0.8,0.8
2022-09-28T03:00:00,1390A,113.7944,23.0128,东莞市,东城石井,,27,27,36,14,18,126,62,51,51,20,23,10,11,0.7,0.9
2022-09-28T03:00:00,1391A,113.7383,22.9658,东莞市,南城西平,,34,34,39,14,18,124,45,53,47,25,25,9,10,0.8,0.7
2022-09-28T03:00:00,1392A,114.4183,23.0528,惠州市,河南岸金山湖子站,,33,33,41,12,17,85,51,59,56,13,12,4,5,0.6,0.6
2022-09-28T03:00:00,1393A,114.4053,23.0822,惠州市,下埔横江三路子站,,32,32,38,15,15,98,63,62,62,11,13,6,6,0.6,0.6
2022-09-28T03:00:00,1394A,114.4103,23.1142,惠州市,江北云山西路子站,,32,32,37,15,18,92,60,68,65,9,8,4,5,0.6,0.6
2022-09-28T03:00:00,1395A,114.4645,22.7833,惠州市,惠阳区承修路船湖子站,,30,30,39,15,18,100,65,68,67,6,11,8,7,0.8,0.8
2022-09-28T03:00:00,1396A,114.5317,22.7422,惠州市,大亚湾管委会子站,,25,25,34,16,16,101,61,65,64,18,17,5,4,0.7,0.7
2022-09-28T03:00:00,1397A,112.4267,23.0706,肇庆市,睦岗子站,颗粒物(PM10),54,57,56,29,33,212,40,67,54,39,36,7,7,0.5,0.6
2022-09-28T03:00:00,1398A,112.4645,23.0475,肇庆市,城中子站,,49,49,56,26,32,218,38,52,47,42,36,11,12,0.6,0.7
2022-09-28T03:00:00,1399A,112.5544,23.1522,肇庆市,坑口子站,,28,26,50,19,33,211,46,70,58,23,25,8,11,0.5,0.7
2022-09-28T03:00:00,1400A,112.4753,23.1,肇庆市,七星岩子站(对照点),,,,,,,,,,,,,,,,
2022-09-28T03:00:00,1401A,108.3103,22.7881,南宁市,二十一中,颗粒物(PM10),85,120,89,57,54,172,3,4,4,82,48,12,8,1.1,1
2022-09-28T03:00:00,1402A,108.3141,22.8528,南宁市,北湖,细颗粒物(PM2.5),73,82,87,53,52,168,44,43,43,57,35,7,12,1.0,1
2022-09-28T03:00:00,1403A,108.3206,22.8225,南宁市,市监测站,细颗粒物(PM2.5),69,62,86,50,53,164,90,74,74,37,57,9,12,1.0,1
2022-09-28T03:00:00,1404A,108.3829,22.8037,南宁市,大自然花园,细颗粒物(PM2.5),77,74,76,56,51,167,68,74,72,27,35,27,13,1.0,1
2022-09-28T03:00:00,1405A,108.4394,22.7904,南宁市,仙葫(对照点),细颗粒物(PM2.5),69,85,86,50,50,163,32,60,50,62,35,13,15,1.0,1
2022-09-28T03:00:00,1406A,108.2397,22.8467,南宁市,区农职院,颗粒物(PM10),61,71,68,43,42,179,29,64,47,59,29,12,15,0.9,0.9
2022-09-28T03:00:00,1407A,108.3275,22.735,南宁市,英华嘉园,细颗粒物(PM2.5),88,109,91,65,59,161,17,14,14,67,44,15,10,1.2,1.2
2022-09-28T03:00:00,1408A,108.2257,22.7757,南宁市,沙井镇街道办,"颗粒物(PM10),细颗粒物(PM2.5)",73,96,83,53,48,183,18,25,23,54,40,11,11,0.9,0.9
2022-09-28T03:00:00,1409A,110.576,19.9507,海口市,东寨港(对照点),,,22,24,6,12,43,24,26,25,,,8,8,0.4,0.4
2022-09-28T03:00:00,1410A,110.3232,20.0574,海口市,海南大学,,19,19,24,9,15,153,50,58,55,2,4,6,6,0.6,0.7
2022-09-28T03:00:00,1411A,110.283,20.0053,海口市,秀英海南医院,,25,25,23,3,14,150,50,58,55,2,4,6,6,0.5,0.5
2022-09-28T03:00:00,1412A,110.338,19.9969,海口市,海南师范大学,,26,26,31,6,13,140,44,50,48,1,3,4,4,0.5,0.5
2022-09-28T03:00:00,1413A,110.33,20.0356,海口市,龙华路环保局宿舍,,21,21,26,7,12,147,48,57,54,2,3,4,4,0.4,0.5
2022-09-28T03:00:00,1414A,106.3787,29.8279,重庆市,缙云山(对照点),,17,3,6,5,5,72,52,50,50,9,10,4,4,0.3,0.3
2022-09-28T03:00:00,1416A,106.4213,29.8253,重庆市,天生,,19,8,22,13,18,65,25,18,18,14,19,5,5,0.6,0.6
2022-09-28T03:00:00,1417A,106.6263,29.7228,重庆市,两路,,26,16,21,18,11,62,28,27,27,21,27,6,5,0.4,0.6
2022-09-28T03:00:00,1418A,106.2953,29.5983,重庆市,虎溪,,14,14,22,4,8,57,41,41,41,12,17,5,6,0.5,0.5
2022-09-28T03:00:00,1419A,106.5777,29.5102,重庆市,南坪,,45,45,32,20,18,58,27,28,27,23,32,3,2,0.7,0.7
2022-09-28T03:00:00,1420A,106.6556,29.6277,重庆市,唐家沱,,28,28,27,10,11,53,17,12,12,38,43,6,6,0.4,0.5
2022-09-28T03:00:00,1421A,106.6349,29.4906,重庆市,茶园,,27,27,24,15,15,61,44,46,45,19,22,6,6,0.4,0.6
2022-09-28T03:00:00,1422A,106.3754,29.4572,重庆市,白市驿,,18,16,17,12,19,63,34,21,21,16,21,5,5,0.5,0.5
2022-09-28T03:00:00,1425A,106.6205,29.7166,重庆市,空港,,20,15,18,14,16,64,37,35,35,10,20,7,6,0.3,0.4
2022-09-28T03:00:00,1426A,106.4782,29.4875,重庆市,新山村,,45,45,29,27,21,62,10,9,9,39,40,5,5,0.7,0.5
2022-09-28T03:00:00,1427A,106.5616,29.6453,重庆市,礼嘉,,16,16,21,10,13,71,33,27,27,16,23,8,8,0.5,0.5
2022-09-28T03:00:00,1428A,106.4522,29.7091,重庆市,蔡家,,13,12,19,6,12,39,39,32,32,12,20,7,6,0.4,0.5
2022-09-28T03:00:00,1429A,106.5093,29.3917,重庆市,鱼新街,,40,26,26,28,20,48,34,28,28,8,22,5,6,0.7,0.8
2022-09-28T03:00:00,1431A,103.9728,30.7236,成都市,金泉两河,,49,42,32,34,12,82,1,4,2,31,22,3,3,0.6,0.5
2022-09-28T03:00:00,1432A,104.1419,30.6764,成都市,十里店,,34,34,26,17,20,76,28,23,23,25,25,1,3,0.4,0.4
2022-09-28T03:00:00,1433A,104.0594,30.5767,成都市,三瓦窑,,37,37,22,15,13,79,5,5,5,44,24,5,3,0.2,0.4
2022-09-28T03:00:00,1434A,104.1122,30.6306,成都市,沙河铺,,37,37,25,12,11,77,3,6,4,34,22,2,2,0.4,0.3
2022-09-28T03:00:00,1437A,104.0431,30.6556,成都市,君平街,,,28,30,19,13,82,14,10,10,36,27,,4,0.5,0.5
2022-09-28T03:00:00,1438A,103.6202,31.0201,成都市,灵岩寺(对照点),,17,17,10,10,6,93,45,74,57,11,6,7,7,0.3,0.3
2022-09-28T03:00:00,1439A,106.6899,26.5998,贵阳市,马鞍山,,19,12,30,2,24,118,59,58,58,6,8,3,5,0.6,0.7
2022-09-28T03:00:00,1440A,106.6971,26.5694,贵阳市,市环保站,,,29,32,21,21,0,0,0,0,,,,,0.2,0.4
2022-09-28T03:00:00,1441A,106.6243,26.6266,贵阳市,鉴湖路,,,,,,,,,,,,,,,,
2022-09-28T03:00:00,1442A,106.7487,26.6343,贵阳市,燕子冲,,25,17,37,17,29,120,53,49,49,5,7,6,7,0.4,0.5
2022-09-28T03:00:00,1443A,106.6555,26.4365,贵阳市,碧云窝,,19,17,43,2,22,127,60,62,61,5,9,3,4,0.3,0.5
2022-09-28T03:00:00,1444A,106.694,26.5161,贵阳市,中院村,,19,19,38,7,26,114,56,55,55,2,7,4,5,0.3,0.5
2022-09-28T03:00:00,1445A,106.7109,26.6027,贵阳市,红边门,,,,,,,,,,,,,,,,
2022-09-28T03:00:00,1446A,106.7164,26.5699,贵阳市,新华路,,19,9,33,9,27,122,59,54,54,3,6,3,4,0.3,0.5
2022-09-28T03:00:00,1447A,106.674,26.5424,贵阳市,太慈桥,,,,46,,22,57,,50,,,9,,4,,0.6
2022-09-28T03:00:00,1450A,102.8204,24.8886,昆明市,呈贡新区,,40,40,32,21,16,137,71,83,77,14,16,7,8,0.4,0.4
2022-09-28T03:00:00,1451A,102.6251,24.9608,昆明市,西山森林公园(对照点),,30,19,17,17,12,134,95,108,102,5,6,9,8,0.7,0.7
2022-09-28T03:00:00,1452A,102.7252,25.0902,昆明市,龙泉镇,,43,43,29,26,15,136,69,62,62,13,22,7,8,0.4,0.6
2022-09-28T03:00:00,1453A,102.7266,25.0375,昆明市,东风东路,,46,46,27,25,15,129,62,60,59,20,21,7,7,0.4,0.6
2022-09-28T03:00:00,1454A,102.6742,25.0669,昆明市,金鼎山,,34,34,28,23,16,132,68,74,70,11,18,8,7,0.4,0.5
2022-09-28T03:00:00,1455A,102.6644,25.0401,昆明市,碧鸡广场,,48,48,27,26,16,127,65,72,68,17,22,12,11,0.4,0.4
2022-09-28T03:00:00,1456A,91.1319,29.6514,拉萨市,八廓街,,33,1,4,3,5,114,103,97,97,3,4,7,7,0,0
2022-09-28T03:00:00,1457A,91.1221,29.6747,拉萨市,市环保局,,,,2,,1,99,,102,,,6,,2,,0.1
2022-09-28T03:00:00,1458A,91.0874,29.6475,拉萨市,区监测站,,36,1,2,0,0,126,114,109,109,4,4,9,9,0.3,0.2
2022-09-28T03:00:00,1459A,91.1774,29.6541,拉萨市,西藏大学,,32,4,4,0,1,115,100,95,95,7,7,10,10,0.1,0.1
2022-09-28T03:00:00,1460A,90.9798,29.6588,拉萨市,区辐射站,,32,1,3,18,19,103,100,90,90,5,6,10,9,0.1,0.1
2022-09-28T03:00:00,1461A,91.0834,29.6292,拉萨市,拉萨火车站,,,,,2,2,116,108,102,102,4,4,10,10,0,0
2022-09-28T03:00:00,1462A,108.882,34.2749,西安市,高压开关厂,,23,17,46,1,18,97,20,36,28,46,39,2,3,0.3,0.4
2022-09-28T03:00:00,1463A,108.993,34.2629,西安市,兴庆小区,,24,24,35,5,15,94,22,46,35,42,33,4,6,0.1,0.3
2022-09-28T03:00:00,1464A,109.06,34.2572,西安市,纺织城,,46,46,47,8,20,93,3,5,4,56,44,7,7,0.3,0.5
2022-09-28T03:00:00,1465A,108.9356,34.2173,西安市,小寨,,15,13,35,2,12,99,32,42,38,30,34,9,7,0.2,0.3
2022-09-28T03:00:00,1466A,108.954,34.2713,西安市,市人民体育场,,25,25,38,3,18,94,14,32,25,44,34,4,4,0.5,0.7
2022-09-28T03:00:00,1467A,108.8922,34.2322,西安市,高新西区,,24,18,32,7,15,95,12,27,19,48,37,5,5,0.4,0.4
2022-09-28T03:00:00,1468A,108.935,34.3474,西安市,经开区,,20,13,54,2,25,94,24,43,33,40,39,4,5,0.1,0.3
2022-09-28T03:00:00,1469A,108.906,34.1546,西安市,长安区,,21,21,47,7,15,98,18,28,23,33,28,3,3,0.1,0.3
2022-09-28T03:00:00,1470A,109.2,34.6575,西安市,阎良区,,,,,,,,,,,,,,,,
2022-09-28T03:00:00,1471A,109.2186,34.3731,西安市,临潼区,,39,39,59,18,30,96,27,20,20,36,38,5,5,0.4,0.5
2022-09-28T03:00:00,1472A,108.869,34.378,西安市,草滩(对照点),,30,30,59,11,30,90,5,5,5,34,43,5,5,0.8,0.9
2022-09-28T03:00:00,1473A,108.985,34.1978,西安市,曲江文化产业集团,,32,17,40,7,18,100,3,16,10,64,47,10,5,0.4,0.5
2022-09-28T03:00:00,1474A,109.051,34.3213,西安市,广运潭,,29,20,44,3,19,97,10,46,25,58,33,5,6,0.2,0.3
2022-09-28T03:00:00,1476A,103.631,36.1031,兰州市,兰炼宾馆,颗粒物(PM10),98,145,69,46,36,129,7,10,8,81,41,14,19,0.5,0.6
2022-09-28T03:00:00,1477A,104.1373,35.9454,兰州市,榆中兰大校区(对照点),,,,,,,,,,,,,,,,
2022-09-28T03:00:00,1478A,103.8412,36.0726,兰州市,生物制品所,颗粒物(PM10),68,85,77,43,36,125,5,5,5,50,41,5,12,0.9,1
2022-09-28T03:00:00,1479A,103.831,36.0464,兰州市,铁路设计院,颗粒物(PM10),53,56,68,21,22,119,26,29,27,49,60,18,18,0.6,0.8
2022-09-28T03:00:00,1480A,101.748,36.6428,西宁市,市环境监测站,,,,,,,,,,,,,,,,
2022-09-28T03:00:00,1482A,101.834,36.5819,西宁市,四陆医院,,,,,,,,,,,,,,,,
2022-09-28T03:00:00,1483A,101.524,36.6867,西宁市,第五水厂(对照点),,9,4,20,0,12,112,27,40,34,10,9,8,9,0.6,0.5
2022-09-28T03:00:00,1484A,105.9512,38.6016,银川市,贺兰山马莲口(对照点),,32,18,40,9,20,140,102,100,100,11,18,10,18,0.5,0.8
2022-09-28T03:00:00,1488A,106.2328,38.4975,银川市,贺兰山东路,颗粒物(PM10),57,63,46,23,23,124,40,33,33,37,37,15,16,0.5,0.5
2022-09-28T03:00:00,1489A,106.1358,38.5036,银川市,学院路,颗粒物(PM10),66,82,71,24,23,113,16,11,11,62,50,15,14,0.7,0.8
2022-09-28T03:00:00,1490A,87.5801,43.8303,乌鲁木齐市,监测站,颗粒物(PM10),173,295,176,43,27,122,62,57,57,18,16,5,6,0.4,0.4
2022-09-28T03:00:00,1491A,87.6046,43.768,乌鲁木齐市,收费所,颗粒物(PM10),93,136,132,45,38,126,47,52,49,25,20,7,8,0.2,0.2
2022-09-28T03:00:00,1492A,87.4754,43.9469,乌鲁木齐市,新疆农科院农场(对照点),颗粒物(PM10),230,371,263,56,39,113,25,23,23,46,26,8,10,0.6,0.6
2022-09-28T03:00:00,1493A,87.5525,43.8711,乌鲁木齐市,铁路局,颗粒物(PM10),158,266,162,54,32,125,55,56,53,21,14,5,5,0.4,0.4
2022-09-28T03:00:00,1494A,87.6432,43.831,乌鲁木齐市,三十一中学,颗粒物(PM10),230,371,225,,,130,63,75,68,14,9,7,8,0.2,0.2
2022-09-28T03:00:00,1496A,87.7216,44.1747,乌鲁木齐市,米东区环保局,颗粒物(PM10),410,510,292,69,42,131,2,22,13,40,23,5,8,0.3,0.4
2022-09-28T03:00:00,1508A,112.9433,27.8614,湘潭市,板塘,细颗粒物(PM2.5),94,123,78,70,43,255,98,122,109,20,21,8,8,0.4,0.4
2022-09-28T03:00:00,1511A,112.9118,27.8403,湘潭市,市监测站,细颗粒物(PM2.5),90,95,67,67,47,216,88,107,97,15,20,11,10,0.9,0.9
2022-09-28T03:00:00,1512A,112.8937,27.8728,湘潭市,江麓,细颗粒物(PM2.5),83,110,84,61,44,229,95,113,104,18,18,17,14,0.2,0.2
2022-09-28T03:00:00,1513A,112.9227,27.8159,湘潭市,岳塘,细颗粒物(PM2.5),83,108,83,61,45,248,97,118,107,19,21,13,11,0.6,0.5
2022-09-28T03:00:00,1514A,112.9074,27.9119,湘潭市,科大,,,,78,,45,237,96,117,106,18,18,,7,0.6,0.6
2022-09-28T03:00:00,1515A,113.135,27.8244,株洲市,天台山庄,细颗粒物(PM2.5),74,74,58,54,39,264,113,132,121,20,23,9,10,0.6,0.5
2022-09-28T03:00:00,1518A,113.095,27.8867,株洲市,株冶医院,细颗粒物(PM2.5),87,80,64,64,41,253,85,122,106,34,29,8,7,0.6,0.6
2022-09-28T03:00:00,1519A,113.167,27.8667,株洲市,市四中,细颗粒物(PM2.5),77,85,66,56,40,258,111,142,125,23,30,2,6,0.5,0.5
2022-09-28T03:00:00,1520A,113.143,27.8381,株洲市,火车站,颗粒物(PM10),74,97,72,53,40,268,118,139,129,23,28,11,13,0.8,0.7
2022-09-28T03:00:00,1524A,113.13,27.8528,株洲市,市监测站,细颗粒物(PM2.5),87,88,72,64,47,266,119,140,129,21,25,6,5,0.8,0.8
2022-09-28T03:00:00,1552A,106.805,26.3003,贵阳市,桐木岭(对照点),,,,,,,,,,,,,,,,
2022-09-28T03:00:00,1559A,113.251,27.8336,株洲市,大京风景区(对照点),细颗粒物(PM2.5),80,85,66,59,37,232,112,143,126,16,15,5,5,0.7,0.7
2022-09-28T03:00:00,1562A,113.0048,27.9153,湘潭市,昭山,细颗粒物(PM2.5),82,95,74,60,52,236,86,113,100,18,21,6,5,0.9,0.9
2022-09-28T03:00:00,1564A,112.4876,27.9164,湘潭市,韶山(对照点),细颗粒物(PM2.5),94,113,79,70,33,211,116,125,121,15,14,9,10,0.8,0.7
2022-09-28T03:00:00,1585A,109.8756,40.6532,包头市,市环境监测站,,38,38,49,12,21,124,18,13,13,67,53,12,23,0.8,0.8
2022-09-28T03:00:00,1587A,109.9991,40.5842,包头市,包头八中,颗粒物(PM10),52,54,73,24,24,125,0,49,16,87,46,22,29,1.0,0.7
2022-09-28T03:00:00,1588A,109.8538,40.6821,包头市,青山宾馆,颗粒物(PM10),62,74,55,29,24,128,3,3,3,80,58,11,20,0.7,0.9
2022-09-28T03:00:00,1589A,109.8642,40.6288,包头市,惠龙物流,,49,49,60,11,18,125,10,68,35,91,49,14,18,0.7,0.5
2022-09-28T03:00:00,1590A,110.0377,40.5546,包头市,东河鸿龙湾,,24,24,52,8,15,126,37,50,46,48,34,26,16,0.6,0.6
2022-09-28T03:00:00,1591A,110.0023,39.8129,鄂尔多斯市,综合楼,颗粒物(PM10),56,61,39,19,10,136,42,65,51,52,30,22,15,0.9,0.7
2022-09-28T03:00:00,1592A,109.9486,39.8261,鄂尔多斯市,巴音孟克林场办事处,颗粒物(PM10),58,66,45,27,16,150,59,81,71,53,29,28,16,0.7,0.4
2022-09-28T03:00:00,1593A,109.7736,39.5986,鄂尔多斯市,康泽苑,,29,29,34,14,12,154,25,37,26,21,20,5,7,0.2,0.3
2022-09-28T03:00:00,1594A,109.8119,39.5989,鄂尔多斯市,华泰汽车城,颗粒物(PM10),52,53,40,19,20,140,9,27,17,38,28,6,9,0.7,0.7
2022-09-28T03:00:00,1595A,109.9734,39.7884,鄂尔多斯市,奥林花园,颗粒物(PM10),58,66,59,22,20,118,6,19,12,77,52,7,11,0.9,0.7
2022-09-28T03:00:00,1596A,122.2414,40.6592,营口市,学府南路,,,,,,,,,,,,,,,,
2022-09-28T03:00:00,1597A,122.2703,40.7094,营口市,大庆路,细颗粒物(PM2.5),63,67,61,45,34,217,132,140,134,22,25,8,9,1.0,0.9
2022-09-28T03:00:00,1598A,122.215,40.6511,营口市,镜湖西路,颗粒物(PM10),60,70,57,41,30,206,146,147,146,17,24,9,8,0.8,0.8
2022-09-28T03:00:00,1599A,122.167,40.6655,营口市,西炮台,细颗粒物(PM2.5),67,78,69,48,39,215,146,141,141,17,21,10,11,0.5,0.7
2022-09-28T03:00:00,1600A,124.3303,40.0625,丹东市,江湾东路,,44,44,50,24,35,133,59,49,49,12,26,6,9,1.2,0.8
2022-09-28T03:00:00,1601A,124.4256,40.1503,丹东市,临江后街,,45,45,45,27,30,132,63,52,52,3,12,7,8,0.8,0.9
2022-09-28T03:00:00,1602A,124.3933,40.1461,丹东市,元宝山,,49,47,64,34,39,118,59,57,57,13,20,8,9,1.0,0.9
2022-09-28T03:00:00,1603A,124.3633,40.1092,丹东市,民主桥,,49,49,50,30,31,116,72,70,70,14,25,8,11,0.8,0.8
2022-09-28T03:00:00,1604A,122.0303,41.1489,盘锦市,开发区,细颗粒物(PM2.5),72,30,48,52,51,190,103,121,112,14,20,4,6,0.9,1
2022-09-28T03:00:00,1605A,122.0485,41.0883,盘锦市,兴隆台,细颗粒物(PM2.5),60,54,51,43,43,193,104,123,113,18,22,7,12,0.8,0.8
2022-09-28T03:00:00,1606A,121.8297,41.1028,盘锦市,新生街道,,50,29,40,35,31,191,101,121,110,14,15,7,9,0.7,0.8
2022-09-28T03:00:00,1607A,120.9092,40.7136,葫芦岛市,龙港区,细颗粒物(PM2.5),92,69,59,68,58,229,181,200,190,10,14,10,12,1.0,1.1
2022-09-28T03:00:00,1608A,120.8392,40.7514,葫芦岛市,化工街,细颗粒物(PM2.5),119,112,107,90,67,230,150,175,159,19,32,13,17,0.8,1
2022-09-28T03:00:00,1609A,120.8341,40.7073,葫芦岛市,新区,细颗粒物(PM2.5),94,69,76,70,60,226,180,194,183,10,20,8,9,1.2,1.2
2022-09-28T03:00:00,1610A,120.8695,40.7677,葫芦岛市,东城区,细颗粒物(PM2.5),129,97,78,98,69,202,154,162,153,17,35,12,15,0.8,1
2022-09-28T03:00:00,1611A,118.5819,24.9117,泉州市,涂山街,,19,19,25,12,10,119,52,68,59,12,10,11,10,0.5,0.5
2022-09-28T03:00:00,1612A,118.5972,24.8978,泉州市,津头埔,,20,20,24,14,11,112,50,64,58,11,10,11,10,0.5,0.6
2022-09-28T03:00:00,1613A,118.6663,24.9424,泉州市,万安,,33,23,25,23,15,117,49,72,60,15,8,14,8,0.5,0.5
2022-09-28T03:00:00,1614A,118.6117,24.9604,泉州市,清源山(对照点),,,,,,,,,,,,,,,,
2022-09-28T03:00:00,1616A,117.6795,36.229,济南市,技术学院,颗粒物(PM10),73,95,125,32,44,236,34,27,27,69,61,12,14,1.8,1.5
2022-09-28T03:00:00,1618A,118.3429,35.0532,临沂市,沂河小区,,48,48,48,22,26,142,70,72,71,14,25,41,12,0.4,0.5
2022-09-28T03:00:00,1619A,118.295,35.0583,临沂市,鲁南制药厂,,41,41,42,13,16,151,70,83,72,20,30,25,12,0.6,0.7
2022-09-28T03:00:00,1620A,118.2794,34.9976,临沂市,新光毛纺厂,颗粒物(PM10),54,58,51,28,21,144,43,48,46,41,37,22,9,0.6,0.6
2022-09-28T03:00:00,1621A,118.3956,35.0888,临沂市,河东保险公司,颗粒物(PM10),51,51,48,9,23,140,45,49,48,27,35,7,7,0.8,0.6
2022-09-28T03:00:00,1622A,116.3032,37.4674,德州市,儿童乐园,细颗粒物(PM2.5),80,106,82,59,43,232,103,134,118,39,33,13,12,0.6,0.6
2022-09-28T03:00:00,1624A,116.2991,37.4451,德州市,监理站,颗粒物(PM10),90,129,95,54,43,241,108,133,119,31,30,13,15,0.6,0.6
2022-09-28T03:00:00,1625A,115.9848,36.4372,聊城市,区政府,颗粒物(PM10),84,118,92,47,39,203,54,87,72,44,30,13,13,0.5,0.5
2022-09-28T03:00:00,1628A,118.0062,37.3803,滨州市,市环保局,细颗粒物(PM2.5),90,127,123,67,63,268,126,66,66,31,43,24,22,1.0,1.1
2022-09-28T03:00:00,1629A,118.0018,37.3617,滨州市,第二水厂,细颗粒物(PM2.5),89,116,81,66,61,252,73,33,33,67,61,21,18,1.2,1.1
2022-09-28T03:00:00,1630A,117.9776,37.393,滨州市,北中新校,细颗粒物(PM2.5),99,102,83,74,56,263,72,32,32,56,51,12,13,0.7,0.8
2022-09-28T03:00:00,1631A,118.0414,36.8103,淄博市,人民公园,细颗粒物(PM2.5),89,110,131,66,69,305,43,54,46,76,69,42,26,1.0,1
2022-09-28T03:00:00,1632A,118.0253,36.8406,淄博市,东风化工厂,,,,,,,,,,,,,,,,
2022-09-28T03:00:00,1633A,117.8525,36.4847,淄博市,双山,细颗粒物(PM2.5),59,66,88,42,53,253,78,84,82,33,32,15,15,1.2,1.1
2022-09-28T03:00:00,1634A,117.9592,36.6331,淄博市,气象站,颗粒物(PM10),56,61,104,31,48,307,102,104,102,26,41,19,24,1.3,1.1
2022-09-28T03:00:00,1635A,118.3092,36.8194,淄博市,莆田园,颗粒物(PM10),65,80,91,44,50,267,60,89,78,49,47,24,18,1.5,1.6
2022-09-28T03:00:00,1636A,117.8661,36.805,淄博市,三金集团,,,,,,,,,,,,,,,,
2022-09-28T03:00:00,1637A,117.558,34.8438,枣庄市,市中区政府,颗粒物(PM10),75,100,91,36,30,170,44,39,39,42,44,33,27,0.7,0.8
2022-09-28T03:00:00,1638A,117.2852,34.7837,枣庄市,薛城环保局,颗粒物(PM10),77,103,69,51,27,155,20,43,29,72,47,20,18,0.7,0.7
2022-09-28T03:00:00,1639A,117.5852,34.7745,枣庄市,峄城区政府,颗粒物(PM10),64,78,72,41,29,166,41,68,54,42,35,12,17,0.5,0.5
2022-09-28T03:00:00,1640A,117.7276,34.5578,枣庄市,台儿庄区环保局,,48,48,55,29,27,156,46,56,50,23,26,12,14,0.7,0.6
2022-09-28T03:00:00,1641A,117.4518,35.0992,枣庄市,山亭区环保局,颗粒物(PM10),53,56,42,29,20,175,76,87,81,22,20,16,13,0.8,0.7
2022-09-28T03:00:00,1642A,121.2514,37.5639,烟台市,开发区,,34,34,53,19,25,169,53,68,60,25,34,8,13,0.3,0.5
2022-09-28T03:00:00,1643A,121.3719,37.5433,烟台市,轴承厂,,,,46,20,27,178,78,82,81,13,18,7,9,0.2,0.2
2022-09-28T03:00:00,1644A,121.3181,37.5436,烟台市,西郊化工站,,34,34,47,17,20,178,83,104,95,18,21,7,10,0.5,0.6
2022-09-28T03:00:00,1645A,121.4478,37.4822,烟台市,莱山环保局,,29,29,40,13,20,177,81,84,83,12,16,7,8,0.4,0.5
2022-09-28T03:00:00,1646A,121.2611,37.4967,烟台市,福山环保局,颗粒物(PM10),60,70,74,24,24,156,25,50,39,37,39,6,10,0.5,0.5
2022-09-28T03:00:00,1648A,119.12,36.7019,潍坊市,仲裁委,,,,,,,,,,,,,,,,
2022-09-28T03:00:00,1650A,119.1437,36.7023,潍坊市,环保局,颗粒物(PM10),56,61,56,32,22,152,45,38,38,29,32,8,7,0.8,0.7
2022-09-28T03:00:00,1652A,119.1936,36.7729,潍坊市,寒亭监测站,,,,,,,,,,,,,,,,
2022-09-28T03:00:00,1653A,116.6251,35.4302,济宁市,火炬城,细颗粒物(PM2.5),67,72,60,48,34,191,40,74,61,43,24,24,19,0.5,0.5
2022-09-28T03:00:00,1655A,116.5491,35.4042,济宁市,电化厂,颗粒物(PM10),91,132,83,46,42,192,64,47,47,36,37,14,22,0.6,0.6
2022-09-28T03:00:00,1656A,117.1437,36.1937,泰安市,监测站,颗粒物(PM10),90,129,102,62,48,215,33,39,37,59,40,11,12,0.7,0.7
2022-09-28T03:00:00,1657A,117.0885,36.2017,泰安市,人口学校,细颗粒物(PM2.5),75,97,93,55,48,200,65,67,63,36,35,13,13,0.4,0.4
2022-09-28T03:00:00,1658A,117.1089,36.1758,泰安市,电力学校,颗粒物(PM10),95,139,114,67,51,219,40,34,34,58,63,13,11,0.6,0.7
2022-09-28T03:00:00,1659A,119.471,35.4209,日照市,监测站,,39,39,28,18,12,119,0,0,0,58,46,9,8,0.7,0.6
2022-09-28T03:00:00,1660A,119.523,35.4216,日照市,市政府广场,,34,31,24,17,9,126,4,26,12,67,35,5,4,0.7,0.5
2022-09-28T03:00:00,1661A,119.5587,35.4044,日照市,港务局,,39,39,24,18,10,137,11,21,16,60,28,3,3,0.8,0.6
2022-09-28T03:00:00,1662A,122.1214,37.4236,威海市,华夏技校,,35,17,34,14,21,156,109,110,110,6,17,6,7,0.3,0.4
2022-09-28T03:00:00,1663A,122.0508,37.5236,威海市,山大分校,,35,12,25,7,12,176,112,111,111,9,14,4,6,0.3,0.4
2022-09-28T03:00:00,1664A,122.1067,37.5072,威海市,市监测站,,42,32,39,29,26,181,58,67,64,22,19,6,9,0.4,0.4
2022-09-28T03:00:00,1665A,118.5019,37.4658,东营市,西城阳光环保公司,,,,,,,,,,,,,,,,
2022-09-28T03:00:00,1666A,118.6614,37.4309,东营市,市环保局,颗粒物(PM10),54,58,68,27,35,266,19,42,31,61,35,16,18,0.9,1
2022-09-28T03:00:00,1669A,113.5824,24.7733,韶关市,市八中,颗粒物(PM10),55,60,61,32,35,168,60,68,62,28,17,27,18,0.7,0.7
2022-09-28T03:00:00,1670A,113.5556,24.8082,韶关市,碧湖山庄,,,,,,,,,,,,,,,,
2022-09-28T03:00:00,1671A,113.5917,24.7972,韶关市,园林处,,48,48,57,33,36,166,54,81,67,21,10,32,23,0.9,0.8
2022-09-28T03:00:00,1672A,113.6735,24.7791,韶关市,韶关学院,细颗粒物(PM2.5),52,47,58,36,36,177,48,49,48,31,18,10,12,0.6,0.6
2022-09-28T03:00:00,1673A,113.5971,24.6863,韶关市,曲江监测站,颗粒物(PM10),60,69,65,42,36,192,29,24,23,48,30,8,12,0.5,0.6
2022-09-28T03:00:00,1674A,116.6794,23.3667,汕头市,金平子站,,22,17,22,14,12,103,68,71,70,6,9,6,6,0.4,0.5
2022-09-28T03:00:00,1675A,116.7244,23.3633,汕头市,龙湖子站,,24,24,31,10,13,100,64,70,68,8,10,9,9,0.4,0.4
2022-09-28T03:00:00,1676A,116.7258,23.2775,汕头市,濠江子站,,21,13,24,13,12,101,65,71,69,4,6,6,7,0.5,0.5
2022-09-28T03:00:00,1677A,116.7519,23.4714,汕头市,澄海子站,,20,19,27,13,13,103,62,61,61,8,10,10,10,0.7,0.7
2022-09-28T03:00:00,1678A,116.6092,23.2539,汕头市,潮阳子站,,21,15,26,13,11,99,66,69,68,5,8,6,7,0.5,0.6
2022-09-28T03:00:00,1679A,116.4069,23.2533,汕头市,潮南子站,,,,,,,,,,,,,,,,
2022-09-28T03:00:00,1680A,110.3539,21.2706,湛江市,湛江影剧院,,20,19,47,10,32,156,63,67,66,8,10,6,14,0.4,0.6
2022-09-28T03:00:00,1681A,110.3928,21.2228,湛江市,市环境监测站,,18,11,44,8,30,160,57,59,58,10,11,8,10,0.5,0.7
2022-09-28T03:00:00,1682A,110.4019,21.1997,湛江市,环保局宿舍,,18,15,42,6,25,163,55,56,56,8,10,5,7,0.5,0.6
2022-09-28T03:00:00,1683A,110.4111,21.2028,湛江市,霞山游泳场,,17,15,42,10,30,157,53,54,54,11,12,6,11,0.4,0.6
2022-09-28T03:00:00,1684A,110.3316,21.2679,湛江市,麻章区环保局,,23,23,57,7,39,138,55,62,60,11,14,10,16,0.4,0.6
2022-09-28T03:00:00,1685A,110.4558,21.2567,湛江市,坡头区环保局,,19,19,48,12,34,144,55,60,58,9,11,5,11,0.5,0.7
2022-09-28T03:00:00,1686A,111.0286,21.4688,茂名市,电白南海,,24,24,57,7,36,142,48,63,56,10,14,8,10,0.3,0.5
2022-09-28T03:00:00,1687A,110.9294,21.6533,茂名市,茂石化七小,,22,22,64,12,40,167,58,85,72,11,15,9,15,0.5,0.8
2022-09-28T03:00:00,1688A,110.9107,21.6687,茂名市,健康路,,22,22,59,11,36,172,58,80,70,5,10,8,20,0.6,0.9
2022-09-28T03:00:00,1689A,110.8592,21.6828,茂名市,高岭,,19,19,64,12,43,173,58,91,73,9,16,17,23,0.6,0.9
2022-09-28T03:00:00,1690A,116.1231,24.3284,梅州市,梅江月梅,,26,26,24,18,13,83,75,80,78,8,12,6,8,0.4,0.4
2022-09-28T03:00:00,1691A,116.0797,24.2719,梅州市,梅县新城,,35,34,29,24,15,78,4,23,11,39,21,6,7,0.5,0.6
2022-09-28T03:00:00,1692A,116.1248,24.2654,梅州市,环境监控中心,,30,30,28,20,16,76,29,46,33,38,20,8,8,0.4,0.4
2022-09-28T03:00:00,1693A,115.3653,22.775,汕尾市,市环保局,,18,16,27,9,11,100,57,63,60,6,8,6,7,0.4,0.5
2022-09-28T03:00:00,1694A,115.3706,22.7898,汕尾市,市政府,,21,21,30,8,16,98,57,60,59,7,10,6,6,0.4,0.5
2022-09-28T03:00:00,1695A,115.3622,22.7925,汕尾市,新城中学,,21,21,32,12,12,98,58,60,59,5,6,8,8,0.6,0.7
2022-09-28T03:00:00,1696A,114.6778,23.7569,河源市,源西(对照点),颗粒物(PM10),53,55,48,14,21,95,27,20,20,29,22,4,5,0.7,0.8
2022-09-28T03:00:00,1697A,114.6944,23.7586,河源市,东埔,,41,41,43,20,22,94,57,42,42,17,19,4,6,0.6,0.7
2022-09-28T03:00:00,1698A,114.6892,23.7233,河源市,老城,,46,46,52,15,22,105,37,28,28,27,17,4,5,0.7,0.8
2022-09-28T03:00:00,1699A,111.9797,21.8593,阳江市,鸳鸯湖(对照点),,,,,,,,,,,,,,,,
2022-09-28T03:00:00,1700A,111.9508,21.8536,阳江市,南恩路,,,,,,,,,,,,,,,,
2022-09-28T03:00:00,1701A,111.9491,21.8658,阳江市,马南垌,,15,10,36,4,19,148,46,51,49,9,18,5,8,0.5,0.7
2022-09-28T03:00:00,1702A,113.0426,23.691,清远市,环保大楼(对照点),颗粒物(PM10),53,55,48,36,36,188,36,38,33,22,18,9,7,0.5,0.7
2022-09-28T03:00:00,1703A,113.0208,23.7106,清远市,凤城街办,,43,42,48,30,32,155,44,46,44,15,15,12,11,0.7,0.9
2022-09-28T03:00:00,1705A,116.6367,23.6719,潮州市,西园路(对照点),,29,29,28,12,14,112,37,61,50,12,8,7,6,0.4,0.5
2022-09-28T03:00:00,1706A,116.6447,23.6706,潮州市,档案局,,24,24,29,11,12,120,36,61,48,16,12,9,9,0.5,0.5
2022-09-28T03:00:00,1708A,116.3701,23.5345,揭阳市,新兴,,17,17,33,10,16,122,47,58,53,5,5,10,11,0.5,0.5
2022-09-28T03:00:00,1709A,116.3264,23.5443,揭阳市,西马,,21,21,38,10,16,114,46,53,50,5,7,11,12,0.6,0.7
2022-09-28T03:00:00,1710A,116.3611,23.5626,揭阳市,东兴,,12,8,36,8,15,112,38,53,45,13,7,14,11,0.6,0.7
2022-09-28T03:00:00,1711A,116.4151,23.5294,揭阳市,渔湖,,19,15,34,13,16,109,34,49,43,14,9,7,9,0.5,0.6
2022-09-28T03:00:00,1712A,112.0392,22.9169,云浮市,新市府(对照点),,,,,,,,,,,,,,,,
2022-09-28T03:00:00,1713A,112.0369,22.9394,云浮市,市监测站,,,,,,,,,,,,,,,,
2022-09-28T03:00:00,1714A,112.0539,22.9539,云浮市,牧羊,,38,38,65,24,36,199,63,73,67,12,30,21,21,0.6,0.7
2022-09-28T03:00:00,1715A,102.575,24.3711,玉溪市,东风水库,,27,27,23,13,12,119,53,56,55,14,11,5,5,0.7,0.7
2022-09-28T03:00:00,1718A,115.4208,35.2464,菏泽市,气象局,颗粒物(PM10),78,106,85,52,36,181,55,75,61,50,30,16,9,0.6,0.5
2022-09-28T03:00:00,1719A,115.4747,35.2375,菏泽市,市政协,颗粒物(PM10),70,89,85,42,38,188,76,91,86,34,29,15,7,0.4,0.3
2022-09-28T03:00:00,1720A,115.455,35.27,菏泽市,菏泽学院,,,,,,,,,,,,,,,,
2022-09-28T03:00:00,1721A,113.3819,40.1097,大同市,果树场(对照点),,,,,,,,,,,,,,,,
2022-09-28T03:00:00,1723A,113.2994,40.0758,大同市,云冈宾馆,颗粒物(PM10),78,106,111,32,31,164,5,3,3,70,55,14,22,0.9,1.1
2022-09-28T03:00:00,1724A,113.3444,40.0917,大同市,大同大学,颗粒物(PM10),81,112,99,22,26,157,23,12,12,52,48,19,24,1.0,0.7
2022-09-28T03:00:00,1725A,113.2661,40.1269,大同市,安家小村,颗粒物(PM10),87,123,127,28,28,166,16,22,20,64,48,27,28,1.0,1.1
2022-09-28T03:00:00,1726A,113.2711,40.0844,大同市,教育学院,颗粒物(PM10),84,117,103,31,32,148,5,23,13,74,49,18,22,1.3,1
2022-09-28T03:00:00,1727A,113.1147,36.1547,长治市,清华站,颗粒物(PM10),79,107,85,41,43,181,15,29,19,81,47,6,10,0.6,0.8
2022-09-28T03:00:00,1728A,113.1031,36.1989,长治市,监测站,颗粒物(PM10),56,62,79,31,43,163,59,73,67,34,39,10,9,2.2,0.8
2022-09-28T03:00:00,1730A,113.0886,36.2125,长治市,审计局,颗粒物(PM10),55,60,73,31,46,187,88,97,94,6,12,9,9,1.1,1
2022-09-28T03:00:00,1731A,113.0844,36.1856,长治市,长治八中,颗粒物(PM10),66,82,90,30,43,149,63,71,64,37,44,11,14,0.8,0.9
2022-09-28T03:00:00,1733A,111.5531,36.0783,临汾市,临钢医院,细颗粒物(PM2.5),97,66,73,72,52,172,23,20,19,55,43,2,10,1.1,1.1
2022-09-28T03:00:00,1734A,111.5028,36.0714,临汾市,技工学校,细颗粒物(PM2.5),90,102,82,67,54,186,26,32,23,59,43,12,15,0.9,0.9
2022-09-28T03:00:00,1735A,111.5169,36.0822,临汾市,工商学校,,,,,,,,,,,,,,,,
2022-09-28T03:00:00,1736A,111.5018,36.0855,临汾市,市委,颗粒物(PM10),70,89,73,47,40,169,28,20,20,58,47,5,11,1.0,1.1
2022-09-28T03:00:00,1738A,113.5758,37.8572,阳泉市,市中心,颗粒物(PM10),73,96,101,37,34,191,6,4,4,95,72,12,28,1.1,1.1
2022-09-28T03:00:00,1739A,113.4894,37.8731,阳泉市,赛鱼,颗粒物(PM10),74,97,87,38,28,197,10,6,6,94,72,16,20,1.0,1.1
2022-09-28T03:00:00,1740A,113.5819,37.8486,阳泉市,南庄,颗粒物(PM10),74,97,103,41,43,200,57,43,43,34,45,13,26,1.1,1.2
2022-09-28T03:00:00,1741A,113.6292,37.8531,阳泉市,白羊墅,,,,,,,,,,,,,,,,
2022-09-28T03:00:00,1742A,113.5614,37.8703,阳泉市,平坦,颗粒物(PM10),68,86,95,42,44,193,6,14,9,103,77,12,26,1.1,1.1
2022-09-28T03:00:00,1743A,113.5158,37.8392,阳泉市,大阳泉,颗粒物(PM10),62,74,78,35,39,199,104,132,114,34,30,18,25,0.9,1
2022-09-28T03:00:00,1744A,118.9233,42.2816,赤峰市,松山一中,臭氧1小时,79,35,45,20,18,183,183,174,174,18,35,14,14,0.8,0.8
2022-09-28T03:00:00,1745A,118.9576,42.2728,赤峰市,哈达街,臭氧1小时,93,43,48,13,14,196,194,187,187,13,36,14,14,0.6,0.7
2022-09-28T03:00:00,1746A,118.8788,42.2554,赤峰市,天义路,臭氧1小时,82,35,50,15,15,195,185,176,176,13,32,13,13,0.8,0.8
2022-09-28T03:00:00,1748A,123.044,41.1196,鞍山市,深沟寺,,50,50,63,32,37,234,146,175,163,9,20,9,17,0.5,0.9
2022-09-28T03:00:00,1749A,123.011,41.0931,鞍山市,太阳城,颗粒物(PM10),52,53,69,24,37,232,154,167,158,10,24,9,14,0.7,1
2022-09-28T03:00:00,1750A,123.0485,41.1442,鞍山市,太平,,49,49,73,27,39,212,144,169,156,10,29,12,17,0.7,1
2022-09-28T03:00:00,1751A,122.9642,41.0971,鞍山市,铁西三道街,颗粒物(PM10),67,84,100,38,45,235,141,149,145,37,47,16,16,1.7,1.3
2022-09-28T03:00:00,1752A,122.9341,41.0833,鞍山市,铁西工业园区,颗粒物(PM10),54,58,92,30,43,240,157,158,157,11,31,9,14,0.8,1.1
2022-09-28T03:00:00,1753A,123.022,41.0821,鞍山市,明达新区,臭氧1小时,73,54,75,28,39,234,178,179,176,8,24,10,14,0.4,0.8
2022-09-28T03:00:00,1754A,123.1289,41.0228,鞍山市,千山(对照点),,,,,,,,,,,,,,,,
2022-09-28T03:00:00,1755A,123.7977,41.8491,抚顺市,望花区,细颗粒物(PM2.5),59,66,91,42,49,241,63,65,62,29,38,7,16,0.9,1.1
2022-09-28T03:00:00,1756A,123.9161,41.8822,抚顺市,顺城区,细颗粒物(PM2.5),92,97,92,68,50,224,3,15,9,59,56,10,14,1.7,1.5
2022-09-28T03:00:00,1757A,124.0436,41.8611,抚顺市,东洲区,颗粒物(PM10),56,61,68,36,34,197,16,70,50,40,24,5,9,0.9,1
2022-09-28T03:00:00,1758A,123.9247,41.8642,抚顺市,新抚区,细颗粒物(PM2.5),69,82,83,50,45,213,7,11,9,35,32,5,10,1.2,1.2
2022-09-28T03:00:00,1759A,124.0972,41.8961,抚顺市,大伙房水库,,41,41,56,27,31,200,43,63,55,17,16,4,8,0.8,0.9
2022-09-28T03:00:00,1760A,123.7086,41.8391,抚顺市,沈抚新城,颗粒物(PM10),59,68,92,35,47,227,41,44,37,35,33,15,24,1.3,1.3
2022-09-28T03:00:00,1761A,123.8275,41.3064,本溪市,大峪,,41,41,38,20,22,150,19,34,29,46,25,6,7,0.4,0.6
2022-09-28T03:00:00,1762A,123.7567,41.3325,本溪市,溪湖,颗粒物(PM10),73,95,74,48,38,166,8,11,8,46,43,6,13,2.0,1.4
2022-09-28T03:00:00,1763A,123.7169,41.3094,本溪市,彩屯,细颗粒物(PM2.5),78,83,73,57,44,169,9,24,13,49,36,9,14,3.2,1.7
2022-09-28T03:00:00,1764A,123.7669,41.2864,本溪市,东明,颗粒物(PM10),52,54,56,26,28,157,25,24,24,42,40,8,9,0.8,1
2022-09-28T03:00:00,1765A,123.7992,41.2664,本溪市,新立屯,,36,31,41,25,22,164,57,41,41,54,68,6,7,0.7,0.8
2022-09-28T03:00:00,1766A,123.8142,41.3472,本溪市,威宁,颗粒物(PM10),55,59,52,27,26,146,14,14,13,29,29,5,7,1.1,0.9
2022-09-28T03:00:00,1767A,121.1115,41.0879,锦州市,南山,细颗粒物(PM2.5),150,65,71,115,96,197,143,158,153,16,23,9,12,1.0,1.2
2022-09-28T03:00:00,1768A,121.0533,40.8434,锦州市,开发区,细颗粒物(PM2.5),99,80,86,74,76,217,176,196,183,21,32,26,14,1.1,1.2
2022-09-28T03:00:00,1769A,121.1836,41.1119,锦州市,百股街道,细颗粒物(PM2.5),83,81,68,61,66,198,169,179,176,14,21,11,13,1.1,1.3
2022-09-28T03:00:00,1770A,121.1178,41.1222,锦州市,天安街道,细颗粒物(PM2.5),83,77,78,61,54,196,145,160,155,16,27,10,15,0.7,1.3
2022-09-28T03:00:00,1771A,121.1303,41.1386,锦州市,北湖公园,细颗粒物(PM2.5),123,63,70,93,79,178,134,146,142,18,27,7,11,1.0,1.6
2022-09-28T03:00:00,1772A,126.54,43.8622,吉林市,哈达湾,,49,49,69,23,37,192,131,127,127,15,26,10,9,0.8,0.9
2022-09-28T03:00:00,1773A,126.5844,43.8358,吉林市,东局子,,49,49,66,21,30,182,130,122,122,13,27,8,7,0.9,0.9
2022-09-28T03:00:00,1774A,126.5052,43.8245,吉林市,电力学院,,46,46,61,26,34,199,118,115,115,14,26,12,12,0.7,0.8
2022-09-28T03:00:00,1775A,126.6133,43.8972,吉林市,江北,,43,37,56,20,33,185,135,117,117,10,17,6,6,0.9,1
2022-09-28T03:00:00,1776A,126.555,43.8306,吉林市,江南公园,,44,44,62,25,34,185,120,115,115,13,24,8,7,0.8,0.9
2022-09-28T03:00:00,1778A,126.7061,43.7133,吉林市,丰满(对照点),,,,,,,,,,,,,,,,
2022-09-28T03:00:00,1779A,123.9305,47.3636,齐齐哈尔市,安居小区,,49,49,56,32,16,108,59,90,72,6,19,5,6,0.4,0.6
2022-09-28T03:00:00,1780A,123.9488,47.3386,齐齐哈尔市,中心广场,颗粒物(PM10),60,70,55,12,13,120,66,101,82,5,16,4,5,0.3,0.5
2022-09-28T03:00:00,1781A,123.9483,47.3227,齐齐哈尔市,农牧车辆厂,,46,46,56,27,12,123,67,102,84,5,12,5,7,0.2,0.3
2022-09-28T03:00:00,1783A,123.945,47.2988,齐齐哈尔市,市环境监测站,颗粒物(PM10),53,56,49,22,14,122,67,106,84,6,14,2,3,0.2,0.4
2022-09-28T03:00:00,1784A,129.61,44.561,牡丹江市,环保大楼,,44,44,40,20,18,138,12,19,17,22,30,5,6,0.6,0.6
2022-09-28T03:00:00,1785A,129.6115,44.5782,牡丹江市,文化广场,,49,49,60,24,20,132,4,5,4,34,39,7,9,0.8,0.8
2022-09-28T03:00:00,1786A,129.5904,44.5963,牡丹江市,第一医院,,49,49,44,16,19,116,15,14,14,23,32,5,6,0.9,0.9
2022-09-28T03:00:00,1787A,129.6364,44.6075,牡丹江市,机车工厂,颗粒物(PM10),51,51,51,33,17,142,7,14,12,30,23,3,2,0.8,0.6
2022-09-28T03:00:00,1788A,129.6386,44.5462,牡丹江市,第一中学,,40,40,43,22,19,136,5,5,5,29,25,5,6,0.7,0.6
2022-09-28T03:00:00,1789A,124.81117,46.03138,大庆市,大同区,,,82,57,,,173,131,146,140,7,10,5,5,0.9,0.7
2022-09-28T03:00:00,1790A,125.129,46.533,大庆市,龙凤区,细颗粒物(PM2.5),74,39,30,54,19,142,128,136,132,6,6,7,6,0.5,0.6
2022-09-28T03:00:00,1791A,124.902,46.408,大庆市,红岗区,,,,,49,19,145,121,142,134,16,9,,3,1.1,0.8
2022-09-28T03:00:00,1792A,125.153,46.586,大庆市,萨尔图区,,,,,,,151,134,142,138,9,8,7,8,0.5,0.2
2022-09-28T03:00:00,1793A,124.9042,46.6215,大庆市,让胡路区,,,,,,,151,126,143,134,7,15,2,2,2.0,1.6
2022-09-28T03:00:00,1794A,118.3606,31.3519,芜湖市,监测站,,43,43,43,14,26,150,47,61,53,29,24,9,8,0.6,0.7
2022-09-28T03:00:00,1795A,118.3714,31.4134,芜湖市,科创中心,,28,28,42,13,24,165,49,67,57,30,22,9,8,0.6,0.7
2022-09-28T03:00:00,1796A,118.3673,31.3131,芜湖市,四水厂,,37,37,41,15,22,156,48,66,57,32,26,9,8,0.6,0.7
2022-09-28T03:00:00,1797A,118.4022,31.3839,芜湖市,济民医院(对照点),,,,,,,,,,,,,,,,
2022-09-28T03:00:00,1798A,118.5092,31.6837,马鞍山市,湖东路四小,,26,26,38,15,19,152,50,62,56,26,22,7,6,0.7,0.8
2022-09-28T03:00:00,1799A,118.5024,31.6449,马鞍山市,开发区,,27,27,47,14,26,140,49,57,53,32,35,7,7,0.6,0.8
2022-09-28T03:00:00,1800A,118.5228,31.7231,马鞍山市,慈湖,,35,35,41,19,31,156,48,59,54,33,26,15,10,0.9,0.9
2022-09-28T03:00:00,1801A,118.48,31.6928,马鞍山市,马钢动力厂,,,,,,,,,,,,,,,,
2022-09-28T03:00:00,1802A,118.6245,31.7241,马鞍山市,濮塘(对照点),,35,35,39,22,24,154,40,55,48,28,21,5,5,0.6,0.7
2022-09-28T03:00:00,1803A,115.9872,29.6815,九江市,十里,,50,47,46,35,33,192,133,145,140,20,21,9,9,0.8,0.8
2022-09-28T03:00:00,1804A,115.9584,29.7046,九江市,茅山头,,49,49,56,34,30,184,133,140,136,16,20,9,10,0.8,0.9
2022-09-28T03:00:00,1805A,115.9877,29.7295,九江市,西园,颗粒物(PM10),53,56,57,36,32,192,136,141,137,17,21,11,11,0.7,0.8
2022-09-28T03:00:00,1806A,116.0172,29.6547,九江市,五七二七厂,"颗粒物(PM10),细颗粒物(PM2.5)",52,54,56,36,31,188,128,131,130,15,15,8,8,0.9,0.7
2022-09-28T03:00:00,1808A,115.9114,29.6038,九江市,综合工业园,颗粒物(PM10),51,52,56,27,28,184,120,136,127,22,21,9,10,0.8,0.8
2022-09-28T03:00:00,1809A,116.0721,29.7535,九江市,石化总厂,颗粒物(PM10),54,58,58,21,28,188,126,137,131,21,22,7,9,0.9,1
2022-09-28T03:00:00,1810A,115.9773,29.5698,九江市,庐山气象台(对照点),臭氧1小时,68,36,34,35,27,198,174,169,169,8,10,13,11,0.6,0.7
2022-09-28T03:00:00,1811A,112.3628,34.6692,洛阳市,中信二小,,,,,,,,,,,,,,,,
2022-09-28T03:00:00,1812A,112.3931,34.6516,洛阳市,市委党校,,21,21,84,8,34,171,38,67,53,26,38,7,12,0.3,0.5
2022-09-28T03:00:00,1814A,112.4657,34.6871,洛阳市,豫西宾馆,,31,31,87,13,39,165,40,58,47,27,42,6,12,0.3,0.6
2022-09-28T03:00:00,1815A,112.494,34.6886,洛阳市,河南林校,,21,21,87,9,35,168,44,66,56,18,37,6,11,0.4,0.7
2022-09-28T03:00:00,1816A,112.3844,34.623,洛阳市,开发区管委会,,19,19,70,11,35,158,46,52,50,9,30,5,10,0.2,0.5
2022-09-28T03:00:00,1817A,112.4267,34.6258,洛阳市,市委新办公区,,22,22,77,11,35,147,45,56,51,19,39,7,12,0.3,0.6
2022-09-28T03:00:00,1818A,114.4839,36.0621,安阳市,棉研所(对照点),,,,,,,,,,,,,,,,
2022-09-28T03:00:00,1819A,114.3551,36.1017,安阳市,红庙街,颗粒物(PM10),94,137,105,67,43,184,34,62,50,61,40,14,14,0.7,0.6
2022-09-28T03:00:00,1820A,114.361,36.0681,安阳市,银杏小区,颗粒物(PM10),97,144,108,42,35,175,30,54,43,60,41,9,10,1.0,0.8
2022-09-28T03:00:00,1824A,114.3389,34.7781,开封市,肿瘤医院,颗粒物(PM10),74,98,106,53,45,155,42,46,45,43,35,8,9,0.7,0.7
2022-09-28T03:00:00,1826A,114.2885,34.7965,开封市,世纪星幼儿园,颗粒物(PM10),78,106,91,55,42,160,39,79,56,43,28,9,11,0.8,0.7
2022-09-28T03:00:00,1828A,113.227,35.2125,焦作市,市环保局,"颗粒物(PM10),细颗粒物(PM2.5)",85,120,103,63,42,179,81,39,39,35,36,22,12,0.7,0.7
2022-09-28T03:00:00,1829A,113.2464,35.1764,焦作市,高新区政府（停运20220628）,,,,,,,,,,,,,,,,
2022-09-28T03:00:00,1830A,113.1992,35.2590,焦作市,影视城(对照点),,,,,,,,,,,,,,,,
2022-09-28T03:00:00,1832A,113.3257,33.742,平顶山市,新华旅馆,细颗粒物(PM2.5),63,71,114,45,66,123,40,98,74,45,45,4,23,0.4,0.6
2022-09-28T03:00:00,1833A,113.2919,33.737,平顶山市,规划设计院,颗粒物(PM10),60,69,122,41,51,131,47,83,69,38,48,4,19,0.7,0.8
2022-09-28T03:00:00,1834A,113.182,33.774,平顶山市,平顶山工学院,"颗粒物(PM10),细颗粒物(PM2.5)",62,73,120,44,50,135,79,66,66,18,30,4,15,0.4,0.5
2022-09-28T03:00:00,1835A,111.1922,34.7752,三门峡市,市政府,颗粒物(PM10),51,52,68,21,31,174,2,5,3,54,33,5,11,0.4,0.6
2022-09-28T03:00:00,1836A,111.1587,34.7942,三门峡市,开发区,,41,41,64,18,29,182,33,47,39,20,18,4,11,0.4,0.6
2022-09-28T03:00:00,1838A,111.143,34.7955,三门峡市,风景区(对照点),,,,,,,,,,,,,,,,
2022-09-28T03:00:00,1839A,111.3009,30.7157,宜昌市,四零三,,,,,,,,,,,,,,,,
2022-09-28T03:00:00,1840A,111.2992,30.6981,宜昌市,白龙岗,,29,29,43,19,20,70,68,68,68,16,32,6,6,0.4,0.5
2022-09-28T03:00:00,1841A,111.3549,30.6465,宜昌市,伍家岗,,36,36,42,19,20,89,84,87,86,14,36,8,8,0.4,0.5
2022-09-28T03:00:00,1842A,111.2628,30.6961,宜昌市,点军区,,38,38,49,19,21,62,53,62,57,12,25,10,10,0.4,0.4
2022-09-28T03:00:00,1843A,111.3275,30.7819,宜昌市,夷陵区,,34,34,42,19,23,111,54,49,48,15,29,6,7,0.3,0.5
2022-09-28T03:00:00,1844A,112.2494,30.3197,荆州市,市图书馆,,36,30,81,20,49,197,113,111,111,14,25,5,10,0.5,0.7
2022-09-28T03:00:00,1845A,112.2008,30.3544,荆州市,市委党校,,32,23,77,14,43,200,102,113,106,14,22,5,9,0.5,0.7
2022-09-28T03:00:00,1847A,113.1094,29.3578,岳阳市,南湖风景区,细颗粒物(PM2.5),75,82,71,55,49,215,102,98,98,17,25,6,12,0.8,0.8
2022-09-28T03:00:00,1848A,113.1493,29.4251,岳阳市,城陵矶,颗粒物(PM10),72,94,83,48,45,192,88,87,87,22,31,10,13,0.9,0.9
2022-09-28T03:00:00,1849A,113.1497,29.3575,岳阳市,开发区,"颗粒物(PM10),细颗粒物(PM2.5)",62,74,68,44,48,209,89,86,86,24,27,14,12,0.8,0.8
2022-09-28T03:00:00,1850A,113.2621,29.4758,岳阳市,云溪区,"颗粒物(PM10),细颗粒物(PM2.5)",74,98,74,54,42,212,96,85,85,15,19,9,14,0.6,0.6
2022-09-28T03:00:00,1851A,112.9943,29.4402,岳阳市,君山区,颗粒物(PM10),66,82,78,46,47,203,95,91,91,17,22,7,8,0.6,0.7
2022-09-28T03:00:00,1852A,113.2117,29.355,岳阳市,金凤水库(对照点),颗粒物(PM10),75,100,75,54,40,219,91,84,84,13,16,5,7,0.8,0.8
2022-09-28T03:00:00,1854A,111.6975,28.9703,常德市,市二中,,50,50,68,25,39,184,137,133,133,9,19,6,11,0.5,0.6
2022-09-28T03:00:00,1857A,111.7158,29.1456,常德市,白鹤山(对照点),,43,42,56,22,31,189,137,144,142,7,11,3,5,0.4,0.5
2022-09-28T03:00:00,1858A,110.5319,29.1217,张家界市,永定新区,,49,49,46,25,24,143,84,87,86,14,16,3,4,0.4,0.4
2022-09-28T03:00:00,1859A,110.4697,29.1242,张家界市,电业局,,45,45,37,21,20,148,133,140,131,9,14,5,5,0.4,0.4
2022-09-28T03:00:00,1860A,110.5594,29.3547,张家界市,未央路,,35,35,32,13,11,132,60,74,66,8,9,3,4,0.3,0.3
2022-09-28T03:00:00,1861A,110.4417,29.315,张家界市,袁家界(对照点),,50,38,31,35,23,154,123,151,140,11,13,8,9,0.5,0.6
2022-09-28T03:00:00,1862A,110.4144,25.3167,桂林市,电子科大尧山校区(对照点),臭氧1小时,72,76,63,38,38,182,177,175,174,9,8,11,8,0.6,0.6
2022-09-28T03:00:00,1863A,110.2819,25.2697,桂林市,监测站,颗粒物(PM10),58,65,65,35,38,186,164,159,159,10,13,10,10,0.7,0.7
2022-09-28T03:00:00,1864A,110.3089,25.2708,桂林市,龙隐路小学,细颗粒物(PM2.5),59,65,58,42,40,185,158,172,163,10,9,9,10,0.4,0.4
2022-09-28T03:00:00,1865A,110.2869,25.2178,桂林市,八中,颗粒物(PM10),65,79,67,46,38,188,158,166,159,13,14,6,9,0.8,0.6
2022-09-28T03:00:00,1866A,109.2262,21.588,北海市,牛尾岭水库(对照点),,,,,,,,,,,,,,,,
2022-09-28T03:00:00,1867A,109.1436,21.4086,北海市,海滩公园,颗粒物(PM10),63,76,78,44,47,176,99,106,103,17,12,13,9,0.7,0.8
2022-09-28T03:00:00,1868A,109.0981,21.4661,北海市,新市环保局,细颗粒物(PM2.5),73,69,72,53,56,171,106,107,107,16,12,17,10,0.7,0.8
2022-09-28T03:00:00,1869A,109.1778,21.5233,北海市,北海工业园,细颗粒物(PM2.5),85,81,85,63,58,163,80,76,75,14,14,14,13,0.7,0.8
2022-09-28T03:00:00,1870A,109.4856,24.3895,柳州市,柳东小学,颗粒物(PM10),56,61,63,37,43,182,118,114,114,13,9,14,9,0.6,0.7
2022-09-28T03:00:00,1871A,109.4157,24.3277,柳州市,环保监测站,,,,77,,43,175,,109,109,,23,,13,,0.7
2022-09-28T03:00:00,1872A,109.389,24.341,柳州市,河西水厂,细颗粒物(PM2.5),67,78,93,48,54,164,73,56,56,28,27,11,17,1.0,1.1
2022-09-28T03:00:00,1873A,109.4311,24.2921,柳州市,市四中,颗粒物(PM10),57,63,80,34,42,178,118,107,107,13,16,12,13,0.8,0.9
2022-09-28T03:00:00,1874A,109.4006,24.3631,柳州市,市九中,颗粒物(PM10),59,67,85,39,50,169,85,95,88,27,27,11,14,1.0,1
2022-09-28T03:00:00,1875A,109.4958,24.3134,柳州市,古亭山,颗粒物(PM10),55,60,63,30,39,191,147,143,143,14,21,17,12,0.8,0.8
2022-09-28T03:00:00,1876A,109.5078,18.2489,三亚市,河东子站,,19,5,16,2,9,73,60,59,59,2,6,2,3,0.4,0.5
2022-09-28T03:00:00,1877A,109.4964,18.2681,三亚市,河西子站,,18,1,20,2,11,75,57,55,55,2,7,2,2,0.3,0.4
2022-09-28T03:00:00,1878A,104.7778,31.4741,绵阳市,富乐山,,15,15,12,9,6,88,28,35,31,8,8,5,5,0.5,0.5
2022-09-28T03:00:00,1879A,104.7563,31.4535,绵阳市,市人大,,,,13,,8,50,,46,,,18,,4,,0.6
2022-09-28T03:00:00,1880A,104.6697,31.4668,绵阳市,高新区自来水公司,,45,45,28,18,11,83,23,29,26,19,19,6,6,0.7,0.6
2022-09-28T03:00:00,1881A,104.7287,31.5075,绵阳市,三水厂,,25,25,17,15,9,87,29,34,31,16,19,6,4,0.5,0.5
2022-09-28T03:00:00,1882A,104.563,28.793,宜宾市,石马中学(对照点),,38,38,23,21,14,66,0,1,0,29,20,4,6,0.7,0.6
2022-09-28T03:00:00,1883A,104.6201,28.7728,宜宾市,市委,,32,32,24,16,15,62,9,6,6,29,32,7,6,0.5,0.5
2022-09-28T03:00:00,1884A,104.6055,28.793,宜宾市,宜宾四中,,32,32,25,17,18,71,10,6,6,24,21,6,5,0.5,0.5
2022-09-28T03:00:00,1885A,104.639,28.7562,宜宾市,市政府,,20,20,23,14,17,66,31,28,28,16,24,7,7,0.4,0.5
2022-09-28T03:00:00,1886A,104.5742,28.7199,宜宾市,黄金嘴,,22,22,21,13,14,71,23,17,17,16,21,10,8,0.6,0.6
2022-09-28T03:00:00,1888A,101.6891,26.571,攀枝花市,弄弄坪,,41,41,49,22,27,113,42,40,40,16,27,10,17,0.8,1
2022-09-28T03:00:00,1889A,101.5769,26.5928,攀枝花市,河门口,颗粒物(PM10),52,53,32,28,17,114,4,31,14,61,22,93,22,4.5,1.6
2022-09-28T03:00:00,1890A,101.7169,26.585,攀枝花市,炳草岗,,46,35,38,32,24,110,38,47,43,19,26,18,29,0.8,0.9
2022-09-28T03:00:00,1891A,101.7369,26.5008,攀枝花市,仁和,,19,17,26,13,17,87,20,25,22,9,11,8,9,0.6,0.6
2022-09-28T03:00:00,1893A,105.4324,28.9634,泸州市,九狮山(对照点),,29,15,23,20,20,56,22,21,21,16,14,10,13,0.4,0.3
2022-09-28T03:00:00,1894A,105.4427,28.9063,泸州市,小市上码头,,43,35,26,30,21,60,39,38,38,16,20,7,6,0.4,0.4
2022-09-28T03:00:00,1895A,105.4241,28.8573,泸州市,兰田宪桥,,30,30,22,17,13,70,34,27,27,15,14,6,10,0.4,0.5
2022-09-28T03:00:00,1896A,105.4379,28.8833,泸州市,市环监站,,34,34,24,22,15,62,38,37,37,13,17,26,10,0.4,0.5
2022-09-28T03:00:00,1897A,104.7547,29.3628,自贡市,大塘山(对照点),,,,,,,,,,,,,,,,
2022-09-28T03:00:00,1900A,104.7692,29.3411,自贡市,春华路,,,,,,,,,,,,,,,,
2022-09-28T03:00:00,1901A,104.4239,31.1208,德阳市,东山公园,,28,28,24,8,11,85,15,26,22,35,18,4,5,0.8,0.7
2022-09-28T03:00:00,1902A,104.3826,31.1317,德阳市,西小区,,43,43,32,14,8,88,14,20,15,36,22,3,2,0.5,0.6
2022-09-28T03:00:00,1903A,104.4053,31.1167,德阳市,市检察院,,,,,,,,,,,,,,,,
2022-09-28T03:00:00,1904A,104.3553,31.1091,德阳市,耐火材料厂,,39,39,27,16,11,86,3,18,11,47,25,7,6,0.7,0.6
2022-09-28T03:00:00,1905A,106.056,30.8064,南充市,西山风景区(对照点),,18,1,9,9,9,58,56,56,56,14,13,3,2,0.5,0.5
2022-09-28T03:00:00,1906A,106.0789,30.8023,南充市,南充市委,,14,14,19,7,8,70,41,47,42,4,7,2,2,0.5,0.5
2022-09-28T03:00:00,1907A,106.1031,30.8217,南充市,南充炼油厂,,24,24,24,11,7,66,27,34,32,12,9,6,5,0.3,0.3
2022-09-28T03:00:00,1908A,106.1064,30.7856,南充市,高坪区监测站,,16,16,14,10,10,69,40,48,45,8,9,2,3,0.4,0.4
2022-09-28T03:00:00,1909A,106.0642,30.7636,南充市,嘉陵区环保局,,14,11,15,8,6,71,43,44,44,6,7,3,2,0.4,0.4
2022-09-28T03:00:00,1910A,106.1087,30.8388,南充市,市环境监测站,,20,20,18,13,15,76,50,57,52,9,8,1,7,0.6,0.5
2022-09-28T03:00:00,1911A,106.9222,27.6869,遵义市,丁字口,,17,12,22,10,12,63,52,54,53,4,11,5,6,0.3,0.4
2022-09-28T03:00:00,1912A,106.9242,27.7019,遵义市,凤凰山,,19,11,15,5,10,62,60,60,59,7,13,4,4,0.4,0.6
2022-09-28T03:00:00,1913A,106.8906,27.6486,遵义市,忠庄,,16,15,20,8,13,49,49,47,47,7,17,3,3,0.3,0.4
2022-09-28T03:00:00,1914A,106.9231,27.6506,遵义市,舟水桥,,19,9,25,9,11,63,60,54,54,11,22,2,2,0.6,0.8
2022-09-28T03:00:00,1915A,106.9178,27.72,遵义市,干田坝,,20,16,18,5,15,63,63,61,61,5,13,5,5,0.3,0.5
2022-09-28T03:00:00,1916A,103.7897,25.5035,曲靖市,环境监测站,,41,41,33,22,23,132,75,92,85,11,10,3,3,0.6,0.6
2022-09-28T03:00:00,1917A,103.8,25.5364,曲靖市,烟厂办公区,,34,34,31,20,19,132,45,90,75,6,8,5,5,0.5,0.5
2022-09-28T03:00:00,1918A,108.7197,34.3956,咸阳市,气象站(对照点),颗粒物(PM10),56,62,69,17,29,78,3,3,3,61,56,8,7,0.8,0.9
2022-09-28T03:00:00,1919A,108.673,34.3155,咸阳市,实验中学,,50,50,71,13,28,105,3,3,3,52,40,5,4,0.6,0.7
2022-09-28T03:00:00,1920A,108.7233,34.3617,咸阳市,师范学院,颗粒物(PM10),55,59,72,18,29,96,0,0,0,49,47,7,6,0.6,0.7
2022-09-28T03:00:00,1922A,109.0656,35.0994,铜川市,党校(对照点),,34,34,67,13,22,98,7,4,4,39,46,9,11,0.3,0.5
2022-09-28T03:00:00,1923A,109.0697,35.0697,铜川市,王益区政府,,42,42,55,11,22,136,8,7,7,32,37,10,11,0.4,0.6
2022-09-28T03:00:00,1924A,108.9344,34.9058,铜川市,新区管委会,,16,14,42,10,20,125,51,55,53,13,24,6,10,0.0,0.4
2022-09-28T03:00:00,1925A,108.9589,34.8731,铜川市,新区兰芝公司,,,,,,,,,,,,,,,,
2022-09-28T03:00:00,1926A,109.4131,36.6275,延安市,枣园(对照点),,45,45,33,21,15,130,6,5,5,23,23,4,5,0.6,0.5
2022-09-28T03:00:00,1927A,109.4761,36.6028,延安市,延大医附院,,38,36,36,26,15,132,2,4,3,30,32,4,4,0.5,0.5
2022-09-28T03:00:00,1928A,109.4824,36.5767,延安市,市监测站,,,,,,,,,,,,,,,,
2022-09-28T03:00:00,1929A,109.5056,36.6106,延安市,百米大道,,50,50,49,31,15,125,27,36,32,37,36,6,6,0.6,0.7
2022-09-28T03:00:00,1930A,107.185,34.3063,宝鸡市,庙沟村(对照点),,15,12,24,5,12,93,48,58,49,18,15,5,5,0.2,0.3
2022-09-28T03:00:00,1931A,107.0708,34.3017,宝鸡市,竹园沟,,12,12,24,4,15,117,29,40,34,15,20,5,5,0.2,0.4
2022-09-28T03:00:00,1932A,107.1906,34.3672,宝鸡市,三陆医院,,42,42,48,25,23,103,5,10,8,39,34,17,10,0.5,0.6
2022-09-28T03:00:00,1933A,107.1431,34.3547,宝鸡市,监测站,,20,20,34,9,16,102,22,28,25,23,30,6,7,0.3,0.4
2022-09-28T03:00:00,1934A,107.1186,34.3739,宝鸡市,技工学校,,28,25,41,19,21,104,22,28,25,20,26,5,6,0.3,0.5
2022-09-28T03:00:00,1935A,107.3906,34.3528,宝鸡市,陈仓区环保局家属楼,,36,36,58,15,26,110,2,2,2,48,42,5,7,0.5,0.6
2022-09-28T03:00:00,1936A,107.2058,34.3497,宝鸡市,文理学院,,29,29,41,13,22,111,28,31,29,26,34,6,7,0.4,0.5
2022-09-28T03:00:00,1937A,107.2386,34.3622,宝鸡市,三迪小学,,37,37,52,15,26,93,17,19,18,37,43,7,8,0.3,0.5
2022-09-28T03:00:00,1938A,109.5293,34.5101,渭南市,农科所(对照点),,18,5,74,9,43,119,57,54,54,22,39,8,10,0.1,0.4
2022-09-28T03:00:00,1939A,109.4974,34.4877,渭南市,日报社,,29,24,71,12,39,102,59,33,33,57,52,10,11,0.4,0.6
2022-09-28T03:00:00,1940A,109.4636,34.493,渭南市,体育馆,,24,24,80,8,43,106,36,26,26,44,51,4,8,0.2,0.5
2022-09-28T03:00:00,1941A,109.4259,34.5023,渭南市,高新一小,,35,28,94,9,47,105,10,22,13,69,45,8,11,0.4,0.7
2022-09-28T03:00:00,1943A,102.1725,38.5339,金昌市,新川苑,,50,50,67,15,24,113,67,77,72,20,29,6,21,0.9,0.7
2022-09-28T03:00:00,1944A,102.1692,38.5167,金昌市,天庆家园,,23,23,60,8,17,118,65,83,77,25,29,5,27,0.7,0.7
2022-09-28T03:00:00,1945A,98.2908,39.7711,嘉峪关市,气象局,颗粒物(PM10),52,53,40,17,12,128,73,69,69,10,20,5,6,0.3,0.4
2022-09-28T03:00:00,1947A,106.3394,38.817,石嘴山市,沙湖旅游区(对照点),颗粒物(PM10),54,57,91,27,38,145,22,39,33,54,46,10,11,0.6,0.9
2022-09-28T03:00:00,1948A,106.3668,39.0145,石嘴山市,大武口朝阳西街,颗粒物(PM10),57,64,82,29,36,181,20,23,18,66,55,10,41,0.9,1.5
2022-09-28T03:00:00,1949A,106.7704,39.2282,石嘴山市,惠农南大街,,26,26,62,14,28,156,48,39,39,23,41,8,19,0.3,0.6
2022-09-28T03:00:00,1950A,106.7099,39.1325,石嘴山市,红果子镇惠新街,颗粒物(PM10),55,60,83,22,26,163,47,64,58,35,39,60,28,0.6,0.7
2022-09-28T03:00:00,1951A,84.895,45.6094,克拉玛依市,长征新村,,24,12,33,9,5,105,76,86,82,2,3,5,5,0.1,0.1
2022-09-28T03:00:00,1952A,84.8988,45.5893,克拉玛依市,南林小区,,24,4,36,13,12,111,76,89,83,4,5,1,2,0.2,0.2
2022-09-28T03:00:00,1953A,85.1186,45.6886,克拉玛依市,白碱滩区,,,,,,,,,,,,,,,,
2022-09-28T03:00:00,1954A,84.905,44.3396,克拉玛依市,独山子区,颗粒物(PM10),79,108,61,24,16,101,70,74,73,6,12,8,9,0.3,0.3
2022-09-28T03:00:00,1955A,85.6979,46.098,克拉玛依市,乌尔禾区商贸楼,,22,20,53,9,11,101,70,78,75,2,9,5,5,0.2,0.2
2022-09-28T03:00:00,1956A,86.1472,41.7538,巴音郭楞州,孔雀公园,颗粒物(PM10),64,78,97,33,31,118,33,32,32,36,19,3,3,0.2,0.2
2022-09-28T03:00:00,1957A,86.1972,41.7166,巴音郭楞州,棉纺厂,颗粒物(PM10),53,56,111,25,36,116,67,68,66,13,7,4,4,0.1,0.2
2022-09-28T03:00:00,1958A,86.2357,41.7173,巴音郭楞州,经济开发区,,33,33,89,20,30,115,82,80,80,5,6,6,6,0.2,0.2
2022-09-28T03:00:00,1959A,118.746,36.881,寿光市,监测站,,,,,,,,,,,,,,,,
2022-09-28T03:00:00,1960A,118.780,36.864,寿光市,世纪学校,,,,,,,,,,,,,,,,
2022-09-28T03:00:00,1961A,117.532,36.6868,济南市,东山小学,颗粒物(PM10),85,120,107,54,42,267,76,112,86,52,44,19,11,0.9,0.6
2022-09-28T03:00:00,1962A,117.541,36.710,章丘市,明水开发区,,,,,,,,,,,,,,,,
2022-09-28T03:00:00,1963A,120.610,36.440,即墨市,环保局子站,,,,,,,,,,,,,,,,
2022-09-28T03:00:00,1964A,120.470,36.390,即墨市,开发区子站,,,,,,,,,,,,,,,,
2022-09-28T03:00:00,1965A,120.005,35.878,胶南市,JN子站,,,,,,,,,,,,,,,,
2022-09-28T03:00:00,1966A,120.0405,35.8735,青岛市,黄岛区4号,,36,36,30,24,13,153,55,58,55,42,31,6,6,0.5,0.5
2022-09-28T03:00:00,1967A,120.008,36.283,胶州市,胶州环保局,,,,,,,,,,,,,,,,
2022-09-28T03:00:00,1968A,120.014,36.253,胶州市,胶州一中,,,,,,,,,,,,,,,,
2022-09-28T03:00:00,1969A,120.537,36.865,莱西市,环保局子站,,,,,,,,,,,,,,,,
2022-09-28T03:00:00,1970A,120.515,36.885,莱西市,人民广场子站,,,,,,,,,,,,,,,,
2022-09-28T03:00:00,1971A,119.952,36.792,平度市,1号,,,,,,,,,,,,,,,,
2022-09-28T03:00:00,1972A,119.976,36.799,平度市,2号,,,,,,,,,,,,,,,,
2022-09-28T03:00:00,1973A,120.747,37.825,蓬莱市,蓬莱环保局,,,,,,,,,,,,,,,,
2022-09-28T03:00:00,1974A,120.773,37.809,蓬莱市,蓬莱博物馆,,,,,,,,,,,,,,,,
2022-09-28T03:00:00,1975A,120.399,37.374,招远市,招远环保局,,,,,,,,,,,,,,,,
2022-09-28T03:00:00,1976A,120.394,37.364,招远市,招远教育局,,,,,,,,,,,,,,,,
2022-09-28T03:00:00,1977A,119.941,37.177,莱州市,莱州环保局,,,,,,,,,,,,,,,,
2022-09-28T03:00:00,1978A,119.959,37.180,莱州市,莱州外经委,,,,,,,,,,,,,,,,
2022-09-28T03:00:00,1979A,122.471,37.154,荣成市,荣成市环保局办公楼,,,,,,,,,,,,,,,,
2022-09-28T03:00:00,1980A,122.410,37.161,荣成市,山东成山轮胎公司,,,,,,,,,,,,,,,,
2022-09-28T03:00:00,1981A,122.038,37.197,文登市,文登市环保局,,,,,,,,,,,,,,,,
2022-09-28T03:00:00,1982A,122.0693,37.2174,威海市,文登开发区,,41,41,39,24,19,180,48,72,60,16,21,3,5,0.3,0.4
2022-09-28T03:00:00,1983A,121.531,36.913,乳山市,乳山市环保局,,,,,,,,,,,,,,,,
2022-09-28T03:00:00,1984A,121.544,36.907,乳山市,乳山市气象局,,,,,,,,,,,,,,,,
2022-09-28T03:00:00,1985A,120.636,31.155,吴江市,吴江市环保局,,,,,,,,,,,,,,,,
2022-09-28T03:00:00,1986A,120.635,31.170,吴江市,教师进修学校,,,,,,,,,,,,,,,,
2022-09-28T03:00:00,1987A,120.658,31.172,吴江市,吴江开发区,,,,,,,,,,,,,,,,
2022-09-28T03:00:00,1988A,120.953,31.388,昆山市,昆山实验小学,,,,,,,,,,,,,,,,
2022-09-28T03:00:00,1989A,120.999,31.381,昆山市,震川中学,,,,,,,,,,,,,,,,
2022-09-28T03:00:00,1990A,120.758,31.670,常熟市,海虞子站,,,,,,,,,,,,,,,,
2022-09-28T03:00:00,1991A,120.721,31.671,常熟市,兴福子站,,,,,,,,,,,,,,,,
2022-09-28T03:00:00,1992A,120.734,31.656,常熟市,菱塘子站,,,,,,,,,,,,,,,,
2022-09-28T03:00:00,1993A,120.526,31.874,张家港市,张家港市监测站,,,,,,,,,,,,,,,,
2022-09-28T03:00:00,1994A,120.550,31.882,张家港市,城北小学,,,,,,,,,,,,,,,,
2022-09-28T03:00:00,1995A,121.115,31.453,太仓市,太仓市监测站,,,,,,,,,,,,,,,,
2022-09-28T03:00:00,1996A,121.140,31.422,太仓市,科教新城实小,,,,,,,,,,,,,,,,
2022-09-28T03:00:00,1997A,119.146,31.955,句容市,消防指挥中心,,,,,,,,,,,,,,,,
2022-09-28T03:00:00,1998A,119.180,31.955,句容市,房家坝,,,,,,,,,,,,,,,,
2022-09-28T03:00:00,1999A,120.268,31.920,江阴市,虹桥邮政,,,,,,,,,,,,,,,,
2022-09-28T03:00:00,2000A,120.237,31.909,江阴市,五星公园,,,,,,,,,,,,,,,,
2022-09-28T03:00:00,2001A,120.302,31.920,江阴市,第二实验小学,,,,,,,,,,,,,,,,
2022-09-28T03:00:00,2002A,119.818,31.354,宜兴市,宜兴市环保局,,,,,,,,,,,,,,,,
2022-09-28T03:00:00,2003A,119.794,31.371,宜兴市,宜园,,,,,,,,,,,,,,,,
2022-09-28T03:00:00,2004A,119.579,31.751,金坛市,金坛市环境监测站,,,,,,,,,,,,,,,,
2022-09-28T03:00:00,2005A,119.579,31.737,金坛市,金坛市自来水公司,,,,,,,,,,,,,,,,
2022-09-28T03:00:00,2006A,119.460,31.400,溧阳市,溧阳市东门子站,,,,,,,,,,,,,,,,
2022-09-28T03:00:00,2007A,119.438,31.317,溧阳市,燕山子站,,,,,,,,,,,,,,,,
2022-09-28T03:00:00,2008A,121.173,31.896,海门市,海门市监测站,,,,,,,,,,,,,,,,
2022-09-28T03:00:00,2009A,121.1518,31.89708,海门市,社会福利院,,,,,,,,,,,,,,,,
2022-09-28T03:00:00,2010A,119.7183,30.2366,临安市,市政府,,,,,,,,,,,,,,,,
2022-09-28T03:00:00,2011A,119.6942,30.2311,临安市,四中,,,,,,,,,,,,,,,,
2022-09-28T03:00:00,2012A,119.954,30.054,富阳市,监测站,,,,,,,,,,,,,,,,
2022-09-28T03:00:00,2013A,119.946,30.049,富阳市,富春二小,,,,,,,,,,,,,,,,
2022-09-28T03:00:00,2014A,120.091,29.305,义乌市,江东,,,,,,,,,,,,,,,,
2022-09-28T03:00:00,2015A,120.040,29.334,义乌市,北苑,,,,,,,,,,,,,,,,
2022-09-28T03:00:00,2016A,120.251,29.719,诸暨市,图书馆,,,,,,,,,,,,,,,,
2022-09-28T03:00:00,2017A,120.209,29.732,诸暨市,富林印务,,,,,,,,,,,,,,,,
2022-09-28T03:00:00,2018A,121.989,39.625,瓦房店市,抱龙山庄,,,,,,,,,,,,,,,,
2022-09-28T03:00:00,2019A,122.011,39.617,瓦房店市,东山公园,,,,,,,,,,,,,,,,
2022-09-28T03:00:00,2031A,113.1817,27.9958,株洲市,云田中学,细颗粒物(PM2.5),77,90,68,56,40,248,99,124,111,22,20,9,10,0.9,0.9
2022-09-28T03:00:00,2054A,114.1099,32.1059,信阳市,平桥分局,细颗粒物(PM2.5),88,100,105,65,42,154,77,84,79,25,23,12,11,1.1,1
2022-09-28T03:00:00,2064A,113.9956,32.1271,信阳市,南湾水厂,颗粒物(PM10),69,88,91,48,39,158,97,92,92,18,21,10,9,0.9,0.8
2022-09-28T03:00:00,2065A,114.0775,32.1195,信阳市,市酿酒公司,"颗粒物(PM10),细颗粒物(PM2.5)",65,80,79,47,37,155,86,75,75,18,23,11,10,1.0,1
2022-09-28T03:00:00,2066A,114.0609,32.1399,信阳市,审计局,细颗粒物(PM2.5),69,69,89,50,45,166,86,71,71,18,28,8,8,0.9,0.9
2022-09-28T03:00:00,2067A,114.6613,33.6128,周口市,市环境监测站,颗粒物(PM10),80,110,94,53,38,128,20,26,22,49,33,13,16,0.9,0.9
2022-09-28T03:00:00,2068A,114.6758,33.6347,周口市,周口师范,细颗粒物(PM2.5),112,128,89,84,42,129,5,9,8,66,38,5,13,1.2,0.9
2022-09-28T03:00:00,2069A,114.6546,33.5979,周口市,市运管处,细颗粒物(PM2.5),100,129,100,75,51,134,14,30,23,74,44,7,15,1.1,0.9
2022-09-28T03:00:00,2070A,114.6369,33.6406,周口市,川汇区环保局,细颗粒物(PM2.5),178,170,102,134,63,130,5,20,15,68,34,7,14,1.0,0.7
2022-09-28T03:00:00,2075A,117.6336,24.4674,漳州市,九湖(对照点),,,,,,,,,,,,,,,,
2022-09-28T03:00:00,2160A,112.85,35.5051,晋城市,自来水公司,颗粒物(PM10),75,99,97,51,43,183,86,59,59,26,38,10,13,0.9,1.1
2022-09-28T03:00:00,2161A,112.8318,35.4936,晋城市,白云商贸,颗粒物(PM10),83,116,105,46,40,174,57,54,54,39,44,5,8,0.8,1
2022-09-28T03:00:00,2162A,112.8508,35.4887,晋城市,市环保局,颗粒物(PM10),89,127,99,53,47,182,34,30,30,64,51,8,12,0.8,1
2022-09-28T03:00:00,2163A,112.8676,35.4897,晋城市,技术学院,细颗粒物(PM2.5),89,108,92,66,49,168,15,16,13,88,53,7,7,0.5,0.6
2022-09-28T03:00:00,2164A,112.8271,35.4828,晋城市,泽州一中,,,,,,,,,,,,,,,,
2022-09-28T03:00:00,2165A,112.8453,35.546,晋城市,白马寺 (对照点),,,,,,,,,,,,,,,,
2022-09-28T03:00:00,2166A,112.4397,39.3522,朔州市,平朔,颗粒物(PM10),89,127,101,48,38,145,3,4,4,76,53,12,21,0.7,0.6
2022-09-28T03:00:00,2167A,112.4575,39.3617,朔州市,朔唯,颗粒物(PM10),97,144,123,51,42,142,4,3,3,81,59,16,20,0.6,0.6
2022-09-28T03:00:00,2168A,112.4258,39.3197,朔州市,区政府,颗粒物(PM10),68,85,92,43,31,145,19,33,28,66,45,12,14,0.6,0.6
2022-09-28T03:00:00,2169A,112.4072,39.3278,朔州市,市环保局,颗粒物(PM10),91,132,101,41,26,137,3,18,13,82,49,16,13,0.8,0.7
2022-09-28T03:00:00,2170A,112.4272,39.3681,朔州市,市二中,颗粒物(PM10),108,166,128,48,44,148,2,2,2,73,58,11,18,0.7,0.6
2022-09-28T03:00:00,2171A,112.7532,37.6945,晋中市,锦纶小区,颗粒物(PM10),63,75,92,31,42,225,19,29,22,51,49,10,15,0.5,0.7
2022-09-28T03:00:00,2173A,112.7249,37.7067,晋中市,南都小区,颗粒物(PM10),75,99,110,34,41,219,52,96,69,47,52,18,15,0.7,0.8
2022-09-28T03:00:00,2174A,112.6991,37.6982,晋中市,榆次区政府,颗粒物(PM10),83,115,101,57,44,210,44,88,67,61,49,14,12,1.0,0.9
2022-09-28T03:00:00,2175A,110.9956,35.0147,运城市,运城中学,细颗粒物(PM2.5),110,126,95,83,51,160,46,43,43,31,23,19,16,0.6,0.8
2022-09-28T03:00:00,2176A,111.0233,35.0611,运城市,禹都开发区,,,,,,,,,,,,,,,,
2022-09-28T03:00:00,2178A,110.9686,35.0303,运城市,地区技校,细颗粒物(PM2.5),103,134,100,77,44,172,26,14,14,47,34,16,16,0.4,0.6
2022-09-28T03:00:00,2179A,111.0414,35.1147,运城市,空港新区,颗粒物(PM10),104,158,138,61,58,176,7,13,8,56,42,9,29,0.7,0.9
2022-09-28T03:00:00,2181A,112.7383,38.4519,忻州市,开发区,,47,47,79,24,32,157,21,19,19,47,51,10,15,0.7,0.9
2022-09-28T03:00:00,2182A,112.7003,38.4928,忻州市,会展中心,颗粒物(PM10),57,64,75,34,31,159,6,4,4,54,53,11,16,0.6,0.7
2022-09-28T03:00:00,2183A,111.1406,37.5211,吕梁市,环保局,颗粒物(PM10),61,72,82,22,25,163,5,2,2,62,55,4,5,0.5,0.6
2022-09-28T03:00:00,2185A,111.1297,37.5136,吕梁市,自来水公司,颗粒物(PM10),79,107,104,27,26,153,3,2,2,57,44,3,4,0.5,0.6
2022-09-28T03:00:00,2186A,106.8288,39.6778,乌海市,聚英学校,,,,,,,,,,,,,,,,
2022-09-28T03:00:00,2187A,106.8174,39.6973,乌海市,市林业局,颗粒物(PM10),69,87,79,35,28,199,66,63,63,44,45,84,42,1.1,1
2022-09-28T03:00:00,2188A,106.7907,39.6667,乌海市,中海勃湾学校,颗粒物(PM10),71,91,84,34,27,203,39,33,33,60,57,57,37,1.2,1.1
2022-09-28T03:00:00,2191A,122.2532,43.6801,通辽市,艺术职业学校,颗粒物(PM10),70,89,97,44,44,188,143,156,149,14,26,7,8,0.5,0.6
2022-09-28T03:00:00,2192A,119.7594,49.2261,呼伦贝尔市,区环保局,,32,32,32,11,16,75,25,33,27,25,17,5,5,0.4,0.4
2022-09-28T03:00:00,2194A,107.5936,40.916,巴彦淖尔市,秋林养殖基地(对照点),,,,,,,,,,,,,,,,
2022-09-28T03:00:00,2195A,107.4212,40.761,巴彦淖尔市,附二中,,45,45,48,24,19,156,37,44,40,18,13,7,10,0.4,0.5
2022-09-28T03:00:00,2196A,107.37,40.7372,巴彦淖尔市,市环保大楼,颗粒物(PM10),51,51,50,25,22,165,33,44,37,28,15,5,6,0.5,0.7
2022-09-28T03:00:00,2197A,113.1306,40.9923,乌兰察布市,集宁新区,,45,45,47,23,23,149,57,87,71,40,36,16,15,0.5,0.4
2022-09-28T03:00:00,2200A,122.0392,46.0656,兴安盟,胜华新制药厂,细颗粒物(PM2.5),53,52,43,37,18,142,81,121,101,19,12,3,5,0.6,0.5
2022-09-28T03:00:00,2201A,121.9504,46.0741,兴安盟,科右前旗环保局,细颗粒物(PM2.5),57,41,35,40,19,134,110,130,119,12,13,5,5,0.4,0.3
2022-09-28T03:00:00,2202A,116.1042,43.9317,锡林郭勒盟,市环保监测站,,36,36,37,10,8,136,105,103,103,3,8,8,9,0.2,0.3
2022-09-28T03:00:00,2203A,116.0781,43.9311,锡林郭勒盟,市政府,,38,38,32,12,7,132,96,96,96,5,14,9,9,0.2,0.3
2022-09-28T03:00:00,2204A,105.6467,38.8363,阿拉善盟,西城区西花园(对照点),,34,29,33,13,13,125,106,98,98,5,18,7,7,0.2,0.4
2022-09-28T03:00:00,2205A,105.6985,38.8411,阿拉善盟,蒙二幼,,32,20,34,16,17,125,101,102,100,4,11,7,8,0.3,0.4
2022-09-28T03:00:00,2206A,105.724,38.8516,阿拉善盟,环保局新楼,,36,15,16,12,13,119,114,112,112,5,9,8,8,0.3,0.3
2022-09-28T03:00:00,2207A,121.6094,41.998,阜新市,工业园区,颗粒物(PM10),63,75,107,36,47,210,140,140,140,14,19,16,18,0.9,0.9
2022-09-28T03:00:00,2208A,121.6697,42.0279,阜新市,长青街,细颗粒物(PM2.5),67,77,85,48,51,226,145,146,145,17,22,16,14,0.9,1
2022-09-28T03:00:00,2209A,121.6673,42.0705,阜新市,农业园区,颗粒物(PM10),70,90,104,47,47,206,138,140,139,11,14,12,13,0.7,0.8
2022-09-28T03:00:00,2210A,121.6717,42.0224,阜新市,东苑,颗粒物(PM10),84,118,122,58,54,211,132,134,133,20,28,18,18,1.1,1.2
2022-09-28T03:00:00,2211A,121.6506,42.0498,阜新市,玉龙新城,"颗粒物(PM10),细颗粒物(PM2.5)",69,87,85,50,53,228,143,146,145,14,17,12,13,0.8,0.9
2022-09-28T03:00:00,2212A,123.2,41.1953,辽阳市,宏伟区,,30,13,52,19,27,214,93,88,88,7,22,8,14,0.7,0.9
2022-09-28T03:00:00,2213A,123.1683,41.2495,辽阳市,新华园,,49,49,74,22,36,211,116,111,111,20,38,10,14,0.5,0.8
2022-09-28T03:00:00,2214A,123.2354,41.2639,辽阳市,滨河路,,40,36,69,28,42,245,98,103,101,12,35,4,9,0.7,1
2022-09-28T03:00:00,2215A,123.149,41.2991,辽阳市,铁西工业园,颗粒物(PM10),56,61,84,34,60,232,128,138,135,21,37,11,19,0.7,1.2
2022-09-28T03:00:00,2216A,123.8139,42.3022,铁岭市,汇工街西,颗粒物(PM10),58,66,81,32,38,230,151,143,143,20,29,18,14,1.0,1
2022-09-28T03:00:00,2217A,123.8649,42.2923,铁岭市,水上乐园,细颗粒物(PM2.5),75,75,73,55,51,224,94,120,104,42,31,14,11,1.3,0.9
2022-09-28T03:00:00,2218A,123.8486,42.2867,铁岭市,银州路东段,细颗粒物(PM2.5),64,73,86,46,45,208,138,143,141,28,31,13,10,1.2,1.1
2022-09-28T03:00:00,2219A,123.7153,42.2217,铁岭市,金沙江路北,颗粒物(PM10),61,72,83,40,40,226,70,86,80,57,40,29,20,1.6,1.2
2022-09-28T03:00:00,2220A,120.4318,41.5881,朝阳市,西梁,细颗粒物(PM2.5),80,93,106,59,66,192,133,151,136,17,29,10,13,1.0,1.2
2022-09-28T03:00:00,2221A,120.4521,41.5646,朝阳市,河畔小区,颗粒物(PM10),64,78,95,41,54,200,150,158,153,16,22,11,15,0.9,1.2
2022-09-28T03:00:00,2222A,120.4176,41.5648,朝阳市,八里堡,颗粒物(PM10),69,88,97,46,54,188,119,140,129,19,28,9,13,1.3,1.5
2022-09-28T03:00:00,2223A,120.3806,41.5969,朝阳市,农业园区,细颗粒物(PM2.5),67,78,106,48,58,194,161,162,158,12,31,7,13,1.1,1.4
2022-09-28T03:00:00,2225A,124.4002,43.1713,四平市,一商场,颗粒物(PM10),62,74,88,39,43,216,167,171,169,13,24,11,10,0.7,0.8
2022-09-28T03:00:00,2226A,124.388,43.193,四平市,境园,颗粒物(PM10),61,72,88,37,42,196,150,158,154,14,26,15,10,0.5,0.6
2022-09-28T03:00:00,2227A,125.1358,42.8845,辽源市,环保局,细颗粒物(PM2.5),59,59,77,42,45,202,76,72,72,50,52,12,13,1.1,1.1
2022-09-28T03:00:00,2229A,125.9358,41.7173,通化市,光明,,34,34,50,16,27,151,5,9,7,21,37,11,14,0.9,1.1
2022-09-28T03:00:00,2230A,125.9446,41.7325,通化市,铁路,,42,42,52,19,28,152,6,6,6,31,42,16,16,0.8,1.1
2022-09-28T03:00:00,2231A,126.4219,41.9171,白山市,喜丰,颗粒物(PM10),61,71,66,22,22,131,6,7,6,35,36,9,12,1.2,1.2
2022-09-28T03:00:00,2232A,126.4077,41.9419,白山市,环保局,颗粒物(PM10),56,62,84,21,30,129,11,14,11,24,43,7,12,1.1,1.2
2022-09-28T03:00:00,2233A,124.8006,45.1214,松原市,江南,颗粒物(PM10),56,62,58,33,30,172,154,154,153,9,17,5,5,0.6,0.6
2022-09-28T03:00:00,2234A,124.7965,45.1722,松原市,江北,颗粒物(PM10),56,62,56,33,29,182,154,158,156,9,13,6,5,0.6,0.6
2022-09-28T03:00:00,2235A,122.7911,45.6077,白城市,洮北区环保局,细颗粒物(PM2.5),78,76,44,57,25,163,124,144,137,14,15,7,5,0.8,0.5
2022-09-28T03:00:00,2236A,122.8738,45.5725,白城市,市环保局,颗粒物(PM10),67,83,47,32,22,147,126,131,128,10,10,8,4,0.8,0.5
2022-09-28T03:00:00,2237A,129.47,42.8883,延边朝鲜族自治州,妇幼医院,细颗粒物(PM2.5),54,43,46,38,34,186,7,12,8,18,18,8,9,0.7,0.7
2022-09-28T03:00:00,2238A,129.5055,42.9108,延边朝鲜族自治州,延边医院,,48,47,53,33,29,183,6,36,24,25,23,10,8,0.9,0.8
2022-09-28T03:00:00,2239A,129.3964,42.8881,延边朝鲜族自治州,朝阳川镇医院,,29,29,47,20,26,184,10,12,11,16,20,5,6,0.7,0.7
2022-09-28T03:00:00,2240A,130.9762,45.3001,鸡西市,环保局,颗粒物(PM10),76,101,69,47,24,73,2,1,1,31,32,3,6,0.9,0.6
2022-09-28T03:00:00,2243A,130.9429,45.3039,鸡西市,第一中学,,41,41,56,17,16,77,65,49,49,8,26,4,6,0.2,0.2
2022-09-28T03:00:00,2244A,130.2537,47.3416,鹤岗市,哈啤分公司,,42,42,34,20,11,105,97,100,97,16,19,13,10,0.5,0.4
2022-09-28T03:00:00,2245A,130.2684,47.3086,鹤岗市,斯达机电,,44,44,34,22,12,106,80,90,86,19,13,8,7,0.6,0.4
2022-09-28T03:00:00,2246A,130.3114,47.3388,鹤岗市,东山纸板厂,,42,42,50,26,18,93,62,79,70,18,19,10,11,0.5,0.5
2022-09-28T03:00:00,2247A,130.1097,47.3382,鹤岗市,五号水库(对照点),,28,28,18,11,9,101,55,94,74,6,6,7,7,0.4,0.3
2022-09-28T03:00:00,2248A,131.1511,46.6937,双鸭山市,双合村,,36,36,51,19,20,110,110,103,103,9,16,6,19,0.4,1.1
2022-09-28T03:00:00,2249A,131.1652,46.6191,双鸭山市,南小市,,48,48,34,19,9,109,109,102,102,6,8,5,5,0.4,0.3
2022-09-28T03:00:00,2250A,131.1524,46.6554,双鸭山市,环保局,,37,33,31,14,13,117,117,107,107,7,14,5,8,0.4,0.5
2022-09-28T03:00:00,2251A,131.12,46.5656,双鸭山市,苗圃(对照点),,34,27,20,12,10,110,107,99,99,5,4,5,4,0.5,0.4
2022-09-28T03:00:00,2252A,128.5159,47.4311,伊春市,环保局,臭氧1小时,83,55,23,47,17,186,186,182,182,8,9,10,11,0.7,0.5
2022-09-28T03:00:00,2253A,128.9102,47.7412,伊春市,电力嘉园,臭氧1小时,94,46,27,40,18,195,195,189,189,5,6,10,6,0.7,0.5
2022-09-28T03:00:00,2254A,129.5029,48.471,伊春市,汤旺河国家公园(对照点),颗粒物(PM10),61,72,34,35,12,149,149,148,148,5,4,8,6,0.5,0.3
2022-09-28T03:00:00,2255A,130.2751,46.8028,佳木斯市,佳纺,,,35,28,,36,120,120,113,113,5,8,1,3,0.5,0.3
2022-09-28T03:00:00,2256A,130.3995,46.8307,佳木斯市,发电厂,,,,,,,,,,,,,,,,
2022-09-28T03:00:00,2257A,130.3258,46.7975,佳木斯市,环保局,,,,,,,,,,,,,,,,
2022-09-28T03:00:00,2258A,130.3648,46.8032,佳木斯市,十一中,,35,32,20,21,11,116,110,105,105,5,10,4,4,0.5,0.4
2022-09-28T03:00:00,2259A,130.3794,46.7588,佳木斯市,四丰(对照点),,,27,16,22,8,109,107,101,101,,,1,1,0.4,0.2
2022-09-28T03:00:00,2262A,131.0518,45.8751,七台河市,新一中(对照点),,,,,,,116,29,34,32,,,8,9,,
2022-09-28T03:00:00,2263A,127.4833,50.2524,黑河市,交通局,,,,7,,4,35,,38,,,2,,5,,0.4
2022-09-28T03:00:00,2264A,127.5144,50.2341,黑河市,环保局,,20,19,13,13,9,89,62,63,63,3,6,6,7,0.2,0.4
2022-09-28T03:00:00,2265A,127.5291,50.2472,黑河市,大黑河岛(对照点),,20,14,19,10,8,91,62,61,61,2,2,4,5,0.2,0.3
2022-09-28T03:00:00,2266A,126.9785,46.6365,绥化市,人和东街,细颗粒物(PM2.5),75,74,60,55,29,179,130,179,157,13,15,10,7,0.9,0.6
2022-09-28T03:00:00,2267A,126.964,46.6528,绥化市,党政办公中心,细颗粒物(PM2.5),102,82,59,76,35,180,162,180,173,12,15,7,7,0.9,0.6
2022-09-28T03:00:00,2269A,124.1069,50.4097,大兴安岭地区,科技局,,16,7,7,9,8,60,50,58,54,4,6,4,3,0.3,0.3
2022-09-28T03:00:00,2270A,117.396,32.939,蚌埠市,工人疗养院,颗粒物(PM10),57,63,64,39,32,122,55,64,61,15,18,7,8,0.4,0.3
2022-09-28T03:00:00,2271A,117.3605,32.9427,蚌埠市,百货大楼,,40,40,44,22,22,119,65,70,68,19,22,8,9,0.4,0.4
2022-09-28T03:00:00,2273A,117.4185,32.8911,蚌埠市,蚌埠学院,颗粒物(PM10),51,52,60,31,27,120,21,30,27,55,46,18,19,0.5,0.4
2022-09-28T03:00:00,2274A,117.3533,32.9673,蚌埠市,淮上区政府,,48,48,52,27,25,119,62,72,68,15,16,8,9,0.4,0.3
2022-09-28T03:00:00,2275A,117.3145,32.8977,蚌埠市,高新区,,39,36,43,27,24,131,77,74,74,17,26,8,10,0.4,0.4
2022-09-28T03:00:00,2277A,116.8305,32.7727,淮南市,潘集区政府,颗粒物(PM10),55,60,56,35,32,130,43,48,44,20,20,6,6,0.3,0.3
2022-09-28T03:00:00,2278A,117.0067,32.6524,淮南市,师范学院,,47,47,50,32,35,137,39,41,39,25,20,10,12,0.7,0.7
2022-09-28T03:00:00,2279A,116.8569,32.5951,淮南市,谢家集区政府,,45,44,52,31,23,138,41,50,46,29,24,10,10,0.5,0.5
2022-09-28T03:00:00,2280A,116.8281,32.633,淮南市,八公山区政府,颗粒物(PM10),51,52,44,35,26,138,31,42,36,26,21,10,13,0.4,0.4
2022-09-28T03:00:00,2281A,116.6325,32.6201,淮南市,焦岗湖风景区管理处(对照点),颗粒物(PM10),52,54,50,30,24,132,22,32,27,30,20,15,15,0.3,0.2
2022-09-28T03:00:00,2282A,116.8004,33.975,淮北市,监测站,颗粒物(PM10),51,51,43,21,21,122,76,79,78,14,16,7,7,0.5,0.5
2022-09-28T03:00:00,2283A,116.8091,33.9007,淮北市,烈山区政府,颗粒物(PM10),54,57,42,22,19,135,60,53,53,29,20,5,6,0.4,0.4
2022-09-28T03:00:00,2284A,116.7856,33.9477,淮北市,职业技术学院,,48,48,44,19,19,123,69,87,80,20,22,7,8,0.7,0.6
2022-09-28T03:00:00,2285A,117.8177,30.9412,铜陵市,市第四中学,,49,49,56,20,28,165,86,93,90,20,25,4,5,0.3,0.5
2022-09-28T03:00:00,2286A,117.8059,30.9273,铜陵市,市公路局,颗粒物(PM10),51,52,60,29,30,166,89,95,92,15,21,6,7,0.4,0.6
2022-09-28T03:00:00,2287A,117.7807,30.9413,铜陵市,市新民污水厂,,45,45,52,23,24,172,68,97,84,37,27,8,8,0.4,0.5
2022-09-28T03:00:00,2288A,117.7439,30.8792,铜陵市,市第九中学,颗粒物(PM10),61,72,75,26,31,164,57,101,82,38,31,11,14,0.6,0.9
2022-09-28T03:00:00,2289A,117.846,30.9413,铜陵市,车站新区,,46,46,50,18,28,168,84,93,89,15,22,5,6,0.4,0.5
2022-09-28T03:00:00,2290A,117.8483,30.97,铜陵市,市职教基地,,45,45,51,23,27,172,75,88,83,18,21,5,7,0.6,0.8
2022-09-28T03:00:00,2291A,117.0809,30.5177,安庆市,环科院,,48,48,54,30,31,204,106,120,113,14,17,8,9,0.8,1
2022-09-28T03:00:00,2292A,117.0331,30.5119,安庆市,马山宾馆,,44,44,49,27,29,204,109,123,116,15,17,6,8,0.7,0.9
2022-09-28T03:00:00,2294A,116.9896,30.6145,安庆市,安庆大学,细颗粒物(PM2.5),58,52,46,41,30,191,93,115,103,16,17,6,9,0.7,0.8
2022-09-28T03:00:00,2295A,118.2903,29.6963,黄山市,延安路89号,,38,38,39,6,20,178,43,43,42,16,12,8,9,0.4,0.4
2022-09-28T03:00:00,2296A,118.327,29.7178,黄山市,黄山东路89号,,35,30,35,21,18,169,109,113,112,14,14,8,8,0.1,0.1
2022-09-28T03:00:00,2297A,118.1371,30.2756,黄山市,黄山区政府5号楼,,43,43,51,23,23,160,42,49,46,13,12,8,8,0.3,0.3
2022-09-28T03:00:00,2298A,118.3093,32.3153,滁州市,老年大学,,40,40,40,24,27,142,47,54,51,22,23,9,10,0.3,0.4
2022-09-28T03:00:00,2299A,118.3244,32.2786,滁州市,人大宾馆,,42,42,51,21,25,169,44,55,51,31,34,6,6,0.4,0.4
2022-09-28T03:00:00,2301A,115.8277,32.8929,阜阳市,市监测站,细颗粒物(PM2.5),83,113,68,61,34,127,39,47,39,48,27,30,12,1.7,0.8
2022-09-28T03:00:00,2303A,115.8554,32.8605,阜阳市,开发区,颗粒物(PM10),62,74,71,42,37,124,42,61,50,44,27,6,8,0.4,0.4
2022-09-28T03:00:00,2306A,116.989,33.6306,宿州市,火车站,,,,,,,,,,,,,,,,
2022-09-28T03:00:00,2307A,116.5079,31.737,六安市,监测大楼,,42,42,51,19,21,163,51,58,55,15,17,10,10,0.3,0.4
2022-09-28T03:00:00,2308A,116.4738,31.7643,六安市,皖西学院,颗粒物(PM10),52,54,51,20,18,174,52,70,61,14,14,10,10,0.3,0.4
2022-09-28T03:00:00,2309A,116.4996,31.7905,六安市,朝阳厂,,40,40,44,20,24,163,44,63,53,19,19,17,15,0.4,0.5
2022-09-28T03:00:00,2310A,116.5567,31.7886,六安市,开发区,颗粒物(PM10),55,60,60,29,26,160,46,54,51,20,23,8,9,0.4,0.5
2022-09-28T03:00:00,2311A,115.8072,33.8399,亳州市,污水处理厂,细颗粒物(PM2.5),62,67,52,44,29,126,39,55,48,18,19,14,11,0.6,0.5
2022-09-28T03:00:00,2312A,115.7789,33.8518,亳州市,三国揽胜宫,细颗粒物(PM2.5),80,93,52,59,28,128,17,62,29,47,21,4,7,1.0,0.8
2022-09-28T03:00:00,2314A,117.47,30.6618,池州市,池州学院,颗粒物(PM10),51,52,55,29,34,192,57,62,58,31,28,12,10,0.5,0.7
2022-09-28T03:00:00,2315A,117.4974,30.6539,池州市,平天湖(对照点),,,,,,,,,,,,,,,,
2022-09-28T03:00:00,2316A,118.7581,30.9454,宣城市,鳌峰子站,,41,41,40,14,19,136,54,59,56,36,28,5,6,0.5,0.6
2022-09-28T03:00:00,2317A,118.7385,30.9743,宣城市,敬亭山子站,,38,38,42,19,20,128,39,62,52,26,27,9,8,0.4,0.4
2022-09-28T03:00:00,2318A,118.7173,30.9427,宣城市,开发区子站,,35,35,39,20,20,135,56,64,60,25,22,5,6,0.5,0.5
2022-09-28T03:00:00,2319A,119.0141,25.4325,莆田市,荔城区仓后路,,20,16,25,9,13,99,61,66,63,5,8,4,5,0.5,0.6
2022-09-28T03:00:00,2320A,119.0015,25.4553,莆田市,莆田市监测站,,26,11,19,18,18,104,57,61,58,2,2,4,5,0.6,0.6
2022-09-28T03:00:00,2321A,119.1119,25.4561,莆田市,涵江区六中,,22,15,21,15,14,97,63,64,63,2,3,5,5,0.5,0.6
2022-09-28T03:00:00,2322A,119.1013,25.3215,莆田市,秀屿区政府,,20,20,26,12,15,113,64,71,67,1,3,6,6,0.7,0.7
2022-09-28T03:00:00,2323A,118.981,25.4792,莆田市,东圳水库(对照点),,,,,,,,,,,,,,,,
2022-09-28T03:00:00,2324A,117.6211,26.2625,三明市,三钢,,25,22,23,17,17,92,35,38,36,20,14,4,6,0.2,0.3
2022-09-28T03:00:00,2325A,117.635,26.2714,三明市,三明二中,,19,15,20,13,14,91,31,34,33,20,12,4,5,0.7,0.6
2022-09-28T03:00:00,2326A,117.6028,26.2378,三明市,三元区政府,,42,42,27,21,17,89,19,22,21,32,18,8,8,1.6,0.6
2022-09-28T03:00:00,2327A,117.7275,26.3108,三明市,洋溪(对照点),,,,,,,,,,,,,,,,
2022-09-28T03:00:00,2331A,118.0966,26.6761,南平市,茫荡山(对照点),,,,,,,,,,,,,,,,
2022-09-28T03:00:00,2332A,118.1681,26.6369,南平市,南平市监测站,,26,26,21,10,15,98,60,63,62,11,9,8,7,0.3,0.3
2022-09-28T03:00:00,2333A,118.1825,26.6489,南平市,南平铝业有限公司,,28,28,24,17,17,95,31,55,47,23,11,10,8,0.6,0.5
2022-09-28T03:00:00,2334A,118.1756,26.6272,南平市,南平七中,,20,20,23,14,14,106,59,63,61,11,7,7,8,0.4,0.4
2022-09-28T03:00:00,2335A,117.0189,25.1181,龙岩市,龙岩师专(对照点),,,,,,,,,,,,,,,,
2022-09-28T03:00:00,2336A,117.0217,25.1033,龙岩市,龙岩市监测站,,40,40,26,18,14,111,44,58,46,26,17,8,11,0.4,0.4
2022-09-28T03:00:00,2337A,117.0258,25.0661,龙岩市,闽西职业技术学院,,48,48,30,19,14,109,26,54,38,33,17,34,15,0.6,0.4
2022-09-28T03:00:00,2338A,117.0196,25.0306,龙岩市,龙岩学院,,31,31,26,18,13,114,48,69,59,16,17,6,8,0.3,0.4
2022-09-28T03:00:00,2339A,119.5001,26.6946,宁德市,金涵水库(对照点),,,,,,,,,,,,,,,,
2022-09-28T03:00:00,2341A,119.5388,26.6612,宁德市,宁德市监测站,,48,48,32,19,16,145,56,76,62,17,11,14,8,0.6,0.5
2022-09-28T03:00:00,2342A,117.3102,29.3867,景德镇市,王港中学(对照点),,50,46,38,35,28,193,44,67,52,8,8,5,5,0.4,0.3
2022-09-28T03:00:00,2343A,117.2117,29.2933,景德镇市,老干部活动中心,颗粒物(PM10),57,64,68,36,31,215,123,134,129,12,14,9,9,0.6,0.5
2022-09-28T03:00:00,2344A,117.1894,29.2789,景德镇市,兽医站,颗粒物(PM10),52,53,56,35,29,222,131,135,134,8,14,8,7,1.0,0.9
2022-09-28T03:00:00,2345A,117.1547,29.2617,景德镇市,台达陶瓷,,47,47,56,32,32,197,116,126,122,12,18,8,14,0.8,0.8
2022-09-28T03:00:00,2346A,117.2461,29.2956,景德镇市,陶研所,颗粒物(PM10),53,56,62,30,29,220,114,136,125,12,14,5,7,0.6,0.7
2022-09-28T03:00:00,2347A,114.0997,27.5002,萍乡市,武功山(对照点),,33,29,40,23,27,163,70,79,73,12,11,12,13,0.5,0.6
2022-09-28T03:00:00,2348A,113.8385,27.6434,萍乡市,中医院,细颗粒物(PM2.5),70,81,70,51,39,194,120,120,119,23,23,29,19,1.1,0.9
2022-09-28T03:00:00,2349A,113.8493,27.6253,萍乡市,市政府车库,细颗粒物(PM2.5),77,79,73,56,45,210,123,122,122,20,24,13,15,0.8,0.9
2022-09-28T03:00:00,2350A,113.8676,27.6435,萍乡市,市环保局,细颗粒物(PM2.5),74,61,68,54,45,202,131,124,124,13,18,19,20,1.0,1
2022-09-28T03:00:00,2351A,113.866,27.6198,萍乡市,安源区政府,细颗粒物(PM2.5),72,67,71,52,43,201,109,112,111,19,21,13,18,0.7,0.8
2022-09-28T03:00:00,2352A,115.0861,27.9317,新余市,北岗(对照点),颗粒物(PM10),58,65,59,40,35,176,57,69,63,21,13,36,25,0.8,0.8
2022-09-28T03:00:00,2353A,114.9886,27.8431,新余市,飞宇,颗粒物(PM10),65,80,66,45,34,169,82,95,89,26,18,54,27,0.7,0.5
2022-09-28T03:00:00,2354A,114.9231,27.8246,新余市,第二水厂,颗粒物(PM10),62,73,68,35,33,163,102,107,105,22,19,27,17,1.1,1
2022-09-28T03:00:00,2355A,114.9308,27.8036,新余市,市气象局,颗粒物(PM10),54,57,60,36,35,175,102,106,104,22,18,28,20,0.7,0.7
2022-09-28T03:00:00,2357A,116.9822,28.1136,鹰潭市,龙虎山(对照点),,48,48,57,29,25,203,56,69,61,25,16,2,4,1.3,1.1
2022-09-28T03:00:00,2358A,117.0564,28.2642,鹰潭市,新监测站,颗粒物(PM10),59,67,61,33,36,227,111,151,133,14,9,5,13,0.7,0.5
2022-09-28T03:00:00,2359A,117.0311,28.2475,鹰潭市,财苑宾馆,颗粒物(PM10),58,65,65,40,37,222,106,125,105,20,14,13,14,0.6,0.5
2022-09-28T03:00:00,2360A,117.0222,28.2264,鹰潭市,体育馆,细颗粒物(PM2.5),64,61,63,46,39,229,102,109,103,21,14,2,6,0.6,0.4
2022-09-28T03:00:00,2361A,117.0017,28.2131,鹰潭市,三川水表,细颗粒物(PM2.5),67,74,66,48,35,226,111,102,102,9,12,5,8,0.3,0.2
2022-09-28T03:00:00,2362A,114.9017,25.9149,赣州市,通天岩(对照点),,46,44,47,32,32,210,121,150,136,8,7,6,9,0.6,0.6
2022-09-28T03:00:00,2363A,114.9367,25.8664,赣州市,地委,颗粒物(PM10),55,59,64,31,37,188,131,135,131,14,18,8,12,0.7,0.7
2022-09-28T03:00:00,2364A,114.9461,25.8481,赣州市,气象台,细颗粒物(PM2.5),53,50,58,37,37,190,143,137,137,5,11,11,21,0.9,0.9
2022-09-28T03:00:00,2365A,114.9322,25.8333,赣州市,市图书馆,颗粒物(PM10),56,62,59,38,35,204,147,143,143,12,13,9,10,0.9,1
2022-09-28T03:00:00,2366A,114.8905,25.8471,赣州市,华坚鞋城,,49,48,60,34,35,199,156,166,161,11,11,10,13,0.7,0.7
2022-09-28T03:00:00,2367A,114.9754,27.0803,吉安市,红声器材厂,颗粒物(PM10),53,56,65,35,36,211,134,169,151,13,14,12,14,0.5,0.5
2022-09-28T03:00:00,2368A,114.9658,27.0999,吉安市,市森林工业局,颗粒物(PM10),58,65,68,38,38,201,134,159,143,10,10,8,11,0.5,0.6
2022-09-28T03:00:00,2369A,114.99,27.1312,吉安市,市环境监测站,颗粒物(PM10),60,70,73,36,64,202,126,158,140,15,16,6,8,0.7,0.6
2022-09-28T03:00:00,2370A,115.0093,27.0968,吉安市,青原区法院,颗粒物(PM10),54,58,67,32,35,198,137,164,151,12,14,15,17,0.5,0.6
2022-09-28T03:00:00,2371A,114.3408,27.8064,宜春市,槟榔水业(对照点),,,,65,,32,120,,109,,,13,,6,,0.6
2022-09-28T03:00:00,2373A,114.3956,27.7844,宜春市,市石油公司,颗粒物(PM10),78,105,77,49,40,192,39,46,43,28,25,4,7,1.4,1.1
2022-09-28T03:00:00,2374A,114.3703,27.7914,宜春市,市气象局,颗粒物(PM10),62,73,70,40,37,199,65,84,78,35,24,7,9,0.7,0.6
2022-09-28T03:00:00,2375A,114.4013,27.8074,宜春市,市广电局,颗粒物(PM10),61,72,70,42,38,189,92,83,83,19,22,7,9,0.4,0.4
2022-09-28T03:00:00,2376A,116.2127,28.0814,抚州市,桐源党溪(对照点),,45,45,54,22,30,221,116,122,120,12,11,2,5,0.7,0.6
2022-09-28T03:00:00,2377A,116.3544,27.9831,抚州市,市站,颗粒物(PM10),51,52,61,32,32,206,132,128,128,11,11,16,16,0.9,0.8
2022-09-28T03:00:00,2378A,116.3565,27.963,抚州市,血防站,颗粒物(PM10),56,62,62,33,34,216,140,145,139,11,11,2,3,1.0,0.8
2022-09-28T03:00:00,2379A,116.3564,28.0007,抚州市,采茶剧团,颗粒物(PM10),53,56,58,32,33,209,122,132,125,13,12,3,5,0.9,0.8
2022-09-28T03:00:00,2380A,116.385,27.9647,抚州市,医学分院,颗粒物(PM10),53,56,61,29,31,185,118,123,119,16,15,4,5,0.9,0.8
2022-09-28T03:00:00,2381A,118.005,28.4572,上饶市,百草园(对照点),,,46,48,26,25,177,99,107,102,12,8,,,0.4,0.4
2022-09-28T03:00:00,2382A,117.9756,28.4436,上饶市,市监测站,颗粒物(PM10),54,57,56,29,25,196,109,116,112,13,12,11,14,0.4,0.6
2022-09-28T03:00:00,2383A,117.9519,28.4628,上饶市,凤凰光学,颗粒物(PM10),52,53,55,26,26,174,97,103,100,17,16,38,18,0.6,0.6
2022-09-28T03:00:00,2385A,114.17,35.9019,鹤壁市,市监测站,颗粒物(PM10),88,126,98,55,41,189,5,26,12,71,40,12,13,1.1,1.1
2022-09-28T03:00:00,2386A,114.2956,35.7511,鹤壁市,市交警支队,颗粒物(PM10),90,129,101,59,40,182,48,54,49,50,52,13,9,0.9,0.7
2022-09-28T03:00:00,2387A,114.2878,35.7306,鹤壁市,迎宾馆,细颗粒物(PM2.5),83,107,95,61,41,184,46,49,45,45,49,13,8,0.8,0.7
2022-09-28T03:00:00,2389A,113.836,35.311,新乡市,环保西院,细颗粒物(PM2.5),113,128,102,85,54,188,22,37,28,74,49,12,12,0.8,0.7
2022-09-28T03:00:00,2390A,113.884,35.272,新乡市,开发区,颗粒物(PM10),83,116,103,58,45,194,18,49,31,93,40,11,12,0.6,0.5
2022-09-28T03:00:00,2391A,113.883,35.303,新乡市,环保东院,颗粒物(PM10),95,139,96,62,42,194,37,58,48,65,40,13,13,0.9,0.7
2022-09-28T03:00:00,2392A,115.0312,35.7636,濮阳市,环保局,"颗粒物(PM10),细颗粒物(PM2.5)",59,68,74,42,43,188,92,94,94,19,28,10,14,0.5,0.6
2022-09-28T03:00:00,2394A,115.0574,35.7609,濮阳市,油田运输公司,颗粒物(PM10),67,84,90,44,44,186,91,97,94,15,31,6,11,0.6,0.7
2022-09-28T03:00:00,2395A,115.0866,35.7754,濮阳市,油田物探公司,颗粒物(PM10),70,89,83,50,48,182,75,84,79,19,25,11,16,0.5,0.6
2022-09-28T03:00:00,2396A,113.8276,34.0159,许昌市,监测站,细颗粒物(PM2.5),100,92,103,75,56,146,38,66,55,39,36,25,17,0.9,0.7
2022-09-28T03:00:00,2398A,113.7906,33.9953,许昌市,开发区,细颗粒物(PM2.5),119,124,108,90,64,132,4,24,16,62,50,13,14,0.9,0.9
2022-09-28T03:00:00,2399A,114.051,33.5699,漯河市,三五一五工厂,细颗粒物(PM2.5),134,127,130,102,76,136,50,62,58,31,38,7,16,0.9,0.9
2022-09-28T03:00:00,2400A,114.0055,33.5698,漯河市,漯河大学,细颗粒物(PM2.5),128,134,128,97,70,148,45,42,42,42,42,8,14,0.7,0.6
2022-09-28T03:00:00,2401A,114.0138,33.5828,漯河市,市水利局,颗粒物(PM10),82,114,119,54,54,143,55,53,49,32,38,11,18,1.0,0.9
2022-09-28T03:00:00,2402A,114.0261,33.5698,漯河市,市广电局,细颗粒物(PM2.5),127,117,120,96,72,143,58,65,63,31,34,7,13,0.9,0.8
2022-09-28T03:00:00,2403A,112.5192,32.9917,南阳市,环保局,颗粒物(PM10),54,58,67,27,29,116,9,11,10,38,30,7,10,0.6,0.6
2022-09-28T03:00:00,2404A,112.5339,33.0086,南阳市,瓦房庄,颗粒物(PM10),57,64,73,37,34,118,6,12,10,44,30,6,8,0.7,0.7
2022-09-28T03:00:00,2405A,112.5003,32.9735,南阳市,汉画馆,颗粒物(PM10),52,54,67,27,31,113,5,6,6,38,33,5,8,0.7,0.7
2022-09-28T03:00:00,2406A,112.5779,33.0144,南阳市,气象站,颗粒物(PM10),55,60,74,31,32,120,7,16,9,53,37,6,10,0.8,0.7
2022-09-28T03:00:00,2407A,112.548,32.9692,南阳市,理工学院,颗粒物(PM10),51,52,66,24,32,116,0,2,1,41,32,4,8,0.7,0.6
2022-09-28T03:00:00,2408A,115.6702,34.4285,商丘市,环境监测站,颗粒物(PM10),69,88,60,33,26,128,3,13,6,71,39,11,10,0.7,0.7
2022-09-28T03:00:00,2409A,115.6458,34.4045,商丘市,粮食局,颗粒物(PM10),79,107,66,39,26,131,4,18,13,87,31,18,10,0.6,0.6
2022-09-28T03:00:00,2410A,115.6293,34.3948,商丘市,睢阳区环保局,颗粒物(PM10),88,125,66,31,21,131,3,4,4,77,37,14,16,0.8,0.8
2022-09-28T03:00:00,2420A,114.0189,32.9656,驻马店市,市一纸厂,颗粒物(PM10),86,122,127,54,64,141,86,85,85,19,28,5,14,0.5,0.6
2022-09-28T03:00:00,2421A,114.0114,33.015,驻马店市,市彩印厂,,,104,108,75,67,141,70,97,82,25,25,4,6,,0.5
2022-09-28T03:00:00,2422A,113.9976,32.9771,驻马店市,天方二分厂,细颗粒物(PM2.5),92,113,128,68,69,144,84,86,84,22,26,6,12,0.5,0.5
2022-09-28T03:00:00,2423A,115.0601,30.2313,黄石市,沈家营,,47,47,70,30,35,224,91,102,96,16,24,10,8,0.7,0.6
2022-09-28T03:00:00,2424A,115.0817,30.2006,黄石市,陈家湾,,50,50,66,32,39,224,85,98,90,18,26,8,8,0.8,0.6
2022-09-28T03:00:00,2426A,114.8988,30.2019,黄石市,铁山,颗粒物(PM10),79,108,89,27,35,230,74,100,87,32,26,12,20,0.6,0.6
2022-09-28T03:00:00,2427A,115.0307,30.2092,黄石市,团城山,颗粒物(PM10),58,66,78,24,33,243,86,92,88,22,30,10,9,0.6,0.5
2022-09-28T03:00:00,2428A,111.0419,32.395,十堰市,武当山(对照点),,25,4,25,3,15,150,77,103,86,20,23,5,6,0.7,0.8
2022-09-28T03:00:00,2429A,110.78,32.6494,十堰市,滨河新村,,28,28,46,16,25,90,41,36,36,12,29,10,9,0.2,0.4
2022-09-28T03:00:00,2430A,110.7258,32.6389,十堰市,刘家沟,,30,30,44,6,23,87,27,36,33,12,17,8,9,0.8,0.8
2022-09-28T03:00:00,2431A,110.8839,32.5714,十堰市,铁二处,,30,30,39,6,19,100,31,34,33,5,16,5,6,0.4,0.5
2022-09-28T03:00:00,2432A,112.155,32.0197,襄阳市,襄城运动路,,32,32,89,21,39,127,55,65,62,24,37,20,12,0.5,0.8
2022-09-28T03:00:00,2433A,112.1392,32.0564,襄阳市,樊城新华路,,39,27,88,27,43,128,72,72,72,15,30,17,13,0.6,0.8
2022-09-28T03:00:00,2434A,112.1825,32.1142,襄阳市,高新管委会,,31,31,102,19,43,132,67,72,71,20,40,7,11,0.6,0.8
2022-09-28T03:00:00,2435A,112.2106,32.0903,襄阳市,襄州航空路,,26,26,96,16,40,136,72,74,73,12,38,10,12,0.8,0.9
2022-09-28T03:00:00,2436A,114.8938,30.3994,鄂州市,市政府,,42,42,79,20,34,190,92,92,91,14,34,9,13,0.5,0.6
2022-09-28T03:00:00,2437A,114.8989,30.3714,鄂州市,赵家坝,,40,40,66,21,32,198,100,99,99,12,24,9,10,0.7,0.7
2022-09-28T03:00:00,2438A,114.8131,30.4133,鄂州市,凡口开发区,,,,,,,,,,,,,,,,
2022-09-28T03:00:00,2439A,112.2014,31.0481,荆门市,竹园小学,,47,47,75,31,36,146,88,94,91,19,24,12,10,0.6,0.7
2022-09-28T03:00:00,2440A,112.1969,30.9891,荆门市,掇刀,,32,32,61,22,28,149,82,84,81,23,19,6,8,0.6,0.7
2022-09-28T03:00:00,2441A,112.2213,31.0386,荆门市,石化一小,细颗粒物(PM2.5),57,62,75,40,39,149,84,94,91,20,20,11,9,0.4,0.5
2022-09-28T03:00:00,2443A,113.9153,30.9285,孝感市,文化路,颗粒物(PM10),65,79,66,40,37,190,100,104,102,15,19,7,7,0.8,0.8
2022-09-28T03:00:00,2444A,113.942,30.9075,孝感市,东城区,颗粒物(PM10),68,86,76,30,32,195,97,101,100,15,17,9,8,0.8,0.8
2022-09-28T03:00:00,2446A,114.9028,30.4742,黄冈市,职工中心,颗粒物(PM10),54,57,71,21,29,212,104,110,106,15,20,6,8,0.6,0.7
2022-09-28T03:00:00,2447A,114.3175,29.8142,咸宁市,森林公园(对照点),,45,45,54,30,30,235,107,116,109,14,9,10,10,0.9,0.9
2022-09-28T03:00:00,2448A,114.3107,29.8454,咸宁市,市发改委,颗粒物(PM10),58,66,68,21,31,233,88,123,106,17,15,11,11,0.9,0.8
2022-09-28T03:00:00,2449A,114.2936,29.8566,咸宁市,咸安区政府,,46,46,50,29,28,252,81,107,95,26,20,12,13,0.8,0.8
2022-09-28T03:00:00,2450A,114.3375,29.8683,咸宁市,长江产业园,,,,,,,,,,,,,,,,
2022-09-28T03:00:00,2451A,113.3583,31.7275,随州市,市委党校,,42,42,76,22,36,170,62,74,68,8,20,7,7,0.6,0.7
2022-09-28T03:00:00,2452A,113.3833,31.6908,随州市,市林业局,,41,41,62,17,33,170,66,77,70,18,25,9,8,0.7,0.9
2022-09-28T03:00:00,2453A,113.3983,31.7308,随州市,市立交桥水厂,,47,47,61,24,37,161,57,80,67,19,20,7,7,0.8,0.9
2022-09-28T03:00:00,2454A,109.4978,30.2981,恩施土家族苗族自治州,湖北民院,,,,32,,20,40,,36,,,8,,7,,0.6
2022-09-28T03:00:00,2455A,109.4707,30.2798,恩施土家族苗族自治州,州电力总公司,,25,21,22,17,12,92,33,39,37,8,11,8,5,0.7,0.7
2022-09-28T03:00:00,2456A,112.5003,26.9167,衡阳市,原169医院(对照点),颗粒物(PM10),64,77,68,44,37,206,132,154,145,14,15,12,12,0.8,0.8
2022-09-28T03:00:00,2457A,112.6194,26.9258,衡阳市,衡阳化工总厂,细颗粒物(PM2.5),64,72,79,46,45,230,154,168,163,10,14,6,13,0.9,1
2022-09-28T03:00:00,2458A,112.6211,26.8956,衡阳市,珠晖区环保局,,,65,66,,,213,141,154,148,18,23,11,16,0.8,0.8
2022-09-28T03:00:00,2459A,112.6197,26.8733,衡阳市,市委党校,颗粒物(PM10),62,73,66,39,41,215,149,175,163,14,15,9,12,0.7,0.8
2022-09-28T03:00:00,2460A,112.6006,26.8919,衡阳市,市监测站,"颗粒物(PM10),细颗粒物(PM2.5)",63,75,76,45,43,218,154,174,165,14,18,6,11,0.8,0.9
2022-09-28T03:00:00,2461A,112.5664,26.9056,衡阳市,真空机电公司,,,71,70,,,219,158,180,168,12,16,8,10,0.8,0.8
2022-09-28T03:00:00,2462A,111.5239,27.3033,邵阳市,市水土所(对照点),细颗粒物(PM2.5),68,62,52,49,46,185,139,151,145,9,9,13,15,0.6,0.6
2022-09-28T03:00:00,2463A,111.4733,27.2317,邵阳市,市一中,细颗粒物(PM2.5),59,57,59,42,35,191,154,167,160,9,13,12,16,0.6,0.6
2022-09-28T03:00:00,2464A,111.5283,27.2442,邵阳市,市化工厂,颗粒物(PM10),57,63,62,37,38,186,147,159,153,8,14,12,17,0.8,0.7
2022-09-28T03:00:00,2465A,111.4503,27.2537,邵阳市,市罐头厂,细颗粒物(PM2.5),58,53,55,41,36,170,147,155,150,9,12,12,17,0.4,0.4
2022-09-28T03:00:00,2466A,111.4328,27.2272,邵阳市,市环保局,颗粒物(PM10),55,59,61,38,36,181,157,169,162,8,13,8,11,0.6,0.6
2022-09-28T03:00:00,2467A,112.4067,28.6428,益阳市,甘溪港(对照点),颗粒物(PM10),65,79,87,45,48,208,97,100,99,12,12,6,7,0.6,0.7
2022-09-28T03:00:00,2468A,112.3458,28.5808,益阳市,市环保局,"颗粒物(PM10),细颗粒物(PM2.5)",103,156,84,77,55,214,101,98,98,14,18,5,7,0.8,0.8
2022-09-28T03:00:00,2469A,112.3437,28.5531,益阳市,市特殊教育学校,细颗粒物(PM2.5),89,109,95,66,59,217,104,100,100,16,21,3,5,0.7,0.7
2022-09-28T03:00:00,2470A,112.3347,28.6047,益阳市,资阳区政务中心,细颗粒物(PM2.5),97,82,76,72,57,212,97,93,93,15,21,4,6,0.7,0.7
2022-09-28T03:00:00,2471A,112.3744,28.5819,益阳市,赫山环保分局,细颗粒物(PM2.5),97,93,79,72,53,208,96,94,94,17,22,4,6,0.6,0.6
2022-09-28T03:00:00,2472A,113.0073,25.9061,郴州市,马头岭(对照点),臭氧1小时,78,80,69,47,38,249,182,207,193,16,36,16,13,0.8,0.8
2022-09-28T03:00:00,2473A,113.0116,25.8226,郴州市,市职中,颗粒物(PM10),69,88,75,47,45,215,124,126,126,29,29,14,13,0.7,0.7
2022-09-28T03:00:00,2474A,113.0161,25.8001,郴州市,兴隆步行街,细颗粒物(PM2.5),79,82,75,58,47,210,141,149,146,23,25,16,14,0.8,0.7
2022-09-28T03:00:00,2475A,113.0383,25.8071,郴州市,市审计局,细颗粒物(PM2.5),79,95,78,58,47,206,160,155,155,16,22,12,12,0.8,0.7
2022-09-28T03:00:00,2476A,113.0348,25.7759,郴州市,市环保局,细颗粒物(PM2.5),84,85,82,62,47,202,147,150,149,19,34,10,11,0.8,0.8
2022-09-28T03:00:00,2477A,111.6217,26.2081,永州市,零陵南津渡(对照点),,,79,68,51,38,210,171,169,169,,15,14,12,0.6,0.6
2022-09-28T03:00:00,2478A,111.6156,26.4214,永州市,市环境监测站,颗粒物(PM10),69,87,64,43,32,201,163,180,171,18,19,20,12,1.0,0.9
2022-09-28T03:00:00,2479A,111.6236,26.2331,永州市,零陵区环保局,颗粒物(PM10),73,96,69,52,41,198,158,155,155,17,18,16,15,0.7,0.7
2022-09-28T03:00:00,2480A,111.5992,26.4364,永州市,永州市环保局,细颗粒物(PM2.5),82,81,61,60,49,198,173,170,170,10,9,7,9,0.7,0.6
2022-09-28T03:00:00,2481A,111.5989,26.4519,永州市,冷水滩区环保局,颗粒物(PM10),73,95,64,45,37,198,167,178,174,8,11,9,10,0.8,0.7
2022-09-28T03:00:00,2482A,109.5981,27.5721,怀化市,林科所(对照点),,45,29,35,21,18,189,142,154,149,13,10,16,17,0.6,0.7
2022-09-28T03:00:00,2483A,109.9453,27.5444,怀化市,河西地税局,颗粒物(PM10),55,59,44,35,26,154,139,151,146,9,10,10,8,0.6,0.5
2022-09-28T03:00:00,2484A,109.9781,27.5342,怀化市,市四医院,颗粒物(PM10),54,58,45,35,28,155,138,144,142,9,11,7,15,0.5,0.4
2022-09-28T03:00:00,2485A,109.9972,27.5578,怀化市,监测楼,颗粒物(PM10),56,62,52,25,25,156,137,138,138,8,11,9,14,0.6,0.6
2022-09-28T03:00:00,2486A,110.0394,27.583,怀化市,市委党校,,49,49,53,28,33,154,130,138,135,10,12,9,15,0.6,0.5
2022-09-28T03:00:00,2487A,111.9589,27.8901,娄底市,电视发射台(对照点),细颗粒物(PM2.5),74,85,59,54,34,201,146,157,151,8,6,5,5,0.8,0.6
2022-09-28T03:00:00,2488A,111.9975,27.725,娄底市,市监测站,细颗粒物(PM2.5),72,87,65,52,38,186,123,138,130,12,11,9,9,0.5,0.6
2022-09-28T03:00:00,2489A,112.0194,27.7314,娄底市,市委党校,细颗粒物(PM2.5),74,83,62,54,37,194,134,147,140,10,10,5,5,0.8,0.7
2022-09-28T03:00:00,2490A,111.9561,27.7569,娄底市,涟钢,"颗粒物(PM10),细颗粒物(PM2.5)",69,88,68,50,34,181,134,136,136,15,18,6,7,0.7,0.9
2022-09-28T03:00:00,2491A,111.9892,27.7044,娄底市,市政府,细颗粒物(PM2.5),72,90,62,52,37,188,129,144,136,9,8,8,7,0.8,0.7
2022-09-28T03:00:00,2492A,109.6414,28.2558,湘西州,跃进水库(对照点),,,,28,,19,87,,60,,,11,,8,,0.5
2022-09-28T03:00:00,2493A,109.7325,28.3169,湘西州,州政府,,39,39,35,22,22,154,52,92,74,17,11,7,6,0.7,0.5
2022-09-28T03:00:00,2494A,109.6958,28.2675,湘西州,吉首市计生局,,34,34,33,22,21,152,80,97,89,6,10,8,9,0.5,0.6
2022-09-28T03:00:00,2495A,111.3014,23.4832,梧州市,市逸夫小学,颗粒物(PM10),77,104,77,46,45,170,5,47,25,39,10,11,14,0.9,0.9
2022-09-28T03:00:00,2496A,111.3239,23.4794,梧州市,市十一中,颗粒物(PM10),118,185,97,54,47,167,28,19,18,62,36,10,12,1.1,1.2
2022-09-28T03:00:00,2497A,111.247,23.4189,梧州市,龙圩,颗粒物(PM10),74,97,92,50,51,166,61,42,42,32,32,11,9,1.0,1.1
2022-09-28T03:00:00,2498A,111.2711,23.4835,梧州市,龙新,颗粒物(PM10),77,104,86,40,41,170,27,46,34,34,17,10,6,0.9,0.9
2022-09-28T03:00:00,2499A,108.3411,21.6158,防城港市,沙万,细颗粒物(PM2.5),60,66,75,43,46,167,113,88,88,16,18,15,13,1.0,1
2022-09-28T03:00:00,2500A,108.3514,21.7731,防城港市,防城档案局,颗粒物(PM10),69,88,94,45,54,150,103,104,104,17,18,11,11,0.7,0.8
2022-09-28T03:00:00,2501A,108.3506,21.6414,防城港市,大海花园,颗粒物(PM10),59,68,71,39,39,172,122,117,117,12,14,13,12,0.8,0.8
2022-09-28T03:00:00,2502A,108.6236,21.9667,钦州市,市环保站,细颗粒物(PM2.5),77,85,84,56,50,195,99,103,102,17,16,12,12,0.9,0.9
2022-09-28T03:00:00,2503A,108.6549,21.9481,钦州市,沙埠小学,细颗粒物(PM2.5),79,83,85,58,58,182,71,89,79,18,22,7,10,0.9,1
2022-09-28T03:00:00,2504A,108.5989,21.7431,钦州市,港区一小,细颗粒物(PM2.5),70,88,105,51,56,186,82,96,88,31,32,13,12,0.9,0.9
2022-09-28T03:00:00,2505A,109.568,23.1478,贵港市,德智高中(对照点),,,,,,,,,,,,,,,,
2022-09-28T03:00:00,2506A,109.6047,23.0666,贵港市,江南子站,颗粒物(PM10),61,72,102,43,52,181,114,111,111,18,31,7,12,0.9,1.1
2022-09-28T03:00:00,2507A,109.6014,23.0948,贵港市,贵城子站,细颗粒物(PM2.5),63,65,82,45,54,184,104,109,107,18,23,8,11,0.8,0.9
2022-09-28T03:00:00,2508A,109.5669,23.1065,贵港市,荷城子站,颗粒物(PM10),52,53,76,29,40,183,120,123,121,10,20,7,9,0.7,0.8
2022-09-28T03:00:00,2509A,110.1106,22.7019,玉林市,寒山水库(对照点),颗粒物(PM10),60,69,71,38,43,163,78,116,98,27,16,10,9,1.0,1
2022-09-28T03:00:00,2510A,110.1675,22.6411,玉林市,市监测站,颗粒物(PM10),65,79,81,35,47,164,82,84,83,29,30,12,8,0.9,0.9
2022-09-28T03:00:00,2511A,110.1433,22.6164,玉林市,南江一中,颗粒物(PM10),65,79,91,42,50,172,82,93,85,32,31,16,9,0.8,0.9
2022-09-28T03:00:00,2512A,106.6103,23.9011,百色市,市监测站,颗粒物(PM10),51,52,56,35,35,160,51,68,61,15,15,6,7,0.8,0.9
2022-09-28T03:00:00,2513A,106.6538,23.8859,百色市,市中心血站,细颗粒物(PM2.5),67,64,65,48,41,176,53,57,52,34,25,9,9,0.8,0.8
2022-09-28T03:00:00,2514A,111.5264,24.4172,贺州市,环保小区,细颗粒物(PM2.5),70,83,90,51,46,204,54,60,58,27,27,10,10,1.0,1
2022-09-28T03:00:00,2515A,111.5608,24.4078,贺州市,政协大楼,颗粒物(PM10),58,65,72,38,48,204,29,76,52,46,24,9,12,0.9,0.9
2022-09-28T03:00:00,2516A,108.2011,24.715,河池市,东仁乐园(对照点),,,,,,,,,,,,,,,,
2022-09-28T03:00:00,2517A,108.0497,24.6947,河池市,市环保站,细颗粒物(PM2.5),55,58,59,39,38,157,26,36,30,37,25,10,10,0.8,0.7
2022-09-28T03:00:00,2518A,108.0983,24.6989,河池市,市疾控中心,颗粒物(PM10),97,143,115,50,49,159,14,10,10,40,35,8,9,0.9,0.8
2022-09-28T03:00:00,2519A,109.2328,23.7361,来宾市,来宾二中,,,,,,,,,,,,,,,,
2022-09-28T03:00:00,2520A,109.2203,23.7256,来宾市,来宾技工学校,"颗粒物(PM10),细颗粒物(PM2.5)",65,80,89,47,49,188,82,51,51,16,20,12,11,0.9,0.9
2022-09-28T03:00:00,2521A,107.3476,22.4136,崇左市,市环保局江州分局,颗粒物(PM10),66,81,75,43,43,146,25,34,31,25,16,5,5,0.6,0.5
2022-09-28T03:00:00,2522A,107.3702,22.3707,崇左市,城南新区,颗粒物(PM10),68,85,82,46,50,182,36,33,32,30,25,4,4,0.5,0.6
2022-09-28T03:00:00,2523A,105.8945,32.4535,广元市,黑石坡(对照点),,16,14,19,5,7,90,50,57,53,7,6,7,5,0.2,0.2
2022-09-28T03:00:00,2524A,105.821,32.4444,广元市,老城,,19,19,11,8,7,82,8,14,12,35,25,10,9,0.6,0.6
2022-09-28T03:00:00,2525A,105.8153,32.4246,广元市,南坝,,,,,,,,,,,,,,,,
2022-09-28T03:00:00,2526A,105.8628,32.4287,广元市,监测站,,20,20,16,8,7,86,12,16,14,16,14,10,9,0.8,0.7
2022-09-28T03:00:00,2527A,105.5453,30.5678,遂宁市,石溪浩(对照点),,35,35,20,6,8,72,24,49,35,10,5,10,10,0.4,0.4
2022-09-28T03:00:00,2528A,105.5582,30.5232,遂宁市,市监测站,,13,12,18,5,7,71,40,56,48,5,4,7,8,0.5,0.5
2022-09-28T03:00:00,2529A,105.5861,30.5366,遂宁市,行政中心,,12,7,10,2,5,72,38,60,50,6,4,15,17,0.6,0.6
2022-09-28T03:00:00,2530A,105.5918,30.4728,遂宁市,美宁食品公司,,13,6,11,9,6,73,32,54,43,14,7,12,12,0.4,0.4
2022-09-28T03:00:00,2531A,105.0703,29.61,内江市,市监测站,,11,5,11,4,7,71,35,57,47,8,6,3,2,0.3,0.3
2022-09-28T03:00:00,2532A,105.0717,29.5947,内江市,东兴区政府,,,15,16,,,63,45,54,51,6,7,4,4,0.6,0.6
2022-09-28T03:00:00,2533A,105.0653,29.5817,内江市,内江二中,,13,12,13,4,8,72,40,52,46,9,8,2,2,0.4,0.4
2022-09-28T03:00:00,2534A,105.0406,29.5822,内江市,内江日报社,,13,9,16,6,12,69,39,58,48,22,12,4,4,0.2,0.2
2022-09-28T03:00:00,2535A,103.7723,29.5462,乐山市,花湖湾(对照点),,18,18,14,8,12,62,2,4,4,28,17,4,4,0.7,0.6
2022-09-28T03:00:00,2536A,103.7627,29.5844,乐山市,牛耳桥,,20,20,18,13,14,66,2,1,1,32,26,4,4,0.4,0.5
2022-09-28T03:00:00,2537A,103.7508,29.6006,乐山市,市第三水厂,,25,25,24,13,13,74,9,6,6,29,27,5,6,0.6,0.6
2022-09-28T03:00:00,2538A,103.7571,29.5664,乐山市,市监测站,,27,27,19,12,10,69,2,8,5,25,17,5,5,0.7,0.5
2022-09-28T03:00:00,2539A,104.0308,30.0478,眉山市,黑龙滩水库(对照点),,26,25,21,18,18,88,13,20,14,16,13,2,2,0.4,0.3
2022-09-28T03:00:00,2540A,103.8416,30.0874,眉山市,气象局,,10,7,23,3,11,83,31,22,22,20,28,6,7,0.3,0.4
2022-09-28T03:00:00,2543A,106.6308,30.5278,广安市,小平旧居(对照点),,,,,,,,,,,,,,,,
2022-09-28T03:00:00,2544A,106.6303,30.4576,广安市,市委,,16,4,7,4,7,59,50,53,51,5,9,5,6,0.3,0.4
2022-09-28T03:00:00,2545A,106.6271,30.4663,广安市,友谊中学,,18,18,20,3,9,62,50,55,53,7,10,7,8,0.2,0.3
2022-09-28T03:00:00,2547A,106.6388,30.4551,广安市,广电花园,,18,18,22,9,13,60,50,55,52,6,10,9,7,0.4,0.5
2022-09-28T03:00:00,2548A,107.5277,31.2827,达州市,达州职业技术学院(对照点),,16,16,19,5,11,61,5,5,5,30,27,7,9,0.6,0.7
2022-09-28T03:00:00,2549A,107.5086,31.2186,达州市,市环境监测站,,14,9,21,0,6,34,7,9,8,27,28,5,5,0.5,0.6
2022-09-28T03:00:00,2550A,107.4988,31.2132,达州市,凤凰小区,,14,14,16,2,9,65,22,24,23,23,20,4,4,0.4,0.4
2022-09-28T03:00:00,2551A,107.5082,31.1986,达州市,达县机关宾馆,,16,12,15,1,11,53,19,12,12,31,31,6,6,0.6,0.6
2022-09-28T03:00:00,2552A,107.4644,31.2124,达州市,市政中心,,16,1,13,2,8,50,50,33,33,31,23,6,6,0.4,0.5
2022-09-28T03:00:00,2554A,103.0475,30.02,雅安市,建安厂,,8,7,11,4,7,69,23,18,18,12,24,10,10,0.4,0.5
2022-09-28T03:00:00,2555A,103.0111,29.9833,雅安市,市政府,,10,8,11,3,6,67,31,29,29,5,18,7,7,0.4,0.5
2022-09-28T03:00:00,2556A,102.9905,29.9775,雅安市,川农大,,10,10,10,4,5,65,22,21,21,8,12,10,10,0.2,0.2
2022-09-28T03:00:00,2561A,104.6617,30.1372,资阳市,莲花山(对照点),,10,10,21,7,10,81,26,51,37,16,7,5,5,0.3,0.3
2022-09-28T03:00:00,2562A,104.6356,30.1506,资阳市,资阳中学,,15,12,22,10,6,78,7,20,13,23,10,6,6,0.3,0.4
2022-09-28T03:00:00,2563A,104.6295,30.1383,资阳市,四三一厂,,22,22,19,12,9,78,16,14,14,25,20,8,7,0.3,0.3
2022-09-28T03:00:00,2564A,104.6463,30.1146,资阳市,师范校,,18,17,16,12,13,74,18,35,28,25,12,5,5,0.3,0.4
2022-09-28T03:00:00,2565A,104.6296,30.1256,资阳市,区法院,,25,25,17,7,8,85,24,28,25,24,15,4,3,0.4,0.4
2022-09-28T03:00:00,2566A,102.1879,31.914,阿坝藏族羌族自治州,州农科所(对照点),,,,,,,,,,,,,,,,
2022-09-28T03:00:00,2567A,102.224,31.9037,阿坝藏族羌族自治州,州监测站,,,,,,,,,,,,,,,,
2022-09-28T03:00:00,2568A,102.2502,31.8896,阿坝藏族羌族自治州,马师校,,11,11,12,6,8,67,7,8,7,7,8,3,3,0.5,0.5
2022-09-28T03:00:00,2570A,101.9603,30.0475,甘孜藏族自治州,水桥子,,24,10,5,4,5,68,6,15,12,48,19,5,7,0.4,0.5
2022-09-28T03:00:00,2571A,102.3431,27.8099,凉山彝族自治州,青龙寺(对照点),,19,7,24,8,24,60,60,57,57,12,21,4,7,0.3,0.6
2022-09-28T03:00:00,2572A,102.2721,27.8415,凉山彝族自治州,邛海宾馆,,,,,,,,,,,,,,,,
2022-09-28T03:00:00,2573A,102.2625,27.898,凉山彝族自治州,西昌市政府,,15,7,18,8,29,47,47,41,41,5,16,6,11,0.5,0.7
2022-09-28T03:00:00,2574A,102.2685,27.8851,凉山彝族自治州,凉山州政府,,15,8,16,4,10,48,48,44,44,6,16,6,12,0.7,0.8
2022-09-28T03:00:00,2575A,102.237,27.8914,凉山彝族自治州,长安,,21,13,23,4,8,67,67,67,67,5,18,7,12,0.8,0.9
2022-09-28T03:00:00,2576A,104.8,26.5892,六盘水市,窑上(对照点),,,,,,,,,,,,,,,,
2022-09-28T03:00:00,2577A,104.83,26.5917,六盘水市,黄土坡,,23,3,14,7,20,89,71,72,71,5,12,5,6,0.5,0.7
2022-09-28T03:00:00,2578A,104.89,26.5939,六盘水市,水钢,,14,14,32,6,22,86,44,60,55,27,11,1,2,0.9,1
2022-09-28T03:00:00,2579A,104.8475,26.5894,六盘水市,民中,,20,17,28,5,16,86,62,66,64,6,10,5,6,0.3,0.5
2022-09-28T03:00:00,2580A,104.9544,26.5506,六盘水市,双水,,17,7,21,3,17,89,54,53,53,12,9,4,4,0.4,0.6
2022-09-28T03:00:00,2585A,109.1839,27.7344,铜仁地区,铜仁卫校,,27,24,20,7,9,148,85,90,86,9,15,3,3,0.6,0.7
2022-09-28T03:00:00,2586A,109.1753,27.6944,铜仁地区,铜仁七中,,33,29,20,23,14,160,60,80,68,10,13,4,4,0.8,0.8
2022-09-28T03:00:00,2587A,105.2864,27.3125,毕节市,八中,,25,12,11,6,8,84,79,77,77,5,6,5,6,0.4,0.5
2022-09-28T03:00:00,2588A,105.31,27.2944,毕节市,师专,,26,7,7,4,5,82,82,73,73,4,5,6,5,0.6,0.7
2022-09-28T03:00:00,2589A,104.9022,25.0925,黔西南布依族苗族自治州,场坝街,,38,36,27,26,19,107,51,45,45,13,12,11,4,0.5,0.6
2022-09-28T03:00:00,2590A,104.8811,25.0992,黔西南布依族苗族自治州,坪东大道,,48,39,31,33,24,104,54,39,39,10,18,9,4,0.4,0.4
2022-09-28T03:00:00,2591A,107.9783,26.5747,黔东南苗族侗族自治州,市环境监测站,,39,35,45,27,32,144,60,60,60,9,18,2,3,0.6,0.7
2022-09-28T03:00:00,2593A,107.5228,26.2403,黔南布依族苗族自治州,小围寨,,17,14,32,9,23,131,53,58,55,5,6,5,5,0.7,0.7
2022-09-28T03:00:00,2594A,99.1678,25.1081,保山市,市环境监测站,,17,17,15,3,8,90,25,37,31,7,6,5,5,0.5,0.5
2022-09-28T03:00:00,2595A,99.1711,25.1328,保山市,市环保局,,18,18,17,11,11,86,28,35,31,6,7,5,5,0.5,0.5
2022-09-28T03:00:00,2596A,103.7667,27.3736,昭通市,监测站,,29,19,20,20,14,79,63,61,61,5,10,2,4,0.4,0.5
2022-09-28T03:00:00,2597A,103.7225,27.3361,昭通市,环保局,,20,13,15,14,13,65,61,58,58,6,11,4,5,0.3,0.5
2022-09-28T03:00:00,2598A,100.2143,26.8576,丽江市,西南郊(对照点),,,,,,,,,,,,,,,,
2022-09-28T03:00:00,2599A,100.2497,26.8802,丽江市,丽江古城,,28,25,25,19,20,84,46,45,45,8,10,6,6,0.6,0.6
2022-09-28T03:00:00,2600A,100.2203,26.8906,丽江市,市中心,,14,14,14,2,6,77,34,41,39,12,8,6,7,0.7,0.7
2022-09-28T03:00:00,2601A,100.98,22.7633,普洱市,市环保局,,18,17,18,12,9,95,32,37,34,10,13,8,9,0.6,0.6
2022-09-28T03:00:00,2602A,100.9817,22.8322,普洱市,普洱第二中学,,15,12,14,10,9,114,13,38,25,21,12,9,9,0.6,0.6
2022-09-28T03:00:00,2603A,100.0781,23.8982,临沧市,市环保局,,26,26,19,12,13,99,20,21,20,9,10,9,9,0.7,0.7
2022-09-28T03:00:00,2604A,100.0894,23.8822,临沧市,市气象局,,35,25,26,24,21,95,20,26,23,11,12,8,8,0.6,0.6
2022-09-28T03:00:00,2605A,101.5482,25.0441,楚雄州,州环境监测站,,45,30,21,31,15,80,4,4,4,39,18,24,8,0.6,0.5
2022-09-28T03:00:00,2606A,101.538,25.0492,楚雄州,市经济开发区,,28,24,20,19,12,78,17,10,10,25,14,36,11,0.5,0.5
2022-09-28T03:00:00,2608A,103.3772,23.3993,红河州,污水处理厂,,42,42,34,27,22,138,72,78,76,6,9,10,16,0.5,0.5
2022-09-28T03:00:00,2609A,103.3861,23.35,红河州,监测站,,36,33,37,25,23,128,51,74,63,9,9,7,7,0.5,0.5
2022-09-28T03:00:00,2610A,104.2533,23.3594,文山州,州水务局,颗粒物(PM10),52,53,51,25,27,115,28,43,34,19,14,6,6,0.4,0.4
2022-09-28T03:00:00,2611A,104.2319,23.3892,文山州,市便民服务中心,,47,47,40,32,31,112,25,51,37,18,13,6,6,0.5,0.4
2022-09-28T03:00:00,2612A,100.7939,22.0019,西双版纳州,景洪市江南,,36,33,32,25,22,105,22,25,24,16,16,9,8,0.6,0.6
2022-09-28T03:00:00,2613A,100.8017,22.0225,西双版纳州,景洪市江北,,12,6,9,8,8,113,28,36,32,7,10,7,8,0.5,0.5
2022-09-28T03:00:00,2614A,100.1542,25.7054,大理州,大理市环境监测站,,20,20,22,6,6,72,59,60,60,4,7,6,5,0.6,0.6
2022-09-28T03:00:00,2615A,100.2171,25.5811,大理州,大理古城,,12,10,16,5,5,82,38,36,36,5,8,8,8,0.3,0.4
2022-09-28T03:00:00,2616A,98.5842,24.428,德宏州,德宏州监测站,,,23,27,9,8,92,,42,42,5,7,7,9,0.8,0.7
2022-09-28T03:00:00,2618A,98.8601,25.8567,怒江州,州监测站,,28,28,29,18,19,88,24,23,23,12,12,12,10,0.7,0.7
2022-09-28T03:00:00,2619A,98.8546,25.8417,怒江州,泸水一中,,25,25,25,14,14,79,16,12,12,13,17,6,7,0.6,0.6
2022-09-28T03:00:00,2621A,99.7056,27.8317,迪庆州,迪庆州站,,19,18,14,13,10,70,40,51,45,9,9,8,8,0.4,0.6
2022-09-28T03:00:00,2622A,97.1806,31.1273,昌都市,昌都监测站,,29,0,6,0,4,92,92,70,70,2,6,4,4,0.5,0.6
2022-09-28T03:00:00,2624A,91.7608,29.2313,山南市,山南监测站,,33,0,8,0,3,105,105,102,102,2,8,6,7,0.3,0.3
2022-09-28T03:00:00,2625A,91.7706,29.2436,山南市,山南人民医院,,,,4,,3,52,,62,,,6,,8,,0.3
2022-09-28T03:00:00,2626A,88.8876,29.2718,日喀则市,日喀则监测站,,33,4,5,1,2,104,104,94,94,4,5,6,6,0.5,0.5
2022-09-28T03:00:00,2628A,92.0657,31.4846,那曲地区,那曲监测站,,18,4,9,3,7,106,57,81,68,5,5,8,8,1.0,0.9
2022-09-28T03:00:00,2630A,80.1161,32.5,阿里地区,阿里监测站,,26,20,4,18,4,136,78,90,83,9,6,9,10,0.1,0.1
2022-09-28T03:00:00,2632A,94.3681,29.6376,林芝市,林芝监测站,,13,1,3,3,4,68,40,46,42,3,5,10,10,0.3,0.4
2022-09-28T03:00:00,2633A,94.3616,29.6616,林芝市,林芝人民医院,,13,3,5,0,1,70,40,46,43,5,6,8,9,0.2,0.3
2022-09-28T03:00:00,2634A,106.9893,33.1842,汉中市,汉川机床厂子校(对照点),,12,12,11,6,7,84,26,42,36,14,7,6,6,0.2,0.2
2022-09-28T03:00:00,2635A,107.0154,33.0706,汉中市,市监测站,,29,29,20,8,11,98,17,24,19,16,12,5,5,0.4,0.5
2022-09-28T03:00:00,2636A,107.0089,33.1138,汉中市,鑫源开发区,,28,28,15,9,9,96,0,35,17,34,17,3,3,0.3,0.4
2022-09-28T03:00:00,2637A,107.007,33.0323,汉中市,南郑大河坎水厂,,19,19,20,7,8,94,18,19,18,9,12,3,4,0.4,0.5
2022-09-28T03:00:00,2638A,109.7414,38.3344,榆林市,红石峡森林公园(对照点),颗粒物(PM10),62,73,52,32,21,123,5,5,5,66,45,4,5,0.7,0.7
2022-09-28T03:00:00,2639A,109.7456,38.2911,榆林市,世纪广场,,48,48,48,19,18,123,5,26,16,72,48,9,11,0.8,0.5
2022-09-28T03:00:00,2640A,109.7289,38.2839,榆林市,实验中学,,45,45,47,22,19,117,11,27,21,65,43,8,9,0.5,0.5
2022-09-28T03:00:00,2641A,109.7336,38.2478,榆林市,环保监测大楼,,42,42,42,25,18,120,6,24,16,67,43,8,9,0.6,0.6
2022-09-28T03:00:00,2642A,109.0318,32.6537,安康市,香溪洞(对照点),,14,12,14,8,11,65,43,39,39,7,9,4,4,0.4,0.4
2022-09-28T03:00:00,2643A,109.0281,32.6939,安康市,安康市监测站,,36,36,24,20,15,54,34,30,30,14,15,11,8,0.3,0.4
2022-09-28T03:00:00,2644A,109.0072,32.6975,安康市,汉滨区检察院,,39,39,22,24,16,62,31,31,30,13,13,8,6,0.3,0.4
2022-09-28T03:00:00,2645A,109.9154,33.8715,商洛市,监测站,,16,15,27,11,12,88,9,14,12,21,25,6,17,0.3,0.4
2022-09-28T03:00:00,2647A,104.1724,36.5446,白银市,第三小学,,50,50,55,25,22,130,38,34,34,46,31,12,37,0.4,0.6
2022-09-28T03:00:00,2648A,104.1465,36.5482,白银市,动力公司,,43,43,47,21,19,119,42,34,34,22,23,10,35,0.5,0.6
2022-09-28T03:00:00,2649A,106.0055,34.343,天水市,麦积山(对照点),,,,,,,,,,,,,,,,
2022-09-28T03:00:00,2650A,105.7205,34.5786,天水市,公园小学,,26,26,24,11,10,98,3,7,5,24,16,6,7,0.2,0.3
2022-09-28T03:00:00,2651A,105.8945,34.5538,天水市,麦积国土局,,46,46,36,13,13,87,11,12,12,23,21,8,10,0.3,0.3
2022-09-28T03:00:00,2652A,102.6201,37.9251,武威市,监测站,,39,39,67,14,19,128,28,23,23,36,40,5,6,0.2,0.4
2022-09-28T03:00:00,2654A,100.4698,38.9524,张掖市,润泉湖,,42,42,49,13,17,136,52,70,61,18,23,10,11,0.2,0.2
2022-09-28T03:00:00,2655A,100.4154,38.9422,张掖市,区工会,,28,27,40,19,17,134,64,67,66,9,25,5,8,0.2,0.4
2022-09-28T03:00:00,2656A,106.6692,35.5461,平凉市,聚贤嘉苑,,33,33,47,18,20,107,10,6,6,43,37,5,6,0.2,0.3
2022-09-28T03:00:00,2657A,106.7021,35.5307,平凉市,博物馆,,25,25,49,14,20,105,14,9,9,35,43,5,6,0.2,0.4
2022-09-28T03:00:00,2658A,98.5061,39.7443,酒泉市,仓门街子站,颗粒物(PM10),53,56,54,13,16,136,78,72,72,11,24,4,7,0.3,0.5
2022-09-28T03:00:00,2659A,98.4989,39.7256,酒泉市,油田生活基地,颗粒物(PM10),53,56,61,23,20,136,76,73,73,16,25,4,6,0.4,0.5
2022-09-28T03:00:00,2660A,107.6831,35.7289,庆阳市,区环保局(对照点),,,,,,,,,,,,,,,,
2022-09-28T03:00:00,2661A,107.6325,35.7357,庆阳市,庆阳五中,,28,28,51,14,28,118,82,84,82,11,15,3,4,0.3,0.5
2022-09-28T03:00:00,2662A,107.6364,35.7067,庆阳市,市环保局,,28,14,44,9,21,123,87,86,86,9,15,5,7,0.4,0.5
2022-09-28T03:00:00,2663A,104.6241,35.5734,定西市,东关小学,,36,36,43,19,17,102,4,11,6,37,24,5,6,0.2,0.3
2022-09-28T03:00:00,2664A,104.6194,35.5934,定西市,供电公司,,46,46,46,15,16,99,2,4,3,38,32,4,5,0.4,0.3
2022-09-28T03:00:00,2665A,105.0822,33.3261,陇南市,汉王镇固水子(对照点),,,,,,,,,,,,,,,,
2022-09-28T03:00:00,2667A,103.2069,35.5993,临夏回族自治州,环保局,,47,47,40,17,18,117,34,39,36,16,17,8,10,0.4,0.5
2022-09-28T03:00:00,2668A,103.2417,35.6057,临夏回族自治州,建设大厦,,39,39,38,21,17,121,39,42,41,7,14,4,7,0.6,0.6
2022-09-28T03:00:00,2669A,102.9099,34.9841,甘南州,州政府,,30,30,32,20,17,110,24,23,23,16,16,4,6,0.3,0.3
2022-09-28T03:00:00,2671A,100.9048,36.9639,海北藏族自治州,海晏县西海镇,,20,13,13,9,12,115,61,76,68,6,8,14,14,0.3,0.3
2022-09-28T03:00:00,2672A,102.0199,35.5102,黄南藏族自治州,同仁县隆务镇,,23,23,22,13,11,114,64,69,66,4,7,8,9,0.5,0.5
2022-09-28T03:00:00,2673A,100.6188,36.2866,海南藏族自治州,共和县恰卜恰镇,,22,15,21,15,11,111,63,48,48,4,17,8,8,0.8,0.8
2022-09-28T03:00:00,2674A,100.2561,34.4714,果洛藏族自治州,玛沁县大武镇,,23,23,14,12,12,113,41,52,48,17,10,14,13,0.7,0.6
2022-09-28T03:00:00,2675A,97,33.0014,玉树藏族自治州,玉树县结古镇,,25,4,5,2,3,96,77,82,80,1,4,10,10,0.2,0.3
2022-09-28T03:00:00,2676A,97.3731,37.3753,海西蒙古族藏族自治州,德令哈市,,26,19,18,14,11,107,81,88,85,1,2,5,4,0.2,0.3
2022-09-28T03:00:00,2677A,106.1532,37.9648,吴忠市,教育园区,,50,50,44,24,18,119,28,24,23,23,23,7,10,0.4,0.4
2022-09-28T03:00:00,2678A,106.2025,37.9844,吴忠市,高级中学,,,,,,,,,,,,,,,,
2022-09-28T03:00:00,2679A,106.1856,37.9956,吴忠市,新区二泵站,颗粒物(PM10),54,58,47,27,20,121,46,43,43,19,22,5,7,0.5,0.5
2022-09-28T03:00:00,2680A,105.0025,37.4635,中卫市,沙坡头消防站(对照点),,35,35,56,17,22,132,87,79,79,15,20,18,16,0.6,0.7
2022-09-28T03:00:00,2681A,105.18,37.0172,中卫市,官桥站,,,,,,,,,,,,,,,,
2022-09-28T03:00:00,2682A,105.1971,37.5002,中卫市,环保局站,颗粒物(PM10),61,71,51,34,25,110,36,43,37,26,18,10,7,0.4,0.3
2022-09-28T03:00:00,2683A,106.2319,36.1417,固原市,马园(对照点),,27,27,38,16,15,97,7,10,8,37,22,3,3,0.1,0.1
2022-09-28T03:00:00,2684A,106.2792,36.0022,固原市,监测站,,24,22,25,14,17,91,4,3,3,47,30,4,5,0.4,0.4
2022-09-28T03:00:00,2685A,106.2375,36.0211,固原市,新区,,,29,26,14,15,93,2,2,2,,,6,5,0.4,0.3
2022-09-28T03:00:00,2686A,89.1904,42.9418,吐鲁番地区,市环保局,颗粒物(PM10),164,277,131,52,27,134,90,87,87,8,11,,,0.6,0.6
2022-09-28T03:00:00,2687A,89.1673,42.9559,吐鲁番地区,地区环保局,颗粒物(PM10),146,242,126,59,31,131,88,86,86,7,11,7,8,0.4,0.5
2022-09-28T03:00:00,2688A,93.5128,42.8172,哈密地区,地区监测站,颗粒物(PM10),500,1141,132,81,30,117,94,39,39,8,33,4,6,0.1,0.4
2022-09-28T03:00:00,2689A,93.4961,42.8328,哈密地区,哈密师范学校,颗粒物(PM10),500,846,111,74,31,125,93,36,36,10,35,3,5,0.2,0.5
2022-09-28T03:00:00,2690A,88.1236,43.8886,昌吉州,天山天池(对照点),颗粒物(PM10),76,101,122,26,25,130,67,65,65,6,7,3,4,0.5,0.5
2022-09-28T03:00:00,2691A,87.2997,44.0114,昌吉州,州监测站,,,,,,,,,,,,,,,,
2022-09-28T03:00:00,2692A,87.2717,44.0297,昌吉州,新区政务中心,颗粒物(PM10),184,317,183,50,28,138,62,66,64,22,17,7,7,0.8,0.6
2022-09-28T03:00:00,2693A,82.0485,44.8556,博尔塔拉蒙古自治州,市党校,颗粒物(PM10),52,53,52,11,16,111,72,78,76,4,6,6,8,0.5,0.6
2022-09-28T03:00:00,2694A,82.0806,44.8969,博尔塔拉蒙古自治州,市环保局,颗粒物(PM10),51,52,50,12,14,103,71,70,70,4,11,10,10,0.3,0.3
2022-09-28T03:00:00,2695A,80.292,41.1694,阿克苏地区,电视台,,47,47,53,24,21,115,71,72,71,7,12,7,7,0.6,0.7
2022-09-28T03:00:00,2696A,80.2613,41.1551,阿克苏地区,艺术中心,颗粒物(PM10),52,54,61,22,23,110,76,73,73,7,15,4,4,0.4,0.4
2022-09-28T03:00:00,2697A,76.1454,39.7142,克孜勒苏柯尔克孜自治州,市人民政府,颗粒物(PM10),54,58,39,16,16,115,95,85,85,5,8,10,10,0.9,0.9
2022-09-28T03:00:00,2698A,76.0072,39.4467,喀什地区,巡警大队,颗粒物(PM10),166,281,119,76,32,132,6,6,6,73,45,5,3,1.0,0.7
2022-09-28T03:00:00,2699A,75.9755,39.4694,喀什地区,吾办,颗粒物(PM10),163,275,103,96,40,130,6,6,6,83,42,2,2,1.1,0.6
2022-09-28T03:00:00,2700A,75.9538,39.4682,喀什地区,市环境监测站,颗粒物(PM10),156,262,136,80,35,129,2,2,2,67,44,2,2,0.9,0.7
2022-09-28T03:00:00,2703A,81.2815,43.9404,伊犁哈萨克州,市环保局,颗粒物(PM10),51,51,57,15,17,134,70,88,80,10,10,9,10,0.6,0.6
2022-09-28T03:00:00,2704A,81.2996,43.9174,伊犁哈萨克州,新政府片区,,42,42,48,13,16,127,62,71,67,14,10,14,13,0.4,0.4
2022-09-28T03:00:00,2705A,81.3364,43.941,伊犁哈萨克州,第二水厂,,47,47,56,17,29,132,63,79,72,13,13,11,11,0.9,0.9
2022-09-28T03:00:00,2706A,82.9994,46.7432,塔城地区,东门外小游园,,23,20,32,16,13,98,25,48,36,9,9,3,2,0.4,0.3
2022-09-28T03:00:00,2707A,88.1214,47.9047,阿勒泰地区,小东沟(对照点),,,,,,,,,,,,,,,,
2022-09-28T03:00:00,2708A,88.1264,47.8517,阿勒泰地区,市站,,15,8,51,4,9,79,48,55,50,2,20,2,3,0.4,0.4
2022-09-28T03:00:00,2709A,86.0497,44.2967,石河子市,艾青诗歌馆,颗粒物(PM10),124,198,131,35,27,112,70,88,81,14,15,6,9,0.5,0.5
2022-09-28T03:00:00,2710A,86.0697,44.3075,石河子市,阳光学校,颗粒物(PM10),120,189,136,39,29,114,72,87,80,22,22,3,4,0.4,0.4
2022-09-28T03:00:00,2711A,87.5475,44.1756,五家渠市,农水大厦,颗粒物(PM10),240,378,197,49,27,115,34,40,38,12,17,7,8,0.4,0.5
2022-09-28T03:00:00,2835A,101.7227,26.567,攀枝花市,四十中小,,26,26,41,16,22,106,51,51,51,8,24,13,36,0.7,1
2022-09-28T03:00:00,2842A,118.0936,24.5058,厦门市,湖里中学,,40,40,32,18,12,109,37,49,44,27,22,5,3,0.4,0.4
2022-09-28T03:00:00,2845A,113.1569,36.1911,长治市,德盛苑,,48,48,66,24,38,183,138,150,144,13,27,13,14,1.6,1.6
2022-09-28T03:00:00,2846A,113.3221,23.1322,广州市,体育西,,44,44,50,18,25,150,28,28,23,36,30,5,5,0.7,0.8
2022-09-28T03:00:00,2858A,117.7918,39.2474,天津市,河西一经路,细颗粒物(PM2.5),92,103,105,68,62,240,108,114,110,31,38,16,19,1.1,1.1
2022-09-28T03:00:00,2859A,117.3747,38.9846,天津市,津沽路,细颗粒物(PM2.5),90,113,102,67,58,215,68,72,71,49,54,8,12,0.8,0.8
2022-09-28T03:00:00,2860A,117.1589,39.0845,天津市,宾水西道,细颗粒物(PM2.5),140,118,91,107,66,217,40,64,51,60,43,4,7,1.0,0.8
2022-09-28T03:00:00,2862A,114.5481,38.0378,石家庄市,22中南校区,颗粒物(PM10),60,70,111,42,49,235,42,72,57,48,41,5,10,0.4,0.7
2022-09-28T03:00:00,2865A,112.7195,37.6828,晋中市,榆次三中,颗粒物(PM10),65,80,100,33,45,233,36,84,54,46,48,12,15,0.6,0.9
2022-09-28T03:00:00,2866A,111.0522,35.0439,运城市,外滩首府,,,,,,,,,,,,,,,,
2022-09-28T03:00:00,2867A,111.1283,37.51,吕梁市,马茂庄小学,颗粒物(PM10),58,66,95,22,25,160,1,0,0,68,60,1,4,0.6,0.7
2022-09-28T03:00:00,2868A,126.4739,43.953,吉林市,九站,臭氧1小时,58,64,77,34,36,200,166,157,157,14,27,13,12,0.8,0.8
2022-09-28T03:00:00,2869A,119.447,32.4155,扬州市,五台山医院,,41,41,38,21,19,122,70,65,65,12,17,6,8,0.5,0.5
2022-09-28T03:00:00,2870A,119.4424,32.1873,镇江市,市疾控中心,颗粒物(PM10),51,52,40,30,24,141,55,62,58,29,28,8,20,0.8,0.6
2022-09-28T03:00:00,2871A,121.6147,29.9017,宁波市,万里国际学校,,48,48,42,24,19,140,58,64,59,28,30,10,7,0.6,0.5
2022-09-28T03:00:00,2872A,120.7846,30.7525,嘉兴市,南湖区残联,,30,30,38,13,16,122,61,61,56,28,28,5,5,0.2,0.3
2022-09-28T03:00:00,2873A,120.0875,30.8955,湖州市,仁皇山新区,,29,23,28,9,14,137,38,76,60,58,29,5,5,0.4,0.5
2022-09-28T03:00:00,2875A,115.784,32.8892,阜阳市,阜阳职业技术学院,颗粒物(PM10),64,77,62,38,28,132,70,70,70,24,20,8,9,0.6,0.6
2022-09-28T03:00:00,2877A,119.1641,36.6523,潍坊市,坊子邮政,颗粒物(PM10),56,61,57,27,19,146,50,34,34,27,33,9,6,0.7,0.5
2022-09-28T03:00:00,2878A,116.0072,36.4343,聊城市,聊大东校,细颗粒物(PM2.5),94,130,96,70,43,187,26,74,51,57,34,14,25,0.6,0.7
2022-09-28T03:00:00,2880A,104.0219,30.6558,成都市,大石西路,,36,36,31,22,13,78,7,3,3,36,25,2,3,0.6,0.6
2022-09-28T03:00:00,2881A,107.8908,26.5311,黔东南苗族侗族自治州,凯里学院,,30,28,38,21,27,145,61,65,64,10,11,1,2,0.6,0.7
2022-09-28T03:00:00,2882A,102.5389,24.3703,玉溪市,玉溪一中,颗粒物(PM10),52,54,27,27,14,116,27,61,40,26,18,16,10,2.7,1.1
2022-09-28T03:00:00,2883A,102.5381,24.3389,玉溪市,文体中心,,28,27,24,19,12,112,45,90,72,20,17,9,9,0.7,0.6
2022-09-28T03:00:00,2884A,98.2672,39.7978,嘉峪关市,酒钢宾馆,颗粒物(PM10),65,80,51,17,15,128,73,69,69,7,14,7,16,0.2,0.5
2022-09-28T03:00:00,2885A,104.9339,33.3826,陇南市,滨江中学,,31,31,33,8,10,91,13,14,14,22,26,9,9,0.3,0.4
2022-09-28T03:00:00,2894A,117.0566,32.6531,淮南市,经济技术开发区消防队,颗粒物(PM10),52,54,58,19,23,139,52,48,48,22,20,11,10,0.4,0.3
2022-09-28T03:00:00,2897A,123.2444,41.7347,沈阳市,沈辽西路,颗粒物(PM10),57,64,89,31,44,218,93,87,87,27,33,23,19,0.9,1.4
2022-09-28T03:00:00,2900A,123.5953,41.9086,沈阳市,裕农路,颗粒物(PM10),57,63,67,33,37,216,35,67,51,60,32,16,15,2.0,1.2
2022-09-28T03:00:00,2902A,106.6351,30.4865,广安市,北辰小学,,15,15,11,5,8,58,48,52,51,5,7,12,12,0.4,0.4
2022-09-28T03:00:00,2907A,120.1844,30.8596,湖州市,吴兴区站,,28,28,31,10,13,123,67,72,70,30,27,6,6,0.3,0.4
2022-09-28T03:00:00,2914A,106.7677,31.8794,巴中市,苏山坪(对照点),,12,5,8,4,4,74,36,34,34,7,9,3,3,0.2,0.3
2022-09-28T03:00:00,2915A,106.7619,31.84139,巴中市,职业中学,,,,,,,,,,,,,,,,
2022-09-28T03:00:00,2919A,116.7022,39.5453,廊坊市,河北工业大学,颗粒物(PM10),77,103,125,54,61,239,96,101,94,43,49,12,11,0.5,0.6
2022-09-28T03:00:00,2920A,117.7116,24.506,漳州市,蓝田镇,,26,26,25,16,15,146,0,17,6,30,14,6,8,0.5,0.4
2022-09-28T03:00:00,2921A,120.5483,30.0003,绍兴市,树下王站,,26,26,31,15,17,155,70,84,76,17,16,8,7,0.7,0.7
2022-09-28T03:00:00,2922A,117.1941,39.1067,天津市,大理道,细颗粒物(PM2.5),122,138,109,92,63,234,76,96,82,53,39,10,12,0.8,0.6
2022-09-28T03:00:00,2924A,106.2266,38.4418,银川市,水乡路,颗粒物(PM10),55,60,51,25,20,109,30,25,25,39,41,12,13,0.5,0.6
2022-09-28T03:00:00,2925A,106.2757,38.4842,银川市,上海东路,颗粒物(PM10),51,52,44,30,23,127,29,24,24,49,45,11,15,0.5,0.5
2022-09-28T03:00:00,2926A,106.1015,38.497,银川市,文昌北街,颗粒物(PM10),69,87,69,36,33,107,20,9,9,56,58,28,12,0.6,0.7
2022-09-28T03:00:00,2929A,114.8858,30.4519,黄冈市,红卫路,,49,49,73,19,28,214,107,108,106,8,14,5,8,0.9,1
2022-09-28T03:00:00,2994A,119.6533,29.1128,金华市,武警支队(启用161031),,,,,,,,,,,,,,,,
2022-09-28T03:00:00,2996A,118.283,33.965,宿迁市,市供电局,,48,42,32,33,26,134,48,48,48,14,15,5,6,0.5,0.4
2022-09-28T03:00:00,2997A,119.8767,32.3289,泰州市,王营,,35,34,31,24,19,115,76,75,75,15,15,8,8,0.7,0.6
2022-09-28T03:00:00,3000A,119.3581,34.6972,连云港市,德源药业,,29,29,36,12,11,117,58,49,49,28,35,4,4,0.2,0.2
2022-09-28T03:00:00,3002A,119.9805,31.8174,常州市,行政中心,颗粒物(PM10),76,102,45,36,21,140,73,78,76,37,33,10,10,0.6,0.7
2022-09-28T03:00:00,3003A,120.0522,31.7748,常州市,经开区,颗粒物(PM10),92,133,44,29,15,146,70,67,67,32,29,10,8,0.5,0.5
2022-09-28T03:00:00,3004A,120.1544,33.3663,盐城市,宝龙广场,,32,24,28,12,11,120,100,99,99,10,16,8,8,0.5,0.4
2022-09-28T03:00:00,3005A,117.1814,34.29,徐州市,鼓楼区政府,,48,48,49,16,22,147,72,87,82,28,32,12,12,0.5,0.6
2022-09-28T03:00:00,3006A,117.1694,34.1781,徐州市,铜山区招生办,颗粒物(PM10),60,70,59,38,27,136,16,10,10,70,41,7,10,0.8,0.7
2022-09-28T03:00:00,3007A,119.178,34.844,连云港市,新城一中,,38,38,41,18,16,124,31,60,46,53,40,2,13,0.4,0.4
2022-09-28T03:00:00,3008A,119.3608,34.7519,连云港市,胡沟管理处,,33,22,20,12,9,114,103,92,92,8,16,7,7,0.7,0.6
2022-09-28T03:00:00,3009A,119.1478,34.5911,连云港市,矿山设计院,,27,27,35,17,13,132,75,88,82,15,26,5,11,0.4,0.4
2022-09-28T03:00:00,3010A,119.9025,31.7964,常州市,钟楼,颗粒物(PM10),57,63,67,33,22,131,77,70,70,23,27,8,7,1.0,0.9
2022-09-28T03:00:00,3012A,112.1849,31.0362,荆门市,西山林语,,45,45,66,20,27,154,86,71,71,27,18,9,10,0.6,0.6
2022-09-28T03:00:00,3014A,106.4958,29.5346,重庆市,歇台子,,26,26,27,18,18,65,26,15,15,25,34,3,3,0.6,0.7
2022-09-28T03:00:00,3015A,106.4037,29.5728,重庆市,龙井湾,,18,18,14,12,12,76,49,32,32,12,16,4,4,0.4,0.4
2022-09-28T03:00:00,3016A,106.5507,29.4153,重庆市,龙洲湾,,19,19,21,12,18,45,34,41,37,14,22,4,4,0.4,0.5
2022-09-28T03:00:00,3018A,111.505,36.1014,临汾市,唐尧大酒店,颗粒物(PM10),90,129,107,41,44,178,7,9,8,81,48,9,16,1.0,1
2022-09-28T03:00:00,3020A,117.2101,39.1699,天津市,中山北路,细颗粒物(PM2.5),87,80,86,64,57,231,139,120,120,20,27,12,11,0.7,0.7
2022-09-28T03:00:00,3021A,115,35.7668,濮阳市,濮水河管理处,细颗粒物(PM2.5),67,78,76,48,46,172,73,69,69,23,31,11,12,0.7,0.7
2022-09-28T03:00:00,3022A,112.4433,34.6686,洛阳市,凯旋路小学,,,,,,,,,,,,,,,,
2022-09-28T03:00:00,3025A,113.0477,23.6344,清远市,技师学院,颗粒物(PM10),59,68,62,39,35,132,5,5,5,46,31,14,11,1.0,0.9
2022-09-28T03:00:00,3026A,116.6183,23.6608,潮州市,市政府,,18,18,25,9,12,110,50,61,56,12,11,10,9,0.5,0.6
2022-09-28T03:00:00,3027A,104.72,29.3427,自贡市,青杠林路,,25,25,31,13,15,63,7,16,10,18,19,5,5,0.2,0.2
2022-09-28T03:00:00,3028A,104.776,29.3627,自贡市,檀木林体育馆,,10,8,20,5,12,66,32,36,34,14,18,5,6,0.3,0.3
2022-09-28T03:00:00,3033A,87.4651,43.4569,乌鲁木齐市,培训基地,颗粒物(PM10),100,149,172,17,20,130,90,94,92,4,5,7,7,0.7,0.7
2022-09-28T03:00:00,3034A,113.1076,41.0385,乌兰察布市,光明街小学,,50,50,55,21,23,135,71,84,80,26,41,21,21,0.5,0.5
2022-09-28T03:00:00,3035A,122.0931,46.0707,兴安盟,北滨河,颗粒物(PM10),52,54,40,29,21,149,98,113,107,9,12,3,5,0.3,0.5
2022-09-28T03:00:00,3036A,118.6904,37.4338,东营市,开发区管委会,颗粒物(PM10),58,65,76,34,42,267,24,58,41,61,35,15,16,0.9,1
2022-09-28T03:00:00,3038A,103.3758,23.368,红河州,州图书馆,,38,38,32,25,24,126,56,76,69,10,9,9,10,0.5,0.5
2022-09-28T03:00:00,3039A,111.1911,34.7829,三门峡市,三门峡市第一小学,,46,46,67,17,29,171,4,11,7,50,25,5,12,0.5,0.7
2022-09-28T03:00:00,3045A,109.9643,33.8471,商洛市,商州区中学,,23,23,32,9,16,82,6,5,5,19,29,5,14,0.3,0.4
2022-09-28T03:00:00,3046A,115.9084,28.6062,南昌市,机电学校,颗粒物(PM10),63,75,70,32,27,205,128,138,133,18,17,9,8,0.8,0.8
2022-09-28T03:00:00,3048A,119.5799,26.0936,福州市,九龙,,21,10,25,14,18,126,66,82,74,6,8,2,3,0.1,0.1
2022-09-28T03:00:00,3051A,117.3876,39.1488,天津市,西四道,细颗粒物(PM2.5),123,144,102,93,55,234,47,54,46,76,58,6,9,0.9,0.9
2022-09-28T03:00:00,3054A,113.9194,35.2847,新乡市,市委党校,细颗粒物(PM2.5),79,87,92,58,44,187,35,62,48,71,44,10,11,0.8,0.8
2022-09-28T03:00:00,3055A,101.7775,36.6428,西宁市,城北区政府,,40,40,56,25,36,112,12,16,14,37,29,17,18,1.2,1
2022-09-28T03:00:00,3057A,121.5992,37.4014,烟台市,牟平检察院,,33,31,45,23,21,171,59,76,67,20,22,18,12,0.3,0.3
2022-09-28T03:00:00,3058A,119.2658,42.0353,赤峰市,银河街,细颗粒物(PM2.5),74,94,93,54,44,158,94,111,102,32,32,86,35,1.2,1.2
2022-09-28T03:00:00,3059A,117.7161,36.2049,济南市,泰兴公司,颗粒物(PM10),53,56,101,34,48,216,6,6,6,79,68,9,13,1.7,1.6
2022-09-28T03:00:00,3061A,119.7512,49.1577,呼伦贝尔市,国华电力东,,20,20,23,11,9,79,45,42,41,14,10,3,2,0.4,0.3
2022-09-28T03:00:00,3064A,117.6867,36.2171,济南市,莱芜战役纪念馆,颗粒物(PM10),59,68,96,34,50,221,27,27,27,63,59,4,9,1.4,1.4
2022-09-28T03:00:00,3065A,101.9533,29.9972,甘孜藏族自治州,州环保局,,20,4,10,4,5,68,5,35,18,40,23,12,12,0.4,0.5
2022-09-28T03:00:00,3066A,116.2721,37.4379,德州市,九衢泉纯净水厂,颗粒物(PM10),94,138,97,67,45,222,69,77,73,47,33,12,12,0.5,0.5
2022-09-28T03:00:00,3109A,115.0093,25.8613,赣州市,赣县区卫计委,,,47,53,,36,185,84,88,87,35,20,12,11,0.5,0.4
2022-09-28T03:00:00,3122A,105.9606,26.2611,安顺市,伍家关(对照点),,,,,,,,,,,,,,,,
2022-09-28T03:00:00,3123A,105.9408,26.2431,安顺市,凤凰山,,19,11,32,7,24,119,60,56,56,6,8,17,7,0.4,0.5
2022-09-28T03:00:00,3124A,105.9439,26.2564,安顺市,金钟山,,17,11,33,7,25,113,53,51,51,5,6,13,7,0.4,0.4
2022-09-28T03:00:00,3125A,105.8983,26.2481,安顺市,娄家坡,,19,10,39,9,30,112,58,54,54,6,7,7,10,0.3,0.4
2022-09-28T03:00:00,3128A,92.0506,31.4797,那曲地区,那曲会议中心,,20,4,5,3,4,103,62,78,70,5,3,6,6,0.7,0.6
2022-09-28T03:00:00,3129A,102.0306,36.5067,海东地区,平安高铁新区,,,,,,,,,,,,,,,,
2022-09-28T03:00:00,3131A,114.879,40.7993,张家口市,烟厂,颗粒物(PM10),61,71,71,31,25,198,108,128,117,25,21,4,6,0.5,0.5
2022-09-28T03:00:00,3132A,119.610547,39.943889,秦皇岛市,文明里,细颗粒物(PM2.5),84,105,110,62,46,233,159,170,166,27,33,25,20,1.5,1
2022-09-28T03:00:00,3133A,106.5468,29.5654,重庆市,上清寺,,26,26,21,13,14,55,21,10,10,27,39,6,6,0.5,0.6
2022-09-28T03:00:00,3134A,113.8172,34.0339,许昌市,市一中,细颗粒物(PM2.5),110,126,114,83,60,145,30,96,61,52,41,21,14,0.9,0.8
2022-09-28T03:00:00,3136A,104.2725,30.5589,成都市,龙泉驿区区政府,,19,19,17,2,10,85,43,35,35,25,24,4,4,0.2,0.3
2022-09-28T03:00:00,3137A,103.8578,30.0744,眉山市,市委党校,,22,19,29,15,15,86,9,10,9,29,25,6,6,0.6,0.6
2022-09-28T03:00:00,3138A,111.7153,29.0289,常德市,武陵区永安,,50,50,72,27,39,183,135,134,134,8,17,6,8,0.3,0.4
2022-09-28T03:00:00,3139A,111.6892,28.9881,常德市,鼎城区玉霞,颗粒物(PM10),51,52,70,22,39,185,138,135,135,9,18,7,12,0.5,0.6
2022-09-28T03:00:00,3140A,111.6625,29.0531,常德市,武陵区长庚,,43,35,63,22,39,177,137,133,133,7,14,5,8,0.4,0.4
2022-09-28T03:00:00,3141A,114.3922,36.0878,安阳市,信访局,颗粒物(PM10),94,137,121,64,40,179,34,79,53,58,45,10,11,0.5,0.4
2022-09-28T03:00:00,3147A,114.3438,34.8106,开封市,龙亭公园,细颗粒物(PM2.5),97,81,87,72,56,163,61,84,72,35,31,9,9,0.7,0.6
2022-09-28T03:00:00,3148A,103.8291,30.0564,眉山市,区人社局,,27,27,32,7,12,89,9,10,10,30,29,5,3,0.5,0.5
2022-09-28T03:00:00,3149A,115.0235,30.1578,黄石市,笔架山北路,颗粒物(PM10),51,51,65,35,28,219,74,97,75,31,19,24,6,1.1,0.6
2022-09-28T03:00:00,3151A,114.375,27.8097,宜春市,宜春学院北校区,颗粒物(PM10),60,70,71,41,37,206,91,101,83,23,21,11,12,0.6,0.9
2022-09-28T03:00:00,3153A,114.3877,30.4908,武汉市,民族大道182号,,38,38,63,22,32,282,113,120,117,17,34,9,11,0.7,0.9
2022-09-28T03:00:00,3164A,119.4686,32.3942,扬州市,广陵建设局,,38,27,34,26,21,125,67,61,61,20,24,8,9,0.6,0.6
2022-09-28T03:00:00,3165A,108.6594,34.2969,咸阳市,两寺渡,,,,68,11,27,109,,2,2,54,40,6,4,0.5,0.6
2022-09-28T03:00:00,3169A,113.2725,35.2067,焦作市,太极体育中心(启用180720),颗粒物(PM10),94,138,125,58,47,186,41,22,22,66,45,13,16,0.4,0.4
2022-09-28T03:00:00,3170A,102.1864,38.5253,金昌市,市委党校,,,,,,,119,67,85,78,27,35,8,35,0.7,0.7
2022-09-28T03:00:00,3171A,115.6071,34.4465,商丘市,梁园区档案局,颗粒物(PM10),74,98,64,38,26,134,2,1,1,82,43,8,8,0.7,0.7
2022-09-28T03:00:00,3173A,117.0598,30.5351,安庆市,市人大,,44,44,46,27,29,200,105,119,113,16,18,8,9,0.8,1
2022-09-28T03:00:00,3178A,119.0587,36.721,潍坊市,潍坊七中,颗粒物(PM10),62,73,55,34,23,150,38,41,40,29,32,8,7,0.7,0.6
2022-09-28T03:00:00,3179A,102.7494,25.0119,昆明市,官渡区博物馆,,50,50,28,31,17,127,64,57,57,19,20,9,7,0.5,0.6
2022-09-28T03:00:00,3180A,99.7136,27.8094,迪庆州,质量技术监督局,,16,13,15,8,8,75,51,68,62,6,7,8,8,0.5,0.5
2022-09-28T03:00:00,3182A,106.7656,31.8545,巴中市,丽阳花园,,16,16,12,7,7,73,11,14,11,18,18,4,4,0.4,0.4
2022-09-28T03:00:00,3183A,106.7418,31.8654,巴中市,圣泉水务公司,,15,15,11,6,6,76,7,8,7,19,18,6,5,0.4,0.4
2022-09-28T03:00:00,3185A,112.5628,37.8964,太原市,巨轮,颗粒物(PM10),78,105,121,44,51,192,3,4,3,102,86,5,13,0.9,1.3
2022-09-28T03:00:00,3186A,103.7158,36.1058,兰州市,教育港,颗粒物(PM10),83,116,89,41,37,144,8,8,8,60,46,8,16,0.4,0.7
2022-09-28T03:00:00,3187A,116.9509,33.666,宿州市,远航博物馆,颗粒物(PM10),67,83,62,36,26,130,21,20,18,68,31,2,3,0.5,0.4
2022-09-28T03:00:00,3188A,115.6683,37.7217,衡水市,市城管局,,,130,97,60,41,183,93,99,96,28,31,,13,0.2,0.8
2022-09-28T03:00:00,3190A,116.0254,29.6994,九江市,外国语学校,颗粒物(PM10),52,54,54,34,34,192,134,147,140,15,20,10,13,1.0,1.1
2022-09-28T03:00:00,3191A,118.3225,33.9447,宿迁市,宿豫区政府,,44,44,34,17,20,132,50,55,53,14,16,4,5,0.6,0.6
2022-09-28T03:00:00,3192A,80.0903,32.5028,阿里地区,阿里藏医院,,30,5,5,1,2,133,94,102,97,4,4,14,14,0.3,0.3
2022-09-28T03:00:00,3194A,112.2747,30.3122,荆州市,管委会,,36,34,66,19,49,201,114,108,108,11,23,6,10,0.6,0.8
2022-09-28T03:00:00,3195A,119.3633,32.3972,扬州市,市体育局,,40,36,45,28,21,130,69,69,69,18,23,8,9,0.6,0.6
2022-09-28T03:00:00,3200A,115.9819,36.4978,聊城市,监控中心,颗粒物(PM10),75,100,93,49,42,207,67,94,81,38,31,22,18,0.3,0.4
2022-09-28T03:00:00,3201A,102.6486,37.9325,武威市,东关招商场,,42,42,64,17,23,124,27,25,25,30,26,6,6,0.3,0.4
2022-09-28T03:00:00,3204A,113.3025,33.73,平顶山市,规划局,细颗粒物(PM2.5),57,62,129,40,57,111,35,78,61,40,48,4,24,0.8,1
2022-09-28T03:00:00,3206A,114.9149,27.807,新余市,新钢沁园村,颗粒物(PM10),54,58,65,36,32,157,94,96,96,26,22,41,22,0.6,0.5
2022-09-28T03:00:00,3207A,118.3118,32.3038,滁州市,市政府原办公楼,,,,54,,27,87,,77,,,25,,8,,0.5
2022-09-28T03:00:00,3208A,112.7283,38.4153,忻州市,市政府,,47,47,78,32,33,164,48,40,40,39,58,10,17,0.5,0.7
2022-09-28T03:00:00,3209A,119.5231,26.6562,宁德市,宁德一中,,43,43,34,13,15,143,65,80,70,10,10,12,10,0.6,0.5
2022-09-28T03:00:00,3210A,114.3644,34.7964,开封市,汴京公园,颗粒物(PM10),82,114,92,54,42,157,46,72,58,42,28,8,9,0.5,0.4
2022-09-28T03:00:00,3216A,114.6622,24.5183,漳州市,漳州党校,,38,38,25,21,13,155,4,23,13,42,16,6,6,0.7,0.6
2022-09-28T03:00:00,3237A,117.4918,30.6617,池州市,展览馆,颗粒物(PM10),54,58,58,29,32,190,49,54,51,34,29,6,9,0.5,0.7
2022-09-28T03:00:00,3239A,125.0764,42.9078,辽源市,银鹰制药,细颗粒物(PM2.5),65,76,76,47,36,197,137,124,124,7,39,16,16,1.3,1
2022-09-28T03:00:00,3241A,103.7439,36.0842,兰州市,百合公园,颗粒物(PM10),58,65,72,28,28,139,4,4,4,66,53,11,16,0.5,0.6
2022-09-28T03:00:00,3242A,103.9611,35.998,兰州市,和平,颗粒物(PM10),52,53,61,30,31,119,57,50,50,25,36,9,14,0.6,0.8
2022-09-28T03:00:00,3247A,104.955,33.371,陇南市,市总工会,,37,37,25,8,5,95,24,25,23,19,18,9,8,0.2,0.3
2022-09-28T03:00:00,3248A,98.2643,39.7724,嘉峪关市,雄关区,,38,38,36,9,14,125,66,63,63,16,20,7,11,0.2,0.4
2022-09-28T03:00:00,3265A,121.4316,31.3322,上海市,宝山庙行,,38,34,22,21,11,106,35,66,52,76,34,5,5,0.5,0.4
2022-09-28T03:00:00,3266A,121.8791,31.4662,上海市,崇明上实东滩,,26,18,13,13,6,110,81,86,83,10,9,9,9,0.7,0.6
2022-09-28T03:00:00,3268A,121.3162,31.2838,上海市,嘉定南翔,,33,31,23,23,11,110,61,65,63,36,25,7,6,0.5,0.4
2022-09-28T03:00:00,3269A,121.3359,30.7456,上海市,金山新城,,,,24,11,10,133,73,75,72,20,17,5,5,0.5,0.6
2022-09-28T03:00:00,3270A,121.4996,31.0739,上海市,闵行浦江,,20,16,15,14,9,118,64,76,69,34,24,5,5,0.6,0.6
2022-09-28T03:00:00,3271A,121.2886,31.1663,上海市,青浦徐泾,,26,26,26,11,10,120,81,76,76,23,20,6,6,0.2,0.5
2022-09-28T03:00:00,3272A,121.2186,31.0378,上海市,松江图书馆,,27,27,24,15,11,127,59,72,64,38,27,8,7,0.6,0.6
2022-09-28T03:00:00,3273A,121.3902,31.2059,上海市,长宁仙霞,,,,28,,9,85,,80,,,25,,7,,0.4
2022-09-28T03:00:00,3274A,121.7965,31.0507,上海市,浦东惠南,,20,20,17,9,6,123,63,77,63,24,17,4,4,0.6,0.6
2022-09-28T03:00:00,3281A,115.9718,40.4529,北京市,延庆夏都,颗粒物(PM10),75,99,107,53,56,264,132,136,135,12,25,3,3,0.7,0.8
2022-09-28T03:00:00,3282A,113.3397,40.0597,大同市,大同市卫生学校,颗粒物(PM10),80,109,89,34,28,163,5,6,6,76,59,13,27,0.8,0.7
2022-09-28T03:00:00,3283A,109.9154,40.5685,包头市,滨河大厦,,29,19,45,9,17,125,32,67,50,57,38,12,16,0.6,0.7
2022-09-28T03:00:00,3284A,106.813,39.7274,乌海市,海北新区,颗粒物(PM10),88,125,120,30,31,183,50,49,49,42,52,60,43,1.3,1.1
2022-09-28T03:00:00,3285A,113.1376,40.9509,乌兰察布市,北京八中,颗粒物(PM10),52,53,73,19,23,146,56,73,61,30,40,15,17,0.4,0.5
2022-09-28T03:00:00,3286A,118.9359,42.3147,赤峰市,桥北物流园区,颗粒物(PM10),53,56,60,23,20,195,161,134,131,20,38,9,8,0.6,0.5
2022-09-28T03:00:00,3287A,119.3842,32.1976,镇江市,富润路1号,颗粒物(PM10),51,51,34,30,20,144,54,62,57,27,26,10,15,0.6,0.4
2022-09-28T03:00:00,3288A,117.4754,34.4422,徐州市,大泉街道,颗粒物(PM10),73,95,70,32,24,152,24,42,36,49,28,11,10,0.5,0.5
2022-09-28T03:00:00,3289A,120.743,31.3188,苏州市,方洲路,,43,43,22,27,14,129,61,62,60,28,27,7,6,0.7,0.6
2022-09-28T03:00:00,3290A,120.5031,31.2774,苏州市,木渎中学,,35,35,19,17,13,139,46,60,55,33,21,6,6,0.7,0.6
2022-09-28T03:00:00,3291A,121.067,32.062,南通市,通州监测站,,31,22,17,19,12,132,98,119,109,7,8,4,4,0.4,0.4
2022-09-28T03:00:00,3293A,120.1501,33.3367,盐城市,月亮广场,,33,32,40,12,13,114,105,97,97,8,13,6,6,0.5,0.4
2022-09-28T03:00:00,3294A,119.5653,32.4222,扬州市,引江管理处,,41,41,36,26,19,128,75,72,71,15,21,3,7,0.5,0.5
2022-09-28T03:00:00,3295A,120.1259,32.5099,泰州市,姜堰区政府广场,,37,37,28,25,15,123,77,102,94,14,13,7,8,0.6,0.5
2022-09-28T03:00:00,3298A,113.5717,23.5491,广州市,从化街口,,34,34,45,22,30,128,15,20,18,33,24,6,7,0.6,0.7
2022-09-28T03:00:00,3299A,113.3472,23.3692,广州市,白云竹料,颗粒物(PM10),55,59,65,28,34,132,13,11,10,49,35,7,8,0.6,0.6
2022-09-28T03:00:00,3300A,113.2981,23.237,广州市,白云嘉禾,,36,36,64,15,30,139,51,26,26,28,40,8,9,0.5,0.7
2022-09-28T03:00:00,3301A,113.4256,23.1716,广州市,黄埔科学城,,33,33,50,14,28,131,40,26,26,23,41,5,6,0.7,0.8
2022-09-28T03:00:00,3302A,113.3942,23.0483,广州市,番禺大学城,,41,41,49,15,21,149,36,49,43,34,36,7,7,0.6,0.7
2022-09-28T03:00:00,3303A,113.4922,22.8168,广州市,南沙黄阁,,38,38,47,12,18,155,50,50,50,24,28,4,5,0.7,0.8
2022-09-28T03:00:00,3304A,113.5342,22.7896,广州市,南沙街,,36,36,38,15,18,153,50,51,51,20,20,6,7,0.7,0.8
2022-09-28T03:00:00,3305A,114.0731,22.559,深圳市,莲花,,29,29,28,10,13,102,72,71,71,10,14,6,6,0.7,0.7
2022-09-28T03:00:00,3306A,114.0261,22.6198,深圳市,民治,,26,26,30,8,10,117,63,66,64,13,12,6,6,0.5,0.5
2022-09-28T03:00:00,3307A,114.1871,22.6451,深圳市,横岗,,21,17,22,10,13,109,66,69,68,11,15,6,7,0.6,0.6
2022-09-28T03:00:00,3308A,113.3494,22.0569,珠海市,金湾,,29,29,27,12,15,100,71,69,69,6,11,6,6,0.3,0.4
2022-09-28T03:00:00,3311A,113.1075,22.5647,江门市,江海富民,,43,43,52,14,18,154,55,51,51,11,21,7,7,0.5,0.6
2022-09-28T03:00:00,3313A,112.4575,23.0166,肇庆市,高要湖西,,35,35,59,21,38,215,29,69,49,40,29,12,13,0.8,0.8
2022-09-28T03:00:00,3314A,114.4338,22.8134,惠州市,惠阳秋长,,29,29,33,14,15,104,72,74,72,7,12,5,4,0.6,0.7
2022-09-28T03:00:00,3315A,116.1233,24.2991,梅州市,梅龙,,31,31,21,16,13,76,72,71,71,8,9,6,7,0.6,0.6
2022-09-28T03:00:00,3317A,111.9765,21.8947,阳江市,两阳中学,,13,11,40,8,19,147,25,28,27,26,29,4,7,0.4,0.5
2022-09-28T03:00:00,3318A,112.9903,23.7403,清远市,清新太和,,30,30,43,19,31,156,59,54,54,16,19,5,7,0.7,0.9
2022-09-28T03:00:00,3319A,113.7338,23.0381,东莞市,万江金泰,,29,29,37,12,18,115,67,58,58,13,20,10,10,0.7,0.7
2022-09-28T03:00:00,3320A,116.403,23.5699,揭阳市,曲溪,,28,28,38,16,17,121,33,49,40,24,17,14,7,0.4,0.4
2022-09-28T03:00:00,3323A,115.2773,40.9724,张家口市,青少年活动中心,颗粒物(PM10),58,66,49,24,17,164,93,98,96,12,15,1,3,0.3,0.3
2022-09-28T03:00:00,3324A,116.8136,38.3004,沧州市,河北水利电力学院,细颗粒物(PM2.5),88,117,113,65,57,227,76,85,82,50,39,12,16,0.6,0.4
2022-09-28T03:00:00,3325A,117.0365,39.3828,天津市,雍阳西道,细颗粒物(PM2.5),105,139,115,79,58,260,100,100,100,43,36,13,14,0.6,0.6
2022-09-28T03:00:00,3326A,117.0296,39.0605,天津市,辛老路,细颗粒物(PM2.5),94,135,102,70,53,210,80,84,83,39,49,16,16,1.0,0.8
2022-09-28T03:00:00,3327A,116.9638,38.9375,天津市,地纬路,颗粒物(PM10),99,148,106,69,46,205,58,60,54,52,51,20,17,1.0,0.6
2022-09-28T03:00:00,3328A,118.4209,31.3707,芜湖市,市气象局,,32,32,42,14,24,158,48,62,55,26,22,12,11,0.6,0.7
2022-09-28T03:00:00,3329A,117.0108,32.5893,淮南市,山南新区,颗粒物(PM10),59,68,63,27,27,141,75,79,76,18,19,8,6,0.5,0.5
2022-09-28T03:00:00,3330A,116.8873,33.9836,淮北市,杜集区检察院,颗粒物(PM10),65,79,46,36,24,129,31,44,39,30,20,7,8,0.6,0.6
2022-09-28T03:00:00,3331A,118.3267,32.2634,滁州市,图书馆,,43,43,46,18,19,174,48,60,54,26,27,9,10,0.6,0.6
2022-09-28T03:00:00,3332A,115.7633,33.8034,亳州市,亳州学院,细颗粒物(PM2.5),107,110,62,80,36,132,29,20,20,26,19,5,7,0.7,0.5
2022-09-28T03:00:00,3333A,117.5627,30.695,池州市,第八中学,颗粒物(PM10),54,57,52,27,31,181,43,64,55,36,29,5,8,0.7,0.8
2022-09-28T03:00:00,3334A,117.5038,30.6243,池州市,第十二中学,,34,34,49,19,28,196,84,81,81,18,24,6,7,0.5,0.7
2022-09-28T03:00:00,3335A,113.3137,35.2641,焦作市,马村街道办(新增191226),颗粒物(PM10),79,108,104,51,38,187,56,38,38,41,33,12,7,0.6,0.7
2022-09-28T03:00:00,3336A,113.2465,35.2373,焦作市,焦作技师学院(新增200110),细颗粒物(PM2.5),98,138,105,73,43,186,64,70,51,54,31,49,10,1.2,0.5
2022-09-28T03:00:00,3337A,113.8614,34.0442,许昌市,许昌学院,细颗粒物(PM2.5),93,87,107,69,51,120,51,88,75,31,39,30,15,0.8,0.7
2022-09-28T03:00:00,3338A,113.843,34.0823,许昌市,芙蓉广场,细颗粒物(PM2.5),108,139,109,81,57,134,10,47,28,78,50,23,13,0.9,0.7
2022-09-28T03:00:00,3339A,114.0012,33.0412,驻马店市,小管楼,细颗粒物(PM2.5),117,115,135,88,76,143,60,68,62,33,38,8,12,0.7,0.7
2022-09-28T03:00:00,3340A,112.6005,34.6326,洛阳市,伊滨,,35,35,90,17,40,132,44,40,40,20,43,11,14,0.2,0.5
2022-09-28T03:00:00,3341A,112.4951,34.6332,洛阳市,中移产业园,,25,25,83,12,45,134,45,58,50,20,48,5,10,0,0.3
2022-09-28T03:00:00,3342A,128.4741,47.4346,伊春市,中心小学,臭氧1小时,83,45,33,31,11,186,186,181,181,6,7,10,7,1.0,0.7
2022-09-28T03:00:00,3343A,128.6871,47.7369,伊春市,检察院,臭氧1小时,78,77,34,37,18,184,182,184,183,7,8,7,10,0.8,0.3
2022-09-28T03:00:00,3344A,128.8431,47.8474,伊春市,双子河社区,臭氧1小时,63,40,34,40,16,170,170,164,164,11,10,11,10,0.8,0.6
2022-09-28T03:00:00,3345A,131.0577,45.7879,七台河市,中波台,,21,17,29,7,7,88,65,77,71,13,22,20,21,0.4,0.4
2022-09-28T03:00:00,3346A,108.3872,31.1628,重庆市,安康,,15,11,19,6,12,79,47,61,52,9,14,7,8,0.3,0.4
2022-09-28T03:00:00,3347A,105.9017,29.3569,重庆市,北山路,,48,16,18,33,19,56,46,46,46,8,16,5,6,0.5,0.4
2022-09-28T03:00:00,3348A,105.839,30.1946,重庆市,春阳街,,16,13,20,2,4,56,50,48,48,7,10,7,6,0.5,0.5
2022-09-28T03:00:00,3349A,107.7983,30.6758,重庆市,人民东路,,24,17,25,4,9,90,74,77,75,8,8,4,7,0.3,0.4
2022-09-28T03:00:00,3350A,106.6479,29.0244,重庆市,滩子口,,32,25,30,22,25,59,27,37,34,20,20,13,14,0.7,0.7
2022-09-28T03:00:00,3351A,105.7167,29.7076,重庆市,棠香,,14,12,14,5,9,64,42,47,45,7,7,5,6,0.3,0.3
2022-09-28T03:00:00,3352A,107.0732,29.8617,重庆市,桃源西路,,25,25,19,13,13,56,28,34,32,19,24,8,9,0.5,0.6
2022-09-28T03:00:00,3353A,107.3535,29.7287,重庆市,迎宾大道,,32,32,24,18,13,48,22,35,28,16,19,10,7,0.4,0.5
2022-09-28T03:00:00,3354A,108.815,29.5081,重庆市,舟白,,32,12,35,22,19,95,69,78,74,6,10,10,4,0.4,0.4
2022-09-28T03:00:00,3355A,108.3679,30.8426,重庆市,周家坝,,30,16,21,21,18,79,72,71,68,6,20,6,5,0.6,0.6
2022-09-28T03:00:00,3356A,108.4319,30.7555,重庆市,百安坝,,24,11,19,10,10,80,75,78,77,6,19,10,10,0.5,0.5
2022-09-28T03:00:00,3357A,104.0106,30.6931,成都市,金博路,,38,38,30,19,14,68,2,6,3,37,26,3,3,0.6,0.5
2022-09-28T03:00:00,3358A,103.8458,30.6994,成都市,临江路,,43,35,25,30,16,80,6,17,12,29,21,4,4,0.4,0.3
2022-09-28T03:00:00,3359A,104.0578,30.5225,成都市,华阳,,25,19,22,17,16,70,19,19,19,26,30,3,3,0.5,0.5
2022-09-28T03:00:00,3360A,104.7894,29.3194,自贡市,南湖救助站,,15,15,25,0,11,66,34,42,38,13,17,4,5,0.2,0.2
2022-09-28T03:00:00,3361A,103.7311,29.5628,乐山市,理工大学,,26,26,19,12,11,72,0,2,1,29,24,4,4,0.6,0.5
2022-09-28T03:00:00,3362A,120.5014,36.4034,青岛市,即墨2号,,29,29,27,13,12,164,80,91,85,19,21,3,4,0.2,0.3
2022-09-28T03:00:00,3363A,117.9883,36.8372,淄博市,新区,细颗粒物(PM2.5),83,97,110,61,54,273,50,62,55,57,72,14,18,1.3,1.4
2022-09-28T03:00:00,3364A,117.3152,34.8103,枣庄市,市环保局,颗粒物(PM10),84,117,73,48,25,148,17,25,22,65,38,12,14,0.6,0.6
2022-09-28T03:00:00,3365A,118.5719,37.565,东营市,垦利区民丰路,颗粒物(PM10),58,66,85,27,43,295,22,35,28,80,58,16,16,0.9,1.1
2022-09-28T03:00:00,3366A,121.5206,37.4336,烟台市,中国农业大学,,29,29,43,12,16,184,79,71,71,13,20,6,7,0.3,0.3
2022-09-28T03:00:00,3368A,119.1977,36.6872,潍坊市,高新实验学校,颗粒物(PM10),63,75,56,31,21,141,39,36,34,34,33,9,10,0.7,0.7
2022-09-28T03:00:00,3369A,118.3977,35.0278,临沂市,开发区幼儿园,,,,,,,,,,,,,,,,
2022-09-28T03:00:00,3370A,118.3564,35.0215,临沂市,十里堡居委,,39,39,42,24,23,141,70,68,68,18,27,49,13,0.5,0.6
2022-09-28T03:00:00,3371A,116.3728,37.4403,德州市,开发区人民医院,细颗粒物(PM2.5),103,119,93,77,53,225,86,132,109,41,38,10,11,0.5,0.5
2022-09-28T03:00:00,3372A,116.3572,37.4094,德州市,太阳城中学,细颗粒物(PM2.5),110,158,109,83,55,230,57,79,67,51,43,15,15,0.6,0.5
2022-09-28T03:00:00,3374A,115.5564,35.0891,菏泽市,定陶老年大学,颗粒物(PM10),70,90,89,48,42,170,55,54,52,36,34,32,21,0.7,0.7
2022-09-28T03:00:00,3375A,102.8017,24.8336,昆明市,青年创业园,,47,47,28,27,18,128,50,62,58,23,20,8,11,0.4,0.5
2022-09-28T03:00:00,3376A,103.7947,25.462,曲靖市,南苑二区,,46,46,34,30,22,138,97,95,95,8,10,8,8,0.6,0.6
2022-09-28T03:00:00,3377A,103.7444,25.5261,曲靖市,曲靖师范学院,,40,40,30,21,23,120,62,90,80,11,10,5,6,0.6,0.6
2022-09-28T03:00:00,3378A,122.371,40.6771,营口市,老边实验中学,,50,50,74,32,36,204,84,84,84,28,36,15,20,0.9,0.9
2022-09-28T03:00:00,3379A,122.1139,40.2278,营口市,鲅鱼圈市民活动中心,颗粒物(PM10),62,73,61,38,30,219,138,150,143,13,13,9,9,0.6,0.6
2022-09-28T03:00:00,3380A,102.8914,34.9617,甘南州,甘肃民族师范学院,,,8,10,8,8,113,,,,24,17,7,6,0.3,0.3
2022-09-28T03:00:00,3396A,112.0828,32.0067,襄阳市,襄城隆中路,,46,46,76,27,37,138,62,50,50,20,28,14,14,0.7,0.8
2022-09-28T03:00:00,3397A,112.1214,32.1008,襄阳市,高新台子湾,,30,26,78,21,41,126,51,54,52,23,34,11,11,0.5,0.7
2022-09-28T03:00:00,3398A,114.9136,30.4445,黄冈市,市林业局,,,45,65,,28,205,103,107,104,9,16,6,9,0.7,0.8
2022-09-28T03:00:00,3399A,112.6703,26.882,衡阳市,师范学院,细颗粒物(PM2.5),69,77,68,50,44,221,150,177,164,11,13,10,11,0.8,0.8
2022-09-28T03:00:00,3400A,109.1911,21.4415,北海市,龙潭自来水厂,细颗粒物(PM2.5),77,72,73,56,55,160,88,94,91,13,11,11,9,0.7,0.8
2022-09-28T03:00:00,3401A,108.4834,22.7618,南宁市,红星社区,颗粒物(PM10),75,100,86,50,50,168,32,49,43,56,33,24,15,1.0,0.9
2022-09-28T03:00:00,3402A,109.5422,24.3996,柳州市,市二中,细颗粒物(PM2.5),54,50,63,38,41,162,108,100,100,14,16,9,9,0.7,0.7
2022-09-28T03:00:00,3403A,110.1764,25.2381,桂林市,创业大厦,臭氧1小时,73,68,58,48,39,198,178,177,175,10,10,14,11,0.6,0.6
2022-09-28T03:00:00,3404A,108.5959,21.9633,钦州市,北职校,细颗粒物(PM2.5),79,99,89,58,56,201,79,90,86,21,16,17,12,1.2,1
2022-09-28T03:00:00,3405A,109.5886,23.1172,贵港市,新世纪学校,细颗粒物(PM2.5),53,53,77,37,43,190,110,110,110,9,16,8,11,0.8,0.9
2022-09-28T03:00:00,3406A,106.6085,23.8798,百色市,祈福高中,细颗粒物(PM2.5),58,51,63,41,39,170,46,43,43,12,17,8,15,0.8,0.7
2022-09-28T03:00:00,3407A,120.6916,30.7739,嘉兴市,秀洲住建,,19,16,25,8,12,123,60,72,68,33,26,4,4,0.4,0.4
2022-09-28T03:00:00,3408A,120.5683,29.9361,绍兴市,绍兴中专,,36,36,38,16,20,169,42,63,55,32,22,8,8,0.4,0.5
2022-09-28T03:00:00,3409A,120.4906,30.0861,绍兴市,柯桥区政府,,20,19,32,14,16,148,64,77,70,22,20,6,8,0.6,0.6
2022-09-28T03:00:00,3410A,120.8752,30.0249,绍兴市,重华小学,,46,46,34,16,17,146,58,68,64,20,15,18,10,0.7,0.7
2022-09-28T03:00:00,3411A,120.8369,30.0137,绍兴市,上虞中学,,47,47,36,20,18,157,65,74,70,16,14,14,9,0.8,0.7
2022-09-28T03:00:00,3413A,118.1953,28.4401,上饶市,广丰区教体局,颗粒物(PM10),51,52,56,29,31,192,108,115,112,20,19,17,17,0.7,0.6
2022-09-28T03:00:00,3415A,114.4519,28.0828,宜春市,万载县环保局,颗粒物(PM10),62,74,84,40,44,207,59,106,78,60,35,22,24,0.9,1
2022-09-28T03:00:00,3416A,119.1755,36.7149,潍坊市,潍坊学院,颗粒物(PM10),56,61,56,24,17,150,60,55,55,23,28,8,7,0.8,0.7
2022-09-28T03:00:00,3417A,117.0709,40.1465,北京市,平谷新城,细颗粒物(PM2.5),72,80,89,52,50,250,56,64,60,11,17,3,3,0.5,0.6
2022-09-28T03:00:00,3418A,116.8336,40.4095,北京市,密云新城,颗粒物(PM10),68,86,97,45,49,249,119,93,93,9,25,3,3,0.5,0.6
2022-09-28T03:00:00,3419A,109.9447,40.6261,包头市,包头市委党校,,49,49,60,17,24,128,6,7,5,85,52,21,40,1.0,0.9
2022-09-28T03:00:00,3421A,113.1775,40.9779,乌兰察布市,市委党校,颗粒物(PM10),51,52,45,21,15,146,11,33,17,82,51,18,18,0.4,0.5
2022-09-28T03:00:00,3422A,118.8436,31.9198,南京市,江宁彩虹桥,,49,49,42,19,18,168,40,52,45,33,22,5,5,0.5,0.5
2022-09-28T03:00:00,3423A,119.0138,31.6494,南京市,溧水永阳,,25,22,41,17,25,152,50,60,55,23,22,6,7,0.6,0.7
2022-09-28T03:00:00,3424A,118.879,31.3302,南京市,高淳老职中,,41,41,35,13,22,152,40,57,47,31,25,6,6,0.4,0.6
2022-09-28T03:00:00,3425A,120.624,31.1733,苏州市,越秀幼儿园,细颗粒物(PM2.5),52,37,36,36,16,138,56,62,60,33,28,6,7,0.6,0.6
2022-09-28T03:00:00,3426A,118.8755,33.2894,淮安市,新华书店,,32,32,33,18,19,121,54,49,49,15,18,6,6,0.5,0.5
2022-09-28T03:00:00,3427A,118.8554,32.3578,南京市,六合雄州,,33,33,33,23,23,138,44,50,48,16,22,7,7,0.5,0.6
2022-09-28T03:00:00,3428A,120.3142,31.4753,无锡市,华庄,颗粒物(PM10),54,58,42,35,20,123,75,72,72,15,27,6,6,0.5,0.5
2022-09-28T03:00:00,3429A,119.8598,31.7066,常州市,武进经发区,细颗粒物(PM2.5),52,47,34,36,20,135,80,69,69,17,28,4,7,0.6,0.9
2022-09-28T03:00:00,3430A,119.5826,31.7245,常州市,金坛城区,,43,43,41,26,24,143,46,42,42,31,36,6,7,0.8,0.8
2022-09-28T03:00:00,3431A,120.6505,31.416,苏州市,高铁新城,,43,41,23,30,12,138,72,83,78,21,16,7,6,0.6,0.6
2022-09-28T03:00:00,3432A,120.9348,31.9883,南通市,环境教育馆,,45,39,23,31,16,123,55,55,55,28,18,2,2,0.5,0.4
2022-09-28T03:00:00,3434A,119.2413,34.6539,连云港市,工贸学校,,36,13,17,6,10,130,114,107,107,1,7,2,3,0.5,0.6
2022-09-28T03:00:00,3435A,119.9192,32.4322,泰州市,周山河街区,,42,33,26,29,17,122,91,73,73,9,12,7,7,0.6,0.5
2022-09-28T03:00:00,3436A,120.4279,33.205,盐城市,大丰高级中学,,31,31,31,19,13,134,57,130,91,25,15,6,7,0.6,0.5
2022-09-28T03:00:00,3437A,88.3118,43.3658,乌鲁木齐市,达坂城区环保局,,,,177,58,33,126,77,98,89,5,8,2,3,0.2,0.2
2022-09-28T03:00:00,3438A,87.6162,43.8801,乌鲁木齐市,红光山片区,颗粒物(PM10),178,305,207,29,17,125,61,70,62,26,17,4,5,0.3,0.3
2022-09-28T03:00:00,3439A,87.7024,43.8004,乌鲁木齐市,新师大温泉校区,颗粒物(PM10),176,302,251,45,39,140,84,81,81,4,5,6,6,0.2,0.2
2022-09-28T03:00:00,3440A,87.4921,43.8411,乌鲁木齐市,大绿谷,颗粒物(PM10),205,353,203,66,40,122,52,39,39,35,23,5,8,0.4,0.5
2022-09-28T03:00:00,3441A,87.546,44.1912,五家渠市,经开区管委会,颗粒物(PM10),329,443,254,72,44,131,49,50,50,17,19,5,7,0.5,0.5
2022-09-28T03:00:00,3442A,86.047,44.2331,石河子市,南区管委会,颗粒物(PM10),148,246,147,22,26,114,79,81,80,13,11,9,10,0.7,0.8
2022-09-28T03:00:00,3443A,113.2902,23.5544,广州市,花都梯面,,35,35,44,20,31,153,3,20,12,35,26,6,7,0.6,0.6
2022-09-28T03:00:00,3444A,116.454,23.2684,汕头市,潮南峡山,,21,12,22,7,10,106,67,63,63,4,8,7,8,0.5,0.5
2022-09-28T03:00:00,3445A,113.7858,23.7478,广州市,从化良口,,25,25,31,17,23,128,18,33,24,24,14,5,6,0.5,0.5
2022-09-28T03:00:00,3446A,113.8051,23.2614,广州市,增城荔城,,44,44,42,21,25,118,39,58,46,17,13,12,9,0.5,0.6
2022-09-28T03:00:00,3447A,114.3551,22.7151,深圳市,坪山,,38,38,38,18,16,104,61,65,64,11,16,7,7,0.5,0.5
2022-09-28T03:00:00,3448A,113.5433,22.1163,珠海市,横琴,,36,31,27,25,16,103,69,76,74,9,11,7,7,0.1,0.2
2022-09-28T03:00:00,3449A,113.05,22.4667,江门市,新会银湖,,21,21,34,8,15,149,18,39,31,32,26,4,5,0.6,0.6
2022-09-28T03:00:00,3450A,111.01,21.5165,茂名市,电白水东,,19,19,53,9,29,149,47,63,55,8,14,4,10,0.4,0.6
2022-09-28T03:00:00,3451A,112.5617,23.2083,肇庆市,鼎湖凤凰,,37,37,45,25,31,204,40,52,45,14,13,5,6,0.5,0.6
2022-09-28T03:00:00,3452A,114.6517,22.775,惠州市,大亚湾霞涌,,33,33,31,10,13,104,69,71,70,8,9,5,6,0.5,0.5
2022-09-28T03:00:00,3453A,112.0125,21.8749,阳江市,阳东陶然,,15,9,45,5,24,144,47,52,50,6,12,4,7,0.5,0.7
2022-09-28T03:00:00,3454A,113.3528,22.478,中山市,中山南区,,21,17,23,9,11,150,66,71,67,13,17,7,6,0.5,0.5
2022-09-28T03:00:00,3455A,113.076,23.7198,清远市,清城东城,,45,45,49,31,31,158,32,31,31,22,17,11,9,0.8,0.8
2022-09-28T03:00:00,3456A,114.289,38.0906,石家庄市,鹿泉一中,颗粒物(PM10),82,114,98,42,46,224,84,61,61,33,38,8,13,1.2,1
2022-09-28T03:00:00,3457A,118.4359,39.2762,唐山市,冀东油田职工医院,颗粒物(PM10),70,90,113,50,60,245,135,116,116,26,40,6,10,0.5,0.5
2022-09-28T03:00:00,3458A,114.7895,36.5593,邯郸市,香泉濮院小区,"颗粒物(PM10),细颗粒物(PM2.5)",95,139,108,71,54,188,69,84,75,30,28,18,23,0.4,0.4
2022-09-28T03:00:00,3459A,115.5989,37.5491,衡水市,地表水厂,细颗粒物(PM2.5),94,88,74,70,44,209,49,51,44,47,36,13,14,0.6,0.6
2022-09-28T03:00:00,3460A,117.4067,40.0583,天津市,北环路,细颗粒物(PM2.5),89,111,96,66,57,256,133,138,136,18,20,8,10,0.8,0.8
2022-09-28T03:00:00,3461A,117.3045,39.7169,天津市,建设路,细颗粒物(PM2.5),137,172,131,104,78,270,3,78,37,105,58,9,12,1.1,0.8
2022-09-28T03:00:00,3462A,117.8199,39.3521,天津市,滨水东路,细颗粒物(PM2.5),107,113,97,80,60,240,94,111,105,52,48,20,14,0.8,0.9
2022-09-28T03:00:00,3463A,116.9708,33.591,宿州市,社会福利中心,颗粒物(PM10),63,75,66,42,34,130,37,43,40,46,29,5,4,0.4,0.4
2022-09-28T03:00:00,3464A,117.3803,31.9147,合肥市,高教基地,,40,40,44,21,21,160,51,68,62,21,19,2,3,0.3,0.5
2022-09-28T03:00:00,3465A,118.4781,31.3225,芜湖市,清苑社区,,30,30,37,12,22,162,44,62,53,32,24,7,7,0.5,0.6
2022-09-28T03:00:00,3466A,118.2746,31.2326,芜湖市,扬子职业技术学院,,37,37,40,17,22,163,51,69,59,32,24,9,9,0.5,0.6
2022-09-28T03:00:00,3468A,115.7901,32.8613,阜阳市,市规划展馆,颗粒物(PM10),72,93,56,41,27,130,67,73,70,32,22,18,12,1.2,0.6
2022-09-28T03:00:00,3469A,115.836,32.9183,阜阳市,枣园社区,颗粒物(PM10),65,80,61,46,29,129,37,69,55,47,26,13,11,1.5,0.7
2022-09-28T03:00:00,3470A,118.7724,30.9141,宣城市,夏渡子站,,36,36,40,16,19,144,37,53,45,35,24,7,6,0.5,0.5
2022-09-28T03:00:00,3471A,113.616563,34.86783,郑州市,惠济区政府,颗粒物(PM10),95,140,115,70,49,172,13,56,37,92,65,13,11,0.9,0.7
2022-09-28T03:00:00,3473A,114.2485,34.8306,开封市,技师学院,颗粒物(PM10),84,118,92,57,33,156,53,102,76,43,26,14,13,0.8,0.6
2022-09-28T03:00:00,3474A,114.2617,35.6822,鹤壁市,大新区,细颗粒物(PM2.5),83,99,97,61,43,178,41,35,35,48,57,22,12,0.7,0.6
2022-09-28T03:00:00,3475A,113.9188,35.3045,新乡市,市政府,细颗粒物(PM2.5),123,110,83,93,59,192,44,68,56,59,36,10,9,0.8,0.6
2022-09-28T03:00:00,3476A,113.9135,35.3327,新乡市,河师大,颗粒物(PM10),115,180,113,80,52,185,24,69,44,76,49,16,15,1.0,0.9
2022-09-28T03:00:00,3477A,113.1656,35.2539,焦作市,中站许衡医院(新增191226),颗粒物(PM10),60,69,91,39,41,193,105,121,114,25,45,7,9,0.7,0.6
2022-09-28T03:00:00,3478A,113.9749,33.5664,漯河市,市图书馆,细颗粒物(PM2.5),165,157,133,125,79,151,51,58,53,25,39,11,14,1.0,1
2022-09-28T03:00:00,3479A,114.0967,33.5906,漯河市,召陵区卫健委,细颗粒物(PM2.5),128,146,142,97,71,133,9,11,9,63,49,8,13,0.8,0.7
2022-09-28T03:00:00,3480A,129.1368,47.6417,伊春市,美溪镇,,34,34,24,15,11,106,77,85,79,12,12,7,11,0.9,1
2022-09-28T03:00:00,3481A,125.141,46.634,大庆市,萨区政府监测点,颗粒物(PM10),61,72,43,37,22,164,138,150,144,5,7,5,6,1.0,0.7
2022-09-28T03:00:00,3482A,107.7541,29.3277,重庆市,芙蓉中路,,20,20,19,7,7,49,5,8,7,22,22,15,10,0.2,0.2
2022-09-28T03:00:00,3483A,108.7661,29.5368,重庆市,西山,,25,17,23,17,19,110,45,32,32,11,14,8,6,0.4,0.4
2022-09-28T03:00:00,3484A,106.2628,29.32,重庆市,行政中心,,18,18,30,9,16,55,38,44,41,12,22,4,4,0.6,0.6
2022-09-28T03:00:00,3485A,107.0944,29.1608,重庆市,高寺路,,14,14,17,2,10,48,40,42,41,11,21,8,6,0.7,0.8
2022-09-28T03:00:00,3486A,124.4036,43.1411,四平市,植物园,"颗粒物(PM10),臭氧1小时",63,75,79,29,38,211,170,170,170,15,32,11,10,0.6,0.7
2022-09-28T03:00:00,3487A,104.2394,30.5319,成都市,车城东七路,,35,35,21,20,12,87,38,32,32,23,23,4,3,0.5,0.4
2022-09-28T03:00:00,3488A,104.3853,30.7453,成都市,青白江技师分院,,35,33,22,24,16,76,17,10,10,39,27,10,7,0.5,0.5
2022-09-28T03:00:00,3489A,104.0789,30.4072,成都市,科学城,,28,28,21,17,14,74,18,13,13,29,27,5,5,0.6,0.6
2022-09-28T03:00:00,3490A,105.3617,28.7703,泸州市,纳溪区环保局,,32,21,20,22,14,71,37,31,31,13,22,3,3,0.5,0.5
2022-09-28T03:00:00,3491A,104.69,31.5322,绵阳市,西科大附属小学,,15,13,10,6,4,83,8,45,22,30,18,4,3,0.5,0.5
2022-09-28T03:00:00,3492A,104.5648,31.5343,绵阳市,安州区旅游局,,39,39,32,4,10,82,16,19,17,23,18,9,7,0.5,0.5
2022-09-28T03:00:00,3494A,117.1673,36.9782,济南市,济阳区政府,颗粒物(PM10),79,107,102,51,41,270,91,151,122,57,53,11,13,0.7,0.7
2022-09-28T03:00:00,3495A,117.1171,36.63,济南市,锦屏中学,细颗粒物(PM2.5),59,66,77,42,37,269,102,112,108,34,28,6,9,0.5,0.6
2022-09-28T03:00:00,3496A,118.3604,35.1084,临沂市,南坊新区,,41,41,43,22,18,154,74,70,70,17,31,14,9,0.7,0.8
2022-09-28T03:00:00,3498A,118.5055,37.8612,东营市,河口城区,,48,48,77,29,47,286,70,107,89,23,25,7,10,0.9,1.1
2022-09-28T03:00:00,3500A,116.5814,35.3707,济宁市,北湖一中,颗粒物(PM10),53,56,64,34,35,190,82,77,77,22,27,16,19,0.4,0.5
2022-09-28T03:00:00,3501A,116.8249,35.5593,济宁市,服务中心,颗粒物(PM10),70,89,82,39,38,198,61,57,53,48,45,19,17,0.5,0.5
2022-09-28T03:00:00,3502A,117.1812,36.2275,泰安市,国网新校,颗粒物(PM10),72,93,83,46,38,216,54,72,61,31,27,7,9,0.7,0.6
2022-09-28T03:00:00,3503A,117.0313,36.2018,泰安市,交通技校,细颗粒物(PM2.5),88,88,85,65,54,211,40,30,30,53,58,10,10,0.7,0.7
2022-09-28T03:00:00,3504A,117.0829,36.13,泰安市,山东第一医科大学,颗粒物(PM10),96,141,111,64,46,225,32,23,23,65,55,19,14,0.8,0.7
2022-09-28T03:00:00,3505A,122.1379,37.3414,威海市,临港区管委会,,35,9,29,7,12,167,111,114,112,7,16,3,4,0.2,0.3
2022-09-28T03:00:00,3507A,119.5328,35.4625,日照市,职业技术学院,,29,29,19,14,8,125,41,54,41,22,22,5,5,0.2,0.2
2022-09-28T03:00:00,3511A,116.5652,37.3319,德州市,陵城艺术中心,细颗粒物(PM2.5),99,122,94,74,48,255,96,136,116,34,31,16,14,0.6,0.7
2022-09-28T03:00:00,3512A,116.049,36.4674,聊城市,华润纺织,颗粒物(PM10),82,113,92,59,39,216,75,116,96,32,23,18,19,0.7,0.7
2022-09-28T03:00:00,3513A,116.0445,36.4361,聊城市,九州社区,细颗粒物(PM2.5),89,122,85,66,41,199,45,46,46,30,23,17,25,0.7,0.7
2022-09-28T03:00:00,3514A,117.9378,37.3956,滨州市,中海酒店,细颗粒物(PM2.5),117,122,106,88,63,244,81,44,44,54,49,20,23,0.9,0.9
2022-09-28T03:00:00,3515A,117.9378,37.3553,滨州市,开发区一中,细颗粒物(PM2.5),99,123,125,74,64,230,116,81,81,41,56,30,25,0.8,0.9
2022-09-28T03:00:00,3516A,118.0917,37.694,滨州市,金海六路,细颗粒物(PM2.5),98,121,117,73,65,254,20,63,41,68,53,15,16,0.8,0.8
2022-09-28T03:00:00,3520A,106.3495,38.9836,石嘴山市,妇女儿童医院,颗粒物(PM10),52,54,70,26,32,173,54,55,54,32,38,14,40,0.4,1.2
2022-09-28T03:00:00,3521A,106.7492,39.2069,石嘴山市,石大公路,颗粒物(PM10),51,52,90,19,37,149,43,34,34,31,46,6,16,0.4,0.8
2022-09-28T03:00:00,3522A,106.2177,35.9959,固原市,原州区十五小,,23,13,22,8,11,95,71,67,67,8,8,6,6,0.4,0.5
2022-09-28T03:00:00,3523A,106.5105,38.3856,银川市,滨河新区,颗粒物(PM10),61,72,49,41,17,132,23,28,26,43,24,40,19,0.7,0.5
2022-09-28T03:00:00,3524A,108.6116,34.1164,西安市,文体局,,24,24,40,6,18,102,15,39,31,41,23,5,5,0.3,0.3
2022-09-28T03:00:00,3525A,108.6396,34.4078,咸阳市,奥体中心,颗粒物(PM10),55,60,77,21,32,100,1,1,1,41,31,5,6,0.8,0.8
2022-09-28T03:00:00,3526A,119.5189,25.9664,福州市,吴航,,15,5,24,3,15,121,48,77,65,4,9,5,7,0.3,0.3
2022-09-28T03:00:00,3527A,118.0958,24.5688,厦门市,集美中学,,28,28,26,16,11,119,44,42,42,16,12,5,3,0.3,0.3
2022-09-28T03:00:00,3528A,118.1493,24.7245,厦门市,同安二实小,,36,36,27,10,10,128,29,49,36,25,18,5,4,0.3,0.3
2022-09-28T03:00:00,3529A,118.6333,24.9264,泉州市,城华南路,,26,26,25,12,10,109,50,58,54,8,8,10,8,0.5,0.4
2022-09-28T03:00:00,3530A,117.6296,24.5314,漳州市,西洋坪路,,42,42,33,21,16,145,1,13,5,39,18,4,4,0.6,0.5
2022-09-28T03:00:00,3531A,110.296,25.1253,桂林市,旅游学院,细颗粒物(PM2.5),55,56,56,39,35,198,162,159,159,10,12,13,12,0.5,0.5
2022-09-28T03:00:00,3532A,110.1945,22.6831,玉林市,玉林师范学院东校区,细颗粒物(PM2.5),70,73,72,51,51,165,80,88,85,27,23,14,11,0.8,0.8
2022-09-28T03:00:00,3533A,110.0527,22.5893,玉林市,福绵环保局,细颗粒物(PM2.5),75,84,81,55,51,162,57,53,53,28,22,7,7,0.9,0.9
2022-09-28T03:00:00,3534A,111.4744,24.4553,贺州市,西湾,细颗粒物(PM2.5),79,66,79,58,52,211,86,78,78,21,22,11,11,0.9,1
2022-09-28T03:00:00,3535A,109.1781,23.7297,来宾市,兴宾区政府,颗粒物(PM10),68,85,79,43,42,191,62,70,64,15,15,8,9,0.9,0.9
2022-09-28T03:00:00,3536A,106.8547,27.5919,遵义市,第十二小学,,20,20,21,13,15,66,54,50,50,10,12,2,3,0.3,0.5
2022-09-28T03:00:00,3537A,105.3631,27.3533,毕节市,长征村,,23,8,5,6,3,76,72,75,74,5,7,5,5,0.4,0.5
2022-09-28T03:00:00,3538A,107.5175,26.2978,黔南布依族苗族自治州,沙坝,,19,17,36,9,23,136,58,59,58,6,9,4,5,0.6,0.7
2022-09-28T03:00:00,3539A,110.5111,19.9736,海口市,桂林洋子站,,18,18,20,3,8,143,47,54,51,2,2,2,2,0.5,0.5
2022-09-28T03:00:00,3540A,109.7348,18.3443,三亚市,君悦子站,,32,32,31,13,16,141,62,61,60,4,6,1,1,0.3,0.3
2022-09-28T03:00:00,3541A,109.5726,19.5167,儋州市,第一中学子站,,14,0,25,1,14,105,43,38,38,5,9,2,4,0.6,0.7
2022-09-28T03:00:00,3542A,109.5567,19.5187,儋州市,东坡学校子站,,15,12,28,1,14,124,48,46,46,4,9,4,4,0.5,0.7
2022-09-28T03:00:00,3544A,121.4891,30.925,上海市,奉贤南桥新城,,23,23,25,10,10,127,60,76,68,24,15,6,5,0.5,0.5
2022-09-28T03:00:00,3545A,110.8054,32.8401,十堰市,郧阳区金沙路,,26,14,30,18,21,84,39,46,41,5,12,6,6,0.5,0.6
2022-09-28T03:00:00,3546A,111.4606,30.552,宜昌市,猇亭区张家湾站,,41,41,49,23,24,83,76,73,73,23,36,9,11,0.7,0.6
2022-09-28T03:00:00,3547A,112.1632,31.0138,荆门市,龙泉中学南校,,34,34,53,18,26,165,82,88,82,24,17,9,11,1.0,0.7
2022-09-28T03:00:00,3548A,112.1655,30.3364,荆州市,学苑路,,35,35,72,18,46,195,102,110,106,11,19,6,7,0.8,0.9
2022-09-28T03:00:00,3549A,109.5061,30.3772,恩施土家族苗族自治州,龙凤新区,,24,24,22,13,13,77,27,28,27,6,9,7,6,0.8,0.9
2022-09-28T03:00:00,3550A,102.7997,24.9786,昆明市,昆明学院,,50,50,29,33,18,126,68,70,65,15,19,10,7,0.6,0.5
2022-09-28T03:00:00,3551A,102.5967,24.6736,昆明市,晋宁区生态环境分局,,35,23,29,24,19,136,71,94,82,13,12,8,8,0.5,0.9
2022-09-28T03:00:00,3552A,102.6678,24.9856,昆明市,云天化总部,,42,40,24,29,16,131,73,71,71,17,15,8,8,0.5,0.6
2022-09-28T03:00:00,3557A,119.9464,30.0494,杭州市,镇二中,,29,22,42,12,22,201,90,104,98,18,26,7,8,0.4,0.5
2022-09-28T03:00:00,3558A,119.7183,30.2367,杭州市,市府大楼,,29,23,40,5,18,190,92,88,88,15,20,6,6,0.5,0.6
2022-09-28T03:00:00,3560A,120.4722,30.0415,绍兴市,柯桥妇保,,39,39,37,20,19,158,74,93,84,20,18,10,8,0.5,0.6
2022-09-28T03:00:00,3561A,120.6985,27.9251,温州市,茶山,,37,37,39,25,20,116,69,86,79,14,16,5,6,0.4,0.4
2022-09-28T03:00:00,3562A,120.4148,30.8538,湖州市,南浔区站,,28,28,32,13,14,123,61,63,62,27,26,7,6,0.3,0.4
2022-09-28T03:00:00,3564A,121.2568,28.6681,台州市,台州科技职业学院,,33,33,41,16,18,132,52,80,61,33,19,6,7,0.5,0.4
2022-09-28T03:00:00,3565A,113.1367,40.1122,大同市,云冈站,颗粒物(PM10),53,55,75,21,24,153,16,14,14,54,41,34,28,0.6,0.6
2022-09-28T03:00:00,3566A,113.1186,40.2556,大同市,图书馆,,43,43,80,21,26,161,36,40,38,16,19,10,10,0.5,0.6
2022-09-28T03:00:00,3567A,113.5931,40.0461,大同市,区一中,颗粒物(PM10),70,90,85,30,25,166,44,54,49,26,31,33,24,1.0,0.9
2022-09-28T03:00:00,3568A,113.06,36.0464,长治市,向阳小学,细颗粒物(PM2.5),67,71,84,48,47,187,106,128,121,20,33,12,15,0.7,0.7
2022-09-28T03:00:00,3569A,112.8792,36.3144,长治市,屯留一中,细颗粒物(PM2.5),85,98,67,63,46,174,6,58,24,59,42,13,16,0.8,1
2022-09-28T03:00:00,3570A,113.235,36.3489,长治市,潞城四中,细颗粒物(PM2.5),88,116,115,65,55,161,5,9,8,85,64,14,15,1.7,1.3
2022-09-28T03:00:00,3571A,112.2931,39.53,朔州市,一水厂,颗粒物(PM10),64,77,113,18,30,134,16,108,52,79,44,9,24,0.4,0.5
2022-09-28T03:00:00,3572A,114.6419615,37.9001925,石家庄市,栾城区政府,颗粒物(PM10),81,111,110,48,51,207,43,74,61,46,46,7,9,0.7,0.8
2022-09-28T03:00:00,3573A,114.8506765,38.0322033,石家庄市,藁城区实验学校,细颗粒物(PM2.5),79,104,115,58,54,224,70,96,83,42,43,11,14,0.4,0.5
2022-09-28T03:00:00,3574A,114.0504658,38.0591645,石家庄市,井陉矿区区委大楼,颗粒物(PM10),90,129,118,62,56,244,32,82,62,63,48,9,22,1.1,1
2022-09-28T03:00:00,3575A,118.09279,39.58089,唐山市,正泰大街热力站,细颗粒物(PM2.5),97,112,97,72,63,245,58,136,96,44,43,6,11,0.6,0.6
2022-09-28T03:00:00,3576A,118.1562,39.8322,唐山市,丰润区政府,颗粒物(PM10),126,202,123,85,63,244,7,7,7,78,58,3,7,0.5,1
2022-09-28T03:00:00,3577A,118.43673,39.73809,唐山市,金山小学,细颗粒物(PM2.5),119,136,111,90,59,253,52,88,62,44,48,3,7,0.9,0.9
2022-09-28T03:00:00,3578A,118.24498,39.66941,唐山市,政府服务中心,细颗粒物(PM2.5),125,169,127,95,62,255,2,116,52,122,57,7,10,0.8,0.8
2022-09-28T03:00:00,3579A,114.50634,36.77178,邯郸市,永年区实验高中,颗粒物(PM10),93,136,121,61,45,192,67,74,72,38,53,15,16,1.1,1.4
2022-09-28T03:00:00,3580A,114.20016,36.44293,邯郸市,峰峰矿区临水派出所,颗粒物(PM10),79,108,106,49,43,194,91,92,91,30,30,10,10,1.3,1.2
2022-09-28T03:00:00,3581A,115.31981,38.95208,保定市,满城区生态环境分局,细颗粒物(PM2.5),119,147,160,90,82,288,89,92,91,37,43,7,6,0.7,0.8
2022-09-28T03:00:00,3582A,115.47694,38.76408,保定市,清苑区第二中学,颗粒物(PM10),85,120,148,54,68,246,88,84,84,34,56,13,20,0.5,0.6
2022-09-28T03:00:00,3583A,115.62909,39.02311,保定市,徐水物探局,颗粒物(PM10),72,94,131,46,51,256,67,34,34,63,67,12,13,0.6,0.7
2022-09-28T03:00:00,3590A,113.8374,34.5589,郑州市,北区建设指挥部,颗粒物(PM10),98,145,104,59,44,187,26,70,48,76,40,22,19,0.8,0.7
2022-09-28T03:00:00,3591A,113.30952,34.803229,郑州市,上街区政府,颗粒物(PM10),100,149,126,62,60,170,47,47,46,45,51,32,17,1.4,1.1
2022-09-28T03:00:00,3592A,114.4644,34.7556,开封市,祥符区生态环境局,颗粒物(PM10),99,147,106,58,42,151,34,43,40,54,48,11,9,0.5,0.4
2022-09-28T03:00:00,3593A,112.5736,34.8993,洛阳市,吉利监测站,颗粒物(PM10),65,80,97,41,50,185,9,8,8,64,53,2,7,0.7,0.8
2022-09-28T03:00:00,3594A,112.8867,33.9116,平顶山市,石龙区,颗粒物(PM10),56,62,119,19,38,140,16,12,12,70,65,6,25,0.3,0.5
2022-09-28T03:00:00,3596A,114.1572,35.9603,鹤壁市,南山宾馆,颗粒物(PM10),105,160,117,73,48,186,49,76,67,55,37,23,27,1.1,1
2022-09-28T03:00:00,3597A,113.8134,34.1251,许昌市,建安区兴业大厦,细颗粒物(PM2.5),103,147,112,77,54,133,27,35,28,47,42,30,17,1.0,0.8
2022-09-28T03:00:00,3598A,111.1,34.7167,三门峡市,富达温泉假日酒店,,22,19,54,15,25,169,22,26,24,22,24,8,13,0.8,0.8
2022-09-28T03:00:00,3599A,106.2649,29.9851,重庆市,书院路,,19,19,21,9,8,62,46,45,45,10,13,9,11,0.3,0.4
2022-09-28T03:00:00,3600A,106.2339,29.5559,重庆市,虎峰,,16,16,27,6,14,59,46,47,47,6,12,1,2,0.4,0.4
2022-09-28T03:00:00,3601A,106.0499,29.8342,重庆市,龙门街,,17,7,20,7,12,63,52,56,55,8,13,5,6,0.4,0.2
2022-09-28T03:00:00,3604A,119.3266,35.1044,日照市,岚山环保分局,,29,14,20,2,7,121,91,101,97,8,19,4,8,0.4,0.7
2022-09-28T03:00:00,3605A,109.09,34.5236,西安市,无线电监控中心,,36,36,96,10,32,94,5,4,4,52,48,11,11,0.3,0.5
2022-09-28T03:00:00,3610A,105.5933,29.4105,重庆市,昌元,,26,12,18,18,13,62,28,27,26,11,14,4,6,0.5,0.5
2022-09-28T03:00:00,3612A,85.1045,45.6899,克拉玛依市,白碱滩区新站,,25,21,62,4,20,110,80,86,83,2,7,5,5,0.2,0.2
2022-09-28T03:00:00,3613A,87.3095,44.0142,昌吉州,亚心广场,颗粒物(PM10),175,300,235,58,41,130,57,54,54,24,24,5,5,0.5,0.4
2022-09-28T03:00:00,3614A,79.924,37.0877,和田地区,地区环保局,颗粒物(PM10),54,58,71,17,21,127,97,101,100,5,8,3,2,0.2,0.2
2022-09-28T03:00:00,3615A,79.9131,37.113,和田地区,市环保局,,50,50,81,24,24,126,79,71,71,6,12,3,2,0.5,0.5
2022-09-28T03:00:00,3616A,106.7616,31.8344,巴中市,市中心医院,,16,16,11,11,7,82,4,5,5,24,19,5,5,0.5,0.5
2022-09-28T03:00:00,3617A,105.8047,32.4166,广元市,经开区,,22,22,13,10,7,77,3,5,3,33,25,7,5,0.5,0.5
2022-09-28T03:00:00,3618A,112.4701,37.782,太原市,金胜,颗粒物(PM10),91,132,113,51,42,204,5,13,8,79,57,8,13,0.9,0.9
2022-09-28T03:00:00,3619A,113.617,37.8571,阳泉市,龙柱,颗粒物(PM10),108,166,111,64,48,194,2,3,2,91,66,90,52,1.8,1.2
2022-09-28T03:00:00,3620A,112.8271,35.4828,晋城市,泽州一中,颗粒物(PM10),98,146,181,56,45,177,70,70,70,31,43,8,13,1.3,1.5
2022-09-28T03:00:00,3621A,106.8288,39.6778,乌海市,聚英学校,颗粒物(PM10),98,146,133,36,34,190,57,56,56,46,49,106,55,1.3,1.2
2022-09-28T03:00:00,3622A,113.5556,24.8082,韶关市,碧湖山庄,细颗粒物(PM2.5),74,93,71,54,42,163,47,67,58,19,12,32,24,0.8,0.7
2022-09-28T03:00:00,3623A,113.8953,22.5861,深圳市,西乡,,26,26,36,7,12,100,58,56,56,9,16,4,4,0.4,0.5
2022-09-28T03:00:00,3624A,116.4069,23.2533,汕头市,潮南子站,,20,13,28,8,13,101,61,58,58,5,11,11,11,0.5,0.5
2022-09-28T03:00:00,3625A,113.2544,22.7642,佛山市,容桂街道办,,22,22,37,5,14,152,53,51,51,16,19,5,5,0.7,0.8
2022-09-28T03:00:00,3626A,113.7533,23.0202,东莞市,南城元岭,,41,41,44,14,19,122,60,44,44,22,24,10,10,0.7,0.8
2022-09-28T03:00:00,3627A,113.7875,23.0457,东莞市,东城主山,,34,34,41,13,19,122,68,63,63,19,23,9,9,0.5,0.6
2022-09-28T03:00:00,3628A,112.0336,22.9374,云浮市,文笔,,43,43,79,20,36,212,70,77,71,20,30,12,21,0.5,0.8
2022-09-28T03:00:00,3629A,101.8305,36.5786,西宁市,世纪职校,,34,34,52,19,33,115,27,31,30,22,30,3,8,0.6,0.9
2022-09-28T03:00:00,3630A,101.7413,36.6397,西宁市,师大城西校区,,42,42,61,23,42,109,18,12,12,41,52,6,12,1.6,1.6
2022-09-28T03:00:00,3631A,114.6063,38.0266,石家庄市,高新区,,,,,,,,,,,,,,,,
2022-09-28T03:00:00,3633A,118.4918,31.6809,马鞍山市,雨山,,25,20,45,17,25,156,51,63,58,21,20,9,9,0.7,0.9
2022-09-28T03:00:00,3634A,116.9884,33.6305,宿州市,宿州学院,颗粒物(PM10),69,88,69,39,25,128,20,24,23,70,35,4,4,0.3,0.3
2022-09-28T03:00:00,3635A,112.3677,34.662,洛阳市,河科大西苑校区,,35,32,87,24,43,162,32,27,27,35,51,8,13,0.4,0.6
2022-09-28T03:00:00,3636A,112.4388,34.6781,洛阳市,英才小学,,32,29,84,22,45,164,33,62,48,29,37,10,14,0.3,0.4
2022-09-28T03:00:00,3637A,131.0176,45.7761,七台河市,人民广场,,33,33,50,14,15,90,71,77,75,9,22,11,13,0.6,0.7
2022-09-28T03:00:00,3638A,104.7636,29.3338,自贡市,轻化工大学,,22,22,31,7,10,68,24,39,28,21,14,4,4,0.3,0.3
2022-09-28T03:00:00,3639A,104.4019,31.1244,德阳市,市教育局,,37,37,33,12,12,85,13,14,14,32,26,6,6,0.8,0.8
2022-09-28T03:00:00,3642A,120.3503,36.0736,青岛市,市北区南部,,26,12,20,9,7,141,81,96,90,18,24,5,5,0.6,0.6
2022-09-28T03:00:00,3643A,120.3948,36.1805,青岛市,李沧区北部,,24,24,30,9,11,123,67,71,67,33,45,6,8,0.4,0.4
2022-09-28T03:00:00,3644A,117.8661,36.805,淄博市,三金集团,细颗粒物(PM2.5),125,120,115,95,76,270,42,58,49,54,51,27,31,1.7,1.5
2022-09-28T03:00:00,3645A,118.0253,36.8406,淄博市,东风化工厂,细颗粒物(PM2.5),72,88,114,52,60,283,69,88,78,55,65,22,20,1.0,1
2022-09-28T03:00:00,3646A,118.4978,37.4623,东营市,胜利站,颗粒物(PM10),59,67,74,34,45,251,5,26,15,69,42,16,17,0.9,1
2022-09-28T03:00:00,3647A,115.4702,35.2706,菏泽市,菏泽医专,颗粒物(PM10),68,86,90,39,41,188,82,94,90,32,31,20,12,0.5,0.6
2022-09-28T03:00:00,3648A,106.2112,37.9768,吴忠市,文卫南街,颗粒物(PM10),61,72,56,21,18,132,44,41,41,17,16,8,9,0.6,0.6
2022-09-28T03:00:00,3650A,105.1698,37.5162,中卫市,沙坡头区政府站,颗粒物(PM10),63,76,60,35,30,120,38,42,40,31,24,25,14,0.5,0.4
2022-09-28T03:00:00,3651A,108.9543,34.8732,铜川市,旺旺集团,,19,17,45,9,19,137,60,54,54,10,21,2,7,0.2,0.4
2022-09-28T03:00:00,3652A,109.4809,36.5786,延安市,西北局旧址,颗粒物(PM10),64,78,47,27,13,124,9,13,10,37,34,4,5,0.4,0.4
2022-09-28T03:00:00,3653A,111.3119,30.7273,宜昌市,云深路,,32,30,42,22,22,98,75,72,72,14,28,6,6,0.4,0.5
2022-09-28T03:00:00,3654A,114.8094,30.4089,鄂州市,精准医疗中心,颗粒物(PM10),51,51,88,23,34,215,105,112,105,13,31,11,12,0.5,0.6
2022-09-28T03:00:00,3655A,114.3375,29.8683,咸宁市,长江产业园,颗粒物(PM10),58,66,69,36,36,201,86,104,98,20,20,11,10,0.8,0.7
2022-09-28T03:00:00,3656A,120.1556,30.2864,杭州市,消防大队,,22,20,33,7,15,107,70,86,78,31,31,8,8,0.4,0.5
2022-09-28T03:00:00,3658A,120.6153,30.0764,绍兴市,袍江中学,,29,29,34,16,17,143,71,74,73,24,26,7,6,0.6,0.6
2022-09-28T03:00:00,3659A,119.656,29.1131,金华市,气象局,颗粒物(PM10),51,52,54,26,29,188,67,68,64,30,27,26,28,0.6,0.6
2022-09-28T03:00:00,3661A,112.5667,37.8875,太原市,坝陵桥,,,,,,,,,,,,,,,,
2022-09-28T03:00:00,3662A,123.6333,47.2075,齐齐哈尔市,富区青少年活动中心,,36,36,61,19,10,120,63,99,79,2,8,5,7,0.2,0.5
2022-09-28T03:00:00,3663A,124.1164,50.4278,大兴安岭地区,红旗社区,,13,7,13,9,8,66,38,66,51,6,12,5,6,0.3,0.3
2022-09-28T03:00:00,3664A,119.4172,34.7341,连云港市,连云街道,,33,16,18,8,9,128,104,97,97,7,9,7,5,2.6,1.1
2022-09-28T03:00:00,3665A,76.1658,39.7157,克孜勒苏柯尔克孜自治州,克州文化中心,颗粒物(PM10),51,52,44,5,10,110,99,97,97,6,11,10,10,0.8,0.9
2022-09-28T03:00:00,3667A,111.0283,35.0547,运城市,水利职院,细颗粒物(PM2.5),85,106,101,63,53,178,28,18,18,38,29,8,14,0.5,0.6
2022-09-28T03:00:00,3668A,111.5036,36.0414,临汾市,城南,细颗粒物(PM2.5),92,113,80,68,45,170,7,9,8,68,46,5,11,1.4,1.1
2022-09-28T03:00:00,3669A,114.4705,36.0637,安阳市,左辅环卫站,细颗粒物(PM2.5),99,142,129,74,50,191,47,69,56,36,36,13,14,1.0,0.9
2022-09-28T03:00:00,3670A,111.0522,35.0439,运城市,禹都公园,颗粒物(PM10),78,105,101,54,49,173,39,65,52,30,23,10,17,0.7,1
2022-09-28T03:00:00,3671A,116.088,39.9726,北京市,门头沟三家店,细颗粒物(PM2.5),88,117,100,65,52,240,90,72,72,25,28,3,3,0.7,0.7
2022-09-28T03:00:00,3672A,116.1541,39.8204,北京市,丰台云岗,颗粒物(PM10),88,126,112,63,52,245,98,139,117,37,27,3,3,0.7,0.7
2022-09-28T03:00:00,3673A,116.6804,39.9081,北京市,通州东关,颗粒物(PM10),119,188,145,76,73,233,0,18,7,95,64,2,4,0.7,0.7
2022-09-28T03:00:00,3674A,115.9577,39.7603,北京市,房山燕山,颗粒物(PM10),76,102,99,54,47,266,126,137,130,12,19,3,4,0.7,0.7
2022-09-28T03:00:00,3675A,116.4672,39.7733,北京市,大兴旧宫,颗粒物(PM10),70,89,102,46,57,213,26,57,41,34,52,3,3,0.6,0.8
2022-09-28T03:00:00,3676A,113.2802,40.0995,大同市,第二人民医院,颗粒物(PM10),83,115,114,38,36,168,8,25,17,78,48,21,23,1.5,1.1
2022-09-28T03:00:00,3677A,98.5881,24.4368,德宏州,芒市人民政府综合楼,,30,29,25,21,17,110,40,34,34,6,8,4,7,0.5,0.6
2022-09-28T03:00:00,3678A,116.5907,35.4054,济宁市,市第七中学,颗粒物(PM10),58,65,70,36,35,202,81,78,78,25,23,13,18,0.5,0.6
2022-09-28T03:00:00,3682A,116.9814,36.6819,济南市,济南四建,颗粒物(PM10),76,102,96,42,43,229,98,89,89,36,42,7,9,0.9,0.9
2022-09-28T03:00:00,3683A,109.8331,40.6576,包头市,昆区政府,颗粒物(PM10),51,51,52,25,23,125,2,60,24,86,51,14,22,0.8,0.9
2022-09-28T03:00:00,3684A,130.8781,45.8222,七台河市,新建矿广场,颗粒物(PM10),58,66,73,15,15,97,37,23,23,51,40,38,26,0.6,0.6
2022-09-28T03:00:00,3685A,117.897,28.4315,上饶市,双创科技城,颗粒物(PM10),52,53,54,28,27,187,102,109,105,17,15,38,15,0.6,0.6
2022-09-28T03:00:00,3689A,113.9003,35.372,新乡市,行政服务中心,,,,116,,41,97,,57,,,54,,13,,0.7
2022-09-28T03:00:00,3690A,115.9721,28.7031,南昌市,外国语学校,颗粒物(PM10),61,72,68,39,30,187,121,125,122,15,19,9,8,0.9,0.8
2022-09-28T03:00:00,3692A,118.2059,39.6585,唐山市,消防缸窑路中队,细颗粒物(PM2.5),115,157,135,87,63,253,1,162,71,112,47,10,11,0.8,0.7
2022-09-28T03:00:00,3693A,118.1436,39.6202,唐山市,路南电大,细颗粒物(PM2.5),93,102,110,69,58,242,47,122,84,73,47,3,8,0.6,0.6
2022-09-28T03:00:00,3694A,115.986,40.4563,北京市,延庆石河营,细颗粒物(PM2.5),78,85,97,57,58,261,100,98,98,13,26,3,2,0.6,0.7
2022-09-28T03:00:00,3695A,116.6151,40.3053,北京市,怀柔新城,细颗粒物(PM2.5),67,81,95,48,55,271,117,143,131,15,19,3,3,0.7,0.8
2022-09-28T03:00:00,3696A,116.2545,39.8768,北京市,丰台小屯,颗粒物(PM10),93,135,122,65,62,251,0,17,6,108,54,3,3,0.8,0.7
2022-09-28T03:00:00,3697A,116.84,40.3844,北京市,密云镇,颗粒物(PM10),75,99,109,41,49,228,48,46,46,41,42,3,3,0.6,0.6
2022-09-28T03:00:00,3698A,111.5968,40.8178,呼和浩特市,红旗小学,颗粒物(PM10),79,108,105,27,32,145,4,8,7,79,63,6,9,0.7,0.7
2022-09-28T03:00:00,3699A,111.6518,40.8389,呼和浩特市,海东办,颗粒物(PM10),59,68,86,20,26,148,47,52,50,39,47,6,10,0.3,0.4
2022-09-28T03:00:00,3700A,103.0456,29.9956,雅安市,康养中心(对照点),,29,29,16,17,11,89,70,58,58,2,6,9,9,0.3,0.4
2022-09-28T03:00:00,3701A,116.9648,33.6252,宿州市,皖北煤电集团,颗粒物(PM10),56,61,58,34,25,132,50,51,49,33,28,1,3,0.4,0.4
2022-09-28T03:00:00,3703A,114.2917,36.0949,安阳市,安钢职工学校,颗粒物(PM10),104,158,122,66,43,189,43,57,49,60,45,20,17,0.7,0.7
2022-09-28T03:00:00,3706A,122.2584,43.6333,通辽市,老干部活动中心,细颗粒物(PM2.5),70,84,90,51,51,191,135,152,144,11,19,6,8,0.9,1
2022-09-28T03:00:00,3707A,131.0207,45.3073,鸡西市,欧美日汽修厂,颗粒物(PM10),64,77,73,28,21,68,9,4,4,30,24,2,3,0.6,0.5
2022-09-28T03:00:00,3708A,122.2922,43.6189,通辽市,东方明珠社区,细颗粒物(PM2.5),78,76,94,57,71,186,134,148,141,15,27,8,9,1.0,1.1
2022-09-28T03:00:00,3709A,130.9967,45.3106,鸡西市,市政设施管理处,颗粒物(PM10),70,90,73,39,32,65,6,3,3,31,27,3,4,0.6,0.5
2022-09-28T03:00:00,3710A,121.5594,29.8975,宁波市,白沙活动中心,,36,36,33,14,16,141,69,89,82,20,25,10,10,0.5,0.5
2022-09-28T03:00:00,3713A,124.3419,43.1666,四平市,世纪城,颗粒物(PM10),60,70,80,42,44,203,151,159,156,21,26,14,11,0.8,0.8
2022-09-28T03:00:00,3715A,117.3092,32.9314,蚌埠市,蚌埠田家炳中学,颗粒物(PM10),57,63,54,31,23,125,79,60,60,15,20,10,12,0.3,0.3
2022-09-28T03:00:00,3719A,97.1714,31.1406,昌都市,昌都会议中心,,26,1,9,1,4,83,83,61,61,1,9,5,5,0.3,0.3
2022-09-28T03:00:00,3726A,88.8781,29.2426,日喀则市,林业技术推广中心,,,6,8,2,2,89,87,81,81,,,,,3.1,3.1
2022-09-28T03:00:00,3728A,104.68,28.8071,宜宾市,白酒学院,,33,33,24,19,15,72,14,9,9,26,26,8,7,0.7,0.6
2022-09-28T03:00:00,3734A,118.35,37.26,东营市,理想之城,颗粒物(PM10),63,75,88,29,43,275,10,30,19,84,49,12,15,0.8,0.9
2022-09-28T03:00:00,3860A,118.3920,35.0300,临沂市,皇山花园小区,颗粒物(PM10),51,51,50,35,25,132,46,51,49,36,38,24,10,0.9,0.6
2022-09-28T03:00:00,3861A,119.2041,36.7699,潍坊市,寒亭区实验一小,颗粒物(PM10),56,61,61,22,22,141,54,47,47,24,32,10,10,0.6,0.8
2022-09-28T03:00:00,3866A,122.2469,40.66302,营口市,三高中,颗粒物(PM10),68,85,69,47,38,216,139,140,139,33,35,9,9,0.7,0.7
2022-09-28T03:00:00,3867A,102.0738,36.5056,海东地区,平安区公安北苑,,35,32,49,24,32,127,51,58,55,9,19,8,11,0.4,0.6
2022-09-28T03:00:00,3981A,113.2449,35.1803,焦作市,原李万街道办（启用20220628）,,,,115,,45,112,,124,,,46,,17,,0.6
2022-09-28T03:00:00,1001A,116.3621,39.8784,北京市,万寿西宫,颗粒物(PM10),74,97,115,52,64,214,24,66,45,79,47,3,3,0.7,0.8
2022-09-28T03:00:00,1002A,116.2202,40.2915,北京市,定陵(对照点),颗粒物(PM10),65,80,84,45,43,279,116,122,116,12,14,3,3,0.6,0.7
2022-09-28T03:00:00,1003A,116.4174,39.9289,北京市,东四,颗粒物(PM10),87,123,130,50,68,216,60,105,83,49,41,2,4,0.6,0.8
2022-09-28T03:00:00,1004A,116.4072,39.8863,北京市,天坛,颗粒物(PM10),66,81,101,39,56,204,10,54,28,57,40,3,3,0.6,0.8
2022-09-28T03:00:00,1005A,116.462,39.9365,北京市,农展馆,颗粒物(PM10),73,95,111,39,62,200,8,84,41,114,58,1,3,0.6,0.8
2022-09-28T03:00:00,1006A,116.3392,39.9295,北京市,官园,颗粒物(PM10),103,155,121,71,63,212,40,74,54,58,38,4,6,0.8,0.9
2022-09-28T03:00:00,1007A,116.2878,39.9611,北京市,海淀万柳,细颗粒物(PM2.5),108,150,123,81,64,229,63,37,37,52,50,1,3,0.7,0.8
2022-09-28T03:00:00,1008A,116.6636,40.135,北京市,顺义新城,颗粒物(PM10),90,129,115,62,59,233,75,74,74,26,36,3,4,0.5,0.6
2022-09-28T03:00:00,1009A,116.6275,40.3275,北京市,怀柔镇,"颗粒物(PM10),细颗粒物(PM2.5)",67,83,95,48,57,246,120,132,124,15,23,1,3,0.6,0.8
2022-09-28T03:00:00,1010A,116.2296,40.217,北京市,昌平镇,颗粒物(PM10),72,94,103,50,54,231,44,131,92,83,36,2,3,0.7,0.8
2022-09-28T03:00:00,1011A,116.3966,39.9821,北京市,奥体中心,颗粒物(PM10),104,157,129,54,65,202,0,73,25,131,52,3,3,1.0,0.7
2022-09-28T03:00:00,1012A,116.184,39.9136,北京市,古城,,,,128,,61,138,,128,,,39,,3,,0.9
2022-09-28T03:00:00,1015A,117.1444,39.1661,天津市,勤俭道,细颗粒物(PM2.5),78,104,104,57,52,214,117,105,105,24,33,13,13,0.9,0.8
2022-09-28T03:00:00,1017A,117.237,39.1082,天津市,大直沽八号路,细颗粒物(PM2.5),90,124,102,67,45,208,68,94,86,59,42,13,13,1.0,0.8
2022-09-28T03:00:00,1018A,117.202,39.0927,天津市,前进道,细颗粒物(PM2.5),115,130,103,87,62,230,49,80,68,64,42,13,13,1.0,0.8
2022-09-28T03:00:00,1019A,117.1837,39.2133,天津市,淮河道,,,,113,68,57,228,125,115,115,29,44,14,13,0.7,0.6
2022-09-28T03:00:00,1021A,117.307,39.0877,天津市,跃进路,颗粒物(PM10),107,163,122,71,49,216,41,44,43,70,55,10,13,0.9,0.8
2022-09-28T03:00:00,1023A,117.707,39.0343,天津市,第四大街,细颗粒物(PM2.5),103,109,105,77,64,220,91,114,103,43,41,10,12,0.9,0.8
2022-09-28T03:00:00,1024A,117.457,38.8394,天津市,永明路,细颗粒物(PM2.5),90,102,99,67,63,221,45,70,58,60,46,14,15,0.6,0.7
2022-09-28T03:00:00,1026A,117.764,39.1587,天津市,汉北路,细颗粒物(PM2.5),99,112,102,74,60,244,85,108,101,29,33,12,14,1.7,0.9
2022-09-28T03:00:00,1027A,117.157,38.9194,天津市,团泊洼(对照点),细颗粒物(PM2.5),84,112,102,62,57,214,91,112,103,53,48,15,16,1.1,1
2022-09-28T03:00:00,1029A,114.4422,38.0444,石家庄市,职工医院,颗粒物(PM10),76,102,106,39,46,251,4,36,20,120,55,5,10,0.7,0.6
2022-09-28T03:00:00,1030A,114.6063,38.0266,石家庄市,高新区,颗粒物(PM10),68,86,100,35,46,246,50,82,66,44,47,6,10,0.5,0.7
2022-09-28T03:00:00,1031A,114.4898,38.1328,石家庄市,西北水源,颗粒物(PM10),104,158,123,46,42,257,24,16,16,84,51,3,9,0.6,0.8
2022-09-28T03:00:00,1032A,114.4586,38.0058,石家庄市,西南高教,颗粒物(PM10),68,86,113,41,50,233,5,40,26,73,56,3,6,0.7,1.1
2022-09-28T03:00:00,1033A,114.5331,38.0178,石家庄市,世纪公园,颗粒物(PM10),70,90,110,36,50,246,41,70,56,45,49,5,9,0.5,0.8
2022-09-28T03:00:00,1034A,114.509,38.0457,石家庄市,人民会堂,,,,,,,,,,,,,,,,
2022-09-28T03:00:00,1035A,114.3524,37.8911,石家庄市,封龙山(对照点),臭氧1小时,105,99,91,41,42,247,209,206,206,16,20,20,13,1.1,1.2
2022-09-28T03:00:00,1037A,118.131,39.6363,唐山市,雷达站,细颗粒物(PM2.5),113,118,125,85,73,252,96,157,130,25,37,5,10,0.7,0.7
2022-09-28T03:00:00,1038A,118.1725,39.6334,唐山市,物资局,细颗粒物(PM2.5),105,116,124,79,65,250,82,152,118,34,51,5,10,0.7,0.9
2022-09-28T03:00:00,1040A,118.1705,39.6506,唐山市,十二中,细颗粒物(PM2.5),98,106,111,73,65,247,64,165,119,32,36,5,9,0.7,0.6
2022-09-28T03:00:00,1041A,118.1869,39.622,唐山市,小山,细颗粒物(PM2.5),97,89,111,72,64,254,77,132,112,33,44,4,8,0.7,0.7
2022-09-28T03:00:00,1042A,119.5134,39.8207,秦皇岛市,北戴河环保局,细颗粒物(PM2.5),99,116,105,74,48,238,156,160,159,26,25,19,12,1.6,0.8
2022-09-28T03:00:00,1043A,119.7493,40.0116,秦皇岛市,第一关,细颗粒物(PM2.5),94,109,106,70,62,229,39,32,32,124,75,15,14,1.3,1.1
2022-09-28T03:00:00,1044A,119.5897,39.9499,秦皇岛市,监测站,细颗粒物(PM2.5),104,118,105,78,53,221,149,152,151,19,42,20,19,1.3,1.1
2022-09-28T03:00:00,1046A,119.5251,39.9041,秦皇岛市,建设大厦,细颗粒物(PM2.5),99,113,106,74,49,230,154,168,161,31,33,19,17,1.2,1.3
2022-09-28T03:00:00,1047A,114.5129,36.61763,邯郸市,环保局,,,,,,,,,,,,,,,,
2022-09-28T03:00:00,1048A,114.5302,36.6116,邯郸市,东污水处理厂,细颗粒物(PM2.5),94,101,90,70,48,177,54,86,72,40,35,17,13,0.9,0.7
2022-09-28T03:00:00,1049A,114.4918,36.5713,邯郸市,矿院,颗粒物(PM10),78,105,94,53,43,180,61,66,64,39,41,23,23,0.9,0.9
2022-09-28T03:00:00,1050A,114.484,36.6133,邯郸市,丛台公园,细颗粒物(PM2.5),95,109,91,71,50,179,63,77,70,36,38,8,16,0.6,0.7
2022-09-28T03:00:00,1051A,115.493,38.8632,保定市,游泳馆,细颗粒物(PM2.5),94,84,95,70,65,253,63,109,83,60,56,9,12,0.8,0.9
2022-09-28T03:00:00,1052A,115.5213,38.8959,保定市,华电二区,颗粒物(PM10),72,94,118,45,61,239,80,104,92,35,52,9,11,0.5,1.1
2022-09-28T03:00:00,1053A,115.4713,38.9108,保定市,接待中心,颗粒物(PM10),76,101,129,42,54,253,82,80,79,41,49,13,13,0.8,1
2022-09-28T03:00:00,1054A,115.4612,38.8416,保定市,地表水厂,颗粒物(PM10),79,108,132,49,55,256,67,51,51,47,59,11,15,0.6,0.8
2022-09-28T03:00:00,1055A,115.4323,38.8697,保定市,胶片厂,细颗粒物(PM2.5),94,90,107,70,72,262,60,53,53,61,53,12,14,0.6,0.7
2022-09-28T03:00:00,1056A,115.5086,38.8639,保定市,监测站,细颗粒物(PM2.5),77,98,124,56,67,254,91,94,90,28,46,8,9,0.6,0.7
2022-09-28T03:00:00,1057A,114.8883,40.8336,张家口市,人民公园,,42,42,55,14,17,182,105,115,111,12,16,5,7,0.2,0.3
2022-09-28T03:00:00,1059A,114.8687,40.8042,张家口市,五金库,,39,39,59,19,23,201,110,123,116,16,24,9,11,0.6,0.6
2022-09-28T03:00:00,1060A,114.8902,40.762,张家口市,世纪豪园,,48,48,62,18,27,200,111,110,110,21,21,2,4,0.4,0.4
2022-09-28T03:00:00,1061A,114.8916,40.8661,张家口市,北泵房(对照点),,36,36,56,16,24,189,107,107,107,11,20,7,8,0.4,0.4
2022-09-28T03:00:00,1062A,117.9531,40.9081,承德市,铁路,,50,50,81,29,35,218,49,81,70,55,43,7,10,0.5,0.7
2022-09-28T03:00:00,1063A,117.9392,40.9763,承德市,中国银行,颗粒物(PM10),55,60,82,29,43,230,31,43,37,31,30,3,4,0.6,0.8
2022-09-28T03:00:00,1064A,117.9503,40.928,承德市,开发区,颗粒物(PM10),52,54,76,29,39,241,58,73,63,38,34,5,8,0.6,0.8
2022-09-28T03:00:00,1065A,117.8051,40.9655,承德市,文化中心,细颗粒物(PM2.5),74,82,103,54,53,240,73,91,82,33,34,9,16,0.8,1
2022-09-28T03:00:00,1066A,117.9268,41.0026,承德市,离宫(对照点),细颗粒物(PM2.5),53,53,73,37,39,230,50,82,67,33,22,5,8,0.5,0.6
2022-09-28T03:00:00,1067A,116.6708,39.5111,廊坊市,药材公司,细颗粒物(PM2.5),88,105,125,65,64,228,62,86,66,54,48,12,13,0.6,0.7
2022-09-28T03:00:00,1068A,116.7214,39.5589,廊坊市,开发区,颗粒物(PM10),75,99,112,50,61,232,81,61,61,46,46,12,11,0.5,0.6
2022-09-28T03:00:00,1070A,116.7244,39.5269,廊坊市,北华航天学院,细颗粒物(PM2.5),120,147,143,91,82,227,88,92,84,49,55,16,14,0.6,0.7
2022-09-28T03:00:00,1071A,116.8842,38.2991,沧州市,沧县城建局,细颗粒物(PM2.5),87,119,99,64,52,227,92,93,92,39,37,8,11,0.6,0.5
2022-09-28T03:00:00,1072A,116.8584,38.3254,沧州市,电视转播站,颗粒物(PM10),69,87,83,44,42,245,156,168,164,24,30,8,11,0.4,0.5
2022-09-28T03:00:00,1073A,116.8709,38.3228,沧州市,市环保局,"颗粒物(PM10),细颗粒物(PM2.5)",68,86,97,49,47,236,145,157,153,22,30,10,16,0.5,0.5
2022-09-28T03:00:00,1074A,115.6838,37.7541,衡水市,电机北厂,颗粒物(PM10),86,122,95,56,39,214,114,132,121,22,23,9,11,0.6,0.5
2022-09-28T03:00:00,1075A,115.6303,37.7316,衡水市,市监测站,细颗粒物(PM2.5),85,115,91,63,41,204,89,110,98,28,27,13,14,0.8,0.7
2022-09-28T03:00:00,1077A,114.4704,37.0886,邢台市,达活泉,颗粒物(PM10),91,131,115,64,47,219,54,88,73,41,33,12,15,1.1,1.2
2022-09-28T03:00:00,1078A,114.5062,37.0349,邢台市,邢师高专,颗粒物(PM10),96,142,110,68,45,207,66,88,77,40,46,14,11,1.3,1
2022-09-28T03:00:00,1079A,114.5237,37.0851,邢台市,路桥公司,颗粒物(PM10),90,129,90,62,42,210,61,86,74,39,47,19,15,1.6,1.3
2022-09-28T03:00:00,1080A,114.4725,37.0719,邢台市,市环保局,细颗粒物(PM2.5),89,117,88,66,45,217,76,83,78,35,43,13,12,0.9,1
2022-09-28T03:00:00,1081A,112.5139,37.8873,太原市,尖草坪,颗粒物(PM10),88,126,100,46,41,196,3,6,4,103,66,6,13,1.0,1
2022-09-28T03:00:00,1083A,112.434,38.0108,太原市,上兰(对照点),,,,,,,,,,,,,,,,
2022-09-28T03:00:00,1084A,112.469,37.7124,太原市,晋源,颗粒物(PM10),83,115,99,52,43,189,5,24,18,95,68,13,17,1.2,1.1
2022-09-28T03:00:00,1085A,112.5583,37.7394,太原市,小店,颗粒物(PM10),98,145,126,66,53,204,11,20,17,94,83,12,21,1.0,1.3
2022-09-28T03:00:00,1086A,112.5369,37.8692,太原市,桃园,颗粒物(PM10),85,119,104,44,44,195,2,4,3,105,79,7,16,1.1,1.2
2022-09-28T03:00:00,1087A,112.57,37.8195,太原市,坞城,颗粒物(PM10),88,125,108,58,51,198,28,52,41,77,75,13,21,0.6,1.1
2022-09-28T03:00:00,1088A,112.549,37.9854,太原市,南寨,颗粒物(PM10),72,93,100,35,42,171,1,1,1,46,55,6,12,1.0,1
2022-09-28T03:00:00,1089A,112.4701,37.782,太原市,金胜,,,,,,,,,,,,,,,,
2022-09-28T03:00:00,1090A,111.6507,40.7517,呼和浩特市,呼市一监,,39,39,71,17,18,135,46,69,57,32,36,6,8,0.4,0.5
2022-09-28T03:00:00,1091A,111.6572,40.8033,呼和浩特市,小召,颗粒物(PM10),60,70,66,18,21,150,27,27,27,62,48,7,9,0.4,0.5
2022-09-28T03:00:00,1094A,111.7516,40.8369,呼和浩特市,如意水处理厂,颗粒物(PM10),65,79,106,18,20,125,30,19,19,49,50,7,10,0.4,0.5
2022-09-28T03:00:00,1095A,111.7276,40.8062,呼和浩特市,二十九中,颗粒物(PM10),64,78,69,21,22,147,16,27,23,64,41,6,9,0.4,0.5
2022-09-28T03:00:00,1096A,111.5512,40.7866,呼和浩特市,工大金川校区,颗粒物(PM10),74,98,91,23,30,137,17,27,24,58,46,6,9,0.5,0.5
2022-09-28T03:00:00,1097A,111.717,40.7612,呼和浩特市,化肥厂生活区,颗粒物(PM10),70,90,82,22,25,138,29,71,51,53,41,7,12,0.5,0.5
2022-09-28T03:00:00,1098A,123.6836,41.9339,沈阳市,森林路(对照点),,,,,,,,,,,,,,,,
2022-09-28T03:00:00,1099A,123.505,41.7406,沈阳市,浑南东路,颗粒物(PM10),55,60,71,28,35,228,11,47,30,87,43,19,26,1.6,1.3
2022-09-28T03:00:00,1100A,123.4231,41.6989,沈阳市,新秀街,颗粒物(PM10),58,66,74,35,39,220,77,85,80,36,44,85,38,1.3,1.2
2022-09-28T03:00:00,1102A,123.5903,41.8411,沈阳市,东陵路,颗粒物(PM10),68,86,88,37,41,212,15,48,34,58,32,15,18,1.9,1.3
2022-09-28T03:00:00,1103A,123.4264,41.8467,沈阳市,陵东街,颗粒物(PM10),55,60,66,30,34,215,146,139,139,21,33,24,15,1.0,1.2
2022-09-28T03:00:00,1104A,123.4114,41.7653,沈阳市,文化路,颗粒物(PM10),59,68,74,36,43,226,104,108,106,29,39,62,25,1.0,1.1
2022-09-28T03:00:00,1105A,123.4678,41.7867,沈阳市,小河沿,颗粒物(PM10),56,62,72,28,36,221,106,106,106,24,33,32,18,0.9,1.1
2022-09-28T03:00:00,1106A,123.4017,41.7972,沈阳市,太原街,颗粒物(PM10),61,72,77,38,40,213,130,125,125,26,38,29,14,0.9,1.1
2022-09-28T03:00:00,1108A,123.3783,41.9228,沈阳市,京沈街,臭氧1小时,68,77,74,38,39,216,174,172,172,16,33,19,16,0.9,1.3
2022-09-28T03:00:00,1109A,121.612,38.9741,大连市,甘井子,,47,47,41,30,27,130,82,77,77,24,30,5,5,0.4,0.4
2022-09-28T03:00:00,1110A,121.565,38.9511,大连市,周水子,细颗粒物(PM2.5),62,44,40,44,24,139,84,102,92,16,23,5,6,0.4,0.5
2022-09-28T03:00:00,1111A,121.5637,38.8845,大连市,星海三站,细颗粒物(PM2.5),98,83,45,73,39,140,90,92,92,21,26,6,6,0.5,0.5
2022-09-28T03:00:00,1112A,121.6302,38.9117,大连市,青泥洼桥,细颗粒物(PM2.5),72,42,26,52,24,152,110,116,107,15,26,5,4,0.5,0.5
2022-09-28T03:00:00,1113A,121.6251,38.8638,大连市,傅家庄,,43,27,23,24,12,135,135,126,124,17,16,5,4,0.9,0.8
2022-09-28T03:00:00,1114A,121.5213,38.8661,大连市,七贤岭,,47,47,46,18,17,166,38,41,37,10,15,8,9,0.6,0.6
2022-09-28T03:00:00,1115A,121.2529,38.8061,大连市,旅顺,,48,44,39,20,16,156,152,130,130,12,18,7,8,0.6,0.6
2022-09-28T03:00:00,1116A,121.7485,39.1311,大连市,金州,,50,50,38,21,18,173,113,94,94,16,24,1,3,0.5,0.5
2022-09-28T03:00:00,1117A,121.7811,39.0496,大连市,开发区,细颗粒物(PM2.5),64,40,34,46,25,136,86,104,94,28,26,9,9,0.6,0.6
2022-09-28T03:00:00,1118A,121.9762,39.0631,大连市,双D港,,21,21,18,12,10,146,67,68,68,2,5,7,8,0.2,0.2
2022-09-28T03:00:00,1119A,125.3325,43.9166,长春市,食品厂,臭氧1小时,68,74,86,29,43,179,174,168,168,20,39,7,8,0.6,0.9
2022-09-28T03:00:00,1120A,125.2863,43.9027,长春市,客车厂,臭氧1小时,69,70,90,26,33,194,175,172,172,21,38,9,10,0.8,1.1
2022-09-28T03:00:00,1121A,125.2841,43.8463,长春市,邮电学院,臭氧1小时,68,65,77,29,33,191,174,172,172,17,25,7,8,0.6,0.9
2022-09-28T03:00:00,1122A,125.3716,43.8772,长春市,劳动公园,臭氧1小时,54,56,75,34,36,193,163,182,176,14,30,9,10,0.6,0.8
2022-09-28T03:00:00,1123A,125.3297,43.8805,长春市,园林处,臭氧1小时,77,65,81,29,34,186,181,177,177,16,32,7,9,0.5,0.8
2022-09-28T03:00:00,1124A,125.4605,43.79,长春市,净月潭,,,,60,,26,131,,105,,,12,,7,,0.8
2022-09-28T03:00:00,1125A,125.7194,43.515,长春市,甩湾子(对照点),,,,,,,,,,,,,,,,
2022-09-28T03:00:00,1126A,125.3863,43.8447,长春市,经开区环卫处,颗粒物(PM10),61,71,72,35,33,190,141,162,152,18,32,7,8,0.7,0.9
2022-09-28T03:00:00,1127A,125.245,43.7783,长春市,高新区管委会,颗粒物(PM10),57,64,70,38,38,196,164,157,157,14,32,6,8,0.6,0.8
2022-09-28T03:00:00,1128A,125.1761,43.8325,长春市,岱山公园,臭氧1小时,64,75,81,26,31,200,171,160,160,23,42,10,11,0.6,0.8
2022-09-28T03:00:00,1129A,126.5422,45.755,哈尔滨市,岭北(对照点),细颗粒物(PM2.5),93,119,90,69,38,178,144,153,150,16,21,10,8,0.7,0.6
2022-09-28T03:00:00,1130A,126.561,45.8167,哈尔滨市,松北商大,细颗粒物(PM2.5),69,63,69,50,32,177,152,169,163,11,20,8,7,1.0,1
2022-09-28T03:00:00,1131A,126.979,45.5419,哈尔滨市,阿城会宁,颗粒物(PM10),63,75,60,15,27,161,137,126,126,12,15,13,12,0.8,0.7
2022-09-28T03:00:00,1132A,126.599,45.7222,哈尔滨市,南岗学府路,细颗粒物(PM2.5),72,91,63,52,36,156,134,132,132,10,23,11,13,0.8,0.6
2022-09-28T03:00:00,1133A,126.689,45.7733,哈尔滨市,太平宏伟公园,颗粒物(PM10),81,112,77,48,34,169,139,153,146,16,26,7,7,0.7,0.8
2022-09-28T03:00:00,1134A,126.635,45.7667,哈尔滨市,道外承德广场,颗粒物(PM10),77,103,76,52,34,163,142,148,145,18,27,5,5,0.8,0.6
2022-09-28T03:00:00,1135A,126.685,45.7319,哈尔滨市,香坊红旗大街,颗粒物(PM10),78,105,78,33,25,155,132,144,138,18,28,11,12,0.9,0.8
2022-09-28T03:00:00,1136A,126.6411,45.7258,哈尔滨市,动力和平路,,,95,77,,37,156,135,142,138,17,29,9,10,0.9,0.7
2022-09-28T03:00:00,1137A,126.593,45.7478,哈尔滨市,道里建国路,颗粒物(PM10),78,105,73,45,30,160,141,150,146,16,28,13,14,1.6,1.5
2022-09-28T03:00:00,1138A,126.615,45.61,哈尔滨市,平房东轻厂,颗粒物(PM10),69,88,64,34,26,157,121,126,123,11,16,8,8,1.0,0.8
2022-09-28T03:00:00,1139A,126.595,45.9855,哈尔滨市,呼兰师专,颗粒物(PM10),82,113,78,50,27,161,135,160,146,19,25,10,11,1.0,1
2022-09-28T03:00:00,1140A,126.6206,45.6842,哈尔滨市,省农科院,颗粒物(PM10),68,85,69,40,29,165,136,138,137,21,30,10,11,1.0,1
2022-09-28T03:00:00,1141A,121.4,31.238,上海市,普陀,,29,17,24,12,11,112,91,86,86,22,24,3,4,0.6,0.6
2022-09-28T03:00:00,1142A,121.478,31.2036,上海市,十五厂,,31,15,20,13,13,118,99,92,92,23,26,6,5,0.5,0.5
2022-09-28T03:00:00,1143A,121.467,31.3008,上海市,虹口,,25,22,25,16,13,99,78,77,75,33,28,5,5,0.4,0.4
2022-09-28T03:00:00,1144A,121.412,31.1654,上海市,徐汇上师大,,29,22,24,11,10,115,90,88,87,20,18,5,5,0.7,0.6
2022-09-28T03:00:00,1145A,121.536,31.2659,上海市,杨浦四漂,,24,22,22,16,9,120,72,65,65,47,34,6,6,0.5,0.5
2022-09-28T03:00:00,1146A,120.978,31.0935,上海市,青浦淀山湖(对照点),,,,,,,,,,,,,,,,
2022-09-28T03:00:00,1147A,121.425,31.2261,上海市,静安监测站,,29,20,25,14,12,109,91,90,90,21,26,5,5,0.5,0.5
2022-09-28T03:00:00,1148A,121.703,31.1907,上海市,浦东川沙,,24,24,24,12,10,100,64,66,65,27,20,6,6,0.3,0.4
2022-09-28T03:00:00,1149A,121.533,31.2284,上海市,浦东新区监测站,,27,21,22,12,10,105,86,83,83,21,21,6,5,0.6,0.6
2022-09-28T03:00:00,1150A,121.577,31.2071,上海市,浦东张江,,21,16,16,14,11,102,67,65,65,28,22,4,4,0.7,0.7
2022-09-28T03:00:00,1151A,118.8086,32.1065,南京市,迈皋桥,,34,34,49,12,20,135,47,56,50,32,38,6,7,0.4,0.5
2022-09-28T03:00:00,1152A,118.7538,32.0551,南京市,草场门,,43,43,52,9,16,140,50,61,55,36,32,3,3,0.4,0.4
2022-09-28T03:00:00,1153A,118.7794,32.0745,南京市,山西路,,41,41,44,22,21,155,45,64,54,21,22,6,7,0.4,0.4
2022-09-28T03:00:00,1154A,118.7752,32.0023,南京市,中华门,,36,36,41,12,13,150,43,56,49,33,30,5,5,0.5,0.7
2022-09-28T03:00:00,1155A,118.8109,32.0309,南京市,瑞金路,,37,37,38,22,20,152,47,59,53,17,16,4,5,0.6,0.5
2022-09-28T03:00:00,1156A,118.7997,32.0754,南京市,玄武湖,,41,41,45,19,20,149,44,58,50,30,33,4,5,0.6,0.5
2022-09-28T03:00:00,1157A,118.6414,32.0931,南京市,浦口,,33,33,44,12,16,153,46,57,51,30,31,6,6,0.3,0.4
2022-09-28T03:00:00,1158A,118.7356,31.9996,南京市,奥体中心,,39,39,46,19,21,148,42,55,47,35,28,2,3,0.3,0.4
2022-09-28T03:00:00,1159A,118.9125,32.1028,南京市,仙林大学城,,22,22,35,7,14,59,52,59,56,24,22,5,4,0.7,0.6
2022-09-28T03:00:00,1160A,120.561,31.2472,苏州市,上方山(对照点),,50,50,44,16,15,130,53,60,56,34,28,5,5,0.8,0.8
2022-09-28T03:00:00,1161A,120.628,31.2864,苏州市,南门,,,,,,,,,,,,,,,,
2022-09-28T03:00:00,1162A,120.591,31.3019,苏州市,彩香,,49,49,24,27,14,140,50,52,52,36,24,6,5,0.6,0.6
2022-09-28T03:00:00,1163A,120.596,31.3264,苏州市,轧钢厂,,50,50,25,26,12,130,69,51,51,23,31,5,5,0.5,0.5
2022-09-28T03:00:00,1164A,120.613,31.2703,苏州市,吴中区,,47,47,26,25,14,126,59,59,59,32,32,8,7,0.7,0.7
2022-09-28T03:00:00,1165A,120.543,31.2994,苏州市,苏州新区,,46,46,26,27,17,128,49,39,39,27,20,6,5,0.6,0.6
2022-09-28T03:00:00,1166A,120.669,31.3097,苏州市,苏州工业园区,,44,44,24,27,14,127,64,70,68,27,26,7,6,0.7,0.6
2022-09-28T03:00:00,1167A,120.641,31.3708,苏州市,相城区,,36,30,25,25,12,132,84,80,80,8,13,5,5,0.6,0.6
2022-09-28T03:00:00,1168A,120.9098,31.9663,南通市,狼山街道,,40,40,24,24,11,136,82,105,94,25,18,6,6,0.5,0.4
2022-09-28T03:00:00,1169A,120.86,32.0005,南通市,虹桥,,50,35,24,35,20,125,100,107,102,13,11,5,4,0.5,0.5
2022-09-28T03:00:00,1170A,120.87,32.02,南通市,城中,,49,29,24,34,17,120,99,104,102,14,16,6,6,0.2,0.2
2022-09-28T03:00:00,1171A,120.94,31.93,南通市,星湖花园,,37,37,23,17,14,129,89,98,94,23,17,6,6,0.7,0.6
2022-09-28T03:00:00,1172A,120.81,32.0417,南通市,紫琅学院,,38,38,28,24,12,140,93,101,96,20,19,6,6,0.6,0.5
2022-09-28T03:00:00,1173A,119.176,34.5885,连云港市,市环境监测站,,29,29,34,12,13,137,84,89,86,13,19,5,7,0.3,0.4
2022-09-28T03:00:00,1177A,117.179,34.2761,徐州市,黄河新村,颗粒物(PM10),51,51,58,23,25,148,73,72,72,24,33,7,9,0.9,0.9
2022-09-28T03:00:00,1178A,117.1918,34.2384,徐州市,淮塔,颗粒物(PM10),54,57,64,29,29,156,34,40,37,42,31,9,11,0.7,0.7
2022-09-28T03:00:00,1180A,117.256,34.2153,徐州市,新城区,颗粒物(PM10),61,71,66,36,31,149,19,41,29,60,37,9,11,0.6,0.6
2022-09-28T03:00:00,1181A,117.244,34.2911,徐州市,桃园路,颗粒物(PM10),82,114,65,58,24,153,31,33,32,56,27,7,9,0.7,0.7
2022-09-28T03:00:00,1182A,117.2933,34.2778,徐州市,农科院,颗粒物(PM10),76,102,63,48,32,149,9,33,25,75,44,9,12,0.8,0.8
2022-09-28T03:00:00,1186A,119.389,32.3761,扬州市,邗江监测站,,36,36,36,21,15,133,75,71,71,16,19,4,6,0.6,0.6
2022-09-28T03:00:00,1188A,120.269,31.4867,无锡市,雪浪,,42,36,32,29,18,127,75,74,74,19,21,7,6,0.7,0.7
2022-09-28T03:00:00,1189A,120.275,31.6219,无锡市,黄巷,,43,43,39,24,16,131,73,65,65,26,29,5,6,0.8,0.8
2022-09-28T03:00:00,1190A,120.294,31.56,无锡市,曹张,,32,32,31,19,15,125,84,86,85,15,21,8,8,0.7,0.7
2022-09-28T03:00:00,1191A,120.242,31.5031,无锡市,漆塘,,39,39,32,27,16,133,82,78,78,24,25,10,9,0.7,0.7
2022-09-28T03:00:00,1192A,120.3489,31.5863,无锡市,东亭,,36,36,30,24,17,124,82,75,75,16,19,7,7,0.7,0.7
2022-09-28T03:00:00,1193A,120.354,31.5475,无锡市,旺庄,,39,39,32,24,16,122,72,74,74,20,19,10,8,0.8,0.8
2022-09-28T03:00:00,1194A,120.245,31.5631,无锡市,荣巷,,31,31,33,19,18,130,91,89,89,16,23,9,8,0.7,0.7
2022-09-28T03:00:00,1195A,120.299,31.6817,无锡市,堰桥,,41,41,30,24,15,146,62,63,63,28,21,8,9,0.9,0.9
2022-09-28T03:00:00,1196A,119.9633,31.762,常州市,市监测站,颗粒物(PM10),78,105,51,30,21,133,65,63,63,30,31,6,7,0.7,0.6
2022-09-28T03:00:00,1200A,119.9468,31.7069,常州市,武进监测站,颗粒物(PM10),61,72,45,28,20,138,74,65,65,22,28,8,12,0.8,1.2
2022-09-28T03:00:00,1201A,119.9255,31.9087,常州市,安家,颗粒物(PM10),59,67,36,29,20,125,54,49,49,27,31,6,5,1.0,0.7
2022-09-28T03:00:00,1203A,119.6707,32.1875,镇江市,新区办事处,,49,39,31,34,20,148,78,77,77,20,20,8,9,0.6,0.5
2022-09-28T03:00:00,1204A,119.4974,32.1968,镇江市,职教中心,,45,45,30,25,17,146,55,60,57,32,26,8,9,0.6,0.5
2022-09-28T03:00:00,1205A,119.4303,32.1328,镇江市,丹徒区监测站,细颗粒物(PM2.5),59,55,35,42,28,155,54,70,62,24,18,4,7,0.5,0.4
2022-09-28T03:00:00,1206A,119.905,32.4878,泰州市,公园路,,36,36,30,24,17,125,93,98,96,12,14,9,9,0.5,0.5
2022-09-28T03:00:00,1207A,119.9189,32.4625,泰州市,莲花,,45,37,26,31,20,127,102,90,90,11,14,6,6,0.6,0.5
2022-09-28T03:00:00,1209A,119.888,32.4639,泰州市,留学生创业园,,40,40,27,27,17,128,110,99,99,8,14,6,6,0.7,0.6
2022-09-28T03:00:00,1210A,119.036,33.5981,淮安市,钵池山,,29,29,33,17,17,121,54,59,57,19,17,6,6,0.5,0.4
2022-09-28T03:00:00,1211A,119.007,33.575,淮安市,北京南路,,35,29,33,24,20,124,50,58,54,20,18,8,8,0.6,0.5
2022-09-28T03:00:00,1212A,118.989,33.6067,淮安市,市监测站,,33,31,34,23,20,125,59,75,67,19,19,8,9,0.7,0.7
2022-09-28T03:00:00,1213A,119.135,33.5039,淮安市,楚州区监测站,,,,32,,17,92,,85,,,16,,7,,0.5
2022-09-28T03:00:00,1214A,119.0186,33.6297,淮安市,淮阴区监测站,,33,32,41,23,21,122,54,60,58,19,21,5,5,0.6,0.6
2022-09-28T03:00:00,1215A,120.118,33.4022,盐城市,盐城电厂,,29,29,32,20,16,130,92,101,92,10,18,6,5,0.4,0.4
2022-09-28T03:00:00,1216A,120.156,33.3942,盐城市,市监测站,,33,33,32,19,16,120,92,105,96,14,19,6,5,0.5,0.4
2022-09-28T03:00:00,1218A,120.2144,33.38,盐城市,开发区管委会,,40,32,25,28,18,114,88,85,85,10,16,10,9,0.5,0.4
2022-09-28T03:00:00,1220A,118.293,33.9528,宿迁市,宿迁学院,细颗粒物(PM2.5),57,45,33,40,21,131,40,52,47,20,18,6,6,0.5,0.4
2022-09-28T03:00:00,1221A,118.2442,33.9592,宿迁市,宿迁中学,颗粒物(PM10),53,55,35,36,16,128,52,52,52,17,16,6,6,0.4,0.4
2022-09-28T03:00:00,1223A,120.2072,30.2111,杭州市,滨江,,28,28,38,10,16,154,88,90,89,19,23,7,8,0.5,0.6
2022-09-28T03:00:00,1224A,120.0633,30.2747,杭州市,西溪,,24,22,42,8,21,140,75,77,75,16,23,5,5,0.4,0.5
2022-09-28T03:00:00,1225A,119.026,29.635,杭州市,千岛湖(对照点),,,,,,,,,,,,,,,,
2022-09-28T03:00:00,1226A,120.3461,30.3153,杭州市,下沙,,29,24,27,10,13,149,36,99,74,58,27,7,7,0.4,0.4
2022-09-28T03:00:00,1227A,120.1269,30.2456,杭州市,卧龙桥,,22,18,34,7,17,163,68,90,83,20,20,6,6,0.4,0.5
2022-09-28T03:00:00,1228A,120.1903,30.2692,杭州市,浙江农大,,26,18,29,9,15,164,82,105,94,24,22,4,5,0.3,0.4
2022-09-28T03:00:00,1229A,120.157,30.2897,杭州市,朝晖五区,,,,,,,,,,,,,,,,
2022-09-28T03:00:00,1230A,120.1197,30.3119,杭州市,和睦小学,,26,23,41,8,20,147,83,92,89,21,28,2,3,0.6,0.7
2022-09-28T03:00:00,1231A,120.3019,30.4183,杭州市,临平镇,,26,26,36,10,13,130,45,52,49,38,24,7,6,0.5,0.5
2022-09-28T03:00:00,1232A,120.2697,30.1819,杭州市,城厢镇,,30,30,35,16,18,165,80,90,84,23,21,8,8,0.5,0.5
2022-09-28T03:00:00,1233A,120.0883,30.1808,杭州市,云栖,,21,18,30,10,15,167,66,97,81,22,22,7,7,0.4,0.4
2022-09-28T03:00:00,1234A,121.8358,29.911,宁波市,区环保大楼,,28,18,23,13,14,132,89,98,95,14,28,7,7,0.5,0.6
2022-09-28T03:00:00,1235A,121.56,29.82,宁波市,万里学院,,27,24,34,14,21,156,84,89,87,17,30,6,6,0.4,0.4
2022-09-28T03:00:00,1236A,121.713,29.9572,宁波市,龙赛医院,,35,30,34,24,16,139,80,80,80,23,28,7,8,0.5,0.5
2022-09-28T03:00:00,1239A,121.633,29.7733,宁波市,钱湖水厂,,24,18,28,10,18,163,76,74,74,12,19,4,6,0.5,0.6
2022-09-28T03:00:00,1240A,121.5856,29.8635,宁波市,太古小学,,38,38,24,21,18,145,80,96,91,21,29,16,12,0.5,0.6
2022-09-28T03:00:00,1241A,121.524,29.8674,宁波市,市环境监测中心,,29,22,39,8,16,150,90,89,89,8,22,5,7,0.2,0.3
2022-09-28T03:00:00,1242A,120.634,28.0089,温州市,瓯海,,45,45,39,23,20,107,31,37,33,31,19,6,6,0.5,0.4
2022-09-28T03:00:00,1243A,120.6748,27.9939,温州市,南浦,,26,26,34,16,21,111,76,70,70,7,12,3,4,0.3,0.4
2022-09-28T03:00:00,1244A,120.76,27.9747,温州市,龙湾,,40,40,33,14,15,120,66,88,76,22,17,5,6,0.4,0.4
2022-09-28T03:00:00,1245A,120.6709,28.0167,温州市,市站,,32,32,38,17,22,105,68,57,57,13,19,5,5,0.5,0.5
2022-09-28T03:00:00,1246A,120.598,30.0911,绍兴市,袍江站,,,,,,,,,,,,,,,,
2022-09-28T03:00:00,1247A,120.6053,29.9928,绍兴市,城东开发委,,26,26,36,18,20,151,63,70,65,22,20,10,10,0.6,0.6
2022-09-28T03:00:00,1250A,120.0751,30.8669,湖州市,城西水厂,,25,20,32,6,12,131,79,74,74,21,25,5,5,0.3,0.4
2022-09-28T03:00:00,1252A,120.7436,30.778,嘉兴市,清河小学,,22,14,22,7,13,125,70,72,71,24,25,5,6,0.4,0.5
2022-09-28T03:00:00,1253A,120.726,30.7478,嘉兴市,嘉兴学院,,21,20,30,10,13,122,67,68,64,20,20,5,5,0.3,0.4
2022-09-28T03:00:00,1255A,121.273,28.6459,台州市,黄岩环保大楼,,21,18,34,9,19,129,66,87,76,9,14,5,7,0.4,0.4
2022-09-28T03:00:00,1256A,121.419,28.6542,台州市,台州环保大楼,,26,23,27,14,17,125,83,95,88,10,12,6,7,0.4,0.4
2022-09-28T03:00:00,1257A,121.377,28.5773,台州市,路桥田洋王,,28,21,33,16,18,123,87,99,92,9,12,4,5,0.4,0.4
2022-09-28T03:00:00,1258A,122.122,30.0203,舟山市,定海檀枫,,29,16,19,8,9,125,90,98,95,7,9,3,3,0.4,0.4
2022-09-28T03:00:00,1259A,122.3094,29.9558,舟山市,普陀东港,,35,13,18,10,8,132,112,112,110,12,14,4,4,0.3,0.3
2022-09-28T03:00:00,1260A,122.19,29.9944,舟山市,临城新区,,,,18,9,9,127,83,93,88,9,10,4,4,0.4,0.4
2022-09-28T03:00:00,1261A,119.649,29.1131,金华市,四中(停运161031),,,,,,,,,,,,,,,,
2022-09-28T03:00:00,1262A,119.647,29.077,金华市,十五中,细颗粒物(PM2.5),53,48,55,37,30,198,68,78,74,29,27,6,6,0.5,0.5
2022-09-28T03:00:00,1263A,119.686,29.1029,金华市,监测站,,,,44,,27,86,,83,,,31,,6,,0.5
2022-09-28T03:00:00,1264A,118.8692,28.9398,衢州市,环保大楼,颗粒物(PM10),56,61,57,38,38,189,91,100,96,19,19,2,5,0.5,0.5
2022-09-28T03:00:00,1265A,118.8709,28.9666,衢州市,实验学校,,45,43,45,31,30,197,97,118,109,19,20,2,6,0.3,0.4
2022-09-28T03:00:00,1266A,118.8621,28.9808,衢州市,衢州学院,颗粒物(PM10),53,56,52,34,31,179,92,112,103,21,20,7,9,0.4,0.4
2022-09-28T03:00:00,1267A,119.914,28.4514,丽水市,监测站大楼,,23,23,28,7,10,122,62,68,65,9,10,6,6,0.4,0.4
2022-09-28T03:00:00,1268A,119.93,28.4586,丽水市,莲都小学,,18,18,34,4,13,137,43,77,65,19,9,5,6,0.4,0.4
2022-09-28T03:00:00,1269A,119.879,28.4231,丽水市,余庄前,,21,18,29,14,16,148,66,59,59,9,12,8,8,0.4,0.4
2022-09-28T03:00:00,1270A,117.1959,31.7848,合肥市,明珠广场,颗粒物(PM10),53,56,62,24,28,170,62,71,68,24,31,7,7,0.5,0.7
2022-09-28T03:00:00,1271A,117.3072,31.8764,合肥市,三里街,,45,45,57,12,21,157,59,70,65,21,26,12,14,0.5,0.7
2022-09-28T03:00:00,1272A,117.2588,31.8707,合肥市,琥珀山庄,颗粒物(PM10),51,51,54,24,26,146,60,61,61,24,26,7,7,0.6,0.8
2022-09-28T03:00:00,1273A,117.1604,31.9052,合肥市,董铺水库(对照点),,48,48,54,22,24,136,51,58,56,20,21,10,11,0.7,0.9
2022-09-28T03:00:00,1274A,117.25,31.8571,合肥市,长江中路,,48,48,56,29,32,161,65,68,67,18,21,9,9,0.8,0.9
2022-09-28T03:00:00,1275A,117.266,31.9436,合肥市,庐阳区,,48,48,62,27,32,146,55,64,59,24,25,8,9,0.5,0.8
2022-09-28T03:00:00,1276A,117.336,31.8586,合肥市,瑶海区,,41,41,61,15,27,159,58,72,67,21,22,11,12,0.8,0.9
2022-09-28T03:00:00,1277A,117.3027,31.7964,合肥市,包河区,颗粒物(PM10),53,56,69,24,29,159,36,49,45,48,46,8,10,0.6,0.8
2022-09-28T03:00:00,1278A,117.2776,31.7385,合肥市,滨湖新区,颗粒物(PM10),57,63,64,24,26,160,52,60,55,29,29,9,11,0.6,0.8
2022-09-28T03:00:00,1279A,117.1318,31.8403,合肥市,高新区,颗粒物(PM10),53,56,59,34,27,157,46,63,54,40,33,4,5,0.7,0.8
2022-09-28T03:00:00,1280A,119.3903,26.0543,福州市,鼓山(对照点),,,,,,,,,,,,,,,,
2022-09-28T03:00:00,1282A,119.2681,26.0504,福州市,师大,,22,17,28,8,10,119,68,72,69,2,9,3,6,0.3,0.4
2022-09-28T03:00:00,1283A,119.2984,26.1028,福州市,五四北路,,26,19,29,18,13,115,64,71,67,2,7,3,5,0.4,0.4
2022-09-28T03:00:00,1284A,119.2648,26.0768,福州市,杨桥西路,,21,18,26,14,12,120,66,74,69,4,7,3,6,0.3,0.4
2022-09-28T03:00:00,1285A,119.317,26.0746,福州市,紫阳,,25,16,26,17,15,116,66,71,68,3,8,4,7,0.1,0.2
2022-09-28T03:00:00,1286A,118.1608,24.8169,厦门市,溪东(对照点),,,,,,,,,,,,,,,,
2022-09-28T03:00:00,1287A,118.1514,24.4767,厦门市,洪文,,25,25,27,13,13,113,53,58,56,8,8,3,2,0.4,0.4
2022-09-28T03:00:00,1288A,118.0661,24.4444,厦门市,鼓浪屿,,27,27,25,15,11,122,45,48,47,10,7,2,3,0.2,0.2
2022-09-28T03:00:00,1290A,115.8931,28.6843,南昌市,省外办,颗粒物(PM10),56,62,65,32,28,191,119,129,124,20,19,10,12,1.0,0.9
2022-09-28T03:00:00,1291A,115.8886,28.7003,南昌市,省林业公司,颗粒物(PM10),57,63,58,36,29,190,119,123,120,25,22,6,8,0.7,0.7
2022-09-28T03:00:00,1292A,115.8126,28.7442,南昌市,林科所,颗粒物(PM10),51,51,51,34,26,189,144,151,147,11,12,8,9,0.6,0.6
2022-09-28T03:00:00,1294A,115.8518,28.687,南昌市,建工学校,颗粒物(PM10),58,66,62,37,32,191,136,138,136,17,19,10,9,0.7,0.7
2022-09-28T03:00:00,1295A,115.8921,28.6424,南昌市,象湖,颗粒物(PM10),57,63,53,34,31,192,119,127,123,16,16,7,8,0.9,0.8
2022-09-28T03:00:00,1296A,115.7423,28.7996,南昌市,武术学校(对照点),,50,50,41,33,29,181,119,117,117,15,10,7,6,0.8,0.7
2022-09-28T03:00:00,1298A,115.9314,28.6842,南昌市,省站,颗粒物(PM10),67,84,65,39,36,181,107,121,114,19,17,8,9,0.8,0.7
2022-09-28T03:00:00,1299A,116.9862,36.6114,济南市,科干所,颗粒物(PM10),68,85,90,39,42,223,144,161,154,19,29,11,11,0.6,0.6
2022-09-28T03:00:00,1300A,116.9376,36.665,济南市,农科所,颗粒物(PM10),77,103,91,34,32,211,74,76,72,45,37,6,9,0.6,0.7
2022-09-28T03:00:00,1301A,117.1265,36.6734,济南市,开发区,颗粒物(PM10),69,88,91,40,39,239,113,109,109,41,49,4,6,0.7,0.6
2022-09-28T03:00:00,1303A,117.0624,36.6868,济南市,省种子仓库,颗粒物(PM10),71,92,97,43,42,238,100,88,88,37,46,6,8,0.6,0.7
2022-09-28T03:00:00,1304A,116.9489,36.6447,济南市,机床二厂,颗粒物(PM10),92,134,110,44,40,224,69,59,59,64,50,7,10,0.8,0.8
2022-09-28T03:00:00,1305A,117.0495,36.663,济南市,市监测站,颗粒物(PM10),67,83,96,37,40,236,103,99,99,35,46,10,12,0.6,0.7
2022-09-28T03:00:00,1306A,116.7675,36.5484,济南市,长清党校,颗粒物(PM10),69,88,83,46,40,213,85,78,78,50,37,7,10,0.5,0.6
2022-09-28T03:00:00,1307A,120.6659,36.2403,青岛市,仰口(对照点),,29,19,13,9,9,142,90,103,99,10,7,4,5,0.2,0.2
2022-09-28T03:00:00,1308A,120.3905,36.1851,青岛市,李沧区子站,,,,,,,,,,,,,,,,
2022-09-28T03:00:00,1309A,120.3471,36.0699,青岛市,市北区子站,,,,,,,,,,,,,,,,
2022-09-28T03:00:00,1310A,120.4134,36.0658,青岛市,市南区东部子站,,35,5,12,7,8,154,109,98,98,9,20,7,8,0.3,0.3
2022-09-28T03:00:00,1311A,120.3664,36.1032,青岛市,四方区子站,,19,14,21,9,8,131,60,54,44,29,32,6,6,0.5,0.5
2022-09-28T03:00:00,1312A,120.2994,36.054,青岛市,市南区西部子站,,26,12,29,2,8,154,82,92,88,29,37,10,10,0.5,0.5
2022-09-28T03:00:00,1313A,120.4581,36.0858,青岛市,崂山区子站,,20,5,20,5,7,152,62,82,71,12,17,5,6,0.2,0.3
2022-09-28T03:00:00,1314A,120.1983,35.9608,青岛市,黄岛区子站,,34,12,22,7,12,149,108,106,106,15,30,5,6,0.3,0.3
2022-09-28T03:00:00,1315A,120.3999,36.3083,青岛市,城阳区子站,,23,11,29,7,8,124,71,76,74,19,38,5,6,0.5,0.6
2022-09-28T03:00:00,1316A,113.69031,34.76122,郑州市,烟厂,细颗粒物(PM2.5),103,138,104,77,52,177,50,76,62,46,43,17,11,0.7,0.6
2022-09-28T03:00:00,1317A,113.65724,34.77134,郑州市,郑纺机,颗粒物(PM10),91,132,103,64,45,177,54,73,66,46,44,19,17,0.7,0.6
2022-09-28T03:00:00,1318A,113.67526,34.80246,郑州市,银行学校,细颗粒物(PM2.5),108,121,96,81,57,175,66,83,77,38,44,17,13,0.9,0.9
2022-09-28T03:00:00,1319A,113.56746,34.81334,郑州市,供水公司,细颗粒物(PM2.5),88,119,101,65,44,170,48,71,61,40,51,14,11,1.0,0.9
2022-09-28T03:00:00,1320A,113.7329,34.7178,郑州市,经开区管委,,,,97,,49,54,,70,,,64,,7,,0.7
2022-09-28T03:00:00,1321A,113.73961,34.77172,郑州市,四十七中,颗粒物(PM10),94,138,101,60,45,174,62,76,69,46,51,15,12,0.9,0.8
2022-09-28T03:00:00,1322A,113.60532,34.74838,郑州市,市监测站,颗粒物(PM10),96,141,112,67,51,183,38,80,59,59,52,17,14,0.9,0.8
2022-09-28T03:00:00,1323A,113.64164,34.7525,郑州市,河医大,颗粒物(PM10),98,145,108,69,47,175,46,70,59,46,43,20,18,0.9,0.8
2022-09-28T03:00:00,1324A,113.51488,34.91089,郑州市,岗李水库(对照点),,,,,,,,,,,,,,,,
2022-09-28T03:00:00,1325A,114.3677,30.5584,武汉市,东湖梨园,,42,38,53,29,33,276,109,117,112,18,30,10,12,0.6,0.9
2022-09-28T03:00:00,1326A,114.2529,30.558,武汉市,汉阳月湖,,46,46,66,29,34,265,108,114,111,18,32,8,9,0.8,1
2022-09-28T03:00:00,1327A,114.282,30.6189,武汉市,汉口花桥,,47,47,62,20,29,253,104,114,110,20,28,10,11,0.8,1
2022-09-28T03:00:00,1328A,114.3025,30.5332,武汉市,武昌紫阳,,38,38,59,23,32,267,109,116,112,15,32,11,12,0.6,0.9
2022-09-28T03:00:00,1329A,114.3646,30.6217,武汉市,青山钢花,颗粒物(PM10),67,83,69,34,37,265,99,104,99,22,37,10,12,0.6,0.8
2022-09-28T03:00:00,1330A,114.1566,30.4825,武汉市,沌口新区,,50,50,78,32,43,238,104,113,109,24,51,11,14,0.8,1
2022-09-28T03:00:00,1331A,114.3014,30.5944,武汉市,汉口江滩,,35,33,55,23,33,274,110,113,110,19,34,9,11,0.6,0.8
2022-09-28T03:00:00,1333A,114.135,30.6319,武汉市,吴家山,颗粒物(PM10),52,53,61,24,32,224,101,114,109,22,33,7,8,0.9,1
2022-09-28T03:00:00,1334A,113.8454,30.2917,武汉市,沉湖七壕(对照点),,,,62,,30,141,,125,,,23,,10,,0.8
2022-09-28T03:00:00,1335A,113.0833,28.2325,长沙市,经开区环保局,细颗粒物(PM2.5),98,87,66,73,51,209,81,110,95,22,24,8,9,0.6,0.6
2022-09-28T03:00:00,1336A,112.8872,28.2189,长沙市,高开区环保局,颗粒物(PM10),78,106,78,49,44,207,89,109,98,13,12,10,11,0.9,0.8
2022-09-28T03:00:00,1337A,113.0792,28.2053,长沙市,马坡岭,细颗粒物(PM2.5),99,109,84,74,50,196,78,101,89,21,25,10,11,0.6,0.5
2022-09-28T03:00:00,1338A,112.9394,28.19,长沙市,湖南师范大学,细颗粒物(PM2.5),83,107,82,61,50,203,83,100,91,11,13,3,6,0.9,0.8
2022-09-28T03:00:00,1339A,113.0178,28.1322,长沙市,雨花区环保局,细颗粒物(PM2.5),93,88,71,69,47,201,81,98,89,19,22,9,10,0.3,0.5
2022-09-28T03:00:00,1340A,112.9792,28.2597,长沙市,伍家岭,颗粒物(PM10),79,107,68,52,44,213,93,109,100,14,16,8,8,0.8,0.8
2022-09-28T03:00:00,1341A,113.0014,28.1944,长沙市,火车新站,颗粒物(PM10),74,98,72,51,34,194,86,102,94,14,15,8,9,0.9,0.9
2022-09-28T03:00:00,1342A,112.9844,28.1178,长沙市,天心区环保局,颗粒物(PM10),83,116,82,60,45,214,81,106,93,19,21,8,8,0.6,0.6
2022-09-28T03:00:00,1343A,112.8908,28.1308,长沙市,湖南中医药大学,细颗粒物(PM2.5),94,95,69,70,52,204,85,98,91,14,15,8,7,0.9,0.8
2022-09-28T03:00:00,1344A,112.9581,28.3611,长沙市,沙坪(对照点),细颗粒物(PM2.5),93,122,81,69,48,205,87,105,95,18,17,9,10,0.9,0.8
2022-09-28T03:00:00,1345A,113.2347,23.1423,广州市,广雅中学,,43,43,50,17,26,153,17,42,30,54,37,6,7,0.8,0.7
2022-09-28T03:00:00,1346A,113.2612,23.105,广州市,市五中,,39,39,46,18,26,163,27,48,38,42,28,8,7,0.6,0.7
2022-09-28T03:00:00,1348A,113.3478,23.0916,广州市,广东商学院,,36,36,47,14,23,138,20,30,25,48,36,7,6,0.6,0.6
2022-09-28T03:00:00,1349A,113.4332,23.1047,广州市,市八十六中,,40,40,53,17,25,130,25,27,24,46,41,8,9,0.8,0.8
2022-09-28T03:00:00,1350A,113.3505,22.9483,广州市,番禺中学,,28,28,44,12,20,142,50,50,50,20,28,5,8,0.6,0.7
2022-09-28T03:00:00,1351A,113.2146,23.3916,广州市,花都师范,颗粒物(PM10),51,51,54,23,29,144,25,19,19,47,34,6,7,0.8,0.8
2022-09-28T03:00:00,1352A,113.2597,23.1331,广州市,市监测站,,45,45,48,16,25,162,21,44,34,49,32,7,6,0.8,0.8
2022-09-28T03:00:00,1353A,113.5618,23.312,广州市,九龙镇镇龙,,43,43,55,22,29,124,27,32,30,30,26,5,6,0.6,0.6
2022-09-28T03:00:00,1354A,113.2765,23.1544,广州市,麓湖,,37,37,45,19,25,161,20,15,15,43,29,4,4,0.7,0.8
2022-09-28T03:00:00,1355A,113.443,23.3035,广州市,帽峰山森林公园(对照点),,25,25,38,16,25,128,56,47,47,18,18,6,6,0.5,0.7
2022-09-28T03:00:00,1356A,114.1063,22.5545,深圳市,通心岭子站,,24,24,27,10,13,98,66,67,67,6,9,4,4,0.5,0.5
2022-09-28T03:00:00,1357A,114.117,22.5625,深圳市,洪湖,,27,27,35,8,14,106,69,68,68,11,13,6,6,0.5,0.6
2022-09-28T03:00:00,1358A,113.987,22.5417,深圳市,华侨城,,26,26,32,8,12,98,68,66,66,6,11,5,5,0.5,0.6
2022-09-28T03:00:00,1359A,113.9181,22.5171,深圳市,南海子站,,38,38,36,25,16,101,72,72,72,4,8,3,4,0.4,0.7
2022-09-28T03:00:00,1360A,114.2458,22.5689,深圳市,盐田,,24,24,27,12,13,89,43,49,44,32,25,5,5,0.6,0.6
2022-09-28T03:00:00,1361A,114.2283,22.7244,深圳市,龙岗,,32,32,35,12,15,117,59,62,60,11,16,5,5,0.8,0.8
2022-09-28T03:00:00,1362A,113.8953,22.5861,深圳市,西乡,,,,,,,,,,,,,,,,
2022-09-28T03:00:00,1363A,114.494,22.5422,深圳市,南澳,,22,20,24,6,8,96,70,80,76,7,8,10,11,0.5,0.5
2022-09-28T03:00:00,1364A,114.41,22.6342,深圳市,葵涌,,21,21,23,10,12,92,67,70,68,5,7,5,5,0.6,0.6
2022-09-28T03:00:00,1365A,114.297,22.5978,深圳市,梅沙,,,33,33,9,13,104,72,70,70,5,8,,8,0.4,0.8
2022-09-28T03:00:00,1366A,114.0678,22.738,深圳市,观澜,,39,39,44,10,15,111,57,54,54,12,14,5,5,0.6,0.6
2022-09-28T03:00:00,1367A,113.5814,22.2618,珠海市,吉大,,30,30,30,13,13,108,41,58,49,34,19,5,5,0.5,0.5
2022-09-28T03:00:00,1368A,113.4881,22.2335,珠海市,前山,,21,21,24,11,14,101,59,67,64,19,24,5,5,0.2,0.3
2022-09-28T03:00:00,1369A,113.628,22.4251,珠海市,唐家,,23,23,26,10,13,114,67,66,66,9,14,7,6,0.2,0.4
2022-09-28T03:00:00,1370A,113.299,22.2281,珠海市,斗门,,22,22,23,11,13,101,56,58,57,10,15,8,7,0.6,0.6
2022-09-28T03:00:00,1371A,113.1294,23.0067,佛山市,湾梁,,41,41,48,15,21,152,33,35,31,31,27,5,6,0.4,0.5
2022-09-28T03:00:00,1372A,113.1083,23.0478,佛山市,华材职中,,31,31,52,14,26,156,39,35,35,25,30,8,8,0.4,0.5
2022-09-28T03:00:00,1373A,113.144,23.0453,佛山市,南海气象局,,26,26,52,14,26,143,36,29,29,26,33,5,6,0.4,0.5
2022-09-28T03:00:00,1374A,113.2881,22.8094,佛山市,顺德苏岗,,16,16,34,7,17,145,45,39,39,22,29,6,7,0.8,0.8
2022-09-28T03:00:00,1375A,113.2544,22.7642,佛山市,容桂街道办,,,,,,,,,,,,,,,,
2022-09-28T03:00:00,1376A,112.8383,22.8678,佛山市,高明孔堂,,,,57,,29,93,,90,,,28,,9,,0.7
2022-09-28T03:00:00,1377A,112.8836,23.1588,佛山市,三水监测站,,39,39,68,22,36,167,5,12,9,58,41,6,6,0.6,0.7
2022-09-28T03:00:00,1378A,112.867,23.185,佛山市,三水云东海,,23,23,52,12,32,180,8,17,11,46,31,5,7,0.6,0.7
2022-09-28T03:00:00,1379A,113.3769,22.5211,中山市,华柏园,,22,22,31,15,19,152,62,64,63,11,19,5,5,0.5,0.5
2022-09-28T03:00:00,1380A,113.3881,22.5497,中山市,张溪,,31,31,41,12,16,165,60,64,63,12,18,5,4,0.4,0.4
2022-09-28T03:00:00,1381A,113.4075,22.5111,中山市,紫马岭,,23,23,31,0,3,153,64,69,67,8,13,5,5,0.3,0.3
2022-09-28T03:00:00,1382A,113.4411,22.4853,中山市,长江旅游区(对照点),,22,22,26,3,7,142,61,67,63,8,12,5,7,0.4,0.4
2022-09-28T03:00:00,1383A,113.1064,22.6058,江门市,北街,,20,17,37,6,14,167,62,59,59,12,20,6,7,0.4,0.5
2022-09-28T03:00:00,1384A,113.0731,22.5835,江门市,西区,,24,24,37,13,21,183,65,60,60,11,22,6,6,0.4,0.5
2022-09-28T03:00:00,1385A,113.0219,22.5311,江门市,圭峰西,,24,24,37,9,15,166,52,48,48,16,22,6,5,0.5,0.6
2022-09-28T03:00:00,1386A,113.0828,22.5947,江门市,东湖,,22,22,35,6,16,176,66,62,62,11,19,8,7,0.4,0.5
2022-09-28T03:00:00,1387A,113.7875,23.0457,东莞市,东城主山,,,,,,,,,,,,,,,,
2022-09-28T03:00:00,1388A,113.7533,23.0202,东莞市,南城元岭,,,,,,,,,,,,,,,,
2022-09-28T03:00:00,1389A,113.7547,23.0494,东莞市,莞城梨川,,35,35,38,13,19,122,72,66,66,12,18,9,10,0.8,0.8
2022-09-28T03:00:00,1390A,113.7944,23.0128,东莞市,东城石井,,27,27,36,14,18,126,62,51,51,20,23,10,11,0.7,0.9
2022-09-28T03:00:00,1391A,113.7383,22.9658,东莞市,南城西平,,34,34,39,14,18,124,45,53,47,25,25,9,10,0.8,0.7
2022-09-28T03:00:00,1392A,114.4183,23.0528,惠州市,河南岸金山湖子站,,33,33,41,12,17,85,51,59,56,13,12,4,5,0.6,0.6
2022-09-28T03:00:00,1393A,114.4053,23.0822,惠州市,下埔横江三路子站,,32,32,38,15,15,98,63,62,62,11,13,6,6,0.6,0.6
2022-09-28T03:00:00,1394A,114.4103,23.1142,惠州市,江北云山西路子站,,32,32,37,15,18,92,60,68,65,9,8,4,5,0.6,0.6
2022-09-28T03:00:00,1395A,114.4645,22.7833,惠州市,惠阳区承修路船湖子站,,30,30,39,15,18,100,65,68,67,6,11,8,7,0.8,0.8
2022-09-28T03:00:00,1396A,114.5317,22.7422,惠州市,大亚湾管委会子站,,25,25,34,16,16,101,61,65,64,18,17,5,4,0.7,0.7
2022-09-28T03:00:00,1397A,112.4267,23.0706,肇庆市,睦岗子站,颗粒物(PM10),54,57,56,29,33,212,40,67,54,39,36,7,7,0.5,0.6
2022-09-28T03:00:00,1398A,112.4645,23.0475,肇庆市,城中子站,,49,49,56,26,32,218,38,52,47,42,36,11,12,0.6,0.7
2022-09-28T03:00:00,1399A,112.5544,23.1522,肇庆市,坑口子站,,28,26,50,19,33,211,46,70,58,23,25,8,11,0.5,0.7
2022-09-28T03:00:00,1400A,112.4753,23.1,肇庆市,七星岩子站(对照点),,,,,,,,,,,,,,,,
2022-09-28T03:00:00,1401A,108.3103,22.7881,南宁市,二十一中,颗粒物(PM10),85,120,89,57,54,172,3,4,4,82,48,12,8,1.1,1
2022-09-28T03:00:00,1402A,108.3141,22.8528,南宁市,北湖,细颗粒物(PM2.5),73,82,87,53,52,168,44,43,43,57,35,7,12,1.0,1
2022-09-28T03:00:00,1403A,108.3206,22.8225,南宁市,市监测站,细颗粒物(PM2.5),69,62,86,50,53,164,90,74,74,37,57,9,12,1.0,1
2022-09-28T03:00:00,1404A,108.3829,22.8037,南宁市,大自然花园,细颗粒物(PM2.5),77,74,76,56,51,167,68,74,72,27,35,27,13,1.0,1
2022-09-28T03:00:00,1405A,108.4394,22.7904,南宁市,仙葫(对照点),细颗粒物(PM2.5),69,85,86,50,50,163,32,60,50,62,35,13,15,1.0,1
2022-09-28T03:00:00,1406A,108.2397,22.8467,南宁市,区农职院,颗粒物(PM10),61,71,68,43,42,179,29,64,47,59,29,12,15,0.9,0.9
2022-09-28T03:00:00,1407A,108.3275,22.735,南宁市,英华嘉园,细颗粒物(PM2.5),88,109,91,65,59,161,17,14,14,67,44,15,10,1.2,1.2
2022-09-28T03:00:00,1408A,108.2257,22.7757,南宁市,沙井镇街道办,"颗粒物(PM10),细颗粒物(PM2.5)",73,96,83,53,48,183,18,25,23,54,40,11,11,0.9,0.9
2022-09-28T03:00:00,1409A,110.576,19.9507,海口市,东寨港(对照点),,,22,24,6,12,43,24,26,25,,,8,8,0.4,0.4
2022-09-28T03:00:00,1410A,110.3232,20.0574,海口市,海南大学,,19,19,24,9,15,153,50,58,55,2,4,6,6,0.6,0.7
2022-09-28T03:00:00,1411A,110.283,20.0053,海口市,秀英海南医院,,25,25,23,3,14,150,50,58,55,2,4,6,6,0.5,0.5
2022-09-28T03:00:00,1412A,110.338,19.9969,海口市,海南师范大学,,26,26,31,6,13,140,44,50,48,1,3,4,4,0.5,0.5
2022-09-28T03:00:00,1413A,110.33,20.0356,海口市,龙华路环保局宿舍,,21,21,26,7,12,147,48,57,54,2,3,4,4,0.4,0.5
2022-09-28T03:00:00,1414A,106.3787,29.8279,重庆市,缙云山(对照点),,17,3,6,5,5,72,52,50,50,9,10,4,4,0.3,0.3
2022-09-28T03:00:00,1416A,106.4213,29.8253,重庆市,天生,,19,8,22,13,18,65,25,18,18,14,19,5,5,0.6,0.6
2022-09-28T03:00:00,1417A,106.6263,29.7228,重庆市,两路,,26,16,21,18,11,62,28,27,27,21,27,6,5,0.4,0.6
2022-09-28T03:00:00,1418A,106.2953,29.5983,重庆市,虎溪,,14,14,22,4,8,57,41,41,41,12,17,5,6,0.5,0.5
2022-09-28T03:00:00,1419A,106.5777,29.5102,重庆市,南坪,,45,45,32,20,18,58,27,28,27,23,32,3,2,0.7,0.7
2022-09-28T03:00:00,1420A,106.6556,29.6277,重庆市,唐家沱,,28,28,27,10,11,53,17,12,12,38,43,6,6,0.4,0.5
2022-09-28T03:00:00,1421A,106.6349,29.4906,重庆市,茶园,,27,27,24,15,15,61,44,46,45,19,22,6,6,0.4,0.6
2022-09-28T03:00:00,1422A,106.3754,29.4572,重庆市,白市驿,,18,16,17,12,19,63,34,21,21,16,21,5,5,0.5,0.5
2022-09-28T03:00:00,1425A,106.6205,29.7166,重庆市,空港,,20,15,18,14,16,64,37,35,35,10,20,7,6,0.3,0.4
2022-09-28T03:00:00,1426A,106.4782,29.4875,重庆市,新山村,,45,45,29,27,21,62,10,9,9,39,40,5,5,0.7,0.5
2022-09-28T03:00:00,1427A,106.5616,29.6453,重庆市,礼嘉,,16,16,21,10,13,71,33,27,27,16,23,8,8,0.5,0.5
2022-09-28T03:00:00,1428A,106.4522,29.7091,重庆市,蔡家,,13,12,19,6,12,39,39,32,32,12,20,7,6,0.4,0.5
2022-09-28T03:00:00,1429A,106.5093,29.3917,重庆市,鱼新街,,40,26,26,28,20,48,34,28,28,8,22,5,6,0.7,0.8
2022-09-28T03:00:00,1431A,103.9728,30.7236,成都市,金泉两河,,49,42,32,34,12,82,1,4,2,31,22,3,3,0.6,0.5
2022-09-28T03:00:00,1432A,104.1419,30.6764,成都市,十里店,,34,34,26,17,20,76,28,23,23,25,25,1,3,0.4,0.4
2022-09-28T03:00:00,1433A,104.0594,30.5767,成都市,三瓦窑,,37,37,22,15,13,79,5,5,5,44,24,5,3,0.2,0.4
2022-09-28T03:00:00,1434A,104.1122,30.6306,成都市,沙河铺,,37,37,25,12,11,77,3,6,4,34,22,2,2,0.4,0.3
2022-09-28T03:00:00,1437A,104.0431,30.6556,成都市,君平街,,,28,30,19,13,82,14,10,10,36,27,,4,0.5,0.5
2022-09-28T03:00:00,1438A,103.6202,31.0201,成都市,灵岩寺(对照点),,17,17,10,10,6,93,45,74,57,11,6,7,7,0.3,0.3
2022-09-28T03:00:00,1439A,106.6899,26.5998,贵阳市,马鞍山,,19,12,30,2,24,118,59,58,58,6,8,3,5,0.6,0.7
2022-09-28T03:00:00,1440A,106.6971,26.5694,贵阳市,市环保站,,,29,32,21,21,0,0,0,0,,,,,0.2,0.4
2022-09-28T03:00:00,1441A,106.6243,26.6266,贵阳市,鉴湖路,,,,,,,,,,,,,,,,
2022-09-28T03:00:00,1442A,106.7487,26.6343,贵阳市,燕子冲,,25,17,37,17,29,120,53,49,49,5,7,6,7,0.4,0.5
2022-09-28T03:00:00,1443A,106.6555,26.4365,贵阳市,碧云窝,,19,17,43,2,22,127,60,62,61,5,9,3,4,0.3,0.5
2022-09-28T03:00:00,1444A,106.694,26.5161,贵阳市,中院村,,19,19,38,7,26,114,56,55,55,2,7,4,5,0.3,0.5
2022-09-28T03:00:00,1445A,106.7109,26.6027,贵阳市,红边门,,,,,,,,,,,,,,,,
2022-09-28T03:00:00,1446A,106.7164,26.5699,贵阳市,新华路,,19,9,33,9,27,122,59,54,54,3,6,3,4,0.3,0.5
2022-09-28T03:00:00,1447A,106.674,26.5424,贵阳市,太慈桥,,,,46,,22,57,,50,,,9,,4,,0.6
2022-09-28T03:00:00,1450A,102.8204,24.8886,昆明市,呈贡新区,,40,40,32,21,16,137,71,83,77,14,16,7,8,0.4,0.4
2022-09-28T03:00:00,1451A,102.6251,24.9608,昆明市,西山森林公园(对照点),,30,19,17,17,12,134,95,108,102,5,6,9,8,0.7,0.7
2022-09-28T03:00:00,1452A,102.7252,25.0902,昆明市,龙泉镇,,43,43,29,26,15,136,69,62,62,13,22,7,8,0.4,0.6
2022-09-28T03:00:00,1453A,102.7266,25.0375,昆明市,东风东路,,46,46,27,25,15,129,62,60,59,20,21,7,7,0.4,0.6
2022-09-28T03:00:00,1454A,102.6742,25.0669,昆明市,金鼎山,,34,34,28,23,16,132,68,74,70,11,18,8,7,0.4,0.5
2022-09-28T03:00:00,1455A,102.6644,25.0401,昆明市,碧鸡广场,,48,48,27,26,16,127,65,72,68,17,22,12,11,0.4,0.4
2022-09-28T03:00:00,1456A,91.1319,29.6514,拉萨市,八廓街,,33,1,4,3,5,114,103,97,97,3,4,7,7,0,0
2022-09-28T03:00:00,1457A,91.1221,29.6747,拉萨市,市环保局,,,,2,,1,99,,102,,,6,,2,,0.1
2022-09-28T03:00:00,1458A,91.0874,29.6475,拉萨市,区监测站,,36,1,2,0,0,126,114,109,109,4,4,9,9,0.3,0.2
2022-09-28T03:00:00,1459A,91.1774,29.6541,拉萨市,西藏大学,,32,4,4,0,1,115,100,95,95,7,7,10,10,0.1,0.1
2022-09-28T03:00:00,1460A,90.9798,29.6588,拉萨市,区辐射站,,32,1,3,18,19,103,100,90,90,5,6,10,9,0.1,0.1
2022-09-28T03:00:00,1461A,91.0834,29.6292,拉萨市,拉萨火车站,,,,,2,2,116,108,102,102,4,4,10,10,0,0
2022-09-28T03:00:00,1462A,108.882,34.2749,西安市,高压开关厂,,23,17,46,1,18,97,20,36,28,46,39,2,3,0.3,0.4
2022-09-28T03:00:00,1463A,108.993,34.2629,西安市,兴庆小区,,24,24,35,5,15,94,22,46,35,42,33,4,6,0.1,0.3
2022-09-28T03:00:00,1464A,109.06,34.2572,西安市,纺织城,,46,46,47,8,20,93,3,5,4,56,44,7,7,0.3,0.5
2022-09-28T03:00:00,1465A,108.9356,34.2173,西安市,小寨,,15,13,35,2,12,99,32,42,38,30,34,9,7,0.2,0.3
2022-09-28T03:00:00,1466A,108.954,34.2713,西安市,市人民体育场,,25,25,38,3,18,94,14,32,25,44,34,4,4,0.5,0.7
2022-09-28T03:00:00,1467A,108.8922,34.2322,西安市,高新西区,,24,18,32,7,15,95,12,27,19,48,37,5,5,0.4,0.4
2022-09-28T03:00:00,1468A,108.935,34.3474,西安市,经开区,,20,13,54,2,25,94,24,43,33,40,39,4,5,0.1,0.3
2022-09-28T03:00:00,1469A,108.906,34.1546,西安市,长安区,,21,21,47,7,15,98,18,28,23,33,28,3,3,0.1,0.3
2022-09-28T03:00:00,1470A,109.2,34.6575,西安市,阎良区,,,,,,,,,,,,,,,,
2022-09-28T03:00:00,1471A,109.2186,34.3731,西安市,临潼区,,39,39,59,18,30,96,27,20,20,36,38,5,5,0.4,0.5
2022-09-28T03:00:00,1472A,108.869,34.378,西安市,草滩(对照点),,30,30,59,11,30,90,5,5,5,34,43,5,5,0.8,0.9
2022-09-28T03:00:00,1473A,108.985,34.1978,西安市,曲江文化产业集团,,32,17,40,7,18,100,3,16,10,64,47,10,5,0.4,0.5
2022-09-28T03:00:00,1474A,109.051,34.3213,西安市,广运潭,,29,20,44,3,19,97,10,46,25,58,33,5,6,0.2,0.3
2022-09-28T03:00:00,1476A,103.631,36.1031,兰州市,兰炼宾馆,颗粒物(PM10),98,145,69,46,36,129,7,10,8,81,41,14,19,0.5,0.6
2022-09-28T03:00:00,1477A,104.1373,35.9454,兰州市,榆中兰大校区(对照点),,,,,,,,,,,,,,,,
2022-09-28T03:00:00,1478A,103.8412,36.0726,兰州市,生物制品所,颗粒物(PM10),68,85,77,43,36,125,5,5,5,50,41,5,12,0.9,1
2022-09-28T03:00:00,1479A,103.831,36.0464,兰州市,铁路设计院,颗粒物(PM10),53,56,68,21,22,119,26,29,27,49,60,18,18,0.6,0.8
2022-09-28T03:00:00,1480A,101.748,36.6428,西宁市,市环境监测站,,,,,,,,,,,,,,,,
2022-09-28T03:00:00,1482A,101.834,36.5819,西宁市,四陆医院,,,,,,,,,,,,,,,,
2022-09-28T03:00:00,1483A,101.524,36.6867,西宁市,第五水厂(对照点),,9,4,20,0,12,112,27,40,34,10,9,8,9,0.6,0.5
2022-09-28T03:00:00,1484A,105.9512,38.6016,银川市,贺兰山马莲口(对照点),,32,18,40,9,20,140,102,100,100,11,18,10,18,0.5,0.8
2022-09-28T03:00:00,1488A,106.2328,38.4975,银川市,贺兰山东路,颗粒物(PM10),57,63,46,23,23,124,40,33,33,37,37,15,16,0.5,0.5
2022-09-28T03:00:00,1489A,106.1358,38.5036,银川市,学院路,颗粒物(PM10),66,82,71,24,23,113,16,11,11,62,50,15,14,0.7,0.8
2022-09-28T03:00:00,1490A,87.5801,43.8303,乌鲁木齐市,监测站,颗粒物(PM10),173,295,176,43,27,122,62,57,57,18,16,5,6,0.4,0.4
2022-09-28T03:00:00,1491A,87.6046,43.768,乌鲁木齐市,收费所,颗粒物(PM10),93,136,132,45,38,126,47,52,49,25,20,7,8,0.2,0.2
2022-09-28T03:00:00,1492A,87.4754,43.9469,乌鲁木齐市,新疆农科院农场(对照点),颗粒物(PM10),230,371,263,56,39,113,25,23,23,46,26,8,10,0.6,0.6
2022-09-28T03:00:00,1493A,87.5525,43.8711,乌鲁木齐市,铁路局,颗粒物(PM10),158,266,162,54,32,125,55,56,53,21,14,5,5,0.4,0.4
2022-09-28T03:00:00,1494A,87.6432,43.831,乌鲁木齐市,三十一中学,颗粒物(PM10),230,371,225,,,130,63,75,68,14,9,7,8,0.2,0.2
2022-09-28T03:00:00,1496A,87.7216,44.1747,乌鲁木齐市,米东区环保局,颗粒物(PM10),410,510,292,69,42,131,2,22,13,40,23,5,8,0.3,0.4
2022-09-28T03:00:00,1508A,112.9433,27.8614,湘潭市,板塘,细颗粒物(PM2.5),94,123,78,70,43,255,98,122,109,20,21,8,8,0.4,0.4
2022-09-28T03:00:00,1511A,112.9118,27.8403,湘潭市,市监测站,细颗粒物(PM2.5),90,95,67,67,47,216,88,107,97,15,20,11,10,0.9,0.9
2022-09-28T03:00:00,1512A,112.8937,27.8728,湘潭市,江麓,细颗粒物(PM2.5),83,110,84,61,44,229,95,113,104,18,18,17,14,0.2,0.2
2022-09-28T03:00:00,1513A,112.9227,27.8159,湘潭市,岳塘,细颗粒物(PM2.5),83,108,83,61,45,248,97,118,107,19,21,13,11,0.6,0.5
2022-09-28T03:00:00,1514A,112.9074,27.9119,湘潭市,科大,,,,78,,45,237,96,117,106,18,18,,7,0.6,0.6
2022-09-28T03:00:00,1515A,113.135,27.8244,株洲市,天台山庄,细颗粒物(PM2.5),74,74,58,54,39,264,113,132,121,20,23,9,10,0.6,0.5
2022-09-28T03:00:00,1518A,113.095,27.8867,株洲市,株冶医院,细颗粒物(PM2.5),87,80,64,64,41,253,85,122,106,34,29,8,7,0.6,0.6
2022-09-28T03:00:00,1519A,113.167,27.8667,株洲市,市四中,细颗粒物(PM2.5),77,85,66,56,40,258,111,142,125,23,30,2,6,0.5,0.5
2022-09-28T03:00:00,1520A,113.143,27.8381,株洲市,火车站,颗粒物(PM10),74,97,72,53,40,268,118,139,129,23,28,11,13,0.8,0.7
2022-09-28T03:00:00,1524A,113.13,27.8528,株洲市,市监测站,细颗粒物(PM2.5),87,88,72,64,47,266,119,140,129,21,25,6,5,0.8,0.8
2022-09-28T03:00:00,1552A,106.805,26.3003,贵阳市,桐木岭(对照点),,,,,,,,,,,,,,,,
2022-09-28T03:00:00,1559A,113.251,27.8336,株洲市,大京风景区(对照点),细颗粒物(PM2.5),80,85,66,59,37,232,112,143,126,16,15,5,5,0.7,0.7
2022-09-28T03:00:00,1562A,113.0048,27.9153,湘潭市,昭山,细颗粒物(PM2.5),82,95,74,60,52,236,86,113,100,18,21,6,5,0.9,0.9
2022-09-28T03:00:00,1564A,112.4876,27.9164,湘潭市,韶山(对照点),细颗粒物(PM2.5),94,113,79,70,33,211,116,125,121,15,14,9,10,0.8,0.7
2022-09-28T03:00:00,1585A,109.8756,40.6532,包头市,市环境监测站,,38,38,49,12,21,124,18,13,13,67,53,12,23,0.8,0.8
2022-09-28T03:00:00,1587A,109.9991,40.5842,包头市,包头八中,颗粒物(PM10),52,54,73,24,24,125,0,49,16,87,46,22,29,1.0,0.7
2022-09-28T03:00:00,1588A,109.8538,40.6821,包头市,青山宾馆,颗粒物(PM10),62,74,55,29,24,128,3,3,3,80,58,11,20,0.7,0.9
2022-09-28T03:00:00,1589A,109.8642,40.6288,包头市,惠龙物流,,49,49,60,11,18,125,10,68,35,91,49,14,18,0.7,0.5
2022-09-28T03:00:00,1590A,110.0377,40.5546,包头市,东河鸿龙湾,,24,24,52,8,15,126,37,50,46,48,34,26,16,0.6,0.6
2022-09-28T03:00:00,1591A,110.0023,39.8129,鄂尔多斯市,综合楼,颗粒物(PM10),56,61,39,19,10,136,42,65,51,52,30,22,15,0.9,0.7
2022-09-28T03:00:00,1592A,109.9486,39.8261,鄂尔多斯市,巴音孟克林场办事处,颗粒物(PM10),58,66,45,27,16,150,59,81,71,53,29,28,16,0.7,0.4
2022-09-28T03:00:00,1593A,109.7736,39.5986,鄂尔多斯市,康泽苑,,29,29,34,14,12,154,25,37,26,21,20,5,7,0.2,0.3
2022-09-28T03:00:00,1594A,109.8119,39.5989,鄂尔多斯市,华泰汽车城,颗粒物(PM10),52,53,40,19,20,140,9,27,17,38,28,6,9,0.7,0.7
2022-09-28T03:00:00,1595A,109.9734,39.7884,鄂尔多斯市,奥林花园,颗粒物(PM10),58,66,59,22,20,118,6,19,12,77,52,7,11,0.9,0.7
2022-09-28T03:00:00,1596A,122.2414,40.6592,营口市,学府南路,,,,,,,,,,,,,,,,
2022-09-28T03:00:00,1597A,122.2703,40.7094,营口市,大庆路,细颗粒物(PM2.5),63,67,61,45,34,217,132,140,134,22,25,8,9,1.0,0.9
2022-09-28T03:00:00,1598A,122.215,40.6511,营口市,镜湖西路,颗粒物(PM10),60,70,57,41,30,206,146,147,146,17,24,9,8,0.8,0.8
2022-09-28T03:00:00,1599A,122.167,40.6655,营口市,西炮台,细颗粒物(PM2.5),67,78,69,48,39,215,146,141,141,17,21,10,11,0.5,0.7
2022-09-28T03:00:00,1600A,124.3303,40.0625,丹东市,江湾东路,,44,44,50,24,35,133,59,49,49,12,26,6,9,1.2,0.8
2022-09-28T03:00:00,1601A,124.4256,40.1503,丹东市,临江后街,,45,45,45,27,30,132,63,52,52,3,12,7,8,0.8,0.9
2022-09-28T03:00:00,1602A,124.3933,40.1461,丹东市,元宝山,,49,47,64,34,39,118,59,57,57,13,20,8,9,1.0,0.9
2022-09-28T03:00:00,1603A,124.3633,40.1092,丹东市,民主桥,,49,49,50,30,31,116,72,70,70,14,25,8,11,0.8,0.8
2022-09-28T03:00:00,1604A,122.0303,41.1489,盘锦市,开发区,细颗粒物(PM2.5),72,30,48,52,51,190,103,121,112,14,20,4,6,0.9,1
2022-09-28T03:00:00,1605A,122.0485,41.0883,盘锦市,兴隆台,细颗粒物(PM2.5),60,54,51,43,43,193,104,123,113,18,22,7,12,0.8,0.8
2022-09-28T03:00:00,1606A,121.8297,41.1028,盘锦市,新生街道,,50,29,40,35,31,191,101,121,110,14,15,7,9,0.7,0.8
2022-09-28T03:00:00,1607A,120.9092,40.7136,葫芦岛市,龙港区,细颗粒物(PM2.5),92,69,59,68,58,229,181,200,190,10,14,10,12,1.0,1.1
2022-09-28T03:00:00,1608A,120.8392,40.7514,葫芦岛市,化工街,细颗粒物(PM2.5),119,112,107,90,67,230,150,175,159,19,32,13,17,0.8,1
2022-09-28T03:00:00,1609A,120.8341,40.7073,葫芦岛市,新区,细颗粒物(PM2.5),94,69,76,70,60,226,180,194,183,10,20,8,9,1.2,1.2
2022-09-28T03:00:00,1610A,120.8695,40.7677,葫芦岛市,东城区,细颗粒物(PM2.5),129,97,78,98,69,202,154,162,153,17,35,12,15,0.8,1
2022-09-28T03:00:00,1611A,118.5819,24.9117,泉州市,涂山街,,19,19,25,12,10,119,52,68,59,12,10,11,10,0.5,0.5
2022-09-28T03:00:00,1612A,118.5972,24.8978,泉州市,津头埔,,20,20,24,14,11,112,50,64,58,11,10,11,10,0.5,0.6
2022-09-28T03:00:00,1613A,118.6663,24.9424,泉州市,万安,,33,23,25,23,15,117,49,72,60,15,8,14,8,0.5,0.5
2022-09-28T03:00:00,1614A,118.6117,24.9604,泉州市,清源山(对照点),,,,,,,,,,,,,,,,
2022-09-28T03:00:00,1616A,117.6795,36.229,济南市,技术学院,颗粒物(PM10),73,95,125,32,44,236,34,27,27,69,61,12,14,1.8,1.5
2022-09-28T03:00:00,1618A,118.3429,35.0532,临沂市,沂河小区,,48,48,48,22,26,142,70,72,71,14,25,41,12,0.4,0.5
2022-09-28T03:00:00,1619A,118.295,35.0583,临沂市,鲁南制药厂,,41,41,42,13,16,151,70,83,72,20,30,25,12,0.6,0.7
2022-09-28T03:00:00,1620A,118.2794,34.9976,临沂市,新光毛纺厂,颗粒物(PM10),54,58,51,28,21,144,43,48,46,41,37,22,9,0.6,0.6
2022-09-28T03:00:00,1621A,118.3956,35.0888,临沂市,河东保险公司,颗粒物(PM10),51,51,48,9,23,140,45,49,48,27,35,7,7,0.8,0.6
2022-09-28T03:00:00,1622A,116.3032,37.4674,德州市,儿童乐园,细颗粒物(PM2.5),80,106,82,59,43,232,103,134,118,39,33,13,12,0.6,0.6
2022-09-28T03:00:00,1624A,116.2991,37.4451,德州市,监理站,颗粒物(PM10),90,129,95,54,43,241,108,133,119,31,30,13,15,0.6,0.6
2022-09-28T03:00:00,1625A,115.9848,36.4372,聊城市,区政府,颗粒物(PM10),84,118,92,47,39,203,54,87,72,44,30,13,13,0.5,0.5
2022-09-28T03:00:00,1628A,118.0062,37.3803,滨州市,市环保局,细颗粒物(PM2.5),90,127,123,67,63,268,126,66,66,31,43,24,22,1.0,1.1
2022-09-28T03:00:00,1629A,118.0018,37.3617,滨州市,第二水厂,细颗粒物(PM2.5),89,116,81,66,61,252,73,33,33,67,61,21,18,1.2,1.1
2022-09-28T03:00:00,1630A,117.9776,37.393,滨州市,北中新校,细颗粒物(PM2.5),99,102,83,74,56,263,72,32,32,56,51,12,13,0.7,0.8
2022-09-28T03:00:00,1631A,118.0414,36.8103,淄博市,人民公园,细颗粒物(PM2.5),89,110,131,66,69,305,43,54,46,76,69,42,26,1.0,1
2022-09-28T03:00:00,1632A,118.0253,36.8406,淄博市,东风化工厂,,,,,,,,,,,,,,,,
2022-09-28T03:00:00,1633A,117.8525,36.4847,淄博市,双山,细颗粒物(PM2.5),59,66,88,42,53,253,78,84,82,33,32,15,15,1.2,1.1
2022-09-28T03:00:00,1634A,117.9592,36.6331,淄博市,气象站,颗粒物(PM10),56,61,104,31,48,307,102,104,102,26,41,19,24,1.3,1.1
2022-09-28T03:00:00,1635A,118.3092,36.8194,淄博市,莆田园,颗粒物(PM10),65,80,91,44,50,267,60,89,78,49,47,24,18,1.5,1.6
2022-09-28T03:00:00,1636A,117.8661,36.805,淄博市,三金集团,,,,,,,,,,,,,,,,
2022-09-28T03:00:00,1637A,117.558,34.8438,枣庄市,市中区政府,颗粒物(PM10),75,100,91,36,30,170,44,39,39,42,44,33,27,0.7,0.8
2022-09-28T03:00:00,1638A,117.2852,34.7837,枣庄市,薛城环保局,颗粒物(PM10),77,103,69,51,27,155,20,43,29,72,47,20,18,0.7,0.7
2022-09-28T03:00:00,1639A,117.5852,34.7745,枣庄市,峄城区政府,颗粒物(PM10),64,78,72,41,29,166,41,68,54,42,35,12,17,0.5,0.5
2022-09-28T03:00:00,1640A,117.7276,34.5578,枣庄市,台儿庄区环保局,,48,48,55,29,27,156,46,56,50,23,26,12,14,0.7,0.6
2022-09-28T03:00:00,1641A,117.4518,35.0992,枣庄市,山亭区环保局,颗粒物(PM10),53,56,42,29,20,175,76,87,81,22,20,16,13,0.8,0.7
2022-09-28T03:00:00,1642A,121.2514,37.5639,烟台市,开发区,,34,34,53,19,25,169,53,68,60,25,34,8,13,0.3,0.5
2022-09-28T03:00:00,1643A,121.3719,37.5433,烟台市,轴承厂,,,,46,20,27,178,78,82,81,13,18,7,9,0.2,0.2
2022-09-28T03:00:00,1644A,121.3181,37.5436,烟台市,西郊化工站,,34,34,47,17,20,178,83,104,95,18,21,7,10,0.5,0.6
2022-09-28T03:00:00,1645A,121.4478,37.4822,烟台市,莱山环保局,,29,29,40,13,20,177,81,84,83,12,16,7,8,0.4,0.5
2022-09-28T03:00:00,1646A,121.2611,37.4967,烟台市,福山环保局,颗粒物(PM10),60,70,74,24,24,156,25,50,39,37,39,6,10,0.5,0.5
2022-09-28T03:00:00,1648A,119.12,36.7019,潍坊市,仲裁委,,,,,,,,,,,,,,,,
2022-09-28T03:00:00,1650A,119.1437,36.7023,潍坊市,环保局,颗粒物(PM10),56,61,56,32,22,152,45,38,38,29,32,8,7,0.8,0.7
2022-09-28T03:00:00,1652A,119.1936,36.7729,潍坊市,寒亭监测站,,,,,,,,,,,,,,,,
2022-09-28T03:00:00,1653A,116.6251,35.4302,济宁市,火炬城,细颗粒物(PM2.5),67,72,60,48,34,191,40,74,61,43,24,24,19,0.5,0.5
2022-09-28T03:00:00,1655A,116.5491,35.4042,济宁市,电化厂,颗粒物(PM10),91,132,83,46,42,192,64,47,47,36,37,14,22,0.6,0.6
2022-09-28T03:00:00,1656A,117.1437,36.1937,泰安市,监测站,颗粒物(PM10),90,129,102,62,48,215,33,39,37,59,40,11,12,0.7,0.7
2022-09-28T03:00:00,1657A,117.0885,36.2017,泰安市,人口学校,细颗粒物(PM2.5),75,97,93,55,48,200,65,67,63,36,35,13,13,0.4,0.4
2022-09-28T03:00:00,1658A,117.1089,36.1758,泰安市,电力学校,颗粒物(PM10),95,139,114,67,51,219,40,34,34,58,63,13,11,0.6,0.7
2022-09-28T03:00:00,1659A,119.471,35.4209,日照市,监测站,,39,39,28,18,12,119,0,0,0,58,46,9,8,0.7,0.6
2022-09-28T03:00:00,1660A,119.523,35.4216,日照市,市政府广场,,34,31,24,17,9,126,4,26,12,67,35,5,4,0.7,0.5
2022-09-28T03:00:00,1661A,119.5587,35.4044,日照市,港务局,,39,39,24,18,10,137,11,21,16,60,28,3,3,0.8,0.6
2022-09-28T03:00:00,1662A,122.1214,37.4236,威海市,华夏技校,,35,17,34,14,21,156,109,110,110,6,17,6,7,0.3,0.4
2022-09-28T03:00:00,1663A,122.0508,37.5236,威海市,山大分校,,35,12,25,7,12,176,112,111,111,9,14,4,6,0.3,0.4
2022-09-28T03:00:00,1664A,122.1067,37.5072,威海市,市监测站,,42,32,39,29,26,181,58,67,64,22,19,6,9,0.4,0.4
2022-09-28T03:00:00,1665A,118.5019,37.4658,东营市,西城阳光环保公司,,,,,,,,,,,,,,,,
2022-09-28T03:00:00,1666A,118.6614,37.4309,东营市,市环保局,颗粒物(PM10),54,58,68,27,35,266,19,42,31,61,35,16,18,0.9,1
2022-09-28T03:00:00,1669A,113.5824,24.7733,韶关市,市八中,颗粒物(PM10),55,60,61,32,35,168,60,68,62,28,17,27,18,0.7,0.7
2022-09-28T03:00:00,1670A,113.5556,24.8082,韶关市,碧湖山庄,,,,,,,,,,,,,,,,
2022-09-28T03:00:00,1671A,113.5917,24.7972,韶关市,园林处,,48,48,57,33,36,166,54,81,67,21,10,32,23,0.9,0.8
2022-09-28T03:00:00,1672A,113.6735,24.7791,韶关市,韶关学院,细颗粒物(PM2.5),52,47,58,36,36,177,48,49,48,31,18,10,12,0.6,0.6
2022-09-28T03:00:00,1673A,113.5971,24.6863,韶关市,曲江监测站,颗粒物(PM10),60,69,65,42,36,192,29,24,23,48,30,8,12,0.5,0.6
2022-09-28T03:00:00,1674A,116.6794,23.3667,汕头市,金平子站,,22,17,22,14,12,103,68,71,70,6,9,6,6,0.4,0.5
2022-09-28T03:00:00,1675A,116.7244,23.3633,汕头市,龙湖子站,,24,24,31,10,13,100,64,70,68,8,10,9,9,0.4,0.4
2022-09-28T03:00:00,1676A,116.7258,23.2775,汕头市,濠江子站,,21,13,24,13,12,101,65,71,69,4,6,6,7,0.5,0.5
2022-09-28T03:00:00,1677A,116.7519,23.4714,汕头市,澄海子站,,20,19,27,13,13,103,62,61,61,8,10,10,10,0.7,0.7
2022-09-28T03:00:00,1678A,116.6092,23.2539,汕头市,潮阳子站,,21,15,26,13,11,99,66,69,68,5,8,6,7,0.5,0.6
2022-09-28T03:00:00,1679A,116.4069,23.2533,汕头市,潮南子站,,,,,,,,,,,,,,,,
2022-09-28T03:00:00,1680A,110.3539,21.2706,湛江市,湛江影剧院,,20,19,47,10,32,156,63,67,66,8,10,6,14,0.4,0.6
2022-09-28T03:00:00,1681A,110.3928,21.2228,湛江市,市环境监测站,,18,11,44,8,30,160,57,59,58,10,11,8,10,0.5,0.7
2022-09-28T03:00:00,1682A,110.4019,21.1997,湛江市,环保局宿舍,,18,15,42,6,25,163,55,56,56,8,10,5,7,0.5,0.6
2022-09-28T03:00:00,1683A,110.4111,21.2028,湛江市,霞山游泳场,,17,15,42,10,30,157,53,54,54,11,12,6,11,0.4,0.6
2022-09-28T03:00:00,1684A,110.3316,21.2679,湛江市,麻章区环保局,,23,23,57,7,39,138,55,62,60,11,14,10,16,0.4,0.6
2022-09-28T03:00:00,1685A,110.4558,21.2567,湛江市,坡头区环保局,,19,19,48,12,34,144,55,60,58,9,11,5,11,0.5,0.7
2022-09-28T03:00:00,1686A,111.0286,21.4688,茂名市,电白南海,,24,24,57,7,36,142,48,63,56,10,14,8,10,0.3,0.5
2022-09-28T03:00:00,1687A,110.9294,21.6533,茂名市,茂石化七小,,22,22,64,12,40,167,58,85,72,11,15,9,15,0.5,0.8
2022-09-28T03:00:00,1688A,110.9107,21.6687,茂名市,健康路,,22,22,59,11,36,172,58,80,70,5,10,8,20,0.6,0.9
2022-09-28T03:00:00,1689A,110.8592,21.6828,茂名市,高岭,,19,19,64,12,43,173,58,91,73,9,16,17,23,0.6,0.9
2022-09-28T03:00:00,1690A,116.1231,24.3284,梅州市,梅江月梅,,26,26,24,18,13,83,75,80,78,8,12,6,8,0.4,0.4
2022-09-28T03:00:00,1691A,116.0797,24.2719,梅州市,梅县新城,,35,34,29,24,15,78,4,23,11,39,21,6,7,0.5,0.6
2022-09-28T03:00:00,1692A,116.1248,24.2654,梅州市,环境监控中心,,30,30,28,20,16,76,29,46,33,38,20,8,8,0.4,0.4
2022-09-28T03:00:00,1693A,115.3653,22.775,汕尾市,市环保局,,18,16,27,9,11,100,57,63,60,6,8,6,7,0.4,0.5
2022-09-28T03:00:00,1694A,115.3706,22.7898,汕尾市,市政府,,21,21,30,8,16,98,57,60,59,7,10,6,6,0.4,0.5
2022-09-28T03:00:00,1695A,115.3622,22.7925,汕尾市,新城中学,,21,21,32,12,12,98,58,60,59,5,6,8,8,0.6,0.7
2022-09-28T03:00:00,1696A,114.6778,23.7569,河源市,源西(对照点),颗粒物(PM10),53,55,48,14,21,95,27,20,20,29,22,4,5,0.7,0.8
2022-09-28T03:00:00,1697A,114.6944,23.7586,河源市,东埔,,41,41,43,20,22,94,57,42,42,17,19,4,6,0.6,0.7
2022-09-28T03:00:00,1698A,114.6892,23.7233,河源市,老城,,46,46,52,15,22,105,37,28,28,27,17,4,5,0.7,0.8
2022-09-28T03:00:00,1699A,111.9797,21.8593,阳江市,鸳鸯湖(对照点),,,,,,,,,,,,,,,,
2022-09-28T03:00:00,1700A,111.9508,21.8536,阳江市,南恩路,,,,,,,,,,,,,,,,
2022-09-28T03:00:00,1701A,111.9491,21.8658,阳江市,马南垌,,15,10,36,4,19,148,46,51,49,9,18,5,8,0.5,0.7
2022-09-28T03:00:00,1702A,113.0426,23.691,清远市,环保大楼(对照点),颗粒物(PM10),53,55,48,36,36,188,36,38,33,22,18,9,7,0.5,0.7
2022-09-28T03:00:00,1703A,113.0208,23.7106,清远市,凤城街办,,43,42,48,30,32,155,44,46,44,15,15,12,11,0.7,0.9
2022-09-28T03:00:00,1705A,116.6367,23.6719,潮州市,西园路(对照点),,29,29,28,12,14,112,37,61,50,12,8,7,6,0.4,0.5
2022-09-28T03:00:00,1706A,116.6447,23.6706,潮州市,档案局,,24,24,29,11,12,120,36,61,48,16,12,9,9,0.5,0.5
2022-09-28T03:00:00,1708A,116.3701,23.5345,揭阳市,新兴,,17,17,33,10,16,122,47,58,53,5,5,10,11,0.5,0.5
2022-09-28T03:00:00,1709A,116.3264,23.5443,揭阳市,西马,,21,21,38,10,16,114,46,53,50,5,7,11,12,0.6,0.7
2022-09-28T03:00:00,1710A,116.3611,23.5626,揭阳市,东兴,,12,8,36,8,15,112,38,53,45,13,7,14,11,0.6,0.7
2022-09-28T03:00:00,1711A,116.4151,23.5294,揭阳市,渔湖,,19,15,34,13,16,109,34,49,43,14,9,7,9,0.5,0.6
2022-09-28T03:00:00,1712A,112.0392,22.9169,云浮市,新市府(对照点),,,,,,,,,,,,,,,,
2022-09-28T03:00:00,1713A,112.0369,22.9394,云浮市,市监测站,,,,,,,,,,,,,,,,
2022-09-28T03:00:00,1714A,112.0539,22.9539,云浮市,牧羊,,38,38,65,24,36,199,63,73,67,12,30,21,21,0.6,0.7
2022-09-28T03:00:00,1715A,102.575,24.3711,玉溪市,东风水库,,27,27,23,13,12,119,53,56,55,14,11,5,5,0.7,0.7
2022-09-28T03:00:00,1718A,115.4208,35.2464,菏泽市,气象局,颗粒物(PM10),78,106,85,52,36,181,55,75,61,50,30,16,9,0.6,0.5
2022-09-28T03:00:00,1719A,115.4747,35.2375,菏泽市,市政协,颗粒物(PM10),70,89,85,42,38,188,76,91,86,34,29,15,7,0.4,0.3
2022-09-28T03:00:00,1720A,115.455,35.27,菏泽市,菏泽学院,,,,,,,,,,,,,,,,
2022-09-28T03:00:00,1721A,113.3819,40.1097,大同市,果树场(对照点),,,,,,,,,,,,,,,,
2022-09-28T03:00:00,1723A,113.2994,40.0758,大同市,云冈宾馆,颗粒物(PM10),78,106,111,32,31,164,5,3,3,70,55,14,22,0.9,1.1
2022-09-28T03:00:00,1724A,113.3444,40.0917,大同市,大同大学,颗粒物(PM10),81,112,99,22,26,157,23,12,12,52,48,19,24,1.0,0.7
2022-09-28T03:00:00,1725A,113.2661,40.1269,大同市,安家小村,颗粒物(PM10),87,123,127,28,28,166,16,22,20,64,48,27,28,1.0,1.1
2022-09-28T03:00:00,1726A,113.2711,40.0844,大同市,教育学院,颗粒物(PM10),84,117,103,31,32,148,5,23,13,74,49,18,22,1.3,1
2022-09-28T03:00:00,1727A,113.1147,36.1547,长治市,清华站,颗粒物(PM10),79,107,85,41,43,181,15,29,19,81,47,6,10,0.6,0.8
2022-09-28T03:00:00,1728A,113.1031,36.1989,长治市,监测站,颗粒物(PM10),56,62,79,31,43,163,59,73,67,34,39,10,9,2.2,0.8
2022-09-28T03:00:00,1730A,113.0886,36.2125,长治市,审计局,颗粒物(PM10),55,60,73,31,46,187,88,97,94,6,12,9,9,1.1,1
2022-09-28T03:00:00,1731A,113.0844,36.1856,长治市,长治八中,颗粒物(PM10),66,82,90,30,43,149,63,71,64,37,44,11,14,0.8,0.9
2022-09-28T03:00:00,1733A,111.5531,36.0783,临汾市,临钢医院,细颗粒物(PM2.5),97,66,73,72,52,172,23,20,19,55,43,2,10,1.1,1.1
2022-09-28T03:00:00,1734A,111.5028,36.0714,临汾市,技工学校,细颗粒物(PM2.5),90,102,82,67,54,186,26,32,23,59,43,12,15,0.9,0.9
2022-09-28T03:00:00,1735A,111.5169,36.0822,临汾市,工商学校,,,,,,,,,,,,,,,,
2022-09-28T03:00:00,1736A,111.5018,36.0855,临汾市,市委,颗粒物(PM10),70,89,73,47,40,169,28,20,20,58,47,5,11,1.0,1.1
2022-09-28T03:00:00,1738A,113.5758,37.8572,阳泉市,市中心,颗粒物(PM10),73,96,101,37,34,191,6,4,4,95,72,12,28,1.1,1.1
2022-09-28T03:00:00,1739A,113.4894,37.8731,阳泉市,赛鱼,颗粒物(PM10),74,97,87,38,28,197,10,6,6,94,72,16,20,1.0,1.1
2022-09-28T03:00:00,1740A,113.5819,37.8486,阳泉市,南庄,颗粒物(PM10),74,97,103,41,43,200,57,43,43,34,45,13,26,1.1,1.2
2022-09-28T03:00:00,1741A,113.6292,37.8531,阳泉市,白羊墅,,,,,,,,,,,,,,,,
2022-09-28T03:00:00,1742A,113.5614,37.8703,阳泉市,平坦,颗粒物(PM10),68,86,95,42,44,193,6,14,9,103,77,12,26,1.1,1.1
2022-09-28T03:00:00,1743A,113.5158,37.8392,阳泉市,大阳泉,颗粒物(PM10),62,74,78,35,39,199,104,132,114,34,30,18,25,0.9,1
2022-09-28T03:00:00,1744A,118.9233,42.2816,赤峰市,松山一中,臭氧1小时,79,35,45,20,18,183,183,174,174,18,35,14,14,0.8,0.8
2022-09-28T03:00:00,1745A,118.9576,42.2728,赤峰市,哈达街,臭氧1小时,93,43,48,13,14,196,194,187,187,13,36,14,14,0.6,0.7
2022-09-28T03:00:00,1746A,118.8788,42.2554,赤峰市,天义路,臭氧1小时,82,35,50,15,15,195,185,176,176,13,32,13,13,0.8,0.8
2022-09-28T03:00:00,1748A,123.044,41.1196,鞍山市,深沟寺,,50,50,63,32,37,234,146,175,163,9,20,9,17,0.5,0.9
2022-09-28T03:00:00,1749A,123.011,41.0931,鞍山市,太阳城,颗粒物(PM10),52,53,69,24,37,232,154,167,158,10,24,9,14,0.7,1
2022-09-28T03:00:00,1750A,123.0485,41.1442,鞍山市,太平,,49,49,73,27,39,212,144,169,156,10,29,12,17,0.7,1
2022-09-28T03:00:00,1751A,122.9642,41.0971,鞍山市,铁西三道街,颗粒物(PM10),67,84,100,38,45,235,141,149,145,37,47,16,16,1.7,1.3
2022-09-28T03:00:00,1752A,122.9341,41.0833,鞍山市,铁西工业园区,颗粒物(PM10),54,58,92,30,43,240,157,158,157,11,31,9,14,0.8,1.1
2022-09-28T03:00:00,1753A,123.022,41.0821,鞍山市,明达新区,臭氧1小时,73,54,75,28,39,234,178,179,176,8,24,10,14,0.4,0.8
2022-09-28T03:00:00,1754A,123.1289,41.0228,鞍山市,千山(对照点),,,,,,,,,,,,,,,,
2022-09-28T03:00:00,1755A,123.7977,41.8491,抚顺市,望花区,细颗粒物(PM2.5),59,66,91,42,49,241,63,65,62,29,38,7,16,0.9,1.1
2022-09-28T03:00:00,1756A,123.9161,41.8822,抚顺市,顺城区,细颗粒物(PM2.5),92,97,92,68,50,224,3,15,9,59,56,10,14,1.7,1.5
2022-09-28T03:00:00,1757A,124.0436,41.8611,抚顺市,东洲区,颗粒物(PM10),56,61,68,36,34,197,16,70,50,40,24,5,9,0.9,1
2022-09-28T03:00:00,1758A,123.9247,41.8642,抚顺市,新抚区,细颗粒物(PM2.5),69,82,83,50,45,213,7,11,9,35,32,5,10,1.2,1.2
2022-09-28T03:00:00,1759A,124.0972,41.8961,抚顺市,大伙房水库,,41,41,56,27,31,200,43,63,55,17,16,4,8,0.8,0.9
2022-09-28T03:00:00,1760A,123.7086,41.8391,抚顺市,沈抚新城,颗粒物(PM10),59,68,92,35,47,227,41,44,37,35,33,15,24,1.3,1.3
2022-09-28T03:00:00,1761A,123.8275,41.3064,本溪市,大峪,,41,41,38,20,22,150,19,34,29,46,25,6,7,0.4,0.6
2022-09-28T03:00:00,1762A,123.7567,41.3325,本溪市,溪湖,颗粒物(PM10),73,95,74,48,38,166,8,11,8,46,43,6,13,2.0,1.4
2022-09-28T03:00:00,1763A,123.7169,41.3094,本溪市,彩屯,细颗粒物(PM2.5),78,83,73,57,44,169,9,24,13,49,36,9,14,3.2,1.7
2022-09-28T03:00:00,1764A,123.7669,41.2864,本溪市,东明,颗粒物(PM10),52,54,56,26,28,157,25,24,24,42,40,8,9,0.8,1
2022-09-28T03:00:00,1765A,123.7992,41.2664,本溪市,新立屯,,36,31,41,25,22,164,57,41,41,54,68,6,7,0.7,0.8
2022-09-28T03:00:00,1766A,123.8142,41.3472,本溪市,威宁,颗粒物(PM10),55,59,52,27,26,146,14,14,13,29,29,5,7,1.1,0.9
2022-09-28T03:00:00,1767A,121.1115,41.0879,锦州市,南山,细颗粒物(PM2.5),150,65,71,115,96,197,143,158,153,16,23,9,12,1.0,1.2
2022-09-28T03:00:00,1768A,121.0533,40.8434,锦州市,开发区,细颗粒物(PM2.5),99,80,86,74,76,217,176,196,183,21,32,26,14,1.1,1.2
2022-09-28T03:00:00,1769A,121.1836,41.1119,锦州市,百股街道,细颗粒物(PM2.5),83,81,68,61,66,198,169,179,176,14,21,11,13,1.1,1.3
2022-09-28T03:00:00,1770A,121.1178,41.1222,锦州市,天安街道,细颗粒物(PM2.5),83,77,78,61,54,196,145,160,155,16,27,10,15,0.7,1.3
2022-09-28T03:00:00,1771A,121.1303,41.1386,锦州市,北湖公园,细颗粒物(PM2.5),123,63,70,93,79,178,134,146,142,18,27,7,11,1.0,1.6
2022-09-28T03:00:00,1772A,126.54,43.8622,吉林市,哈达湾,,49,49,69,23,37,192,131,127,127,15,26,10,9,0.8,0.9
2022-09-28T03:00:00,1773A,126.5844,43.8358,吉林市,东局子,,49,49,66,21,30,182,130,122,122,13,27,8,7,0.9,0.9
2022-09-28T03:00:00,1774A,126.5052,43.8245,吉林市,电力学院,,46,46,61,26,34,199,118,115,115,14,26,12,12,0.7,0.8
2022-09-28T03:00:00,1775A,126.6133,43.8972,吉林市,江北,,43,37,56,20,33,185,135,117,117,10,17,6,6,0.9,1
2022-09-28T03:00:00,1776A,126.555,43.8306,吉林市,江南公园,,44,44,62,25,34,185,120,115,115,13,24,8,7,0.8,0.9
2022-09-28T03:00:00,1778A,126.7061,43.7133,吉林市,丰满(对照点),,,,,,,,,,,,,,,,
2022-09-28T03:00:00,1779A,123.9305,47.3636,齐齐哈尔市,安居小区,,49,49,56,32,16,108,59,90,72,6,19,5,6,0.4,0.6
2022-09-28T03:00:00,1780A,123.9488,47.3386,齐齐哈尔市,中心广场,颗粒物(PM10),60,70,55,12,13,120,66,101,82,5,16,4,5,0.3,0.5
2022-09-28T03:00:00,1781A,123.9483,47.3227,齐齐哈尔市,农牧车辆厂,,46,46,56,27,12,123,67,102,84,5,12,5,7,0.2,0.3
2022-09-28T03:00:00,1783A,123.945,47.2988,齐齐哈尔市,市环境监测站,颗粒物(PM10),53,56,49,22,14,122,67,106,84,6,14,2,3,0.2,0.4
2022-09-28T03:00:00,1784A,129.61,44.561,牡丹江市,环保大楼,,44,44,40,20,18,138,12,19,17,22,30,5,6,0.6,0.6
2022-09-28T03:00:00,1785A,129.6115,44.5782,牡丹江市,文化广场,,49,49,60,24,20,132,4,5,4,34,39,7,9,0.8,0.8
2022-09-28T03:00:00,1786A,129.5904,44.5963,牡丹江市,第一医院,,49,49,44,16,19,116,15,14,14,23,32,5,6,0.9,0.9
2022-09-28T03:00:00,1787A,129.6364,44.6075,牡丹江市,机车工厂,颗粒物(PM10),51,51,51,33,17,142,7,14,12,30,23,3,2,0.8,0.6
2022-09-28T03:00:00,1788A,129.6386,44.5462,牡丹江市,第一中学,,40,40,43,22,19,136,5,5,5,29,25,5,6,0.7,0.6
2022-09-28T03:00:00,1789A,124.81117,46.03138,大庆市,大同区,,,82,57,,,173,131,146,140,7,10,5,5,0.9,0.7
2022-09-28T03:00:00,1790A,125.129,46.533,大庆市,龙凤区,细颗粒物(PM2.5),74,39,30,54,19,142,128,136,132,6,6,7,6,0.5,0.6
2022-09-28T03:00:00,1791A,124.902,46.408,大庆市,红岗区,,,,,49,19,145,121,142,134,16,9,,3,1.1,0.8
2022-09-28T03:00:00,1792A,125.153,46.586,大庆市,萨尔图区,,,,,,,151,134,142,138,9,8,7,8,0.5,0.2
2022-09-28T03:00:00,1793A,124.9042,46.6215,大庆市,让胡路区,,,,,,,151,126,143,134,7,15,2,2,2.0,1.6
2022-09-28T03:00:00,1794A,118.3606,31.3519,芜湖市,监测站,,43,43,43,14,26,150,47,61,53,29,24,9,8,0.6,0.7
2022-09-28T03:00:00,1795A,118.3714,31.4134,芜湖市,科创中心,,28,28,42,13,24,165,49,67,57,30,22,9,8,0.6,0.7
2022-09-28T03:00:00,1796A,118.3673,31.3131,芜湖市,四水厂,,37,37,41,15,22,156,48,66,57,32,26,9,8,0.6,0.7
2022-09-28T03:00:00,1797A,118.4022,31.3839,芜湖市,济民医院(对照点),,,,,,,,,,,,,,,,
2022-09-28T03:00:00,1798A,118.5092,31.6837,马鞍山市,湖东路四小,,26,26,38,15,19,152,50,62,56,26,22,7,6,0.7,0.8
2022-09-28T03:00:00,1799A,118.5024,31.6449,马鞍山市,开发区,,27,27,47,14,26,140,49,57,53,32,35,7,7,0.6,0.8
2022-09-28T03:00:00,1800A,118.5228,31.7231,马鞍山市,慈湖,,35,35,41,19,31,156,48,59,54,33,26,15,10,0.9,0.9
2022-09-28T03:00:00,1801A,118.48,31.6928,马鞍山市,马钢动力厂,,,,,,,,,,,,,,,,
2022-09-28T03:00:00,1802A,118.6245,31.7241,马鞍山市,濮塘(对照点),,35,35,39,22,24,154,40,55,48,28,21,5,5,0.6,0.7
2022-09-28T03:00:00,1803A,115.9872,29.6815,九江市,十里,,50,47,46,35,33,192,133,145,140,20,21,9,9,0.8,0.8
2022-09-28T03:00:00,1804A,115.9584,29.7046,九江市,茅山头,,49,49,56,34,30,184,133,140,136,16,20,9,10,0.8,0.9
2022-09-28T03:00:00,1805A,115.9877,29.7295,九江市,西园,颗粒物(PM10),53,56,57,36,32,192,136,141,137,17,21,11,11,0.7,0.8
2022-09-28T03:00:00,1806A,116.0172,29.6547,九江市,五七二七厂,"颗粒物(PM10),细颗粒物(PM2.5)",52,54,56,36,31,188,128,131,130,15,15,8,8,0.9,0.7
2022-09-28T03:00:00,1808A,115.9114,29.6038,九江市,综合工业园,颗粒物(PM10),51,52,56,27,28,184,120,136,127,22,21,9,10,0.8,0.8
2022-09-28T03:00:00,1809A,116.0721,29.7535,九江市,石化总厂,颗粒物(PM10),54,58,58,21,28,188,126,137,131,21,22,7,9,0.9,1
2022-09-28T03:00:00,1810A,115.9773,29.5698,九江市,庐山气象台(对照点),臭氧1小时,68,36,34,35,27,198,174,169,169,8,10,13,11,0.6,0.7
2022-09-28T03:00:00,1811A,112.3628,34.6692,洛阳市,中信二小,,,,,,,,,,,,,,,,
2022-09-28T03:00:00,1812A,112.3931,34.6516,洛阳市,市委党校,,21,21,84,8,34,171,38,67,53,26,38,7,12,0.3,0.5
2022-09-28T03:00:00,1814A,112.4657,34.6871,洛阳市,豫西宾馆,,31,31,87,13,39,165,40,58,47,27,42,6,12,0.3,0.6
2022-09-28T03:00:00,1815A,112.494,34.6886,洛阳市,河南林校,,21,21,87,9,35,168,44,66,56,18,37,6,11,0.4,0.7
2022-09-28T03:00:00,1816A,112.3844,34.623,洛阳市,开发区管委会,,19,19,70,11,35,158,46,52,50,9,30,5,10,0.2,0.5
2022-09-28T03:00:00,1817A,112.4267,34.6258,洛阳市,市委新办公区,,22,22,77,11,35,147,45,56,51,19,39,7,12,0.3,0.6
2022-09-28T03:00:00,1818A,114.4839,36.0621,安阳市,棉研所(对照点),,,,,,,,,,,,,,,,
2022-09-28T03:00:00,1819A,114.3551,36.1017,安阳市,红庙街,颗粒物(PM10),94,137,105,67,43,184,34,62,50,61,40,14,14,0.7,0.6
2022-09-28T03:00:00,1820A,114.361,36.0681,安阳市,银杏小区,颗粒物(PM10),97,144,108,42,35,175,30,54,43,60,41,9,10,1.0,0.8
2022-09-28T03:00:00,1824A,114.3389,34.7781,开封市,肿瘤医院,颗粒物(PM10),74,98,106,53,45,155,42,46,45,43,35,8,9,0.7,0.7
2022-09-28T03:00:00,1826A,114.2885,34.7965,开封市,世纪星幼儿园,颗粒物(PM10),78,106,91,55,42,160,39,79,56,43,28,9,11,0.8,0.7
2022-09-28T03:00:00,1828A,113.227,35.2125,焦作市,市环保局,"颗粒物(PM10),细颗粒物(PM2.5)",85,120,103,63,42,179,81,39,39,35,36,22,12,0.7,0.7
2022-09-28T03:00:00,1829A,113.2464,35.1764,焦作市,高新区政府（停运20220628）,,,,,,,,,,,,,,,,
2022-09-28T03:00:00,1830A,113.1992,35.2590,焦作市,影视城(对照点),,,,,,,,,,,,,,,,
2022-09-28T03:00:00,1832A,113.3257,33.742,平顶山市,新华旅馆,细颗粒物(PM2.5),63,71,114,45,66,123,40,98,74,45,45,4,23,0.4,0.6
2022-09-28T03:00:00,1833A,113.2919,33.737,平顶山市,规划设计院,颗粒物(PM10),60,69,122,41,51,131,47,83,69,38,48,4,19,0.7,0.8
2022-09-28T03:00:00,1834A,113.182,33.774,平顶山市,平顶山工学院,"颗粒物(PM10),细颗粒物(PM2.5)",62,73,120,44,50,135,79,66,66,18,30,4,15,0.4,0.5
2022-09-28T03:00:00,1835A,111.1922,34.7752,三门峡市,市政府,颗粒物(PM10),51,52,68,21,31,174,2,5,3,54,33,5,11,0.4,0.6
2022-09-28T03:00:00,1836A,111.1587,34.7942,三门峡市,开发区,,41,41,64,18,29,182,33,47,39,20,18,4,11,0.4,0.6
2022-09-28T03:00:00,1838A,111.143,34.7955,三门峡市,风景区(对照点),,,,,,,,,,,,,,,,
2022-09-28T03:00:00,1839A,111.3009,30.7157,宜昌市,四零三,,,,,,,,,,,,,,,,
2022-09-28T03:00:00,1840A,111.2992,30.6981,宜昌市,白龙岗,,29,29,43,19,20,70,68,68,68,16,32,6,6,0.4,0.5
2022-09-28T03:00:00,1841A,111.3549,30.6465,宜昌市,伍家岗,,36,36,42,19,20,89,84,87,86,14,36,8,8,0.4,0.5
2022-09-28T03:00:00,1842A,111.2628,30.6961,宜昌市,点军区,,38,38,49,19,21,62,53,62,57,12,25,10,10,0.4,0.4
2022-09-28T03:00:00,1843A,111.3275,30.7819,宜昌市,夷陵区,,34,34,42,19,23,111,54,49,48,15,29,6,7,0.3,0.5
2022-09-28T03:00:00,1844A,112.2494,30.3197,荆州市,市图书馆,,36,30,81,20,49,197,113,111,111,14,25,5,10,0.5,0.7
2022-09-28T03:00:00,1845A,112.2008,30.3544,荆州市,市委党校,,32,23,77,14,43,200,102,113,106,14,22,5,9,0.5,0.7
2022-09-28T03:00:00,1847A,113.1094,29.3578,岳阳市,南湖风景区,细颗粒物(PM2.5),75,82,71,55,49,215,102,98,98,17,25,6,12,0.8,0.8
2022-09-28T03:00:00,1848A,113.1493,29.4251,岳阳市,城陵矶,颗粒物(PM10),72,94,83,48,45,192,88,87,87,22,31,10,13,0.9,0.9
2022-09-28T03:00:00,1849A,113.1497,29.3575,岳阳市,开发区,"颗粒物(PM10),细颗粒物(PM2.5)",62,74,68,44,48,209,89,86,86,24,27,14,12,0.8,0.8
2022-09-28T03:00:00,1850A,113.2621,29.4758,岳阳市,云溪区,"颗粒物(PM10),细颗粒物(PM2.5)",74,98,74,54,42,212,96,85,85,15,19,9,14,0.6,0.6
2022-09-28T03:00:00,1851A,112.9943,29.4402,岳阳市,君山区,颗粒物(PM10),66,82,78,46,47,203,95,91,91,17,22,7,8,0.6,0.7
2022-09-28T03:00:00,1852A,113.2117,29.355,岳阳市,金凤水库(对照点),颗粒物(PM10),75,100,75,54,40,219,91,84,84,13,16,5,7,0.8,0.8
2022-09-28T03:00:00,1854A,111.6975,28.9703,常德市,市二中,,50,50,68,25,39,184,137,133,133,9,19,6,11,0.5,0.6
2022-09-28T03:00:00,1857A,111.7158,29.1456,常德市,白鹤山(对照点),,43,42,56,22,31,189,137,144,142,7,11,3,5,0.4,0.5
2022-09-28T03:00:00,1858A,110.5319,29.1217,张家界市,永定新区,,49,49,46,25,24,143,84,87,86,14,16,3,4,0.4,0.4
2022-09-28T03:00:00,1859A,110.4697,29.1242,张家界市,电业局,,45,45,37,21,20,148,133,140,131,9,14,5,5,0.4,0.4
2022-09-28T03:00:00,1860A,110.5594,29.3547,张家界市,未央路,,35,35,32,13,11,132,60,74,66,8,9,3,4,0.3,0.3
2022-09-28T03:00:00,1861A,110.4417,29.315,张家界市,袁家界(对照点),,50,38,31,35,23,154,123,151,140,11,13,8,9,0.5,0.6
2022-09-28T03:00:00,1862A,110.4144,25.3167,桂林市,电子科大尧山校区(对照点),臭氧1小时,72,76,63,38,38,182,177,175,174,9,8,11,8,0.6,0.6
2022-09-28T03:00:00,1863A,110.2819,25.2697,桂林市,监测站,颗粒物(PM10),58,65,65,35,38,186,164,159,159,10,13,10,10,0.7,0.7
2022-09-28T03:00:00,1864A,110.3089,25.2708,桂林市,龙隐路小学,细颗粒物(PM2.5),59,65,58,42,40,185,158,172,163,10,9,9,10,0.4,0.4
2022-09-28T03:00:00,1865A,110.2869,25.2178,桂林市,八中,颗粒物(PM10),65,79,67,46,38,188,158,166,159,13,14,6,9,0.8,0.6
2022-09-28T03:00:00,1866A,109.2262,21.588,北海市,牛尾岭水库(对照点),,,,,,,,,,,,,,,,
2022-09-28T03:00:00,1867A,109.1436,21.4086,北海市,海滩公园,颗粒物(PM10),63,76,78,44,47,176,99,106,103,17,12,13,9,0.7,0.8
2022-09-28T03:00:00,1868A,109.0981,21.4661,北海市,新市环保局,细颗粒物(PM2.5),73,69,72,53,56,171,106,107,107,16,12,17,10,0.7,0.8
2022-09-28T03:00:00,1869A,109.1778,21.5233,北海市,北海工业园,细颗粒物(PM2.5),85,81,85,63,58,163,80,76,75,14,14,14,13,0.7,0.8
2022-09-28T03:00:00,1870A,109.4856,24.3895,柳州市,柳东小学,颗粒物(PM10),56,61,63,37,43,182,118,114,114,13,9,14,9,0.6,0.7
2022-09-28T03:00:00,1871A,109.4157,24.3277,柳州市,环保监测站,,,,77,,43,175,,109,109,,23,,13,,0.7
2022-09-28T03:00:00,1872A,109.389,24.341,柳州市,河西水厂,细颗粒物(PM2.5),67,78,93,48,54,164,73,56,56,28,27,11,17,1.0,1.1
2022-09-28T03:00:00,1873A,109.4311,24.2921,柳州市,市四中,颗粒物(PM10),57,63,80,34,42,178,118,107,107,13,16,12,13,0.8,0.9
2022-09-28T03:00:00,1874A,109.4006,24.3631,柳州市,市九中,颗粒物(PM10),59,67,85,39,50,169,85,95,88,27,27,11,14,1.0,1
2022-09-28T03:00:00,1875A,109.4958,24.3134,柳州市,古亭山,颗粒物(PM10),55,60,63,30,39,191,147,143,143,14,21,17,12,0.8,0.8
2022-09-28T03:00:00,1876A,109.5078,18.2489,三亚市,河东子站,,19,5,16,2,9,73,60,59,59,2,6,2,3,0.4,0.5
2022-09-28T03:00:00,1877A,109.4964,18.2681,三亚市,河西子站,,18,1,20,2,11,75,57,55,55,2,7,2,2,0.3,0.4
2022-09-28T03:00:00,1878A,104.7778,31.4741,绵阳市,富乐山,,15,15,12,9,6,88,28,35,31,8,8,5,5,0.5,0.5
2022-09-28T03:00:00,1879A,104.7563,31.4535,绵阳市,市人大,,,,13,,8,50,,46,,,18,,4,,0.6
2022-09-28T03:00:00,1880A,104.6697,31.4668,绵阳市,高新区自来水公司,,45,45,28,18,11,83,23,29,26,19,19,6,6,0.7,0.6
2022-09-28T03:00:00,1881A,104.7287,31.5075,绵阳市,三水厂,,25,25,17,15,9,87,29,34,31,16,19,6,4,0.5,0.5
2022-09-28T03:00:00,1882A,104.563,28.793,宜宾市,石马中学(对照点),,38,38,23,21,14,66,0,1,0,29,20,4,6,0.7,0.6
2022-09-28T03:00:00,1883A,104.6201,28.7728,宜宾市,市委,,32,32,24,16,15,62,9,6,6,29,32,7,6,0.5,0.5
2022-09-28T03:00:00,1884A,104.6055,28.793,宜宾市,宜宾四中,,32,32,25,17,18,71,10,6,6,24,21,6,5,0.5,0.5
2022-09-28T03:00:00,1885A,104.639,28.7562,宜宾市,市政府,,20,20,23,14,17,66,31,28,28,16,24,7,7,0.4,0.5
2022-09-28T03:00:00,1886A,104.5742,28.7199,宜宾市,黄金嘴,,22,22,21,13,14,71,23,17,17,16,21,10,8,0.6,0.6
2022-09-28T03:00:00,1888A,101.6891,26.571,攀枝花市,弄弄坪,,41,41,49,22,27,113,42,40,40,16,27,10,17,0.8,1
2022-09-28T03:00:00,1889A,101.5769,26.5928,攀枝花市,河门口,颗粒物(PM10),52,53,32,28,17,114,4,31,14,61,22,93,22,4.5,1.6
2022-09-28T03:00:00,1890A,101.7169,26.585,攀枝花市,炳草岗,,46,35,38,32,24,110,38,47,43,19,26,18,29,0.8,0.9
2022-09-28T03:00:00,1891A,101.7369,26.5008,攀枝花市,仁和,,19,17,26,13,17,87,20,25,22,9,11,8,9,0.6,0.6
2022-09-28T03:00:00,1893A,105.4324,28.9634,泸州市,九狮山(对照点),,29,15,23,20,20,56,22,21,21,16,14,10,13,0.4,0.3
2022-09-28T03:00:00,1894A,105.4427,28.9063,泸州市,小市上码头,,43,35,26,30,21,60,39,38,38,16,20,7,6,0.4,0.4
2022-09-28T03:00:00,1895A,105.4241,28.8573,泸州市,兰田宪桥,,30,30,22,17,13,70,34,27,27,15,14,6,10,0.4,0.5
2022-09-28T03:00:00,1896A,105.4379,28.8833,泸州市,市环监站,,34,34,24,22,15,62,38,37,37,13,17,26,10,0.4,0.5
2022-09-28T03:00:00,1897A,104.7547,29.3628,自贡市,大塘山(对照点),,,,,,,,,,,,,,,,
2022-09-28T03:00:00,1900A,104.7692,29.3411,自贡市,春华路,,,,,,,,,,,,,,,,
2022-09-28T03:00:00,1901A,104.4239,31.1208,德阳市,东山公园,,28,28,24,8,11,85,15,26,22,35,18,4,5,0.8,0.7
2022-09-28T03:00:00,1902A,104.3826,31.1317,德阳市,西小区,,43,43,32,14,8,88,14,20,15,36,22,3,2,0.5,0.6
2022-09-28T03:00:00,1903A,104.4053,31.1167,德阳市,市检察院,,,,,,,,,,,,,,,,
2022-09-28T03:00:00,1904A,104.3553,31.1091,德阳市,耐火材料厂,,39,39,27,16,11,86,3,18,11,47,25,7,6,0.7,0.6
2022-09-28T03:00:00,1905A,106.056,30.8064,南充市,西山风景区(对照点),,18,1,9,9,9,58,56,56,56,14,13,3,2,0.5,0.5
2022-09-28T03:00:00,1906A,106.0789,30.8023,南充市,南充市委,,14,14,19,7,8,70,41,47,42,4,7,2,2,0.5,0.5
2022-09-28T03:00:00,1907A,106.1031,30.8217,南充市,南充炼油厂,,24,24,24,11,7,66,27,34,32,12,9,6,5,0.3,0.3
2022-09-28T03:00:00,1908A,106.1064,30.7856,南充市,高坪区监测站,,16,16,14,10,10,69,40,48,45,8,9,2,3,0.4,0.4
2022-09-28T03:00:00,1909A,106.0642,30.7636,南充市,嘉陵区环保局,,14,11,15,8,6,71,43,44,44,6,7,3,2,0.4,0.4
2022-09-28T03:00:00,1910A,106.1087,30.8388,南充市,市环境监测站,,20,20,18,13,15,76,50,57,52,9,8,1,7,0.6,0.5
2022-09-28T03:00:00,1911A,106.9222,27.6869,遵义市,丁字口,,17,12,22,10,12,63,52,54,53,4,11,5,6,0.3,0.4
2022-09-28T03:00:00,1912A,106.9242,27.7019,遵义市,凤凰山,,19,11,15,5,10,62,60,60,59,7,13,4,4,0.4,0.6
2022-09-28T03:00:00,1913A,106.8906,27.6486,遵义市,忠庄,,16,15,20,8,13,49,49,47,47,7,17,3,3,0.3,0.4
2022-09-28T03:00:00,1914A,106.9231,27.6506,遵义市,舟水桥,,19,9,25,9,11,63,60,54,54,11,22,2,2,0.6,0.8
2022-09-28T03:00:00,1915A,106.9178,27.72,遵义市,干田坝,,20,16,18,5,15,63,63,61,61,5,13,5,5,0.3,0.5
2022-09-28T03:00:00,1916A,103.7897,25.5035,曲靖市,环境监测站,,41,41,33,22,23,132,75,92,85,11,10,3,3,0.6,0.6
2022-09-28T03:00:00,1917A,103.8,25.5364,曲靖市,烟厂办公区,,34,34,31,20,19,132,45,90,75,6,8,5,5,0.5,0.5
2022-09-28T03:00:00,1918A,108.7197,34.3956,咸阳市,气象站(对照点),颗粒物(PM10),56,62,69,17,29,78,3,3,3,61,56,8,7,0.8,0.9
2022-09-28T03:00:00,1919A,108.673,34.3155,咸阳市,实验中学,,50,50,71,13,28,105,3,3,3,52,40,5,4,0.6,0.7
2022-09-28T03:00:00,1920A,108.7233,34.3617,咸阳市,师范学院,颗粒物(PM10),55,59,72,18,29,96,0,0,0,49,47,7,6,0.6,0.7
2022-09-28T03:00:00,1922A,109.0656,35.0994,铜川市,党校(对照点),,34,34,67,13,22,98,7,4,4,39,46,9,11,0.3,0.5
2022-09-28T03:00:00,1923A,109.0697,35.0697,铜川市,王益区政府,,42,42,55,11,22,136,8,7,7,32,37,10,11,0.4,0.6
2022-09-28T03:00:00,1924A,108.9344,34.9058,铜川市,新区管委会,,16,14,42,10,20,125,51,55,53,13,24,6,10,0.0,0.4
2022-09-28T03:00:00,1925A,108.9589,34.8731,铜川市,新区兰芝公司,,,,,,,,,,,,,,,,
2022-09-28T03:00:00,1926A,109.4131,36.6275,延安市,枣园(对照点),,45,45,33,21,15,130,6,5,5,23,23,4,5,0.6,0.5
2022-09-28T03:00:00,1927A,109.4761,36.6028,延安市,延大医附院,,38,36,36,26,15,132,2,4,3,30,32,4,4,0.5,0.5
2022-09-28T03:00:00,1928A,109.4824,36.5767,延安市,市监测站,,,,,,,,,,,,,,,,
2022-09-28T03:00:00,1929A,109.5056,36.6106,延安市,百米大道,,50,50,49,31,15,125,27,36,32,37,36,6,6,0.6,0.7
2022-09-28T03:00:00,1930A,107.185,34.3063,宝鸡市,庙沟村(对照点),,15,12,24,5,12,93,48,58,49,18,15,5,5,0.2,0.3
2022-09-28T03:00:00,1931A,107.0708,34.3017,宝鸡市,竹园沟,,12,12,24,4,15,117,29,40,34,15,20,5,5,0.2,0.4
2022-09-28T03:00:00,1932A,107.1906,34.3672,宝鸡市,三陆医院,,42,42,48,25,23,103,5,10,8,39,34,17,10,0.5,0.6
2022-09-28T03:00:00,1933A,107.1431,34.3547,宝鸡市,监测站,,20,20,34,9,16,102,22,28,25,23,30,6,7,0.3,0.4
2022-09-28T03:00:00,1934A,107.1186,34.3739,宝鸡市,技工学校,,28,25,41,19,21,104,22,28,25,20,26,5,6,0.3,0.5
2022-09-28T03:00:00,1935A,107.3906,34.3528,宝鸡市,陈仓区环保局家属楼,,36,36,58,15,26,110,2,2,2,48,42,5,7,0.5,0.6
2022-09-28T03:00:00,1936A,107.2058,34.3497,宝鸡市,文理学院,,29,29,41,13,22,111,28,31,29,26,34,6,7,0.4,0.5
2022-09-28T03:00:00,1937A,107.2386,34.3622,宝鸡市,三迪小学,,37,37,52,15,26,93,17,19,18,37,43,7,8,0.3,0.5
2022-09-28T03:00:00,1938A,109.5293,34.5101,渭南市,农科所(对照点),,18,5,74,9,43,119,57,54,54,22,39,8,10,0.1,0.4
2022-09-28T03:00:00,1939A,109.4974,34.4877,渭南市,日报社,,29,24,71,12,39,102,59,33,33,57,52,10,11,0.4,0.6
2022-09-28T03:00:00,1940A,109.4636,34.493,渭南市,体育馆,,24,24,80,8,43,106,36,26,26,44,51,4,8,0.2,0.5
2022-09-28T03:00:00,1941A,109.4259,34.5023,渭南市,高新一小,,35,28,94,9,47,105,10,22,13,69,45,8,11,0.4,0.7
2022-09-28T03:00:00,1943A,102.1725,38.5339,金昌市,新川苑,,50,50,67,15,24,113,67,77,72,20,29,6,21,0.9,0.7
2022-09-28T03:00:00,1944A,102.1692,38.5167,金昌市,天庆家园,,23,23,60,8,17,118,65,83,77,25,29,5,27,0.7,0.7
2022-09-28T03:00:00,1945A,98.2908,39.7711,嘉峪关市,气象局,颗粒物(PM10),52,53,40,17,12,128,73,69,69,10,20,5,6,0.3,0.4
2022-09-28T03:00:00,1947A,106.3394,38.817,石嘴山市,沙湖旅游区(对照点),颗粒物(PM10),54,57,91,27,38,145,22,39,33,54,46,10,11,0.6,0.9
2022-09-28T03:00:00,1948A,106.3668,39.0145,石嘴山市,大武口朝阳西街,颗粒物(PM10),57,64,82,29,36,181,20,23,18,66,55,10,41,0.9,1.5
2022-09-28T03:00:00,1949A,106.7704,39.2282,石嘴山市,惠农南大街,,26,26,62,14,28,156,48,39,39,23,41,8,19,0.3,0.6
2022-09-28T03:00:00,1950A,106.7099,39.1325,石嘴山市,红果子镇惠新街,颗粒物(PM10),55,60,83,22,26,163,47,64,58,35,39,60,28,0.6,0.7
2022-09-28T03:00:00,1951A,84.895,45.6094,克拉玛依市,长征新村,,24,12,33,9,5,105,76,86,82,2,3,5,5,0.1,0.1
2022-09-28T03:00:00,1952A,84.8988,45.5893,克拉玛依市,南林小区,,24,4,36,13,12,111,76,89,83,4,5,1,2,0.2,0.2
2022-09-28T03:00:00,1953A,85.1186,45.6886,克拉玛依市,白碱滩区,,,,,,,,,,,,,,,,
2022-09-28T03:00:00,1954A,84.905,44.3396,克拉玛依市,独山子区,颗粒物(PM10),79,108,61,24,16,101,70,74,73,6,12,8,9,0.3,0.3
2022-09-28T03:00:00,1955A,85.6979,46.098,克拉玛依市,乌尔禾区商贸楼,,22,20,53,9,11,101,70,78,75,2,9,5,5,0.2,0.2
2022-09-28T03:00:00,1956A,86.1472,41.7538,巴音郭楞州,孔雀公园,颗粒物(PM10),64,78,97,33,31,118,33,32,32,36,19,3,3,0.2,0.2
2022-09-28T03:00:00,1957A,86.1972,41.7166,巴音郭楞州,棉纺厂,颗粒物(PM10),53,56,111,25,36,116,67,68,66,13,7,4,4,0.1,0.2
2022-09-28T03:00:00,1958A,86.2357,41.7173,巴音郭楞州,经济开发区,,33,33,89,20,30,115,82,80,80,5,6,6,6,0.2,0.2
2022-09-28T03:00:00,1959A,118.746,36.881,寿光市,监测站,,,,,,,,,,,,,,,,
2022-09-28T03:00:00,1960A,118.780,36.864,寿光市,世纪学校,,,,,,,,,,,,,,,,
2022-09-28T03:00:00,1961A,117.532,36.6868,济南市,东山小学,颗粒物(PM10),85,120,107,54,42,267,76,112,86,52,44,19,11,0.9,0.6
2022-09-28T03:00:00,1962A,117.541,36.710,章丘市,明水开发区,,,,,,,,,,,,,,,,
2022-09-28T03:00:00,1963A,120.610,36.440,即墨市,环保局子站,,,,,,,,,,,,,,,,
2022-09-28T03:00:00,1964A,120.470,36.390,即墨市,开发区子站,,,,,,,,,,,,,,,,
2022-09-28T03:00:00,1965A,120.005,35.878,胶南市,JN子站,,,,,,,,,,,,,,,,
2022-09-28T03:00:00,1966A,120.0405,35.8735,青岛市,黄岛区4号,,36,36,30,24,13,153,55,58,55,42,31,6,6,0.5,0.5
2022-09-28T03:00:00,1967A,120.008,36.283,胶州市,胶州环保局,,,,,,,,,,,,,,,,
2022-09-28T03:00:00,1968A,120.014,36.253,胶州市,胶州一中,,,,,,,,,,,,,,,,
2022-09-28T03:00:00,1969A,120.537,36.865,莱西市,环保局子站,,,,,,,,,,,,,,,,
2022-09-28T03:00:00,1970A,120.515,36.885,莱西市,人民广场子站,,,,,,,,,,,,,,,,
2022-09-28T03:00:00,1971A,119.952,36.792,平度市,1号,,,,,,,,,,,,,,,,
2022-09-28T03:00:00,1972A,119.976,36.799,平度市,2号,,,,,,,,,,,,,,,,
2022-09-28T03:00:00,1973A,120.747,37.825,蓬莱市,蓬莱环保局,,,,,,,,,,,,,,,,
2022-09-28T03:00:00,1974A,120.773,37.809,蓬莱市,蓬莱博物馆,,,,,,,,,,,,,,,,
2022-09-28T03:00:00,1975A,120.399,37.374,招远市,招远环保局,,,,,,,,,,,,,,,,
2022-09-28T03:00:00,1976A,120.394,37.364,招远市,招远教育局,,,,,,,,,,,,,,,,
2022-09-28T03:00:00,1977A,119.941,37.177,莱州市,莱州环保局,,,,,,,,,,,,,,,,
2022-09-28T03:00:00,1978A,119.959,37.180,莱州市,莱州外经委,,,,,,,,,,,,,,,,
2022-09-28T03:00:00,1979A,122.471,37.154,荣成市,荣成市环保局办公楼,,,,,,,,,,,,,,,,
2022-09-28T03:00:00,1980A,122.410,37.161,荣成市,山东成山轮胎公司,,,,,,,,,,,,,,,,
2022-09-28T03:00:00,1981A,122.038,37.197,文登市,文登市环保局,,,,,,,,,,,,,,,,
2022-09-28T03:00:00,1982A,122.0693,37.2174,威海市,文登开发区,,41,41,39,24,19,180,48,72,60,16,21,3,5,0.3,0.4
2022-09-28T03:00:00,1983A,121.531,36.913,乳山市,乳山市环保局,,,,,,,,,,,,,,,,
2022-09-28T03:00:00,1984A,121.544,36.907,乳山市,乳山市气象局,,,,,,,,,,,,,,,,
2022-09-28T03:00:00,1985A,120.636,31.155,吴江市,吴江市环保局,,,,,,,,,,,,,,,,
2022-09-28T03:00:00,1986A,120.635,31.170,吴江市,教师进修学校,,,,,,,,,,,,,,,,
2022-09-28T03:00:00,1987A,120.658,31.172,吴江市,吴江开发区,,,,,,,,,,,,,,,,
2022-09-28T03:00:00,1988A,120.953,31.388,昆山市,昆山实验小学,,,,,,,,,,,,,,,,
2022-09-28T03:00:00,1989A,120.999,31.381,昆山市,震川中学,,,,,,,,,,,,,,,,
2022-09-28T03:00:00,1990A,120.758,31.670,常熟市,海虞子站,,,,,,,,,,,,,,,,
2022-09-28T03:00:00,1991A,120.721,31.671,常熟市,兴福子站,,,,,,,,,,,,,,,,
2022-09-28T03:00:00,1992A,120.734,31.656,常熟市,菱塘子站,,,,,,,,,,,,,,,,
2022-09-28T03:00:00,1993A,120.526,31.874,张家港市,张家港市监测站,,,,,,,,,,,,,,,,
2022-09-28T03:00:00,1994A,120.550,31.882,张家港市,城北小学,,,,,,,,,,,,,,,,
2022-09-28T03:00:00,1995A,121.115,31.453,太仓市,太仓市监测站,,,,,,,,,,,,,,,,
2022-09-28T03:00:00,1996A,121.140,31.422,太仓市,科教新城实小,,,,,,,,,,,,,,,,
2022-09-28T03:00:00,1997A,119.146,31.955,句容市,消防指挥中心,,,,,,,,,,,,,,,,
2022-09-28T03:00:00,1998A,119.180,31.955,句容市,房家坝,,,,,,,,,,,,,,,,
2022-09-28T03:00:00,1999A,120.268,31.920,江阴市,虹桥邮政,,,,,,,,,,,,,,,,
2022-09-28T03:00:00,2000A,120.237,31.909,江阴市,五星公园,,,,,,,,,,,,,,,,
2022-09-28T03:00:00,2001A,120.302,31.920,江阴市,第二实验小学,,,,,,,,,,,,,,,,
2022-09-28T03:00:00,2002A,119.818,31.354,宜兴市,宜兴市环保局,,,,,,,,,,,,,,,,
2022-09-28T03:00:00,2003A,119.794,31.371,宜兴市,宜园,,,,,,,,,,,,,,,,
2022-09-28T03:00:00,2004A,119.579,31.751,金坛市,金坛市环境监测站,,,,,,,,,,,,,,,,
2022-09-28T03:00:00,2005A,119.579,31.737,金坛市,金坛市自来水公司,,,,,,,,,,,,,,,,
2022-09-28T03:00:00,2006A,119.460,31.400,溧阳市,溧阳市东门子站,,,,,,,,,,,,,,,,
2022-09-28T03:00:00,2007A,119.438,31.317,溧阳市,燕山子站,,,,,,,,,,,,,,,,
2022-09-28T03:00:00,2008A,121.173,31.896,海门市,海门市监测站,,,,,,,,,,,,,,,,
2022-09-28T03:00:00,2009A,121.1518,31.89708,海门市,社会福利院,,,,,,,,,,,,,,,,
2022-09-28T03:00:00,2010A,119.7183,30.2366,临安市,市政府,,,,,,,,,,,,,,,,
2022-09-28T03:00:00,2011A,119.6942,30.2311,临安市,四中,,,,,,,,,,,,,,,,
2022-09-28T03:00:00,2012A,119.954,30.054,富阳市,监测站,,,,,,,,,,,,,,,,
2022-09-28T03:00:00,2013A,119.946,30.049,富阳市,富春二小,,,,,,,,,,,,,,,,
2022-09-28T03:00:00,2014A,120.091,29.305,义乌市,江东,,,,,,,,,,,,,,,,
2022-09-28T03:00:00,2015A,120.040,29.334,义乌市,北苑,,,,,,,,,,,,,,,,
2022-09-28T03:00:00,2016A,120.251,29.719,诸暨市,图书馆,,,,,,,,,,,,,,,,
2022-09-28T03:00:00,2017A,120.209,29.732,诸暨市,富林印务,,,,,,,,,,,,,,,,
2022-09-28T03:00:00,2018A,121.989,39.625,瓦房店市,抱龙山庄,,,,,,,,,,,,,,,,
2022-09-28T03:00:00,2019A,122.011,39.617,瓦房店市,东山公园,,,,,,,,,,,,,,,,
2022-09-28T03:00:00,2031A,113.1817,27.9958,株洲市,云田中学,细颗粒物(PM2.5),77,90,68,56,40,248,99,124,111,22,20,9,10,0.9,0.9
2022-09-28T03:00:00,2054A,114.1099,32.1059,信阳市,平桥分局,细颗粒物(PM2.5),88,100,105,65,42,154,77,84,79,25,23,12,11,1.1,1
2022-09-28T03:00:00,2064A,113.9956,32.1271,信阳市,南湾水厂,颗粒物(PM10),69,88,91,48,39,158,97,92,92,18,21,10,9,0.9,0.8
2022-09-28T03:00:00,2065A,114.0775,32.1195,信阳市,市酿酒公司,"颗粒物(PM10),细颗粒物(PM2.5)",65,80,79,47,37,155,86,75,75,18,23,11,10,1.0,1
2022-09-28T03:00:00,2066A,114.0609,32.1399,信阳市,审计局,细颗粒物(PM2.5),69,69,89,50,45,166,86,71,71,18,28,8,8,0.9,0.9
2022-09-28T03:00:00,2067A,114.6613,33.6128,周口市,市环境监测站,颗粒物(PM10),80,110,94,53,38,128,20,26,22,49,33,13,16,0.9,0.9
2022-09-28T03:00:00,2068A,114.6758,33.6347,周口市,周口师范,细颗粒物(PM2.5),112,128,89,84,42,129,5,9,8,66,38,5,13,1.2,0.9
2022-09-28T03:00:00,2069A,114.6546,33.5979,周口市,市运管处,细颗粒物(PM2.5),100,129,100,75,51,134,14,30,23,74,44,7,15,1.1,0.9
2022-09-28T03:00:00,2070A,114.6369,33.6406,周口市,川汇区环保局,细颗粒物(PM2.5),178,170,102,134,63,130,5,20,15,68,34,7,14,1.0,0.7
2022-09-28T03:00:00,2075A,117.6336,24.4674,漳州市,九湖(对照点),,,,,,,,,,,,,,,,
2022-09-28T03:00:00,2160A,112.85,35.5051,晋城市,自来水公司,颗粒物(PM10),75,99,97,51,43,183,86,59,59,26,38,10,13,0.9,1.1
2022-09-28T03:00:00,2161A,112.8318,35.4936,晋城市,白云商贸,颗粒物(PM10),83,116,105,46,40,174,57,54,54,39,44,5,8,0.8,1
2022-09-28T03:00:00,2162A,112.8508,35.4887,晋城市,市环保局,颗粒物(PM10),89,127,99,53,47,182,34,30,30,64,51,8,12,0.8,1
2022-09-28T03:00:00,2163A,112.8676,35.4897,晋城市,技术学院,细颗粒物(PM2.5),89,108,92,66,49,168,15,16,13,88,53,7,7,0.5,0.6
2022-09-28T03:00:00,2164A,112.8271,35.4828,晋城市,泽州一中,,,,,,,,,,,,,,,,
2022-09-28T03:00:00,2165A,112.8453,35.546,晋城市,白马寺 (对照点),,,,,,,,,,,,,,,,
2022-09-28T03:00:00,2166A,112.4397,39.3522,朔州市,平朔,颗粒物(PM10),89,127,101,48,38,145,3,4,4,76,53,12,21,0.7,0.6
2022-09-28T03:00:00,2167A,112.4575,39.3617,朔州市,朔唯,颗粒物(PM10),97,144,123,51,42,142,4,3,3,81,59,16,20,0.6,0.6
2022-09-28T03:00:00,2168A,112.4258,39.3197,朔州市,区政府,颗粒物(PM10),68,85,92,43,31,145,19,33,28,66,45,12,14,0.6,0.6
2022-09-28T03:00:00,2169A,112.4072,39.3278,朔州市,市环保局,颗粒物(PM10),91,132,101,41,26,137,3,18,13,82,49,16,13,0.8,0.7
2022-09-28T03:00:00,2170A,112.4272,39.3681,朔州市,市二中,颗粒物(PM10),108,166,128,48,44,148,2,2,2,73,58,11,18,0.7,0.6
2022-09-28T03:00:00,2171A,112.7532,37.6945,晋中市,锦纶小区,颗粒物(PM10),63,75,92,31,42,225,19,29,22,51,49,10,15,0.5,0.7
2022-09-28T03:00:00,2173A,112.7249,37.7067,晋中市,南都小区,颗粒物(PM10),75,99,110,34,41,219,52,96,69,47,52,18,15,0.7,0.8
2022-09-28T03:00:00,2174A,112.6991,37.6982,晋中市,榆次区政府,颗粒物(PM10),83,115,101,57,44,210,44,88,67,61,49,14,12,1.0,0.9
2022-09-28T03:00:00,2175A,110.9956,35.0147,运城市,运城中学,细颗粒物(PM2.5),110,126,95,83,51,160,46,43,43,31,23,19,16,0.6,0.8
2022-09-28T03:00:00,2176A,111.0233,35.0611,运城市,禹都开发区,,,,,,,,,,,,,,,,
2022-09-28T03:00:00,2178A,110.9686,35.0303,运城市,地区技校,细颗粒物(PM2.5),103,134,100,77,44,172,26,14,14,47,34,16,16,0.4,0.6
2022-09-28T03:00:00,2179A,111.0414,35.1147,运城市,空港新区,颗粒物(PM10),104,158,138,61,58,176,7,13,8,56,42,9,29,0.7,0.9
2022-09-28T03:00:00,2181A,112.7383,38.4519,忻州市,开发区,,47,47,79,24,32,157,21,19,19,47,51,10,15,0.7,0.9
2022-09-28T03:00:00,2182A,112.7003,38.4928,忻州市,会展中心,颗粒物(PM10),57,64,75,34,31,159,6,4,4,54,53,11,16,0.6,0.7
2022-09-28T03:00:00,2183A,111.1406,37.5211,吕梁市,环保局,颗粒物(PM10),61,72,82,22,25,163,5,2,2,62,55,4,5,0.5,0.6
2022-09-28T03:00:00,2185A,111.1297,37.5136,吕梁市,自来水公司,颗粒物(PM10),79,107,104,27,26,153,3,2,2,57,44,3,4,0.5,0.6
2022-09-28T03:00:00,2186A,106.8288,39.6778,乌海市,聚英学校,,,,,,,,,,,,,,,,
2022-09-28T03:00:00,2187A,106.8174,39.6973,乌海市,市林业局,颗粒物(PM10),69,87,79,35,28,199,66,63,63,44,45,84,42,1.1,1
2022-09-28T03:00:00,2188A,106.7907,39.6667,乌海市,中海勃湾学校,颗粒物(PM10),71,91,84,34,27,203,39,33,33,60,57,57,37,1.2,1.1
2022-09-28T03:00:00,2191A,122.2532,43.6801,通辽市,艺术职业学校,颗粒物(PM10),70,89,97,44,44,188,143,156,149,14,26,7,8,0.5,0.6
2022-09-28T03:00:00,2192A,119.7594,49.2261,呼伦贝尔市,区环保局,,32,32,32,11,16,75,25,33,27,25,17,5,5,0.4,0.4
2022-09-28T03:00:00,2194A,107.5936,40.916,巴彦淖尔市,秋林养殖基地(对照点),,,,,,,,,,,,,,,,
2022-09-28T03:00:00,2195A,107.4212,40.761,巴彦淖尔市,附二中,,45,45,48,24,19,156,37,44,40,18,13,7,10,0.4,0.5
2022-09-28T03:00:00,2196A,107.37,40.7372,巴彦淖尔市,市环保大楼,颗粒物(PM10),51,51,50,25,22,165,33,44,37,28,15,5,6,0.5,0.7
2022-09-28T03:00:00,2197A,113.1306,40.9923,乌兰察布市,集宁新区,,45,45,47,23,23,149,57,87,71,40,36,16,15,0.5,0.4
2022-09-28T03:00:00,2200A,122.0392,46.0656,兴安盟,胜华新制药厂,细颗粒物(PM2.5),53,52,43,37,18,142,81,121,101,19,12,3,5,0.6,0.5
2022-09-28T03:00:00,2201A,121.9504,46.0741,兴安盟,科右前旗环保局,细颗粒物(PM2.5),57,41,35,40,19,134,110,130,119,12,13,5,5,0.4,0.3
2022-09-28T03:00:00,2202A,116.1042,43.9317,锡林郭勒盟,市环保监测站,,36,36,37,10,8,136,105,103,103,3,8,8,9,0.2,0.3
2022-09-28T03:00:00,2203A,116.0781,43.9311,锡林郭勒盟,市政府,,38,38,32,12,7,132,96,96,96,5,14,9,9,0.2,0.3
2022-09-28T03:00:00,2204A,105.6467,38.8363,阿拉善盟,西城区西花园(对照点),,34,29,33,13,13,125,106,98,98,5,18,7,7,0.2,0.4
2022-09-28T03:00:00,2205A,105.6985,38.8411,阿拉善盟,蒙二幼,,32,20,34,16,17,125,101,102,100,4,11,7,8,0.3,0.4
2022-09-28T03:00:00,2206A,105.724,38.8516,阿拉善盟,环保局新楼,,36,15,16,12,13,119,114,112,112,5,9,8,8,0.3,0.3
2022-09-28T03:00:00,2207A,121.6094,41.998,阜新市,工业园区,颗粒物(PM10),63,75,107,36,47,210,140,140,140,14,19,16,18,0.9,0.9
2022-09-28T03:00:00,2208A,121.6697,42.0279,阜新市,长青街,细颗粒物(PM2.5),67,77,85,48,51,226,145,146,145,17,22,16,14,0.9,1
2022-09-28T03:00:00,2209A,121.6673,42.0705,阜新市,农业园区,颗粒物(PM10),70,90,104,47,47,206,138,140,139,11,14,12,13,0.7,0.8
2022-09-28T03:00:00,2210A,121.6717,42.0224,阜新市,东苑,颗粒物(PM10),84,118,122,58,54,211,132,134,133,20,28,18,18,1.1,1.2
2022-09-28T03:00:00,2211A,121.6506,42.0498,阜新市,玉龙新城,"颗粒物(PM10),细颗粒物(PM2.5)",69,87,85,50,53,228,143,146,145,14,17,12,13,0.8,0.9
2022-09-28T03:00:00,2212A,123.2,41.1953,辽阳市,宏伟区,,30,13,52,19,27,214,93,88,88,7,22,8,14,0.7,0.9
2022-09-28T03:00:00,2213A,123.1683,41.2495,辽阳市,新华园,,49,49,74,22,36,211,116,111,111,20,38,10,14,0.5,0.8
2022-09-28T03:00:00,2214A,123.2354,41.2639,辽阳市,滨河路,,40,36,69,28,42,245,98,103,101,12,35,4,9,0.7,1
2022-09-28T03:00:00,2215A,123.149,41.2991,辽阳市,铁西工业园,颗粒物(PM10),56,61,84,34,60,232,128,138,135,21,37,11,19,0.7,1.2
2022-09-28T03:00:00,2216A,123.8139,42.3022,铁岭市,汇工街西,颗粒物(PM10),58,66,81,32,38,230,151,143,143,20,29,18,14,1.0,1
2022-09-28T03:00:00,2217A,123.8649,42.2923,铁岭市,水上乐园,细颗粒物(PM2.5),75,75,73,55,51,224,94,120,104,42,31,14,11,1.3,0.9
2022-09-28T03:00:00,2218A,123.8486,42.2867,铁岭市,银州路东段,细颗粒物(PM2.5),64,73,86,46,45,208,138,143,141,28,31,13,10,1.2,1.1
2022-09-28T03:00:00,2219A,123.7153,42.2217,铁岭市,金沙江路北,颗粒物(PM10),61,72,83,40,40,226,70,86,80,57,40,29,20,1.6,1.2
2022-09-28T03:00:00,2220A,120.4318,41.5881,朝阳市,西梁,细颗粒物(PM2.5),80,93,106,59,66,192,133,151,136,17,29,10,13,1.0,1.2
2022-09-28T03:00:00,2221A,120.4521,41.5646,朝阳市,河畔小区,颗粒物(PM10),64,78,95,41,54,200,150,158,153,16,22,11,15,0.9,1.2
2022-09-28T03:00:00,2222A,120.4176,41.5648,朝阳市,八里堡,颗粒物(PM10),69,88,97,46,54,188,119,140,129,19,28,9,13,1.3,1.5
2022-09-28T03:00:00,2223A,120.3806,41.5969,朝阳市,农业园区,细颗粒物(PM2.5),67,78,106,48,58,194,161,162,158,12,31,7,13,1.1,1.4
2022-09-28T03:00:00,2225A,124.4002,43.1713,四平市,一商场,颗粒物(PM10),62,74,88,39,43,216,167,171,169,13,24,11,10,0.7,0.8
2022-09-28T03:00:00,2226A,124.388,43.193,四平市,境园,颗粒物(PM10),61,72,88,37,42,196,150,158,154,14,26,15,10,0.5,0.6
2022-09-28T03:00:00,2227A,125.1358,42.8845,辽源市,环保局,细颗粒物(PM2.5),59,59,77,42,45,202,76,72,72,50,52,12,13,1.1,1.1
2022-09-28T03:00:00,2229A,125.9358,41.7173,通化市,光明,,34,34,50,16,27,151,5,9,7,21,37,11,14,0.9,1.1
2022-09-28T03:00:00,2230A,125.9446,41.7325,通化市,铁路,,42,42,52,19,28,152,6,6,6,31,42,16,16,0.8,1.1
2022-09-28T03:00:00,2231A,126.4219,41.9171,白山市,喜丰,颗粒物(PM10),61,71,66,22,22,131,6,7,6,35,36,9,12,1.2,1.2
2022-09-28T03:00:00,2232A,126.4077,41.9419,白山市,环保局,颗粒物(PM10),56,62,84,21,30,129,11,14,11,24,43,7,12,1.1,1.2
2022-09-28T03:00:00,2233A,124.8006,45.1214,松原市,江南,颗粒物(PM10),56,62,58,33,30,172,154,154,153,9,17,5,5,0.6,0.6
2022-09-28T03:00:00,2234A,124.7965,45.1722,松原市,江北,颗粒物(PM10),56,62,56,33,29,182,154,158,156,9,13,6,5,0.6,0.6
2022-09-28T03:00:00,2235A,122.7911,45.6077,白城市,洮北区环保局,细颗粒物(PM2.5),78,76,44,57,25,163,124,144,137,14,15,7,5,0.8,0.5
2022-09-28T03:00:00,2236A,122.8738,45.5725,白城市,市环保局,颗粒物(PM10),67,83,47,32,22,147,126,131,128,10,10,8,4,0.8,0.5
2022-09-28T03:00:00,2237A,129.47,42.8883,延边朝鲜族自治州,妇幼医院,细颗粒物(PM2.5),54,43,46,38,34,186,7,12,8,18,18,8,9,0.7,0.7
2022-09-28T03:00:00,2238A,129.5055,42.9108,延边朝鲜族自治州,延边医院,,48,47,53,33,29,183,6,36,24,25,23,10,8,0.9,0.8
2022-09-28T03:00:00,2239A,129.3964,42.8881,延边朝鲜族自治州,朝阳川镇医院,,29,29,47,20,26,184,10,12,11,16,20,5,6,0.7,0.7
2022-09-28T03:00:00,2240A,130.9762,45.3001,鸡西市,环保局,颗粒物(PM10),76,101,69,47,24,73,2,1,1,31,32,3,6,0.9,0.6
2022-09-28T03:00:00,2243A,130.9429,45.3039,鸡西市,第一中学,,41,41,56,17,16,77,65,49,49,8,26,4,6,0.2,0.2
2022-09-28T03:00:00,2244A,130.2537,47.3416,鹤岗市,哈啤分公司,,42,42,34,20,11,105,97,100,97,16,19,13,10,0.5,0.4
2022-09-28T03:00:00,2245A,130.2684,47.3086,鹤岗市,斯达机电,,44,44,34,22,12,106,80,90,86,19,13,8,7,0.6,0.4
2022-09-28T03:00:00,2246A,130.3114,47.3388,鹤岗市,东山纸板厂,,42,42,50,26,18,93,62,79,70,18,19,10,11,0.5,0.5
2022-09-28T03:00:00,2247A,130.1097,47.3382,鹤岗市,五号水库(对照点),,28,28,18,11,9,101,55,94,74,6,6,7,7,0.4,0.3
2022-09-28T03:00:00,2248A,131.1511,46.6937,双鸭山市,双合村,,36,36,51,19,20,110,110,103,103,9,16,6,19,0.4,1.1
2022-09-28T03:00:00,2249A,131.1652,46.6191,双鸭山市,南小市,,48,48,34,19,9,109,109,102,102,6,8,5,5,0.4,0.3
2022-09-28T03:00:00,2250A,131.1524,46.6554,双鸭山市,环保局,,37,33,31,14,13,117,117,107,107,7,14,5,8,0.4,0.5
2022-09-28T03:00:00,2251A,131.12,46.5656,双鸭山市,苗圃(对照点),,34,27,20,12,10,110,107,99,99,5,4,5,4,0.5,0.4
2022-09-28T03:00:00,2252A,128.5159,47.4311,伊春市,环保局,臭氧1小时,83,55,23,47,17,186,186,182,182,8,9,10,11,0.7,0.5
2022-09-28T03:00:00,2253A,128.9102,47.7412,伊春市,电力嘉园,臭氧1小时,94,46,27,40,18,195,195,189,189,5,6,10,6,0.7,0.5
2022-09-28T03:00:00,2254A,129.5029,48.471,伊春市,汤旺河国家公园(对照点),颗粒物(PM10),61,72,34,35,12,149,149,148,148,5,4,8,6,0.5,0.3
2022-09-28T03:00:00,2255A,130.2751,46.8028,佳木斯市,佳纺,,,35,28,,36,120,120,113,113,5,8,1,3,0.5,0.3
2022-09-28T03:00:00,2256A,130.3995,46.8307,佳木斯市,发电厂,,,,,,,,,,,,,,,,
2022-09-28T03:00:00,2257A,130.3258,46.7975,佳木斯市,环保局,,,,,,,,,,,,,,,,
2022-09-28T03:00:00,2258A,130.3648,46.8032,佳木斯市,十一中,,35,32,20,21,11,116,110,105,105,5,10,4,4,0.5,0.4
2022-09-28T03:00:00,2259A,130.3794,46.7588,佳木斯市,四丰(对照点),,,27,16,22,8,109,107,101,101,,,1,1,0.4,0.2
2022-09-28T03:00:00,2262A,131.0518,45.8751,七台河市,新一中(对照点),,,,,,,116,29,34,32,,,8,9,,
2022-09-28T03:00:00,2263A,127.4833,50.2524,黑河市,交通局,,,,7,,4,35,,38,,,2,,5,,0.4
2022-09-28T03:00:00,2264A,127.5144,50.2341,黑河市,环保局,,20,19,13,13,9,89,62,63,63,3,6,6,7,0.2,0.4
2022-09-28T03:00:00,2265A,127.5291,50.2472,黑河市,大黑河岛(对照点),,20,14,19,10,8,91,62,61,61,2,2,4,5,0.2,0.3
2022-09-28T03:00:00,2266A,126.9785,46.6365,绥化市,人和东街,细颗粒物(PM2.5),75,74,60,55,29,179,130,179,157,13,15,10,7,0.9,0.6
2022-09-28T03:00:00,2267A,126.964,46.6528,绥化市,党政办公中心,细颗粒物(PM2.5),102,82,59,76,35,180,162,180,173,12,15,7,7,0.9,0.6
2022-09-28T03:00:00,2269A,124.1069,50.4097,大兴安岭地区,科技局,,16,7,7,9,8,60,50,58,54,4,6,4,3,0.3,0.3
2022-09-28T03:00:00,2270A,117.396,32.939,蚌埠市,工人疗养院,颗粒物(PM10),57,63,64,39,32,122,55,64,61,15,18,7,8,0.4,0.3
2022-09-28T03:00:00,2271A,117.3605,32.9427,蚌埠市,百货大楼,,40,40,44,22,22,119,65,70,68,19,22,8,9,0.4,0.4
2022-09-28T03:00:00,2273A,117.4185,32.8911,蚌埠市,蚌埠学院,颗粒物(PM10),51,52,60,31,27,120,21,30,27,55,46,18,19,0.5,0.4
2022-09-28T03:00:00,2274A,117.3533,32.9673,蚌埠市,淮上区政府,,48,48,52,27,25,119,62,72,68,15,16,8,9,0.4,0.3
2022-09-28T03:00:00,2275A,117.3145,32.8977,蚌埠市,高新区,,39,36,43,27,24,131,77,74,74,17,26,8,10,0.4,0.4
2022-09-28T03:00:00,2277A,116.8305,32.7727,淮南市,潘集区政府,颗粒物(PM10),55,60,56,35,32,130,43,48,44,20,20,6,6,0.3,0.3
2022-09-28T03:00:00,2278A,117.0067,32.6524,淮南市,师范学院,,47,47,50,32,35,137,39,41,39,25,20,10,12,0.7,0.7
2022-09-28T03:00:00,2279A,116.8569,32.5951,淮南市,谢家集区政府,,45,44,52,31,23,138,41,50,46,29,24,10,10,0.5,0.5
2022-09-28T03:00:00,2280A,116.8281,32.633,淮南市,八公山区政府,颗粒物(PM10),51,52,44,35,26,138,31,42,36,26,21,10,13,0.4,0.4
2022-09-28T03:00:00,2281A,116.6325,32.6201,淮南市,焦岗湖风景区管理处(对照点),颗粒物(PM10),52,54,50,30,24,132,22,32,27,30,20,15,15,0.3,0.2
2022-09-28T03:00:00,2282A,116.8004,33.975,淮北市,监测站,颗粒物(PM10),51,51,43,21,21,122,76,79,78,14,16,7,7,0.5,0.5
2022-09-28T03:00:00,2283A,116.8091,33.9007,淮北市,烈山区政府,颗粒物(PM10),54,57,42,22,19,135,60,53,53,29,20,5,6,0.4,0.4
2022-09-28T03:00:00,2284A,116.7856,33.9477,淮北市,职业技术学院,,48,48,44,19,19,123,69,87,80,20,22,7,8,0.7,0.6
2022-09-28T03:00:00,2285A,117.8177,30.9412,铜陵市,市第四中学,,49,49,56,20,28,165,86,93,90,20,25,4,5,0.3,0.5
2022-09-28T03:00:00,2286A,117.8059,30.9273,铜陵市,市公路局,颗粒物(PM10),51,52,60,29,30,166,89,95,92,15,21,6,7,0.4,0.6
2022-09-28T03:00:00,2287A,117.7807,30.9413,铜陵市,市新民污水厂,,45,45,52,23,24,172,68,97,84,37,27,8,8,0.4,0.5
2022-09-28T03:00:00,2288A,117.7439,30.8792,铜陵市,市第九中学,颗粒物(PM10),61,72,75,26,31,164,57,101,82,38,31,11,14,0.6,0.9
2022-09-28T03:00:00,2289A,117.846,30.9413,铜陵市,车站新区,,46,46,50,18,28,168,84,93,89,15,22,5,6,0.4,0.5
2022-09-28T03:00:00,2290A,117.8483,30.97,铜陵市,市职教基地,,45,45,51,23,27,172,75,88,83,18,21,5,7,0.6,0.8
2022-09-28T03:00:00,2291A,117.0809,30.5177,安庆市,环科院,,48,48,54,30,31,204,106,120,113,14,17,8,9,0.8,1
2022-09-28T03:00:00,2292A,117.0331,30.5119,安庆市,马山宾馆,,44,44,49,27,29,204,109,123,116,15,17,6,8,0.7,0.9
2022-09-28T03:00:00,2294A,116.9896,30.6145,安庆市,安庆大学,细颗粒物(PM2.5),58,52,46,41,30,191,93,115,103,16,17,6,9,0.7,0.8
2022-09-28T03:00:00,2295A,118.2903,29.6963,黄山市,延安路89号,,38,38,39,6,20,178,43,43,42,16,12,8,9,0.4,0.4
2022-09-28T03:00:00,2296A,118.327,29.7178,黄山市,黄山东路89号,,35,30,35,21,18,169,109,113,112,14,14,8,8,0.1,0.1
2022-09-28T03:00:00,2297A,118.1371,30.2756,黄山市,黄山区政府5号楼,,43,43,51,23,23,160,42,49,46,13,12,8,8,0.3,0.3
2022-09-28T03:00:00,2298A,118.3093,32.3153,滁州市,老年大学,,40,40,40,24,27,142,47,54,51,22,23,9,10,0.3,0.4
2022-09-28T03:00:00,2299A,118.3244,32.2786,滁州市,人大宾馆,,42,42,51,21,25,169,44,55,51,31,34,6,6,0.4,0.4
2022-09-28T03:00:00,2301A,115.8277,32.8929,阜阳市,市监测站,细颗粒物(PM2.5),83,113,68,61,34,127,39,47,39,48,27,30,12,1.7,0.8
2022-09-28T03:00:00,2303A,115.8554,32.8605,阜阳市,开发区,颗粒物(PM10),62,74,71,42,37,124,42,61,50,44,27,6,8,0.4,0.4
2022-09-28T03:00:00,2306A,116.989,33.6306,宿州市,火车站,,,,,,,,,,,,,,,,
2022-09-28T03:00:00,2307A,116.5079,31.737,六安市,监测大楼,,42,42,51,19,21,163,51,58,55,15,17,10,10,0.3,0.4
2022-09-28T03:00:00,2308A,116.4738,31.7643,六安市,皖西学院,颗粒物(PM10),52,54,51,20,18,174,52,70,61,14,14,10,10,0.3,0.4
2022-09-28T03:00:00,2309A,116.4996,31.7905,六安市,朝阳厂,,40,40,44,20,24,163,44,63,53,19,19,17,15,0.4,0.5
2022-09-28T03:00:00,2310A,116.5567,31.7886,六安市,开发区,颗粒物(PM10),55,60,60,29,26,160,46,54,51,20,23,8,9,0.4,0.5
2022-09-28T03:00:00,2311A,115.8072,33.8399,亳州市,污水处理厂,细颗粒物(PM2.5),62,67,52,44,29,126,39,55,48,18,19,14,11,0.6,0.5
2022-09-28T03:00:00,2312A,115.7789,33.8518,亳州市,三国揽胜宫,细颗粒物(PM2.5),80,93,52,59,28,128,17,62,29,47,21,4,7,1.0,0.8
2022-09-28T03:00:00,2314A,117.47,30.6618,池州市,池州学院,颗粒物(PM10),51,52,55,29,34,192,57,62,58,31,28,12,10,0.5,0.7
2022-09-28T03:00:00,2315A,117.4974,30.6539,池州市,平天湖(对照点),,,,,,,,,,,,,,,,
2022-09-28T03:00:00,2316A,118.7581,30.9454,宣城市,鳌峰子站,,41,41,40,14,19,136,54,59,56,36,28,5,6,0.5,0.6
2022-09-28T03:00:00,2317A,118.7385,30.9743,宣城市,敬亭山子站,,38,38,42,19,20,128,39,62,52,26,27,9,8,0.4,0.4
2022-09-28T03:00:00,2318A,118.7173,30.9427,宣城市,开发区子站,,35,35,39,20,20,135,56,64,60,25,22,5,6,0.5,0.5
2022-09-28T03:00:00,2319A,119.0141,25.4325,莆田市,荔城区仓后路,,20,16,25,9,13,99,61,66,63,5,8,4,5,0.5,0.6
2022-09-28T03:00:00,2320A,119.0015,25.4553,莆田市,莆田市监测站,,26,11,19,18,18,104,57,61,58,2,2,4,5,0.6,0.6
2022-09-28T03:00:00,2321A,119.1119,25.4561,莆田市,涵江区六中,,22,15,21,15,14,97,63,64,63,2,3,5,5,0.5,0.6
2022-09-28T03:00:00,2322A,119.1013,25.3215,莆田市,秀屿区政府,,20,20,26,12,15,113,64,71,67,1,3,6,6,0.7,0.7
2022-09-28T03:00:00,2323A,118.981,25.4792,莆田市,东圳水库(对照点),,,,,,,,,,,,,,,,
2022-09-28T03:00:00,2324A,117.6211,26.2625,三明市,三钢,,25,22,23,17,17,92,35,38,36,20,14,4,6,0.2,0.3
2022-09-28T03:00:00,2325A,117.635,26.2714,三明市,三明二中,,19,15,20,13,14,91,31,34,33,20,12,4,5,0.7,0.6
2022-09-28T03:00:00,2326A,117.6028,26.2378,三明市,三元区政府,,42,42,27,21,17,89,19,22,21,32,18,8,8,1.6,0.6
2022-09-28T03:00:00,2327A,117.7275,26.3108,三明市,洋溪(对照点),,,,,,,,,,,,,,,,
2022-09-28T03:00:00,2331A,118.0966,26.6761,南平市,茫荡山(对照点),,,,,,,,,,,,,,,,
2022-09-28T03:00:00,2332A,118.1681,26.6369,南平市,南平市监测站,,26,26,21,10,15,98,60,63,62,11,9,8,7,0.3,0.3
2022-09-28T03:00:00,2333A,118.1825,26.6489,南平市,南平铝业有限公司,,28,28,24,17,17,95,31,55,47,23,11,10,8,0.6,0.5
2022-09-28T03:00:00,2334A,118.1756,26.6272,南平市,南平七中,,20,20,23,14,14,106,59,63,61,11,7,7,8,0.4,0.4
2022-09-28T03:00:00,2335A,117.0189,25.1181,龙岩市,龙岩师专(对照点),,,,,,,,,,,,,,,,
2022-09-28T03:00:00,2336A,117.0217,25.1033,龙岩市,龙岩市监测站,,40,40,26,18,14,111,44,58,46,26,17,8,11,0.4,0.4
2022-09-28T03:00:00,2337A,117.0258,25.0661,龙岩市,闽西职业技术学院,,48,48,30,19,14,109,26,54,38,33,17,34,15,0.6,0.4
2022-09-28T03:00:00,2338A,117.0196,25.0306,龙岩市,龙岩学院,,31,31,26,18,13,114,48,69,59,16,17,6,8,0.3,0.4
2022-09-28T03:00:00,2339A,119.5001,26.6946,宁德市,金涵水库(对照点),,,,,,,,,,,,,,,,
2022-09-28T03:00:00,2341A,119.5388,26.6612,宁德市,宁德市监测站,,48,48,32,19,16,145,56,76,62,17,11,14,8,0.6,0.5
2022-09-28T03:00:00,2342A,117.3102,29.3867,景德镇市,王港中学(对照点),,50,46,38,35,28,193,44,67,52,8,8,5,5,0.4,0.3
2022-09-28T03:00:00,2343A,117.2117,29.2933,景德镇市,老干部活动中心,颗粒物(PM10),57,64,68,36,31,215,123,134,129,12,14,9,9,0.6,0.5
2022-09-28T03:00:00,2344A,117.1894,29.2789,景德镇市,兽医站,颗粒物(PM10),52,53,56,35,29,222,131,135,134,8,14,8,7,1.0,0.9
2022-09-28T03:00:00,2345A,117.1547,29.2617,景德镇市,台达陶瓷,,47,47,56,32,32,197,116,126,122,12,18,8,14,0.8,0.8
2022-09-28T03:00:00,2346A,117.2461,29.2956,景德镇市,陶研所,颗粒物(PM10),53,56,62,30,29,220,114,136,125,12,14,5,7,0.6,0.7
2022-09-28T03:00:00,2347A,114.0997,27.5002,萍乡市,武功山(对照点),,33,29,40,23,27,163,70,79,73,12,11,12,13,0.5,0.6
2022-09-28T03:00:00,2348A,113.8385,27.6434,萍乡市,中医院,细颗粒物(PM2.5),70,81,70,51,39,194,120,120,119,23,23,29,19,1.1,0.9
2022-09-28T03:00:00,2349A,113.8493,27.6253,萍乡市,市政府车库,细颗粒物(PM2.5),77,79,73,56,45,210,123,122,122,20,24,13,15,0.8,0.9
2022-09-28T03:00:00,2350A,113.8676,27.6435,萍乡市,市环保局,细颗粒物(PM2.5),74,61,68,54,45,202,131,124,124,13,18,19,20,1.0,1
2022-09-28T03:00:00,2351A,113.866,27.6198,萍乡市,安源区政府,细颗粒物(PM2.5),72,67,71,52,43,201,109,112,111,19,21,13,18,0.7,0.8
2022-09-28T03:00:00,2352A,115.0861,27.9317,新余市,北岗(对照点),颗粒物(PM10),58,65,59,40,35,176,57,69,63,21,13,36,25,0.8,0.8
2022-09-28T03:00:00,2353A,114.9886,27.8431,新余市,飞宇,颗粒物(PM10),65,80,66,45,34,169,82,95,89,26,18,54,27,0.7,0.5
2022-09-28T03:00:00,2354A,114.9231,27.8246,新余市,第二水厂,颗粒物(PM10),62,73,68,35,33,163,102,107,105,22,19,27,17,1.1,1
2022-09-28T03:00:00,2355A,114.9308,27.8036,新余市,市气象局,颗粒物(PM10),54,57,60,36,35,175,102,106,104,22,18,28,20,0.7,0.7
2022-09-28T03:00:00,2357A,116.9822,28.1136,鹰潭市,龙虎山(对照点),,48,48,57,29,25,203,56,69,61,25,16,2,4,1.3,1.1
2022-09-28T03:00:00,2358A,117.0564,28.2642,鹰潭市,新监测站,颗粒物(PM10),59,67,61,33,36,227,111,151,133,14,9,5,13,0.7,0.5
2022-09-28T03:00:00,2359A,117.0311,28.2475,鹰潭市,财苑宾馆,颗粒物(PM10),58,65,65,40,37,222,106,125,105,20,14,13,14,0.6,0.5
2022-09-28T03:00:00,2360A,117.0222,28.2264,鹰潭市,体育馆,细颗粒物(PM2.5),64,61,63,46,39,229,102,109,103,21,14,2,6,0.6,0.4
2022-09-28T03:00:00,2361A,117.0017,28.2131,鹰潭市,三川水表,细颗粒物(PM2.5),67,74,66,48,35,226,111,102,102,9,12,5,8,0.3,0.2
2022-09-28T03:00:00,2362A,114.9017,25.9149,赣州市,通天岩(对照点),,46,44,47,32,32,210,121,150,136,8,7,6,9,0.6,0.6
2022-09-28T03:00:00,2363A,114.9367,25.8664,赣州市,地委,颗粒物(PM10),55,59,64,31,37,188,131,135,131,14,18,8,12,0.7,0.7
2022-09-28T03:00:00,2364A,114.9461,25.8481,赣州市,气象台,细颗粒物(PM2.5),53,50,58,37,37,190,143,137,137,5,11,11,21,0.9,0.9
2022-09-28T03:00:00,2365A,114.9322,25.8333,赣州市,市图书馆,颗粒物(PM10),56,62,59,38,35,204,147,143,143,12,13,9,10,0.9,1
2022-09-28T03:00:00,2366A,114.8905,25.8471,赣州市,华坚鞋城,,49,48,60,34,35,199,156,166,161,11,11,10,13,0.7,0.7
2022-09-28T03:00:00,2367A,114.9754,27.0803,吉安市,红声器材厂,颗粒物(PM10),53,56,65,35,36,211,134,169,151,13,14,12,14,0.5,0.5
2022-09-28T03:00:00,2368A,114.9658,27.0999,吉安市,市森林工业局,颗粒物(PM10),58,65,68,38,38,201,134,159,143,10,10,8,11,0.5,0.6
2022-09-28T03:00:00,2369A,114.99,27.1312,吉安市,市环境监测站,颗粒物(PM10),60,70,73,36,64,202,126,158,140,15,16,6,8,0.7,0.6
2022-09-28T03:00:00,2370A,115.0093,27.0968,吉安市,青原区法院,颗粒物(PM10),54,58,67,32,35,198,137,164,151,12,14,15,17,0.5,0.6
2022-09-28T03:00:00,2371A,114.3408,27.8064,宜春市,槟榔水业(对照点),,,,65,,32,120,,109,,,13,,6,,0.6
2022-09-28T03:00:00,2373A,114.3956,27.7844,宜春市,市石油公司,颗粒物(PM10),78,105,77,49,40,192,39,46,43,28,25,4,7,1.4,1.1
2022-09-28T03:00:00,2374A,114.3703,27.7914,宜春市,市气象局,颗粒物(PM10),62,73,70,40,37,199,65,84,78,35,24,7,9,0.7,0.6
2022-09-28T03:00:00,2375A,114.4013,27.8074,宜春市,市广电局,颗粒物(PM10),61,72,70,42,38,189,92,83,83,19,22,7,9,0.4,0.4
2022-09-28T03:00:00,2376A,116.2127,28.0814,抚州市,桐源党溪(对照点),,45,45,54,22,30,221,116,122,120,12,11,2,5,0.7,0.6
2022-09-28T03:00:00,2377A,116.3544,27.9831,抚州市,市站,颗粒物(PM10),51,52,61,32,32,206,132,128,128,11,11,16,16,0.9,0.8
2022-09-28T03:00:00,2378A,116.3565,27.963,抚州市,血防站,颗粒物(PM10),56,62,62,33,34,216,140,145,139,11,11,2,3,1.0,0.8
2022-09-28T03:00:00,2379A,116.3564,28.0007,抚州市,采茶剧团,颗粒物(PM10),53,56,58,32,33,209,122,132,125,13,12,3,5,0.9,0.8
2022-09-28T03:00:00,2380A,116.385,27.9647,抚州市,医学分院,颗粒物(PM10),53,56,61,29,31,185,118,123,119,16,15,4,5,0.9,0.8
2022-09-28T03:00:00,2381A,118.005,28.4572,上饶市,百草园(对照点),,,46,48,26,25,177,99,107,102,12,8,,,0.4,0.4
2022-09-28T03:00:00,2382A,117.9756,28.4436,上饶市,市监测站,颗粒物(PM10),54,57,56,29,25,196,109,116,112,13,12,11,14,0.4,0.6
2022-09-28T03:00:00,2383A,117.9519,28.4628,上饶市,凤凰光学,颗粒物(PM10),52,53,55,26,26,174,97,103,100,17,16,38,18,0.6,0.6
2022-09-28T03:00:00,2385A,114.17,35.9019,鹤壁市,市监测站,颗粒物(PM10),88,126,98,55,41,189,5,26,12,71,40,12,13,1.1,1.1
2022-09-28T03:00:00,2386A,114.2956,35.7511,鹤壁市,市交警支队,颗粒物(PM10),90,129,101,59,40,182,48,54,49,50,52,13,9,0.9,0.7
2022-09-28T03:00:00,2387A,114.2878,35.7306,鹤壁市,迎宾馆,细颗粒物(PM2.5),83,107,95,61,41,184,46,49,45,45,49,13,8,0.8,0.7
2022-09-28T03:00:00,2389A,113.836,35.311,新乡市,环保西院,细颗粒物(PM2.5),113,128,102,85,54,188,22,37,28,74,49,12,12,0.8,0.7
2022-09-28T03:00:00,2390A,113.884,35.272,新乡市,开发区,颗粒物(PM10),83,116,103,58,45,194,18,49,31,93,40,11,12,0.6,0.5
2022-09-28T03:00:00,2391A,113.883,35.303,新乡市,环保东院,颗粒物(PM10),95,139,96,62,42,194,37,58,48,65,40,13,13,0.9,0.7
2022-09-28T03:00:00,2392A,115.0312,35.7636,濮阳市,环保局,"颗粒物(PM10),细颗粒物(PM2.5)",59,68,74,42,43,188,92,94,94,19,28,10,14,0.5,0.6
2022-09-28T03:00:00,2394A,115.0574,35.7609,濮阳市,油田运输公司,颗粒物(PM10),67,84,90,44,44,186,91,97,94,15,31,6,11,0.6,0.7
2022-09-28T03:00:00,2395A,115.0866,35.7754,濮阳市,油田物探公司,颗粒物(PM10),70,89,83,50,48,182,75,84,79,19,25,11,16,0.5,0.6
2022-09-28T03:00:00,2396A,113.8276,34.0159,许昌市,监测站,细颗粒物(PM2.5),100,92,103,75,56,146,38,66,55,39,36,25,17,0.9,0.7
2022-09-28T03:00:00,2398A,113.7906,33.9953,许昌市,开发区,细颗粒物(PM2.5),119,124,108,90,64,132,4,24,16,62,50,13,14,0.9,0.9
2022-09-28T03:00:00,2399A,114.051,33.5699,漯河市,三五一五工厂,细颗粒物(PM2.5),134,127,130,102,76,136,50,62,58,31,38,7,16,0.9,0.9
2022-09-28T03:00:00,2400A,114.0055,33.5698,漯河市,漯河大学,细颗粒物(PM2.5),128,134,128,97,70,148,45,42,42,42,42,8,14,0.7,0.6
2022-09-28T03:00:00,2401A,114.0138,33.5828,漯河市,市水利局,颗粒物(PM10),82,114,119,54,54,143,55,53,49,32,38,11,18,1.0,0.9
2022-09-28T03:00:00,2402A,114.0261,33.5698,漯河市,市广电局,细颗粒物(PM2.5),127,117,120,96,72,143,58,65,63,31,34,7,13,0.9,0.8
2022-09-28T03:00:00,2403A,112.5192,32.9917,南阳市,环保局,颗粒物(PM10),54,58,67,27,29,116,9,11,10,38,30,7,10,0.6,0.6
2022-09-28T03:00:00,2404A,112.5339,33.0086,南阳市,瓦房庄,颗粒物(PM10),57,64,73,37,34,118,6,12,10,44,30,6,8,0.7,0.7
2022-09-28T03:00:00,2405A,112.5003,32.9735,南阳市,汉画馆,颗粒物(PM10),52,54,67,27,31,113,5,6,6,38,33,5,8,0.7,0.7
2022-09-28T03:00:00,2406A,112.5779,33.0144,南阳市,气象站,颗粒物(PM10),55,60,74,31,32,120,7,16,9,53,37,6,10,0.8,0.7
2022-09-28T03:00:00,2407A,112.548,32.9692,南阳市,理工学院,颗粒物(PM10),51,52,66,24,32,116,0,2,1,41,32,4,8,0.7,0.6
2022-09-28T03:00:00,2408A,115.6702,34.4285,商丘市,环境监测站,颗粒物(PM10),69,88,60,33,26,128,3,13,6,71,39,11,10,0.7,0.7
2022-09-28T03:00:00,2409A,115.6458,34.4045,商丘市,粮食局,颗粒物(PM10),79,107,66,39,26,131,4,18,13,87,31,18,10,0.6,0.6
2022-09-28T03:00:00,2410A,115.6293,34.3948,商丘市,睢阳区环保局,颗粒物(PM10),88,125,66,31,21,131,3,4,4,77,37,14,16,0.8,0.8
2022-09-28T03:00:00,2420A,114.0189,32.9656,驻马店市,市一纸厂,颗粒物(PM10),86,122,127,54,64,141,86,85,85,19,28,5,14,0.5,0.6
2022-09-28T03:00:00,2421A,114.0114,33.015,驻马店市,市彩印厂,,,104,108,75,67,141,70,97,82,25,25,4,6,,0.5
2022-09-28T03:00:00,2422A,113.9976,32.9771,驻马店市,天方二分厂,细颗粒物(PM2.5),92,113,128,68,69,144,84,86,84,22,26,6,12,0.5,0.5
2022-09-28T03:00:00,2423A,115.0601,30.2313,黄石市,沈家营,,47,47,70,30,35,224,91,102,96,16,24,10,8,0.7,0.6
2022-09-28T03:00:00,2424A,115.0817,30.2006,黄石市,陈家湾,,50,50,66,32,39,224,85,98,90,18,26,8,8,0.8,0.6
2022-09-28T03:00:00,2426A,114.8988,30.2019,黄石市,铁山,颗粒物(PM10),79,108,89,27,35,230,74,100,87,32,26,12,20,0.6,0.6
2022-09-28T03:00:00,2427A,115.0307,30.2092,黄石市,团城山,颗粒物(PM10),58,66,78,24,33,243,86,92,88,22,30,10,9,0.6,0.5
2022-09-28T03:00:00,2428A,111.0419,32.395,十堰市,武当山(对照点),,25,4,25,3,15,150,77,103,86,20,23,5,6,0.7,0.8
2022-09-28T03:00:00,2429A,110.78,32.6494,十堰市,滨河新村,,28,28,46,16,25,90,41,36,36,12,29,10,9,0.2,0.4
2022-09-28T03:00:00,2430A,110.7258,32.6389,十堰市,刘家沟,,30,30,44,6,23,87,27,36,33,12,17,8,9,0.8,0.8
2022-09-28T03:00:00,2431A,110.8839,32.5714,十堰市,铁二处,,30,30,39,6,19,100,31,34,33,5,16,5,6,0.4,0.5
2022-09-28T03:00:00,2432A,112.155,32.0197,襄阳市,襄城运动路,,32,32,89,21,39,127,55,65,62,24,37,20,12,0.5,0.8
2022-09-28T03:00:00,2433A,112.1392,32.0564,襄阳市,樊城新华路,,39,27,88,27,43,128,72,72,72,15,30,17,13,0.6,0.8
2022-09-28T03:00:00,2434A,112.1825,32.1142,襄阳市,高新管委会,,31,31,102,19,43,132,67,72,71,20,40,7,11,0.6,0.8
2022-09-28T03:00:00,2435A,112.2106,32.0903,襄阳市,襄州航空路,,26,26,96,16,40,136,72,74,73,12,38,10,12,0.8,0.9
2022-09-28T03:00:00,2436A,114.8938,30.3994,鄂州市,市政府,,42,42,79,20,34,190,92,92,91,14,34,9,13,0.5,0.6
2022-09-28T03:00:00,2437A,114.8989,30.3714,鄂州市,赵家坝,,40,40,66,21,32,198,100,99,99,12,24,9,10,0.7,0.7
2022-09-28T03:00:00,2438A,114.8131,30.4133,鄂州市,凡口开发区,,,,,,,,,,,,,,,,
2022-09-28T03:00:00,2439A,112.2014,31.0481,荆门市,竹园小学,,47,47,75,31,36,146,88,94,91,19,24,12,10,0.6,0.7
2022-09-28T03:00:00,2440A,112.1969,30.9891,荆门市,掇刀,,32,32,61,22,28,149,82,84,81,23,19,6,8,0.6,0.7
2022-09-28T03:00:00,2441A,112.2213,31.0386,荆门市,石化一小,细颗粒物(PM2.5),57,62,75,40,39,149,84,94,91,20,20,11,9,0.4,0.5
2022-09-28T03:00:00,2443A,113.9153,30.9285,孝感市,文化路,颗粒物(PM10),65,79,66,40,37,190,100,104,102,15,19,7,7,0.8,0.8
2022-09-28T03:00:00,2444A,113.942,30.9075,孝感市,东城区,颗粒物(PM10),68,86,76,30,32,195,97,101,100,15,17,9,8,0.8,0.8
2022-09-28T03:00:00,2446A,114.9028,30.4742,黄冈市,职工中心,颗粒物(PM10),54,57,71,21,29,212,104,110,106,15,20,6,8,0.6,0.7
2022-09-28T03:00:00,2447A,114.3175,29.8142,咸宁市,森林公园(对照点),,45,45,54,30,30,235,107,116,109,14,9,10,10,0.9,0.9
2022-09-28T03:00:00,2448A,114.3107,29.8454,咸宁市,市发改委,颗粒物(PM10),58,66,68,21,31,233,88,123,106,17,15,11,11,0.9,0.8
2022-09-28T03:00:00,2449A,114.2936,29.8566,咸宁市,咸安区政府,,46,46,50,29,28,252,81,107,95,26,20,12,13,0.8,0.8
2022-09-28T03:00:00,2450A,114.3375,29.8683,咸宁市,长江产业园,,,,,,,,,,,,,,,,
2022-09-28T03:00:00,2451A,113.3583,31.7275,随州市,市委党校,,42,42,76,22,36,170,62,74,68,8,20,7,7,0.6,0.7
2022-09-28T03:00:00,2452A,113.3833,31.6908,随州市,市林业局,,41,41,62,17,33,170,66,77,70,18,25,9,8,0.7,0.9
2022-09-28T03:00:00,2453A,113.3983,31.7308,随州市,市立交桥水厂,,47,47,61,24,37,161,57,80,67,19,20,7,7,0.8,0.9
2022-09-28T03:00:00,2454A,109.4978,30.2981,恩施土家族苗族自治州,湖北民院,,,,32,,20,40,,36,,,8,,7,,0.6
2022-09-28T03:00:00,2455A,109.4707,30.2798,恩施土家族苗族自治州,州电力总公司,,25,21,22,17,12,92,33,39,37,8,11,8,5,0.7,0.7
2022-09-28T03:00:00,2456A,112.5003,26.9167,衡阳市,原169医院(对照点),颗粒物(PM10),64,77,68,44,37,206,132,154,145,14,15,12,12,0.8,0.8
2022-09-28T03:00:00,2457A,112.6194,26.9258,衡阳市,衡阳化工总厂,细颗粒物(PM2.5),64,72,79,46,45,230,154,168,163,10,14,6,13,0.9,1
2022-09-28T03:00:00,2458A,112.6211,26.8956,衡阳市,珠晖区环保局,,,65,66,,,213,141,154,148,18,23,11,16,0.8,0.8
2022-09-28T03:00:00,2459A,112.6197,26.8733,衡阳市,市委党校,颗粒物(PM10),62,73,66,39,41,215,149,175,163,14,15,9,12,0.7,0.8
2022-09-28T03:00:00,2460A,112.6006,26.8919,衡阳市,市监测站,"颗粒物(PM10),细颗粒物(PM2.5)",63,75,76,45,43,218,154,174,165,14,18,6,11,0.8,0.9
2022-09-28T03:00:00,2461A,112.5664,26.9056,衡阳市,真空机电公司,,,71,70,,,219,158,180,168,12,16,8,10,0.8,0.8
2022-09-28T03:00:00,2462A,111.5239,27.3033,邵阳市,市水土所(对照点),细颗粒物(PM2.5),68,62,52,49,46,185,139,151,145,9,9,13,15,0.6,0.6
2022-09-28T03:00:00,2463A,111.4733,27.2317,邵阳市,市一中,细颗粒物(PM2.5),59,57,59,42,35,191,154,167,160,9,13,12,16,0.6,0.6
2022-09-28T03:00:00,2464A,111.5283,27.2442,邵阳市,市化工厂,颗粒物(PM10),57,63,62,37,38,186,147,159,153,8,14,12,17,0.8,0.7
2022-09-28T03:00:00,2465A,111.4503,27.2537,邵阳市,市罐头厂,细颗粒物(PM2.5),58,53,55,41,36,170,147,155,150,9,12,12,17,0.4,0.4
2022-09-28T03:00:00,2466A,111.4328,27.2272,邵阳市,市环保局,颗粒物(PM10),55,59,61,38,36,181,157,169,162,8,13,8,11,0.6,0.6
2022-09-28T03:00:00,2467A,112.4067,28.6428,益阳市,甘溪港(对照点),颗粒物(PM10),65,79,87,45,48,208,97,100,99,12,12,6,7,0.6,0.7
2022-09-28T03:00:00,2468A,112.3458,28.5808,益阳市,市环保局,"颗粒物(PM10),细颗粒物(PM2.5)",103,156,84,77,55,214,101,98,98,14,18,5,7,0.8,0.8
2022-09-28T03:00:00,2469A,112.3437,28.5531,益阳市,市特殊教育学校,细颗粒物(PM2.5),89,109,95,66,59,217,104,100,100,16,21,3,5,0.7,0.7
2022-09-28T03:00:00,2470A,112.3347,28.6047,益阳市,资阳区政务中心,细颗粒物(PM2.5),97,82,76,72,57,212,97,93,93,15,21,4,6,0.7,0.7
2022-09-28T03:00:00,2471A,112.3744,28.5819,益阳市,赫山环保分局,细颗粒物(PM2.5),97,93,79,72,53,208,96,94,94,17,22,4,6,0.6,0.6
2022-09-28T03:00:00,2472A,113.0073,25.9061,郴州市,马头岭(对照点),臭氧1小时,78,80,69,47,38,249,182,207,193,16,36,16,13,0.8,0.8
2022-09-28T03:00:00,2473A,113.0116,25.8226,郴州市,市职中,颗粒物(PM10),69,88,75,47,45,215,124,126,126,29,29,14,13,0.7,0.7
2022-09-28T03:00:00,2474A,113.0161,25.8001,郴州市,兴隆步行街,细颗粒物(PM2.5),79,82,75,58,47,210,141,149,146,23,25,16,14,0.8,0.7
2022-09-28T03:00:00,2475A,113.0383,25.8071,郴州市,市审计局,细颗粒物(PM2.5),79,95,78,58,47,206,160,155,155,16,22,12,12,0.8,0.7
2022-09-28T03:00:00,2476A,113.0348,25.7759,郴州市,市环保局,细颗粒物(PM2.5),84,85,82,62,47,202,147,150,149,19,34,10,11,0.8,0.8
2022-09-28T03:00:00,2477A,111.6217,26.2081,永州市,零陵南津渡(对照点),,,79,68,51,38,210,171,169,169,,15,14,12,0.6,0.6
2022-09-28T03:00:00,2478A,111.6156,26.4214,永州市,市环境监测站,颗粒物(PM10),69,87,64,43,32,201,163,180,171,18,19,20,12,1.0,0.9
2022-09-28T03:00:00,2479A,111.6236,26.2331,永州市,零陵区环保局,颗粒物(PM10),73,96,69,52,41,198,158,155,155,17,18,16,15,0.7,0.7
2022-09-28T03:00:00,2480A,111.5992,26.4364,永州市,永州市环保局,细颗粒物(PM2.5),82,81,61,60,49,198,173,170,170,10,9,7,9,0.7,0.6
2022-09-28T03:00:00,2481A,111.5989,26.4519,永州市,冷水滩区环保局,颗粒物(PM10),73,95,64,45,37,198,167,178,174,8,11,9,10,0.8,0.7
2022-09-28T03:00:00,2482A,109.5981,27.5721,怀化市,林科所(对照点),,45,29,35,21,18,189,142,154,149,13,10,16,17,0.6,0.7
2022-09-28T03:00:00,2483A,109.9453,27.5444,怀化市,河西地税局,颗粒物(PM10),55,59,44,35,26,154,139,151,146,9,10,10,8,0.6,0.5
2022-09-28T03:00:00,2484A,109.9781,27.5342,怀化市,市四医院,颗粒物(PM10),54,58,45,35,28,155,138,144,142,9,11,7,15,0.5,0.4
2022-09-28T03:00:00,2485A,109.9972,27.5578,怀化市,监测楼,颗粒物(PM10),56,62,52,25,25,156,137,138,138,8,11,9,14,0.6,0.6
2022-09-28T03:00:00,2486A,110.0394,27.583,怀化市,市委党校,,49,49,53,28,33,154,130,138,135,10,12,9,15,0.6,0.5
2022-09-28T03:00:00,2487A,111.9589,27.8901,娄底市,电视发射台(对照点),细颗粒物(PM2.5),74,85,59,54,34,201,146,157,151,8,6,5,5,0.8,0.6
2022-09-28T03:00:00,2488A,111.9975,27.725,娄底市,市监测站,细颗粒物(PM2.5),72,87,65,52,38,186,123,138,130,12,11,9,9,0.5,0.6
2022-09-28T03:00:00,2489A,112.0194,27.7314,娄底市,市委党校,细颗粒物(PM2.5),74,83,62,54,37,194,134,147,140,10,10,5,5,0.8,0.7
2022-09-28T03:00:00,2490A,111.9561,27.7569,娄底市,涟钢,"颗粒物(PM10),细颗粒物(PM2.5)",69,88,68,50,34,181,134,136,136,15,18,6,7,0.7,0.9
2022-09-28T03:00:00,2491A,111.9892,27.7044,娄底市,市政府,细颗粒物(PM2.5),72,90,62,52,37,188,129,144,136,9,8,8,7,0.8,0.7
2022-09-28T03:00:00,2492A,109.6414,28.2558,湘西州,跃进水库(对照点),,,,28,,19,87,,60,,,11,,8,,0.5
2022-09-28T03:00:00,2493A,109.7325,28.3169,湘西州,州政府,,39,39,35,22,22,154,52,92,74,17,11,7,6,0.7,0.5
2022-09-28T03:00:00,2494A,109.6958,28.2675,湘西州,吉首市计生局,,34,34,33,22,21,152,80,97,89,6,10,8,9,0.5,0.6
2022-09-28T03:00:00,2495A,111.3014,23.4832,梧州市,市逸夫小学,颗粒物(PM10),77,104,77,46,45,170,5,47,25,39,10,11,14,0.9,0.9
2022-09-28T03:00:00,2496A,111.3239,23.4794,梧州市,市十一中,颗粒物(PM10),118,185,97,54,47,167,28,19,18,62,36,10,12,1.1,1.2
2022-09-28T03:00:00,2497A,111.247,23.4189,梧州市,龙圩,颗粒物(PM10),74,97,92,50,51,166,61,42,42,32,32,11,9,1.0,1.1
2022-09-28T03:00:00,2498A,111.2711,23.4835,梧州市,龙新,颗粒物(PM10),77,104,86,40,41,170,27,46,34,34,17,10,6,0.9,0.9
2022-09-28T03:00:00,2499A,108.3411,21.6158,防城港市,沙万,细颗粒物(PM2.5),60,66,75,43,46,167,113,88,88,16,18,15,13,1.0,1
2022-09-28T03:00:00,2500A,108.3514,21.7731,防城港市,防城档案局,颗粒物(PM10),69,88,94,45,54,150,103,104,104,17,18,11,11,0.7,0.8
2022-09-28T03:00:00,2501A,108.3506,21.6414,防城港市,大海花园,颗粒物(PM10),59,68,71,39,39,172,122,117,117,12,14,13,12,0.8,0.8
2022-09-28T03:00:00,2502A,108.6236,21.9667,钦州市,市环保站,细颗粒物(PM2.5),77,85,84,56,50,195,99,103,102,17,16,12,12,0.9,0.9
2022-09-28T03:00:00,2503A,108.6549,21.9481,钦州市,沙埠小学,细颗粒物(PM2.5),79,83,85,58,58,182,71,89,79,18,22,7,10,0.9,1
2022-09-28T03:00:00,2504A,108.5989,21.7431,钦州市,港区一小,细颗粒物(PM2.5),70,88,105,51,56,186,82,96,88,31,32,13,12,0.9,0.9
2022-09-28T03:00:00,2505A,109.568,23.1478,贵港市,德智高中(对照点),,,,,,,,,,,,,,,,
2022-09-28T03:00:00,2506A,109.6047,23.0666,贵港市,江南子站,颗粒物(PM10),61,72,102,43,52,181,114,111,111,18,31,7,12,0.9,1.1
2022-09-28T03:00:00,2507A,109.6014,23.0948,贵港市,贵城子站,细颗粒物(PM2.5),63,65,82,45,54,184,104,109,107,18,23,8,11,0.8,0.9
2022-09-28T03:00:00,2508A,109.5669,23.1065,贵港市,荷城子站,颗粒物(PM10),52,53,76,29,40,183,120,123,121,10,20,7,9,0.7,0.8
2022-09-28T03:00:00,2509A,110.1106,22.7019,玉林市,寒山水库(对照点),颗粒物(PM10),60,69,71,38,43,163,78,116,98,27,16,10,9,1.0,1
2022-09-28T03:00:00,2510A,110.1675,22.6411,玉林市,市监测站,颗粒物(PM10),65,79,81,35,47,164,82,84,83,29,30,12,8,0.9,0.9
2022-09-28T03:00:00,2511A,110.1433,22.6164,玉林市,南江一中,颗粒物(PM10),65,79,91,42,50,172,82,93,85,32,31,16,9,0.8,0.9
2022-09-28T03:00:00,2512A,106.6103,23.9011,百色市,市监测站,颗粒物(PM10),51,52,56,35,35,160,51,68,61,15,15,6,7,0.8,0.9
2022-09-28T03:00:00,2513A,106.6538,23.8859,百色市,市中心血站,细颗粒物(PM2.5),67,64,65,48,41,176,53,57,52,34,25,9,9,0.8,0.8
2022-09-28T03:00:00,2514A,111.5264,24.4172,贺州市,环保小区,细颗粒物(PM2.5),70,83,90,51,46,204,54,60,58,27,27,10,10,1.0,1
2022-09-28T03:00:00,2515A,111.5608,24.4078,贺州市,政协大楼,颗粒物(PM10),58,65,72,38,48,204,29,76,52,46,24,9,12,0.9,0.9
2022-09-28T03:00:00,2516A,108.2011,24.715,河池市,东仁乐园(对照点),,,,,,,,,,,,,,,,
2022-09-28T03:00:00,2517A,108.0497,24.6947,河池市,市环保站,细颗粒物(PM2.5),55,58,59,39,38,157,26,36,30,37,25,10,10,0.8,0.7
2022-09-28T03:00:00,2518A,108.0983,24.6989,河池市,市疾控中心,颗粒物(PM10),97,143,115,50,49,159,14,10,10,40,35,8,9,0.9,0.8
2022-09-28T03:00:00,2519A,109.2328,23.7361,来宾市,来宾二中,,,,,,,,,,,,,,,,
2022-09-28T03:00:00,2520A,109.2203,23.7256,来宾市,来宾技工学校,"颗粒物(PM10),细颗粒物(PM2.5)",65,80,89,47,49,188,82,51,51,16,20,12,11,0.9,0.9
2022-09-28T03:00:00,2521A,107.3476,22.4136,崇左市,市环保局江州分局,颗粒物(PM10),66,81,75,43,43,146,25,34,31,25,16,5,5,0.6,0.5
2022-09-28T03:00:00,2522A,107.3702,22.3707,崇左市,城南新区,颗粒物(PM10),68,85,82,46,50,182,36,33,32,30,25,4,4,0.5,0.6
2022-09-28T03:00:00,2523A,105.8945,32.4535,广元市,黑石坡(对照点),,16,14,19,5,7,90,50,57,53,7,6,7,5,0.2,0.2
2022-09-28T03:00:00,2524A,105.821,32.4444,广元市,老城,,19,19,11,8,7,82,8,14,12,35,25,10,9,0.6,0.6
2022-09-28T03:00:00,2525A,105.8153,32.4246,广元市,南坝,,,,,,,,,,,,,,,,
2022-09-28T03:00:00,2526A,105.8628,32.4287,广元市,监测站,,20,20,16,8,7,86,12,16,14,16,14,10,9,0.8,0.7
2022-09-28T03:00:00,2527A,105.5453,30.5678,遂宁市,石溪浩(对照点),,35,35,20,6,8,72,24,49,35,10,5,10,10,0.4,0.4
2022-09-28T03:00:00,2528A,105.5582,30.5232,遂宁市,市监测站,,13,12,18,5,7,71,40,56,48,5,4,7,8,0.5,0.5
2022-09-28T03:00:00,2529A,105.5861,30.5366,遂宁市,行政中心,,12,7,10,2,5,72,38,60,50,6,4,15,17,0.6,0.6
2022-09-28T03:00:00,2530A,105.5918,30.4728,遂宁市,美宁食品公司,,13,6,11,9,6,73,32,54,43,14,7,12,12,0.4,0.4
2022-09-28T03:00:00,2531A,105.0703,29.61,内江市,市监测站,,11,5,11,4,7,71,35,57,47,8,6,3,2,0.3,0.3
2022-09-28T03:00:00,2532A,105.0717,29.5947,内江市,东兴区政府,,,15,16,,,63,45,54,51,6,7,4,4,0.6,0.6
2022-09-28T03:00:00,2533A,105.0653,29.5817,内江市,内江二中,,13,12,13,4,8,72,40,52,46,9,8,2,2,0.4,0.4
2022-09-28T03:00:00,2534A,105.0406,29.5822,内江市,内江日报社,,13,9,16,6,12,69,39,58,48,22,12,4,4,0.2,0.2
2022-09-28T03:00:00,2535A,103.7723,29.5462,乐山市,花湖湾(对照点),,18,18,14,8,12,62,2,4,4,28,17,4,4,0.7,0.6
2022-09-28T03:00:00,2536A,103.7627,29.5844,乐山市,牛耳桥,,20,20,18,13,14,66,2,1,1,32,26,4,4,0.4,0.5
2022-09-28T03:00:00,2537A,103.7508,29.6006,乐山市,市第三水厂,,25,25,24,13,13,74,9,6,6,29,27,5,6,0.6,0.6
2022-09-28T03:00:00,2538A,103.7571,29.5664,乐山市,市监测站,,27,27,19,12,10,69,2,8,5,25,17,5,5,0.7,0.5
2022-09-28T03:00:00,2539A,104.0308,30.0478,眉山市,黑龙滩水库(对照点),,26,25,21,18,18,88,13,20,14,16,13,2,2,0.4,0.3
2022-09-28T03:00:00,2540A,103.8416,30.0874,眉山市,气象局,,10,7,23,3,11,83,31,22,22,20,28,6,7,0.3,0.4
2022-09-28T03:00:00,2543A,106.6308,30.5278,广安市,小平旧居(对照点),,,,,,,,,,,,,,,,
2022-09-28T03:00:00,2544A,106.6303,30.4576,广安市,市委,,16,4,7,4,7,59,50,53,51,5,9,5,6,0.3,0.4
2022-09-28T03:00:00,2545A,106.6271,30.4663,广安市,友谊中学,,18,18,20,3,9,62,50,55,53,7,10,7,8,0.2,0.3
2022-09-28T03:00:00,2547A,106.6388,30.4551,广安市,广电花园,,18,18,22,9,13,60,50,55,52,6,10,9,7,0.4,0.5
2022-09-28T03:00:00,2548A,107.5277,31.2827,达州市,达州职业技术学院(对照点),,16,16,19,5,11,61,5,5,5,30,27,7,9,0.6,0.7
2022-09-28T03:00:00,2549A,107.5086,31.2186,达州市,市环境监测站,,14,9,21,0,6,34,7,9,8,27,28,5,5,0.5,0.6
2022-09-28T03:00:00,2550A,107.4988,31.2132,达州市,凤凰小区,,14,14,16,2,9,65,22,24,23,23,20,4,4,0.4,0.4
2022-09-28T03:00:00,2551A,107.5082,31.1986,达州市,达县机关宾馆,,16,12,15,1,11,53,19,12,12,31,31,6,6,0.6,0.6
2022-09-28T03:00:00,2552A,107.4644,31.2124,达州市,市政中心,,16,1,13,2,8,50,50,33,33,31,23,6,6,0.4,0.5
2022-09-28T03:00:00,2554A,103.0475,30.02,雅安市,建安厂,,8,7,11,4,7,69,23,18,18,12,24,10,10,0.4,0.5
2022-09-28T03:00:00,2555A,103.0111,29.9833,雅安市,市政府,,10,8,11,3,6,67,31,29,29,5,18,7,7,0.4,0.5
2022-09-28T03:00:00,2556A,102.9905,29.9775,雅安市,川农大,,10,10,10,4,5,65,22,21,21,8,12,10,10,0.2,0.2
2022-09-28T03:00:00,2561A,104.6617,30.1372,资阳市,莲花山(对照点),,10,10,21,7,10,81,26,51,37,16,7,5,5,0.3,0.3
2022-09-28T03:00:00,2562A,104.6356,30.1506,资阳市,资阳中学,,15,12,22,10,6,78,7,20,13,23,10,6,6,0.3,0.4
2022-09-28T03:00:00,2563A,104.6295,30.1383,资阳市,四三一厂,,22,22,19,12,9,78,16,14,14,25,20,8,7,0.3,0.3
2022-09-28T03:00:00,2564A,104.6463,30.1146,资阳市,师范校,,18,17,16,12,13,74,18,35,28,25,12,5,5,0.3,0.4
2022-09-28T03:00:00,2565A,104.6296,30.1256,资阳市,区法院,,25,25,17,7,8,85,24,28,25,24,15,4,3,0.4,0.4
2022-09-28T03:00:00,2566A,102.1879,31.914,阿坝藏族羌族自治州,州农科所(对照点),,,,,,,,,,,,,,,,
2022-09-28T03:00:00,2567A,102.224,31.9037,阿坝藏族羌族自治州,州监测站,,,,,,,,,,,,,,,,
2022-09-28T03:00:00,2568A,102.2502,31.8896,阿坝藏族羌族自治州,马师校,,11,11,12,6,8,67,7,8,7,7,8,3,3,0.5,0.5
2022-09-28T03:00:00,2570A,101.9603,30.0475,甘孜藏族自治州,水桥子,,24,10,5,4,5,68,6,15,12,48,19,5,7,0.4,0.5
2022-09-28T03:00:00,2571A,102.3431,27.8099,凉山彝族自治州,青龙寺(对照点),,19,7,24,8,24,60,60,57,57,12,21,4,7,0.3,0.6
2022-09-28T03:00:00,2572A,102.2721,27.8415,凉山彝族自治州,邛海宾馆,,,,,,,,,,,,,,,,
2022-09-28T03:00:00,2573A,102.2625,27.898,凉山彝族自治州,西昌市政府,,15,7,18,8,29,47,47,41,41,5,16,6,11,0.5,0.7
2022-09-28T03:00:00,2574A,102.2685,27.8851,凉山彝族自治州,凉山州政府,,15,8,16,4,10,48,48,44,44,6,16,6,12,0.7,0.8
2022-09-28T03:00:00,2575A,102.237,27.8914,凉山彝族自治州,长安,,21,13,23,4,8,67,67,67,67,5,18,7,12,0.8,0.9
2022-09-28T03:00:00,2576A,104.8,26.5892,六盘水市,窑上(对照点),,,,,,,,,,,,,,,,
2022-09-28T03:00:00,2577A,104.83,26.5917,六盘水市,黄土坡,,23,3,14,7,20,89,71,72,71,5,12,5,6,0.5,0.7
2022-09-28T03:00:00,2578A,104.89,26.5939,六盘水市,水钢,,14,14,32,6,22,86,44,60,55,27,11,1,2,0.9,1
2022-09-28T03:00:00,2579A,104.8475,26.5894,六盘水市,民中,,20,17,28,5,16,86,62,66,64,6,10,5,6,0.3,0.5
2022-09-28T03:00:00,2580A,104.9544,26.5506,六盘水市,双水,,17,7,21,3,17,89,54,53,53,12,9,4,4,0.4,0.6
2022-09-28T03:00:00,2585A,109.1839,27.7344,铜仁地区,铜仁卫校,,27,24,20,7,9,148,85,90,86,9,15,3,3,0.6,0.7
2022-09-28T03:00:00,2586A,109.1753,27.6944,铜仁地区,铜仁七中,,33,29,20,23,14,160,60,80,68,10,13,4,4,0.8,0.8
2022-09-28T03:00:00,2587A,105.2864,27.3125,毕节市,八中,,25,12,11,6,8,84,79,77,77,5,6,5,6,0.4,0.5
2022-09-28T03:00:00,2588A,105.31,27.2944,毕节市,师专,,26,7,7,4,5,82,82,73,73,4,5,6,5,0.6,0.7
2022-09-28T03:00:00,2589A,104.9022,25.0925,黔西南布依族苗族自治州,场坝街,,38,36,27,26,19,107,51,45,45,13,12,11,4,0.5,0.6
2022-09-28T03:00:00,2590A,104.8811,25.0992,黔西南布依族苗族自治州,坪东大道,,48,39,31,33,24,104,54,39,39,10,18,9,4,0.4,0.4
2022-09-28T03:00:00,2591A,107.9783,26.5747,黔东南苗族侗族自治州,市环境监测站,,39,35,45,27,32,144,60,60,60,9,18,2,3,0.6,0.7
2022-09-28T03:00:00,2593A,107.5228,26.2403,黔南布依族苗族自治州,小围寨,,17,14,32,9,23,131,53,58,55,5,6,5,5,0.7,0.7
2022-09-28T03:00:00,2594A,99.1678,25.1081,保山市,市环境监测站,,17,17,15,3,8,90,25,37,31,7,6,5,5,0.5,0.5
2022-09-28T03:00:00,2595A,99.1711,25.1328,保山市,市环保局,,18,18,17,11,11,86,28,35,31,6,7,5,5,0.5,0.5
2022-09-28T03:00:00,2596A,103.7667,27.3736,昭通市,监测站,,29,19,20,20,14,79,63,61,61,5,10,2,4,0.4,0.5
2022-09-28T03:00:00,2597A,103.7225,27.3361,昭通市,环保局,,20,13,15,14,13,65,61,58,58,6,11,4,5,0.3,0.5
2022-09-28T03:00:00,2598A,100.2143,26.8576,丽江市,西南郊(对照点),,,,,,,,,,,,,,,,
2022-09-28T03:00:00,2599A,100.2497,26.8802,丽江市,丽江古城,,28,25,25,19,20,84,46,45,45,8,10,6,6,0.6,0.6
2022-09-28T03:00:00,2600A,100.2203,26.8906,丽江市,市中心,,14,14,14,2,6,77,34,41,39,12,8,6,7,0.7,0.7
2022-09-28T03:00:00,2601A,100.98,22.7633,普洱市,市环保局,,18,17,18,12,9,95,32,37,34,10,13,8,9,0.6,0.6
2022-09-28T03:00:00,2602A,100.9817,22.8322,普洱市,普洱第二中学,,15,12,14,10,9,114,13,38,25,21,12,9,9,0.6,0.6
2022-09-28T03:00:00,2603A,100.0781,23.8982,临沧市,市环保局,,26,26,19,12,13,99,20,21,20,9,10,9,9,0.7,0.7
2022-09-28T03:00:00,2604A,100.0894,23.8822,临沧市,市气象局,,35,25,26,24,21,95,20,26,23,11,12,8,8,0.6,0.6
2022-09-28T03:00:00,2605A,101.5482,25.0441,楚雄州,州环境监测站,,45,30,21,31,15,80,4,4,4,39,18,24,8,0.6,0.5
2022-09-28T03:00:00,2606A,101.538,25.0492,楚雄州,市经济开发区,,28,24,20,19,12,78,17,10,10,25,14,36,11,0.5,0.5
2022-09-28T03:00:00,2608A,103.3772,23.3993,红河州,污水处理厂,,42,42,34,27,22,138,72,78,76,6,9,10,16,0.5,0.5
2022-09-28T03:00:00,2609A,103.3861,23.35,红河州,监测站,,36,33,37,25,23,128,51,74,63,9,9,7,7,0.5,0.5
2022-09-28T03:00:00,2610A,104.2533,23.3594,文山州,州水务局,颗粒物(PM10),52,53,51,25,27,115,28,43,34,19,14,6,6,0.4,0.4
2022-09-28T03:00:00,2611A,104.2319,23.3892,文山州,市便民服务中心,,47,47,40,32,31,112,25,51,37,18,13,6,6,0.5,0.4
2022-09-28T03:00:00,2612A,100.7939,22.0019,西双版纳州,景洪市江南,,36,33,32,25,22,105,22,25,24,16,16,9,8,0.6,0.6
2022-09-28T03:00:00,2613A,100.8017,22.0225,西双版纳州,景洪市江北,,12,6,9,8,8,113,28,36,32,7,10,7,8,0.5,0.5
2022-09-28T03:00:00,2614A,100.1542,25.7054,大理州,大理市环境监测站,,20,20,22,6,6,72,59,60,60,4,7,6,5,0.6,0.6
2022-09-28T03:00:00,2615A,100.2171,25.5811,大理州,大理古城,,12,10,16,5,5,82,38,36,36,5,8,8,8,0.3,0.4
2022-09-28T03:00:00,2616A,98.5842,24.428,德宏州,德宏州监测站,,,23,27,9,8,92,,42,42,5,7,7,9,0.8,0.7
2022-09-28T03:00:00,2618A,98.8601,25.8567,怒江州,州监测站,,28,28,29,18,19,88,24,23,23,12,12,12,10,0.7,0.7
2022-09-28T03:00:00,2619A,98.8546,25.8417,怒江州,泸水一中,,25,25,25,14,14,79,16,12,12,13,17,6,7,0.6,0.6
2022-09-28T03:00:00,2621A,99.7056,27.8317,迪庆州,迪庆州站,,19,18,14,13,10,70,40,51,45,9,9,8,8,0.4,0.6
2022-09-28T03:00:00,2622A,97.1806,31.1273,昌都市,昌都监测站,,29,0,6,0,4,92,92,70,70,2,6,4,4,0.5,0.6
2022-09-28T03:00:00,2624A,91.7608,29.2313,山南市,山南监测站,,33,0,8,0,3,105,105,102,102,2,8,6,7,0.3,0.3
2022-09-28T03:00:00,2625A,91.7706,29.2436,山南市,山南人民医院,,,,4,,3,52,,62,,,6,,8,,0.3
2022-09-28T03:00:00,2626A,88.8876,29.2718,日喀则市,日喀则监测站,,33,4,5,1,2,104,104,94,94,4,5,6,6,0.5,0.5
2022-09-28T03:00:00,2628A,92.0657,31.4846,那曲地区,那曲监测站,,18,4,9,3,7,106,57,81,68,5,5,8,8,1.0,0.9
2022-09-28T03:00:00,2630A,80.1161,32.5,阿里地区,阿里监测站,,26,20,4,18,4,136,78,90,83,9,6,9,10,0.1,0.1
2022-09-28T03:00:00,2632A,94.3681,29.6376,林芝市,林芝监测站,,13,1,3,3,4,68,40,46,42,3,5,10,10,0.3,0.4
2022-09-28T03:00:00,2633A,94.3616,29.6616,林芝市,林芝人民医院,,13,3,5,0,1,70,40,46,43,5,6,8,9,0.2,0.3
2022-09-28T03:00:00,2634A,106.9893,33.1842,汉中市,汉川机床厂子校(对照点),,12,12,11,6,7,84,26,42,36,14,7,6,6,0.2,0.2
2022-09-28T03:00:00,2635A,107.0154,33.0706,汉中市,市监测站,,29,29,20,8,11,98,17,24,19,16,12,5,5,0.4,0.5
2022-09-28T03:00:00,2636A,107.0089,33.1138,汉中市,鑫源开发区,,28,28,15,9,9,96,0,35,17,34,17,3,3,0.3,0.4
2022-09-28T03:00:00,2637A,107.007,33.0323,汉中市,南郑大河坎水厂,,19,19,20,7,8,94,18,19,18,9,12,3,4,0.4,0.5
2022-09-28T03:00:00,2638A,109.7414,38.3344,榆林市,红石峡森林公园(对照点),颗粒物(PM10),62,73,52,32,21,123,5,5,5,66,45,4,5,0.7,0.7
2022-09-28T03:00:00,2639A,109.7456,38.2911,榆林市,世纪广场,,48,48,48,19,18,123,5,26,16,72,48,9,11,0.8,0.5
2022-09-28T03:00:00,2640A,109.7289,38.2839,榆林市,实验中学,,45,45,47,22,19,117,11,27,21,65,43,8,9,0.5,0.5
2022-09-28T03:00:00,2641A,109.7336,38.2478,榆林市,环保监测大楼,,42,42,42,25,18,120,6,24,16,67,43,8,9,0.6,0.6
2022-09-28T03:00:00,2642A,109.0318,32.6537,安康市,香溪洞(对照点),,14,12,14,8,11,65,43,39,39,7,9,4,4,0.4,0.4
2022-09-28T03:00:00,2643A,109.0281,32.6939,安康市,安康市监测站,,36,36,24,20,15,54,34,30,30,14,15,11,8,0.3,0.4
2022-09-28T03:00:00,2644A,109.0072,32.6975,安康市,汉滨区检察院,,39,39,22,24,16,62,31,31,30,13,13,8,6,0.3,0.4
2022-09-28T03:00:00,2645A,109.9154,33.8715,商洛市,监测站,,16,15,27,11,12,88,9,14,12,21,25,6,17,0.3,0.4
2022-09-28T03:00:00,2647A,104.1724,36.5446,白银市,第三小学,,50,50,55,25,22,130,38,34,34,46,31,12,37,0.4,0.6
2022-09-28T03:00:00,2648A,104.1465,36.5482,白银市,动力公司,,43,43,47,21,19,119,42,34,34,22,23,10,35,0.5,0.6
2022-09-28T03:00:00,2649A,106.0055,34.343,天水市,麦积山(对照点),,,,,,,,,,,,,,,,
2022-09-28T03:00:00,2650A,105.7205,34.5786,天水市,公园小学,,26,26,24,11,10,98,3,7,5,24,16,6,7,0.2,0.3
2022-09-28T03:00:00,2651A,105.8945,34.5538,天水市,麦积国土局,,46,46,36,13,13,87,11,12,12,23,21,8,10,0.3,0.3
2022-09-28T03:00:00,2652A,102.6201,37.9251,武威市,监测站,,39,39,67,14,19,128,28,23,23,36,40,5,6,0.2,0.4
2022-09-28T03:00:00,2654A,100.4698,38.9524,张掖市,润泉湖,,42,42,49,13,17,136,52,70,61,18,23,10,11,0.2,0.2
2022-09-28T03:00:00,2655A,100.4154,38.9422,张掖市,区工会,,28,27,40,19,17,134,64,67,66,9,25,5,8,0.2,0.4
2022-09-28T03:00:00,2656A,106.6692,35.5461,平凉市,聚贤嘉苑,,33,33,47,18,20,107,10,6,6,43,37,5,6,0.2,0.3
2022-09-28T03:00:00,2657A,106.7021,35.5307,平凉市,博物馆,,25,25,49,14,20,105,14,9,9,35,43,5,6,0.2,0.4
2022-09-28T03:00:00,2658A,98.5061,39.7443,酒泉市,仓门街子站,颗粒物(PM10),53,56,54,13,16,136,78,72,72,11,24,4,7,0.3,0.5
2022-09-28T03:00:00,2659A,98.4989,39.7256,酒泉市,油田生活基地,颗粒物(PM10),53,56,61,23,20,136,76,73,73,16,25,4,6,0.4,0.5
2022-09-28T03:00:00,2660A,107.6831,35.7289,庆阳市,区环保局(对照点),,,,,,,,,,,,,,,,
2022-09-28T03:00:00,2661A,107.6325,35.7357,庆阳市,庆阳五中,,28,28,51,14,28,118,82,84,82,11,15,3,4,0.3,0.5
2022-09-28T03:00:00,2662A,107.6364,35.7067,庆阳市,市环保局,,28,14,44,9,21,123,87,86,86,9,15,5,7,0.4,0.5
2022-09-28T03:00:00,2663A,104.6241,35.5734,定西市,东关小学,,36,36,43,19,17,102,4,11,6,37,24,5,6,0.2,0.3
2022-09-28T03:00:00,2664A,104.6194,35.5934,定西市,供电公司,,46,46,46,15,16,99,2,4,3,38,32,4,5,0.4,0.3
2022-09-28T03:00:00,2665A,105.0822,33.3261,陇南市,汉王镇固水子(对照点),,,,,,,,,,,,,,,,
2022-09-28T03:00:00,2667A,103.2069,35.5993,临夏回族自治州,环保局,,47,47,40,17,18,117,34,39,36,16,17,8,10,0.4,0.5
2022-09-28T03:00:00,2668A,103.2417,35.6057,临夏回族自治州,建设大厦,,39,39,38,21,17,121,39,42,41,7,14,4,7,0.6,0.6
2022-09-28T03:00:00,2669A,102.9099,34.9841,甘南州,州政府,,30,30,32,20,17,110,24,23,23,16,16,4,6,0.3,0.3
2022-09-28T03:00:00,2671A,100.9048,36.9639,海北藏族自治州,海晏县西海镇,,20,13,13,9,12,115,61,76,68,6,8,14,14,0.3,0.3
2022-09-28T03:00:00,2672A,102.0199,35.5102,黄南藏族自治州,同仁县隆务镇,,23,23,22,13,11,114,64,69,66,4,7,8,9,0.5,0.5
2022-09-28T03:00:00,2673A,100.6188,36.2866,海南藏族自治州,共和县恰卜恰镇,,22,15,21,15,11,111,63,48,48,4,17,8,8,0.8,0.8
2022-09-28T03:00:00,2674A,100.2561,34.4714,果洛藏族自治州,玛沁县大武镇,,23,23,14,12,12,113,41,52,48,17,10,14,13,0.7,0.6
2022-09-28T03:00:00,2675A,97,33.0014,玉树藏族自治州,玉树县结古镇,,25,4,5,2,3,96,77,82,80,1,4,10,10,0.2,0.3
2022-09-28T03:00:00,2676A,97.3731,37.3753,海西蒙古族藏族自治州,德令哈市,,26,19,18,14,11,107,81,88,85,1,2,5,4,0.2,0.3
2022-09-28T03:00:00,2677A,106.1532,37.9648,吴忠市,教育园区,,50,50,44,24,18,119,28,24,23,23,23,7,10,0.4,0.4
2022-09-28T03:00:00,2678A,106.2025,37.9844,吴忠市,高级中学,,,,,,,,,,,,,,,,
2022-09-28T03:00:00,2679A,106.1856,37.9956,吴忠市,新区二泵站,颗粒物(PM10),54,58,47,27,20,121,46,43,43,19,22,5,7,0.5,0.5
2022-09-28T03:00:00,2680A,105.0025,37.4635,中卫市,沙坡头消防站(对照点),,35,35,56,17,22,132,87,79,79,15,20,18,16,0.6,0.7
2022-09-28T03:00:00,2681A,105.18,37.0172,中卫市,官桥站,,,,,,,,,,,,,,,,
2022-09-28T03:00:00,2682A,105.1971,37.5002,中卫市,环保局站,颗粒物(PM10),61,71,51,34,25,110,36,43,37,26,18,10,7,0.4,0.3
2022-09-28T03:00:00,2683A,106.2319,36.1417,固原市,马园(对照点),,27,27,38,16,15,97,7,10,8,37,22,3,3,0.1,0.1
2022-09-28T03:00:00,2684A,106.2792,36.0022,固原市,监测站,,24,22,25,14,17,91,4,3,3,47,30,4,5,0.4,0.4
2022-09-28T03:00:00,2685A,106.2375,36.0211,固原市,新区,,,29,26,14,15,93,2,2,2,,,6,5,0.4,0.3
2022-09-28T03:00:00,2686A,89.1904,42.9418,吐鲁番地区,市环保局,颗粒物(PM10),164,277,131,52,27,134,90,87,87,8,11,,,0.6,0.6
2022-09-28T03:00:00,2687A,89.1673,42.9559,吐鲁番地区,地区环保局,颗粒物(PM10),146,242,126,59,31,131,88,86,86,7,11,7,8,0.4,0.5
2022-09-28T03:00:00,2688A,93.5128,42.8172,哈密地区,地区监测站,颗粒物(PM10),500,1141,132,81,30,117,94,39,39,8,33,4,6,0.1,0.4
2022-09-28T03:00:00,2689A,93.4961,42.8328,哈密地区,哈密师范学校,颗粒物(PM10),500,846,111,74,31,125,93,36,36,10,35,3,5,0.2,0.5
2022-09-28T03:00:00,2690A,88.1236,43.8886,昌吉州,天山天池(对照点),颗粒物(PM10),76,101,122,26,25,130,67,65,65,6,7,3,4,0.5,0.5
2022-09-28T03:00:00,2691A,87.2997,44.0114,昌吉州,州监测站,,,,,,,,,,,,,,,,
2022-09-28T03:00:00,2692A,87.2717,44.0297,昌吉州,新区政务中心,颗粒物(PM10),184,317,183,50,28,138,62,66,64,22,17,7,7,0.8,0.6
2022-09-28T03:00:00,2693A,82.0485,44.8556,博尔塔拉蒙古自治州,市党校,颗粒物(PM10),52,53,52,11,16,111,72,78,76,4,6,6,8,0.5,0.6
2022-09-28T03:00:00,2694A,82.0806,44.8969,博尔塔拉蒙古自治州,市环保局,颗粒物(PM10),51,52,50,12,14,103,71,70,70,4,11,10,10,0.3,0.3
2022-09-28T03:00:00,2695A,80.292,41.1694,阿克苏地区,电视台,,47,47,53,24,21,115,71,72,71,7,12,7,7,0.6,0.7
2022-09-28T03:00:00,2696A,80.2613,41.1551,阿克苏地区,艺术中心,颗粒物(PM10),52,54,61,22,23,110,76,73,73,7,15,4,4,0.4,0.4
2022-09-28T03:00:00,2697A,76.1454,39.7142,克孜勒苏柯尔克孜自治州,市人民政府,颗粒物(PM10),54,58,39,16,16,115,95,85,85,5,8,10,10,0.9,0.9
2022-09-28T03:00:00,2698A,76.0072,39.4467,喀什地区,巡警大队,颗粒物(PM10),166,281,119,76,32,132,6,6,6,73,45,5,3,1.0,0.7
2022-09-28T03:00:00,2699A,75.9755,39.4694,喀什地区,吾办,颗粒物(PM10),163,275,103,96,40,130,6,6,6,83,42,2,2,1.1,0.6
2022-09-28T03:00:00,2700A,75.9538,39.4682,喀什地区,市环境监测站,颗粒物(PM10),156,262,136,80,35,129,2,2,2,67,44,2,2,0.9,0.7
2022-09-28T03:00:00,2703A,81.2815,43.9404,伊犁哈萨克州,市环保局,颗粒物(PM10),51,51,57,15,17,134,70,88,80,10,10,9,10,0.6,0.6
2022-09-28T03:00:00,2704A,81.2996,43.9174,伊犁哈萨克州,新政府片区,,42,42,48,13,16,127,62,71,67,14,10,14,13,0.4,0.4
2022-09-28T03:00:00,2705A,81.3364,43.941,伊犁哈萨克州,第二水厂,,47,47,56,17,29,132,63,79,72,13,13,11,11,0.9,0.9
2022-09-28T03:00:00,2706A,82.9994,46.7432,塔城地区,东门外小游园,,23,20,32,16,13,98,25,48,36,9,9,3,2,0.4,0.3
2022-09-28T03:00:00,2707A,88.1214,47.9047,阿勒泰地区,小东沟(对照点),,,,,,,,,,,,,,,,
2022-09-28T03:00:00,2708A,88.1264,47.8517,阿勒泰地区,市站,,15,8,51,4,9,79,48,55,50,2,20,2,3,0.4,0.4
2022-09-28T03:00:00,2709A,86.0497,44.2967,石河子市,艾青诗歌馆,颗粒物(PM10),124,198,131,35,27,112,70,88,81,14,15,6,9,0.5,0.5
2022-09-28T03:00:00,2710A,86.0697,44.3075,石河子市,阳光学校,颗粒物(PM10),120,189,136,39,29,114,72,87,80,22,22,3,4,0.4,0.4
2022-09-28T03:00:00,2711A,87.5475,44.1756,五家渠市,农水大厦,颗粒物(PM10),240,378,197,49,27,115,34,40,38,12,17,7,8,0.4,0.5
2022-09-28T03:00:00,2835A,101.7227,26.567,攀枝花市,四十中小,,26,26,41,16,22,106,51,51,51,8,24,13,36,0.7,1
2022-09-28T03:00:00,2842A,118.0936,24.5058,厦门市,湖里中学,,40,40,32,18,12,109,37,49,44,27,22,5,3,0.4,0.4
2022-09-28T03:00:00,2845A,113.1569,36.1911,长治市,德盛苑,,48,48,66,24,38,183,138,150,144,13,27,13,14,1.6,1.6
2022-09-28T03:00:00,2846A,113.3221,23.1322,广州市,体育西,,44,44,50,18,25,150,28,28,23,36,30,5,5,0.7,0.8
2022-09-28T03:00:00,2858A,117.7918,39.2474,天津市,河西一经路,细颗粒物(PM2.5),92,103,105,68,62,240,108,114,110,31,38,16,19,1.1,1.1
2022-09-28T03:00:00,2859A,117.3747,38.9846,天津市,津沽路,细颗粒物(PM2.5),90,113,102,67,58,215,68,72,71,49,54,8,12,0.8,0.8
2022-09-28T03:00:00,2860A,117.1589,39.0845,天津市,宾水西道,细颗粒物(PM2.5),140,118,91,107,66,217,40,64,51,60,43,4,7,1.0,0.8
2022-09-28T03:00:00,2862A,114.5481,38.0378,石家庄市,22中南校区,颗粒物(PM10),60,70,111,42,49,235,42,72,57,48,41,5,10,0.4,0.7
2022-09-28T03:00:00,2865A,112.7195,37.6828,晋中市,榆次三中,颗粒物(PM10),65,80,100,33,45,233,36,84,54,46,48,12,15,0.6,0.9
2022-09-28T03:00:00,2866A,111.0522,35.0439,运城市,外滩首府,,,,,,,,,,,,,,,,
2022-09-28T03:00:00,2867A,111.1283,37.51,吕梁市,马茂庄小学,颗粒物(PM10),58,66,95,22,25,160,1,0,0,68,60,1,4,0.6,0.7
2022-09-28T03:00:00,2868A,126.4739,43.953,吉林市,九站,臭氧1小时,58,64,77,34,36,200,166,157,157,14,27,13,12,0.8,0.8
2022-09-28T03:00:00,2869A,119.447,32.4155,扬州市,五台山医院,,41,41,38,21,19,122,70,65,65,12,17,6,8,0.5,0.5
2022-09-28T03:00:00,2870A,119.4424,32.1873,镇江市,市疾控中心,颗粒物(PM10),51,52,40,30,24,141,55,62,58,29,28,8,20,0.8,0.6
2022-09-28T03:00:00,2871A,121.6147,29.9017,宁波市,万里国际学校,,48,48,42,24,19,140,58,64,59,28,30,10,7,0.6,0.5
2022-09-28T03:00:00,2872A,120.7846,30.7525,嘉兴市,南湖区残联,,30,30,38,13,16,122,61,61,56,28,28,5,5,0.2,0.3
2022-09-28T03:00:00,2873A,120.0875,30.8955,湖州市,仁皇山新区,,29,23,28,9,14,137,38,76,60,58,29,5,5,0.4,0.5
2022-09-28T03:00:00,2875A,115.784,32.8892,阜阳市,阜阳职业技术学院,颗粒物(PM10),64,77,62,38,28,132,70,70,70,24,20,8,9,0.6,0.6
2022-09-28T03:00:00,2877A,119.1641,36.6523,潍坊市,坊子邮政,颗粒物(PM10),56,61,57,27,19,146,50,34,34,27,33,9,6,0.7,0.5
2022-09-28T03:00:00,2878A,116.0072,36.4343,聊城市,聊大东校,细颗粒物(PM2.5),94,130,96,70,43,187,26,74,51,57,34,14,25,0.6,0.7
2022-09-28T03:00:00,2880A,104.0219,30.6558,成都市,大石西路,,36,36,31,22,13,78,7,3,3,36,25,2,3,0.6,0.6
2022-09-28T03:00:00,2881A,107.8908,26.5311,黔东南苗族侗族自治州,凯里学院,,30,28,38,21,27,145,61,65,64,10,11,1,2,0.6,0.7
2022-09-28T03:00:00,2882A,102.5389,24.3703,玉溪市,玉溪一中,颗粒物(PM10),52,54,27,27,14,116,27,61,40,26,18,16,10,2.7,1.1
2022-09-28T03:00:00,2883A,102.5381,24.3389,玉溪市,文体中心,,28,27,24,19,12,112,45,90,72,20,17,9,9,0.7,0.6
2022-09-28T03:00:00,2884A,98.2672,39.7978,嘉峪关市,酒钢宾馆,颗粒物(PM10),65,80,51,17,15,128,73,69,69,7,14,7,16,0.2,0.5
2022-09-28T03:00:00,2885A,104.9339,33.3826,陇南市,滨江中学,,31,31,33,8,10,91,13,14,14,22,26,9,9,0.3,0.4
2022-09-28T03:00:00,2894A,117.0566,32.6531,淮南市,经济技术开发区消防队,颗粒物(PM10),52,54,58,19,23,139,52,48,48,22,20,11,10,0.4,0.3
2022-09-28T03:00:00,2897A,123.2444,41.7347,沈阳市,沈辽西路,颗粒物(PM10),57,64,89,31,44,218,93,87,87,27,33,23,19,0.9,1.4
2022-09-28T03:00:00,2900A,123.5953,41.9086,沈阳市,裕农路,颗粒物(PM10),57,63,67,33,37,216,35,67,51,60,32,16,15,2.0,1.2
2022-09-28T03:00:00,2902A,106.6351,30.4865,广安市,北辰小学,,15,15,11,5,8,58,48,52,51,5,7,12,12,0.4,0.4
2022-09-28T03:00:00,2907A,120.1844,30.8596,湖州市,吴兴区站,,28,28,31,10,13,123,67,72,70,30,27,6,6,0.3,0.4
2022-09-28T03:00:00,2914A,106.7677,31.8794,巴中市,苏山坪(对照点),,12,5,8,4,4,74,36,34,34,7,9,3,3,0.2,0.3
2022-09-28T03:00:00,2915A,106.7619,31.84139,巴中市,职业中学,,,,,,,,,,,,,,,,
2022-09-28T03:00:00,2919A,116.7022,39.5453,廊坊市,河北工业大学,颗粒物(PM10),77,103,125,54,61,239,96,101,94,43,49,12,11,0.5,0.6
2022-09-28T03:00:00,2920A,117.7116,24.506,漳州市,蓝田镇,,26,26,25,16,15,146,0,17,6,30,14,6,8,0.5,0.4
2022-09-28T03:00:00,2921A,120.5483,30.0003,绍兴市,树下王站,,26,26,31,15,17,155,70,84,76,17,16,8,7,0.7,0.7
2022-09-28T03:00:00,2922A,117.1941,39.1067,天津市,大理道,细颗粒物(PM2.5),122,138,109,92,63,234,76,96,82,53,39,10,12,0.8,0.6
2022-09-28T03:00:00,2924A,106.2266,38.4418,银川市,水乡路,颗粒物(PM10),55,60,51,25,20,109,30,25,25,39,41,12,13,0.5,0.6
2022-09-28T03:00:00,2925A,106.2757,38.4842,银川市,上海东路,颗粒物(PM10),51,52,44,30,23,127,29,24,24,49,45,11,15,0.5,0.5
2022-09-28T03:00:00,2926A,106.1015,38.497,银川市,文昌北街,颗粒物(PM10),69,87,69,36,33,107,20,9,9,56,58,28,12,0.6,0.7
2022-09-28T03:00:00,2929A,114.8858,30.4519,黄冈市,红卫路,,49,49,73,19,28,214,107,108,106,8,14,5,8,0.9,1
2022-09-28T03:00:00,2994A,119.6533,29.1128,金华市,武警支队(启用161031),,,,,,,,,,,,,,,,
2022-09-28T03:00:00,2996A,118.283,33.965,宿迁市,市供电局,,48,42,32,33,26,134,48,48,48,14,15,5,6,0.5,0.4
2022-09-28T03:00:00,2997A,119.8767,32.3289,泰州市,王营,,35,34,31,24,19,115,76,75,75,15,15,8,8,0.7,0.6
2022-09-28T03:00:00,3000A,119.3581,34.6972,连云港市,德源药业,,29,29,36,12,11,117,58,49,49,28,35,4,4,0.2,0.2
2022-09-28T03:00:00,3002A,119.9805,31.8174,常州市,行政中心,颗粒物(PM10),76,102,45,36,21,140,73,78,76,37,33,10,10,0.6,0.7
2022-09-28T03:00:00,3003A,120.0522,31.7748,常州市,经开区,颗粒物(PM10),92,133,44,29,15,146,70,67,67,32,29,10,8,0.5,0.5
2022-09-28T03:00:00,3004A,120.1544,33.3663,盐城市,宝龙广场,,32,24,28,12,11,120,100,99,99,10,16,8,8,0.5,0.4
2022-09-28T03:00:00,3005A,117.1814,34.29,徐州市,鼓楼区政府,,48,48,49,16,22,147,72,87,82,28,32,12,12,0.5,0.6
2022-09-28T03:00:00,3006A,117.1694,34.1781,徐州市,铜山区招生办,颗粒物(PM10),60,70,59,38,27,136,16,10,10,70,41,7,10,0.8,0.7
2022-09-28T03:00:00,3007A,119.178,34.844,连云港市,新城一中,,38,38,41,18,16,124,31,60,46,53,40,2,13,0.4,0.4
2022-09-28T03:00:00,3008A,119.3608,34.7519,连云港市,胡沟管理处,,33,22,20,12,9,114,103,92,92,8,16,7,7,0.7,0.6
2022-09-28T03:00:00,3009A,119.1478,34.5911,连云港市,矿山设计院,,27,27,35,17,13,132,75,88,82,15,26,5,11,0.4,0.4
2022-09-28T03:00:00,3010A,119.9025,31.7964,常州市,钟楼,颗粒物(PM10),57,63,67,33,22,131,77,70,70,23,27,8,7,1.0,0.9
2022-09-28T03:00:00,3012A,112.1849,31.0362,荆门市,西山林语,,45,45,66,20,27,154,86,71,71,27,18,9,10,0.6,0.6
2022-09-28T03:00:00,3014A,106.4958,29.5346,重庆市,歇台子,,26,26,27,18,18,65,26,15,15,25,34,3,3,0.6,0.7
2022-09-28T03:00:00,3015A,106.4037,29.5728,重庆市,龙井湾,,18,18,14,12,12,76,49,32,32,12,16,4,4,0.4,0.4
2022-09-28T03:00:00,3016A,106.5507,29.4153,重庆市,龙洲湾,,19,19,21,12,18,45,34,41,37,14,22,4,4,0.4,0.5
2022-09-28T03:00:00,3018A,111.505,36.1014,临汾市,唐尧大酒店,颗粒物(PM10),90,129,107,41,44,178,7,9,8,81,48,9,16,1.0,1
2022-09-28T03:00:00,3020A,117.2101,39.1699,天津市,中山北路,细颗粒物(PM2.5),87,80,86,64,57,231,139,120,120,20,27,12,11,0.7,0.7
2022-09-28T03:00:00,3021A,115,35.7668,濮阳市,濮水河管理处,细颗粒物(PM2.5),67,78,76,48,46,172,73,69,69,23,31,11,12,0.7,0.7
2022-09-28T03:00:00,3022A,112.4433,34.6686,洛阳市,凯旋路小学,,,,,,,,,,,,,,,,
2022-09-28T03:00:00,3025A,113.0477,23.6344,清远市,技师学院,颗粒物(PM10),59,68,62,39,35,132,5,5,5,46,31,14,11,1.0,0.9
2022-09-28T03:00:00,3026A,116.6183,23.6608,潮州市,市政府,,18,18,25,9,12,110,50,61,56,12,11,10,9,0.5,0.6
2022-09-28T03:00:00,3027A,104.72,29.3427,自贡市,青杠林路,,25,25,31,13,15,63,7,16,10,18,19,5,5,0.2,0.2
2022-09-28T03:00:00,3028A,104.776,29.3627,自贡市,檀木林体育馆,,10,8,20,5,12,66,32,36,34,14,18,5,6,0.3,0.3
2022-09-28T03:00:00,3033A,87.4651,43.4569,乌鲁木齐市,培训基地,颗粒物(PM10),100,149,172,17,20,130,90,94,92,4,5,7,7,0.7,0.7
2022-09-28T03:00:00,3034A,113.1076,41.0385,乌兰察布市,光明街小学,,50,50,55,21,23,135,71,84,80,26,41,21,21,0.5,0.5
2022-09-28T03:00:00,3035A,122.0931,46.0707,兴安盟,北滨河,颗粒物(PM10),52,54,40,29,21,149,98,113,107,9,12,3,5,0.3,0.5
2022-09-28T03:00:00,3036A,118.6904,37.4338,东营市,开发区管委会,颗粒物(PM10),58,65,76,34,42,267,24,58,41,61,35,15,16,0.9,1
2022-09-28T03:00:00,3038A,103.3758,23.368,红河州,州图书馆,,38,38,32,25,24,126,56,76,69,10,9,9,10,0.5,0.5
2022-09-28T03:00:00,3039A,111.1911,34.7829,三门峡市,三门峡市第一小学,,46,46,67,17,29,171,4,11,7,50,25,5,12,0.5,0.7
2022-09-28T03:00:00,3045A,109.9643,33.8471,商洛市,商州区中学,,23,23,32,9,16,82,6,5,5,19,29,5,14,0.3,0.4
2022-09-28T03:00:00,3046A,115.9084,28.6062,南昌市,机电学校,颗粒物(PM10),63,75,70,32,27,205,128,138,133,18,17,9,8,0.8,0.8
2022-09-28T03:00:00,3048A,119.5799,26.0936,福州市,九龙,,21,10,25,14,18,126,66,82,74,6,8,2,3,0.1,0.1
2022-09-28T03:00:00,3051A,117.3876,39.1488,天津市,西四道,细颗粒物(PM2.5),123,144,102,93,55,234,47,54,46,76,58,6,9,0.9,0.9
2022-09-28T03:00:00,3054A,113.9194,35.2847,新乡市,市委党校,细颗粒物(PM2.5),79,87,92,58,44,187,35,62,48,71,44,10,11,0.8,0.8
2022-09-28T03:00:00,3055A,101.7775,36.6428,西宁市,城北区政府,,40,40,56,25,36,112,12,16,14,37,29,17,18,1.2,1
2022-09-28T03:00:00,3057A,121.5992,37.4014,烟台市,牟平检察院,,33,31,45,23,21,171,59,76,67,20,22,18,12,0.3,0.3
2022-09-28T03:00:00,3058A,119.2658,42.0353,赤峰市,银河街,细颗粒物(PM2.5),74,94,93,54,44,158,94,111,102,32,32,86,35,1.2,1.2
2022-09-28T03:00:00,3059A,117.7161,36.2049,济南市,泰兴公司,颗粒物(PM10),53,56,101,34,48,216,6,6,6,79,68,9,13,1.7,1.6
2022-09-28T03:00:00,3061A,119.7512,49.1577,呼伦贝尔市,国华电力东,,20,20,23,11,9,79,45,42,41,14,10,3,2,0.4,0.3
2022-09-28T03:00:00,3064A,117.6867,36.2171,济南市,莱芜战役纪念馆,颗粒物(PM10),59,68,96,34,50,221,27,27,27,63,59,4,9,1.4,1.4
2022-09-28T03:00:00,3065A,101.9533,29.9972,甘孜藏族自治州,州环保局,,20,4,10,4,5,68,5,35,18,40,23,12,12,0.4,0.5
2022-09-28T03:00:00,3066A,116.2721,37.4379,德州市,九衢泉纯净水厂,颗粒物(PM10),94,138,97,67,45,222,69,77,73,47,33,12,12,0.5,0.5
2022-09-28T03:00:00,3109A,115.0093,25.8613,赣州市,赣县区卫计委,,,47,53,,36,185,84,88,87,35,20,12,11,0.5,0.4
2022-09-28T03:00:00,3122A,105.9606,26.2611,安顺市,伍家关(对照点),,,,,,,,,,,,,,,,
2022-09-28T03:00:00,3123A,105.9408,26.2431,安顺市,凤凰山,,19,11,32,7,24,119,60,56,56,6,8,17,7,0.4,0.5
2022-09-28T03:00:00,3124A,105.9439,26.2564,安顺市,金钟山,,17,11,33,7,25,113,53,51,51,5,6,13,7,0.4,0.4
2022-09-28T03:00:00,3125A,105.8983,26.2481,安顺市,娄家坡,,19,10,39,9,30,112,58,54,54,6,7,7,10,0.3,0.4
2022-09-28T03:00:00,3128A,92.0506,31.4797,那曲地区,那曲会议中心,,20,4,5,3,4,103,62,78,70,5,3,6,6,0.7,0.6
2022-09-28T03:00:00,3129A,102.0306,36.5067,海东地区,平安高铁新区,,,,,,,,,,,,,,,,
2022-09-28T03:00:00,3131A,114.879,40.7993,张家口市,烟厂,颗粒物(PM10),61,71,71,31,25,198,108,128,117,25,21,4,6,0.5,0.5
2022-09-28T03:00:00,3132A,119.610547,39.943889,秦皇岛市,文明里,细颗粒物(PM2.5),84,105,110,62,46,233,159,170,166,27,33,25,20,1.5,1
2022-09-28T03:00:00,3133A,106.5468,29.5654,重庆市,上清寺,,26,26,21,13,14,55,21,10,10,27,39,6,6,0.5,0.6
2022-09-28T03:00:00,3134A,113.8172,34.0339,许昌市,市一中,细颗粒物(PM2.5),110,126,114,83,60,145,30,96,61,52,41,21,14,0.9,0.8
2022-09-28T03:00:00,3136A,104.2725,30.5589,成都市,龙泉驿区区政府,,19,19,17,2,10,85,43,35,35,25,24,4,4,0.2,0.3
2022-09-28T03:00:00,3137A,103.8578,30.0744,眉山市,市委党校,,22,19,29,15,15,86,9,10,9,29,25,6,6,0.6,0.6
2022-09-28T03:00:00,3138A,111.7153,29.0289,常德市,武陵区永安,,50,50,72,27,39,183,135,134,134,8,17,6,8,0.3,0.4
2022-09-28T03:00:00,3139A,111.6892,28.9881,常德市,鼎城区玉霞,颗粒物(PM10),51,52,70,22,39,185,138,135,135,9,18,7,12,0.5,0.6
2022-09-28T03:00:00,3140A,111.6625,29.0531,常德市,武陵区长庚,,43,35,63,22,39,177,137,133,133,7,14,5,8,0.4,0.4
2022-09-28T03:00:00,3141A,114.3922,36.0878,安阳市,信访局,颗粒物(PM10),94,137,121,64,40,179,34,79,53,58,45,10,11,0.5,0.4
2022-09-28T03:00:00,3147A,114.3438,34.8106,开封市,龙亭公园,细颗粒物(PM2.5),97,81,87,72,56,163,61,84,72,35,31,9,9,0.7,0.6
2022-09-28T03:00:00,3148A,103.8291,30.0564,眉山市,区人社局,,27,27,32,7,12,89,9,10,10,30,29,5,3,0.5,0.5
2022-09-28T03:00:00,3149A,115.0235,30.1578,黄石市,笔架山北路,颗粒物(PM10),51,51,65,35,28,219,74,97,75,31,19,24,6,1.1,0.6
2022-09-28T03:00:00,3151A,114.375,27.8097,宜春市,宜春学院北校区,颗粒物(PM10),60,70,71,41,37,206,91,101,83,23,21,11,12,0.6,0.9
2022-09-28T03:00:00,3153A,114.3877,30.4908,武汉市,民族大道182号,,38,38,63,22,32,282,113,120,117,17,34,9,11,0.7,0.9
2022-09-28T03:00:00,3164A,119.4686,32.3942,扬州市,广陵建设局,,38,27,34,26,21,125,67,61,61,20,24,8,9,0.6,0.6
2022-09-28T03:00:00,3165A,108.6594,34.2969,咸阳市,两寺渡,,,,68,11,27,109,,2,2,54,40,6,4,0.5,0.6
2022-09-28T03:00:00,3169A,113.2725,35.2067,焦作市,太极体育中心(启用180720),颗粒物(PM10),94,138,125,58,47,186,41,22,22,66,45,13,16,0.4,0.4
2022-09-28T03:00:00,3170A,102.1864,38.5253,金昌市,市委党校,,,,,,,119,67,85,78,27,35,8,35,0.7,0.7
2022-09-28T03:00:00,3171A,115.6071,34.4465,商丘市,梁园区档案局,颗粒物(PM10),74,98,64,38,26,134,2,1,1,82,43,8,8,0.7,0.7
2022-09-28T03:00:00,3173A,117.0598,30.5351,安庆市,市人大,,44,44,46,27,29,200,105,119,113,16,18,8,9,0.8,1
2022-09-28T03:00:00,3178A,119.0587,36.721,潍坊市,潍坊七中,颗粒物(PM10),62,73,55,34,23,150,38,41,40,29,32,8,7,0.7,0.6
2022-09-28T03:00:00,3179A,102.7494,25.0119,昆明市,官渡区博物馆,,50,50,28,31,17,127,64,57,57,19,20,9,7,0.5,0.6
2022-09-28T03:00:00,3180A,99.7136,27.8094,迪庆州,质量技术监督局,,16,13,15,8,8,75,51,68,62,6,7,8,8,0.5,0.5
2022-09-28T03:00:00,3182A,106.7656,31.8545,巴中市,丽阳花园,,16,16,12,7,7,73,11,14,11,18,18,4,4,0.4,0.4
2022-09-28T03:00:00,3183A,106.7418,31.8654,巴中市,圣泉水务公司,,15,15,11,6,6,76,7,8,7,19,18,6,5,0.4,0.4
2022-09-28T03:00:00,3185A,112.5628,37.8964,太原市,巨轮,颗粒物(PM10),78,105,121,44,51,192,3,4,3,102,86,5,13,0.9,1.3
2022-09-28T03:00:00,3186A,103.7158,36.1058,兰州市,教育港,颗粒物(PM10),83,116,89,41,37,144,8,8,8,60,46,8,16,0.4,0.7
2022-09-28T03:00:00,3187A,116.9509,33.666,宿州市,远航博物馆,颗粒物(PM10),67,83,62,36,26,130,21,20,18,68,31,2,3,0.5,0.4
2022-09-28T03:00:00,3188A,115.6683,37.7217,衡水市,市城管局,,,130,97,60,41,183,93,99,96,28,31,,13,0.2,0.8
2022-09-28T03:00:00,3190A,116.0254,29.6994,九江市,外国语学校,颗粒物(PM10),52,54,54,34,34,192,134,147,140,15,20,10,13,1.0,1.1
2022-09-28T03:00:00,3191A,118.3225,33.9447,宿迁市,宿豫区政府,,44,44,34,17,20,132,50,55,53,14,16,4,5,0.6,0.6
2022-09-28T03:00:00,3192A,80.0903,32.5028,阿里地区,阿里藏医院,,30,5,5,1,2,133,94,102,97,4,4,14,14,0.3,0.3
2022-09-28T03:00:00,3194A,112.2747,30.3122,荆州市,管委会,,36,34,66,19,49,201,114,108,108,11,23,6,10,0.6,0.8
2022-09-28T03:00:00,3195A,119.3633,32.3972,扬州市,市体育局,,40,36,45,28,21,130,69,69,69,18,23,8,9,0.6,0.6
2022-09-28T03:00:00,3200A,115.9819,36.4978,聊城市,监控中心,颗粒物(PM10),75,100,93,49,42,207,67,94,81,38,31,22,18,0.3,0.4
2022-09-28T03:00:00,3201A,102.6486,37.9325,武威市,东关招商场,,42,42,64,17,23,124,27,25,25,30,26,6,6,0.3,0.4
2022-09-28T03:00:00,3204A,113.3025,33.73,平顶山市,规划局,细颗粒物(PM2.5),57,62,129,40,57,111,35,78,61,40,48,4,24,0.8,1
2022-09-28T03:00:00,3206A,114.9149,27.807,新余市,新钢沁园村,颗粒物(PM10),54,58,65,36,32,157,94,96,96,26,22,41,22,0.6,0.5
2022-09-28T03:00:00,3207A,118.3118,32.3038,滁州市,市政府原办公楼,,,,54,,27,87,,77,,,25,,8,,0.5
2022-09-28T03:00:00,3208A,112.7283,38.4153,忻州市,市政府,,47,47,78,32,33,164,48,40,40,39,58,10,17,0.5,0.7
2022-09-28T03:00:00,3209A,119.5231,26.6562,宁德市,宁德一中,,43,43,34,13,15,143,65,80,70,10,10,12,10,0.6,0.5
2022-09-28T03:00:00,3210A,114.3644,34.7964,开封市,汴京公园,颗粒物(PM10),82,114,92,54,42,157,46,72,58,42,28,8,9,0.5,0.4
2022-09-28T03:00:00,3216A,114.6622,24.5183,漳州市,漳州党校,,38,38,25,21,13,155,4,23,13,42,16,6,6,0.7,0.6
2022-09-28T03:00:00,3237A,117.4918,30.6617,池州市,展览馆,颗粒物(PM10),54,58,58,29,32,190,49,54,51,34,29,6,9,0.5,0.7
2022-09-28T03:00:00,3239A,125.0764,42.9078,辽源市,银鹰制药,细颗粒物(PM2.5),65,76,76,47,36,197,137,124,124,7,39,16,16,1.3,1
2022-09-28T03:00:00,3241A,103.7439,36.0842,兰州市,百合公园,颗粒物(PM10),58,65,72,28,28,139,4,4,4,66,53,11,16,0.5,0.6
2022-09-28T03:00:00,3242A,103.9611,35.998,兰州市,和平,颗粒物(PM10),52,53,61,30,31,119,57,50,50,25,36,9,14,0.6,0.8
2022-09-28T03:00:00,3247A,104.955,33.371,陇南市,市总工会,,37,37,25,8,5,95,24,25,23,19,18,9,8,0.2,0.3
2022-09-28T03:00:00,3248A,98.2643,39.7724,嘉峪关市,雄关区,,38,38,36,9,14,125,66,63,63,16,20,7,11,0.2,0.4
2022-09-28T03:00:00,3265A,121.4316,31.3322,上海市,宝山庙行,,38,34,22,21,11,106,35,66,52,76,34,5,5,0.5,0.4
2022-09-28T03:00:00,3266A,121.8791,31.4662,上海市,崇明上实东滩,,26,18,13,13,6,110,81,86,83,10,9,9,9,0.7,0.6
2022-09-28T03:00:00,3268A,121.3162,31.2838,上海市,嘉定南翔,,33,31,23,23,11,110,61,65,63,36,25,7,6,0.5,0.4
2022-09-28T03:00:00,3269A,121.3359,30.7456,上海市,金山新城,,,,24,11,10,133,73,75,72,20,17,5,5,0.5,0.6
2022-09-28T03:00:00,3270A,121.4996,31.0739,上海市,闵行浦江,,20,16,15,14,9,118,64,76,69,34,24,5,5,0.6,0.6
2022-09-28T03:00:00,3271A,121.2886,31.1663,上海市,青浦徐泾,,26,26,26,11,10,120,81,76,76,23,20,6,6,0.2,0.5
2022-09-28T03:00:00,3272A,121.2186,31.0378,上海市,松江图书馆,,27,27,24,15,11,127,59,72,64,38,27,8,7,0.6,0.6
2022-09-28T03:00:00,3273A,121.3902,31.2059,上海市,长宁仙霞,,,,28,,9,85,,80,,,25,,7,,0.4
2022-09-28T03:00:00,3274A,121.7965,31.0507,上海市,浦东惠南,,20,20,17,9,6,123,63,77,63,24,17,4,4,0.6,0.6
2022-09-28T03:00:00,3281A,115.9718,40.4529,北京市,延庆夏都,颗粒物(PM10),75,99,107,53,56,264,132,136,135,12,25,3,3,0.7,0.8
2022-09-28T03:00:00,3282A,113.3397,40.0597,大同市,大同市卫生学校,颗粒物(PM10),80,109,89,34,28,163,5,6,6,76,59,13,27,0.8,0.7
2022-09-28T03:00:00,3283A,109.9154,40.5685,包头市,滨河大厦,,29,19,45,9,17,125,32,67,50,57,38,12,16,0.6,0.7
2022-09-28T03:00:00,3284A,106.813,39.7274,乌海市,海北新区,颗粒物(PM10),88,125,120,30,31,183,50,49,49,42,52,60,43,1.3,1.1
2022-09-28T03:00:00,3285A,113.1376,40.9509,乌兰察布市,北京八中,颗粒物(PM10),52,53,73,19,23,146,56,73,61,30,40,15,17,0.4,0.5
2022-09-28T03:00:00,3286A,118.9359,42.3147,赤峰市,桥北物流园区,颗粒物(PM10),53,56,60,23,20,195,161,134,131,20,38,9,8,0.6,0.5
2022-09-28T03:00:00,3287A,119.3842,32.1976,镇江市,富润路1号,颗粒物(PM10),51,51,34,30,20,144,54,62,57,27,26,10,15,0.6,0.4
2022-09-28T03:00:00,3288A,117.4754,34.4422,徐州市,大泉街道,颗粒物(PM10),73,95,70,32,24,152,24,42,36,49,28,11,10,0.5,0.5
2022-09-28T03:00:00,3289A,120.743,31.3188,苏州市,方洲路,,43,43,22,27,14,129,61,62,60,28,27,7,6,0.7,0.6
2022-09-28T03:00:00,3290A,120.5031,31.2774,苏州市,木渎中学,,35,35,19,17,13,139,46,60,55,33,21,6,6,0.7,0.6
2022-09-28T03:00:00,3291A,121.067,32.062,南通市,通州监测站,,31,22,17,19,12,132,98,119,109,7,8,4,4,0.4,0.4
2022-09-28T03:00:00,3293A,120.1501,33.3367,盐城市,月亮广场,,33,32,40,12,13,114,105,97,97,8,13,6,6,0.5,0.4
2022-09-28T03:00:00,3294A,119.5653,32.4222,扬州市,引江管理处,,41,41,36,26,19,128,75,72,71,15,21,3,7,0.5,0.5
2022-09-28T03:00:00,3295A,120.1259,32.5099,泰州市,姜堰区政府广场,,37,37,28,25,15,123,77,102,94,14,13,7,8,0.6,0.5
2022-09-28T03:00:00,3298A,113.5717,23.5491,广州市,从化街口,,34,34,45,22,30,128,15,20,18,33,24,6,7,0.6,0.7
2022-09-28T03:00:00,3299A,113.3472,23.3692,广州市,白云竹料,颗粒物(PM10),55,59,65,28,34,132,13,11,10,49,35,7,8,0.6,0.6
2022-09-28T03:00:00,3300A,113.2981,23.237,广州市,白云嘉禾,,36,36,64,15,30,139,51,26,26,28,40,8,9,0.5,0.7
2022-09-28T03:00:00,3301A,113.4256,23.1716,广州市,黄埔科学城,,33,33,50,14,28,131,40,26,26,23,41,5,6,0.7,0.8
2022-09-28T03:00:00,3302A,113.3942,23.0483,广州市,番禺大学城,,41,41,49,15,21,149,36,49,43,34,36,7,7,0.6,0.7
2022-09-28T03:00:00,3303A,113.4922,22.8168,广州市,南沙黄阁,,38,38,47,12,18,155,50,50,50,24,28,4,5,0.7,0.8
2022-09-28T03:00:00,3304A,113.5342,22.7896,广州市,南沙街,,36,36,38,15,18,153,50,51,51,20,20,6,7,0.7,0.8
2022-09-28T03:00:00,3305A,114.0731,22.559,深圳市,莲花,,29,29,28,10,13,102,72,71,71,10,14,6,6,0.7,0.7
2022-09-28T03:00:00,3306A,114.0261,22.6198,深圳市,民治,,26,26,30,8,10,117,63,66,64,13,12,6,6,0.5,0.5
2022-09-28T03:00:00,3307A,114.1871,22.6451,深圳市,横岗,,21,17,22,10,13,109,66,69,68,11,15,6,7,0.6,0.6
2022-09-28T03:00:00,3308A,113.3494,22.0569,珠海市,金湾,,29,29,27,12,15,100,71,69,69,6,11,6,6,0.3,0.4
2022-09-28T03:00:00,3311A,113.1075,22.5647,江门市,江海富民,,43,43,52,14,18,154,55,51,51,11,21,7,7,0.5,0.6
2022-09-28T03:00:00,3313A,112.4575,23.0166,肇庆市,高要湖西,,35,35,59,21,38,215,29,69,49,40,29,12,13,0.8,0.8
2022-09-28T03:00:00,3314A,114.4338,22.8134,惠州市,惠阳秋长,,29,29,33,14,15,104,72,74,72,7,12,5,4,0.6,0.7
2022-09-28T03:00:00,3315A,116.1233,24.2991,梅州市,梅龙,,31,31,21,16,13,76,72,71,71,8,9,6,7,0.6,0.6
2022-09-28T03:00:00,3317A,111.9765,21.8947,阳江市,两阳中学,,13,11,40,8,19,147,25,28,27,26,29,4,7,0.4,0.5
2022-09-28T03:00:00,3318A,112.9903,23.7403,清远市,清新太和,,30,30,43,19,31,156,59,54,54,16,19,5,7,0.7,0.9
2022-09-28T03:00:00,3319A,113.7338,23.0381,东莞市,万江金泰,,29,29,37,12,18,115,67,58,58,13,20,10,10,0.7,0.7
2022-09-28T03:00:00,3320A,116.403,23.5699,揭阳市,曲溪,,28,28,38,16,17,121,33,49,40,24,17,14,7,0.4,0.4
2022-09-28T03:00:00,3323A,115.2773,40.9724,张家口市,青少年活动中心,颗粒物(PM10),58,66,49,24,17,164,93,98,96,12,15,1,3,0.3,0.3
2022-09-28T03:00:00,3324A,116.8136,38.3004,沧州市,河北水利电力学院,细颗粒物(PM2.5),88,117,113,65,57,227,76,85,82,50,39,12,16,0.6,0.4
2022-09-28T03:00:00,3325A,117.0365,39.3828,天津市,雍阳西道,细颗粒物(PM2.5),105,139,115,79,58,260,100,100,100,43,36,13,14,0.6,0.6
2022-09-28T03:00:00,3326A,117.0296,39.0605,天津市,辛老路,细颗粒物(PM2.5),94,135,102,70,53,210,80,84,83,39,49,16,16,1.0,0.8
2022-09-28T03:00:00,3327A,116.9638,38.9375,天津市,地纬路,颗粒物(PM10),99,148,106,69,46,205,58,60,54,52,51,20,17,1.0,0.6
2022-09-28T03:00:00,3328A,118.4209,31.3707,芜湖市,市气象局,,32,32,42,14,24,158,48,62,55,26,22,12,11,0.6,0.7
2022-09-28T03:00:00,3329A,117.0108,32.5893,淮南市,山南新区,颗粒物(PM10),59,68,63,27,27,141,75,79,76,18,19,8,6,0.5,0.5
2022-09-28T03:00:00,3330A,116.8873,33.9836,淮北市,杜集区检察院,颗粒物(PM10),65,79,46,36,24,129,31,44,39,30,20,7,8,0.6,0.6
2022-09-28T03:00:00,3331A,118.3267,32.2634,滁州市,图书馆,,43,43,46,18,19,174,48,60,54,26,27,9,10,0.6,0.6
2022-09-28T03:00:00,3332A,115.7633,33.8034,亳州市,亳州学院,细颗粒物(PM2.5),107,110,62,80,36,132,29,20,20,26,19,5,7,0.7,0.5
2022-09-28T03:00:00,3333A,117.5627,30.695,池州市,第八中学,颗粒物(PM10),54,57,52,27,31,181,43,64,55,36,29,5,8,0.7,0.8
2022-09-28T03:00:00,3334A,117.5038,30.6243,池州市,第十二中学,,34,34,49,19,28,196,84,81,81,18,24,6,7,0.5,0.7
2022-09-28T03:00:00,3335A,113.3137,35.2641,焦作市,马村街道办(新增191226),颗粒物(PM10),79,108,104,51,38,187,56,38,38,41,33,12,7,0.6,0.7
2022-09-28T03:00:00,3336A,113.2465,35.2373,焦作市,焦作技师学院(新增200110),细颗粒物(PM2.5),98,138,105,73,43,186,64,70,51,54,31,49,10,1.2,0.5
2022-09-28T03:00:00,3337A,113.8614,34.0442,许昌市,许昌学院,细颗粒物(PM2.5),93,87,107,69,51,120,51,88,75,31,39,30,15,0.8,0.7
2022-09-28T03:00:00,3338A,113.843,34.0823,许昌市,芙蓉广场,细颗粒物(PM2.5),108,139,109,81,57,134,10,47,28,78,50,23,13,0.9,0.7
2022-09-28T03:00:00,3339A,114.0012,33.0412,驻马店市,小管楼,细颗粒物(PM2.5),117,115,135,88,76,143,60,68,62,33,38,8,12,0.7,0.7
2022-09-28T03:00:00,3340A,112.6005,34.6326,洛阳市,伊滨,,35,35,90,17,40,132,44,40,40,20,43,11,14,0.2,0.5
2022-09-28T03:00:00,3341A,112.4951,34.6332,洛阳市,中移产业园,,25,25,83,12,45,134,45,58,50,20,48,5,10,0,0.3
2022-09-28T03:00:00,3342A,128.4741,47.4346,伊春市,中心小学,臭氧1小时,83,45,33,31,11,186,186,181,181,6,7,10,7,1.0,0.7
2022-09-28T03:00:00,3343A,128.6871,47.7369,伊春市,检察院,臭氧1小时,78,77,34,37,18,184,182,184,183,7,8,7,10,0.8,0.3
2022-09-28T03:00:00,3344A,128.8431,47.8474,伊春市,双子河社区,臭氧1小时,63,40,34,40,16,170,170,164,164,11,10,11,10,0.8,0.6
2022-09-28T03:00:00,3345A,131.0577,45.7879,七台河市,中波台,,21,17,29,7,7,88,65,77,71,13,22,20,21,0.4,0.4
2022-09-28T03:00:00,3346A,108.3872,31.1628,重庆市,安康,,15,11,19,6,12,79,47,61,52,9,14,7,8,0.3,0.4
2022-09-28T03:00:00,3347A,105.9017,29.3569,重庆市,北山路,,48,16,18,33,19,56,46,46,46,8,16,5,6,0.5,0.4
2022-09-28T03:00:00,3348A,105.839,30.1946,重庆市,春阳街,,16,13,20,2,4,56,50,48,48,7,10,7,6,0.5,0.5
2022-09-28T03:00:00,3349A,107.7983,30.6758,重庆市,人民东路,,24,17,25,4,9,90,74,77,75,8,8,4,7,0.3,0.4
2022-09-28T03:00:00,3350A,106.6479,29.0244,重庆市,滩子口,,32,25,30,22,25,59,27,37,34,20,20,13,14,0.7,0.7
2022-09-28T03:00:00,3351A,105.7167,29.7076,重庆市,棠香,,14,12,14,5,9,64,42,47,45,7,7,5,6,0.3,0.3
2022-09-28T03:00:00,3352A,107.0732,29.8617,重庆市,桃源西路,,25,25,19,13,13,56,28,34,32,19,24,8,9,0.5,0.6
2022-09-28T03:00:00,3353A,107.3535,29.7287,重庆市,迎宾大道,,32,32,24,18,13,48,22,35,28,16,19,10,7,0.4,0.5
2022-09-28T03:00:00,3354A,108.815,29.5081,重庆市,舟白,,32,12,35,22,19,95,69,78,74,6,10,10,4,0.4,0.4
2022-09-28T03:00:00,3355A,108.3679,30.8426,重庆市,周家坝,,30,16,21,21,18,79,72,71,68,6,20,6,5,0.6,0.6
2022-09-28T03:00:00,3356A,108.4319,30.7555,重庆市,百安坝,,24,11,19,10,10,80,75,78,77,6,19,10,10,0.5,0.5
2022-09-28T03:00:00,3357A,104.0106,30.6931,成都市,金博路,,38,38,30,19,14,68,2,6,3,37,26,3,3,0.6,0.5
2022-09-28T03:00:00,3358A,103.8458,30.6994,成都市,临江路,,43,35,25,30,16,80,6,17,12,29,21,4,4,0.4,0.3
2022-09-28T03:00:00,3359A,104.0578,30.5225,成都市,华阳,,25,19,22,17,16,70,19,19,19,26,30,3,3,0.5,0.5
2022-09-28T03:00:00,3360A,104.7894,29.3194,自贡市,南湖救助站,,15,15,25,0,11,66,34,42,38,13,17,4,5,0.2,0.2
2022-09-28T03:00:00,3361A,103.7311,29.5628,乐山市,理工大学,,26,26,19,12,11,72,0,2,1,29,24,4,4,0.6,0.5
2022-09-28T03:00:00,3362A,120.5014,36.4034,青岛市,即墨2号,,29,29,27,13,12,164,80,91,85,19,21,3,4,0.2,0.3
2022-09-28T03:00:00,3363A,117.9883,36.8372,淄博市,新区,细颗粒物(PM2.5),83,97,110,61,54,273,50,62,55,57,72,14,18,1.3,1.4
2022-09-28T03:00:00,3364A,117.3152,34.8103,枣庄市,市环保局,颗粒物(PM10),84,117,73,48,25,148,17,25,22,65,38,12,14,0.6,0.6
2022-09-28T03:00:00,3365A,118.5719,37.565,东营市,垦利区民丰路,颗粒物(PM10),58,66,85,27,43,295,22,35,28,80,58,16,16,0.9,1.1
2022-09-28T03:00:00,3366A,121.5206,37.4336,烟台市,中国农业大学,,29,29,43,12,16,184,79,71,71,13,20,6,7,0.3,0.3
2022-09-28T03:00:00,3368A,119.1977,36.6872,潍坊市,高新实验学校,颗粒物(PM10),63,75,56,31,21,141,39,36,34,34,33,9,10,0.7,0.7
2022-09-28T03:00:00,3369A,118.3977,35.0278,临沂市,开发区幼儿园,,,,,,,,,,,,,,,,
2022-09-28T03:00:00,3370A,118.3564,35.0215,临沂市,十里堡居委,,39,39,42,24,23,141,70,68,68,18,27,49,13,0.5,0.6
2022-09-28T03:00:00,3371A,116.3728,37.4403,德州市,开发区人民医院,细颗粒物(PM2.5),103,119,93,77,53,225,86,132,109,41,38,10,11,0.5,0.5
2022-09-28T03:00:00,3372A,116.3572,37.4094,德州市,太阳城中学,细颗粒物(PM2.5),110,158,109,83,55,230,57,79,67,51,43,15,15,0.6,0.5
2022-09-28T03:00:00,3374A,115.5564,35.0891,菏泽市,定陶老年大学,颗粒物(PM10),70,90,89,48,42,170,55,54,52,36,34,32,21,0.7,0.7
2022-09-28T03:00:00,3375A,102.8017,24.8336,昆明市,青年创业园,,47,47,28,27,18,128,50,62,58,23,20,8,11,0.4,0.5
2022-09-28T03:00:00,3376A,103.7947,25.462,曲靖市,南苑二区,,46,46,34,30,22,138,97,95,95,8,10,8,8,0.6,0.6
2022-09-28T03:00:00,3377A,103.7444,25.5261,曲靖市,曲靖师范学院,,40,40,30,21,23,120,62,90,80,11,10,5,6,0.6,0.6
2022-09-28T03:00:00,3378A,122.371,40.6771,营口市,老边实验中学,,50,50,74,32,36,204,84,84,84,28,36,15,20,0.9,0.9
2022-09-28T03:00:00,3379A,122.1139,40.2278,营口市,鲅鱼圈市民活动中心,颗粒物(PM10),62,73,61,38,30,219,138,150,143,13,13,9,9,0.6,0.6
2022-09-28T03:00:00,3380A,102.8914,34.9617,甘南州,甘肃民族师范学院,,,8,10,8,8,113,,,,24,17,7,6,0.3,0.3
2022-09-28T03:00:00,3396A,112.0828,32.0067,襄阳市,襄城隆中路,,46,46,76,27,37,138,62,50,50,20,28,14,14,0.7,0.8
2022-09-28T03:00:00,3397A,112.1214,32.1008,襄阳市,高新台子湾,,30,26,78,21,41,126,51,54,52,23,34,11,11,0.5,0.7
2022-09-28T03:00:00,3398A,114.9136,30.4445,黄冈市,市林业局,,,45,65,,28,205,103,107,104,9,16,6,9,0.7,0.8
2022-09-28T03:00:00,3399A,112.6703,26.882,衡阳市,师范学院,细颗粒物(PM2.5),69,77,68,50,44,221,150,177,164,11,13,10,11,0.8,0.8
2022-09-28T03:00:00,3400A,109.1911,21.4415,北海市,龙潭自来水厂,细颗粒物(PM2.5),77,72,73,56,55,160,88,94,91,13,11,11,9,0.7,0.8
2022-09-28T03:00:00,3401A,108.4834,22.7618,南宁市,红星社区,颗粒物(PM10),75,100,86,50,50,168,32,49,43,56,33,24,15,1.0,0.9
2022-09-28T03:00:00,3402A,109.5422,24.3996,柳州市,市二中,细颗粒物(PM2.5),54,50,63,38,41,162,108,100,100,14,16,9,9,0.7,0.7
2022-09-28T03:00:00,3403A,110.1764,25.2381,桂林市,创业大厦,臭氧1小时,73,68,58,48,39,198,178,177,175,10,10,14,11,0.6,0.6
2022-09-28T03:00:00,3404A,108.5959,21.9633,钦州市,北职校,细颗粒物(PM2.5),79,99,89,58,56,201,79,90,86,21,16,17,12,1.2,1
2022-09-28T03:00:00,3405A,109.5886,23.1172,贵港市,新世纪学校,细颗粒物(PM2.5),53,53,77,37,43,190,110,110,110,9,16,8,11,0.8,0.9
2022-09-28T03:00:00,3406A,106.6085,23.8798,百色市,祈福高中,细颗粒物(PM2.5),58,51,63,41,39,170,46,43,43,12,17,8,15,0.8,0.7
2022-09-28T03:00:00,3407A,120.6916,30.7739,嘉兴市,秀洲住建,,19,16,25,8,12,123,60,72,68,33,26,4,4,0.4,0.4
2022-09-28T03:00:00,3408A,120.5683,29.9361,绍兴市,绍兴中专,,36,36,38,16,20,169,42,63,55,32,22,8,8,0.4,0.5
2022-09-28T03:00:00,3409A,120.4906,30.0861,绍兴市,柯桥区政府,,20,19,32,14,16,148,64,77,70,22,20,6,8,0.6,0.6
2022-09-28T03:00:00,3410A,120.8752,30.0249,绍兴市,重华小学,,46,46,34,16,17,146,58,68,64,20,15,18,10,0.7,0.7
2022-09-28T03:00:00,3411A,120.8369,30.0137,绍兴市,上虞中学,,47,47,36,20,18,157,65,74,70,16,14,14,9,0.8,0.7
2022-09-28T03:00:00,3413A,118.1953,28.4401,上饶市,广丰区教体局,颗粒物(PM10),51,52,56,29,31,192,108,115,112,20,19,17,17,0.7,0.6
2022-09-28T03:00:00,3415A,114.4519,28.0828,宜春市,万载县环保局,颗粒物(PM10),62,74,84,40,44,207,59,106,78,60,35,22,24,0.9,1
2022-09-28T03:00:00,3416A,119.1755,36.7149,潍坊市,潍坊学院,颗粒物(PM10),56,61,56,24,17,150,60,55,55,23,28,8,7,0.8,0.7
2022-09-28T03:00:00,3417A,117.0709,40.1465,北京市,平谷新城,细颗粒物(PM2.5),72,80,89,52,50,250,56,64,60,11,17,3,3,0.5,0.6
2022-09-28T03:00:00,3418A,116.8336,40.4095,北京市,密云新城,颗粒物(PM10),68,86,97,45,49,249,119,93,93,9,25,3,3,0.5,0.6
2022-09-28T03:00:00,3419A,109.9447,40.6261,包头市,包头市委党校,,49,49,60,17,24,128,6,7,5,85,52,21,40,1.0,0.9
2022-09-28T03:00:00,3421A,113.1775,40.9779,乌兰察布市,市委党校,颗粒物(PM10),51,52,45,21,15,146,11,33,17,82,51,18,18,0.4,0.5
2022-09-28T03:00:00,3422A,118.8436,31.9198,南京市,江宁彩虹桥,,49,49,42,19,18,168,40,52,45,33,22,5,5,0.5,0.5
2022-09-28T03:00:00,3423A,119.0138,31.6494,南京市,溧水永阳,,25,22,41,17,25,152,50,60,55,23,22,6,7,0.6,0.7
2022-09-28T03:00:00,3424A,118.879,31.3302,南京市,高淳老职中,,41,41,35,13,22,152,40,57,47,31,25,6,6,0.4,0.6
2022-09-28T03:00:00,3425A,120.624,31.1733,苏州市,越秀幼儿园,细颗粒物(PM2.5),52,37,36,36,16,138,56,62,60,33,28,6,7,0.6,0.6
2022-09-28T03:00:00,3426A,118.8755,33.2894,淮安市,新华书店,,32,32,33,18,19,121,54,49,49,15,18,6,6,0.5,0.5
2022-09-28T03:00:00,3427A,118.8554,32.3578,南京市,六合雄州,,33,33,33,23,23,138,44,50,48,16,22,7,7,0.5,0.6
2022-09-28T03:00:00,3428A,120.3142,31.4753,无锡市,华庄,颗粒物(PM10),54,58,42,35,20,123,75,72,72,15,27,6,6,0.5,0.5
2022-09-28T03:00:00,3429A,119.8598,31.7066,常州市,武进经发区,细颗粒物(PM2.5),52,47,34,36,20,135,80,69,69,17,28,4,7,0.6,0.9
2022-09-28T03:00:00,3430A,119.5826,31.7245,常州市,金坛城区,,43,43,41,26,24,143,46,42,42,31,36,6,7,0.8,0.8
2022-09-28T03:00:00,3431A,120.6505,31.416,苏州市,高铁新城,,43,41,23,30,12,138,72,83,78,21,16,7,6,0.6,0.6
2022-09-28T03:00:00,3432A,120.9348,31.9883,南通市,环境教育馆,,45,39,23,31,16,123,55,55,55,28,18,2,2,0.5,0.4
2022-09-28T03:00:00,3434A,119.2413,34.6539,连云港市,工贸学校,,36,13,17,6,10,130,114,107,107,1,7,2,3,0.5,0.6
2022-09-28T03:00:00,3435A,119.9192,32.4322,泰州市,周山河街区,,42,33,26,29,17,122,91,73,73,9,12,7,7,0.6,0.5
2022-09-28T03:00:00,3436A,120.4279,33.205,盐城市,大丰高级中学,,31,31,31,19,13,134,57,130,91,25,15,6,7,0.6,0.5
2022-09-28T03:00:00,3437A,88.3118,43.3658,乌鲁木齐市,达坂城区环保局,,,,177,58,33,126,77,98,89,5,8,2,3,0.2,0.2
2022-09-28T03:00:00,3438A,87.6162,43.8801,乌鲁木齐市,红光山片区,颗粒物(PM10),178,305,207,29,17,125,61,70,62,26,17,4,5,0.3,0.3
2022-09-28T03:00:00,3439A,87.7024,43.8004,乌鲁木齐市,新师大温泉校区,颗粒物(PM10),176,302,251,45,39,140,84,81,81,4,5,6,6,0.2,0.2
2022-09-28T03:00:00,3440A,87.4921,43.8411,乌鲁木齐市,大绿谷,颗粒物(PM10),205,353,203,66,40,122,52,39,39,35,23,5,8,0.4,0.5
2022-09-28T03:00:00,3441A,87.546,44.1912,五家渠市,经开区管委会,颗粒物(PM10),329,443,254,72,44,131,49,50,50,17,19,5,7,0.5,0.5
2022-09-28T03:00:00,3442A,86.047,44.2331,石河子市,南区管委会,颗粒物(PM10),148,246,147,22,26,114,79,81,80,13,11,9,10,0.7,0.8
2022-09-28T03:00:00,3443A,113.2902,23.5544,广州市,花都梯面,,35,35,44,20,31,153,3,20,12,35,26,6,7,0.6,0.6
2022-09-28T03:00:00,3444A,116.454,23.2684,汕头市,潮南峡山,,21,12,22,7,10,106,67,63,63,4,8,7,8,0.5,0.5
2022-09-28T03:00:00,3445A,113.7858,23.7478,广州市,从化良口,,25,25,31,17,23,128,18,33,24,24,14,5,6,0.5,0.5
2022-09-28T03:00:00,3446A,113.8051,23.2614,广州市,增城荔城,,44,44,42,21,25,118,39,58,46,17,13,12,9,0.5,0.6
2022-09-28T03:00:00,3447A,114.3551,22.7151,深圳市,坪山,,38,38,38,18,16,104,61,65,64,11,16,7,7,0.5,0.5
2022-09-28T03:00:00,3448A,113.5433,22.1163,珠海市,横琴,,36,31,27,25,16,103,69,76,74,9,11,7,7,0.1,0.2
2022-09-28T03:00:00,3449A,113.05,22.4667,江门市,新会银湖,,21,21,34,8,15,149,18,39,31,32,26,4,5,0.6,0.6
2022-09-28T03:00:00,3450A,111.01,21.5165,茂名市,电白水东,,19,19,53,9,29,149,47,63,55,8,14,4,10,0.4,0.6
2022-09-28T03:00:00,3451A,112.5617,23.2083,肇庆市,鼎湖凤凰,,37,37,45,25,31,204,40,52,45,14,13,5,6,0.5,0.6
2022-09-28T03:00:00,3452A,114.6517,22.775,惠州市,大亚湾霞涌,,33,33,31,10,13,104,69,71,70,8,9,5,6,0.5,0.5
2022-09-28T03:00:00,3453A,112.0125,21.8749,阳江市,阳东陶然,,15,9,45,5,24,144,47,52,50,6,12,4,7,0.5,0.7
2022-09-28T03:00:00,3454A,113.3528,22.478,中山市,中山南区,,21,17,23,9,11,150,66,71,67,13,17,7,6,0.5,0.5
2022-09-28T03:00:00,3455A,113.076,23.7198,清远市,清城东城,,45,45,49,31,31,158,32,31,31,22,17,11,9,0.8,0.8
2022-09-28T03:00:00,3456A,114.289,38.0906,石家庄市,鹿泉一中,颗粒物(PM10),82,114,98,42,46,224,84,61,61,33,38,8,13,1.2,1
2022-09-28T03:00:00,3457A,118.4359,39.2762,唐山市,冀东油田职工医院,颗粒物(PM10),70,90,113,50,60,245,135,116,116,26,40,6,10,0.5,0.5
2022-09-28T03:00:00,3458A,114.7895,36.5593,邯郸市,香泉濮院小区,"颗粒物(PM10),细颗粒物(PM2.5)",95,139,108,71,54,188,69,84,75,30,28,18,23,0.4,0.4
2022-09-28T03:00:00,3459A,115.5989,37.5491,衡水市,地表水厂,细颗粒物(PM2.5),94,88,74,70,44,209,49,51,44,47,36,13,14,0.6,0.6
2022-09-28T03:00:00,3460A,117.4067,40.0583,天津市,北环路,细颗粒物(PM2.5),89,111,96,66,57,256,133,138,136,18,20,8,10,0.8,0.8
2022-09-28T03:00:00,3461A,117.3045,39.7169,天津市,建设路,细颗粒物(PM2.5),137,172,131,104,78,270,3,78,37,105,58,9,12,1.1,0.8
2022-09-28T03:00:00,3462A,117.8199,39.3521,天津市,滨水东路,细颗粒物(PM2.5),107,113,97,80,60,240,94,111,105,52,48,20,14,0.8,0.9
2022-09-28T03:00:00,3463A,116.9708,33.591,宿州市,社会福利中心,颗粒物(PM10),63,75,66,42,34,130,37,43,40,46,29,5,4,0.4,0.4
2022-09-28T03:00:00,3464A,117.3803,31.9147,合肥市,高教基地,,40,40,44,21,21,160,51,68,62,21,19,2,3,0.3,0.5
2022-09-28T03:00:00,3465A,118.4781,31.3225,芜湖市,清苑社区,,30,30,37,12,22,162,44,62,53,32,24,7,7,0.5,0.6
2022-09-28T03:00:00,3466A,118.2746,31.2326,芜湖市,扬子职业技术学院,,37,37,40,17,22,163,51,69,59,32,24,9,9,0.5,0.6
2022-09-28T03:00:00,3468A,115.7901,32.8613,阜阳市,市规划展馆,颗粒物(PM10),72,93,56,41,27,130,67,73,70,32,22,18,12,1.2,0.6
2022-09-28T03:00:00,3469A,115.836,32.9183,阜阳市,枣园社区,颗粒物(PM10),65,80,61,46,29,129,37,69,55,47,26,13,11,1.5,0.7
2022-09-28T03:00:00,3470A,118.7724,30.9141,宣城市,夏渡子站,,36,36,40,16,19,144,37,53,45,35,24,7,6,0.5,0.5
2022-09-28T03:00:00,3471A,113.616563,34.86783,郑州市,惠济区政府,颗粒物(PM10),95,140,115,70,49,172,13,56,37,92,65,13,11,0.9,0.7
2022-09-28T03:00:00,3473A,114.2485,34.8306,开封市,技师学院,颗粒物(PM10),84,118,92,57,33,156,53,102,76,43,26,14,13,0.8,0.6
2022-09-28T03:00:00,3474A,114.2617,35.6822,鹤壁市,大新区,细颗粒物(PM2.5),83,99,97,61,43,178,41,35,35,48,57,22,12,0.7,0.6
2022-09-28T03:00:00,3475A,113.9188,35.3045,新乡市,市政府,细颗粒物(PM2.5),123,110,83,93,59,192,44,68,56,59,36,10,9,0.8,0.6
2022-09-28T03:00:00,3476A,113.9135,35.3327,新乡市,河师大,颗粒物(PM10),115,180,113,80,52,185,24,69,44,76,49,16,15,1.0,0.9
2022-09-28T03:00:00,3477A,113.1656,35.2539,焦作市,中站许衡医院(新增191226),颗粒物(PM10),60,69,91,39,41,193,105,121,114,25,45,7,9,0.7,0.6
2022-09-28T03:00:00,3478A,113.9749,33.5664,漯河市,市图书馆,细颗粒物(PM2.5),165,157,133,125,79,151,51,58,53,25,39,11,14,1.0,1
2022-09-28T03:00:00,3479A,114.0967,33.5906,漯河市,召陵区卫健委,细颗粒物(PM2.5),128,146,142,97,71,133,9,11,9,63,49,8,13,0.8,0.7
2022-09-28T03:00:00,3480A,129.1368,47.6417,伊春市,美溪镇,,34,34,24,15,11,106,77,85,79,12,12,7,11,0.9,1
2022-09-28T03:00:00,3481A,125.141,46.634,大庆市,萨区政府监测点,颗粒物(PM10),61,72,43,37,22,164,138,150,144,5,7,5,6,1.0,0.7
2022-09-28T03:00:00,3482A,107.7541,29.3277,重庆市,芙蓉中路,,20,20,19,7,7,49,5,8,7,22,22,15,10,0.2,0.2
2022-09-28T03:00:00,3483A,108.7661,29.5368,重庆市,西山,,25,17,23,17,19,110,45,32,32,11,14,8,6,0.4,0.4
2022-09-28T03:00:00,3484A,106.2628,29.32,重庆市,行政中心,,18,18,30,9,16,55,38,44,41,12,22,4,4,0.6,0.6
2022-09-28T03:00:00,3485A,107.0944,29.1608,重庆市,高寺路,,14,14,17,2,10,48,40,42,41,11,21,8,6,0.7,0.8
2022-09-28T03:00:00,3486A,124.4036,43.1411,四平市,植物园,"颗粒物(PM10),臭氧1小时",63,75,79,29,38,211,170,170,170,15,32,11,10,0.6,0.7
2022-09-28T03:00:00,3487A,104.2394,30.5319,成都市,车城东七路,,35,35,21,20,12,87,38,32,32,23,23,4,3,0.5,0.4
2022-09-28T03:00:00,3488A,104.3853,30.7453,成都市,青白江技师分院,,35,33,22,24,16,76,17,10,10,39,27,10,7,0.5,0.5
2022-09-28T03:00:00,3489A,104.0789,30.4072,成都市,科学城,,28,28,21,17,14,74,18,13,13,29,27,5,5,0.6,0.6
2022-09-28T03:00:00,3490A,105.3617,28.7703,泸州市,纳溪区环保局,,32,21,20,22,14,71,37,31,31,13,22,3,3,0.5,0.5
2022-09-28T03:00:00,3491A,104.69,31.5322,绵阳市,西科大附属小学,,15,13,10,6,4,83,8,45,22,30,18,4,3,0.5,0.5
2022-09-28T03:00:00,3492A,104.5648,31.5343,绵阳市,安州区旅游局,,39,39,32,4,10,82,16,19,17,23,18,9,7,0.5,0.5
2022-09-28T03:00:00,3494A,117.1673,36.9782,济南市,济阳区政府,颗粒物(PM10),79,107,102,51,41,270,91,151,122,57,53,11,13,0.7,0.7
2022-09-28T03:00:00,3495A,117.1171,36.63,济南市,锦屏中学,细颗粒物(PM2.5),59,66,77,42,37,269,102,112,108,34,28,6,9,0.5,0.6
2022-09-28T03:00:00,3496A,118.3604,35.1084,临沂市,南坊新区,,41,41,43,22,18,154,74,70,70,17,31,14,9,0.7,0.8
2022-09-28T03:00:00,3498A,118.5055,37.8612,东营市,河口城区,,48,48,77,29,47,286,70,107,89,23,25,7,10,0.9,1.1
2022-09-28T03:00:00,3500A,116.5814,35.3707,济宁市,北湖一中,颗粒物(PM10),53,56,64,34,35,190,82,77,77,22,27,16,19,0.4,0.5
2022-09-28T03:00:00,3501A,116.8249,35.5593,济宁市,服务中心,颗粒物(PM10),70,89,82,39,38,198,61,57,53,48,45,19,17,0.5,0.5
2022-09-28T03:00:00,3502A,117.1812,36.2275,泰安市,国网新校,颗粒物(PM10),72,93,83,46,38,216,54,72,61,31,27,7,9,0.7,0.6
2022-09-28T03:00:00,3503A,117.0313,36.2018,泰安市,交通技校,细颗粒物(PM2.5),88,88,85,65,54,211,40,30,30,53,58,10,10,0.7,0.7
2022-09-28T03:00:00,3504A,117.0829,36.13,泰安市,山东第一医科大学,颗粒物(PM10),96,141,111,64,46,225,32,23,23,65,55,19,14,0.8,0.7
2022-09-28T03:00:00,3505A,122.1379,37.3414,威海市,临港区管委会,,35,9,29,7,12,167,111,114,112,7,16,3,4,0.2,0.3
2022-09-28T03:00:00,3507A,119.5328,35.4625,日照市,职业技术学院,,29,29,19,14,8,125,41,54,41,22,22,5,5,0.2,0.2
2022-09-28T03:00:00,3511A,116.5652,37.3319,德州市,陵城艺术中心,细颗粒物(PM2.5),99,122,94,74,48,255,96,136,116,34,31,16,14,0.6,0.7
2022-09-28T03:00:00,3512A,116.049,36.4674,聊城市,华润纺织,颗粒物(PM10),82,113,92,59,39,216,75,116,96,32,23,18,19,0.7,0.7
2022-09-28T03:00:00,3513A,116.0445,36.4361,聊城市,九州社区,细颗粒物(PM2.5),89,122,85,66,41,199,45,46,46,30,23,17,25,0.7,0.7
2022-09-28T03:00:00,3514A,117.9378,37.3956,滨州市,中海酒店,细颗粒物(PM2.5),117,122,106,88,63,244,81,44,44,54,49,20,23,0.9,0.9
2022-09-28T03:00:00,3515A,117.9378,37.3553,滨州市,开发区一中,细颗粒物(PM2.5),99,123,125,74,64,230,116,81,81,41,56,30,25,0.8,0.9
2022-09-28T03:00:00,3516A,118.0917,37.694,滨州市,金海六路,细颗粒物(PM2.5),98,121,117,73,65,254,20,63,41,68,53,15,16,0.8,0.8
2022-09-28T03:00:00,3520A,106.3495,38.9836,石嘴山市,妇女儿童医院,颗粒物(PM10),52,54,70,26,32,173,54,55,54,32,38,14,40,0.4,1.2
2022-09-28T03:00:00,3521A,106.7492,39.2069,石嘴山市,石大公路,颗粒物(PM10),51,52,90,19,37,149,43,34,34,31,46,6,16,0.4,0.8
2022-09-28T03:00:00,3522A,106.2177,35.9959,固原市,原州区十五小,,23,13,22,8,11,95,71,67,67,8,8,6,6,0.4,0.5
2022-09-28T03:00:00,3523A,106.5105,38.3856,银川市,滨河新区,颗粒物(PM10),61,72,49,41,17,132,23,28,26,43,24,40,19,0.7,0.5
2022-09-28T03:00:00,3524A,108.6116,34.1164,西安市,文体局,,24,24,40,6,18,102,15,39,31,41,23,5,5,0.3,0.3
2022-09-28T03:00:00,3525A,108.6396,34.4078,咸阳市,奥体中心,颗粒物(PM10),55,60,77,21,32,100,1,1,1,41,31,5,6,0.8,0.8
2022-09-28T03:00:00,3526A,119.5189,25.9664,福州市,吴航,,15,5,24,3,15,121,48,77,65,4,9,5,7,0.3,0.3
2022-09-28T03:00:00,3527A,118.0958,24.5688,厦门市,集美中学,,28,28,26,16,11,119,44,42,42,16,12,5,3,0.3,0.3
2022-09-28T03:00:00,3528A,118.1493,24.7245,厦门市,同安二实小,,36,36,27,10,10,128,29,49,36,25,18,5,4,0.3,0.3
2022-09-28T03:00:00,3529A,118.6333,24.9264,泉州市,城华南路,,26,26,25,12,10,109,50,58,54,8,8,10,8,0.5,0.4
2022-09-28T03:00:00,3530A,117.6296,24.5314,漳州市,西洋坪路,,42,42,33,21,16,145,1,13,5,39,18,4,4,0.6,0.5
2022-09-28T03:00:00,3531A,110.296,25.1253,桂林市,旅游学院,细颗粒物(PM2.5),55,56,56,39,35,198,162,159,159,10,12,13,12,0.5,0.5
2022-09-28T03:00:00,3532A,110.1945,22.6831,玉林市,玉林师范学院东校区,细颗粒物(PM2.5),70,73,72,51,51,165,80,88,85,27,23,14,11,0.8,0.8
2022-09-28T03:00:00,3533A,110.0527,22.5893,玉林市,福绵环保局,细颗粒物(PM2.5),75,84,81,55,51,162,57,53,53,28,22,7,7,0.9,0.9
2022-09-28T03:00:00,3534A,111.4744,24.4553,贺州市,西湾,细颗粒物(PM2.5),79,66,79,58,52,211,86,78,78,21,22,11,11,0.9,1
2022-09-28T03:00:00,3535A,109.1781,23.7297,来宾市,兴宾区政府,颗粒物(PM10),68,85,79,43,42,191,62,70,64,15,15,8,9,0.9,0.9
2022-09-28T03:00:00,3536A,106.8547,27.5919,遵义市,第十二小学,,20,20,21,13,15,66,54,50,50,10,12,2,3,0.3,0.5
2022-09-28T03:00:00,3537A,105.3631,27.3533,毕节市,长征村,,23,8,5,6,3,76,72,75,74,5,7,5,5,0.4,0.5
2022-09-28T03:00:00,3538A,107.5175,26.2978,黔南布依族苗族自治州,沙坝,,19,17,36,9,23,136,58,59,58,6,9,4,5,0.6,0.7
2022-09-28T03:00:00,3539A,110.5111,19.9736,海口市,桂林洋子站,,18,18,20,3,8,143,47,54,51,2,2,2,2,0.5,0.5
2022-09-28T03:00:00,3540A,109.7348,18.3443,三亚市,君悦子站,,32,32,31,13,16,141,62,61,60,4,6,1,1,0.3,0.3
2022-09-28T03:00:00,3541A,109.5726,19.5167,儋州市,第一中学子站,,14,0,25,1,14,105,43,38,38,5,9,2,4,0.6,0.7
2022-09-28T03:00:00,3542A,109.5567,19.5187,儋州市,东坡学校子站,,15,12,28,1,14,124,48,46,46,4,9,4,4,0.5,0.7
2022-09-28T03:00:00,3544A,121.4891,30.925,上海市,奉贤南桥新城,,23,23,25,10,10,127,60,76,68,24,15,6,5,0.5,0.5
2022-09-28T03:00:00,3545A,110.8054,32.8401,十堰市,郧阳区金沙路,,26,14,30,18,21,84,39,46,41,5,12,6,6,0.5,0.6
2022-09-28T03:00:00,3546A,111.4606,30.552,宜昌市,猇亭区张家湾站,,41,41,49,23,24,83,76,73,73,23,36,9,11,0.7,0.6
2022-09-28T03:00:00,3547A,112.1632,31.0138,荆门市,龙泉中学南校,,34,34,53,18,26,165,82,88,82,24,17,9,11,1.0,0.7
2022-09-28T03:00:00,3548A,112.1655,30.3364,荆州市,学苑路,,35,35,72,18,46,195,102,110,106,11,19,6,7,0.8,0.9
2022-09-28T03:00:00,3549A,109.5061,30.3772,恩施土家族苗族自治州,龙凤新区,,24,24,22,13,13,77,27,28,27,6,9,7,6,0.8,0.9
2022-09-28T03:00:00,3550A,102.7997,24.9786,昆明市,昆明学院,,50,50,29,33,18,126,68,70,65,15,19,10,7,0.6,0.5
2022-09-28T03:00:00,3551A,102.5967,24.6736,昆明市,晋宁区生态环境分局,,35,23,29,24,19,136,71,94,82,13,12,8,8,0.5,0.9
2022-09-28T03:00:00,3552A,102.6678,24.9856,昆明市,云天化总部,,42,40,24,29,16,131,73,71,71,17,15,8,8,0.5,0.6
2022-09-28T03:00:00,3557A,119.9464,30.0494,杭州市,镇二中,,29,22,42,12,22,201,90,104,98,18,26,7,8,0.4,0.5
2022-09-28T03:00:00,3558A,119.7183,30.2367,杭州市,市府大楼,,29,23,40,5,18,190,92,88,88,15,20,6,6,0.5,0.6
2022-09-28T03:00:00,3560A,120.4722,30.0415,绍兴市,柯桥妇保,,39,39,37,20,19,158,74,93,84,20,18,10,8,0.5,0.6
2022-09-28T03:00:00,3561A,120.6985,27.9251,温州市,茶山,,37,37,39,25,20,116,69,86,79,14,16,5,6,0.4,0.4
2022-09-28T03:00:00,3562A,120.4148,30.8538,湖州市,南浔区站,,28,28,32,13,14,123,61,63,62,27,26,7,6,0.3,0.4
2022-09-28T03:00:00,3564A,121.2568,28.6681,台州市,台州科技职业学院,,33,33,41,16,18,132,52,80,61,33,19,6,7,0.5,0.4
2022-09-28T03:00:00,3565A,113.1367,40.1122,大同市,云冈站,颗粒物(PM10),53,55,75,21,24,153,16,14,14,54,41,34,28,0.6,0.6
2022-09-28T03:00:00,3566A,113.1186,40.2556,大同市,图书馆,,43,43,80,21,26,161,36,40,38,16,19,10,10,0.5,0.6
2022-09-28T03:00:00,3567A,113.5931,40.0461,大同市,区一中,颗粒物(PM10),70,90,85,30,25,166,44,54,49,26,31,33,24,1.0,0.9
2022-09-28T03:00:00,3568A,113.06,36.0464,长治市,向阳小学,细颗粒物(PM2.5),67,71,84,48,47,187,106,128,121,20,33,12,15,0.7,0.7
2022-09-28T03:00:00,3569A,112.8792,36.3144,长治市,屯留一中,细颗粒物(PM2.5),85,98,67,63,46,174,6,58,24,59,42,13,16,0.8,1
2022-09-28T03:00:00,3570A,113.235,36.3489,长治市,潞城四中,细颗粒物(PM2.5),88,116,115,65,55,161,5,9,8,85,64,14,15,1.7,1.3
2022-09-28T03:00:00,3571A,112.2931,39.53,朔州市,一水厂,颗粒物(PM10),64,77,113,18,30,134,16,108,52,79,44,9,24,0.4,0.5
2022-09-28T03:00:00,3572A,114.6419615,37.9001925,石家庄市,栾城区政府,颗粒物(PM10),81,111,110,48,51,207,43,74,61,46,46,7,9,0.7,0.8
2022-09-28T03:00:00,3573A,114.8506765,38.0322033,石家庄市,藁城区实验学校,细颗粒物(PM2.5),79,104,115,58,54,224,70,96,83,42,43,11,14,0.4,0.5
2022-09-28T03:00:00,3574A,114.0504658,38.0591645,石家庄市,井陉矿区区委大楼,颗粒物(PM10),90,129,118,62,56,244,32,82,62,63,48,9,22,1.1,1
2022-09-28T03:00:00,3575A,118.09279,39.58089,唐山市,正泰大街热力站,细颗粒物(PM2.5),97,112,97,72,63,245,58,136,96,44,43,6,11,0.6,0.6
2022-09-28T03:00:00,3576A,118.1562,39.8322,唐山市,丰润区政府,颗粒物(PM10),126,202,123,85,63,244,7,7,7,78,58,3,7,0.5,1
2022-09-28T03:00:00,3577A,118.43673,39.73809,唐山市,金山小学,细颗粒物(PM2.5),119,136,111,90,59,253,52,88,62,44,48,3,7,0.9,0.9
2022-09-28T03:00:00,3578A,118.24498,39.66941,唐山市,政府服务中心,细颗粒物(PM2.5),125,169,127,95,62,255,2,116,52,122,57,7,10,0.8,0.8
2022-09-28T03:00:00,3579A,114.50634,36.77178,邯郸市,永年区实验高中,颗粒物(PM10),93,136,121,61,45,192,67,74,72,38,53,15,16,1.1,1.4
2022-09-28T03:00:00,3580A,114.20016,36.44293,邯郸市,峰峰矿区临水派出所,颗粒物(PM10),79,108,106,49,43,194,91,92,91,30,30,10,10,1.3,1.2
2022-09-28T03:00:00,3581A,115.31981,38.95208,保定市,满城区生态环境分局,细颗粒物(PM2.5),119,147,160,90,82,288,89,92,91,37,43,7,6,0.7,0.8
2022-09-28T03:00:00,3582A,115.47694,38.76408,保定市,清苑区第二中学,颗粒物(PM10),85,120,148,54,68,246,88,84,84,34,56,13,20,0.5,0.6
2022-09-28T03:00:00,3583A,115.62909,39.02311,保定市,徐水物探局,颗粒物(PM10),72,94,131,46,51,256,67,34,34,63,67,12,13,0.6,0.7
2022-09-28T03:00:00,3590A,113.8374,34.5589,郑州市,北区建设指挥部,颗粒物(PM10),98,145,104,59,44,187,26,70,48,76,40,22,19,0.8,0.7
2022-09-28T03:00:00,3591A,113.30952,34.803229,郑州市,上街区政府,颗粒物(PM10),100,149,126,62,60,170,47,47,46,45,51,32,17,1.4,1.1
2022-09-28T03:00:00,3592A,114.4644,34.7556,开封市,祥符区生态环境局,颗粒物(PM10),99,147,106,58,42,151,34,43,40,54,48,11,9,0.5,0.4
2022-09-28T03:00:00,3593A,112.5736,34.8993,洛阳市,吉利监测站,颗粒物(PM10),65,80,97,41,50,185,9,8,8,64,53,2,7,0.7,0.8
2022-09-28T03:00:00,3594A,112.8867,33.9116,平顶山市,石龙区,颗粒物(PM10),56,62,119,19,38,140,16,12,12,70,65,6,25,0.3,0.5
2022-09-28T03:00:00,3596A,114.1572,35.9603,鹤壁市,南山宾馆,颗粒物(PM10),105,160,117,73,48,186,49,76,67,55,37,23,27,1.1,1
2022-09-28T03:00:00,3597A,113.8134,34.1251,许昌市,建安区兴业大厦,细颗粒物(PM2.5),103,147,112,77,54,133,27,35,28,47,42,30,17,1.0,0.8
2022-09-28T03:00:00,3598A,111.1,34.7167,三门峡市,富达温泉假日酒店,,22,19,54,15,25,169,22,26,24,22,24,8,13,0.8,0.8
2022-09-28T03:00:00,3599A,106.2649,29.9851,重庆市,书院路,,19,19,21,9,8,62,46,45,45,10,13,9,11,0.3,0.4
2022-09-28T03:00:00,3600A,106.2339,29.5559,重庆市,虎峰,,16,16,27,6,14,59,46,47,47,6,12,1,2,0.4,0.4
2022-09-28T03:00:00,3601A,106.0499,29.8342,重庆市,龙门街,,17,7,20,7,12,63,52,56,55,8,13,5,6,0.4,0.2
2022-09-28T03:00:00,3604A,119.3266,35.1044,日照市,岚山环保分局,,29,14,20,2,7,121,91,101,97,8,19,4,8,0.4,0.7
2022-09-28T03:00:00,3605A,109.09,34.5236,西安市,无线电监控中心,,36,36,96,10,32,94,5,4,4,52,48,11,11,0.3,0.5
2022-09-28T03:00:00,3610A,105.5933,29.4105,重庆市,昌元,,26,12,18,18,13,62,28,27,26,11,14,4,6,0.5,0.5
2022-09-28T03:00:00,3612A,85.1045,45.6899,克拉玛依市,白碱滩区新站,,25,21,62,4,20,110,80,86,83,2,7,5,5,0.2,0.2
2022-09-28T03:00:00,3613A,87.3095,44.0142,昌吉州,亚心广场,颗粒物(PM10),175,300,235,58,41,130,57,54,54,24,24,5,5,0.5,0.4
2022-09-28T03:00:00,3614A,79.924,37.0877,和田地区,地区环保局,颗粒物(PM10),54,58,71,17,21,127,97,101,100,5,8,3,2,0.2,0.2
2022-09-28T03:00:00,3615A,79.9131,37.113,和田地区,市环保局,,50,50,81,24,24,126,79,71,71,6,12,3,2,0.5,0.5
2022-09-28T03:00:00,3616A,106.7616,31.8344,巴中市,市中心医院,,16,16,11,11,7,82,4,5,5,24,19,5,5,0.5,0.5
2022-09-28T03:00:00,3617A,105.8047,32.4166,广元市,经开区,,22,22,13,10,7,77,3,5,3,33,25,7,5,0.5,0.5
2022-09-28T03:00:00,3618A,112.4701,37.782,太原市,金胜,颗粒物(PM10),91,132,113,51,42,204,5,13,8,79,57,8,13,0.9,0.9
2022-09-28T03:00:00,3619A,113.617,37.8571,阳泉市,龙柱,颗粒物(PM10),108,166,111,64,48,194,2,3,2,91,66,90,52,1.8,1.2
2022-09-28T03:00:00,3620A,112.8271,35.4828,晋城市,泽州一中,颗粒物(PM10),98,146,181,56,45,177,70,70,70,31,43,8,13,1.3,1.5
2022-09-28T03:00:00,3621A,106.8288,39.6778,乌海市,聚英学校,颗粒物(PM10),98,146,133,36,34,190,57,56,56,46,49,106,55,1.3,1.2
2022-09-28T03:00:00,3622A,113.5556,24.8082,韶关市,碧湖山庄,细颗粒物(PM2.5),74,93,71,54,42,163,47,67,58,19,12,32,24,0.8,0.7
2022-09-28T03:00:00,3623A,113.8953,22.5861,深圳市,西乡,,26,26,36,7,12,100,58,56,56,9,16,4,4,0.4,0.5
2022-09-28T03:00:00,3624A,116.4069,23.2533,汕头市,潮南子站,,20,13,28,8,13,101,61,58,58,5,11,11,11,0.5,0.5
2022-09-28T03:00:00,3625A,113.2544,22.7642,佛山市,容桂街道办,,22,22,37,5,14,152,53,51,51,16,19,5,5,0.7,0.8
2022-09-28T03:00:00,3626A,113.7533,23.0202,东莞市,南城元岭,,41,41,44,14,19,122,60,44,44,22,24,10,10,0.7,0.8
2022-09-28T03:00:00,3627A,113.7875,23.0457,东莞市,东城主山,,34,34,41,13,19,122,68,63,63,19,23,9,9,0.5,0.6
2022-09-28T03:00:00,3628A,112.0336,22.9374,云浮市,文笔,,43,43,79,20,36,212,70,77,71,20,30,12,21,0.5,0.8
2022-09-28T03:00:00,3629A,101.8305,36.5786,西宁市,世纪职校,,34,34,52,19,33,115,27,31,30,22,30,3,8,0.6,0.9
2022-09-28T03:00:00,3630A,101.7413,36.6397,西宁市,师大城西校区,,42,42,61,23,42,109,18,12,12,41,52,6,12,1.6,1.6
2022-09-28T03:00:00,3631A,114.6063,38.0266,石家庄市,高新区,,,,,,,,,,,,,,,,
2022-09-28T03:00:00,3633A,118.4918,31.6809,马鞍山市,雨山,,25,20,45,17,25,156,51,63,58,21,20,9,9,0.7,0.9
2022-09-28T03:00:00,3634A,116.9884,33.6305,宿州市,宿州学院,颗粒物(PM10),69,88,69,39,25,128,20,24,23,70,35,4,4,0.3,0.3
2022-09-28T03:00:00,3635A,112.3677,34.662,洛阳市,河科大西苑校区,,35,32,87,24,43,162,32,27,27,35,51,8,13,0.4,0.6
2022-09-28T03:00:00,3636A,112.4388,34.6781,洛阳市,英才小学,,32,29,84,22,45,164,33,62,48,29,37,10,14,0.3,0.4
2022-09-28T03:00:00,3637A,131.0176,45.7761,七台河市,人民广场,,33,33,50,14,15,90,71,77,75,9,22,11,13,0.6,0.7
2022-09-28T03:00:00,3638A,104.7636,29.3338,自贡市,轻化工大学,,22,22,31,7,10,68,24,39,28,21,14,4,4,0.3,0.3
2022-09-28T03:00:00,3639A,104.4019,31.1244,德阳市,市教育局,,37,37,33,12,12,85,13,14,14,32,26,6,6,0.8,0.8
2022-09-28T03:00:00,3642A,120.3503,36.0736,青岛市,市北区南部,,26,12,20,9,7,141,81,96,90,18,24,5,5,0.6,0.6
2022-09-28T03:00:00,3643A,120.3948,36.1805,青岛市,李沧区北部,,24,24,30,9,11,123,67,71,67,33,45,6,8,0.4,0.4
2022-09-28T03:00:00,3644A,117.8661,36.805,淄博市,三金集团,细颗粒物(PM2.5),125,120,115,95,76,270,42,58,49,54,51,27,31,1.7,1.5
2022-09-28T03:00:00,3645A,118.0253,36.8406,淄博市,东风化工厂,细颗粒物(PM2.5),72,88,114,52,60,283,69,88,78,55,65,22,20,1.0,1
2022-09-28T03:00:00,3646A,118.4978,37.4623,东营市,胜利站,颗粒物(PM10),59,67,74,34,45,251,5,26,15,69,42,16,17,0.9,1
2022-09-28T03:00:00,3647A,115.4702,35.2706,菏泽市,菏泽医专,颗粒物(PM10),68,86,90,39,41,188,82,94,90,32,31,20,12,0.5,0.6
2022-09-28T03:00:00,3648A,106.2112,37.9768,吴忠市,文卫南街,颗粒物(PM10),61,72,56,21,18,132,44,41,41,17,16,8,9,0.6,0.6
2022-09-28T03:00:00,3650A,105.1698,37.5162,中卫市,沙坡头区政府站,颗粒物(PM10),63,76,60,35,30,120,38,42,40,31,24,25,14,0.5,0.4
2022-09-28T03:00:00,3651A,108.9543,34.8732,铜川市,旺旺集团,,19,17,45,9,19,137,60,54,54,10,21,2,7,0.2,0.4
2022-09-28T03:00:00,3652A,109.4809,36.5786,延安市,西北局旧址,颗粒物(PM10),64,78,47,27,13,124,9,13,10,37,34,4,5,0.4,0.4
2022-09-28T03:00:00,3653A,111.3119,30.7273,宜昌市,云深路,,32,30,42,22,22,98,75,72,72,14,28,6,6,0.4,0.5
2022-09-28T03:00:00,3654A,114.8094,30.4089,鄂州市,精准医疗中心,颗粒物(PM10),51,51,88,23,34,215,105,112,105,13,31,11,12,0.5,0.6
2022-09-28T03:00:00,3655A,114.3375,29.8683,咸宁市,长江产业园,颗粒物(PM10),58,66,69,36,36,201,86,104,98,20,20,11,10,0.8,0.7
2022-09-28T03:00:00,3656A,120.1556,30.2864,杭州市,消防大队,,22,20,33,7,15,107,70,86,78,31,31,8,8,0.4,0.5
2022-09-28T03:00:00,3658A,120.6153,30.0764,绍兴市,袍江中学,,29,29,34,16,17,143,71,74,73,24,26,7,6,0.6,0.6
2022-09-28T03:00:00,3659A,119.656,29.1131,金华市,气象局,颗粒物(PM10),51,52,54,26,29,188,67,68,64,30,27,26,28,0.6,0.6
2022-09-28T03:00:00,3661A,112.5667,37.8875,太原市,坝陵桥,,,,,,,,,,,,,,,,
2022-09-28T03:00:00,3662A,123.6333,47.2075,齐齐哈尔市,富区青少年活动中心,,36,36,61,19,10,120,63,99,79,2,8,5,7,0.2,0.5
2022-09-28T03:00:00,3663A,124.1164,50.4278,大兴安岭地区,红旗社区,,13,7,13,9,8,66,38,66,51,6,12,5,6,0.3,0.3
2022-09-28T03:00:00,3664A,119.4172,34.7341,连云港市,连云街道,,33,16,18,8,9,128,104,97,97,7,9,7,5,2.6,1.1
2022-09-28T03:00:00,3665A,76.1658,39.7157,克孜勒苏柯尔克孜自治州,克州文化中心,颗粒物(PM10),51,52,44,5,10,110,99,97,97,6,11,10,10,0.8,0.9
2022-09-28T03:00:00,3667A,111.0283,35.0547,运城市,水利职院,细颗粒物(PM2.5),85,106,101,63,53,178,28,18,18,38,29,8,14,0.5,0.6
2022-09-28T03:00:00,3668A,111.5036,36.0414,临汾市,城南,细颗粒物(PM2.5),92,113,80,68,45,170,7,9,8,68,46,5,11,1.4,1.1
2022-09-28T03:00:00,3669A,114.4705,36.0637,安阳市,左辅环卫站,细颗粒物(PM2.5),99,142,129,74,50,191,47,69,56,36,36,13,14,1.0,0.9
2022-09-28T03:00:00,3670A,111.0522,35.0439,运城市,禹都公园,颗粒物(PM10),78,105,101,54,49,173,39,65,52,30,23,10,17,0.7,1
2022-09-28T03:00:00,3671A,116.088,39.9726,北京市,门头沟三家店,细颗粒物(PM2.5),88,117,100,65,52,240,90,72,72,25,28,3,3,0.7,0.7
2022-09-28T03:00:00,3672A,116.1541,39.8204,北京市,丰台云岗,颗粒物(PM10),88,126,112,63,52,245,98,139,117,37,27,3,3,0.7,0.7
2022-09-28T03:00:00,3673A,116.6804,39.9081,北京市,通州东关,颗粒物(PM10),119,188,145,76,73,233,0,18,7,95,64,2,4,0.7,0.7
2022-09-28T03:00:00,3674A,115.9577,39.7603,北京市,房山燕山,颗粒物(PM10),76,102,99,54,47,266,126,137,130,12,19,3,4,0.7,0.7
2022-09-28T03:00:00,3675A,116.4672,39.7733,北京市,大兴旧宫,颗粒物(PM10),70,89,102,46,57,213,26,57,41,34,52,3,3,0.6,0.8
2022-09-28T03:00:00,3676A,113.2802,40.0995,大同市,第二人民医院,颗粒物(PM10),83,115,114,38,36,168,8,25,17,78,48,21,23,1.5,1.1
2022-09-28T03:00:00,3677A,98.5881,24.4368,德宏州,芒市人民政府综合楼,,30,29,25,21,17,110,40,34,34,6,8,4,7,0.5,0.6
2022-09-28T03:00:00,3678A,116.5907,35.4054,济宁市,市第七中学,颗粒物(PM10),58,65,70,36,35,202,81,78,78,25,23,13,18,0.5,0.6
2022-09-28T03:00:00,3682A,116.9814,36.6819,济南市,济南四建,颗粒物(PM10),76,102,96,42,43,229,98,89,89,36,42,7,9,0.9,0.9
2022-09-28T03:00:00,3683A,109.8331,40.6576,包头市,昆区政府,颗粒物(PM10),51,51,52,25,23,125,2,60,24,86,51,14,22,0.8,0.9
2022-09-28T03:00:00,3684A,130.8781,45.8222,七台河市,新建矿广场,颗粒物(PM10),58,66,73,15,15,97,37,23,23,51,40,38,26,0.6,0.6
2022-09-28T03:00:00,3685A,117.897,28.4315,上饶市,双创科技城,颗粒物(PM10),52,53,54,28,27,187,102,109,105,17,15,38,15,0.6,0.6
2022-09-28T03:00:00,3689A,113.9003,35.372,新乡市,行政服务中心,,,,116,,41,97,,57,,,54,,13,,0.7
2022-09-28T03:00:00,3690A,115.9721,28.7031,南昌市,外国语学校,颗粒物(PM10),61,72,68,39,30,187,121,125,122,15,19,9,8,0.9,0.8
2022-09-28T03:00:00,3692A,118.2059,39.6585,唐山市,消防缸窑路中队,细颗粒物(PM2.5),115,157,135,87,63,253,1,162,71,112,47,10,11,0.8,0.7
2022-09-28T03:00:00,3693A,118.1436,39.6202,唐山市,路南电大,细颗粒物(PM2.5),93,102,110,69,58,242,47,122,84,73,47,3,8,0.6,0.6
2022-09-28T03:00:00,3694A,115.986,40.4563,北京市,延庆石河营,细颗粒物(PM2.5),78,85,97,57,58,261,100,98,98,13,26,3,2,0.6,0.7
2022-09-28T03:00:00,3695A,116.6151,40.3053,北京市,怀柔新城,细颗粒物(PM2.5),67,81,95,48,55,271,117,143,131,15,19,3,3,0.7,0.8
2022-09-28T03:00:00,3696A,116.2545,39.8768,北京市,丰台小屯,颗粒物(PM10),93,135,122,65,62,251,0,17,6,108,54,3,3,0.8,0.7
2022-09-28T03:00:00,3697A,116.84,40.3844,北京市,密云镇,颗粒物(PM10),75,99,109,41,49,228,48,46,46,41,42,3,3,0.6,0.6
2022-09-28T03:00:00,3698A,111.5968,40.8178,呼和浩特市,红旗小学,颗粒物(PM10),79,108,105,27,32,145,4,8,7,79,63,6,9,0.7,0.7
2022-09-28T03:00:00,3699A,111.6518,40.8389,呼和浩特市,海东办,颗粒物(PM10),59,68,86,20,26,148,47,52,50,39,47,6,10,0.3,0.4
2022-09-28T03:00:00,3700A,103.0456,29.9956,雅安市,康养中心(对照点),,29,29,16,17,11,89,70,58,58,2,6,9,9,0.3,0.4
2022-09-28T03:00:00,3701A,116.9648,33.6252,宿州市,皖北煤电集团,颗粒物(PM10),56,61,58,34,25,132,50,51,49,33,28,1,3,0.4,0.4
2022-09-28T03:00:00,3703A,114.2917,36.0949,安阳市,安钢职工学校,颗粒物(PM10),104,158,122,66,43,189,43,57,49,60,45,20,17,0.7,0.7
2022-09-28T03:00:00,3706A,122.2584,43.6333,通辽市,老干部活动中心,细颗粒物(PM2.5),70,84,90,51,51,191,135,152,144,11,19,6,8,0.9,1
2022-09-28T03:00:00,3707A,131.0207,45.3073,鸡西市,欧美日汽修厂,颗粒物(PM10),64,77,73,28,21,68,9,4,4,30,24,2,3,0.6,0.5
2022-09-28T03:00:00,3708A,122.2922,43.6189,通辽市,东方明珠社区,细颗粒物(PM2.5),78,76,94,57,71,186,134,148,141,15,27,8,9,1.0,1.1
2022-09-28T03:00:00,3709A,130.9967,45.3106,鸡西市,市政设施管理处,颗粒物(PM10),70,90,73,39,32,65,6,3,3,31,27,3,4,0.6,0.5
2022-09-28T03:00:00,3710A,121.5594,29.8975,宁波市,白沙活动中心,,36,36,33,14,16,141,69,89,82,20,25,10,10,0.5,0.5
2022-09-28T03:00:00,3713A,124.3419,43.1666,四平市,世纪城,颗粒物(PM10),60,70,80,42,44,203,151,159,156,21,26,14,11,0.8,0.8
2022-09-28T03:00:00,3715A,117.3092,32.9314,蚌埠市,蚌埠田家炳中学,颗粒物(PM10),57,63,54,31,23,125,79,60,60,15,20,10,12,0.3,0.3
2022-09-28T03:00:00,3719A,97.1714,31.1406,昌都市,昌都会议中心,,26,1,9,1,4,83,83,61,61,1,9,5,5,0.3,0.3
2022-09-28T03:00:00,3726A,88.8781,29.2426,日喀则市,林业技术推广中心,,,6,8,2,2,89,87,81,81,,,,,3.1,3.1
2022-09-28T03:00:00,3728A,104.68,28.8071,宜宾市,白酒学院,,33,33,24,19,15,72,14,9,9,26,26,8,7,0.7,0.6
2022-09-28T03:00:00,3734A,118.35,37.26,东营市,理想之城,颗粒物(PM10),63,75,88,29,43,275,10,30,19,84,49,12,15,0.8,0.9
2022-09-28T03:00:00,3860A,118.3920,35.0300,临沂市,皇山花园小区,颗粒物(PM10),51,51,50,35,25,132,46,51,49,36,38,24,10,0.9,0.6
2022-09-28T03:00:00,3861A,119.2041,36.7699,潍坊市,寒亭区实验一小,颗粒物(PM10),56,61,61,22,22,141,54,47,47,24,32,10,10,0.6,0.8
2022-09-28T03:00:00,3866A,122.2469,40.66302,营口市,三高中,颗粒物(PM10),68,85,69,47,38,216,139,140,139,33,35,9,9,0.7,0.7
2022-09-28T03:00:00,3867A,102.0738,36.5056,海东地区,平安区公安北苑,,35,32,49,24,32,127,51,58,55,9,19,8,11,0.4,0.6
2022-09-28T03:00:00,3981A,113.2449,35.1803,焦作市,原李万街道办（启用20220628）,,,,115,,45,112,,124,,,46,,17,,0.6
