timepoint,stationcode,longitude,latitude,area,positionname,primarypollutant,aqi,pm10,pm10_24h,pm2_5,pm2_5_24h,o3,o3_24h,o3_8h,o3_8h_24h,no2,no2_24h,so2,so2_24h,co,co_24h
2023-08-08T05:00:00,1001A,116.3621,39.8784,北京市,万寿西宫,细颗粒物(PM2.5),62,56,52,44,31,119,35,77,52,33,22,2,2,0.6,0.5
2023-08-08T05:00:00,1002A,116.2202,40.2915,北京市,定陵,,,56,43,41,32,74,24,56,45,10,12,,3,0.6,0.6
2023-08-08T05:00:00,1003A,116.4174,39.9289,北京市,东四,细颗粒物(PM2.5),65,67,55,47,33,120,29,54,30,30,21,3,2,0.8,0.7
2023-08-08T05:00:00,1004A,116.4072,39.8863,北京市,天坛,细颗粒物(PM2.5),60,61,53,43,33,105,28,61,42,29,23,3,3,0.6,0.6
2023-08-08T05:00:00,1005A,116.462,39.9365,北京市,农展馆,"颗粒物(PM10),细颗粒物(PM2.5)",60,69,55,43,30,117,20,49,25,43,20,9,3,0.5,0.5
2023-08-08T05:00:00,1006A,116.3392,39.9295,北京市,官园,细颗粒物(PM2.5),92,63,50,68,35,132,24,74,49,38,22,2,3,0.4,0.3
2023-08-08T05:00:00,1007A,116.2878,39.9611,北京市,海淀万柳,细颗粒物(PM2.5),78,83,58,57,31,108,13,35,25,44,26,3,2,0.7,0.6
2023-08-08T05:00:00,1008A,116.6636,40.135,北京市,顺义新城,细颗粒物(PM2.5),62,52,51,44,32,99,44,47,46,8,14,1,2,0.6,0.6
2023-08-08T05:00:00,1009A,116.6275,40.3275,北京市,怀柔镇,细颗粒物(PM2.5),55,56,49,39,30,71,35,43,33,6,16,3,3,0.3,0.4
2023-08-08T05:00:00,1010A,116.2296,40.217,北京市,昌平镇,细颗粒物(PM2.5),55,50,48,39,32,83,52,55,54,16,22,3,2,0.6,0.5
2023-08-08T05:00:00,1011A,116.3966,39.9821,北京市,奥体中心,细颗粒物(PM2.5),54,46,41,38,26,111,2,48,19,52,27,3,2,0.7,0.5
2023-08-08T05:00:00,1012A,116.184,39.9136,北京市,古城,细颗粒物(PM2.5),99,80,68,74,44,100,32,30,25,20,24,3,3,0.5,0.5
2023-08-08T05:00:00,1015A,117.1444,39.1661,天津市,勤俭道,颗粒物(PM10),54,58,43,33,20,148,53,71,65,16,13,8,6,0.9,0.7
2023-08-08T05:00:00,1017A,117.237,39.1082,天津市,大直沽八号路,颗粒物(PM10),52,54,45,31,20,126,55,59,57,16,19,3,3,0.8,0.7
2023-08-08T05:00:00,1018A,117.202,39.0927,天津市,前进道,,49,49,35,32,18,136,54,62,59,18,17,7,7,0.8,0.7
2023-08-08T05:00:00,1019A,117.1837,39.2133,天津市,淮河道,颗粒物(PM10),55,60,47,32,20,150,60,72,67,18,20,6,5,1.0,0.8
2023-08-08T05:00:00,1021A,117.307,39.0877,天津市,跃进路,,47,47,35,28,17,122,60,58,58,14,18,6,7,0.8,0.8
2023-08-08T05:00:00,1023A,117.707,39.0343,天津市,第四大街,颗粒物(PM10),58,66,38,28,16,88,35,68,45,46,33,4,6,0.5,0.5
2023-08-08T05:00:00,1024A,117.457,38.8394,天津市,永明路,,46,46,30,22,14,109,57,80,67,9,10,6,6,0.7,0.7
2023-08-08T05:00:00,1026A,117.764,39.1587,天津市,汉北路,颗粒物(PM10),56,61,40,30,19,111,29,28,23,28,26,4,5,0.6,0.6
2023-08-08T05:00:00,1027A,117.157,38.9194,天津市,团泊洼,"颗粒物(PM10),细颗粒物(PM2.5)",52,54,30,36,18,113,27,62,40,28,16,2,2,1.3,0.7
2023-08-08T05:00:00,1029A,114.4422,38.0444,石家庄市,职工医院,颗粒物(PM10),52,54,41,32,24,139,59,96,82,18,13,2,5,0.5,0.5
2023-08-08T05:00:00,1030A,114.6063,38.0266,石家庄市,高新区,细颗粒物(PM2.5),59,50,39,42,22,144,76,92,87,16,15,3,4,0.4,0.4
2023-08-08T05:00:00,1031A,114.4898,38.1328,石家庄市,西北水源,细颗粒物(PM2.5),63,63,56,45,26,142,53,74,67,21,17,1,2,0.7,0.6
2023-08-08T05:00:00,1032A,114.4586,38.0058,石家庄市,西南高教,,46,44,36,32,19,140,59,91,78,17,14,3,2,0.6,0.6
2023-08-08T05:00:00,1033A,114.5331,38.0178,石家庄市,世纪公园,,49,49,37,26,19,136,68,94,84,14,14,4,6,0.4,0.4
2023-08-08T05:00:00,1034A,114.509,38.0457,石家庄市,人民会堂,,46,46,47,31,17,142,72,92,86,16,14,2,4,0.5,0.5
2023-08-08T05:00:00,1035A,114.3524,37.8911,石家庄市,封龙山,,34,32,36,10,19,144,107,107,101,7,9,2,4,0.9,0.8
2023-08-08T05:00:00,1037A,118.131,39.6363,唐山市,雷达站,,42,42,43,20,20,137,36,46,44,25,22,4,6,0.6,0.8
2023-08-08T05:00:00,1038A,118.1725,39.6334,唐山市,物资局,颗粒物(PM10),53,56,50,26,19,126,33,52,41,22,18,7,8,0.6,0.9
2023-08-08T05:00:00,1040A,118.1705,39.6506,唐山市,十二中,,45,45,49,25,22,127,38,49,42,15,17,4,6,0.7,0.9
2023-08-08T05:00:00,1041A,118.1869,39.622,唐山市,小山,,37,37,43,20,14,127,31,52,41,16,14,5,8,0.6,0.8
2023-08-08T05:00:00,1042A,119.5134,39.8207,秦皇岛市,北戴河环保局,,22,22,12,6,7,114,61,91,62,26,22,5,5,0.2,0.2
2023-08-08T05:00:00,1043A,119.7493,40.0116,秦皇岛市,第一关,颗粒物(PM10),53,56,21,18,14,112,3,21,17,78,31,3,3,0.4,0.3
2023-08-08T05:00:00,1044A,119.5897,39.9499,秦皇岛市,监测站,,46,46,26,14,8,99,41,58,47,27,20,12,9,0.3,0.3
2023-08-08T05:00:00,1046A,119.5251,39.9041,秦皇岛市,建设大厦,颗粒物(PM10),53,56,27,20,12,110,8,32,24,44,18,17,7,0.4,0.3
2023-08-08T05:00:00,1048A,114.5302,36.6116,邯郸市,东污水处理厂,,39,35,38,27,23,148,86,88,76,10,12,4,3,0.5,0.5
2023-08-08T05:00:00,1049A,114.4918,36.5713,邯郸市,矿院,,48,48,36,31,21,152,82,86,84,15,16,2,2,0.6,0.5
2023-08-08T05:00:00,1050A,114.484,36.6133,邯郸市,丛台公园,,44,44,30,21,16,154,87,108,96,6,6,4,4,0.5,0.5
2023-08-08T05:00:00,1051A,115.493,38.8632,保定市,游泳馆,,38,38,33,25,17,151,77,70,70,13,15,13,12,0.3,0.2
2023-08-08T05:00:00,1052A,115.5213,38.8959,保定市,华电二区,,37,37,39,23,15,143,82,76,76,7,11,4,5,0.8,0.7
2023-08-08T05:00:00,1053A,115.4713,38.9108,保定市,接待中心,,44,44,39,19,14,134,73,65,65,4,7,6,6,0.6,0.5
2023-08-08T05:00:00,1054A,115.4612,38.8416,保定市,地表水厂,颗粒物(PM10),59,68,47,26,16,144,68,59,59,15,16,10,11,0.1,0.1
2023-08-08T05:00:00,1056A,115.5086,38.8639,保定市,监测站,,49,40,39,34,22,147,82,66,66,17,19,6,7,0.4,0.3
2023-08-08T05:00:00,1057A,114.8883,40.8336,张家口市,人民公园,,21,21,25,2,4,144,60,83,73,7,8,2,2,0.1,0.2
2023-08-08T05:00:00,1059A,114.8687,40.8042,张家口市,五金库,,22,14,29,10,13,128,68,86,80,6,9,2,2,0.1,0.2
2023-08-08T05:00:00,1060A,114.8902,40.762,张家口市,世纪豪园,,21,21,24,12,19,135,66,96,83,9,10,3,3,0.0,0.1
2023-08-08T05:00:00,1061A,114.8916,40.8661,张家口市,北泵房,,20,20,23,4,9,142,58,76,69,4,6,9,9,0.2,0.4
2023-08-08T05:00:00,1062A,117.9531,40.9081,承德市,铁路,颗粒物(PM10),51,52,30,26,14,77,21,36,30,22,22,9,9,0.7,0.6
2023-08-08T05:00:00,1063A,117.9392,40.9763,承德市,中国银行,,46,46,34,26,18,89,11,49,24,21,13,7,9,0.5,0.6
2023-08-08T05:00:00,1064A,117.9503,40.928,承德市,开发区,,32,32,24,22,15,92,24,60,42,19,13,9,10,0.8,0.6
2023-08-08T05:00:00,1065A,117.8051,40.9655,承德市,文化中心,,37,37,35,20,14,78,14,55,31,28,16,4,7,0.6,0.6
2023-08-08T05:00:00,1066A,117.9268,41.0026,承德市,离宫,,26,24,27,18,17,86,10,31,16,10,10,6,7,0.5,0.6
2023-08-08T05:00:00,1067A,116.6708,39.5111,廊坊市,药材公司,,40,39,42,28,22,153,48,60,51,14,12,4,3,0.5,0.4
2023-08-08T05:00:00,1068A,116.7214,39.5589,廊坊市,开发区,细颗粒物(PM2.5),58,39,34,41,22,152,40,60,45,19,19,3,3,0.5,0.4
2023-08-08T05:00:00,1070A,116.7244,39.5269,廊坊市,北华航天学院,,47,47,45,25,23,154,48,61,49,20,17,8,7,0.5,0.4
2023-08-08T05:00:00,1071A,116.8842,38.2991,沧州市,沧县城建局,,29,29,36,18,15,154,61,58,58,12,17,8,7,0.4,0.5
2023-08-08T05:00:00,1072A,116.8584,38.3254,沧州市,电视转播站,,35,35,34,19,17,153,62,60,58,11,15,6,6,0.4,0.5
2023-08-08T05:00:00,1073A,116.8709,38.3228,沧州市,市环保局,,33,32,38,23,20,150,61,64,63,17,23,6,4,0.2,0.3
2023-08-08T05:00:00,1074A,115.6838,37.7541,衡水市,电机北厂,,44,44,41,29,18,159,73,64,64,8,10,6,6,0.4,0.4
2023-08-08T05:00:00,1075A,115.6303,37.7316,衡水市,市监测站,细颗粒物(PM2.5),53,48,40,37,20,160,55,78,66,15,12,9,6,0.5,0.5
2023-08-08T05:00:00,1077A,114.4704,37.0886,邢台市,达活泉,,49,49,40,27,18,164,77,124,95,11,8,10,10,0.6,0.4
2023-08-08T05:00:00,1078A,114.5062,37.0349,邢台市,邢师高专,细颗粒物(PM2.5),55,51,42,39,23,152,52,80,66,24,16,9,8,0.6,0.5
2023-08-08T05:00:00,1079A,114.5237,37.0851,邢台市,路桥公司,,45,45,37,28,20,140,83,68,68,12,12,9,10,0.5,0.4
2023-08-08T05:00:00,1080A,114.4725,37.0719,邢台市,市环保局,颗粒物(PM10),51,52,43,23,22,163,100,116,108,8,12,8,10,0.6,0.5
2023-08-08T05:00:00,1081A,112.522,37.8873,太原市,尖草坪,细颗粒物(PM2.5),75,89,88,55,48,219,22,34,23,50,39,5,6,0.8,1
2023-08-08T05:00:00,1083A,112.434,38.0108,太原市,上兰,,,,,,,,,,,,,,,,
2023-08-08T05:00:00,1084A,112.469,37.7124,太原市,晋源,颗粒物(PM10),53,55,65,35,41,228,46,32,31,25,30,5,6,0.8,1
2023-08-08T05:00:00,1085A,112.5583,37.7394,太原市,小店,颗粒物(PM10),67,84,65,41,34,218,6,40,29,66,31,4,5,0.7,0.7
2023-08-08T05:00:00,1086A,112.5369,37.8692,太原市,桃园,颗粒物(PM10),70,89,68,43,35,211,11,19,14,66,37,8,5,1.2,0.9
2023-08-08T05:00:00,1087A,112.57,37.8195,太原市,坞城,颗粒物(PM10),67,84,59,43,31,205,14,22,17,71,37,7,5,1.2,0.7
2023-08-08T05:00:00,1088A,112.549,37.9854,太原市,南寨,细颗粒物(PM2.5),70,62,70,51,35,183,5,5,5,47,40,3,4,0.7,0.7
2023-08-08T05:00:00,1090A,111.6507,40.7517,呼和浩特市,呼市一监,,36,29,39,25,19,179,17,101,57,33,19,4,8,0.6,0.6
2023-08-08T05:00:00,1091A,111.6572,40.8033,呼和浩特市,小召,,20,19,39,14,17,180,64,93,74,22,25,6,8,0.7,0.7
2023-08-08T05:00:00,1094A,111.7516,40.8369,呼和浩特市,如意水处理厂,,26,26,42,11,15,207,76,107,93,23,20,5,8,0.4,0.5
2023-08-08T05:00:00,1095A,111.7276,40.8062,呼和浩特市,二十九中,,25,25,40,15,18,191,74,112,90,23,24,4,9,0.4,0.6
2023-08-08T05:00:00,1096A,111.5512,40.7866,呼和浩特市,工大金川校区,,34,34,41,16,17,172,56,84,66,24,21,6,8,0.9,0.9
2023-08-08T05:00:00,1097A,111.717,40.7612,呼和浩特市,化肥厂生活区,,28,28,49,11,17,180,58,88,78,25,24,5,7,0.7,0.8
2023-08-08T05:00:00,1098A,123.6836,41.9339,沈阳市,森林路,,,,,,,,,,,,,,,,
2023-08-08T05:00:00,1099A,123.505,41.7406,沈阳市,浑南东路,,19,19,17,8,7,92,17,38,21,23,19,7,6,0.6,0.5
2023-08-08T05:00:00,1100A,123.4231,41.6989,沈阳市,新秀街,,25,25,17,8,5,90,9,33,14,34,18,9,6,0.8,0.6
2023-08-08T05:00:00,1102A,123.5903,41.8411,沈阳市,东陵路,,14,14,15,5,6,78,12,12,11,16,14,4,4,0.4,0.4
2023-08-08T05:00:00,1103A,123.4264,41.8467,沈阳市,陵东街,,18,17,14,12,9,81,5,5,5,26,21,4,4,0.6,0.5
2023-08-08T05:00:00,1104A,123.4114,41.7653,沈阳市,文化路,,22,22,17,11,10,88,20,36,28,31,19,7,6,0.6,0.5
2023-08-08T05:00:00,1105A,123.4678,41.7867,沈阳市,小河沿,,15,15,16,7,7,84,15,20,19,26,22,4,4,0.6,0.5
2023-08-08T05:00:00,1106A,123.4017,41.7972,沈阳市,太原街,,19,16,15,13,10,86,9,36,22,36,22,4,4,0.4,0.4
2023-08-08T05:00:00,1108A,123.3783,41.9228,沈阳市,京沈街,,31,31,18,16,11,81,4,27,11,34,18,6,5,0.5,0.5
2023-08-08T05:00:00,1109A,121.612,38.9741,大连市,甘井子,颗粒物(PM10),55,59,30,37,16,109,66,74,67,16,14,3,4,0.6,0.6
2023-08-08T05:00:00,1110A,121.565,38.9511,大连市,周水子,,45,40,18,31,14,106,58,68,62,21,17,5,5,0.9,0.7
2023-08-08T05:00:00,1111A,121.5637,38.8845,大连市,星海三站,,49,40,22,34,15,106,72,76,73,10,11,11,8,0.7,0.5
2023-08-08T05:00:00,1112A,121.6302,38.9117,大连市,青泥洼桥,颗粒物(PM10),51,51,29,33,15,111,60,72,61,17,19,6,6,0.9,0.6
2023-08-08T05:00:00,1113A,121.6251,38.8638,大连市,傅家庄,,50,50,26,33,14,117,70,76,69,14,15,8,8,0.8,0.5
2023-08-08T05:00:00,1114A,121.5213,38.8661,大连市,七贤岭,,46,34,25,32,15,120,78,96,86,14,12,8,6,1.0,0.7
2023-08-08T05:00:00,1115A,121.2529,38.8061,大连市,旅顺,,33,33,18,18,10,126,80,95,84,10,8,5,4,0.7,0.5
2023-08-08T05:00:00,1116A,121.7485,39.1311,大连市,金州,,40,35,23,28,19,135,38,68,55,15,14,8,8,0.8,0.7
2023-08-08T05:00:00,1117A,121.7811,39.0496,大连市,开发区,,50,30,20,35,17,139,56,67,58,22,19,8,6,0.9,0.8
2023-08-08T05:00:00,1118A,121.9762,39.0631,大连市,双D港,,,45,28,31,18,148,,96,92,18,15,9,7,1.4,0.6
2023-08-08T05:00:00,1119A,125.3325,43.9166,长春市,食品厂,,15,14,19,10,11,38,30,26,26,15,19,3,3,0.2,0.3
2023-08-08T05:00:00,1120A,125.2863,43.9027,长春市,客车厂,,14,14,16,8,10,39,9,23,20,26,18,3,3,0.4,0.4
2023-08-08T05:00:00,1121A,125.2841,43.8463,长春市,邮电学院,,19,19,17,10,8,36,10,12,12,8,15,4,5,0.3,0.3
2023-08-08T05:00:00,1122A,125.3716,43.8772,长春市,劳动公园,,21,21,19,8,9,39,28,21,21,15,20,5,5,0.2,0.3
2023-08-08T05:00:00,1123A,125.3297,43.8805,长春市,园林处,,20,20,16,9,8,35,24,23,23,18,21,2,2,0.4,0.4
2023-08-08T05:00:00,1124A,125.4605,43.79,长春市,净月潭,,20,20,14,4,5,44,4,5,4,5,11,5,5,0.2,0.2
2023-08-08T05:00:00,1125A,125.7194,43.515,长春市,甩湾子,,,,,,,,,,,,,,,,
2023-08-08T05:00:00,1126A,125.3863,43.8447,长春市,经开区环卫处,,14,14,20,4,8,31,28,19,19,10,22,4,4,0.3,0.4
2023-08-08T05:00:00,1127A,125.245,43.7783,长春市,高新区管委会,,22,22,19,10,9,37,7,3,3,25,24,3,3,0.4,0.4
2023-08-08T05:00:00,1128A,125.1761,43.8325,长春市,岱山公园,,21,21,22,13,10,43,15,7,7,23,21,2,2,0.4,0.5
2023-08-08T05:00:00,1129A,126.5422,45.755,哈尔滨市,岭北,,,7,9,6,9,23,20,23,19,18,19,,,1.0,1
2023-08-08T05:00:00,1130A,126.561,45.8167,哈尔滨市,松北商大,,28,28,15,6,4,43,4,6,4,25,14,5,5,0.6,0.5
2023-08-08T05:00:00,1131A,126.979,45.5419,哈尔滨市,阿城会宁,,,,,,,,,,,,,,,,
2023-08-08T05:00:00,1132A,126.599,45.7222,哈尔滨市,南岗学府路,,17,17,22,1,6,46,13,8,8,9,11,3,4,0.6,0.6
2023-08-08T05:00:00,1133A,126.689,45.7733,哈尔滨市,太平宏伟公园,,14,14,26,6,6,40,8,11,9,18,19,6,6,0.4,0.5
2023-08-08T05:00:00,1134A,126.635,45.7667,哈尔滨市,道外承德广场,,16,14,21,11,8,39,18,12,12,16,21,10,10,0.3,0.5
2023-08-08T05:00:00,1135A,126.685,45.7319,哈尔滨市,香坊红旗大街,,14,12,19,7,9,47,10,17,12,27,18,9,8,0.5,0.5
2023-08-08T05:00:00,1136A,126.6411,45.7258,哈尔滨市,动力和平路,,,11,18,,,49,12,7,7,22,18,9,10,0.5,0.6
2023-08-08T05:00:00,1137A,126.593,45.7478,哈尔滨市,道里建国路,,32,5,17,8,9,48,14,13,12,24,19,5,5,3.2,1
2023-08-08T05:00:00,1138A,126.615,45.61,哈尔滨市,平房东轻厂,,21,21,29,10,13,39,9,11,11,19,17,6,5,0.4,0.3
2023-08-08T05:00:00,1139A,126.595,45.9855,哈尔滨市,呼兰师专,,18,15,15,12,6,41,7,26,18,20,13,6,5,0.6,0.4
2023-08-08T05:00:00,1140A,126.6206,45.6842,哈尔滨市,省农科院,,26,26,27,4,5,49,6,18,9,30,19,8,9,0.5,0.4
2023-08-08T05:00:00,1141A,121.4,31.238,上海市,普陀,,42,42,30,15,15,92,74,77,73,15,13,7,6,0.9,0.6
2023-08-08T05:00:00,1142A,121.478,31.2036,上海市,十五厂,,34,34,29,17,16,87,82,75,75,9,15,8,9,0.4,0.4
2023-08-08T05:00:00,1143A,121.467,31.3008,上海市,虹口,,31,31,27,13,13,93,93,85,85,10,11,7,7,0.5,0.4
2023-08-08T05:00:00,1144A,121.412,31.1654,上海市,徐汇上师大,,49,49,30,18,15,105,77,76,75,14,16,4,4,0.9,0.6
2023-08-08T05:00:00,1145A,121.536,31.2659,上海市,杨浦四漂,,31,30,30,9,10,99,99,91,91,5,11,5,6,0.7,0.7
2023-08-08T05:00:00,1147A,121.425,31.2261,上海市,静安监测站,,42,42,29,18,14,71,62,65,61,16,13,3,2,0.9,0.6
2023-08-08T05:00:00,1148A,121.703,31.1907,上海市,浦东川沙,,35,34,30,24,15,91,79,80,78,20,15,5,5,0.7,0.6
2023-08-08T05:00:00,1149A,121.533,31.2284,上海市,浦东新区监测站,,33,33,30,14,13,85,85,77,77,8,14,2,3,0.5,0.4
2023-08-08T05:00:00,1150A,121.577,31.2071,上海市,浦东张江,,37,37,28,13,10,79,79,70,70,14,14,5,6,0.6,0.6
2023-08-08T05:00:00,1151A,118.8086,32.1065,南京市,迈皋桥,,,29,22,,9,104,48,63,54,2,3,4,4,0.4,0.4
2023-08-08T05:00:00,1152A,118.7538,32.0551,南京市,草场门,,29,29,23,9,10,111,45,62,52,24,14,7,6,0.5,0.5
2023-08-08T05:00:00,1153A,118.7794,32.0745,南京市,山西路,,46,46,31,14,9,114,50,66,55,22,13,5,4,0.2,0.6
2023-08-08T05:00:00,1154A,118.7752,32.0023,南京市,中华门,,31,31,22,14,10,120,41,64,52,16,11,7,6,0.9,0.9
2023-08-08T05:00:00,1155A,118.8109,32.0309,南京市,瑞金路,,29,29,22,9,10,124,43,61,53,17,12,4,4,0.3,0.3
2023-08-08T05:00:00,1156A,118.7997,32.0754,南京市,玄武湖,,34,34,27,16,12,103,46,57,49,18,12,8,7,0.1,0.4
2023-08-08T05:00:00,1157A,118.6414,32.0931,南京市,浦口,,29,29,26,12,14,104,49,80,58,14,9,7,5,0.4,0.4
2023-08-08T05:00:00,1158A,118.7356,31.9996,南京市,奥体中心,,32,32,23,22,15,112,44,62,53,18,9,8,7,0.5,0.4
2023-08-08T05:00:00,1159A,118.9125,32.1028,南京市,仙林大学城,,24,24,22,9,11,114,48,65,55,20,9,9,8,0.6,0.5
2023-08-08T05:00:00,1160A,120.561,31.2472,苏州市,上方山,,27,27,29,11,19,110,66,68,66,14,11,8,7,0.6,0.4
2023-08-08T05:00:00,1162A,120.591,31.3019,苏州市,彩香,,35,35,25,20,16,134,75,79,76,8,8,9,8,0.8,0.6
2023-08-08T05:00:00,1163A,120.596,31.3264,苏州市,轧钢厂,,36,36,29,21,16,132,80,79,79,11,13,11,10,0.6,0.6
2023-08-08T05:00:00,1164A,120.613,31.2703,苏州市,吴中区,,36,36,27,21,15,132,74,81,79,13,13,12,9,0.7,0.5
2023-08-08T05:00:00,1165A,120.543,31.2994,苏州市,苏州新区,,31,31,27,21,15,136,77,78,78,8,8,8,9,0.7,0.6
2023-08-08T05:00:00,1166A,120.669,31.3097,苏州市,苏州工业园区,,34,34,27,20,17,132,76,84,81,7,6,14,10,0.8,0.7
2023-08-08T05:00:00,1167A,120.641,31.3708,苏州市,相城区,,32,29,28,22,17,124,74,75,74,13,12,6,7,0.7,0.7
2023-08-08T05:00:00,1168A,120.9098,31.9663,南通市,狼山街道,,28,18,15,11,6,102,87,94,88,8,8,7,7,0.5,0.5
2023-08-08T05:00:00,1169A,120.86,32.0005,南通市,虹桥,,30,20,16,17,11,98,93,88,86,4,2,8,8,0.8,0.7
2023-08-08T05:00:00,1170A,120.87,32.02,南通市,城中,,27,19,16,11,8,94,85,77,77,9,5,5,5,0.6,0.6
2023-08-08T05:00:00,1171A,120.94,31.93,南通市,星湖花园,,29,15,13,10,4,94,90,92,88,7,8,5,5,0.6,0.6
2023-08-08T05:00:00,1172A,120.81,32.0417,南通市,紫琅学院,,26,17,14,15,6,99,82,79,76,10,8,6,6,0.7,0.5
2023-08-08T05:00:00,1173A,119.176,34.5885,连云港市,市环境监测站,,27,27,29,9,11,183,27,93,52,27,12,11,6,1.2,0.6
2023-08-08T05:00:00,1177A,117.179,34.2761,徐州市,黄河新村,,36,36,39,15,16,159,46,86,59,22,17,12,9,0.4,0.5
2023-08-08T05:00:00,1178A,117.1918,34.2384,徐州市,淮塔,,32,32,35,20,16,162,47,92,66,20,16,11,10,0.4,0.3
2023-08-08T05:00:00,1180A,117.256,34.2153,徐州市,新城区,,36,36,35,22,17,162,42,94,66,29,18,8,8,0.5,0.4
2023-08-08T05:00:00,1181A,117.244,34.2911,徐州市,桃园路,,41,41,30,19,15,162,34,80,58,27,13,12,10,0.4,0.4
2023-08-08T05:00:00,1182A,117.2933,34.2778,徐州市,农科院,,39,39,33,17,15,166,42,74,55,28,18,8,7,0.4,0.4
2023-08-08T05:00:00,1186A,119.389,32.3761,扬州市,邗江监测站,,32,31,26,22,14,100,75,84,79,8,8,10,7,0.6,0.6
2023-08-08T05:00:00,1188A,120.269,31.4867,无锡市,雪浪,,,31,29,17,13,147,,80,76,12,17,,5,0.6,0.7
2023-08-08T05:00:00,1189A,120.275,31.6219,无锡市,黄巷,,39,39,42,22,15,137,62,79,73,20,19,10,7,1.3,0.9
2023-08-08T05:00:00,1190A,120.294,31.56,无锡市,曹张,,36,36,30,22,14,135,61,64,60,4,9,11,9,1.2,0.9
2023-08-08T05:00:00,1191A,120.242,31.5031,无锡市,漆塘,,32,29,25,22,13,148,68,72,68,13,15,8,8,1.0,1
2023-08-08T05:00:00,1192A,120.3489,31.5863,无锡市,东亭,,36,36,30,24,16,131,61,69,63,17,19,12,8,1.0,0.7
2023-08-08T05:00:00,1193A,120.354,31.5475,无锡市,旺庄,,34,34,29,19,15,140,68,72,72,5,11,9,11,0.9,1
2023-08-08T05:00:00,1194A,120.245,31.5631,无锡市,荣巷,,35,34,28,24,16,151,54,70,64,10,10,12,11,0.9,0.8
2023-08-08T05:00:00,1195A,120.299,31.6817,无锡市,堰桥,,39,39,27,17,11,133,62,87,76,16,12,7,7,1.3,0.8
2023-08-08T05:00:00,1196A,119.9633,31.762,常州市,市监测站,,34,34,26,19,14,110,66,76,73,13,13,7,7,0.6,0.6
2023-08-08T05:00:00,1200A,119.9468,31.7069,常州市,武进监测站,,38,38,30,17,13,124,77,76,74,9,8,10,8,0.6,0.5
2023-08-08T05:00:00,1201A,119.9255,31.9087,常州市,安家,,25,15,22,17,15,97,69,69,64,6,9,5,5,0.6,0.6
2023-08-08T05:00:00,1203A,119.6707,32.1875,镇江市,新区办事处,,33,26,24,23,18,89,54,77,60,31,20,5,3,0.4,0.4
2023-08-08T05:00:00,1204A,119.4974,32.1968,镇江市,职教中心,,33,31,24,23,17,107,87,84,84,9,10,2,3,0.5,0.5
2023-08-08T05:00:00,1205A,119.4303,32.1328,镇江市,丹徒区监测站,,38,30,28,26,20,115,89,84,84,8,8,3,2,0.6,0.5
2023-08-08T05:00:00,1206A,119.905,32.4878,泰州市,公园路,,35,34,24,24,16,99,83,86,84,7,7,2,3,0.8,0.7
2023-08-08T05:00:00,1207A,119.9189,32.4625,泰州市,莲花,,32,32,23,22,16,98,82,86,85,7,7,7,3,0.8,0.6
2023-08-08T05:00:00,1209A,119.888,32.4639,泰州市,留学生创业园,,38,38,27,25,15,97,80,82,82,6,5,13,5,0.5,0.4
2023-08-08T05:00:00,1210A,119.036,33.5981,淮安市,钵池山,,36,27,28,25,16,126,62,58,58,22,16,7,7,0.7,0.7
2023-08-08T05:00:00,1211A,119.007,33.575,淮安市,北京南路,,29,24,26,20,16,132,82,85,78,13,13,13,10,0.8,0.7
2023-08-08T05:00:00,1212A,118.989,33.6067,淮安市,市监测站,,31,31,31,17,12,139,86,72,72,16,14,8,6,0.7,0.8
2023-08-08T05:00:00,1213A,119.135,33.5039,淮安市,楚州区监测站,细颗粒物(PM2.5),54,37,32,38,19,122,66,79,64,20,12,11,8,0.7,0.7
2023-08-08T05:00:00,1214A,119.0186,33.6297,淮安市,淮阴区监测站,,33,29,28,23,17,130,85,72,72,13,13,7,7,0.7,0.7
2023-08-08T05:00:00,1215A,120.118,33.4022,盐城市,盐城电厂,,32,27,27,22,14,99,83,94,88,5,4,4,4,0.5,0.5
2023-08-08T05:00:00,1216A,120.156,33.3942,盐城市,市监测站,,30,26,23,21,14,104,76,89,80,7,6,4,4,0.6,0.6
2023-08-08T05:00:00,1218A,120.2144,33.38,盐城市,开发区管委会,,38,21,22,26,15,100,81,85,82,9,8,6,4,0.3,0.4
2023-08-08T05:00:00,1220A,118.293,33.9528,宿迁市,宿迁学院,细颗粒物(PM2.5),53,41,28,37,20,152,98,103,100,12,13,8,10,0.8,0.8
2023-08-08T05:00:00,1221A,118.2442,33.9592,宿迁市,宿迁中学,,43,36,30,30,18,154,92,98,89,10,11,5,7,0.5,0.6
2023-08-08T05:00:00,1223A,120.2072,30.2111,杭州市,滨江,,19,19,38,13,22,157,30,94,57,15,15,6,7,0.5,0.7
2023-08-08T05:00:00,1224A,120.0633,30.2747,杭州市,西溪,,23,23,38,14,21,151,51,76,61,7,12,4,4,0.9,0.9
2023-08-08T05:00:00,1226A,120.3461,30.3153,杭州市,下沙,,24,24,36,11,21,166,10,64,33,31,17,3,3,0.6,0.7
2023-08-08T05:00:00,1227A,120.1269,30.2456,杭州市,卧龙桥,,29,24,33,20,24,163,23,58,41,8,13,4,4,0.7,0.8
2023-08-08T05:00:00,1228A,120.1903,30.2692,杭州市,浙江农大,,18,13,27,12,20,152,33,85,54,14,15,7,7,0.6,0.8
2023-08-08T05:00:00,1230A,120.1197,30.3119,杭州市,和睦小学,,19,18,37,13,24,170,42,82,57,14,21,6,7,0.6,0.8
2023-08-08T05:00:00,1231A,120.3019,30.4183,杭州市,临平镇,,24,24,30,15,18,171,32,69,51,13,12,4,4,0.4,0.5
2023-08-08T05:00:00,1232A,120.2697,30.1819,杭州市,城厢镇,,23,17,35,16,28,171,30,76,57,21,19,6,6,0.5,0.6
2023-08-08T05:00:00,1233A,120.0883,30.1808,杭州市,云栖,,35,35,36,15,19,153,16,53,32,8,12,6,6,0.8,0.8
2023-08-08T05:00:00,1234A,121.8358,29.911,宁波市,区环保大楼,,25,25,24,15,13,101,11,14,11,44,31,5,5,0.6,0.7
2023-08-08T05:00:00,1235A,121.56,29.82,宁波市,万里学院,,29,28,28,20,17,101,27,38,23,16,22,4,5,0.5,0.5
2023-08-08T05:00:00,1236A,121.713,29.9572,宁波市,龙赛医院,,18,13,11,10,11,84,55,57,56,11,15,8,8,0.5,0.4
2023-08-08T05:00:00,1239A,121.633,29.7733,宁波市,钱湖水厂,,50,50,40,24,21,135,5,14,9,22,19,4,4,0.7,0.7
2023-08-08T05:00:00,1240A,121.5856,29.8635,宁波市,太古小学,,28,28,27,16,12,80,11,24,21,20,20,4,4,0.6,0.6
2023-08-08T05:00:00,1241A,121.524,29.8674,宁波市,市环境监测中心,,24,24,25,10,12,124,24,54,33,14,12,5,6,0.4,0.4
2023-08-08T05:00:00,1242A,120.634,28.0089,温州市,瓯海,,28,28,39,16,24,209,11,22,17,38,30,7,6,0.6,0.6
2023-08-08T05:00:00,1243A,120.6748,27.9939,温州市,南浦,,26,26,36,16,23,225,24,31,27,27,27,8,7,0.5,0.6
2023-08-08T05:00:00,1244A,120.76,27.9747,温州市,龙湾,,23,23,40,12,21,191,28,27,26,18,32,6,6,0.5,0.6
2023-08-08T05:00:00,1245A,120.6709,28.0167,温州市,市站,,22,22,39,15,23,188,24,26,23,20,28,5,5,0.6,0.6
2023-08-08T05:00:00,1247A,120.6053,29.9928,绍兴市,城东开发委,,36,33,33,25,24,160,29,72,49,16,13,5,5,0.6,0.6
2023-08-08T05:00:00,1250A,120.0751,30.8669,湖州市,城西水厂,,25,25,29,17,19,188,53,62,59,11,18,2,3,0.6,0.7
2023-08-08T05:00:00,1252A,120.7436,30.778,嘉兴市,清河小学,,33,33,26,21,15,168,50,50,46,13,11,4,4,0.8,0.5
2023-08-08T05:00:00,1253A,120.726,30.7478,嘉兴市,嘉兴学院,,45,26,25,31,20,165,44,38,36,16,16,2,2,0.7,0.5
2023-08-08T05:00:00,1255A,121.273,28.6459,台州市,黄岩环保大楼,,30,30,36,18,23,174,30,36,33,11,16,5,5,0.8,0.8
2023-08-08T05:00:00,1256A,121.419,28.6542,台州市,台州环保大楼,,33,33,42,22,25,155,42,38,38,12,18,4,4,0.5,0.6
2023-08-08T05:00:00,1257A,121.377,28.5773,台州市,路桥田洋王,,29,29,34,18,22,172,19,37,25,17,20,4,4,0.5,0.5
2023-08-08T05:00:00,1258A,122.122,30.0203,舟山市,定海檀枫,,22,22,18,14,14,66,52,41,41,5,8,5,5,0.4,0.3
2023-08-08T05:00:00,1259A,122.3094,29.9558,舟山市,普陀东港,,20,20,20,11,12,83,56,50,50,4,5,4,4,0.4,0.3
2023-08-08T05:00:00,1260A,122.19,29.9944,舟山市,临城新区,,17,17,20,8,12,73,53,47,47,8,9,6,6,0.4,0.3
2023-08-08T05:00:00,1262A,119.647,29.077,金华市,十五中,,43,43,42,15,18,190,27,28,28,17,22,2,3,0.4,0.5
2023-08-08T05:00:00,1263A,119.686,29.1029,金华市,监测站,,47,47,44,29,25,240,5,32,17,39,28,4,4,0.8,0.7
2023-08-08T05:00:00,1264A,118.8692,28.9398,衢州市,环保大楼,,35,35,34,23,21,121,4,27,17,28,14,4,4,0.6,0.5
2023-08-08T05:00:00,1265A,118.8709,28.9666,衢州市,实验学校,,41,41,33,17,15,110,7,26,20,33,21,3,3,0.5,0.4
2023-08-08T05:00:00,1266A,118.8621,28.9808,衢州市,衢州学院,,32,32,33,15,19,91,8,22,14,34,24,2,3,0.5,0.5
2023-08-08T05:00:00,1267A,119.914,28.4514,丽水市,监测站大楼,,20,20,25,2,16,149,24,41,31,22,14,6,5,0.6,0.6
2023-08-08T05:00:00,1268A,119.93,28.4586,丽水市,莲都小学,,16,16,29,5,13,148,23,53,30,19,14,5,5,0.5,0.5
2023-08-08T05:00:00,1269A,119.879,28.4231,丽水市,余庄前,,14,14,26,8,16,159,4,14,8,13,13,5,5,0.5,0.5
2023-08-08T05:00:00,1270A,117.1959,31.7848,合肥市,明珠广场,,27,27,29,17,18,128,74,86,82,16,13,5,5,0.4,0.4
2023-08-08T05:00:00,1271A,117.3072,31.8764,合肥市,三里街,,32,29,26,22,19,111,75,78,77,10,10,5,4,0.6,0.6
2023-08-08T05:00:00,1272A,117.2588,31.8707,合肥市,琥珀山庄,,34,34,27,17,18,120,72,86,80,17,9,5,4,0.6,0.7
2023-08-08T05:00:00,1273A,117.1604,31.9052,合肥市,董铺水库,,,31,24,,13,113,80,92,84,8,7,3,3,0.3,0.4
2023-08-08T05:00:00,1274A,117.25,31.8571,合肥市,长江中路,,29,29,31,16,20,118,67,85,79,14,7,6,6,0.4,0.4
2023-08-08T05:00:00,1275A,117.266,31.9436,合肥市,庐阳区,,31,31,30,19,19,110,76,78,77,13,11,4,4,0.4,0.4
2023-08-08T05:00:00,1276A,117.336,31.8586,合肥市,瑶海区,,29,29,31,13,14,109,78,88,81,8,5,9,8,0.6,0.6
2023-08-08T05:00:00,1277A,117.3027,31.7964,合肥市,包河区,,35,31,30,24,21,102,53,76,70,32,21,8,8,0.4,0.5
2023-08-08T05:00:00,1278A,117.2776,31.7385,合肥市,滨湖新区,,31,31,31,12,16,115,78,84,81,8,9,5,5,0.5,0.5
2023-08-08T05:00:00,1279A,117.1318,31.8403,合肥市,高新区,,31,31,30,21,20,111,74,83,78,16,12,8,8,0.6,0.5
2023-08-08T05:00:00,1280A,119.3903,26.0543,福州市,鼓山,,,,,,,,,,,,,,,,
2023-08-08T05:00:00,1282A,119.2681,26.0504,福州市,师大,,19,8,36,2,21,151,60,77,64,7,11,4,4,0.4,0.5
2023-08-08T05:00:00,1283A,119.2984,26.1028,福州市,五四北路,,19,19,35,6,21,172,47,66,56,6,13,2,3,0.3,0.4
2023-08-08T05:00:00,1284A,119.2648,26.0768,福州市,杨桥西路,,17,12,35,2,22,154,52,68,56,7,11,3,3,0.4,0.5
2023-08-08T05:00:00,1285A,119.317,26.0746,福州市,紫阳,,16,14,39,7,24,167,51,61,54,8,15,3,3,0.4,0.5
2023-08-08T05:00:00,1286A,118.1608,24.8169,厦门市,溪东,,,,,,,,,,,,,,,,
2023-08-08T05:00:00,1287A,118.1514,24.4767,厦门市,洪文,颗粒物(PM10),54,57,48,21,21,112,20,24,23,27,20,1,2,0.3,0.4
2023-08-08T05:00:00,1288A,118.0661,24.4444,厦门市,鼓浪屿,颗粒物(PM10),55,59,47,30,27,122,25,24,24,23,26,1,1,0.4,0.5
2023-08-08T05:00:00,1290A,115.8931,28.6843,南昌市,省外办,,20,20,30,12,16,140,51,68,54,15,14,8,9,0.6,0.7
2023-08-08T05:00:00,1291A,115.8886,28.7003,南昌市,省林业公司,,22,22,23,7,15,141,41,58,39,31,25,5,6,0.4,0.4
2023-08-08T05:00:00,1292A,115.8126,28.7442,南昌市,林科所,,19,19,14,7,9,123,52,51,51,6,9,4,5,0.7,0.7
2023-08-08T05:00:00,1294A,115.8518,28.687,南昌市,建工学校,,24,24,21,10,10,140,59,51,49,10,12,5,5,0.7,0.7
2023-08-08T05:00:00,1295A,115.8921,28.6424,南昌市,象湖,,19,10,17,12,16,146,60,65,63,8,12,4,4,0.7,0.8
2023-08-08T05:00:00,1296A,115.7423,28.7996,南昌市,武术学校,,,17,18,7,14,89,4,8,6,4,5,7,6,,
2023-08-08T05:00:00,1298A,115.9314,28.6842,南昌市,省站,,27,27,35,12,16,148,49,57,48,10,12,8,9,0.4,0.5
2023-08-08T05:00:00,1299A,116.9862,36.6114,济南市,科干所,,25,22,42,10,20,195,77,86,82,18,17,7,8,0.5,0.5
2023-08-08T05:00:00,1300A,116.9376,36.665,济南市,农科所,,25,22,43,5,17,205,77,74,70,18,26,11,11,0.4,0.5
2023-08-08T05:00:00,1301A,117.1265,36.6734,济南市,开发区,,32,32,42,15,17,201,66,65,65,24,21,7,7,0.6,0.6
2023-08-08T05:00:00,1303A,117.0624,36.6868,济南市,省种子仓库,,27,27,43,7,16,198,70,62,62,17,20,7,7,0.6,0.6
2023-08-08T05:00:00,1304A,116.9489,36.6447,济南市,机床二厂,,29,29,44,12,16,210,70,68,66,31,25,9,10,0.7,0.7
2023-08-08T05:00:00,1305A,117.0495,36.663,济南市,市监测站,,34,34,45,15,19,200,65,65,65,39,25,4,5,0.5,0.5
2023-08-08T05:00:00,1306A,116.7675,36.5484,济南市,长清党校,,39,39,54,24,23,205,82,92,82,17,24,7,8,0.6,0.6
2023-08-08T05:00:00,1307A,120.6659,36.2403,青岛市,仰口,,22,12,12,9,11,79,68,64,64,9,11,6,6,0.3,0.3
2023-08-08T05:00:00,1310A,120.4134,36.0658,青岛市,市南区东部子站,,20,19,22,14,12,145,59,62,61,16,17,6,6,0.5,0.5
2023-08-08T05:00:00,1311A,120.3664,36.1032,青岛市,四方区子站,,29,29,23,7,8,127,46,62,53,24,26,6,7,0.5,0.5
2023-08-08T05:00:00,1312A,120.2994,36.054,青岛市,市南区西部子站,,22,22,25,10,6,117,52,60,56,14,13,6,6,0.5,0.5
2023-08-08T05:00:00,1313A,120.4581,36.0858,青岛市,崂山区子站,,20,12,20,7,10,154,62,63,62,16,15,7,7,0.4,0.4
2023-08-08T05:00:00,1314A,120.1983,35.9608,青岛市,黄岛区子站,,29,29,25,15,12,129,29,32,31,36,29,7,6,0.5,0.5
2023-08-08T05:00:00,1315A,120.3999,36.3083,青岛市,城阳区子站,,,,,,,,,,,,,,,,
2023-08-08T05:00:00,1316A,113.69031,34.76122,郑州市,烟厂,,43,43,35,28,18,140,62,93,73,34,17,1,2,0.6,0.5
2023-08-08T05:00:00,1317A,113.65724,34.77134,郑州市,郑纺机,,,42,32,,,141,74,104,90,21,10,1,2,0.6,0.5
2023-08-08T05:00:00,1318A,113.67526,34.80246,郑州市,银行学校,,37,37,29,11,11,139,68,91,71,24,16,3,3,0.7,0.6
2023-08-08T05:00:00,1319A,113.56746,34.81334,郑州市,供水公司,,39,39,36,19,15,146,70,46,46,24,22,1,1,0.7,0.6
2023-08-08T05:00:00,1320A,113.7329,34.7178,郑州市,经开区管委,颗粒物(PM10),51,51,35,24,18,133,41,70,57,30,13,3,3,0.5,0.5
2023-08-08T05:00:00,1321A,113.73961,34.77172,郑州市,四十七中,,43,43,33,26,18,132,61,74,55,34,18,1,1,0.6,0.5
2023-08-08T05:00:00,1322A,113.60532,34.74838,郑州市,市监测站,颗粒物(PM10),69,87,38,23,14,150,51,96,73,33,15,3,3,0.5,0.5
2023-08-08T05:00:00,1323A,113.64164,34.7525,郑州市,河医大,,49,49,39,18,14,126,64,90,85,23,14,2,3,0.5,0.5
2023-08-08T05:00:00,1324A,113.51488,34.91089,郑州市,岗李水库,,,,,,,,,,,,,,,,
2023-08-08T05:00:00,1325A,114.3677,30.5584,武汉市,东湖梨园,,29,29,34,15,19,157,50,64,53,18,12,5,5,0.7,0.8
2023-08-08T05:00:00,1326A,114.2529,30.558,武汉市,汉阳月湖,,31,31,34,17,15,126,63,62,58,16,15,6,7,0.8,0.7
2023-08-08T05:00:00,1327A,114.282,30.6189,武汉市,汉口花桥,,36,36,34,20,20,126,78,67,67,10,10,7,7,0.6,0.5
2023-08-08T05:00:00,1328A,114.3025,30.5332,武汉市,武昌紫阳,,28,28,34,4,7,168,44,67,53,16,13,6,6,0.6,0.8
2023-08-08T05:00:00,1329A,114.3646,30.6217,武汉市,青山钢花,,37,37,37,22,24,128,75,65,63,7,6,7,7,0.7,0.6
2023-08-08T05:00:00,1330A,114.1566,30.4825,武汉市,沌口新区,,,31,32,33,25,168,35,67,49,,11,5,5,0.7,0.5
2023-08-08T05:00:00,1331A,114.3014,30.5944,武汉市,汉口江滩,,31,31,30,15,18,140,78,73,71,7,9,5,5,0.9,1
2023-08-08T05:00:00,1333A,114.135,30.6319,武汉市,吴家山,,31,31,40,17,17,122,83,86,81,8,13,6,6,0.6,0.6
2023-08-08T05:00:00,1334A,113.8454,30.2917,武汉市,沉湖七壕,,31,31,27,14,16,130,46,67,62,17,14,6,6,0.7,0.7
2023-08-08T05:00:00,1335A,113.0833,28.2325,长沙市,经开区环保局,,17,17,26,10,16,138,39,41,38,6,13,5,4,0.4,0.5
2023-08-08T05:00:00,1336A,112.8872,28.2189,长沙市,高开区环保局,,19,14,21,12,17,98,59,52,52,3,11,4,4,0.6,0.6
2023-08-08T05:00:00,1337A,113.0792,28.2053,长沙市,马坡岭,,24,24,33,13,20,167,36,56,46,9,15,5,4,0.4,0.4
2023-08-08T05:00:00,1338A,112.9394,28.19,长沙市,湖南师范大学,,,,24,25,19,116,42,43,43,8,10,2,1,0.4,0.4
2023-08-08T05:00:00,1339A,113.0178,28.1322,长沙市,雨花区环保局,,34,34,32,13,16,150,38,48,40,12,13,4,5,0.4,0.5
2023-08-08T05:00:00,1340A,112.9792,28.2597,长沙市,伍家岭,,27,27,28,14,18,135,19,44,36,19,14,2,2,0.4,0.5
2023-08-08T05:00:00,1341A,113.0014,28.1944,长沙市,火车新站,,20,15,18,14,17,128,40,46,45,8,9,4,4,0.5,0.6
2023-08-08T05:00:00,1342A,112.9844,28.1178,长沙市,天心区环保局,,15,12,20,9,15,145,45,38,38,10,14,2,2,0.6,0.6
2023-08-08T05:00:00,1343A,112.8908,28.1308,长沙市,湖南中医药大学,,20,15,18,14,13,131,52,52,52,7,9,3,2,0.6,0.7
2023-08-08T05:00:00,1344A,112.9581,28.3611,长沙市,沙坪,,37,37,41,14,16,119,17,40,31,6,7,5,5,0.6,0.5
2023-08-08T05:00:00,1345A,113.2347,23.1423,广州市,广雅中学,,18,18,31,9,13,141,35,39,37,14,16,4,4,0.8,0.9
2023-08-08T05:00:00,1346A,113.2612,23.105,广州市,市五中,,16,16,26,8,14,153,34,42,35,11,12,5,5,0.6,0.6
2023-08-08T05:00:00,1348A,113.3478,23.0916,广州市,广东商学院,,22,22,29,10,14,121,17,31,25,27,23,4,4,0.5,0.5
2023-08-08T05:00:00,1349A,113.4332,23.1047,广州市,市八十六中,,25,25,31,9,13,126,16,34,23,19,17,4,4,0.5,0.5
2023-08-08T05:00:00,1350A,113.3505,22.9483,广州市,番禺中学,,17,17,24,9,12,138,36,44,39,14,15,4,4,0.6,0.6
2023-08-08T05:00:00,1351A,113.2146,23.3916,广州市,花都师范,,28,28,34,12,22,147,18,22,21,27,22,12,9,0.5,0.6
2023-08-08T05:00:00,1352A,113.2597,23.1331,广州市,市监测站,,13,12,27,6,14,138,39,38,36,11,17,6,6,0.7,0.8
2023-08-08T05:00:00,1353A,113.5618,23.312,广州市,九龙镇镇龙,,20,20,23,4,12,105,8,28,17,21,22,4,4,0.6,0.7
2023-08-08T05:00:00,1354A,113.2765,23.1544,广州市,麓湖,,14,14,26,7,13,141,36,38,36,10,13,6,6,0.6,0.7
2023-08-08T05:00:00,1355A,113.443,23.3035,广州市,帽峰山森林公园,,17,17,32,7,14,168,27,27,27,11,19,7,8,0.2,0.3
2023-08-08T05:00:00,1356A,114.1063,22.5545,深圳市,通心岭子站,,18,18,22,8,10,67,32,29,29,12,14,4,4,0.8,0.7
2023-08-08T05:00:00,1357A,114.117,22.5625,深圳市,洪湖,,26,26,26,9,9,61,33,30,30,15,18,5,5,0.7,0.7
2023-08-08T05:00:00,1358A,113.987,22.5417,深圳市,华侨城,,19,19,23,9,10,63,29,43,37,17,16,8,6,0.7,0.6
2023-08-08T05:00:00,1359A,113.9181,22.5171,深圳市,南海子站,,26,26,50,12,16,55,30,36,32,19,20,5,5,0.6,0.5
2023-08-08T05:00:00,1360A,114.2458,22.5689,深圳市,盐田,,18,18,19,10,8,50,30,21,21,15,29,5,4,0.7,0.7
2023-08-08T05:00:00,1361A,114.2283,22.7244,深圳市,龙岗,,16,16,24,8,10,78,26,24,24,22,22,7,7,0.8,0.7
2023-08-08T05:00:00,1363A,114.494,22.5422,深圳市,南澳,,22,22,20,10,9,74,15,18,16,11,11,6,6,0.6,0.6
2023-08-08T05:00:00,1364A,114.41,22.6342,深圳市,葵涌,,22,22,25,12,11,69,6,15,6,15,12,3,3,0.6,0.6
2023-08-08T05:00:00,1365A,114.297,22.5978,深圳市,梅沙,,23,23,25,9,11,66,3,2,2,30,23,6,5,0.5,0.6
2023-08-08T05:00:00,1366A,114.0678,22.738,深圳市,观澜,,23,23,27,7,10,78,29,27,27,16,20,6,6,0.5,0.5
2023-08-08T05:00:00,1367A,113.5814,22.2618,珠海市,吉大,,22,22,22,3,11,86,50,46,46,10,12,5,5,0.6,0.6
2023-08-08T05:00:00,1368A,113.4881,22.2335,珠海市,前山,,19,19,21,5,11,84,41,43,41,13,12,7,8,0.4,0.5
2023-08-08T05:00:00,1369A,113.628,22.4251,珠海市,唐家,,25,25,21,11,12,83,35,45,39,8,6,6,5,0.5,0.4
2023-08-08T05:00:00,1370A,113.299,22.2281,珠海市,斗门,,15,10,16,3,10,80,45,52,50,4,7,6,6,0.5,0.5
2023-08-08T05:00:00,1371A,113.1294,23.0067,佛山市,湾梁,,12,5,14,7,11,128,38,41,38,8,9,8,6,0.5,0.5
2023-08-08T05:00:00,1372A,113.1083,23.0478,佛山市,华材职中,,11,9,19,7,10,120,33,37,35,11,11,11,10,0.5,0.5
2023-08-08T05:00:00,1373A,113.144,23.0453,佛山市,南海气象局,,16,16,23,9,11,110,34,36,35,11,12,6,6,0.4,0.5
2023-08-08T05:00:00,1374A,113.2881,22.8094,佛山市,顺德苏岗,,11,3,16,5,12,125,33,37,34,8,9,7,7,0.6,0.7
2023-08-08T05:00:00,1376A,112.8383,22.8678,佛山市,高明孔堂,,18,18,19,9,10,91,36,45,41,11,7,6,5,0.5,0.5
2023-08-08T05:00:00,1377A,112.8836,23.1588,佛山市,三水监测站,,22,22,28,9,14,93,18,18,17,21,24,8,5,0.7,0.7
2023-08-08T05:00:00,1378A,112.867,23.185,佛山市,三水云东海,,25,25,27,12,14,103,21,33,26,21,19,11,9,0.6,0.6
2023-08-08T05:00:00,1379A,113.3769,22.5211,中山市,华柏园,,19,14,18,13,8,88,38,51,46,13,10,8,7,0.5,0.4
2023-08-08T05:00:00,1380A,113.3881,22.5497,中山市,张溪,,23,23,23,8,9,94,35,50,44,11,6,8,6,0.6,0.5
2023-08-08T05:00:00,1381A,113.4075,22.5111,中山市,紫马岭,,15,15,17,8,10,91,39,48,45,7,5,3,3,0.3,0.3
2023-08-08T05:00:00,1382A,113.4411,22.4853,中山市,长江旅游区,,14,14,16,6,9,96,32,48,40,5,4,10,10,0.4,0.4
2023-08-08T05:00:00,1383A,113.1064,22.6058,江门市,北街,,15,12,21,10,13,83,39,42,41,6,8,6,6,0.5,0.5
2023-08-08T05:00:00,1384A,113.0731,22.5835,江门市,西区,,24,24,22,4,10,92,39,44,42,12,12,7,6,0.4,0.4
2023-08-08T05:00:00,1385A,113.0219,22.5311,江门市,圭峰西,,13,13,21,6,10,89,35,45,40,10,10,4,3,0.6,0.6
2023-08-08T05:00:00,1386A,113.0828,22.5947,江门市,东湖,,16,16,22,7,8,99,46,49,48,6,8,7,5,0.3,0.4
2023-08-08T05:00:00,1389A,113.7547,23.0494,东莞市,莞城梨川,,18,18,25,8,11,115,31,34,31,17,17,10,10,0.7,0.7
2023-08-08T05:00:00,1390A,113.7944,23.0128,东莞市,东城石井,,19,19,23,8,12,117,18,34,27,20,15,8,8,0.6,0.6
2023-08-08T05:00:00,1391A,113.7383,22.9658,东莞市,南城西平,,18,18,25,7,11,113,34,42,38,18,16,8,6,0.6,0.6
2023-08-08T05:00:00,1392A,114.4183,23.0528,惠州市,河南岸金山湖子站,,31,31,35,12,16,97,2,18,9,28,21,3,3,0.6,0.6
2023-08-08T05:00:00,1393A,114.4053,23.0822,惠州市,下埔横江三路子站,,25,25,28,11,12,110,19,20,17,22,19,4,5,0.8,0.8
2023-08-08T05:00:00,1394A,114.4103,23.1142,惠州市,江北云山西路子站,,27,27,32,12,15,103,18,23,15,19,18,4,5,0.6,0.6
2023-08-08T05:00:00,1395A,114.4645,22.7833,惠州市,惠阳区承修路船湖子站,,29,29,27,19,15,80,12,20,16,27,20,5,5,0.7,0.8
2023-08-08T05:00:00,1396A,114.5317,22.7422,惠州市,大亚湾管委会子站,,25,25,29,11,12,76,4,19,14,30,20,4,4,0.7,0.7
2023-08-08T05:00:00,1397A,112.4267,23.0706,肇庆市,睦岗子站,,16,16,25,7,12,102,24,35,32,14,12,8,9,0.4,0.4
2023-08-08T05:00:00,1398A,112.4645,23.0475,肇庆市,城中子站,,22,22,45,8,14,93,24,35,30,21,15,13,7,0.5,0.4
2023-08-08T05:00:00,1399A,112.5544,23.1522,肇庆市,坑口子站,,9,9,22,4,11,97,19,26,22,13,15,5,7,0.3,0.3
2023-08-08T05:00:00,1400A,112.4753,23.1,肇庆市,七星岩子站,,,,,,,,,,,,,,,,
2023-08-08T05:00:00,1401A,108.3103,22.7881,南宁市,二十一中,,15,1,13,10,8,83,30,35,33,9,9,4,4,0.6,0.7
2023-08-08T05:00:00,1402A,108.3141,22.8528,南宁市,北湖,,13,13,14,6,8,86,35,38,37,4,8,4,4,0.6,0.6
2023-08-08T05:00:00,1403A,108.3206,22.8225,南宁市,市监测站,,12,10,14,8,8,87,35,37,36,3,12,6,6,0.4,0.5
2023-08-08T05:00:00,1404A,108.3829,22.8037,南宁市,大自然花园,,12,12,14,6,7,79,30,34,31,6,9,5,5,0.7,0.7
2023-08-08T05:00:00,1405A,108.4394,22.7904,南宁市,仙葫,,12,8,13,8,8,66,29,27,27,8,9,4,4,1.1,1.1
2023-08-08T05:00:00,1406A,108.2397,22.8467,南宁市,区农职院,,12,11,17,8,7,96,28,32,30,11,16,6,6,0.6,0.7
2023-08-08T05:00:00,1407A,108.3275,22.735,南宁市,英华嘉园,,17,17,15,8,8,79,25,30,28,10,10,5,5,0.5,0.6
2023-08-08T05:00:00,1408A,108.2257,22.7757,南宁市,沙井镇街道办,,25,25,21,7,8,87,14,18,17,21,20,5,5,0.5,0.6
2023-08-08T05:00:00,1409A,110.576,19.9507,海口市,东寨港,,,,,,,,,,,,,,,,
2023-08-08T05:00:00,1410A,110.3232,20.0574,海口市,海南大学,,16,16,23,8,11,60,44,40,40,6,9,6,6,0.3,0.3
2023-08-08T05:00:00,1411A,110.283,20.0053,海口市,秀英海南医院,,20,20,29,7,13,60,35,36,34,12,15,6,6,0.3,0.3
2023-08-08T05:00:00,1412A,110.338,19.9969,海口市,海南师范大学,,13,13,25,9,13,66,30,35,34,12,11,7,7,0.3,0.3
2023-08-08T05:00:00,1413A,110.33,20.0356,海口市,龙华路环保局宿舍,,15,15,23,7,11,58,38,39,39,9,10,6,7,0.2,0.3
2023-08-08T05:00:00,1414A,106.3787,29.8279,重庆市,缙云山,,24,12,23,5,13,116,76,91,85,6,7,8,8,0.2,0.3
2023-08-08T05:00:00,1416A,106.4213,29.8253,重庆市,天生,,20,17,20,14,17,124,19,52,36,19,15,5,5,0.8,0.7
2023-08-08T05:00:00,1417A,106.6263,29.7228,重庆市,两路,,20,13,21,14,18,163,26,51,40,36,23,6,5,0.9,0.9
2023-08-08T05:00:00,1418A,106.2953,29.5983,重庆市,虎溪,,29,29,21,19,15,114,23,59,38,22,14,5,4,0.8,0.6
2023-08-08T05:00:00,1419A,106.5777,29.5102,重庆市,南坪,,28,28,30,10,16,204,36,42,34,23,22,13,8,0.9,0.6
2023-08-08T05:00:00,1420A,106.6556,29.6277,重庆市,唐家沱,,20,20,16,13,15,211,18,42,34,29,22,4,4,0.5,0.5
2023-08-08T05:00:00,1421A,106.6349,29.4906,重庆市,茶园,,33,33,24,9,9,211,32,36,35,41,25,17,7,1.2,0.7
2023-08-08T05:00:00,1422A,106.3754,29.4572,重庆市,白市驿,,30,30,23,5,10,142,18,37,27,25,16,6,6,0.8,0.6
2023-08-08T05:00:00,1425A,106.6205,29.7166,重庆市,空港,,15,14,26,8,12,170,47,64,57,23,19,6,6,0.7,0.8
2023-08-08T05:00:00,1426A,106.4782,29.4875,重庆市,新山村,,34,34,28,15,17,152,17,36,28,37,30,13,11,0.6,0.4
2023-08-08T05:00:00,1427A,106.5616,29.6453,重庆市,礼嘉,,20,20,21,10,13,160,31,33,30,26,21,6,6,0.7,0.7
2023-08-08T05:00:00,1428A,106.4522,29.7091,重庆市,蔡家,,21,21,27,7,13,120,24,40,32,23,17,3,3,0.8,0.8
2023-08-08T05:00:00,1429A,106.5093,29.3917,重庆市,鱼新街,,29,29,19,13,13,155,16,33,23,34,26,13,7,1.2,0.9
2023-08-08T05:00:00,1431A,103.9728,30.7236,成都市,金泉两河,,18,18,22,9,10,156,19,58,35,10,9,3,3,0.4,0.4
2023-08-08T05:00:00,1432A,104.176,30.6872,成都市,十里店,,30,30,14,12,7,149,30,54,36,15,9,3,22,0.5,0.4
2023-08-08T05:00:00,1433A,104.079,30.5706,成都市,三瓦窑,,30,30,21,8,10,162,15,43,29,43,15,2,2,0.4,0.4
2023-08-08T05:00:00,1434A,104.1114,30.63,成都市,沙河铺,,28,21,19,19,9,143,32,40,32,17,12,2,2,0.6,0.5
2023-08-08T05:00:00,1437A,104.0786,30.6531,成都市,君平街,,29,18,20,20,14,172,57,54,54,10,12,3,4,0.5,0.6
2023-08-08T05:00:00,1438A,103.613,31.0283,成都市,灵岩寺,,28,4,16,2,10,123,87,100,93,2,4,3,6,0.5,0.5
2023-08-08T05:00:00,1439A,106.6899,26.5998,贵阳市,马鞍山,,22,22,20,2,4,67,8,8,8,10,11,5,4,0.4,0.3
2023-08-08T05:00:00,1440A,106.6971,26.5694,贵阳市,市环保站,,20,17,16,14,12,89,14,22,19,26,23,3,4,0.8,0.8
2023-08-08T05:00:00,1441A,106.6243,26.6266,贵阳市,鉴湖路,,9,9,14,2,10,68,22,34,31,7,11,3,5,0.3,0.4
2023-08-08T05:00:00,1442A,106.7487,26.6343,贵阳市,燕子冲,,17,17,14,9,8,70,7,5,5,20,16,4,5,0.7,0.7
2023-08-08T05:00:00,1443A,106.6555,26.4365,贵阳市,碧云窝,,22,22,22,2,5,79,6,11,9,7,8,4,3,0.4,0.4
2023-08-08T05:00:00,1444A,106.694,26.5161,贵阳市,中院村,,14,14,19,5,8,73,2,22,15,26,15,4,5,0.3,0.4
2023-08-08T05:00:00,1445A,106.7109,26.6027,贵阳市,红边门,,32,24,20,22,16,71,7,16,13,19,18,5,5,0.6,0.6
2023-08-08T05:00:00,1446A,106.7164,26.5699,贵阳市,新华路,,24,24,20,9,11,79,7,12,11,23,20,3,4,0.5,0.4
2023-08-08T05:00:00,1447A,106.674,26.5424,贵阳市,太慈桥,,7,7,13,0,2,74,6,6,6,8,12,3,3,0.4,0.5
2023-08-08T05:00:00,1450A,102.8204,24.8886,昆明市,呈贡新区,,23,23,24,8,11,69,44,47,43,10,17,4,8,0.5,0.5
2023-08-08T05:00:00,1451A,102.6251,24.9608,昆明市,西山森林公园,,13,5,7,1,4,84,39,61,52,12,8,9,7,0.4,0.4
2023-08-08T05:00:00,1452A,102.7252,25.0902,昆明市,龙泉镇,,15,15,13,4,5,70,19,22,17,9,13,7,7,0.4,0.4
2023-08-08T05:00:00,1453A,102.7266,25.0375,昆明市,东风东路,,13,13,11,5,6,69,34,46,37,16,16,3,2,0.3,0.3
2023-08-08T05:00:00,1454A,102.6742,25.0669,昆明市,金鼎山,二氧化硫,51,37,21,21,12,64,21,39,25,17,14,151,38,0.5,0.5
2023-08-08T05:00:00,1455A,102.6644,25.0401,昆明市,碧鸡广场,,34,26,14,12,8,76,34,45,38,18,16,100,19,0.6,0.5
2023-08-08T05:00:00,1456A,91.1319,29.6514,拉萨市,八廓街,,25,6,13,5,8,120,78,85,83,13,19,6,7,0.2,0.3
2023-08-08T05:00:00,1457A,91.1221,29.6747,拉萨市,市环保局,,25,2,10,6,6,116,78,91,82,9,13,6,7,0.1,0.2
2023-08-08T05:00:00,1458A,91.0874,29.6475,拉萨市,区监测站,,21,5,8,5,6,110,65,89,74,9,16,8,8,0.1,0.1
2023-08-08T05:00:00,1459A,91.1774,29.6541,拉萨市,西藏大学,,24,4,10,5,6,126,75,93,82,8,10,11,12,0.2,0.2
2023-08-08T05:00:00,1460A,90.9798,29.6588,拉萨市,区辐射站,,22,9,13,5,6,109,69,72,68,7,15,10,10,0.0,0.1
2023-08-08T05:00:00,1461A,91.0834,29.6292,拉萨市,拉萨火车站,,20,5,12,5,6,110,63,78,67,6,11,10,11,0.3,0.3
2023-08-08T05:00:00,1462A,108.882,34.2749,西安市,高压开关厂,,50,50,35,27,18,99,32,54,45,27,22,10,8,0.6,0.6
2023-08-08T05:00:00,1463A,108.993,34.2629,西安市,兴庆小区,,39,39,31,24,18,98,47,74,50,12,16,5,5,0.7,0.7
2023-08-08T05:00:00,1464A,109.06,34.2572,西安市,纺织城,细颗粒物(PM2.5),62,51,36,44,28,100,22,26,24,22,22,2,2,0.4,0.4
2023-08-08T05:00:00,1465A,108.9356,34.2173,西安市,小寨,,35,35,32,19,17,92,47,44,44,7,12,7,7,0.5,0.5
2023-08-08T05:00:00,1466A,108.954,34.2713,西安市,市人民体育场,,41,41,33,26,23,94,41,75,48,14,20,6,6,0.5,0.5
2023-08-08T05:00:00,1467A,108.8922,34.2322,西安市,高新西区,,44,44,37,28,22,109,46,52,50,14,17,8,7,0.6,0.7
2023-08-08T05:00:00,1468A,108.935,34.3474,西安市,经开区,,36,36,34,24,18,96,23,67,37,16,15,2,2,0.6,0.5
2023-08-08T05:00:00,1469A,108.906,34.1546,西安市,长安区,,43,43,37,23,18,98,44,52,50,8,12,5,5,0.9,0.9
2023-08-08T05:00:00,1471A,109.2186,34.3731,西安市,临潼区,颗粒物(PM10),53,55,37,25,21,79,30,69,47,21,15,4,3,0.5,0.5
2023-08-08T05:00:00,1472A,108.869,34.378,西安市,草滩,颗粒物(PM10),54,57,33,18,14,97,25,40,21,30,31,14,11,0.6,0.5
2023-08-08T05:00:00,1473A,108.985,34.1978,西安市,曲江文化产业集团,颗粒物(PM10),53,56,39,24,17,104,49,50,48,14,19,4,4,0.9,0.8
2023-08-08T05:00:00,1474A,109.051,34.3213,西安市,广运潭,,30,30,32,19,18,85,36,45,40,24,17,7,8,0.6,0.6
2023-08-08T05:00:00,1476A,103.631,36.1031,兰州市,兰炼宾馆,,30,27,38,21,20,254,53,64,56,21,26,4,5,0.3,0.3
2023-08-08T05:00:00,1477A,104.1373,35.9454,兰州市,榆中兰大校区,,,,,,,,,,,,,,,,
2023-08-08T05:00:00,1478A,103.8412,36.0726,兰州市,生物制品所,,33,26,31,23,24,178,60,78,68,14,20,1,3,0.7,0.8
2023-08-08T05:00:00,1479A,103.831,36.0464,兰州市,铁路设计院,,24,24,34,13,21,179,55,71,60,23,29,5,6,0.5,0.7
2023-08-08T05:00:00,1483A,101.524,36.6867,西宁市,第五水厂,,,,,,,,,,,,,,,,
2023-08-08T05:00:00,1484A,105.9512,38.6016,银川市,贺兰山马莲口,,27,10,18,12,13,219,84,99,91,8,10,5,6,0.5,0.5
2023-08-08T05:00:00,1488A,106.2328,38.4975,银川市,贺兰山东路,,31,31,38,17,23,224,67,96,86,20,19,11,9,0.6,0.6
2023-08-08T05:00:00,1489A,106.1358,38.5036,银川市,学院路,,33,33,36,13,18,222,81,94,64,16,23,11,13,0.5,0.5
2023-08-08T05:00:00,1490A,87.5801,43.8303,乌鲁木齐市,监测站,,40,40,51,9,14,168,65,84,75,17,27,7,5,0.4,0.5
2023-08-08T05:00:00,1491A,87.6046,43.768,乌鲁木齐市,收费所,,40,40,45,18,16,180,71,95,86,12,21,6,9,0.3,0.4
2023-08-08T05:00:00,1492A,87.4754,43.9469,乌鲁木齐市,新疆农科院农场,,42,42,75,13,15,138,49,79,60,20,29,4,4,0.8,0.8
2023-08-08T05:00:00,1493A,87.5525,43.8711,乌鲁木齐市,铁路局,,43,43,54,16,17,170,60,86,70,20,27,5,5,0.2,0.2
2023-08-08T05:00:00,1494A,87.6432,43.831,乌鲁木齐市,三十一中学,,46,46,47,14,12,167,60,82,71,12,19,9,7,0.3,0.6
2023-08-08T05:00:00,1496A,87.7216,44.1747,乌鲁木齐市,米东区环保局,,37,37,72,11,23,156,54,63,61,11,16,6,9,0.2,0.4
2023-08-08T05:00:00,1508A,112.9433,27.8614,湘潭市,板塘,,28,28,32,17,17,186,17,41,36,28,16,6,7,0.3,0.3
2023-08-08T05:00:00,1511A,112.9118,27.8403,湘潭市,市监测站,,22,22,29,14,18,202,62,64,64,13,13,3,5,0.4,0.5
2023-08-08T05:00:00,1512A,112.8937,27.8728,湘潭市,江麓,,32,32,37,13,14,170,41,41,41,14,18,8,8,0.4,0.4
2023-08-08T05:00:00,1513A,112.9227,27.8159,湘潭市,岳塘,,31,31,35,14,17,185,30,45,42,21,17,5,7,0.3,0.5
2023-08-08T05:00:00,1514A,112.9074,27.9119,湘潭市,科大,,33,33,35,18,16,156,35,35,35,12,12,7,7,0.4,0.4
2023-08-08T05:00:00,1515A,113.135,27.8244,株洲市,天台山庄,,31,31,33,11,16,167,35,46,39,17,13,4,4,0.5,0.5
2023-08-08T05:00:00,1518A,113.095,27.8867,株洲市,株冶医院,,26,26,31,12,17,143,26,47,34,15,15,4,4,0.4,0.4
2023-08-08T05:00:00,1519A,113.167,27.8667,株洲市,市四中,,24,24,31,9,15,147,32,32,31,15,14,9,6,0.5,0.4
2023-08-08T05:00:00,1520A,113.143,27.8381,株洲市,火车站,,27,27,32,3,15,168,39,52,42,10,11,7,7,0.6,0.6
2023-08-08T05:00:00,1524A,113.13,27.8528,株洲市,市监测站,,26,26,38,16,21,162,34,38,37,18,14,5,5,0.6,0.6
2023-08-08T05:00:00,1552A,106.805,26.3003,贵阳市,桐木岭,,,,,,,,,,,,,,,,
2023-08-08T05:00:00,1559A,113.251,27.8336,株洲市,大京风景区,,19,19,24,7,12,115,15,25,22,7,7,2,3,0.5,0.5
2023-08-08T05:00:00,1562A,113.0048,27.9153,湘潭市,昭山,,34,34,29,10,14,154,4,13,6,34,20,4,4,0.6,0.6
2023-08-08T05:00:00,1564A,112.4876,27.9164,湘潭市,韶山,,20,20,24,9,12,88,40,49,44,8,6,5,5,0.4,0.3
2023-08-08T05:00:00,1585A,109.8756,40.6532,包头市,市环境监测站,,39,39,42,12,17,182,67,93,88,33,32,21,18,0.8,0.7
2023-08-08T05:00:00,1587A,109.9991,40.5842,包头市,包头八中,,42,42,42,24,18,191,96,102,100,16,22,25,15,0.7,0.7
2023-08-08T05:00:00,1588A,109.8538,40.6821,包头市,青山宾馆,,42,42,44,23,21,177,56,79,69,38,35,9,15,0.7,0.8
2023-08-08T05:00:00,1589A,109.8642,40.6288,包头市,惠龙物流,,35,35,44,18,20,180,95,104,100,24,29,19,15,0.6,0.6
2023-08-08T05:00:00,1590A,110.0377,40.5546,包头市,东河鸿龙湾,,36,25,34,11,14,200,114,117,116,16,17,25,15,0.6,0.7
2023-08-08T05:00:00,1591A,110.0023,39.8129,鄂尔多斯市,综合楼,,29,29,39,12,12,153,71,110,93,23,23,10,9,0.7,0.6
2023-08-08T05:00:00,1592A,109.9486,39.8261,鄂尔多斯市,巴音孟克林场办事处,,36,36,29,17,14,162,92,122,109,13,16,8,9,0.7,0.6
2023-08-08T05:00:00,1593A,109.7736,39.5986,鄂尔多斯市,康泽苑,,40,36,29,28,14,147,72,105,90,14,15,9,8,0.5,0.5
2023-08-08T05:00:00,1594A,109.8119,39.5989,鄂尔多斯市,华泰汽车城,,36,36,33,22,13,142,75,98,88,14,17,8,8,0.7,0.5
2023-08-08T05:00:00,1595A,109.9734,39.7884,鄂尔多斯市,奥林花园,,41,41,36,17,18,147,70,100,84,18,18,7,8,1.1,0.9
2023-08-08T05:00:00,1597A,122.2703,40.7094,营口市,大庆路,,31,31,23,18,15,88,19,34,24,29,14,5,4,0.9,0.7
2023-08-08T05:00:00,1598A,122.2150,40.6511,营口市,镜湖西路,,39,35,16,27,13,89,15,38,24,24,12,5,5,0.7,0.6
2023-08-08T05:00:00,1599A,122.1658,40.6789,营口市,西炮台,,37,37,20,18,10,97,18,40,26,35,19,7,5,0.7,0.5
2023-08-08T05:00:00,1600A,124.3303,40.0625,丹东市,江湾东路,,16,16,18,10,10,101,50,71,61,14,12,4,4,0.7,0.7
2023-08-08T05:00:00,1601A,124.4256,40.1503,丹东市,临江后街,,19,19,16,10,9,75,39,64,52,17,12,11,6,0.6,0.6
2023-08-08T05:00:00,1602A,124.3933,40.1461,丹东市,元宝山,,16,16,16,11,9,86,42,65,52,12,10,6,6,0.7,0.6
2023-08-08T05:00:00,1603A,124.3633,40.1092,丹东市,民主桥,,16,16,16,9,7,100,50,69,59,11,13,3,3,0.6,0.6
2023-08-08T05:00:00,1604A,122.0303,41.1489,盘锦市,开发区,,27,27,17,12,6,99,27,56,41,28,15,10,4,0.7,0.7
2023-08-08T05:00:00,1605A,122.0485,41.0883,盘锦市,兴隆台,,33,33,19,11,8,99,32,70,50,27,16,6,5,0.4,0.4
2023-08-08T05:00:00,1606A,121.8297,41.1028,盘锦市,新生街道,,18,15,14,11,7,85,18,18,13,35,21,12,5,0.5,0.5
2023-08-08T05:00:00,1607A,120.9092,40.7136,葫芦岛市,龙港区,,32,31,33,22,16,114,16,15,15,22,18,11,21,0.4,0.4
2023-08-08T05:00:00,1608A,120.8392,40.7514,葫芦岛市,化工街,,29,29,26,14,12,111,20,21,21,28,18,14,11,0.5,0.5
2023-08-08T05:00:00,1609A,120.8341,40.7073,葫芦岛市,新区,细颗粒物(PM2.5),57,46,29,40,17,110,28,34,28,39,27,5,10,0.7,0.4
2023-08-08T05:00:00,1610A,120.8695,40.7677,葫芦岛市,东城区,,29,26,28,20,12,114,5,17,15,43,27,7,12,0.4,0.4
2023-08-08T05:00:00,1611A,118.5819,24.9117,泉州市,涂山街,,33,33,62,15,27,224,54,49,49,6,16,4,4,0.6,0.7
2023-08-08T05:00:00,1612A,118.5972,24.8978,泉州市,津头埔,,26,25,56,18,31,228,58,50,50,9,22,3,4,0.6,0.7
2023-08-08T05:00:00,1613A,118.6663,24.9424,泉州市,万安,,34,34,63,13,33,222,46,50,48,13,17,3,3,0.6,0.7
2023-08-08T05:00:00,1614A,118.6117,24.9604,泉州市,清源山,,,,,,,,,,,,,,,,
2023-08-08T05:00:00,1616A,117.6795,36.229,济南市,技术学院,,31,31,31,21,16,164,41,62,56,25,15,7,7,0.7,0.7
2023-08-08T05:00:00,1618A,118.3429,35.0532,临沂市,沂河小区,,22,22,23,13,11,139,58,64,62,16,10,5,5,0.3,0.2
2023-08-08T05:00:00,1619A,118.295,35.0583,临沂市,鲁南制药厂,,18,17,16,8,8,152,55,69,64,14,7,5,3,0.3,0.2
2023-08-08T05:00:00,1620A,118.2794,34.9976,临沂市,新光毛纺厂,,17,9,13,9,7,139,53,64,60,14,8,5,5,0.3,0.3
2023-08-08T05:00:00,1621A,118.3956,35.0888,临沂市,河东保险公司,,17,17,17,6,7,121,31,42,40,24,11,3,3,0.5,0.5
2023-08-08T05:00:00,1622A,116.3032,37.4674,德州市,儿童乐园,,34,34,37,19,18,153,70,80,77,10,9,10,10,0.7,0.7
2023-08-08T05:00:00,1624A,116.2991,37.4451,德州市,监理站,,34,34,33,17,17,148,59,81,71,14,7,11,10,0.5,0.5
2023-08-08T05:00:00,1625A,115.9848,36.4372,聊城市,区政府,,50,50,42,25,22,198,51,100,73,24,15,6,5,0.4,0.4
2023-08-08T05:00:00,1628A,118.0062,37.3803,滨州市,市环保局,,31,31,27,20,18,142,34,48,41,20,11,14,5,0.4,0.2
2023-08-08T05:00:00,1629A,118.0018,37.3617,滨州市,第二水厂,,29,29,29,14,13,136,26,56,35,28,12,13,9,0.5,0.4
2023-08-08T05:00:00,1630A,117.9776,37.393,滨州市,北中新校,,35,35,32,18,16,150,26,52,43,26,13,9,4,0.4,0.3
2023-08-08T05:00:00,1631A,118.0414,36.8103,淄博市,人民公园,,29,29,24,12,10,140,48,61,58,32,19,15,11,0.3,0.2
2023-08-08T05:00:00,1633A,117.8525,36.4847,淄博市,双山,,45,45,41,20,17,157,16,52,34,36,22,16,14,1.0,0.6
2023-08-08T05:00:00,1634A,117.9592,36.6331,淄博市,气象站,颗粒物(PM10),54,57,40,24,20,142,6,45,18,46,23,16,11,1.2,0.5
2023-08-08T05:00:00,1635A,118.3092,36.8194,淄博市,莆田园,,36,36,24,22,15,121,66,63,55,32,15,12,9,1.0,0.4
2023-08-08T05:00:00,1637A,117.558,34.8438,枣庄市,市中区政府,,48,48,38,12,13,154,72,78,72,18,17,8,9,0.5,0.5
2023-08-08T05:00:00,1638A,117.2852,34.7837,枣庄市,薛城环保局,,37,37,47,18,17,144,64,70,66,30,26,11,12,0.4,0.4
2023-08-08T05:00:00,1639A,117.5852,34.7745,枣庄市,峄城区政府,,34,34,37,7,8,149,69,77,75,19,15,15,12,0.4,0.4
2023-08-08T05:00:00,1640A,117.7276,34.5578,枣庄市,台儿庄区环保局,,27,27,28,7,9,160,47,51,49,27,17,10,11,0.4,0.3
2023-08-08T05:00:00,1641A,117.4518,35.0992,枣庄市,山亭区环保局,,25,22,25,17,18,159,75,94,82,12,12,13,11,0.2,0.2
2023-08-08T05:00:00,1642A,121.2514,37.5639,烟台市,开发区,,25,24,18,17,8,120,46,65,55,12,6,5,4,0.7,0.7
2023-08-08T05:00:00,1643A,121.3719,37.5433,烟台市,轴承厂,,31,31,22,16,10,128,46,72,59,20,12,5,5,0.3,0.3
2023-08-08T05:00:00,1644A,121.3181,37.5436,烟台市,西郊化工站,,36,29,23,25,13,124,44,67,52,20,11,6,5,0.6,0.5
2023-08-08T05:00:00,1645A,121.4478,37.4822,烟台市,莱山环保局,,24,24,16,16,7,135,45,82,58,13,7,5,6,0.4,0.5
2023-08-08T05:00:00,1646A,121.2611,37.4967,烟台市,福山环保局,,39,39,24,14,3,119,41,64,48,21,15,6,6,0.4,0.4
2023-08-08T05:00:00,1650A,119.1437,36.7023,潍坊市,环保局,,20,17,13,6,8,90,64,90,73,12,7,7,7,0.3,0.3
2023-08-08T05:00:00,1653A,116.6251,35.4302,济宁市,火炬城,,47,47,39,24,17,167,39,68,44,28,16,7,9,0.6,0.7
2023-08-08T05:00:00,1655A,116.5491,35.4042,济宁市,电化厂,颗粒物(PM10),53,55,44,29,20,167,49,86,60,23,15,6,7,0.7,0.7
2023-08-08T05:00:00,1656A,117.1437,36.1937,泰安市,监测站,,50,46,38,35,17,172,40,106,83,17,8,10,9,0.4,0.4
2023-08-08T05:00:00,1657A,117.0885,36.2017,泰安市,人口学校,,29,29,29,17,14,158,65,100,87,13,9,11,8,0.5,0.5
2023-08-08T05:00:00,1658A,117.1089,36.1758,泰安市,电力学校,,44,44,35,26,18,173,42,107,85,18,8,12,10,0.4,0.4
2023-08-08T05:00:00,1659A,119.471,35.4209,日照市,监测站,,17,7,11,1,5,106,54,57,57,5,4,6,6,0.4,0.4
2023-08-08T05:00:00,1660A,119.523,35.4216,日照市,市政府广场,,18,9,13,4,7,144,57,68,63,8,6,8,9,0.5,0.5
2023-08-08T05:00:00,1661A,119.5587,35.4044,日照市,港务局,,20,7,13,0,2,158,61,72,67,7,5,6,6,0.6,0.6
2023-08-08T05:00:00,1662A,122.1214,37.4236,威海市,华夏技校,,25,17,16,17,10,134,78,101,91,12,9,5,4,0.4,0.4
2023-08-08T05:00:00,1663A,122.0508,37.5236,威海市,山大分校,,29,29,19,15,7,157,63,107,77,18,9,9,8,0.5,0.5
2023-08-08T05:00:00,1664A,122.1067,37.5072,威海市,市监测站,,29,24,20,20,10,150,66,101,76,10,7,8,7,0.6,0.6
2023-08-08T05:00:00,1666A,118.6614,37.4309,东营市,市环保局,,26,17,14,9,9,101,81,98,93,5,3,6,6,0.3,0.2
2023-08-08T05:00:00,1669A,113.5824,24.7733,韶关市,市八中,,48,48,37,19,14,121,63,70,65,22,15,20,16,0.7,0.6
2023-08-08T05:00:00,1671A,113.5917,24.7972,韶关市,园林处,颗粒物(PM10),52,54,35,30,19,121,62,92,75,18,10,21,15,0.8,0.7
2023-08-08T05:00:00,1672A,113.6735,24.7791,韶关市,韶关学院,,31,31,32,7,16,109,46,65,52,9,10,7,9,0.3,0.5
2023-08-08T05:00:00,1673A,113.5971,24.6863,韶关市,曲江监测站,,46,46,36,22,17,113,55,80,66,20,12,14,11,0.6,0.6
2023-08-08T05:00:00,1674A,116.6794,23.3667,汕头市,金平子站,,23,20,25,16,12,111,40,48,46,7,6,5,5,0.6,0.6
2023-08-08T05:00:00,1675A,116.7244,23.3633,汕头市,龙湖子站,,18,18,28,9,12,115,52,53,53,9,10,5,5,0.6,0.6
2023-08-08T05:00:00,1676A,116.7258,23.2775,汕头市,濠江子站,,19,16,32,13,14,83,44,49,48,4,5,8,9,0.5,0.6
2023-08-08T05:00:00,1677A,116.7519,23.4714,汕头市,澄海子站,,24,24,32,15,15,126,52,48,47,12,12,6,6,0.6,0.6
2023-08-08T05:00:00,1678A,116.6092,23.2539,汕头市,潮阳子站,,24,24,31,8,11,105,44,59,55,7,5,8,8,0.5,0.6
2023-08-08T05:00:00,1680A,110.3539,21.2706,湛江市,湛江影剧院,,14,9,22,8,12,59,42,43,43,4,7,11,12,0.5,0.5
2023-08-08T05:00:00,1681A,110.3928,21.2228,湛江市,市环境监测站,,14,10,22,3,11,57,44,44,44,5,8,6,9,0.4,0.4
2023-08-08T05:00:00,1682A,110.4019,21.1997,湛江市,环保局宿舍,,17,17,22,5,10,55,42,43,41,5,8,4,5,0.5,0.5
2023-08-08T05:00:00,1683A,110.4111,21.2028,湛江市,霞山游泳场,,19,19,27,9,11,59,42,40,40,8,10,5,6,0.4,0.5
2023-08-08T05:00:00,1684A,110.3316,21.2679,湛江市,麻章区环保局,,18,18,24,9,11,53,33,37,36,8,8,20,13,0.5,0.5
2023-08-08T05:00:00,1685A,110.4558,21.2567,湛江市,坡头区环保局,,19,12,17,13,10,61,41,39,39,11,14,6,6,0.5,0.5
2023-08-08T05:00:00,1686A,111.0286,21.4688,茂名市,电白南海,,16,14,27,9,14,81,49,38,38,3,7,7,8,0.2,0.3
2023-08-08T05:00:00,1687A,110.9294,21.6533,茂名市,茂石化七小,,18,14,23,12,12,73,31,24,24,9,9,7,7,0.4,0.5
2023-08-08T05:00:00,1688A,110.9107,21.6687,茂名市,健康路,,14,14,17,5,7,71,35,27,27,8,9,3,3,0.5,0.5
2023-08-08T05:00:00,1689A,110.8592,21.6828,茂名市,高岭,,29,29,32,14,16,76,33,19,19,9,14,4,6,0.6,0.5
2023-08-08T05:00:00,1690A,116.1231,24.3284,梅州市,梅江月梅,,17,17,22,9,12,101,30,48,42,22,10,4,2,0.6,0.6
2023-08-08T05:00:00,1691A,116.0797,24.2719,梅州市,梅县新城,,23,23,24,6,10,94,29,54,47,19,7,6,6,0.6,0.6
2023-08-08T05:00:00,1692A,116.1248,24.2654,梅州市,环境监控中心,,20,20,24,10,14,104,33,45,37,19,11,5,5,0.6,0.6
2023-08-08T05:00:00,1693A,115.3653,22.775,汕尾市,市环保局,,25,25,28,13,13,80,30,37,35,12,6,8,8,0.6,0.6
2023-08-08T05:00:00,1694A,115.3706,22.7898,汕尾市,市政府,,23,23,25,6,11,84,30,38,36,9,5,5,4,0.5,0.5
2023-08-08T05:00:00,1695A,115.3622,22.7925,汕尾市,新城中学,,34,34,28,14,14,82,30,39,37,10,5,7,7,0.7,0.7
2023-08-08T05:00:00,1696A,114.6778,23.7569,河源市,源西,,29,24,33,20,16,107,20,52,36,23,15,4,5,0.7,0.7
2023-08-08T05:00:00,1697A,114.6944,23.7586,河源市,东埔,,46,46,43,15,15,98,30,46,36,16,13,5,5,0.6,0.6
2023-08-08T05:00:00,1698A,114.6892,23.7233,河源市,老城,,44,44,46,12,15,107,31,39,35,14,13,4,4,0.6,0.6
2023-08-08T05:00:00,1699A,111.9797,21.8593,阳江市,鸳鸯湖,,20,20,22,7,10,69,16,41,30,17,9,8,8,0.7,0.7
2023-08-08T05:00:00,1701A,111.9491,21.8658,阳江市,马南垌,,29,29,27,11,12,67,7,36,21,12,10,5,6,0.6,0.6
2023-08-08T05:00:00,1702A,113.0426,23.691,清远市,环保大楼,,35,35,37,21,20,140,12,34,20,26,16,13,7,0.4,0.4
2023-08-08T05:00:00,1703A,113.0208,23.7106,清远市,凤城街办,,40,40,40,17,20,119,9,47,19,26,14,11,7,0.5,0.5
2023-08-08T05:00:00,1705A,116.6367,23.6719,潮州市,西园路,,36,22,37,25,17,123,36,50,44,13,11,9,8,0.3,0.4
2023-08-08T05:00:00,1706A,116.6447,23.6706,潮州市,档案局,,32,26,32,22,17,146,39,56,50,11,10,10,10,0.3,0.4
2023-08-08T05:00:00,1708A,116.3701,23.5345,揭阳市,新兴,,28,28,28,13,16,86,40,43,42,5,5,7,7,0.6,0.6
2023-08-08T05:00:00,1709A,116.3264,23.5443,揭阳市,西马,,25,25,31,13,15,84,37,40,40,7,6,6,6,0.6,0.6
2023-08-08T05:00:00,1710A,116.3611,23.5626,揭阳市,东兴,,36,36,34,13,13,91,39,48,45,11,8,3,3,0.6,0.7
2023-08-08T05:00:00,1711A,116.4151,23.5294,揭阳市,渔湖,,29,29,33,16,12,92,46,48,44,3,3,6,6,0.6,0.6
2023-08-08T05:00:00,1712A,112.0392,22.9169,云浮市,新市府,,9,8,12,6,7,63,26,41,33,3,2,4,4,0.7,0.7
2023-08-08T05:00:00,1714A,112.0539,22.9539,云浮市,牧羊,,10,6,20,7,17,60,19,36,24,13,13,15,14,0.5,0.6
2023-08-08T05:00:00,1715A,102.575,24.3711,玉溪市,东风水库,,24,24,17,8,8,71,7,37,18,18,12,5,4,1.1,0.7
2023-08-08T05:00:00,1718A,115.4208,35.2464,菏泽市,气象局,颗粒物(PM10),55,60,41,35,18,152,92,110,103,18,16,10,6,0.6,0.5
2023-08-08T05:00:00,1719A,115.4747,35.2375,菏泽市,市政协,,48,48,35,33,19,163,109,120,117,13,13,7,7,0.5,0.4
2023-08-08T05:00:00,1721A,113.3819,40.1097,大同市,果树场,,,,,,,,,,,,,,,,
2023-08-08T05:00:00,1723A,113.2994,40.0758,大同市,云冈宾馆,,30,30,44,12,17,178,77,122,101,18,22,10,10,0.7,0.5
2023-08-08T05:00:00,1724A,113.3444,40.0917,大同市,大同大学,,29,15,36,13,16,180,92,131,108,12,16,7,8,0.5,0.5
2023-08-08T05:00:00,1725A,113.2661,40.1269,大同市,安家小村,,30,30,49,12,15,182,65,109,89,13,16,10,12,0.5,0.4
2023-08-08T05:00:00,1726A,113.2711,40.0844,大同市,教育学院,,26,26,48,18,19,181,78,121,105,20,22,10,11,0.7,0.5
2023-08-08T05:00:00,1727A,113.1147,36.1547,长治市,清华站,"颗粒物(PM10),细颗粒物(PM2.5)",52,53,46,36,24,174,39,93,73,36,17,8,8,1.7,1
2023-08-08T05:00:00,1728A,113.1031,36.1989,长治市,监测站,细颗粒物(PM2.5),58,46,42,41,25,184,78,120,96,18,21,4,7,1.0,1.2
2023-08-08T05:00:00,1730A,113.0886,36.2125,长治市,审计局,细颗粒物(PM2.5),67,52,41,48,29,178,76,111,98,18,18,6,7,1.3,1.3
2023-08-08T05:00:00,1731A,113.0844,36.1856,长治市,长治八中,颗粒物(PM10),56,61,48,23,24,175,80,113,97,14,16,8,9,1.2,1
2023-08-08T05:00:00,1733A,111.5531,36.0783,临汾市,临钢医院,颗粒物(PM10),53,56,56,22,22,129,14,38,27,43,21,5,6,1.0,1
2023-08-08T05:00:00,1734A,111.5028,36.0714,临汾市,技工学校,颗粒物(PM10),59,67,61,36,26,128,32,43,36,33,23,6,7,1.0,1.1
2023-08-08T05:00:00,1736A,111.5018,36.0855,临汾市,市委,颗粒物(PM10),70,90,70,37,38,131,30,36,33,36,26,6,8,0.7,0.8
2023-08-08T05:00:00,1738A,113.5758,37.8572,阳泉市,市中心,细颗粒物(PM2.5),52,48,52,36,29,123,83,90,89,10,15,8,12,1.0,1.1
2023-08-08T05:00:00,1739A,113.4894,37.8731,阳泉市,赛鱼,细颗粒物(PM2.5),70,62,56,51,39,118,59,84,77,8,14,8,8,1.0,0.9
2023-08-08T05:00:00,1740A,113.5819,37.8486,阳泉市,南庄,细颗粒物(PM2.5),55,55,76,39,34,121,88,98,96,19,20,6,8,1.1,1
2023-08-08T05:00:00,1742A,113.5614,37.8703,阳泉市,平坦,细颗粒物(PM2.5),79,86,81,58,47,128,94,97,96,10,14,7,9,0.9,0.9
2023-08-08T05:00:00,1743A,113.5158,37.8392,阳泉市,大阳泉,,36,36,69,20,33,112,101,89,89,5,9,8,9,0.8,0.8
2023-08-08T05:00:00,1744A,118.9233,42.2816,赤峰市,松山一中,颗粒物(PM10),63,75,27,6,6,110,37,69,55,19,18,9,17,0.4,0.5
2023-08-08T05:00:00,1745A,118.9576,42.2728,赤峰市,哈达街,,16,16,30,5,13,108,48,71,62,16,20,24,36,0.4,0.4
2023-08-08T05:00:00,1746A,118.8788,42.2554,赤峰市,天义路,,17,12,20,5,11,123,54,73,61,12,16,12,26,0.1,0.2
2023-08-08T05:00:00,1748A,123.044,41.1196,鞍山市,深沟寺,,40,39,26,28,17,108,9,19,16,24,17,3,3,1.3,0.8
2023-08-08T05:00:00,1749A,123.011,41.0931,鞍山市,太阳城,,49,49,34,26,16,116,14,23,21,20,12,7,6,1.3,0.9
2023-08-08T05:00:00,1750A,123.0485,41.1442,鞍山市,太平,颗粒物(PM10),55,59,41,31,24,117,9,21,13,42,25,18,9,1.0,1.2
2023-08-08T05:00:00,1751A,122.9642,41.0971,鞍山市,铁西三道街,颗粒物(PM10),51,51,35,35,18,111,10,40,24,40,25,20,15,1.6,1.2
2023-08-08T05:00:00,1752A,122.9341,41.0833,鞍山市,铁西工业园区,细颗粒物(PM2.5),58,64,37,41,23,116,6,45,16,41,28,24,14,2.2,1.3
2023-08-08T05:00:00,1753A,123.022,41.0821,鞍山市,明达新区,,28,28,22,18,14,118,21,37,34,31,19,7,6,1.1,0.5
2023-08-08T05:00:00,1754A,123.1289,41.0228,鞍山市,千山,,,,,,,,,,,,,,,,
2023-08-08T05:00:00,1755A,123.7977,41.8491,抚顺市,望花区,,34,34,18,14,14,90,11,23,12,24,16,9,8,0.4,0.4
2023-08-08T05:00:00,1756A,123.9161,41.8822,抚顺市,顺城区,,18,18,22,10,10,78,17,12,12,15,17,3,3,0.4,0.4
2023-08-08T05:00:00,1757A,124.0436,41.8611,抚顺市,东洲区,,19,19,14,10,7,83,6,16,12,20,12,6,5,0.3,0.2
2023-08-08T05:00:00,1758A,123.9247,41.8642,抚顺市,新抚区,,34,34,19,12,10,79,5,6,5,22,15,7,5,0.6,0.5
2023-08-08T05:00:00,1759A,124.0972,41.8961,抚顺市,大伙房水库,,19,19,12,10,8,77,10,17,12,14,10,3,4,0.2,0.2
2023-08-08T05:00:00,1760A,123.7086,41.8391,抚顺市,沈抚新城,,16,16,14,8,9,78,13,24,14,9,8,4,4,0.4,0.4
2023-08-08T05:00:00,1761A,123.8275,41.3064,本溪市,大峪,,21,21,18,8,15,107,13,18,13,20,17,4,4,0.6,0.5
2023-08-08T05:00:00,1762A,123.7567,41.3325,本溪市,溪湖,,32,32,25,12,13,114,5,9,8,24,15,3,3,0.7,0.8
2023-08-08T05:00:00,1763A,123.7169,41.3094,本溪市,彩屯,,21,21,30,11,17,110,7,12,9,21,23,6,6,0.7,0.9
2023-08-08T05:00:00,1764A,123.7669,41.2864,本溪市,东明,,22,22,29,10,14,114,16,26,16,25,20,5,6,0.6,0.6
2023-08-08T05:00:00,1765A,123.7992,41.2664,本溪市,新立屯,,13,5,18,9,10,110,18,17,17,17,15,7,6,0.6,0.7
2023-08-08T05:00:00,1766A,123.8142,41.3472,本溪市,威宁,,33,33,28,10,14,101,5,6,6,16,17,6,6,0.5,0.6
2023-08-08T05:00:00,1767A,121.1115,41.0879,锦州市,南山,,35,33,24,24,19,99,18,24,15,23,16,6,24,1.8,0.8
2023-08-08T05:00:00,1768A,121.0533,40.8434,锦州市,开发区,,46,43,28,32,13,110,25,11,11,25,18,42,8,0.9,0.7
2023-08-08T05:00:00,1769A,121.1836,41.1119,锦州市,百股街道,,18,18,23,9,10,100,22,18,18,18,16,7,12,0.9,0.8
2023-08-08T05:00:00,1770A,121.1178,41.1222,锦州市,天安街道,,28,28,24,14,8,94,26,36,26,25,17,5,6,1.9,1
2023-08-08T05:00:00,1771A,121.1303,41.1386,锦州市,北湖公园,,23,23,20,7,9,101,25,57,41,22,12,2,3,1.0,0.7
2023-08-08T05:00:00,1772A,126.54,43.8622,吉林市,哈达湾,,8,8,11,3,6,48,18,18,18,14,16,5,6,0.4,0.5
2023-08-08T05:00:00,1773A,126.5844,43.8358,吉林市,东局子,,8,8,9,5,6,49,14,18,17,9,12,6,6,0.4,0.5
2023-08-08T05:00:00,1774A,126.5052,43.8245,吉林市,电力学院,,9,7,10,6,9,45,15,20,18,10,12,6,7,0.6,0.7
2023-08-08T05:00:00,1775A,126.6133,43.8972,吉林市,江北,,11,11,13,2,4,43,13,12,8,5,16,6,6,0.6,0.6
2023-08-08T05:00:00,1776A,126.555,43.8306,吉林市,江南公园,,10,10,14,5,11,49,19,18,18,9,18,3,3,0.5,0.6
2023-08-08T05:00:00,1778A,126.7061,43.7133,吉林市,丰满,,,,,,,,,,,,,,,,
2023-08-08T05:00:00,1779A,123.9305,47.3636,齐齐哈尔市,安居小区,,22,12,33,15,13,58,39,38,38,3,10,4,5,0.3,0.3
2023-08-08T05:00:00,1780A,123.9488,47.3386,齐齐哈尔市,中心广场,,12,7,15,2,4,57,38,36,36,3,9,2,2,0.2,0.3
2023-08-08T05:00:00,1781A,123.9483,47.3227,齐齐哈尔市,农牧车辆厂,,12,12,24,5,7,59,37,38,37,4,7,6,6,0.3,0.2
2023-08-08T05:00:00,1783A,123.945,47.2988,齐齐哈尔市,市环境监测站,,11,8,13,4,6,58,35,37,35,5,6,6,6,0.2,0.2
2023-08-08T05:00:00,1784A,129.61,44.561,牡丹江市,环保大楼,,17,17,7,7,8,30,17,20,19,7,10,5,5,0.3,0.4
2023-08-08T05:00:00,1785A,129.6115,44.5782,牡丹江市,文化广场,,18,4,6,12,11,25,20,20,20,6,12,4,4,0.3,0.4
2023-08-08T05:00:00,1786A,129.5904,44.5963,牡丹江市,第一医院,,18,4,8,12,9,27,16,19,19,10,10,4,4,0.3,0.4
2023-08-08T05:00:00,1787A,129.6364,44.6075,牡丹江市,机车工厂,,12,12,14,7,8,26,13,10,10,9,8,3,3,0.4,0.4
2023-08-08T05:00:00,1788A,129.6386,44.5462,牡丹江市,第一中学,,12,12,10,5,5,28,13,21,13,8,9,5,4,0.3,0.3
2023-08-08T05:00:00,1789A,124.81117,46.03138,大庆市,大同区,,16,16,12,9,9,55,20,28,23,6,7,5,5,0.2,0.2
2023-08-08T05:00:00,1790A,125.129,46.533,大庆市,龙凤区,,9,7,10,5,6,62,28,33,30,4,4,5,5,0.2,0.2
2023-08-08T05:00:00,1791A,124.902,46.408,大庆市,红岗区,,15,10,13,10,9,63,25,26,25,6,6,3,3,0.3,0.3
2023-08-08T05:00:00,1792A,125.153,46.586,大庆市,萨尔图区,,10,8,10,4,5,62,30,34,31,4,5,4,4,0.3,0.3
2023-08-08T05:00:00,1793A,124.9042,46.6215,大庆市,让胡路区,,9,6,12,6,8,64,28,30,29,6,7,3,3,0.3,0.3
2023-08-08T05:00:00,1794A,118.3606,31.3519,芜湖市,监测站,,29,29,38,17,21,170,58,64,59,11,23,4,4,0.7,0.9
2023-08-08T05:00:00,1795A,118.3714,31.4134,芜湖市,科创中心,,28,28,40,19,22,179,48,52,50,18,22,6,8,0.8,1
2023-08-08T05:00:00,1796A,118.3673,31.3131,芜湖市,四水厂,,28,28,35,15,21,189,60,72,67,9,22,2,3,0.7,1
2023-08-08T05:00:00,1798A,118.5092,31.6837,马鞍山市,湖东路四小,,38,28,28,26,21,185,56,62,58,7,10,8,9,0.8,0.9
2023-08-08T05:00:00,1799A,118.5024,31.6449,马鞍山市,开发区,,34,34,39,18,18,177,55,61,56,9,14,4,5,0.8,0.9
2023-08-08T05:00:00,1800A,118.5228,31.7231,马鞍山市,慈湖,,37,37,35,22,20,181,54,65,57,13,15,8,7,0.8,0.9
2023-08-08T05:00:00,1802A,118.6245,31.7241,马鞍山市,濮塘,,22,20,18,15,18,149,50,58,51,7,8,2,3,0.7,0.6
2023-08-08T05:00:00,1803A,115.9872,29.6815,九江市,十里,,27,27,23,11,15,137,54,54,54,12,14,10,11,0.7,0.6
2023-08-08T05:00:00,1804A,115.9584,29.7046,九江市,茅山头,,17,17,20,10,14,127,50,48,48,18,19,7,8,0.8,0.8
2023-08-08T05:00:00,1805A,115.9877,29.7295,九江市,西园,,18,12,22,12,12,135,24,37,34,36,21,10,10,0.4,0.5
2023-08-08T05:00:00,1806A,116.0172,29.6547,九江市,五七二七厂,,20,20,21,11,12,132,32,56,41,8,7,7,9,0.7,0.7
2023-08-08T05:00:00,1808A,115.9114,29.6038,九江市,综合工业园,,28,28,23,10,13,162,23,47,31,24,23,10,11,1.0,0.9
2023-08-08T05:00:00,1809A,116.0721,29.7535,九江市,石化总厂,,20,11,25,12,11,119,19,37,30,39,18,11,11,0.9,0.8
2023-08-08T05:00:00,1810A,115.9773,29.5698,九江市,庐山气象台,,31,22,26,17,19,121,98,110,99,2,2,7,7,0.4,0.6
2023-08-08T05:00:00,1812A,112.3931,34.6516,洛阳市,市委党校,颗粒物(PM10),53,55,37,32,25,143,62,104,82,16,8,9,7,0.8,0.7
2023-08-08T05:00:00,1814A,112.4657,34.6871,洛阳市,豫西宾馆,颗粒物(PM10),53,56,41,32,23,151,53,76,64,20,12,3,3,0.8,0.6
2023-08-08T05:00:00,1815A,112.494,34.6886,洛阳市,河南林校,,41,41,32,23,18,147,50,71,59,27,18,5,4,0.8,0.7
2023-08-08T05:00:00,1816A,112.3844,34.623,洛阳市,开发区管委会,颗粒物(PM10),52,53,39,25,19,160,63,104,86,22,13,10,8,0.6,0.5
2023-08-08T05:00:00,1817A,112.4267,34.6258,洛阳市,市委新办公区,,49,49,37,29,24,148,55,100,78,22,12,4,2,0.6,0.6
2023-08-08T05:00:00,1818A,114.4839,36.0621,安阳市,棉研所,,,,,,,,,,,,,,,,
2023-08-08T05:00:00,1819A,114.3551,36.1017,安阳市,红庙街,,45,38,37,31,18,153,92,121,104,11,8,14,10,0.6,0.5
2023-08-08T05:00:00,1820A,114.361,36.0681,安阳市,银杏小区,,,39,39,,,159,113,110,110,4,6,11,7,0.5,0.4
2023-08-08T05:00:00,1824A,114.3389,34.7781,开封市,肿瘤医院,,49,49,36,26,17,136,84,107,102,8,8,4,5,0.8,0.7
2023-08-08T05:00:00,1826A,114.2885,34.7965,开封市,世纪星幼儿园,,,52,35,,,136,80,104,93,16,13,5,6,0.7,0.6
2023-08-08T05:00:00,1828A,113.227,35.2125,焦作市,市环保局,,48,46,39,33,21,165,69,104,93,18,13,6,6,0.8,0.5
2023-08-08T05:00:00,1830A,113.1992,35.2590,焦作市,影视城,,,,,,,,,,,,,,,,
2023-08-08T05:00:00,1832A,113.3257,33.742,平顶山市,新华旅馆,,49,49,41,10,15,145,91,104,98,16,16,6,3,0.6,0.6
2023-08-08T05:00:00,1833A,113.2919,33.737,平顶山市,规划设计院,,34,34,38,20,20,143,105,105,105,9,11,8,8,0.8,0.8
2023-08-08T05:00:00,1834A,113.182,33.774,平顶山市,平顶山工学院,颗粒物(PM10),54,57,48,19,18,146,83,110,88,19,13,7,6,0.5,0.5
2023-08-08T05:00:00,1835A,111.1922,34.7752,三门峡市,市政府,,49,49,33,28,18,141,85,110,101,13,10,3,5,0.7,0.6
2023-08-08T05:00:00,1836A,111.1587,34.7942,三门峡市,开发区,颗粒物(PM10),66,82,39,28,20,144,79,113,104,19,14,2,4,0.6,0.5
2023-08-08T05:00:00,1838A,111.143,34.7955,三门峡市,风景区,,,,,,,,,,,,,,,,
2023-08-08T05:00:00,1840A,111.2992,30.6981,宜昌市,白龙岗,,25,24,27,17,14,141,57,74,68,10,15,7,7,0.4,0.5
2023-08-08T05:00:00,1841A,111.3549,30.6465,宜昌市,伍家岗,,28,23,24,19,16,135,83,88,87,9,18,2,2,0.6,0.6
2023-08-08T05:00:00,1842A,111.2628,30.6961,宜昌市,点军区,,26,26,25,9,10,137,49,69,60,8,11,6,6,0.5,0.6
2023-08-08T05:00:00,1843A,111.3275,30.7819,宜昌市,夷陵区,,18,14,22,12,10,141,42,67,60,10,12,2,3,0.4,0.5
2023-08-08T05:00:00,1844A,112.2494,30.3197,荆州市,市图书馆,,39,39,28,19,18,123,58,86,71,9,6,6,6,0.8,0.8
2023-08-08T05:00:00,1845A,112.2008,30.3544,荆州市,市委党校,,40,40,32,21,20,122,61,71,67,11,8,8,7,0.7,0.7
2023-08-08T05:00:00,1847A,113.1094,29.3578,岳阳市,南湖风景区,,30,22,28,21,21,140,15,56,43,24,12,6,7,0.6,0.7
2023-08-08T05:00:00,1848A,113.1493,29.4251,岳阳市,城陵矶,,36,36,31,24,23,125,8,22,15,34,25,8,9,0.9,0.9
2023-08-08T05:00:00,1849A,113.1497,29.3575,岳阳市,开发区,,34,34,35,21,20,150,6,47,24,23,10,8,7,0.5,0.6
2023-08-08T05:00:00,1850A,113.2621,29.4758,岳阳市,云溪区,,27,27,30,11,19,138,26,26,26,12,12,6,8,0.6,0.7
2023-08-08T05:00:00,1851A,112.9943,29.4402,岳阳市,君山区,,24,24,29,15,22,119,36,48,44,15,10,7,7,0.7,0.7
2023-08-08T05:00:00,1852A,113.2117,29.355,岳阳市,金凤水库,,36,36,28,24,20,142,19,29,21,12,8,2,3,0.5,0.6
2023-08-08T05:00:00,1854A,111.6975,28.9703,常德市,市二中,,27,27,15,16,10,94,19,32,23,10,8,2,2,0.8,0.8
2023-08-08T05:00:00,1857A,111.7158,29.1456,常德市,白鹤山,,19,15,12,13,7,95,49,58,33,4,4,5,4,0.3,0.3
2023-08-08T05:00:00,1858A,110.5319,29.1217,张家界市,永定新区,,48,39,27,33,22,90,18,32,23,2,3,5,5,0.3,0.3
2023-08-08T05:00:00,1859A,110.4697,29.1242,张家界市,电业局,,25,22,18,17,16,93,25,42,32,4,11,9,9,0.3,0.3
2023-08-08T05:00:00,1860A,110.5594,29.3547,张家界市,未央路,,38,38,29,17,17,89,7,8,7,4,16,3,4,0.2,0.2
2023-08-08T05:00:00,1861A,110.4417,29.315,张家界市,袁家界,,27,25,22,18,18,89,85,73,67,3,4,7,7,0.6,0.6
2023-08-08T05:00:00,1862A,110.4144,25.3167,桂林市,电子科大尧山校区,,20,16,24,14,10,74,12,23,16,8,7,10,13,0.5,0.5
2023-08-08T05:00:00,1863A,110.2819,25.2697,桂林市,监测站,,29,29,22,8,11,85,40,44,43,6,7,10,7,0.6,0.6
2023-08-08T05:00:00,1864A,110.3089,25.2708,桂林市,龙隐路小学,,20,20,20,12,10,78,32,38,36,8,9,10,8,0.5,0.5
2023-08-08T05:00:00,1865A,110.2869,25.2178,桂林市,八中,,13,9,19,9,11,78,38,37,37,8,10,10,7,0.3,0.3
2023-08-08T05:00:00,1866A,109.2262,21.588,北海市,牛尾岭水库,,13,13,14,2,4,40,24,39,33,6,4,7,4,0.5,0.5
2023-08-08T05:00:00,1867A,109.1436,21.4086,北海市,海滩公园,,31,31,37,5,5,54,44,49,46,3,2,4,4,0.5,0.5
2023-08-08T05:00:00,1868A,109.0981,21.4661,北海市,新市环保局,,15,15,19,2,5,54,44,49,46,1,2,3,3,0.6,0.6
2023-08-08T05:00:00,1869A,109.1778,21.5233,北海市,北海工业园,,18,15,18,12,7,52,43,49,46,2,4,4,4,0.5,0.6
2023-08-08T05:00:00,1870A,109.4856,24.3895,柳州市,柳东小学,,15,15,11,0,7,62,18,21,20,9,7,11,6,0.4,0.4
2023-08-08T05:00:00,1871A,109.4157,24.3277,柳州市,环保监测站,,17,17,15,5,6,57,22,26,22,8,9,4,4,0.4,0.5
2023-08-08T05:00:00,1872A,109.389,24.341,柳州市,河西水厂,,14,14,13,6,8,57,18,24,21,13,10,4,5,0.8,0.8
2023-08-08T05:00:00,1873A,109.4311,24.2921,柳州市,市四中,,9,5,16,5,5,67,26,23,22,7,9,7,6,0.5,0.5
2023-08-08T05:00:00,1874A,109.4006,24.3631,柳州市,市九中,,15,15,14,5,9,63,26,31,28,7,6,5,6,0.7,0.7
2023-08-08T05:00:00,1875A,109.4958,24.3134,柳州市,古亭山,,12,12,15,2,6,58,20,13,13,11,11,4,5,0.8,0.7
2023-08-08T05:00:00,1876A,109.5078,18.2489,三亚市,河东子站,,25,25,28,11,12,64,39,47,42,5,7,2,2,0.3,0.4
2023-08-08T05:00:00,1877A,109.4964,18.2681,三亚市,河西子站,,27,27,28,11,12,66,44,51,48,3,5,1,2,0.3,0.3
2023-08-08T05:00:00,1878A,104.7778,31.4741,绵阳市,富乐山,,16,16,11,11,8,107,27,33,29,11,10,4,4,0.5,0.5
2023-08-08T05:00:00,1879A,104.7563,31.4535,绵阳市,市人大,,18,18,14,10,8,106,22,38,33,22,17,8,8,0.5,0.5
2023-08-08T05:00:00,1880A,104.6697,31.4668,绵阳市,高新区自来水公司,,40,40,23,17,11,133,5,40,22,38,22,6,6,0.5,0.5
2023-08-08T05:00:00,1881A,104.7287,31.5075,绵阳市,三水厂,,35,35,21,18,11,107,9,31,20,30,23,7,6,0.7,0.7
2023-08-08T05:00:00,1882A,104.563,28.793,宜宾市,石马中学,,30,30,25,17,10,124,3,14,8,23,17,6,6,0.6,0.5
2023-08-08T05:00:00,1883A,104.6201,28.7728,宜宾市,市委,,43,43,23,27,14,114,16,35,28,23,12,8,9,0.7,0.6
2023-08-08T05:00:00,1884A,104.6055,28.793,宜宾市,宜宾四中,颗粒物(PM10),51,51,27,33,16,112,16,22,19,22,18,3,5,0.7,0.6
2023-08-08T05:00:00,1885A,104.639,28.7562,宜宾市,市政府,,34,34,26,21,15,112,31,35,26,17,17,7,9,0.7,0.7
2023-08-08T05:00:00,1886A,104.5742,28.7199,宜宾市,黄金嘴,,39,39,27,25,17,128,22,32,26,20,18,7,9,0.7,0.7
2023-08-08T05:00:00,1888A,101.6891,26.571,攀枝花市,弄弄坪,,20,18,36,7,17,126,63,47,47,6,16,10,16,0.7,1
2023-08-08T05:00:00,1889A,101.5769,26.5928,攀枝花市,河门口,,16,16,20,8,10,105,51,53,51,13,18,7,11,0.9,1.2
2023-08-08T05:00:00,1890A,101.7169,26.585,攀枝花市,炳草岗,,24,24,34,7,16,133,30,39,26,23,21,14,26,1.4,1.3
2023-08-08T05:00:00,1891A,101.7369,26.5008,攀枝花市,仁和,,39,35,35,21,22,143,11,46,20,54,24,69,29,3.9,1.8
2023-08-08T05:00:00,1893A,105.4324,28.9634,泸州市,九狮山,,18,18,15,7,8,93,6,5,5,15,16,5,5,0.6,0.5
2023-08-08T05:00:00,1894A,105.4427,28.9063,泸州市,小市上码头,,29,29,22,18,10,136,23,52,32,16,10,5,6,0.7,0.6
2023-08-08T05:00:00,1895A,105.4241,28.8573,泸州市,兰田宪桥,,30,30,22,14,12,153,13,28,23,13,8,2,3,0.6,0.6
2023-08-08T05:00:00,1896A,105.4379,28.8833,泸州市,市环监站,,28,28,20,9,5,132,19,48,39,23,10,3,3,0.5,0.5
2023-08-08T05:00:00,1901A,104.4239,31.1208,德阳市,东山公园,,20,20,12,14,10,108,28,74,45,3,6,1,4,0.4,0.4
2023-08-08T05:00:00,1902A,104.3826,31.1317,德阳市,西小区,,46,46,25,29,13,116,27,40,31,27,13,56,8,0.7,0.5
2023-08-08T05:00:00,1904A,104.3553,31.1091,德阳市,耐火材料厂,,43,43,24,24,12,114,11,58,36,25,10,3,3,0.7,0.5
2023-08-08T05:00:00,1905A,106.056,30.8064,南充市,西山风景区,,16,16,12,10,7,95,30,61,48,7,5,1,1,0.5,0.4
2023-08-08T05:00:00,1906A,106.0789,30.8023,南充市,南充市委,,26,26,16,16,8,101,21,42,29,16,11,7,7,0.3,0.3
2023-08-08T05:00:00,1907A,106.1031,30.8217,南充市,南充炼油厂,,24,24,20,13,6,103,32,41,36,6,4,7,7,0.3,0.3
2023-08-08T05:00:00,1908A,106.1064,30.7856,南充市,高坪区监测站,,20,20,17,10,7,106,48,49,41,4,7,6,6,0.2,0.2
2023-08-08T05:00:00,1909A,106.0642,30.7636,南充市,嘉陵区环保局,,25,24,18,17,9,108,20,55,38,26,13,4,5,0.4,0.3
2023-08-08T05:00:00,1910A,106.1087,30.8388,南充市,市环境监测站,,19,19,20,13,15,95,21,36,28,12,11,5,5,0.3,0.3
2023-08-08T05:00:00,1911A,106.9222,27.6869,遵义市,丁字口,,15,15,17,7,10,71,31,38,36,7,14,4,4,0.7,0.7
2023-08-08T05:00:00,1912A,106.9242,27.7019,遵义市,凤凰山,,19,11,18,11,14,86,59,49,49,4,9,5,6,0.6,0.8
2023-08-08T05:00:00,1913A,106.8906,27.6486,遵义市,忠庄,,17,17,20,6,10,77,40,40,40,7,11,1,2,0.5,0.5
2023-08-08T05:00:00,1914A,106.9231,27.6506,遵义市,舟水桥,,16,16,21,6,10,74,29,30,30,6,9,1,1,0.5,0.6
2023-08-08T05:00:00,1915A,106.9178,27.72,遵义市,干田坝,,22,12,13,15,10,93,28,35,33,7,12,4,5,0.4,0.5
2023-08-08T05:00:00,1916A,103.7897,25.5035,曲靖市,环境监测站,,24,24,14,3,7,63,23,39,30,17,12,7,4,0.8,0.6
2023-08-08T05:00:00,1917A,103.8,25.5364,曲靖市,烟厂办公区,,22,22,14,2,7,64,24,28,27,13,10,6,4,0.7,0.5
2023-08-08T05:00:00,1918A,108.7197,34.3956,咸阳市,气象站,,,,,,,,,,,,,,,,
2023-08-08T05:00:00,1919A,108.673,34.3155,咸阳市,实验中学,,29,29,31,19,20,105,37,37,37,10,14,4,4,0.6,0.7
2023-08-08T05:00:00,1920A,108.7233,34.3617,咸阳市,师范学院,,39,39,28,18,16,106,34,59,40,15,16,2,3,0.7,0.7
2023-08-08T05:00:00,1922A,109.0656,35.0994,铜川市,党校,,34,34,28,19,14,101,48,22,22,11,17,7,6,0.9,0.8
2023-08-08T05:00:00,1923A,109.0697,35.0697,铜川市,王益区政府,,33,33,26,12,14,108,16,14,14,20,14,4,3,0.5,0.5
2023-08-08T05:00:00,1924A,108.9344,34.9058,铜川市,新区管委会,,31,31,31,15,16,96,38,53,48,24,21,6,4,0.7,0.7
2023-08-08T05:00:00,1926A,109.4131,36.6275,延安市,枣园,,27,27,30,16,15,113,2,3,3,21,23,5,5,0.6,0.7
2023-08-08T05:00:00,1927A,109.4761,36.6028,延安市,延大医附院,,35,35,35,16,16,118,4,4,4,23,24,4,4,0.3,0.4
2023-08-08T05:00:00,1929A,109.5056,36.6106,延安市,百米大道,颗粒物(PM10),52,54,39,31,21,114,5,6,5,32,28,22,7,0.9,0.8
2023-08-08T05:00:00,1930A,107.185,34.3063,宝鸡市,庙沟村,,22,22,26,13,12,77,25,39,30,2,4,6,6,0.4,0.3
2023-08-08T05:00:00,1931A,107.0708,34.3017,宝鸡市,竹园沟,,31,31,27,12,12,115,39,68,54,9,9,5,5,0.6,0.5
2023-08-08T05:00:00,1932A,107.1906,34.3672,宝鸡市,三陆医院,,41,41,33,21,16,126,66,61,61,11,17,4,5,0.6,0.6
2023-08-08T05:00:00,1933A,107.1431,34.3547,宝鸡市,监测站,,42,42,31,21,17,122,58,66,63,15,17,5,5,0.6,0.5
2023-08-08T05:00:00,1934A,107.1186,34.3739,宝鸡市,技工学校,,39,32,26,27,20,117,64,72,70,9,13,5,5,0.7,0.6
2023-08-08T05:00:00,1935A,107.3906,34.3528,宝鸡市,陈仓区环保局家属楼,细颗粒物(PM2.5),58,41,30,41,27,106,58,72,63,18,15,5,6,0.5,0.5
2023-08-08T05:00:00,1936A,107.2058,34.3497,宝鸡市,文理学院,,43,43,33,26,18,126,66,67,67,9,11,4,4,0.7,0.7
2023-08-08T05:00:00,1937A,107.2386,34.3622,宝鸡市,三迪小学,,38,38,32,26,18,116,64,70,67,10,14,4,4,0.6,0.6
2023-08-08T05:00:00,1938A,109.5293,34.5101,渭南市,农科所,,34,34,31,17,23,94,4,47,34,41,21,4,5,0.3,0.4
2023-08-08T05:00:00,1939A,109.4974,34.4877,渭南市,日报社,,40,39,30,28,26,106,27,44,39,23,19,6,6,0.5,0.5
2023-08-08T05:00:00,1940A,109.4636,34.493,渭南市,体育馆,,32,31,29,22,20,110,23,46,34,35,21,7,6,0.5,0.6
2023-08-08T05:00:00,1941A,109.4259,34.5023,渭南市,高新一小,,49,49,39,19,19,105,18,45,36,35,17,4,3,0.5,0.5
2023-08-08T05:00:00,1943A,102.1725,38.5339,金昌市,新川苑,颗粒物(PM10),71,91,57,30,16,140,84,130,106,15,16,21,17,0.8,0.7
2023-08-08T05:00:00,1944A,102.1692,38.5167,金昌市,天庆家园,颗粒物(PM10),62,74,40,32,18,148,77,130,103,32,22,29,24,0.8,0.8
2023-08-08T05:00:00,1945A,98.2908,39.7711,嘉峪关市,气象局,颗粒物(PM10),51,51,56,22,19,145,92,92,92,9,20,2,10,0.3,0.4
2023-08-08T05:00:00,1947A,106.3394,38.817,石嘴山市,沙湖旅游区,,28,18,52,13,20,237,88,95,85,8,16,17,19,0.5,0.6
2023-08-08T05:00:00,1948A,106.3668,39.0145,石嘴山市,大武口朝阳西街,颗粒物(PM10),54,58,58,35,27,191,50,91,72,26,24,28,35,1.3,0.7
2023-08-08T05:00:00,1949A,106.7704,39.2282,石嘴山市,惠农南大街,,21,17,48,13,17,184,67,93,76,17,22,14,19,0.4,0.6
2023-08-08T05:00:00,1950A,106.7099,39.1325,石嘴山市,红果子镇惠新街,,33,22,46,23,23,188,63,84,74,18,18,73,21,0.3,0.4
2023-08-08T05:00:00,1951A,84.895,45.6094,克拉玛依市,长征新村,,31,9,29,6,5,104,98,104,100,1,19,9,10,0.2,0.3
2023-08-08T05:00:00,1952A,84.8988,45.5893,克拉玛依市,南林小区,,20,13,34,10,14,105,61,105,88,12,24,6,8,0.2,0.3
2023-08-08T05:00:00,1954A,84.905,44.3396,克拉玛依市,独山子区,,24,8,15,12,13,121,75,110,91,6,6,6,7,0.3,0.3
2023-08-08T05:00:00,1955A,85.6979,46.098,克拉玛依市,乌尔禾区商贸楼,,30,12,36,4,9,98,93,92,89,1,14,7,8,0.2,0.6
2023-08-08T05:00:00,1956A,86.1472,41.7538,巴音郭楞州,孔雀公园,颗粒物(PM10),69,88,69,24,22,121,52,90,77,27,22,6,7,0.3,0.4
2023-08-08T05:00:00,1957A,86.1972,41.7166,巴音郭楞州,棉纺厂,颗粒物(PM10),82,114,74,32,24,119,59,85,70,34,19,4,6,0.3,0.3
2023-08-08T05:00:00,1958A,86.2357,41.7173,巴音郭楞州,经济开发区,颗粒物(PM10),80,110,65,34,19,125,92,84,83,5,9,6,6,0.2,0.2
2023-08-08T05:00:00,1961A,117.532,36.6868,济南市,东山小学,,37,37,47,17,15,172,65,48,48,31,26,7,6,0.5,0.5
2023-08-08T05:00:00,1966A,120.0405,35.8735,青岛市,黄岛区4号,,27,27,22,12,9,128,42,45,43,24,19,5,4,0.5,0.5
2023-08-08T05:00:00,1982A,122.0693,37.2174,威海市,文登开发区,,27,27,23,12,7,142,53,82,68,11,7,5,5,0.7,0.6
2023-08-08T05:00:00,2031A,113.1817,27.9958,株洲市,云田中学,,23,23,25,8,14,136,33,42,35,8,9,8,8,0.6,0.6
2023-08-08T05:00:00,2054A,114.1099,32.1059,信阳市,平桥分局,,27,27,34,15,19,130,79,91,83,7,6,1,1,0.6,0.6
2023-08-08T05:00:00,2064A,113.9956,32.1271,信阳市,南湾水厂,,33,33,35,21,20,114,53,74,61,9,7,2,2,0.7,0.7
2023-08-08T05:00:00,2065A,114.0775,32.1195,信阳市,市酿酒公司,,31,31,28,17,23,129,76,91,82,10,10,1,1,0.6,0.6
2023-08-08T05:00:00,2066A,114.0609,32.1399,信阳市,审计局,,38,38,40,21,26,133,81,86,82,6,5,2,2,0.6,0.7
2023-08-08T05:00:00,2067A,114.6613,33.6128,周口市,市环境监测站,,42,42,30,27,18,132,62,101,82,17,12,16,6,0.5,0.5
2023-08-08T05:00:00,2068A,114.6758,33.6347,周口市,周口师范,,39,38,33,27,14,134,47,90,55,18,11,11,5,0.6,0.6
2023-08-08T05:00:00,2069A,114.6546,33.5979,周口市,市运管处,,35,35,24,14,14,130,76,99,90,16,10,13,8,0.5,0.6
2023-08-08T05:00:00,2070A,114.6369,33.6406,周口市,川汇区环保局,,42,42,34,27,13,127,50,60,48,18,13,5,3,1.3,0.8
2023-08-08T05:00:00,2075A,117.6336,24.4674,漳州市,九湖,,,,,,,,,,,,,,,,
2023-08-08T05:00:00,2160A,112.85,35.5051,晋城市,自来水公司,颗粒物(PM10),65,80,47,24,17,153,76,137,108,21,15,9,9,0.9,0.9
2023-08-08T05:00:00,2161A,112.8318,35.4936,晋城市,白云商贸,颗粒物(PM10),59,67,54,19,13,158,81,131,107,18,13,9,10,0.8,0.9
2023-08-08T05:00:00,2162A,112.8508,35.4887,晋城市,市环保局,颗粒物(PM10),58,66,47,27,19,147,66,129,101,23,17,10,10,0.9,1
2023-08-08T05:00:00,2163A,112.8676,35.4897,晋城市,技术学院,颗粒物(PM10),52,53,37,22,16,151,89,124,106,17,17,10,10,0.9,0.9
2023-08-08T05:00:00,2165A,112.8453,35.546,晋城市,白马寺,,,,,,,,,,,,,,,,
2023-08-08T05:00:00,2166A,112.4397,39.3522,朔州市,平朔,,29,29,38,16,18,138,47,112,75,10,14,7,8,0.7,0.6
2023-08-08T05:00:00,2167A,112.4575,39.3617,朔州市,朔唯,,43,43,51,22,19,157,67,138,90,10,14,8,8,0.5,0.5
2023-08-08T05:00:00,2168A,112.4258,39.3197,朔州市,区政府,,,,,,,,,,,,,,,,
2023-08-08T05:00:00,2169A,112.4072,39.3278,朔州市,市环保局,,30,30,44,20,17,141,67,117,86,11,17,8,10,0.4,0.5
2023-08-08T05:00:00,2170A,112.4272,39.3681,朔州市,市二中,,40,40,48,18,18,141,50,113,78,12,18,9,7,0.4,0.4
2023-08-08T05:00:00,2171A,112.7532,37.6945,晋中市,锦纶小区,,48,48,49,26,24,218,41,48,43,21,20,8,9,0.8,0.6
2023-08-08T05:00:00,2173A,112.7249,37.7067,晋中市,南都小区,颗粒物(PM10),59,68,55,39,27,213,61,63,57,18,19,8,11,0.7,0.6
2023-08-08T05:00:00,2174A,112.6991,37.6982,晋中市,榆次区政府,颗粒物(PM10),74,97,55,29,26,207,58,64,57,22,18,9,11,0.6,0.6
2023-08-08T05:00:00,2175A,110.9956,35.0147,运城市,运城中学,,43,37,33,19,17,152,136,140,138,4,5,5,5,0.5,0.5
2023-08-08T05:00:00,2178A,110.9686,35.0303,运城市,地区技校,,41,37,33,21,17,137,131,130,124,3,8,3,4,0.5,0.5
2023-08-08T05:00:00,2179A,111.0414,35.1147,运城市,空港新区,颗粒物(PM10),53,55,47,30,23,116,116,85,85,6,12,3,3,0.6,0.6
2023-08-08T05:00:00,2181A,112.7383,38.4519,忻州市,开发区,,42,42,53,16,33,156,52,57,56,18,21,10,16,0.6,0.9
2023-08-08T05:00:00,2182A,112.7003,38.4928,忻州市,会展中心,,41,41,61,25,36,150,58,71,63,19,24,9,13,0.6,0.8
2023-08-08T05:00:00,2183A,111.1406,37.5211,吕梁市,环保局,,50,50,73,34,39,148,29,23,23,29,39,4,4,0.6,0.8
2023-08-08T05:00:00,2185A,111.1297,37.5136,吕梁市,自来水公司,颗粒物(PM10),65,79,75,34,36,153,17,46,25,34,36,7,6,0.6,0.8
2023-08-08T05:00:00,2187A,106.8174,39.6973,乌海市,市林业局,颗粒物(PM10),51,52,60,17,21,196,76,94,80,24,22,29,33,1.0,1.1
2023-08-08T05:00:00,2188A,106.7907,39.6667,乌海市,中海勃湾学校,,38,38,52,15,22,204,97,103,97,17,18,24,32,0.6,0.9
2023-08-08T05:00:00,2191A,122.2532,43.6801,通辽市,艺术职业学校,,23,23,19,14,8,87,31,40,36,13,12,5,4,0.3,0.3
2023-08-08T05:00:00,2192A,119.7594,49.2261,呼伦贝尔市,区环保局,,40,39,35,28,29,75,20,34,25,14,10,4,5,0.4,0.4
2023-08-08T05:00:00,2195A,107.4212,40.761,巴彦淖尔市,附二中,,26,23,45,18,21,141,81,107,93,12,11,3,6,0.5,0.6
2023-08-08T05:00:00,2196A,107.37,40.7372,巴彦淖尔市,市环保大楼,,32,32,51,12,19,144,96,123,106,6,8,3,6,0.4,0.5
2023-08-08T05:00:00,2197A,113.1306,40.9923,乌兰察布市,集宁新区,,29,26,33,19,16,172,91,132,112,11,11,11,12,0.5,0.5
2023-08-08T05:00:00,2200A,122.0392,46.0656,兴安盟,胜华新制药厂,,23,13,22,16,18,78,31,36,34,8,10,3,2,0.4,0.3
2023-08-08T05:00:00,2201A,121.9504,46.0741,兴安盟,科右前旗环保局,,17,17,25,10,15,83,38,48,43,6,8,2,3,0.4,0.4
2023-08-08T05:00:00,2202A,116.1042,43.9317,锡林郭勒盟,市环保监测站,,21,21,23,8,5,137,54,83,72,4,4,10,9,0.2,0.3
2023-08-08T05:00:00,2203A,116.0781,43.9311,锡林郭勒盟,市政府,,20,17,21,14,6,140,61,81,63,6,8,12,12,0.3,0.3
2023-08-08T05:00:00,2204A,105.6467,38.8363,阿拉善盟,西城区西花园,,40,23,32,15,11,206,125,126,126,11,13,11,12,0.4,0.5
2023-08-08T05:00:00,2205A,105.6985,38.8411,阿拉善盟,蒙二幼,,38,14,29,12,14,191,120,124,123,6,7,6,6,0.6,0.6
2023-08-08T05:00:00,2206A,105.724,38.8516,阿拉善盟,环保局新楼,,40,11,15,11,12,195,127,129,128,6,6,8,8,0.6,0.6
2023-08-08T05:00:00,2207A,121.6094,41.998,阜新市,工业园区,颗粒物(PM10),68,86,34,33,11,93,18,11,11,29,24,20,6,0.8,0.6
2023-08-08T05:00:00,2208A,121.6697,42.0279,阜新市,长青街,,42,42,30,17,11,84,14,18,17,25,15,20,9,0.6,0.8
2023-08-08T05:00:00,2209A,121.6673,42.0705,阜新市,农业园区,,43,28,25,30,13,85,47,49,45,7,6,8,8,1.7,1
2023-08-08T05:00:00,2210A,121.6717,42.0224,阜新市,东苑,,39,39,30,15,13,88,16,21,20,26,18,24,12,0.5,0.8
2023-08-08T05:00:00,2211A,121.6506,42.0498,阜新市,玉龙新城,,39,39,27,13,9,84,23,35,26,28,20,8,6,2.5,1.2
2023-08-08T05:00:00,2212A,123.2,41.1953,辽阳市,宏伟区,颗粒物(PM10),51,52,32,18,16,106,2,22,9,34,19,10,14,0.7,0.5
2023-08-08T05:00:00,2213A,123.1683,41.2495,辽阳市,新华园,,42,42,34,13,13,100,2,25,11,38,19,13,15,0.7,0.6
2023-08-08T05:00:00,2214A,123.2354,41.2639,辽阳市,滨河路,颗粒物(PM10),52,54,35,20,16,104,5,12,7,24,17,7,13,0.6,0.5
2023-08-08T05:00:00,2215A,123.149,41.2991,辽阳市,铁西工业园,,37,37,32,16,12,116,2,2,2,39,28,9,8,0.9,0.7
2023-08-08T05:00:00,2216A,123.8139,42.3022,铁岭市,汇工街西,,23,23,16,10,6,72,0,3,1,22,16,18,17,0.5,0.4
2023-08-08T05:00:00,2217A,123.8649,42.2923,铁岭市,水上乐园,,18,18,15,5,5,74,3,4,3,20,18,2,2,0.5,0.5
2023-08-08T05:00:00,2218A,123.8486,42.2867,铁岭市,银州路东段,,21,21,14,8,5,69,2,2,2,20,17,5,5,0.4,0.4
2023-08-08T05:00:00,2219A,123.7153,42.2217,铁岭市,金沙江路北,,16,15,15,11,7,69,3,19,7,19,11,7,7,0.5,0.5
2023-08-08T05:00:00,2220A,120.4318,41.5881,朝阳市,西梁,,46,46,26,20,10,87,7,37,21,34,15,17,10,0.7,0.6
2023-08-08T05:00:00,2221A,120.4521,41.5646,朝阳市,河畔小区,颗粒物(PM10),53,56,22,20,8,86,20,54,42,26,10,19,9,1.0,0.6
2023-08-08T05:00:00,2222A,120.4176,41.5648,朝阳市,八里堡,,41,41,27,24,11,94,17,33,28,35,20,17,10,0.7,0.6
2023-08-08T05:00:00,2223A,120.3806,41.5969,朝阳市,农业园区,,33,33,22,11,10,89,14,13,11,28,17,4,4,0.6,0.6
2023-08-08T05:00:00,2225A,124.4002,43.1713,四平市,一商场,,20,20,15,13,9,57,2,13,9,21,15,5,7,0.3,0.4
2023-08-08T05:00:00,2226A,124.388,43.193,四平市,境园,,21,21,12,13,7,47,2,3,2,17,12,6,5,0.3,0.2
2023-08-08T05:00:00,2227A,125.1358,42.8845,辽源市,环保局,,13,13,14,6,8,72,7,6,6,16,12,6,11,0.7,0.7
2023-08-08T05:00:00,2229A,125.9358,41.7173,通化市,光明,,20,20,14,6,7,85,12,21,16,21,15,10,6,0.6,0.4
2023-08-08T05:00:00,2230A,125.9446,41.7325,通化市,铁路,,14,14,11,5,6,89,19,20,19,17,8,7,5,0.3,0.2
2023-08-08T05:00:00,2231A,126.4219,41.9171,白山市,喜丰,,26,26,42,4,12,76,6,12,7,19,14,9,8,0.6,0.6
2023-08-08T05:00:00,2232A,126.4077,41.9419,白山市,环保局,,32,32,25,11,9,79,11,10,10,16,10,5,5,0.5,0.5
2023-08-08T05:00:00,2233A,124.8006,45.1214,松原市,江南,,10,10,13,7,7,58,21,26,25,10,9,3,5,0.4,0.4
2023-08-08T05:00:00,2234A,124.7965,45.1722,松原市,江北,,23,23,12,12,7,57,12,23,17,15,10,4,4,0.5,0.4
2023-08-08T05:00:00,2235A,122.7911,45.6077,白城市,洮北区环保局,,10,7,15,2,6,89,29,47,38,11,10,8,7,0,0
2023-08-08T05:00:00,2236A,122.8738,45.5725,白城市,市环保局,,15,15,17,2,6,86,42,57,46,6,7,3,2,0.2,0.2
2023-08-08T05:00:00,2237A,129.47,42.8883,延边朝鲜族自治州,妇幼医院,,15,5,6,2,2,56,48,53,52,9,11,7,7,0.6,0.6
2023-08-08T05:00:00,2238A,129.5055,42.9108,延边朝鲜族自治州,延边医院,,16,8,7,3,2,62,49,55,54,9,10,7,7,0.6,0.7
2023-08-08T05:00:00,2239A,129.3964,42.8881,延边朝鲜族自治州,朝阳川镇医院,,16,2,5,1,1,57,50,55,53,6,7,7,7,0.5,0.5
2023-08-08T05:00:00,2240A,130.9762,45.3001,鸡西市,环保局,,7,7,12,4,5,25,11,10,10,6,10,4,5,0.2,0.2
2023-08-08T05:00:00,2243A,130.9429,45.3039,鸡西市,第一中学,,9,5,12,6,5,28,12,17,14,6,8,5,6,0.2,0.2
2023-08-08T05:00:00,2244A,130.2537,47.3416,鹤岗市,哈啤分公司,,15,5,12,10,6,52,19,27,21,7,8,10,9,0.4,0.4
2023-08-08T05:00:00,2245A,130.2684,47.3086,鹤岗市,斯达机电,,9,9,12,3,9,48,16,26,18,11,10,6,7,0.4,0.3
2023-08-08T05:00:00,2246A,130.3114,47.3388,鹤岗市,东山纸板厂,,12,5,12,8,5,47,14,20,16,7,9,8,8,0.3,0.3
2023-08-08T05:00:00,2247A,130.1097,47.3382,鹤岗市,五号水库,,10,5,7,7,6,137,20,21,21,6,6,9,10,0.1,0.1
2023-08-08T05:00:00,2248A,131.1511,46.6937,双鸭山市,双合村,,12,12,10,2,5,42,12,10,10,7,7,9,9,0.2,0.2
2023-08-08T05:00:00,2249A,131.1652,46.6191,双鸭山市,南小市,,7,7,15,1,5,46,18,19,19,5,6,7,6,0.1,0.1
2023-08-08T05:00:00,2250A,131.1524,46.6554,双鸭山市,环保局,,9,5,9,6,6,39,14,16,15,7,7,8,8,0.2,0.2
2023-08-08T05:00:00,2251A,131.12,46.5656,双鸭山市,苗圃,,9,8,8,6,8,54,13,16,14,5,5,3,4,0.3,0.4
2023-08-08T05:00:00,2252A,128.5159,47.4311,伊春市,环保局,,10,10,16,2,3,56,25,27,27,3,5,8,5,0.3,0.3
2023-08-08T05:00:00,2253A,128.9102,47.7412,伊春市,电力嘉园,,8,7,12,5,8,58,25,28,27,6,5,6,5,0.4,0.4
2023-08-08T05:00:00,2254A,129.5029,48.471,伊春市,汤旺河国家公园,,23,23,19,13,11,65,16,13,13,1,1,12,12,0.7,0.8
2023-08-08T05:00:00,2255A,130.2751,46.8028,佳木斯市,佳纺,,14,14,14,8,6,40,7,13,11,17,11,3,3,0.5,0.4
2023-08-08T05:00:00,2256A,130.3995,46.8307,佳木斯市,发电厂,,24,24,25,6,6,46,7,18,14,15,7,3,8,0.5,0.5
2023-08-08T05:00:00,2257A,130.3258,46.7975,佳木斯市,环保局,,11,11,17,7,7,32,4,11,9,18,17,4,3,0.5,0.6
2023-08-08T05:00:00,2258A,130.3648,46.8032,佳木斯市,十一中,,15,12,13,10,7,42,7,17,13,21,13,5,4,0.4,0.4
2023-08-08T05:00:00,2259A,130.3794,46.7588,佳木斯市,四丰,,14,14,11,7,5,65,5,4,4,15,12,1,1,0.4,0.4
2023-08-08T05:00:00,2262A,131.0518,45.8751,七台河市,新一中,,10,10,11,3,6,45,26,14,14,6,7,7,7,0.5,0.6
2023-08-08T05:00:00,2263A,127.4833,50.2524,黑河市,交通局,,15,15,22,9,11,83,18,18,18,10,13,5,4,0.4,0.4
2023-08-08T05:00:00,2264A,127.5144,50.2341,黑河市,环保局,,29,29,32,13,10,78,21,18,18,9,10,2,2,0.3,0.4
2023-08-08T05:00:00,2265A,127.5291,50.2472,黑河市,大黑河岛,,23,16,19,16,13,91,18,21,20,2,2,2,2,0.3,0.4
2023-08-08T05:00:00,2266A,126.9785,46.6365,绥化市,人和东街,,8,8,9,1,3,44,12,18,12,15,13,5,7,0.1,0.1
2023-08-08T05:00:00,2267A,126.964,46.6528,绥化市,党政办公中心,,10,10,11,4,5,47,9,20,16,17,11,8,7,0.3,0.3
2023-08-08T05:00:00,2269A,124.1069,50.4097,大兴安岭地区,科技局,,28,10,15,19,16,80,28,24,24,3,5,3,4,0.0,0
2023-08-08T05:00:00,2270A,117.396,32.939,蚌埠市,工人疗养院,颗粒物(PM10),51,52,34,19,14,119,72,87,76,11,5,5,3,0.4,0.4
2023-08-08T05:00:00,2271A,117.3605,32.9427,蚌埠市,百货大楼,颗粒物(PM10),53,56,36,22,14,125,78,91,83,10,6,7,5,0.4,0.5
2023-08-08T05:00:00,2273A,117.4185,32.8911,蚌埠市,蚌埠学院,,39,39,30,25,19,121,63,78,65,14,9,7,6,0.5,0.5
2023-08-08T05:00:00,2274A,117.3533,32.9673,蚌埠市,淮上区政府,,39,39,32,26,19,115,44,84,66,21,9,5,5,0.5,0.6
2023-08-08T05:00:00,2275A,117.3145,32.8977,蚌埠市,高新区,,48,48,29,22,14,127,40,84,68,31,10,8,9,0.5,0.5
2023-08-08T05:00:00,2277A,116.8305,32.7727,淮南市,潘集区政府,,32,32,25,18,17,116,74,81,76,11,12,6,5,0.3,0.3
2023-08-08T05:00:00,2278A,117.0067,32.6524,淮南市,师范学院,,44,44,35,21,20,124,72,96,91,14,10,13,12,0.5,0.5
2023-08-08T05:00:00,2279A,116.8569,32.5951,淮南市,谢家集区政府,,28,26,21,8,6,120,88,102,99,10,10,10,6,0.5,0.3
2023-08-08T05:00:00,2280A,116.8281,32.633,淮南市,八公山区政府,,39,39,34,26,22,117,83,95,90,8,7,9,8,0.5,0.4
2023-08-08T05:00:00,2281A,116.6325,32.6201,淮南市,焦岗湖风景区管理处,,28,28,25,9,8,87,54,56,55,16,11,3,3,0.5,0.3
2023-08-08T05:00:00,2282A,116.8004,33.975,淮北市,监测站,,43,43,34,21,12,158,80,108,95,10,13,3,5,0.7,0.6
2023-08-08T05:00:00,2283A,116.8091,33.9007,淮北市,烈山区政府,,42,42,35,25,17,184,88,93,89,12,11,6,6,0.7,0.6
2023-08-08T05:00:00,2285A,117.8177,30.9412,铜陵市,市第四中学,,31,31,33,11,19,114,53,71,60,4,12,6,6,0.3,0.3
2023-08-08T05:00:00,2286A,117.8059,30.9273,铜陵市,市公路局,,35,35,35,17,21,142,61,88,71,6,12,5,5,0.3,0.4
2023-08-08T05:00:00,2287A,117.7807,30.9413,铜陵市,市新民污水厂,,40,40,39,15,18,128,42,79,63,20,12,2,3,0.4,0.4
2023-08-08T05:00:00,2288A,117.7439,30.8792,铜陵市,市第九中学,颗粒物(PM10),54,57,43,20,20,113,13,58,42,46,30,2,2,0.6,0.6
2023-08-08T05:00:00,2289A,117.846,30.9413,铜陵市,车站新区,,34,34,36,9,21,145,57,82,66,8,9,6,6,0.4,0.5
2023-08-08T05:00:00,2290A,117.8483,30.97,铜陵市,市职教基地,,28,28,23,8,13,125,45,65,54,8,8,3,4,0.6,0.6
2023-08-08T05:00:00,2291A,117.0809,30.5177,安庆市,环科院,,28,28,26,17,17,129,65,88,79,10,7,7,5,0.7,0.5
2023-08-08T05:00:00,2292A,117.0331,30.5119,安庆市,马山宾馆,,29,24,27,20,20,133,71,92,85,9,8,5,5,0.8,0.7
2023-08-08T05:00:00,2294A,116.9896,30.6145,安庆市,安庆大学,,30,24,24,21,20,114,60,78,70,7,6,4,4,0.6,0.5
2023-08-08T05:00:00,2295A,118.2903,29.6963,黄山市,延安路89号,,28,28,32,3,8,137,23,36,27,4,5,6,6,0.6,0.6
2023-08-08T05:00:00,2296A,118.327,29.7178,黄山市,黄山东路89号,,14,14,18,8,8,117,21,41,29,8,6,6,6,0.5,0.5
2023-08-08T05:00:00,2297A,118.1371,30.2756,黄山市,黄山区政府5号楼,,33,33,40,18,15,133,24,74,45,6,7,7,7,0.6,0.6
2023-08-08T05:00:00,2298A,118.3093,32.3153,滁州市,老年大学,,31,31,27,19,12,107,62,101,77,11,9,11,12,0.3,0.3
2023-08-08T05:00:00,2299A,118.3244,32.2786,滁州市,人大宾馆,,29,29,18,18,13,108,66,99,87,17,12,12,7,0.3,0.3
2023-08-08T05:00:00,2301A,115.8277,32.8929,阜阳市,市监测站,,24,22,19,11,8,136,74,98,86,13,9,8,6,0.7,0.7
2023-08-08T05:00:00,2303A,115.8554,32.8605,阜阳市,开发区,,23,23,20,6,7,130,64,84,72,14,11,7,6,0.7,0.6
2023-08-08T05:00:00,2307A,116.5079,31.737,六安市,监测大楼,,32,22,28,22,16,127,70,80,76,6,6,7,5,0.4,0.4
2023-08-08T05:00:00,2308A,116.4738,31.7643,六安市,皖西学院,,31,31,31,11,10,126,72,81,76,11,10,8,11,0.4,0.6
2023-08-08T05:00:00,2309A,116.4996,31.7905,六安市,朝阳厂,,25,12,20,8,15,133,77,82,80,6,5,9,8,0.5,0.6
2023-08-08T05:00:00,2310A,116.5567,31.7886,六安市,开发区,,34,34,34,20,21,124,72,74,73,5,6,6,6,0.5,0.6
2023-08-08T05:00:00,2311A,115.8072,33.8399,亳州市,污水处理厂,,40,40,29,19,11,136,21,58,42,25,9,15,11,0.3,0.3
2023-08-08T05:00:00,2312A,115.7789,33.8518,亳州市,三国揽胜宫,,44,44,29,22,12,146,68,83,79,20,11,18,12,0.7,0.7
2023-08-08T05:00:00,2314A,117.47,30.6618,池州市,池州学院,,24,24,32,13,26,142,51,108,82,6,7,4,3,0.7,0.6
2023-08-08T05:00:00,2316A,118.7581,30.9454,宣城市,鳌峰子站,,25,24,28,17,19,102,39,50,46,16,15,4,5,0.6,0.6
2023-08-08T05:00:00,2317A,118.7385,30.9743,宣城市,敬亭山子站,,35,35,35,18,18,110,42,47,41,26,19,7,7,0.6,0.5
2023-08-08T05:00:00,2318A,118.7173,30.9427,宣城市,开发区子站,,26,26,28,18,19,118,44,54,48,15,13,6,6,0.5,0.5
2023-08-08T05:00:00,2319A,119.0141,25.4325,莆田市,荔城区仓后路,,20,15,54,6,34,219,63,95,78,8,13,7,8,1.0,1.1
2023-08-08T05:00:00,2320A,119.0015,25.4553,莆田市,莆田市监测站,,20,20,56,1,33,239,54,94,76,3,7,5,9,0.4,0.3
2023-08-08T05:00:00,2321A,119.1119,25.4561,莆田市,涵江区六中,,19,18,59,7,32,184,59,102,79,13,15,7,7,0.6,0.7
2023-08-08T05:00:00,2322A,119.1013,25.3215,莆田市,秀屿区政府,,26,26,45,11,26,170,38,79,58,14,10,9,9,0.8,0.8
2023-08-08T05:00:00,2323A,118.981,25.4792,莆田市,东圳水库,,,,,,,,,,,,,,,,
2023-08-08T05:00:00,2324A,117.6211,26.2625,三明市,三钢,,28,23,35,19,24,127,16,40,28,15,14,8,15,0.8,0.7
2023-08-08T05:00:00,2325A,117.635,26.2714,三明市,三明二中,,26,26,33,14,21,137,10,42,28,31,17,5,9,1.7,0.9
2023-08-08T05:00:00,2326A,117.6028,26.2378,三明市,三元区政府,,31,31,33,12,19,132,20,30,25,12,14,8,16,1.0,1
2023-08-08T05:00:00,2327A,117.7275,26.3108,三明市,洋溪,,,,,,,,,,,,,,,,
2023-08-08T05:00:00,2331A,118.0966,26.6761,南平市,茫荡山,,,,,,,,,,,,,,,,
2023-08-08T05:00:00,2332A,118.1681,26.6369,南平市,南平市监测站,,14,11,27,4,17,111,42,66,54,4,6,4,6,0.6,0.7
2023-08-08T05:00:00,2333A,118.1825,26.6489,南平市,南平铝业有限公司,,14,8,30,6,20,108,44,68,54,7,8,6,9,0.6,0.7
2023-08-08T05:00:00,2334A,118.1756,26.6272,南平市,南平七中,,15,9,29,4,18,114,45,72,59,5,6,4,5,0.6,0.8
2023-08-08T05:00:00,2335A,117.0189,25.1181,龙岩市,龙岩师专,,,,,,,,,,,,,,,,
2023-08-08T05:00:00,2336A,117.0217,25.1033,龙岩市,龙岩市监测站,,30,29,27,21,14,126,10,21,17,22,14,1,2,0.5,0.5
2023-08-08T05:00:00,2337A,117.0258,25.0661,龙岩市,闽西职业技术学院,,36,36,31,21,16,115,10,15,13,22,14,2,2,0.6,0.5
2023-08-08T05:00:00,2338A,117.0196,25.0306,龙岩市,龙岩学院,,26,26,27,13,16,105,17,18,18,16,10,2,3,0.3,0.4
2023-08-08T05:00:00,2339A,119.5001,26.6946,宁德市,金涵水库,,,,,,,,,,,,,,,,
2023-08-08T05:00:00,2341A,119.5388,26.6612,宁德市,宁德市监测站,,,19,32,12,21,162,31,63,48,,9,8,8,0.5,0.8
2023-08-08T05:00:00,2342A,117.3102,29.3867,景德镇市,王港中学,,10,10,19,6,12,92,6,15,10,2,2,3,3,0.7,0.7
2023-08-08T05:00:00,2343A,117.2117,29.2933,景德镇市,老干部活动中心,,28,28,27,16,19,113,15,51,25,18,11,8,5,0.4,0.4
2023-08-08T05:00:00,2344A,117.1894,29.2789,景德镇市,兽医站,细颗粒物(PM2.5),54,44,30,38,21,117,15,27,19,27,17,19,11,0.7,0.5
2023-08-08T05:00:00,2345A,117.1547,29.2617,景德镇市,台达陶瓷,,32,25,30,22,21,133,14,39,28,33,16,22,23,0.8,0.6
2023-08-08T05:00:00,2346A,117.2461,29.2956,景德镇市,陶研所,,39,39,26,6,11,120,18,47,30,16,8,8,7,0.5,0.4
2023-08-08T05:00:00,2347A,114.0997,27.5002,萍乡市,武功山,,12,7,12,8,8,77,9,11,11,4,4,23,21,0.4,0.4
2023-08-08T05:00:00,2348A,113.8385,27.6434,萍乡市,中医院,,46,21,34,32,23,157,28,48,42,12,12,19,16,0.6,0.8
2023-08-08T05:00:00,2349A,113.8493,27.6253,萍乡市,市政府车库,,45,44,36,31,22,156,11,44,24,16,16,15,18,0.7,0.7
2023-08-08T05:00:00,2350A,113.8676,27.6435,萍乡市,市环保局,,34,34,33,22,20,137,24,42,34,18,14,72,23,0.6,0.7
2023-08-08T05:00:00,2351A,113.866,27.6198,萍乡市,安源区政府,,38,38,34,24,21,150,14,37,22,18,15,24,18,0.6,0.7
2023-08-08T05:00:00,2352A,115.0861,27.9317,新余市,北岗,,23,23,33,15,25,122,18,78,45,5,7,9,8,0.7,0.7
2023-08-08T05:00:00,2353A,114.9886,27.8431,新余市,飞宇,,36,36,54,23,32,144,35,72,56,23,13,5,7,0.7,0.7
2023-08-08T05:00:00,2354A,114.9231,27.8246,新余市,第二水厂,,33,33,60,20,27,158,46,69,64,20,16,7,7,0.2,0.3
2023-08-08T05:00:00,2355A,114.9308,27.8036,新余市,市气象局,,39,39,52,24,34,153,44,68,63,13,10,6,7,0.7,0.9
2023-08-08T05:00:00,2357A,116.9822,28.1136,鹰潭市,龙虎山,,33,33,34,21,22,129,13,26,20,5,12,2,5,0.4,0.6
2023-08-08T05:00:00,2358A,117.0564,28.2642,鹰潭市,新监测站,,20,14,40,14,23,129,30,70,37,8,6,3,3,0.3,0.5
2023-08-08T05:00:00,2359A,117.0311,28.2475,鹰潭市,财苑宾馆,,19,16,49,13,23,125,35,57,34,8,8,2,6,0.3,0.4
2023-08-08T05:00:00,2360A,117.0222,28.2264,鹰潭市,体育馆,,26,26,74,14,24,127,31,43,30,8,10,1,2,0.4,0.5
2023-08-08T05:00:00,2361A,117.0017,28.2131,鹰潭市,三川水表,,20,20,56,14,26,126,31,40,28,1,5,1,2,0.5,0.5
2023-08-08T05:00:00,2362A,114.9017,25.9149,赣州市,通天岩,,,,,,,,,,,,,,,,
2023-08-08T05:00:00,2363A,114.9367,25.8664,赣州市,地委,,33,33,38,16,18,145,60,61,59,2,7,15,12,1.3,1.3
2023-08-08T05:00:00,2364A,114.9461,25.8481,赣州市,气象台,,18,15,28,10,15,141,55,54,54,4,3,7,6,0.7,0.7
2023-08-08T05:00:00,2365A,114.9322,25.8333,赣州市,市图书馆,,24,24,42,11,20,132,46,46,45,10,10,15,11,1.2,1.1
2023-08-08T05:00:00,2366A,114.8905,25.8471,赣州市,华坚鞋城,,33,25,38,23,21,135,50,51,49,5,6,8,7,1.1,0.8
2023-08-08T05:00:00,2367A,114.9754,27.0803,吉安市,红声器材厂,,38,38,38,19,22,129,52,67,62,10,9,2,9,0.6,0.7
2023-08-08T05:00:00,2368A,114.9658,27.0999,吉安市,市森林工业局,,29,29,35,15,24,133,52,69,63,4,6,7,8,0.8,0.5
2023-08-08T05:00:00,2369A,114.99,27.1312,吉安市,市环境监测站,,33,33,35,17,20,127,38,55,51,10,11,10,10,0.8,0.6
2023-08-08T05:00:00,2370A,115.0093,27.0968,吉安市,青原区法院,,32,32,33,20,23,131,60,62,58,10,12,16,13,0.8,0.8
2023-08-08T05:00:00,2371A,114.3408,27.8064,宜春市,槟榔水业,,38,38,38,26,25,132,33,36,27,18,15,2,1,1.0,0.7
2023-08-08T05:00:00,2373A,114.3956,27.7844,宜春市,市石油公司,,44,44,44,27,27,148,26,38,27,16,13,6,6,0.9,0.7
2023-08-08T05:00:00,2374A,114.3703,27.7914,宜春市,市气象局,颗粒物(PM10),52,53,45,33,28,146,33,42,36,20,15,5,4,1.1,0.8
2023-08-08T05:00:00,2375A,114.4013,27.8074,宜春市,市广电局,,46,46,46,22,29,146,47,49,48,11,12,14,10,1.0,0.9
2023-08-08T05:00:00,2376A,116.2127,28.0814,抚州市,桐源党溪,,23,20,32,16,22,134,24,40,31,9,4,3,2,0.5,0.4
2023-08-08T05:00:00,2377A,116.3544,27.9831,抚州市,市站,,32,32,39,15,26,121,57,60,57,5,6,6,6,0.9,0.9
2023-08-08T05:00:00,2378A,116.3565,27.963,抚州市,血防站,,30,30,44,13,23,110,54,63,58,2,3,5,5,0.7,0.8
2023-08-08T05:00:00,2379A,116.3564,28.0007,抚州市,采茶剧团,,28,28,40,16,26,132,55,54,54,4,7,3,3,0.8,0.9
2023-08-08T05:00:00,2380A,116.385,27.9647,抚州市,医学分院,,36,36,39,12,20,126,49,59,54,8,8,4,4,0.9,1
2023-08-08T05:00:00,2381A,118.005,28.4572,上饶市,百草园,,,,,,,,,,,,,,,,
2023-08-08T05:00:00,2382A,117.9756,28.4436,上饶市,市监测站,,42,42,45,21,27,176,9,23,15,23,16,11,12,0.7,0.6
2023-08-08T05:00:00,2383A,117.9519,28.4628,上饶市,凤凰光学,,36,36,47,18,28,173,11,20,18,23,15,18,19,0.9,0.9
2023-08-08T05:00:00,2385A,114.17,35.9019,鹤壁市,市监测站,颗粒物(PM10),73,96,42,47,28,171,40,35,35,28,21,4,6,0.5,0.5
2023-08-08T05:00:00,2386A,114.2956,35.7511,鹤壁市,市交警支队,细颗粒物(PM2.5),59,54,37,42,22,141,77,90,72,18,17,11,12,0.7,0.6
2023-08-08T05:00:00,2387A,114.2878,35.7306,鹤壁市,迎宾馆,颗粒物(PM10),60,69,33,42,24,144,60,76,72,18,14,9,9,0.7,0.7
2023-08-08T05:00:00,2389A,113.836,35.311,新乡市,环保西院,颗粒物(PM10),52,54,36,22,16,138,51,54,54,29,14,6,6,1.0,0.9
2023-08-08T05:00:00,2390A,113.884,35.272,新乡市,开发区,,47,47,21,24,12,139,59,110,81,24,11,3,4,1.1,1
2023-08-08T05:00:00,2391A,113.883,35.303,新乡市,环保东院,颗粒物(PM10),56,62,39,21,15,138,36,83,64,37,14,7,7,0.9,0.8
2023-08-08T05:00:00,2392A,115.0312,35.7636,濮阳市,环保局,细颗粒物(PM2.5),63,43,35,45,24,163,85,114,105,12,10,5,6,0.6,0.7
2023-08-08T05:00:00,2394A,115.0574,35.7609,濮阳市,油田运输公司,细颗粒物(PM2.5),70,64,44,51,28,168,81,113,98,7,6,4,6,0.6,0.6
2023-08-08T05:00:00,2395A,115.0866,35.7754,濮阳市,油田物探公司,细颗粒物(PM2.5),70,64,45,51,28,158,62,93,80,11,9,4,6,0.6,0.6
2023-08-08T05:00:00,2396A,113.8276,34.0159,许昌市,监测站,,45,45,35,28,19,157,91,121,107,15,11,5,4,0.5,0.5
2023-08-08T05:00:00,2398A,113.7906,33.9953,许昌市,开发区,,44,44,34,24,14,161,24,49,39,49,15,2,2,0.6,0.5
2023-08-08T05:00:00,2399A,114.051,33.5699,漯河市,三五一五工厂,,34,34,34,22,18,125,54,75,61,19,8,10,8,0.5,0.5
2023-08-08T05:00:00,2400A,114.0055,33.5698,漯河市,漯河大学,,38,38,34,26,22,136,74,107,84,11,6,9,9,0.4,0.4
2023-08-08T05:00:00,2401A,114.0138,33.5828,漯河市,市水利局,,39,39,34,22,19,131,68,99,76,15,9,11,10,0.6,0.6
2023-08-08T05:00:00,2402A,114.0261,33.5698,漯河市,市广电局,,44,44,38,25,19,135,63,99,76,19,10,9,9,0.5,0.5
2023-08-08T05:00:00,2404A,112.5224,33.0122,南阳市,瓦房庄,,35,35,39,18,18,137,93,99,94,10,11,8,7,0.6,0.6
2023-08-08T05:00:00,2405A,112.5003,32.9735,南阳市,汉画馆,,32,32,33,20,21,137,100,104,103,8,10,6,5,0.5,0.4
2023-08-08T05:00:00,2406A,112.5573,33.027,南阳市,气象站,,33,33,36,23,22,140,93,96,94,9,10,6,5,0.5,0.5
2023-08-08T05:00:00,2407A,112.5481,32.9689,南阳市,理工学院,,40,40,36,17,16,146,87,99,91,12,8,9,8,0.5,0.4
2023-08-08T05:00:00,2408A,115.6702,34.4285,商丘市,环境监测站,颗粒物(PM10),51,52,33,32,14,147,74,68,68,17,14,8,7,0.7,0.6
2023-08-08T05:00:00,2409A,115.6458,34.4045,商丘市,粮食局,颗粒物(PM10),51,51,26,28,12,146,94,120,106,9,7,8,6,0.8,0.6
2023-08-08T05:00:00,2410A,115.6293,34.3948,商丘市,睢阳区环保局,颗粒物(PM10),53,55,33,32,15,163,107,76,76,9,15,9,7,0.7,0.6
2023-08-08T05:00:00,2420A,114.0189,32.9656,驻马店市,市一纸厂,,28,27,32,8,14,131,89,100,94,8,8,7,5,0.3,0.3
2023-08-08T05:00:00,2421A,114.0114,33.015,驻马店市,市彩印厂,颗粒物(PM10),53,56,41,14,17,131,61,92,73,15,11,9,7,0.4,0.4
2023-08-08T05:00:00,2422A,113.9976,32.9771,驻马店市,天方二分厂,,28,25,32,15,19,125,89,100,90,7,6,6,5,0.3,0.4
2023-08-08T05:00:00,2423A,115.0601,30.2313,黄石市,沈家营,颗粒物(PM10),53,55,58,11,16,165,22,37,29,23,14,5,8,0.8,0.7
2023-08-08T05:00:00,2424A,115.0817,30.2006,黄石市,陈家湾,颗粒物(PM10),54,57,53,24,19,165,30,63,52,13,8,5,6,0.8,0.6
2023-08-08T05:00:00,2426A,114.8988,30.2019,黄石市,铁山,,25,21,32,17,17,161,72,92,81,8,11,5,7,0.6,0.8
2023-08-08T05:00:00,2427A,115.0307,30.2092,黄石市,团城山,,42,42,46,10,13,163,45,76,69,12,9,7,8,0.6,0.5
2023-08-08T05:00:00,2428A,111.0419,32.395,十堰市,武当山,,28,28,25,16,14,127,75,92,81,5,5,8,8,0.7,0.7
2023-08-08T05:00:00,2429A,110.78,32.6494,十堰市,滨河新村,,43,43,36,23,18,125,38,78,54,3,4,6,5,0.7,0.6
2023-08-08T05:00:00,2430A,110.7258,32.6389,十堰市,刘家沟,,37,37,30,25,20,132,36,68,51,5,4,5,5,0.7,0.6
2023-08-08T05:00:00,2431A,110.8839,32.5714,十堰市,铁二处,,30,30,25,20,15,147,33,62,48,2,4,5,5,0.7,0.7
2023-08-08T05:00:00,2432A,112.155,32.0197,襄阳市,襄城运动路,,45,45,39,29,25,138,68,71,66,13,13,7,7,0.8,0.8
2023-08-08T05:00:00,2433A,112.1392,32.0564,襄阳市,樊城新华路,,42,42,40,24,24,150,81,105,90,10,11,5,5,0.7,0.7
2023-08-08T05:00:00,2434A,112.1825,32.1142,襄阳市,高新管委会,,43,40,39,30,26,144,70,100,85,12,9,6,6,0.8,0.8
2023-08-08T05:00:00,2435A,112.2106,32.0903,襄阳市,襄州航空路,,43,38,39,30,25,139,67,85,77,15,13,6,6,0.8,0.8
2023-08-08T05:00:00,2436A,114.8938,30.3994,鄂州市,市政府,,42,42,33,13,13,159,29,71,40,21,11,5,4,0.4,0.4
2023-08-08T05:00:00,2437A,114.8989,30.3714,鄂州市,赵家坝,,44,44,39,9,14,157,19,63,43,34,15,4,3,0.6,0.7
2023-08-08T05:00:00,2439A,112.2014,31.0481,荆门市,竹园小学,,40,40,44,22,23,147,79,102,93,10,8,10,10,0.8,0.7
2023-08-08T05:00:00,2440A,112.1969,30.9891,荆门市,掇刀,,42,42,39,26,23,140,91,100,97,9,10,13,13,0.7,0.7
2023-08-08T05:00:00,2441A,112.2213,31.0386,荆门市,石化一小,颗粒物(PM10),51,52,41,28,20,148,74,103,90,13,10,5,7,0.5,0.5
2023-08-08T05:00:00,2443A,113.9153,30.9285,孝感市,文化路,,30,17,21,21,20,118,75,90,79,6,5,7,7,0.7,0.7
2023-08-08T05:00:00,2444A,113.942,30.9075,孝感市,东城区,,25,25,25,16,17,123,71,90,78,8,7,6,7,0.7,0.6
2023-08-08T05:00:00,2446A,114.9028,30.4742,黄冈市,职工中心,,20,20,28,14,17,144,46,60,50,7,7,9,8,0.4,0.4
2023-08-08T05:00:00,2447A,114.3175,29.8142,咸宁市,森林公园,,23,18,23,8,14,105,73,72,72,4,4,5,5,0.5,0.6
2023-08-08T05:00:00,2448A,114.3107,29.8454,咸宁市,市发改委,,20,20,25,11,17,126,44,53,46,6,6,2,5,0.6,0.7
2023-08-08T05:00:00,2449A,114.2936,29.8566,咸宁市,咸安区政府,,18,18,25,10,17,123,31,52,40,8,10,4,4,0.5,0.6
2023-08-08T05:00:00,2451A,113.3583,31.7275,随州市,市委党校,,29,27,33,20,23,116,72,84,77,2,2,7,6,0.7,0.7
2023-08-08T05:00:00,2452A,113.3833,31.6908,随州市,市林业局,,29,24,28,20,22,123,78,97,87,7,6,4,4,0.7,0.7
2023-08-08T05:00:00,2453A,113.3983,31.7308,随州市,市立交桥水厂,,30,30,30,20,23,116,52,62,60,10,6,6,6,0.8,0.7
2023-08-08T05:00:00,2454A,109.4978,30.2981,恩施土家族苗族自治州,湖北民院,,,,,,,,,,,,,,,,
2023-08-08T05:00:00,2455A,109.4707,30.2798,恩施土家族苗族自治州,州电力总公司,,14,14,17,9,11,92,17,41,29,15,11,10,10,0.7,0.7
2023-08-08T05:00:00,2456A,112.5003,26.9167,衡阳市,原169医院,,19,19,26,13,15,144,54,75,66,4,5,5,8,0.3,0.3
2023-08-08T05:00:00,2457A,112.6194,26.9258,衡阳市,衡阳化工总厂,,26,22,33,18,18,142,69,76,64,7,9,16,10,0.7,0.7
2023-08-08T05:00:00,2458A,112.6211,26.8956,衡阳市,珠晖区环保局,,,28,31,,,145,65,74,65,10,10,12,9,0.6,0.6
2023-08-08T05:00:00,2459A,112.6197,26.8733,衡阳市,市委党校,,29,27,27,20,14,144,72,82,77,9,8,17,12,0.8,0.7
2023-08-08T05:00:00,2460A,112.6006,26.8919,衡阳市,市监测站,,26,26,32,18,18,142,71,84,77,8,10,16,11,0.7,0.7
2023-08-08T05:00:00,2461A,112.5664,26.9056,衡阳市,真空机电公司,,,20,31,,,145,60,81,70,7,8,7,9,0.8,0.8
2023-08-08T05:00:00,2462A,111.5239,27.3033,邵阳市,市水土所,,39,24,30,27,27,101,19,31,24,9,6,5,7,0.8,0.6
2023-08-08T05:00:00,2463A,111.4733,27.2317,邵阳市,市一中,,36,36,40,22,21,127,58,79,71,10,7,16,11,0.6,0.5
2023-08-08T05:00:00,2464A,111.5283,27.2442,邵阳市,市化工厂,,29,27,28,20,20,104,55,72,62,10,8,13,13,0.6,0.6
2023-08-08T05:00:00,2465A,111.4503,27.2537,邵阳市,市罐头厂,,38,25,33,26,25,118,50,63,56,10,8,6,5,0.7,0.6
2023-08-08T05:00:00,2466A,111.4328,27.2272,邵阳市,市环保局,,45,37,37,31,29,122,56,73,58,8,8,9,4,0.7,0.5
2023-08-08T05:00:00,2467A,112.4067,28.6428,益阳市,甘溪港,,26,26,25,8,6,86,29,30,30,9,7,6,6,0.5,0.4
2023-08-08T05:00:00,2468A,112.3458,28.5808,益阳市,市环保局,,18,18,19,3,11,110,52,62,58,6,8,8,6,0.8,0.7
2023-08-08T05:00:00,2469A,112.3437,28.5531,益阳市,市特殊教育学校,,29,29,28,18,18,106,51,66,57,12,12,5,4,0.6,0.5
2023-08-08T05:00:00,2470A,112.3347,28.6047,益阳市,资阳区政务中心,,23,23,21,8,13,106,50,59,53,2,5,5,5,0.8,0.8
2023-08-08T05:00:00,2471A,112.3744,28.5819,益阳市,赫山环保分局,,36,36,28,12,10,99,58,68,63,4,6,4,4,0.9,0.9
2023-08-08T05:00:00,2472A,113.0073,25.9061,郴州市,马头岭,,13,13,25,4,8,129,31,30,30,15,13,5,5,0.6,0.6
2023-08-08T05:00:00,2473A,113.0116,25.8226,郴州市,市职中,,24,24,23,13,16,130,29,46,43,17,11,6,6,0.6,0.5
2023-08-08T05:00:00,2474A,113.0161,25.8001,郴州市,兴隆步行街,,30,30,29,11,17,122,34,48,45,19,12,7,7,0.5,0.5
2023-08-08T05:00:00,2475A,113.0383,25.8071,郴州市,市审计局,,31,31,27,18,18,116,28,44,36,17,11,3,5,0.5,0.5
2023-08-08T05:00:00,2476A,113.0348,25.7759,郴州市,市环保局,,34,34,30,20,19,118,25,55,41,26,15,15,13,0.6,0.5
2023-08-08T05:00:00,2477A,111.6217,26.2081,永州市,零陵南津渡,,23,12,16,16,13,88,29,52,41,7,4,8,7,0.5,0.5
2023-08-08T05:00:00,2478A,111.6156,26.4214,永州市,市环境监测站,,22,22,26,15,17,93,54,84,68,7,6,12,7,0.7,0.6
2023-08-08T05:00:00,2479A,111.6236,26.2331,永州市,零陵区环保局,,19,19,24,11,14,87,40,65,56,6,6,12,9,0.4,0.4
2023-08-08T05:00:00,2480A,111.5992,26.4364,永州市,永州市环保局,,24,24,23,10,13,86,48,74,61,7,7,12,8,0.6,0.5
2023-08-08T05:00:00,2481A,111.5989,26.4519,永州市,冷水滩区环保局,,20,20,29,12,15,94,54,84,66,8,9,8,7,0.6,0.5
2023-08-08T05:00:00,2482A,109.5981,27.5721,怀化市,林科所,,19,19,17,4,6,63,14,28,18,2,2,4,6,1.1,1
2023-08-08T05:00:00,2483A,109.9453,27.5444,怀化市,河西地税局,,25,25,20,14,13,83,23,33,28,12,9,5,7,0.8,0.7
2023-08-08T05:00:00,2484A,109.9781,27.5342,怀化市,市四医院,,25,25,22,13,16,87,25,34,29,8,8,6,6,0.5,0.5
2023-08-08T05:00:00,2485A,109.9972,27.5578,怀化市,监测楼,,33,33,28,13,14,76,20,40,30,8,5,3,5,1.0,0.8
2023-08-08T05:00:00,2486A,110.0394,27.583,怀化市,市委党校,,35,35,30,23,18,86,9,25,16,17,13,4,5,0.8,0.7
2023-08-08T05:00:00,2487A,111.9589,27.8901,娄底市,电视发射台,,27,27,29,14,16,91,26,34,32,3,3,2,2,0.9,0.9
2023-08-08T05:00:00,2488A,111.9975,27.725,娄底市,市监测站,,31,31,32,20,22,113,26,49,34,14,14,12,12,0.6,0.8
2023-08-08T05:00:00,2489A,112.0194,27.7314,娄底市,市委党校,,30,30,27,21,19,98,17,29,24,7,8,3,4,0.6,0.6
2023-08-08T05:00:00,2490A,111.9561,27.7569,娄底市,涟钢,,30,30,36,19,19,92,13,23,21,18,15,9,11,1.2,1.3
2023-08-08T05:00:00,2491A,111.9892,27.7044,娄底市,市政府,,31,31,28,21,22,105,32,30,28,8,10,6,6,0.4,0.5
2023-08-08T05:00:00,2492A,109.6414,28.2558,湘西州,跃进水库,,12,12,15,5,11,62,6,16,9,5,4,5,5,0.9,0.9
2023-08-08T05:00:00,2493A,109.7325,28.3169,湘西州,州政府,,19,14,15,13,9,90,16,17,14,4,6,4,4,0.6,0.6
2023-08-08T05:00:00,2494A,109.6958,28.2675,湘西州,吉首市计生局,,10,10,16,4,11,89,18,30,23,5,7,6,6,0.7,0.7
2023-08-08T05:00:00,2495A,111.3014,23.4832,梧州市,市逸夫小学,,21,21,24,5,12,89,6,33,24,26,12,6,6,0.6,0.7
2023-08-08T05:00:00,2496A,111.3239,23.4794,梧州市,市十一中,,26,26,28,6,9,80,0,28,14,12,9,8,7,0.6,0.6
2023-08-08T05:00:00,2497A,111.247,23.4189,梧州市,龙圩,,30,23,28,21,15,77,19,17,17,9,12,16,12,1.0,0.8
2023-08-08T05:00:00,2498A,111.2711,23.4835,梧州市,龙新,,19,14,29,13,13,90,14,25,21,14,11,7,6,0.4,0.5
2023-08-08T05:00:00,2499A,108.3411,21.6158,防城港市,沙万,,,,,,,,,,,,,,,,
2023-08-08T05:00:00,2500A,108.3514,21.7731,防城港市,防城档案局,,10,4,11,2,5,50,29,42,35,9,8,6,7,0.3,0.3
2023-08-08T05:00:00,2501A,108.3506,21.6414,防城港市,大海花园,,12,3,14,1,4,46,36,45,38,4,8,4,4,0.4,0.4
2023-08-08T05:00:00,2502A,108.6236,21.9667,钦州市,市环保站,,,,,,,,,,,,,,,,
2023-08-08T05:00:00,2503A,108.6549,21.9481,钦州市,沙埠小学,,11,8,18,2,6,49,33,40,30,9,14,4,8,0.5,0.6
2023-08-08T05:00:00,2504A,108.5989,21.7431,钦州市,港区一小,,11,8,19,4,7,53,34,39,37,12,14,7,10,0.5,0.7
2023-08-08T05:00:00,2505A,109.568,23.1478,贵港市,德智高中,,22,22,23,6,9,61,19,20,16,10,13,5,5,0.6,0.7
2023-08-08T05:00:00,2506A,109.6047,23.0666,贵港市,江南子站,,17,17,22,9,11,70,24,19,16,7,10,7,7,0.5,0.5
2023-08-08T05:00:00,2507A,109.6014,23.0948,贵港市,贵城子站,,18,8,20,12,11,42,13,18,13,10,10,8,8,0.6,0.6
2023-08-08T05:00:00,2508A,109.5669,23.1065,贵港市,荷城子站,,14,14,19,5,5,60,20,32,20,6,8,8,8,0.4,0.4
2023-08-08T05:00:00,2509A,110.1106,22.7019,玉林市,寒山水库,,31,31,31,8,9,51,20,14,14,6,6,11,9,0.5,0.5
2023-08-08T05:00:00,2510A,110.1675,22.6411,玉林市,市监测站,,20,20,19,12,6,52,27,25,25,7,5,55,18,0.6,0.8
2023-08-08T05:00:00,2511A,110.1433,22.6164,玉林市,南江一中,,23,23,27,8,10,60,27,23,23,11,9,12,14,0.6,0.6
2023-08-08T05:00:00,2512A,106.6103,23.9011,百色市,市监测站,,10,10,13,5,6,64,25,34,30,8,8,6,6,0.8,0.7
2023-08-08T05:00:00,2513A,106.6538,23.8859,百色市,市中心血站,,12,7,15,8,9,79,27,36,30,9,11,7,8,0.6,0.7
2023-08-08T05:00:00,2514A,111.5264,24.4172,贺州市,环保小区,,28,28,26,18,14,81,16,15,12,16,16,15,12,0.7,0.7
2023-08-08T05:00:00,2515A,111.5608,24.4078,贺州市,政协大楼,,35,35,34,13,21,88,12,18,11,15,13,29,15,0.5,0.5
2023-08-08T05:00:00,2516A,108.2011,24.715,河池市,东仁乐园,,32,32,21,10,14,47,4,5,5,11,6,4,5,0.4,0.5
2023-08-08T05:00:00,2517A,108.0497,24.6947,河池市,市环保站,,27,27,16,8,7,60,12,9,9,15,12,8,8,0.6,0.6
2023-08-08T05:00:00,2518A,108.0983,24.6989,河池市,市疾控中心,,38,38,18,11,7,57,7,8,6,18,16,6,5,0.6,0.6
2023-08-08T05:00:00,2520A,109.2203,23.7256,来宾市,来宾技工学校,,41,41,20,14,10,67,17,23,20,7,6,25,15,0.4,0.4
2023-08-08T05:00:00,2521A,107.3476,22.4136,崇左市,市环保局江州分局,,24,24,23,9,11,84,25,43,36,8,7,4,5,0.5,0.5
2023-08-08T05:00:00,2522A,107.3702,22.3707,崇左市,城南新区,,12,12,19,6,10,82,28,48,37,6,9,2,3,0.4,0.4
2023-08-08T05:00:00,2523A,105.8945,32.4535,广元市,黑石坡,,11,11,23,3,7,122,33,49,40,8,9,12,13,0.4,0.4
2023-08-08T05:00:00,2524A,105.821,32.4444,广元市,老城,,23,23,20,5,7,121,54,49,49,2,9,5,9,0.7,0.8
2023-08-08T05:00:00,2526A,105.8628,32.4287,广元市,监测站,,16,16,19,5,5,110,42,34,34,5,9,10,10,0.3,0.4
2023-08-08T05:00:00,2527A,105.5453,30.5678,遂宁市,石溪浩,,22,22,16,9,8,112,20,54,36,11,6,7,7,0.7,0.6
2023-08-08T05:00:00,2528A,105.5582,30.5232,遂宁市,市监测站,,24,24,16,7,6,125,33,80,53,12,11,7,6,0.4,0.3
2023-08-08T05:00:00,2529A,105.5861,30.5366,遂宁市,行政中心,,20,18,15,14,8,132,35,80,57,13,9,3,3,0.2,0.2
2023-08-08T05:00:00,2530A,105.5918,30.4728,遂宁市,美宁食品公司,,26,26,15,10,7,140,28,57,40,21,13,6,6,0.4,0.2
2023-08-08T05:00:00,2531A,105.0703,29.61,内江市,市监测站,,25,24,16,17,13,127,16,40,31,8,12,7,7,0.7,0.6
2023-08-08T05:00:00,2532A,105.0717,29.5947,内江市,东兴区政府,,18,15,12,12,16,135,20,38,29,12,14,5,5,0.5,0.5
2023-08-08T05:00:00,2533A,105.0653,29.5817,内江市,内江二中,,24,24,19,10,10,128,17,28,19,12,15,6,6,0.5,0.5
2023-08-08T05:00:00,2534A,105.0406,29.5822,内江市,内江日报社,,32,29,19,22,12,137,4,36,19,33,23,5,3,0.8,0.5
2023-08-08T05:00:00,2535A,103.7723,29.5462,乐山市,花湖湾,,36,34,24,25,18,110,21,60,51,20,9,3,4,0.6,0.6
2023-08-08T05:00:00,2536A,103.7627,29.5844,乐山市,牛耳桥,,27,27,26,18,17,124,24,60,42,16,11,3,3,0.6,0.5
2023-08-08T05:00:00,2537A,103.7508,29.6006,乐山市,市第三水厂,,24,24,24,15,14,134,46,70,53,13,11,3,3,0.5,0.5
2023-08-08T05:00:00,2538A,103.7571,29.5664,乐山市,市监测站,,32,29,24,22,17,120,29,67,53,14,7,4,4,0.5,0.5
2023-08-08T05:00:00,2539A,104.0308,30.0478,眉山市,黑龙滩水库,,,25,17,12,11,132,6,60,35,20,5,,,0.3,0.3
2023-08-08T05:00:00,2540A,103.8416,30.0874,眉山市,气象局,,25,25,18,7,11,129,57,54,54,15,13,9,9,0.4,0.4
2023-08-08T05:00:00,2543A,106.6308,30.5278,广安市,小平旧居,,,,,,,,,,,,,,,,
2023-08-08T05:00:00,2544A,106.6303,30.4576,广安市,市委,,18,10,18,12,15,107,43,51,44,4,8,4,5,0.4,0.4
2023-08-08T05:00:00,2545A,106.6271,30.4663,广安市,友谊中学,,18,16,21,12,14,116,56,64,58,6,9,8,9,0.3,0.4
2023-08-08T05:00:00,2547A,106.6388,30.4551,广安市,广电花园,,21,21,24,10,15,108,37,43,40,7,9,9,10,0.2,0.3
2023-08-08T05:00:00,2548A,107.5277,31.2827,达州市,达州职业技术学院,,,14,19,,,115,18,14,14,16,19,5,5,0.2,0.3
2023-08-08T05:00:00,2549A,107.5086,31.2186,达州市,市环境监测站,,20,20,23,2,4,136,16,16,16,17,21,12,9,0.2,0.4
2023-08-08T05:00:00,2550A,107.4988,31.2132,达州市,凤凰小区,,19,19,19,5,6,140,20,22,21,16,19,14,11,0.4,0.5
2023-08-08T05:00:00,2551A,107.5082,31.1986,达州市,达县机关宾馆,,22,22,21,12,10,130,17,20,19,20,25,15,10,0.2,0.4
2023-08-08T05:00:00,2552A,107.4644,31.2124,达州市,市政中心,,25,25,26,2,6,119,30,28,28,10,17,15,11,0.3,0.4
2023-08-08T05:00:00,2554A,103.0475,30.02,雅安市,建安厂,,18,11,18,10,10,129,57,65,64,12,12,7,7,0.5,0.5
2023-08-08T05:00:00,2555A,103.0111,29.9833,雅安市,市政府,,25,25,18,14,11,123,21,45,38,8,8,4,5,0.5,0.5
2023-08-08T05:00:00,2556A,102.9905,29.9775,雅安市,川农大,,24,24,22,10,11,112,34,44,39,7,6,7,7,0.5,0.5
2023-08-08T05:00:00,2561A,104.6617,30.1372,资阳市,莲花山,,18,18,18,10,10,86,25,26,26,11,9,5,6,0.6,0.5
2023-08-08T05:00:00,2562A,104.6356,30.1506,资阳市,资阳中学,,18,18,17,7,4,127,41,51,46,7,7,8,9,0.4,0.4
2023-08-08T05:00:00,2563A,104.6295,30.1383,资阳市,四三一厂,,30,26,19,21,9,115,12,28,18,20,11,9,9,0.4,0.4
2023-08-08T05:00:00,2564A,104.6463,30.1146,资阳市,师范校,,36,36,15,12,9,111,5,18,11,22,13,7,7,0.5,0.4
2023-08-08T05:00:00,2565A,104.6296,30.1256,资阳市,区法院,,35,35,19,5,4,133,45,60,52,24,11,8,8,0.4,0.4
2023-08-08T05:00:00,2566A,102.1879,31.914,阿坝藏族羌族自治州,州农科所,,9,8,29,6,12,116,3,7,5,6,14,1,3,0.5,0.6
2023-08-08T05:00:00,2568A,102.2502,31.8896,阿坝藏族羌族自治州,马师校,,16,12,15,11,10,73,2,8,5,6,12,4,4,0.5,0.5
2023-08-08T05:00:00,2570A,101.9603,30.0475,甘孜藏族自治州,水桥子,,7,5,6,2,5,82,17,32,27,14,12,4,4,0.2,0.2
2023-08-08T05:00:00,2571A,102.3431,27.8099,凉山彝族自治州,青龙寺,,20,20,18,12,11,68,11,24,19,8,5,5,5,0.5,0.4
2023-08-08T05:00:00,2572A,102.2721,27.8415,凉山彝族自治州,邛海宾馆,,19,19,20,10,11,94,15,24,19,12,9,7,6,0.8,0.7
2023-08-08T05:00:00,2573A,102.2625,27.898,凉山彝族自治州,西昌市政府,,18,18,20,6,9,100,22,26,23,4,7,7,8,0.6,0.6
2023-08-08T05:00:00,2574A,102.2685,27.8851,凉山彝族自治州,凉山州政府,,20,20,22,9,12,94,14,22,18,12,9,7,7,0.7,0.8
2023-08-08T05:00:00,2575A,102.237,27.8914,凉山彝族自治州,长安,,29,29,25,8,12,103,23,24,23,5,11,13,11,0.5,0.7
2023-08-08T05:00:00,2576A,104.8,26.5892,六盘水市,窑上,,,,,,,,,,,,,,,,
2023-08-08T05:00:00,2577A,104.83,26.5917,六盘水市,黄土坡,,10,3,10,7,11,66,15,18,17,12,14,4,6,0.7,0.8
2023-08-08T05:00:00,2578A,104.89,26.5939,六盘水市,水钢,,18,16,19,12,9,70,39,45,36,6,9,3,4,0.5,0.6
2023-08-08T05:00:00,2579A,104.8475,26.5894,六盘水市,民中,,23,23,20,5,7,64,28,38,33,11,15,5,6,0.6,0.7
2023-08-08T05:00:00,2580A,104.9544,26.5506,六盘水市,双水,,19,19,13,13,9,70,17,39,26,9,6,5,6,0.5,0.5
2023-08-08T05:00:00,2585A,109.1839,27.7344,铜仁地区,铜仁卫校,,28,28,27,13,12,62,23,30,27,5,6,10,10,0.4,0.4
2023-08-08T05:00:00,2586A,109.1753,27.6944,铜仁地区,铜仁七中,,17,17,15,10,6,64,24,36,32,7,6,2,2,0.3,0.3
2023-08-08T05:00:00,2587A,105.2864,27.3125,毕节市,八中,,29,20,15,20,12,72,14,25,20,14,9,4,5,0.5,0.5
2023-08-08T05:00:00,2588A,105.31,27.2944,毕节市,师专,,19,15,15,13,10,78,20,24,22,10,8,5,4,0.5,0.5
2023-08-08T05:00:00,2589A,104.9022,25.0925,黔西南布依族苗族自治州,场坝街,,28,28,20,10,8,60,23,27,21,9,12,82,56,0.2,0.2
2023-08-08T05:00:00,2590A,104.8811,25.0992,黔西南布依族苗族自治州,坪东大道,,12,12,16,7,7,63,9,9,8,12,14,4,5,0.1,0.2
2023-08-08T05:00:00,2591A,107.9783,26.5747,黔东南苗族侗族自治州,市环境监测站,,12,12,13,8,8,59,26,36,33,14,12,2,3,0.8,0.4
2023-08-08T05:00:00,2593A,107.5228,26.2403,黔南布依族苗族自治州,小围寨,,19,19,11,0,2,62,8,15,11,8,4,5,2,0.5,0.4
2023-08-08T05:00:00,2594A,99.1678,25.1081,保山市,市环境监测站,,12,12,15,2,6,52,6,12,9,8,11,7,8,0.7,0.7
2023-08-08T05:00:00,2595A,99.1711,25.1328,保山市,市环保局,,19,19,16,5,9,54,5,15,10,13,10,7,7,0.5,0.6
2023-08-08T05:00:00,2596A,103.7667,27.3736,昭通市,监测站,,17,17,16,9,8,68,29,35,31,15,9,11,11,0.3,0.3
2023-08-08T05:00:00,2597A,103.7225,27.3361,昭通市,环保局,,17,17,18,7,9,72,36,46,43,10,9,10,9,0.4,0.3
2023-08-08T05:00:00,2598A,100.2143,26.8576,丽江市,西南郊,,,,,,,,,,,,,,,,
2023-08-08T05:00:00,2599A,100.2497,26.8802,丽江市,丽江古城,,19,19,17,11,12,86,27,45,37,11,13,8,8,0.6,0.6
2023-08-08T05:00:00,2600A,100.2203,26.8906,丽江市,市中心,,,,8,1,5,89,36,58,47,12,17,6,7,0.7,0.6
2023-08-08T05:00:00,2601A,100.98,22.7633,普洱市,市环保局,,13,13,14,6,7,43,27,20,20,10,11,2,3,0.4,0.5
2023-08-08T05:00:00,2602A,100.9817,22.8322,普洱市,普洱第二中学,,13,10,14,9,10,42,23,17,17,7,11,3,14,0.5,0.5
2023-08-08T05:00:00,2603A,100.0781,23.8982,临沧市,市环保局,,13,11,14,9,13,42,19,21,19,8,8,5,5,0.5,0.4
2023-08-08T05:00:00,2604A,100.0894,23.8822,临沧市,市气象局,,23,12,16,16,14,44,29,32,31,6,8,4,6,0.4,0.4
2023-08-08T05:00:00,2605A,101.5482,25.0441,楚雄州,州环境监测站,,29,24,17,20,12,83,13,10,10,16,20,34,16,0.6,0.6
2023-08-08T05:00:00,2606A,101.538,25.0492,楚雄州,市经济开发区,,15,15,20,10,11,80,15,13,12,15,16,8,14,0.5,0.6
2023-08-08T05:00:00,2608A,103.3772,23.3993,红河州,污水处理厂,,23,23,20,15,19,66,27,37,32,11,8,26,14,0.5,0.5
2023-08-08T05:00:00,2609A,103.3861,23.35,红河州,监测站,,36,28,31,25,18,64,34,40,37,9,8,27,15,0.6,0.6
2023-08-08T05:00:00,2610A,104.2533,23.3594,文山州,州水务局,,12,6,13,6,8,56,36,32,32,6,10,8,9,0.3,0.3
2023-08-08T05:00:00,2611A,104.2319,23.3892,文山州,市便民服务中心,,12,12,16,2,9,55,20,22,22,12,12,5,7,0.4,0.4
2023-08-08T05:00:00,2612A,100.7939,22.0019,西双版纳州,景洪市江南,,15,15,12,4,6,30,17,19,18,4,7,8,7,0.5,0.5
2023-08-08T05:00:00,2613A,100.8017,22.0225,西双版纳州,景洪市江北,,13,13,7,7,8,35,8,12,8,7,9,9,9,0.3,0.3
2023-08-08T05:00:00,2614A,100.1542,25.7054,大理州,大理市环境监测站,,24,24,18,8,8,67,9,5,5,12,15,4,4,0.6,0.6
2023-08-08T05:00:00,2615A,100.2171,25.5811,大理州,大理古城,,11,11,11,3,7,56,19,53,35,5,8,7,7,0.5,0.6
2023-08-08T05:00:00,2616A,98.5842,24.428,德宏州,德宏州监测站,,13,13,19,2,8,45,34,35,32,5,8,9,12,0.4,0.4
2023-08-08T05:00:00,2618A,98.8601,25.8567,怒江州,州监测站,,18,18,15,9,10,61,28,36,32,4,5,10,11,0.4,0.4
2023-08-08T05:00:00,2619A,98.8546,25.8417,怒江州,泸水一中,,9,9,10,4,7,54,24,27,26,4,5,6,6,0.3,0.3
2023-08-08T05:00:00,2621A,99.7056,27.8317,迪庆州,迪庆州站,,17,17,18,10,12,74,49,39,39,7,12,9,9,0.4,0.5
2023-08-08T05:00:00,2622A,97.1806,31.1273,昌都市,昌都监测站,,16,16,14,7,7,93,21,21,21,12,14,8,8,0.5,0.6
2023-08-08T05:00:00,2624A,91.7608,29.2313,山南市,山南监测站,,13,2,8,1,4,82,40,48,46,7,7,7,7,0.2,0.2
2023-08-08T05:00:00,2625A,91.7706,29.2436,山南市,山南人民医院,,12,4,11,4,5,76,36,46,43,8,8,6,5,0.3,0.3
2023-08-08T05:00:00,2626A,88.8876,29.2718,日喀则市,日喀则监测站,,21,1,6,2,3,85,65,68,67,5,7,5,4,0.4,0.5
2023-08-08T05:00:00,2628A,92.0657,31.4846,那曲地区,那曲监测站,,22,6,29,2,7,96,69,84,79,5,7,7,7,0.2,0.2
2023-08-08T05:00:00,2630A,80.1161,32.5,阿里地区,阿里监测站,,34,4,11,0,4,144,108,112,111,5,8,8,7,0.1,0.2
2023-08-08T05:00:00,2632A,94.3681,29.6376,林芝市,林芝监测站,,10,4,5,0,2,68,29,33,31,2,4,9,9,0.5,0.5
2023-08-08T05:00:00,2633A,94.3616,29.6616,林芝市,林芝人民医院,,9,5,7,3,4,67,26,28,27,4,6,8,8,0.5,0.5
2023-08-08T05:00:00,2634A,106.9893,33.1842,汉中市,汉川机床厂子校,,15,10,12,10,7,70,15,26,21,10,5,5,3,0.4,0.2
2023-08-08T05:00:00,2635A,107.0154,33.0706,汉中市,市监测站,,12,9,15,8,8,88,36,51,43,4,6,5,4,0.6,0.7
2023-08-08T05:00:00,2636A,107.0089,33.1138,汉中市,鑫源开发区,,14,14,15,3,4,97,28,40,37,11,8,6,6,0.4,0.4
2023-08-08T05:00:00,2637A,107.007,33.0323,汉中市,南郑大河坎水厂,,20,20,16,3,8,90,32,55,42,7,7,8,8,0.5,0.4
2023-08-08T05:00:00,2638A,109.7414,38.3344,榆林市,红石峡森林公园,,40,35,37,28,15,156,33,90,76,51,19,5,5,0.6,0.5
2023-08-08T05:00:00,2639A,109.7456,38.2911,榆林市,世纪广场,,35,31,32,24,17,143,74,83,81,13,14,8,8,0.7,0.7
2023-08-08T05:00:00,2640A,109.7289,38.2839,榆林市,实验中学,,33,31,34,23,17,143,85,90,89,12,17,7,7,0.8,0.7
2023-08-08T05:00:00,2641A,109.7336,38.2478,榆林市,环保监测大楼,,39,32,32,27,19,144,93,85,85,8,18,7,8,0.8,0.8
2023-08-08T05:00:00,2642A,109.0318,32.6537,安康市,香溪洞,,12,10,13,5,7,87,36,37,36,5,6,6,6,0.6,0.5
2023-08-08T05:00:00,2643A,109.0281,32.6939,安康市,安康市监测站,,20,20,20,5,8,95,16,45,30,9,7,14,13,0.5,0.6
2023-08-08T05:00:00,2644A,109.0072,32.6975,安康市,汉滨区检察院,,19,19,19,4,7,94,19,24,20,8,7,7,8,0.4,0.5
2023-08-08T05:00:00,2645A,109.9154,33.8715,商洛市,监测站,,24,21,24,15,12,100,75,59,59,9,12,5,7,0.7,0.7
2023-08-08T05:00:00,2647A,104.1724,36.5446,白银市,第三小学,,37,37,25,10,10,144,64,63,63,17,19,18,12,0.9,0.9
2023-08-08T05:00:00,2648A,104.1465,36.5482,白银市,动力公司,,23,23,22,14,11,147,56,96,86,20,15,14,12,1.0,0.5
2023-08-08T05:00:00,2649A,106.0055,34.343,天水市,麦积山,,,,,,,,,,,,,,,,
2023-08-08T05:00:00,2650A,105.7205,34.5786,天水市,公园小学,,22,12,21,6,11,133,69,84,79,7,8,7,8,0.6,0.5
2023-08-08T05:00:00,2651A,105.8945,34.5538,天水市,麦积国土局,,24,15,20,8,11,146,74,93,87,10,13,14,11,0.6,0.6
2023-08-08T05:00:00,2652A,102.6201,37.9251,武威市,监测站,,37,37,37,15,14,148,52,80,55,31,23,7,7,0.4,0.4
2023-08-08T05:00:00,2654A,100.4698,38.9524,张掖市,润泉湖,,33,33,29,20,15,160,93,112,105,8,12,10,8,0.3,0.3
2023-08-08T05:00:00,2655A,100.4154,38.9422,张掖市,区工会,颗粒物(PM10),53,56,42,19,14,163,91,109,101,6,12,7,6,0.3,0.3
2023-08-08T05:00:00,2656A,106.6692,35.5461,平凉市,聚贤嘉苑,,25,25,28,13,11,108,50,51,51,20,22,7,6,0.4,0.3
2023-08-08T05:00:00,2657A,106.7021,35.5307,平凉市,博物馆,,32,32,29,12,10,117,54,53,53,19,21,9,7,0.5,0.5
2023-08-08T05:00:00,2658A,98.5061,39.7443,酒泉市,仓门街子站,颗粒物(PM10),69,88,65,24,19,133,33,90,75,36,21,4,5,0.4,0.4
2023-08-08T05:00:00,2659A,98.4989,39.7256,酒泉市,油田生活基地,颗粒物(PM10),59,68,74,26,22,144,49,95,82,24,21,4,6,0.4,0.4
2023-08-08T05:00:00,2661A,107.6325,35.7357,庆阳市,庆阳五中,,22,18,17,12,13,82,70,82,75,2,5,4,5,0.4,0.5
2023-08-08T05:00:00,2662A,107.6364,35.7067,庆阳市,市环保局,,21,16,18,10,10,101,67,82,73,2,6,5,5,0.4,0.4
2023-08-08T05:00:00,2663A,104.6241,35.5734,定西市,东关小学,,28,28,29,8,13,143,79,74,72,6,11,3,3,0.0,0.1
2023-08-08T05:00:00,2664A,104.6194,35.5934,定西市,供电公司,,25,16,25,17,16,131,78,80,75,10,16,8,8,0.0,0.1
2023-08-08T05:00:00,2665A,105.0822,33.3261,陇南市,汉王镇固水子,,,,,,,,,,,,,,,,
2023-08-08T05:00:00,2667A,103.2069,35.5993,临夏回族自治州,环保局,,15,15,21,8,14,137,19,40,30,18,16,4,5,0.3,0.3
2023-08-08T05:00:00,2668A,103.2417,35.6057,临夏回族自治州,建设大厦,,18,16,19,12,11,143,32,26,26,9,13,7,6,0.4,0.4
2023-08-08T05:00:00,2669A,102.9099,34.9841,甘南州,州政府,,26,26,26,15,17,119,30,17,17,25,21,3,3,0.4,0.5
2023-08-08T05:00:00,2671A,100.9048,36.9639,海北藏族自治州,海晏县西海镇,,27,23,24,16,12,152,84,83,83,8,11,10,11,0.4,0.4
2023-08-08T05:00:00,2672A,102.0199,35.5102,黄南藏族自治州,同仁县隆务镇,,15,15,17,7,8,125,47,59,53,7,9,10,10,0.4,0.4
2023-08-08T05:00:00,2673A,100.6188,36.2866,海南藏族自治州,共和县恰卜恰镇,,32,32,18,20,13,141,33,86,68,27,16,9,11,0.5,0.5
2023-08-08T05:00:00,2674A,100.2561,34.4714,果洛藏族自治州,玛沁县大武镇,,22,19,19,15,11,116,23,28,26,9,9,10,10,0.4,0.4
2023-08-08T05:00:00,2675A,97,33.0014,玉树藏族自治州,玉树县结古镇,,17,17,11,8,4,98,26,40,32,12,8,11,11,0.4,0.4
2023-08-08T05:00:00,2676A,97.3731,37.3753,海西蒙古族藏族自治州,德令哈市,,34,19,25,15,13,127,107,119,111,5,6,12,11,0.4,0.4
2023-08-08T05:00:00,2677A,106.1532,37.9648,吴忠市,教育园区,,27,22,39,11,15,179,84,101,91,10,16,5,8,0.5,0.6
2023-08-08T05:00:00,2679A,106.1856,37.9956,吴忠市,新区二泵站,,28,19,32,11,14,182,87,104,95,3,9,5,8,0.5,0.5
2023-08-08T05:00:00,2680A,105.0025,37.4635,中卫市,沙坡头消防站,,,,,,,,,,,,,,,,
2023-08-08T05:00:00,2682A,105.1971,37.5002,中卫市,环保局站,,21,12,31,8,12,158,65,82,74,10,11,6,7,0.4,0.4
2023-08-08T05:00:00,2683A,106.2319,36.1417,固原市,马园,,21,9,15,10,9,136,67,73,72,11,13,6,5,0.6,0.5
2023-08-08T05:00:00,2684A,106.2792,36.0022,固原市,监测站,细颗粒物(PM2.5),60,8,14,43,16,131,76,81,80,4,9,5,5,0.5,0.5
2023-08-08T05:00:00,2685A,106.2375,36.0211,固原市,新区,,21,13,15,5,8,113,67,70,69,6,10,6,6,0.4,0.4
2023-08-08T05:00:00,2686A,89.1904,42.9418,吐鲁番地区,市环保局,颗粒物(PM10),51,52,57,11,16,139,112,106,106,14,24,5,5,0.4,0.5
2023-08-08T05:00:00,2687A,89.1673,42.9559,吐鲁番地区,地区环保局,,,,51,14,24,133,107,105,105,8,21,4,5,,0.5
2023-08-08T05:00:00,2688A,93.5128,42.8172,哈密地区,地区监测站,,29,26,33,20,16,140,55,72,66,39,26,4,4,0.2,0.3
2023-08-08T05:00:00,2689A,93.4961,42.8328,哈密地区,哈密师范学校,,48,48,57,17,17,141,30,63,49,52,32,4,5,0.7,0.4
2023-08-08T05:00:00,2690A,88.1236,43.8886,昌吉州,天山天池,,29,29,24,10,10,175,59,57,57,8,10,5,6,0.4,0.5
2023-08-08T05:00:00,2692A,87.2717,44.0297,昌吉州,新区政务中心,,37,37,47,16,15,158,71,86,76,14,16,10,7,0.4,0.5
2023-08-08T05:00:00,2693A,82.0485,44.8556,博尔塔拉蒙古自治州,市党校,,33,33,36,7,12,117,93,95,94,5,10,8,8,0.3,0.4
2023-08-08T05:00:00,2694A,82.0806,44.8969,博尔塔拉蒙古自治州,市环保局,,27,26,36,12,13,109,85,87,86,6,14,7,11,0.3,0.4
2023-08-08T05:00:00,2695A,80.292,41.1694,阿克苏地区,电视台,,35,14,45,12,16,133,112,126,123,4,7,8,6,0.3,0.3
2023-08-08T05:00:00,2696A,80.2613,41.1551,阿克苏地区,艺术中心,,36,19,46,13,17,134,114,125,123,2,10,6,14,0.3,0.4
2023-08-08T05:00:00,2697A,76.1454,39.7142,克孜勒苏柯尔克孜自治州,市人民政府,,26,25,26,10,13,142,82,94,88,13,12,8,6,0.4,0.4
2023-08-08T05:00:00,2698A,76.0072,39.4467,喀什地区,巡警大队,,26,26,43,6,11,143,61,66,65,14,18,1,2,0.3,0.4
2023-08-08T05:00:00,2699A,75.9755,39.4694,喀什地区,吾办,,22,22,33,7,14,146,64,78,73,11,16,4,4,0.5,0.6
2023-08-08T05:00:00,2700A,75.9538,39.4682,喀什地区,市环境监测站,,20,20,30,7,9,144,63,73,69,11,13,4,3,0.3,0.3
2023-08-08T05:00:00,2703A,81.2815,43.9404,伊犁哈萨克州,市环保局,,28,23,39,13,14,113,88,95,94,11,16,9,9,0.6,0.7
2023-08-08T05:00:00,2704A,81.2996,43.9174,伊犁哈萨克州,新政府片区,,26,19,44,6,17,102,82,92,90,12,16,5,6,0.5,0.6
2023-08-08T05:00:00,2705A,81.3364,43.941,伊犁哈萨克州,第二水厂,,24,20,46,14,17,109,76,89,87,8,16,5,7,0.5,0.6
2023-08-08T05:00:00,2706A,82.9994,46.7432,塔城地区,东门外小游园,,22,22,53,4,11,94,40,35,35,23,24,5,5,0.3,0.4
2023-08-08T05:00:00,2708A,88.1264,47.8517,阿勒泰地区,市站,,18,12,24,8,5,116,57,84,73,9,9,4,4,0.7,0.7
2023-08-08T05:00:00,2709A,86.0497,44.2967,石河子市,艾青诗歌馆,,30,17,40,12,15,124,96,92,92,2,12,8,10,0.3,0.4
2023-08-08T05:00:00,2710A,86.0697,44.3075,石河子市,阳光学校,,33,14,43,8,13,134,103,95,95,1,10,8,9,0.5,0.6
2023-08-08T05:00:00,2711A,87.5475,44.1756,五家渠市,农水大厦,,43,43,74,21,24,165,61,77,73,7,18,11,11,0.6,0.5
2023-08-08T05:00:00,2835A,101.7227,26.567,攀枝花市,四十中小,,22,12,20,8,11,145,69,59,54,5,16,7,36,0.7,1
2023-08-08T05:00:00,2842A,118.0936,24.5058,厦门市,湖里中学,颗粒物(PM10),58,66,51,31,27,144,12,17,16,39,32,3,3,0.4,0.5
2023-08-08T05:00:00,2845A,113.1569,36.1911,长治市,德盛苑,细颗粒物(PM2.5),52,44,43,36,26,170,64,90,77,18,13,7,8,1.2,1.3
2023-08-08T05:00:00,2846A,113.3221,23.1322,广州市,体育西,,17,17,26,9,14,145,34,42,37,10,10,5,5,0.7,0.7
2023-08-08T05:00:00,2858A,117.7918,39.2474,天津市,河西一经路,颗粒物(PM10),52,54,38,29,18,116,25,50,33,44,19,10,11,0.7,0.7
2023-08-08T05:00:00,2859A,117.3747,38.9846,天津市,津沽路,,38,38,33,22,16,112,42,61,57,26,18,5,7,0.5,0.5
2023-08-08T05:00:00,2860A,117.1589,39.0845,天津市,宾水西道,,50,50,35,28,16,129,42,60,53,22,17,10,9,1.0,0.8
2023-08-08T05:00:00,2862A,114.5481,38.0378,石家庄市,22中南校区,颗粒物(PM10),53,56,46,34,24,138,74,94,87,11,12,1,3,0.6,0.6
2023-08-08T05:00:00,2865A,112.7195,37.6828,晋中市,榆次三中,,46,46,50,29,21,220,50,47,45,20,21,7,8,0.7,0.7
2023-08-08T05:00:00,2867A,111.1283,37.51,吕梁市,马茂庄小学,颗粒物(PM10),61,72,80,42,43,152,15,12,11,45,49,5,6,0.7,1
2023-08-08T05:00:00,2868A,126.4739,43.953,吉林市,九站,,7,7,12,4,7,44,12,10,10,14,14,6,6,0.5,0.5
2023-08-08T05:00:00,2869A,119.447,32.4155,扬州市,五台山医院,,40,40,26,24,16,104,70,81,76,14,9,9,6,0.6,0.6
2023-08-08T05:00:00,2870A,119.4424,32.1873,镇江市,市疾控中心,,29,27,25,19,18,111,90,87,87,8,10,2,2,0.5,0.5
2023-08-08T05:00:00,2871A,121.6147,29.9017,宁波市,万里国际学校,,29,26,25,20,13,105,17,44,31,31,24,5,6,0.5,0.5
2023-08-08T05:00:00,2872A,120.7846,30.7525,嘉兴市,南湖区残联,,35,35,25,24,17,163,47,50,50,18,15,2,2,0.6,0.5
2023-08-08T05:00:00,2873A,120.0875,30.8955,湖州市,仁皇山新区,,26,24,27,18,21,190,46,65,55,18,16,2,3,0.6,0.7
2023-08-08T05:00:00,2875A,115.784,32.8892,阜阳市,阜阳职业技术学院,,39,39,22,14,11,141,78,109,95,13,9,5,4,0.6,0.5
2023-08-08T05:00:00,2877A,119.1641,36.6523,潍坊市,坊子邮政,,22,22,12,9,4,88,33,72,64,22,10,8,7,0.2,0.2
2023-08-08T05:00:00,2878A,116.0072,36.4343,聊城市,聊大东校,颗粒物(PM10),51,51,41,25,23,202,50,99,74,22,15,3,3,0.4,0.5
2023-08-08T05:00:00,2880A,104.0239,30.65639,成都市,大石西路,,35,17,23,24,12,172,30,49,43,14,12,2,2,0.5,0.5
2023-08-08T05:00:00,2881A,107.8908,26.5311,黔东南苗族侗族自治州,凯里学院,细颗粒物(PM2.5),64,8,22,46,44,79,34,36,34,8,8,6,6,0.3,0.6
2023-08-08T05:00:00,2882A,102.5389,24.3703,玉溪市,玉溪一中,,22,22,20,7,8,75,8,8,8,24,25,8,8,1.3,1.1
2023-08-08T05:00:00,2883A,102.5381,24.3389,玉溪市,文体中心,,21,21,20,5,9,84,8,10,9,23,19,9,8,1.7,1.2
2023-08-08T05:00:00,2884A,98.2672,39.7978,嘉峪关市,酒钢宾馆,颗粒物(PM10),53,56,68,19,18,141,98,100,100,9,19,10,23,0.4,0.6
2023-08-08T05:00:00,2885A,104.9339,33.3826,陇南市,滨江中学,,25,25,25,10,9,116,47,74,62,11,7,13,7,0.6,0.5
2023-08-08T05:00:00,2894A,117.0566,32.6531,淮南市,经济技术开发区消防队,,30,27,26,2,12,129,93,90,90,16,16,10,7,0.6,0.6
2023-08-08T05:00:00,2897A,123.2444,41.7347,沈阳市,沈辽西路,颗粒物(PM10),51,52,24,17,8,82,5,34,17,41,22,6,5,0.7,0.6
2023-08-08T05:00:00,2900A,123.5953,41.9086,沈阳市,裕农路,,12,12,11,6,7,82,7,24,17,18,9,4,4,0.4,0.5
2023-08-08T05:00:00,2902A,106.6351,30.4865,广安市,北辰小学,,22,11,16,15,17,111,49,56,51,5,7,9,9,0.3,0.3
2023-08-08T05:00:00,2907A,120.1844,30.8596,湖州市,吴兴区站,,35,25,25,24,18,183,46,55,48,7,11,2,2,0.6,0.6
2023-08-08T05:00:00,2914A,106.7677,31.8794,巴中市,苏山坪,,22,19,17,15,12,66,34,54,42,6,6,4,4,0.4,0.4
2023-08-08T05:00:00,2919A,116.7022,39.5453,廊坊市,河北工业大学,,44,44,35,27,18,150,53,68,54,16,14,6,5,0.5,0.4
2023-08-08T05:00:00,2920A,117.7116,24.506,漳州市,蓝田镇,颗粒物(PM10),51,51,43,31,20,132,12,27,20,25,17,8,7,0.7,0.5
2023-08-08T05:00:00,2921A,120.5483,30.0003,绍兴市,树下王站,,42,42,42,14,18,164,50,81,68,11,12,5,6,0.7,0.6
2023-08-08T05:00:00,2922A,117.1941,39.1067,天津市,大理道,颗粒物(PM10),51,52,35,26,16,144,55,67,64,16,14,6,6,0.8,0.6
2023-08-08T05:00:00,2924A,106.2266,38.4418,银川市,水乡路,,25,17,38,16,17,218,79,92,86,14,19,8,6,0.4,0.4
2023-08-08T05:00:00,2925A,106.2757,38.4842,银川市,上海东路,,32,32,30,14,16,232,66,95,87,19,21,14,9,0.4,0.4
2023-08-08T05:00:00,2926A,106.1015,38.497,银川市,文昌北街,,29,29,41,12,19,214,58,66,61,32,28,6,6,0.4,0.5
2023-08-08T05:00:00,2929A,114.8858,30.4519,黄冈市,红卫路,,25,21,28,17,20,147,46,59,48,2,3,5,6,0.5,0.5
2023-08-08T05:00:00,2996A,118.283,33.965,宿迁市,市供电局,细颗粒物(PM2.5),57,48,30,40,18,162,89,120,95,18,11,7,9,0.8,0.7
2023-08-08T05:00:00,2997A,119.8767,32.3289,泰州市,王营,,25,25,23,17,12,99,57,82,61,14,10,6,5,0.5,0.5
2023-08-08T05:00:00,3000A,119.3581,34.6972,连云港市,德源药业,,19,19,27,5,11,149,52,54,51,15,13,5,3,0.6,0.5
2023-08-08T05:00:00,3002A,119.9805,31.8174,常州市,行政中心,,37,37,27,16,11,103,68,82,73,10,9,5,7,0.8,0.7
2023-08-08T05:00:00,3003A,120.0522,31.7748,常州市,经开区,,44,44,24,12,11,100,54,68,64,22,16,6,6,0.7,0.6
2023-08-08T05:00:00,3004A,120.1544,33.3663,盐城市,宝龙广场,,28,22,22,19,14,96,77,88,81,5,4,6,6,0.5,0.5
2023-08-08T05:00:00,3005A,117.1814,34.29,徐州市,鼓楼区政府,,34,34,29,21,15,170,38,86,59,29,16,12,10,0.5,0.5
2023-08-08T05:00:00,3006A,117.1694,34.1781,徐州市,铜山区招生办,,36,36,33,23,14,167,50,88,74,22,19,9,8,0.3,0.3
2023-08-08T05:00:00,3007A,119.178,34.844,连云港市,新城一中,,16,16,15,7,11,153,38,43,36,20,26,7,6,0.7,0.8
2023-08-08T05:00:00,3008A,119.3608,34.7519,连云港市,胡沟管理处,,19,19,23,2,6,146,53,112,85,11,10,10,7,0.9,0.7
2023-08-08T05:00:00,3009A,119.1478,34.5911,连云港市,矿山设计院,,27,27,29,14,14,170,31,68,42,25,16,10,6,0.8,0.6
2023-08-08T05:00:00,3010A,119.9025,31.7964,常州市,钟楼,颗粒物(PM10),69,87,27,15,13,119,61,85,74,12,10,6,5,0.6,0.6
2023-08-08T05:00:00,3012A,112.1849,31.0362,荆门市,西山林语,,35,33,38,24,21,141,96,106,103,6,7,6,7,0.6,0.7
2023-08-08T05:00:00,3014A,106.4958,29.5346,重庆市,歇台子,,29,29,35,15,16,183,52,49,42,14,27,8,8,0.5,0.5
2023-08-08T05:00:00,3015A,106.4037,29.5728,重庆市,龙井湾,,23,23,30,11,17,127,28,32,31,20,18,8,6,0.8,0.6
2023-08-08T05:00:00,3016A,106.5507,29.4153,重庆市,龙洲湾,,49,49,32,15,17,170,10,20,16,39,23,11,7,0.9,0.5
2023-08-08T05:00:00,3018A,111.505,36.1014,临汾市,唐尧大酒店,颗粒物(PM10),60,70,52,20,23,135,19,24,22,37,24,8,8,0.9,1
2023-08-08T05:00:00,3020A,117.2101,39.1699,天津市,中山北路,,40,40,36,24,18,140,69,75,73,7,12,5,5,0.7,0.6
2023-08-08T05:00:00,3021A,115,35.7668,濮阳市,濮水河管理处,细颗粒物(PM2.5),55,42,34,39,25,151,70,105,96,9,9,5,6,0.8,0.8
2023-08-08T05:00:00,3025A,113.0477,23.6344,清远市,技师学院,,33,33,39,13,18,133,7,18,13,32,22,6,6,0.5,0.5
2023-08-08T05:00:00,3026A,116.6183,23.6608,潮州市,市政府,,25,25,38,13,15,131,45,52,49,13,13,5,11,0.5,0.5
2023-08-08T05:00:00,3027A,104.72,29.3427,自贡市,青杠林路,,23,23,17,16,11,112,8,34,24,18,14,7,7,0.3,0.3
2023-08-08T05:00:00,3028A,104.776,29.3627,自贡市,檀木林体育馆,,38,32,17,26,13,115,23,41,30,20,13,7,5,0.4,0.3
2023-08-08T05:00:00,3033A,87.4651,43.4569,乌鲁木齐市,培训基地,,29,9,28,2,6,138,90,110,99,4,5,5,6,0.3,0.3
2023-08-08T05:00:00,3034A,113.1076,41.0385,乌兰察布市,光明街小学,,32,18,30,14,18,152,101,127,113,10,10,18,12,0.4,0.4
2023-08-08T05:00:00,3035A,122.0931,46.0707,兴安盟,北滨河,,20,20,23,12,13,76,36,31,31,7,8,3,3,0.5,0.6
2023-08-08T05:00:00,3036A,118.6904,37.4338,东营市,开发区管委会,,29,23,21,7,5,103,90,103,98,2,2,3,3,0.4,0.3
2023-08-08T05:00:00,3038A,103.3758,23.368,红河州,州图书馆,,40,40,22,14,17,61,24,34,30,11,9,22,11,0.7,0.6
2023-08-08T05:00:00,3039A,111.1911,34.7829,三门峡市,三门峡市第一小学,,,46,38,,,141,84,109,102,14,10,5,7,0.7,0.6
2023-08-08T05:00:00,3045A,109.9643,33.8471,商洛市,商州区中学,,33,33,27,20,11,94,62,61,61,18,20,5,6,0.7,0.6
2023-08-08T05:00:00,3046A,115.9084,28.6062,南昌市,机电学校,,19,17,28,9,14,162,60,59,59,11,10,5,6,0.5,0.6
2023-08-08T05:00:00,3048A,119.5799,26.0936,福州市,九龙,,25,25,42,12,28,151,33,64,48,10,13,3,3,0.4,0.5
2023-08-08T05:00:00,3051A,117.3876,39.1488,天津市,西四道,,45,45,35,20,16,114,3,40,33,52,22,4,6,0.8,0.8
2023-08-08T05:00:00,3054A,113.9194,35.2847,新乡市,市委党校,颗粒物(PM10),52,54,32,24,14,136,39,85,53,38,14,7,7,0.4,0.3
2023-08-08T05:00:00,3055A,101.7775,36.6428,西宁市,城北区政府,,48,48,35,22,20,140,29,27,27,27,23,9,10,0.5,0.6
2023-08-08T05:00:00,3057A,121.5992,37.4014,烟台市,牟平检察院,,44,44,24,20,9,149,38,62,51,24,11,4,4,0.1,0.1
2023-08-08T05:00:00,3058A,119.2658,42.0353,赤峰市,银河街,,20,20,24,9,13,129,51,65,59,13,13,20,17,0.6,0.6
2023-08-08T05:00:00,3059A,117.7161,36.2049,济南市,泰兴公司,,41,41,30,24,15,150,34,50,43,36,22,6,6,0.4,0.4
2023-08-08T05:00:00,3061A,119.7512,49.1577,呼伦贝尔市,国华电力东,,22,22,22,15,16,72,27,36,29,5,5,2,2,0.3,0.3
2023-08-08T05:00:00,3064A,117.6867,36.2171,济南市,莱芜战役纪念馆,,29,29,34,17,14,157,43,57,53,26,17,5,4,0.7,0.6
2023-08-08T05:00:00,3065A,101.9533,29.9972,甘孜藏族自治州,州环保局,,14,11,10,8,4,86,18,26,24,28,16,6,6,0.2,0.2
2023-08-08T05:00:00,3066A,116.2721,37.4379,德州市,九衢泉纯净水厂,,40,40,36,24,23,147,58,88,74,19,13,12,9,0.6,0.6
2023-08-08T05:00:00,3109A,115.0093,25.8613,赣州市,赣县区卫计委,,29,18,29,20,17,121,39,44,42,13,12,3,3,0.7,0.7
2023-08-08T05:00:00,3122A,105.9606,26.2611,安顺市,伍家关,,,,,,,,,,,,,,,,
2023-08-08T05:00:00,3123A,105.9408,26.2431,安顺市,凤凰山,,10,9,11,6,7,96,31,44,41,7,5,9,8,0.8,0.6
2023-08-08T05:00:00,3124A,105.9439,26.2564,安顺市,金钟山,,13,10,13,9,9,89,27,42,37,5,5,8,7,0.5,0.4
2023-08-08T05:00:00,3125A,105.8983,26.2481,安顺市,娄家坡,,12,12,12,7,10,83,24,43,35,8,5,8,8,0.6,0.5
2023-08-08T05:00:00,3128A,92.0506,31.4797,那曲地区,那曲会议中心,,20,3,21,3,7,87,63,80,73,4,9,6,6,0.2,0.3
2023-08-08T05:00:00,3131A,114.879,40.7993,张家口市,烟厂,,36,31,31,25,15,136,67,91,82,5,8,2,3,0.2,0.3
2023-08-08T05:00:00,3132A,119.610547,39.943889,秦皇岛市,文明里,,40,40,20,12,7,116,51,84,59,23,14,11,7,0.3,0.4
2023-08-08T05:00:00,3133A,106.5468,29.5654,重庆市,上清寺,,18,18,24,11,12,195,56,70,64,18,27,9,8,0.7,0.7
2023-08-08T05:00:00,3134A,113.8172,34.0339,许昌市,市一中,颗粒物(PM10),51,52,44,28,22,164,89,110,77,13,11,4,4,0.7,0.6
2023-08-08T05:00:00,3136A,104.2725,30.5589,成都市,龙泉驿区区政府,,14,14,11,2,3,133,41,46,45,5,6,3,3,0.4,0.4
2023-08-08T05:00:00,3137A,103.8578,30.0744,眉山市,市委党校,,24,24,22,9,10,123,64,59,59,13,13,4,5,0.3,0.3
2023-08-08T05:00:00,3138A,111.7153,29.0289,常德市,武陵区永安,,32,31,21,22,13,99,32,45,32,6,6,2,2,0.7,0.6
2023-08-08T05:00:00,3139A,111.6892,28.9881,常德市,鼎城区玉霞,,24,24,19,15,10,103,17,32,18,7,7,5,5,0.7,0.8
2023-08-08T05:00:00,3140A,111.6625,29.0531,常德市,武陵区长庚,,30,30,20,21,12,106,26,39,26,11,10,4,5,0.8,0.8
2023-08-08T05:00:00,3141A,114.3922,36.0878,安阳市,信访局,,42,40,39,29,23,147,94,92,92,8,11,14,10,0.6,0.5
2023-08-08T05:00:00,3147A,114.3438,34.8106,开封市,龙亭公园,细颗粒物(PM2.5),62,62,39,44,17,139,68,78,74,16,13,4,5,0.8,0.6
2023-08-08T05:00:00,3148A,103.8291,30.0564,眉山市,区人社局,,24,19,22,7,11,120,74,68,68,10,16,9,7,0.3,0.4
2023-08-08T05:00:00,3149A,115.0235,30.1578,黄石市,笔架山北路,,36,36,46,7,11,159,69,70,70,2,4,5,5,0.3,0.5
2023-08-08T05:00:00,3151A,114.375,27.8097,宜春市,宜春学院北校区,,44,44,39,30,28,155,53,53,51,12,13,11,6,0.7,0.7
2023-08-08T05:00:00,3153A,114.3877,30.4908,武汉市,民族大道182号,,46,46,42,20,20,169,44,66,55,20,12,5,5,1.1,0.7
2023-08-08T05:00:00,3164A,119.4686,32.3942,扬州市,广陵建设局,,42,30,26,29,17,104,65,82,74,16,10,2,2,0.8,0.7
2023-08-08T05:00:00,3165A,108.6594,34.2969,咸阳市,两寺渡,,39,39,38,19,17,102,23,28,26,20,19,1,2,0.7,0.7
2023-08-08T05:00:00,3169A,113.2725,35.2067,焦作市,太极体育中心,颗粒物(PM10),51,52,39,34,24,172,57,101,85,29,15,6,7,0.6,0.5
2023-08-08T05:00:00,3170A,102.1864,38.5253,金昌市,市委党校,,,,,,,149,90,127,104,17,17,41,28,0.6,0.7
2023-08-08T05:00:00,3171A,115.6071,34.4465,商丘市,梁园区档案局,,48,48,34,32,13,150,49,53,52,31,22,6,5,0.7,0.6
2023-08-08T05:00:00,3173A,117.0598,30.5351,安庆市,市人大,,26,26,26,18,19,124,63,86,78,9,8,6,5,0.8,0.7
2023-08-08T05:00:00,3178A,119.0587,36.721,潍坊市,潍坊七中,,24,24,17,12,5,93,42,46,35,23,15,7,7,0.3,0.2
2023-08-08T05:00:00,3179A,102.7494,25.0119,昆明市,官渡区博物馆,,13,13,13,4,5,64,15,18,13,24,21,5,6,0.4,0.4
2023-08-08T05:00:00,3180A,99.7136,27.8094,迪庆州,质量技术监督局,,15,11,14,5,9,72,45,32,32,12,15,9,10,0.4,0.4
2023-08-08T05:00:00,3182A,106.7656,31.8545,巴中市,丽阳花园,,20,20,18,11,10,73,11,13,13,10,12,4,4,0.5,0.5
2023-08-08T05:00:00,3183A,106.7418,31.8654,巴中市,圣泉水务公司,,14,14,15,6,7,69,10,7,7,9,12,4,4,0.5,0.5
2023-08-08T05:00:00,3186A,103.7158,36.1058,兰州市,教育港,,26,26,25,8,17,204,68,87,74,14,18,3,4,0.2,0.4
2023-08-08T05:00:00,3187A,116.9509,33.666,宿州市,远航博物馆,颗粒物(PM10),51,51,42,25,14,151,44,93,66,32,13,5,5,0.5,0.4
2023-08-08T05:00:00,3188A,115.6683,37.7217,衡水市,市城管局,,45,33,36,31,22,164,63,68,63,13,13,6,5,0.4,0.5
2023-08-08T05:00:00,3190A,116.0254,29.6994,九江市,外国语学校,,25,22,23,17,14,136,51,62,57,18,17,7,7,0.8,0.8
2023-08-08T05:00:00,3191A,118.3225,33.9447,宿迁市,宿豫区政府,细颗粒物(PM2.5),57,43,27,40,20,153,81,121,102,21,12,11,10,0.7,0.7
2023-08-08T05:00:00,3192A,80.0903,32.5028,阿里地区,阿里藏医院,,34,7,11,3,3,136,106,106,106,2,4,6,6,0.2,0.2
2023-08-08T05:00:00,3194A,112.2747,30.3122,荆州市,管委会,,32,32,27,15,16,134,52,83,67,14,9,8,8,0.6,0.6
2023-08-08T05:00:00,3195A,119.3633,32.3972,扬州市,市体育局,,35,27,24,24,16,98,72,76,76,8,6,7,5,0.5,0.4
2023-08-08T05:00:00,3200A,115.9819,36.4978,聊城市,监控中心,细颗粒物(PM2.5),55,53,41,39,25,176,31,80,58,26,16,4,4,0.6,0.6
2023-08-08T05:00:00,3201A,102.6486,37.9325,武威市,东关招商场,,41,41,42,16,15,146,60,85,54,24,18,7,6,0.3,0.3
2023-08-08T05:00:00,3204A,113.3025,33.73,平顶山市,规划局,,44,44,42,25,23,154,104,108,107,12,12,7,6,0.8,0.8
2023-08-08T05:00:00,3206A,114.9149,27.807,新余市,新钢沁园村,,39,39,58,22,28,190,51,71,66,9,10,5,5,0.5,0.7
2023-08-08T05:00:00,3207A,118.3118,32.3038,滁州市,市政府原办公楼,,39,39,26,25,21,101,62,100,78,12,10,10,9,0.3,0.4
2023-08-08T05:00:00,3208A,112.7283,38.4153,忻州市,市政府,,37,37,54,19,27,169,61,68,66,25,21,14,15,0.7,0.8
2023-08-08T05:00:00,3209A,119.5231,26.6562,宁德市,宁德一中,,20,20,33,9,18,160,33,60,47,6,7,6,6,0.9,1.1
2023-08-08T05:00:00,3210A,114.3644,34.7964,开封市,汴京公园,细颗粒物(PM2.5),53,48,37,37,20,135,67,78,76,12,10,2,3,0.8,0.7
2023-08-08T05:00:00,3216A,114.6622,24.5183,漳州市,漳州党校,,44,44,35,26,19,136,36,41,33,28,19,4,7,1.0,0.7
2023-08-08T05:00:00,3237A,117.4918,30.6617,池州市,展览馆,,25,25,34,7,20,133,56,117,86,7,8,3,3,0.8,0.6
2023-08-08T05:00:00,3239A,125.0764,42.9078,辽源市,银鹰制药,,24,24,17,15,10,78,6,6,6,16,11,10,7,0.8,0.7
2023-08-08T05:00:00,3241A,103.7439,36.0842,兰州市,百合公园,,24,21,29,11,19,194,75,87,79,15,22,10,8,0.5,0.6
2023-08-08T05:00:00,3242A,103.9611,35.998,兰州市,和平,,24,24,26,11,16,168,49,72,55,24,19,6,6,0.4,0.5
2023-08-08T05:00:00,3245A,103.6633,36.533,兰州新区,新区管委会,颗粒物(PM10),56,62,39,18,19,166,74,112,90,20,12,7,14,0.5,0.5
2023-08-08T05:00:00,3246A,103.6975,36.4789,兰州新区,舟曲中学,,29,29,28,11,12,165,66,99,81,29,14,4,8,0.6,0.6
2023-08-08T05:00:00,3247A,104.955,33.371,陇南市,市总工会,,22,22,26,6,6,106,53,66,61,9,9,5,4,0.3,0.3
2023-08-08T05:00:00,3248A,98.2643,39.7724,嘉峪关市,雄关区,,49,49,44,13,14,141,94,96,94,11,21,6,13,0.2,0.3
2023-08-08T05:00:00,3265A,121.4316,31.3322,上海市,宝山庙行,,37,37,30,18,16,79,79,74,74,17,16,10,9,0.9,0.7
2023-08-08T05:00:00,3266A,121.8791,31.4662,上海市,崇明上实东滩,,42,42,27,17,10,106,101,96,96,4,4,8,7,0.7,0.7
2023-08-08T05:00:00,3268A,121.3162,31.2838,上海市,嘉定南翔,,29,29,26,14,12,91,84,82,82,10,11,7,8,0.6,0.6
2023-08-08T05:00:00,3269A,121.3359,30.7456,上海市,金山新城,,43,43,30,25,18,155,33,57,46,30,21,8,8,0.6,0.5
2023-08-08T05:00:00,3270A,121.4996,31.0739,上海市,闵行浦江,,37,37,28,16,18,106,66,69,68,18,18,6,7,0.6,0.5
2023-08-08T05:00:00,3271A,121.2886,31.1663,上海市,青浦徐泾,,33,33,33,16,17,104,78,74,74,12,17,8,8,0.7,0.7
2023-08-08T05:00:00,3272A,121.2186,31.0378,上海市,松江图书馆,,31,31,32,16,16,118,73,66,66,11,18,3,3,0.7,0.7
2023-08-08T05:00:00,3273A,121.3902,31.2059,上海市,长宁仙霞,,50,50,32,20,16,103,77,79,74,15,16,8,7,1.1,0.8
2023-08-08T05:00:00,3274A,121.7965,31.0507,上海市,浦东惠南,,34,34,26,14,13,105,74,74,74,18,15,6,6,0.8,0.6
2023-08-08T05:00:00,3281A,115.9718,40.4529,北京市,延庆夏都,,42,37,43,29,30,99,33,60,51,13,12,3,3,0.5,0.5
2023-08-08T05:00:00,3282A,113.3397,40.0597,大同市,大同市卫生学校,,30,18,32,14,17,170,93,125,110,16,18,6,8,0.5,0.6
2023-08-08T05:00:00,3283A,109.9154,40.5685,包头市,滨河大厦,,28,28,29,15,13,182,88,100,97,25,24,9,7,0.6,0.6
2023-08-08T05:00:00,3284A,106.813,39.7274,乌海市,海北新区,,44,44,62,9,18,205,80,94,81,28,24,34,31,0.7,0.9
2023-08-08T05:00:00,3285A,113.1376,40.9509,乌兰察布市,北京八中,,35,35,40,11,13,170,79,137,109,14,10,17,15,0.6,0.6
2023-08-08T05:00:00,3286A,118.9359,42.3147,赤峰市,桥北物流园区,,25,25,24,12,9,118,42,63,50,18,15,11,15,0.4,0.4
2023-08-08T05:00:00,3287A,119.3842,32.1976,镇江市,富润路1号,,32,31,26,22,19,100,77,81,78,8,8,2,3,0.5,0.5
2023-08-08T05:00:00,3288A,117.4754,34.4422,徐州市,大泉街道,,29,29,33,20,15,177,36,62,46,36,18,9,9,0.6,0.5
2023-08-08T05:00:00,3289A,120.743,31.3188,苏州市,方洲路,,27,27,24,15,15,141,86,87,87,9,9,7,8,0.6,0.6
2023-08-08T05:00:00,3290A,120.5031,31.2774,苏州市,木渎中学,,32,27,20,22,18,157,80,79,79,11,13,9,9,0.7,0.6
2023-08-08T05:00:00,3291A,121.067,32.062,南通市,通州监测站,,27,17,17,9,8,110,85,106,93,5,3,7,7,0.6,0.5
2023-08-08T05:00:00,3293A,120.1501,33.3367,盐城市,月亮广场,,28,28,25,19,15,104,85,88,87,6,5,7,7,0.4,0.4
2023-08-08T05:00:00,3294A,119.5653,32.4222,扬州市,引江管理处,,36,29,25,25,17,94,72,77,74,16,13,6,2,0.5,0.5
2023-08-08T05:00:00,3295A,120.1259,32.5099,泰州市,姜堰区政府广场,,41,41,29,22,17,95,75,72,72,10,8,6,6,0.7,0.6
2023-08-08T05:00:00,3298A,113.5717,23.5491,广州市,从化街口,,32,32,33,19,20,136,3,41,22,31,17,5,6,0.6,0.6
2023-08-08T05:00:00,3299A,113.3472,23.3692,广州市,白云竹料,,41,41,46,12,19,166,15,35,25,35,28,8,6,0.6,0.6
2023-08-08T05:00:00,3300A,113.2981,23.237,广州市,白云嘉禾,,17,17,29,7,15,144,34,34,33,20,24,7,6,0.7,0.7
2023-08-08T05:00:00,3301A,113.4256,23.1716,广州市,黄埔科学城,,22,22,34,8,15,141,14,31,23,28,22,7,7,0.5,0.5
2023-08-08T05:00:00,3302A,113.3942,23.0483,广州市,番禺大学城,,18,18,28,9,12,128,36,48,41,14,14,9,8,0.5,0.5
2023-08-08T05:00:00,3303A,113.4922,22.8168,广州市,南沙黄阁,,24,24,28,8,11,104,21,37,29,26,18,5,5,0.7,0.7
2023-08-08T05:00:00,3304A,113.5342,22.7896,广州市,南沙街,,21,21,26,11,12,114,24,32,28,18,13,7,6,0.6,0.6
2023-08-08T05:00:00,3305A,114.0731,22.559,深圳市,莲花,,18,18,19,10,10,39,23,28,27,13,12,4,4,0.5,0.5
2023-08-08T05:00:00,3306A,114.0261,22.6198,深圳市,民治,,19,19,20,9,11,56,12,24,20,31,21,4,4,0.6,0.6
2023-08-08T05:00:00,3307A,114.1871,22.6451,深圳市,横岗,,22,22,26,11,12,65,10,24,21,39,25,8,7,0.5,0.5
2023-08-08T05:00:00,3308A,113.3494,22.0569,珠海市,金湾,,21,21,24,3,10,72,33,58,50,12,7,5,4,0.5,0.5
2023-08-08T05:00:00,3311A,113.1075,22.5647,江门市,江海富民,,23,23,31,13,11,90,37,47,43,11,9,8,7,0.5,0.5
2023-08-08T05:00:00,3313A,112.4575,23.0166,肇庆市,高要湖西,,14,11,21,7,11,93,42,45,43,6,9,7,8,0.4,0.4
2023-08-08T05:00:00,3314A,114.4338,22.8134,惠州市,惠阳秋长,,36,36,33,9,11,95,13,13,12,25,19,3,2,0.6,0.6
2023-08-08T05:00:00,3315A,116.1233,24.2991,梅州市,梅龙,,19,17,19,13,14,102,41,46,41,10,6,7,6,0.5,0.5
2023-08-08T05:00:00,3317A,111.9765,21.8947,阳江市,两阳中学,,12,7,17,8,6,74,4,18,13,20,12,6,7,0.5,0.5
2023-08-08T05:00:00,3318A,112.9903,23.7403,清远市,清新太和,,31,31,35,13,16,133,19,56,32,20,16,12,11,0.5,0.4
2023-08-08T05:00:00,3319A,113.7338,23.0381,东莞市,万江金泰,,17,17,26,8,12,121,30,31,30,14,15,9,8,0.7,0.7
2023-08-08T05:00:00,3320A,116.403,23.5699,揭阳市,曲溪,,48,48,44,15,14,100,39,49,45,6,4,1,1,0.4,0.5
2023-08-08T05:00:00,3323A,115.2773,40.9724,张家口市,青少年活动中心,,18,17,26,5,10,142,57,78,69,1,3,3,3,0.0,0
2023-08-08T05:00:00,3324A,116.8136,38.3004,沧州市,河北水利电力学院,,43,31,36,30,19,160,59,62,61,20,19,10,9,0.3,0.4
2023-08-08T05:00:00,3325A,117.0365,39.3828,天津市,雍阳西道,颗粒物(PM10),54,57,44,34,22,152,51,57,55,20,22,11,10,0.8,0.5
2023-08-08T05:00:00,3326A,117.0296,39.0605,天津市,辛老路,颗粒物(PM10),60,70,42,37,19,137,22,56,35,22,16,10,8,1.1,0.4
2023-08-08T05:00:00,3327A,116.9638,38.9375,天津市,地纬路,颗粒物(PM10),55,60,43,30,19,116,41,44,40,21,21,10,9,0.4,0.3
2023-08-08T05:00:00,3328A,118.4209,31.3707,芜湖市,市气象局,,27,27,35,14,20,213,61,72,65,9,16,4,5,0.7,0.9
2023-08-08T05:00:00,3329A,117.0108,32.5893,淮南市,山南新区,,38,38,32,18,13,138,115,106,106,10,11,14,7,0.5,0.5
2023-08-08T05:00:00,3330A,116.8873,33.9836,淮北市,杜集区检察院,,48,48,33,4,17,170,55,104,86,16,10,6,6,0.6,0.7
2023-08-08T05:00:00,3331A,118.3267,32.2634,滁州市,图书馆,,36,31,25,25,16,109,72,93,85,15,10,9,7,0.6,0.6
2023-08-08T05:00:00,3332A,115.7633,33.8034,亳州市,亳州学院,,38,38,27,10,8,152,86,103,94,8,6,10,9,0.9,0.9
2023-08-08T05:00:00,3333A,117.5627,30.695,池州市,第八中学,,25,25,36,13,24,136,43,109,75,7,9,3,3,1.0,0.7
2023-08-08T05:00:00,3334A,117.5038,30.6243,池州市,第十二中学,,18,17,31,12,20,150,55,115,81,5,6,3,3,0.8,0.7
2023-08-08T05:00:00,3335A,113.3137,35.2641,焦作市,马村街道办,颗粒物(PM10),51,51,36,21,15,158,60,98,82,17,13,8,10,0.9,0.6
2023-08-08T05:00:00,3336A,113.2465,35.2373,焦作市,焦作技师学院,颗粒物(PM10),52,54,39,22,20,171,77,96,85,17,12,9,8,0.7,0.4
2023-08-08T05:00:00,3337A,113.8614,34.0442,许昌市,许昌学院,颗粒物(PM10),59,67,40,34,19,159,66,110,89,18,10,4,3,0.6,0.6
2023-08-08T05:00:00,3338A,113.843,34.0823,许昌市,芙蓉广场,颗粒物(PM10),52,54,34,29,14,149,57,76,62,23,12,3,2,0.6,0.5
2023-08-08T05:00:00,3339A,114.0012,33.0412,驻马店市,小管楼,,36,36,37,15,16,127,60,77,68,14,9,7,6,0.4,0.4
2023-08-08T05:00:00,3340A,112.6005,34.6326,洛阳市,伊滨,颗粒物(PM10),55,59,39,38,26,151,50,56,45,24,15,6,5,0.7,0.6
2023-08-08T05:00:00,3341A,112.4951,34.6332,洛阳市,中移产业园,颗粒物(PM10),60,69,47,34,26,152,28,57,38,39,17,5,4,0.8,0.8
2023-08-08T05:00:00,3342A,128.4741,47.4346,伊春市,中心小学,,15,15,15,6,10,56,29,35,33,5,6,8,9,0.4,0.4
2023-08-08T05:00:00,3343A,128.6871,47.7369,伊春市,检察院,,11,11,10,7,10,62,29,38,35,5,7,3,4,0.2,0.3
2023-08-08T05:00:00,3344A,128.8431,47.8474,伊春市,双子河社区,,9,0,5,6,6,59,22,28,26,6,6,2,2,0.4,0.4
2023-08-08T05:00:00,3345A,131.0577,45.7879,七台河市,中波台,,12,8,6,8,8,30,13,14,13,12,14,9,9,0.4,0.5
2023-08-08T05:00:00,3346A,108.3872,31.1628,重庆市,安康,,13,11,16,9,12,92,38,38,38,9,11,7,8,0.2,0.2
2023-08-08T05:00:00,3347A,105.9017,29.3569,重庆市,北山路,,23,20,18,16,11,114,56,65,62,16,14,7,7,0.7,0.6
2023-08-08T05:00:00,3348A,105.839,30.1946,重庆市,春阳街,,37,37,22,23,15,98,54,50,44,10,11,8,9,0.7,0.6
2023-08-08T05:00:00,3349A,107.7983,30.6758,重庆市,人民东路,,31,31,30,9,16,108,24,28,21,6,11,5,3,0.5,0.5
2023-08-08T05:00:00,3350A,106.6479,29.0244,重庆市,滩子口,,24,24,23,7,14,116,13,34,24,11,10,6,10,0.5,0.5
2023-08-08T05:00:00,3351A,105.7167,29.7076,重庆市,棠香,,27,27,18,18,13,74,12,17,13,15,12,16,16,0.6,0.6
2023-08-08T05:00:00,3352A,107.0732,29.8617,重庆市,桃源西路,,25,16,23,17,16,204,29,56,40,13,15,12,13,0.6,0.8
2023-08-08T05:00:00,3353A,107.3535,29.7287,重庆市,迎宾大道,,24,24,19,11,12,132,14,14,14,14,16,9,9,0.4,0.5
2023-08-08T05:00:00,3354A,108.815,29.5081,重庆市,舟白,,25,19,17,17,13,90,40,57,50,9,8,9,7,0.5,0.5
2023-08-08T05:00:00,3355A,108.3679,30.8426,重庆市,周家坝,,25,25,21,13,16,133,27,40,34,15,17,11,10,0.4,0.3
2023-08-08T05:00:00,3356A,108.4319,30.7555,重庆市,百安坝,,13,10,16,5,11,155,25,42,34,26,16,8,9,0.3,0.3
2023-08-08T05:00:00,3357A,104.0106,30.6931,成都市,金博路,,21,21,21,9,12,146,20,57,37,17,11,2,2,0.4,0.5
2023-08-08T05:00:00,3359A,104.0578,30.5225,成都市,华阳,,39,17,18,27,14,141,40,59,43,11,7,3,2,0.6,0.6
2023-08-08T05:00:00,3360A,104.7894,29.3194,自贡市,南湖救助站,,29,21,14,20,10,96,0,24,14,28,15,6,5,0.6,0.4
2023-08-08T05:00:00,3361A,103.7311,29.5628,乐山市,理工大学,,33,28,21,23,18,133,21,62,45,13,7,1,2,0.6,0.5
2023-08-08T05:00:00,3362A,120.5014,36.4034,青岛市,即墨2号,,24,24,21,10,6,105,34,49,44,26,14,4,4,0.5,0.5
2023-08-08T05:00:00,3363A,117.9883,36.8372,淄博市,新区,,21,14,23,9,11,122,66,58,58,22,18,13,12,0.6,0.5
2023-08-08T05:00:00,3364A,117.3152,34.8103,枣庄市,市环保局,,49,49,37,19,14,145,56,73,65,28,19,12,13,0.2,0.3
2023-08-08T05:00:00,3365A,118.5719,37.565,东营市,垦利区民丰路,,19,19,16,12,7,98,58,88,79,17,4,7,7,0.4,0.3
2023-08-08T05:00:00,3366A,121.5206,37.4336,烟台市,中国农业大学,,36,36,21,17,6,150,41,68,52,18,11,5,5,0.4,0.4
2023-08-08T05:00:00,3368A,119.1977,36.6872,潍坊市,高新实验学校,,22,22,18,6,4,84,55,66,61,15,9,6,6,0.2,0.2
2023-08-08T05:00:00,3370A,118.3564,35.0215,临沂市,十里堡居委,,17,12,16,7,6,136,53,61,59,13,7,2,1,0.4,0.4
2023-08-08T05:00:00,3371A,116.3728,37.4403,德州市,开发区人民医院,,41,41,35,24,22,150,54,75,68,19,14,8,7,0.5,0.6
2023-08-08T05:00:00,3372A,116.3572,37.4094,德州市,太阳城中学,,32,31,35,22,21,151,35,140,86,24,12,7,7,0.6,0.6
2023-08-08T05:00:00,3374A,115.5564,35.0891,菏泽市,定陶老年大学,颗粒物(PM10),54,58,34,27,12,162,84,80,80,28,20,4,6,0.7,0.6
2023-08-08T05:00:00,3375A,102.8017,24.8336,昆明市,青年创业园,,16,16,13,10,9,75,28,24,24,13,18,8,8,0.5,0.6
2023-08-08T05:00:00,3376A,103.7947,25.462,曲靖市,南苑二区,,22,22,11,14,8,66,26,42,29,18,12,14,9,0.9,0.7
2023-08-08T05:00:00,3377A,103.7444,25.5261,曲靖市,曲靖师范学院,,20,19,16,14,9,63,29,29,29,11,11,10,10,0.8,0.8
2023-08-08T05:00:00,3379A,122.1139,40.2278,营口市,鲅鱼圈市民活动中心,颗粒物(PM10),78,105,54,55,27,116,6,52,33,64,28,30,16,1.9,1
2023-08-08T05:00:00,3380A,102.8914,34.9617,甘南州,甘肃民族师范学院,,19,19,18,9,8,119,11,12,9,30,25,10,9,0.3,0.3
2023-08-08T05:00:00,3396A,112.0828,32.0067,襄阳市,襄城隆中路,细颗粒物(PM2.5),59,60,47,42,31,153,37,70,54,32,16,6,6,0.7,0.7
2023-08-08T05:00:00,3397A,112.1214,32.1008,襄阳市,高新台子湾,,46,46,39,23,25,145,58,59,57,14,13,8,7,0.8,0.8
2023-08-08T05:00:00,3398A,114.9136,30.4445,黄冈市,市林业局,,22,21,27,15,25,163,42,59,49,2,3,7,6,0.5,0.6
2023-08-08T05:00:00,3399A,112.6703,26.882,衡阳市,师范学院,,30,30,28,18,18,147,62,76,65,9,9,12,9,0.8,0.7
2023-08-08T05:00:00,3400A,109.1911,21.4415,北海市,龙潭自来水厂,,16,16,18,6,8,55,46,51,48,1,2,5,5,0.6,0.6
2023-08-08T05:00:00,3401A,108.4834,22.7618,南宁市,红星社区,,14,14,15,6,8,80,27,28,28,7,7,5,5,0.5,0.5
2023-08-08T05:00:00,3402A,109.5422,24.3996,柳州市,市二中,,26,26,15,10,6,61,17,32,26,11,6,14,9,0.4,0.4
2023-08-08T05:00:00,3403A,110.1764,25.2381,桂林市,创业大厦,,17,17,19,9,10,84,45,44,44,4,8,6,9,0.4,0.4
2023-08-08T05:00:00,3404A,108.5959,21.9633,钦州市,北职校,,10,10,14,3,6,49,32,38,35,7,9,5,7,0.6,0.7
2023-08-08T05:00:00,3405A,109.5886,23.1172,贵港市,新世纪学校,,17,17,19,4,7,64,17,26,15,5,7,9,9,0.5,0.6
2023-08-08T05:00:00,3406A,106.6085,23.8798,百色市,祈福高中,,16,6,14,11,11,71,29,27,27,8,10,5,5,0.8,0.8
2023-08-08T05:00:00,3407A,120.6916,30.7739,嘉兴市,秀洲住建,,22,22,20,13,15,173,37,42,40,26,17,3,3,0.8,0.6
2023-08-08T05:00:00,3408A,120.5683,29.9361,绍兴市,绍兴中专,,24,24,41,15,30,180,17,16,15,23,19,2,2,0.5,0.5
2023-08-08T05:00:00,3409A,120.4906,30.0861,绍兴市,柯桥区政府,,37,37,41,25,25,152,40,59,50,12,17,3,3,0.6,0.6
2023-08-08T05:00:00,3410A,120.8752,30.0249,绍兴市,重华小学,,34,34,35,23,23,169,43,68,55,14,13,6,7,0.7,0.6
2023-08-08T05:00:00,3411A,120.8369,30.0137,绍兴市,上虞中学,,38,38,38,24,25,168,19,68,40,33,18,5,5,0.6,0.6
2023-08-08T05:00:00,3413A,118.1953,28.4401,上饶市,广丰区教体局,,37,37,39,23,24,145,32,40,31,9,7,13,11,0.9,0.8
2023-08-08T05:00:00,3414A,115.8347,28.932,赣江新区,桑海产业园,,17,17,20,5,7,128,16,34,21,18,14,7,6,0.6,0.6
2023-08-08T05:00:00,3415A,114.4519,28.0828,宜春市,万载县环保局,,33,33,44,18,28,159,22,40,31,17,12,4,6,1.0,1
2023-08-08T05:00:00,3416A,119.1755,36.7149,潍坊市,潍坊学院,,18,17,13,12,5,84,57,80,66,11,5,5,4,0.3,0.3
2023-08-08T05:00:00,3417A,117.0709,40.1465,北京市,平谷新城,,44,44,46,26,24,96,52,64,61,11,11,3,2,0.5,0.6
2023-08-08T05:00:00,3418A,116.8336,40.4095,北京市,密云新城,颗粒物(PM10),52,54,50,28,29,81,38,36,34,6,8,3,3,0.6,0.6
2023-08-08T05:00:00,3419A,109.9447,40.6261,包头市,包头市委党校,,38,38,40,13,15,190,82,114,104,43,28,40,15,0.8,0.6
2023-08-08T05:00:00,3421A,113.1775,40.9779,乌兰察布市,市委党校,,30,30,37,20,17,167,79,124,104,14,14,12,13,0.5,0.5
2023-08-08T05:00:00,3422A,118.8436,31.9198,南京市,江宁彩虹桥,,39,39,27,17,16,148,66,72,67,7,5,3,4,0.7,0.6
2023-08-08T05:00:00,3423A,119.0138,31.6494,南京市,溧水永阳,,23,19,20,16,11,139,62,61,57,8,7,2,2,0.8,0.7
2023-08-08T05:00:00,3424A,118.879,31.3302,南京市,高淳老职中,,29,24,22,20,16,136,54,58,57,16,16,3,5,0.6,0.6
2023-08-08T05:00:00,3425A,120.624,31.1733,苏州市,越秀幼儿园,,29,23,27,20,17,132,58,66,64,31,19,6,6,0.7,0.7
2023-08-08T05:00:00,3426A,118.8755,33.2894,淮安市,新华书店,,41,41,33,23,18,149,73,72,71,15,14,13,7,0.7,0.6
2023-08-08T05:00:00,3427A,118.8554,32.3578,南京市,六合雄州,,25,25,22,17,14,99,48,72,57,15,9,5,4,0.8,0.8
2023-08-08T05:00:00,3428A,120.3142,31.4753,无锡市,华庄,,,,,,,,,,,,,,,,
2023-08-08T05:00:00,3429A,119.8598,31.7066,常州市,武进经发区,颗粒物(PM10),54,58,29,37,16,149,34,76,58,30,12,8,7,0.6,0.5
2023-08-08T05:00:00,3430A,119.5826,31.7245,常州市,金坛城区,,32,32,26,22,16,141,68,65,65,11,13,5,4,0.8,0.7
2023-08-08T05:00:00,3431A,120.6505,31.416,苏州市,高铁新城,,27,27,22,16,14,126,68,79,77,15,10,7,8,0.8,0.7
2023-08-08T05:00:00,3432A,120.9348,31.9883,南通市,环境教育馆,,29,29,18,14,9,100,79,80,80,6,6,6,6,0.5,0.4
2023-08-08T05:00:00,3434A,119.2413,34.6539,连云港市,工贸学校,,26,23,25,9,15,167,37,78,54,22,9,17,7,2.6,0.8
2023-08-08T05:00:00,3435A,119.9192,32.4322,泰州市,周山河街区,,41,41,26,22,17,98,89,89,89,6,6,5,4,0.6,0.5
2023-08-08T05:00:00,3436A,120.4279,33.205,盐城市,大丰高级中学,,39,24,21,27,12,111,74,85,80,5,5,5,5,0.5,0.4
2023-08-08T05:00:00,3437A,88.3118,43.3658,乌鲁木齐市,达坂城区环保局,,38,38,38,9,10,140,91,121,104,7,8,8,6,0.4,0.3
2023-08-08T05:00:00,3438A,87.6162,43.8801,乌鲁木齐市,红光山片区,,43,43,53,17,15,176,74,97,85,19,27,11,9,0.4,0.4
2023-08-08T05:00:00,3439A,87.7024,43.8004,乌鲁木齐市,新师大温泉校区,,42,42,54,12,14,186,78,95,80,9,11,3,3,0.2,0.3
2023-08-08T05:00:00,3440A,87.4921,43.8411,乌鲁木齐市,大绿谷,,35,35,49,14,14,154,72,86,77,13,24,9,9,0.6,0.6
2023-08-08T05:00:00,3441A,87.546,44.1912,五家渠市,经开区管委会,,48,48,77,12,22,163,58,73,63,11,20,8,8,0.3,0.4
2023-08-08T05:00:00,3442A,86.047,44.2331,石河子市,南区管委会,,27,21,36,14,14,118,86,93,91,3,5,8,9,0.4,0.4
2023-08-08T05:00:00,3443A,113.2902,23.5544,广州市,花都梯面,,28,28,34,16,20,150,2,9,6,24,24,7,7,0.7,0.7
2023-08-08T05:00:00,3444A,116.454,23.2684,汕头市,潮南峡山,,22,16,26,15,13,121,48,60,58,8,6,11,10,0.6,0.6
2023-08-08T05:00:00,3445A,113.7858,23.7478,广州市,从化良口,,21,21,14,12,9,81,16,29,23,15,12,4,5,0.6,0.6
2023-08-08T05:00:00,3446A,113.8051,23.2614,广州市,增城荔城,,24,24,35,12,19,158,6,16,13,21,15,10,9,0.5,0.5
2023-08-08T05:00:00,3447A,114.3551,22.7151,深圳市,坪山,,27,27,26,11,11,59,6,13,6,37,24,6,5,0.7,0.6
2023-08-08T05:00:00,3448A,113.5433,22.1163,珠海市,横琴,,26,26,27,12,13,69,52,61,59,9,8,7,4,0.5,0.5
2023-08-08T05:00:00,3449A,113.05,22.4667,江门市,新会银湖,,18,18,17,4,9,79,16,46,36,22,9,5,5,0.5,0.5
2023-08-08T05:00:00,3450A,111.01,21.5165,茂名市,电白水东,,14,14,19,7,8,78,43,39,39,5,7,8,7,0.4,0.4
2023-08-08T05:00:00,3451A,112.5617,23.2083,肇庆市,鼎湖凤凰,,20,20,18,10,11,107,12,23,16,6,6,5,5,0.6,0.6
2023-08-08T05:00:00,3452A,114.6517,22.775,惠州市,大亚湾霞涌,,31,31,25,9,11,73,10,14,9,18,15,3,3,0.4,0.4
2023-08-08T05:00:00,3453A,112.0125,21.8749,阳江市,阳东陶然,,32,32,22,17,11,66,0,16,6,22,12,5,6,0.6,0.5
2023-08-08T05:00:00,3454A,113.3528,22.478,中山市,中山南区,,14,12,15,5,6,95,43,57,51,6,5,6,6,0.4,0.4
2023-08-08T05:00:00,3455A,113.076,23.7198,清远市,清城东城,,36,36,40,19,21,152,12,52,27,20,15,6,6,0.2,0.3
2023-08-08T05:00:00,3456A,114.289,38.0906,石家庄市,鹿泉一中,颗粒物(PM10),61,72,53,36,28,136,38,57,46,20,16,1,3,0.7,0.5
2023-08-08T05:00:00,3457A,118.4359,39.2762,唐山市,冀东油田职工医院,颗粒物(PM10),51,52,36,17,12,104,22,61,44,28,15,3,5,0.4,0.3
2023-08-08T05:00:00,3458A,114.7895,36.5593,邯郸市,香泉濮院小区,,42,42,34,29,20,175,88,73,73,13,16,8,7,0.6,0.6
2023-08-08T05:00:00,3459A,115.5989,37.5491,衡水市,地表水厂,,42,34,34,29,19,145,43,41,40,15,18,6,7,0.4,0.5
2023-08-08T05:00:00,3460A,117.4067,40.0583,天津市,北环路,,48,48,43,32,24,87,45,62,56,11,12,4,6,0.6,0.7
2023-08-08T05:00:00,3461A,117.3045,39.7169,天津市,建设路,细颗粒物(PM2.5),57,61,48,40,26,100,29,52,34,24,22,7,7,0.8,0.7
2023-08-08T05:00:00,3462A,117.8199,39.3521,天津市,滨水东路,颗粒物(PM10),54,57,40,32,18,116,5,31,13,42,32,10,13,0.6,0.7
2023-08-08T05:00:00,3463A,116.9708,33.591,宿州市,社会福利中心,颗粒物(PM10),55,59,46,28,15,151,52,80,70,21,13,5,5,0.6,0.5
2023-08-08T05:00:00,3464A,117.3803,31.9147,合肥市,高教基地,,25,24,23,11,13,100,77,74,72,6,7,3,3,0.4,0.4
2023-08-08T05:00:00,3465A,118.4781,31.3225,芜湖市,清苑社区,,30,25,29,21,21,220,45,67,58,19,16,6,7,0.5,0.6
2023-08-08T05:00:00,3466A,118.2746,31.2326,芜湖市,扬子职业技术学院,,23,23,34,16,18,217,57,71,64,11,16,6,7,0.6,0.8
2023-08-08T05:00:00,3468A,115.7901,32.8613,阜阳市,市规划展馆,,41,41,27,21,15,139,76,103,91,14,10,6,4,0.6,0.5
2023-08-08T05:00:00,3469A,115.836,32.9183,阜阳市,枣园社区,,39,37,30,27,15,127,52,92,75,27,15,5,4,0.8,0.8
2023-08-08T05:00:00,3470A,118.7724,30.9141,宣城市,夏渡子站,,26,26,29,18,22,133,28,36,34,18,10,4,4,0.8,0.7
2023-08-08T05:00:00,3471A,113.616563,34.86783,郑州市,惠济区政府,,35,31,34,24,15,144,80,71,71,12,9,2,2,0.6,0.5
2023-08-08T05:00:00,3473A,114.2485,34.8306,开封市,技师学院,,48,48,35,33,17,139,70,77,75,17,20,4,3,1.0,0.7
2023-08-08T05:00:00,3474A,114.2617,35.6822,鹤壁市,大新区,颗粒物(PM10),53,55,40,25,16,130,43,31,31,20,19,3,4,0.6,0.5
2023-08-08T05:00:00,3475A,113.9188,35.3045,新乡市,市政府,颗粒物(PM10),52,54,28,25,20,140,24,69,44,49,15,5,6,0.4,0.3
2023-08-08T05:00:00,3476A,113.9135,35.3327,新乡市,河师大,颗粒物(PM10),56,61,45,27,17,143,23,38,29,43,22,4,4,0.5,0.4
2023-08-08T05:00:00,3477A,113.1656,35.2539,焦作市,中站许衡医院,,34,34,37,21,21,156,98,99,99,15,19,5,8,0.4,0.5
2023-08-08T05:00:00,3478A,113.9749,33.5664,漯河市,市图书馆,,46,46,37,29,21,130,77,99,75,13,10,14,11,0.6,0.6
2023-08-08T05:00:00,3479A,114.0967,33.5906,漯河市,召陵区卫健委,,49,49,42,22,23,129,50,42,42,20,15,5,6,0.4,0.5
2023-08-08T05:00:00,3480A,129.1368,47.6417,伊春市,美溪镇,,12,12,12,6,7,56,20,23,22,4,7,8,8,0.5,0.7
2023-08-08T05:00:00,3481A,125.141,46.634,大庆市,萨区政府监测点,,10,8,13,6,6,63,30,34,32,3,6,5,6,0.2,0.2
2023-08-08T05:00:00,3482A,107.7541,29.3277,重庆市,芙蓉中路,,19,19,22,10,13,98,15,19,18,8,12,7,8,0.7,0.7
2023-08-08T05:00:00,3483A,108.7661,29.5368,重庆市,西山,,14,14,14,9,13,91,32,47,35,6,7,8,7,0.4,0.5
2023-08-08T05:00:00,3484A,106.2628,29.32,重庆市,行政中心,,36,36,28,13,14,135,11,35,23,30,18,9,9,0.8,0.7
2023-08-08T05:00:00,3485A,107.0944,29.1608,重庆市,高寺路,,23,23,21,3,9,106,7,23,13,16,18,6,6,0.9,0.9
2023-08-08T05:00:00,3486A,124.4036,43.1411,四平市,植物园,,22,13,15,15,11,59,5,6,6,19,11,3,4,0.3,0.4
2023-08-08T05:00:00,3487A,104.2394,30.5319,成都市,车城东七路,,22,22,14,15,10,123,35,64,54,16,7,3,3,0.4,0.4
2023-08-08T05:00:00,3488A,104.3853,30.7453,成都市,青白江技师分院,,24,24,13,8,6,141,9,6,6,30,16,3,2,0.5,0.5
2023-08-08T05:00:00,3489A,104.0789,30.4072,成都市,科学城,,30,26,17,21,13,130,12,69,41,33,10,2,2,0.7,0.6
2023-08-08T05:00:00,3490A,105.3617,28.7703,泸州市,纳溪区环保局,,29,29,21,9,9,140,13,24,19,14,15,6,6,0.5,0.5
2023-08-08T05:00:00,3491A,104.69,31.5322,绵阳市,西科大附属小学,,46,46,20,17,9,107,9,37,18,30,23,6,6,0.5,0.4
2023-08-08T05:00:00,3492A,104.5648,31.5343,绵阳市,安州区旅游局,,16,7,19,11,14,131,34,48,41,11,10,6,6,0.5,0.5
2023-08-08T05:00:00,3494A,117.1673,36.9782,济南市,济阳区政府,,39,39,38,15,16,165,52,66,59,21,11,13,11,0.6,0.5
2023-08-08T05:00:00,3495A,117.1171,36.63,济南市,锦屏中学,,25,20,38,12,15,194,79,74,74,7,11,7,8,0.5,0.4
2023-08-08T05:00:00,3496A,118.3604,35.1084,临沂市,南坊新区,,24,24,19,12,6,135,37,56,48,25,14,6,4,0.7,0.6
2023-08-08T05:00:00,3498A,118.5055,37.8612,东营市,河口城区,,19,19,21,12,10,98,32,62,47,13,9,7,12,0.8,0.7
2023-08-08T05:00:00,3500A,116.5814,35.3707,济宁市,北湖一中,颗粒物(PM10),54,57,40,31,15,168,39,88,61,27,14,6,4,0.6,0.6
2023-08-08T05:00:00,3501A,116.8249,35.5593,济宁市,服务中心,,36,36,41,14,19,172,55,66,52,18,15,6,7,0.6,0.7
2023-08-08T05:00:00,3502A,117.1812,36.2275,泰安市,国网新校,,34,34,33,22,17,171,66,97,84,18,13,10,8,0.4,0.4
2023-08-08T05:00:00,3503A,117.0313,36.2018,泰安市,交通技校,,37,37,34,20,13,180,74,62,62,12,14,9,7,0.5,0.5
2023-08-08T05:00:00,3504A,117.0829,36.13,泰安市,山东第一医科大学,,48,48,44,21,18,172,43,97,75,34,20,15,8,0.5,0.4
2023-08-08T05:00:00,3505A,122.1379,37.3414,威海市,临港区管委会,,25,22,15,14,9,140,79,95,91,11,10,4,4,0.4,0.3
2023-08-08T05:00:00,3507A,119.5328,35.4625,日照市,职业技术学院,,19,14,13,7,4,116,60,72,64,10,10,6,6,0.5,0.5
2023-08-08T05:00:00,3511A,116.5652,37.3319,德州市,陵城艺术中心,,35,31,33,24,19,167,58,75,65,22,12,15,10,0.7,0.6
2023-08-08T05:00:00,3512A,116.049,36.4674,聊城市,华润纺织,,,,,,,,,,,,,,,,
2023-08-08T05:00:00,3513A,116.0445,36.4361,聊城市,九州社区,颗粒物(PM10),54,57,45,33,25,185,43,94,66,28,18,3,2,0.5,0.6
2023-08-08T05:00:00,3514A,117.9378,37.3956,滨州市,中海酒店,,36,31,26,25,19,152,34,60,50,19,9,15,6,0.5,0.4
2023-08-08T05:00:00,3515A,117.9378,37.3553,滨州市,开发区一中,,31,31,30,20,16,139,18,63,37,30,11,14,8,0.4,0.4
2023-08-08T05:00:00,3516A,118.0917,37.694,滨州市,金海六路,,26,26,22,6,9,110,38,62,45,13,6,4,8,0.3,0.3
2023-08-08T05:00:00,3520A,106.3495,38.9836,石嘴山市,妇女儿童医院,,27,27,47,9,14,189,68,80,71,13,21,10,20,0.2,0.4
2023-08-08T05:00:00,3521A,106.7492,39.2069,石嘴山市,石大公路,,36,36,60,14,26,161,58,79,62,22,29,5,11,0.3,0.6
2023-08-08T05:00:00,3522A,106.2177,35.9959,固原市,原州区十五小,,20,11,12,9,11,120,63,66,65,6,9,8,8,0.5,0.5
2023-08-08T05:00:00,3523A,106.5105,38.3856,银川市,滨河新区,,24,24,36,12,14,218,65,73,65,14,17,19,17,0.4,0.5
2023-08-08T05:00:00,3524A,108.6116,34.1164,西安市,文体局,,31,31,35,19,17,104,58,68,62,5,7,4,5,0.6,0.5
2023-08-08T05:00:00,3525A,108.6396,34.4078,咸阳市,奥体中心,,42,42,27,16,18,99,17,24,21,14,16,2,2,0.7,0.7
2023-08-08T05:00:00,3526A,119.5189,25.9664,福州市,吴航,,23,23,40,10,25,161,43,76,59,14,10,5,4,0.5,0.5
2023-08-08T05:00:00,3527A,118.0958,24.5688,厦门市,集美中学,,49,49,42,16,21,150,18,30,24,23,18,3,3,0.3,0.4
2023-08-08T05:00:00,3528A,118.1493,24.7245,厦门市,同安二实小,颗粒物(PM10),52,54,53,27,28,137,34,22,22,21,22,1,2,0.4,0.5
2023-08-08T05:00:00,3529A,118.6333,24.9264,泉州市,城华南路,,38,38,59,13,27,192,44,44,44,6,16,4,4,0,0.1
2023-08-08T05:00:00,3530A,117.6296,24.5314,漳州市,西洋坪路,,37,37,34,20,19,131,26,23,20,19,15,4,4,0.7,0.6
2023-08-08T05:00:00,3531A,110.296,25.1253,桂林市,旅游学院,,13,12,11,9,8,71,18,33,24,17,10,13,14,0.4,0.4
2023-08-08T05:00:00,3532A,110.1945,22.6831,玉林市,玉林师范学院东校区,,15,15,13,4,7,55,23,22,22,12,9,3,4,0.5,0.5
2023-08-08T05:00:00,3533A,110.0527,22.5893,玉林市,福绵环保局,,18,18,17,5,9,54,32,24,24,4,7,3,4,0.4,0.5
2023-08-08T05:00:00,3534A,111.4744,24.4553,贺州市,西湾,,27,27,21,16,14,78,6,10,8,18,11,7,11,0.7,0.7
2023-08-08T05:00:00,3535A,109.1781,23.7297,来宾市,兴宾区政府,,24,24,18,14,9,66,18,26,22,9,7,9,5,0.5,0.5
2023-08-08T05:00:00,3536A,106.8547,27.5919,遵义市,第十二小学,,11,10,19,4,11,86,34,54,42,8,10,6,4,0.5,0.5
2023-08-08T05:00:00,3537A,105.3631,27.3533,毕节市,长征村,,28,28,19,17,12,71,11,36,23,12,7,4,5,0.6,0.5
2023-08-08T05:00:00,3538A,107.5175,26.2978,黔南布依族苗族自治州,沙坝,,17,17,11,0,1,70,7,12,8,9,7,4,3,0.4,0.4
2023-08-08T05:00:00,3539A,110.5111,19.9736,海口市,桂林洋子站,,21,21,32,11,14,60,24,30,27,11,10,6,6,0.2,0.3
2023-08-08T05:00:00,3540A,109.7348,18.3443,三亚市,君悦子站,,25,25,36,10,11,56,37,52,43,10,11,2,2,0.3,0.3
2023-08-08T05:00:00,3541A,109.5726,19.5167,儋州市,第一中学子站,,13,12,19,6,9,57,40,40,40,2,3,3,3,0.4,0.4
2023-08-08T05:00:00,3542A,109.5567,19.5187,儋州市,东坡学校子站,,12,10,17,6,10,57,38,40,38,4,4,3,3,0.4,0.4
2023-08-08T05:00:00,3543A,112.3466,16.8396,三沙市,永兴岛子站,,,,,,,,,,,,,,,,
2023-08-08T05:00:00,3544A,121.4891,30.925,上海市,奉贤南桥新城,,36,36,29,16,16,112,61,66,62,12,17,9,10,0.7,0.6
2023-08-08T05:00:00,3545A,110.8054,32.8401,十堰市,郧阳区金沙路,,46,39,32,32,25,117,54,96,76,4,7,3,4,0.7,0.7
2023-08-08T05:00:00,3546A,111.4606,30.552,宜昌市,猇亭区张家湾站,,30,30,27,16,16,141,70,92,87,18,15,6,7,0.5,0.5
2023-08-08T05:00:00,3547A,112.1632,31.0138,荆门市,龙泉中学南校,,35,32,37,24,22,144,100,108,105,4,5,12,9,0.8,0.7
2023-08-08T05:00:00,3548A,112.1655,30.3364,荆州市,学苑路,,39,38,26,27,23,125,54,87,71,11,8,6,6,0.6,0.6
2023-08-08T05:00:00,3549A,109.5061,30.3772,恩施土家族苗族自治州,龙凤新区,,21,21,18,7,13,104,8,24,17,3,23,6,6,0.4,0.5
2023-08-08T05:00:00,3550A,102.7997,24.9786,昆明市,昆明学院,,17,17,15,11,9,72,24,21,21,22,20,5,5,0.5,0.5
2023-08-08T05:00:00,3551A,102.5967,24.6736,昆明市,晋宁区生态环境分局,,16,16,17,5,5,93,30,22,22,15,14,4,5,0.6,0.6
2023-08-08T05:00:00,3552A,102.6678,24.9856,昆明市,云天化总部,,18,18,15,12,9,72,17,41,30,23,16,12,11,0.5,0.5
2023-08-08T05:00:00,3557A,119.9464,30.0494,杭州市,镇二中,,24,24,33,13,23,173,73,110,85,17,23,6,6,0.7,0.7
2023-08-08T05:00:00,3558A,119.7183,30.2367,杭州市,市府大楼,,23,17,31,13,21,149,72,92,75,6,9,5,6,0.6,0.6
2023-08-08T05:00:00,3560A,120.4722,30.0415,绍兴市,柯桥妇保,,42,42,44,28,32,190,31,55,43,12,17,2,3,0.6,0.6
2023-08-08T05:00:00,3561A,120.6985,27.9251,温州市,茶山,,28,24,35,19,22,189,19,35,27,27,20,6,6,0.5,0.6
2023-08-08T05:00:00,3562A,120.4148,30.8538,湖州市,南浔区站,,33,27,37,23,20,220,46,58,49,16,11,5,4,0.6,0.6
2023-08-08T05:00:00,3564A,121.2568,28.6681,台州市,台州科技职业学院,,27,27,32,12,17,168,30,26,26,13,23,3,3,0.6,0.6
2023-08-08T05:00:00,3565A,113.1367,40.1122,大同市,云冈站,,29,29,49,16,19,164,51,120,88,15,19,12,14,0.5,0.5
2023-08-08T05:00:00,3566A,113.1186,40.2556,大同市,图书馆,,27,27,40,12,17,169,50,108,80,11,15,8,12,0.5,0.6
2023-08-08T05:00:00,3567A,113.5931,40.0461,大同市,区一中,,26,8,27,9,10,176,83,122,107,10,15,4,8,0.4,0.5
2023-08-08T05:00:00,3568A,113.06,36.0464,长治市,向阳小学,颗粒物(PM10),64,77,58,39,33,161,66,87,68,12,15,6,6,1.2,1
2023-08-08T05:00:00,3569A,112.8792,36.3144,长治市,屯留一中,,38,38,41,16,28,156,7,35,20,38,26,11,13,1.1,1.2
2023-08-08T05:00:00,3570A,113.235,36.3489,长治市,潞城四中,细颗粒物(PM2.5),74,61,54,54,37,130,86,74,58,10,17,6,6,1.2,0.9
2023-08-08T05:00:00,3571A,112.2931,39.53,朔州市,一水厂,,33,32,71,8,18,150,103,149,128,10,23,11,14,0.4,0.5
2023-08-08T05:00:00,3572A,114.6419615,37.9001925,石家庄市,栾城区政府,颗粒物(PM10),54,58,39,31,14,137,49,76,66,26,15,3,3,0.5,0.5
2023-08-08T05:00:00,3573A,114.8506765,38.0322033,石家庄市,藁城区实验学校,颗粒物(PM10),52,54,38,22,10,152,60,73,68,22,14,4,5,0.5,0.3
2023-08-08T05:00:00,3574A,114.0504658,38.0591645,石家庄市,井陉矿区区委大楼,颗粒物(PM10),56,61,63,30,26,126,54,60,56,8,18,2,2,0.5,0.5
2023-08-08T05:00:00,3575A,118.09279,39.58089,唐山市,正泰大街热力站,,48,48,38,18,18,124,7,30,23,37,19,1,4,0.7,0.9
2023-08-08T05:00:00,3576A,118.1562,39.8322,唐山市,丰润区政府,颗粒物(PM10),60,69,49,38,22,119,16,32,29,32,18,2,5,0.8,0.9
2023-08-08T05:00:00,3577A,118.43673,39.73809,唐山市,金山小学,颗粒物(PM10),59,67,62,39,26,127,0,19,12,47,23,4,8,0.9,1.1
2023-08-08T05:00:00,3578A,118.24498,39.66941,唐山市,政府服务中心,颗粒物(PM10),51,52,52,28,23,121,10,40,22,45,25,4,6,0.6,0.8
2023-08-08T05:00:00,3579A,114.50634,36.77178,邯郸市,永年区实验高中,,50,30,32,35,25,178,96,71,71,12,17,5,5,0.3,0.4
2023-08-08T05:00:00,3580A,114.20016,36.44293,邯郸市,峰峰矿区临水派出所,细颗粒物(PM2.5),52,46,34,36,17,145,92,99,95,12,7,3,2,0.9,0.7
2023-08-08T05:00:00,3581A,115.31981,38.95208,保定市,满城区生态环境分局,颗粒物(PM10),55,59,48,28,18,130,63,79,76,8,6,6,6,0.4,0.3
2023-08-08T05:00:00,3582A,115.47694,38.76408,保定市,清苑区第二中学,,25,25,37,14,9,136,58,50,50,15,12,8,8,0.4,0.4
2023-08-08T05:00:00,3583A,115.62909,39.02311,保定市,徐水物探局,颗粒物(PM10),51,52,50,27,17,140,67,48,48,18,17,8,8,0.5,0.4
2023-08-08T05:00:00,3584A,115.8844,39.0341,雄安新区,容城县环境保护局,颗粒物(PM10),65,80,56,30,20,151,40,40,40,30,23,10,10,0.5,0.4
2023-08-08T05:00:00,3585A,115.8665,39.0645,雄安新区,河北容城中学,颗粒物(PM10),57,64,54,30,23,146,29,49,42,24,18,10,13,0.4,0.3
2023-08-08T05:00:00,3586A,115.923,38.9405,雄安新区,安新县民政局,颗粒物(PM10),53,56,45,24,13,144,58,74,63,13,8,8,9,0.5,0.4
2023-08-08T05:00:00,3587A,115.9324,38.9338,雄安新区,安新县电力局,颗粒物(PM10),63,76,51,28,8,162,63,83,68,10,5,12,13,0.4,0.3
2023-08-08T05:00:00,3588A,116.0901,38.9816,雄安新区,雄县环境保护局,,48,48,39,28,18,158,46,64,59,18,13,5,6,0.6,0.5
2023-08-08T05:00:00,3589A,116.1105,39.0046,雄安新区,雄县国土资源局,颗粒物(PM10),65,80,51,9,11,152,35,65,52,23,14,11,12,0.6,0.4
2023-08-08T05:00:00,3590A,113.8374,34.5589,郑州市,北区建设指挥部,,44,44,35,19,14,174,111,134,120,11,11,5,5,0.4,0.4
2023-08-08T05:00:00,3591A,113.30952,34.803229,郑州市,上街区政府,颗粒物(PM10),62,74,53,36,23,146,56,71,56,19,13,5,6,0.7,0.5
2023-08-08T05:00:00,3592A,114.4644,34.7556,开封市,祥符区生态环境局,颗粒物(PM10),56,61,47,31,22,141,30,37,36,45,27,6,7,0.7,0.6
2023-08-08T05:00:00,3593A,112.5736,34.8993,洛阳市,吉利监测站,细颗粒物(PM2.5),53,47,38,37,21,145,56,71,65,19,14,3,3,0.6,0.6
2023-08-08T05:00:00,3594A,112.8867,33.9116,平顶山市,石龙区,颗粒物(PM10),65,80,52,26,21,150,7,53,25,66,27,11,11,0.4,0.4
2023-08-08T05:00:00,3596A,114.1572,35.9603,鹤壁市,南山宾馆,细颗粒物(PM2.5),69,84,47,50,29,176,43,38,38,24,16,13,13,1.1,0.7
2023-08-08T05:00:00,3597A,113.8134,34.1251,许昌市,建安区兴业大厦,,47,47,39,17,18,155,28,64,50,44,14,4,2,0.6,0.5
2023-08-08T05:00:00,3598A,111.1,34.7167,三门峡市,富达温泉假日酒店,细颗粒物(PM2.5),54,40,36,38,20,139,99,104,94,2,6,7,8,0.8,0.7
2023-08-08T05:00:00,3599A,106.2649,29.9851,重庆市,书院路,,30,28,24,21,20,113,37,65,47,14,11,5,5,0.3,0.3
2023-08-08T05:00:00,3600A,106.2339,29.5559,重庆市,虎峰,,25,25,22,11,10,108,24,56,38,18,11,6,6,0.9,0.9
2023-08-08T05:00:00,3601A,106.0499,29.8342,重庆市,龙门街,,26,22,21,18,18,97,48,54,46,17,12,9,7,0.9,0.8
2023-08-08T05:00:00,3604A,119.3266,35.1044,日照市,岚山环保分局,,22,22,31,2,10,149,47,43,43,16,16,12,16,0.9,1.5
2023-08-08T05:00:00,3605A,109.09,34.5236,西安市,无线电监控中心,,29,29,31,15,18,106,62,25,25,15,18,5,5,0.6,0.6
2023-08-08T05:00:00,3606A,108.7108,34.46,西咸新区,北杜,,41,41,33,17,18,91,0,14,3,32,20,4,4,0.6,0.6
2023-08-08T05:00:00,3607A,108.7096,34.2956,西咸新区,同德佳苑,,29,27,31,20,18,107,39,38,38,20,19,5,5,0.5,0.5
2023-08-08T05:00:00,3608A,108.8558,34.4978,西咸新区,崇文塔,,40,40,32,18,18,114,7,22,12,41,18,2,2,0.7,0.7
2023-08-08T05:00:00,3610A,105.5933,29.4105,重庆市,昌元,,34,34,22,14,8,99,45,65,58,14,11,7,6,0.7,0.6
2023-08-08T05:00:00,3612A,85.1045,45.6899,克拉玛依市,白碱滩区新站,,32,32,37,13,8,109,68,109,94,10,14,10,11,0.2,0.2
2023-08-08T05:00:00,3613A,87.3095,44.0142,昌吉州,亚心广场,颗粒物(PM10),53,56,58,5,8,165,63,90,75,16,22,11,7,0.1,0.3
2023-08-08T05:00:00,3614A,79.924,37.0877,和田地区,地区环保局,颗粒物(PM10),83,115,302,38,71,112,98,108,103,4,9,3,6,0.3,0.4
2023-08-08T05:00:00,3615A,79.9131,37.113,和田地区,市环保局,颗粒物(PM10),74,97,252,37,70,109,100,106,101,4,12,5,6,0.4,0.5
2023-08-08T05:00:00,3616A,106.7616,31.8344,巴中市,市中心医院,,19,19,19,12,11,84,7,28,19,15,11,5,5,0.5,0.5
2023-08-08T05:00:00,3617A,105.8047,32.4166,广元市,经开区,,15,15,21,9,13,114,36,28,28,7,16,6,10,0.6,0.7
2023-08-08T05:00:00,3618A,112.4719,37.7831,太原市,金胜,细颗粒物(PM2.5),69,83,69,50,40,226,49,31,31,27,31,8,7,0.8,0.8
2023-08-08T05:00:00,3619A,113.617,37.8571,阳泉市,龙柱,细颗粒物(PM2.5),54,44,61,38,42,108,66,89,85,15,16,6,11,0.7,1
2023-08-08T05:00:00,3620A,112.8271,35.4828,晋城市,泽州一中,,40,40,35,22,16,152,82,122,101,19,18,8,11,0.8,0.9
2023-08-08T05:00:00,3621A,106.8288,39.6778,乌海市,聚英学校,,47,47,66,17,24,202,90,87,80,21,22,46,52,0.5,0.6
2023-08-08T05:00:00,3622A,113.5556,24.8082,韶关市,碧湖山庄,,41,41,34,22,15,118,52,66,58,14,10,9,10,0.5,0.4
2023-08-08T05:00:00,3623A,113.8953,22.5861,深圳市,西乡,,20,20,27,8,10,53,39,34,34,14,23,9,7,0.4,0.5
2023-08-08T05:00:00,3624A,116.4069,23.2533,汕头市,潮南子站,,20,20,36,9,10,106,42,58,54,5,5,6,6,0.5,0.5
2023-08-08T05:00:00,3625A,113.2544,22.7642,佛山市,容桂街道办,,13,7,16,5,8,120,39,41,40,10,12,4,4,0.6,0.6
2023-08-08T05:00:00,3626A,113.7533,23.0202,东莞市,南城元岭,,17,17,26,6,10,128,27,31,30,16,14,9,8,0.6,0.6
2023-08-08T05:00:00,3627A,113.7875,23.0457,东莞市,东城主山,,15,15,25,8,12,131,27,31,29,20,18,10,9,0.6,0.7
2023-08-08T05:00:00,3628A,112.0336,22.9374,云浮市,文笔,,15,7,14,10,9,65,26,38,33,4,3,5,5,0.2,0.3
2023-08-08T05:00:00,3629A,101.8305,36.5786,西宁市,世纪职校,,23,23,26,14,16,160,38,61,46,16,25,9,11,0.5,0.6
2023-08-08T05:00:00,3630A,101.7413,36.6397,西宁市,师大城西校区,,32,32,36,17,19,150,22,56,38,30,26,7,8,0.3,0.4
2023-08-08T05:00:00,3633A,118.4918,31.6809,马鞍山市,雨山,,30,30,32,20,20,178,61,67,63,4,10,8,10,0.8,1
2023-08-08T05:00:00,3634A,116.9884,33.6305,宿州市,宿州学院,颗粒物(PM10),55,60,41,12,6,141,68,116,85,18,13,4,4,0.7,0.6
2023-08-08T05:00:00,3635A,112.3677,34.662,洛阳市,河科大西苑校区,,40,40,40,27,19,155,62,102,83,11,8,6,9,0.8,0.7
2023-08-08T05:00:00,3636A,112.4388,34.6781,洛阳市,英才小学,,46,46,40,32,26,150,58,100,73,18,9,4,4,0.7,0.6
2023-08-08T05:00:00,3637A,131.0176,45.7761,七台河市,人民广场,,16,5,13,11,7,35,16,18,17,11,13,6,7,0.5,0.5
2023-08-08T05:00:00,3638A,104.7636,29.3338,自贡市,轻化工大学,,22,22,13,15,10,109,35,41,38,16,13,5,4,0.4,0.4
2023-08-08T05:00:00,3639A,104.4019,31.1244,德阳市,市教育局,,29,29,21,17,9,108,27,29,24,13,11,15,4,0.5,0.5
2023-08-08T05:00:00,3642A,120.3503,36.0736,青岛市,市北区南部,,29,29,29,9,9,111,38,50,42,25,22,6,6,0.4,0.4
2023-08-08T05:00:00,3643A,120.3948,36.1805,青岛市,李沧区北部,,19,19,19,7,7,123,58,62,59,17,19,7,7,0.3,0.4
2023-08-08T05:00:00,3644A,117.8661,36.805,淄博市,三金集团,,32,32,24,17,9,140,29,51,42,31,20,18,10,0.6,0.4
2023-08-08T05:00:00,3645A,118.0253,36.8406,淄博市,东风化工厂,,31,31,27,13,13,132,80,68,68,14,16,15,7,0.5,0.4
2023-08-08T05:00:00,3646A,118.4978,37.4623,东营市,胜利站,,27,24,21,9,7,107,85,99,96,8,5,6,6,0.5,0.4
2023-08-08T05:00:00,3647A,115.4702,35.2706,菏泽市,菏泽医专,颗粒物(PM10),54,58,43,35,16,156,80,91,85,19,16,7,3,0.6,0.5
2023-08-08T05:00:00,3648A,106.2112,37.9768,吴忠市,文卫南街,,26,22,32,12,14,171,82,98,88,4,12,3,6,0.4,0.5
2023-08-08T05:00:00,3650A,105.1698,37.5162,中卫市,沙坡头区政府站,,21,14,38,8,15,157,66,80,74,10,12,8,9,0.4,0.4
2023-08-08T05:00:00,3651A,108.9543,34.8732,铜川市,旺旺集团,,34,34,30,15,18,104,61,53,53,14,22,5,3,0.8,0.8
2023-08-08T05:00:00,3652A,109.4809,36.5786,延安市,西北局旧址,,43,43,38,29,22,107,3,3,3,22,22,4,4,0.6,0.6
2023-08-08T05:00:00,3653A,111.3119,30.7273,宜昌市,云深路,,17,17,24,7,16,144,47,67,61,17,14,7,6,0.5,0.6
2023-08-08T05:00:00,3654A,114.8094,30.4089,鄂州市,精准医疗中心,,34,34,29,9,13,175,23,70,42,37,15,8,8,0.1,0.5
2023-08-08T05:00:00,3655A,114.3375,29.8683,咸宁市,长江产业园,,26,24,29,18,22,148,33,45,37,6,9,3,4,0.5,0.7
2023-08-08T05:00:00,3656A,120.1556,30.2864,杭州市,消防大队,,,15,32,,23,172,36,93,58,12,18,6,6,0.5,0.7
2023-08-08T05:00:00,3658A,120.6153,30.0764,绍兴市,袍江中学,,26,26,32,18,19,192,58,82,71,13,16,6,4,0.5,0.5
2023-08-08T05:00:00,3659A,119.656,29.1131,金华市,气象局,颗粒物(PM10),55,59,49,21,21,191,4,4,4,45,37,6,6,0.7,0.6
2023-08-08T05:00:00,3662A,123.6333,47.2075,齐齐哈尔市,富区青少年活动中心,,9,9,19,3,6,77,28,34,29,7,7,5,5,0.2,0.2
2023-08-08T05:00:00,3663A,124.1164,50.4278,大兴安岭地区,红旗社区,,22,14,20,15,13,82,14,18,16,9,8,4,2,0.3,0.2
2023-08-08T05:00:00,3664A,119.4172,34.7341,连云港市,连云街道,,18,18,21,8,12,151,48,79,62,18,10,3,2,0,0.1
2023-08-08T05:00:00,3665A,76.1658,39.7157,克孜勒苏柯尔克孜自治州,克州文化中心,,30,12,20,12,6,138,94,100,94,7,8,10,9,0.3,0.4
2023-08-08T05:00:00,3667A,111.0283,35.0547,运城市,水利职院,,47,47,40,19,23,132,128,94,94,4,7,4,5,0.6,0.6
2023-08-08T05:00:00,3668A,111.5036,36.0414,临汾市,城南,,46,45,48,32,32,141,27,41,27,32,24,8,8,0.8,0.9
2023-08-08T05:00:00,3669A,114.4705,36.0637,安阳市,左辅环卫站,细颗粒物(PM2.5),77,65,49,56,30,141,81,73,73,10,14,40,19,0.6,0.5
2023-08-08T05:00:00,3670A,111.0522,35.0439,运城市,禹都公园,,42,37,33,19,17,138,133,105,105,5,8,4,4,0.5,0.5
2023-08-08T05:00:00,3671A,116.088,39.9726,北京市,门头沟三家店,,,,,,,,,,,,,,,,
2023-08-08T05:00:00,3672A,116.1541,39.8204,北京市,丰台云岗,细颗粒物(PM2.5),84,72,55,62,34,95,12,22,13,23,19,3,3,0.6,0.5
2023-08-08T05:00:00,3673A,116.6804,39.9081,北京市,通州东关,细颗粒物(PM2.5),70,81,58,51,31,132,22,28,24,24,18,1,2,0.7,0.6
2023-08-08T05:00:00,3674A,115.9577,39.7603,北京市,房山燕山,颗粒物(PM10),64,77,59,41,30,107,47,75,58,10,13,3,3,0.5,0.5
2023-08-08T05:00:00,3675A,116.4672,39.7733,北京市,大兴旧宫,细颗粒物(PM2.5),54,56,44,38,26,118,29,65,43,28,17,3,3,0.6,0.5
2023-08-08T05:00:00,3676A,113.2802,40.0995,大同市,第二人民医院,,34,34,47,15,16,183,78,122,101,22,20,11,10,0.7,0.5
2023-08-08T05:00:00,3677A,98.5881,24.4368,德宏州,芒市人民政府综合楼,,16,16,23,4,8,44,36,36,36,4,7,7,7,0.5,0.6
2023-08-08T05:00:00,3678A,116.5907,35.4054,济宁市,市第七中学,,45,45,39,24,17,168,40,92,61,29,18,6,7,0.6,0.6
2023-08-08T05:00:00,3682A,116.9814,36.6819,济南市,济南四建,,24,22,46,10,20,188,76,59,59,18,30,6,8,0.6,0.7
2023-08-08T05:00:00,3683A,109.8331,40.6576,包头市,昆区政府,,43,43,44,22,21,174,87,98,95,25,29,32,16,0.7,0.7
2023-08-08T05:00:00,3684A,130.8781,45.8222,七台河市,新建矿广场,,10,9,13,5,6,36,7,10,9,20,19,26,23,0.5,0.5
2023-08-08T05:00:00,3685A,117.897,28.4315,上饶市,双创科技城,,39,39,38,18,28,158,26,28,26,13,18,22,23,0.7,0.6
2023-08-08T05:00:00,3689A,113.9003,35.372,新乡市,行政服务中心,颗粒物(PM10),61,71,54,14,11,147,54,53,37,26,21,7,5,0.5,0.3
2023-08-08T05:00:00,3690A,115.9721,28.7031,南昌市,外国语学校,,16,16,24,7,11,139,50,55,52,9,12,4,4,0.4,0.5
2023-08-08T05:00:00,3692A,118.2059,39.6585,唐山市,消防缸窑路中队,颗粒物(PM10),53,55,52,32,25,133,18,58,31,35,21,5,7,0.6,0.8
2023-08-08T05:00:00,3693A,118.1436,39.6202,唐山市,路南电大,,47,47,44,17,17,126,44,46,45,7,14,5,7,0.7,0.9
2023-08-08T05:00:00,3694A,115.986,40.4563,北京市,延庆石河营,,42,31,44,29,34,92,17,55,38,8,11,3,3,0.4,0.4
2023-08-08T05:00:00,3695A,116.6151,40.3053,北京市,怀柔新城,细颗粒物(PM2.5),54,48,45,38,32,74,42,46,42,4,12,3,3,0.7,0.8
2023-08-08T05:00:00,3696A,116.2545,39.8768,北京市,丰台小屯,颗粒物(PM10),58,65,54,40,29,88,9,30,24,20,16,3,2,0.6,0.6
2023-08-08T05:00:00,3697A,116.84,40.3844,北京市,密云镇,细颗粒物(PM2.5),57,55,48,40,32,85,38,52,49,14,14,3,2,0.6,0.6
2023-08-08T05:00:00,3698A,111.5968,40.8178,呼和浩特市,红旗小学,,29,22,38,17,17,178,23,89,60,57,31,6,9,0.5,0.5
2023-08-08T05:00:00,3699A,111.6518,40.8389,呼和浩特市,海东办,,29,27,36,20,18,188,32,79,56,42,25,4,7,0.6,0.6
2023-08-08T05:00:00,3700A,103.0456,29.9956,雅安市,康养中心,,23,20,22,16,13,117,62,77,74,4,5,8,8,0.2,0.3
2023-08-08T05:00:00,3701A,116.9648,33.6252,宿州市,皖北煤电集团,,45,45,34,18,13,145,67,102,85,18,8,9,10,0.6,0.5
2023-08-08T05:00:00,3703A,114.2917,36.0949,安阳市,安钢职工学校,细颗粒物(PM2.5),65,59,56,47,29,153,77,108,95,16,11,5,5,0.7,0.6
2023-08-08T05:00:00,3706A,122.2584,43.6333,通辽市,老干部活动中心,,26,24,28,18,11,78,37,42,40,7,10,6,6,0.4,0.4
2023-08-08T05:00:00,3707A,131.0207,45.3073,鸡西市,欧美日汽修厂,,6,6,13,4,3,29,16,14,12,3,6,4,3,0.1,0.1
2023-08-08T05:00:00,3708A,122.2922,43.6189,通辽市,东方明珠社区,,33,21,24,23,24,79,28,35,28,17,16,11,8,0.4,0.3
2023-08-08T05:00:00,3709A,130.9967,45.3106,鸡西市,市政设施管理处,,7,7,14,2,4,18,9,8,7,5,7,5,5,0.1,0.1
2023-08-08T05:00:00,3710A,121.5594,29.8975,宁波市,白沙活动中心,,26,26,31,13,15,110,8,44,31,26,17,5,5,0.6,0.5
2023-08-08T05:00:00,3713A,124.3419,43.1666,四平市,世纪城,,16,16,14,5,6,60,0,11,4,19,8,3,3,0.4,0.2
2023-08-08T05:00:00,3715A,117.3092,32.9314,蚌埠市,蚌埠田家炳中学,颗粒物(PM10),55,60,36,26,18,121,35,65,53,27,10,5,5,0.4,0.5
2023-08-08T05:00:00,3719A,97.1714,31.1406,昌都市,昌都会议中心,,16,16,16,7,7,95,26,35,29,7,8,6,6,0.5,0.6
2023-08-08T05:00:00,3726A,88.8781,29.2426,日喀则市,林业技术推广中心,,21,2,5,1,1,95,67,69,69,4,6,7,7,0.6,0.6
2023-08-08T05:00:00,3728A,104.68,28.8071,宜宾市,白酒学院,,30,30,19,20,11,115,25,36,29,17,11,11,7,0.6,0.6
2023-08-08T05:00:00,3734A,118.35,37.26,东营市,理想之城,,22,17,18,9,9,100,68,95,86,12,6,4,6,0.5,0.5
2023-08-08T05:00:00,3860A,118.3920,35.0300,临沂市,皇山花园小区,,20,14,19,14,11,127,38,47,45,21,11,5,6,0.2,0.3
2023-08-08T05:00:00,3861A,119.2041,36.7699,潍坊市,寒亭区实验一小,,19,19,15,9,6,86,36,68,58,26,12,8,8,0.3,0.3
2023-08-08T05:00:00,3866A,122.2469,40.66302,营口市,三高中,,36,34,18,25,12,94,18,41,26,31,17,6,5,0.8,0.7
2023-08-08T05:00:00,3867A,102.0738,36.5056,海东地区,平安区公安北苑,,19,19,34,8,15,150,54,60,57,6,14,8,13,0.3,0.5
2023-08-08T05:00:00,3981A,113.2449,35.1803,焦作市,原李万街道办,,47,47,34,27,17,158,63,102,86,23,16,10,11,0.5,0.5
2023-08-08T05:00:00,3994A,102.2165,31.9024,阿坝藏族羌族自治州,马尔康中学西区,,16,16,17,10,14,85,4,12,9,5,5,4,4,0.5,0.5
2023-08-08T05:00:00,4002A,109.2416,23.7461,来宾市,中南小学,,11,11,19,7,9,71,19,24,20,7,6,7,7,0.4,0.5
2023-08-08T05:00:00,4004A,115.4202,38.8656,保定市,双鹰农机,,38,29,29,26,18,153,71,70,70,13,14,5,5,0.4,0.3
2023-08-08T05:00:00,4006A,122.3622,40.6762,营口市,老边实验小学,细颗粒物(PM2.5),53,46,22,37,15,87,2,25,12,43,18,11,7,1.0,0.6
2023-08-08T05:00:00,4008A,112.5234,32.9922,南阳市,卧龙区政府,,36,36,35,21,19,136,98,102,99,6,8,9,8,0.5,0.4
2023-08-08T05:00:00,4010A,112.5608,37.8807,太原市,育英中学,细颗粒物(PM2.5),72,83,62,52,36,204,38,30,30,38,34,4,5,0.8,0.8
2023-08-08T05:00:00,4011A,103.8506,30.6947,成都市,光华大道三段,,20,17,27,2,9,160,63,76,65,3,8,2,2,0.4,0.5
2023-08-08T05:00:00,4017A,116.7923,33.9535,淮北市,市博物馆（启用20230615）,,35,32,30,24,11,168,86,122,111,15,10,4,5,0.7,0.5
2023-08-08T05:00:00,1001A,116.3621,39.8784,北京市,万寿西宫,细颗粒物(PM2.5),62,56,52,44,31,119,35,77,52,33,22,2,2,0.6,0.5
2023-08-08T05:00:00,1002A,116.2202,40.2915,北京市,定陵,,,56,43,41,32,74,24,56,45,10,12,,3,0.6,0.6
2023-08-08T05:00:00,1003A,116.4174,39.9289,北京市,东四,细颗粒物(PM2.5),65,67,55,47,33,120,29,54,30,30,21,3,2,0.8,0.7
2023-08-08T05:00:00,1004A,116.4072,39.8863,北京市,天坛,细颗粒物(PM2.5),60,61,53,43,33,105,28,61,42,29,23,3,3,0.6,0.6
2023-08-08T05:00:00,1005A,116.462,39.9365,北京市,农展馆,"颗粒物(PM10),细颗粒物(PM2.5)",60,69,55,43,30,117,20,49,25,43,20,9,3,0.5,0.5
2023-08-08T05:00:00,1006A,116.3392,39.9295,北京市,官园,细颗粒物(PM2.5),92,63,50,68,35,132,24,74,49,38,22,2,3,0.4,0.3
2023-08-08T05:00:00,1007A,116.2878,39.9611,北京市,海淀万柳,细颗粒物(PM2.5),78,83,58,57,31,108,13,35,25,44,26,3,2,0.7,0.6
2023-08-08T05:00:00,1008A,116.6636,40.135,北京市,顺义新城,细颗粒物(PM2.5),62,52,51,44,32,99,44,47,46,8,14,1,2,0.6,0.6
2023-08-08T05:00:00,1009A,116.6275,40.3275,北京市,怀柔镇,细颗粒物(PM2.5),55,56,49,39,30,71,35,43,33,6,16,3,3,0.3,0.4
2023-08-08T05:00:00,1010A,116.2296,40.217,北京市,昌平镇,细颗粒物(PM2.5),55,50,48,39,32,83,52,55,54,16,22,3,2,0.6,0.5
2023-08-08T05:00:00,1011A,116.3966,39.9821,北京市,奥体中心,细颗粒物(PM2.5),54,46,41,38,26,111,2,48,19,52,27,3,2,0.7,0.5
2023-08-08T05:00:00,1012A,116.184,39.9136,北京市,古城,细颗粒物(PM2.5),99,80,68,74,44,100,32,30,25,20,24,3,3,0.5,0.5
2023-08-08T05:00:00,1015A,117.1444,39.1661,天津市,勤俭道,颗粒物(PM10),54,58,43,33,20,148,53,71,65,16,13,8,6,0.9,0.7
2023-08-08T05:00:00,1017A,117.237,39.1082,天津市,大直沽八号路,颗粒物(PM10),52,54,45,31,20,126,55,59,57,16,19,3,3,0.8,0.7
2023-08-08T05:00:00,1018A,117.202,39.0927,天津市,前进道,,49,49,35,32,18,136,54,62,59,18,17,7,7,0.8,0.7
2023-08-08T05:00:00,1019A,117.1837,39.2133,天津市,淮河道,颗粒物(PM10),55,60,47,32,20,150,60,72,67,18,20,6,5,1.0,0.8
2023-08-08T05:00:00,1021A,117.307,39.0877,天津市,跃进路,,47,47,35,28,17,122,60,58,58,14,18,6,7,0.8,0.8
2023-08-08T05:00:00,1023A,117.707,39.0343,天津市,第四大街,颗粒物(PM10),58,66,38,28,16,88,35,68,45,46,33,4,6,0.5,0.5
2023-08-08T05:00:00,1024A,117.457,38.8394,天津市,永明路,,46,46,30,22,14,109,57,80,67,9,10,6,6,0.7,0.7
2023-08-08T05:00:00,1026A,117.764,39.1587,天津市,汉北路,颗粒物(PM10),56,61,40,30,19,111,29,28,23,28,26,4,5,0.6,0.6
2023-08-08T05:00:00,1027A,117.157,38.9194,天津市,团泊洼,"颗粒物(PM10),细颗粒物(PM2.5)",52,54,30,36,18,113,27,62,40,28,16,2,2,1.3,0.7
2023-08-08T05:00:00,1029A,114.4422,38.0444,石家庄市,职工医院,颗粒物(PM10),52,54,41,32,24,139,59,96,82,18,13,2,5,0.5,0.5
2023-08-08T05:00:00,1030A,114.6063,38.0266,石家庄市,高新区,细颗粒物(PM2.5),59,50,39,42,22,144,76,92,87,16,15,3,4,0.4,0.4
2023-08-08T05:00:00,1031A,114.4898,38.1328,石家庄市,西北水源,细颗粒物(PM2.5),63,63,56,45,26,142,53,74,67,21,17,1,2,0.7,0.6
2023-08-08T05:00:00,1032A,114.4586,38.0058,石家庄市,西南高教,,46,44,36,32,19,140,59,91,78,17,14,3,2,0.6,0.6
2023-08-08T05:00:00,1033A,114.5331,38.0178,石家庄市,世纪公园,,49,49,37,26,19,136,68,94,84,14,14,4,6,0.4,0.4
2023-08-08T05:00:00,1034A,114.509,38.0457,石家庄市,人民会堂,,46,46,47,31,17,142,72,92,86,16,14,2,4,0.5,0.5
2023-08-08T05:00:00,1035A,114.3524,37.8911,石家庄市,封龙山,,34,32,36,10,19,144,107,107,101,7,9,2,4,0.9,0.8
2023-08-08T05:00:00,1037A,118.131,39.6363,唐山市,雷达站,,42,42,43,20,20,137,36,46,44,25,22,4,6,0.6,0.8
2023-08-08T05:00:00,1038A,118.1725,39.6334,唐山市,物资局,颗粒物(PM10),53,56,50,26,19,126,33,52,41,22,18,7,8,0.6,0.9
2023-08-08T05:00:00,1040A,118.1705,39.6506,唐山市,十二中,,45,45,49,25,22,127,38,49,42,15,17,4,6,0.7,0.9
2023-08-08T05:00:00,1041A,118.1869,39.622,唐山市,小山,,37,37,43,20,14,127,31,52,41,16,14,5,8,0.6,0.8
2023-08-08T05:00:00,1042A,119.5134,39.8207,秦皇岛市,北戴河环保局,,22,22,12,6,7,114,61,91,62,26,22,5,5,0.2,0.2
2023-08-08T05:00:00,1043A,119.7493,40.0116,秦皇岛市,第一关,颗粒物(PM10),53,56,21,18,14,112,3,21,17,78,31,3,3,0.4,0.3
2023-08-08T05:00:00,1044A,119.5897,39.9499,秦皇岛市,监测站,,46,46,26,14,8,99,41,58,47,27,20,12,9,0.3,0.3
2023-08-08T05:00:00,1046A,119.5251,39.9041,秦皇岛市,建设大厦,颗粒物(PM10),53,56,27,20,12,110,8,32,24,44,18,17,7,0.4,0.3
2023-08-08T05:00:00,1048A,114.5302,36.6116,邯郸市,东污水处理厂,,39,35,38,27,23,148,86,88,76,10,12,4,3,0.5,0.5
2023-08-08T05:00:00,1049A,114.4918,36.5713,邯郸市,矿院,,48,48,36,31,21,152,82,86,84,15,16,2,2,0.6,0.5
2023-08-08T05:00:00,1050A,114.484,36.6133,邯郸市,丛台公园,,44,44,30,21,16,154,87,108,96,6,6,4,4,0.5,0.5
2023-08-08T05:00:00,1051A,115.493,38.8632,保定市,游泳馆,,38,38,33,25,17,151,77,70,70,13,15,13,12,0.3,0.2
2023-08-08T05:00:00,1052A,115.5213,38.8959,保定市,华电二区,,37,37,39,23,15,143,82,76,76,7,11,4,5,0.8,0.7
2023-08-08T05:00:00,1053A,115.4713,38.9108,保定市,接待中心,,44,44,39,19,14,134,73,65,65,4,7,6,6,0.6,0.5
2023-08-08T05:00:00,1054A,115.4612,38.8416,保定市,地表水厂,颗粒物(PM10),59,68,47,26,16,144,68,59,59,15,16,10,11,0.1,0.1
2023-08-08T05:00:00,1056A,115.5086,38.8639,保定市,监测站,,49,40,39,34,22,147,82,66,66,17,19,6,7,0.4,0.3
2023-08-08T05:00:00,1057A,114.8883,40.8336,张家口市,人民公园,,21,21,25,2,4,144,60,83,73,7,8,2,2,0.1,0.2
2023-08-08T05:00:00,1059A,114.8687,40.8042,张家口市,五金库,,22,14,29,10,13,128,68,86,80,6,9,2,2,0.1,0.2
2023-08-08T05:00:00,1060A,114.8902,40.762,张家口市,世纪豪园,,21,21,24,12,19,135,66,96,83,9,10,3,3,0.0,0.1
2023-08-08T05:00:00,1061A,114.8916,40.8661,张家口市,北泵房,,20,20,23,4,9,142,58,76,69,4,6,9,9,0.2,0.4
2023-08-08T05:00:00,1062A,117.9531,40.9081,承德市,铁路,颗粒物(PM10),51,52,30,26,14,77,21,36,30,22,22,9,9,0.7,0.6
2023-08-08T05:00:00,1063A,117.9392,40.9763,承德市,中国银行,,46,46,34,26,18,89,11,49,24,21,13,7,9,0.5,0.6
2023-08-08T05:00:00,1064A,117.9503,40.928,承德市,开发区,,32,32,24,22,15,92,24,60,42,19,13,9,10,0.8,0.6
2023-08-08T05:00:00,1065A,117.8051,40.9655,承德市,文化中心,,37,37,35,20,14,78,14,55,31,28,16,4,7,0.6,0.6
2023-08-08T05:00:00,1066A,117.9268,41.0026,承德市,离宫,,26,24,27,18,17,86,10,31,16,10,10,6,7,0.5,0.6
2023-08-08T05:00:00,1067A,116.6708,39.5111,廊坊市,药材公司,,40,39,42,28,22,153,48,60,51,14,12,4,3,0.5,0.4
2023-08-08T05:00:00,1068A,116.7214,39.5589,廊坊市,开发区,细颗粒物(PM2.5),58,39,34,41,22,152,40,60,45,19,19,3,3,0.5,0.4
2023-08-08T05:00:00,1070A,116.7244,39.5269,廊坊市,北华航天学院,,47,47,45,25,23,154,48,61,49,20,17,8,7,0.5,0.4
2023-08-08T05:00:00,1071A,116.8842,38.2991,沧州市,沧县城建局,,29,29,36,18,15,154,61,58,58,12,17,8,7,0.4,0.5
2023-08-08T05:00:00,1072A,116.8584,38.3254,沧州市,电视转播站,,35,35,34,19,17,153,62,60,58,11,15,6,6,0.4,0.5
2023-08-08T05:00:00,1073A,116.8709,38.3228,沧州市,市环保局,,33,32,38,23,20,150,61,64,63,17,23,6,4,0.2,0.3
2023-08-08T05:00:00,1074A,115.6838,37.7541,衡水市,电机北厂,,44,44,41,29,18,159,73,64,64,8,10,6,6,0.4,0.4
2023-08-08T05:00:00,1075A,115.6303,37.7316,衡水市,市监测站,细颗粒物(PM2.5),53,48,40,37,20,160,55,78,66,15,12,9,6,0.5,0.5
2023-08-08T05:00:00,1077A,114.4704,37.0886,邢台市,达活泉,,49,49,40,27,18,164,77,124,95,11,8,10,10,0.6,0.4
2023-08-08T05:00:00,1078A,114.5062,37.0349,邢台市,邢师高专,细颗粒物(PM2.5),55,51,42,39,23,152,52,80,66,24,16,9,8,0.6,0.5
2023-08-08T05:00:00,1079A,114.5237,37.0851,邢台市,路桥公司,,45,45,37,28,20,140,83,68,68,12,12,9,10,0.5,0.4
2023-08-08T05:00:00,1080A,114.4725,37.0719,邢台市,市环保局,颗粒物(PM10),51,52,43,23,22,163,100,116,108,8,12,8,10,0.6,0.5
2023-08-08T05:00:00,1081A,112.522,37.8873,太原市,尖草坪,细颗粒物(PM2.5),75,89,88,55,48,219,22,34,23,50,39,5,6,0.8,1
2023-08-08T05:00:00,1083A,112.434,38.0108,太原市,上兰,,,,,,,,,,,,,,,,
2023-08-08T05:00:00,1084A,112.469,37.7124,太原市,晋源,颗粒物(PM10),53,55,65,35,41,228,46,32,31,25,30,5,6,0.8,1
2023-08-08T05:00:00,1085A,112.5583,37.7394,太原市,小店,颗粒物(PM10),67,84,65,41,34,218,6,40,29,66,31,4,5,0.7,0.7
2023-08-08T05:00:00,1086A,112.5369,37.8692,太原市,桃园,颗粒物(PM10),70,89,68,43,35,211,11,19,14,66,37,8,5,1.2,0.9
2023-08-08T05:00:00,1087A,112.57,37.8195,太原市,坞城,颗粒物(PM10),67,84,59,43,31,205,14,22,17,71,37,7,5,1.2,0.7
2023-08-08T05:00:00,1088A,112.549,37.9854,太原市,南寨,细颗粒物(PM2.5),70,62,70,51,35,183,5,5,5,47,40,3,4,0.7,0.7
2023-08-08T05:00:00,1090A,111.6507,40.7517,呼和浩特市,呼市一监,,36,29,39,25,19,179,17,101,57,33,19,4,8,0.6,0.6
2023-08-08T05:00:00,1091A,111.6572,40.8033,呼和浩特市,小召,,20,19,39,14,17,180,64,93,74,22,25,6,8,0.7,0.7
2023-08-08T05:00:00,1094A,111.7516,40.8369,呼和浩特市,如意水处理厂,,26,26,42,11,15,207,76,107,93,23,20,5,8,0.4,0.5
2023-08-08T05:00:00,1095A,111.7276,40.8062,呼和浩特市,二十九中,,25,25,40,15,18,191,74,112,90,23,24,4,9,0.4,0.6
2023-08-08T05:00:00,1096A,111.5512,40.7866,呼和浩特市,工大金川校区,,34,34,41,16,17,172,56,84,66,24,21,6,8,0.9,0.9
2023-08-08T05:00:00,1097A,111.717,40.7612,呼和浩特市,化肥厂生活区,,28,28,49,11,17,180,58,88,78,25,24,5,7,0.7,0.8
2023-08-08T05:00:00,1098A,123.6836,41.9339,沈阳市,森林路,,,,,,,,,,,,,,,,
2023-08-08T05:00:00,1099A,123.505,41.7406,沈阳市,浑南东路,,19,19,17,8,7,92,17,38,21,23,19,7,6,0.6,0.5
2023-08-08T05:00:00,1100A,123.4231,41.6989,沈阳市,新秀街,,25,25,17,8,5,90,9,33,14,34,18,9,6,0.8,0.6
2023-08-08T05:00:00,1102A,123.5903,41.8411,沈阳市,东陵路,,14,14,15,5,6,78,12,12,11,16,14,4,4,0.4,0.4
2023-08-08T05:00:00,1103A,123.4264,41.8467,沈阳市,陵东街,,18,17,14,12,9,81,5,5,5,26,21,4,4,0.6,0.5
2023-08-08T05:00:00,1104A,123.4114,41.7653,沈阳市,文化路,,22,22,17,11,10,88,20,36,28,31,19,7,6,0.6,0.5
2023-08-08T05:00:00,1105A,123.4678,41.7867,沈阳市,小河沿,,15,15,16,7,7,84,15,20,19,26,22,4,4,0.6,0.5
2023-08-08T05:00:00,1106A,123.4017,41.7972,沈阳市,太原街,,19,16,15,13,10,86,9,36,22,36,22,4,4,0.4,0.4
2023-08-08T05:00:00,1108A,123.3783,41.9228,沈阳市,京沈街,,31,31,18,16,11,81,4,27,11,34,18,6,5,0.5,0.5
2023-08-08T05:00:00,1109A,121.612,38.9741,大连市,甘井子,颗粒物(PM10),55,59,30,37,16,109,66,74,67,16,14,3,4,0.6,0.6
2023-08-08T05:00:00,1110A,121.565,38.9511,大连市,周水子,,45,40,18,31,14,106,58,68,62,21,17,5,5,0.9,0.7
2023-08-08T05:00:00,1111A,121.5637,38.8845,大连市,星海三站,,49,40,22,34,15,106,72,76,73,10,11,11,8,0.7,0.5
2023-08-08T05:00:00,1112A,121.6302,38.9117,大连市,青泥洼桥,颗粒物(PM10),51,51,29,33,15,111,60,72,61,17,19,6,6,0.9,0.6
2023-08-08T05:00:00,1113A,121.6251,38.8638,大连市,傅家庄,,50,50,26,33,14,117,70,76,69,14,15,8,8,0.8,0.5
2023-08-08T05:00:00,1114A,121.5213,38.8661,大连市,七贤岭,,46,34,25,32,15,120,78,96,86,14,12,8,6,1.0,0.7
2023-08-08T05:00:00,1115A,121.2529,38.8061,大连市,旅顺,,33,33,18,18,10,126,80,95,84,10,8,5,4,0.7,0.5
2023-08-08T05:00:00,1116A,121.7485,39.1311,大连市,金州,,40,35,23,28,19,135,38,68,55,15,14,8,8,0.8,0.7
2023-08-08T05:00:00,1117A,121.7811,39.0496,大连市,开发区,,50,30,20,35,17,139,56,67,58,22,19,8,6,0.9,0.8
2023-08-08T05:00:00,1118A,121.9762,39.0631,大连市,双D港,,,45,28,31,18,148,,96,92,18,15,9,7,1.4,0.6
2023-08-08T05:00:00,1119A,125.3325,43.9166,长春市,食品厂,,15,14,19,10,11,38,30,26,26,15,19,3,3,0.2,0.3
2023-08-08T05:00:00,1120A,125.2863,43.9027,长春市,客车厂,,14,14,16,8,10,39,9,23,20,26,18,3,3,0.4,0.4
2023-08-08T05:00:00,1121A,125.2841,43.8463,长春市,邮电学院,,19,19,17,10,8,36,10,12,12,8,15,4,5,0.3,0.3
2023-08-08T05:00:00,1122A,125.3716,43.8772,长春市,劳动公园,,21,21,19,8,9,39,28,21,21,15,20,5,5,0.2,0.3
2023-08-08T05:00:00,1123A,125.3297,43.8805,长春市,园林处,,20,20,16,9,8,35,24,23,23,18,21,2,2,0.4,0.4
2023-08-08T05:00:00,1124A,125.4605,43.79,长春市,净月潭,,20,20,14,4,5,44,4,5,4,5,11,5,5,0.2,0.2
2023-08-08T05:00:00,1125A,125.7194,43.515,长春市,甩湾子,,,,,,,,,,,,,,,,
2023-08-08T05:00:00,1126A,125.3863,43.8447,长春市,经开区环卫处,,14,14,20,4,8,31,28,19,19,10,22,4,4,0.3,0.4
2023-08-08T05:00:00,1127A,125.245,43.7783,长春市,高新区管委会,,22,22,19,10,9,37,7,3,3,25,24,3,3,0.4,0.4
2023-08-08T05:00:00,1128A,125.1761,43.8325,长春市,岱山公园,,21,21,22,13,10,43,15,7,7,23,21,2,2,0.4,0.5
2023-08-08T05:00:00,1129A,126.5422,45.755,哈尔滨市,岭北,,,7,9,6,9,23,20,23,19,18,19,,,1.0,1
2023-08-08T05:00:00,1130A,126.561,45.8167,哈尔滨市,松北商大,,28,28,15,6,4,43,4,6,4,25,14,5,5,0.6,0.5
2023-08-08T05:00:00,1131A,126.979,45.5419,哈尔滨市,阿城会宁,,,,10,,7,36,,39,,,8,,6,,0.5
2023-08-08T05:00:00,1132A,126.599,45.7222,哈尔滨市,南岗学府路,,17,17,22,1,6,46,13,8,8,9,11,3,4,0.6,0.6
2023-08-08T05:00:00,1133A,126.689,45.7733,哈尔滨市,太平宏伟公园,,14,14,26,6,6,40,8,11,9,18,19,6,6,0.4,0.5
2023-08-08T05:00:00,1134A,126.635,45.7667,哈尔滨市,道外承德广场,,16,14,21,11,8,39,18,12,12,16,21,10,10,0.3,0.5
2023-08-08T05:00:00,1135A,126.685,45.7319,哈尔滨市,香坊红旗大街,,14,12,19,7,9,47,10,17,12,27,18,9,8,0.5,0.5
2023-08-08T05:00:00,1136A,126.6411,45.7258,哈尔滨市,动力和平路,,,11,18,,,49,12,7,7,22,18,9,10,0.5,0.6
2023-08-08T05:00:00,1137A,126.593,45.7478,哈尔滨市,道里建国路,,32,5,17,8,9,48,14,13,12,24,19,5,5,3.2,1
2023-08-08T05:00:00,1138A,126.615,45.61,哈尔滨市,平房东轻厂,,21,21,29,10,13,39,9,11,11,19,17,6,5,0.4,0.3
2023-08-08T05:00:00,1139A,126.595,45.9855,哈尔滨市,呼兰师专,,18,15,15,12,6,41,7,26,18,20,13,6,5,0.6,0.4
2023-08-08T05:00:00,1140A,126.6206,45.6842,哈尔滨市,省农科院,,26,26,27,4,5,49,6,18,9,30,19,8,9,0.5,0.4
2023-08-08T05:00:00,1141A,121.4,31.238,上海市,普陀,,42,42,30,15,15,92,74,77,73,15,13,7,6,0.9,0.6
2023-08-08T05:00:00,1142A,121.478,31.2036,上海市,十五厂,,34,34,29,17,16,87,82,75,75,9,15,8,9,0.4,0.4
2023-08-08T05:00:00,1143A,121.467,31.3008,上海市,虹口,,31,31,27,13,13,93,93,85,85,10,11,7,7,0.5,0.4
2023-08-08T05:00:00,1144A,121.412,31.1654,上海市,徐汇上师大,,49,49,30,18,15,105,77,76,75,14,16,4,4,0.9,0.6
2023-08-08T05:00:00,1145A,121.536,31.2659,上海市,杨浦四漂,,31,30,30,9,10,99,99,91,91,5,11,5,6,0.7,0.7
2023-08-08T05:00:00,1147A,121.425,31.2261,上海市,静安监测站,,42,42,29,18,14,71,62,65,61,16,13,3,2,0.9,0.6
2023-08-08T05:00:00,1148A,121.703,31.1907,上海市,浦东川沙,,35,34,30,24,15,91,79,80,78,20,15,5,5,0.7,0.6
2023-08-08T05:00:00,1149A,121.533,31.2284,上海市,浦东新区监测站,,33,33,30,14,13,85,85,77,77,8,14,2,3,0.5,0.4
2023-08-08T05:00:00,1150A,121.577,31.2071,上海市,浦东张江,,37,37,28,13,10,79,79,70,70,14,14,5,6,0.6,0.6
2023-08-08T05:00:00,1151A,118.8086,32.1065,南京市,迈皋桥,,,29,22,,9,104,48,63,54,2,3,4,4,0.4,0.4
2023-08-08T05:00:00,1152A,118.7538,32.0551,南京市,草场门,,29,29,23,9,10,111,45,62,52,24,14,7,6,0.5,0.5
2023-08-08T05:00:00,1153A,118.7794,32.0745,南京市,山西路,,46,46,31,14,9,114,50,66,55,22,13,5,4,0.2,0.6
2023-08-08T05:00:00,1154A,118.7752,32.0023,南京市,中华门,,31,31,22,14,10,120,41,64,52,16,11,7,6,0.9,0.9
2023-08-08T05:00:00,1155A,118.8109,32.0309,南京市,瑞金路,,29,29,22,9,10,124,43,61,53,17,12,4,4,0.3,0.3
2023-08-08T05:00:00,1156A,118.7997,32.0754,南京市,玄武湖,,34,34,27,16,12,103,46,57,49,18,12,8,7,0.1,0.4
2023-08-08T05:00:00,1157A,118.6414,32.0931,南京市,浦口,,29,29,26,12,14,104,49,80,58,14,9,7,5,0.4,0.4
2023-08-08T05:00:00,1158A,118.7356,31.9996,南京市,奥体中心,,32,32,23,22,15,112,44,62,53,18,9,8,7,0.5,0.4
2023-08-08T05:00:00,1159A,118.9125,32.1028,南京市,仙林大学城,,24,24,22,9,11,114,48,65,55,20,9,9,8,0.6,0.5
2023-08-08T05:00:00,1160A,120.561,31.2472,苏州市,上方山,,27,27,29,11,19,110,66,68,66,14,11,8,7,0.6,0.4
2023-08-08T05:00:00,1162A,120.591,31.3019,苏州市,彩香,,35,35,25,20,16,134,75,79,76,8,8,9,8,0.8,0.6
2023-08-08T05:00:00,1163A,120.596,31.3264,苏州市,轧钢厂,,36,36,29,21,16,132,80,79,79,11,13,11,10,0.6,0.6
2023-08-08T05:00:00,1164A,120.613,31.2703,苏州市,吴中区,,36,36,27,21,15,132,74,81,79,13,13,12,9,0.7,0.5
2023-08-08T05:00:00,1165A,120.543,31.2994,苏州市,苏州新区,,31,31,27,21,15,136,77,78,78,8,8,8,9,0.7,0.6
2023-08-08T05:00:00,1166A,120.669,31.3097,苏州市,苏州工业园区,,34,34,27,20,17,132,76,84,81,7,6,14,10,0.8,0.7
2023-08-08T05:00:00,1167A,120.641,31.3708,苏州市,相城区,,32,29,28,22,17,124,74,75,74,13,12,6,7,0.7,0.7
2023-08-08T05:00:00,1168A,120.9098,31.9663,南通市,狼山街道,,28,18,15,11,6,102,87,94,88,8,8,7,7,0.5,0.5
2023-08-08T05:00:00,1169A,120.86,32.0005,南通市,虹桥,,30,20,16,17,11,98,93,88,86,4,2,8,8,0.8,0.7
2023-08-08T05:00:00,1170A,120.87,32.02,南通市,城中,,27,19,16,11,8,94,85,77,77,9,5,5,5,0.6,0.6
2023-08-08T05:00:00,1171A,120.94,31.93,南通市,星湖花园,,29,15,13,10,4,94,90,92,88,7,8,5,5,0.6,0.6
2023-08-08T05:00:00,1172A,120.81,32.0417,南通市,紫琅学院,,26,17,14,15,6,99,82,79,76,10,8,6,6,0.7,0.5
2023-08-08T05:00:00,1173A,119.176,34.5885,连云港市,市环境监测站,,27,27,29,9,11,183,27,93,52,27,12,11,6,1.2,0.6
2023-08-08T05:00:00,1177A,117.179,34.2761,徐州市,黄河新村,,36,36,39,15,16,159,46,86,59,22,17,12,9,0.4,0.5
2023-08-08T05:00:00,1178A,117.1918,34.2384,徐州市,淮塔,,32,32,35,20,16,162,47,92,66,20,16,11,10,0.4,0.3
2023-08-08T05:00:00,1180A,117.256,34.2153,徐州市,新城区,,36,36,35,22,17,162,42,94,66,29,18,8,8,0.5,0.4
2023-08-08T05:00:00,1181A,117.244,34.2911,徐州市,桃园路,,41,41,30,19,15,162,34,80,58,27,13,12,10,0.4,0.4
2023-08-08T05:00:00,1182A,117.2933,34.2778,徐州市,农科院,,39,39,33,17,15,166,42,74,55,28,18,8,7,0.4,0.4
2023-08-08T05:00:00,1186A,119.389,32.3761,扬州市,邗江监测站,,32,31,26,22,14,100,75,84,79,8,8,10,7,0.6,0.6
2023-08-08T05:00:00,1188A,120.269,31.4867,无锡市,雪浪,,,31,29,17,13,147,,80,76,12,17,,5,0.6,0.7
2023-08-08T05:00:00,1189A,120.275,31.6219,无锡市,黄巷,,39,39,42,22,15,137,62,79,73,20,19,10,7,1.3,0.9
2023-08-08T05:00:00,1190A,120.294,31.56,无锡市,曹张,,36,36,30,22,14,135,61,64,60,4,9,11,9,1.2,0.9
2023-08-08T05:00:00,1191A,120.242,31.5031,无锡市,漆塘,,32,29,25,22,13,148,68,72,68,13,15,8,8,1.0,1
2023-08-08T05:00:00,1192A,120.3489,31.5863,无锡市,东亭,,36,36,30,24,16,131,61,69,63,17,19,12,8,1.0,0.7
2023-08-08T05:00:00,1193A,120.354,31.5475,无锡市,旺庄,,34,34,29,19,15,140,68,72,72,5,11,9,11,0.9,1
2023-08-08T05:00:00,1194A,120.245,31.5631,无锡市,荣巷,,35,34,28,24,16,151,54,70,64,10,10,12,11,0.9,0.8
2023-08-08T05:00:00,1195A,120.299,31.6817,无锡市,堰桥,,39,39,27,17,11,133,62,87,76,16,12,7,7,1.3,0.8
2023-08-08T05:00:00,1196A,119.9633,31.762,常州市,市监测站,,34,34,26,19,14,110,66,76,73,13,13,7,7,0.6,0.6
2023-08-08T05:00:00,1200A,119.9468,31.7069,常州市,武进监测站,,38,38,30,17,13,124,77,76,74,9,8,10,8,0.6,0.5
2023-08-08T05:00:00,1201A,119.9255,31.9087,常州市,安家,,25,15,22,17,15,97,69,69,64,6,9,5,5,0.6,0.6
2023-08-08T05:00:00,1203A,119.6707,32.1875,镇江市,新区办事处,,33,26,24,23,18,89,54,77,60,31,20,5,3,0.4,0.4
2023-08-08T05:00:00,1204A,119.4974,32.1968,镇江市,职教中心,,33,31,24,23,17,107,87,84,84,9,10,2,3,0.5,0.5
2023-08-08T05:00:00,1205A,119.4303,32.1328,镇江市,丹徒区监测站,,38,30,28,26,20,115,89,84,84,8,8,3,2,0.6,0.5
2023-08-08T05:00:00,1206A,119.905,32.4878,泰州市,公园路,,35,34,24,24,16,99,83,86,84,7,7,2,3,0.8,0.7
2023-08-08T05:00:00,1207A,119.9189,32.4625,泰州市,莲花,,32,32,23,22,16,98,82,86,85,7,7,7,3,0.8,0.6
2023-08-08T05:00:00,1209A,119.888,32.4639,泰州市,留学生创业园,,38,38,27,25,15,97,80,82,82,6,5,13,5,0.5,0.4
2023-08-08T05:00:00,1210A,119.036,33.5981,淮安市,钵池山,,36,27,28,25,16,126,62,58,58,22,16,7,7,0.7,0.7
2023-08-08T05:00:00,1211A,119.007,33.575,淮安市,北京南路,,29,24,26,20,16,132,82,85,78,13,13,13,10,0.8,0.7
2023-08-08T05:00:00,1212A,118.989,33.6067,淮安市,市监测站,,31,31,31,17,12,139,86,72,72,16,14,8,6,0.7,0.8
2023-08-08T05:00:00,1213A,119.135,33.5039,淮安市,楚州区监测站,细颗粒物(PM2.5),54,37,32,38,19,122,66,79,64,20,12,11,8,0.7,0.7
2023-08-08T05:00:00,1214A,119.0186,33.6297,淮安市,淮阴区监测站,,33,29,28,23,17,130,85,72,72,13,13,7,7,0.7,0.7
2023-08-08T05:00:00,1215A,120.118,33.4022,盐城市,盐城电厂,,32,27,27,22,14,99,83,94,88,5,4,4,4,0.5,0.5
2023-08-08T05:00:00,1216A,120.156,33.3942,盐城市,市监测站,,30,26,23,21,14,104,76,89,80,7,6,4,4,0.6,0.6
2023-08-08T05:00:00,1218A,120.2144,33.38,盐城市,开发区管委会,,38,21,22,26,15,100,81,85,82,9,8,6,4,0.3,0.4
2023-08-08T05:00:00,1220A,118.293,33.9528,宿迁市,宿迁学院,细颗粒物(PM2.5),53,41,28,37,20,152,98,103,100,12,13,8,10,0.8,0.8
2023-08-08T05:00:00,1221A,118.2442,33.9592,宿迁市,宿迁中学,,43,36,30,30,18,154,92,98,89,10,11,5,7,0.5,0.6
2023-08-08T05:00:00,1223A,120.2072,30.2111,杭州市,滨江,,19,19,38,13,22,157,30,94,57,15,15,6,7,0.5,0.7
2023-08-08T05:00:00,1224A,120.0633,30.2747,杭州市,西溪,,23,23,38,14,21,151,51,76,61,7,12,4,4,0.9,0.9
2023-08-08T05:00:00,1226A,120.3461,30.3153,杭州市,下沙,,24,24,36,11,21,166,10,64,33,31,17,3,3,0.6,0.7
2023-08-08T05:00:00,1227A,120.1269,30.2456,杭州市,卧龙桥,,29,24,33,20,24,163,23,58,41,8,13,4,4,0.7,0.8
2023-08-08T05:00:00,1228A,120.1903,30.2692,杭州市,浙江农大,,18,13,27,12,20,152,33,85,54,14,15,7,7,0.6,0.8
2023-08-08T05:00:00,1230A,120.1197,30.3119,杭州市,和睦小学,,19,18,37,13,24,170,42,82,57,14,21,6,7,0.6,0.8
2023-08-08T05:00:00,1231A,120.3019,30.4183,杭州市,临平镇,,24,24,30,15,18,171,32,69,51,13,12,4,4,0.4,0.5
2023-08-08T05:00:00,1232A,120.2697,30.1819,杭州市,城厢镇,,23,17,35,16,28,171,30,76,57,21,19,6,6,0.5,0.6
2023-08-08T05:00:00,1233A,120.0883,30.1808,杭州市,云栖,,35,35,36,15,19,153,16,53,32,8,12,6,6,0.8,0.8
2023-08-08T05:00:00,1234A,121.8358,29.911,宁波市,区环保大楼,,25,25,24,15,13,101,11,14,11,44,31,5,5,0.6,0.7
2023-08-08T05:00:00,1235A,121.56,29.82,宁波市,万里学院,,29,28,28,20,17,101,27,38,23,16,22,4,5,0.5,0.5
2023-08-08T05:00:00,1236A,121.713,29.9572,宁波市,龙赛医院,,18,13,11,10,11,84,55,57,56,11,15,8,8,0.5,0.4
2023-08-08T05:00:00,1239A,121.633,29.7733,宁波市,钱湖水厂,,50,50,40,24,21,135,5,14,9,22,19,4,4,0.7,0.7
2023-08-08T05:00:00,1240A,121.5856,29.8635,宁波市,太古小学,,28,28,27,16,12,80,11,24,21,20,20,4,4,0.6,0.6
2023-08-08T05:00:00,1241A,121.524,29.8674,宁波市,市环境监测中心,,24,24,25,10,12,124,24,54,33,14,12,5,6,0.4,0.4
2023-08-08T05:00:00,1242A,120.634,28.0089,温州市,瓯海,,28,28,39,16,24,209,11,22,17,38,30,7,6,0.6,0.6
2023-08-08T05:00:00,1243A,120.6748,27.9939,温州市,南浦,,26,26,36,16,23,225,24,31,27,27,27,8,7,0.5,0.6
2023-08-08T05:00:00,1244A,120.76,27.9747,温州市,龙湾,,23,23,40,12,21,191,28,27,26,18,32,6,6,0.5,0.6
2023-08-08T05:00:00,1245A,120.6709,28.0167,温州市,市站,,22,22,39,15,23,188,24,26,23,20,28,5,5,0.6,0.6
2023-08-08T05:00:00,1247A,120.6053,29.9928,绍兴市,城东开发委,,36,33,33,25,24,160,29,72,49,16,13,5,5,0.6,0.6
2023-08-08T05:00:00,1250A,120.0751,30.8669,湖州市,城西水厂,,25,25,29,17,19,188,53,62,59,11,18,2,3,0.6,0.7
2023-08-08T05:00:00,1252A,120.7436,30.778,嘉兴市,清河小学,,33,33,26,21,15,168,50,50,46,13,11,4,4,0.8,0.5
2023-08-08T05:00:00,1253A,120.726,30.7478,嘉兴市,嘉兴学院,,45,26,25,31,20,165,44,38,36,16,16,2,2,0.7,0.5
2023-08-08T05:00:00,1255A,121.273,28.6459,台州市,黄岩环保大楼,,30,30,36,18,23,174,30,36,33,11,16,5,5,0.8,0.8
2023-08-08T05:00:00,1256A,121.419,28.6542,台州市,台州环保大楼,,33,33,42,22,25,155,42,38,38,12,18,4,4,0.5,0.6
2023-08-08T05:00:00,1257A,121.377,28.5773,台州市,路桥田洋王,,29,29,34,18,22,172,19,37,25,17,20,4,4,0.5,0.5
2023-08-08T05:00:00,1258A,122.122,30.0203,舟山市,定海檀枫,,22,22,18,14,14,66,52,41,41,5,8,5,5,0.4,0.3
2023-08-08T05:00:00,1259A,122.3094,29.9558,舟山市,普陀东港,,20,20,20,11,12,83,56,50,50,4,5,4,4,0.4,0.3
2023-08-08T05:00:00,1260A,122.19,29.9944,舟山市,临城新区,,17,17,20,8,12,73,53,47,47,8,9,6,6,0.4,0.3
2023-08-08T05:00:00,1262A,119.647,29.077,金华市,十五中,,43,43,42,15,18,190,27,28,28,17,22,2,3,0.4,0.5
2023-08-08T05:00:00,1263A,119.686,29.1029,金华市,监测站,,47,47,44,29,25,240,5,32,17,39,28,4,4,0.8,0.7
2023-08-08T05:00:00,1264A,118.8692,28.9398,衢州市,环保大楼,,35,35,34,23,21,121,4,27,17,28,14,4,4,0.6,0.5
2023-08-08T05:00:00,1265A,118.8709,28.9666,衢州市,实验学校,,41,41,33,17,15,110,7,26,20,33,21,3,3,0.5,0.4
2023-08-08T05:00:00,1266A,118.8621,28.9808,衢州市,衢州学院,,32,32,33,15,19,91,8,22,14,34,24,2,3,0.5,0.5
2023-08-08T05:00:00,1267A,119.914,28.4514,丽水市,监测站大楼,,20,20,25,2,16,149,24,41,31,22,14,6,5,0.6,0.6
2023-08-08T05:00:00,1268A,119.93,28.4586,丽水市,莲都小学,,16,16,29,5,13,148,23,53,30,19,14,5,5,0.5,0.5
2023-08-08T05:00:00,1269A,119.879,28.4231,丽水市,余庄前,,14,14,26,8,16,159,4,14,8,13,13,5,5,0.5,0.5
2023-08-08T05:00:00,1270A,117.1959,31.7848,合肥市,明珠广场,,27,27,29,17,18,128,74,86,82,16,13,5,5,0.4,0.4
2023-08-08T05:00:00,1271A,117.3072,31.8764,合肥市,三里街,,32,29,26,22,19,111,75,78,77,10,10,5,4,0.6,0.6
2023-08-08T05:00:00,1272A,117.2588,31.8707,合肥市,琥珀山庄,,34,34,27,17,18,120,72,86,80,17,9,5,4,0.6,0.7
2023-08-08T05:00:00,1273A,117.1604,31.9052,合肥市,董铺水库,,,31,24,,13,113,80,92,84,8,7,3,3,0.3,0.4
2023-08-08T05:00:00,1274A,117.25,31.8571,合肥市,长江中路,,29,29,31,16,20,118,67,85,79,14,7,6,6,0.4,0.4
2023-08-08T05:00:00,1275A,117.266,31.9436,合肥市,庐阳区,,31,31,30,19,19,110,76,78,77,13,11,4,4,0.4,0.4
2023-08-08T05:00:00,1276A,117.336,31.8586,合肥市,瑶海区,,29,29,31,13,14,109,78,88,81,8,5,9,8,0.6,0.6
2023-08-08T05:00:00,1277A,117.3027,31.7964,合肥市,包河区,,35,31,30,24,21,102,53,76,70,32,21,8,8,0.4,0.5
2023-08-08T05:00:00,1278A,117.2776,31.7385,合肥市,滨湖新区,,31,31,31,12,16,115,78,84,81,8,9,5,5,0.5,0.5
2023-08-08T05:00:00,1279A,117.1318,31.8403,合肥市,高新区,,31,31,30,21,20,111,74,83,78,16,12,8,8,0.6,0.5
2023-08-08T05:00:00,1280A,119.3903,26.0543,福州市,鼓山,,,,,,,,,,,,,,,,
2023-08-08T05:00:00,1282A,119.2681,26.0504,福州市,师大,,19,8,36,2,21,151,60,77,64,7,11,4,4,0.4,0.5
2023-08-08T05:00:00,1283A,119.2984,26.1028,福州市,五四北路,,19,19,35,6,21,172,47,66,56,6,13,2,3,0.3,0.4
2023-08-08T05:00:00,1284A,119.2648,26.0768,福州市,杨桥西路,,17,12,35,2,22,154,52,68,56,7,11,3,3,0.4,0.5
2023-08-08T05:00:00,1285A,119.317,26.0746,福州市,紫阳,,16,14,39,7,24,167,51,61,54,8,15,3,3,0.4,0.5
2023-08-08T05:00:00,1286A,118.1608,24.8169,厦门市,溪东,,,,,,,,,,,,,,,,
2023-08-08T05:00:00,1287A,118.1514,24.4767,厦门市,洪文,颗粒物(PM10),54,57,48,21,21,112,20,24,23,27,20,1,2,0.3,0.4
2023-08-08T05:00:00,1288A,118.0661,24.4444,厦门市,鼓浪屿,颗粒物(PM10),55,59,47,30,27,122,25,24,24,23,26,1,1,0.4,0.5
2023-08-08T05:00:00,1290A,115.8931,28.6843,南昌市,省外办,,20,20,30,12,16,140,51,68,54,15,14,8,9,0.6,0.7
2023-08-08T05:00:00,1291A,115.8886,28.7003,南昌市,省林业公司,,22,22,23,7,15,141,41,58,39,31,25,5,6,0.4,0.4
2023-08-08T05:00:00,1292A,115.8126,28.7442,南昌市,林科所,,19,19,14,7,9,123,52,51,51,6,9,4,5,0.7,0.7
2023-08-08T05:00:00,1294A,115.8518,28.687,南昌市,建工学校,,24,24,21,10,10,140,59,51,49,10,12,5,5,0.7,0.7
2023-08-08T05:00:00,1295A,115.8921,28.6424,南昌市,象湖,,19,10,17,12,16,146,60,65,63,8,12,4,4,0.7,0.8
2023-08-08T05:00:00,1296A,115.7423,28.7996,南昌市,武术学校,,,17,18,7,14,89,4,8,6,4,5,7,6,,
2023-08-08T05:00:00,1298A,115.9314,28.6842,南昌市,省站,,27,27,35,12,16,148,49,57,48,10,12,8,9,0.4,0.5
2023-08-08T05:00:00,1299A,116.9862,36.6114,济南市,科干所,,25,22,42,10,20,195,77,86,82,18,17,7,8,0.5,0.5
2023-08-08T05:00:00,1300A,116.9376,36.665,济南市,农科所,,25,22,43,5,17,205,77,74,70,18,26,11,11,0.4,0.5
2023-08-08T05:00:00,1301A,117.1265,36.6734,济南市,开发区,,32,32,42,15,17,201,66,65,65,24,21,7,7,0.6,0.6
2023-08-08T05:00:00,1303A,117.0624,36.6868,济南市,省种子仓库,,27,27,43,7,16,198,70,62,62,17,20,7,7,0.6,0.6
2023-08-08T05:00:00,1304A,116.9489,36.6447,济南市,机床二厂,,29,29,44,12,16,210,70,68,66,31,25,9,10,0.7,0.7
2023-08-08T05:00:00,1305A,117.0495,36.663,济南市,市监测站,,34,34,45,15,19,200,65,65,65,39,25,4,5,0.5,0.5
2023-08-08T05:00:00,1306A,116.7675,36.5484,济南市,长清党校,,39,39,54,24,23,205,82,92,82,17,24,7,8,0.6,0.6
2023-08-08T05:00:00,1307A,120.6659,36.2403,青岛市,仰口,,22,12,12,9,11,79,68,64,64,9,11,6,6,0.3,0.3
2023-08-08T05:00:00,1310A,120.4134,36.0658,青岛市,市南区东部子站,,20,19,22,14,12,145,59,62,61,16,17,6,6,0.5,0.5
2023-08-08T05:00:00,1311A,120.3664,36.1032,青岛市,四方区子站,,29,29,23,7,8,127,46,62,53,24,26,6,7,0.5,0.5
2023-08-08T05:00:00,1312A,120.2994,36.054,青岛市,市南区西部子站,,22,22,25,10,6,117,52,60,56,14,13,6,6,0.5,0.5
2023-08-08T05:00:00,1313A,120.4581,36.0858,青岛市,崂山区子站,,20,12,20,7,10,154,62,63,62,16,15,7,7,0.4,0.4
2023-08-08T05:00:00,1314A,120.1983,35.9608,青岛市,黄岛区子站,,29,29,25,15,12,129,29,32,31,36,29,7,6,0.5,0.5
2023-08-08T05:00:00,1315A,120.3999,36.3083,青岛市,城阳区子站,,,,21,,9,82,,78,,,9,,6,,0.5
2023-08-08T05:00:00,1316A,113.69031,34.76122,郑州市,烟厂,,43,43,35,28,18,140,62,93,73,34,17,1,2,0.6,0.5
2023-08-08T05:00:00,1317A,113.65724,34.77134,郑州市,郑纺机,,,42,32,,,141,74,104,90,21,10,1,2,0.6,0.5
2023-08-08T05:00:00,1318A,113.67526,34.80246,郑州市,银行学校,,37,37,29,11,11,139,68,91,71,24,16,3,3,0.7,0.6
2023-08-08T05:00:00,1319A,113.56746,34.81334,郑州市,供水公司,,39,39,36,19,15,146,70,46,46,24,22,1,1,0.7,0.6
2023-08-08T05:00:00,1320A,113.7329,34.7178,郑州市,经开区管委,颗粒物(PM10),51,51,35,24,18,133,41,70,57,30,13,3,3,0.5,0.5
2023-08-08T05:00:00,1321A,113.73961,34.77172,郑州市,四十七中,,43,43,33,26,18,132,61,74,55,34,18,1,1,0.6,0.5
2023-08-08T05:00:00,1322A,113.60532,34.74838,郑州市,市监测站,颗粒物(PM10),69,87,38,23,14,150,51,96,73,33,15,3,3,0.5,0.5
2023-08-08T05:00:00,1323A,113.64164,34.7525,郑州市,河医大,,49,49,39,18,14,126,64,90,85,23,14,2,3,0.5,0.5
2023-08-08T05:00:00,1324A,113.51488,34.91089,郑州市,岗李水库,,,,,,,,,,,,,,,,
2023-08-08T05:00:00,1325A,114.3677,30.5584,武汉市,东湖梨园,,29,29,34,15,19,157,50,64,53,18,12,5,5,0.7,0.8
2023-08-08T05:00:00,1326A,114.2529,30.558,武汉市,汉阳月湖,,31,31,34,17,15,126,63,62,58,16,15,6,7,0.8,0.7
2023-08-08T05:00:00,1327A,114.282,30.6189,武汉市,汉口花桥,,36,36,34,20,20,126,78,67,67,10,10,7,7,0.6,0.5
2023-08-08T05:00:00,1328A,114.3025,30.5332,武汉市,武昌紫阳,,28,28,34,4,7,168,44,67,53,16,13,6,6,0.6,0.8
2023-08-08T05:00:00,1329A,114.3646,30.6217,武汉市,青山钢花,,37,37,37,22,24,128,75,65,63,7,6,7,7,0.7,0.6
2023-08-08T05:00:00,1330A,114.1566,30.4825,武汉市,沌口新区,,,31,32,33,25,168,35,67,49,,11,5,5,0.7,0.5
2023-08-08T05:00:00,1331A,114.3014,30.5944,武汉市,汉口江滩,,31,31,30,15,18,140,78,73,71,7,9,5,5,0.9,1
2023-08-08T05:00:00,1333A,114.135,30.6319,武汉市,吴家山,,31,31,40,17,17,122,83,86,81,8,13,6,6,0.6,0.6
2023-08-08T05:00:00,1334A,113.8454,30.2917,武汉市,沉湖七壕,,31,31,27,14,16,130,46,67,62,17,14,6,6,0.7,0.7
2023-08-08T05:00:00,1335A,113.0833,28.2325,长沙市,经开区环保局,,17,17,26,10,16,138,39,41,38,6,13,5,4,0.4,0.5
2023-08-08T05:00:00,1336A,112.8872,28.2189,长沙市,高开区环保局,,19,14,21,12,17,98,59,52,52,3,11,4,4,0.6,0.6
2023-08-08T05:00:00,1337A,113.0792,28.2053,长沙市,马坡岭,,24,24,33,13,20,167,36,56,46,9,15,5,4,0.4,0.4
2023-08-08T05:00:00,1338A,112.9394,28.19,长沙市,湖南师范大学,,,,24,25,19,116,42,43,43,8,10,2,1,0.4,0.4
2023-08-08T05:00:00,1339A,113.0178,28.1322,长沙市,雨花区环保局,,34,34,32,13,16,150,38,48,40,12,13,4,5,0.4,0.5
2023-08-08T05:00:00,1340A,112.9792,28.2597,长沙市,伍家岭,,27,27,28,14,18,135,19,44,36,19,14,2,2,0.4,0.5
2023-08-08T05:00:00,1341A,113.0014,28.1944,长沙市,火车新站,,20,15,18,14,17,128,40,46,45,8,9,4,4,0.5,0.6
2023-08-08T05:00:00,1342A,112.9844,28.1178,长沙市,天心区环保局,,15,12,20,9,15,145,45,38,38,10,14,2,2,0.6,0.6
2023-08-08T05:00:00,1343A,112.8908,28.1308,长沙市,湖南中医药大学,,20,15,18,14,13,131,52,52,52,7,9,3,2,0.6,0.7
2023-08-08T05:00:00,1344A,112.9581,28.3611,长沙市,沙坪,,37,37,41,14,16,119,17,40,31,6,7,5,5,0.6,0.5
2023-08-08T05:00:00,1345A,113.2347,23.1423,广州市,广雅中学,,18,18,31,9,13,141,35,39,37,14,16,4,4,0.8,0.9
2023-08-08T05:00:00,1346A,113.2612,23.105,广州市,市五中,,16,16,26,8,14,153,34,42,35,11,12,5,5,0.6,0.6
2023-08-08T05:00:00,1348A,113.3478,23.0916,广州市,广东商学院,,22,22,29,10,14,121,17,31,25,27,23,4,4,0.5,0.5
2023-08-08T05:00:00,1349A,113.4332,23.1047,广州市,市八十六中,,25,25,31,9,13,126,16,34,23,19,17,4,4,0.5,0.5
2023-08-08T05:00:00,1350A,113.3505,22.9483,广州市,番禺中学,,17,17,24,9,12,138,36,44,39,14,15,4,4,0.6,0.6
2023-08-08T05:00:00,1351A,113.2146,23.3916,广州市,花都师范,,28,28,34,12,22,147,18,22,21,27,22,12,9,0.5,0.6
2023-08-08T05:00:00,1352A,113.2597,23.1331,广州市,市监测站,,13,12,27,6,14,138,39,38,36,11,17,6,6,0.7,0.8
2023-08-08T05:00:00,1353A,113.5618,23.312,广州市,九龙镇镇龙,,20,20,23,4,12,105,8,28,17,21,22,4,4,0.6,0.7
2023-08-08T05:00:00,1354A,113.2765,23.1544,广州市,麓湖,,14,14,26,7,13,141,36,38,36,10,13,6,6,0.6,0.7
2023-08-08T05:00:00,1355A,113.443,23.3035,广州市,帽峰山森林公园,,17,17,32,7,14,168,27,27,27,11,19,7,8,0.2,0.3
2023-08-08T05:00:00,1356A,114.1063,22.5545,深圳市,通心岭子站,,18,18,22,8,10,67,32,29,29,12,14,4,4,0.8,0.7
2023-08-08T05:00:00,1357A,114.117,22.5625,深圳市,洪湖,,26,26,26,9,9,61,33,30,30,15,18,5,5,0.7,0.7
2023-08-08T05:00:00,1358A,113.987,22.5417,深圳市,华侨城,,19,19,23,9,10,63,29,43,37,17,16,8,6,0.7,0.6
2023-08-08T05:00:00,1359A,113.9181,22.5171,深圳市,南海子站,,26,26,50,12,16,55,30,36,32,19,20,5,5,0.6,0.5
2023-08-08T05:00:00,1360A,114.2458,22.5689,深圳市,盐田,,18,18,19,10,8,50,30,21,21,15,29,5,4,0.7,0.7
2023-08-08T05:00:00,1361A,114.2283,22.7244,深圳市,龙岗,,16,16,24,8,10,78,26,24,24,22,22,7,7,0.8,0.7
2023-08-08T05:00:00,1363A,114.494,22.5422,深圳市,南澳,,22,22,20,10,9,74,15,18,16,11,11,6,6,0.6,0.6
2023-08-08T05:00:00,1364A,114.41,22.6342,深圳市,葵涌,,22,22,25,12,11,69,6,15,6,15,12,3,3,0.6,0.6
2023-08-08T05:00:00,1365A,114.297,22.5978,深圳市,梅沙,,23,23,25,9,11,66,3,2,2,30,23,6,5,0.5,0.6
2023-08-08T05:00:00,1366A,114.0678,22.738,深圳市,观澜,,23,23,27,7,10,78,29,27,27,16,20,6,6,0.5,0.5
2023-08-08T05:00:00,1367A,113.5814,22.2618,珠海市,吉大,,22,22,22,3,11,86,50,46,46,10,12,5,5,0.6,0.6
2023-08-08T05:00:00,1368A,113.4881,22.2335,珠海市,前山,,19,19,21,5,11,84,41,43,41,13,12,7,8,0.4,0.5
2023-08-08T05:00:00,1369A,113.628,22.4251,珠海市,唐家,,25,25,21,11,12,83,35,45,39,8,6,6,5,0.5,0.4
2023-08-08T05:00:00,1370A,113.299,22.2281,珠海市,斗门,,15,10,16,3,10,80,45,52,50,4,7,6,6,0.5,0.5
2023-08-08T05:00:00,1371A,113.1294,23.0067,佛山市,湾梁,,12,5,14,7,11,128,38,41,38,8,9,8,6,0.5,0.5
2023-08-08T05:00:00,1372A,113.1083,23.0478,佛山市,华材职中,,11,9,19,7,10,120,33,37,35,11,11,11,10,0.5,0.5
2023-08-08T05:00:00,1373A,113.144,23.0453,佛山市,南海气象局,,16,16,23,9,11,110,34,36,35,11,12,6,6,0.4,0.5
2023-08-08T05:00:00,1374A,113.2881,22.8094,佛山市,顺德苏岗,,11,3,16,5,12,125,33,37,34,8,9,7,7,0.6,0.7
2023-08-08T05:00:00,1376A,112.8383,22.8678,佛山市,高明孔堂,,18,18,19,9,10,91,36,45,41,11,7,6,5,0.5,0.5
2023-08-08T05:00:00,1377A,112.8836,23.1588,佛山市,三水监测站,,22,22,28,9,14,93,18,18,17,21,24,8,5,0.7,0.7
2023-08-08T05:00:00,1378A,112.867,23.185,佛山市,三水云东海,,25,25,27,12,14,103,21,33,26,21,19,11,9,0.6,0.6
2023-08-08T05:00:00,1379A,113.3769,22.5211,中山市,华柏园,,19,14,18,13,8,88,38,51,46,13,10,8,7,0.5,0.4
2023-08-08T05:00:00,1380A,113.3881,22.5497,中山市,张溪,,23,23,23,8,9,94,35,50,44,11,6,8,6,0.6,0.5
2023-08-08T05:00:00,1381A,113.4075,22.5111,中山市,紫马岭,,15,15,17,8,10,91,39,48,45,7,5,3,3,0.3,0.3
2023-08-08T05:00:00,1382A,113.4411,22.4853,中山市,长江旅游区,,14,14,16,6,9,96,32,48,40,5,4,10,10,0.4,0.4
2023-08-08T05:00:00,1383A,113.1064,22.6058,江门市,北街,,15,12,21,10,13,83,39,42,41,6,8,6,6,0.5,0.5
2023-08-08T05:00:00,1384A,113.0731,22.5835,江门市,西区,,24,24,22,4,10,92,39,44,42,12,12,7,6,0.4,0.4
2023-08-08T05:00:00,1385A,113.0219,22.5311,江门市,圭峰西,,13,13,21,6,10,89,35,45,40,10,10,4,3,0.6,0.6
2023-08-08T05:00:00,1386A,113.0828,22.5947,江门市,东湖,,16,16,22,7,8,99,46,49,48,6,8,7,5,0.3,0.4
2023-08-08T05:00:00,1389A,113.7547,23.0494,东莞市,莞城梨川,,18,18,25,8,11,115,31,34,31,17,17,10,10,0.7,0.7
2023-08-08T05:00:00,1390A,113.7944,23.0128,东莞市,东城石井,,19,19,23,8,12,117,18,34,27,20,15,8,8,0.6,0.6
2023-08-08T05:00:00,1391A,113.7383,22.9658,东莞市,南城西平,,18,18,25,7,11,113,34,42,38,18,16,8,6,0.6,0.6
2023-08-08T05:00:00,1392A,114.4183,23.0528,惠州市,河南岸金山湖子站,,31,31,35,12,16,97,2,18,9,28,21,3,3,0.6,0.6
2023-08-08T05:00:00,1393A,114.4053,23.0822,惠州市,下埔横江三路子站,,25,25,28,11,12,110,19,20,17,22,19,4,5,0.8,0.8
2023-08-08T05:00:00,1394A,114.4103,23.1142,惠州市,江北云山西路子站,,27,27,32,12,15,103,18,23,15,19,18,4,5,0.6,0.6
2023-08-08T05:00:00,1395A,114.4645,22.7833,惠州市,惠阳区承修路船湖子站,,29,29,27,19,15,80,12,20,16,27,20,5,5,0.7,0.8
2023-08-08T05:00:00,1396A,114.5317,22.7422,惠州市,大亚湾管委会子站,,25,25,29,11,12,76,4,19,14,30,20,4,4,0.7,0.7
2023-08-08T05:00:00,1397A,112.4267,23.0706,肇庆市,睦岗子站,,16,16,25,7,12,102,24,35,32,14,12,8,9,0.4,0.4
2023-08-08T05:00:00,1398A,112.4645,23.0475,肇庆市,城中子站,,22,22,45,8,14,93,24,35,30,21,15,13,7,0.5,0.4
2023-08-08T05:00:00,1399A,112.5544,23.1522,肇庆市,坑口子站,,9,9,22,4,11,97,19,26,22,13,15,5,7,0.3,0.3
2023-08-08T05:00:00,1400A,112.4753,23.1,肇庆市,七星岩子站,,,,,,,,,,,,,,,,
2023-08-08T05:00:00,1401A,108.3103,22.7881,南宁市,二十一中,,15,1,13,10,8,83,30,35,33,9,9,4,4,0.6,0.7
2023-08-08T05:00:00,1402A,108.3141,22.8528,南宁市,北湖,,13,13,14,6,8,86,35,38,37,4,8,4,4,0.6,0.6
2023-08-08T05:00:00,1403A,108.3206,22.8225,南宁市,市监测站,,12,10,14,8,8,87,35,37,36,3,12,6,6,0.4,0.5
2023-08-08T05:00:00,1404A,108.3829,22.8037,南宁市,大自然花园,,12,12,14,6,7,79,30,34,31,6,9,5,5,0.7,0.7
2023-08-08T05:00:00,1405A,108.4394,22.7904,南宁市,仙葫,,12,8,13,8,8,66,29,27,27,8,9,4,4,1.1,1.1
2023-08-08T05:00:00,1406A,108.2397,22.8467,南宁市,区农职院,,12,11,17,8,7,96,28,32,30,11,16,6,6,0.6,0.7
2023-08-08T05:00:00,1407A,108.3275,22.735,南宁市,英华嘉园,,17,17,15,8,8,79,25,30,28,10,10,5,5,0.5,0.6
2023-08-08T05:00:00,1408A,108.2257,22.7757,南宁市,沙井镇街道办,,25,25,21,7,8,87,14,18,17,21,20,5,5,0.5,0.6
2023-08-08T05:00:00,1409A,110.576,19.9507,海口市,东寨港,,,,,,,,,,,,,,,,
2023-08-08T05:00:00,1410A,110.3232,20.0574,海口市,海南大学,,16,16,23,8,11,60,44,40,40,6,9,6,6,0.3,0.3
2023-08-08T05:00:00,1411A,110.283,20.0053,海口市,秀英海南医院,,20,20,29,7,13,60,35,36,34,12,15,6,6,0.3,0.3
2023-08-08T05:00:00,1412A,110.338,19.9969,海口市,海南师范大学,,13,13,25,9,13,66,30,35,34,12,11,7,7,0.3,0.3
2023-08-08T05:00:00,1413A,110.33,20.0356,海口市,龙华路环保局宿舍,,15,15,23,7,11,58,38,39,39,9,10,6,7,0.2,0.3
2023-08-08T05:00:00,1414A,106.3787,29.8279,重庆市,缙云山,,24,12,23,5,13,116,76,91,85,6,7,8,8,0.2,0.3
2023-08-08T05:00:00,1416A,106.4213,29.8253,重庆市,天生,,20,17,20,14,17,124,19,52,36,19,15,5,5,0.8,0.7
2023-08-08T05:00:00,1417A,106.6263,29.7228,重庆市,两路,,20,13,21,14,18,163,26,51,40,36,23,6,5,0.9,0.9
2023-08-08T05:00:00,1418A,106.2953,29.5983,重庆市,虎溪,,29,29,21,19,15,114,23,59,38,22,14,5,4,0.8,0.6
2023-08-08T05:00:00,1419A,106.5777,29.5102,重庆市,南坪,,28,28,30,10,16,204,36,42,34,23,22,13,8,0.9,0.6
2023-08-08T05:00:00,1420A,106.6556,29.6277,重庆市,唐家沱,,20,20,16,13,15,211,18,42,34,29,22,4,4,0.5,0.5
2023-08-08T05:00:00,1421A,106.6349,29.4906,重庆市,茶园,,33,33,24,9,9,211,32,36,35,41,25,17,7,1.2,0.7
2023-08-08T05:00:00,1422A,106.3754,29.4572,重庆市,白市驿,,30,30,23,5,10,142,18,37,27,25,16,6,6,0.8,0.6
2023-08-08T05:00:00,1425A,106.6205,29.7166,重庆市,空港,,15,14,26,8,12,170,47,64,57,23,19,6,6,0.7,0.8
2023-08-08T05:00:00,1426A,106.4782,29.4875,重庆市,新山村,,34,34,28,15,17,152,17,36,28,37,30,13,11,0.6,0.4
2023-08-08T05:00:00,1427A,106.5616,29.6453,重庆市,礼嘉,,20,20,21,10,13,160,31,33,30,26,21,6,6,0.7,0.7
2023-08-08T05:00:00,1428A,106.4522,29.7091,重庆市,蔡家,,21,21,27,7,13,120,24,40,32,23,17,3,3,0.8,0.8
2023-08-08T05:00:00,1429A,106.5093,29.3917,重庆市,鱼新街,,29,29,19,13,13,155,16,33,23,34,26,13,7,1.2,0.9
2023-08-08T05:00:00,1431A,103.9728,30.7236,成都市,金泉两河,,18,18,22,9,10,156,19,58,35,10,9,3,3,0.4,0.4
2023-08-08T05:00:00,1432A,104.176,30.6872,成都市,十里店,,30,30,14,12,7,149,30,54,36,15,9,3,22,0.5,0.4
2023-08-08T05:00:00,1433A,104.079,30.5706,成都市,三瓦窑,,30,30,21,8,10,162,15,43,29,43,15,2,2,0.4,0.4
2023-08-08T05:00:00,1434A,104.1114,30.63,成都市,沙河铺,,28,21,19,19,9,143,32,40,32,17,12,2,2,0.6,0.5
2023-08-08T05:00:00,1437A,104.0786,30.6531,成都市,君平街,,29,18,20,20,14,172,57,54,54,10,12,3,4,0.5,0.6
2023-08-08T05:00:00,1438A,103.613,31.0283,成都市,灵岩寺,,28,4,16,2,10,123,87,100,93,2,4,3,6,0.5,0.5
2023-08-08T05:00:00,1439A,106.6899,26.5998,贵阳市,马鞍山,,22,22,20,2,4,67,8,8,8,10,11,5,4,0.4,0.3
2023-08-08T05:00:00,1440A,106.6971,26.5694,贵阳市,市环保站,,20,17,16,14,12,89,14,22,19,26,23,3,4,0.8,0.8
2023-08-08T05:00:00,1441A,106.6243,26.6266,贵阳市,鉴湖路,,9,9,14,2,10,68,22,34,31,7,11,3,5,0.3,0.4
2023-08-08T05:00:00,1442A,106.7487,26.6343,贵阳市,燕子冲,,17,17,14,9,8,70,7,5,5,20,16,4,5,0.7,0.7
2023-08-08T05:00:00,1443A,106.6555,26.4365,贵阳市,碧云窝,,22,22,22,2,5,79,6,11,9,7,8,4,3,0.4,0.4
2023-08-08T05:00:00,1444A,106.694,26.5161,贵阳市,中院村,,14,14,19,5,8,73,2,22,15,26,15,4,5,0.3,0.4
2023-08-08T05:00:00,1445A,106.7109,26.6027,贵阳市,红边门,,32,24,20,22,16,71,7,16,13,19,18,5,5,0.6,0.6
2023-08-08T05:00:00,1446A,106.7164,26.5699,贵阳市,新华路,,24,24,20,9,11,79,7,12,11,23,20,3,4,0.5,0.4
2023-08-08T05:00:00,1447A,106.674,26.5424,贵阳市,太慈桥,,7,7,13,0,2,74,6,6,6,8,12,3,3,0.4,0.5
2023-08-08T05:00:00,1450A,102.8204,24.8886,昆明市,呈贡新区,,23,23,24,8,11,69,44,47,43,10,17,4,8,0.5,0.5
2023-08-08T05:00:00,1451A,102.6251,24.9608,昆明市,西山森林公园,,13,5,7,1,4,84,39,61,52,12,8,9,7,0.4,0.4
2023-08-08T05:00:00,1452A,102.7252,25.0902,昆明市,龙泉镇,,15,15,13,4,5,70,19,22,17,9,13,7,7,0.4,0.4
2023-08-08T05:00:00,1453A,102.7266,25.0375,昆明市,东风东路,,13,13,11,5,6,69,34,46,37,16,16,3,2,0.3,0.3
2023-08-08T05:00:00,1454A,102.6742,25.0669,昆明市,金鼎山,二氧化硫,51,37,21,21,12,64,21,39,25,17,14,151,38,0.5,0.5
2023-08-08T05:00:00,1455A,102.6644,25.0401,昆明市,碧鸡广场,,34,26,14,12,8,76,34,45,38,18,16,100,19,0.6,0.5
2023-08-08T05:00:00,1456A,91.1319,29.6514,拉萨市,八廓街,,25,6,13,5,8,120,78,85,83,13,19,6,7,0.2,0.3
2023-08-08T05:00:00,1457A,91.1221,29.6747,拉萨市,市环保局,,25,2,10,6,6,116,78,91,82,9,13,6,7,0.1,0.2
2023-08-08T05:00:00,1458A,91.0874,29.6475,拉萨市,区监测站,,21,5,8,5,6,110,65,89,74,9,16,8,8,0.1,0.1
2023-08-08T05:00:00,1459A,91.1774,29.6541,拉萨市,西藏大学,,24,4,10,5,6,126,75,93,82,8,10,11,12,0.2,0.2
2023-08-08T05:00:00,1460A,90.9798,29.6588,拉萨市,区辐射站,,22,9,13,5,6,109,69,72,68,7,15,10,10,0.0,0.1
2023-08-08T05:00:00,1461A,91.0834,29.6292,拉萨市,拉萨火车站,,20,5,12,5,6,110,63,78,67,6,11,10,11,0.3,0.3
2023-08-08T05:00:00,1462A,108.882,34.2749,西安市,高压开关厂,,50,50,35,27,18,99,32,54,45,27,22,10,8,0.6,0.6
2023-08-08T05:00:00,1463A,108.993,34.2629,西安市,兴庆小区,,39,39,31,24,18,98,47,74,50,12,16,5,5,0.7,0.7
2023-08-08T05:00:00,1464A,109.06,34.2572,西安市,纺织城,细颗粒物(PM2.5),62,51,36,44,28,100,22,26,24,22,22,2,2,0.4,0.4
2023-08-08T05:00:00,1465A,108.9356,34.2173,西安市,小寨,,35,35,32,19,17,92,47,44,44,7,12,7,7,0.5,0.5
2023-08-08T05:00:00,1466A,108.954,34.2713,西安市,市人民体育场,,41,41,33,26,23,94,41,75,48,14,20,6,6,0.5,0.5
2023-08-08T05:00:00,1467A,108.8922,34.2322,西安市,高新西区,,44,44,37,28,22,109,46,52,50,14,17,8,7,0.6,0.7
2023-08-08T05:00:00,1468A,108.935,34.3474,西安市,经开区,,36,36,34,24,18,96,23,67,37,16,15,2,2,0.6,0.5
2023-08-08T05:00:00,1469A,108.906,34.1546,西安市,长安区,,43,43,37,23,18,98,44,52,50,8,12,5,5,0.9,0.9
2023-08-08T05:00:00,1471A,109.2186,34.3731,西安市,临潼区,颗粒物(PM10),53,55,37,25,21,79,30,69,47,21,15,4,3,0.5,0.5
2023-08-08T05:00:00,1472A,108.869,34.378,西安市,草滩,颗粒物(PM10),54,57,33,18,14,97,25,40,21,30,31,14,11,0.6,0.5
2023-08-08T05:00:00,1473A,108.985,34.1978,西安市,曲江文化产业集团,颗粒物(PM10),53,56,39,24,17,104,49,50,48,14,19,4,4,0.9,0.8
2023-08-08T05:00:00,1474A,109.051,34.3213,西安市,广运潭,,30,30,32,19,18,85,36,45,40,24,17,7,8,0.6,0.6
2023-08-08T05:00:00,1476A,103.631,36.1031,兰州市,兰炼宾馆,,30,27,38,21,20,254,53,64,56,21,26,4,5,0.3,0.3
2023-08-08T05:00:00,1477A,104.1373,35.9454,兰州市,榆中兰大校区,,,,,,,,,,,,,,,,
2023-08-08T05:00:00,1478A,103.8412,36.0726,兰州市,生物制品所,,33,26,31,23,24,178,60,78,68,14,20,1,3,0.7,0.8
2023-08-08T05:00:00,1479A,103.831,36.0464,兰州市,铁路设计院,,24,24,34,13,21,179,55,71,60,23,29,5,6,0.5,0.7
2023-08-08T05:00:00,1483A,101.524,36.6867,西宁市,第五水厂,,,,,,,,,,,,,,,,
2023-08-08T05:00:00,1484A,105.9512,38.6016,银川市,贺兰山马莲口,,27,10,18,12,13,219,84,99,91,8,10,5,6,0.5,0.5
2023-08-08T05:00:00,1488A,106.2328,38.4975,银川市,贺兰山东路,,31,31,38,17,23,224,67,96,86,20,19,11,9,0.6,0.6
2023-08-08T05:00:00,1489A,106.1358,38.5036,银川市,学院路,,33,33,36,13,18,222,81,94,64,16,23,11,13,0.5,0.5
2023-08-08T05:00:00,1490A,87.5801,43.8303,乌鲁木齐市,监测站,,40,40,51,9,14,168,65,84,75,17,27,7,5,0.4,0.5
2023-08-08T05:00:00,1491A,87.6046,43.768,乌鲁木齐市,收费所,,40,40,45,18,16,180,71,95,86,12,21,6,9,0.3,0.4
2023-08-08T05:00:00,1492A,87.4754,43.9469,乌鲁木齐市,新疆农科院农场,,42,42,75,13,15,138,49,79,60,20,29,4,4,0.8,0.8
2023-08-08T05:00:00,1493A,87.5525,43.8711,乌鲁木齐市,铁路局,,43,43,54,16,17,170,60,86,70,20,27,5,5,0.2,0.2
2023-08-08T05:00:00,1494A,87.6432,43.831,乌鲁木齐市,三十一中学,,46,46,47,14,12,167,60,82,71,12,19,9,7,0.3,0.6
2023-08-08T05:00:00,1496A,87.7216,44.1747,乌鲁木齐市,米东区环保局,,37,37,72,11,23,156,54,63,61,11,16,6,9,0.2,0.4
2023-08-08T05:00:00,1508A,112.9433,27.8614,湘潭市,板塘,,28,28,32,17,17,186,17,41,36,28,16,6,7,0.3,0.3
2023-08-08T05:00:00,1511A,112.9118,27.8403,湘潭市,市监测站,,22,22,29,14,18,202,62,64,64,13,13,3,5,0.4,0.5
2023-08-08T05:00:00,1512A,112.8937,27.8728,湘潭市,江麓,,32,32,37,13,14,170,41,41,41,14,18,8,8,0.4,0.4
2023-08-08T05:00:00,1513A,112.9227,27.8159,湘潭市,岳塘,,31,31,35,14,17,185,30,45,42,21,17,5,7,0.3,0.5
2023-08-08T05:00:00,1514A,112.9074,27.9119,湘潭市,科大,,33,33,35,18,16,156,35,35,35,12,12,7,7,0.4,0.4
2023-08-08T05:00:00,1515A,113.135,27.8244,株洲市,天台山庄,,31,31,33,11,16,167,35,46,39,17,13,4,4,0.5,0.5
2023-08-08T05:00:00,1518A,113.095,27.8867,株洲市,株冶医院,,26,26,31,12,17,143,26,47,34,15,15,4,4,0.4,0.4
2023-08-08T05:00:00,1519A,113.167,27.8667,株洲市,市四中,,24,24,31,9,15,147,32,32,31,15,14,9,6,0.5,0.4
2023-08-08T05:00:00,1520A,113.143,27.8381,株洲市,火车站,,27,27,32,3,15,168,39,52,42,10,11,7,7,0.6,0.6
2023-08-08T05:00:00,1524A,113.13,27.8528,株洲市,市监测站,,26,26,38,16,21,162,34,38,37,18,14,5,5,0.6,0.6
2023-08-08T05:00:00,1552A,106.805,26.3003,贵阳市,桐木岭,,,,,,,,,,,,,,,,
2023-08-08T05:00:00,1559A,113.251,27.8336,株洲市,大京风景区,,19,19,24,7,12,115,15,25,22,7,7,2,3,0.5,0.5
2023-08-08T05:00:00,1562A,113.0048,27.9153,湘潭市,昭山,,34,34,29,10,14,154,4,13,6,34,20,4,4,0.6,0.6
2023-08-08T05:00:00,1564A,112.4876,27.9164,湘潭市,韶山,,20,20,24,9,12,88,40,49,44,8,6,5,5,0.4,0.3
2023-08-08T05:00:00,1585A,109.8756,40.6532,包头市,市环境监测站,,39,39,42,12,17,182,67,93,88,33,32,21,18,0.8,0.7
2023-08-08T05:00:00,1587A,109.9991,40.5842,包头市,包头八中,,42,42,42,24,18,191,96,102,100,16,22,25,15,0.7,0.7
2023-08-08T05:00:00,1588A,109.8538,40.6821,包头市,青山宾馆,,42,42,44,23,21,177,56,79,69,38,35,9,15,0.7,0.8
2023-08-08T05:00:00,1589A,109.8642,40.6288,包头市,惠龙物流,,35,35,44,18,20,180,95,104,100,24,29,19,15,0.6,0.6
2023-08-08T05:00:00,1590A,110.0377,40.5546,包头市,东河鸿龙湾,,36,25,34,11,14,200,114,117,116,16,17,25,15,0.6,0.7
2023-08-08T05:00:00,1591A,110.0023,39.8129,鄂尔多斯市,综合楼,,29,29,39,12,12,153,71,110,93,23,23,10,9,0.7,0.6
2023-08-08T05:00:00,1592A,109.9486,39.8261,鄂尔多斯市,巴音孟克林场办事处,,36,36,29,17,14,162,92,122,109,13,16,8,9,0.7,0.6
2023-08-08T05:00:00,1593A,109.7736,39.5986,鄂尔多斯市,康泽苑,,40,36,29,28,14,147,72,105,90,14,15,9,8,0.5,0.5
2023-08-08T05:00:00,1594A,109.8119,39.5989,鄂尔多斯市,华泰汽车城,,36,36,33,22,13,142,75,98,88,14,17,8,8,0.7,0.5
2023-08-08T05:00:00,1595A,109.9734,39.7884,鄂尔多斯市,奥林花园,,41,41,36,17,18,147,70,100,84,18,18,7,8,1.1,0.9
2023-08-08T05:00:00,1597A,122.2703,40.7094,营口市,大庆路,,31,31,23,18,15,88,19,34,24,29,14,5,4,0.9,0.7
2023-08-08T05:00:00,1598A,122.2150,40.6511,营口市,镜湖西路,,39,35,16,27,13,89,15,38,24,24,12,5,5,0.7,0.6
2023-08-08T05:00:00,1599A,122.1658,40.6789,营口市,西炮台,,37,37,20,18,10,97,18,40,26,35,19,7,5,0.7,0.5
2023-08-08T05:00:00,1600A,124.3303,40.0625,丹东市,江湾东路,,16,16,18,10,10,101,50,71,61,14,12,4,4,0.7,0.7
2023-08-08T05:00:00,1601A,124.4256,40.1503,丹东市,临江后街,,19,19,16,10,9,75,39,64,52,17,12,11,6,0.6,0.6
2023-08-08T05:00:00,1602A,124.3933,40.1461,丹东市,元宝山,,16,16,16,11,9,86,42,65,52,12,10,6,6,0.7,0.6
2023-08-08T05:00:00,1603A,124.3633,40.1092,丹东市,民主桥,,16,16,16,9,7,100,50,69,59,11,13,3,3,0.6,0.6
2023-08-08T05:00:00,1604A,122.0303,41.1489,盘锦市,开发区,,27,27,17,12,6,99,27,56,41,28,15,10,4,0.7,0.7
2023-08-08T05:00:00,1605A,122.0485,41.0883,盘锦市,兴隆台,,33,33,19,11,8,99,32,70,50,27,16,6,5,0.4,0.4
2023-08-08T05:00:00,1606A,121.8297,41.1028,盘锦市,新生街道,,18,15,14,11,7,85,18,18,13,35,21,12,5,0.5,0.5
2023-08-08T05:00:00,1607A,120.9092,40.7136,葫芦岛市,龙港区,,32,31,33,22,16,114,16,15,15,22,18,11,21,0.4,0.4
2023-08-08T05:00:00,1608A,120.8392,40.7514,葫芦岛市,化工街,,29,29,26,14,12,111,20,21,21,28,18,14,11,0.5,0.5
2023-08-08T05:00:00,1609A,120.8341,40.7073,葫芦岛市,新区,细颗粒物(PM2.5),57,46,29,40,17,110,28,34,28,39,27,5,10,0.7,0.4
2023-08-08T05:00:00,1610A,120.8695,40.7677,葫芦岛市,东城区,,29,26,28,20,12,114,5,17,15,43,27,7,12,0.4,0.4
2023-08-08T05:00:00,1611A,118.5819,24.9117,泉州市,涂山街,,33,33,62,15,27,224,54,49,49,6,16,4,4,0.6,0.7
2023-08-08T05:00:00,1612A,118.5972,24.8978,泉州市,津头埔,,26,25,56,18,31,228,58,50,50,9,22,3,4,0.6,0.7
2023-08-08T05:00:00,1613A,118.6663,24.9424,泉州市,万安,,34,34,63,13,33,222,46,50,48,13,17,3,3,0.6,0.7
2023-08-08T05:00:00,1614A,118.6117,24.9604,泉州市,清源山,,,,,,,,,,,,,,,,
2023-08-08T05:00:00,1616A,117.6795,36.229,济南市,技术学院,,31,31,31,21,16,164,41,62,56,25,15,7,7,0.7,0.7
2023-08-08T05:00:00,1618A,118.3429,35.0532,临沂市,沂河小区,,22,22,23,13,11,139,58,64,62,16,10,5,5,0.3,0.2
2023-08-08T05:00:00,1619A,118.295,35.0583,临沂市,鲁南制药厂,,18,17,16,8,8,152,55,69,64,14,7,5,3,0.3,0.2
2023-08-08T05:00:00,1620A,118.2794,34.9976,临沂市,新光毛纺厂,,17,9,13,9,7,139,53,64,60,14,8,5,5,0.3,0.3
2023-08-08T05:00:00,1621A,118.3956,35.0888,临沂市,河东保险公司,,17,17,17,6,7,121,31,42,40,24,11,3,3,0.5,0.5
2023-08-08T05:00:00,1622A,116.3032,37.4674,德州市,儿童乐园,,34,34,37,19,18,153,70,80,77,10,9,10,10,0.7,0.7
2023-08-08T05:00:00,1624A,116.2991,37.4451,德州市,监理站,,34,34,33,17,17,148,59,81,71,14,7,11,10,0.5,0.5
2023-08-08T05:00:00,1625A,115.9848,36.4372,聊城市,区政府,,50,50,42,25,22,198,51,100,73,24,15,6,5,0.4,0.4
2023-08-08T05:00:00,1628A,118.0062,37.3803,滨州市,市环保局,,31,31,27,20,18,142,34,48,41,20,11,14,5,0.4,0.2
2023-08-08T05:00:00,1629A,118.0018,37.3617,滨州市,第二水厂,,29,29,29,14,13,136,26,56,35,28,12,13,9,0.5,0.4
2023-08-08T05:00:00,1630A,117.9776,37.393,滨州市,北中新校,,35,35,32,18,16,150,26,52,43,26,13,9,4,0.4,0.3
2023-08-08T05:00:00,1631A,118.0414,36.8103,淄博市,人民公园,,29,29,24,12,10,140,48,61,58,32,19,15,11,0.3,0.2
2023-08-08T05:00:00,1633A,117.8525,36.4847,淄博市,双山,,45,45,41,20,17,157,16,52,34,36,22,16,14,1.0,0.6
2023-08-08T05:00:00,1634A,117.9592,36.6331,淄博市,气象站,颗粒物(PM10),54,57,40,24,20,142,6,45,18,46,23,16,11,1.2,0.5
2023-08-08T05:00:00,1635A,118.3092,36.8194,淄博市,莆田园,,36,36,24,22,15,121,66,63,55,32,15,12,9,1.0,0.4
2023-08-08T05:00:00,1637A,117.558,34.8438,枣庄市,市中区政府,,48,48,38,12,13,154,72,78,72,18,17,8,9,0.5,0.5
2023-08-08T05:00:00,1638A,117.2852,34.7837,枣庄市,薛城环保局,,37,37,47,18,17,144,64,70,66,30,26,11,12,0.4,0.4
2023-08-08T05:00:00,1639A,117.5852,34.7745,枣庄市,峄城区政府,,34,34,37,7,8,149,69,77,75,19,15,15,12,0.4,0.4
2023-08-08T05:00:00,1640A,117.7276,34.5578,枣庄市,台儿庄区环保局,,27,27,28,7,9,160,47,51,49,27,17,10,11,0.4,0.3
2023-08-08T05:00:00,1641A,117.4518,35.0992,枣庄市,山亭区环保局,,25,22,25,17,18,159,75,94,82,12,12,13,11,0.2,0.2
2023-08-08T05:00:00,1642A,121.2514,37.5639,烟台市,开发区,,25,24,18,17,8,120,46,65,55,12,6,5,4,0.7,0.7
2023-08-08T05:00:00,1643A,121.3719,37.5433,烟台市,轴承厂,,31,31,22,16,10,128,46,72,59,20,12,5,5,0.3,0.3
2023-08-08T05:00:00,1644A,121.3181,37.5436,烟台市,西郊化工站,,36,29,23,25,13,124,44,67,52,20,11,6,5,0.6,0.5
2023-08-08T05:00:00,1645A,121.4478,37.4822,烟台市,莱山环保局,,24,24,16,16,7,135,45,82,58,13,7,5,6,0.4,0.5
2023-08-08T05:00:00,1646A,121.2611,37.4967,烟台市,福山环保局,,39,39,24,14,3,119,41,64,48,21,15,6,6,0.4,0.4
2023-08-08T05:00:00,1650A,119.1437,36.7023,潍坊市,环保局,,20,17,13,6,8,90,64,90,73,12,7,7,7,0.3,0.3
2023-08-08T05:00:00,1653A,116.6251,35.4302,济宁市,火炬城,,47,47,39,24,17,167,39,68,44,28,16,7,9,0.6,0.7
2023-08-08T05:00:00,1655A,116.5491,35.4042,济宁市,电化厂,颗粒物(PM10),53,55,44,29,20,167,49,86,60,23,15,6,7,0.7,0.7
2023-08-08T05:00:00,1656A,117.1437,36.1937,泰安市,监测站,,50,46,38,35,17,172,40,106,83,17,8,10,9,0.4,0.4
2023-08-08T05:00:00,1657A,117.0885,36.2017,泰安市,人口学校,,29,29,29,17,14,158,65,100,87,13,9,11,8,0.5,0.5
2023-08-08T05:00:00,1658A,117.1089,36.1758,泰安市,电力学校,,44,44,35,26,18,173,42,107,85,18,8,12,10,0.4,0.4
2023-08-08T05:00:00,1659A,119.471,35.4209,日照市,监测站,,17,7,11,1,5,106,54,57,57,5,4,6,6,0.4,0.4
2023-08-08T05:00:00,1660A,119.523,35.4216,日照市,市政府广场,,18,9,13,4,7,144,57,68,63,8,6,8,9,0.5,0.5
2023-08-08T05:00:00,1661A,119.5587,35.4044,日照市,港务局,,20,7,13,0,2,158,61,72,67,7,5,6,6,0.6,0.6
2023-08-08T05:00:00,1662A,122.1214,37.4236,威海市,华夏技校,,25,17,16,17,10,134,78,101,91,12,9,5,4,0.4,0.4
2023-08-08T05:00:00,1663A,122.0508,37.5236,威海市,山大分校,,29,29,19,15,7,157,63,107,77,18,9,9,8,0.5,0.5
2023-08-08T05:00:00,1664A,122.1067,37.5072,威海市,市监测站,,29,24,20,20,10,150,66,101,76,10,7,8,7,0.6,0.6
2023-08-08T05:00:00,1666A,118.6614,37.4309,东营市,市环保局,,26,17,14,9,9,101,81,98,93,5,3,6,6,0.3,0.2
2023-08-08T05:00:00,1669A,113.5824,24.7733,韶关市,市八中,,48,48,37,19,14,121,63,70,65,22,15,20,16,0.7,0.6
2023-08-08T05:00:00,1671A,113.5917,24.7972,韶关市,园林处,颗粒物(PM10),52,54,35,30,19,121,62,92,75,18,10,21,15,0.8,0.7
2023-08-08T05:00:00,1672A,113.6735,24.7791,韶关市,韶关学院,,31,31,32,7,16,109,46,65,52,9,10,7,9,0.3,0.5
2023-08-08T05:00:00,1673A,113.5971,24.6863,韶关市,曲江监测站,,46,46,36,22,17,113,55,80,66,20,12,14,11,0.6,0.6
2023-08-08T05:00:00,1674A,116.6794,23.3667,汕头市,金平子站,,23,20,25,16,12,111,40,48,46,7,6,5,5,0.6,0.6
2023-08-08T05:00:00,1675A,116.7244,23.3633,汕头市,龙湖子站,,18,18,28,9,12,115,52,53,53,9,10,5,5,0.6,0.6
2023-08-08T05:00:00,1676A,116.7258,23.2775,汕头市,濠江子站,,19,16,32,13,14,83,44,49,48,4,5,8,9,0.5,0.6
2023-08-08T05:00:00,1677A,116.7519,23.4714,汕头市,澄海子站,,24,24,32,15,15,126,52,48,47,12,12,6,6,0.6,0.6
2023-08-08T05:00:00,1678A,116.6092,23.2539,汕头市,潮阳子站,,24,24,31,8,11,105,44,59,55,7,5,8,8,0.5,0.6
2023-08-08T05:00:00,1680A,110.3539,21.2706,湛江市,湛江影剧院,,14,9,22,8,12,59,42,43,43,4,7,11,12,0.5,0.5
2023-08-08T05:00:00,1681A,110.3928,21.2228,湛江市,市环境监测站,,14,10,22,3,11,57,44,44,44,5,8,6,9,0.4,0.4
2023-08-08T05:00:00,1682A,110.4019,21.1997,湛江市,环保局宿舍,,17,17,22,5,10,55,42,43,41,5,8,4,5,0.5,0.5
2023-08-08T05:00:00,1683A,110.4111,21.2028,湛江市,霞山游泳场,,19,19,27,9,11,59,42,40,40,8,10,5,6,0.4,0.5
2023-08-08T05:00:00,1684A,110.3316,21.2679,湛江市,麻章区环保局,,18,18,24,9,11,53,33,37,36,8,8,20,13,0.5,0.5
2023-08-08T05:00:00,1685A,110.4558,21.2567,湛江市,坡头区环保局,,19,12,17,13,10,61,41,39,39,11,14,6,6,0.5,0.5
2023-08-08T05:00:00,1686A,111.0286,21.4688,茂名市,电白南海,,16,14,27,9,14,81,49,38,38,3,7,7,8,0.2,0.3
2023-08-08T05:00:00,1687A,110.9294,21.6533,茂名市,茂石化七小,,18,14,23,12,12,73,31,24,24,9,9,7,7,0.4,0.5
2023-08-08T05:00:00,1688A,110.9107,21.6687,茂名市,健康路,,14,14,17,5,7,71,35,27,27,8,9,3,3,0.5,0.5
2023-08-08T05:00:00,1689A,110.8592,21.6828,茂名市,高岭,,29,29,32,14,16,76,33,19,19,9,14,4,6,0.6,0.5
2023-08-08T05:00:00,1690A,116.1231,24.3284,梅州市,梅江月梅,,17,17,22,9,12,101,30,48,42,22,10,4,2,0.6,0.6
2023-08-08T05:00:00,1691A,116.0797,24.2719,梅州市,梅县新城,,23,23,24,6,10,94,29,54,47,19,7,6,6,0.6,0.6
2023-08-08T05:00:00,1692A,116.1248,24.2654,梅州市,环境监控中心,,20,20,24,10,14,104,33,45,37,19,11,5,5,0.6,0.6
2023-08-08T05:00:00,1693A,115.3653,22.775,汕尾市,市环保局,,25,25,28,13,13,80,30,37,35,12,6,8,8,0.6,0.6
2023-08-08T05:00:00,1694A,115.3706,22.7898,汕尾市,市政府,,23,23,25,6,11,84,30,38,36,9,5,5,4,0.5,0.5
2023-08-08T05:00:00,1695A,115.3622,22.7925,汕尾市,新城中学,,34,34,28,14,14,82,30,39,37,10,5,7,7,0.7,0.7
2023-08-08T05:00:00,1696A,114.6778,23.7569,河源市,源西,,29,24,33,20,16,107,20,52,36,23,15,4,5,0.7,0.7
2023-08-08T05:00:00,1697A,114.6944,23.7586,河源市,东埔,,46,46,43,15,15,98,30,46,36,16,13,5,5,0.6,0.6
2023-08-08T05:00:00,1698A,114.6892,23.7233,河源市,老城,,44,44,46,12,15,107,31,39,35,14,13,4,4,0.6,0.6
2023-08-08T05:00:00,1699A,111.9797,21.8593,阳江市,鸳鸯湖,,20,20,22,7,10,69,16,41,30,17,9,8,8,0.7,0.7
2023-08-08T05:00:00,1701A,111.9491,21.8658,阳江市,马南垌,,29,29,27,11,12,67,7,36,21,12,10,5,6,0.6,0.6
2023-08-08T05:00:00,1702A,113.0426,23.691,清远市,环保大楼,,35,35,37,21,20,140,12,34,20,26,16,13,7,0.4,0.4
2023-08-08T05:00:00,1703A,113.0208,23.7106,清远市,凤城街办,,40,40,40,17,20,119,9,47,19,26,14,11,7,0.5,0.5
2023-08-08T05:00:00,1705A,116.6367,23.6719,潮州市,西园路,,36,22,37,25,17,123,36,50,44,13,11,9,8,0.3,0.4
2023-08-08T05:00:00,1706A,116.6447,23.6706,潮州市,档案局,,32,26,32,22,17,146,39,56,50,11,10,10,10,0.3,0.4
2023-08-08T05:00:00,1708A,116.3701,23.5345,揭阳市,新兴,,28,28,28,13,16,86,40,43,42,5,5,7,7,0.6,0.6
2023-08-08T05:00:00,1709A,116.3264,23.5443,揭阳市,西马,,25,25,31,13,15,84,37,40,40,7,6,6,6,0.6,0.6
2023-08-08T05:00:00,1710A,116.3611,23.5626,揭阳市,东兴,,36,36,34,13,13,91,39,48,45,11,8,3,3,0.6,0.7
2023-08-08T05:00:00,1711A,116.4151,23.5294,揭阳市,渔湖,,29,29,33,16,12,92,46,48,44,3,3,6,6,0.6,0.6
2023-08-08T05:00:00,1712A,112.0392,22.9169,云浮市,新市府,,9,8,12,6,7,63,26,41,33,3,2,4,4,0.7,0.7
2023-08-08T05:00:00,1714A,112.0539,22.9539,云浮市,牧羊,,10,6,20,7,17,60,19,36,24,13,13,15,14,0.5,0.6
2023-08-08T05:00:00,1715A,102.575,24.3711,玉溪市,东风水库,,24,24,17,8,8,71,7,37,18,18,12,5,4,1.1,0.7
2023-08-08T05:00:00,1718A,115.4208,35.2464,菏泽市,气象局,颗粒物(PM10),55,60,41,35,18,152,92,110,103,18,16,10,6,0.6,0.5
2023-08-08T05:00:00,1719A,115.4747,35.2375,菏泽市,市政协,,48,48,35,33,19,163,109,120,117,13,13,7,7,0.5,0.4
2023-08-08T05:00:00,1721A,113.3819,40.1097,大同市,果树场,,,,,,,,,,,,,,,,
2023-08-08T05:00:00,1723A,113.2994,40.0758,大同市,云冈宾馆,,30,30,44,12,17,178,77,122,101,18,22,10,10,0.7,0.5
2023-08-08T05:00:00,1724A,113.3444,40.0917,大同市,大同大学,,29,15,36,13,16,180,92,131,108,12,16,7,8,0.5,0.5
2023-08-08T05:00:00,1725A,113.2661,40.1269,大同市,安家小村,,30,30,49,12,15,182,65,109,89,13,16,10,12,0.5,0.4
2023-08-08T05:00:00,1726A,113.2711,40.0844,大同市,教育学院,,26,26,48,18,19,181,78,121,105,20,22,10,11,0.7,0.5
2023-08-08T05:00:00,1727A,113.1147,36.1547,长治市,清华站,"颗粒物(PM10),细颗粒物(PM2.5)",52,53,46,36,24,174,39,93,73,36,17,8,8,1.7,1
2023-08-08T05:00:00,1728A,113.1031,36.1989,长治市,监测站,细颗粒物(PM2.5),58,46,42,41,25,184,78,120,96,18,21,4,7,1.0,1.2
2023-08-08T05:00:00,1730A,113.0886,36.2125,长治市,审计局,细颗粒物(PM2.5),67,52,41,48,29,178,76,111,98,18,18,6,7,1.3,1.3
2023-08-08T05:00:00,1731A,113.0844,36.1856,长治市,长治八中,颗粒物(PM10),56,61,48,23,24,175,80,113,97,14,16,8,9,1.2,1
2023-08-08T05:00:00,1733A,111.5531,36.0783,临汾市,临钢医院,颗粒物(PM10),53,56,56,22,22,129,14,38,27,43,21,5,6,1.0,1
2023-08-08T05:00:00,1734A,111.5028,36.0714,临汾市,技工学校,颗粒物(PM10),59,67,61,36,26,128,32,43,36,33,23,6,7,1.0,1.1
2023-08-08T05:00:00,1736A,111.5018,36.0855,临汾市,市委,颗粒物(PM10),70,90,70,37,38,131,30,36,33,36,26,6,8,0.7,0.8
2023-08-08T05:00:00,1738A,113.5758,37.8572,阳泉市,市中心,细颗粒物(PM2.5),52,48,52,36,29,123,83,90,89,10,15,8,12,1.0,1.1
2023-08-08T05:00:00,1739A,113.4894,37.8731,阳泉市,赛鱼,细颗粒物(PM2.5),70,62,56,51,39,118,59,84,77,8,14,8,8,1.0,0.9
2023-08-08T05:00:00,1740A,113.5819,37.8486,阳泉市,南庄,细颗粒物(PM2.5),55,55,76,39,34,121,88,98,96,19,20,6,8,1.1,1
2023-08-08T05:00:00,1742A,113.5614,37.8703,阳泉市,平坦,细颗粒物(PM2.5),79,86,81,58,47,128,94,97,96,10,14,7,9,0.9,0.9
2023-08-08T05:00:00,1743A,113.5158,37.8392,阳泉市,大阳泉,,36,36,69,20,33,112,101,89,89,5,9,8,9,0.8,0.8
2023-08-08T05:00:00,1744A,118.9233,42.2816,赤峰市,松山一中,颗粒物(PM10),63,75,27,6,6,110,37,69,55,19,18,9,17,0.4,0.5
2023-08-08T05:00:00,1745A,118.9576,42.2728,赤峰市,哈达街,,16,16,30,5,13,108,48,71,62,16,20,24,36,0.4,0.4
2023-08-08T05:00:00,1746A,118.8788,42.2554,赤峰市,天义路,,17,12,20,5,11,123,54,73,61,12,16,12,26,0.1,0.2
2023-08-08T05:00:00,1748A,123.044,41.1196,鞍山市,深沟寺,,40,39,26,28,17,108,9,19,16,24,17,3,3,1.3,0.8
2023-08-08T05:00:00,1749A,123.011,41.0931,鞍山市,太阳城,,49,49,34,26,16,116,14,23,21,20,12,7,6,1.3,0.9
2023-08-08T05:00:00,1750A,123.0485,41.1442,鞍山市,太平,颗粒物(PM10),55,59,41,31,24,117,9,21,13,42,25,18,9,1.0,1.2
2023-08-08T05:00:00,1751A,122.9642,41.0971,鞍山市,铁西三道街,颗粒物(PM10),51,51,35,35,18,111,10,40,24,40,25,20,15,1.6,1.2
2023-08-08T05:00:00,1752A,122.9341,41.0833,鞍山市,铁西工业园区,细颗粒物(PM2.5),58,64,37,41,23,116,6,45,16,41,28,24,14,2.2,1.3
2023-08-08T05:00:00,1753A,123.022,41.0821,鞍山市,明达新区,,28,28,22,18,14,118,21,37,34,31,19,7,6,1.1,0.5
2023-08-08T05:00:00,1754A,123.1289,41.0228,鞍山市,千山,,,,,,,,,,,,,,,,
2023-08-08T05:00:00,1755A,123.7977,41.8491,抚顺市,望花区,,34,34,18,14,14,90,11,23,12,24,16,9,8,0.4,0.4
2023-08-08T05:00:00,1756A,123.9161,41.8822,抚顺市,顺城区,,18,18,22,10,10,78,17,12,12,15,17,3,3,0.4,0.4
2023-08-08T05:00:00,1757A,124.0436,41.8611,抚顺市,东洲区,,19,19,14,10,7,83,6,16,12,20,12,6,5,0.3,0.2
2023-08-08T05:00:00,1758A,123.9247,41.8642,抚顺市,新抚区,,34,34,19,12,10,79,5,6,5,22,15,7,5,0.6,0.5
2023-08-08T05:00:00,1759A,124.0972,41.8961,抚顺市,大伙房水库,,19,19,12,10,8,77,10,17,12,14,10,3,4,0.2,0.2
2023-08-08T05:00:00,1760A,123.7086,41.8391,抚顺市,沈抚新城,,16,16,14,8,9,78,13,24,14,9,8,4,4,0.4,0.4
2023-08-08T05:00:00,1761A,123.8275,41.3064,本溪市,大峪,,21,21,18,8,15,107,13,18,13,20,17,4,4,0.6,0.5
2023-08-08T05:00:00,1762A,123.7567,41.3325,本溪市,溪湖,,32,32,25,12,13,114,5,9,8,24,15,3,3,0.7,0.8
2023-08-08T05:00:00,1763A,123.7169,41.3094,本溪市,彩屯,,21,21,30,11,17,110,7,12,9,21,23,6,6,0.7,0.9
2023-08-08T05:00:00,1764A,123.7669,41.2864,本溪市,东明,,22,22,29,10,14,114,16,26,16,25,20,5,6,0.6,0.6
2023-08-08T05:00:00,1765A,123.7992,41.2664,本溪市,新立屯,,13,5,18,9,10,110,18,17,17,17,15,7,6,0.6,0.7
2023-08-08T05:00:00,1766A,123.8142,41.3472,本溪市,威宁,,33,33,28,10,14,101,5,6,6,16,17,6,6,0.5,0.6
2023-08-08T05:00:00,1767A,121.1115,41.0879,锦州市,南山,,35,33,24,24,19,99,18,24,15,23,16,6,24,1.8,0.8
2023-08-08T05:00:00,1768A,121.0533,40.8434,锦州市,开发区,,46,43,28,32,13,110,25,11,11,25,18,42,8,0.9,0.7
2023-08-08T05:00:00,1769A,121.1836,41.1119,锦州市,百股街道,,18,18,23,9,10,100,22,18,18,18,16,7,12,0.9,0.8
2023-08-08T05:00:00,1770A,121.1178,41.1222,锦州市,天安街道,,28,28,24,14,8,94,26,36,26,25,17,5,6,1.9,1
2023-08-08T05:00:00,1771A,121.1303,41.1386,锦州市,北湖公园,,23,23,20,7,9,101,25,57,41,22,12,2,3,1.0,0.7
2023-08-08T05:00:00,1772A,126.54,43.8622,吉林市,哈达湾,,8,8,11,3,6,48,18,18,18,14,16,5,6,0.4,0.5
2023-08-08T05:00:00,1773A,126.5844,43.8358,吉林市,东局子,,8,8,9,5,6,49,14,18,17,9,12,6,6,0.4,0.5
2023-08-08T05:00:00,1774A,126.5052,43.8245,吉林市,电力学院,,9,7,10,6,9,45,15,20,18,10,12,6,7,0.6,0.7
2023-08-08T05:00:00,1775A,126.6133,43.8972,吉林市,江北,,11,11,13,2,4,43,13,12,8,5,16,6,6,0.6,0.6
2023-08-08T05:00:00,1776A,126.555,43.8306,吉林市,江南公园,,10,10,14,5,11,49,19,18,18,9,18,3,3,0.5,0.6
2023-08-08T05:00:00,1778A,126.7061,43.7133,吉林市,丰满,,,,,,,,,,,,,,,,
2023-08-08T05:00:00,1779A,123.9305,47.3636,齐齐哈尔市,安居小区,,22,12,33,15,13,58,39,38,38,3,10,4,5,0.3,0.3
2023-08-08T05:00:00,1780A,123.9488,47.3386,齐齐哈尔市,中心广场,,12,7,15,2,4,57,38,36,36,3,9,2,2,0.2,0.3
2023-08-08T05:00:00,1781A,123.9483,47.3227,齐齐哈尔市,农牧车辆厂,,12,12,24,5,7,59,37,38,37,4,7,6,6,0.3,0.2
2023-08-08T05:00:00,1783A,123.945,47.2988,齐齐哈尔市,市环境监测站,,11,8,13,4,6,58,35,37,35,5,6,6,6,0.2,0.2
2023-08-08T05:00:00,1784A,129.61,44.561,牡丹江市,环保大楼,,17,17,7,7,8,30,17,20,19,7,10,5,5,0.3,0.4
2023-08-08T05:00:00,1785A,129.6115,44.5782,牡丹江市,文化广场,,18,4,6,12,11,25,20,20,20,6,12,4,4,0.3,0.4
2023-08-08T05:00:00,1786A,129.5904,44.5963,牡丹江市,第一医院,,18,4,8,12,9,27,16,19,19,10,10,4,4,0.3,0.4
2023-08-08T05:00:00,1787A,129.6364,44.6075,牡丹江市,机车工厂,,12,12,14,7,8,26,13,10,10,9,8,3,3,0.4,0.4
2023-08-08T05:00:00,1788A,129.6386,44.5462,牡丹江市,第一中学,,12,12,10,5,5,28,13,21,13,8,9,5,4,0.3,0.3
2023-08-08T05:00:00,1789A,124.81117,46.03138,大庆市,大同区,,16,16,12,9,9,55,20,28,23,6,7,5,5,0.2,0.2
2023-08-08T05:00:00,1790A,125.129,46.533,大庆市,龙凤区,,9,7,10,5,6,62,28,33,30,4,4,5,5,0.2,0.2
2023-08-08T05:00:00,1791A,124.902,46.408,大庆市,红岗区,,15,10,13,10,9,63,25,26,25,6,6,3,3,0.3,0.3
2023-08-08T05:00:00,1792A,125.153,46.586,大庆市,萨尔图区,,10,8,10,4,5,62,30,34,31,4,5,4,4,0.3,0.3
2023-08-08T05:00:00,1793A,124.9042,46.6215,大庆市,让胡路区,,9,6,12,6,8,64,28,30,29,6,7,3,3,0.3,0.3
2023-08-08T05:00:00,1794A,118.3606,31.3519,芜湖市,监测站,,29,29,38,17,21,170,58,64,59,11,23,4,4,0.7,0.9
2023-08-08T05:00:00,1795A,118.3714,31.4134,芜湖市,科创中心,,28,28,40,19,22,179,48,52,50,18,22,6,8,0.8,1
2023-08-08T05:00:00,1796A,118.3673,31.3131,芜湖市,四水厂,,28,28,35,15,21,189,60,72,67,9,22,2,3,0.7,1
2023-08-08T05:00:00,1798A,118.5092,31.6837,马鞍山市,湖东路四小,,38,28,28,26,21,185,56,62,58,7,10,8,9,0.8,0.9
2023-08-08T05:00:00,1799A,118.5024,31.6449,马鞍山市,开发区,,34,34,39,18,18,177,55,61,56,9,14,4,5,0.8,0.9
2023-08-08T05:00:00,1800A,118.5228,31.7231,马鞍山市,慈湖,,37,37,35,22,20,181,54,65,57,13,15,8,7,0.8,0.9
2023-08-08T05:00:00,1802A,118.6245,31.7241,马鞍山市,濮塘,,22,20,18,15,18,149,50,58,51,7,8,2,3,0.7,0.6
2023-08-08T05:00:00,1803A,115.9872,29.6815,九江市,十里,,27,27,23,11,15,137,54,54,54,12,14,10,11,0.7,0.6
2023-08-08T05:00:00,1804A,115.9584,29.7046,九江市,茅山头,,17,17,20,10,14,127,50,48,48,18,19,7,8,0.8,0.8
2023-08-08T05:00:00,1805A,115.9877,29.7295,九江市,西园,,18,12,22,12,12,135,24,37,34,36,21,10,10,0.4,0.5
2023-08-08T05:00:00,1806A,116.0172,29.6547,九江市,五七二七厂,,20,20,21,11,12,132,32,56,41,8,7,7,9,0.7,0.7
2023-08-08T05:00:00,1808A,115.9114,29.6038,九江市,综合工业园,,28,28,23,10,13,162,23,47,31,24,23,10,11,1.0,0.9
2023-08-08T05:00:00,1809A,116.0721,29.7535,九江市,石化总厂,,20,11,25,12,11,119,19,37,30,39,18,11,11,0.9,0.8
2023-08-08T05:00:00,1810A,115.9773,29.5698,九江市,庐山气象台,,31,22,26,17,19,121,98,110,99,2,2,7,7,0.4,0.6
2023-08-08T05:00:00,1812A,112.3931,34.6516,洛阳市,市委党校,颗粒物(PM10),53,55,37,32,25,143,62,104,82,16,8,9,7,0.8,0.7
2023-08-08T05:00:00,1814A,112.4657,34.6871,洛阳市,豫西宾馆,颗粒物(PM10),53,56,41,32,23,151,53,76,64,20,12,3,3,0.8,0.6
2023-08-08T05:00:00,1815A,112.494,34.6886,洛阳市,河南林校,,41,41,32,23,18,147,50,71,59,27,18,5,4,0.8,0.7
2023-08-08T05:00:00,1816A,112.3844,34.623,洛阳市,开发区管委会,颗粒物(PM10),52,53,39,25,19,160,63,104,86,22,13,10,8,0.6,0.5
2023-08-08T05:00:00,1817A,112.4267,34.6258,洛阳市,市委新办公区,,49,49,37,29,24,148,55,100,78,22,12,4,2,0.6,0.6
2023-08-08T05:00:00,1818A,114.4839,36.0621,安阳市,棉研所,,,,,,,,,,,,,,,,
2023-08-08T05:00:00,1819A,114.3551,36.1017,安阳市,红庙街,,45,38,37,31,18,153,92,121,104,11,8,14,10,0.6,0.5
2023-08-08T05:00:00,1820A,114.361,36.0681,安阳市,银杏小区,,,39,39,,,159,113,110,110,4,6,11,7,0.5,0.4
2023-08-08T05:00:00,1824A,114.3389,34.7781,开封市,肿瘤医院,,49,49,36,26,17,136,84,107,102,8,8,4,5,0.8,0.7
2023-08-08T05:00:00,1826A,114.2885,34.7965,开封市,世纪星幼儿园,,,52,35,,,136,80,104,93,16,13,5,6,0.7,0.6
2023-08-08T05:00:00,1828A,113.227,35.2125,焦作市,市环保局,,48,46,39,33,21,165,69,104,93,18,13,6,6,0.8,0.5
2023-08-08T05:00:00,1830A,113.1992,35.2590,焦作市,影视城,,,,,,,,,,,,,,,,
2023-08-08T05:00:00,1832A,113.3257,33.742,平顶山市,新华旅馆,,49,49,41,10,15,145,91,104,98,16,16,6,3,0.6,0.6
2023-08-08T05:00:00,1833A,113.2919,33.737,平顶山市,规划设计院,,34,34,38,20,20,143,105,105,105,9,11,8,8,0.8,0.8
2023-08-08T05:00:00,1834A,113.182,33.774,平顶山市,平顶山工学院,颗粒物(PM10),54,57,48,19,18,146,83,110,88,19,13,7,6,0.5,0.5
2023-08-08T05:00:00,1835A,111.1922,34.7752,三门峡市,市政府,,49,49,33,28,18,141,85,110,101,13,10,3,5,0.7,0.6
2023-08-08T05:00:00,1836A,111.1587,34.7942,三门峡市,开发区,颗粒物(PM10),66,82,39,28,20,144,79,113,104,19,14,2,4,0.6,0.5
2023-08-08T05:00:00,1838A,111.143,34.7955,三门峡市,风景区,,,,,,,,,,,,,,,,
2023-08-08T05:00:00,1840A,111.2992,30.6981,宜昌市,白龙岗,,25,24,27,17,14,141,57,74,68,10,15,7,7,0.4,0.5
2023-08-08T05:00:00,1841A,111.3549,30.6465,宜昌市,伍家岗,,28,23,24,19,16,135,83,88,87,9,18,2,2,0.6,0.6
2023-08-08T05:00:00,1842A,111.2628,30.6961,宜昌市,点军区,,26,26,25,9,10,137,49,69,60,8,11,6,6,0.5,0.6
2023-08-08T05:00:00,1843A,111.3275,30.7819,宜昌市,夷陵区,,18,14,22,12,10,141,42,67,60,10,12,2,3,0.4,0.5
2023-08-08T05:00:00,1844A,112.2494,30.3197,荆州市,市图书馆,,39,39,28,19,18,123,58,86,71,9,6,6,6,0.8,0.8
2023-08-08T05:00:00,1845A,112.2008,30.3544,荆州市,市委党校,,40,40,32,21,20,122,61,71,67,11,8,8,7,0.7,0.7
2023-08-08T05:00:00,1847A,113.1094,29.3578,岳阳市,南湖风景区,,30,22,28,21,21,140,15,56,43,24,12,6,7,0.6,0.7
2023-08-08T05:00:00,1848A,113.1493,29.4251,岳阳市,城陵矶,,36,36,31,24,23,125,8,22,15,34,25,8,9,0.9,0.9
2023-08-08T05:00:00,1849A,113.1497,29.3575,岳阳市,开发区,,34,34,35,21,20,150,6,47,24,23,10,8,7,0.5,0.6
2023-08-08T05:00:00,1850A,113.2621,29.4758,岳阳市,云溪区,,27,27,30,11,19,138,26,26,26,12,12,6,8,0.6,0.7
2023-08-08T05:00:00,1851A,112.9943,29.4402,岳阳市,君山区,,24,24,29,15,22,119,36,48,44,15,10,7,7,0.7,0.7
2023-08-08T05:00:00,1852A,113.2117,29.355,岳阳市,金凤水库,,36,36,28,24,20,142,19,29,21,12,8,2,3,0.5,0.6
2023-08-08T05:00:00,1854A,111.6975,28.9703,常德市,市二中,,27,27,15,16,10,94,19,32,23,10,8,2,2,0.8,0.8
2023-08-08T05:00:00,1857A,111.7158,29.1456,常德市,白鹤山,,19,15,12,13,7,95,49,58,33,4,4,5,4,0.3,0.3
2023-08-08T05:00:00,1858A,110.5319,29.1217,张家界市,永定新区,,48,39,27,33,22,90,18,32,23,2,3,5,5,0.3,0.3
2023-08-08T05:00:00,1859A,110.4697,29.1242,张家界市,电业局,,25,22,18,17,16,93,25,42,32,4,11,9,9,0.3,0.3
2023-08-08T05:00:00,1860A,110.5594,29.3547,张家界市,未央路,,38,38,29,17,17,89,7,8,7,4,16,3,4,0.2,0.2
2023-08-08T05:00:00,1861A,110.4417,29.315,张家界市,袁家界,,27,25,22,18,18,89,85,73,67,3,4,7,7,0.6,0.6
2023-08-08T05:00:00,1862A,110.4144,25.3167,桂林市,电子科大尧山校区,,20,16,24,14,10,74,12,23,16,8,7,10,13,0.5,0.5
2023-08-08T05:00:00,1863A,110.2819,25.2697,桂林市,监测站,,29,29,22,8,11,85,40,44,43,6,7,10,7,0.6,0.6
2023-08-08T05:00:00,1864A,110.3089,25.2708,桂林市,龙隐路小学,,20,20,20,12,10,78,32,38,36,8,9,10,8,0.5,0.5
2023-08-08T05:00:00,1865A,110.2869,25.2178,桂林市,八中,,13,9,19,9,11,78,38,37,37,8,10,10,7,0.3,0.3
2023-08-08T05:00:00,1866A,109.2262,21.588,北海市,牛尾岭水库,,13,13,14,2,4,40,24,39,33,6,4,7,4,0.5,0.5
2023-08-08T05:00:00,1867A,109.1436,21.4086,北海市,海滩公园,,31,31,37,5,5,54,44,49,46,3,2,4,4,0.5,0.5
2023-08-08T05:00:00,1868A,109.0981,21.4661,北海市,新市环保局,,15,15,19,2,5,54,44,49,46,1,2,3,3,0.6,0.6
2023-08-08T05:00:00,1869A,109.1778,21.5233,北海市,北海工业园,,18,15,18,12,7,52,43,49,46,2,4,4,4,0.5,0.6
2023-08-08T05:00:00,1870A,109.4856,24.3895,柳州市,柳东小学,,15,15,11,0,7,62,18,21,20,9,7,11,6,0.4,0.4
2023-08-08T05:00:00,1871A,109.4157,24.3277,柳州市,环保监测站,,17,17,15,5,6,57,22,26,22,8,9,4,4,0.4,0.5
2023-08-08T05:00:00,1872A,109.389,24.341,柳州市,河西水厂,,14,14,13,6,8,57,18,24,21,13,10,4,5,0.8,0.8
2023-08-08T05:00:00,1873A,109.4311,24.2921,柳州市,市四中,,9,5,16,5,5,67,26,23,22,7,9,7,6,0.5,0.5
2023-08-08T05:00:00,1874A,109.4006,24.3631,柳州市,市九中,,15,15,14,5,9,63,26,31,28,7,6,5,6,0.7,0.7
2023-08-08T05:00:00,1875A,109.4958,24.3134,柳州市,古亭山,,12,12,15,2,6,58,20,13,13,11,11,4,5,0.8,0.7
2023-08-08T05:00:00,1876A,109.5078,18.2489,三亚市,河东子站,,25,25,28,11,12,64,39,47,42,5,7,2,2,0.3,0.4
2023-08-08T05:00:00,1877A,109.4964,18.2681,三亚市,河西子站,,27,27,28,11,12,66,44,51,48,3,5,1,2,0.3,0.3
2023-08-08T05:00:00,1878A,104.7778,31.4741,绵阳市,富乐山,,16,16,11,11,8,107,27,33,29,11,10,4,4,0.5,0.5
2023-08-08T05:00:00,1879A,104.7563,31.4535,绵阳市,市人大,,18,18,14,10,8,106,22,38,33,22,17,8,8,0.5,0.5
2023-08-08T05:00:00,1880A,104.6697,31.4668,绵阳市,高新区自来水公司,,40,40,23,17,11,133,5,40,22,38,22,6,6,0.5,0.5
2023-08-08T05:00:00,1881A,104.7287,31.5075,绵阳市,三水厂,,35,35,21,18,11,107,9,31,20,30,23,7,6,0.7,0.7
2023-08-08T05:00:00,1882A,104.563,28.793,宜宾市,石马中学,,30,30,25,17,10,124,3,14,8,23,17,6,6,0.6,0.5
2023-08-08T05:00:00,1883A,104.6201,28.7728,宜宾市,市委,,43,43,23,27,14,114,16,35,28,23,12,8,9,0.7,0.6
2023-08-08T05:00:00,1884A,104.6055,28.793,宜宾市,宜宾四中,颗粒物(PM10),51,51,27,33,16,112,16,22,19,22,18,3,5,0.7,0.6
2023-08-08T05:00:00,1885A,104.639,28.7562,宜宾市,市政府,,34,34,26,21,15,112,31,35,26,17,17,7,9,0.7,0.7
2023-08-08T05:00:00,1886A,104.5742,28.7199,宜宾市,黄金嘴,,39,39,27,25,17,128,22,32,26,20,18,7,9,0.7,0.7
2023-08-08T05:00:00,1888A,101.6891,26.571,攀枝花市,弄弄坪,,20,18,36,7,17,126,63,47,47,6,16,10,16,0.7,1
2023-08-08T05:00:00,1889A,101.5769,26.5928,攀枝花市,河门口,,16,16,20,8,10,105,51,53,51,13,18,7,11,0.9,1.2
2023-08-08T05:00:00,1890A,101.7169,26.585,攀枝花市,炳草岗,,24,24,34,7,16,133,30,39,26,23,21,14,26,1.4,1.3
2023-08-08T05:00:00,1891A,101.7369,26.5008,攀枝花市,仁和,,39,35,35,21,22,143,11,46,20,54,24,69,29,3.9,1.8
2023-08-08T05:00:00,1893A,105.4324,28.9634,泸州市,九狮山,,18,18,15,7,8,93,6,5,5,15,16,5,5,0.6,0.5
2023-08-08T05:00:00,1894A,105.4427,28.9063,泸州市,小市上码头,,29,29,22,18,10,136,23,52,32,16,10,5,6,0.7,0.6
2023-08-08T05:00:00,1895A,105.4241,28.8573,泸州市,兰田宪桥,,30,30,22,14,12,153,13,28,23,13,8,2,3,0.6,0.6
2023-08-08T05:00:00,1896A,105.4379,28.8833,泸州市,市环监站,,28,28,20,9,5,132,19,48,39,23,10,3,3,0.5,0.5
2023-08-08T05:00:00,1901A,104.4239,31.1208,德阳市,东山公园,,20,20,12,14,10,108,28,74,45,3,6,1,4,0.4,0.4
2023-08-08T05:00:00,1902A,104.3826,31.1317,德阳市,西小区,,46,46,25,29,13,116,27,40,31,27,13,56,8,0.7,0.5
2023-08-08T05:00:00,1904A,104.3553,31.1091,德阳市,耐火材料厂,,43,43,24,24,12,114,11,58,36,25,10,3,3,0.7,0.5
2023-08-08T05:00:00,1905A,106.056,30.8064,南充市,西山风景区,,16,16,12,10,7,95,30,61,48,7,5,1,1,0.5,0.4
2023-08-08T05:00:00,1906A,106.0789,30.8023,南充市,南充市委,,26,26,16,16,8,101,21,42,29,16,11,7,7,0.3,0.3
2023-08-08T05:00:00,1907A,106.1031,30.8217,南充市,南充炼油厂,,24,24,20,13,6,103,32,41,36,6,4,7,7,0.3,0.3
2023-08-08T05:00:00,1908A,106.1064,30.7856,南充市,高坪区监测站,,20,20,17,10,7,106,48,49,41,4,7,6,6,0.2,0.2
2023-08-08T05:00:00,1909A,106.0642,30.7636,南充市,嘉陵区环保局,,25,24,18,17,9,108,20,55,38,26,13,4,5,0.4,0.3
2023-08-08T05:00:00,1910A,106.1087,30.8388,南充市,市环境监测站,,19,19,20,13,15,95,21,36,28,12,11,5,5,0.3,0.3
2023-08-08T05:00:00,1911A,106.9222,27.6869,遵义市,丁字口,,15,15,17,7,10,71,31,38,36,7,14,4,4,0.7,0.7
2023-08-08T05:00:00,1912A,106.9242,27.7019,遵义市,凤凰山,,19,11,18,11,14,86,59,49,49,4,9,5,6,0.6,0.8
2023-08-08T05:00:00,1913A,106.8906,27.6486,遵义市,忠庄,,17,17,20,6,10,77,40,40,40,7,11,1,2,0.5,0.5
2023-08-08T05:00:00,1914A,106.9231,27.6506,遵义市,舟水桥,,16,16,21,6,10,74,29,30,30,6,9,1,1,0.5,0.6
2023-08-08T05:00:00,1915A,106.9178,27.72,遵义市,干田坝,,22,12,13,15,10,93,28,35,33,7,12,4,5,0.4,0.5
2023-08-08T05:00:00,1916A,103.7897,25.5035,曲靖市,环境监测站,,24,24,14,3,7,63,23,39,30,17,12,7,4,0.8,0.6
2023-08-08T05:00:00,1917A,103.8,25.5364,曲靖市,烟厂办公区,,22,22,14,2,7,64,24,28,27,13,10,6,4,0.7,0.5
2023-08-08T05:00:00,1918A,108.7197,34.3956,咸阳市,气象站,,,,,,,,,,,,,,,,
2023-08-08T05:00:00,1919A,108.673,34.3155,咸阳市,实验中学,,29,29,31,19,20,105,37,37,37,10,14,4,4,0.6,0.7
2023-08-08T05:00:00,1920A,108.7233,34.3617,咸阳市,师范学院,,39,39,28,18,16,106,34,59,40,15,16,2,3,0.7,0.7
2023-08-08T05:00:00,1922A,109.0656,35.0994,铜川市,党校,,34,34,28,19,14,101,48,22,22,11,17,7,6,0.9,0.8
2023-08-08T05:00:00,1923A,109.0697,35.0697,铜川市,王益区政府,,33,33,26,12,14,108,16,14,14,20,14,4,3,0.5,0.5
2023-08-08T05:00:00,1924A,108.9344,34.9058,铜川市,新区管委会,,31,31,31,15,16,96,38,53,48,24,21,6,4,0.7,0.7
2023-08-08T05:00:00,1926A,109.4131,36.6275,延安市,枣园,,27,27,30,16,15,113,2,3,3,21,23,5,5,0.6,0.7
2023-08-08T05:00:00,1927A,109.4761,36.6028,延安市,延大医附院,,35,35,35,16,16,118,4,4,4,23,24,4,4,0.3,0.4
2023-08-08T05:00:00,1929A,109.5056,36.6106,延安市,百米大道,颗粒物(PM10),52,54,39,31,21,114,5,6,5,32,28,22,7,0.9,0.8
2023-08-08T05:00:00,1930A,107.185,34.3063,宝鸡市,庙沟村,,22,22,26,13,12,77,25,39,30,2,4,6,6,0.4,0.3
2023-08-08T05:00:00,1931A,107.0708,34.3017,宝鸡市,竹园沟,,31,31,27,12,12,115,39,68,54,9,9,5,5,0.6,0.5
2023-08-08T05:00:00,1932A,107.1906,34.3672,宝鸡市,三陆医院,,41,41,33,21,16,126,66,61,61,11,17,4,5,0.6,0.6
2023-08-08T05:00:00,1933A,107.1431,34.3547,宝鸡市,监测站,,42,42,31,21,17,122,58,66,63,15,17,5,5,0.6,0.5
2023-08-08T05:00:00,1934A,107.1186,34.3739,宝鸡市,技工学校,,39,32,26,27,20,117,64,72,70,9,13,5,5,0.7,0.6
2023-08-08T05:00:00,1935A,107.3906,34.3528,宝鸡市,陈仓区环保局家属楼,细颗粒物(PM2.5),58,41,30,41,27,106,58,72,63,18,15,5,6,0.5,0.5
2023-08-08T05:00:00,1936A,107.2058,34.3497,宝鸡市,文理学院,,43,43,33,26,18,126,66,67,67,9,11,4,4,0.7,0.7
2023-08-08T05:00:00,1937A,107.2386,34.3622,宝鸡市,三迪小学,,38,38,32,26,18,116,64,70,67,10,14,4,4,0.6,0.6
2023-08-08T05:00:00,1938A,109.5293,34.5101,渭南市,农科所,,34,34,31,17,23,94,4,47,34,41,21,4,5,0.3,0.4
2023-08-08T05:00:00,1939A,109.4974,34.4877,渭南市,日报社,,40,39,30,28,26,106,27,44,39,23,19,6,6,0.5,0.5
2023-08-08T05:00:00,1940A,109.4636,34.493,渭南市,体育馆,,32,31,29,22,20,110,23,46,34,35,21,7,6,0.5,0.6
2023-08-08T05:00:00,1941A,109.4259,34.5023,渭南市,高新一小,,49,49,39,19,19,105,18,45,36,35,17,4,3,0.5,0.5
2023-08-08T05:00:00,1943A,102.1725,38.5339,金昌市,新川苑,颗粒物(PM10),71,91,57,30,16,140,84,130,106,15,16,21,17,0.8,0.7
2023-08-08T05:00:00,1944A,102.1692,38.5167,金昌市,天庆家园,颗粒物(PM10),62,74,40,32,18,148,77,130,103,32,22,29,24,0.8,0.8
2023-08-08T05:00:00,1945A,98.2908,39.7711,嘉峪关市,气象局,颗粒物(PM10),51,51,56,22,19,145,92,92,92,9,20,2,10,0.3,0.4
2023-08-08T05:00:00,1947A,106.3394,38.817,石嘴山市,沙湖旅游区,,28,18,52,13,20,237,88,95,85,8,16,17,19,0.5,0.6
2023-08-08T05:00:00,1948A,106.3668,39.0145,石嘴山市,大武口朝阳西街,颗粒物(PM10),54,58,58,35,27,191,50,91,72,26,24,28,35,1.3,0.7
2023-08-08T05:00:00,1949A,106.7704,39.2282,石嘴山市,惠农南大街,,21,17,48,13,17,184,67,93,76,17,22,14,19,0.4,0.6
2023-08-08T05:00:00,1950A,106.7099,39.1325,石嘴山市,红果子镇惠新街,,33,22,46,23,23,188,63,84,74,18,18,73,21,0.3,0.4
2023-08-08T05:00:00,1951A,84.895,45.6094,克拉玛依市,长征新村,,31,9,29,6,5,104,98,104,100,1,19,9,10,0.2,0.3
2023-08-08T05:00:00,1952A,84.8988,45.5893,克拉玛依市,南林小区,,20,13,34,10,14,105,61,105,88,12,24,6,8,0.2,0.3
2023-08-08T05:00:00,1954A,84.905,44.3396,克拉玛依市,独山子区,,24,8,15,12,13,121,75,110,91,6,6,6,7,0.3,0.3
2023-08-08T05:00:00,1955A,85.6979,46.098,克拉玛依市,乌尔禾区商贸楼,,30,12,36,4,9,98,93,92,89,1,14,7,8,0.2,0.6
2023-08-08T05:00:00,1956A,86.1472,41.7538,巴音郭楞州,孔雀公园,颗粒物(PM10),69,88,69,24,22,121,52,90,77,27,22,6,7,0.3,0.4
2023-08-08T05:00:00,1957A,86.1972,41.7166,巴音郭楞州,棉纺厂,颗粒物(PM10),82,114,74,32,24,119,59,85,70,34,19,4,6,0.3,0.3
2023-08-08T05:00:00,1958A,86.2357,41.7173,巴音郭楞州,经济开发区,颗粒物(PM10),80,110,65,34,19,125,92,84,83,5,9,6,6,0.2,0.2
2023-08-08T05:00:00,1961A,117.532,36.6868,济南市,东山小学,,37,37,47,17,15,172,65,48,48,31,26,7,6,0.5,0.5
2023-08-08T05:00:00,1966A,120.0405,35.8735,青岛市,黄岛区4号,,27,27,22,12,9,128,42,45,43,24,19,5,4,0.5,0.5
2023-08-08T05:00:00,1982A,122.0693,37.2174,威海市,文登开发区,,27,27,23,12,7,142,53,82,68,11,7,5,5,0.7,0.6
2023-08-08T05:00:00,2031A,113.1817,27.9958,株洲市,云田中学,,23,23,25,8,14,136,33,42,35,8,9,8,8,0.6,0.6
2023-08-08T05:00:00,2054A,114.1099,32.1059,信阳市,平桥分局,,27,27,34,15,19,130,79,91,83,7,6,1,1,0.6,0.6
2023-08-08T05:00:00,2064A,113.9956,32.1271,信阳市,南湾水厂,,33,33,35,21,20,114,53,74,61,9,7,2,2,0.7,0.7
2023-08-08T05:00:00,2065A,114.0775,32.1195,信阳市,市酿酒公司,,31,31,28,17,23,129,76,91,82,10,10,1,1,0.6,0.6
2023-08-08T05:00:00,2066A,114.0609,32.1399,信阳市,审计局,,38,38,40,21,26,133,81,86,82,6,5,2,2,0.6,0.7
2023-08-08T05:00:00,2067A,114.6613,33.6128,周口市,市环境监测站,,42,42,30,27,18,132,62,101,82,17,12,16,6,0.5,0.5
2023-08-08T05:00:00,2068A,114.6758,33.6347,周口市,周口师范,,39,38,33,27,14,134,47,90,55,18,11,11,5,0.6,0.6
2023-08-08T05:00:00,2069A,114.6546,33.5979,周口市,市运管处,,35,35,24,14,14,130,76,99,90,16,10,13,8,0.5,0.6
2023-08-08T05:00:00,2070A,114.6369,33.6406,周口市,川汇区环保局,,42,42,34,27,13,127,50,60,48,18,13,5,3,1.3,0.8
2023-08-08T05:00:00,2075A,117.6336,24.4674,漳州市,九湖,,,,,,,,,,,,,,,,
2023-08-08T05:00:00,2160A,112.85,35.5051,晋城市,自来水公司,颗粒物(PM10),65,80,47,24,17,153,76,137,108,21,15,9,9,0.9,0.9
2023-08-08T05:00:00,2161A,112.8318,35.4936,晋城市,白云商贸,颗粒物(PM10),59,67,54,19,13,158,81,131,107,18,13,9,10,0.8,0.9
2023-08-08T05:00:00,2162A,112.8508,35.4887,晋城市,市环保局,颗粒物(PM10),58,66,47,27,19,147,66,129,101,23,17,10,10,0.9,1
2023-08-08T05:00:00,2163A,112.8676,35.4897,晋城市,技术学院,颗粒物(PM10),52,53,37,22,16,151,89,124,106,17,17,10,10,0.9,0.9
2023-08-08T05:00:00,2165A,112.8453,35.546,晋城市,白马寺,,,,,,,,,,,,,,,,
2023-08-08T05:00:00,2166A,112.4397,39.3522,朔州市,平朔,,29,29,38,16,18,138,47,112,75,10,14,7,8,0.7,0.6
2023-08-08T05:00:00,2167A,112.4575,39.3617,朔州市,朔唯,,43,43,51,22,19,157,67,138,90,10,14,8,8,0.5,0.5
2023-08-08T05:00:00,2168A,112.4258,39.3197,朔州市,区政府,,,,46,,13,100,,83,,,12,,8,,0.6
2023-08-08T05:00:00,2169A,112.4072,39.3278,朔州市,市环保局,,30,30,44,20,17,141,67,117,86,11,17,8,10,0.4,0.5
2023-08-08T05:00:00,2170A,112.4272,39.3681,朔州市,市二中,,40,40,48,18,18,141,50,113,78,12,18,9,7,0.4,0.4
2023-08-08T05:00:00,2171A,112.7532,37.6945,晋中市,锦纶小区,,48,48,49,26,24,218,41,48,43,21,20,8,9,0.8,0.6
2023-08-08T05:00:00,2173A,112.7249,37.7067,晋中市,南都小区,颗粒物(PM10),59,68,55,39,27,213,61,63,57,18,19,8,11,0.7,0.6
2023-08-08T05:00:00,2174A,112.6991,37.6982,晋中市,榆次区政府,颗粒物(PM10),74,97,55,29,26,207,58,64,57,22,18,9,11,0.6,0.6
2023-08-08T05:00:00,2175A,110.9956,35.0147,运城市,运城中学,,43,37,33,19,17,152,136,140,138,4,5,5,5,0.5,0.5
2023-08-08T05:00:00,2178A,110.9686,35.0303,运城市,地区技校,,41,37,33,21,17,137,131,130,124,3,8,3,4,0.5,0.5
2023-08-08T05:00:00,2179A,111.0414,35.1147,运城市,空港新区,颗粒物(PM10),53,55,47,30,23,116,116,85,85,6,12,3,3,0.6,0.6
2023-08-08T05:00:00,2181A,112.7383,38.4519,忻州市,开发区,,42,42,53,16,33,156,52,57,56,18,21,10,16,0.6,0.9
2023-08-08T05:00:00,2182A,112.7003,38.4928,忻州市,会展中心,,41,41,61,25,36,150,58,71,63,19,24,9,13,0.6,0.8
2023-08-08T05:00:00,2183A,111.1406,37.5211,吕梁市,环保局,,50,50,73,34,39,148,29,23,23,29,39,4,4,0.6,0.8
2023-08-08T05:00:00,2185A,111.1297,37.5136,吕梁市,自来水公司,颗粒物(PM10),65,79,75,34,36,153,17,46,25,34,36,7,6,0.6,0.8
2023-08-08T05:00:00,2187A,106.8174,39.6973,乌海市,市林业局,颗粒物(PM10),51,52,60,17,21,196,76,94,80,24,22,29,33,1.0,1.1
2023-08-08T05:00:00,2188A,106.7907,39.6667,乌海市,中海勃湾学校,,38,38,52,15,22,204,97,103,97,17,18,24,32,0.6,0.9
2023-08-08T05:00:00,2191A,122.2532,43.6801,通辽市,艺术职业学校,,23,23,19,14,8,87,31,40,36,13,12,5,4,0.3,0.3
2023-08-08T05:00:00,2192A,119.7594,49.2261,呼伦贝尔市,区环保局,,40,39,35,28,29,75,20,34,25,14,10,4,5,0.4,0.4
2023-08-08T05:00:00,2195A,107.4212,40.761,巴彦淖尔市,附二中,,26,23,45,18,21,141,81,107,93,12,11,3,6,0.5,0.6
2023-08-08T05:00:00,2196A,107.37,40.7372,巴彦淖尔市,市环保大楼,,32,32,51,12,19,144,96,123,106,6,8,3,6,0.4,0.5
2023-08-08T05:00:00,2197A,113.1306,40.9923,乌兰察布市,集宁新区,,29,26,33,19,16,172,91,132,112,11,11,11,12,0.5,0.5
2023-08-08T05:00:00,2200A,122.0392,46.0656,兴安盟,胜华新制药厂,,23,13,22,16,18,78,31,36,34,8,10,3,2,0.4,0.3
2023-08-08T05:00:00,2201A,121.9504,46.0741,兴安盟,科右前旗环保局,,17,17,25,10,15,83,38,48,43,6,8,2,3,0.4,0.4
2023-08-08T05:00:00,2202A,116.1042,43.9317,锡林郭勒盟,市环保监测站,,21,21,23,8,5,137,54,83,72,4,4,10,9,0.2,0.3
2023-08-08T05:00:00,2203A,116.0781,43.9311,锡林郭勒盟,市政府,,20,17,21,14,6,140,61,81,63,6,8,12,12,0.3,0.3
2023-08-08T05:00:00,2204A,105.6467,38.8363,阿拉善盟,西城区西花园,,40,23,32,15,11,206,125,126,126,11,13,11,12,0.4,0.5
2023-08-08T05:00:00,2205A,105.6985,38.8411,阿拉善盟,蒙二幼,,38,14,29,12,14,191,120,124,123,6,7,6,6,0.6,0.6
2023-08-08T05:00:00,2206A,105.724,38.8516,阿拉善盟,环保局新楼,,40,11,15,11,12,195,127,129,128,6,6,8,8,0.6,0.6
2023-08-08T05:00:00,2207A,121.6094,41.998,阜新市,工业园区,颗粒物(PM10),68,86,34,33,11,93,18,11,11,29,24,20,6,0.8,0.6
2023-08-08T05:00:00,2208A,121.6697,42.0279,阜新市,长青街,,42,42,30,17,11,84,14,18,17,25,15,20,9,0.6,0.8
2023-08-08T05:00:00,2209A,121.6673,42.0705,阜新市,农业园区,,43,28,25,30,13,85,47,49,45,7,6,8,8,1.7,1
2023-08-08T05:00:00,2210A,121.6717,42.0224,阜新市,东苑,,39,39,30,15,13,88,16,21,20,26,18,24,12,0.5,0.8
2023-08-08T05:00:00,2211A,121.6506,42.0498,阜新市,玉龙新城,,39,39,27,13,9,84,23,35,26,28,20,8,6,2.5,1.2
2023-08-08T05:00:00,2212A,123.2,41.1953,辽阳市,宏伟区,颗粒物(PM10),51,52,32,18,16,106,2,22,9,34,19,10,14,0.7,0.5
2023-08-08T05:00:00,2213A,123.1683,41.2495,辽阳市,新华园,,42,42,34,13,13,100,2,25,11,38,19,13,15,0.7,0.6
2023-08-08T05:00:00,2214A,123.2354,41.2639,辽阳市,滨河路,颗粒物(PM10),52,54,35,20,16,104,5,12,7,24,17,7,13,0.6,0.5
2023-08-08T05:00:00,2215A,123.149,41.2991,辽阳市,铁西工业园,,37,37,32,16,12,116,2,2,2,39,28,9,8,0.9,0.7
2023-08-08T05:00:00,2216A,123.8139,42.3022,铁岭市,汇工街西,,23,23,16,10,6,72,0,3,1,22,16,18,17,0.5,0.4
2023-08-08T05:00:00,2217A,123.8649,42.2923,铁岭市,水上乐园,,18,18,15,5,5,74,3,4,3,20,18,2,2,0.5,0.5
2023-08-08T05:00:00,2218A,123.8486,42.2867,铁岭市,银州路东段,,21,21,14,8,5,69,2,2,2,20,17,5,5,0.4,0.4
2023-08-08T05:00:00,2219A,123.7153,42.2217,铁岭市,金沙江路北,,16,15,15,11,7,69,3,19,7,19,11,7,7,0.5,0.5
2023-08-08T05:00:00,2220A,120.4318,41.5881,朝阳市,西梁,,46,46,26,20,10,87,7,37,21,34,15,17,10,0.7,0.6
2023-08-08T05:00:00,2221A,120.4521,41.5646,朝阳市,河畔小区,颗粒物(PM10),53,56,22,20,8,86,20,54,42,26,10,19,9,1.0,0.6
2023-08-08T05:00:00,2222A,120.4176,41.5648,朝阳市,八里堡,,41,41,27,24,11,94,17,33,28,35,20,17,10,0.7,0.6
2023-08-08T05:00:00,2223A,120.3806,41.5969,朝阳市,农业园区,,33,33,22,11,10,89,14,13,11,28,17,4,4,0.6,0.6
2023-08-08T05:00:00,2225A,124.4002,43.1713,四平市,一商场,,20,20,15,13,9,57,2,13,9,21,15,5,7,0.3,0.4
2023-08-08T05:00:00,2226A,124.388,43.193,四平市,境园,,21,21,12,13,7,47,2,3,2,17,12,6,5,0.3,0.2
2023-08-08T05:00:00,2227A,125.1358,42.8845,辽源市,环保局,,13,13,14,6,8,72,7,6,6,16,12,6,11,0.7,0.7
2023-08-08T05:00:00,2229A,125.9358,41.7173,通化市,光明,,20,20,14,6,7,85,12,21,16,21,15,10,6,0.6,0.4
2023-08-08T05:00:00,2230A,125.9446,41.7325,通化市,铁路,,14,14,11,5,6,89,19,20,19,17,8,7,5,0.3,0.2
2023-08-08T05:00:00,2231A,126.4219,41.9171,白山市,喜丰,,26,26,42,4,12,76,6,12,7,19,14,9,8,0.6,0.6
2023-08-08T05:00:00,2232A,126.4077,41.9419,白山市,环保局,,32,32,25,11,9,79,11,10,10,16,10,5,5,0.5,0.5
2023-08-08T05:00:00,2233A,124.8006,45.1214,松原市,江南,,10,10,13,7,7,58,21,26,25,10,9,3,5,0.4,0.4
2023-08-08T05:00:00,2234A,124.7965,45.1722,松原市,江北,,23,23,12,12,7,57,12,23,17,15,10,4,4,0.5,0.4
2023-08-08T05:00:00,2235A,122.7911,45.6077,白城市,洮北区环保局,,10,7,15,2,6,89,29,47,38,11,10,8,7,0,0
2023-08-08T05:00:00,2236A,122.8738,45.5725,白城市,市环保局,,15,15,17,2,6,86,42,57,46,6,7,3,2,0.2,0.2
2023-08-08T05:00:00,2237A,129.47,42.8883,延边朝鲜族自治州,妇幼医院,,15,5,6,2,2,56,48,53,52,9,11,7,7,0.6,0.6
2023-08-08T05:00:00,2238A,129.5055,42.9108,延边朝鲜族自治州,延边医院,,16,8,7,3,2,62,49,55,54,9,10,7,7,0.6,0.7
2023-08-08T05:00:00,2239A,129.3964,42.8881,延边朝鲜族自治州,朝阳川镇医院,,16,2,5,1,1,57,50,55,53,6,7,7,7,0.5,0.5
2023-08-08T05:00:00,2240A,130.9762,45.3001,鸡西市,环保局,,7,7,12,4,5,25,11,10,10,6,10,4,5,0.2,0.2
2023-08-08T05:00:00,2243A,130.9429,45.3039,鸡西市,第一中学,,9,5,12,6,5,28,12,17,14,6,8,5,6,0.2,0.2
2023-08-08T05:00:00,2244A,130.2537,47.3416,鹤岗市,哈啤分公司,,15,5,12,10,6,52,19,27,21,7,8,10,9,0.4,0.4
2023-08-08T05:00:00,2245A,130.2684,47.3086,鹤岗市,斯达机电,,9,9,12,3,9,48,16,26,18,11,10,6,7,0.4,0.3
2023-08-08T05:00:00,2246A,130.3114,47.3388,鹤岗市,东山纸板厂,,12,5,12,8,5,47,14,20,16,7,9,8,8,0.3,0.3
2023-08-08T05:00:00,2247A,130.1097,47.3382,鹤岗市,五号水库,,10,5,7,7,6,137,20,21,21,6,6,9,10,0.1,0.1
2023-08-08T05:00:00,2248A,131.1511,46.6937,双鸭山市,双合村,,12,12,10,2,5,42,12,10,10,7,7,9,9,0.2,0.2
2023-08-08T05:00:00,2249A,131.1652,46.6191,双鸭山市,南小市,,7,7,15,1,5,46,18,19,19,5,6,7,6,0.1,0.1
2023-08-08T05:00:00,2250A,131.1524,46.6554,双鸭山市,环保局,,9,5,9,6,6,39,14,16,15,7,7,8,8,0.2,0.2
2023-08-08T05:00:00,2251A,131.12,46.5656,双鸭山市,苗圃,,9,8,8,6,8,54,13,16,14,5,5,3,4,0.3,0.4
2023-08-08T05:00:00,2252A,128.5159,47.4311,伊春市,环保局,,10,10,16,2,3,56,25,27,27,3,5,8,5,0.3,0.3
2023-08-08T05:00:00,2253A,128.9102,47.7412,伊春市,电力嘉园,,8,7,12,5,8,58,25,28,27,6,5,6,5,0.4,0.4
2023-08-08T05:00:00,2254A,129.5029,48.471,伊春市,汤旺河国家公园,,23,23,19,13,11,65,16,13,13,1,1,12,12,0.7,0.8
2023-08-08T05:00:00,2255A,130.2751,46.8028,佳木斯市,佳纺,,14,14,14,8,6,40,7,13,11,17,11,3,3,0.5,0.4
2023-08-08T05:00:00,2256A,130.3995,46.8307,佳木斯市,发电厂,,24,24,25,6,6,46,7,18,14,15,7,3,8,0.5,0.5
2023-08-08T05:00:00,2257A,130.3258,46.7975,佳木斯市,环保局,,11,11,17,7,7,32,4,11,9,18,17,4,3,0.5,0.6
2023-08-08T05:00:00,2258A,130.3648,46.8032,佳木斯市,十一中,,15,12,13,10,7,42,7,17,13,21,13,5,4,0.4,0.4
2023-08-08T05:00:00,2259A,130.3794,46.7588,佳木斯市,四丰,,14,14,11,7,5,65,5,4,4,15,12,1,1,0.4,0.4
2023-08-08T05:00:00,2262A,131.0518,45.8751,七台河市,新一中,,10,10,11,3,6,45,26,14,14,6,7,7,7,0.5,0.6
2023-08-08T05:00:00,2263A,127.4833,50.2524,黑河市,交通局,,15,15,22,9,11,83,18,18,18,10,13,5,4,0.4,0.4
2023-08-08T05:00:00,2264A,127.5144,50.2341,黑河市,环保局,,29,29,32,13,10,78,21,18,18,9,10,2,2,0.3,0.4
2023-08-08T05:00:00,2265A,127.5291,50.2472,黑河市,大黑河岛,,23,16,19,16,13,91,18,21,20,2,2,2,2,0.3,0.4
2023-08-08T05:00:00,2266A,126.9785,46.6365,绥化市,人和东街,,8,8,9,1,3,44,12,18,12,15,13,5,7,0.1,0.1
2023-08-08T05:00:00,2267A,126.964,46.6528,绥化市,党政办公中心,,10,10,11,4,5,47,9,20,16,17,11,8,7,0.3,0.3
2023-08-08T05:00:00,2269A,124.1069,50.4097,大兴安岭地区,科技局,,28,10,15,19,16,80,28,24,24,3,5,3,4,0.0,0
2023-08-08T05:00:00,2270A,117.396,32.939,蚌埠市,工人疗养院,颗粒物(PM10),51,52,34,19,14,119,72,87,76,11,5,5,3,0.4,0.4
2023-08-08T05:00:00,2271A,117.3605,32.9427,蚌埠市,百货大楼,颗粒物(PM10),53,56,36,22,14,125,78,91,83,10,6,7,5,0.4,0.5
2023-08-08T05:00:00,2273A,117.4185,32.8911,蚌埠市,蚌埠学院,,39,39,30,25,19,121,63,78,65,14,9,7,6,0.5,0.5
2023-08-08T05:00:00,2274A,117.3533,32.9673,蚌埠市,淮上区政府,,39,39,32,26,19,115,44,84,66,21,9,5,5,0.5,0.6
2023-08-08T05:00:00,2275A,117.3145,32.8977,蚌埠市,高新区,,48,48,29,22,14,127,40,84,68,31,10,8,9,0.5,0.5
2023-08-08T05:00:00,2277A,116.8305,32.7727,淮南市,潘集区政府,,32,32,25,18,17,116,74,81,76,11,12,6,5,0.3,0.3
2023-08-08T05:00:00,2278A,117.0067,32.6524,淮南市,师范学院,,44,44,35,21,20,124,72,96,91,14,10,13,12,0.5,0.5
2023-08-08T05:00:00,2279A,116.8569,32.5951,淮南市,谢家集区政府,,28,26,21,8,6,120,88,102,99,10,10,10,6,0.5,0.3
2023-08-08T05:00:00,2280A,116.8281,32.633,淮南市,八公山区政府,,39,39,34,26,22,117,83,95,90,8,7,9,8,0.5,0.4
2023-08-08T05:00:00,2281A,116.6325,32.6201,淮南市,焦岗湖风景区管理处,,28,28,25,9,8,87,54,56,55,16,11,3,3,0.5,0.3
2023-08-08T05:00:00,2282A,116.8004,33.975,淮北市,监测站,,43,43,34,21,12,158,80,108,95,10,13,3,5,0.7,0.6
2023-08-08T05:00:00,2283A,116.8091,33.9007,淮北市,烈山区政府,,42,42,35,25,17,184,88,93,89,12,11,6,6,0.7,0.6
2023-08-08T05:00:00,2285A,117.8177,30.9412,铜陵市,市第四中学,,31,31,33,11,19,114,53,71,60,4,12,6,6,0.3,0.3
2023-08-08T05:00:00,2286A,117.8059,30.9273,铜陵市,市公路局,,35,35,35,17,21,142,61,88,71,6,12,5,5,0.3,0.4
2023-08-08T05:00:00,2287A,117.7807,30.9413,铜陵市,市新民污水厂,,40,40,39,15,18,128,42,79,63,20,12,2,3,0.4,0.4
2023-08-08T05:00:00,2288A,117.7439,30.8792,铜陵市,市第九中学,颗粒物(PM10),54,57,43,20,20,113,13,58,42,46,30,2,2,0.6,0.6
2023-08-08T05:00:00,2289A,117.846,30.9413,铜陵市,车站新区,,34,34,36,9,21,145,57,82,66,8,9,6,6,0.4,0.5
2023-08-08T05:00:00,2290A,117.8483,30.97,铜陵市,市职教基地,,28,28,23,8,13,125,45,65,54,8,8,3,4,0.6,0.6
2023-08-08T05:00:00,2291A,117.0809,30.5177,安庆市,环科院,,28,28,26,17,17,129,65,88,79,10,7,7,5,0.7,0.5
2023-08-08T05:00:00,2292A,117.0331,30.5119,安庆市,马山宾馆,,29,24,27,20,20,133,71,92,85,9,8,5,5,0.8,0.7
2023-08-08T05:00:00,2294A,116.9896,30.6145,安庆市,安庆大学,,30,24,24,21,20,114,60,78,70,7,6,4,4,0.6,0.5
2023-08-08T05:00:00,2295A,118.2903,29.6963,黄山市,延安路89号,,28,28,32,3,8,137,23,36,27,4,5,6,6,0.6,0.6
2023-08-08T05:00:00,2296A,118.327,29.7178,黄山市,黄山东路89号,,14,14,18,8,8,117,21,41,29,8,6,6,6,0.5,0.5
2023-08-08T05:00:00,2297A,118.1371,30.2756,黄山市,黄山区政府5号楼,,33,33,40,18,15,133,24,74,45,6,7,7,7,0.6,0.6
2023-08-08T05:00:00,2298A,118.3093,32.3153,滁州市,老年大学,,31,31,27,19,12,107,62,101,77,11,9,11,12,0.3,0.3
2023-08-08T05:00:00,2299A,118.3244,32.2786,滁州市,人大宾馆,,29,29,18,18,13,108,66,99,87,17,12,12,7,0.3,0.3
2023-08-08T05:00:00,2301A,115.8277,32.8929,阜阳市,市监测站,,24,22,19,11,8,136,74,98,86,13,9,8,6,0.7,0.7
2023-08-08T05:00:00,2303A,115.8554,32.8605,阜阳市,开发区,,23,23,20,6,7,130,64,84,72,14,11,7,6,0.7,0.6
2023-08-08T05:00:00,2307A,116.5079,31.737,六安市,监测大楼,,32,22,28,22,16,127,70,80,76,6,6,7,5,0.4,0.4
2023-08-08T05:00:00,2308A,116.4738,31.7643,六安市,皖西学院,,31,31,31,11,10,126,72,81,76,11,10,8,11,0.4,0.6
2023-08-08T05:00:00,2309A,116.4996,31.7905,六安市,朝阳厂,,25,12,20,8,15,133,77,82,80,6,5,9,8,0.5,0.6
2023-08-08T05:00:00,2310A,116.5567,31.7886,六安市,开发区,,34,34,34,20,21,124,72,74,73,5,6,6,6,0.5,0.6
2023-08-08T05:00:00,2311A,115.8072,33.8399,亳州市,污水处理厂,,40,40,29,19,11,136,21,58,42,25,9,15,11,0.3,0.3
2023-08-08T05:00:00,2312A,115.7789,33.8518,亳州市,三国揽胜宫,,44,44,29,22,12,146,68,83,79,20,11,18,12,0.7,0.7
2023-08-08T05:00:00,2314A,117.47,30.6618,池州市,池州学院,,24,24,32,13,26,142,51,108,82,6,7,4,3,0.7,0.6
2023-08-08T05:00:00,2316A,118.7581,30.9454,宣城市,鳌峰子站,,25,24,28,17,19,102,39,50,46,16,15,4,5,0.6,0.6
2023-08-08T05:00:00,2317A,118.7385,30.9743,宣城市,敬亭山子站,,35,35,35,18,18,110,42,47,41,26,19,7,7,0.6,0.5
2023-08-08T05:00:00,2318A,118.7173,30.9427,宣城市,开发区子站,,26,26,28,18,19,118,44,54,48,15,13,6,6,0.5,0.5
2023-08-08T05:00:00,2319A,119.0141,25.4325,莆田市,荔城区仓后路,,20,15,54,6,34,219,63,95,78,8,13,7,8,1.0,1.1
2023-08-08T05:00:00,2320A,119.0015,25.4553,莆田市,莆田市监测站,,20,20,56,1,33,239,54,94,76,3,7,5,9,0.4,0.3
2023-08-08T05:00:00,2321A,119.1119,25.4561,莆田市,涵江区六中,,19,18,59,7,32,184,59,102,79,13,15,7,7,0.6,0.7
2023-08-08T05:00:00,2322A,119.1013,25.3215,莆田市,秀屿区政府,,26,26,45,11,26,170,38,79,58,14,10,9,9,0.8,0.8
2023-08-08T05:00:00,2323A,118.981,25.4792,莆田市,东圳水库,,,,,,,,,,,,,,,,
2023-08-08T05:00:00,2324A,117.6211,26.2625,三明市,三钢,,28,23,35,19,24,127,16,40,28,15,14,8,15,0.8,0.7
2023-08-08T05:00:00,2325A,117.635,26.2714,三明市,三明二中,,26,26,33,14,21,137,10,42,28,31,17,5,9,1.7,0.9
2023-08-08T05:00:00,2326A,117.6028,26.2378,三明市,三元区政府,,31,31,33,12,19,132,20,30,25,12,14,8,16,1.0,1
2023-08-08T05:00:00,2327A,117.7275,26.3108,三明市,洋溪,,,,,,,,,,,,,,,,
2023-08-08T05:00:00,2331A,118.0966,26.6761,南平市,茫荡山,,,,,,,,,,,,,,,,
2023-08-08T05:00:00,2332A,118.1681,26.6369,南平市,南平市监测站,,14,11,27,4,17,111,42,66,54,4,6,4,6,0.6,0.7
2023-08-08T05:00:00,2333A,118.1825,26.6489,南平市,南平铝业有限公司,,14,8,30,6,20,108,44,68,54,7,8,6,9,0.6,0.7
2023-08-08T05:00:00,2334A,118.1756,26.6272,南平市,南平七中,,15,9,29,4,18,114,45,72,59,5,6,4,5,0.6,0.8
2023-08-08T05:00:00,2335A,117.0189,25.1181,龙岩市,龙岩师专,,,,,,,,,,,,,,,,
2023-08-08T05:00:00,2336A,117.0217,25.1033,龙岩市,龙岩市监测站,,30,29,27,21,14,126,10,21,17,22,14,1,2,0.5,0.5
2023-08-08T05:00:00,2337A,117.0258,25.0661,龙岩市,闽西职业技术学院,,36,36,31,21,16,115,10,15,13,22,14,2,2,0.6,0.5
2023-08-08T05:00:00,2338A,117.0196,25.0306,龙岩市,龙岩学院,,26,26,27,13,16,105,17,18,18,16,10,2,3,0.3,0.4
2023-08-08T05:00:00,2339A,119.5001,26.6946,宁德市,金涵水库,,,,,,,,,,,,,,,,
2023-08-08T05:00:00,2341A,119.5388,26.6612,宁德市,宁德市监测站,,,19,32,12,21,162,31,63,48,,9,8,8,0.5,0.8
2023-08-08T05:00:00,2342A,117.3102,29.3867,景德镇市,王港中学,,10,10,19,6,12,92,6,15,10,2,2,3,3,0.7,0.7
2023-08-08T05:00:00,2343A,117.2117,29.2933,景德镇市,老干部活动中心,,28,28,27,16,19,113,15,51,25,18,11,8,5,0.4,0.4
2023-08-08T05:00:00,2344A,117.1894,29.2789,景德镇市,兽医站,细颗粒物(PM2.5),54,44,30,38,21,117,15,27,19,27,17,19,11,0.7,0.5
2023-08-08T05:00:00,2345A,117.1547,29.2617,景德镇市,台达陶瓷,,32,25,30,22,21,133,14,39,28,33,16,22,23,0.8,0.6
2023-08-08T05:00:00,2346A,117.2461,29.2956,景德镇市,陶研所,,39,39,26,6,11,120,18,47,30,16,8,8,7,0.5,0.4
2023-08-08T05:00:00,2347A,114.0997,27.5002,萍乡市,武功山,,12,7,12,8,8,77,9,11,11,4,4,23,21,0.4,0.4
2023-08-08T05:00:00,2348A,113.8385,27.6434,萍乡市,中医院,,46,21,34,32,23,157,28,48,42,12,12,19,16,0.6,0.8
2023-08-08T05:00:00,2349A,113.8493,27.6253,萍乡市,市政府车库,,45,44,36,31,22,156,11,44,24,16,16,15,18,0.7,0.7
2023-08-08T05:00:00,2350A,113.8676,27.6435,萍乡市,市环保局,,34,34,33,22,20,137,24,42,34,18,14,72,23,0.6,0.7
2023-08-08T05:00:00,2351A,113.866,27.6198,萍乡市,安源区政府,,38,38,34,24,21,150,14,37,22,18,15,24,18,0.6,0.7
2023-08-08T05:00:00,2352A,115.0861,27.9317,新余市,北岗,,23,23,33,15,25,122,18,78,45,5,7,9,8,0.7,0.7
2023-08-08T05:00:00,2353A,114.9886,27.8431,新余市,飞宇,,36,36,54,23,32,144,35,72,56,23,13,5,7,0.7,0.7
2023-08-08T05:00:00,2354A,114.9231,27.8246,新余市,第二水厂,,33,33,60,20,27,158,46,69,64,20,16,7,7,0.2,0.3
2023-08-08T05:00:00,2355A,114.9308,27.8036,新余市,市气象局,,39,39,52,24,34,153,44,68,63,13,10,6,7,0.7,0.9
2023-08-08T05:00:00,2357A,116.9822,28.1136,鹰潭市,龙虎山,,33,33,34,21,22,129,13,26,20,5,12,2,5,0.4,0.6
2023-08-08T05:00:00,2358A,117.0564,28.2642,鹰潭市,新监测站,,20,14,40,14,23,129,30,70,37,8,6,3,3,0.3,0.5
2023-08-08T05:00:00,2359A,117.0311,28.2475,鹰潭市,财苑宾馆,,19,16,49,13,23,125,35,57,34,8,8,2,6,0.3,0.4
2023-08-08T05:00:00,2360A,117.0222,28.2264,鹰潭市,体育馆,,26,26,74,14,24,127,31,43,30,8,10,1,2,0.4,0.5
2023-08-08T05:00:00,2361A,117.0017,28.2131,鹰潭市,三川水表,,20,20,56,14,26,126,31,40,28,1,5,1,2,0.5,0.5
2023-08-08T05:00:00,2362A,114.9017,25.9149,赣州市,通天岩,,,,,,,,,,,,,,,,
2023-08-08T05:00:00,2363A,114.9367,25.8664,赣州市,地委,,33,33,38,16,18,145,60,61,59,2,7,15,12,1.3,1.3
2023-08-08T05:00:00,2364A,114.9461,25.8481,赣州市,气象台,,18,15,28,10,15,141,55,54,54,4,3,7,6,0.7,0.7
2023-08-08T05:00:00,2365A,114.9322,25.8333,赣州市,市图书馆,,24,24,42,11,20,132,46,46,45,10,10,15,11,1.2,1.1
2023-08-08T05:00:00,2366A,114.8905,25.8471,赣州市,华坚鞋城,,33,25,38,23,21,135,50,51,49,5,6,8,7,1.1,0.8
2023-08-08T05:00:00,2367A,114.9754,27.0803,吉安市,红声器材厂,,38,38,38,19,22,129,52,67,62,10,9,2,9,0.6,0.7
2023-08-08T05:00:00,2368A,114.9658,27.0999,吉安市,市森林工业局,,29,29,35,15,24,133,52,69,63,4,6,7,8,0.8,0.5
2023-08-08T05:00:00,2369A,114.99,27.1312,吉安市,市环境监测站,,33,33,35,17,20,127,38,55,51,10,11,10,10,0.8,0.6
2023-08-08T05:00:00,2370A,115.0093,27.0968,吉安市,青原区法院,,32,32,33,20,23,131,60,62,58,10,12,16,13,0.8,0.8
2023-08-08T05:00:00,2371A,114.3408,27.8064,宜春市,槟榔水业,,38,38,38,26,25,132,33,36,27,18,15,2,1,1.0,0.7
2023-08-08T05:00:00,2373A,114.3956,27.7844,宜春市,市石油公司,,44,44,44,27,27,148,26,38,27,16,13,6,6,0.9,0.7
2023-08-08T05:00:00,2374A,114.3703,27.7914,宜春市,市气象局,颗粒物(PM10),52,53,45,33,28,146,33,42,36,20,15,5,4,1.1,0.8
2023-08-08T05:00:00,2375A,114.4013,27.8074,宜春市,市广电局,,46,46,46,22,29,146,47,49,48,11,12,14,10,1.0,0.9
2023-08-08T05:00:00,2376A,116.2127,28.0814,抚州市,桐源党溪,,23,20,32,16,22,134,24,40,31,9,4,3,2,0.5,0.4
2023-08-08T05:00:00,2377A,116.3544,27.9831,抚州市,市站,,32,32,39,15,26,121,57,60,57,5,6,6,6,0.9,0.9
2023-08-08T05:00:00,2378A,116.3565,27.963,抚州市,血防站,,30,30,44,13,23,110,54,63,58,2,3,5,5,0.7,0.8
2023-08-08T05:00:00,2379A,116.3564,28.0007,抚州市,采茶剧团,,28,28,40,16,26,132,55,54,54,4,7,3,3,0.8,0.9
2023-08-08T05:00:00,2380A,116.385,27.9647,抚州市,医学分院,,36,36,39,12,20,126,49,59,54,8,8,4,4,0.9,1
2023-08-08T05:00:00,2381A,118.005,28.4572,上饶市,百草园,,,,54,,32,14,,8,,,16,,25,,0.8
2023-08-08T05:00:00,2382A,117.9756,28.4436,上饶市,市监测站,,42,42,45,21,27,176,9,23,15,23,16,11,12,0.7,0.6
2023-08-08T05:00:00,2383A,117.9519,28.4628,上饶市,凤凰光学,,36,36,47,18,28,173,11,20,18,23,15,18,19,0.9,0.9
2023-08-08T05:00:00,2385A,114.17,35.9019,鹤壁市,市监测站,颗粒物(PM10),73,96,42,47,28,171,40,35,35,28,21,4,6,0.5,0.5
2023-08-08T05:00:00,2386A,114.2956,35.7511,鹤壁市,市交警支队,细颗粒物(PM2.5),59,54,37,42,22,141,77,90,72,18,17,11,12,0.7,0.6
2023-08-08T05:00:00,2387A,114.2878,35.7306,鹤壁市,迎宾馆,颗粒物(PM10),60,69,33,42,24,144,60,76,72,18,14,9,9,0.7,0.7
2023-08-08T05:00:00,2389A,113.836,35.311,新乡市,环保西院,颗粒物(PM10),52,54,36,22,16,138,51,54,54,29,14,6,6,1.0,0.9
2023-08-08T05:00:00,2390A,113.884,35.272,新乡市,开发区,,47,47,21,24,12,139,59,110,81,24,11,3,4,1.1,1
2023-08-08T05:00:00,2391A,113.883,35.303,新乡市,环保东院,颗粒物(PM10),56,62,39,21,15,138,36,83,64,37,14,7,7,0.9,0.8
2023-08-08T05:00:00,2392A,115.0312,35.7636,濮阳市,环保局,细颗粒物(PM2.5),63,43,35,45,24,163,85,114,105,12,10,5,6,0.6,0.7
2023-08-08T05:00:00,2394A,115.0574,35.7609,濮阳市,油田运输公司,细颗粒物(PM2.5),70,64,44,51,28,168,81,113,98,7,6,4,6,0.6,0.6
2023-08-08T05:00:00,2395A,115.0866,35.7754,濮阳市,油田物探公司,细颗粒物(PM2.5),70,64,45,51,28,158,62,93,80,11,9,4,6,0.6,0.6
2023-08-08T05:00:00,2396A,113.8276,34.0159,许昌市,监测站,,45,45,35,28,19,157,91,121,107,15,11,5,4,0.5,0.5
2023-08-08T05:00:00,2398A,113.7906,33.9953,许昌市,开发区,,44,44,34,24,14,161,24,49,39,49,15,2,2,0.6,0.5
2023-08-08T05:00:00,2399A,114.051,33.5699,漯河市,三五一五工厂,,34,34,34,22,18,125,54,75,61,19,8,10,8,0.5,0.5
2023-08-08T05:00:00,2400A,114.0055,33.5698,漯河市,漯河大学,,38,38,34,26,22,136,74,107,84,11,6,9,9,0.4,0.4
2023-08-08T05:00:00,2401A,114.0138,33.5828,漯河市,市水利局,,39,39,34,22,19,131,68,99,76,15,9,11,10,0.6,0.6
2023-08-08T05:00:00,2402A,114.0261,33.5698,漯河市,市广电局,,44,44,38,25,19,135,63,99,76,19,10,9,9,0.5,0.5
2023-08-08T05:00:00,2404A,112.5224,33.0122,南阳市,瓦房庄,,35,35,39,18,18,137,93,99,94,10,11,8,7,0.6,0.6
2023-08-08T05:00:00,2405A,112.5003,32.9735,南阳市,汉画馆,,32,32,33,20,21,137,100,104,103,8,10,6,5,0.5,0.4
2023-08-08T05:00:00,2406A,112.5573,33.027,南阳市,气象站,,33,33,36,23,22,140,93,96,94,9,10,6,5,0.5,0.5
2023-08-08T05:00:00,2407A,112.5481,32.9689,南阳市,理工学院,,40,40,36,17,16,146,87,99,91,12,8,9,8,0.5,0.4
2023-08-08T05:00:00,2408A,115.6702,34.4285,商丘市,环境监测站,颗粒物(PM10),51,52,33,32,14,147,74,68,68,17,14,8,7,0.7,0.6
2023-08-08T05:00:00,2409A,115.6458,34.4045,商丘市,粮食局,颗粒物(PM10),51,51,26,28,12,146,94,120,106,9,7,8,6,0.8,0.6
2023-08-08T05:00:00,2410A,115.6293,34.3948,商丘市,睢阳区环保局,颗粒物(PM10),53,55,33,32,15,163,107,76,76,9,15,9,7,0.7,0.6
2023-08-08T05:00:00,2420A,114.0189,32.9656,驻马店市,市一纸厂,,28,27,32,8,14,131,89,100,94,8,8,7,5,0.3,0.3
2023-08-08T05:00:00,2421A,114.0114,33.015,驻马店市,市彩印厂,颗粒物(PM10),53,56,41,14,17,131,61,92,73,15,11,9,7,0.4,0.4
2023-08-08T05:00:00,2422A,113.9976,32.9771,驻马店市,天方二分厂,,28,25,32,15,19,125,89,100,90,7,6,6,5,0.3,0.4
2023-08-08T05:00:00,2423A,115.0601,30.2313,黄石市,沈家营,颗粒物(PM10),53,55,58,11,16,165,22,37,29,23,14,5,8,0.8,0.7
2023-08-08T05:00:00,2424A,115.0817,30.2006,黄石市,陈家湾,颗粒物(PM10),54,57,53,24,19,165,30,63,52,13,8,5,6,0.8,0.6
2023-08-08T05:00:00,2426A,114.8988,30.2019,黄石市,铁山,,25,21,32,17,17,161,72,92,81,8,11,5,7,0.6,0.8
2023-08-08T05:00:00,2427A,115.0307,30.2092,黄石市,团城山,,42,42,46,10,13,163,45,76,69,12,9,7,8,0.6,0.5
2023-08-08T05:00:00,2428A,111.0419,32.395,十堰市,武当山,,28,28,25,16,14,127,75,92,81,5,5,8,8,0.7,0.7
2023-08-08T05:00:00,2429A,110.78,32.6494,十堰市,滨河新村,,43,43,36,23,18,125,38,78,54,3,4,6,5,0.7,0.6
2023-08-08T05:00:00,2430A,110.7258,32.6389,十堰市,刘家沟,,37,37,30,25,20,132,36,68,51,5,4,5,5,0.7,0.6
2023-08-08T05:00:00,2431A,110.8839,32.5714,十堰市,铁二处,,30,30,25,20,15,147,33,62,48,2,4,5,5,0.7,0.7
2023-08-08T05:00:00,2432A,112.155,32.0197,襄阳市,襄城运动路,,45,45,39,29,25,138,68,71,66,13,13,7,7,0.8,0.8
2023-08-08T05:00:00,2433A,112.1392,32.0564,襄阳市,樊城新华路,,42,42,40,24,24,150,81,105,90,10,11,5,5,0.7,0.7
2023-08-08T05:00:00,2434A,112.1825,32.1142,襄阳市,高新管委会,,43,40,39,30,26,144,70,100,85,12,9,6,6,0.8,0.8
2023-08-08T05:00:00,2435A,112.2106,32.0903,襄阳市,襄州航空路,,43,38,39,30,25,139,67,85,77,15,13,6,6,0.8,0.8
2023-08-08T05:00:00,2436A,114.8938,30.3994,鄂州市,市政府,,42,42,33,13,13,159,29,71,40,21,11,5,4,0.4,0.4
2023-08-08T05:00:00,2437A,114.8989,30.3714,鄂州市,赵家坝,,44,44,39,9,14,157,19,63,43,34,15,4,3,0.6,0.7
2023-08-08T05:00:00,2439A,112.2014,31.0481,荆门市,竹园小学,,40,40,44,22,23,147,79,102,93,10,8,10,10,0.8,0.7
2023-08-08T05:00:00,2440A,112.1969,30.9891,荆门市,掇刀,,42,42,39,26,23,140,91,100,97,9,10,13,13,0.7,0.7
2023-08-08T05:00:00,2441A,112.2213,31.0386,荆门市,石化一小,颗粒物(PM10),51,52,41,28,20,148,74,103,90,13,10,5,7,0.5,0.5
2023-08-08T05:00:00,2443A,113.9153,30.9285,孝感市,文化路,,30,17,21,21,20,118,75,90,79,6,5,7,7,0.7,0.7
2023-08-08T05:00:00,2444A,113.942,30.9075,孝感市,东城区,,25,25,25,16,17,123,71,90,78,8,7,6,7,0.7,0.6
2023-08-08T05:00:00,2446A,114.9028,30.4742,黄冈市,职工中心,,20,20,28,14,17,144,46,60,50,7,7,9,8,0.4,0.4
2023-08-08T05:00:00,2447A,114.3175,29.8142,咸宁市,森林公园,,23,18,23,8,14,105,73,72,72,4,4,5,5,0.5,0.6
2023-08-08T05:00:00,2448A,114.3107,29.8454,咸宁市,市发改委,,20,20,25,11,17,126,44,53,46,6,6,2,5,0.6,0.7
2023-08-08T05:00:00,2449A,114.2936,29.8566,咸宁市,咸安区政府,,18,18,25,10,17,123,31,52,40,8,10,4,4,0.5,0.6
2023-08-08T05:00:00,2451A,113.3583,31.7275,随州市,市委党校,,29,27,33,20,23,116,72,84,77,2,2,7,6,0.7,0.7
2023-08-08T05:00:00,2452A,113.3833,31.6908,随州市,市林业局,,29,24,28,20,22,123,78,97,87,7,6,4,4,0.7,0.7
2023-08-08T05:00:00,2453A,113.3983,31.7308,随州市,市立交桥水厂,,30,30,30,20,23,116,52,62,60,10,6,6,6,0.8,0.7
2023-08-08T05:00:00,2454A,109.4978,30.2981,恩施土家族苗族自治州,湖北民院,,,,,,,,,,,,,,,,
2023-08-08T05:00:00,2455A,109.4707,30.2798,恩施土家族苗族自治州,州电力总公司,,14,14,17,9,11,92,17,41,29,15,11,10,10,0.7,0.7
2023-08-08T05:00:00,2456A,112.5003,26.9167,衡阳市,原169医院,,19,19,26,13,15,144,54,75,66,4,5,5,8,0.3,0.3
2023-08-08T05:00:00,2457A,112.6194,26.9258,衡阳市,衡阳化工总厂,,26,22,33,18,18,142,69,76,64,7,9,16,10,0.7,0.7
2023-08-08T05:00:00,2458A,112.6211,26.8956,衡阳市,珠晖区环保局,,,28,31,,,145,65,74,65,10,10,12,9,0.6,0.6
2023-08-08T05:00:00,2459A,112.6197,26.8733,衡阳市,市委党校,,29,27,27,20,14,144,72,82,77,9,8,17,12,0.8,0.7
2023-08-08T05:00:00,2460A,112.6006,26.8919,衡阳市,市监测站,,26,26,32,18,18,142,71,84,77,8,10,16,11,0.7,0.7
2023-08-08T05:00:00,2461A,112.5664,26.9056,衡阳市,真空机电公司,,,20,31,,,145,60,81,70,7,8,7,9,0.8,0.8
2023-08-08T05:00:00,2462A,111.5239,27.3033,邵阳市,市水土所,,39,24,30,27,27,101,19,31,24,9,6,5,7,0.8,0.6
2023-08-08T05:00:00,2463A,111.4733,27.2317,邵阳市,市一中,,36,36,40,22,21,127,58,79,71,10,7,16,11,0.6,0.5
2023-08-08T05:00:00,2464A,111.5283,27.2442,邵阳市,市化工厂,,29,27,28,20,20,104,55,72,62,10,8,13,13,0.6,0.6
2023-08-08T05:00:00,2465A,111.4503,27.2537,邵阳市,市罐头厂,,38,25,33,26,25,118,50,63,56,10,8,6,5,0.7,0.6
2023-08-08T05:00:00,2466A,111.4328,27.2272,邵阳市,市环保局,,45,37,37,31,29,122,56,73,58,8,8,9,4,0.7,0.5
2023-08-08T05:00:00,2467A,112.4067,28.6428,益阳市,甘溪港,,26,26,25,8,6,86,29,30,30,9,7,6,6,0.5,0.4
2023-08-08T05:00:00,2468A,112.3458,28.5808,益阳市,市环保局,,18,18,19,3,11,110,52,62,58,6,8,8,6,0.8,0.7
2023-08-08T05:00:00,2469A,112.3437,28.5531,益阳市,市特殊教育学校,,29,29,28,18,18,106,51,66,57,12,12,5,4,0.6,0.5
2023-08-08T05:00:00,2470A,112.3347,28.6047,益阳市,资阳区政务中心,,23,23,21,8,13,106,50,59,53,2,5,5,5,0.8,0.8
2023-08-08T05:00:00,2471A,112.3744,28.5819,益阳市,赫山环保分局,,36,36,28,12,10,99,58,68,63,4,6,4,4,0.9,0.9
2023-08-08T05:00:00,2472A,113.0073,25.9061,郴州市,马头岭,,13,13,25,4,8,129,31,30,30,15,13,5,5,0.6,0.6
2023-08-08T05:00:00,2473A,113.0116,25.8226,郴州市,市职中,,24,24,23,13,16,130,29,46,43,17,11,6,6,0.6,0.5
2023-08-08T05:00:00,2474A,113.0161,25.8001,郴州市,兴隆步行街,,30,30,29,11,17,122,34,48,45,19,12,7,7,0.5,0.5
2023-08-08T05:00:00,2475A,113.0383,25.8071,郴州市,市审计局,,31,31,27,18,18,116,28,44,36,17,11,3,5,0.5,0.5
2023-08-08T05:00:00,2476A,113.0348,25.7759,郴州市,市环保局,,34,34,30,20,19,118,25,55,41,26,15,15,13,0.6,0.5
2023-08-08T05:00:00,2477A,111.6217,26.2081,永州市,零陵南津渡,,23,12,16,16,13,88,29,52,41,7,4,8,7,0.5,0.5
2023-08-08T05:00:00,2478A,111.6156,26.4214,永州市,市环境监测站,,22,22,26,15,17,93,54,84,68,7,6,12,7,0.7,0.6
2023-08-08T05:00:00,2479A,111.6236,26.2331,永州市,零陵区环保局,,19,19,24,11,14,87,40,65,56,6,6,12,9,0.4,0.4
2023-08-08T05:00:00,2480A,111.5992,26.4364,永州市,永州市环保局,,24,24,23,10,13,86,48,74,61,7,7,12,8,0.6,0.5
2023-08-08T05:00:00,2481A,111.5989,26.4519,永州市,冷水滩区环保局,,20,20,29,12,15,94,54,84,66,8,9,8,7,0.6,0.5
2023-08-08T05:00:00,2482A,109.5981,27.5721,怀化市,林科所,,19,19,17,4,6,63,14,28,18,2,2,4,6,1.1,1
2023-08-08T05:00:00,2483A,109.9453,27.5444,怀化市,河西地税局,,25,25,20,14,13,83,23,33,28,12,9,5,7,0.8,0.7
2023-08-08T05:00:00,2484A,109.9781,27.5342,怀化市,市四医院,,25,25,22,13,16,87,25,34,29,8,8,6,6,0.5,0.5
2023-08-08T05:00:00,2485A,109.9972,27.5578,怀化市,监测楼,,33,33,28,13,14,76,20,40,30,8,5,3,5,1.0,0.8
2023-08-08T05:00:00,2486A,110.0394,27.583,怀化市,市委党校,,35,35,30,23,18,86,9,25,16,17,13,4,5,0.8,0.7
2023-08-08T05:00:00,2487A,111.9589,27.8901,娄底市,电视发射台,,27,27,29,14,16,91,26,34,32,3,3,2,2,0.9,0.9
2023-08-08T05:00:00,2488A,111.9975,27.725,娄底市,市监测站,,31,31,32,20,22,113,26,49,34,14,14,12,12,0.6,0.8
2023-08-08T05:00:00,2489A,112.0194,27.7314,娄底市,市委党校,,30,30,27,21,19,98,17,29,24,7,8,3,4,0.6,0.6
2023-08-08T05:00:00,2490A,111.9561,27.7569,娄底市,涟钢,,30,30,36,19,19,92,13,23,21,18,15,9,11,1.2,1.3
2023-08-08T05:00:00,2491A,111.9892,27.7044,娄底市,市政府,,31,31,28,21,22,105,32,30,28,8,10,6,6,0.4,0.5
2023-08-08T05:00:00,2492A,109.6414,28.2558,湘西州,跃进水库,,12,12,15,5,11,62,6,16,9,5,4,5,5,0.9,0.9
2023-08-08T05:00:00,2493A,109.7325,28.3169,湘西州,州政府,,19,14,15,13,9,90,16,17,14,4,6,4,4,0.6,0.6
2023-08-08T05:00:00,2494A,109.6958,28.2675,湘西州,吉首市计生局,,10,10,16,4,11,89,18,30,23,5,7,6,6,0.7,0.7
2023-08-08T05:00:00,2495A,111.3014,23.4832,梧州市,市逸夫小学,,21,21,24,5,12,89,6,33,24,26,12,6,6,0.6,0.7
2023-08-08T05:00:00,2496A,111.3239,23.4794,梧州市,市十一中,,26,26,28,6,9,80,0,28,14,12,9,8,7,0.6,0.6
2023-08-08T05:00:00,2497A,111.247,23.4189,梧州市,龙圩,,30,23,28,21,15,77,19,17,17,9,12,16,12,1.0,0.8
2023-08-08T05:00:00,2498A,111.2711,23.4835,梧州市,龙新,,19,14,29,13,13,90,14,25,21,14,11,7,6,0.4,0.5
2023-08-08T05:00:00,2499A,108.3411,21.6158,防城港市,沙万,,,,17,,10,32,,31,,,11,,5,,0.5
2023-08-08T05:00:00,2500A,108.3514,21.7731,防城港市,防城档案局,,10,4,11,2,5,50,29,42,35,9,8,6,7,0.3,0.3
2023-08-08T05:00:00,2501A,108.3506,21.6414,防城港市,大海花园,,12,3,14,1,4,46,36,45,38,4,8,4,4,0.4,0.4
2023-08-08T05:00:00,2502A,108.6236,21.9667,钦州市,市环保站,,,,16,,5,34,,32,,,15,,10,,0.8
2023-08-08T05:00:00,2503A,108.6549,21.9481,钦州市,沙埠小学,,11,8,18,2,6,49,33,40,30,9,14,4,8,0.5,0.6
2023-08-08T05:00:00,2504A,108.5989,21.7431,钦州市,港区一小,,11,8,19,4,7,53,34,39,37,12,14,7,10,0.5,0.7
2023-08-08T05:00:00,2505A,109.568,23.1478,贵港市,德智高中,,22,22,23,6,9,61,19,20,16,10,13,5,5,0.6,0.7
2023-08-08T05:00:00,2506A,109.6047,23.0666,贵港市,江南子站,,17,17,22,9,11,70,24,19,16,7,10,7,7,0.5,0.5
2023-08-08T05:00:00,2507A,109.6014,23.0948,贵港市,贵城子站,,18,8,20,12,11,42,13,18,13,10,10,8,8,0.6,0.6
2023-08-08T05:00:00,2508A,109.5669,23.1065,贵港市,荷城子站,,14,14,19,5,5,60,20,32,20,6,8,8,8,0.4,0.4
2023-08-08T05:00:00,2509A,110.1106,22.7019,玉林市,寒山水库,,31,31,31,8,9,51,20,14,14,6,6,11,9,0.5,0.5
2023-08-08T05:00:00,2510A,110.1675,22.6411,玉林市,市监测站,,20,20,19,12,6,52,27,25,25,7,5,55,18,0.6,0.8
2023-08-08T05:00:00,2511A,110.1433,22.6164,玉林市,南江一中,,23,23,27,8,10,60,27,23,23,11,9,12,14,0.6,0.6
2023-08-08T05:00:00,2512A,106.6103,23.9011,百色市,市监测站,,10,10,13,5,6,64,25,34,30,8,8,6,6,0.8,0.7
2023-08-08T05:00:00,2513A,106.6538,23.8859,百色市,市中心血站,,12,7,15,8,9,79,27,36,30,9,11,7,8,0.6,0.7
2023-08-08T05:00:00,2514A,111.5264,24.4172,贺州市,环保小区,,28,28,26,18,14,81,16,15,12,16,16,15,12,0.7,0.7
2023-08-08T05:00:00,2515A,111.5608,24.4078,贺州市,政协大楼,,35,35,34,13,21,88,12,18,11,15,13,29,15,0.5,0.5
2023-08-08T05:00:00,2516A,108.2011,24.715,河池市,东仁乐园,,32,32,21,10,14,47,4,5,5,11,6,4,5,0.4,0.5
2023-08-08T05:00:00,2517A,108.0497,24.6947,河池市,市环保站,,27,27,16,8,7,60,12,9,9,15,12,8,8,0.6,0.6
2023-08-08T05:00:00,2518A,108.0983,24.6989,河池市,市疾控中心,,38,38,18,11,7,57,7,8,6,18,16,6,5,0.6,0.6
2023-08-08T05:00:00,2520A,109.2203,23.7256,来宾市,来宾技工学校,,41,41,20,14,10,67,17,23,20,7,6,25,15,0.4,0.4
2023-08-08T05:00:00,2521A,107.3476,22.4136,崇左市,市环保局江州分局,,24,24,23,9,11,84,25,43,36,8,7,4,5,0.5,0.5
2023-08-08T05:00:00,2522A,107.3702,22.3707,崇左市,城南新区,,12,12,19,6,10,82,28,48,37,6,9,2,3,0.4,0.4
2023-08-08T05:00:00,2523A,105.8945,32.4535,广元市,黑石坡,,11,11,23,3,7,122,33,49,40,8,9,12,13,0.4,0.4
2023-08-08T05:00:00,2524A,105.821,32.4444,广元市,老城,,23,23,20,5,7,121,54,49,49,2,9,5,9,0.7,0.8
2023-08-08T05:00:00,2526A,105.8628,32.4287,广元市,监测站,,16,16,19,5,5,110,42,34,34,5,9,10,10,0.3,0.4
2023-08-08T05:00:00,2527A,105.5453,30.5678,遂宁市,石溪浩,,22,22,16,9,8,112,20,54,36,11,6,7,7,0.7,0.6
2023-08-08T05:00:00,2528A,105.5582,30.5232,遂宁市,市监测站,,24,24,16,7,6,125,33,80,53,12,11,7,6,0.4,0.3
2023-08-08T05:00:00,2529A,105.5861,30.5366,遂宁市,行政中心,,20,18,15,14,8,132,35,80,57,13,9,3,3,0.2,0.2
2023-08-08T05:00:00,2530A,105.5918,30.4728,遂宁市,美宁食品公司,,26,26,15,10,7,140,28,57,40,21,13,6,6,0.4,0.2
2023-08-08T05:00:00,2531A,105.0703,29.61,内江市,市监测站,,25,24,16,17,13,127,16,40,31,8,12,7,7,0.7,0.6
2023-08-08T05:00:00,2532A,105.0717,29.5947,内江市,东兴区政府,,18,15,12,12,16,135,20,38,29,12,14,5,5,0.5,0.5
2023-08-08T05:00:00,2533A,105.0653,29.5817,内江市,内江二中,,24,24,19,10,10,128,17,28,19,12,15,6,6,0.5,0.5
2023-08-08T05:00:00,2534A,105.0406,29.5822,内江市,内江日报社,,32,29,19,22,12,137,4,36,19,33,23,5,3,0.8,0.5
2023-08-08T05:00:00,2535A,103.7723,29.5462,乐山市,花湖湾,,36,34,24,25,18,110,21,60,51,20,9,3,4,0.6,0.6
2023-08-08T05:00:00,2536A,103.7627,29.5844,乐山市,牛耳桥,,27,27,26,18,17,124,24,60,42,16,11,3,3,0.6,0.5
2023-08-08T05:00:00,2537A,103.7508,29.6006,乐山市,市第三水厂,,24,24,24,15,14,134,46,70,53,13,11,3,3,0.5,0.5
2023-08-08T05:00:00,2538A,103.7571,29.5664,乐山市,市监测站,,32,29,24,22,17,120,29,67,53,14,7,4,4,0.5,0.5
2023-08-08T05:00:00,2539A,104.0308,30.0478,眉山市,黑龙滩水库,,,25,17,12,11,132,6,60,35,20,5,,,0.3,0.3
2023-08-08T05:00:00,2540A,103.8416,30.0874,眉山市,气象局,,25,25,18,7,11,129,57,54,54,15,13,9,9,0.4,0.4
2023-08-08T05:00:00,2543A,106.6308,30.5278,广安市,小平旧居,,,,,,,,,,,,,,,,
2023-08-08T05:00:00,2544A,106.6303,30.4576,广安市,市委,,18,10,18,12,15,107,43,51,44,4,8,4,5,0.4,0.4
2023-08-08T05:00:00,2545A,106.6271,30.4663,广安市,友谊中学,,18,16,21,12,14,116,56,64,58,6,9,8,9,0.3,0.4
2023-08-08T05:00:00,2547A,106.6388,30.4551,广安市,广电花园,,21,21,24,10,15,108,37,43,40,7,9,9,10,0.2,0.3
2023-08-08T05:00:00,2548A,107.5277,31.2827,达州市,达州职业技术学院,,,14,19,,,115,18,14,14,16,19,5,5,0.2,0.3
2023-08-08T05:00:00,2549A,107.5086,31.2186,达州市,市环境监测站,,20,20,23,2,4,136,16,16,16,17,21,12,9,0.2,0.4
2023-08-08T05:00:00,2550A,107.4988,31.2132,达州市,凤凰小区,,19,19,19,5,6,140,20,22,21,16,19,14,11,0.4,0.5
2023-08-08T05:00:00,2551A,107.5082,31.1986,达州市,达县机关宾馆,,22,22,21,12,10,130,17,20,19,20,25,15,10,0.2,0.4
2023-08-08T05:00:00,2552A,107.4644,31.2124,达州市,市政中心,,25,25,26,2,6,119,30,28,28,10,17,15,11,0.3,0.4
2023-08-08T05:00:00,2554A,103.0475,30.02,雅安市,建安厂,,18,11,18,10,10,129,57,65,64,12,12,7,7,0.5,0.5
2023-08-08T05:00:00,2555A,103.0111,29.9833,雅安市,市政府,,25,25,18,14,11,123,21,45,38,8,8,4,5,0.5,0.5
2023-08-08T05:00:00,2556A,102.9905,29.9775,雅安市,川农大,,24,24,22,10,11,112,34,44,39,7,6,7,7,0.5,0.5
2023-08-08T05:00:00,2561A,104.6617,30.1372,资阳市,莲花山,,18,18,18,10,10,86,25,26,26,11,9,5,6,0.6,0.5
2023-08-08T05:00:00,2562A,104.6356,30.1506,资阳市,资阳中学,,18,18,17,7,4,127,41,51,46,7,7,8,9,0.4,0.4
2023-08-08T05:00:00,2563A,104.6295,30.1383,资阳市,四三一厂,,30,26,19,21,9,115,12,28,18,20,11,9,9,0.4,0.4
2023-08-08T05:00:00,2564A,104.6463,30.1146,资阳市,师范校,,36,36,15,12,9,111,5,18,11,22,13,7,7,0.5,0.4
2023-08-08T05:00:00,2565A,104.6296,30.1256,资阳市,区法院,,35,35,19,5,4,133,45,60,52,24,11,8,8,0.4,0.4
2023-08-08T05:00:00,2566A,102.1879,31.914,阿坝藏族羌族自治州,州农科所,,9,8,29,6,12,116,3,7,5,6,14,1,3,0.5,0.6
2023-08-08T05:00:00,2568A,102.2502,31.8896,阿坝藏族羌族自治州,马师校,,16,12,15,11,10,73,2,8,5,6,12,4,4,0.5,0.5
2023-08-08T05:00:00,2570A,101.9603,30.0475,甘孜藏族自治州,水桥子,,7,5,6,2,5,82,17,32,27,14,12,4,4,0.2,0.2
2023-08-08T05:00:00,2571A,102.3431,27.8099,凉山彝族自治州,青龙寺,,20,20,18,12,11,68,11,24,19,8,5,5,5,0.5,0.4
2023-08-08T05:00:00,2572A,102.2721,27.8415,凉山彝族自治州,邛海宾馆,,19,19,20,10,11,94,15,24,19,12,9,7,6,0.8,0.7
2023-08-08T05:00:00,2573A,102.2625,27.898,凉山彝族自治州,西昌市政府,,18,18,20,6,9,100,22,26,23,4,7,7,8,0.6,0.6
2023-08-08T05:00:00,2574A,102.2685,27.8851,凉山彝族自治州,凉山州政府,,20,20,22,9,12,94,14,22,18,12,9,7,7,0.7,0.8
2023-08-08T05:00:00,2575A,102.237,27.8914,凉山彝族自治州,长安,,29,29,25,8,12,103,23,24,23,5,11,13,11,0.5,0.7
2023-08-08T05:00:00,2576A,104.8,26.5892,六盘水市,窑上,,,,,,,,,,,,,,,,
2023-08-08T05:00:00,2577A,104.83,26.5917,六盘水市,黄土坡,,10,3,10,7,11,66,15,18,17,12,14,4,6,0.7,0.8
2023-08-08T05:00:00,2578A,104.89,26.5939,六盘水市,水钢,,18,16,19,12,9,70,39,45,36,6,9,3,4,0.5,0.6
2023-08-08T05:00:00,2579A,104.8475,26.5894,六盘水市,民中,,23,23,20,5,7,64,28,38,33,11,15,5,6,0.6,0.7
2023-08-08T05:00:00,2580A,104.9544,26.5506,六盘水市,双水,,19,19,13,13,9,70,17,39,26,9,6,5,6,0.5,0.5
2023-08-08T05:00:00,2585A,109.1839,27.7344,铜仁地区,铜仁卫校,,28,28,27,13,12,62,23,30,27,5,6,10,10,0.4,0.4
2023-08-08T05:00:00,2586A,109.1753,27.6944,铜仁地区,铜仁七中,,17,17,15,10,6,64,24,36,32,7,6,2,2,0.3,0.3
2023-08-08T05:00:00,2587A,105.2864,27.3125,毕节市,八中,,29,20,15,20,12,72,14,25,20,14,9,4,5,0.5,0.5
2023-08-08T05:00:00,2588A,105.31,27.2944,毕节市,师专,,19,15,15,13,10,78,20,24,22,10,8,5,4,0.5,0.5
2023-08-08T05:00:00,2589A,104.9022,25.0925,黔西南布依族苗族自治州,场坝街,,28,28,20,10,8,60,23,27,21,9,12,82,56,0.2,0.2
2023-08-08T05:00:00,2590A,104.8811,25.0992,黔西南布依族苗族自治州,坪东大道,,12,12,16,7,7,63,9,9,8,12,14,4,5,0.1,0.2
2023-08-08T05:00:00,2591A,107.9783,26.5747,黔东南苗族侗族自治州,市环境监测站,,12,12,13,8,8,59,26,36,33,14,12,2,3,0.8,0.4
2023-08-08T05:00:00,2593A,107.5228,26.2403,黔南布依族苗族自治州,小围寨,,19,19,11,0,2,62,8,15,11,8,4,5,2,0.5,0.4
2023-08-08T05:00:00,2594A,99.1678,25.1081,保山市,市环境监测站,,12,12,15,2,6,52,6,12,9,8,11,7,8,0.7,0.7
2023-08-08T05:00:00,2595A,99.1711,25.1328,保山市,市环保局,,19,19,16,5,9,54,5,15,10,13,10,7,7,0.5,0.6
2023-08-08T05:00:00,2596A,103.7667,27.3736,昭通市,监测站,,17,17,16,9,8,68,29,35,31,15,9,11,11,0.3,0.3
2023-08-08T05:00:00,2597A,103.7225,27.3361,昭通市,环保局,,17,17,18,7,9,72,36,46,43,10,9,10,9,0.4,0.3
2023-08-08T05:00:00,2598A,100.2143,26.8576,丽江市,西南郊,,,,,,,,,,,,,,,,
2023-08-08T05:00:00,2599A,100.2497,26.8802,丽江市,丽江古城,,19,19,17,11,12,86,27,45,37,11,13,8,8,0.6,0.6
2023-08-08T05:00:00,2600A,100.2203,26.8906,丽江市,市中心,,,,8,1,5,89,36,58,47,12,17,6,7,0.7,0.6
2023-08-08T05:00:00,2601A,100.98,22.7633,普洱市,市环保局,,13,13,14,6,7,43,27,20,20,10,11,2,3,0.4,0.5
2023-08-08T05:00:00,2602A,100.9817,22.8322,普洱市,普洱第二中学,,13,10,14,9,10,42,23,17,17,7,11,3,14,0.5,0.5
2023-08-08T05:00:00,2603A,100.0781,23.8982,临沧市,市环保局,,13,11,14,9,13,42,19,21,19,8,8,5,5,0.5,0.4
2023-08-08T05:00:00,2604A,100.0894,23.8822,临沧市,市气象局,,23,12,16,16,14,44,29,32,31,6,8,4,6,0.4,0.4
2023-08-08T05:00:00,2605A,101.5482,25.0441,楚雄州,州环境监测站,,29,24,17,20,12,83,13,10,10,16,20,34,16,0.6,0.6
2023-08-08T05:00:00,2606A,101.538,25.0492,楚雄州,市经济开发区,,15,15,20,10,11,80,15,13,12,15,16,8,14,0.5,0.6
2023-08-08T05:00:00,2608A,103.3772,23.3993,红河州,污水处理厂,,23,23,20,15,19,66,27,37,32,11,8,26,14,0.5,0.5
2023-08-08T05:00:00,2609A,103.3861,23.35,红河州,监测站,,36,28,31,25,18,64,34,40,37,9,8,27,15,0.6,0.6
2023-08-08T05:00:00,2610A,104.2533,23.3594,文山州,州水务局,,12,6,13,6,8,56,36,32,32,6,10,8,9,0.3,0.3
2023-08-08T05:00:00,2611A,104.2319,23.3892,文山州,市便民服务中心,,12,12,16,2,9,55,20,22,22,12,12,5,7,0.4,0.4
2023-08-08T05:00:00,2612A,100.7939,22.0019,西双版纳州,景洪市江南,,15,15,12,4,6,30,17,19,18,4,7,8,7,0.5,0.5
2023-08-08T05:00:00,2613A,100.8017,22.0225,西双版纳州,景洪市江北,,13,13,7,7,8,35,8,12,8,7,9,9,9,0.3,0.3
2023-08-08T05:00:00,2614A,100.1542,25.7054,大理州,大理市环境监测站,,24,24,18,8,8,67,9,5,5,12,15,4,4,0.6,0.6
2023-08-08T05:00:00,2615A,100.2171,25.5811,大理州,大理古城,,11,11,11,3,7,56,19,53,35,5,8,7,7,0.5,0.6
2023-08-08T05:00:00,2616A,98.5842,24.428,德宏州,德宏州监测站,,13,13,19,2,8,45,34,35,32,5,8,9,12,0.4,0.4
2023-08-08T05:00:00,2618A,98.8601,25.8567,怒江州,州监测站,,18,18,15,9,10,61,28,36,32,4,5,10,11,0.4,0.4
2023-08-08T05:00:00,2619A,98.8546,25.8417,怒江州,泸水一中,,9,9,10,4,7,54,24,27,26,4,5,6,6,0.3,0.3
2023-08-08T05:00:00,2621A,99.7056,27.8317,迪庆州,迪庆州站,,17,17,18,10,12,74,49,39,39,7,12,9,9,0.4,0.5
2023-08-08T05:00:00,2622A,97.1806,31.1273,昌都市,昌都监测站,,16,16,14,7,7,93,21,21,21,12,14,8,8,0.5,0.6
2023-08-08T05:00:00,2624A,91.7608,29.2313,山南市,山南监测站,,13,2,8,1,4,82,40,48,46,7,7,7,7,0.2,0.2
2023-08-08T05:00:00,2625A,91.7706,29.2436,山南市,山南人民医院,,12,4,11,4,5,76,36,46,43,8,8,6,5,0.3,0.3
2023-08-08T05:00:00,2626A,88.8876,29.2718,日喀则市,日喀则监测站,,21,1,6,2,3,85,65,68,67,5,7,5,4,0.4,0.5
2023-08-08T05:00:00,2628A,92.0657,31.4846,那曲地区,那曲监测站,,22,6,29,2,7,96,69,84,79,5,7,7,7,0.2,0.2
2023-08-08T05:00:00,2630A,80.1161,32.5,阿里地区,阿里监测站,,34,4,11,0,4,144,108,112,111,5,8,8,7,0.1,0.2
2023-08-08T05:00:00,2632A,94.3681,29.6376,林芝市,林芝监测站,,10,4,5,0,2,68,29,33,31,2,4,9,9,0.5,0.5
2023-08-08T05:00:00,2633A,94.3616,29.6616,林芝市,林芝人民医院,,9,5,7,3,4,67,26,28,27,4,6,8,8,0.5,0.5
2023-08-08T05:00:00,2634A,106.9893,33.1842,汉中市,汉川机床厂子校,,15,10,12,10,7,70,15,26,21,10,5,5,3,0.4,0.2
2023-08-08T05:00:00,2635A,107.0154,33.0706,汉中市,市监测站,,12,9,15,8,8,88,36,51,43,4,6,5,4,0.6,0.7
2023-08-08T05:00:00,2636A,107.0089,33.1138,汉中市,鑫源开发区,,14,14,15,3,4,97,28,40,37,11,8,6,6,0.4,0.4
2023-08-08T05:00:00,2637A,107.007,33.0323,汉中市,南郑大河坎水厂,,20,20,16,3,8,90,32,55,42,7,7,8,8,0.5,0.4
2023-08-08T05:00:00,2638A,109.7414,38.3344,榆林市,红石峡森林公园,,40,35,37,28,15,156,33,90,76,51,19,5,5,0.6,0.5
2023-08-08T05:00:00,2639A,109.7456,38.2911,榆林市,世纪广场,,35,31,32,24,17,143,74,83,81,13,14,8,8,0.7,0.7
2023-08-08T05:00:00,2640A,109.7289,38.2839,榆林市,实验中学,,33,31,34,23,17,143,85,90,89,12,17,7,7,0.8,0.7
2023-08-08T05:00:00,2641A,109.7336,38.2478,榆林市,环保监测大楼,,39,32,32,27,19,144,93,85,85,8,18,7,8,0.8,0.8
2023-08-08T05:00:00,2642A,109.0318,32.6537,安康市,香溪洞,,12,10,13,5,7,87,36,37,36,5,6,6,6,0.6,0.5
2023-08-08T05:00:00,2643A,109.0281,32.6939,安康市,安康市监测站,,20,20,20,5,8,95,16,45,30,9,7,14,13,0.5,0.6
2023-08-08T05:00:00,2644A,109.0072,32.6975,安康市,汉滨区检察院,,19,19,19,4,7,94,19,24,20,8,7,7,8,0.4,0.5
2023-08-08T05:00:00,2645A,109.9154,33.8715,商洛市,监测站,,24,21,24,15,12,100,75,59,59,9,12,5,7,0.7,0.7
2023-08-08T05:00:00,2647A,104.1724,36.5446,白银市,第三小学,,37,37,25,10,10,144,64,63,63,17,19,18,12,0.9,0.9
2023-08-08T05:00:00,2648A,104.1465,36.5482,白银市,动力公司,,23,23,22,14,11,147,56,96,86,20,15,14,12,1.0,0.5
2023-08-08T05:00:00,2649A,106.0055,34.343,天水市,麦积山,,,,,,,,,,,,,,,,
2023-08-08T05:00:00,2650A,105.7205,34.5786,天水市,公园小学,,22,12,21,6,11,133,69,84,79,7,8,7,8,0.6,0.5
2023-08-08T05:00:00,2651A,105.8945,34.5538,天水市,麦积国土局,,24,15,20,8,11,146,74,93,87,10,13,14,11,0.6,0.6
2023-08-08T05:00:00,2652A,102.6201,37.9251,武威市,监测站,,37,37,37,15,14,148,52,80,55,31,23,7,7,0.4,0.4
2023-08-08T05:00:00,2654A,100.4698,38.9524,张掖市,润泉湖,,33,33,29,20,15,160,93,112,105,8,12,10,8,0.3,0.3
2023-08-08T05:00:00,2655A,100.4154,38.9422,张掖市,区工会,颗粒物(PM10),53,56,42,19,14,163,91,109,101,6,12,7,6,0.3,0.3
2023-08-08T05:00:00,2656A,106.6692,35.5461,平凉市,聚贤嘉苑,,25,25,28,13,11,108,50,51,51,20,22,7,6,0.4,0.3
2023-08-08T05:00:00,2657A,106.7021,35.5307,平凉市,博物馆,,32,32,29,12,10,117,54,53,53,19,21,9,7,0.5,0.5
2023-08-08T05:00:00,2658A,98.5061,39.7443,酒泉市,仓门街子站,颗粒物(PM10),69,88,65,24,19,133,33,90,75,36,21,4,5,0.4,0.4
2023-08-08T05:00:00,2659A,98.4989,39.7256,酒泉市,油田生活基地,颗粒物(PM10),59,68,74,26,22,144,49,95,82,24,21,4,6,0.4,0.4
2023-08-08T05:00:00,2661A,107.6325,35.7357,庆阳市,庆阳五中,,22,18,17,12,13,82,70,82,75,2,5,4,5,0.4,0.5
2023-08-08T05:00:00,2662A,107.6364,35.7067,庆阳市,市环保局,,21,16,18,10,10,101,67,82,73,2,6,5,5,0.4,0.4
2023-08-08T05:00:00,2663A,104.6241,35.5734,定西市,东关小学,,28,28,29,8,13,143,79,74,72,6,11,3,3,0.0,0.1
2023-08-08T05:00:00,2664A,104.6194,35.5934,定西市,供电公司,,25,16,25,17,16,131,78,80,75,10,16,8,8,0.0,0.1
2023-08-08T05:00:00,2665A,105.0822,33.3261,陇南市,汉王镇固水子,,,,,,,,,,,,,,,,
2023-08-08T05:00:00,2667A,103.2069,35.5993,临夏回族自治州,环保局,,15,15,21,8,14,137,19,40,30,18,16,4,5,0.3,0.3
2023-08-08T05:00:00,2668A,103.2417,35.6057,临夏回族自治州,建设大厦,,18,16,19,12,11,143,32,26,26,9,13,7,6,0.4,0.4
2023-08-08T05:00:00,2669A,102.9099,34.9841,甘南州,州政府,,26,26,26,15,17,119,30,17,17,25,21,3,3,0.4,0.5
2023-08-08T05:00:00,2671A,100.9048,36.9639,海北藏族自治州,海晏县西海镇,,27,23,24,16,12,152,84,83,83,8,11,10,11,0.4,0.4
2023-08-08T05:00:00,2672A,102.0199,35.5102,黄南藏族自治州,同仁县隆务镇,,15,15,17,7,8,125,47,59,53,7,9,10,10,0.4,0.4
2023-08-08T05:00:00,2673A,100.6188,36.2866,海南藏族自治州,共和县恰卜恰镇,,32,32,18,20,13,141,33,86,68,27,16,9,11,0.5,0.5
2023-08-08T05:00:00,2674A,100.2561,34.4714,果洛藏族自治州,玛沁县大武镇,,22,19,19,15,11,116,23,28,26,9,9,10,10,0.4,0.4
2023-08-08T05:00:00,2675A,97,33.0014,玉树藏族自治州,玉树县结古镇,,17,17,11,8,4,98,26,40,32,12,8,11,11,0.4,0.4
2023-08-08T05:00:00,2676A,97.3731,37.3753,海西蒙古族藏族自治州,德令哈市,,34,19,25,15,13,127,107,119,111,5,6,12,11,0.4,0.4
2023-08-08T05:00:00,2677A,106.1532,37.9648,吴忠市,教育园区,,27,22,39,11,15,179,84,101,91,10,16,5,8,0.5,0.6
2023-08-08T05:00:00,2679A,106.1856,37.9956,吴忠市,新区二泵站,,28,19,32,11,14,182,87,104,95,3,9,5,8,0.5,0.5
2023-08-08T05:00:00,2680A,105.0025,37.4635,中卫市,沙坡头消防站,,,,,,,,,,,,,,,,
2023-08-08T05:00:00,2682A,105.1971,37.5002,中卫市,环保局站,,21,12,31,8,12,158,65,82,74,10,11,6,7,0.4,0.4
2023-08-08T05:00:00,2683A,106.2319,36.1417,固原市,马园,,21,9,15,10,9,136,67,73,72,11,13,6,5,0.6,0.5
2023-08-08T05:00:00,2684A,106.2792,36.0022,固原市,监测站,细颗粒物(PM2.5),60,8,14,43,16,131,76,81,80,4,9,5,5,0.5,0.5
2023-08-08T05:00:00,2685A,106.2375,36.0211,固原市,新区,,21,13,15,5,8,113,67,70,69,6,10,6,6,0.4,0.4
2023-08-08T05:00:00,2686A,89.1904,42.9418,吐鲁番地区,市环保局,颗粒物(PM10),51,52,57,11,16,139,112,106,106,14,24,5,5,0.4,0.5
2023-08-08T05:00:00,2687A,89.1673,42.9559,吐鲁番地区,地区环保局,,,,51,14,24,133,107,105,105,8,21,4,5,,0.5
2023-08-08T05:00:00,2688A,93.5128,42.8172,哈密地区,地区监测站,,29,26,33,20,16,140,55,72,66,39,26,4,4,0.2,0.3
2023-08-08T05:00:00,2689A,93.4961,42.8328,哈密地区,哈密师范学校,,48,48,57,17,17,141,30,63,49,52,32,4,5,0.7,0.4
2023-08-08T05:00:00,2690A,88.1236,43.8886,昌吉州,天山天池,,29,29,24,10,10,175,59,57,57,8,10,5,6,0.4,0.5
2023-08-08T05:00:00,2692A,87.2717,44.0297,昌吉州,新区政务中心,,37,37,47,16,15,158,71,86,76,14,16,10,7,0.4,0.5
2023-08-08T05:00:00,2693A,82.0485,44.8556,博尔塔拉蒙古自治州,市党校,,33,33,36,7,12,117,93,95,94,5,10,8,8,0.3,0.4
2023-08-08T05:00:00,2694A,82.0806,44.8969,博尔塔拉蒙古自治州,市环保局,,27,26,36,12,13,109,85,87,86,6,14,7,11,0.3,0.4
2023-08-08T05:00:00,2695A,80.292,41.1694,阿克苏地区,电视台,,35,14,45,12,16,133,112,126,123,4,7,8,6,0.3,0.3
2023-08-08T05:00:00,2696A,80.2613,41.1551,阿克苏地区,艺术中心,,36,19,46,13,17,134,114,125,123,2,10,6,14,0.3,0.4
2023-08-08T05:00:00,2697A,76.1454,39.7142,克孜勒苏柯尔克孜自治州,市人民政府,,26,25,26,10,13,142,82,94,88,13,12,8,6,0.4,0.4
2023-08-08T05:00:00,2698A,76.0072,39.4467,喀什地区,巡警大队,,26,26,43,6,11,143,61,66,65,14,18,1,2,0.3,0.4
2023-08-08T05:00:00,2699A,75.9755,39.4694,喀什地区,吾办,,22,22,33,7,14,146,64,78,73,11,16,4,4,0.5,0.6
2023-08-08T05:00:00,2700A,75.9538,39.4682,喀什地区,市环境监测站,,20,20,30,7,9,144,63,73,69,11,13,4,3,0.3,0.3
2023-08-08T05:00:00,2703A,81.2815,43.9404,伊犁哈萨克州,市环保局,,28,23,39,13,14,113,88,95,94,11,16,9,9,0.6,0.7
2023-08-08T05:00:00,2704A,81.2996,43.9174,伊犁哈萨克州,新政府片区,,26,19,44,6,17,102,82,92,90,12,16,5,6,0.5,0.6
2023-08-08T05:00:00,2705A,81.3364,43.941,伊犁哈萨克州,第二水厂,,24,20,46,14,17,109,76,89,87,8,16,5,7,0.5,0.6
2023-08-08T05:00:00,2706A,82.9994,46.7432,塔城地区,东门外小游园,,22,22,53,4,11,94,40,35,35,23,24,5,5,0.3,0.4
2023-08-08T05:00:00,2708A,88.1264,47.8517,阿勒泰地区,市站,,18,12,24,8,5,116,57,84,73,9,9,4,4,0.7,0.7
2023-08-08T05:00:00,2709A,86.0497,44.2967,石河子市,艾青诗歌馆,,30,17,40,12,15,124,96,92,92,2,12,8,10,0.3,0.4
2023-08-08T05:00:00,2710A,86.0697,44.3075,石河子市,阳光学校,,33,14,43,8,13,134,103,95,95,1,10,8,9,0.5,0.6
2023-08-08T05:00:00,2711A,87.5475,44.1756,五家渠市,农水大厦,,43,43,74,21,24,165,61,77,73,7,18,11,11,0.6,0.5
2023-08-08T05:00:00,2835A,101.7227,26.567,攀枝花市,四十中小,,22,12,20,8,11,145,69,59,54,5,16,7,36,0.7,1
2023-08-08T05:00:00,2842A,118.0936,24.5058,厦门市,湖里中学,颗粒物(PM10),58,66,51,31,27,144,12,17,16,39,32,3,3,0.4,0.5
2023-08-08T05:00:00,2845A,113.1569,36.1911,长治市,德盛苑,细颗粒物(PM2.5),52,44,43,36,26,170,64,90,77,18,13,7,8,1.2,1.3
2023-08-08T05:00:00,2846A,113.3221,23.1322,广州市,体育西,,17,17,26,9,14,145,34,42,37,10,10,5,5,0.7,0.7
2023-08-08T05:00:00,2858A,117.7918,39.2474,天津市,河西一经路,颗粒物(PM10),52,54,38,29,18,116,25,50,33,44,19,10,11,0.7,0.7
2023-08-08T05:00:00,2859A,117.3747,38.9846,天津市,津沽路,,38,38,33,22,16,112,42,61,57,26,18,5,7,0.5,0.5
2023-08-08T05:00:00,2860A,117.1589,39.0845,天津市,宾水西道,,50,50,35,28,16,129,42,60,53,22,17,10,9,1.0,0.8
2023-08-08T05:00:00,2862A,114.5481,38.0378,石家庄市,22中南校区,颗粒物(PM10),53,56,46,34,24,138,74,94,87,11,12,1,3,0.6,0.6
2023-08-08T05:00:00,2865A,112.7195,37.6828,晋中市,榆次三中,,46,46,50,29,21,220,50,47,45,20,21,7,8,0.7,0.7
2023-08-08T05:00:00,2867A,111.1283,37.51,吕梁市,马茂庄小学,颗粒物(PM10),61,72,80,42,43,152,15,12,11,45,49,5,6,0.7,1
2023-08-08T05:00:00,2868A,126.4739,43.953,吉林市,九站,,7,7,12,4,7,44,12,10,10,14,14,6,6,0.5,0.5
2023-08-08T05:00:00,2869A,119.447,32.4155,扬州市,五台山医院,,40,40,26,24,16,104,70,81,76,14,9,9,6,0.6,0.6
2023-08-08T05:00:00,2870A,119.4424,32.1873,镇江市,市疾控中心,,29,27,25,19,18,111,90,87,87,8,10,2,2,0.5,0.5
2023-08-08T05:00:00,2871A,121.6147,29.9017,宁波市,万里国际学校,,29,26,25,20,13,105,17,44,31,31,24,5,6,0.5,0.5
2023-08-08T05:00:00,2872A,120.7846,30.7525,嘉兴市,南湖区残联,,35,35,25,24,17,163,47,50,50,18,15,2,2,0.6,0.5
2023-08-08T05:00:00,2873A,120.0875,30.8955,湖州市,仁皇山新区,,26,24,27,18,21,190,46,65,55,18,16,2,3,0.6,0.7
2023-08-08T05:00:00,2875A,115.784,32.8892,阜阳市,阜阳职业技术学院,,39,39,22,14,11,141,78,109,95,13,9,5,4,0.6,0.5
2023-08-08T05:00:00,2877A,119.1641,36.6523,潍坊市,坊子邮政,,22,22,12,9,4,88,33,72,64,22,10,8,7,0.2,0.2
2023-08-08T05:00:00,2878A,116.0072,36.4343,聊城市,聊大东校,颗粒物(PM10),51,51,41,25,23,202,50,99,74,22,15,3,3,0.4,0.5
2023-08-08T05:00:00,2880A,104.0239,30.65639,成都市,大石西路,,35,17,23,24,12,172,30,49,43,14,12,2,2,0.5,0.5
2023-08-08T05:00:00,2881A,107.8908,26.5311,黔东南苗族侗族自治州,凯里学院,细颗粒物(PM2.5),64,8,22,46,44,79,34,36,34,8,8,6,6,0.3,0.6
2023-08-08T05:00:00,2882A,102.5389,24.3703,玉溪市,玉溪一中,,22,22,20,7,8,75,8,8,8,24,25,8,8,1.3,1.1
2023-08-08T05:00:00,2883A,102.5381,24.3389,玉溪市,文体中心,,21,21,20,5,9,84,8,10,9,23,19,9,8,1.7,1.2
2023-08-08T05:00:00,2884A,98.2672,39.7978,嘉峪关市,酒钢宾馆,颗粒物(PM10),53,56,68,19,18,141,98,100,100,9,19,10,23,0.4,0.6
2023-08-08T05:00:00,2885A,104.9339,33.3826,陇南市,滨江中学,,25,25,25,10,9,116,47,74,62,11,7,13,7,0.6,0.5
2023-08-08T05:00:00,2894A,117.0566,32.6531,淮南市,经济技术开发区消防队,,30,27,26,2,12,129,93,90,90,16,16,10,7,0.6,0.6
2023-08-08T05:00:00,2897A,123.2444,41.7347,沈阳市,沈辽西路,颗粒物(PM10),51,52,24,17,8,82,5,34,17,41,22,6,5,0.7,0.6
2023-08-08T05:00:00,2900A,123.5953,41.9086,沈阳市,裕农路,,12,12,11,6,7,82,7,24,17,18,9,4,4,0.4,0.5
2023-08-08T05:00:00,2902A,106.6351,30.4865,广安市,北辰小学,,22,11,16,15,17,111,49,56,51,5,7,9,9,0.3,0.3
2023-08-08T05:00:00,2907A,120.1844,30.8596,湖州市,吴兴区站,,35,25,25,24,18,183,46,55,48,7,11,2,2,0.6,0.6
2023-08-08T05:00:00,2914A,106.7677,31.8794,巴中市,苏山坪,,22,19,17,15,12,66,34,54,42,6,6,4,4,0.4,0.4
2023-08-08T05:00:00,2919A,116.7022,39.5453,廊坊市,河北工业大学,,44,44,35,27,18,150,53,68,54,16,14,6,5,0.5,0.4
2023-08-08T05:00:00,2920A,117.7116,24.506,漳州市,蓝田镇,颗粒物(PM10),51,51,43,31,20,132,12,27,20,25,17,8,7,0.7,0.5
2023-08-08T05:00:00,2921A,120.5483,30.0003,绍兴市,树下王站,,42,42,42,14,18,164,50,81,68,11,12,5,6,0.7,0.6
2023-08-08T05:00:00,2922A,117.1941,39.1067,天津市,大理道,颗粒物(PM10),51,52,35,26,16,144,55,67,64,16,14,6,6,0.8,0.6
2023-08-08T05:00:00,2924A,106.2266,38.4418,银川市,水乡路,,25,17,38,16,17,218,79,92,86,14,19,8,6,0.4,0.4
2023-08-08T05:00:00,2925A,106.2757,38.4842,银川市,上海东路,,32,32,30,14,16,232,66,95,87,19,21,14,9,0.4,0.4
2023-08-08T05:00:00,2926A,106.1015,38.497,银川市,文昌北街,,29,29,41,12,19,214,58,66,61,32,28,6,6,0.4,0.5
2023-08-08T05:00:00,2929A,114.8858,30.4519,黄冈市,红卫路,,25,21,28,17,20,147,46,59,48,2,3,5,6,0.5,0.5
2023-08-08T05:00:00,2996A,118.283,33.965,宿迁市,市供电局,细颗粒物(PM2.5),57,48,30,40,18,162,89,120,95,18,11,7,9,0.8,0.7
2023-08-08T05:00:00,2997A,119.8767,32.3289,泰州市,王营,,25,25,23,17,12,99,57,82,61,14,10,6,5,0.5,0.5
2023-08-08T05:00:00,3000A,119.3581,34.6972,连云港市,德源药业,,19,19,27,5,11,149,52,54,51,15,13,5,3,0.6,0.5
2023-08-08T05:00:00,3002A,119.9805,31.8174,常州市,行政中心,,37,37,27,16,11,103,68,82,73,10,9,5,7,0.8,0.7
2023-08-08T05:00:00,3003A,120.0522,31.7748,常州市,经开区,,44,44,24,12,11,100,54,68,64,22,16,6,6,0.7,0.6
2023-08-08T05:00:00,3004A,120.1544,33.3663,盐城市,宝龙广场,,28,22,22,19,14,96,77,88,81,5,4,6,6,0.5,0.5
2023-08-08T05:00:00,3005A,117.1814,34.29,徐州市,鼓楼区政府,,34,34,29,21,15,170,38,86,59,29,16,12,10,0.5,0.5
2023-08-08T05:00:00,3006A,117.1694,34.1781,徐州市,铜山区招生办,,36,36,33,23,14,167,50,88,74,22,19,9,8,0.3,0.3
2023-08-08T05:00:00,3007A,119.178,34.844,连云港市,新城一中,,16,16,15,7,11,153,38,43,36,20,26,7,6,0.7,0.8
2023-08-08T05:00:00,3008A,119.3608,34.7519,连云港市,胡沟管理处,,19,19,23,2,6,146,53,112,85,11,10,10,7,0.9,0.7
2023-08-08T05:00:00,3009A,119.1478,34.5911,连云港市,矿山设计院,,27,27,29,14,14,170,31,68,42,25,16,10,6,0.8,0.6
2023-08-08T05:00:00,3010A,119.9025,31.7964,常州市,钟楼,颗粒物(PM10),69,87,27,15,13,119,61,85,74,12,10,6,5,0.6,0.6
2023-08-08T05:00:00,3012A,112.1849,31.0362,荆门市,西山林语,,35,33,38,24,21,141,96,106,103,6,7,6,7,0.6,0.7
2023-08-08T05:00:00,3014A,106.4958,29.5346,重庆市,歇台子,,29,29,35,15,16,183,52,49,42,14,27,8,8,0.5,0.5
2023-08-08T05:00:00,3015A,106.4037,29.5728,重庆市,龙井湾,,23,23,30,11,17,127,28,32,31,20,18,8,6,0.8,0.6
2023-08-08T05:00:00,3016A,106.5507,29.4153,重庆市,龙洲湾,,49,49,32,15,17,170,10,20,16,39,23,11,7,0.9,0.5
2023-08-08T05:00:00,3018A,111.505,36.1014,临汾市,唐尧大酒店,颗粒物(PM10),60,70,52,20,23,135,19,24,22,37,24,8,8,0.9,1
2023-08-08T05:00:00,3020A,117.2101,39.1699,天津市,中山北路,,40,40,36,24,18,140,69,75,73,7,12,5,5,0.7,0.6
2023-08-08T05:00:00,3021A,115,35.7668,濮阳市,濮水河管理处,细颗粒物(PM2.5),55,42,34,39,25,151,70,105,96,9,9,5,6,0.8,0.8
2023-08-08T05:00:00,3025A,113.0477,23.6344,清远市,技师学院,,33,33,39,13,18,133,7,18,13,32,22,6,6,0.5,0.5
2023-08-08T05:00:00,3026A,116.6183,23.6608,潮州市,市政府,,25,25,38,13,15,131,45,52,49,13,13,5,11,0.5,0.5
2023-08-08T05:00:00,3027A,104.72,29.3427,自贡市,青杠林路,,23,23,17,16,11,112,8,34,24,18,14,7,7,0.3,0.3
2023-08-08T05:00:00,3028A,104.776,29.3627,自贡市,檀木林体育馆,,38,32,17,26,13,115,23,41,30,20,13,7,5,0.4,0.3
2023-08-08T05:00:00,3033A,87.4651,43.4569,乌鲁木齐市,培训基地,,29,9,28,2,6,138,90,110,99,4,5,5,6,0.3,0.3
2023-08-08T05:00:00,3034A,113.1076,41.0385,乌兰察布市,光明街小学,,32,18,30,14,18,152,101,127,113,10,10,18,12,0.4,0.4
2023-08-08T05:00:00,3035A,122.0931,46.0707,兴安盟,北滨河,,20,20,23,12,13,76,36,31,31,7,8,3,3,0.5,0.6
2023-08-08T05:00:00,3036A,118.6904,37.4338,东营市,开发区管委会,,29,23,21,7,5,103,90,103,98,2,2,3,3,0.4,0.3
2023-08-08T05:00:00,3038A,103.3758,23.368,红河州,州图书馆,,40,40,22,14,17,61,24,34,30,11,9,22,11,0.7,0.6
2023-08-08T05:00:00,3039A,111.1911,34.7829,三门峡市,三门峡市第一小学,,,46,38,,,141,84,109,102,14,10,5,7,0.7,0.6
2023-08-08T05:00:00,3045A,109.9643,33.8471,商洛市,商州区中学,,33,33,27,20,11,94,62,61,61,18,20,5,6,0.7,0.6
2023-08-08T05:00:00,3046A,115.9084,28.6062,南昌市,机电学校,,19,17,28,9,14,162,60,59,59,11,10,5,6,0.5,0.6
2023-08-08T05:00:00,3048A,119.5799,26.0936,福州市,九龙,,25,25,42,12,28,151,33,64,48,10,13,3,3,0.4,0.5
2023-08-08T05:00:00,3051A,117.3876,39.1488,天津市,西四道,,45,45,35,20,16,114,3,40,33,52,22,4,6,0.8,0.8
2023-08-08T05:00:00,3054A,113.9194,35.2847,新乡市,市委党校,颗粒物(PM10),52,54,32,24,14,136,39,85,53,38,14,7,7,0.4,0.3
2023-08-08T05:00:00,3055A,101.7775,36.6428,西宁市,城北区政府,,48,48,35,22,20,140,29,27,27,27,23,9,10,0.5,0.6
2023-08-08T05:00:00,3057A,121.5992,37.4014,烟台市,牟平检察院,,44,44,24,20,9,149,38,62,51,24,11,4,4,0.1,0.1
2023-08-08T05:00:00,3058A,119.2658,42.0353,赤峰市,银河街,,20,20,24,9,13,129,51,65,59,13,13,20,17,0.6,0.6
2023-08-08T05:00:00,3059A,117.7161,36.2049,济南市,泰兴公司,,41,41,30,24,15,150,34,50,43,36,22,6,6,0.4,0.4
2023-08-08T05:00:00,3061A,119.7512,49.1577,呼伦贝尔市,国华电力东,,22,22,22,15,16,72,27,36,29,5,5,2,2,0.3,0.3
2023-08-08T05:00:00,3064A,117.6867,36.2171,济南市,莱芜战役纪念馆,,29,29,34,17,14,157,43,57,53,26,17,5,4,0.7,0.6
2023-08-08T05:00:00,3065A,101.9533,29.9972,甘孜藏族自治州,州环保局,,14,11,10,8,4,86,18,26,24,28,16,6,6,0.2,0.2
2023-08-08T05:00:00,3066A,116.2721,37.4379,德州市,九衢泉纯净水厂,,40,40,36,24,23,147,58,88,74,19,13,12,9,0.6,0.6
2023-08-08T05:00:00,3109A,115.0093,25.8613,赣州市,赣县区卫计委,,29,18,29,20,17,121,39,44,42,13,12,3,3,0.7,0.7
2023-08-08T05:00:00,3122A,105.9606,26.2611,安顺市,伍家关,,,,,,,,,,,,,,,,
2023-08-08T05:00:00,3123A,105.9408,26.2431,安顺市,凤凰山,,10,9,11,6,7,96,31,44,41,7,5,9,8,0.8,0.6
2023-08-08T05:00:00,3124A,105.9439,26.2564,安顺市,金钟山,,13,10,13,9,9,89,27,42,37,5,5,8,7,0.5,0.4
2023-08-08T05:00:00,3125A,105.8983,26.2481,安顺市,娄家坡,,12,12,12,7,10,83,24,43,35,8,5,8,8,0.6,0.5
2023-08-08T05:00:00,3128A,92.0506,31.4797,那曲地区,那曲会议中心,,20,3,21,3,7,87,63,80,73,4,9,6,6,0.2,0.3
2023-08-08T05:00:00,3131A,114.879,40.7993,张家口市,烟厂,,36,31,31,25,15,136,67,91,82,5,8,2,3,0.2,0.3
2023-08-08T05:00:00,3132A,119.610547,39.943889,秦皇岛市,文明里,,40,40,20,12,7,116,51,84,59,23,14,11,7,0.3,0.4
2023-08-08T05:00:00,3133A,106.5468,29.5654,重庆市,上清寺,,18,18,24,11,12,195,56,70,64,18,27,9,8,0.7,0.7
2023-08-08T05:00:00,3134A,113.8172,34.0339,许昌市,市一中,颗粒物(PM10),51,52,44,28,22,164,89,110,77,13,11,4,4,0.7,0.6
2023-08-08T05:00:00,3136A,104.2725,30.5589,成都市,龙泉驿区区政府,,14,14,11,2,3,133,41,46,45,5,6,3,3,0.4,0.4
2023-08-08T05:00:00,3137A,103.8578,30.0744,眉山市,市委党校,,24,24,22,9,10,123,64,59,59,13,13,4,5,0.3,0.3
2023-08-08T05:00:00,3138A,111.7153,29.0289,常德市,武陵区永安,,32,31,21,22,13,99,32,45,32,6,6,2,2,0.7,0.6
2023-08-08T05:00:00,3139A,111.6892,28.9881,常德市,鼎城区玉霞,,24,24,19,15,10,103,17,32,18,7,7,5,5,0.7,0.8
2023-08-08T05:00:00,3140A,111.6625,29.0531,常德市,武陵区长庚,,30,30,20,21,12,106,26,39,26,11,10,4,5,0.8,0.8
2023-08-08T05:00:00,3141A,114.3922,36.0878,安阳市,信访局,,42,40,39,29,23,147,94,92,92,8,11,14,10,0.6,0.5
2023-08-08T05:00:00,3147A,114.3438,34.8106,开封市,龙亭公园,细颗粒物(PM2.5),62,62,39,44,17,139,68,78,74,16,13,4,5,0.8,0.6
2023-08-08T05:00:00,3148A,103.8291,30.0564,眉山市,区人社局,,24,19,22,7,11,120,74,68,68,10,16,9,7,0.3,0.4
2023-08-08T05:00:00,3149A,115.0235,30.1578,黄石市,笔架山北路,,36,36,46,7,11,159,69,70,70,2,4,5,5,0.3,0.5
2023-08-08T05:00:00,3151A,114.375,27.8097,宜春市,宜春学院北校区,,44,44,39,30,28,155,53,53,51,12,13,11,6,0.7,0.7
2023-08-08T05:00:00,3153A,114.3877,30.4908,武汉市,民族大道182号,,46,46,42,20,20,169,44,66,55,20,12,5,5,1.1,0.7
2023-08-08T05:00:00,3164A,119.4686,32.3942,扬州市,广陵建设局,,42,30,26,29,17,104,65,82,74,16,10,2,2,0.8,0.7
2023-08-08T05:00:00,3165A,108.6594,34.2969,咸阳市,两寺渡,,39,39,38,19,17,102,23,28,26,20,19,1,2,0.7,0.7
2023-08-08T05:00:00,3169A,113.2725,35.2067,焦作市,太极体育中心,颗粒物(PM10),51,52,39,34,24,172,57,101,85,29,15,6,7,0.6,0.5
2023-08-08T05:00:00,3170A,102.1864,38.5253,金昌市,市委党校,,,,,,,149,90,127,104,17,17,41,28,0.6,0.7
2023-08-08T05:00:00,3171A,115.6071,34.4465,商丘市,梁园区档案局,,48,48,34,32,13,150,49,53,52,31,22,6,5,0.7,0.6
2023-08-08T05:00:00,3173A,117.0598,30.5351,安庆市,市人大,,26,26,26,18,19,124,63,86,78,9,8,6,5,0.8,0.7
2023-08-08T05:00:00,3178A,119.0587,36.721,潍坊市,潍坊七中,,24,24,17,12,5,93,42,46,35,23,15,7,7,0.3,0.2
2023-08-08T05:00:00,3179A,102.7494,25.0119,昆明市,官渡区博物馆,,13,13,13,4,5,64,15,18,13,24,21,5,6,0.4,0.4
2023-08-08T05:00:00,3180A,99.7136,27.8094,迪庆州,质量技术监督局,,15,11,14,5,9,72,45,32,32,12,15,9,10,0.4,0.4
2023-08-08T05:00:00,3182A,106.7656,31.8545,巴中市,丽阳花园,,20,20,18,11,10,73,11,13,13,10,12,4,4,0.5,0.5
2023-08-08T05:00:00,3183A,106.7418,31.8654,巴中市,圣泉水务公司,,14,14,15,6,7,69,10,7,7,9,12,4,4,0.5,0.5
2023-08-08T05:00:00,3186A,103.7158,36.1058,兰州市,教育港,,26,26,25,8,17,204,68,87,74,14,18,3,4,0.2,0.4
2023-08-08T05:00:00,3187A,116.9509,33.666,宿州市,远航博物馆,颗粒物(PM10),51,51,42,25,14,151,44,93,66,32,13,5,5,0.5,0.4
2023-08-08T05:00:00,3188A,115.6683,37.7217,衡水市,市城管局,,45,33,36,31,22,164,63,68,63,13,13,6,5,0.4,0.5
2023-08-08T05:00:00,3190A,116.0254,29.6994,九江市,外国语学校,,25,22,23,17,14,136,51,62,57,18,17,7,7,0.8,0.8
2023-08-08T05:00:00,3191A,118.3225,33.9447,宿迁市,宿豫区政府,细颗粒物(PM2.5),57,43,27,40,20,153,81,121,102,21,12,11,10,0.7,0.7
2023-08-08T05:00:00,3192A,80.0903,32.5028,阿里地区,阿里藏医院,,34,7,11,3,3,136,106,106,106,2,4,6,6,0.2,0.2
2023-08-08T05:00:00,3194A,112.2747,30.3122,荆州市,管委会,,32,32,27,15,16,134,52,83,67,14,9,8,8,0.6,0.6
2023-08-08T05:00:00,3195A,119.3633,32.3972,扬州市,市体育局,,35,27,24,24,16,98,72,76,76,8,6,7,5,0.5,0.4
2023-08-08T05:00:00,3200A,115.9819,36.4978,聊城市,监控中心,细颗粒物(PM2.5),55,53,41,39,25,176,31,80,58,26,16,4,4,0.6,0.6
2023-08-08T05:00:00,3201A,102.6486,37.9325,武威市,东关招商场,,41,41,42,16,15,146,60,85,54,24,18,7,6,0.3,0.3
2023-08-08T05:00:00,3204A,113.3025,33.73,平顶山市,规划局,,44,44,42,25,23,154,104,108,107,12,12,7,6,0.8,0.8
2023-08-08T05:00:00,3206A,114.9149,27.807,新余市,新钢沁园村,,39,39,58,22,28,190,51,71,66,9,10,5,5,0.5,0.7
2023-08-08T05:00:00,3207A,118.3118,32.3038,滁州市,市政府原办公楼,,39,39,26,25,21,101,62,100,78,12,10,10,9,0.3,0.4
2023-08-08T05:00:00,3208A,112.7283,38.4153,忻州市,市政府,,37,37,54,19,27,169,61,68,66,25,21,14,15,0.7,0.8
2023-08-08T05:00:00,3209A,119.5231,26.6562,宁德市,宁德一中,,20,20,33,9,18,160,33,60,47,6,7,6,6,0.9,1.1
2023-08-08T05:00:00,3210A,114.3644,34.7964,开封市,汴京公园,细颗粒物(PM2.5),53,48,37,37,20,135,67,78,76,12,10,2,3,0.8,0.7
2023-08-08T05:00:00,3216A,114.6622,24.5183,漳州市,漳州党校,,44,44,35,26,19,136,36,41,33,28,19,4,7,1.0,0.7
2023-08-08T05:00:00,3237A,117.4918,30.6617,池州市,展览馆,,25,25,34,7,20,133,56,117,86,7,8,3,3,0.8,0.6
2023-08-08T05:00:00,3239A,125.0764,42.9078,辽源市,银鹰制药,,24,24,17,15,10,78,6,6,6,16,11,10,7,0.8,0.7
2023-08-08T05:00:00,3241A,103.7439,36.0842,兰州市,百合公园,,24,21,29,11,19,194,75,87,79,15,22,10,8,0.5,0.6
2023-08-08T05:00:00,3242A,103.9611,35.998,兰州市,和平,,24,24,26,11,16,168,49,72,55,24,19,6,6,0.4,0.5
2023-08-08T05:00:00,3245A,103.6633,36.533,兰州新区,新区管委会,颗粒物(PM10),56,62,39,18,19,166,74,112,90,20,12,7,14,0.5,0.5
2023-08-08T05:00:00,3246A,103.6975,36.4789,兰州新区,舟曲中学,,29,29,28,11,12,165,66,99,81,29,14,4,8,0.6,0.6
2023-08-08T05:00:00,3247A,104.955,33.371,陇南市,市总工会,,22,22,26,6,6,106,53,66,61,9,9,5,4,0.3,0.3
2023-08-08T05:00:00,3248A,98.2643,39.7724,嘉峪关市,雄关区,,49,49,44,13,14,141,94,96,94,11,21,6,13,0.2,0.3
2023-08-08T05:00:00,3265A,121.4316,31.3322,上海市,宝山庙行,,37,37,30,18,16,79,79,74,74,17,16,10,9,0.9,0.7
2023-08-08T05:00:00,3266A,121.8791,31.4662,上海市,崇明上实东滩,,42,42,27,17,10,106,101,96,96,4,4,8,7,0.7,0.7
2023-08-08T05:00:00,3268A,121.3162,31.2838,上海市,嘉定南翔,,29,29,26,14,12,91,84,82,82,10,11,7,8,0.6,0.6
2023-08-08T05:00:00,3269A,121.3359,30.7456,上海市,金山新城,,43,43,30,25,18,155,33,57,46,30,21,8,8,0.6,0.5
2023-08-08T05:00:00,3270A,121.4996,31.0739,上海市,闵行浦江,,37,37,28,16,18,106,66,69,68,18,18,6,7,0.6,0.5
2023-08-08T05:00:00,3271A,121.2886,31.1663,上海市,青浦徐泾,,33,33,33,16,17,104,78,74,74,12,17,8,8,0.7,0.7
2023-08-08T05:00:00,3272A,121.2186,31.0378,上海市,松江图书馆,,31,31,32,16,16,118,73,66,66,11,18,3,3,0.7,0.7
2023-08-08T05:00:00,3273A,121.3902,31.2059,上海市,长宁仙霞,,50,50,32,20,16,103,77,79,74,15,16,8,7,1.1,0.8
2023-08-08T05:00:00,3274A,121.7965,31.0507,上海市,浦东惠南,,34,34,26,14,13,105,74,74,74,18,15,6,6,0.8,0.6
2023-08-08T05:00:00,3281A,115.9718,40.4529,北京市,延庆夏都,,42,37,43,29,30,99,33,60,51,13,12,3,3,0.5,0.5
2023-08-08T05:00:00,3282A,113.3397,40.0597,大同市,大同市卫生学校,,30,18,32,14,17,170,93,125,110,16,18,6,8,0.5,0.6
2023-08-08T05:00:00,3283A,109.9154,40.5685,包头市,滨河大厦,,28,28,29,15,13,182,88,100,97,25,24,9,7,0.6,0.6
2023-08-08T05:00:00,3284A,106.813,39.7274,乌海市,海北新区,,44,44,62,9,18,205,80,94,81,28,24,34,31,0.7,0.9
2023-08-08T05:00:00,3285A,113.1376,40.9509,乌兰察布市,北京八中,,35,35,40,11,13,170,79,137,109,14,10,17,15,0.6,0.6
2023-08-08T05:00:00,3286A,118.9359,42.3147,赤峰市,桥北物流园区,,25,25,24,12,9,118,42,63,50,18,15,11,15,0.4,0.4
2023-08-08T05:00:00,3287A,119.3842,32.1976,镇江市,富润路1号,,32,31,26,22,19,100,77,81,78,8,8,2,3,0.5,0.5
2023-08-08T05:00:00,3288A,117.4754,34.4422,徐州市,大泉街道,,29,29,33,20,15,177,36,62,46,36,18,9,9,0.6,0.5
2023-08-08T05:00:00,3289A,120.743,31.3188,苏州市,方洲路,,27,27,24,15,15,141,86,87,87,9,9,7,8,0.6,0.6
2023-08-08T05:00:00,3290A,120.5031,31.2774,苏州市,木渎中学,,32,27,20,22,18,157,80,79,79,11,13,9,9,0.7,0.6
2023-08-08T05:00:00,3291A,121.067,32.062,南通市,通州监测站,,27,17,17,9,8,110,85,106,93,5,3,7,7,0.6,0.5
2023-08-08T05:00:00,3293A,120.1501,33.3367,盐城市,月亮广场,,28,28,25,19,15,104,85,88,87,6,5,7,7,0.4,0.4
2023-08-08T05:00:00,3294A,119.5653,32.4222,扬州市,引江管理处,,36,29,25,25,17,94,72,77,74,16,13,6,2,0.5,0.5
2023-08-08T05:00:00,3295A,120.1259,32.5099,泰州市,姜堰区政府广场,,41,41,29,22,17,95,75,72,72,10,8,6,6,0.7,0.6
2023-08-08T05:00:00,3298A,113.5717,23.5491,广州市,从化街口,,32,32,33,19,20,136,3,41,22,31,17,5,6,0.6,0.6
2023-08-08T05:00:00,3299A,113.3472,23.3692,广州市,白云竹料,,41,41,46,12,19,166,15,35,25,35,28,8,6,0.6,0.6
2023-08-08T05:00:00,3300A,113.2981,23.237,广州市,白云嘉禾,,17,17,29,7,15,144,34,34,33,20,24,7,6,0.7,0.7
2023-08-08T05:00:00,3301A,113.4256,23.1716,广州市,黄埔科学城,,22,22,34,8,15,141,14,31,23,28,22,7,7,0.5,0.5
2023-08-08T05:00:00,3302A,113.3942,23.0483,广州市,番禺大学城,,18,18,28,9,12,128,36,48,41,14,14,9,8,0.5,0.5
2023-08-08T05:00:00,3303A,113.4922,22.8168,广州市,南沙黄阁,,24,24,28,8,11,104,21,37,29,26,18,5,5,0.7,0.7
2023-08-08T05:00:00,3304A,113.5342,22.7896,广州市,南沙街,,21,21,26,11,12,114,24,32,28,18,13,7,6,0.6,0.6
2023-08-08T05:00:00,3305A,114.0731,22.559,深圳市,莲花,,18,18,19,10,10,39,23,28,27,13,12,4,4,0.5,0.5
2023-08-08T05:00:00,3306A,114.0261,22.6198,深圳市,民治,,19,19,20,9,11,56,12,24,20,31,21,4,4,0.6,0.6
2023-08-08T05:00:00,3307A,114.1871,22.6451,深圳市,横岗,,22,22,26,11,12,65,10,24,21,39,25,8,7,0.5,0.5
2023-08-08T05:00:00,3308A,113.3494,22.0569,珠海市,金湾,,21,21,24,3,10,72,33,58,50,12,7,5,4,0.5,0.5
2023-08-08T05:00:00,3311A,113.1075,22.5647,江门市,江海富民,,23,23,31,13,11,90,37,47,43,11,9,8,7,0.5,0.5
2023-08-08T05:00:00,3313A,112.4575,23.0166,肇庆市,高要湖西,,14,11,21,7,11,93,42,45,43,6,9,7,8,0.4,0.4
2023-08-08T05:00:00,3314A,114.4338,22.8134,惠州市,惠阳秋长,,36,36,33,9,11,95,13,13,12,25,19,3,2,0.6,0.6
2023-08-08T05:00:00,3315A,116.1233,24.2991,梅州市,梅龙,,19,17,19,13,14,102,41,46,41,10,6,7,6,0.5,0.5
2023-08-08T05:00:00,3317A,111.9765,21.8947,阳江市,两阳中学,,12,7,17,8,6,74,4,18,13,20,12,6,7,0.5,0.5
2023-08-08T05:00:00,3318A,112.9903,23.7403,清远市,清新太和,,31,31,35,13,16,133,19,56,32,20,16,12,11,0.5,0.4
2023-08-08T05:00:00,3319A,113.7338,23.0381,东莞市,万江金泰,,17,17,26,8,12,121,30,31,30,14,15,9,8,0.7,0.7
2023-08-08T05:00:00,3320A,116.403,23.5699,揭阳市,曲溪,,48,48,44,15,14,100,39,49,45,6,4,1,1,0.4,0.5
2023-08-08T05:00:00,3323A,115.2773,40.9724,张家口市,青少年活动中心,,18,17,26,5,10,142,57,78,69,1,3,3,3,0.0,0
2023-08-08T05:00:00,3324A,116.8136,38.3004,沧州市,河北水利电力学院,,43,31,36,30,19,160,59,62,61,20,19,10,9,0.3,0.4
2023-08-08T05:00:00,3325A,117.0365,39.3828,天津市,雍阳西道,颗粒物(PM10),54,57,44,34,22,152,51,57,55,20,22,11,10,0.8,0.5
2023-08-08T05:00:00,3326A,117.0296,39.0605,天津市,辛老路,颗粒物(PM10),60,70,42,37,19,137,22,56,35,22,16,10,8,1.1,0.4
2023-08-08T05:00:00,3327A,116.9638,38.9375,天津市,地纬路,颗粒物(PM10),55,60,43,30,19,116,41,44,40,21,21,10,9,0.4,0.3
2023-08-08T05:00:00,3328A,118.4209,31.3707,芜湖市,市气象局,,27,27,35,14,20,213,61,72,65,9,16,4,5,0.7,0.9
2023-08-08T05:00:00,3329A,117.0108,32.5893,淮南市,山南新区,,38,38,32,18,13,138,115,106,106,10,11,14,7,0.5,0.5
2023-08-08T05:00:00,3330A,116.8873,33.9836,淮北市,杜集区检察院,,48,48,33,4,17,170,55,104,86,16,10,6,6,0.6,0.7
2023-08-08T05:00:00,3331A,118.3267,32.2634,滁州市,图书馆,,36,31,25,25,16,109,72,93,85,15,10,9,7,0.6,0.6
2023-08-08T05:00:00,3332A,115.7633,33.8034,亳州市,亳州学院,,38,38,27,10,8,152,86,103,94,8,6,10,9,0.9,0.9
2023-08-08T05:00:00,3333A,117.5627,30.695,池州市,第八中学,,25,25,36,13,24,136,43,109,75,7,9,3,3,1.0,0.7
2023-08-08T05:00:00,3334A,117.5038,30.6243,池州市,第十二中学,,18,17,31,12,20,150,55,115,81,5,6,3,3,0.8,0.7
2023-08-08T05:00:00,3335A,113.3137,35.2641,焦作市,马村街道办,颗粒物(PM10),51,51,36,21,15,158,60,98,82,17,13,8,10,0.9,0.6
2023-08-08T05:00:00,3336A,113.2465,35.2373,焦作市,焦作技师学院,颗粒物(PM10),52,54,39,22,20,171,77,96,85,17,12,9,8,0.7,0.4
2023-08-08T05:00:00,3337A,113.8614,34.0442,许昌市,许昌学院,颗粒物(PM10),59,67,40,34,19,159,66,110,89,18,10,4,3,0.6,0.6
2023-08-08T05:00:00,3338A,113.843,34.0823,许昌市,芙蓉广场,颗粒物(PM10),52,54,34,29,14,149,57,76,62,23,12,3,2,0.6,0.5
2023-08-08T05:00:00,3339A,114.0012,33.0412,驻马店市,小管楼,,36,36,37,15,16,127,60,77,68,14,9,7,6,0.4,0.4
2023-08-08T05:00:00,3340A,112.6005,34.6326,洛阳市,伊滨,颗粒物(PM10),55,59,39,38,26,151,50,56,45,24,15,6,5,0.7,0.6
2023-08-08T05:00:00,3341A,112.4951,34.6332,洛阳市,中移产业园,颗粒物(PM10),60,69,47,34,26,152,28,57,38,39,17,5,4,0.8,0.8
2023-08-08T05:00:00,3342A,128.4741,47.4346,伊春市,中心小学,,15,15,15,6,10,56,29,35,33,5,6,8,9,0.4,0.4
2023-08-08T05:00:00,3343A,128.6871,47.7369,伊春市,检察院,,11,11,10,7,10,62,29,38,35,5,7,3,4,0.2,0.3
2023-08-08T05:00:00,3344A,128.8431,47.8474,伊春市,双子河社区,,9,0,5,6,6,59,22,28,26,6,6,2,2,0.4,0.4
2023-08-08T05:00:00,3345A,131.0577,45.7879,七台河市,中波台,,12,8,6,8,8,30,13,14,13,12,14,9,9,0.4,0.5
2023-08-08T05:00:00,3346A,108.3872,31.1628,重庆市,安康,,13,11,16,9,12,92,38,38,38,9,11,7,8,0.2,0.2
2023-08-08T05:00:00,3347A,105.9017,29.3569,重庆市,北山路,,23,20,18,16,11,114,56,65,62,16,14,7,7,0.7,0.6
2023-08-08T05:00:00,3348A,105.839,30.1946,重庆市,春阳街,,37,37,22,23,15,98,54,50,44,10,11,8,9,0.7,0.6
2023-08-08T05:00:00,3349A,107.7983,30.6758,重庆市,人民东路,,31,31,30,9,16,108,24,28,21,6,11,5,3,0.5,0.5
2023-08-08T05:00:00,3350A,106.6479,29.0244,重庆市,滩子口,,24,24,23,7,14,116,13,34,24,11,10,6,10,0.5,0.5
2023-08-08T05:00:00,3351A,105.7167,29.7076,重庆市,棠香,,27,27,18,18,13,74,12,17,13,15,12,16,16,0.6,0.6
2023-08-08T05:00:00,3352A,107.0732,29.8617,重庆市,桃源西路,,25,16,23,17,16,204,29,56,40,13,15,12,13,0.6,0.8
2023-08-08T05:00:00,3353A,107.3535,29.7287,重庆市,迎宾大道,,24,24,19,11,12,132,14,14,14,14,16,9,9,0.4,0.5
2023-08-08T05:00:00,3354A,108.815,29.5081,重庆市,舟白,,25,19,17,17,13,90,40,57,50,9,8,9,7,0.5,0.5
2023-08-08T05:00:00,3355A,108.3679,30.8426,重庆市,周家坝,,25,25,21,13,16,133,27,40,34,15,17,11,10,0.4,0.3
2023-08-08T05:00:00,3356A,108.4319,30.7555,重庆市,百安坝,,13,10,16,5,11,155,25,42,34,26,16,8,9,0.3,0.3
2023-08-08T05:00:00,3357A,104.0106,30.6931,成都市,金博路,,21,21,21,9,12,146,20,57,37,17,11,2,2,0.4,0.5
2023-08-08T05:00:00,3359A,104.0578,30.5225,成都市,华阳,,39,17,18,27,14,141,40,59,43,11,7,3,2,0.6,0.6
2023-08-08T05:00:00,3360A,104.7894,29.3194,自贡市,南湖救助站,,29,21,14,20,10,96,0,24,14,28,15,6,5,0.6,0.4
2023-08-08T05:00:00,3361A,103.7311,29.5628,乐山市,理工大学,,33,28,21,23,18,133,21,62,45,13,7,1,2,0.6,0.5
2023-08-08T05:00:00,3362A,120.5014,36.4034,青岛市,即墨2号,,24,24,21,10,6,105,34,49,44,26,14,4,4,0.5,0.5
2023-08-08T05:00:00,3363A,117.9883,36.8372,淄博市,新区,,21,14,23,9,11,122,66,58,58,22,18,13,12,0.6,0.5
2023-08-08T05:00:00,3364A,117.3152,34.8103,枣庄市,市环保局,,49,49,37,19,14,145,56,73,65,28,19,12,13,0.2,0.3
2023-08-08T05:00:00,3365A,118.5719,37.565,东营市,垦利区民丰路,,19,19,16,12,7,98,58,88,79,17,4,7,7,0.4,0.3
2023-08-08T05:00:00,3366A,121.5206,37.4336,烟台市,中国农业大学,,36,36,21,17,6,150,41,68,52,18,11,5,5,0.4,0.4
2023-08-08T05:00:00,3368A,119.1977,36.6872,潍坊市,高新实验学校,,22,22,18,6,4,84,55,66,61,15,9,6,6,0.2,0.2
2023-08-08T05:00:00,3370A,118.3564,35.0215,临沂市,十里堡居委,,17,12,16,7,6,136,53,61,59,13,7,2,1,0.4,0.4
2023-08-08T05:00:00,3371A,116.3728,37.4403,德州市,开发区人民医院,,41,41,35,24,22,150,54,75,68,19,14,8,7,0.5,0.6
2023-08-08T05:00:00,3372A,116.3572,37.4094,德州市,太阳城中学,,32,31,35,22,21,151,35,140,86,24,12,7,7,0.6,0.6
2023-08-08T05:00:00,3374A,115.5564,35.0891,菏泽市,定陶老年大学,颗粒物(PM10),54,58,34,27,12,162,84,80,80,28,20,4,6,0.7,0.6
2023-08-08T05:00:00,3375A,102.8017,24.8336,昆明市,青年创业园,,16,16,13,10,9,75,28,24,24,13,18,8,8,0.5,0.6
2023-08-08T05:00:00,3376A,103.7947,25.462,曲靖市,南苑二区,,22,22,11,14,8,66,26,42,29,18,12,14,9,0.9,0.7
2023-08-08T05:00:00,3377A,103.7444,25.5261,曲靖市,曲靖师范学院,,20,19,16,14,9,63,29,29,29,11,11,10,10,0.8,0.8
2023-08-08T05:00:00,3379A,122.1139,40.2278,营口市,鲅鱼圈市民活动中心,颗粒物(PM10),78,105,54,55,27,116,6,52,33,64,28,30,16,1.9,1
2023-08-08T05:00:00,3380A,102.8914,34.9617,甘南州,甘肃民族师范学院,,19,19,18,9,8,119,11,12,9,30,25,10,9,0.3,0.3
2023-08-08T05:00:00,3396A,112.0828,32.0067,襄阳市,襄城隆中路,细颗粒物(PM2.5),59,60,47,42,31,153,37,70,54,32,16,6,6,0.7,0.7
2023-08-08T05:00:00,3397A,112.1214,32.1008,襄阳市,高新台子湾,,46,46,39,23,25,145,58,59,57,14,13,8,7,0.8,0.8
2023-08-08T05:00:00,3398A,114.9136,30.4445,黄冈市,市林业局,,22,21,27,15,25,163,42,59,49,2,3,7,6,0.5,0.6
2023-08-08T05:00:00,3399A,112.6703,26.882,衡阳市,师范学院,,30,30,28,18,18,147,62,76,65,9,9,12,9,0.8,0.7
2023-08-08T05:00:00,3400A,109.1911,21.4415,北海市,龙潭自来水厂,,16,16,18,6,8,55,46,51,48,1,2,5,5,0.6,0.6
2023-08-08T05:00:00,3401A,108.4834,22.7618,南宁市,红星社区,,14,14,15,6,8,80,27,28,28,7,7,5,5,0.5,0.5
2023-08-08T05:00:00,3402A,109.5422,24.3996,柳州市,市二中,,26,26,15,10,6,61,17,32,26,11,6,14,9,0.4,0.4
2023-08-08T05:00:00,3403A,110.1764,25.2381,桂林市,创业大厦,,17,17,19,9,10,84,45,44,44,4,8,6,9,0.4,0.4
2023-08-08T05:00:00,3404A,108.5959,21.9633,钦州市,北职校,,10,10,14,3,6,49,32,38,35,7,9,5,7,0.6,0.7
2023-08-08T05:00:00,3405A,109.5886,23.1172,贵港市,新世纪学校,,17,17,19,4,7,64,17,26,15,5,7,9,9,0.5,0.6
2023-08-08T05:00:00,3406A,106.6085,23.8798,百色市,祈福高中,,16,6,14,11,11,71,29,27,27,8,10,5,5,0.8,0.8
2023-08-08T05:00:00,3407A,120.6916,30.7739,嘉兴市,秀洲住建,,22,22,20,13,15,173,37,42,40,26,17,3,3,0.8,0.6
2023-08-08T05:00:00,3408A,120.5683,29.9361,绍兴市,绍兴中专,,24,24,41,15,30,180,17,16,15,23,19,2,2,0.5,0.5
2023-08-08T05:00:00,3409A,120.4906,30.0861,绍兴市,柯桥区政府,,37,37,41,25,25,152,40,59,50,12,17,3,3,0.6,0.6
2023-08-08T05:00:00,3410A,120.8752,30.0249,绍兴市,重华小学,,34,34,35,23,23,169,43,68,55,14,13,6,7,0.7,0.6
2023-08-08T05:00:00,3411A,120.8369,30.0137,绍兴市,上虞中学,,38,38,38,24,25,168,19,68,40,33,18,5,5,0.6,0.6
2023-08-08T05:00:00,3413A,118.1953,28.4401,上饶市,广丰区教体局,,37,37,39,23,24,145,32,40,31,9,7,13,11,0.9,0.8
2023-08-08T05:00:00,3414A,115.8347,28.932,赣江新区,桑海产业园,,17,17,20,5,7,128,16,34,21,18,14,7,6,0.6,0.6
2023-08-08T05:00:00,3415A,114.4519,28.0828,宜春市,万载县环保局,,33,33,44,18,28,159,22,40,31,17,12,4,6,1.0,1
2023-08-08T05:00:00,3416A,119.1755,36.7149,潍坊市,潍坊学院,,18,17,13,12,5,84,57,80,66,11,5,5,4,0.3,0.3
2023-08-08T05:00:00,3417A,117.0709,40.1465,北京市,平谷新城,,44,44,46,26,24,96,52,64,61,11,11,3,2,0.5,0.6
2023-08-08T05:00:00,3418A,116.8336,40.4095,北京市,密云新城,颗粒物(PM10),52,54,50,28,29,81,38,36,34,6,8,3,3,0.6,0.6
2023-08-08T05:00:00,3419A,109.9447,40.6261,包头市,包头市委党校,,38,38,40,13,15,190,82,114,104,43,28,40,15,0.8,0.6
2023-08-08T05:00:00,3421A,113.1775,40.9779,乌兰察布市,市委党校,,30,30,37,20,17,167,79,124,104,14,14,12,13,0.5,0.5
2023-08-08T05:00:00,3422A,118.8436,31.9198,南京市,江宁彩虹桥,,39,39,27,17,16,148,66,72,67,7,5,3,4,0.7,0.6
2023-08-08T05:00:00,3423A,119.0138,31.6494,南京市,溧水永阳,,23,19,20,16,11,139,62,61,57,8,7,2,2,0.8,0.7
2023-08-08T05:00:00,3424A,118.879,31.3302,南京市,高淳老职中,,29,24,22,20,16,136,54,58,57,16,16,3,5,0.6,0.6
2023-08-08T05:00:00,3425A,120.624,31.1733,苏州市,越秀幼儿园,,29,23,27,20,17,132,58,66,64,31,19,6,6,0.7,0.7
2023-08-08T05:00:00,3426A,118.8755,33.2894,淮安市,新华书店,,41,41,33,23,18,149,73,72,71,15,14,13,7,0.7,0.6
2023-08-08T05:00:00,3427A,118.8554,32.3578,南京市,六合雄州,,25,25,22,17,14,99,48,72,57,15,9,5,4,0.8,0.8
2023-08-08T05:00:00,3428A,120.3142,31.4753,无锡市,华庄,,,,28,,16,10,,15,,,30,,8,,1.0
2023-08-08T05:00:00,3429A,119.8598,31.7066,常州市,武进经发区,颗粒物(PM10),54,58,29,37,16,149,34,76,58,30,12,8,7,0.6,0.5
2023-08-08T05:00:00,3430A,119.5826,31.7245,常州市,金坛城区,,32,32,26,22,16,141,68,65,65,11,13,5,4,0.8,0.7
2023-08-08T05:00:00,3431A,120.6505,31.416,苏州市,高铁新城,,27,27,22,16,14,126,68,79,77,15,10,7,8,0.8,0.7
2023-08-08T05:00:00,3432A,120.9348,31.9883,南通市,环境教育馆,,29,29,18,14,9,100,79,80,80,6,6,6,6,0.5,0.4
2023-08-08T05:00:00,3434A,119.2413,34.6539,连云港市,工贸学校,,26,23,25,9,15,167,37,78,54,22,9,17,7,2.6,0.8
2023-08-08T05:00:00,3435A,119.9192,32.4322,泰州市,周山河街区,,41,41,26,22,17,98,89,89,89,6,6,5,4,0.6,0.5
2023-08-08T05:00:00,3436A,120.4279,33.205,盐城市,大丰高级中学,,39,24,21,27,12,111,74,85,80,5,5,5,5,0.5,0.4
2023-08-08T05:00:00,3437A,88.3118,43.3658,乌鲁木齐市,达坂城区环保局,,38,38,38,9,10,140,91,121,104,7,8,8,6,0.4,0.3
2023-08-08T05:00:00,3438A,87.6162,43.8801,乌鲁木齐市,红光山片区,,43,43,53,17,15,176,74,97,85,19,27,11,9,0.4,0.4
2023-08-08T05:00:00,3439A,87.7024,43.8004,乌鲁木齐市,新师大温泉校区,,42,42,54,12,14,186,78,95,80,9,11,3,3,0.2,0.3
2023-08-08T05:00:00,3440A,87.4921,43.8411,乌鲁木齐市,大绿谷,,35,35,49,14,14,154,72,86,77,13,24,9,9,0.6,0.6
2023-08-08T05:00:00,3441A,87.546,44.1912,五家渠市,经开区管委会,,48,48,77,12,22,163,58,73,63,11,20,8,8,0.3,0.4
2023-08-08T05:00:00,3442A,86.047,44.2331,石河子市,南区管委会,,27,21,36,14,14,118,86,93,91,3,5,8,9,0.4,0.4
2023-08-08T05:00:00,3443A,113.2902,23.5544,广州市,花都梯面,,28,28,34,16,20,150,2,9,6,24,24,7,7,0.7,0.7
2023-08-08T05:00:00,3444A,116.454,23.2684,汕头市,潮南峡山,,22,16,26,15,13,121,48,60,58,8,6,11,10,0.6,0.6
2023-08-08T05:00:00,3445A,113.7858,23.7478,广州市,从化良口,,21,21,14,12,9,81,16,29,23,15,12,4,5,0.6,0.6
2023-08-08T05:00:00,3446A,113.8051,23.2614,广州市,增城荔城,,24,24,35,12,19,158,6,16,13,21,15,10,9,0.5,0.5
2023-08-08T05:00:00,3447A,114.3551,22.7151,深圳市,坪山,,27,27,26,11,11,59,6,13,6,37,24,6,5,0.7,0.6
2023-08-08T05:00:00,3448A,113.5433,22.1163,珠海市,横琴,,26,26,27,12,13,69,52,61,59,9,8,7,4,0.5,0.5
2023-08-08T05:00:00,3449A,113.05,22.4667,江门市,新会银湖,,18,18,17,4,9,79,16,46,36,22,9,5,5,0.5,0.5
2023-08-08T05:00:00,3450A,111.01,21.5165,茂名市,电白水东,,14,14,19,7,8,78,43,39,39,5,7,8,7,0.4,0.4
2023-08-08T05:00:00,3451A,112.5617,23.2083,肇庆市,鼎湖凤凰,,20,20,18,10,11,107,12,23,16,6,6,5,5,0.6,0.6
2023-08-08T05:00:00,3452A,114.6517,22.775,惠州市,大亚湾霞涌,,31,31,25,9,11,73,10,14,9,18,15,3,3,0.4,0.4
2023-08-08T05:00:00,3453A,112.0125,21.8749,阳江市,阳东陶然,,32,32,22,17,11,66,0,16,6,22,12,5,6,0.6,0.5
2023-08-08T05:00:00,3454A,113.3528,22.478,中山市,中山南区,,14,12,15,5,6,95,43,57,51,6,5,6,6,0.4,0.4
2023-08-08T05:00:00,3455A,113.076,23.7198,清远市,清城东城,,36,36,40,19,21,152,12,52,27,20,15,6,6,0.2,0.3
2023-08-08T05:00:00,3456A,114.289,38.0906,石家庄市,鹿泉一中,颗粒物(PM10),61,72,53,36,28,136,38,57,46,20,16,1,3,0.7,0.5
2023-08-08T05:00:00,3457A,118.4359,39.2762,唐山市,冀东油田职工医院,颗粒物(PM10),51,52,36,17,12,104,22,61,44,28,15,3,5,0.4,0.3
2023-08-08T05:00:00,3458A,114.7895,36.5593,邯郸市,香泉濮院小区,,42,42,34,29,20,175,88,73,73,13,16,8,7,0.6,0.6
2023-08-08T05:00:00,3459A,115.5989,37.5491,衡水市,地表水厂,,42,34,34,29,19,145,43,41,40,15,18,6,7,0.4,0.5
2023-08-08T05:00:00,3460A,117.4067,40.0583,天津市,北环路,,48,48,43,32,24,87,45,62,56,11,12,4,6,0.6,0.7
2023-08-08T05:00:00,3461A,117.3045,39.7169,天津市,建设路,细颗粒物(PM2.5),57,61,48,40,26,100,29,52,34,24,22,7,7,0.8,0.7
2023-08-08T05:00:00,3462A,117.8199,39.3521,天津市,滨水东路,颗粒物(PM10),54,57,40,32,18,116,5,31,13,42,32,10,13,0.6,0.7
2023-08-08T05:00:00,3463A,116.9708,33.591,宿州市,社会福利中心,颗粒物(PM10),55,59,46,28,15,151,52,80,70,21,13,5,5,0.6,0.5
2023-08-08T05:00:00,3464A,117.3803,31.9147,合肥市,高教基地,,25,24,23,11,13,100,77,74,72,6,7,3,3,0.4,0.4
2023-08-08T05:00:00,3465A,118.4781,31.3225,芜湖市,清苑社区,,30,25,29,21,21,220,45,67,58,19,16,6,7,0.5,0.6
2023-08-08T05:00:00,3466A,118.2746,31.2326,芜湖市,扬子职业技术学院,,23,23,34,16,18,217,57,71,64,11,16,6,7,0.6,0.8
2023-08-08T05:00:00,3468A,115.7901,32.8613,阜阳市,市规划展馆,,41,41,27,21,15,139,76,103,91,14,10,6,4,0.6,0.5
2023-08-08T05:00:00,3469A,115.836,32.9183,阜阳市,枣园社区,,39,37,30,27,15,127,52,92,75,27,15,5,4,0.8,0.8
2023-08-08T05:00:00,3470A,118.7724,30.9141,宣城市,夏渡子站,,26,26,29,18,22,133,28,36,34,18,10,4,4,0.8,0.7
2023-08-08T05:00:00,3471A,113.616563,34.86783,郑州市,惠济区政府,,35,31,34,24,15,144,80,71,71,12,9,2,2,0.6,0.5
2023-08-08T05:00:00,3473A,114.2485,34.8306,开封市,技师学院,,48,48,35,33,17,139,70,77,75,17,20,4,3,1.0,0.7
2023-08-08T05:00:00,3474A,114.2617,35.6822,鹤壁市,大新区,颗粒物(PM10),53,55,40,25,16,130,43,31,31,20,19,3,4,0.6,0.5
2023-08-08T05:00:00,3475A,113.9188,35.3045,新乡市,市政府,颗粒物(PM10),52,54,28,25,20,140,24,69,44,49,15,5,6,0.4,0.3
2023-08-08T05:00:00,3476A,113.9135,35.3327,新乡市,河师大,颗粒物(PM10),56,61,45,27,17,143,23,38,29,43,22,4,4,0.5,0.4
2023-08-08T05:00:00,3477A,113.1656,35.2539,焦作市,中站许衡医院,,34,34,37,21,21,156,98,99,99,15,19,5,8,0.4,0.5
2023-08-08T05:00:00,3478A,113.9749,33.5664,漯河市,市图书馆,,46,46,37,29,21,130,77,99,75,13,10,14,11,0.6,0.6
2023-08-08T05:00:00,3479A,114.0967,33.5906,漯河市,召陵区卫健委,,49,49,42,22,23,129,50,42,42,20,15,5,6,0.4,0.5
2023-08-08T05:00:00,3480A,129.1368,47.6417,伊春市,美溪镇,,12,12,12,6,7,56,20,23,22,4,7,8,8,0.5,0.7
2023-08-08T05:00:00,3481A,125.141,46.634,大庆市,萨区政府监测点,,10,8,13,6,6,63,30,34,32,3,6,5,6,0.2,0.2
2023-08-08T05:00:00,3482A,107.7541,29.3277,重庆市,芙蓉中路,,19,19,22,10,13,98,15,19,18,8,12,7,8,0.7,0.7
2023-08-08T05:00:00,3483A,108.7661,29.5368,重庆市,西山,,14,14,14,9,13,91,32,47,35,6,7,8,7,0.4,0.5
2023-08-08T05:00:00,3484A,106.2628,29.32,重庆市,行政中心,,36,36,28,13,14,135,11,35,23,30,18,9,9,0.8,0.7
2023-08-08T05:00:00,3485A,107.0944,29.1608,重庆市,高寺路,,23,23,21,3,9,106,7,23,13,16,18,6,6,0.9,0.9
2023-08-08T05:00:00,3486A,124.4036,43.1411,四平市,植物园,,22,13,15,15,11,59,5,6,6,19,11,3,4,0.3,0.4
2023-08-08T05:00:00,3487A,104.2394,30.5319,成都市,车城东七路,,22,22,14,15,10,123,35,64,54,16,7,3,3,0.4,0.4
2023-08-08T05:00:00,3488A,104.3853,30.7453,成都市,青白江技师分院,,24,24,13,8,6,141,9,6,6,30,16,3,2,0.5,0.5
2023-08-08T05:00:00,3489A,104.0789,30.4072,成都市,科学城,,30,26,17,21,13,130,12,69,41,33,10,2,2,0.7,0.6
2023-08-08T05:00:00,3490A,105.3617,28.7703,泸州市,纳溪区环保局,,29,29,21,9,9,140,13,24,19,14,15,6,6,0.5,0.5
2023-08-08T05:00:00,3491A,104.69,31.5322,绵阳市,西科大附属小学,,46,46,20,17,9,107,9,37,18,30,23,6,6,0.5,0.4
2023-08-08T05:00:00,3492A,104.5648,31.5343,绵阳市,安州区旅游局,,16,7,19,11,14,131,34,48,41,11,10,6,6,0.5,0.5
2023-08-08T05:00:00,3494A,117.1673,36.9782,济南市,济阳区政府,,39,39,38,15,16,165,52,66,59,21,11,13,11,0.6,0.5
2023-08-08T05:00:00,3495A,117.1171,36.63,济南市,锦屏中学,,25,20,38,12,15,194,79,74,74,7,11,7,8,0.5,0.4
2023-08-08T05:00:00,3496A,118.3604,35.1084,临沂市,南坊新区,,24,24,19,12,6,135,37,56,48,25,14,6,4,0.7,0.6
2023-08-08T05:00:00,3498A,118.5055,37.8612,东营市,河口城区,,19,19,21,12,10,98,32,62,47,13,9,7,12,0.8,0.7
2023-08-08T05:00:00,3500A,116.5814,35.3707,济宁市,北湖一中,颗粒物(PM10),54,57,40,31,15,168,39,88,61,27,14,6,4,0.6,0.6
2023-08-08T05:00:00,3501A,116.8249,35.5593,济宁市,服务中心,,36,36,41,14,19,172,55,66,52,18,15,6,7,0.6,0.7
2023-08-08T05:00:00,3502A,117.1812,36.2275,泰安市,国网新校,,34,34,33,22,17,171,66,97,84,18,13,10,8,0.4,0.4
2023-08-08T05:00:00,3503A,117.0313,36.2018,泰安市,交通技校,,37,37,34,20,13,180,74,62,62,12,14,9,7,0.5,0.5
2023-08-08T05:00:00,3504A,117.0829,36.13,泰安市,山东第一医科大学,,48,48,44,21,18,172,43,97,75,34,20,15,8,0.5,0.4
2023-08-08T05:00:00,3505A,122.1379,37.3414,威海市,临港区管委会,,25,22,15,14,9,140,79,95,91,11,10,4,4,0.4,0.3
2023-08-08T05:00:00,3507A,119.5328,35.4625,日照市,职业技术学院,,19,14,13,7,4,116,60,72,64,10,10,6,6,0.5,0.5
2023-08-08T05:00:00,3511A,116.5652,37.3319,德州市,陵城艺术中心,,35,31,33,24,19,167,58,75,65,22,12,15,10,0.7,0.6
2023-08-08T05:00:00,3512A,116.049,36.4674,聊城市,华润纺织,,,,,,,,,,,,,,,,
2023-08-08T05:00:00,3513A,116.0445,36.4361,聊城市,九州社区,颗粒物(PM10),54,57,45,33,25,185,43,94,66,28,18,3,2,0.5,0.6
2023-08-08T05:00:00,3514A,117.9378,37.3956,滨州市,中海酒店,,36,31,26,25,19,152,34,60,50,19,9,15,6,0.5,0.4
2023-08-08T05:00:00,3515A,117.9378,37.3553,滨州市,开发区一中,,31,31,30,20,16,139,18,63,37,30,11,14,8,0.4,0.4
2023-08-08T05:00:00,3516A,118.0917,37.694,滨州市,金海六路,,26,26,22,6,9,110,38,62,45,13,6,4,8,0.3,0.3
2023-08-08T05:00:00,3520A,106.3495,38.9836,石嘴山市,妇女儿童医院,,27,27,47,9,14,189,68,80,71,13,21,10,20,0.2,0.4
2023-08-08T05:00:00,3521A,106.7492,39.2069,石嘴山市,石大公路,,36,36,60,14,26,161,58,79,62,22,29,5,11,0.3,0.6
2023-08-08T05:00:00,3522A,106.2177,35.9959,固原市,原州区十五小,,20,11,12,9,11,120,63,66,65,6,9,8,8,0.5,0.5
2023-08-08T05:00:00,3523A,106.5105,38.3856,银川市,滨河新区,,24,24,36,12,14,218,65,73,65,14,17,19,17,0.4,0.5
2023-08-08T05:00:00,3524A,108.6116,34.1164,西安市,文体局,,31,31,35,19,17,104,58,68,62,5,7,4,5,0.6,0.5
2023-08-08T05:00:00,3525A,108.6396,34.4078,咸阳市,奥体中心,,42,42,27,16,18,99,17,24,21,14,16,2,2,0.7,0.7
2023-08-08T05:00:00,3526A,119.5189,25.9664,福州市,吴航,,23,23,40,10,25,161,43,76,59,14,10,5,4,0.5,0.5
2023-08-08T05:00:00,3527A,118.0958,24.5688,厦门市,集美中学,,49,49,42,16,21,150,18,30,24,23,18,3,3,0.3,0.4
2023-08-08T05:00:00,3528A,118.1493,24.7245,厦门市,同安二实小,颗粒物(PM10),52,54,53,27,28,137,34,22,22,21,22,1,2,0.4,0.5
2023-08-08T05:00:00,3529A,118.6333,24.9264,泉州市,城华南路,,38,38,59,13,27,192,44,44,44,6,16,4,4,0,0.1
2023-08-08T05:00:00,3530A,117.6296,24.5314,漳州市,西洋坪路,,37,37,34,20,19,131,26,23,20,19,15,4,4,0.7,0.6
2023-08-08T05:00:00,3531A,110.296,25.1253,桂林市,旅游学院,,13,12,11,9,8,71,18,33,24,17,10,13,14,0.4,0.4
2023-08-08T05:00:00,3532A,110.1945,22.6831,玉林市,玉林师范学院东校区,,15,15,13,4,7,55,23,22,22,12,9,3,4,0.5,0.5
2023-08-08T05:00:00,3533A,110.0527,22.5893,玉林市,福绵环保局,,18,18,17,5,9,54,32,24,24,4,7,3,4,0.4,0.5
2023-08-08T05:00:00,3534A,111.4744,24.4553,贺州市,西湾,,27,27,21,16,14,78,6,10,8,18,11,7,11,0.7,0.7
2023-08-08T05:00:00,3535A,109.1781,23.7297,来宾市,兴宾区政府,,24,24,18,14,9,66,18,26,22,9,7,9,5,0.5,0.5
2023-08-08T05:00:00,3536A,106.8547,27.5919,遵义市,第十二小学,,11,10,19,4,11,86,34,54,42,8,10,6,4,0.5,0.5
2023-08-08T05:00:00,3537A,105.3631,27.3533,毕节市,长征村,,28,28,19,17,12,71,11,36,23,12,7,4,5,0.6,0.5
2023-08-08T05:00:00,3538A,107.5175,26.2978,黔南布依族苗族自治州,沙坝,,17,17,11,0,1,70,7,12,8,9,7,4,3,0.4,0.4
2023-08-08T05:00:00,3539A,110.5111,19.9736,海口市,桂林洋子站,,21,21,32,11,14,60,24,30,27,11,10,6,6,0.2,0.3
2023-08-08T05:00:00,3540A,109.7348,18.3443,三亚市,君悦子站,,25,25,36,10,11,56,37,52,43,10,11,2,2,0.3,0.3
2023-08-08T05:00:00,3541A,109.5726,19.5167,儋州市,第一中学子站,,13,12,19,6,9,57,40,40,40,2,3,3,3,0.4,0.4
2023-08-08T05:00:00,3542A,109.5567,19.5187,儋州市,东坡学校子站,,12,10,17,6,10,57,38,40,38,4,4,3,3,0.4,0.4
2023-08-08T05:00:00,3543A,112.3466,16.8396,三沙市,永兴岛子站,,,,,,,,,,,,,,,,
2023-08-08T05:00:00,3544A,121.4891,30.925,上海市,奉贤南桥新城,,36,36,29,16,16,112,61,66,62,12,17,9,10,0.7,0.6
2023-08-08T05:00:00,3545A,110.8054,32.8401,十堰市,郧阳区金沙路,,46,39,32,32,25,117,54,96,76,4,7,3,4,0.7,0.7
2023-08-08T05:00:00,3546A,111.4606,30.552,宜昌市,猇亭区张家湾站,,30,30,27,16,16,141,70,92,87,18,15,6,7,0.5,0.5
2023-08-08T05:00:00,3547A,112.1632,31.0138,荆门市,龙泉中学南校,,35,32,37,24,22,144,100,108,105,4,5,12,9,0.8,0.7
2023-08-08T05:00:00,3548A,112.1655,30.3364,荆州市,学苑路,,39,38,26,27,23,125,54,87,71,11,8,6,6,0.6,0.6
2023-08-08T05:00:00,3549A,109.5061,30.3772,恩施土家族苗族自治州,龙凤新区,,21,21,18,7,13,104,8,24,17,3,23,6,6,0.4,0.5
2023-08-08T05:00:00,3550A,102.7997,24.9786,昆明市,昆明学院,,17,17,15,11,9,72,24,21,21,22,20,5,5,0.5,0.5
2023-08-08T05:00:00,3551A,102.5967,24.6736,昆明市,晋宁区生态环境分局,,16,16,17,5,5,93,30,22,22,15,14,4,5,0.6,0.6
2023-08-08T05:00:00,3552A,102.6678,24.9856,昆明市,云天化总部,,18,18,15,12,9,72,17,41,30,23,16,12,11,0.5,0.5
2023-08-08T05:00:00,3557A,119.9464,30.0494,杭州市,镇二中,,24,24,33,13,23,173,73,110,85,17,23,6,6,0.7,0.7
2023-08-08T05:00:00,3558A,119.7183,30.2367,杭州市,市府大楼,,23,17,31,13,21,149,72,92,75,6,9,5,6,0.6,0.6
2023-08-08T05:00:00,3560A,120.4722,30.0415,绍兴市,柯桥妇保,,42,42,44,28,32,190,31,55,43,12,17,2,3,0.6,0.6
2023-08-08T05:00:00,3561A,120.6985,27.9251,温州市,茶山,,28,24,35,19,22,189,19,35,27,27,20,6,6,0.5,0.6
2023-08-08T05:00:00,3562A,120.4148,30.8538,湖州市,南浔区站,,33,27,37,23,20,220,46,58,49,16,11,5,4,0.6,0.6
2023-08-08T05:00:00,3564A,121.2568,28.6681,台州市,台州科技职业学院,,27,27,32,12,17,168,30,26,26,13,23,3,3,0.6,0.6
2023-08-08T05:00:00,3565A,113.1367,40.1122,大同市,云冈站,,29,29,49,16,19,164,51,120,88,15,19,12,14,0.5,0.5
2023-08-08T05:00:00,3566A,113.1186,40.2556,大同市,图书馆,,27,27,40,12,17,169,50,108,80,11,15,8,12,0.5,0.6
2023-08-08T05:00:00,3567A,113.5931,40.0461,大同市,区一中,,26,8,27,9,10,176,83,122,107,10,15,4,8,0.4,0.5
2023-08-08T05:00:00,3568A,113.06,36.0464,长治市,向阳小学,颗粒物(PM10),64,77,58,39,33,161,66,87,68,12,15,6,6,1.2,1
2023-08-08T05:00:00,3569A,112.8792,36.3144,长治市,屯留一中,,38,38,41,16,28,156,7,35,20,38,26,11,13,1.1,1.2
2023-08-08T05:00:00,3570A,113.235,36.3489,长治市,潞城四中,细颗粒物(PM2.5),74,61,54,54,37,130,86,74,58,10,17,6,6,1.2,0.9
2023-08-08T05:00:00,3571A,112.2931,39.53,朔州市,一水厂,,33,32,71,8,18,150,103,149,128,10,23,11,14,0.4,0.5
2023-08-08T05:00:00,3572A,114.6419615,37.9001925,石家庄市,栾城区政府,颗粒物(PM10),54,58,39,31,14,137,49,76,66,26,15,3,3,0.5,0.5
2023-08-08T05:00:00,3573A,114.8506765,38.0322033,石家庄市,藁城区实验学校,颗粒物(PM10),52,54,38,22,10,152,60,73,68,22,14,4,5,0.5,0.3
2023-08-08T05:00:00,3574A,114.0504658,38.0591645,石家庄市,井陉矿区区委大楼,颗粒物(PM10),56,61,63,30,26,126,54,60,56,8,18,2,2,0.5,0.5
2023-08-08T05:00:00,3575A,118.09279,39.58089,唐山市,正泰大街热力站,,48,48,38,18,18,124,7,30,23,37,19,1,4,0.7,0.9
2023-08-08T05:00:00,3576A,118.1562,39.8322,唐山市,丰润区政府,颗粒物(PM10),60,69,49,38,22,119,16,32,29,32,18,2,5,0.8,0.9
2023-08-08T05:00:00,3577A,118.43673,39.73809,唐山市,金山小学,颗粒物(PM10),59,67,62,39,26,127,0,19,12,47,23,4,8,0.9,1.1
2023-08-08T05:00:00,3578A,118.24498,39.66941,唐山市,政府服务中心,颗粒物(PM10),51,52,52,28,23,121,10,40,22,45,25,4,6,0.6,0.8
2023-08-08T05:00:00,3579A,114.50634,36.77178,邯郸市,永年区实验高中,,50,30,32,35,25,178,96,71,71,12,17,5,5,0.3,0.4
2023-08-08T05:00:00,3580A,114.20016,36.44293,邯郸市,峰峰矿区临水派出所,细颗粒物(PM2.5),52,46,34,36,17,145,92,99,95,12,7,3,2,0.9,0.7
2023-08-08T05:00:00,3581A,115.31981,38.95208,保定市,满城区生态环境分局,颗粒物(PM10),55,59,48,28,18,130,63,79,76,8,6,6,6,0.4,0.3
2023-08-08T05:00:00,3582A,115.47694,38.76408,保定市,清苑区第二中学,,25,25,37,14,9,136,58,50,50,15,12,8,8,0.4,0.4
2023-08-08T05:00:00,3583A,115.62909,39.02311,保定市,徐水物探局,颗粒物(PM10),51,52,50,27,17,140,67,48,48,18,17,8,8,0.5,0.4
2023-08-08T05:00:00,3584A,115.8844,39.0341,雄安新区,容城县环境保护局,颗粒物(PM10),65,80,56,30,20,151,40,40,40,30,23,10,10,0.5,0.4
2023-08-08T05:00:00,3585A,115.8665,39.0645,雄安新区,河北容城中学,颗粒物(PM10),57,64,54,30,23,146,29,49,42,24,18,10,13,0.4,0.3
2023-08-08T05:00:00,3586A,115.923,38.9405,雄安新区,安新县民政局,颗粒物(PM10),53,56,45,24,13,144,58,74,63,13,8,8,9,0.5,0.4
2023-08-08T05:00:00,3587A,115.9324,38.9338,雄安新区,安新县电力局,颗粒物(PM10),63,76,51,28,8,162,63,83,68,10,5,12,13,0.4,0.3
2023-08-08T05:00:00,3588A,116.0901,38.9816,雄安新区,雄县环境保护局,,48,48,39,28,18,158,46,64,59,18,13,5,6,0.6,0.5
2023-08-08T05:00:00,3589A,116.1105,39.0046,雄安新区,雄县国土资源局,颗粒物(PM10),65,80,51,9,11,152,35,65,52,23,14,11,12,0.6,0.4
2023-08-08T05:00:00,3590A,113.8374,34.5589,郑州市,北区建设指挥部,,44,44,35,19,14,174,111,134,120,11,11,5,5,0.4,0.4
2023-08-08T05:00:00,3591A,113.30952,34.803229,郑州市,上街区政府,颗粒物(PM10),62,74,53,36,23,146,56,71,56,19,13,5,6,0.7,0.5
2023-08-08T05:00:00,3592A,114.4644,34.7556,开封市,祥符区生态环境局,颗粒物(PM10),56,61,47,31,22,141,30,37,36,45,27,6,7,0.7,0.6
2023-08-08T05:00:00,3593A,112.5736,34.8993,洛阳市,吉利监测站,细颗粒物(PM2.5),53,47,38,37,21,145,56,71,65,19,14,3,3,0.6,0.6
2023-08-08T05:00:00,3594A,112.8867,33.9116,平顶山市,石龙区,颗粒物(PM10),65,80,52,26,21,150,7,53,25,66,27,11,11,0.4,0.4
2023-08-08T05:00:00,3596A,114.1572,35.9603,鹤壁市,南山宾馆,细颗粒物(PM2.5),69,84,47,50,29,176,43,38,38,24,16,13,13,1.1,0.7
2023-08-08T05:00:00,3597A,113.8134,34.1251,许昌市,建安区兴业大厦,,47,47,39,17,18,155,28,64,50,44,14,4,2,0.6,0.5
2023-08-08T05:00:00,3598A,111.1,34.7167,三门峡市,富达温泉假日酒店,细颗粒物(PM2.5),54,40,36,38,20,139,99,104,94,2,6,7,8,0.8,0.7
2023-08-08T05:00:00,3599A,106.2649,29.9851,重庆市,书院路,,30,28,24,21,20,113,37,65,47,14,11,5,5,0.3,0.3
2023-08-08T05:00:00,3600A,106.2339,29.5559,重庆市,虎峰,,25,25,22,11,10,108,24,56,38,18,11,6,6,0.9,0.9
2023-08-08T05:00:00,3601A,106.0499,29.8342,重庆市,龙门街,,26,22,21,18,18,97,48,54,46,17,12,9,7,0.9,0.8
2023-08-08T05:00:00,3604A,119.3266,35.1044,日照市,岚山环保分局,,22,22,31,2,10,149,47,43,43,16,16,12,16,0.9,1.5
2023-08-08T05:00:00,3605A,109.09,34.5236,西安市,无线电监控中心,,29,29,31,15,18,106,62,25,25,15,18,5,5,0.6,0.6
2023-08-08T05:00:00,3606A,108.7108,34.46,西咸新区,北杜,,41,41,33,17,18,91,0,14,3,32,20,4,4,0.6,0.6
2023-08-08T05:00:00,3607A,108.7096,34.2956,西咸新区,同德佳苑,,29,27,31,20,18,107,39,38,38,20,19,5,5,0.5,0.5
2023-08-08T05:00:00,3608A,108.8558,34.4978,西咸新区,崇文塔,,40,40,32,18,18,114,7,22,12,41,18,2,2,0.7,0.7
2023-08-08T05:00:00,3610A,105.5933,29.4105,重庆市,昌元,,34,34,22,14,8,99,45,65,58,14,11,7,6,0.7,0.6
2023-08-08T05:00:00,3612A,85.1045,45.6899,克拉玛依市,白碱滩区新站,,32,32,37,13,8,109,68,109,94,10,14,10,11,0.2,0.2
2023-08-08T05:00:00,3613A,87.3095,44.0142,昌吉州,亚心广场,颗粒物(PM10),53,56,58,5,8,165,63,90,75,16,22,11,7,0.1,0.3
2023-08-08T05:00:00,3614A,79.924,37.0877,和田地区,地区环保局,颗粒物(PM10),83,115,302,38,71,112,98,108,103,4,9,3,6,0.3,0.4
2023-08-08T05:00:00,3615A,79.9131,37.113,和田地区,市环保局,颗粒物(PM10),74,97,252,37,70,109,100,106,101,4,12,5,6,0.4,0.5
2023-08-08T05:00:00,3616A,106.7616,31.8344,巴中市,市中心医院,,19,19,19,12,11,84,7,28,19,15,11,5,5,0.5,0.5
2023-08-08T05:00:00,3617A,105.8047,32.4166,广元市,经开区,,15,15,21,9,13,114,36,28,28,7,16,6,10,0.6,0.7
2023-08-08T05:00:00,3618A,112.4719,37.7831,太原市,金胜,细颗粒物(PM2.5),69,83,69,50,40,226,49,31,31,27,31,8,7,0.8,0.8
2023-08-08T05:00:00,3619A,113.617,37.8571,阳泉市,龙柱,细颗粒物(PM2.5),54,44,61,38,42,108,66,89,85,15,16,6,11,0.7,1
2023-08-08T05:00:00,3620A,112.8271,35.4828,晋城市,泽州一中,,40,40,35,22,16,152,82,122,101,19,18,8,11,0.8,0.9
2023-08-08T05:00:00,3621A,106.8288,39.6778,乌海市,聚英学校,,47,47,66,17,24,202,90,87,80,21,22,46,52,0.5,0.6
2023-08-08T05:00:00,3622A,113.5556,24.8082,韶关市,碧湖山庄,,41,41,34,22,15,118,52,66,58,14,10,9,10,0.5,0.4
2023-08-08T05:00:00,3623A,113.8953,22.5861,深圳市,西乡,,20,20,27,8,10,53,39,34,34,14,23,9,7,0.4,0.5
2023-08-08T05:00:00,3624A,116.4069,23.2533,汕头市,潮南子站,,20,20,36,9,10,106,42,58,54,5,5,6,6,0.5,0.5
2023-08-08T05:00:00,3625A,113.2544,22.7642,佛山市,容桂街道办,,13,7,16,5,8,120,39,41,40,10,12,4,4,0.6,0.6
2023-08-08T05:00:00,3626A,113.7533,23.0202,东莞市,南城元岭,,17,17,26,6,10,128,27,31,30,16,14,9,8,0.6,0.6
2023-08-08T05:00:00,3627A,113.7875,23.0457,东莞市,东城主山,,15,15,25,8,12,131,27,31,29,20,18,10,9,0.6,0.7
2023-08-08T05:00:00,3628A,112.0336,22.9374,云浮市,文笔,,15,7,14,10,9,65,26,38,33,4,3,5,5,0.2,0.3
2023-08-08T05:00:00,3629A,101.8305,36.5786,西宁市,世纪职校,,23,23,26,14,16,160,38,61,46,16,25,9,11,0.5,0.6
2023-08-08T05:00:00,3630A,101.7413,36.6397,西宁市,师大城西校区,,32,32,36,17,19,150,22,56,38,30,26,7,8,0.3,0.4
2023-08-08T05:00:00,3633A,118.4918,31.6809,马鞍山市,雨山,,30,30,32,20,20,178,61,67,63,4,10,8,10,0.8,1
2023-08-08T05:00:00,3634A,116.9884,33.6305,宿州市,宿州学院,颗粒物(PM10),55,60,41,12,6,141,68,116,85,18,13,4,4,0.7,0.6
2023-08-08T05:00:00,3635A,112.3677,34.662,洛阳市,河科大西苑校区,,40,40,40,27,19,155,62,102,83,11,8,6,9,0.8,0.7
2023-08-08T05:00:00,3636A,112.4388,34.6781,洛阳市,英才小学,,46,46,40,32,26,150,58,100,73,18,9,4,4,0.7,0.6
2023-08-08T05:00:00,3637A,131.0176,45.7761,七台河市,人民广场,,16,5,13,11,7,35,16,18,17,11,13,6,7,0.5,0.5
2023-08-08T05:00:00,3638A,104.7636,29.3338,自贡市,轻化工大学,,22,22,13,15,10,109,35,41,38,16,13,5,4,0.4,0.4
2023-08-08T05:00:00,3639A,104.4019,31.1244,德阳市,市教育局,,29,29,21,17,9,108,27,29,24,13,11,15,4,0.5,0.5
2023-08-08T05:00:00,3642A,120.3503,36.0736,青岛市,市北区南部,,29,29,29,9,9,111,38,50,42,25,22,6,6,0.4,0.4
2023-08-08T05:00:00,3643A,120.3948,36.1805,青岛市,李沧区北部,,19,19,19,7,7,123,58,62,59,17,19,7,7,0.3,0.4
2023-08-08T05:00:00,3644A,117.8661,36.805,淄博市,三金集团,,32,32,24,17,9,140,29,51,42,31,20,18,10,0.6,0.4
2023-08-08T05:00:00,3645A,118.0253,36.8406,淄博市,东风化工厂,,31,31,27,13,13,132,80,68,68,14,16,15,7,0.5,0.4
2023-08-08T05:00:00,3646A,118.4978,37.4623,东营市,胜利站,,27,24,21,9,7,107,85,99,96,8,5,6,6,0.5,0.4
2023-08-08T05:00:00,3647A,115.4702,35.2706,菏泽市,菏泽医专,颗粒物(PM10),54,58,43,35,16,156,80,91,85,19,16,7,3,0.6,0.5
2023-08-08T05:00:00,3648A,106.2112,37.9768,吴忠市,文卫南街,,26,22,32,12,14,171,82,98,88,4,12,3,6,0.4,0.5
2023-08-08T05:00:00,3650A,105.1698,37.5162,中卫市,沙坡头区政府站,,21,14,38,8,15,157,66,80,74,10,12,8,9,0.4,0.4
2023-08-08T05:00:00,3651A,108.9543,34.8732,铜川市,旺旺集团,,34,34,30,15,18,104,61,53,53,14,22,5,3,0.8,0.8
2023-08-08T05:00:00,3652A,109.4809,36.5786,延安市,西北局旧址,,43,43,38,29,22,107,3,3,3,22,22,4,4,0.6,0.6
2023-08-08T05:00:00,3653A,111.3119,30.7273,宜昌市,云深路,,17,17,24,7,16,144,47,67,61,17,14,7,6,0.5,0.6
2023-08-08T05:00:00,3654A,114.8094,30.4089,鄂州市,精准医疗中心,,34,34,29,9,13,175,23,70,42,37,15,8,8,0.1,0.5
2023-08-08T05:00:00,3655A,114.3375,29.8683,咸宁市,长江产业园,,26,24,29,18,22,148,33,45,37,6,9,3,4,0.5,0.7
2023-08-08T05:00:00,3656A,120.1556,30.2864,杭州市,消防大队,,,15,32,,23,172,36,93,58,12,18,6,6,0.5,0.7
2023-08-08T05:00:00,3658A,120.6153,30.0764,绍兴市,袍江中学,,26,26,32,18,19,192,58,82,71,13,16,6,4,0.5,0.5
2023-08-08T05:00:00,3659A,119.656,29.1131,金华市,气象局,颗粒物(PM10),55,59,49,21,21,191,4,4,4,45,37,6,6,0.7,0.6
2023-08-08T05:00:00,3662A,123.6333,47.2075,齐齐哈尔市,富区青少年活动中心,,9,9,19,3,6,77,28,34,29,7,7,5,5,0.2,0.2
2023-08-08T05:00:00,3663A,124.1164,50.4278,大兴安岭地区,红旗社区,,22,14,20,15,13,82,14,18,16,9,8,4,2,0.3,0.2
2023-08-08T05:00:00,3664A,119.4172,34.7341,连云港市,连云街道,,18,18,21,8,12,151,48,79,62,18,10,3,2,0,0.1
2023-08-08T05:00:00,3665A,76.1658,39.7157,克孜勒苏柯尔克孜自治州,克州文化中心,,30,12,20,12,6,138,94,100,94,7,8,10,9,0.3,0.4
2023-08-08T05:00:00,3667A,111.0283,35.0547,运城市,水利职院,,47,47,40,19,23,132,128,94,94,4,7,4,5,0.6,0.6
2023-08-08T05:00:00,3668A,111.5036,36.0414,临汾市,城南,,46,45,48,32,32,141,27,41,27,32,24,8,8,0.8,0.9
2023-08-08T05:00:00,3669A,114.4705,36.0637,安阳市,左辅环卫站,细颗粒物(PM2.5),77,65,49,56,30,141,81,73,73,10,14,40,19,0.6,0.5
2023-08-08T05:00:00,3670A,111.0522,35.0439,运城市,禹都公园,,42,37,33,19,17,138,133,105,105,5,8,4,4,0.5,0.5
2023-08-08T05:00:00,3671A,116.088,39.9726,北京市,门头沟三家店,,,,,,,,,,,,,,,,
2023-08-08T05:00:00,3672A,116.1541,39.8204,北京市,丰台云岗,细颗粒物(PM2.5),84,72,55,62,34,95,12,22,13,23,19,3,3,0.6,0.5
2023-08-08T05:00:00,3673A,116.6804,39.9081,北京市,通州东关,细颗粒物(PM2.5),70,81,58,51,31,132,22,28,24,24,18,1,2,0.7,0.6
2023-08-08T05:00:00,3674A,115.9577,39.7603,北京市,房山燕山,颗粒物(PM10),64,77,59,41,30,107,47,75,58,10,13,3,3,0.5,0.5
2023-08-08T05:00:00,3675A,116.4672,39.7733,北京市,大兴旧宫,细颗粒物(PM2.5),54,56,44,38,26,118,29,65,43,28,17,3,3,0.6,0.5
2023-08-08T05:00:00,3676A,113.2802,40.0995,大同市,第二人民医院,,34,34,47,15,16,183,78,122,101,22,20,11,10,0.7,0.5
2023-08-08T05:00:00,3677A,98.5881,24.4368,德宏州,芒市人民政府综合楼,,16,16,23,4,8,44,36,36,36,4,7,7,7,0.5,0.6
2023-08-08T05:00:00,3678A,116.5907,35.4054,济宁市,市第七中学,,45,45,39,24,17,168,40,92,61,29,18,6,7,0.6,0.6
2023-08-08T05:00:00,3682A,116.9814,36.6819,济南市,济南四建,,24,22,46,10,20,188,76,59,59,18,30,6,8,0.6,0.7
2023-08-08T05:00:00,3683A,109.8331,40.6576,包头市,昆区政府,,43,43,44,22,21,174,87,98,95,25,29,32,16,0.7,0.7
2023-08-08T05:00:00,3684A,130.8781,45.8222,七台河市,新建矿广场,,10,9,13,5,6,36,7,10,9,20,19,26,23,0.5,0.5
2023-08-08T05:00:00,3685A,117.897,28.4315,上饶市,双创科技城,,39,39,38,18,28,158,26,28,26,13,18,22,23,0.7,0.6
2023-08-08T05:00:00,3689A,113.9003,35.372,新乡市,行政服务中心,颗粒物(PM10),61,71,54,14,11,147,54,53,37,26,21,7,5,0.5,0.3
2023-08-08T05:00:00,3690A,115.9721,28.7031,南昌市,外国语学校,,16,16,24,7,11,139,50,55,52,9,12,4,4,0.4,0.5
2023-08-08T05:00:00,3692A,118.2059,39.6585,唐山市,消防缸窑路中队,颗粒物(PM10),53,55,52,32,25,133,18,58,31,35,21,5,7,0.6,0.8
2023-08-08T05:00:00,3693A,118.1436,39.6202,唐山市,路南电大,,47,47,44,17,17,126,44,46,45,7,14,5,7,0.7,0.9
2023-08-08T05:00:00,3694A,115.986,40.4563,北京市,延庆石河营,,42,31,44,29,34,92,17,55,38,8,11,3,3,0.4,0.4
2023-08-08T05:00:00,3695A,116.6151,40.3053,北京市,怀柔新城,细颗粒物(PM2.5),54,48,45,38,32,74,42,46,42,4,12,3,3,0.7,0.8
2023-08-08T05:00:00,3696A,116.2545,39.8768,北京市,丰台小屯,颗粒物(PM10),58,65,54,40,29,88,9,30,24,20,16,3,2,0.6,0.6
2023-08-08T05:00:00,3697A,116.84,40.3844,北京市,密云镇,细颗粒物(PM2.5),57,55,48,40,32,85,38,52,49,14,14,3,2,0.6,0.6
2023-08-08T05:00:00,3698A,111.5968,40.8178,呼和浩特市,红旗小学,,29,22,38,17,17,178,23,89,60,57,31,6,9,0.5,0.5
2023-08-08T05:00:00,3699A,111.6518,40.8389,呼和浩特市,海东办,,29,27,36,20,18,188,32,79,56,42,25,4,7,0.6,0.6
2023-08-08T05:00:00,3700A,103.0456,29.9956,雅安市,康养中心,,23,20,22,16,13,117,62,77,74,4,5,8,8,0.2,0.3
2023-08-08T05:00:00,3701A,116.9648,33.6252,宿州市,皖北煤电集团,,45,45,34,18,13,145,67,102,85,18,8,9,10,0.6,0.5
2023-08-08T05:00:00,3703A,114.2917,36.0949,安阳市,安钢职工学校,细颗粒物(PM2.5),65,59,56,47,29,153,77,108,95,16,11,5,5,0.7,0.6
2023-08-08T05:00:00,3706A,122.2584,43.6333,通辽市,老干部活动中心,,26,24,28,18,11,78,37,42,40,7,10,6,6,0.4,0.4
2023-08-08T05:00:00,3707A,131.0207,45.3073,鸡西市,欧美日汽修厂,,6,6,13,4,3,29,16,14,12,3,6,4,3,0.1,0.1
2023-08-08T05:00:00,3708A,122.2922,43.6189,通辽市,东方明珠社区,,33,21,24,23,24,79,28,35,28,17,16,11,8,0.4,0.3
2023-08-08T05:00:00,3709A,130.9967,45.3106,鸡西市,市政设施管理处,,7,7,14,2,4,18,9,8,7,5,7,5,5,0.1,0.1
2023-08-08T05:00:00,3710A,121.5594,29.8975,宁波市,白沙活动中心,,26,26,31,13,15,110,8,44,31,26,17,5,5,0.6,0.5
2023-08-08T05:00:00,3713A,124.3419,43.1666,四平市,世纪城,,16,16,14,5,6,60,0,11,4,19,8,3,3,0.4,0.2
2023-08-08T05:00:00,3715A,117.3092,32.9314,蚌埠市,蚌埠田家炳中学,颗粒物(PM10),55,60,36,26,18,121,35,65,53,27,10,5,5,0.4,0.5
2023-08-08T05:00:00,3719A,97.1714,31.1406,昌都市,昌都会议中心,,16,16,16,7,7,95,26,35,29,7,8,6,6,0.5,0.6
2023-08-08T05:00:00,3726A,88.8781,29.2426,日喀则市,林业技术推广中心,,21,2,5,1,1,95,67,69,69,4,6,7,7,0.6,0.6
2023-08-08T05:00:00,3728A,104.68,28.8071,宜宾市,白酒学院,,30,30,19,20,11,115,25,36,29,17,11,11,7,0.6,0.6
2023-08-08T05:00:00,3734A,118.35,37.26,东营市,理想之城,,22,17,18,9,9,100,68,95,86,12,6,4,6,0.5,0.5
2023-08-08T05:00:00,3860A,118.3920,35.0300,临沂市,皇山花园小区,,20,14,19,14,11,127,38,47,45,21,11,5,6,0.2,0.3
2023-08-08T05:00:00,3861A,119.2041,36.7699,潍坊市,寒亭区实验一小,,19,19,15,9,6,86,36,68,58,26,12,8,8,0.3,0.3
2023-08-08T05:00:00,3866A,122.2469,40.66302,营口市,三高中,,36,34,18,25,12,94,18,41,26,31,17,6,5,0.8,0.7
2023-08-08T05:00:00,3867A,102.0738,36.5056,海东地区,平安区公安北苑,,19,19,34,8,15,150,54,60,57,6,14,8,13,0.3,0.5
2023-08-08T05:00:00,3981A,113.2449,35.1803,焦作市,原李万街道办,,47,47,34,27,17,158,63,102,86,23,16,10,11,0.5,0.5
2023-08-08T05:00:00,3994A,102.2165,31.9024,阿坝藏族羌族自治州,马尔康中学西区,,16,16,17,10,14,85,4,12,9,5,5,4,4,0.5,0.5
2023-08-08T05:00:00,4002A,109.2416,23.7461,来宾市,中南小学,,11,11,19,7,9,71,19,24,20,7,6,7,7,0.4,0.5
2023-08-08T05:00:00,4004A,115.4202,38.8656,保定市,双鹰农机,,38,29,29,26,18,153,71,70,70,13,14,5,5,0.4,0.3
2023-08-08T05:00:00,4006A,122.3622,40.6762,营口市,老边实验小学,细颗粒物(PM2.5),53,46,22,37,15,87,2,25,12,43,18,11,7,1.0,0.6
2023-08-08T05:00:00,4008A,112.5234,32.9922,南阳市,卧龙区政府,,36,36,35,21,19,136,98,102,99,6,8,9,8,0.5,0.4
2023-08-08T05:00:00,4010A,112.5608,37.8807,太原市,育英中学,细颗粒物(PM2.5),72,83,62,52,36,204,38,30,30,38,34,4,5,0.8,0.8
2023-08-08T05:00:00,4011A,103.8506,30.6947,成都市,光华大道三段,,20,17,27,2,9,160,63,76,65,3,8,2,2,0.4,0.5
2023-08-08T05:00:00,4017A,116.7923,33.9535,淮北市,市博物馆（启用20230615）,,35,32,30,24,11,168,86,122,111,15,10,4,5,0.7,0.5
