timepoint,stationcode,longitude,latitude,area,positionname,primarypollutant,aqi,pm10,pm10_24h,pm2_5,pm2_5_24h,o3,o3_24h,o3_8h,o3_8h_24h,no2,no2_24h,so2,so2_24h,co,co_24h
2025-05-12T2100,2566A,102.1879,31.914,阿坝藏族羌族自治州,州农科所,,28,28,31,13,9,84,,84,84,3,9,10,16,0.6,0.6
2025-05-12T2100,2568A,102.2502,31.8896,阿坝藏族羌族自治州,马师校,,33,33,21,22,14,98,,97,97,7,12,4,4,0.4,0.4
2025-05-12T2100,3994A,102.2165,31.9024,阿坝藏族羌族自治州,马尔康中学西区,,48,34,20,33,18,109,,107,107,5,8,4,4,0.4,0.3
2025-05-12T2100,2695A,80.292,41.1694,阿克苏地区,电视台,颗粒物(PM10),181,311,134,73,33,108,,118,117,9,21,4,6,0.4,0.4
2025-05-12T2100,2696A,80.2613,41.1551,阿克苏地区,艺术中心,颗粒物(PM10),222,365,178,66,34,103,,110,109,5,8,4,4,0.2,0.2
2025-05-12T2100,2204A,105.6467,38.8363,阿拉善盟,西城区西花园,颗粒物(PM10),80,110,67,44,29,103,,122,120,17,14,5,6,0.7,0.6
2025-05-12T2100,2205A,105.6985,38.8411,阿拉善盟,蒙二幼,颗粒物(PM10),80,110,69,46,22,96,,106,104,10,8,8,8,0.4,0.4
2025-05-12T2100,2206A,105.724,38.8516,阿拉善盟,环保局新楼,颗粒物(PM10),80,109,57,43,23,105,,118,109,5,4,8,8,0.3,0.3
2025-05-12T2100,2708A,88.1264,47.8517,阿勒泰地区,市站,颗粒物(PM10),79,108,27,34,7,83,,89,89,4,5,2,2,0.5,0.5
2025-05-12T2100,2630A,80.1161,32.5,阿里地区,阿里监测站,,47,,6,3,5,149,,152,152,3,5,6,6,0.4,0.4
2025-05-12T2100,3192A,80.0903,32.5028,阿里地区,阿里藏医院,颗粒物(PM10),60,70,22,12,5,155,,159,159,2,2,5,6,0.4,0.4
2025-05-12T2100,2642A,109.0318,32.6537,安康市,香溪洞,颗粒物(PM10),51,52,54,33,30,138,,151,150,8,7,10,10,0.3,0.4
2025-05-12T2100,2644A,109.0072,32.6975,安康市,汉滨区检察院,颗粒物(PM10),68,86,66,39,33,95,,150,139,21,14,11,20,0.7,0.5
2025-05-12T2100,4054A,109.0325,32.6913,安康市,市邮政管理局,细颗粒物(PM2.5),100,116,65,75,35,78,,153,140,32,15,14,12,1.0,0.5
2025-05-12T2100,2291A,117.0809,30.5177,安庆市,环科院,细颗粒物(PM2.5),55,48,48,39,31,113,,153,142,24,16,4,4,0.5,0.4
2025-05-12T2100,2292A,117.0331,30.5119,安庆市,马山宾馆,,35,35,49,22,34,108,,143,136,32,24,5,6,0.4,0.5
2025-05-12T2100,2294A,116.9896,30.6145,安庆市,安庆大学,颗粒物(PM10),51,52,48,29,30,122,,156,146,23,16,5,6,0.2,0.2
2025-05-12T2100,3173A,117.0598,30.5351,安庆市,市人大,,44,44,61,21,31,137,,161,156,18,18,8,9,0.3,0.4
2025-05-12T2100,3122A,105.9606,26.2611,安顺市,伍家关,,37,22,27,18,17,117,,132,130,7,9,5,5,0.5,0.4
2025-05-12T2100,3123A,105.9408,26.2431,安顺市,凤凰山,,33,30,31,22,18,105,,123,121,10,11,8,8,0.5,0.4
2025-05-12T2100,3124A,105.9439,26.2564,安顺市,金钟山,,35,25,29,24,18,103,,119,117,8,8,6,6,0.2,0.2
2025-05-12T2100,3125A,105.8983,26.2481,安顺市,娄家坡,,,,28,,17,106,,121,118,7,6,7,8,0.5,0.5
2025-05-12T2100,1818A,114.4839,36.0621,安阳市,棉研所,,,,,,,,,,,,,,,,
2025-05-12T2100,1819A,114.3551,36.1017,安阳市,红庙街,颗粒物(PM10),67,83,74,31,23,122,,175,171,2,14,3,8,0.5,0.6
2025-05-12T2100,1820A,114.361,36.0681,安阳市,银杏小区,颗粒物(PM10),71,92,72,43,33,123,,175,171,2,19,4,9,0.3,0.3
2025-05-12T2100,3141A,114.3922,36.0878,安阳市,信访局,颗粒物(PM10),75,99,83,34,24,129,,181,177,9,25,3,6,0.4,0.5
2025-05-12T2100,3669A,114.4705,36.0637,安阳市,左辅环卫站,颗粒物(PM10),60,69,70,32,27,131,,173,170,7,20,4,8,0.4,0.5
2025-05-12T2100,3703A,114.2917,36.0949,安阳市,安钢职工学校,颗粒物(PM10),75,100,79,39,25,112,,168,164,11,20,3,5,0.4,0.5
2025-05-12T2100,1748A,123.044,41.1196,鞍山市,深沟寺,臭氧1小时,59,46,48,28,31,167,,164,164,9,12,7,7,0.6,0.6
2025-05-12T2100,1749A,123.011,41.0931,鞍山市,太阳城,,48,40,45,23,29,151,,146,146,7,10,7,8,0.6,0.7
2025-05-12T2100,1750A,123.0485,41.1442,鞍山市,太平,颗粒物(PM10),55,60,58,29,31,155,,150,149,9,13,9,10,0.6,0.7
2025-05-12T2100,1751A,122.9642,41.0971,鞍山市,铁西三道街,臭氧1小时,57,58,60,29,33,165,,159,159,11,18,4,6,0.6,0.6
2025-05-12T2100,1753A,123.022,41.0821,鞍山市,明达新区,臭氧1小时,60,40,45,21,25,168,,163,163,5,8,6,8,0.4,0.5
2025-05-12T2100,1754A,123.1289,41.0228,鞍山市,千山,,,,36,,18,,,138,,,9,,5,,0.6
2025-05-12T2100,4201A,122.9446,41.0826,鞍山市,兴盛南路290号,颗粒物(PM10),56,62,68,28,33,160,,159,159,10,19,6,7,0.5,0.7
2025-05-12T2100,2195A,107.4212,40.761,巴彦淖尔市,附二中,颗粒物(PM10),129,207,103,75,34,86,,101,100,15,11,8,8,0.4,0.4
2025-05-12T2100,2196A,107.37,40.7372,巴彦淖尔市,市环保大楼,颗粒物(PM10),116,182,98,57,40,86,,108,106,22,16,4,5,0.3,0.4
2025-05-12T2100,1956A,86.1472,41.7538,巴音郭楞蒙古自治州,孔雀公园,颗粒物(PM10),54,58,84,8,19,90,,97,97,19,19,8,6,0.2,0.2
2025-05-12T2100,1957A,86.1972,41.7166,巴音郭楞蒙古自治州,棉纺厂,颗粒物(PM10),52,53,124,10,15,101,,100,100,6,14,2,3,0.2,0.2
2025-05-12T2100,1958A,86.2357,41.7173,巴音郭楞蒙古自治州,经济开发区,,31,14,104,10,13,97,,99,99,4,8,7,8,0.1,0.1
2025-05-12T2100,2914A,106.7677,31.8794,巴中市,苏山坪,颗粒物(PM10),56,62,52,36,28,145,,152,152,12,8,6,6,0.3,0.3
2025-05-12T2100,3181A,106.7768,31.8526,巴中市,市五中,细颗粒物(PM2.5),59,63,58,42,32,93,,141,135,17,17,7,7,0.5,0.5
2025-05-12T2100,3183A,106.7418,31.8654,巴中市,圣泉水务公司,细颗粒物(PM2.5),73,83,52,53,30,53,,150,133,59,24,8,8,0.6,0.4
2025-05-12T2100,3616A,106.7616,31.8344,巴中市,市中心医院,,,64,58,30,37,,,140,135,43,23,6,5,0.6,0.5
2025-05-12T2100,2235A,122.7911,45.6077,白城市,洮北区环保局,,46,38,76,32,54,87,,103,102,12,18,7,7,0.5,0.6
2025-05-12T2100,2236A,122.8738,45.5725,白城市,市环保局,,44,44,76,23,49,94,,111,110,13,14,3,3,0.6,0.6
2025-05-12T2100,2231A,126.4219,41.9171,白山市,喜丰,,40,30,56,16,20,127,,144,137,7,23,7,9,0.5,0.7
2025-05-12T2100,2232A,126.4077,41.9419,白山市,环保局,,40,40,40,18,19,93,,141,129,21,16,12,10,0.8,0.8
2025-05-12T2100,2647A,104.1724,36.5446,白银市,第三小学,颗粒物(PM10),54,58,59,19,22,86,,121,115,24,24,12,49,0.3,0.5
2025-05-12T2100,2648A,104.1465,36.5482,白银市,动力公司,,44,44,44,19,19,103,,120,118,20,17,12,18,0.3,0.5
2025-05-12T2100,2512A,106.6103,23.9011,百色市,市监测站,,45,45,39,26,18,132,,135,135,14,19,13,8,0.6,0.6
2025-05-12T2100,2513A,106.6538,23.8859,百色市,市中心血站,,48,48,52,22,27,132,,135,134,19,25,17,13,0.7,0.6
2025-05-12T2100,3406A,106.6085,23.8798,百色市,祈福高中,,47,47,46,20,15,127,,132,132,17,22,17,9,0.5,0.5
2025-05-12T2100,2270A,117.396,32.939,蚌埠市,工人疗养院,颗粒物(PM10),51,52,57,23,21,146,,176,174,11,13,5,5,0.4,0.4
2025-05-12T2100,2271A,117.3605,32.9427,蚌埠市,百货大楼,颗粒物(PM10),53,56,53,27,21,145,,170,168,12,14,6,6,0.2,0.2
2025-05-12T2100,2273A,117.4185,32.8911,蚌埠市,蚌埠学院,,48,48,53,22,24,137,,185,177,15,19,4,5,0.5,0.6
2025-05-12T2100,2274A,117.3533,32.9673,蚌埠市,淮上区政府,,48,48,51,27,26,150,,173,171,11,13,6,6,0.5,0.4
2025-05-12T2100,2275A,117.3145,32.8977,蚌埠市,高新区,颗粒物(PM10),52,53,54,31,25,134,,169,165,16,13,6,5,0.4,0.4
2025-05-12T2100,3715A,117.3092,32.9314,蚌埠市,蚌埠田家炳中学,颗粒物(PM10),51,52,59,26,24,138,,174,170,16,15,6,6,0.4,0.3
2025-05-12T2100,1585A,109.8756,40.6532,包头市,市环境监测站,颗粒物(PM10),53,56,77,27,29,102,,111,108,18,46,7,16,0.4,0.7
2025-05-12T2100,1587A,109.9991,40.5842,包头市,包头八中,颗粒物(PM10),58,66,93,18,37,100,,111,110,20,43,8,14,0.4,0.8
2025-05-12T2100,1588A,109.8538,40.6821,包头市,青山宾馆,颗粒物(PM10),51,52,88,11,40,105,,108,108,13,45,7,15,0.4,0.8
2025-05-12T2100,1589A,109.8642,40.6288,包头市,惠龙物流,颗粒物(PM10),53,56,73,14,24,104,,109,107,16,39,7,20,0.3,0.7
2025-05-12T2100,1590A,110.0377,40.5546,包头市,东河鸿龙湾,颗粒物(PM10),56,62,74,6,24,92,,108,106,23,32,8,11,0.6,0.7
2025-05-12T2100,3283A,109.9154,40.5685,包头市,滨河大厦,,43,43,60,10,19,98,,110,108,16,27,7,9,0.5,0.6
2025-05-12T2100,3419A,109.9447,40.6261,包头市,包头市委党校,颗粒物(PM10),63,75,83,9,23,93,,112,108,22,38,6,16,0.4,0.7
2025-05-12T2100,3683A,109.8331,40.6576,包头市,昆区政府,颗粒物(PM10),54,57,77,17,29,104,,109,107,16,49,6,16,0.4,1
2025-05-12T2100,1930A,107.185,34.3063,宝鸡市,庙沟村,,45,45,46,30,28,108,,152,143,18,13,7,8,0.7,0.6
2025-05-12T2100,1931A,107.0708,34.3017,宝鸡市,竹园沟,,48,47,53,33,31,93,,139,129,14,17,4,4,0.4,0.4
2025-05-12T2100,1932A,107.1906,34.3672,宝鸡市,三陆医院,颗粒物(PM10),51,52,69,29,28,99,,134,126,26,39,6,8,0.4,0.5
2025-05-12T2100,1933A,107.1431,34.3547,宝鸡市,监测站,颗粒物(PM10),55,59,59,30,26,98,,127,121,19,23,6,5,0.4,0.5
2025-05-12T2100,1934A,107.1186,34.3739,宝鸡市,技工学校,,46,36,60,32,33,115,,130,127,10,18,8,8,0.6,0.6
2025-05-12T2100,1935A,107.3906,34.3528,宝鸡市,陈仓区环保局家属楼,颗粒物(PM10),58,65,69,29,31,81,,154,144,30,30,8,12,0.5,0.5
2025-05-12T2100,1936A,107.2058,34.3497,宝鸡市,文理学院,颗粒物(PM10),56,61,60,35,30,109,,137,132,15,24,7,8,0.4,0.5
2025-05-12T2100,1937A,107.2386,34.3622,宝鸡市,三迪小学,,48,43,66,33,35,109,,137,132,11,28,6,13,0.4,0.4
2025-05-12T2100,1051A,115.493,38.8632,保定市,游泳馆,颗粒物(PM10),71,92,95,27,42,135,,192,189,16,30,4,4,0.0,0.2
2025-05-12T2100,1052A,115.5213,38.8959,保定市,华电二区,颗粒物(PM10),61,71,64,37,38,148,,203,201,13,26,6,5,0.4,0.5
2025-05-12T2100,1053A,115.4713,38.9108,保定市,接待中心,颗粒物(PM10),59,68,68,27,36,154,,211,207,13,29,6,7,0.2,0.3
2025-05-12T2100,1054A,115.4612,38.8416,保定市,地表水厂,颗粒物(PM10),76,101,87,26,30,133,,199,195,29,33,7,7,0.5,0.5
2025-05-12T2100,3581A,115.31981,38.95208,保定市,满城区生态环境分局,颗粒物(PM10),69,88,79,27,37,151,,216,209,13,27,9,8,0.4,0.5
2025-05-12T2100,3582A,115.47694,38.76408,保定市,清苑区第二中学,颗粒物(PM10),74,98,97,36,40,128,,191,186,16,26,8,9,0.3,0.5
2025-05-12T2100,3583A,115.62909,39.02311,保定市,徐水物探局,颗粒物(PM10),74,97,94,22,39,134,,195,194,19,30,5,3,0.6,0.6
2025-05-12T2100,4004A,115.4202,38.8656,保定市,双鹰农机,颗粒物(PM10),63,75,70,39,30,139,,189,183,14,27,3,4,0.3,0.4
2025-05-12T2100,4034A,115.5150,38.8590,保定市,植保所站,颗粒物(PM10),59,68,75,22,38,136,,190,187,14,29,2,2,0.6,0.7
2025-05-12T2100,2594A,99.1678,25.1081,保山市,市环境监测站,,48,43,44,33,32,57,,108,94,7,10,4,4,0.7,0.6
2025-05-12T2100,2595A,99.1711,25.1328,保山市,市环保局,,,39,44,18,28,,,116,104,,7,6,6,0.3,0.4
2025-05-12T2100,1866A,109.2262,21.588,北海市,牛尾岭水库,,,56,34,,17,106,,141,138,,15,13,8,0.5,0.5
2025-05-12T2100,1867A,109.1436,21.4086,北海市,海滩公园,臭氧1小时,72,38,40,15,17,177,,169,169,9,11,7,9,0.6,0.6
2025-05-12T2100,1868A,109.0981,21.4661,北海市,新市环保局,,,,43,24,25,,,152,152,18,13,6,12,0.5,0.6
2025-05-12T2100,1869A,109.1778,21.5233,北海市,北海工业园,,48,,43,29,27,151,,149,149,13,16,9,11,0.4,0.3
2025-05-12T2100,3400A,109.1911,21.4415,北海市,龙潭自来水厂,,47,35,40,16,26,148,,154,154,20,14,9,10,0.3,0.4
2025-05-12T2100,1001A,116.3621,39.8784,北京市,万寿西宫,臭氧1小时,87,94,82,42,47,189,,224,224,31,44,4,5,0.8,0.7
2025-05-12T2100,1002A,116.2202,40.2915,北京市,定陵,,,,,,,,,,,,,,,,
2025-05-12T2100,1003A,116.4174,39.9289,北京市,东四,臭氧1小时,88,103,99,52,54,190,,226,226,33,47,6,6,0.7,0.7
2025-05-12T2100,1004A,116.4072,39.8863,北京市,天坛,颗粒物(PM10),59,67,76,36,43,128,,205,201,27,39,4,5,0.8,0.7
2025-05-12T2100,1005A,116.462,39.9365,北京市,农展馆,臭氧1小时,72,89,67,46,49,177,,213,213,23,45,5,5,1.0,0.9
2025-05-12T2100,1006A,116.3392,39.9295,北京市,官园,臭氧1小时,95,90,86,50,47,196,,214,214,27,45,7,7,0.8,0.7
2025-05-12T2100,1007A,116.2878,39.9611,北京市,海淀万柳,颗粒物(PM10),75,99,82,52,43,154,,195,195,28,42,6,7,0.5,0.5
2025-05-12T2100,1008A,116.6636,40.135,北京市,顺义新城,细颗粒物(PM2.5),95,135,82,71,42,169,,202,201,36,27,7,7,0.9,0.7
2025-05-12T2100,1009A,116.6275,40.3275,北京市,怀柔镇,,,129,72,69,41,,,190,190,29,18,6,5,0.8,0.6
2025-05-12T2100,1010A,116.2296,40.217,北京市,昌平镇,细颗粒物(PM2.5),92,120,71,68,38,183,,210,210,30,22,4,4,0.5,0.3
2025-05-12T2100,1011A,116.3966,39.9821,北京市,奥体中心,臭氧1小时,72,85,83,39,42,177,,201,201,25,51,4,5,0.6,0.7
2025-05-12T2100,3281A,115.9718,40.4529,北京市,延庆夏都,臭氧1小时,109,116,56,69,32,218,,210,210,23,18,6,4,0.9,0.6
2025-05-12T2100,3418A,116.8336,40.4095,北京市,密云新城,臭氧1小时,89,119,71,59,38,191,,203,203,23,17,6,6,0.8,0.6
2025-05-12T2100,3671A,116.088,39.9726,北京市,门头沟三家店,,,,,,,,,,,,,,,,
2025-05-12T2100,3672A,116.1541,39.8204,北京市,丰台云岗,细颗粒物(PM2.5),83,105,84,61,43,156,,220,216,34,35,6,6,0.5,0.4
2025-05-12T2100,3673A,116.6804,39.9081,北京市,通州东关,细颗粒物(PM2.5),92,129,116,68,63,179,,226,226,30,45,6,13,0.8,0.7
2025-05-12T2100,3674A,115.9577,39.7603,北京市,房山燕山,细颗粒物(PM2.5),98,117,71,73,42,164,,216,213,41,26,3,2,0.6,0.5
2025-05-12T2100,3675A,116.4672,39.7733,北京市,大兴旧宫,颗粒物(PM10),61,72,85,35,45,131,,203,200,20,41,2,2,0.7,0.6
2025-05-12T2100,3694A,115.986,40.4563,北京市,延庆石河营,臭氧1小时,102,121,60,71,35,203,,196,196,24,19,3,3,0.7,0.6
2025-05-12T2100,3695A,116.6151,40.3053,北京市,怀柔新城,细颗粒物(PM2.5),82,105,66,60,40,178,,203,203,19,15,3,3,1.0,0.7
2025-05-12T2100,3696A,116.2545,39.8768,北京市,丰台小屯,细颗粒物(PM2.5),88,99,88,65,66,151,,197,195,52,53,3,4,0.4,0.4
2025-05-12T2100,3697A,116.84,40.3844,北京市,密云镇,臭氧1小时,106,109,68,60,40,212,,210,210,20,27,9,8,0.8,0.7
2025-05-12T2100,4182A,116.1942,39.9158,北京市,八角北路9号,颗粒物(PM10),85,120,98,55,43,166,,209,208,42,56,4,5,0.4,0.4
2025-05-12T2100,4194A,117.0790,40.1518,北京市,洳河巡河路,细颗粒物(PM2.5),109,102,67,82,52,202,,224,224,25,20,7,6,0.8,0.6
2025-05-12T2100,1761A,123.8275,41.3064,本溪市,大峪,臭氧1小时,70,53,56,24,27,176,,172,172,5,12,8,7,0.6,0.6
2025-05-12T2100,1762A,123.7567,41.3325,本溪市,溪湖,臭氧1小时,60,62,62,31,34,168,,162,162,10,16,7,10,0.9,1.1
2025-05-12T2100,1763A,123.7169,41.3094,本溪市,彩屯,,,91,79,43,40,,,151,151,29,29,24,21,2.3,2.3
2025-05-12T2100,1764A,123.7669,41.2864,本溪市,东明,臭氧1小时,75,51,59,22,22,180,,170,170,6,11,9,8,0.6,0.5
2025-05-12T2100,1765A,123.7992,41.2664,本溪市,新立屯,臭氧1小时,68,60,53,29,30,174,,168,168,8,10,8,7,0.5,0.5
2025-05-12T2100,1766A,123.8142,41.3472,本溪市,威宁,颗粒物(PM10),62,73,67,27,31,160,,161,161,7,12,6,6,0.6,0.7
2025-05-12T2100,2587A,105.2864,27.3125,毕节市,八中,颗粒物(PM10),53,55,39,35,23,114,,128,127,14,12,7,7,0.6,0.5
2025-05-12T2100,2588A,105.31,27.2944,毕节市,师专,,50,50,45,22,25,113,,128,128,21,19,6,6,0.4,0.5
2025-05-12T2100,4263A,105.3688,27.3598,毕节市,工业大道,,42,42,44,22,24,125,,132,131,14,20,10,9,0.6,0.5
2025-05-12T2100,1629A,118.0018,37.3617,滨州市,第二水厂,颗粒物(PM10),58,66,58,19,22,106,,173,161,28,23,10,11,0.3,0.3
2025-05-12T2100,1630A,117.9776,37.393,滨州市,北中新校,颗粒物(PM10),52,53,47,22,22,131,,170,165,15,20,10,8,0.6,0.7
2025-05-12T2100,3514A,117.9378,37.3956,滨州市,中海酒店,颗粒物(PM10),56,61,55,27,28,148,,180,175,13,18,8,12,0.6,0.7
2025-05-12T2100,3515A,117.9378,37.3553,滨州市,开发区一中,颗粒物(PM10),57,63,57,17,21,137,,175,169,15,23,9,9,0.4,0.5
2025-05-12T2100,3516A,118.0917,37.694,滨州市,金海六路,颗粒物(PM10),59,68,63,22,22,118,,174,165,38,30,12,11,0.5,0.5
2025-05-12T2100,4028A,117.9956,37.3753,滨州市,滨州市西街道办事处,颗粒物(PM10),58,66,56,31,28,136,,195,186,18,19,10,8,0.4,0.4
2025-05-12T2100,2311A,115.8072,33.8399,亳州市,污水处理厂,臭氧1小时,52,51,54,24,19,161,,160,160,11,11,3,4,0.3,0.3
2025-05-12T2100,2312A,115.7789,33.8518,亳州市,三国揽胜宫,臭氧1小时,63,51,52,22,17,170,,167,167,8,9,5,5,0.5,0.4
2025-05-12T2100,3332A,115.7633,33.8034,亳州市,亳州学院,颗粒物(PM10),51,52,46,20,18,151,,152,152,8,11,4,5,0.5,0.3
2025-05-12T2100,2693A,82.0485,44.8556,博尔塔拉蒙古自治州,市党校,,35,21,21,10,10,109,,118,118,10,10,7,6,0.4,0.4
2025-05-12T2100,2694A,82.0806,44.8969,博尔塔拉蒙古自治州,市环保局,颗粒物(PM10),63,76,28,17,16,103,,113,113,8,9,1,2,0.2,0.3
2025-05-12T2100,1071A,116.8842,38.2991,沧州市,沧县城建局,颗粒物(PM10),63,75,57,26,23,139,,166,163,14,19,6,8,0.4,0.4
2025-05-12T2100,1072A,116.8584,38.3254,沧州市,电视转播站,颗粒物(PM10),70,89,68,31,31,142,,158,157,13,20,1,5,0.3,0.4
2025-05-12T2100,1073A,116.8709,38.3228,沧州市,市环保局,颗粒物(PM10),136,221,76,41,36,140,,164,162,15,20,3,13,0.4,0.4
2025-05-12T2100,3324A,116.8136,38.3004,沧州市,河北水利电力学院,颗粒物(PM10),75,100,69,30,27,157,,180,179,16,23,7,9,0.3,0.4
2025-05-12T2100,2622A,97.1806,31.1273,昌都市,昌都监测站,,35,,23,12,13,112,,137,131,6,9,3,3,0.5,0.5
2025-05-12T2100,3719A,97.1714,31.1406,昌都市,昌都会议中心,,39,17,34,13,22,124,,136,133,3,7,3,3,0.9,0.5
2025-05-12T2100,2690A,88.1236,43.8886,昌吉回族自治州,天山天池,,13,8,8,6,4,41,,82,75,5,5,6,6,0.6,0.6
2025-05-12T2100,2692A,87.2717,44.0297,昌吉回族自治州,新区政务中心,,38,15,17,9,15,120,,118,118,6,3,10,9,0.3,0.3
2025-05-12T2100,3613A,87.3095,44.0142,昌吉回族自治州,亚心广场,,34,22,20,9,12,108,,108,108,13,7,8,8,0.3,0.2
2025-05-12T2100,1119A,125.3325,43.9166,长春市,食品厂,颗粒物(PM10),67,83,65,40,36,128,,156,151,28,22,8,8,0.6,0.5
2025-05-12T2100,1120A,125.2863,43.9027,长春市,客车厂,颗粒物(PM10),62,74,65,39,36,128,,164,158,33,22,9,8,0.5,0.5
2025-05-12T2100,1121A,125.2841,43.8463,长春市,邮电学院,颗粒物(PM10),63,75,62,34,33,136,,172,166,23,17,9,8,0.6,0.5
2025-05-12T2100,1122A,125.3716,43.8772,长春市,劳动公园,颗粒物(PM10),61,71,65,31,37,144,,170,165,17,17,9,9,0.6,0.6
2025-05-12T2100,1123A,125.3297,43.8805,长春市,园林处,颗粒物(PM10),63,75,61,24,33,140,,172,168,19,15,10,9,0.7,0.6
2025-05-12T2100,1124A,125.4605,43.79,长春市,净月潭,颗粒物(PM10),57,63,54,32,30,125,,147,142,13,16,8,8,0.6,0.5
2025-05-12T2100,1125A,125.7194,43.515,长春市,甩湾子,,,,,,,,,,,,,,,,
2025-05-12T2100,1126A,125.3863,43.8447,长春市,经开区环卫处,颗粒物(PM10),76,101,77,22,27,116,,157,150,31,22,8,8,0.5,0.4
2025-05-12T2100,1127A,125.245,43.7783,长春市,高新区管委会,颗粒物(PM10),57,63,55,25,33,120,,168,157,22,15,7,8,0.5,0.4
2025-05-12T2100,1128A,125.1761,43.8325,长春市,岱山公园,颗粒物(PM10),60,69,63,30,41,122,,162,150,35,28,8,8,0.6,0.5
2025-05-12T2100,1335A,113.0833,28.2325,长沙市,经开区环保局,细颗粒物(PM2.5),54,49,57,38,29,114,,159,150,31,32,8,8,0.6,0.5
2025-05-12T2100,1336A,112.8872,28.2189,长沙市,高开区环保局,,47,47,56,28,32,141,,163,161,15,22,11,11,0.7,0.6
2025-05-12T2100,1337A,113.0792,28.2053,长沙市,马坡岭,细颗粒物(PM2.5),64,60,55,46,30,99,,162,150,34,30,8,6,0.7,0.7
2025-05-12T2100,1338A,112.9394,28.19,长沙市,湖南师范大学,,49,49,54,28,30,95,,162,148,27,21,4,6,0.4,0.4
2025-05-12T2100,1339A,113.0178,28.1322,长沙市,雨花区环保局,,,44,54,30,29,,,156,156,22,33,8,8,0.7,1
2025-05-12T2100,1340A,112.9792,28.2597,长沙市,伍家岭,颗粒物(PM10),53,56,67,34,32,96,,157,146,36,35,6,6,0.6,0.5
2025-05-12T2100,1341A,113.0014,28.1944,长沙市,火车新站,颗粒物(PM10),54,57,65,36,36,104,,150,142,31,45,9,10,0.6,0.6
2025-05-12T2100,1342A,112.9844,28.1178,长沙市,天心区环保局,细颗粒物(PM2.5),52,49,54,36,32,119,,157,150,27,28,7,8,0.6,0.6
2025-05-12T2100,1343A,112.8908,28.1308,长沙市,湖南中医药大学,细颗粒物(PM2.5),59,61,63,42,34,91,,154,143,46,37,8,7,0.6,0.6
2025-05-12T2100,1344A,112.9581,28.3611,长沙市,沙坪,细颗粒物(PM2.5),52,38,34,36,29,85,,165,151,17,15,5,7,0.7,0.7
2025-05-12T2100,1727A,113.1147,36.1547,长治市,清华站,颗粒物(PM10),55,59,56,31,19,149,,150,148,16,24,10,8,0.8,0.7
2025-05-12T2100,1730A,113.0886,36.2125,长治市,审计局,,50,50,42,27,15,134,,149,147,24,26,10,9,0.6,0.5
2025-05-12T2100,1731A,113.0844,36.1856,长治市,长治八中,细颗粒物(PM2.5),75,72,59,55,26,144,,144,141,20,25,12,11,0.7,0.7
2025-05-12T2100,2845A,113.1569,36.1911,长治市,德盛苑,颗粒物(PM10),53,56,42,19,16,143,,148,147,14,13,8,7,0.6,0.5
2025-05-12T2100,3568A,113.06,36.0464,长治市,向阳小学,颗粒物(PM10),60,69,59,26,20,147,,157,156,22,19,13,10,0.3,0.4
2025-05-12T2100,3569A,112.8792,36.3144,长治市,屯留一中,颗粒物(PM10),51,52,39,23,15,102,,146,138,41,29,10,10,0.7,0.5
2025-05-12T2100,4189A,113.1131,36.19948,长治市,英华南巷50号,颗粒物(PM10),55,60,49,29,22,149,,158,155,18,20,9,7,0.7,0.6
2025-05-12T2100,4190A,113.2367,36.3344,长治市,学府街1号,颗粒物(PM10),52,53,58,20,20,120,,159,153,26,44,5,9,0.5,0.8
2025-05-12T2100,1854A,111.6975,28.9703,常德市,市二中,细颗粒物(PM2.5),67,68,46,48,26,129,,126,126,15,11,17,8,0.6,0.5
2025-05-12T2100,1857A,111.7158,29.1456,常德市,白鹤山,,,,,,,,,,,,,,,,
2025-05-12T2100,3138A,111.7153,29.0289,常德市,武陵区永安,细颗粒物(PM2.5),93,118,60,69,33,124,,126,126,17,12,15,9,0.7,0.4
2025-05-12T2100,3139A,111.6892,28.9881,常德市,鼎城区玉霞,颗粒物(PM10),66,81,52,43,30,130,,124,122,17,16,14,7,0.6,0.5
2025-05-12T2100,3140A,111.6625,29.0531,常德市,武陵区长庚,细颗粒物(PM2.5),82,94,53,60,30,135,,135,135,16,12,8,8,0.9,0.6
2025-05-12T2100,1196A,119.9633,31.762,常州市,市监测站,颗粒物(PM10),56,61,49,28,27,126,,183,175,44,26,12,14,0.7,0.8
2025-05-12T2100,1200A,119.9468,31.7069,常州市,武进监测站,,49,43,47,22,24,154,,175,173,28,29,16,16,0.5,0.6
2025-05-12T2100,1201A,119.9255,31.9087,常州市,安家,颗粒物(PM10),52,53,61,22,32,139,,174,167,35,47,12,17,0.7,0.6
2025-05-12T2100,3002A,119.9805,31.8174,常州市,行政中心,,49,38,40,21,25,156,,178,176,26,19,14,16,0.5,0.5
2025-05-12T2100,3003A,120.0522,31.7748,常州市,经开区,颗粒物(PM10),52,53,58,24,27,157,,188,182,30,28,9,9,0.5,0.6
2025-05-12T2100,3010A,119.9025,31.7964,常州市,钟楼,臭氧1小时,62,46,51,18,25,169,,184,183,21,22,7,13,0.5,0.6
2025-05-12T2100,3429A,119.8598,31.7066,常州市,武进经发区,颗粒物(PM10),51,51,51,30,29,134,,173,166,38,20,18,16,0.7,0.7
2025-05-12T2100,3430A,119.5826,31.7245,常州市,金坛城区,,47,47,50,23,28,149,,172,170,22,21,11,13,0.7,0.7
2025-05-12T2100,2220A,120.4318,41.5881,朝阳市,西梁,臭氧1小时,75,64,78,44,44,180,,171,171,16,30,8,9,0.7,0.8
2025-05-12T2100,2221A,120.4521,41.5646,朝阳市,河畔小区,臭氧1小时,94,56,72,36,42,195,,182,182,10,19,11,11,0.5,0.6
2025-05-12T2100,2222A,120.4176,41.5648,朝阳市,八里堡,臭氧1小时,72,76,87,32,44,177,,166,166,19,24,9,12,0.5,0.6
2025-05-12T2100,2223A,120.3806,41.5969,朝阳市,农业园区,臭氧1小时,80,101,81,47,51,184,,172,172,14,22,12,12,0.6,1
2025-05-12T2100,1705A,116.6367,23.6719,潮州市,西园路,颗粒物(PM10),51,51,31,23,15,138,,147,147,13,9,8,4,0.3,0.2
2025-05-12T2100,3026A,116.6183,23.6608,潮州市,市政府,,41,41,36,27,17,129,,143,143,12,9,7,5,0.6,0.5
2025-05-12T2100,4036A,116.6461,23.6761,潮州市,金山,,45,30,31,24,16,142,,153,153,13,10,9,7,0.5,0.5
2025-05-12T2100,2472A,113.0073,25.9061,郴州市,马头岭,颗粒物(PM10),56,62,39,24,14,84,,136,126,16,16,8,9,0.4,0.3
2025-05-12T2100,2473A,113.0116,25.8226,郴州市,市职中,,50,50,40,35,28,63,,144,124,27,20,4,5,0.6,0.5
2025-05-12T2100,2475A,113.0383,25.8071,郴州市,市审计局,,38,38,35,21,25,78,,145,132,27,19,6,7,0.5,0.5
2025-05-12T2100,2476A,113.0348,25.7759,郴州市,市环保局,,45,45,46,28,26,83,,136,126,27,27,5,4,0.4,0.4
2025-05-12T2100,4252A,113.0138,25.8011,郴州市,好美居路49号,,42,42,40,23,30,56,,143,126,39,21,3,5,0.5,0.4
2025-05-12T2100,1431A,103.9728,30.7236,成都市,金泉两河,细颗粒物(PM2.5),58,62,76,41,38,121,,170,167,21,32,4,6,0.8,1
2025-05-12T2100,1432A,104.176,30.6872,成都市,十里店,细颗粒物(PM2.5),57,61,69,40,38,151,,198,193,16,25,6,7,0.6,0.6
2025-05-12T2100,1433A,104.079,30.5706,成都市,三瓦窑,颗粒物(PM10),66,81,80,34,49,156,,204,199,21,49,4,6,0.7,0.8
2025-05-12T2100,1434A,104.1114,30.63,成都市,沙河铺,细颗粒物(PM2.5),58,61,62,41,37,126,,178,172,25,28,8,8,0.6,0.7
2025-05-12T2100,1437A,104.0786,30.6531,成都市,君平街,,,71,83,52,54,,,189,187,21,38,8,10,0.6,0.8
2025-05-12T2100,1438A,103.613,31.0283,成都市,灵岩寺,,,,,,,,,,,,,,,,
2025-05-12T2100,2880A,104.0239,30.65639,成都市,大石西路,细颗粒物(PM2.5),65,73,80,47,51,137,,197,187,26,41,6,7,0.5,0.8
2025-05-12T2100,3136A,104.2725,30.5589,成都市,龙泉驿区区政府,颗粒物(PM10),54,58,49,34,25,147,,169,166,21,23,6,5,0.5,0.5
2025-05-12T2100,3357A,104.0106,30.6931,成都市,金博路,颗粒物(PM10),53,55,72,34,41,108,,171,163,28,40,8,10,0.5,0.7
2025-05-12T2100,3359A,104.0578,30.5225,成都市,华阳,细颗粒物(PM2.5),58,56,78,41,60,112,,175,165,26,34,7,8,0.7,0.8
2025-05-12T2100,3488A,104.3853,30.7453,成都市,青白江技师分院,颗粒物(PM10),64,77,60,37,35,108,,190,179,48,28,6,6,0.4,0.4
2025-05-12T2100,3489A,104.0789,30.4072,成都市,科学城,臭氧1小时,52,52,79,29,58,161,,182,182,13,23,6,7,0.5,0.6
2025-05-12T2100,4011A,103.8506,30.6947,成都市,光华大道三段,臭氧1小时,75,74,78,48,43,180,,247,244,21,27,6,5,0.7,0.8
2025-05-12T2100,4224A,104.2433,30.5353,成都市,鲸龙路1057号,颗粒物(PM10),60,69,60,34,35,137,,170,164,28,26,7,7,0.6,0.6
2025-05-12T2100,1062A,117.9531,40.9081,承德市,铁路,臭氧1小时,80,88,45,34,19,184,,185,185,33,21,10,4,0.7,0.4
2025-05-12T2100,1063A,117.9392,40.9763,承德市,中国银行,臭氧1小时,104,82,43,49,18,207,,192,192,12,15,9,4,0.8,0.4
2025-05-12T2100,1064A,117.9503,40.928,承德市,开发区,臭氧1小时,105,80,46,39,21,210,,193,193,19,22,12,6,0.8,0.5
2025-05-12T2100,1065A,117.8051,40.9655,承德市,文化中心,颗粒物(PM10),75,100,55,47,23,167,,191,191,26,23,9,5,0.9,0.4
2025-05-12T2100,1066A,117.9268,41.0026,承德市,离宫,细颗粒物(PM2.5),89,73,49,66,31,168,,185,185,13,16,6,4,0.6,0.4
2025-05-12T2100,2314A,117.47,30.6618,池州市,池州学院,颗粒物(PM10),52,54,42,35,27,116,,148,142,17,10,13,7,0.5,0.5
2025-05-12T2100,3237A,117.4918,30.6617,池州市,展览馆,颗粒物(PM10),51,51,42,30,25,120,,153,146,14,10,10,7,0.5,0.5
2025-05-12T2100,3333A,117.5627,30.695,池州市,第八中学,,48,48,42,32,25,119,,152,146,20,10,9,7,0.4,0.4
2025-05-12T2100,3334A,117.5038,30.6243,池州市,第十二中学,颗粒物(PM10),52,53,42,34,25,56,,151,132,49,14,4,5,0.5,0.6
2025-05-12T2100,1744A,118.9233,42.2816,赤峰市,松山一中,颗粒物(PM10),65,80,41,8,11,142,,147,146,18,30,11,10,0.7,0.6
2025-05-12T2100,1745A,118.9576,42.2728,赤峰市,哈达街,颗粒物(PM10),51,52,44,31,14,148,,149,149,20,28,11,10,0.8,0.6
2025-05-12T2100,1746A,118.8788,42.2554,赤峰市,天义路,臭氧1小时,54,36,26,26,19,163,,160,160,13,16,10,9,0.6,0.4
2025-05-12T2100,3058A,119.2658,42.0353,赤峰市,银河街,颗粒物(PM10),70,90,72,34,24,139,,151,150,15,16,22,21,1.0,0.7
2025-05-12T2100,3286A,118.9359,42.3147,赤峰市,桥北物流园区,,46,46,38,10,24,134,,136,,24,35,12,9,0.5,0.4
2025-05-12T2100,2521A,107.3476,22.4136,崇左市,市环保局江州分局,颗粒物(PM10),54,57,35,22,17,71,,153,142,55,13,7,6,0.5,0.3
2025-05-12T2100,4256A,107.3750,22.3736,崇左市,石景林东路7号,,45,24,33,18,15,141,,157,157,11,15,6,5,0.4,0.4
2025-05-12T2100,2298A,118.3093,32.3153,滁州市,老年大学,,46,44,49,32,31,127,,176,169,18,10,2,3,0.3,0.3
2025-05-12T2100,2299A,118.3244,32.2786,滁州市,人大宾馆,颗粒物(PM10),52,54,55,27,34,119,,163,157,23,17,11,10,0.3,0.3
2025-05-12T2100,3207A,118.3118,32.3038,滁州市,市政府原办公楼,,45,43,41,31,30,127,,173,164,18,10,7,6,0.2,0.2
2025-05-12T2100,3331A,118.3267,32.2634,滁州市,图书馆,,49,49,54,31,36,120,,157,149,15,14,10,10,0.3,0.3
2025-05-12T2100,2605A,101.5482,25.0441,楚雄彝族自治州,州环境监测站,,33,26,33,16,25,105,,111,111,8,22,7,7,0.4,0.5
2025-05-12T2100,2606A,101.538,25.0492,楚雄彝族自治州,市经济开发区,颗粒物(PM10),52,54,28,18,20,97,,104,104,11,19,6,7,0.6,0.6
2025-05-12T2100,2548A,107.5277,31.2827,达州市,达州职业技术学院,细颗粒物(PM2.5),93,114,71,69,37,33,,133,113,65,26,8,7,1.0,0.7
2025-05-12T2100,2549A,107.5086,31.2186,达州市,市环境监测站,颗粒物(PM10),60,69,67,36,32,55,,132,116,62,32,6,6,0.4,0.3
2025-05-12T2100,2550A,107.4988,31.2132,达州市,凤凰小区,颗粒物(PM10),60,70,67,41,33,56,,134,119,58,30,8,8,0.6,0.5
2025-05-12T2100,2551A,107.5082,31.1986,达州市,达县机关宾馆,颗粒物(PM10),58,66,68,36,26,2,,130,101,102,38,7,6,0.5,0.4
2025-05-12T2100,2552A,107.4644,31.2124,达州市,市政中心,颗粒物(PM10),59,67,74,31,32,36,,130,115,75,32,3,3,0.6,0.5
2025-05-12T2100,2614A,100.1542,25.7054,大理白族自治州,大理市环境监测站,,,22,26,15,21,116,,116,116,8,17,6,7,,0.3
2025-05-12T2100,2615A,100.2171,25.5811,大理白族自治州,大理古城,,25,24,26,16,19,79,,114,110,20,12,8,8,0.7,0.6
2025-05-12T2100,1109A,121.612,38.9741,大连市,甘井子,颗粒物(PM10),63,76,62,35,35,130,,141,140,30,27,12,10,0.6,0.4
2025-05-12T2100,1110A,121.565,38.9511,大连市,周水子,颗粒物(PM10),73,96,70,42,38,140,,139,139,23,24,8,7,0.6,0.4
2025-05-12T2100,1111A,121.5637,38.8845,大连市,星海三站,细颗粒物(PM2.5),64,72,54,46,37,138,,158,156,13,13,3,4,0.5,0.4
2025-05-12T2100,1112A,121.6302,38.9117,大连市,青泥洼桥,颗粒物(PM10),65,79,56,42,36,159,,159,159,11,14,7,7,0.6,0.5
2025-05-12T2100,1113A,121.6251,38.8638,大连市,傅家庄,颗粒物(PM10),60,70,55,37,36,163,,173,173,18,19,7,6,0.3,0.3
2025-05-12T2100,1114A,121.5213,38.8661,大连市,七贤岭,颗粒物(PM10),66,81,62,39,39,150,,155,155,17,19,6,6,0.6,0.6
2025-05-12T2100,1115A,121.2529,38.8061,大连市,旅顺,颗粒物(PM10),63,76,54,33,39,148,,149,149,18,21,4,4,0.3,0.4
2025-05-12T2100,1116A,121.7485,39.1311,大连市,金州,颗粒物(PM10),70,89,72,38,36,157,,163,161,13,21,5,8,0.4,0.4
2025-05-12T2100,1117A,121.7811,39.0496,大连市,开发区,颗粒物(PM10),61,72,57,43,38,145,,146,146,23,31,4,5,0.6,0.5
2025-05-12T2100,1118A,121.9762,39.0631,大连市,双D港,臭氧1小时,65,52,46,27,30,172,,159,159,6,12,7,8,0.4,0.4
2025-05-12T2100,1789A,124.81117,46.03138,大庆市,大同区,细颗粒物(PM2.5),70,79,78,51,48,90,,114,108,21,13,7,7,1.0,0.8
2025-05-12T2100,1790A,125.129,46.533,大庆市,龙凤区,细颗粒物(PM2.5),72,82,67,52,38,84,,122,118,22,15,6,11,0.8,0.6
2025-05-12T2100,1791A,124.902,46.408,大庆市,红岗区,,,86,58,56,33,,,126,125,16,13,8,8,0.8,0.5
2025-05-12T2100,1792A,125.153,46.586,大庆市,萨尔图区,细颗粒物(PM2.5),80,95,78,59,43,90,,114,112,23,18,8,10,0.8,0.5
2025-05-12T2100,1793A,124.9042,46.6215,大庆市,让胡路区,细颗粒物(PM2.5),90,85,63,67,46,92,,115,113,17,17,8,8,0.6,0.5
2025-05-12T2100,3481A,125.141,46.634,大庆市,萨区政府监测点,"颗粒物(PM10),细颗粒物(PM2.5)",70,90,70,51,35,107,,128,126,19,15,8,8,0.8,0.6
2025-05-12T2100,1721A,113.3819,40.1097,大同市,果树场,,,,,,,,,,,,,,,,
2025-05-12T2100,1723A,113.2994,40.0758,大同市,云冈宾馆,颗粒物(PM10),74,98,62,23,17,92,,130,121,29,31,8,11,0.4,0.4
2025-05-12T2100,1724A,113.3444,40.0917,大同市,大同大学,颗粒物(PM10),65,79,59,26,20,106,,130,127,20,33,7,6,0.3,0.6
2025-05-12T2100,1725A,113.2661,40.1269,大同市,安家小村,颗粒物(PM10),71,91,73,36,37,105,,129,126,26,29,8,9,0.3,1.1
2025-05-12T2100,1726A,113.2711,40.0844,大同市,教育学院,颗粒物(PM10),72,94,70,36,21,100,,126,121,18,32,8,9,0.2,0.8
2025-05-12T2100,3282A,113.3397,40.0597,大同市,大同市卫生学校,颗粒物(PM10),78,105,70,35,26,96,,122,118,18,34,7,10,0.4,0.6
2025-05-12T2100,3565A,113.1367,40.1122,大同市,云冈站,颗粒物(PM10),65,80,55,24,17,94,,129,123,11,16,6,8,0.3,0.4
2025-05-12T2100,3566A,113.1186,40.2556,大同市,图书馆,颗粒物(PM10),63,76,45,35,15,90,,125,118,9,10,6,7,0.4,0.4
2025-05-12T2100,3567A,113.5931,40.0461,大同市,区一中,颗粒物(PM10),64,78,59,16,16,91,,136,126,30,22,18,16,0.4,0.5
2025-05-12T2100,4199A,113.2798,40.0997,大同市,魏都大道141号,颗粒物(PM10),70,90,78,24,19,113,,143,138,16,32,7,8,0.4,1
2025-05-12T2100,2269A,124.1069,50.4097,大兴安岭地区,科技局,颗粒物(PM10),88,126,94,52,50,107,,119,119,14,10,6,6,0.6,0.5
2025-05-12T2100,3663A,124.1164,50.4278,大兴安岭地区,红旗社区,细颗粒物(PM2.5),79,83,70,58,45,60,,123,117,33,14,3,3,0.7,0.6
2025-05-12T2100,1600A,124.3303,40.0625,丹东市,江湾东路,颗粒物(PM10),54,57,57,30,39,153,,157,156,11,14,16,8,0.6,0.7
2025-05-12T2100,1601A,124.4256,40.1503,丹东市,临江后街,颗粒物(PM10),54,58,64,28,30,152,,153,153,8,12,7,7,0.7,0.8
2025-05-12T2100,1602A,124.3933,40.1461,丹东市,元宝山,,45,44,56,26,34,144,,148,148,15,15,8,8,0.5,0.6
2025-05-12T2100,1603A,124.3633,40.1092,丹东市,民主桥,颗粒物(PM10),58,65,67,27,31,156,,156,156,10,18,9,6,0.7,0.8
2025-05-12T2100,3541A,109.5726,19.5167,儋州市,第一中学子站,,40,40,39,16,21,88,,108,103,4,5,4,5,0.8,0.9
2025-05-12T2100,3542A,109.5567,19.5187,儋州市,东坡学校子站,,45,45,39,14,19,96,,119,113,5,6,6,7,0.6,0.6
2025-05-12T2100,2616A,98.5842,24.428,德宏傣族景颇族自治州,德宏州监测站,,37,37,53,25,39,70,,90,85,18,13,8,8,0.8,0.8
2025-05-12T2100,3677A,98.5881,24.4368,德宏傣族景颇族自治州,芒市人民政府综合楼,颗粒物(PM10),64,77,71,25,40,83,,107,103,19,13,7,6,0.6,0.6
2025-05-12T2100,1901A,104.4239,31.1208,德阳市,东山公园,颗粒物(PM10),61,71,74,36,47,163,,183,180,13,18,6,6,0.6,0.8
2025-05-12T2100,1902A,104.3826,31.1317,德阳市,西小区,细颗粒物(PM2.5),73,72,86,53,57,144,,180,176,29,37,6,6,1.1,1.1
2025-05-12T2100,1904A,104.3553,31.1091,德阳市,耐火材料厂,细颗粒物(PM2.5),89,88,89,66,56,158,,187,182,17,32,8,8,0.6,0.6
2025-05-12T2100,3639A,104.4019,31.1244,德阳市,市教育局,,,68,71,65,52,155,,188,184,28,34,,7,0.6,0.6
2025-05-12T2100,1622A,116.3032,37.4674,德州市,儿童乐园,颗粒物(PM10),71,92,77,24,26,136,,174,171,21,19,9,10,0.7,0.6
2025-05-12T2100,1624A,116.2991,37.4451,德州市,监理站,颗粒物(PM10),67,83,69,22,24,132,,172,169,19,17,13,12,0.7,0.6
2025-05-12T2100,3066A,116.2721,37.4379,德州市,九衢泉纯净水厂,颗粒物(PM10),71,92,67,24,30,134,,164,162,17,21,9,10,0.5,0.5
2025-05-12T2100,3371A,116.3728,37.4403,德州市,开发区人民医院,颗粒物(PM10),68,85,78,24,25,132,,159,157,11,19,7,9,0.6,0.8
2025-05-12T2100,3372A,116.3572,37.4094,德州市,太阳城中学,颗粒物(PM10),73,95,78,29,27,150,,178,176,11,18,5,8,0.4,0.5
2025-05-12T2100,3511A,116.5652,37.3319,德州市,陵城艺术中心,颗粒物(PM10),67,83,79,29,24,139,,163,161,11,20,6,8,0.5,0.4
2025-05-12T2100,2621A,99.7056,27.8317,迪庆藏族自治州,迪庆州站,,36,36,25,19,16,100,,122,118,16,10,6,5,0.5,0.4
2025-05-12T2100,3180A,99.7136,27.8094,迪庆藏族自治州,质量技术监督局,,36,22,23,7,9,113,,126,122,13,10,4,4,0.6,0.5
2025-05-12T2100,4257A,104.6092,35.5962,定西市,将台街,颗粒物(PM10),68,86,72,28,23,115,,130,128,12,26,4,5,0.2,0.2
2025-05-12T2100,4309A,104.6159,35.5701,定西市,正龙路62号,颗粒物(PM10),59,68,51,22,19,113,,134,132,8,10,7,7,0.3,0.3
2025-05-12T2100,1389A,113.7547,23.0494,东莞市,莞城梨川,颗粒物(PM10),55,59,32,30,27,135,,176,172,37,24,7,7,0.6,0.6
2025-05-12T2100,1390A,113.7944,23.0128,东莞市,东城石井,,43,40,36,21,22,136,,164,158,30,24,5,6,0.7,0.6
2025-05-12T2100,1391A,113.7383,22.9658,东莞市,南城西平,臭氧1小时,75,34,43,13,22,180,,192,192,26,43,3,5,0.5,0.5
2025-05-12T2100,3319A,113.7338,23.0381,东莞市,万江金泰,,48,41,37,22,21,153,,174,172,32,21,6,7,0.7,0.7
2025-05-12T2100,3626A,113.7533,23.0202,东莞市,南城元岭,,46,45,38,25,22,146,,183,180,43,27,7,8,0.5,0.5
2025-05-12T2100,3627A,113.7875,23.0457,东莞市,东城主山,颗粒物(PM10),51,51,42,25,21,144,,164,160,38,29,6,6,0.3,0.3
2025-05-12T2100,1666A,118.6614,37.4309,东营市,市环保局,颗粒物(PM10),57,63,70,34,32,122,,183,168,29,29,8,15,0.6,0.8
2025-05-12T2100,3036A,118.6904,37.4338,东营市,开发区管委会,,,78,79,22,29,,,185,175,30,28,7,13,0.6,0.7
2025-05-12T2100,3365A,118.5719,37.565,东营市,垦利区民丰路,颗粒物(PM10),59,68,66,22,27,125,,205,187,30,32,6,9,0.2,0.3
2025-05-12T2100,3498A,118.5055,37.8612,东营市,河口城区,颗粒物(PM10),57,63,68,24,28,120,,190,173,27,30,9,12,0.6,0.8
2025-05-12T2100,3646A,118.4978,37.4623,东营市,胜利站,颗粒物(PM10),66,82,73,27,32,107,,183,161,35,36,10,12,0.8,0.9
2025-05-12T2100,3734A,118.35,37.26,东营市,理想之城,颗粒物(PM10),63,75,72,39,34,76,,138,121,45,40,6,12,0.6,0.9
2025-05-12T2100,1591A,110.0023,39.8129,鄂尔多斯市,综合楼,颗粒物(PM10),115,180,83,56,23,65,,110,101,39,21,9,8,0.4,0.3
2025-05-12T2100,1592A,109.9486,39.8261,鄂尔多斯市,巴音孟克林场办事处,颗粒物(PM10),123,195,75,51,21,82,,116,106,30,14,6,7,0.4,0.4
2025-05-12T2100,1593A,109.7736,39.5986,鄂尔多斯市,康泽苑,颗粒物(PM10),134,217,70,61,19,109,,118,116,7,13,8,8,0.2,0.3
2025-05-12T2100,1594A,109.8119,39.5989,鄂尔多斯市,华泰汽车城,颗粒物(PM10),125,200,75,58,25,104,,118,116,10,23,4,5,0.2,0.2
2025-05-12T2100,1595A,109.9734,39.7884,鄂尔多斯市,奥林花园,颗粒物(PM10),112,173,87,56,28,50,,115,103,52,38,2,6,0.4,0.5
2025-05-12T2100,2436A,114.8938,30.3994,鄂州市,市政府,细颗粒物(PM2.5),67,72,55,48,34,151,,165,162,23,28,11,11,0.9,0.8
2025-05-12T2100,2437A,114.8989,30.3714,鄂州市,赵家坝,,,,48,53,26,,,177,169,22,22,5,7,0.7,0.7
2025-05-12T2100,3654A,114.8094,30.4089,鄂州市,精准医疗中心,细颗粒物(PM2.5),65,57,55,47,33,123,,155,146,23,25,32,12,1.4,0.8
2025-05-12T2100,2454A,109.4978,30.2981,恩施土家族苗族自治州,湖北民院,颗粒物(PM10),51,51,48,20,22,67,,130,123,26,8,7,6,0.5,0.4
2025-05-12T2100,2455A,109.4707,30.2798,恩施土家族苗族自治州,州电力总公司,,43,43,41,23,23,86,,117,116,11,13,9,8,0.2,0.2
2025-05-12T2100,3549A,109.5061,30.3772,恩施土家族苗族自治州,龙凤新区,颗粒物(PM10),53,56,38,18,21,73,,132,122,15,7,6,6,0.6,0.5
2025-05-12T2100,2499A,108.3411,21.6158,防城港市,沙万,,,46,45,19,21,,,116,115,,14,50,7,,0.5
2025-05-12T2100,2500A,108.3514,21.7731,防城港市,防城档案局,,40,38,69,26,22,125,,137,137,15,23,4,3,0.5,0.4
2025-05-12T2100,2501A,108.3506,21.6414,防城港市,大海花园,,45,21,54,19,17,142,,141,141,20,16,3,6,0.5,0.5
2025-05-12T2100,1371A,113.1294,23.0067,佛山市,湾梁,颗粒物(PM10),53,56,53,21,25,146,,202,201,53,51,9,9,0.7,0.7
2025-05-12T2100,1372A,113.1083,23.0478,佛山市,华材职中,颗粒物(PM10),59,68,67,35,32,119,,203,199,63,52,6,7,0.5,0.6
2025-05-12T2100,1373A,113.144,23.0453,佛山市,南海气象局,臭氧1小时,74,40,52,26,24,179,,211,211,33,47,4,3,0.5,0.6
2025-05-12T2100,1374A,113.2881,22.8094,佛山市,顺德苏岗,"颗粒物(PM10),细颗粒物(PM2.5)",55,59,42,39,23,147,,188,187,32,39,6,7,0.6,0.6
2025-05-12T2100,1376A,112.8383,22.8678,佛山市,高明孔堂,"颗粒物(PM10),臭氧1小时",59,67,53,21,21,167,,210,209,25,29,6,9,0.5,0.6
2025-05-12T2100,1377A,112.8836,23.1588,佛山市,三水监测站,二氧化氮,68,75,63,20,29,31,,166,149,135,60,3,7,0.7,0.6
2025-05-12T2100,1378A,112.867,23.185,佛山市,三水云东海,臭氧1小时,55,44,54,26,29,164,,192,190,25,45,3,4,0.5,0.6
2025-05-12T2100,3625A,113.2544,22.7642,佛山市,容桂街道办,颗粒物(PM10),57,63,46,34,28,142,,198,194,68,49,8,8,0.8,0.7
2025-05-12T2100,1280A,119.3903,26.0543,福州市,鼓山,,,,33,,12,,,112,,,5,,1,,0.3
2025-05-12T2100,1282A,119.2681,26.0504,福州市,师大,,46,44,32,18,21,146,,158,156,20,18,4,4,0.3,0.3
2025-05-12T2100,1283A,119.2984,26.1028,福州市,五四北路,颗粒物(PM10),54,58,29,17,21,147,,156,154,14,15,4,4,0.4,0.5
2025-05-12T2100,1284A,119.2648,26.0768,福州市,杨桥西路,,43,41,39,22,22,137,,157,155,13,13,4,4,0.3,0.4
2025-05-12T2100,1285A,119.317,26.0746,福州市,紫阳,,48,48,37,22,22,132,,154,151,30,17,6,6,0.4,0.4
2025-05-12T2100,3048A,119.5799,26.0936,福州市,九龙,,41,28,25,10,15,130,,144,143,9,8,4,4,0.2,0.3
2025-05-12T2100,3526A,119.5189,25.9664,福州市,吴航,,45,24,32,15,20,144,,157,156,9,12,4,5,0.2,0.3
2025-05-12T2100,1755A,123.7977,41.8491,抚顺市,望花区,臭氧1小时,58,64,81,38,44,166,,177,172,18,22,26,15,0.6,0.7
2025-05-12T2100,1756A,123.9161,41.8822,抚顺市,顺城区,臭氧1小时,58,64,72,40,38,166,,172,166,14,25,21,11,1.1,0.8
2025-05-12T2100,1757A,124.0436,41.8611,抚顺市,东洲区,,50,38,62,26,32,158,,160,158,14,13,11,9,0.5,0.6
2025-05-12T2100,1758A,123.9247,41.8642,抚顺市,新抚区,颗粒物(PM10),69,88,80,35,32,149,,159,153,14,20,23,10,1.3,0.7
2025-05-12T2100,1759A,124.0972,41.8961,抚顺市,大伙房水库,,,65,50,41,32,,,169,167,5,8,8,10,0.5,0.7
2025-05-12T2100,1760A,123.7086,41.8391,抚顺市,沈抚新城,臭氧1小时,57,55,86,25,37,165,,171,166,11,19,8,10,0.6,0.8
2025-05-12T2100,2376A,116.2127,28.0814,抚州市,桐源党溪,,,36,37,21,21,,,136,128,3,3,8,6,0.3,0.3
2025-05-12T2100,2377A,116.3544,27.9831,抚州市,市站,,39,39,36,22,20,38,,119,106,56,12,1,2,0.4,0.3
2025-05-12T2100,2378A,116.3565,27.963,抚州市,血防站,颗粒物(PM10),52,53,41,28,21,86,,119,114,18,10,3,2,0.6,0.4
2025-05-12T2100,2379A,116.3564,28.0007,抚州市,采茶剧团,,47,47,36,27,20,56,,118,108,42,7,1,2,1.2,1
2025-05-12T2100,2380A,116.385,27.9647,抚州市,医学分院,,41,41,35,24,18,78,,124,118,21,8,4,6,1.1,1
2025-05-12T2100,2207A,121.6094,41.998,阜新市,工业园区,颗粒物(PM10),57,63,100,21,47,164,,182,178,9,20,10,23,0.5,0.7
2025-05-12T2100,2208A,121.6697,42.0279,阜新市,长青街,颗粒物(PM10),57,63,92,20,41,144,,167,161,19,24,14,23,0.5,0.8
2025-05-12T2100,2209A,121.6673,42.0705,阜新市,农业园区,颗粒物(PM10),91,132,93,29,57,163,,176,173,10,16,10,15,0.6,0.8
2025-05-12T2100,2210A,121.6717,42.0224,阜新市,东苑,颗粒物(PM10),55,60,106,25,59,153,,176,169,17,22,15,24,0.6,0.8
2025-05-12T2100,2211A,121.6506,42.0498,阜新市,玉龙新城,"颗粒物(PM10),臭氧1小时",52,54,89,21,48,161,,177,174,8,16,10,16,0.6,0.8
2025-05-12T2100,2301A,115.8277,32.8929,阜阳市,市监测站,细颗粒物(PM2.5),52,50,49,36,29,136,,143,142,13,11,8,8,0.2,0.1
2025-05-12T2100,2303A,115.8554,32.8605,阜阳市,开发区,颗粒物(PM10),60,70,60,30,25,142,,150,149,12,11,7,7,0.3,0.2
2025-05-12T2100,2875A,115.784,32.8892,阜阳市,阜阳职业技术学院,,50,50,51,26,23,153,,159,159,11,12,6,6,0.4,0.3
2025-05-12T2100,3468A,115.7901,32.8613,阜阳市,市规划展馆,,49,,44,29,26,154,,164,163,12,7,8,7,0.3,0.2
2025-05-12T2100,3469A,115.836,32.9183,阜阳市,枣园社区,,47,47,49,30,24,142,,153,152,14,9,4,4,0.3,0.2
2025-05-12T2100,2669A,102.9099,34.9841,甘南藏族自治州,州政府,,42,42,52,24,24,85,,112,107,13,25,10,9,0.3,0.3
2025-05-12T2100,3380A,102.8914,34.9617,甘南藏族自治州,甘肃民族师范学院,,39,37,60,19,21,124,,139,136,4,34,8,10,0.4,0.4
2025-05-12T2100,2570A,101.9603,30.0475,甘孜藏族自治州,水桥子,,30,25,31,19,13,94,,99,99,12,23,5,5,0.4,0.4
2025-05-12T2100,3065A,101.9533,29.9972,甘孜藏族自治州,州环保局,,34,34,32,9,8,79,,96,95,15,12,2,2,0.3,0.2
2025-05-12T2100,3414A,115.8347,28.932,赣江新区,桑海产业园,颗粒物(PM10),57,63,54,28,29,84,,167,150,58,22,2,4,0.3,0.4
2025-05-12T2100,2362A,114.9017,25.9149,赣州市,通天岩,,37,37,32,7,7,102,,162,142,5,6,10,10,0.3,0.3
2025-05-12T2100,2363A,114.9367,25.8664,赣州市,地委,,,46,39,22,23,79,,160,147,,14,2,5,,0.4
2025-05-12T2100,2364A,114.9461,25.8481,赣州市,气象台,颗粒物(PM10),55,60,40,26,21,83,,165,157,51,20,9,11,0.6,0.4
2025-05-12T2100,2365A,114.9322,25.8333,赣州市,市图书馆,颗粒物(PM10),51,52,38,34,23,99,,168,160,40,16,4,6,0.5,0.4
2025-05-12T2100,2366A,114.8905,25.8471,赣州市,华坚鞋城,颗粒物(PM10),52,53,38,29,23,75,,173,161,68,20,6,8,0.6,0.4
2025-05-12T2100,3109A,115.0093,25.8613,赣州市,赣县区卫计委,,50,50,36,34,25,72,,145,134,44,20,2,3,0.8,0.6
2025-05-12T2100,2683A,106.2319,36.1417,固原市,马园,颗粒物(PM10),84,117,65,38,19,31,,126,100,65,25,6,6,0.7,0.6
2025-05-12T2100,2684A,106.2792,36.0022,固原市,监测站,颗粒物(PM10),66,81,57,33,17,71,,123,110,37,25,7,6,0.4,0.3
2025-05-12T2100,2685A,106.2375,36.0211,固原市,新区,颗粒物(PM10),64,77,60,29,18,45,,112,97,51,20,7,6,0.3,0.2
2025-05-12T2100,3522A,106.2177,35.9959,固原市,原州区十五小,颗粒物(PM10),81,112,59,47,21,60,,124,109,48,11,11,10,0.3,0.2
2025-05-12T2100,2543A,106.6308,30.5278,广安市,小平旧居,,,,,,,,,,,,,,,,
2025-05-12T2100,2544A,106.6303,30.4576,广安市,市委,颗粒物(PM10),58,66,69,29,33,127,,150,148,12,17,7,5,0.4,0.4
2025-05-12T2100,2545A,106.6271,30.4663,广安市,友谊中学,颗粒物(PM10),54,57,59,25,31,132,,159,156,25,20,4,4,0.5,0.5
2025-05-12T2100,2547A,106.6388,30.4551,广安市,广电花园,颗粒物(PM10),56,61,66,30,34,137,,156,154,14,18,7,6,0.5,0.5
2025-05-12T2100,2902A,106.6351,30.4865,广安市,北辰小学,颗粒物(PM10),58,65,62,29,31,146,,160,160,11,15,9,7,0.5,0.5
2025-05-12T2100,2523A,105.8945,32.4535,广元市,黑石坡,,49,49,62,27,19,136,,144,144,8,12,4,6,0.2,0.4
2025-05-12T2100,2524A,105.821,32.4444,广元市,老城,颗粒物(PM10),60,69,57,28,24,82,,158,146,43,23,3,2,0.8,0.8
2025-05-12T2100,2526A,105.8628,32.4287,广元市,监测站,,45,45,46,27,26,100,,156,148,25,14,8,8,0.5,0.5
2025-05-12T2100,3617A,105.8047,32.4166,广元市,经开区,细颗粒物(PM2.5),60,67,70,43,42,80,,160,146,40,22,6,14,0.7,0.7
2025-05-12T2100,1345A,113.2347,23.1423,广州市,广雅中学,颗粒物(PM10),57,64,55,36,29,105,,218,209,69,45,4,5,0.2,0.2
2025-05-12T2100,1346A,113.2612,23.105,广州市,市五中,细颗粒物(PM2.5),62,62,44,44,28,108,,192,187,48,38,2,3,1.0,0.8
2025-05-12T2100,1348A,113.3478,23.0916,广州市,广东商学院,颗粒物(PM10),58,66,45,28,24,110,,193,187,62,43,6,5,0.7,0.5
2025-05-12T2100,1349A,113.4332,23.1047,广州市,市八十六中,颗粒物(PM10),72,94,68,39,25,69,,183,170,93,57,4,4,0.7,0.6
2025-05-12T2100,1350A,113.3505,22.9483,广州市,番禺中学,颗粒物(PM10),60,70,51,35,28,103,,198,190,80,49,7,8,0.7,0.5
2025-05-12T2100,1351A,113.2146,23.3916,广州市,花都师范,臭氧1小时,54,48,46,22,22,163,,198,198,37,40,5,5,0.5,0.4
2025-05-12T2100,1352A,113.2597,23.1331,广州市,市监测站,颗粒物(PM10),61,71,49,41,25,99,,192,185,60,46,5,6,0.4,0.2
2025-05-12T2100,1353A,113.5618,23.312,广州市,九龙镇镇龙,颗粒物(PM10),53,55,36,28,20,21,,133,112,81,27,5,6,0.6,0.4
2025-05-12T2100,1354A,113.2765,23.1544,广州市,麓湖,,48,43,39,33,26,87,,177,168,51,37,5,6,0.7,0.5
2025-05-12T2100,1355A,113.443,23.3035,广州市,帽峰山森林公园,,43,,18,22,17,137,,151,149,11,10,6,6,0.5,0.5
2025-05-12T2100,2846A,113.3221,23.1322,广州市,体育西,颗粒物(PM10),63,75,44,39,22,89,,187,178,60,40,5,5,0.7,0.4
2025-05-12T2100,3298A,113.5717,23.5491,广州市,从化街口,,41,41,35,25,22,74,,165,149,32,23,6,7,0.6,0.5
2025-05-12T2100,3299A,113.3472,23.3692,广州市,白云竹料,细颗粒物(PM2.5),73,71,45,53,26,76,,181,168,56,28,4,4,0.8,0.5
2025-05-12T2100,3300A,113.2981,23.237,广州市,白云嘉禾,颗粒物(PM10),55,60,46,36,25,46,,172,153,103,43,6,7,0.8,0.5
2025-05-12T2100,3301A,113.4256,23.1716,广州市,黄埔科学城,,43,43,35,23,20,73,,145,135,34,19,1,2,0.5,0.5
2025-05-12T2100,3302A,113.3942,23.0483,广州市,番禺大学城,,49,47,37,25,21,154,,204,203,44,51,6,5,0.3,0.3
2025-05-12T2100,3303A,113.4922,22.8168,广州市,南沙黄阁,,40,36,51,13,25,127,,212,202,21,33,6,9,0.6,0.6
2025-05-12T2100,3304A,113.5342,22.7896,广州市,南沙街,,45,45,43,15,19,137,,237,228,22,30,3,5,0.6,0.6
2025-05-12T2100,3443A,113.2902,23.5544,广州市,花都梯面,,35,35,29,21,18,65,,146,127,32,25,5,6,0.5,0.5
2025-05-12T2100,3445A,113.7858,23.7478,广州市,从化良口,,36,26,26,18,18,114,,154,146,14,9,6,6,0.2,0.3
2025-05-12T2100,3446A,113.8051,23.2614,广州市,增城荔城,,33,33,31,20,21,78,,147,134,24,13,8,8,0.7,0.5
2025-05-12T2100,2505A,109.568,23.1478,贵港市,德智高中,,,,,,,,,,,,,,,,
2025-05-12T2100,2506A,109.6047,23.0666,贵港市,江南子站,颗粒物(PM10),70,90,65,37,30,87,,158,150,55,32,8,6,0.8,0.7
2025-05-12T2100,2508A,109.5669,23.1065,贵港市,荷城子站,,40,40,38,27,22,98,,149,144,27,30,12,7,0.5,0.3
2025-05-12T2100,3405A,109.5886,23.1172,贵港市,新世纪学校,颗粒物(PM10),60,70,46,36,25,76,,150,142,37,19,1,2,1.3,1
2025-05-12T2100,4260A,109.5933,23.0951,贵港市,中山路155-3号,颗粒物(PM10),52,53,56,34,31,107,,162,157,36,29,9,6,0.6,0.6
2025-05-12T2100,1439A,106.6899,26.5998,贵阳市,马鞍山,,31,19,25,7,9,98,,119,114,10,12,4,4,0.6,0.6
2025-05-12T2100,1441A,106.6243,26.6266,贵阳市,鉴湖路,,39,39,37,9,12,89,,105,103,12,12,7,7,0.3,0.4
2025-05-12T2100,1442A,106.7487,26.6343,贵阳市,燕子冲,,35,27,35,12,22,110,,126,122,12,16,13,16,0.2,0.2
2025-05-12T2100,1443A,106.6555,26.4365,贵阳市,碧云窝,,34,31,37,22,16,106,,116,115,10,12,8,6,0.2,0.3
2025-05-12T2100,1445A,106.7109,26.6027,贵阳市,红边门,,31,27,38,12,22,97,,120,115,19,22,10,12,0.2,0.2
2025-05-12T2100,1446A,106.7164,26.5699,贵阳市,新华路,,29,29,43,14,14,89,,109,104,18,22,12,18,0.2,0.4
2025-05-12T2100,1447A,106.674,26.5424,贵阳市,太慈桥,,41,41,40,12,13,91,,110,106,23,20,6,5,0.2,0.2
2025-05-12T2100,1552A,106.805,26.3003,贵阳市,桐木岭,细颗粒物(PM2.5),82,69,44,60,20,111,,115,115,6,6,3,4,0.7,0.6
2025-05-12T2100,4230A,106.6882,26.5695,贵阳市,花果园大街66号,,32,19,35,15,19,101,,112,110,7,15,4,5,0.2,0.3
2025-05-12T2100,4231A,106.6873,26.5169,贵阳市,漓江路57号,,29,22,36,9,19,91,,111,107,16,20,10,10,0.3,0.4
2025-05-12T2100,1862A,110.4144,25.3167,桂林市,电子科大尧山校区,,,,,,,,,,,,,,,,
2025-05-12T2100,1864A,110.3089,25.2708,桂林市,龙隐路小学,,45,34,38,31,25,83,,138,128,18,12,9,14,0.5,0.4
2025-05-12T2100,1865A,110.2869,25.2178,桂林市,八中,,41,41,41,28,23,62,,130,118,25,17,3,3,0.5,0.4
2025-05-12T2100,3531A,110.296,25.1253,桂林市,旅游学院,,44,44,30,29,18,91,,130,126,18,17,5,6,0.3,0.5
2025-05-12T2100,4222A,110.1835,25.2444,桂林市,环湖路276号,颗粒物(PM10),52,53,46,34,28,63,,116,108,22,32,7,21,0.4,0.3
2025-05-12T2100,4301A,110.2803,25.2773,桂林市,信义路13号,颗粒物(PM10),52,54,41,33,26,45,,139,123,64,18,3,11,0.4,0.3
2025-05-12T2100,2674A,100.2561,34.4714,果洛藏族自治州,玛沁县大武镇,,45,45,44,23,16,88,,94,92,1,7,26,28,0.3,0.4
2025-05-12T2100,1129A,126.5422,45.755,哈尔滨市,岭北,细颗粒物(PM2.5),73,60,60,53,44,102,,146,136,33,20,27,25,1.2,1
2025-05-12T2100,1130A,126.561,45.8167,哈尔滨市,松北商大,颗粒物(PM10),108,165,77,53,40,79,,143,122,31,19,9,10,1.0,0.8
2025-05-12T2100,1131A,126.979,45.5419,哈尔滨市,阿城会宁,细颗粒物(PM2.5),88,108,59,65,46,84,,148,129,35,18,9,8,0.8,0.6
2025-05-12T2100,1132A,126.599,45.7222,哈尔滨市,南岗学府路,颗粒物(PM10),70,89,71,45,35,122,,145,136,22,18,8,8,0.7,0.7
2025-05-12T2100,1133A,126.689,45.7733,哈尔滨市,太平宏伟公园,细颗粒物(PM2.5),72,91,73,52,40,121,,148,138,28,23,9,7,0.9,0.7
2025-05-12T2100,1134A,126.635,45.7667,哈尔滨市,道外承德广场,颗粒物(PM10),84,118,87,53,43,92,,140,122,46,25,9,9,0.9,0.8
2025-05-12T2100,1135A,126.685,45.7319,哈尔滨市,香坊红旗大街,颗粒物(PM10),75,100,79,51,42,105,,143,127,35,26,16,13,1.1,0.9
2025-05-12T2100,1136A,126.6411,45.7258,哈尔滨市,动力和平路,细颗粒物(PM2.5),73,94,70,53,42,113,,134,127,22,18,11,10,0.7,0.7
2025-05-12T2100,1137A,126.593,45.7478,哈尔滨市,道里建国路,颗粒物(PM10),72,93,66,51,43,100,,140,122,35,23,9,8,0.8,0.6
2025-05-12T2100,1138A,126.615,45.61,哈尔滨市,平房东轻厂,颗粒物(PM10),68,86,64,30,29,103,,148,134,26,14,10,9,0.8,0.7
2025-05-12T2100,1139A,126.595,45.9855,哈尔滨市,呼兰师专,细颗粒物(PM2.5),82,92,69,60,48,77,,144,131,47,25,10,11,1.0,0.8
2025-05-12T2100,1140A,126.6206,45.6842,哈尔滨市,省农科院,颗粒物(PM10),101,152,97,56,46,81,,130,114,38,26,13,10,1.0,0.8
2025-05-12T2100,2688A,93.5128,42.8172,哈密市,地区监测站,,47,47,54,14,14,82,,92,90,11,8,3,4,0.0,0
2025-05-12T2100,2689A,93.4961,42.8328,哈密市,哈密师范学校,,48,48,36,13,14,91,,106,103,23,11,4,5,0,0.3
2025-05-12T2100,2671A,100.9048,36.9639,海北藏族自治州,海晏县西海镇,,40,36,31,23,13,127,,144,142,8,8,15,13,0.4,0.4
2025-05-12T2100,3867A,102.0738,36.5056,海东市,平安区公安北苑,颗粒物(PM10),53,55,41,12,13,126,,128,128,3,11,6,13,0.4,0.6
2025-05-12T2100,1409A,110.576,19.9507,海口市,东寨港,,34,,29,21,12,106,,111,109,3,4,9,7,0.4,0.4
2025-05-12T2100,1410A,110.3232,20.0574,海口市,海南大学,,43,34,37,18,20,137,,150,145,6,7,4,4,0.3,0.4
2025-05-12T2100,1411A,110.283,20.0053,海口市,秀英海南医院,,39,31,38,18,22,124,,143,134,7,8,5,6,0.3,0.4
2025-05-12T2100,1412A,110.338,19.9969,海口市,海南师范大学,,41,34,37,18,20,130,,148,140,7,7,4,5,0.4,0.4
2025-05-12T2100,1413A,110.33,20.0356,海口市,龙华路环保局宿舍,,44,33,37,17,20,138,,149,145,6,7,4,5,0.3,0.3
2025-05-12T2100,3539A,110.5111,19.9736,海口市,桂林洋子站,,42,35,35,16,18,132,,141,133,6,7,4,4,0.3,0.3
2025-05-12T2100,2673A,100.6188,36.2866,海南藏族自治州,共和县恰卜恰镇,,50,50,44,9,14,122,,138,135,6,8,16,17,0.5,0.4
2025-05-12T2100,2676A,97.3731,37.3753,海西蒙古族藏族自治州,德令哈市,颗粒物(PM10),63,75,61,15,18,106,,121,118,6,6,9,9,0.4,0.4
2025-05-12T2100,1048A,114.5302,36.6116,邯郸市,东污水处理厂,颗粒物(PM10),63,76,60,19,11,123,,158,156,15,32,4,6,0.5,0.7
2025-05-12T2100,1049A,114.4918,36.5713,邯郸市,矿院,颗粒物(PM10),55,59,50,19,15,114,,147,146,14,27,5,6,0.4,0.6
2025-05-12T2100,1050A,114.484,36.6133,邯郸市,丛台公园,颗粒物(PM10),59,68,49,19,17,129,,158,155,12,24,6,9,0.4,0.7
2025-05-12T2100,3458A,114.7895,36.5593,邯郸市,香泉濮院小区,颗粒物(PM10),75,99,67,14,11,124,,152,152,13,20,4,6,0.4,0.4
2025-05-12T2100,3579A,114.50634,36.77178,邯郸市,永年区实验高中,颗粒物(PM10),63,76,66,40,26,135,,162,160,7,17,5,11,0.4,0.9
2025-05-12T2100,3580A,114.20016,36.44293,邯郸市,峰峰矿区临水派出所,颗粒物(PM10),65,79,42,27,7,146,,173,172,17,14,9,7,0.3,0.4
2025-05-12T2100,2634A,106.9893,33.1842,汉中市,汉川机床厂子校,细颗粒物(PM2.5),53,48,54,37,45,111,,153,141,11,11,8,9,0.8,0.8
2025-05-12T2100,2635A,107.0154,33.0706,汉中市,市监测站,颗粒物(PM10),58,66,62,35,34,110,,149,142,19,12,6,9,0.5,0.5
2025-05-12T2100,2636A,107.0089,33.1138,汉中市,鑫源开发区,细颗粒物(PM2.5),63,60,60,45,33,86,,154,144,31,15,6,8,0.6,0.6
2025-05-12T2100,2637A,107.007,33.0323,汉中市,南郑大河坎水厂,细颗粒物(PM2.5),60,55,56,43,30,112,,159,150,23,14,7,6,0.5,0.5
2025-05-12T2100,1223A,120.2072,30.2111,杭州市,滨江,颗粒物(PM10),52,54,44,31,23,134,,179,174,38,32,7,7,0.7,0.6
2025-05-12T2100,1224A,120.0633,30.2747,杭州市,西溪,,41,41,37,21,27,90,,149,136,14,19,5,5,0.4,0.4
2025-05-12T2100,1226A,120.3417,30.3150,杭州市,下沙,颗粒物(PM10),61,71,50,41,29,120,,174,166,73,45,11,8,0.6,0.4
2025-05-12T2100,1227A,120.1269,30.2456,杭州市,卧龙桥,,43,43,34,28,23,80,,167,142,22,14,6,7,0.6,0.5
2025-05-12T2100,1228A,120.1903,30.2692,杭州市,浙江农大,颗粒物(PM10),61,72,52,43,30,86,,161,150,61,39,10,10,0.5,0.5
2025-05-12T2100,1230A,120.1197,30.3119,杭州市,和睦小学,,44,44,39,26,25,133,,168,164,24,26,8,8,0.4,0.4
2025-05-12T2100,1231A,120.3019,30.4183,杭州市,临平镇,颗粒物(PM10),60,69,54,35,27,143,,177,174,40,44,7,6,0.5,0.4
2025-05-12T2100,1232A,120.2753,30.1839,杭州市,城厢镇,颗粒物(PM10),53,56,46,31,27,78,,166,153,73,32,9,9,0.4,0.3
2025-05-12T2100,1233A,120.0883,30.1808,杭州市,云栖,,43,43,36,26,19,80,,162,140,39,27,5,5,0.6,0.6
2025-05-12T2100,3557A,119.9464,30.0494,杭州市,镇二中,颗粒物(PM10),54,58,38,33,28,44,,141,121,60,27,4,4,0.6,0.5
2025-05-12T2100,3558A,119.7183,30.2367,杭州市,市府大楼,颗粒物(PM10),53,55,38,34,26,82,,147,133,36,22,8,8,0.6,0.5
2025-05-12T2100,3656A,120.1556,30.2864,杭州市,消防大队,,46,46,40,32,26,120,,172,165,36,28,4,5,0.6,0.5
2025-05-12T2100,1270A,117.1959,31.7848,合肥市,明珠广场,,41,41,44,24,24,126,,161,154,23,21,10,9,0.4,0.4
2025-05-12T2100,1271A,117.3072,31.8764,合肥市,三里街,颗粒物(PM10),51,51,51,27,26,125,,145,140,26,27,6,6,0.5,0.5
2025-05-12T2100,1272A,117.2588,31.8707,合肥市,琥珀山庄,,46,46,46,27,26,135,,159,153,18,18,5,4,0.5,0.5
2025-05-12T2100,1273A,117.1604,31.9052,合肥市,董铺水库,颗粒物(PM10),52,54,47,19,19,139,,150,150,15,16,2,1,0.4,0.3
2025-05-12T2100,1274A,117.25,31.8571,合肥市,长江中路,,44,44,46,24,26,134,,155,150,18,18,7,7,0.5,0.5
2025-05-12T2100,1275A,117.266,31.9436,合肥市,庐阳区,,44,41,47,22,24,139,,158,154,11,15,7,7,0.4,0.4
2025-05-12T2100,1276A,117.3453,31.8616,合肥市,瑶海区,颗粒物(PM10),56,61,55,32,28,99,,132,124,52,32,7,7,0.4,0.4
2025-05-12T2100,1277A,117.3027,31.7964,合肥市,包河区,,46,46,47,27,28,146,,155,152,12,18,8,7,0.5,0.5
2025-05-12T2100,1278A,117.2776,31.7385,合肥市,滨湖新区,细颗粒物(PM2.5),62,44,47,44,36,134,,144,141,16,22,9,9,0.6,0.6
2025-05-12T2100,1279A,117.1318,31.8403,合肥市,高新区,,45,44,43,29,21,143,,150,150,13,16,4,3,0.4,0.4
2025-05-12T2100,3464A,117.3803,31.9147,合肥市,高教基地,,,58,47,23,27,144,,162,158,,14,8,7,0.5,0.4
2025-05-12T2100,3614A,79.924,37.0877,和田地区,地区环保局,颗粒物(PM10),163,276,468,,150,72,,83,82,13,13,1,2,0.3,0.4
2025-05-12T2100,3615A,79.9131,37.113,和田地区,市环保局,细颗粒物(PM2.5),144,215,415,110,129,86,,95,94,13,19,3,2,0.3,0.4
2025-05-12T2100,2516A,108.2011,24.715,河池市,东仁乐园,,,,,,,,,,,,,,,,
2025-05-12T2100,2517A,108.0497,24.6947,河池市,市环保站,,42,17,28,16,13,133,,135,135,10,13,10,8,0.5,0.5
2025-05-12T2100,2518A,108.0983,24.6989,河池市,市疾控中心,,42,42,36,20,18,112,,125,124,29,20,11,10,0.5,0.5
2025-05-12T2100,1696A,114.6778,23.7569,河源市,源西,,46,46,30,28,17,41,,125,102,55,19,4,5,0.9,0.7
2025-05-12T2100,1697A,114.6944,23.7586,河源市,东埔,,39,39,34,25,19,92,,148,134,35,23,4,6,0.6,0.4
2025-05-12T2100,1698A,114.6892,23.7233,河源市,老城,,,24,28,17,17,,,128,125,23,19,4,5,0.4,0.4
2025-05-12T2100,1718A,115.4208,35.2464,菏泽市,气象局,颗粒物(PM10),64,77,85,28,31,146,,156,155,12,15,5,4,0.3,0.3
2025-05-12T2100,3374A,115.5564,35.0891,菏泽市,定陶老年大学,细颗粒物(PM2.5),70,56,59,51,26,145,,149,149,16,11,4,5,0.4,0.4
2025-05-12T2100,4184A,115.4797,35.24401,菏泽市,永昌路1号,颗粒物(PM10),62,73,68,35,34,148,,153,153,10,13,5,6,0.2,0.2
2025-05-12T2100,4193A,115.4715,35.2800,菏泽市,长城路999号,颗粒物(PM10),62,74,71,17,22,146,,151,151,15,17,6,7,0.2,0.2
2025-05-12T2100,2514A,111.5264,24.4172,贺州市,环保小区,细颗粒物(PM2.5),54,54,39,38,26,113,,146,144,20,15,10,8,0.9,0.7
2025-05-12T2100,2515A,111.5608,24.4078,贺州市,政协大楼,,,,35,,24,,,152,152,,18,,11,,0.6
2025-05-12T2100,3534A,111.4744,24.4553,贺州市,西湾,,47,47,40,29,25,110,,143,140,31,21,10,10,0.6,0.5
2025-05-12T2100,2385A,114.17,35.9019,鹤壁市,市监测站,颗粒物(PM10),65,79,52,46,26,130,,177,174,17,15,8,4,0.8,0.6
2025-05-12T2100,2386A,114.2956,35.7511,鹤壁市,市交警支队,颗粒物(PM10),64,78,67,41,24,110,,160,156,17,25,1,6,0.5,0.5
2025-05-12T2100,2387A,114.2878,35.7306,鹤壁市,迎宾馆,细颗粒物(PM2.5),72,92,78,52,28,121,,183,175,12,20,3,7,0.4,0.6
2025-05-12T2100,3474A,114.2617,35.6822,鹤壁市,大新区,颗粒物(PM10),63,76,61,40,32,96,,170,160,26,31,8,13,0.4,0.5
2025-05-12T2100,3596A,114.1572,35.9603,鹤壁市,南山宾馆,颗粒物(PM10),73,96,68,37,25,136,,181,178,19,12,6,8,0.5,0.4
2025-05-12T2100,2244A,130.2537,47.3416,鹤岗市,哈啤分公司,细颗粒物(PM2.5),78,,59,57,51,83,,104,96,16,13,16,15,0.5,0.4
2025-05-12T2100,2245A,130.2684,47.3086,鹤岗市,斯达机电,颗粒物(PM10),66,82,68,46,54,84,,106,97,23,17,14,13,0.5,0.4
2025-05-12T2100,2246A,130.3114,47.3388,鹤岗市,东山纸板厂,细颗粒物(PM2.5),75,68,96,55,53,56,,98,87,32,19,16,15,0.8,0.6
2025-05-12T2100,2247A,130.1097,47.3382,鹤岗市,五号水库,,,,,,,,,,,,,,,,
2025-05-12T2100,2263A,127.4833,50.2524,黑河市,交通局,,48,48,122,29,87,71,,116,92,12,18,7,7,0.4,0.6
2025-05-12T2100,2264A,127.5144,50.2341,黑河市,环保局,颗粒物(PM10),53,55,93,22,84,70,,121,96,9,17,4,6,0.3,0.5
2025-05-12T2100,2265A,127.5291,50.2472,黑河市,大黑河岛,颗粒物(PM10),54,58,143,18,102,62,,111,90,8,16,1,3,0.2,0.5
2025-05-12T2100,1074A,115.6838,37.7541,衡水市,电机北厂,颗粒物(PM10),65,80,62,33,25,146,,179,179,9,17,8,10,0.3,0.5
2025-05-12T2100,1075A,115.6303,37.7316,衡水市,市监测站,颗粒物(PM10),69,87,67,26,20,136,,173,171,11,17,10,11,0.4,0.5
2025-05-12T2100,3188A,115.6683,37.7217,衡水市,市城管局,颗粒物(PM10),65,79,66,34,26,140,,175,174,9,18,5,7,0.3,0.4
2025-05-12T2100,3459A,115.5989,37.5491,衡水市,地表水厂,颗粒物(PM10),72,93,77,28,25,129,,167,163,19,28,8,8,0.4,0.5
2025-05-12T2100,2456A,112.5003,26.9167,衡阳市,原169医院,细颗粒物(PM2.5),60,54,74,43,52,102,,171,162,47,28,6,9,0.7,0.7
2025-05-12T2100,2457A,112.6194,26.9258,衡阳市,衡阳化工总厂,细颗粒物(PM2.5),80,76,77,59,51,97,,150,143,25,19,11,11,0.8,0.6
2025-05-12T2100,2458A,112.6211,26.8956,衡阳市,珠晖区环保局,细颗粒物(PM2.5),63,64,66,45,46,101,,160,152,29,20,13,14,0.9,0.7
2025-05-12T2100,2459A,112.6197,26.8733,衡阳市,市委党校,细颗粒物(PM2.5),83,76,72,61,50,117,,148,144,14,19,12,18,0.7,0.6
2025-05-12T2100,2460A,112.6006,26.8919,衡阳市,市监测站,细颗粒物(PM2.5),69,69,75,50,58,93,,147,138,27,23,11,17,0.6,0.6
2025-05-12T2100,2461A,112.5664,26.9056,衡阳市,真空机电公司,细颗粒物(PM2.5),57,61,77,40,50,105,,152,144,28,23,6,9,0.6,1
2025-05-12T2100,3399A,112.6703,26.882,衡阳市,师范学院,细颗粒物(PM2.5),140,,77,107,59,86,,150,140,32,16,16,12,1.2,0.8
2025-05-12T2100,2608A,103.3772,23.3993,红河哈尼族彝族自治州,污水处理厂,,37,37,23,25,16,94,,108,103,7,7,5,6,0.4,0.4
2025-05-12T2100,2609A,103.3861,23.35,红河哈尼族彝族自治州,监测站,,42,42,33,24,17,103,,111,105,5,6,11,11,0.4,0.4
2025-05-12T2100,3038A,103.3758,23.368,红河哈尼族彝族自治州,州图书馆,,28,22,15,15,13,88,,98,93,10,7,4,9,0.2,0.2
2025-05-12T2100,1090A,111.6507,40.7517,呼和浩特市,呼市一监,,34,34,82,3,31,98,,114,114,3,28,8,11,0.4,0.5
2025-05-12T2100,1091A,111.6572,40.8033,呼和浩特市,小召,,44,44,73,7,23,108,,121,121,12,42,6,10,0.4,0.6
2025-05-12T2100,1094A,111.7516,40.8369,呼和浩特市,如意水处理厂,,30,30,65,8,26,96,,116,116,7,41,4,9,0.3,0.5
2025-05-12T2100,1095A,111.7276,40.8062,呼和浩特市,二十九中,颗粒物(PM10),54,57,70,35,33,102,,117,117,4,35,4,8,0.5,0.6
2025-05-12T2100,1096A,111.5512,40.7866,呼和浩特市,工大金川校区,颗粒物(PM10),53,56,60,3,23,108,,125,124,10,38,5,9,0.4,0.5
2025-05-12T2100,1097A,111.717,40.7612,呼和浩特市,化肥厂生活区,,34,33,84,16,33,106,,116,116,10,40,4,9,0.3,0.5
2025-05-12T2100,3698A,111.5968,40.8178,呼和浩特市,红旗小学,,35,9,64,3,22,109,,124,124,10,40,3,7,0.4,0.5
2025-05-12T2100,3699A,111.6518,40.8389,呼和浩特市,海东办,,31,31,62,11,26,97,,115,114,7,40,7,10,0.4,0.5
2025-05-12T2100,2192A,119.7594,49.2261,呼伦贝尔市,区环保局,细颗粒物(PM2.5),79,76,85,58,72,91,,127,117,18,24,6,5,0.4,0.6
2025-05-12T2100,3061A,119.7512,49.1577,呼伦贝尔市,国华电力东,"颗粒物(PM10),细颗粒物(PM2.5)",54,58,78,38,57,92,,125,114,9,13,7,5,0.4,0.5
2025-05-12T2100,1250A,120.0751,30.8669,湖州市,城西水厂,,,52,42,31,27,,,166,165,28,42,8,8,0.5,0.5
2025-05-12T2100,2873A,120.0830,30.8929,湖州市,仁皇山新区,细颗粒物(PM2.5),53,53,47,37,29,156,,154,153,28,47,6,6,0.7,0.6
2025-05-12T2100,2907A,120.1844,30.8596,湖州市,吴兴区站,,48,48,47,30,30,146,,168,166,31,37,7,8,0.4,0.4
2025-05-12T2100,3562A,120.4148,30.8538,湖州市,南浔区站,颗粒物(PM10),53,56,47,31,30,154,,178,176,29,24,10,5,0.4,0.4
2025-05-12T2100,1607A,120.9049,40.7211,葫芦岛市,龙港区,颗粒物(PM10),52,54,65,33,48,147,,187,183,12,14,9,9,0.6,0.6
2025-05-12T2100,1608A,120.8392,40.7514,葫芦岛市,化工街,颗粒物(PM10),57,63,82,34,54,144,,180,177,16,25,12,12,0.7,0.7
2025-05-12T2100,1609A,120.8341,40.7073,葫芦岛市,新区,细颗粒物(PM2.5),52,51,61,36,56,151,,183,182,12,19,8,8,0.7,0.7
2025-05-12T2100,1610A,120.8695,40.7677,葫芦岛市,东城区,细颗粒物(PM2.5),53,44,60,37,68,137,,174,170,16,26,5,6,0.7,0.8
2025-05-12T2100,2482A,109.5981,27.5721,怀化市,林科所,颗粒物(PM10),52,53,53,25,28,74,,113,106,14,10,5,5,0.4,0.5
2025-05-12T2100,2483A,109.9453,27.5444,怀化市,河西地税局,颗粒物(PM10),57,63,44,35,28,42,,111,96,23,12,7,6,0.7,0.6
2025-05-12T2100,2484A,109.9781,27.5342,怀化市,市四医院,颗粒物(PM10),54,58,63,35,35,61,,114,,23,18,5,5,0.4,0.3
2025-05-12T2100,2485A,109.9972,27.5578,怀化市,监测楼,颗粒物(PM10),55,60,58,32,30,68,,111,100,23,18,3,13,0.3,0.3
2025-05-12T2100,2486A,110.0394,27.583,怀化市,市委党校,细颗粒物(PM2.5),70,71,53,51,34,60,,116,104,17,16,3,3,0.6,0.5
2025-05-12T2100,1210A,119.036,33.5981,淮安市,钵池山,,44,44,44,23,25,139,,171,166,19,16,9,9,0.4,0.4
2025-05-12T2100,1211A,119.007,33.575,淮安市,北京南路,,44,44,47,24,25,128,,171,166,23,21,12,12,0.4,0.5
2025-05-12T2100,1212A,118.989,33.6067,淮安市,市监测站,,,63,48,31,24,,,169,164,37,19,25,12,,0.3
2025-05-12T2100,1213A,119.135,33.5039,淮安市,楚州区监测站,,49,49,56,24,28,121,,160,153,26,23,8,8,0.4,0.4
2025-05-12T2100,3426A,118.8755,33.2894,淮安市,新华书店,,42,42,44,23,26,115,,161,152,30,20,10,11,0.5,0.4
2025-05-12T2100,4206A,119.0288,33.6319,淮安市,承德北路606号,颗粒物(PM10),51,51,55,25,28,147,,168,166,17,19,12,14,0.4,1
2025-05-12T2100,2282A,116.8004,33.975,淮北市,监测站,,48,40,62,23,27,153,,167,167,18,16,8,8,0.7,0.7
2025-05-12T2100,2283A,116.8091,33.9007,淮北市,烈山区政府,,47,43,53,17,25,149,,165,164,17,19,5,7,0.6,0.7
2025-05-12T2100,3330A,116.8873,33.9836,淮北市,杜集区检察院,颗粒物(PM10),51,52,59,26,26,146,,162,161,17,17,8,9,0.6,0.6
2025-05-12T2100,4017A,116.7923,33.9535,淮北市,市博物馆,,48,43,57,23,26,151,,164,164,18,17,7,8,0.5,0.6
2025-05-12T2100,2277A,116.8305,32.7727,淮南市,潘集区政府,颗粒物(PM10),55,59,56,31,26,126,,150,149,21,17,6,5,0.4,0.3
2025-05-12T2100,2279A,116.8569,32.5951,淮南市,谢家集区政府,,,,44,37,25,121,,155,147,22,16,5,4,0.2,0.2
2025-05-12T2100,2280A,116.8281,32.633,淮南市,八公山区政府,颗粒物(PM10),60,70,54,33,27,127,,154,148,14,12,7,6,0.3,0.3
2025-05-12T2100,2281A,116.6325,32.6201,淮南市,焦岗湖风景区管理处,,,,,,,,,,,,,,,,
2025-05-12T2100,2894A,117.0566,32.6531,淮南市,经济技术开发区消防队,颗粒物(PM10),65,79,49,46,28,118,,150,145,21,11,7,5,0.4,0.3
2025-05-12T2100,3329A,117.0108,32.5893,淮南市,山南新区,颗粒物(PM10),66,81,50,34,21,135,,161,158,20,11,9,8,0.4,0.3
2025-05-12T2100,4209A,117.0031,32.6445,淮南市,国庆中路369号,颗粒物(PM10),55,59,43,23,23,124,,149,146,14,8,10,9,0.4,0.3
2025-05-12T2100,2446A,114.9028,30.4742,黄冈市,职工中心,,,,,,,,,,,,,,,,
2025-05-12T2100,2929A,114.8858,30.4519,黄冈市,红卫路,细颗粒物(PM2.5),68,66,51,49,31,149,,163,158,9,19,12,14,0.6,0.6
2025-05-12T2100,3398A,114.9136,30.4445,黄冈市,市林业局,颗粒物(PM10),56,61,55,37,32,142,,160,155,17,27,13,18,1.0,1
2025-05-12T2100,2672A,102.0199,35.5102,黄南藏族自治州,同仁县隆务镇,颗粒物(PM10),52,53,35,15,14,113,,122,121,3,4,6,5,0.2,0.2
2025-05-12T2100,2295A,118.2903,29.6963,黄山市,延安路89号,,36,32,33,25,22,90,,139,126,11,8,6,6,0.3,0.3
2025-05-12T2100,2297A,118.1371,30.2756,黄山市,黄山区政府5号楼,,45,41,30,31,21,66,,134,118,12,6,4,4,0.5,0.4
2025-05-12T2100,4210A,118.3354,29.7203,黄山市,滨江东路7-2号,,49,34,36,34,21,73,,141,121,17,9,5,5,0.4,0.4
2025-05-12T2100,2423A,115.0601,30.2313,黄石市,沈家营,,48,38,39,33,25,142,,154,147,15,28,8,8,0.6,0.6
2025-05-12T2100,2426A,114.8988,30.2019,黄石市,铁山,细颗粒物(PM2.5),63,65,41,45,18,104,,131,126,28,12,13,15,0.5,0.5
2025-05-12T2100,2427A,115.0307,30.2092,黄石市,团城山,细颗粒物(PM2.5),54,38,45,38,22,146,,147,146,14,24,13,9,0.6,0.6
2025-05-12T2100,3149A,115.0235,30.1578,黄石市,笔架山北路,细颗粒物(PM2.5),58,54,42,41,25,122,,146,135,19,19,12,10,0.8,0.7
2025-05-12T2100,4185A,115.0780,30.21118,黄石市,磁湖东路29号,细颗粒物(PM2.5),65,72,55,47,32,148,,152,150,15,32,14,8,0.7,0.7
2025-05-12T2100,1392A,114.4183,23.0528,惠州市,河南岸金山湖子站,,37,34,38,16,23,116,,138,137,18,21,10,10,0.5,0.5
2025-05-12T2100,1393A,114.4053,23.0822,惠州市,下埔横江三路子站,,44,44,40,24,21,124,,139,139,20,24,10,11,0.5,0.4
2025-05-12T2100,1394A,114.4103,23.1142,惠州市,江北云山西路子站,,46,36,37,20,21,145,,155,155,15,24,12,13,0.5,0.5
2025-05-12T2100,1395A,114.4645,22.7833,惠州市,惠阳区承修路船湖子站,,48,42,40,24,21,153,,152,152,12,19,8,9,0.6,0.6
2025-05-12T2100,1396A,114.5317,22.7422,惠州市,大亚湾管委会子站,,,40,36,21,19,155,,141,141,,28,4,8,0.5,0.5
2025-05-12T2100,3314A,114.4338,22.8134,惠州市,惠阳秋长,,50,41,36,18,21,157,,160,160,12,20,10,10,0.3,0.3
2025-05-12T2100,3452A,114.6517,22.775,惠州市,大亚湾霞涌,,47,30,29,12,13,149,,144,144,12,13,8,9,0.6,0.6
2025-05-12T2100,2240A,130.9762,45.3001,鸡西市,环保局,,50,50,50,26,28,127,,147,138,12,18,6,7,0.5,0.6
2025-05-12T2100,2243A,130.9429,45.3039,鸡西市,第一中学,,49,49,41,27,26,122,,141,133,8,10,7,7,0.5,0.5
2025-05-12T2100,3707A,131.0207,45.3073,鸡西市,欧美日汽修厂,,,,,,,,,,,,33,,7,,0.7
2025-05-12T2100,3709A,130.9967,45.3106,鸡西市,市政设施管理处,颗粒物(PM10),55,60,72,26,33,120,,138,129,9,27,8,8,0.5,0.6
2025-05-12T2100,2367A,114.9754,27.0803,吉安市,红声器材厂,,47,47,40,22,24,89,,146,136,26,12,11,14,0.6,0.5
2025-05-12T2100,2368A,114.9658,27.0999,吉安市,市森林工业局,,,47,41,25,24,70,,143,129,,14,9,12,0.8,0.3
2025-05-12T2100,2369A,114.99,27.1312,吉安市,市环境监测站,,44,44,35,27,26,80,,150,137,23,9,11,15,0.8,0.5
2025-05-12T2100,2370A,115.0093,27.0968,吉安市,青原区法院,,44,44,40,25,23,88,,154,139,16,13,11,13,0.3,0.3
2025-05-12T2100,1772A,126.54,43.8622,吉林市,哈达湾,细颗粒物(PM2.5),94,126,50,70,28,78,,160,145,52,16,8,7,0.8,0.5
2025-05-12T2100,1773A,126.5844,43.8358,吉林市,东局子,,,71,46,50,28,,,152,138,54,21,7,7,0.8,0.5
2025-05-12T2100,1774A,126.5052,43.8245,吉林市,电力学院,细颗粒物(PM2.5),128,156,56,97,34,34,,158,126,60,22,7,6,1.3,0.7
2025-05-12T2100,1775A,126.6133,43.8972,吉林市,江北,颗粒物(PM10),82,114,82,50,26,65,,151,120,40,18,7,8,0.9,0.5
2025-05-12T2100,1776A,126.555,43.8306,吉林市,江南公园,,,77,44,48,29,,,154,143,24,13,7,6,0.6,0.4
2025-05-12T2100,1778A,126.7061,43.7133,吉林市,丰满,,,,,,,,,,,,,,,,
2025-05-12T2100,2868A,126.4739,43.953,吉林市,九站,颗粒物(PM10),60,70,53,36,29,109,,161,136,35,18,9,8,0.5,0.4
2025-05-12T2100,1299A,116.9862,36.6114,济南市,科干所,,50,41,44,17,17,160,,168,168,10,13,4,5,0.1,0.1
2025-05-12T2100,1300A,116.9376,36.665,济南市,农科所,,,71,58,46,27,,,159,159,13,16,7,8,0.2,0.3
2025-05-12T2100,1301A,117.1265,36.6734,济南市,开发区,颗粒物(PM10),52,54,42,12,16,159,,162,162,9,9,8,9,0.5,0.5
2025-05-12T2100,1303A,117.0624,36.6868,济南市,省种子仓库,颗粒物(PM10),97,144,68,17,14,158,,162,161,9,11,4,6,0.4,0.3
2025-05-12T2100,1304A,116.9489,36.6447,济南市,机床二厂,颗粒物(PM10),78,105,67,34,17,151,,157,157,11,17,8,10,0.4,0.4
2025-05-12T2100,1305A,117.0495,36.663,济南市,市监测站,细颗粒物(PM2.5),95,,47,71,17,156,,161,161,9,10,8,9,0.3,0.4
2025-05-12T2100,1306A,116.7675,36.5484,济南市,长清党校,颗粒物(PM10),53,56,56,22,27,157,,168,168,13,14,6,8,0.5,0.6
2025-05-12T2100,1616A,117.6795,36.229,济南市,技术学院,颗粒物(PM10),54,58,56,19,27,158,,162,161,6,14,11,12,0.4,0.6
2025-05-12T2100,1961A,117.532,36.6868,济南市,东山小学,颗粒物(PM10),55,59,61,20,21,151,,165,163,8,9,7,8,0.3,0.3
2025-05-12T2100,3059A,117.7161,36.2049,济南市,泰兴公司,颗粒物(PM10),54,58,51,22,25,162,,159,159,18,44,7,7,0.2,0.4
2025-05-12T2100,3064A,117.6867,36.2171,济南市,莱芜战役纪念馆,颗粒物(PM10),53,56,57,14,21,154,,156,156,21,35,8,8,0.3,0.4
2025-05-12T2100,3494A,117.1673,36.9782,济南市,济阳区政府,细颗粒物(PM2.5),64,66,74,46,24,155,,172,169,17,30,7,7,0.3,0.3
2025-05-12T2100,3495A,117.1171,36.63,济南市,锦屏中学,颗粒物(PM10),51,51,50,12,11,156,,160,160,10,12,6,7,0.3,0.3
2025-05-12T2100,3682A,116.9814,36.6819,济南市,济南四建,"颗粒物(PM10),臭氧1小时",53,56,54,15,19,162,,170,170,9,12,4,6,0.3,0.4
2025-05-12T2100,1653A,116.6251,35.4302,济宁市,火炬城,,50,50,51,27,25,130,,147,144,7,7,6,7,0.3,0.3
2025-05-12T2100,1655A,116.5491,35.4042,济宁市,电化厂,,48,48,49,27,24,126,,141,138,9,10,5,3,0.4,0.3
2025-05-12T2100,3500A,116.5814,35.3707,济宁市,北湖一中,,49,49,56,28,28,128,,146,144,10,10,5,6,0.3,0.3
2025-05-12T2100,3501A,116.8249,35.5593,济宁市,服务中心,,,71,60,17,17,,,145,145,,15,,3,,0.3
2025-05-12T2100,3678A,116.5907,35.4054,济宁市,市第七中学,颗粒物(PM10),71,92,61,14,16,130,,146,144,36,11,6,6,0.6,0.4
2025-05-12T2100,2255A,130.2751,46.8028,佳木斯市,佳纺,细颗粒物(PM2.5),112,130,91,84,61,35,,116,88,37,20,9,9,0.7,0.5
2025-05-12T2100,2256A,130.3995,46.8307,佳木斯市,发电厂,细颗粒物(PM2.5),93,84,71,69,60,56,,120,92,22,14,4,5,0.5,0.4
2025-05-12T2100,2257A,130.3258,46.7975,佳木斯市,环保局,细颗粒物(PM2.5),94,117,77,70,58,14,,110,78,68,25,8,8,0.8,0.6
2025-05-12T2100,2258A,130.3648,46.8032,佳木斯市,十一中,细颗粒物(PM2.5),100,104,70,75,61,12,,116,85,81,21,8,7,1.1,0.6
2025-05-12T2100,2259A,130.3794,46.7588,佳木斯市,四丰,细颗粒物(PM2.5),87,112,58,64,44,49,,101,80,30,22,1,1,0.6,0.5
2025-05-12T2100,1252A,120.7436,30.778,嘉兴市,清河小学,颗粒物(PM10),53,56,56,27,32,144,,164,163,31,39,8,6,0.7,0.7
2025-05-12T2100,1253A,120.726,30.7478,嘉兴市,嘉兴学院,,49,47,53,26,31,156,,174,173,26,47,9,7,0.5,0.4
2025-05-12T2100,2872A,120.7846,30.7525,嘉兴市,南湖区残联,臭氧1小时,58,58,53,28,31,166,,189,188,26,28,8,7,0.4,0.3
2025-05-12T2100,3407A,120.6916,30.7739,嘉兴市,秀洲住建,臭氧1小时,65,55,67,28,34,172,,187,187,19,35,10,8,0.6,0.6
2025-05-12T2100,1945A,98.2908,39.7711,嘉峪关市,气象局,,39,39,46,22,24,124,,124,124,4,10,3,19,0.3,0.4
2025-05-12T2100,2884A,98.2672,39.7978,嘉峪关市,酒钢宾馆,,44,44,55,19,23,114,,113,113,4,9,13,26,0.3,0.4
2025-05-12T2100,3248A,98.2643,39.7724,嘉峪关市,雄关区,,42,42,44,13,12,120,,122,121,11,13,10,13,0.2,0.3
2025-05-12T2100,1383A,113.1064,22.6058,江门市,北街,,44,30,52,15,32,139,,229,222,18,37,2,4,0.5,0.5
2025-05-12T2100,1384A,113.0731,22.5835,江门市,西区,颗粒物(PM10),56,61,52,11,23,127,,226,219,23,38,8,10,0.5,0.6
2025-05-12T2100,1385A,113.0219,22.5311,江门市,圭峰西,,37,32,43,16,25,117,,196,190,19,26,4,6,0.5,0.5
2025-05-12T2100,1386A,113.0828,22.5947,江门市,东湖,,,,52,,29,,,52,,,48,,11,,0.7
2025-05-12T2100,3311A,113.1075,22.5647,江门市,江海富民,,45,42,47,31,26,133,,227,221,20,39,10,11,0.7,0.7
2025-05-12T2100,3449A,113.05,22.4667,江门市,新会银湖,,41,25,57,16,32,129,,237,224,17,34,2,3,0.6,0.7
2025-05-12T2100,1830A,113.1992,35.2590,焦作市,影视城,,,,30,,4,,,,,,19,,9,,0.3
2025-05-12T2100,3169A,113.2725,35.2067,焦作市,太极体育中心,颗粒物(PM10),64,78,63,32,31,119,,163,160,21,19,5,12,0.1,0.2
2025-05-12T2100,3335A,113.3137,35.2641,焦作市,马村街道办,颗粒物(PM10),64,77,71,32,30,134,,172,167,20,24,10,14,0.2,0.4
2025-05-12T2100,3336A,113.2465,35.2373,焦作市,焦作技师学院,颗粒物(PM10),72,93,70,31,31,94,,172,164,22,19,7,14,0.7,0.8
2025-05-12T2100,3477A,113.1656,35.2539,焦作市,中站许衡医院,颗粒物(PM10),69,87,51,31,20,133,,162,158,38,26,9,11,0.4,0.5
2025-05-12T2100,3981A,113.2449,35.1803,焦作市,原李万街道办,颗粒物(PM10),78,105,60,34,27,116,,174,168,20,18,6,14,0.1,0.3
2025-05-12T2100,4264A,113.2340,35.2190,焦作市,新安路1731号,,,,70,,35,,,180,180,,27,8,16,,0.7
2025-05-12T2100,1708A,116.3701,23.5345,揭阳市,新兴,,42,33,45,25,23,132,,144,143,16,28,5,9,0.6,0.7
2025-05-12T2100,1709A,116.3264,23.5443,揭阳市,西马,,,40,44,23,25,,,150,150,14,25,7,9,0.7,0.8
2025-05-12T2100,1710A,116.3611,23.5626,揭阳市,东兴,,41,33,44,20,22,131,,144,144,10,19,7,8,0.6,0.6
2025-05-12T2100,1711A,116.4151,23.5294,揭阳市,渔湖,,44,33,47,27,26,139,,150,150,16,32,4,9,0.6,0.7
2025-05-12T2100,3320A,116.403,23.5699,揭阳市,曲溪,,49,49,41,28,24,144,,158,158,17,30,4,10,0.5,0.6
2025-05-12T2100,1944A,102.1692,38.5167,金昌市,天庆家园,颗粒物(PM10),57,63,57,17,14,116,,124,122,5,5,7,7,0.9,0.6
2025-05-12T2100,4022A,102.1647,38.5371,金昌市,金川区人防中心,颗粒物(PM10),56,62,69,21,16,122,,128,126,6,6,4,4,0.5,0.4
2025-05-12T2100,4239A,102.1930,38.5319,金昌市,长春路96号,颗粒物(PM10),66,81,64,21,13,121,,122,122,2,3,6,6,0.5,0.6
2025-05-12T2100,1262A,119.647,29.077,金华市,十五中,细颗粒物(PM2.5),55,58,44,39,25,95,,153,145,50,23,4,4,0.6,0.4
2025-05-12T2100,1263A,119.686,29.1029,金华市,监测站,颗粒物(PM10),53,56,43,35,28,78,,140,125,43,18,5,4,0.4,0.3
2025-05-12T2100,3659A,119.656,29.1131,金华市,气象局,颗粒物(PM10),52,53,47,35,26,66,,158,140,56,28,4,4,0.5,0.4
2025-05-12T2100,1767A,121.1115,41.0879,锦州市,南山,细颗粒物(PM2.5),57,47,57,40,60,132,,177,173,19,18,6,9,0.6,0.8
2025-05-12T2100,1768A,121.0604,40.8428,锦州市,开发区,细颗粒物(PM2.5),63,73,76,45,51,132,,170,166,27,30,6,7,0.7,0.7
2025-05-12T2100,1769A,121.1836,41.1119,锦州市,百股街道,细颗粒物(PM2.5),55,43,61,39,48,140,,177,174,15,21,5,6,0.6,0.7
2025-05-12T2100,1770A,121.1178,41.1222,锦州市,天安街道,,,62,69,46,66,,,181,181,19,21,6,8,0.7,0.8
2025-05-12T2100,1771A,121.1303,41.1386,锦州市,北湖公园,细颗粒物(PM2.5),55,56,76,39,61,141,,177,174,15,20,6,9,0.7,0.8
2025-05-12T2100,2160A,112.85,35.5051,晋城市,自来水公司,,49,49,49,22,16,129,,175,170,33,33,11,10,0.8,0.9
2025-05-12T2100,2161A,112.8318,35.4936,晋城市,白云商贸,颗粒物(PM10),63,76,55,17,11,119,,174,169,38,33,9,9,1.0,1
2025-05-12T2100,2162A,112.8508,35.4887,晋城市,市环保局,颗粒物(PM10),68,85,59,24,17,88,,166,156,54,33,10,8,0.6,0.6
2025-05-12T2100,2163A,112.8676,35.4897,晋城市,技术学院,,,78,48,,12,,,160,160,48,34,8,9,0.8,0.9
2025-05-12T2100,2165A,112.8453,35.546,晋城市,白马寺,臭氧1小时,63,32,30,20,15,170,,179,178,12,14,8,8,0.4,0.7
2025-05-12T2100,3620A,112.8271,35.4828,晋城市,泽州一中,,40,37,45,24,15,126,,174,170,34,29,4,4,0.5,0.7
2025-05-12T2100,2173A,112.7249,37.7067,晋中市,南都小区,颗粒物(PM10),61,71,62,14,18,97,,157,146,26,25,6,16,0.4,0.5
2025-05-12T2100,2174A,112.6991,37.6982,晋中市,榆次区政府,颗粒物(PM10),56,61,63,14,16,106,,160,152,22,27,8,16,0.4,0.7
2025-05-12T2100,2865A,112.7195,37.6828,晋中市,榆次三中,颗粒物(PM10),63,75,69,24,21,106,,160,151,21,23,5,12,0.2,0.4
2025-05-12T2100,4200A,112.7478,37.6954,晋中市,迎宾街26号,颗粒物(PM10),59,68,66,17,19,100,,154,144,19,24,6,13,0.4,0.5
2025-05-12T2100,2439A,112.2014,31.0481,荆门市,竹园小学,,,63,81,35,46,155,,162,162,16,15,9,8,,0.2
2025-05-12T2100,2440A,112.1969,30.9891,荆门市,掇刀,颗粒物(PM10),65,80,81,44,46,148,,159,159,15,15,7,5,0.4,0.3
2025-05-12T2100,2441A,112.2213,31.0386,荆门市,石化一小,细颗粒物(PM2.5),63,70,74,45,45,137,,156,155,23,15,10,10,0.5,0.4
2025-05-12T2100,3012A,112.1849,31.0362,荆门市,西山林语,细颗粒物(PM2.5),55,58,72,39,45,146,,151,151,11,11,11,9,0.4,0.5
2025-05-12T2100,3547A,112.1632,31.0138,荆门市,龙泉中学南校,颗粒物(PM10),64,78,81,32,50,145,,152,152,11,14,10,6,0.7,0.6
2025-05-12T2100,1844A,112.2494,30.3197,荆州市,市图书馆,颗粒物(PM10),58,66,61,39,43,132,,151,150,26,18,9,7,0.4,0.4
2025-05-12T2100,1845A,112.2008,30.3544,荆州市,市委党校,颗粒物(PM10),55,59,62,36,44,121,,128,128,19,15,10,9,0.6,0.6
2025-05-12T2100,3194A,112.2747,30.3122,荆州市,管委会,细颗粒物(PM2.5),62,62,57,44,41,130,,146,146,18,15,13,15,0.6,0.6
2025-05-12T2100,4268A,112.1722,30.3366,荆州市,学苑路85号,细颗粒物(PM2.5),62,56,64,44,45,126,,141,141,21,18,5,4,0.6,0.6
2025-05-12T2100,2342A,117.3102,29.3867,景德镇市,王港中学,,,,,,,,,,,,,,,,
2025-05-12T2100,2343A,117.2117,29.2933,景德镇市,老干部活动中心,,48,47,44,33,26,102,,156,146,20,19,8,10,0.4,0.4
2025-05-12T2100,2344A,117.1894,29.2789,景德镇市,兽医站,颗粒物(PM10),57,63,50,28,29,100,,146,137,14,14,4,6,0.5,0.5
2025-05-12T2100,2345A,117.1547,29.2617,景德镇市,台达陶瓷,颗粒物(PM10),64,77,62,42,34,79,,148,134,44,28,56,41,0.7,0.7
2025-05-12T2100,2346A,117.2461,29.2956,景德镇市,陶研所,,40,38,46,28,31,105,,151,140,8,13,4,9,0.2,0.3
2025-05-12T2100,1803A,115.9872,29.6815,九江市,十里,,45,40,38,28,28,142,,170,168,9,21,2,3,0.4,0.5
2025-05-12T2100,1804A,115.9584,29.7046,九江市,茅山头,细颗粒物(PM2.5),54,42,47,38,32,142,,158,156,12,23,5,7,0.7,0.6
2025-05-12T2100,1805A,115.9877,29.7295,九江市,西园,,48,36,40,28,29,152,,169,168,18,35,5,10,0.5,0.6
2025-05-12T2100,1808A,115.9114,29.6038,九江市,综合工业园,颗粒物(PM10),89,127,53,41,35,141,,167,164,38,24,10,11,0.8,0.6
2025-05-12T2100,1809A,116.0721,29.7535,九江市,石化总厂,细颗粒物(PM2.5),70,72,58,51,40,134,,162,159,22,17,12,8,0.6,0.6
2025-05-12T2100,1810A,115.9773,29.5698,九江市,庐山气象台,,47,37,40,26,24,148,,155,155,8,6,7,6,0.8,0.8
2025-05-12T2100,3190A,116.0254,29.6994,九江市,外国语学校,,48,31,40,22,23,151,,163,163,8,18,8,10,0.7,0.8
2025-05-12T2100,4253A,116.0102,29.6594,九江市,莲花大道8号,,44,34,32,27,23,138,,162,161,5,6,4,6,0.4,0.4
2025-05-12T2100,4240A,98.4958,39.7339,酒泉市,玉门东路5号,颗粒物(PM10),54,58,51,28,21,107,,115,113,6,5,13,10,0.3,0.3
2025-05-12T2100,4241A,98.5099,39.7506,酒泉市,北大街108号,颗粒物(PM10),60,70,51,21,22,103,,115,113,13,9,13,11,0.3,0.3
2025-05-12T2100,2698A,76.0072,39.4467,喀什地区,巡警大队,颗粒物(PM10),73,96,76,3,11,122,,121,121,11,7,3,3,0.2,0.2
2025-05-12T2100,2699A,75.9755,39.4694,喀什地区,吾办,,,76,57,26,34,,,120,,10,8,7,5,0.4,0.2
2025-05-12T2100,4027A,75.9483,39.4689,喀什地区,老干局,颗粒物(PM10),58,66,51,38,55,126,,124,124,10,6,4,3,0.7,0.6
2025-05-12T2100,1824A,114.3389,34.7781,开封市,肿瘤医院,颗粒物(PM10),60,70,80,26,27,129,,162,152,6,11,8,10,0.4,0.4
2025-05-12T2100,1826A,114.2885,34.7965,开封市,世纪星幼儿园,细颗粒物(PM2.5),72,72,90,52,45,137,,174,164,12,19,8,10,0.5,0.5
2025-05-12T2100,3147A,114.3438,34.8106,开封市,龙亭公园,颗粒物(PM10),58,66,83,30,41,134,,172,162,11,15,2,3,0.5,0.5
2025-05-12T2100,3210A,114.3644,34.7964,开封市,汴京公园,颗粒物(PM10),63,75,84,31,29,122,,159,150,12,15,12,14,0.6,0.5
2025-05-12T2100,3473A,114.2485,34.8306,开封市,技师学院,颗粒物(PM10),66,82,84,43,36,138,,176,165,10,14,5,6,0.7,0.6
2025-05-12T2100,3592A,114.4644,34.7556,开封市,祥符区生态环境局,,43,36,40,30,32,124,,158,151,19,17,7,8,0.5,0.5
2025-05-12T2100,1951A,84.895,45.6094,克拉玛依市,长征新村,,36,36,23,7,6,93,,96,96,5,4,8,8,0.1,0.1
2025-05-12T2100,1952A,84.8988,45.5893,克拉玛依市,南林小区,,31,10,12,8,8,99,,102,102,3,2,4,4,0.1,0.1
2025-05-12T2100,1954A,84.905,44.3396,克拉玛依市,独山子区,,,16,25,,9,107,,110,110,8,5,,8,0.4,0.4
2025-05-12T2100,1955A,85.6979,46.098,克拉玛依市,乌尔禾区商贸楼,,32,16,16,9,7,100,,101,101,1,2,10,10,0.3,0.3
2025-05-12T2100,3612A,85.1045,45.6899,克拉玛依市,白碱滩区新站,,31,,26,21,19,99,,103,103,2,2,10,11,0.4,0.4
2025-05-12T2100,2697A,76.1454,39.7142,克孜勒苏柯尔克孜自治州,市人民政府,,45,23,41,6,8,144,,140,140,7,6,2,4,0.7,0.5
2025-05-12T2100,3665A,76.1658,39.7157,克孜勒苏柯尔克孜自治州,克州文化中心,,46,15,33,8,12,145,,139,139,3,3,3,6,0.1,0.1
2025-05-12T2100,1450A,102.8204,24.8886,昆明市,呈贡新区,,32,26,32,19,21,101,,138,132,16,22,7,7,0.5,0.5
2025-05-12T2100,1451A,102.6251,24.9608,昆明市,西山森林公园,,,,,,,,,,,,,,,,
2025-05-12T2100,1452A,102.7252,25.0902,昆明市,龙泉镇,,33,32,31,10,19,105,,139,135,12,22,8,10,0.3,0.4
2025-05-12T2100,1453A,102.7266,25.0375,昆明市,东风东路,,33,26,32,20,25,104,,138,133,15,17,8,11,0.4,0.5
2025-05-12T2100,1454A,102.6742,25.0669,昆明市,金鼎山,,32,30,34,15,23,101,,136,131,15,19,1,4,0.5,0.6
2025-05-12T2100,1455A,102.6644,25.0401,昆明市,碧鸡广场,,29,23,35,16,22,91,,125,120,19,26,6,8,0.4,0.5
2025-05-12T2100,3179A,102.7494,25.0119,昆明市,官渡区博物馆,,33,29,31,14,18,104,,141,136,12,12,8,9,0.4,0.5
2025-05-12T2100,3375A,102.8017,24.8336,昆明市,青年创业园,,33,27,25,14,13,103,,140,134,14,14,9,10,0.3,0.3
2025-05-12T2100,3550A,102.7997,24.9786,昆明市,昆明学院,,33,20,33,11,19,104,,136,132,11,22,5,7,0.5,0.4
2025-05-12T2100,3551A,102.5967,24.6736,昆明市,晋宁区生态环境分局,,33,17,25,7,19,104,,125,122,7,14,4,5,0.5,0.6
2025-05-12T2100,3552A,102.6678,24.9856,昆明市,云天化总部,,32,17,25,12,18,101,,126,123,9,14,6,9,0.6,0.7
2025-05-12T2100,1456A,91.1319,29.6514,拉萨市,八廓街,,45,19,26,3,10,143,,150,150,7,7,6,6,0.3,0.3
2025-05-12T2100,1457A,91.1221,29.6747,拉萨市,市环保局,,42,26,31,9,10,133,,143,143,13,9,4,4,0.5,0.4
2025-05-12T2100,1458A,91.0874,29.6475,拉萨市,区监测站,,45,24,24,10,10,143,,151,151,13,10,6,6,0.4,0.4
2025-05-12T2100,1459A,91.1774,29.6541,拉萨市,西藏大学,,43,21,27,9,10,136,,144,144,10,10,6,6,0.4,0.4
2025-05-12T2100,1460A,90.9798,29.6588,拉萨市,区辐射站,,44,18,29,9,11,138,,139,139,12,12,5,5,0.4,0.4
2025-05-12T2100,1461A,91.0834,29.6292,拉萨市,拉萨火车站,,45,14,23,10,8,142,,148,148,6,5,3,4,0.4,0.4
2025-05-12T2100,2520A,109.2203,23.7256,来宾市,来宾技工学校,,,65,54,,26,122,,162,159,43,26,8,20,0.6,0.6
2025-05-12T2100,3535A,109.1781,23.7297,来宾市,兴宾区政府,,47,47,42,27,23,116,,158,154,40,16,7,8,0.5,0.4
2025-05-12T2100,4002A,109.2416,23.7461,来宾市,中南小学,颗粒物(PM10),59,68,57,26,27,134,,160,158,28,30,10,14,0.6,0.5
2025-05-12T2100,1477A,104.1373,35.9454,兰州市,榆中兰大校区,,,,,,,,,,,,,,,,
2025-05-12T2100,1479A,103.831,36.0464,兰州市,铁路设计院,颗粒物(PM10),70,89,66,36,34,32,,114,104,97,72,10,14,0.6,0.8
2025-05-12T2100,3241A,103.7439,36.0842,兰州市,百合公园,,45,45,67,18,24,82,,115,112,25,55,4,11,0.3,0.7
2025-05-12T2100,3242A,103.9611,35.998,兰州市,和平,颗粒物(PM10),71,92,63,38,30,82,,122,116,33,24,8,8,0.5,0.5
2025-05-12T2100,4236A,103.6293,36.0938,兰州市,庄浪东路808号,颗粒物(PM10),75,99,61,30,26,18,,123,107,105,48,10,21,0.4,0.5
2025-05-12T2100,4237A,103.7251,36.1043,兰州市,安宁西路88号,颗粒物(PM10),66,81,75,27,30,121,,137,135,5,50,5,11,0.3,0.6
2025-05-12T2100,4238A,103.8470,36.0676,兰州市,北滨河东路1号,颗粒物(PM10),72,94,76,28,25,94,,129,125,34,57,7,14,0.5,0.8
2025-05-12T2100,3245A,103.6633,36.533,兰州新区,新区管委会,,42,42,40,28,25,120,,139,137,9,11,9,21,0.3,0.3
2025-05-12T2100,3246A,103.6975,36.4789,兰州新区,舟曲中学,颗粒物(PM10),55,60,44,14,15,114,,134,130,16,15,6,11,0.4,0.5
2025-05-12T2100,1067A,116.6708,39.5111,廊坊市,药材公司,颗粒物(PM10),83,116,95,56,55,158,,204,204,31,33,5,7,0.6,0.5
2025-05-12T2100,1068A,116.7214,39.5589,廊坊市,开发区,颗粒物(PM10),82,113,97,57,46,146,,201,201,31,52,3,5,0.5,0.4
2025-05-12T2100,1070A,116.7244,39.5269,廊坊市,北华航天学院,颗粒物(PM10),100,150,108,72,58,113,,197,193,52,45,5,8,0.7,0.5
2025-05-12T2100,2919A,116.7022,39.5453,廊坊市,河北工业大学,颗粒物(PM10),102,153,102,59,50,171,,211,211,34,37,6,8,0.6,0.5
2025-05-12T2100,2535A,103.7723,29.5462,乐山市,花湖湾,臭氧1小时,98,65,96,48,74,198,,213,212,19,25,5,9,0.7,1.1
2025-05-12T2100,2536A,103.7627,29.5844,乐山市,牛耳桥,"颗粒物(PM10),细颗粒物(PM2.5)",59,67,117,42,96,157,,198,194,35,38,9,10,0.8,1.1
2025-05-12T2100,2537A,103.7508,29.6006,乐山市,市第三水厂,颗粒物(PM10),64,78,106,43,81,158,,192,190,33,37,9,8,1.0,1.1
2025-05-12T2100,2538A,103.7571,29.5664,乐山市,市监测站,臭氧1小时,90,68,94,52,67,192,,202,202,16,28,10,12,0.9,1.2
2025-05-12T2100,3361A,103.7311,29.5628,乐山市,理工大学,臭氧1小时,72,63,90,45,68,177,,155,153,20,32,8,9,0.8,1
2025-05-12T2100,2598A,100.2143,26.8576,丽江市,西南郊,,,,22,,15,,,102,,,9,,5,,0.9
2025-05-12T2100,2599A,100.2497,26.8802,丽江市,丽江古城,,32,27,27,22,20,93,,114,110,15,15,9,9,0.6,0.6
2025-05-12T2100,2600A,100.2203,26.8906,丽江市,市中心,,30,22,21,19,19,96,,113,108,20,16,8,8,0.7,0.6
2025-05-12T2100,1267A,119.914,28.4514,丽水市,监测站大楼,,40,30,36,22,19,125,,132,130,15,18,3,3,0.1,0.2
2025-05-12T2100,1268A,119.93,28.4586,丽水市,莲都小学,,45,32,38,21,22,141,,138,138,11,15,4,4,0.2,0.2
2025-05-12T2100,1269A,119.879,28.4231,丽水市,余庄前,,45,28,34,20,21,142,,141,141,10,13,4,4,0.2,0.3
2025-05-12T2100,1173A,119.176,34.5885,连云港市,市环境监测站,臭氧1小时,53,41,51,27,23,162,,164,164,14,15,8,7,0.5,0.4
2025-05-12T2100,3000A,119.3581,34.6972,连云港市,德源药业,,,,,,,,,,,,,,,,
2025-05-12T2100,3007A,119.178,34.844,连云港市,新城一中,颗粒物(PM10),52,54,60,24,32,135,,157,153,20,20,7,8,0.5,0.5
2025-05-12T2100,3008A,119.3608,34.7519,连云港市,胡沟管理处,臭氧1小时,65,36,42,19,19,172,,167,167,14,19,10,9,0.6,0.6
2025-05-12T2100,3009A,119.1478,34.5911,连云港市,矿山设计院,臭氧1小时,74,44,55,17,24,179,,170,170,12,15,8,8,0.4,0.4
2025-05-12T2100,3434A,119.2413,34.6539,连云港市,工贸学校,臭氧1小时,60,40,48,24,27,168,,171,171,14,15,9,9,0.4,0.4
2025-05-12T2100,3664A,119.4172,34.7341,连云港市,连云街道,臭氧1小时,77,57,48,24,20,181,,177,177,11,10,10,8,0.5,0.5
2025-05-12T2100,2571A,102.3431,27.8099,凉山彝族自治州,青龙寺,,39,28,27,11,9,122,,130,128,5,10,4,6,0.5,0.6
2025-05-12T2100,2572A,102.2721,27.8415,凉山彝族自治州,邛海宾馆,,44,37,43,26,21,139,,126,126,10,20,10,10,0.7,0.9
2025-05-12T2100,2573A,102.2625,27.898,凉山彝族自治州,西昌市政府,,43,28,37,20,23,136,,126,126,8,12,15,13,0.7,0.9
2025-05-12T2100,2574A,102.2685,27.8851,凉山彝族自治州,凉山州政府,,42,36,37,24,20,133,,124,124,9,16,10,10,1.1,1.2
2025-05-12T2100,4229A,102.2342,27.8859,凉山彝族自治州,凯乐南路30号,,49,49,48,28,26,116,,110,110,14,23,19,12,1.3,1.2
2025-05-12T2100,2212A,123.2,41.1953,辽阳市,宏伟区,臭氧1小时,73,39,48,33,66,178,,176,176,5,8,8,8,0.5,0.5
2025-05-12T2100,2213A,123.1683,41.2495,辽阳市,新华园,,50,45,51,30,39,157,,159,159,7,10,6,8,0.5,0.6
2025-05-12T2100,2214A,123.2354,41.2639,辽阳市,滨河路,臭氧1小时,54,54,48,28,33,163,,157,157,12,16,8,8,0.4,0.4
2025-05-12T2100,2215A,123.149,41.2991,辽阳市,铁西工业园,细颗粒物(PM2.5),72,54,63,52,49,154,,154,154,5,9,6,7,0.5,0.5
2025-05-12T2100,2227A,125.1358,42.8845,辽源市,环保局,,,,52,,30,,,93,,,34,,7,,0.8
2025-05-12T2100,3239A,125.0764,42.9078,辽源市,银鹰制药,,49,41,48,23,27,154,,182,172,15,26,3,3,0.4,0.5
2025-05-12T2100,1625A,115.9848,36.4372,聊城市,区政府,,,68,69,20,22,,,149,149,13,13,7,8,0.6,0.6
2025-05-12T2100,2878A,116.0072,36.4343,聊城市,聊大东校,,,66,69,25,30,,,156,155,20,14,5,8,,0.3
2025-05-12T2100,3200A,115.9819,36.4978,聊城市,监控中心,颗粒物(PM10),57,63,68,19,21,134,,161,158,13,15,7,10,0.5,0.5
2025-05-12T2100,3513A,116.0445,36.4361,聊城市,九州社区,颗粒物(PM10),52,54,59,20,20,135,,171,166,16,15,13,6,0.4,0.4
2025-05-12T2100,4018A,116.0567,36.4608,聊城市,星美广场,,49,49,58,17,17,125,,160,155,14,13,8,10,0.5,0.5
2025-05-12T2100,2632A,94.3681,29.6376,林芝市,林芝监测站,,37,9,16,8,8,118,,126,126,5,7,5,5,0.2,0.1
2025-05-12T2100,2633A,94.3616,29.6616,林芝市,林芝人民医院,,36,12,19,8,9,115,,122,122,2,3,5,5,0.2,0.2
2025-05-12T2100,2603A,100.0781,23.8982,临沧市,市环保局,细颗粒物(PM2.5),88,,32,65,34,88,,91,91,13,9,7,7,0.7,0.6
2025-05-12T2100,2604A,100.0894,23.8822,临沧市,市气象局,细颗粒物(PM2.5),53,40,28,37,25,99,,99,99,21,12,8,8,0.7,0.6
2025-05-12T2100,1733A,111.5531,36.0783,临汾市,临钢医院,颗粒物(PM10),62,74,55,20,15,129,,164,164,28,28,12,7,0.9,0.7
2025-05-12T2100,1734A,111.5028,36.0714,临汾市,技工学校,颗粒物(PM10),65,80,53,27,25,110,,171,166,27,26,14,11,0.8,0.8
2025-05-12T2100,1736A,111.5018,36.0855,临汾市,市委,颗粒物(PM10),60,70,59,20,17,116,,172,168,30,28,16,11,0.8,0.7
2025-05-12T2100,3018A,111.505,36.1014,临汾市,唐尧大酒店,,,,64,,18,,,169,169,30,28,11,7,,0.7
2025-05-12T2100,4244A,111.4879,36.0530,临汾市,启星学校,颗粒物(PM10),64,77,57,35,22,105,,163,158,31,29,14,10,0.8,0.8
2025-05-12T2100,4271A,103.2464,35.6123,临夏回族自治州,滨河东路1号,"颗粒物(PM10),细颗粒物(PM2.5)",68,85,73,49,44,65,,126,111,46,29,9,9,0.4,0.5
2025-05-12T2100,4310A,103.2093,35.5995,临夏回族自治州,新华街21号,颗粒物(PM10),64,77,70,28,32,66,,124,116,37,26,8,10,0.5,0.5
2025-05-12T2100,1618A,118.3429,35.0532,临沂市,沂河小区,颗粒物(PM10),53,56,70,26,31,142,,154,152,15,19,15,12,0.3,0.3
2025-05-12T2100,1619A,118.295,35.0583,临沂市,鲁南制药厂,颗粒物(PM10),53,56,64,24,31,152,,170,166,23,22,17,10,0.3,0.4
2025-05-12T2100,1620A,118.2794,34.9976,临沂市,新光毛纺厂,颗粒物(PM10),54,58,66,22,30,134,,162,155,30,26,25,14,0.3,0.3
2025-05-12T2100,1621A,118.3956,35.0888,临沂市,河东保险公司,细颗粒物(PM2.5),57,46,56,40,30,162,,170,169,12,15,10,10,0.3,0.3
2025-05-12T2100,3370A,118.3564,35.0215,临沂市,十里堡居委,,49,48,68,31,30,155,,173,170,24,27,9,9,0.4,0.5
2025-05-12T2100,3496A,118.3604,35.1084,临沂市,南坊新区,颗粒物(PM10),56,61,64,14,26,148,,157,156,14,17,13,10,0.2,0.2
2025-05-12T2100,3860A,118.3920,35.0300,临沂市,皇山花园小区,颗粒物(PM10),62,73,67,24,31,151,,164,162,21,26,9,13,0.4,0.5
2025-05-12T2100,1870A,109.4856,24.3895,柳州市,柳东小学,,49,36,43,20,27,155,,164,162,10,20,12,14,0.4,0.5
2025-05-12T2100,1871A,109.4157,24.3277,柳州市,环保监测站,,46,46,56,13,30,118,,149,144,22,30,4,8,0.6,0.8
2025-05-12T2100,1872A,109.389,24.341,柳州市,河西水厂,,46,46,65,24,29,126,,158,152,28,30,7,10,0.4,0.5
2025-05-12T2100,1873A,109.4311,24.2921,柳州市,市四中,颗粒物(PM10),51,52,55,27,26,100,,151,143,39,34,13,12,0.7,0.7
2025-05-12T2100,1874A,109.4006,24.3631,柳州市,市九中,颗粒物(PM10),59,68,59,18,27,91,,150,139,33,28,9,12,0.6,0.7
2025-05-12T2100,1875A,109.4958,24.3134,柳州市,古亭山,,32,29,42,22,19,80,,148,135,37,33,7,9,0.7,0.8
2025-05-12T2100,3402A,109.5422,24.3996,柳州市,市二中,,35,31,45,24,30,102,,158,149,31,32,54,17,0.4,0.5
2025-05-12T2100,2307A,116.5079,31.737,六安市,监测大楼,,48,43,34,33,26,130,,132,131,14,12,4,2,0.3,0.3
2025-05-12T2100,2308A,116.4738,31.7643,六安市,皖西学院,,50,50,41,29,20,140,,142,141,12,11,7,5,0.2,0.2
2025-05-12T2100,2309A,116.4996,31.7905,六安市,朝阳厂,,46,46,33,27,19,127,,127,127,17,18,5,5,0.2,0.3
2025-05-12T2100,2310A,116.5567,31.7886,六安市,开发区,颗粒物(PM10),74,98,48,41,22,119,,141,133,20,16,8,5,0.5,0.3
2025-05-12T2100,2576A,104.8,26.5892,六盘水市,窑上,,41,41,34,21,17,87,,119,115,8,8,5,6,0.4,0.4
2025-05-12T2100,2577A,104.83,26.5917,六盘水市,黄土坡,,37,29,34,19,18,118,,137,136,14,19,10,10,0.4,0.4
2025-05-12T2100,2578A,104.89,26.5939,六盘水市,水钢,,39,26,40,19,19,124,,140,140,6,10,10,10,0.4,0.4
2025-05-12T2100,2579A,104.8475,26.5894,六盘水市,民中,,37,28,34,14,18,117,,132,132,9,17,7,9,0.4,0.4
2025-05-12T2100,2580A,104.9544,26.5506,六盘水市,双水,,36,34,35,20,13,113,,133,132,14,11,10,10,0.2,0.2
2025-05-12T2100,2335A,117.0189,25.1181,龙岩市,龙岩师专,,,,,,,,,,,,,,,,
2025-05-12T2100,2336A,117.0217,25.1033,龙岩市,龙岩市监测站,,44,,25,19,16,140,,156,155,16,22,18,9,0.5,0.4
2025-05-12T2100,2337A,117.0258,25.0661,龙岩市,闽西职业技术学院,,38,38,36,24,19,118,,150,147,16,20,29,33,0.4,0.4
2025-05-12T2100,2338A,117.0196,25.0306,龙岩市,龙岩学院,,42,26,26,18,15,132,,154,151,10,12,9,9,0.4,0.4
2025-05-12T2100,2665A,105.0822,33.3261,陇南市,汉王镇固水子,,,,,,,,,,,,,,,,
2025-05-12T2100,2885A,104.9339,33.3826,陇南市,滨江中学,颗粒物(PM10),63,75,74,35,35,107,,138,129,12,6,10,10,0.5,0.1
2025-05-12T2100,3247A,104.955,33.371,陇南市,市总工会,颗粒物(PM10),58,65,66,27,31,116,,142,134,6,6,8,8,0.5,0.4
2025-05-12T2100,2487A,111.9589,27.8901,娄底市,电视发射台,,46,46,52,26,29,81,,133,123,5,5,6,9,0.5,0.6
2025-05-12T2100,2488A,111.9975,27.725,娄底市,市监测站,细颗粒物(PM2.5),54,51,64,38,44,130,,140,139,15,29,10,15,0.6,0.7
2025-05-12T2100,2489A,112.0194,27.7314,娄底市,市委党校,细颗粒物(PM2.5),63,70,68,45,43,116,,120,119,9,17,3,5,0.4,0.5
2025-05-12T2100,2490A,111.9561,27.7569,娄底市,涟钢,颗粒物(PM10),63,75,64,43,38,101,,116,112,37,28,50,27,1.2,0.9
2025-05-12T2100,2491A,111.9892,27.7044,娄底市,市政府,细颗粒物(PM2.5),62,58,55,44,38,123,,138,136,9,10,9,8,0.6,0.6
2025-05-12T2100,1893A,105.4324,28.9634,泸州市,九狮山,,,,,,,,,,,,,,,,
2025-05-12T2100,1894A,105.4427,28.9063,泸州市,小市上码头,颗粒物(PM10),59,67,65,36,36,166,,176,176,31,23,7,11,0.7,0.7
2025-05-12T2100,1895A,105.4241,28.8573,泸州市,兰田宪桥,颗粒物(PM10),61,71,72,37,38,121,,163,159,32,25,10,11,0.7,0.6
2025-05-12T2100,1896A,105.4379,28.8833,泸州市,市环监站,,,64,86,34,46,154,,170,169,,,12,16,0.5,0.3
2025-05-12T2100,4272A,105.3689,28.7783,泸州市,纳溪中医医院,颗粒物(PM10),64,77,65,37,37,94,,156,150,56,32,9,9,0.5,0.5
2025-05-12T2100,2183A,111.1406,37.5211,吕梁市,环保局,颗粒物(PM10),111,172,88,46,22,,,132,122,82,37,3,3,0.6,0.5
2025-05-12T2100,2185A,111.1297,37.5136,吕梁市,自来水公司,颗粒物(PM10),71,91,82,47,23,23,,133,112,71,38,5,6,1.5,0.8
2025-05-12T2100,2867A,111.1283,37.51,吕梁市,马茂庄小学,颗粒物(PM10),71,92,85,32,22,45,,126,112,49,41,9,8,0.6,0.5
2025-05-12T2100,1812A,112.3931,34.6516,洛阳市,市委党校,颗粒物(PM10),61,71,46,34,23,130,,154,152,14,24,11,7,0.6,0.5
2025-05-12T2100,1815A,112.494,34.6886,洛阳市,河南林校,颗粒物(PM10),62,73,49,38,29,130,,158,154,13,22,9,9,0.4,0.4
2025-05-12T2100,1816A,112.3844,34.623,洛阳市,开发区管委会,,,106,46,44,24,,,155,155,14,21,11,7,0.4,0.4
2025-05-12T2100,1817A,112.4267,34.6258,洛阳市,市委新办公区,,,,35,,18,,,96,,,21,,11,,0.3
2025-05-12T2100,3340A,112.6005,34.6326,洛阳市,伊滨,颗粒物(PM10),52,53,63,33,30,150,,162,160,10,18,8,10,0.5,0.5
2025-05-12T2100,3341A,112.4951,34.6332,洛阳市,中移产业园,颗粒物(PM10),66,82,55,33,24,145,,170,166,11,19,8,8,0.5,0.3
2025-05-12T2100,3593A,112.5736,34.8993,洛阳市,吉利监测站,颗粒物(PM10),66,81,39,37,17,87,,158,144,32,17,9,9,0.6,0.3
2025-05-12T2100,3635A,112.3677,34.662,洛阳市,河科大西苑校区,颗粒物(PM10),62,74,50,30,22,136,,161,159,15,26,18,11,0.5,0.4
2025-05-12T2100,3636A,112.4388,34.6781,洛阳市,英才小学,颗粒物(PM10),59,67,52,32,25,142,,165,162,20,36,7,7,0.4,0.4
2025-05-12T2100,4214A,112.4600,34.6949,洛阳市,春都路1号院,颗粒物(PM10),60,70,61,28,26,144,,170,167,12,28,6,8,0.3,0.5
2025-05-12T2100,2399A,114.051,33.5699,漯河市,三五一五工厂,颗粒物(PM10),60,70,57,31,28,120,,149,143,14,11,5,5,0.5,0.4
2025-05-12T2100,2400A,114.0055,33.5698,漯河市,漯河大学,颗粒物(PM10),61,71,57,31,26,125,,153,150,13,14,11,6,0.5,0.3
2025-05-12T2100,2401A,114.0138,33.5828,漯河市,市水利局,颗粒物(PM10),60,70,57,31,28,124,,152,149,12,11,9,5,0.3,0.2
2025-05-12T2100,2402A,114.0261,33.5698,漯河市,市广电局,颗粒物(PM10),57,63,48,39,35,124,,150,147,10,8,7,5,0.5,0.4
2025-05-12T2100,3478A,113.9749,33.5664,漯河市,市图书馆,颗粒物(PM10),61,72,64,39,33,122,,149,146,19,14,5,5,0.3,0.2
2025-05-12T2100,4250A,114.0892,33.5882,漯河市,韶山路11号,,,66,59,32,27,,,151,149,,9,,5,,0.3
2025-05-12T2100,1798A,118.5092,31.6837,马鞍山市,湖东路四小,细颗粒物(PM2.5),55,51,55,39,28,127,,178,170,28,21,7,7,0.6,0.7
2025-05-12T2100,1799A,118.5024,31.6449,马鞍山市,开发区,颗粒物(PM10),56,62,57,37,33,98,,176,161,48,28,9,11,0.6,0.7
2025-05-12T2100,1802A,118.6245,31.7241,马鞍山市,濮塘,细颗粒物(PM2.5),59,45,57,42,33,125,,174,163,16,18,9,11,0.7,0.9
2025-05-12T2100,3633A,118.4918,31.6809,马鞍山市,雨山,颗粒物(PM10),59,67,57,34,32,115,,173,163,33,26,9,10,0.6,0.7
2025-05-12T2100,4191A,118.5274,31.72227,马鞍山市,慈湖高新区,颗粒物(PM10),56,62,55,37,32,107,,164,153,43,25,8,10,0.6,0.7
2025-05-12T2100,1686A,111.0286,21.4688,茂名市,电白南海,,46,39,43,22,26,145,,156,156,16,16,4,11,1.0,1
2025-05-12T2100,1687A,110.9294,21.6533,茂名市,茂石化七小,,49,34,44,17,21,154,,152,152,12,16,2,13,0.5,0.3
2025-05-12T2100,1688A,110.9107,21.6687,茂名市,健康路,,50,39,40,22,26,160,,159,159,10,15,3,23,0.8,0.9
2025-05-12T2100,1689A,110.8592,21.6828,茂名市,高岭,颗粒物(PM10),53,56,55,14,22,132,,145,145,16,15,4,15,0.4,1
2025-05-12T2100,3450A,111.01,21.5165,茂名市,电白水东,,46,34,35,12,16,145,,153,153,14,18,2,7,0.4,0.4
2025-05-12T2100,2539A,104.0308,30.0478,眉山市,黑龙滩水库,臭氧1小时,55,38,47,26,32,164,,189,187,8,11,3,4,0.6,0.7
2025-05-12T2100,2540A,103.8416,30.0874,眉山市,气象局,颗粒物(PM10),64,78,106,39,64,138,,190,183,33,40,3,4,0.7,0.6
2025-05-12T2100,3137A,103.8578,30.0744,眉山市,市委党校,颗粒物(PM10),60,70,96,41,64,139,,181,175,23,43,11,12,0.4,0.6
2025-05-12T2100,3148A,103.8291,30.0564,眉山市,区人社局,臭氧1小时,55,52,70,29,52,164,,191,187,24,50,13,15,0.5,0.6
2025-05-12T2100,1690A,116.1231,24.3284,梅州市,梅江月梅,,39,26,25,25,15,122,,132,132,13,15,14,7,0.7,0.7
2025-05-12T2100,1691A,116.0797,24.2719,梅州市,梅县新城,,48,46,28,33,16,80,,138,127,31,19,6,7,0.7,0.7
2025-05-12T2100,1692A,116.1248,24.2654,梅州市,环境监控中心,,33,33,25,21,14,104,,128,123,22,21,8,12,0.6,0.5
2025-05-12T2100,3315A,116.1233,24.2991,梅州市,梅龙,,46,46,23,24,13,125,,135,134,19,11,9,8,0.5,0.3
2025-05-12T2100,1878A,104.7778,31.4741,绵阳市,富乐山,颗粒物(PM10),58,66,74,40,48,138,,172,166,15,15,9,9,0.5,0.6
2025-05-12T2100,1880A,104.6697,31.4668,绵阳市,高新区自来水公司,颗粒物(PM10),58,66,85,31,41,131,,167,159,31,36,5,5,0.5,0.6
2025-05-12T2100,1881A,104.7287,31.5075,绵阳市,三水厂,细颗粒物(PM2.5),53,53,99,37,47,88,,169,156,52,36,9,9,0.6,0.6
2025-05-12T2100,3491A,104.69,31.5322,绵阳市,西科大附属小学,颗粒物(PM10),58,66,85,37,45,142,,176,170,19,37,8,8,1.0,0.8
2025-05-12T2100,3492A,104.5648,31.5343,绵阳市,安州区旅游局,颗粒物(PM10),60,70,72,34,38,144,,176,174,15,18,8,9,0.4,0.4
2025-05-12T2100,4226A,104.7651,31.4531,绵阳市,绵阳市气象局,颗粒物(PM10),57,63,76,36,46,122,,154,150,29,24,4,6,0.6,0.7
2025-05-12T2100,1784A,129.61,44.561,牡丹江市,环保大楼,,42,36,34,29,20,93,,135,119,27,22,7,7,0.4,0.4
2025-05-12T2100,1785A,129.6115,44.5782,牡丹江市,文化广场,,49,41,45,34,28,89,,135,118,36,27,10,11,0.6,0.5
2025-05-12T2100,1786A,129.5904,44.5963,牡丹江市,第一医院,,42,33,37,29,24,111,,137,125,19,18,6,6,0.4,0.4
2025-05-12T2100,1787A,129.6364,44.6075,牡丹江市,机车工厂,,47,47,48,20,22,84,,132,116,28,19,8,8,0.4,0.5
2025-05-12T2100,1788A,129.6386,44.5462,牡丹江市,第一中学,,41,41,29,18,13,74,,144,123,25,21,5,5,0.4,0.4
2025-05-12T2100,2531A,105.0703,29.61,内江市,市监测站,细颗粒物(PM2.5),104,112,66,78,59,148,,176,173,22,24,18,18,0.8,0.8
2025-05-12T2100,2532A,105.0717,29.5947,内江市,东兴区政府,细颗粒物(PM2.5),79,85,59,58,47,160,,178,175,20,29,20,18,0.6,0.6
2025-05-12T2100,2533A,105.0653,29.5817,内江市,内江二中,细颗粒物(PM2.5),67,80,71,48,54,162,,177,175,21,27,11,9,0.6,0.6
2025-05-12T2100,2534A,105.0406,29.5822,内江市,内江日报社,细颗粒物(PM2.5),68,80,64,49,53,152,,172,169,18,36,11,8,0.6,0.6
2025-05-12T2100,2628A,92.0657,31.4846,那曲市,那曲监测站,,32,,19,21,11,102,,117,112,33,18,9,7,0.9,0.6
2025-05-12T2100,4243A,92.0515,31.4787,那曲市,那曲市委宣传部,,39,10,12,8,6,124,,129,127,14,10,10,10,0.4,0.4
2025-05-12T2100,1290A,115.8931,28.6843,南昌市,省外办,细颗粒物(PM2.5),52,46,45,36,35,117,,153,149,27,24,8,12,0.6,0.5
2025-05-12T2100,1291A,115.8886,28.7003,南昌市,省林业公司,,45,44,46,31,30,133,,164,160,16,19,10,14,0.7,0.7
2025-05-12T2100,1292A,115.8126,28.7442,南昌市,林科所,,36,36,48,24,27,102,,169,157,34,50,7,7,0.2,0.4
2025-05-12T2100,1294A,115.8518,28.687,南昌市,建工学校,细颗粒物(PM2.5),72,83,63,52,45,138,,160,158,21,26,6,10,0.5,0.5
2025-05-12T2100,1295A,115.8921,28.6424,南昌市,象湖,,44,44,55,27,29,107,,160,154,33,29,10,13,0.6,0.6
2025-05-12T2100,1296A,115.7423,28.7996,南昌市,武术学校,,35,35,29,19,14,93,,159,142,9,6,3,4,0.4,0.4
2025-05-12T2100,3046A,115.9084,28.6062,南昌市,机电学校,颗粒物(PM10),58,65,55,34,32,103,,160,152,33,28,6,9,0.4,0.4
2025-05-12T2100,3690A,115.9721,28.7031,南昌市,外国语学校,,44,44,49,28,30,124,,162,158,21,22,8,12,0.5,0.5
2025-05-12T2100,4192A,115.9316,28.68677,南昌市,南京东路235号,颗粒物(PM10),63,76,59,27,30,118,,160,154,22,22,6,9,0.7,0.8
2025-05-12T2100,1905A,106.056,30.8064,南充市,西山风景区,,,,,,,,,,,,,,,,
2025-05-12T2100,1906A,106.0789,30.8023,南充市,南充市委,颗粒物(PM10),56,61,70,35,41,107,,155,147,34,27,7,6,0.5,0.5
2025-05-12T2100,1907A,106.1031,30.8217,南充市,南充炼油厂,细颗粒物(PM2.5),59,65,71,42,42,129,,142,140,18,21,10,6,0.3,0.3
2025-05-12T2100,4227A,106.1083,30.7884,南充市,梨树横街98号,"颗粒物(PM10),细颗粒物(PM2.5)",72,93,75,52,38,121,,142,138,22,25,7,5,0.5,0.4
2025-05-12T2100,4304A,106.1172,30.843,南充市,清泉寺北路188号,细颗粒物(PM2.5),65,78,86,47,45,137,,148,147,13,16,8,6,0.3,0.3
2025-05-12T2100,4305A,106.067,30.7616,南充市,同庆路1号,颗粒物(PM10),64,78,77,39,58,110,,144,139,32,29,5,5,0.6,0.5
2025-05-12T2100,1151A,118.8086,32.1065,南京市,迈皋桥,,32,32,42,17,29,89,,162,150,36,26,4,13,0.1,0.5
2025-05-12T2100,1152A,118.7538,32.0551,南京市,草场门,,41,41,54,22,28,107,,158,150,39,30,2,9,0.4,0.8
2025-05-12T2100,1153A,118.7794,32.0745,南京市,山西路,颗粒物(PM10),51,51,62,24,27,114,,166,157,30,28,4,12,0.3,0.8
2025-05-12T2100,1154A,118.7752,32.0023,南京市,中华门,,39,39,51,19,25,84,,152,140,50,30,8,14,0.4,0.5
2025-05-12T2100,1155A,118.8109,32.0309,南京市,瑞金路,,39,39,47,24,25,69,,165,150,48,23,7,6,0.8,0.9
2025-05-12T2100,1156A,118.7997,32.0754,南京市,玄武湖,,33,33,52,17,22,103,,153,146,11,12,4,6,0.3,0.6
2025-05-12T2100,1157A,118.6414,32.0931,南京市,浦口,,49,49,52,20,24,93,,123,117,20,20,4,5,0.7,0.7
2025-05-12T2100,1158A,118.7356,31.9996,南京市,奥体中心,,42,42,55,27,26,108,,170,159,32,27,5,12,0.4,0.7
2025-05-12T2100,1159A,118.9125,32.1028,南京市,仙林大学城,,44,44,59,24,26,107,,172,160,26,22,11,15,0.5,0.7
2025-05-12T2100,3422A,118.8436,31.9198,南京市,江宁彩虹桥,,36,36,50,24,25,90,,176,152,49,25,4,4,0.4,0.6
2025-05-12T2100,3427A,118.8554,32.3578,南京市,六合雄州,颗粒物(PM10),53,56,56,22,30,101,,163,,61,49,10,15,0.8,0.9
2025-05-12T2100,4249A,118.8708,31.3402,南京市,汶溪路181号,,42,42,36,24,28,122,,151,145,21,15,3,4,0.3,0.3
2025-05-12T2100,4312A,119.019,31.6512,南京市,中山西路1号,,39,39,33,25,26,69,,157,138,56,29,4,6,0.6,0.4
2025-05-12T2100,1401A,108.3103,22.7881,南宁市,二十一中,,,38,50,16,23,,,155,155,21,32,4,8,0.7,0.7
2025-05-12T2100,1402A,108.3141,22.8528,南宁市,北湖,细颗粒物(PM2.5),59,60,46,42,24,97,,165,158,41,33,7,12,0.7,0.5
2025-05-12T2100,1403A,108.3206,22.8225,南宁市,市监测站,,39,33,47,21,22,122,,149,147,26,33,6,10,0.4,0.4
2025-05-12T2100,1404A,108.3829,22.8037,南宁市,大自然花园,,49,38,44,16,22,155,,168,168,14,27,6,6,0.3,0.3
2025-05-12T2100,1405A,108.4394,22.7904,南宁市,仙葫,,41,35,41,25,26,129,,142,142,17,31,8,8,0.5,0.5
2025-05-12T2100,1406A,108.2397,22.8467,南宁市,区农职院,,42,42,46,21,22,121,,162,158,32,26,6,13,0.8,0.7
2025-05-12T2100,1407A,108.3275,22.735,南宁市,英华嘉园,,46,46,41,18,21,118,,161,154,39,29,9,11,0.4,0.4
2025-05-12T2100,3401A,108.4834,22.7618,南宁市,红星社区,颗粒物(PM10),51,51,40,24,19,134,,167,163,25,23,10,10,0.3,0.3
2025-05-12T2100,4221A,108.2177,22.7774,南宁市,乐贤路16号,颗粒物(PM10),59,68,45,25,22,94,,150,144,42,24,6,7,0.5,0.5
2025-05-12T2100,2331A,118.0966,26.6761,南平市,茫荡山,,,,,,,,,,,,,,,,
2025-05-12T2100,2332A,118.1681,26.6369,南平市,南平市监测站,,40,28,29,28,17,68,,132,115,25,16,4,5,0.7,0.5
2025-05-12T2100,2333A,118.1825,26.6489,南平市,南平铝业有限公司,,,47,30,24,21,,,145,138,30,15,5,4,0.7,0.6
2025-05-12T2100,2334A,118.1756,26.6272,南平市,南平七中,,33,23,26,23,18,79,,133,121,17,11,5,4,0.7,0.5
2025-05-12T2100,1168A,120.9098,31.9663,南通市,狼山街道,颗粒物(PM10),54,58,44,29,29,133,,176,168,44,37,8,6,0.4,0.7
2025-05-12T2100,1169A,120.86,32.0005,南通市,虹桥,,,54,51,34,31,,,161,142,104,55,6,6,0.5,0.7
2025-05-12T2100,1170A,120.87,32.02,南通市,城中,颗粒物(PM10),52,53,55,31,29,131,,173,164,61,44,6,7,0.5,0.6
2025-05-12T2100,1171A,120.94,31.93,南通市,星湖花园,颗粒物(PM10),53,55,49,33,29,138,,180,174,42,35,7,6,0.4,0.4
2025-05-12T2100,1172A,120.81,32.0417,南通市,紫琅学院,颗粒物(PM10),51,52,54,30,27,113,,145,132,36,34,5,9,0.5,0.8
2025-05-12T2100,3291A,121.067,32.062,南通市,通州监测站,颗粒物(PM10),51,51,51,29,27,156,,190,185,27,32,7,9,0.5,0.7
2025-05-12T2100,3432A,120.9348,31.9883,南通市,环境教育馆,颗粒物(PM10),53,56,60,30,29,161,,195,191,31,31,7,6,0.3,0.5
2025-05-12T2100,2404A,112.5224,33.0122,南阳市,瓦房庄,颗粒物(PM10),62,73,72,27,34,131,,165,160,18,14,8,7,0.4,0.4
2025-05-12T2100,2405A,112.5003,32.9735,南阳市,汉画馆,,,,61,,32,,,117,,,19,,7,,0.4
2025-05-12T2100,2406A,112.5573,33.027,南阳市,气象站,颗粒物(PM10),63,75,69,31,35,136,,164,160,13,11,8,7,0.4,0.4
2025-05-12T2100,2407A,112.5481,32.9689,南阳市,理工学院,颗粒物(PM10),56,61,64,31,35,101,,156,148,38,16,16,7,0.4,0.4
2025-05-12T2100,4008A,112.5234,32.9922,南阳市,卧龙区政府,颗粒物(PM10),63,75,71,29,37,128,,160,156,22,18,5,6,0.5,0.5
2025-05-12T2100,1234A,121.8358,29.911,宁波市,区环保大楼,,46,39,40,28,21,146,,163,161,18,23,8,10,0.3,0.4
2025-05-12T2100,1235A,121.56,29.82,宁波市,万里学院,,41,34,34,23,25,130,,160,151,27,18,4,5,0.3,0.4
2025-05-12T2100,1236A,121.713,29.9572,宁波市,龙赛医院,,45,45,51,18,19,143,,172,164,15,19,6,7,0.3,0.4
2025-05-12T2100,1239A,121.633,29.7733,宁波市,钱湖水厂,,47,30,31,19,21,148,,160,154,8,10,8,8,0.1,0.2
2025-05-12T2100,1240A,121.5856,29.8635,宁波市,太古小学,,43,33,36,16,20,137,,160,154,17,12,6,6,0.3,0.4
2025-05-12T2100,1241A,121.524,29.8674,宁波市,市环境监测中心,,43,39,38,25,19,135,,149,145,17,20,12,12,0.6,0.8
2025-05-12T2100,2871A,121.6147,29.9017,宁波市,万里国际学校,,47,35,30,16,20,150,,164,158,15,15,8,9,0.4,0.5
2025-05-12T2100,3710A,121.5594,29.8975,宁波市,白沙活动中心,,42,34,32,22,19,132,,157,150,16,14,8,8,0.4,0.5
2025-05-12T2100,2339A,119.5001,26.6946,宁德市,金涵水库,,,,,,,,,,,,,,,,
2025-05-12T2100,2341A,119.5388,26.6612,宁德市,宁德市监测站,,39,29,31,23,24,124,,149,147,17,14,4,5,0.4,0.4
2025-05-12T2100,3209A,119.5231,26.6562,宁德市,宁德一中,,38,26,30,12,21,120,,144,142,9,9,2,3,0.4,0.5
2025-05-12T2100,2618A,98.8601,25.8567,怒江傈僳族自治州,州监测站,,44,44,40,30,26,104,,107,107,7,10,9,9,0.4,0.4
2025-05-12T2100,2619A,98.8546,25.8417,怒江傈僳族自治州,泸水一中,,45,45,37,19,26,78,,90,90,14,15,6,6,0.4,0.4
2025-05-12T2100,1888A,101.6891,26.571,攀枝花市,弄弄坪,,38,30,39,26,23,114,,130,126,9,19,7,13,0.5,0.6
2025-05-12T2100,1889A,101.5769,26.5928,攀枝花市,河门口,,37,29,36,20,22,116,,136,132,9,20,5,16,0.4,1
2025-05-12T2100,1890A,101.7169,26.585,攀枝花市,炳草岗,,36,32,43,22,26,114,,134,130,11,29,2,11,0.6,0.7
2025-05-12T2100,1891A,101.7369,26.5008,攀枝花市,仁和,,,33,29,21,19,,,124,123,10,15,8,11,0.5,0.5
2025-05-12T2100,2835A,101.7227,26.567,攀枝花市,四十中小,,38,35,41,26,25,115,,140,134,14,25,7,20,0.7,0.9
2025-05-12T2100,1604A,122.0303,41.1489,盘锦市,开发区,,46,32,51,32,39,137,,173,156,19,18,11,10,0.4,0.4
2025-05-12T2100,1605A,122.0485,41.0883,盘锦市,兴隆台,颗粒物(PM10),51,51,59,28,36,140,,165,146,17,21,12,10,0.5,0.6
2025-05-12T2100,1606A,121.8297,41.1028,盘锦市,新生街道,,46,40,41,26,38,147,,182,174,19,18,8,9,0.5,0.5
2025-05-12T2100,1832A,113.3257,33.742,平顶山市,新华旅馆,颗粒物(PM10),61,71,65,31,29,142,,162,159,13,12,5,6,0.5,0.4
2025-05-12T2100,1833A,113.2919,33.737,平顶山市,规划设计院,颗粒物(PM10),66,81,68,31,32,139,,161,158,20,13,4,5,0.4,0.4
2025-05-12T2100,1834A,113.182,33.774,平顶山市,平顶山工学院,颗粒物(PM10),57,64,56,31,27,146,,167,165,10,18,4,4,0.4,0.2
2025-05-12T2100,3204A,113.3025,33.73,平顶山市,规划局,颗粒物(PM10),60,70,65,28,28,141,,157,156,10,8,6,7,0.5,0.4
2025-05-12T2100,3594A,112.8867,33.9116,平顶山市,石龙区,颗粒物(PM10),61,72,62,34,33,167,,171,171,10,10,7,7,0.5,0.5
2025-05-12T2100,2656A,106.6692,35.5461,平凉市,聚贤嘉苑,颗粒物(PM10),54,57,49,27,17,124,,130,130,7,31,9,10,0,0.2
2025-05-12T2100,2657A,106.7021,35.5307,平凉市,博物馆,颗粒物(PM10),54,58,58,19,19,116,,132,128,17,25,8,11,0.3,0.4
2025-05-12T2100,2347A,114.0997,27.5002,萍乡市,武功山,,26,22,23,14,18,81,,114,106,6,5,16,15,0.5,0.6
2025-05-12T2100,2348A,113.8385,27.6434,萍乡市,中医院,细颗粒物(PM2.5),53,54,42,37,21,60,,145,127,33,13,10,10,0.8,0.6
2025-05-12T2100,2349A,113.8493,27.6253,萍乡市,市政府车库,,50,49,35,35,26,70,,140,125,24,15,7,6,0.5,0.4
2025-05-12T2100,2350A,113.8676,27.6435,萍乡市,市环保局,颗粒物(PM10),52,53,45,25,27,76,,145,133,33,18,6,6,0.8,0.8
2025-05-12T2100,2351A,113.866,27.6198,萍乡市,安源区政府,,46,41,40,32,20,70,,130,118,19,11,4,4,0.5,0.6
2025-05-12T2100,2319A,119.0141,25.4325,莆田市,荔城区仓后路,,45,34,36,19,20,142,,156,154,14,15,4,4,0.8,0.7
2025-05-12T2100,2320A,119.0015,25.4553,莆田市,莆田市监测站,,43,,29,21,19,135,,159,157,11,9,5,5,0.7,0.6
2025-05-12T2100,2321A,119.1119,25.4561,莆田市,涵江区六中,,50,27,37,17,22,159,,159,159,12,22,5,5,0.7,0.5
2025-05-12T2100,2322A,119.1013,25.3215,莆田市,秀屿区政府,,48,19,31,19,21,152,,162,162,15,13,4,5,0.5,0.6
2025-05-12T2100,2323A,118.981,25.4792,莆田市,东圳水库,,,,,,,,,,,,,,,,
2025-05-12T2100,2392A,115.0312,35.7636,濮阳市,环保局,颗粒物(PM10),52,53,55,21,20,146,,157,156,12,16,7,8,0.7,0.6
2025-05-12T2100,2394A,115.0574,35.7609,濮阳市,油田运输公司,颗粒物(PM10),55,60,60,20,20,153,,171,169,13,16,6,8,0.6,0.6
2025-05-12T2100,3021A,115,35.7668,濮阳市,濮水河管理处,颗粒物(PM10),56,62,61,19,22,154,,169,167,12,17,6,7,0.5,0.5
2025-05-12T2100,4216A,115.0924,35.7686,濮阳市,任丘路479号,颗粒物(PM10),58,66,62,24,21,122,,156,151,21,18,8,8,0.6,0.4
2025-05-12T2100,2601A,100.98,22.7633,普洱市,市环保局,,48,48,26,17,12,76,,93,91,8,4,7,7,0.7,0.6
2025-05-12T2100,2602A,100.9817,22.8322,普洱市,普洱第二中学,,40,,14,28,13,69,,89,85,16,6,8,7,0.8,0.6
2025-05-12T2100,2262A,131.0518,45.8751,七台河市,新一中,细颗粒物(PM2.5),53,49,41,37,26,120,,150,140,10,13,10,11,0.7,0.7
2025-05-12T2100,3345A,131.0577,45.7879,七台河市,中波台,,41,41,48,10,13,87,,110,100,15,19,8,7,0.3,0.4
2025-05-12T2100,3637A,131.0176,45.7761,七台河市,人民广场,颗粒物(PM10),51,52,57,22,30,90,,128,113,17,20,15,12,0.7,0.7
2025-05-12T2100,3684A,130.8781,45.8222,七台河市,新建矿广场,颗粒物(PM10),128,205,119,35,27,63,,114,100,34,22,11,14,0.7,0.7
2025-05-12T2100,1779A,123.9305,47.3636,齐齐哈尔市,安居小区,细颗粒物(PM2.5),77,76,77,56,49,90,,130,125,26,21,10,9,0.6,0.5
2025-05-12T2100,1780A,123.9488,47.3386,齐齐哈尔市,中心广场,颗粒物(PM10),76,101,91,48,50,96,,143,136,27,20,2,3,0.6,0.5
2025-05-12T2100,1781A,123.9483,47.3227,齐齐哈尔市,农牧车辆厂,颗粒物(PM10),65,80,80,44,46,99,,138,133,15,17,7,7,0.3,0.4
2025-05-12T2100,1783A,123.945,47.2988,齐齐哈尔市,市环境监测站,"颗粒物(PM10),细颗粒物(PM2.5)",64,77,84,46,50,98,,141,135,14,16,4,4,0.5,0.4
2025-05-12T2100,3662A,123.6333,47.2075,齐齐哈尔市,富区青少年活动中心,细颗粒物(PM2.5),104,93,79,78,60,89,,127,123,13,12,4,4,0.7,0.6
2025-05-12T2100,2591A,107.9783,26.5747,黔东南苗族侗族自治州,市环境监测站,,,24,33,15,18,,,113,113,5,15,4,3,0.3,0.4
2025-05-12T2100,2881A,107.8908,26.5311,黔东南苗族侗族自治州,凯里学院,,36,24,29,18,17,115,,115,115,1,11,2,2,0.3,0.3
2025-05-12T2100,2593A,107.5228,26.2403,黔南布依族苗族自治州,小围寨,,33,29,23,14,11,103,,114,114,6,10,4,2,0.3,0.3
2025-05-12T2100,3538A,107.5175,26.2978,黔南布依族苗族自治州,沙坝,,34,34,26,12,12,99,,114,113,6,7,4,3,0.3,0.3
2025-05-12T2100,2589A,104.9022,25.0925,黔西南布依族苗族自治州,场坝街,,41,41,31,22,16,116,,119,119,7,10,5,12,0.3,0.3
2025-05-12T2100,2590A,104.8811,25.0992,黔西南布依族苗族自治州,坪东大道,,32,21,32,20,21,100,,104,104,11,16,5,5,0.3,0.4
2025-05-12T2100,2502A,108.6236,21.9667,钦州市,市环保站,,48,48,42,24,17,124,,140,140,28,18,3,4,0.5,0.7
2025-05-12T2100,2503A,108.6549,21.9481,钦州市,沙埠小学,,,52,56,15,24,,,144,144,41,26,11,8,0.6,1.1
2025-05-12T2100,2504A,108.5989,21.7431,钦州市,港区一小,颗粒物(PM10),55,59,56,24,22,126,,137,137,18,20,9,9,0.6,0.7
2025-05-12T2100,3404A,108.5959,21.9633,钦州市,北职校,,43,43,42,24,21,130,,145,144,21,17,8,8,0.6,0.7
2025-05-12T2100,1043A,119.7493,40.0116,秦皇岛市,第一关,颗粒物(PM10),72,94,94,51,60,131,,170,168,29,44,6,8,0.4,0.6
2025-05-12T2100,1044A,119.5897,39.9499,秦皇岛市,监测站,颗粒物(PM10),71,91,96,45,53,145,,165,165,30,38,6,8,0.5,0.7
2025-05-12T2100,1046A,119.5251,39.9041,秦皇岛市,建设大厦,颗粒物(PM10),74,98,101,43,46,144,,158,158,31,38,4,8,0.6,0.7
2025-05-12T2100,3132A,119.610547,39.943889,秦皇岛市,文明里,,,124,99,40,41,,,164,164,34,35,6,7,0.6,0.5
2025-05-12T2100,4198A,119.5090,39.8253,秦皇岛市,北戴河轮滑馆,细颗粒物(PM2.5),72,78,79,52,55,144,,154,154,31,24,5,4,0.5,0.5
2025-05-12T2100,1307A,120.6659,36.2403,青岛市,仰口,臭氧1小时,70,58,49,29,28,176,,194,194,6,7,10,10,0.4,0.4
2025-05-12T2100,1310A,120.4134,36.0658,青岛市,市南区东部子站,颗粒物(PM10),58,66,65,24,29,155,,164,164,15,16,8,9,0.4,0.4
2025-05-12T2100,1311A,120.3664,36.1032,青岛市,四方区子站,臭氧1小时,65,48,60,22,32,172,,176,176,16,20,7,9,0.6,0.8
2025-05-12T2100,1312A,120.2994,36.054,青岛市,市南区西部子站,颗粒物(PM10),53,56,64,24,29,153,,160,160,30,27,9,9,0.7,0.8
2025-05-12T2100,1313A,120.4581,36.0858,青岛市,崂山区子站,颗粒物(PM10),52,53,56,24,27,159,,174,174,18,16,9,9,0.4,0.4
2025-05-12T2100,1315A,120.3999,36.3083,青岛市,城阳区子站,颗粒物(PM10),56,61,66,22,25,146,,173,170,27,24,7,9,0.5,0.6
2025-05-12T2100,1966A,120.0405,35.8735,青岛市,黄岛区4号,臭氧1小时,63,53,65,19,31,170,,176,176,15,26,10,12,0.6,0.8
2025-05-12T2100,3362A,120.5014,36.4034,青岛市,即墨2号,颗粒物(PM10),67,84,76,22,31,159,,183,181,12,16,9,11,0.6,0.7
2025-05-12T2100,3642A,120.3503,36.0736,青岛市,市北区南部,颗粒物(PM10),53,55,57,22,31,156,,162,162,13,13,10,11,0.4,0.5
2025-05-12T2100,3643A,120.3948,36.1805,青岛市,李沧区北部,,,63,70,24,35,,,157,157,27,25,10,12,0.6,0.7
2025-05-12T2100,4290A,120.1969,35.9546,青岛市,珠江路669号,臭氧1小时,58,44,62,27,35,166,,176,176,11,14,7,8,0.5,0.6
2025-05-12T2100,1702A,113.0426,23.691,清远市,环保大楼,颗粒物(PM10),51,52,27,35,22,96,,176,166,42,22,7,8,0.8,0.7
2025-05-12T2100,1703A,113.0208,23.7106,清远市,凤城街办,,43,43,35,21,24,93,,158,150,41,22,8,8,0.7,0.5
2025-05-12T2100,3025A,113.0477,23.6344,清远市,技师学院,颗粒物(PM10),62,74,44,37,22,52,,152,141,78,32,9,9,0.9,0.6
2025-05-12T2100,3318A,112.9903,23.7403,清远市,清新太和,,40,30,33,17,19,127,,148,146,16,16,8,10,0.5,0.5
2025-05-12T2100,3455A,113.076,23.7198,清远市,清城东城,,32,30,34,22,20,95,,156,148,22,15,8,9,0.4,0.4
2025-05-12T2100,2661A,107.6325,35.7357,庆阳市,庆阳五中,,50,50,51,20,20,114,,138,135,9,9,4,4,0.5,0.5
2025-05-12T2100,2662A,107.6364,35.7067,庆阳市,市环保局,颗粒物(PM10),54,57,50,18,17,105,,137,133,20,10,6,9,0.6,0.5
2025-05-12T2100,1916A,103.7897,25.5035,曲靖市,环境监测站,,38,35,38,17,20,120,,130,129,14,14,5,6,0.5,0.5
2025-05-12T2100,1917A,103.8,25.5364,曲靖市,烟厂办公区,,40,30,36,16,18,125,,134,134,10,12,3,4,0.4,0.5
2025-05-12T2100,3376A,103.7947,25.462,曲靖市,南苑二区,,40,30,37,12,19,125,,134,134,10,11,3,8,0.5,0.6
2025-05-12T2100,3377A,103.7444,25.5261,曲靖市,曲靖师范学院,,42,42,34,15,21,134,,138,138,7,12,7,8,0.3,0.4
2025-05-12T2100,1264A,118.8692,28.9398,衢州市,环保大楼,细颗粒物(PM2.5),67,74,54,48,35,122,,158,153,25,16,8,6,0.6,0.4
2025-05-12T2100,1265A,118.8709,28.9666,衢州市,实验学校,细颗粒物(PM2.5),52,46,49,36,33,92,,161,152,34,20,2,4,0.5,0.5
2025-05-12T2100,1266A,118.8621,28.9808,衢州市,衢州学院,,50,50,48,30,33,53,,150,135,65,29,6,8,0.5,0.5
2025-05-12T2100,1611A,118.5819,24.9117,泉州市,涂山街,,45,37,35,20,20,143,,162,160,10,10,4,4,0.5,0.6
2025-05-12T2100,1612A,118.5972,24.8978,泉州市,津头埔,,44,42,37,20,22,138,,160,156,19,16,2,2,0.5,0.6
2025-05-12T2100,1613A,118.6663,24.9424,泉州市,万安,,45,38,35,20,21,144,,164,160,10,10,4,4,0.6,0.6
2025-05-12T2100,1614A,118.6117,24.9604,泉州市,清源山,,,,,,,,,,,,,,,,
2025-05-12T2100,3529A,118.6333,24.9264,泉州市,城华南路,,45,32,31,22,20,143,,159,156,14,14,4,3,0.5,0.5
2025-05-12T2100,2626A,88.8876,29.2718,日喀则市,日喀则监测站,臭氧1小时,60,11,18,3,7,168,,168,168,6,11,11,9,0.3,0.3
2025-05-12T2100,3726A,88.8781,29.2426,日喀则市,林业技术推广中心,臭氧1小时,67,14,16,3,3,173,,169,169,2,3,6,7,0.4,0.4
2025-05-12T2100,1659A,119.471,35.4209,日照市,监测站,颗粒物(PM10),53,56,78,26,34,139,,170,164,29,30,9,13,0.6,0.8
2025-05-12T2100,1660A,119.523,35.4216,日照市,市政府广场,颗粒物(PM10),58,66,64,22,29,122,,162,154,40,20,15,11,1.0,0.8
2025-05-12T2100,1661A,119.5587,35.4044,日照市,港务局,颗粒物(PM10),63,75,83,31,39,136,,175,168,36,35,16,13,1.3,1.1
2025-05-12T2100,3507A,119.5328,35.4625,日照市,职业技术学院,颗粒物(PM10),53,56,75,17,31,152,,171,168,23,25,7,12,0.6,0.9
2025-05-12T2100,3604A,119.3266,35.1044,日照市,岚山环保分局,,44,44,67,26,30,139,,162,157,24,24,5,7,0.6,0.6
2025-05-12T2100,1835A,111.1922,34.7752,三门峡市,市政府,细颗粒物(PM2.5),78,66,37,57,23,80,,156,141,57,26,9,10,1.0,0.6
2025-05-12T2100,1836A,111.1587,34.7942,三门峡市,开发区,颗粒物(PM10),60,69,41,33,23,114,,146,142,30,16,9,9,0.4,0.5
2025-05-12T2100,1838A,111.143,34.7955,三门峡市,风景区,,,,36,,16,,,,,,16,,10,,0.3
2025-05-12T2100,3039A,111.1911,34.7829,三门峡市,三门峡市第一小学,颗粒物(PM10),51,51,41,33,18,113,,161,154,36,19,13,11,0.7,0.4
2025-05-12T2100,3598A,111.1,34.7167,三门峡市,富达温泉假日酒店,颗粒物(PM10),62,74,51,29,20,114,,157,152,35,23,15,11,0.6,0.4
2025-05-12T2100,2324A,117.6211,26.2625,三明市,三钢,,25,24,30,17,25,76,,140,128,29,19,5,7,0.7,1.2
2025-05-12T2100,2325A,117.635,26.2714,三明市,三明二中,,40,,28,28,19,86,,136,128,20,16,5,6,0.5,0.8
2025-05-12T2100,2326A,117.6028,26.2378,三明市,三元区政府,,,,33,24,17,,,146,140,37,18,4,6,0.6,0.9
2025-05-12T2100,2327A,117.7275,26.3108,三明市,洋溪,,,,,,,,,,,,,,,,
2025-05-12T2100,1876A,109.5078,18.2489,三亚市,河东子站,,36,36,20,17,12,100,,116,114,5,4,4,4,0.4,0.5
2025-05-12T2100,1877A,109.4964,18.2681,三亚市,河西子站,,36,36,22,18,7,100,,117,115,7,7,2,2,0.3,0.3
2025-05-12T2100,3540A,109.7348,18.3443,三亚市,君悦子站,,34,34,28,15,11,106,,134,129,6,7,3,2,0.1,0.2
2025-05-12T2100,2624A,91.7608,29.2313,山南市,山南监测站,,,,21,6,10,,,142,142,4,7,3,3,0.4,0.5
2025-05-12T2100,2625A,91.7706,29.2436,山南市,山南人民医院,,,,14,,19,,,114,,,6,,5,,0.2
2025-05-12T2100,1674A,116.6794,23.3667,汕头市,金平子站,,46,29,38,17,22,146,,160,160,10,13,5,6,0.7,0.7
2025-05-12T2100,1675A,116.7244,23.3633,汕头市,龙湖子站,,45,29,35,18,19,144,,153,153,6,10,5,6,0.4,0.4
2025-05-12T2100,1676A,116.7258,23.2775,汕头市,濠江子站,,45,30,37,18,21,143,,156,156,7,9,4,5,0.6,0.6
2025-05-12T2100,1677A,116.7519,23.4714,汕头市,澄海子站,,46,31,40,22,22,147,,154,154,7,13,3,5,0.7,0.6
2025-05-12T2100,1678A,116.6092,23.2539,汕头市,潮阳子站,,48,30,35,16,18,152,,160,160,7,11,7,8,0.5,0.5
2025-05-12T2100,3444A,116.454,23.2684,汕头市,潮南峡山,,45,33,38,19,21,144,,156,156,7,9,5,6,0.5,0.6
2025-05-12T2100,3624A,116.4069,23.2533,汕头市,潮南子站,,43,43,48,22,27,137,,152,151,9,12,4,5,0.5,0.6
2025-05-12T2100,1693A,115.3653,22.775,汕尾市,市环保局,臭氧1小时,58,30,30,24,19,166,,160,160,8,9,7,8,0.5,0.4
2025-05-12T2100,1694A,115.3706,22.7898,汕尾市,市政府,臭氧1小时,60,26,28,18,18,168,,160,160,8,10,5,5,0.3,0.3
2025-05-12T2100,1695A,115.3622,22.7925,汕尾市,新城中学,臭氧1小时,54,28,31,21,18,163,,161,161,8,10,3,4,0.5,0.5
2025-05-12T2100,2645A,109.9154,33.8715,商洛市,监测站,颗粒物(PM10),59,68,48,38,21,49,,142,124,44,20,8,9,0.8,0.4
2025-05-12T2100,3045A,109.9643,33.8471,商洛市,商州区中学,颗粒物(PM10),68,85,58,38,25,56,,136,117,67,39,15,8,0.5,0.4
2025-05-12T2100,2408A,115.6702,34.4285,商丘市,环境监测站,颗粒物(PM10),57,64,62,30,23,138,,145,145,13,11,3,4,0.3,0.3
2025-05-12T2100,2409A,115.6458,34.4045,商丘市,粮食局,颗粒物(PM10),54,58,60,32,26,146,,150,150,12,11,4,3,0.3,0.2
2025-05-12T2100,2410A,115.6293,34.3948,商丘市,睢阳区环保局,颗粒物(PM10),57,63,61,31,26,145,,149,149,15,15,7,6,0.3,0.3
2025-05-12T2100,3171A,115.6071,34.4465,商丘市,梁园区档案局,颗粒物(PM10),59,67,61,32,25,140,,145,145,7,11,2,3,0.4,0.3
2025-05-12T2100,1141A,121.4,31.238,上海市,普陀,,49,45,50,32,33,156,,174,174,28,35,6,7,0.5,0.5
2025-05-12T2100,1142A,121.478,31.2036,上海市,十五厂,,48,48,55,33,35,152,,176,174,31,46,9,10,0.6,0.6
2025-05-12T2100,1143A,121.467,31.3008,上海市,虹口,,50,36,53,28,32,158,,174,173,22,30,9,9,0.7,0.8
2025-05-12T2100,1147A,121.425,31.2261,上海市,静安监测站,,50,42,50,25,31,158,,180,179,28,34,9,10,0.5,0.6
2025-05-12T2100,1148A,121.703,31.1907,上海市,浦东川沙,,46,46,51,27,36,132,,176,171,34,31,7,7,0.5,0.6
2025-05-12T2100,1149A,121.533,31.2284,上海市,浦东新区监测站,,48,43,48,28,30,151,,181,179,27,38,8,9,0.4,0.5
2025-05-12T2100,1150A,121.577,31.2071,上海市,浦东张江,,47,47,63,28,38,141,,176,173,32,50,6,7,0.6,0.7
2025-05-12T2100,3265A,121.4316,31.3322,上海市,宝山庙行,"颗粒物(PM10),臭氧1小时",54,57,76,31,36,163,,180,179,23,34,8,8,0.5,0.6
2025-05-12T2100,3266A,121.8791,31.4662,上海市,崇明上实东滩,,46,34,49,21,32,146,,195,190,26,36,2,3,0.6,0.2
2025-05-12T2100,3268A,121.3162,31.2838,上海市,嘉定南翔,,46,42,52,28,34,145,,166,164,37,45,9,7,0.6,0.6
2025-05-12T2100,3269A,121.3359,30.7456,上海市,金山新城,,48,38,51,27,35,152,,204,202,18,22,4,8,0.5,0.6
2025-05-12T2100,3270A,121.4996,31.0739,上海市,闵行浦江,,46,39,52,29,40,146,,178,175,27,40,7,6,0.5,0.6
2025-05-12T2100,3271A,121.2886,31.1663,上海市,青浦徐泾,臭氧1小时,57,42,55,28,37,165,,176,176,24,47,7,7,0.6,0.6
2025-05-12T2100,3272A,121.2186,31.0378,上海市,松江图书馆,,50,47,53,28,34,159,,181,180,33,39,8,9,0.6,0.6
2025-05-12T2100,3273A,121.3902,31.2059,上海市,长宁仙霞,,48,43,51,26,34,153,,170,170,31,42,9,9,0.7,0.8
2025-05-12T2100,3274A,121.7965,31.0507,上海市,浦东惠南,,50,50,50,33,34,114,,185,173,44,30,9,9,0.8,0.8
2025-05-12T2100,3544A,121.4891,30.925,上海市,奉贤南桥新城,细颗粒物(PM2.5),62,,47,44,43,134,,183,178,33,29,4,6,0.4,0.4
2025-05-12T2100,4183A,121.4174,31.16637,上海市,冠生园路458号,,,40,46,32,35,160,,186,184,30,34,8,9,,0.7
2025-05-12T2100,4205A,121.5419,31.2683,上海市,宁武路151号,颗粒物(PM10),51,52,61,33,37,129,,167,163,51,54,6,6,0.5,0.6
2025-05-12T2100,2381A,118.005,28.4572,上饶市,百草园,,,,,,,,,,,,,,,,
2025-05-12T2100,2382A,117.9756,28.4436,上饶市,市监测站,,36,36,42,24,28,112,,163,158,18,14,4,13,0.4,0.4
2025-05-12T2100,2383A,117.9519,28.4628,上饶市,凤凰光学,颗粒物(PM10),51,51,46,26,29,50,,163,147,57,19,7,17,0.9,0.9
2025-05-12T2100,3685A,117.897,28.4315,上饶市,双创科技城,,46,46,45,22,31,60,,157,133,73,37,8,12,0.6,0.6
2025-05-12T2100,4211A,118.1904,28.4448,上饶市,裕丰大道,细颗粒物(PM2.5),59,58,41,42,33,60,,153,135,44,12,8,9,0.5,0.4
2025-05-12T2100,1669A,113.5824,24.7733,韶关市,市八中,,37,37,40,22,25,83,,146,136,38,24,10,14,0.5,0.5
2025-05-12T2100,1671A,113.5917,24.7972,韶关市,园林处,,49,49,34,34,26,53,,146,132,52,21,7,11,0.6,0.4
2025-05-12T2100,1673A,113.5971,24.6863,韶关市,曲江监测站,,42,42,47,28,29,84,,145,134,32,22,8,16,0.5,0.8
2025-05-12T2100,2809A,113.6668,24.7756,韶关市,大学路288号,,36,24,32,18,24,115,,149,146,12,12,10,17,0.7,0.5
2025-05-12T2100,3622A,113.5556,24.8082,韶关市,碧湖山庄,颗粒物(PM10),53,56,44,35,34,92,,152,142,22,12,9,9,0.6,0.5
2025-05-12T2100,2462A,111.5239,27.3033,邵阳市,市水土所,,,,,,,,,,,,,,,,
2025-05-12T2100,2464A,111.5283,27.2442,邵阳市,市化工厂,细颗粒物(PM2.5),62,70,56,44,35,106,,135,132,26,21,34,15,0.6,0.5
2025-05-12T2100,2466A,111.4328,27.2272,邵阳市,市环保局,,,51,63,40,44,107,,60,,17,23,6,15,,0.5
2025-05-12T2100,4218A,111.4460,27.2472,邵阳市,北塔二期4-26地块,细颗粒物(PM2.5),58,,54,41,39,112,,136,134,20,17,9,15,0.6,0.5
2025-05-12T2100,4219A,111.4739,27.2282,邵阳市,邵水西路287号,细颗粒物(PM2.5),62,58,58,44,40,108,,130,128,18,20,9,13,0.4,0.3
2025-05-12T2100,1247A,120.6053,29.9928,绍兴市,城东开发委,颗粒物(PM10),51,51,37,31,26,102,,156,146,27,18,4,5,0.3,0.2
2025-05-12T2100,2921A,120.5483,30.0003,绍兴市,树下王站,,45,45,40,29,25,131,,173,169,25,21,7,7,0.5,0.5
2025-05-12T2100,3408A,120.5683,29.9361,绍兴市,绍兴中专,,43,34,38,22,24,135,,160,156,10,18,6,6,0.3,0.3
2025-05-12T2100,3409A,120.4906,30.0861,绍兴市,柯桥区政府,颗粒物(PM10),61,71,52,42,29,119,,163,157,42,20,8,7,0.5,0.5
2025-05-12T2100,3410A,120.8752,30.0249,绍兴市,重华小学,,,43,37,27,23,,,136,129,15,10,9,8,0.5,0.5
2025-05-12T2100,3411A,120.8369,30.0137,绍兴市,上虞中学,,42,42,39,28,27,77,,151,132,44,18,16,9,0.5,0.5
2025-05-12T2100,3560A,120.4722,30.0415,绍兴市,柯桥妇保,颗粒物(PM10),52,54,47,31,30,80,,168,153,46,20,6,6,0.5,0.4
2025-05-12T2100,3658A,120.6153,30.0764,绍兴市,袍江中学,"颗粒物(PM10),细颗粒物(PM2.5)",59,67,42,42,28,122,,161,157,48,23,8,7,0.6,0.5
2025-05-12T2100,1356A,114.1063,22.5545,深圳市,通心岭子站,,48,28,31,16,16,153,,162,162,9,17,8,7,0.5,0.5
2025-05-12T2100,1357A,114.117,22.5625,深圳市,洪湖,,,43,37,22,15,,,163,163,10,27,6,6,0.5,0.7
2025-05-12T2100,1358A,113.987,22.5417,深圳市,华侨城,,41,38,31,12,20,130,,185,180,16,20,7,7,0.7,0.6
2025-05-12T2100,1359A,113.9181,22.5171,深圳市,南海子站,,45,43,36,31,21,134,,197,191,23,30,7,7,0.6,0.6
2025-05-12T2100,1360A,114.2458,22.5689,深圳市,盐田,,43,43,28,22,15,130,,133,131,14,20,8,8,0.5,0.5
2025-05-12T2100,1361A,114.2283,22.7244,深圳市,龙岗,,48,30,38,18,20,152,,171,169,8,19,6,7,0.4,0.4
2025-05-12T2100,1363A,114.494,22.5422,深圳市,南澳,,39,35,25,20,13,122,,143,140,5,7,7,8,0.6,0.6
2025-05-12T2100,1364A,114.41,22.6342,深圳市,葵涌,,42,36,31,17,14,133,,140,138,15,16,8,8,0.6,0.5
2025-05-12T2100,1365A,114.297,22.5978,深圳市,梅沙,,44,36,28,28,16,140,,146,142,7,10,7,8,0.5,0.6
2025-05-12T2100,1366A,114.0678,22.738,深圳市,观澜,,46,46,62,16,27,114,,185,172,24,28,7,7,0.6,0.6
2025-05-12T2100,3305A,114.0731,22.559,深圳市,莲花,,45,34,29,21,18,141,,156,155,13,19,7,7,0.7,0.7
2025-05-12T2100,3306A,114.0261,22.6198,深圳市,民治,,45,37,39,19,23,144,,182,182,12,30,7,7,0.5,0.5
2025-05-12T2100,3307A,114.1871,22.6451,深圳市,横岗,,49,45,40,26,21,154,,169,166,14,26,7,8,0.5,0.7
2025-05-12T2100,3447A,114.3551,22.7151,深圳市,坪山,,47,46,48,27,24,148,,162,157,14,31,8,9,0.5,0.5
2025-05-12T2100,3623A,113.8953,22.5861,深圳市,西乡,,44,44,49,18,27,119,,220,208,28,30,8,9,0.5,0.7
2025-05-12T2100,1098A,123.6836,41.9339,沈阳市,森林路,,,,,,,,,,,,,,,,
2025-05-12T2100,1099A,123.505,41.7406,沈阳市,浑南东路,颗粒物(PM10),80,110,84,38,72,147,,170,161,18,25,10,13,0.3,0.6
2025-05-12T2100,1100A,123.4231,41.6989,沈阳市,新秀街,颗粒物(PM10),75,99,82,35,39,158,,165,161,12,21,8,10,0.6,0.7
2025-05-12T2100,1102A,123.5903,41.8411,沈阳市,东陵路,颗粒物(PM10),58,65,67,26,34,151,,169,163,18,18,14,9,0.9,0.8
2025-05-12T2100,1103A,123.4264,41.8467,沈阳市,陵东街,颗粒物(PM10),54,58,62,25,35,162,,172,167,16,23,8,9,0.5,0.7
2025-05-12T2100,1104A,123.4114,41.7653,沈阳市,文化路,,,,77,,48,161,,173,168,16,22,,10,0.7,0.7
2025-05-12T2100,1105A,123.4678,41.7867,沈阳市,小河沿,颗粒物(PM10),58,66,64,29,38,164,,170,165,11,19,10,13,0.7,1
2025-05-12T2100,1106A,123.4017,41.7972,沈阳市,太原街,颗粒物(PM10),60,70,77,34,41,164,,173,169,14,21,6,9,0.8,0.8
2025-05-12T2100,1108A,123.3783,41.9228,沈阳市,京沈街,颗粒物(PM10),70,89,70,41,54,153,,168,162,12,19,13,17,0.7,0.8
2025-05-12T2100,2897A,123.2444,41.7347,沈阳市,沈辽西路,颗粒物(PM10),64,78,86,42,50,132,,150,143,13,17,13,18,0.7,0.9
2025-05-12T2100,2900A,123.5953,41.9086,沈阳市,裕农路,颗粒物(PM10),53,55,61,30,38,141,,165,158,16,17,9,8,0.8,0.7
2025-05-12T2100,2428A,111.0419,32.395,十堰市,武当山,,38,33,37,26,17,120,,140,139,12,6,10,10,0.5,0.4
2025-05-12T2100,2429A,110.78,32.6494,十堰市,滨河新村,细颗粒物(PM2.5),72,81,46,52,32,111,,152,149,35,18,7,5,1.1,0.6
2025-05-12T2100,2430A,110.7258,32.6389,十堰市,刘家沟,细颗粒物(PM2.5),59,58,48,42,35,135,,150,150,16,11,3,3,0.6,0.5
2025-05-12T2100,2431A,110.8839,32.5714,十堰市,铁二处,细颗粒物(PM2.5),72,60,40,52,29,118,,146,144,11,13,7,6,0.6,0.5
2025-05-12T2100,3545A,110.8054,32.8401,十堰市,郧阳区金沙路,细颗粒物(PM2.5),64,,22,46,21,122,,138,137,16,6,9,6,0.8,0.6
2025-05-12T2100,2709A,86.0497,44.2967,石河子市,艾青诗歌馆,,36,12,13,10,9,114,,116,116,2,3,7,7,0.4,0.4
2025-05-12T2100,3442A,86.047,44.2331,石河子市,南区管委会,,36,,15,24,13,114,,113,113,8,4,9,8,0.3,0.3
2025-05-12T2100,4051A,86.0791,44.3017,石河子市,世纪广场,,35,9,16,7,11,109,,111,111,4,4,7,7,0.3,0.3
2025-05-12T2100,1029A,114.4422,38.0444,石家庄市,职工医院,,,94,59,40,24,,,174,174,16,18,7,7,0.5,0.5
2025-05-12T2100,1030A,114.6063,38.0266,石家庄市,高新区,颗粒物(PM10),60,69,73,29,29,144,,168,165,18,36,2,3,0.5,0.6
2025-05-12T2100,1031A,114.4898,38.1328,石家庄市,西北水源,颗粒物(PM10),78,106,70,31,20,145,,174,169,18,21,6,5,0.5,0.5
2025-05-12T2100,1032A,114.4586,38.0058,石家庄市,西南高教,颗粒物(PM10),84,118,60,34,21,146,,168,166,22,24,3,4,0.4,0.4
2025-05-12T2100,1033A,114.5331,38.0178,石家庄市,世纪公园,颗粒物(PM10),69,88,61,25,25,139,,159,158,20,28,4,4,0.5,0.6
2025-05-12T2100,1034A,114.509,38.0457,石家庄市,人民会堂,颗粒物(PM10),68,86,64,36,24,142,,165,163,21,22,3,5,0.5,0.6
2025-05-12T2100,1035A,114.3524,37.8911,石家庄市,封龙山,臭氧1小时,62,70,53,30,18,169,,180,180,13,8,13,11,0.6,0.4
2025-05-12T2100,2862A,114.5481,38.0378,石家庄市,22中南校区,颗粒物(PM10),71,91,72,24,29,140,,168,166,21,31,3,4,0.3,0.5
2025-05-12T2100,3456A,114.289,38.0906,石家庄市,鹿泉一中,颗粒物(PM10),69,87,68,36,27,112,,180,169,33,17,5,8,0.6,0.5
2025-05-12T2100,3573A,114.8506765,38.0322033,石家庄市,藁城区实验学校,颗粒物(PM10),77,104,87,30,28,150,,165,165,9,23,3,4,0.3,0.5
2025-05-12T2100,4024A,114.6549,37.9020,石家庄市,栾城区星河路,颗粒物(PM10),74,98,71,29,30,156,,173,173,20,33,4,7,0.3,0.4
2025-05-12T2100,4314A,114.0494,38.059,石家庄市,矿区区委大楼,颗粒物(PM10),59,68,58,19,12,138,,166,163,20,17,7,10,0.5,0.4
2025-05-12T2100,1947A,106.3394,38.817,石嘴山市,沙湖旅游区,,,,,,,,,,,,,,,,
2025-05-12T2100,1948A,106.3668,39.0145,石嘴山市,大武口朝阳西街,颗粒物(PM10),111,172,101,53,25,112,,115,114,6,17,6,11,0.4,0.5
2025-05-12T2100,1949A,106.7704,39.2282,石嘴山市,惠农南大街,颗粒物(PM10),131,211,103,74,33,112,,113,113,11,33,7,20,0.1,0.3
2025-05-12T2100,1950A,106.7099,39.1325,石嘴山市,红果子镇惠新街,颗粒物(PM10),136,222,107,89,38,111,,115,114,10,29,16,10,0.3,0.4
2025-05-12T2100,3520A,106.3495,38.9836,石嘴山市,妇女儿童医院,颗粒物(PM10),84,118,72,39,24,116,,116,116,7,23,4,11,0.2,0.4
2025-05-12T2100,3521A,106.7492,39.2069,石嘴山市,石大公路,颗粒物(PM10),125,200,85,80,34,126,,120,120,5,30,2,8,0.3,0.5
2025-05-12T2100,2248A,131.1511,46.6937,双鸭山市,双合村,细颗粒物(PM2.5),62,57,64,44,50,59,,126,109,24,14,8,10,0.3,0.3
2025-05-12T2100,2249A,131.1652,46.6191,双鸭山市,南小市,细颗粒物(PM2.5),64,61,68,46,50,72,,129,112,20,13,8,8,0.3,0.3
2025-05-12T2100,2250A,131.1524,46.6554,双鸭山市,环保局,颗粒物(PM10),70,89,74,38,45,57,,125,108,32,14,8,14,0.5,0.4
2025-05-12T2100,2251A,131.12,46.5656,双鸭山市,苗圃,,,,,,,,,,,,,,,,
2025-05-12T2100,2166A,112.4397,39.3522,朔州市,平朔,颗粒物(PM10),69,88,74,25,19,102,,149,138,13,21,4,7,0.5,0.5
2025-05-12T2100,2167A,112.4575,39.3617,朔州市,朔唯,颗粒物(PM10),70,90,85,28,24,92,,139,128,18,27,6,10,0.5,0.5
2025-05-12T2100,2168A,112.4258,39.3197,朔州市,区政府,颗粒物(PM10),68,86,53,45,13,100,,138,128,12,12,5,5,0.5,0.3
2025-05-12T2100,2169A,112.4072,39.3278,朔州市,市环保局,颗粒物(PM10),69,88,60,22,15,87,,130,119,11,13,5,6,0.5,0.5
2025-05-12T2100,2170A,112.4272,39.3681,朔州市,市二中,颗粒物(PM10),71,91,77,30,21,101,,142,132,11,26,6,11,0.4,0.4
2025-05-12T2100,3571A,112.2931,39.53,朔州市,一水厂,颗粒物(PM10),64,78,56,26,15,89,,142,129,14,14,7,10,0.5,0.4
2025-05-12T2100,2225A,124.4002,43.1713,四平市,一商场,颗粒物(PM10),53,56,72,34,38,136,,176,167,14,16,7,9,0.4,0.4
2025-05-12T2100,2226A,124.388,43.193,四平市,境园,颗粒物(PM10),53,55,67,34,34,127,,167,158,19,20,6,8,0.3,0.4
2025-05-12T2100,3486A,124.4036,43.1411,四平市,植物园,颗粒物(PM10),52,54,69,22,34,145,,174,166,15,24,7,10,0.3,0.4
2025-05-12T2100,3713A,124.3419,43.1666,四平市,世纪城,,45,42,59,27,36,144,,177,171,16,20,5,7,0.2,0.3
2025-05-12T2100,2233A,124.8006,45.1214,松原市,江南,细颗粒物(PM2.5),98,129,79,73,44,64,,139,120,54,20,11,6,0.9,0.7
2025-05-12T2100,2234A,124.7965,45.1722,松原市,江北,颗粒物(PM10),69,87,61,47,45,96,,140,129,28,15,10,9,0.8,0.7
2025-05-12T2100,1160A,120.561,31.2472,苏州市,上方山,,,,,,,,,,,,,,,,
2025-05-12T2100,1162A,120.591,31.3019,苏州市,彩香,臭氧1小时,57,48,47,30,32,165,,163,163,17,25,8,6,0.6,0.6
2025-05-12T2100,1163A,120.596,31.3264,苏州市,轧钢厂,臭氧1小时,75,52,47,33,32,180,,178,178,19,29,9,7,0.4,0.5
2025-05-12T2100,1164A,120.613,31.2703,苏州市,吴中区,臭氧1小时,59,47,49,29,30,167,,169,169,25,30,7,6,0.5,0.5
2025-05-12T2100,1165A,120.543,31.2994,苏州市,苏州新区,,,48,49,31,31,,,177,177,29,23,6,4,0.4,0.4
2025-05-12T2100,1166A,120.669,31.3097,苏州市,苏州工业园区,臭氧1小时,68,51,49,36,31,174,,173,173,21,28,7,6,0.5,0.5
2025-05-12T2100,1167A,120.641,31.3708,苏州市,相城区,臭氧1小时,67,47,47,25,28,173,,183,179,32,34,8,7,0.4,0.3
2025-05-12T2100,3289A,120.743,31.3188,苏州市,方洲路,臭氧1小时,63,45,45,25,28,170,,176,175,22,26,7,6,0.3,0.3
2025-05-12T2100,3290A,120.5031,31.2774,苏州市,木渎中学,臭氧1小时,60,40,39,27,28,168,,175,175,26,19,7,4,0.5,0.5
2025-05-12T2100,3425A,120.624,31.1733,苏州市,越秀幼儿园,臭氧1小时,64,49,48,29,29,171,,178,178,26,25,7,4,0.6,0.5
2025-05-12T2100,3431A,120.6505,31.416,苏州市,高铁新城,臭氧1小时,60,49,55,27,32,168,,165,163,30,47,6,6,0.5,0.5
2025-05-12T2100,1220A,118.293,33.9528,宿迁市,宿迁学院,颗粒物(PM10),55,60,52,23,25,126,,165,160,14,12,5,6,0.2,0.2
2025-05-12T2100,1221A,118.2442,33.9592,宿迁市,宿迁中学,颗粒物(PM10),51,52,50,24,26,131,,168,163,18,14,6,6,0.2,0.2
2025-05-12T2100,2996A,118.283,33.965,宿迁市,市供电局,,50,50,50,28,27,144,,174,171,11,12,4,4,0.6,0.6
2025-05-12T2100,3191A,118.3225,33.9447,宿迁市,宿豫区政府,颗粒物(PM10),52,54,50,25,25,126,,158,155,11,11,5,5,0.3,0.3
2025-05-12T2100,3187A,116.9509,33.666,宿州市,远航博物馆,,50,45,60,18,21,159,,170,170,12,12,4,4,0.4,0.4
2025-05-12T2100,3463A,116.9708,33.591,宿州市,社会福利中心,,,51,56,18,24,124,,166,160,24,19,12,5,,0.4
2025-05-12T2100,3634A,116.9884,33.6305,宿州市,宿州学院,颗粒物(PM10),53,56,60,21,23,128,,167,162,27,15,7,5,0.4,0.5
2025-05-12T2100,3701A,116.9648,33.6252,宿州市,皖北煤电集团,颗粒物(PM10),51,52,61,14,23,143,,171,168,17,14,7,5,0.3,0.3
2025-05-12T2100,2266A,126.9785,46.6365,绥化市,人和东街,细颗粒物(PM2.5),89,108,88,66,50,116,,160,151,20,21,6,8,1.1,0.9
2025-05-12T2100,2267A,126.964,46.6528,绥化市,党政办公中心,细颗粒物(PM2.5),90,86,76,67,54,103,,144,135,20,19,7,6,0.8,0.7
2025-05-12T2100,2451A,113.3583,31.7275,随州市,市委党校,,44,39,44,23,27,140,,142,142,14,17,7,10,0.7,0.8
2025-05-12T2100,2452A,113.3833,31.6908,随州市,市林业局,,45,37,44,26,29,144,,151,151,7,9,8,10,0.5,0.5
2025-05-12T2100,2453A,113.3983,31.7308,随州市,市立交桥水厂,,48,38,45,28,31,153,,158,158,6,14,10,11,0.8,0.8
2025-05-12T2100,2527A,105.5453,30.5678,遂宁市,石溪浩,颗粒物(PM10),90,130,119,29,52,50,,152,136,98,34,8,8,0.4,0.5
2025-05-12T2100,2528A,105.5582,30.5232,遂宁市,市监测站,颗粒物(PM10),55,59,100,24,48,128,,166,163,29,35,7,7,0.6,0.6
2025-05-12T2100,2529A,105.5861,30.5366,遂宁市,行政中心,,48,48,81,31,50,150,,178,177,19,26,9,9,0.4,0.5
2025-05-12T2100,2530A,105.5918,30.4728,遂宁市,美宁食品公司,颗粒物(PM10),58,65,101,30,67,132,,182,175,28,41,10,13,0.4,0.6
2025-05-12T2100,2706A,82.9994,46.7432,塔城地区,东门外小游园,,31,25,18,7,8,98,,100,100,9,6,5,5,0.0,0.1
2025-05-12T2100,1255A,121.273,28.6459,台州市,黄岩环保大楼,臭氧1小时,58,31,33,20,22,166,,158,158,9,11,5,5,0.3,0.3
2025-05-12T2100,1256A,121.419,28.6542,台州市,台州环保大楼,,42,41,36,17,24,134,,161,154,16,14,4,4,0.4,0.4
2025-05-12T2100,1257A,121.377,28.5773,台州市,路桥田洋王,,46,46,38,11,23,105,,156,146,30,17,8,5,0.4,0.4
2025-05-12T2100,3564A,121.2568,28.6681,台州市,台州科技职业学院,,48,37,36,9,17,152,,160,159,17,12,3,3,0.4,0.5
2025-05-12T2100,1081A,112.522,37.8873,太原市,尖草坪,颗粒物(PM10),65,80,84,23,26,71,,154,145,61,51,5,11,0.6,0.8
2025-05-12T2100,1083A,112.434,38.0108,太原市,上兰,,38,33,42,18,20,120,,161,161,14,20,5,11,0.3,0.4
2025-05-12T2100,1084A,112.469,37.7124,太原市,晋源,,46,46,61,28,25,112,,150,143,20,32,9,20,0.4,0.6
2025-05-12T2100,1085A,112.5583,37.7394,太原市,小店,,47,47,63,25,27,118,,156,149,21,34,6,17,0.3,0.6
2025-05-12T2100,1086A,112.5369,37.8692,太原市,桃园,颗粒物(PM10),56,62,72,24,28,98,,157,150,27,38,8,11,0.6,0.8
2025-05-12T2100,1087A,112.57,37.8195,太原市,坞城,,,,65,,31,106,,156,149,24,43,3,15,,0.8
2025-05-12T2100,1088A,112.549,37.9854,太原市,南寨,,,51,69,16,24,,,164,164,15,40,9,17,0.5,0.9
2025-05-12T2100,3618A,112.4719,37.7831,太原市,金胜,,48,48,79,14,28,118,,160,154,21,33,8,16,0.2,0.5
2025-05-12T2100,4010A,112.5608,37.8807,太原市,育英中学,颗粒物(PM10),59,67,61,20,26,96,,143,138,21,31,2,8,0.5,0.7
2025-05-12T2100,1656A,117.1437,36.1937,泰安市,监测站,颗粒物(PM10),54,58,64,23,24,142,,169,166,18,17,3,4,0.5,0.5
2025-05-12T2100,1657A,117.0885,36.2017,泰安市,人口学校,颗粒物(PM10),56,61,61,25,29,158,,180,178,16,13,9,9,0.3,0.3
2025-05-12T2100,1658A,117.1089,36.1758,泰安市,电力学校,颗粒物(PM10),56,61,68,33,31,142,,165,162,14,15,7,9,0.2,0.3
2025-05-12T2100,3502A,117.1812,36.2275,泰安市,国网新校,颗粒物(PM10),61,71,54,19,21,159,,181,179,10,10,4,5,0.3,0.3
2025-05-12T2100,3503A,117.0313,36.2018,泰安市,交通技校,颗粒物(PM10),56,61,55,32,25,139,,163,160,16,11,4,3,0.5,0.4
2025-05-12T2100,3504A,117.0829,36.13,泰安市,山东第一医科大学,颗粒物(PM10),58,66,61,18,20,148,,167,164,12,11,6,7,0.2,0.3
2025-05-12T2100,1206A,119.905,32.4878,泰州市,公园路,,,41,45,14,27,,,155,152,34,30,16,10,0.8,0.7
2025-05-12T2100,1207A,119.9189,32.4625,泰州市,莲花,,44,42,49,24,28,139,,172,164,34,33,13,13,0.8,0.7
2025-05-12T2100,1209A,119.888,32.4639,泰州市,留学生创业园,,48,48,51,24,31,101,,159,148,46,32,11,8,0.6,0.5
2025-05-12T2100,2997A,119.8767,32.3289,泰州市,王营,,48,44,43,24,27,67,,161,138,96,40,12,12,0.6,0.5
2025-05-12T2100,3295A,120.1259,32.5099,泰州市,姜堰区政府广场,,,,62,,42,,,127,,,24,,10,,0.6
2025-05-12T2100,3435A,119.9192,32.4322,泰州市,周山河街区,,45,45,48,26,28,121,,174,163,45,31,10,10,0.7,0.5
2025-05-12T2100,1038A,118.1725,39.6334,唐山市,物资局,颗粒物(PM10),84,118,99,59,48,133,,223,213,30,24,9,14,0.7,0.8
2025-05-12T2100,1040A,118.1705,39.6506,唐山市,十二中,颗粒物(PM10),83,115,98,51,53,132,,214,205,35,34,9,14,0.7,0.9
2025-05-12T2100,1041A,118.1869,39.622,唐山市,小山,颗粒物(PM10),78,106,95,51,52,133,,226,214,40,35,9,15,0.7,0.9
2025-05-12T2100,3457A,118.4359,39.2762,唐山市,冀东油田职工医院,,,82,93,41,39,,,207,203,,33,14,21,0.5,0.7
2025-05-12T2100,3575A,118.09279,39.58089,唐山市,正泰大街热力站,颗粒物(PM10),79,108,101,43,46,121,,214,202,47,39,11,14,0.8,0.8
2025-05-12T2100,3576A,118.1562,39.8322,唐山市,丰润区政府,颗粒物(PM10),94,138,136,67,66,133,,216,209,50,50,14,16,0.9,1.1
2025-05-12T2100,3577A,118.43673,39.73809,唐山市,金山小学,细颗粒物(PM2.5),113,155,128,85,71,132,,222,215,35,42,15,20,0.9,1.1
2025-05-12T2100,3578A,118.24498,39.66941,唐山市,政府服务中心,颗粒物(PM10),80,109,94,53,55,134,,208,199,39,37,16,17,1.2,0.9
2025-05-12T2100,3692A,118.2059,39.6585,唐山市,消防缸窑路中队,颗粒物(PM10),84,118,103,56,52,138,,224,215,33,29,15,22,0.9,0.9
2025-05-12T2100,3693A,118.1436,39.6202,唐山市,路南电大,颗粒物(PM10),96,141,112,55,49,134,,222,211,41,35,11,16,0.8,0.8
2025-05-12T2100,4197A,118.1309,39.6360,唐山市,友谊北路34号,,,,94,,54,,,105,,,29,,13,,0.7
2025-05-12T2100,1015A,117.1444,39.1661,天津市,勤俭道,颗粒物(PM10),58,65,75,28,36,144,,206,202,25,27,7,9,0.8,0.7
2025-05-12T2100,1018A,117.202,39.0927,天津市,前进道,颗粒物(PM10),71,92,69,36,34,127,,192,189,31,34,6,10,0.9,0.8
2025-05-12T2100,1019A,117.1837,39.2133,天津市,淮河道,颗粒物(PM10),62,74,82,26,37,152,,207,204,24,33,10,12,0.8,0.8
2025-05-12T2100,1021A,117.3083,39.0884,天津市,跃进路,颗粒物(PM10),64,77,86,28,36,140,,204,200,30,36,10,12,0.5,0.5
2025-05-12T2100,1023A,117.707,39.0343,天津市,第四大街,颗粒物(PM10),54,58,86,23,38,150,,169,169,18,52,9,10,0.6,0.7
2025-05-12T2100,1024A,117.457,38.8394,天津市,永明路,颗粒物(PM10),61,72,65,27,32,114,,180,173,38,39,10,11,0.5,0.5
2025-05-12T2100,1026A,117.764,39.1587,天津市,汉北路,颗粒物(PM10),55,60,79,21,34,150,,153,153,18,60,9,11,0.5,0.6
2025-05-12T2100,1027A,117.157,38.9194,天津市,团泊洼,,,,,,,,,,,,,,,,
2025-05-12T2100,2858A,117.7918,39.2474,天津市,河西一经路,颗粒物(PM10),58,66,85,23,39,148,,176,174,28,48,11,13,0.6,0.6
2025-05-12T2100,2859A,117.3747,38.9846,天津市,津沽路,颗粒物(PM10),67,83,90,30,34,113,,166,162,26,33,5,7,0.5,0.6
2025-05-12T2100,2860A,117.1589,39.0845,天津市,宾水西道,颗粒物(PM10),60,69,64,24,32,131,,184,182,20,28,8,10,0.7,0.6
2025-05-12T2100,2922A,117.1941,39.1067,天津市,大理道,颗粒物(PM10),65,80,80,30,36,138,,190,189,24,32,7,9,0.7,0.6
2025-05-12T2100,3020A,117.2101,39.1699,天津市,中山北路,颗粒物(PM10),59,68,74,29,37,146,,191,189,20,48,3,10,0.7,0.7
2025-05-12T2100,3051A,117.3876,39.1488,天津市,西四道,颗粒物(PM10),58,65,77,25,35,126,,195,190,39,42,10,12,0.8,0.9
2025-05-12T2100,3325A,117.0365,39.3828,天津市,雍阳西道,颗粒物(PM10),58,65,77,24,36,135,,197,195,31,42,5,7,0.7,0.7
2025-05-12T2100,3326A,117.0296,39.0605,天津市,辛老路,颗粒物(PM10),65,80,78,31,39,131,,198,195,34,39,9,10,0.7,0.8
2025-05-12T2100,3327A,116.9638,38.9375,天津市,地纬路,颗粒物(PM10),67,83,76,26,35,117,,180,176,30,32,12,14,0.6,0.7
2025-05-12T2100,3460A,117.4067,40.0583,天津市,北环路,臭氧1小时,112,129,109,81,57,223,,228,228,26,24,14,13,1.1,1
2025-05-12T2100,3461A,117.3045,39.7169,天津市,建设路,细颗粒物(PM2.5),104,130,108,78,67,153,,209,208,48,54,16,14,1.0,0.9
2025-05-12T2100,3462A,117.8199,39.3521,天津市,滨水东路,颗粒物(PM10),60,69,79,29,41,104,,170,160,70,60,19,14,2.2,0.8
2025-05-12T2100,4196A,117.2437,39.1029,天津市,光华路,颗粒物(PM10),52,54,74,31,39,147,,87,,23,32,12,13,0.6,0.6
2025-05-12T2100,2649A,106.0055,34.343,天水市,麦积山,,,,,,,,,,,,,,,,
2025-05-12T2100,2650A,105.7205,34.5786,天水市,公园小学,颗粒物(PM10),63,75,64,41,28,118,,156,146,10,14,8,10,0.5,0.4
2025-05-12T2100,2651A,105.8945,34.5538,天水市,麦积国土局,颗粒物(PM10),61,71,72,38,33,102,,148,139,13,12,7,9,0.5,0.4
2025-05-12T2100,2216A,123.8139,42.3022,铁岭市,汇工街西,颗粒物(PM10),60,70,85,34,40,163,,182,176,12,17,8,10,0.3,0.5
2025-05-12T2100,2217A,123.8649,42.2923,铁岭市,水上乐园,颗粒物(PM10),52,53,62,27,34,148,,162,155,15,20,6,8,0.5,0.6
2025-05-12T2100,2218A,123.8486,42.2867,铁岭市,银州路东段,颗粒物(PM10),58,65,69,29,38,153,,168,162,12,17,11,11,0.3,0.5
2025-05-12T2100,2219A,123.7153,42.2217,铁岭市,金沙江路北,颗粒物(PM10),53,55,74,30,41,153,,178,170,14,20,12,8,0.6,0.7
2025-05-12T2100,2229A,125.9358,41.7173,通化市,光明,,47,45,42,23,22,148,,153,150,11,21,10,11,0.5,0.6
2025-05-12T2100,2230A,125.9446,41.7325,通化市,铁路,,46,45,42,31,22,146,,152,148,12,24,8,11,0.5,0.7
2025-05-12T2100,2191A,122.2532,43.6801,通辽市,艺术职业学校,颗粒物(PM10),68,86,92,24,47,168,,171,171,10,12,10,11,0.6,0.7
2025-05-12T2100,3706A,122.2584,43.6333,通辽市,老干部活动中心,颗粒物(PM10),75,100,93,36,52,162,,167,167,12,16,6,10,0.8,0.9
2025-05-12T2100,3708A,122.2922,43.6189,通辽市,东方明珠社区,细颗粒物(PM2.5),70,85,93,51,71,156,,160,160,15,21,9,14,0.6,0.8
2025-05-12T2100,1922A,109.0656,35.0994,铜川市,党校,,,,,,,,,,,,,,,,
2025-05-12T2100,1923A,109.0697,35.0697,铜川市,王益区政府,颗粒物(PM10),73,95,53,36,21,81,,165,151,44,29,7,7,0.6,0.5
2025-05-12T2100,1924A,108.9344,34.9058,铜川市,新区管委会,"颗粒物(PM10),细颗粒物(PM2.5)",60,70,44,43,24,74,,167,156,71,19,8,5,0.9,0.5
2025-05-12T2100,4234A,108.9497,34.8705,铜川市,大唐三路,颗粒物(PM10),59,67,47,29,22,149,,177,173,29,17,7,7,0.7,0.6
2025-05-12T2100,2285A,117.8177,30.9412,铜陵市,市第四中学,颗粒物(PM10),53,56,58,27,30,117,,154,146,23,21,14,13,0.5,0.7
2025-05-12T2100,2286A,117.8059,30.9273,铜陵市,市公路局,,46,46,58,31,33,115,,154,147,26,20,14,12,0.4,0.7
2025-05-12T2100,2287A,117.7807,30.9413,铜陵市,市新民污水厂,颗粒物(PM10),71,92,64,41,26,94,,148,135,43,38,30,17,1.1,0.5
2025-05-12T2100,2288A,117.7439,30.8792,铜陵市,市第九中学,颗粒物(PM10),69,87,78,42,27,50,,138,116,88,38,7,6,0.5,0.7
2025-05-12T2100,2289A,117.846,30.9413,铜陵市,车站新区,,42,41,48,29,26,125,,149,144,20,20,9,11,0.3,0.5
2025-05-12T2100,2290A,117.8483,30.97,铜陵市,市职教基地,,49,49,50,24,24,121,,154,148,21,20,11,10,0.8,0.7
2025-05-12T2100,2585A,109.1839,27.7344,铜仁市,铜仁卫校,颗粒物(PM10),57,64,35,32,18,34,,116,104,55,19,1,2,0.6,0.3
2025-05-12T2100,2586A,109.1753,27.6944,铜仁市,铜仁七中,,29,28,20,20,17,59,,120,108,22,8,4,4,0.4,0.3
2025-05-12T2100,2686A,89.1904,42.9418,吐鲁番市,市环保局,细颗粒物(PM2.5),124,,127,94,41,95,,102,101,9,5,5,4,0.4,0.3
2025-05-12T2100,2687A,89.1673,42.9559,吐鲁番市,地区环保局,颗粒物(PM10),62,74,111,36,41,76,,92,88,19,10,6,6,0.6,0.5
2025-05-12T2100,1662A,122.1214,37.4236,威海市,华夏技校,臭氧1小时,59,58,51,27,28,167,,172,172,15,18,5,7,0.3,0.3
2025-05-12T2100,1663A,122.0508,37.5236,威海市,山大分校,臭氧1小时,93,51,43,24,20,194,,199,199,8,7,8,8,0.4,0.4
2025-05-12T2100,1664A,122.1067,37.5072,威海市,市监测站,臭氧1小时,70,56,50,27,27,176,,169,169,12,15,2,3,0.4,0.4
2025-05-12T2100,1982A,122.0693,37.2174,威海市,文登开发区,,49,45,56,27,31,155,,158,158,12,13,7,8,0.4,0.4
2025-05-12T2100,3505A,122.1379,37.3414,威海市,临港区管委会,"颗粒物(PM10),臭氧1小时",54,58,53,31,26,163,,177,177,9,9,3,4,0.1,0.2
2025-05-12T2100,1650A,119.1437,36.7023,潍坊市,环保局,,,78,69,20,23,,,167,159,22,22,8,5,0.3,0.4
2025-05-12T2100,2877A,119.1641,36.6523,潍坊市,坊子邮政,颗粒物(PM10),62,73,64,22,25,139,,159,150,21,25,8,9,0.4,0.4
2025-05-12T2100,3178A,119.0587,36.721,潍坊市,潍坊七中,颗粒物(PM10),52,53,55,20,23,116,,160,149,24,21,7,8,0.3,0.4
2025-05-12T2100,3368A,119.1977,36.6872,潍坊市,高新实验学校,颗粒物(PM10),58,66,72,20,29,140,,161,153,17,25,6,6,0.3,0.5
2025-05-12T2100,3416A,119.1755,36.7149,潍坊市,潍坊学院,,,73,65,22,37,,,170,159,17,21,7,9,0.5,0.6
2025-05-12T2100,3861A,119.2041,36.7699,潍坊市,寒亭区实验一小,颗粒物(PM10),59,68,70,12,35,133,,161,151,20,23,5,9,0.3,0.6
2025-05-12T2100,1938A,109.5293,34.5101,渭南市,农科所,,,,,,,,,,,,,,,,
2025-05-12T2100,1940A,109.4636,34.493,渭南市,体育馆,颗粒物(PM10),63,75,67,29,25,148,,199,198,36,43,8,9,0.6,0.5
2025-05-12T2100,1941A,109.4259,34.5023,渭南市,高新一小,颗粒物(PM10),59,67,69,29,29,152,,208,208,31,34,8,6,0.8,0.5
2025-05-12T2100,4235A,109.5051,34.4921,渭南市,渭花路4号,颗粒物(PM10),62,73,50,39,28,134,,192,190,34,30,6,6,0.5,0.4
2025-05-12T2100,1242A,120.634,28.0089,温州市,瓯海,,39,30,30,17,18,123,,140,136,20,18,4,3,0.4,0.3
2025-05-12T2100,1243A,120.6748,27.9939,温州市,南浦,,44,29,37,15,25,138,,154,147,16,20,3,2,0.4,0.4
2025-05-12T2100,1244A,120.76,27.9747,温州市,龙湾,,39,39,41,16,20,100,,153,140,38,29,3,3,0.5,0.5
2025-05-12T2100,1245A,120.6709,28.0167,温州市,市站,,43,30,33,30,27,118,,161,149,25,18,4,4,0.6,0.5
2025-05-12T2100,3561A,120.6985,27.9251,温州市,茶山,,42,30,32,21,23,132,,160,152,19,14,4,3,0.4,0.4
2025-05-12T2100,2610A,104.2533,23.3594,文山壮族苗族自治州,州水务局,,43,,16,30,11,100,,103,103,8,8,9,10,0.3,0.3
2025-05-12T2100,2611A,104.2319,23.3892,文山壮族苗族自治州,市便民服务中心,,31,16,15,8,10,98,,102,102,11,11,9,9,0.2,0.2
2025-05-12T2100,2187A,106.8174,39.6973,乌海市,市林业局,颗粒物(PM10),106,162,129,57,39,100,,114,113,11,21,8,27,0.5,0.9
2025-05-12T2100,2188A,106.7907,39.6667,乌海市,中海勃湾学校,颗粒物(PM10),99,147,115,62,41,117,,125,124,5,22,7,21,0.4,0.7
2025-05-12T2100,3284A,106.813,39.7274,乌海市,海北新区,颗粒物(PM10),121,191,154,71,37,105,,124,122,12,21,12,21,0.2,0.6
2025-05-12T2100,3621A,106.8288,39.6778,乌海市,聚英学校,颗粒物(PM10),123,196,163,58,43,106,,117,116,10,21,7,33,0.4,0.7
2025-05-12T2100,2197A,113.1306,40.9923,乌兰察布市,集宁新区,颗粒物(PM10),57,63,47,27,17,102,,136,132,20,17,8,10,0.3,0.3
2025-05-12T2100,3034A,113.1076,41.0385,乌兰察布市,光明街小学,颗粒物(PM10),61,71,52,29,20,82,,133,123,32,19,12,12,0.6,0.4
2025-05-12T2100,3285A,113.1376,40.9509,乌兰察布市,北京八中,颗粒物(PM10),72,93,58,31,14,57,,130,121,51,19,14,18,0.5,0.5
2025-05-12T2100,3421A,113.1775,40.9779,乌兰察布市,市委党校,颗粒物(PM10),60,69,52,30,20,86,,142,136,38,18,10,11,0.3,0.3
2025-05-12T2100,1490A,87.5801,43.8303,乌鲁木齐市,监测站,,30,20,16,8,14,96,,99,99,12,7,5,5,0.3,0.3
2025-05-12T2100,1491A,87.6046,43.768,乌鲁木齐市,收费所,,29,26,16,11,9,90,,93,93,16,12,4,4,0.2,0.2
2025-05-12T2100,1492A,87.4754,43.9469,乌鲁木齐市,新疆农科院农场,,33,17,20,7,11,105,,100,100,10,11,9,10,0.4,0.4
2025-05-12T2100,1493A,87.5525,43.8711,乌鲁木齐市,铁路局,,31,23,23,9,7,97,,100,100,10,10,4,4,0.2,0.3
2025-05-12T2100,1494A,87.6432,43.831,乌鲁木齐市,三十一中学,,33,21,20,8,7,103,,98,98,2,6,4,4,0.1,0.2
2025-05-12T2100,1496A,87.7216,44.1747,乌鲁木齐市,米东区环保局,,34,34,37,15,11,104,,109,109,5,3,8,8,0.2,0.2
2025-05-12T2100,3033A,87.4651,43.4569,乌鲁木齐市,培训基地,,,9,7,,6,104,,103,103,4,3,4,4,0.7,0.6
2025-05-12T2100,3437A,88.3118,43.3658,乌鲁木齐市,达坂城区环保局,,35,19,20,14,12,111,,103,103,2,2,7,6,0.1,0.1
2025-05-12T2100,3438A,87.6162,43.8801,乌鲁木齐市,红光山片区,,30,20,14,8,9,94,,92,92,14,12,4,4,0.2,0.2
2025-05-12T2100,3439A,87.7024,43.8004,乌鲁木齐市,新师大温泉校区,,,,23,6,8,110,,107,107,3,6,2,2,0.0,0.1
2025-05-12T2100,3440A,87.4921,43.8411,乌鲁木齐市,大绿谷,,33,27,18,12,9,103,,93,93,16,10,6,6,0.4,0.5
2025-05-12T2100,1188A,120.269,31.4867,无锡市,雪浪,颗粒物(PM10),53,56,39,27,22,150,,181,178,27,15,5,5,0.7,0.7
2025-05-12T2100,1189A,120.275,31.6219,无锡市,黄巷,颗粒物(PM10),54,58,45,29,23,146,,171,167,36,29,6,7,0.6,0.7
2025-05-12T2100,1190A,120.294,31.56,无锡市,曹张,颗粒物(PM10),52,53,48,22,24,157,,167,167,24,60,5,6,0.8,0.8
2025-05-12T2100,1191A,120.242,31.5031,无锡市,漆塘,,,53,34,24,19,,,180,180,,16,6,6,0.4,0.5
2025-05-12T2100,1192A,120.3489,31.5863,无锡市,东亭,颗粒物(PM10),52,53,44,29,22,115,,170,163,53,26,7,6,0.8,0.8
2025-05-12T2100,1193A,120.354,31.5475,无锡市,旺庄,颗粒物(PM10),51,51,45,31,26,127,,171,164,49,30,5,5,0.6,0.7
2025-05-12T2100,1194A,120.245,31.5631,无锡市,荣巷,臭氧1小时,60,48,36,31,25,168,,181,179,22,15,6,6,0.6,0.6
2025-05-12T2100,1195A,120.299,31.6817,无锡市,堰桥,,48,48,44,27,26,134,,164,158,45,27,4,5,0.7,0.6
2025-05-12T2100,3428A,120.3142,31.4753,无锡市,华庄,,46,43,40,26,27,146,,176,172,30,20,3,10,0.6,0.6
2025-05-12T2100,2677A,106.1532,37.9648,吴忠市,教育园区,颗粒物(PM10),61,72,84,30,29,96,,112,111,11,31,5,7,0.3,0.4
2025-05-12T2100,2679A,106.1856,37.9956,吴忠市,新区二泵站,颗粒物(PM10),58,66,82,26,30,93,,109,108,20,42,5,9,0.3,0.5
2025-05-12T2100,3648A,106.2112,37.9768,吴忠市,文卫南街,颗粒物(PM10),52,53,67,16,22,98,,115,114,9,31,5,7,0.4,0.4
2025-05-12T2100,1794A,118.3606,31.3519,芜湖市,监测站,颗粒物(PM10),60,69,71,35,29,101,,150,132,36,25,12,10,0.7,0.5
2025-05-12T2100,1795A,118.3714,31.4134,芜湖市,科创中心,颗粒物(PM10),60,69,55,36,30,89,,166,146,60,38,10,10,0.7,0.6
2025-05-12T2100,1796A,118.3673,31.3131,芜湖市,四水厂,颗粒物(PM10),54,57,49,30,27,92,,160,130,59,24,7,6,0.6,0.4
2025-05-12T2100,3328A,118.4209,31.3707,芜湖市,市气象局,颗粒物(PM10),51,51,45,32,27,98,,166,152,48,16,10,9,0.7,0.6
2025-05-12T2100,3465A,118.4781,31.3225,芜湖市,清苑社区,细颗粒物(PM2.5),85,91,51,63,31,25,,162,132,104,18,10,9,0.9,0.6
2025-05-12T2100,3466A,118.2746,31.2326,芜湖市,扬子职业技术学院,颗粒物(PM10),63,76,48,35,26,119,,161,153,25,10,11,8,0.6,0.5
2025-05-12T2100,2495A,111.3014,23.4832,梧州市,市逸夫小学,颗粒物(PM10),66,81,57,34,30,41,,165,143,41,21,12,18,1.1,0.4
2025-05-12T2100,2496A,111.3239,23.4794,梧州市,市十一中,颗粒物(PM10),58,65,54,29,29,62,,151,136,35,24,8,11,0.5,0.4
2025-05-12T2100,2498A,111.2711,23.4835,梧州市,龙新,颗粒物(PM10),64,78,61,36,24,9,,150,124,100,33,11,14,0.9,0.3
2025-05-12T2100,4258A,111.2419,23.4154,梧州市,政贤路18号,颗粒物(PM10),62,73,47,24,21,69,,154,144,19,20,9,9,1.5,0.7
2025-05-12T2100,2711A,87.5475,44.1756,五家渠市,农水大厦,,35,21,37,6,11,112,,110,110,1,2,5,6,0.1,0.1
2025-05-12T2100,3441A,87.546,44.1912,五家渠市,经开区管委会,,34,11,63,8,12,107,,105,105,7,8,4,3,0.4,0.4
2025-05-12T2100,1325A,114.3677,30.5584,武汉市,东湖梨园,颗粒物(PM10),51,52,33,22,18,100,,148,138,19,11,6,6,0.5,0.5
2025-05-12T2100,1326A,114.2529,30.558,武汉市,汉阳月湖,,45,44,52,31,20,73,,146,132,46,25,7,7,0.5,0.4
2025-05-12T2100,1327A,114.282,30.6189,武汉市,汉口花桥,,49,49,38,34,22,58,,131,118,40,20,8,9,0.5,0.4
2025-05-12T2100,1328A,114.3025,30.5332,武汉市,武昌紫阳,,46,46,46,24,24,62,,130,116,40,20,10,10,0.6,0.5
2025-05-12T2100,1329A,114.3646,30.6217,武汉市,青山钢花,颗粒物(PM10),53,55,42,29,30,89,,146,133,39,25,7,7,0.5,0.5
2025-05-12T2100,1330A,114.1566,30.4825,武汉市,沌口新区,颗粒物(PM10),53,56,39,32,27,38,,137,117,59,22,7,8,0.5,0.4
2025-05-12T2100,1331A,114.3014,30.5944,武汉市,汉口江滩,,47,38,38,28,25,37,,150,127,93,36,8,8,0.5,0.4
2025-05-12T2100,1333A,114.135,30.6319,武汉市,吴家山,,,,45,,22,,,98,,,22,,10,,0.4
2025-05-12T2100,1334A,113.8454,30.2917,武汉市,沉湖七壕,,47,47,37,27,28,70,,132,120,37,17,6,6,0.5,0.5
2025-05-12T2100,3153A,114.3877,30.4908,武汉市,民族大道182号,,49,49,38,26,27,104,,153,143,41,18,7,7,0.7,0.6
2025-05-12T2100,2652A,102.6201,37.9251,武威市,监测站,颗粒物(PM10),65,79,50,30,16,71,,124,116,40,22,8,9,0.8,0.3
2025-05-12T2100,4270A,102.6447,37.9293,武威市,钟楼街149号,,,66,57,24,17,72,,122,113,42,22,,7,0.3,0.3
2025-05-12T2100,1463A,108.993,34.2629,西安市,兴庆小区,颗粒物(PM10),63,76,60,27,22,108,,177,171,56,37,6,6,0.9,0.6
2025-05-12T2100,1464A,109.06,34.2572,西安市,纺织城,颗粒物(PM10),68,85,65,37,32,97,,185,174,65,50,6,6,0.8,0.6
2025-05-12T2100,1465A,108.9356,34.2173,西安市,小寨,颗粒物(PM10),59,67,59,31,29,119,,156,154,32,40,7,7,0.7,0.6
2025-05-12T2100,1466A,108.954,34.2713,西安市,市人民体育场,颗粒物(PM10),65,80,68,31,25,85,,166,158,52,38,4,4,0.8,0.6
2025-05-12T2100,1467A,108.8922,34.2322,西安市,高新西区,颗粒物(PM10),65,79,60,31,25,85,,171,162,59,46,5,5,0.9,0.5
2025-05-12T2100,1468A,108.935,34.3474,西安市,经开区,颗粒物(PM10),63,75,68,32,32,88,,182,171,60,53,6,6,0.9,0.6
2025-05-12T2100,1469A,108.906,34.1546,西安市,长安区,颗粒物(PM10),69,88,60,33,29,67,,171,160,72,42,8,8,0.6,0.5
2025-05-12T2100,1471A,109.2186,34.3731,西安市,临潼区,颗粒物(PM10),55,60,66,34,28,160,,197,197,23,28,7,8,0.5,0.4
2025-05-12T2100,1472A,108.869,34.378,西安市,草滩,颗粒物(PM10),64,77,64,29,24,112,,175,169,42,41,4,4,0.5,0.4
2025-05-12T2100,1473A,108.985,34.1978,西安市,曲江文化产业集团,颗粒物(PM10),59,67,50,29,23,123,,170,166,39,38,6,6,0.7,0.5
2025-05-12T2100,1474A,109.051,34.3213,西安市,广运潭,颗粒物(PM10),80,109,68,42,28,88,,176,165,65,42,6,6,0.8,0.6
2025-05-12T2100,3605A,109.09,34.5236,西安市,无线电监控中心,颗粒物(PM10),74,97,70,40,32,161,,188,187,39,35,6,7,0.5,0.4
2025-05-12T2100,4055A,108.8869,34.2662,西安市,行知小学,颗粒物(PM10),75,100,97,34,30,88,,164,155,77,60,5,5,0.9,0.7
2025-05-12T2100,4233A,108.5962,34.1188,西安市,西苑北路977号,,,93,74,63,47,,,153,153,,27,6,6,,0.5
2025-05-12T2100,1483A,101.524,36.6867,西宁市,第五水厂,,,,,,,,,,,,,,,,
2025-05-12T2100,3055A,101.7775,36.6428,西宁市,城北区政府,颗粒物(PM10),51,52,49,14,39,111,,124,123,24,24,9,16,0.2,0.4
2025-05-12T2100,3629A,101.8305,36.5786,西宁市,世纪职校,,48,48,41,18,19,118,,129,129,16,22,11,16,0.4,0.5
2025-05-12T2100,3630A,101.7413,36.6397,西宁市,师大城西校区,,41,41,47,27,24,120,,130,130,18,24,9,12,0.3,0.5
2025-05-12T2100,2612A,100.8018,21.9995,西双版纳傣族自治州,景洪市江南,,39,39,22,15,11,67,,96,93,16,9,3,4,0.7,0.6
2025-05-12T2100,2613A,100.8017,22.0225,西双版纳傣族自治州,景洪市江北,,33,33,19,23,13,72,,104,100,18,8,7,7,0.5,0.5
2025-05-12T2100,3606A,108.7108,34.46,西咸新区,北杜,颗粒物(PM10),63,75,61,28,28,68,,153,141,36,35,7,9,0.6,0.5
2025-05-12T2100,3607A,108.7096,34.2956,西咸新区,同德佳苑,颗粒物(PM10),54,57,62,25,33,118,,160,156,25,33,5,6,0.6,0.5
2025-05-12T2100,3608A,108.8558,34.4978,西咸新区,崇文塔,颗粒物(PM10),72,94,71,38,34,91,,173,,55,40,7,8,0.4,0.4
2025-05-12T2100,2202A,116.1042,43.9317,锡林郭勒盟,市环保监测站,,46,46,38,9,10,89,,93,90,8,10,2,2,0.2,0.2
2025-05-12T2100,2203A,116.0781,43.9311,锡林郭勒盟,市政府,,48,48,29,10,11,95,,98,98,6,8,1,2,0.2,0.2
2025-05-12T2100,1286A,118.1608,24.8169,厦门市,溪东,,,,,,,,,,,,,,,,
2025-05-12T2100,1287A,118.1514,24.4767,厦门市,洪文,,46,40,44,19,24,147,,164,161,12,15,2,2,0.5,0.6
2025-05-12T2100,1288A,118.0661,24.4444,厦门市,鼓浪屿,,38,33,37,16,23,121,,149,148,10,18,1,1,0.5,0.6
2025-05-12T2100,2842A,118.0936,24.5058,厦门市,湖里中学,,40,40,43,21,24,126,,156,152,16,22,1,2,0.5,0.5
2025-05-12T2100,3527A,118.0958,24.5688,厦门市,集美中学,,,33,36,16,21,,,154,152,,22,1,3,,0.5
2025-05-12T2100,3528A,118.1493,24.7245,厦门市,同安二实小,,37,33,26,22,19,117,,149,146,27,18,4,3,0.2,0.2
2025-05-12T2100,2447A,114.3175,29.8142,咸宁市,森林公园,,41,28,31,14,13,131,,132,131,2,4,5,5,0.2,0.2
2025-05-12T2100,3655A,114.3375,29.8683,咸宁市,长江产业园,颗粒物(PM10),81,112,41,34,28,48,,143,118,43,16,7,2,1.0,0.5
2025-05-12T2100,4217A,114.3182,29.8447,咸宁市,双鹤路18号,颗粒物(PM10),56,62,37,37,28,60,,152,133,32,12,4,3,0.7,0.5
2025-05-12T2100,4298A,114.284,29.8595,咸宁市,碧桂路,颗粒物(PM10),52,53,39,33,25,93,,147,132,20,13,5,5,0.3,0.3
2025-05-12T2100,1918A,108.7197,34.3956,咸阳市,气象站,,,,,,,,,,,,,,,,
2025-05-12T2100,1919A,108.673,34.3155,咸阳市,实验中学,,,63,71,34,33,,,150,150,,33,,9,,0.6
2025-05-12T2100,1920A,108.7233,34.3617,咸阳市,师范学院,颗粒物(PM10),79,108,72,40,34,81,,160,149,44,36,3,4,0.8,0.6
2025-05-12T2100,3165A,108.6594,34.2969,咸阳市,两寺渡,颗粒物(PM10),57,64,74,28,35,128,,171,166,29,39,7,8,0.8,0.7
2025-05-12T2100,3525A,108.6396,34.4078,咸阳市,奥体中心,颗粒物(PM10),57,64,60,28,28,113,,156,152,24,31,6,7,0.6,0.6
2025-05-12T2100,1508A,112.9433,27.8614,湘潭市,板塘,细颗粒物(PM2.5),52,51,55,36,31,136,,146,146,13,22,6,6,0.7,0.6
2025-05-12T2100,1511A,112.9118,27.8403,湘潭市,市监测站,细颗粒物(PM2.5),57,46,47,40,36,135,,146,144,16,21,5,10,0.5,0.7
2025-05-12T2100,1512A,112.8937,27.8728,湘潭市,江麓,颗粒物(PM10),53,56,55,29,30,108,,125,122,19,18,17,15,0.8,0.8
2025-05-12T2100,1513A,112.9227,27.8159,湘潭市,岳塘,颗粒物(PM10),51,52,55,32,32,126,,154,148,19,16,13,15,0.8,1
2025-05-12T2100,1514A,112.9074,27.9119,湘潭市,科大,,,40,59,28,33,142,,154,152,,8,8,11,0.9,0.9
2025-05-12T2100,1562A,113.0048,27.9153,湘潭市,昭山,颗粒物(PM10),59,68,50,41,30,98,,139,131,28,24,10,10,0.8,0.7
2025-05-12T2100,1564A,112.4876,27.9164,湘潭市,韶山,,38,29,42,21,19,120,,150,146,7,5,5,5,0.4,0.3
2025-05-12T2100,2492A,109.6414,28.2558,湘西土家族苗族自治州,跃进水库,,46,42,34,32,20,42,,116,102,6,4,6,6,0.7,0.7
2025-05-12T2100,2493A,109.7325,28.3169,湘西土家族苗族自治州,州政府,颗粒物(PM10),62,73,41,30,24,49,,103,98,18,8,6,8,0.4,0.5
2025-05-12T2100,2494A,109.6958,28.2675,湘西土家族苗族自治州,吉首市计生局,,46,46,42,29,25,63,,106,100,27,15,5,5,0.4,0.3
2025-05-12T2100,2432A,112.155,32.0197,襄阳市,襄城运动路,颗粒物(PM10),63,76,84,41,39,141,,172,170,9,11,10,12,0.7,0.7
2025-05-12T2100,2434A,112.1825,32.1142,襄阳市,高新管委会,颗粒物(PM10),67,84,77,39,45,142,,163,161,12,14,7,8,0.4,0.4
2025-05-12T2100,2435A,112.2106,32.0903,襄阳市,襄州航空路,颗粒物(PM10),67,84,77,32,38,147,,161,161,10,13,10,10,0.5,0.6
2025-05-12T2100,3396A,112.0828,32.0067,襄阳市,襄城隆中路,颗粒物(PM10),73,96,82,39,41,145,,175,172,15,12,10,11,0.6,0.6
2025-05-12T2100,3397A,112.1214,32.1008,襄阳市,高新台子湾,颗粒物(PM10),71,91,84,39,40,135,,162,160,15,14,12,10,0.4,0.4
2025-05-12T2100,4251A,112.1433,32.0581,襄阳市,铁院东路4号,颗粒物(PM10),68,86,78,42,41,135,,166,162,14,15,10,12,0.4,0.4
2025-05-12T2100,2443A,113.9153,30.9285,孝感市,文化路,细颗粒物(PM2.5),105,118,56,79,29,108,,145,139,27,14,12,7,0.9,0.6
2025-05-12T2100,2444A,113.942,30.9075,孝感市,东城区,细颗粒物(PM2.5),104,,58,78,28,137,,169,165,23,13,14,9,0.8,0.5
2025-05-12T2100,2181A,112.7383,38.4519,忻州市,开发区,颗粒物(PM10),55,60,43,18,17,129,,142,141,18,26,8,10,0.5,0.8
2025-05-12T2100,2182A,112.7003,38.4928,忻州市,会展中心,颗粒物(PM10),63,75,46,25,18,75,,136,127,49,36,6,9,0.4,0.5
2025-05-12T2100,3208A,112.7283,38.4153,忻州市,市政府,颗粒物(PM10),56,61,47,21,17,110,,147,142,19,25,5,8,0.4,0.7
2025-05-12T2100,2389A,113.836,35.311,新乡市,环保西院,颗粒物(PM10),63,75,63,35,21,126,,181,175,24,22,13,12,0.4,0.4
2025-05-12T2100,2390A,113.884,35.272,新乡市,开发区,颗粒物(PM10),67,83,71,29,21,137,,187,182,26,19,7,12,0.4,0.6
2025-05-12T2100,2391A,113.883,35.303,新乡市,环保东院,颗粒物(PM10),73,95,67,45,29,137,,186,182,15,17,6,11,0.5,0.5
2025-05-12T2100,3054A,113.9194,35.2847,新乡市,市委党校,颗粒物(PM10),60,69,52,27,20,138,,196,190,19,17,5,10,0.7,0.6
2025-05-12T2100,3475A,113.9188,35.3045,新乡市,市政府,颗粒物(PM10),66,81,58,37,25,132,,191,184,20,19,11,16,0.2,0.2
2025-05-12T2100,3689A,113.9003,35.372,新乡市,行政服务中心,,,82,64,36,27,,,173,173,12,26,5,12,0.4,0.7
2025-05-12T2100,4215A,113.9166,35.3315,新乡市,建设东路46号,颗粒物(PM10),69,87,55,36,24,142,,195,190,8,7,5,9,0.1,0.1
2025-05-12T2100,2352A,115.0861,27.9317,新余市,北岗,,,,,,,,,,,,,,,,
2025-05-12T2100,2353A,114.9886,27.8431,新余市,飞宇,,48,44,42,33,27,112,,145,140,27,17,4,6,0.4,0.5
2025-05-12T2100,2354A,114.9231,27.8246,新余市,第二水厂,,40,35,41,20,22,126,,144,141,24,19,6,9,0.1,0.3
2025-05-12T2100,2355A,114.9308,27.8036,新余市,市气象局,,40,30,36,19,21,128,,146,143,16,15,3,7,0.3,0.7
2025-05-12T2100,3206A,114.9149,27.807,新余市,新钢沁园村,,39,35,38,24,23,122,,148,144,19,17,8,10,0.6,0.6
2025-05-12T2100,2054A,114.1099,32.1059,信阳市,平桥分局,,48,36,34,24,31,152,,153,153,9,12,6,5,0.2,0.2
2025-05-12T2100,2064A,113.9956,32.1271,信阳市,南湾水厂,臭氧1小时,53,46,41,29,25,162,,161,161,8,9,4,4,0.2,0.3
2025-05-12T2100,2065A,114.0775,32.1195,信阳市,市酿酒公司,,46,36,44,29,27,145,,148,148,11,10,4,4,0.2,0.2
2025-05-12T2100,2066A,114.0609,32.1399,信阳市,审计局,颗粒物(PM10),59,68,62,31,31,152,,155,155,10,10,7,7,0.2,0.3
2025-05-12T2100,2200A,122.0392,46.0656,兴安盟,胜华新制药厂,,47,47,80,24,64,78,,102,96,16,21,2,4,0.4,0.9
2025-05-12T2100,2201A,121.9504,46.0741,兴安盟,科右前旗环保局,细颗粒物(PM2.5),52,,81,36,60,76,,102,95,9,18,8,9,0.6,0.8
2025-05-12T2100,3035A,122.0931,46.0707,兴安盟,北滨河,细颗粒物(PM2.5),54,45,86,38,63,87,,106,100,12,22,5,10,0.4,0.6
2025-05-12T2100,1077A,114.4704,37.0886,邢台市,达活泉,颗粒物(PM10),74,97,67,36,24,132,,160,157,14,25,4,6,0.4,0.7
2025-05-12T2100,1078A,114.5062,37.0349,邢台市,邢师高专,颗粒物(PM10),76,102,68,32,23,136,,164,159,16,21,6,7,0.4,0.6
2025-05-12T2100,1079A,114.5237,37.0851,邢台市,路桥公司,颗粒物(PM10),70,90,61,30,22,166,,191,188,15,29,3,7,0.3,0.7
2025-05-12T2100,1080A,114.4725,37.0719,邢台市,市环保局,颗粒物(PM10),76,102,88,34,27,151,,194,189,24,32,4,5,0.5,0.9
2025-05-12T2100,3584A,115.8844,39.0341,雄安新区,容城县环境保护局,颗粒物(PM10),80,109,108,29,38,132,,204,198,33,41,14,13,0.4,0.4
2025-05-12T2100,3585A,115.8665,39.0645,雄安新区,河北容城中学,颗粒物(PM10),87,123,107,36,44,139,,203,199,25,33,13,12,0.6,0.6
2025-05-12T2100,3586A,115.923,38.9405,雄安新区,安新县民政局,颗粒物(PM10),70,90,104,38,38,149,,201,199,20,30,8,8,0.3,0.5
2025-05-12T2100,3587A,115.9324,38.9338,雄安新区,安新县电力局,颗粒物(PM10),80,109,102,37,47,154,,214,211,16,25,11,11,0,0.1
2025-05-12T2100,3588A,116.0901,38.9816,雄安新区,雄县环境保护局,颗粒物(PM10),76,102,102,36,40,121,,192,184,14,14,11,11,0.6,0.6
2025-05-12T2100,3589A,116.1105,39.0046,雄安新区,雄县国土资源局,颗粒物(PM10),83,115,94,34,40,113,,190,182,33,29,10,10,0.4,0.5
2025-05-12T2100,1177A,117.179,34.2761,徐州市,黄河新村,,46,44,59,21,26,145,,161,160,22,22,6,7,0.3,0.3
2025-05-12T2100,1180A,117.256,34.2153,徐州市,新城区,颗粒物(PM10),56,61,63,28,26,122,,154,150,20,19,6,7,0.5,0.5
2025-05-12T2100,1182A,117.2933,34.2778,徐州市,农科院,,45,44,53,23,23,142,,159,156,19,21,5,6,0.3,0.2
2025-05-12T2100,3005A,117.1814,34.29,徐州市,鼓楼区政府,,46,,47,32,22,144,,157,156,13,14,6,8,0.4,0.4
2025-05-12T2100,3006A,117.1694,34.1781,徐州市,铜山区招生办,颗粒物(PM10),51,51,50,10,20,132,,160,157,32,21,7,7,0.1,0.2
2025-05-12T2100,3288A,117.4754,34.4422,徐州市,大泉街道,颗粒物(PM10),56,62,64,34,31,127,,150,145,25,26,10,10,0.4,0.4
2025-05-12T2100,4186A,117.1942,34.22935,徐州市,解放南路202号,,46,42,62,21,25,145,,162,161,23,24,7,8,0.4,0.4
2025-05-12T2100,4288A,117.2456,34.2908,徐州市,龙潭环路5号,细颗粒物(PM2.5),58,53,63,41,26,134,,156,154,15,17,9,10,0.4,0.4
2025-05-12T2100,2398A,113.7906,33.9953,许昌市,开发区,细颗粒物(PM2.5),84,93,70,62,36,93,,134,127,29,17,2,4,0.5,0.4
2025-05-12T2100,3134A,113.8172,34.0339,许昌市,市一中,颗粒物(PM10),67,83,66,39,29,118,,151,146,22,16,4,4,0.9,0.6
2025-05-12T2100,3337A,113.8614,34.0442,许昌市,许昌学院,,,78,70,35,27,117,,151,145,,11,6,6,0.5,0.5
2025-05-12T2100,3338A,113.843,34.0823,许昌市,芙蓉广场,颗粒物(PM10),66,82,77,38,34,127,,146,142,14,15,6,7,0.5,0.4
2025-05-12T2100,4180A,113.8157,34.12670,许昌市,新元大道996号,颗粒物(PM10),69,88,76,48,34,130,,153,148,14,13,5,9,0.2,0.2
2025-05-12T2100,4259A,113.8358,34.01552,许昌市,望田路111号,颗粒物(PM10),61,71,63,31,31,122,,153,147,20,18,6,7,0.3,0.3
2025-05-12T2100,2316A,118.7581,30.9454,宣城市,鳌峰子站,,35,33,38,21,25,110,,149,136,9,12,6,7,0.6,0.2
2025-05-12T2100,2317A,118.7385,30.9743,宣城市,敬亭山子站,,29,26,35,11,22,90,,127,115,8,11,6,7,0.3,0.4
2025-05-12T2100,2318A,118.7173,30.9427,宣城市,开发区子站,,36,36,34,25,27,71,,150,133,29,14,5,6,0.5,0.4
2025-05-12T2100,3470A,118.7724,30.9141,宣城市,夏渡子站,,31,31,20,12,13,98,,138,129,14,9,3,7,0.4,0.5
2025-05-12T2100,2555A,103.0111,29.9833,雅安市,市政府,颗粒物(PM10),54,58,44,36,24,136,,180,180,22,9,8,7,0.5,0.4
2025-05-12T2100,2556A,102.9905,29.9775,雅安市,川农大,,,58,47,36,24,,,180,180,,10,7,7,,0.3
2025-05-12T2100,3700A,103.0456,29.9956,雅安市,康养中心,臭氧1小时,103,60,56,42,29,206,,194,194,8,4,3,1,0,0
2025-05-12T2100,4306A,103.0545,30.0133,雅安市,滨江西路,颗粒物(PM10),58,65,49,38,25,130,,185,182,46,14,5,4,0.5,0.4
2025-05-12T2100,1642A,121.2514,37.5639,烟台市,开发区,臭氧1小时,59,58,39,29,26,167,,172,172,20,16,7,7,0.7,0.6
2025-05-12T2100,1644A,121.3181,37.5436,烟台市,西郊化工站,臭氧1小时,93,70,49,37,26,194,,194,194,16,11,3,3,0.6,0.5
2025-05-12T2100,1645A,121.4478,37.4822,烟台市,莱山环保局,颗粒物(PM10),68,85,58,47,35,149,,174,172,18,13,5,6,0.5,0.4
2025-05-12T2100,1646A,121.2611,37.4967,烟台市,福山环保局,颗粒物(PM10),67,83,56,46,28,151,,176,174,24,18,4,3,0.2,0.2
2025-05-12T2100,3057A,121.5992,37.4014,烟台市,牟平检察院,臭氧1小时,68,61,50,26,24,174,,182,182,12,10,6,7,0.5,0.6
2025-05-12T2100,3366A,121.5206,37.4336,烟台市,中国农业大学,颗粒物(PM10),59,68,59,39,33,154,,169,168,16,11,6,7,0.4,0.4
2025-05-12T2100,4213A,121.3642,37.5296,烟台市,青年南路118号,颗粒物(PM10),62,73,49,42,32,152,,162,162,14,8,6,6,0.5,0.4
2025-05-12T2100,1926A,109.4131,36.6275,延安市,枣园,颗粒物(PM10),85,119,55,41,20,15,,138,110,80,34,10,10,0.6,0.6
2025-05-12T2100,1927A,109.4761,36.6028,延安市,延大医附院,颗粒物(PM10),88,126,61,39,23,7,,128,99,83,40,4,4,0.6,0.3
2025-05-12T2100,1929A,109.5056,36.6106,延安市,百米大道,颗粒物(PM10),86,122,67,41,28,12,,144,112,82,50,4,6,1.0,0.6
2025-05-12T2100,3652A,109.4809,36.5786,延安市,西北局旧址,颗粒物(PM10),87,123,57,38,20,16,,128,98,74,46,7,7,0.7,0.6
2025-05-12T2100,2237A,129.47,42.8883,延边朝鲜族自治州,妇幼医院,,33,31,26,21,16,103,,136,127,14,10,6,5,0.5,0.4
2025-05-12T2100,2238A,129.5055,42.9108,延边朝鲜族自治州,延边医院,,44,44,30,24,18,100,,134,122,17,16,7,7,0.6,0.6
2025-05-12T2100,2239A,129.3964,42.8881,延边朝鲜族自治州,朝阳川镇医院,,44,44,35,30,19,67,,139,119,27,14,7,7,0.7,0.7
2025-05-12T2100,1216A,120.156,33.3942,盐城市,市监测站,,46,44,52,20,28,146,,187,182,23,23,10,8,0.5,0.7
2025-05-12T2100,1218A,120.2144,33.38,盐城市,开发区管委会,,47,47,52,19,29,131,,186,177,25,22,9,12,0.4,0.6
2025-05-12T2100,3004A,120.1544,33.3663,盐城市,宝龙广场,,49,34,45,24,33,154,,195,190,20,24,11,10,0.5,0.7
2025-05-12T2100,3293A,120.1501,33.3367,盐城市,月亮广场,,42,40,48,21,32,133,,175,170,24,24,14,14,0.4,0.6
2025-05-12T2100,3436A,120.4279,33.205,盐城市,大丰高级中学,颗粒物(PM10),54,58,63,27,36,150,,192,187,27,30,10,12,0.6,0.6
2025-05-12T2100,4207A,120.1221,33.3940,盐城市,黄海中路88号,,47,39,55,27,32,148,,199,191,25,27,12,10,0.5,0.6
2025-05-12T2100,1186A,119.389,32.3761,扬州市,邗江监测站,,41,41,57,21,28,109,,160,147,35,27,2,5,0.4,0.5
2025-05-12T2100,2869A,119.447,32.4155,扬州市,五台山医院,,,39,49,24,30,92,,162,143,,11,6,8,0.3,0.5
2025-05-12T2100,3164A,119.4686,32.3942,扬州市,广陵建设局,,41,41,52,20,30,96,,158,140,45,30,7,9,0.5,0.7
2025-05-12T2100,3195A,119.3633,32.3972,扬州市,市体育局,,41,41,55,17,28,122,,165,154,19,21,8,9,0.5,0.6
2025-05-12T2100,3294A,119.5653,32.4222,扬州市,引江管理处,,44,38,50,21,29,139,,157,150,25,28,4,4,0.6,0.7
2025-05-12T2100,1699A,111.9797,21.8593,阳江市,鸳鸯湖,,,,,,,,,,,,,,,,
2025-05-12T2100,1701A,111.9491,21.8658,阳江市,马南垌,,47,31,46,20,21,148,,167,166,7,15,2,4,0.5,0.5
2025-05-12T2100,3317A,111.9765,21.8947,阳江市,两阳中学,,46,29,40,14,20,146,,169,167,6,20,8,8,0.5,0.5
2025-05-12T2100,3453A,112.0125,21.8749,阳江市,阳东陶然,,45,24,44,16,25,143,,168,165,7,19,5,7,0.6,0.7
2025-05-12T2100,1738A,113.5758,37.8572,阳泉市,市中心,,,44,47,22,18,,,160,158,19,28,9,12,0.5,0.6
2025-05-12T2100,1739A,113.4894,37.8731,阳泉市,赛鱼,,,57,46,22,17,,,157,146,78,40,9,14,0.6,0.7
2025-05-12T2100,1740A,113.5819,37.8486,阳泉市,南庄,颗粒物(PM10),59,68,50,38,23,124,,159,156,18,22,10,15,0.5,0.7
2025-05-12T2100,1742A,113.5614,37.8703,阳泉市,平坦,,,48,46,17,17,,,160,160,22,38,7,11,0.6,0.7
2025-05-12T2100,1743A,113.5158,37.8392,阳泉市,大阳泉,,37,35,37,12,15,118,,160,156,23,21,8,9,0.3,0.2
2025-05-12T2100,3619A,113.617,37.8571,阳泉市,龙柱,,45,45,53,20,24,140,,169,166,12,27,8,15,0.3,0.7
2025-05-12T2100,2252A,128.5159,47.4311,伊春市,环保局,"颗粒物(PM10),细颗粒物(PM2.5)",62,74,62,44,52,96,,117,114,19,12,4,17,0.9,0.8
2025-05-12T2100,2253A,128.9102,47.7412,伊春市,电力嘉园,"颗粒物(PM10),细颗粒物(PM2.5)",58,65,68,41,43,89,,110,107,16,14,9,8,0.9,0.6
2025-05-12T2100,2254A,129.5029,48.471,伊春市,汤旺河国家公园,,33,33,90,20,70,58,,,,8,10,8,8,0.5,0.7
2025-05-12T2100,3342A,128.4741,47.4346,伊春市,中心小学,细颗粒物(PM2.5),79,68,69,58,57,96,,118,114,14,10,4,3,0.8,0.6
2025-05-12T2100,3343A,128.6871,47.7369,伊春市,检察院,细颗粒物(PM2.5),75,72,78,55,63,75,,118,110,20,12,4,4,1.5,1
2025-05-12T2100,3344A,128.8431,47.8474,伊春市,双子河社区,颗粒物(PM10),55,60,78,37,58,107,,120,118,12,10,4,5,0.6,0.7
2025-05-12T2100,3480A,129.1368,47.6417,伊春市,美溪镇,颗粒物(PM10),64,78,68,40,33,63,,104,96,22,16,4,5,0.9,1
2025-05-12T2100,2704A,81.2996,43.9174,伊犁哈萨克自治州,新政府片区,,36,15,23,7,9,115,,118,118,5,10,6,5,0.4,0.5
2025-05-12T2100,2705A,81.3364,43.941,伊犁哈萨克自治州,第二水厂,,39,19,21,8,11,123,,126,126,8,11,5,5,0.3,0.4
2025-05-12T2100,4273A,81.2737,43.9337,伊犁哈萨克自治州,安徽路800号,,40,15,23,3,10,126,,128,128,7,12,5,5,0.3,0.4
2025-05-12T2100,1882A,104.563,28.793,宜宾市,石马中学,细颗粒物(PM2.5),143,144,76,109,56,114,,191,183,23,19,9,8,1.0,0.7
2025-05-12T2100,1883A,104.6201,28.7728,宜宾市,市委,细颗粒物(PM2.5),83,92,74,61,46,77,,180,168,54,29,14,15,1.1,0.8
2025-05-12T2100,1884A,104.6055,28.793,宜宾市,宜宾四中,细颗粒物(PM2.5),90,100,87,67,54,114,,191,182,40,25,12,13,0.9,0.8
2025-05-12T2100,1885A,104.639,28.7562,宜宾市,市政府,细颗粒物(PM2.5),65,78,67,47,42,131,,202,196,42,38,13,14,0.8,0.7
2025-05-12T2100,1886A,104.5742,28.7199,宜宾市,黄金嘴,,,,64,,37,,,200,200,,24,,13,,0.6
2025-05-12T2100,3728A,104.68,28.8071,宜宾市,白酒学院,细颗粒物(PM2.5),97,99,66,72,42,161,,183,180,22,24,13,14,0.9,0.7
2025-05-12T2100,1840A,111.2992,30.6981,宜昌市,白龙岗,"颗粒物(PM10),细颗粒物(PM2.5)",62,73,51,44,23,91,,140,132,22,18,13,10,0.7,0.5
2025-05-12T2100,1842A,111.2628,30.6961,宜昌市,点军区,颗粒物(PM10),55,59,48,31,23,86,,131,125,26,20,7,8,0.4,0.3
2025-05-12T2100,1843A,111.3275,30.7819,宜昌市,夷陵区,颗粒物(PM10),60,70,58,27,26,94,,140,132,27,21,12,8,0.5,0.4
2025-05-12T2100,3546A,111.4606,30.552,宜昌市,猇亭区张家湾站,细颗粒物(PM2.5),68,75,58,49,34,84,,123,120,21,25,4,4,0.5,0.5
2025-05-12T2100,4203A,111.3168,30.7203,宜昌市,西陵二路116号,颗粒物(PM10),67,83,56,42,31,68,,92,91,24,25,7,7,0.4,0.3
2025-05-12T2100,4204A,111.3526,30.6374,宜昌市,沈家店路6号,颗粒物(PM10),61,72,48,39,29,79,,122,115,22,29,11,8,0.6,0.5
2025-05-12T2100,2371A,114.3408,27.8064,宜春市,槟榔水业,,,,,,,,,,,,,,,,
2025-05-12T2100,2373A,114.3956,27.7844,宜春市,市石油公司,,44,44,39,28,23,110,,144,134,10,7,5,4,0.5,0.5
2025-05-12T2100,2374A,114.3703,27.7914,宜春市,市气象局,,49,49,38,21,21,135,,151,147,4,5,5,5,0.5,0.5
2025-05-12T2100,2375A,114.4013,27.8074,宜春市,市广电局,细颗粒物(PM2.5),52,51,45,36,22,121,,140,134,10,7,13,11,0.4,0.4
2025-05-12T2100,3151A,114.375,27.8097,宜春市,宜春学院北校区,,49,49,42,30,24,132,,153,148,6,7,8,7,0.3,0.3
2025-05-12T2100,3415A,114.4519,28.0828,宜春市,万载县环保局,,39,37,53,27,26,118,,153,146,22,20,18,16,0.5,0.4
2025-05-12T2100,2467A,112.4067,28.6428,益阳市,甘溪港,颗粒物(PM10),55,59,48,34,29,126,,136,135,11,11,8,10,0.5,0.6
2025-05-12T2100,2468A,112.3458,28.5808,益阳市,市环保局,,47,47,32,30,19,139,,146,146,10,12,6,7,0.5,0.5
2025-05-12T2100,4181A,112.3571,28.55878,益阳市,龙洲,颗粒物(PM10),56,62,39,37,25,143,,153,152,10,11,7,8,0.4,0.4
2025-05-12T2100,4187A,112.3425,28.6110,益阳市,幸福渠东路223号,,45,34,30,28,16,142,,148,148,11,15,6,6,0.3,0.3
2025-05-12T2100,4188A,112.3712,28.5764,益阳市,益鑫泰路85号,细颗粒物(PM2.5),52,48,33,36,29,140,,146,146,10,11,7,7,0.3,0.3
2025-05-12T2100,1484A,105.9512,38.6016,银川市,贺兰山马莲口,,,,,,,,,,,,,,,,
2025-05-12T2100,1489A,106.1358,38.5036,银川市,学院路,颗粒物(PM10),85,120,87,49,36,70,,104,100,41,48,5,8,0.4,0.5
2025-05-12T2100,2924A,106.2266,38.4418,银川市,水乡路,颗粒物(PM10),77,103,79,31,30,62,,94,94,36,53,6,11,0.5,0.7
2025-05-12T2100,2925A,106.2757,38.4842,银川市,上海东路,颗粒物(PM10),70,89,63,29,24,76,,96,96,25,54,2,7,0.3,0.5
2025-05-12T2100,2926A,106.1015,38.497,银川市,文昌北街,颗粒物(PM10),79,108,95,38,32,74,,106,102,33,50,7,11,0.3,0.5
2025-05-12T2100,3523A,106.5105,38.3856,银川市,滨河新区,颗粒物(PM10),58,65,62,16,21,64,,108,106,28,43,10,26,0.4,0.6
2025-05-12T2100,4242A,106.2264,38.4920,银川市,广场西路,,,106,66,,25,,,113,113,23,50,3,6,0.4,0.7
2025-05-12T2100,2357A,116.9822,28.1136,鹰潭市,龙虎山,,,,,,,,,,,,,,,,
2025-05-12T2100,2358A,117.0564,28.2642,鹰潭市,新监测站,,43,40,39,30,23,137,,158,157,16,16,13,17,0.7,0.7
2025-05-12T2100,2359A,117.0311,28.2475,鹰潭市,财苑宾馆,,46,46,36,23,22,142,,160,159,9,12,11,9,0.4,0.4
2025-05-12T2100,2360A,117.0222,28.2264,鹰潭市,体育馆,颗粒物(PM10),62,74,36,25,21,47,,153,139,66,17,14,10,0.9,0.6
2025-05-12T2100,2361A,117.0017,28.2131,鹰潭市,三川水表,颗粒物(PM10),55,60,43,21,21,54,,145,127,54,15,10,9,0.5,0.6
2025-05-12T2100,1597A,122.2703,40.7094,营口市,大庆路,臭氧1小时,62,53,49,31,31,169,,176,174,14,18,3,4,0.0,0.2
2025-05-12T2100,1598A,122.2150,40.6511,营口市,镜湖西路,臭氧1小时,72,69,68,26,26,177,,192,185,13,17,22,13,0.8,0.7
2025-05-12T2100,1599A,122.1658,40.6789,营口市,西炮台,颗粒物(PM10),74,97,78,50,46,149,,160,154,11,17,6,10,0.5,0.6
2025-05-12T2100,3379A,122.1139,40.2278,营口市,鲅鱼圈市民活动中心,颗粒物(PM10),56,62,56,39,36,158,,159,158,14,15,9,9,0.6,0.6
2025-05-12T2100,3866A,122.2469,40.66302,营口市,三高中,臭氧1小时,64,67,60,37,30,171,,187,182,7,12,8,8,0.2,0.2
2025-05-12T2100,4006A,122.3622,40.6762,营口市,老边实验小学,细颗粒物(PM2.5),55,58,76,39,41,148,,168,163,22,27,8,9,0.7,0.8
2025-05-12T2100,2477A,111.6217,26.2081,永州市,零陵南津渡,,50,50,38,27,23,104,,148,136,15,6,10,11,0.3,0.2
2025-05-12T2100,2478A,111.6156,26.4214,永州市,市环境监测站,,48,48,35,29,23,68,,132,118,33,12,3,5,0.4,0.4
2025-05-12T2100,2480A,111.5992,26.4364,永州市,永州市环保局,,39,38,34,27,24,89,,124,118,14,10,6,7,0.3,0.3
2025-05-12T2100,2481A,111.5989,26.4519,永州市,冷水滩区环保局,,50,50,40,28,26,107,,101,,16,13,5,8,0.6,0.5
2025-05-12T2100,4299A,111.6195,26.2253,永州市,徐家井路86号,,45,45,34,30,23,108,,134,128,11,9,24,11,0.4,0.4
2025-05-12T2100,2638A,109.7414,38.3344,榆林市,红石峡森林公园,,,,,,,,,,,,,,,,
2025-05-12T2100,2639A,109.7456,38.2911,榆林市,世纪广场,颗粒物(PM10),72,94,85,45,29,78,,132,117,44,59,8,20,0.5,0.7
2025-05-12T2100,2640A,109.7289,38.2839,榆林市,实验中学,细颗粒物(PM2.5),92,107,85,68,43,97,,133,121,13,49,10,15,0.3,0.6
2025-05-12T2100,2641A,109.7336,38.2478,榆林市,环保监测大楼,颗粒物(PM10),78,106,78,33,27,87,,132,118,25,48,80,22,0.4,0.5
2025-05-12T2100,2509A,110.1106,22.7019,玉林市,寒山水库,,45,45,32,31,23,124,,166,164,15,14,1,2,0.7,0.7
2025-05-12T2100,2511A,110.1433,22.6164,玉林市,南江一中,颗粒物(PM10),59,67,57,31,34,72,,161,152,26,11,4,4,0.7,0.8
2025-05-12T2100,3532A,110.1945,22.6831,玉林市,玉林师范学院东校区,细颗粒物(PM2.5),54,53,41,38,28,108,,179,174,56,23,5,7,0.4,0.4
2025-05-12T2100,3533A,110.0527,22.5893,玉林市,福绵环保局,颗粒物(PM10),60,70,46,40,28,106,,164,158,30,24,3,3,0.3,0.1
2025-05-12T2100,4255A,110.1680,22.6410,玉林市,人民东路196号,,44,44,42,24,27,94,,150,142,41,30,9,9,0.7,0.6
2025-05-12T2100,2675A,97,33.0014,玉树藏族自治州,玉树县结古镇,,32,6,27,3,9,100,,,,2,36,7,6,0.5,0.6
2025-05-12T2100,1715A,102.575,24.3711,玉溪市,东风水库,,36,36,21,12,14,101,,124,119,15,14,4,5,0.5,0.4
2025-05-12T2100,2882A,102.5389,24.3703,玉溪市,玉溪一中,,30,19,25,11,15,96,,121,117,13,16,4,5,0.6,0.5
2025-05-12T2100,2883A,102.5381,24.3389,玉溪市,文体中心,,30,24,27,9,14,95,,121,117,17,16,5,4,0.6,0.6
2025-05-12T2100,1848A,113.1493,29.4251,岳阳市,城陵矶,,49,49,46,31,28,141,,169,168,15,19,8,8,0.5,0.5
2025-05-12T2100,1849A,113.1497,29.3575,岳阳市,开发区,颗粒物(PM10),57,63,39,39,26,129,,168,163,18,16,8,9,0.4,0.3
2025-05-12T2100,1850A,113.2621,29.4758,岳阳市,云溪区,,46,35,44,28,24,146,,166,165,9,10,10,8,0.3,0.3
2025-05-12T2100,1851A,112.9943,29.4402,岳阳市,君山区,细颗粒物(PM2.5),74,82,46,54,28,125,,166,160,24,17,13,12,0.7,0.5
2025-05-12T2100,1852A,113.2117,29.355,岳阳市,金凤水库,颗粒物(PM10),54,58,44,30,25,102,,160,152,33,19,9,8,0.6,0.6
2025-05-12T2100,4265A,113.1088,29.3531,岳阳市,求索西路365号,,42,40,41,20,27,134,,152,152,11,16,7,8,0.3,0.3
2025-05-12T2100,1712A,112.0392,22.9169,云浮市,新市府,,36,25,30,18,17,115,,159,153,13,11,3,3,0.3,0.3
2025-05-12T2100,1714A,112.0539,22.9539,云浮市,牧羊,,44,,40,24,18,139,,153,153,16,26,4,5,0.4,0.4
2025-05-12T2100,3628A,112.0336,22.9374,云浮市,文笔,,,54,48,27,22,,,159,158,16,18,4,4,0.7,0.6
2025-05-12T2100,2175A,110.9956,35.0147,运城市,运城中学,颗粒物(PM10),58,65,54,32,30,118,,159,152,20,18,10,11,0.7,0.7
2025-05-12T2100,2178A,110.9686,35.0303,运城市,地区技校,,,,65,27,20,105,,160,153,24,30,8,9,0.6,0.5
2025-05-12T2100,2179A,111.0414,35.1147,运城市,空港新区,颗粒物(PM10),62,73,64,33,30,76,,160,148,59,38,10,13,0.6,1.1
2025-05-12T2100,3667A,111.0283,35.0547,运城市,水利职院,细颗粒物(PM2.5),62,54,54,44,34,112,,158,153,28,27,7,8,0.7,0.9
2025-05-12T2100,3670A,111.0522,35.0439,运城市,禹都公园,颗粒物(PM10),58,65,68,31,24,138,,170,164,17,21,10,11,0.7,0.8
2025-05-12T2100,1637A,117.558,34.8438,枣庄市,市中区政府,,,50,62,,20,135,,167,165,15,12,4,4,0.2,0.2
2025-05-12T2100,1638A,117.2852,34.7837,枣庄市,薛城环保局,颗粒物(PM10),51,51,61,27,28,149,,161,161,12,15,4,4,0.4,0.3
2025-05-12T2100,1639A,117.5852,34.7745,枣庄市,峄城区政府,颗粒物(PM10),57,63,65,27,24,129,,167,164,18,18,1,5,0.3,0.3
2025-05-12T2100,1640A,117.7276,34.5578,枣庄市,台儿庄区环保局,颗粒物(PM10),51,51,54,24,24,135,,167,160,14,14,4,4,0.5,0.5
2025-05-12T2100,1641A,117.4518,35.0992,枣庄市,山亭区环保局,臭氧1小时,52,44,51,15,22,161,,162,162,9,9,5,5,0.6,0.5
2025-05-12T2100,3364A,117.3152,34.8103,枣庄市,市环保局,,46,46,55,19,22,144,,152,152,14,13,4,3,0.5,0.3
2025-05-12T2100,1680A,110.3539,21.2706,湛江市,湛江影剧院,,,37,42,20,20,,,143,143,12,19,8,20,0.4,0.6
2025-05-12T2100,1681A,110.3928,21.2228,湛江市,市环境监测站,,50,27,32,15,16,157,,146,146,6,10,9,15,0.6,0.6
2025-05-12T2100,1682A,110.4019,21.1997,湛江市,环保局宿舍,,50,38,39,32,16,160,,145,145,11,12,8,14,0.5,0.5
2025-05-12T2100,1683A,110.4111,21.2028,湛江市,霞山游泳场,臭氧1小时,65,34,33,19,19,172,,151,151,7,12,4,13,0.5,0.5
2025-05-12T2100,1684A,110.3316,21.2679,湛江市,麻章区环保局,,47,38,42,20,21,148,,148,148,15,22,8,27,0.7,0.7
2025-05-12T2100,1685A,110.4558,21.2567,湛江市,坡头区环保局,,48,31,33,23,20,152,,146,146,10,13,3,7,0.5,0.5
2025-05-12T2100,1858A,110.5319,29.1217,张家界市,永定新区,颗粒物(PM10),51,51,42,35,25,87,,115,110,12,8,5,4,0.2,0.2
2025-05-12T2100,1859A,110.4697,29.1242,张家界市,电业局,细颗粒物(PM2.5),53,53,42,37,29,53,,113,102,30,11,6,5,0.9,0.7
2025-05-12T2100,1860A,110.5594,29.3547,张家界市,未央路,,38,36,34,26,19,44,,117,93,22,10,4,5,0.5,0.3
2025-05-12T2100,1861A,110.4417,29.315,张家界市,袁家界,,,,,,,,,,,,,,,,
2025-05-12T2100,1057A,114.8883,40.8336,张家口市,人民公园,细颗粒物(PM2.5),55,48,38,39,16,106,,129,122,18,18,5,6,0.4,0.5
2025-05-12T2100,1059A,114.8687,40.8042,张家口市,五金库,颗粒物(PM10),55,60,50,10,15,120,,127,123,10,17,6,7,0.4,0.5
2025-05-12T2100,1060A,114.8902,40.762,张家口市,世纪豪园,颗粒物(PM10),66,82,52,27,14,118,,138,132,24,24,6,6,0.8,0.7
2025-05-12T2100,1061A,114.8916,40.8661,张家口市,北泵房,,41,41,26,20,8,89,,137,128,20,13,7,7,0.3,0.4
2025-05-12T2100,3131A,114.879,40.7993,张家口市,烟厂,颗粒物(PM10),59,68,54,30,17,115,,136,133,13,13,5,5,0.5,0.5
2025-05-12T2100,3323A,115.2773,40.9724,张家口市,青少年活动中心,颗粒物(PM10),58,65,36,27,11,114,,146,144,8,6,8,9,0.5,0.5
2025-05-12T2100,2654A,100.4698,38.9524,张掖市,润泉湖,颗粒物(PM10),53,56,50,20,20,118,,132,131,11,17,3,5,0.5,0.4
2025-05-12T2100,2655A,100.4154,38.9422,张掖市,区工会,颗粒物(PM10),54,58,48,14,14,111,,128,126,12,12,3,3,0.4,0.4
2025-05-12T2100,2075A,117.6336,24.4674,漳州市,九湖,,,,,,,,,,,,,,,,
2025-05-12T2100,2920A,117.7116,24.506,漳州市,蓝田镇,,47,47,48,26,30,124,,165,160,18,17,5,7,0.4,0.5
2025-05-12T2100,3216A,114.6622,24.5183,漳州市,漳州党校,,45,45,48,24,27,124,,159,156,12,16,6,9,0.5,0.6
2025-05-12T2100,3530A,117.6296,24.5314,漳州市,西洋坪路,,41,29,31,21,22,129,,152,150,15,19,5,7,0.6,0.7
2025-05-12T2100,2596A,103.7667,27.3736,昭通市,监测站,颗粒物(PM10),61,71,48,23,24,98,,122,119,18,17,6,4,0.6,0.5
2025-05-12T2100,4261A,103.7247,27.3415,昭通市,环东路146号,,,,38,,24,100,,122,119,,17,,12,0.3,0.4
2025-05-12T2100,1397A,112.4267,23.0706,肇庆市,睦岗子站,颗粒物(PM10),52,54,41,27,23,98,,198,189,70,39,8,8,0.6,0.4
2025-05-12T2100,1398A,112.4645,23.0475,肇庆市,城中子站,颗粒物(PM10),52,53,42,30,25,100,,202,194,63,44,7,8,0.7,0.5
2025-05-12T2100,1399A,112.5544,23.1522,肇庆市,坑口子站,臭氧1小时,54,37,34,25,22,163,,178,178,21,24,6,6,0.4,0.3
2025-05-12T2100,1400A,112.4753,23.1,肇庆市,七星岩子站,臭氧1小时,105,39,34,24,20,209,,204,204,15,22,10,8,0.5,0.5
2025-05-12T2100,3313A,112.4575,23.0166,肇庆市,高要湖西,臭氧1小时,72,62,43,29,25,177,,200,200,20,25,7,11,0.5,0.5
2025-05-12T2100,3451A,112.5617,23.2083,肇庆市,鼎湖凤凰,,45,40,34,21,21,141,,188,186,16,12,5,5,0.5,0.4
2025-05-12T2100,1203A,119.6707,32.1875,镇江市,新区办事处,,46,46,47,26,27,146,,173,170,27,17,4,3,0.4,0.5
2025-05-12T2100,1204A,119.4974,32.1968,镇江市,职教中心,,48,48,50,21,25,142,,152,148,25,20,7,5,1.0,0.8
2025-05-12T2100,1205A,119.4303,32.1328,镇江市,丹徒区监测站,,49,49,48,28,30,135,,166,156,35,21,3,4,0.6,0.6
2025-05-12T2100,2870A,119.4424,32.1873,镇江市,市疾控中心,,46,38,40,22,23,146,,151,144,22,19,7,7,0.4,0.6
2025-05-12T2100,3287A,119.3842,32.1976,镇江市,富润路1号,臭氧1小时,54,45,49,27,31,163,,175,166,18,27,8,9,0.4,0.6
2025-05-12T2100,1316A,113.69031,34.76122,郑州市,烟厂,细颗粒物(PM2.5),87,69,73,64,38,157,,183,175,13,19,5,8,0.2,0.3
2025-05-12T2100,1318A,113.67526,34.80246,郑州市,银行学校,颗粒物(PM10),59,68,59,22,23,157,,184,175,14,21,8,11,0.5,0.5
2025-05-12T2100,1319A,113.56746,34.81334,郑州市,供水公司,颗粒物(PM10),64,77,69,38,35,147,,174,165,13,21,6,9,0.6,0.6
2025-05-12T2100,1320A,113.7329,34.7178,郑州市,经开区管委,颗粒物(PM10),65,79,67,46,32,156,,177,171,14,19,5,8,0.5,0.5
2025-05-12T2100,1321A,113.73961,34.77172,郑州市,四十七中,颗粒物(PM10),66,81,68,43,26,155,,186,176,17,19,4,6,0.5,0.5
2025-05-12T2100,1323A,113.64164,34.7525,郑州市,河医大,颗粒物(PM10),63,76,64,29,29,148,,169,163,15,20,11,10,0.5,0.5
2025-05-12T2100,1324A,113.51488,34.91089,郑州市,岗李水库,,,,41,,39,,,,,,29,,6,,0.6
2025-05-12T2100,3471A,113.616563,34.86783,郑州市,惠济区政府,颗粒物(PM10),66,82,71,38,31,160,,192,183,17,28,5,10,0.5,0.5
2025-05-12T2100,3590A,113.8374,34.5589,郑州市,北区建设指挥部,细颗粒物(PM2.5),70,76,78,51,35,138,,179,172,18,17,12,7,0.6,0.5
2025-05-12T2100,3591A,113.30952,34.803229,郑州市,上街区政府,颗粒物(PM10),61,71,75,26,27,148,,171,169,11,24,8,13,0.5,0.7
2025-05-12T2100,4293A,113.6051,34.7552,郑州市,计划路2号,颗粒物(PM10),70,90,71,33,25,152,,171,168,19,25,4,7,0.9,0.9
2025-05-12T2100,4294A,113.6526,34.7736,郑州市,同乐路9号,颗粒物(PM10),60,70,69,42,28,138,,161,154,14,29,10,12,0.6,0.5
2025-05-12T2100,1379A,113.3769,22.5211,中山市,华柏园,,44,31,43,18,19,139,,200,196,21,32,5,6,0.4,0.5
2025-05-12T2100,1380A,113.3881,22.5497,中山市,张溪,,44,44,48,3,18,137,,196,192,18,32,4,5,0.4,0.5
2025-05-12T2100,1381A,113.4075,22.5111,中山市,紫马岭,,41,27,42,14,23,129,,187,182,16,25,5,6,0.4,0.4
2025-05-12T2100,1382A,113.4411,22.4853,中山市,长江旅游区,,40,23,30,12,18,127,,173,170,10,14,6,6,0.5,0.5
2025-05-12T2100,3454A,113.3528,22.478,中山市,中山南区,,42,27,31,14,17,132,,195,190,15,22,4,6,0.5,0.6
2025-05-12T2100,2680A,105.0025,37.4635,中卫市,沙坡头消防站,,,,,,,,,,,,,,,,
2025-05-12T2100,2682A,105.1971,37.5002,中卫市,环保局站,颗粒物(PM10),80,110,68,37,22,98,,118,117,20,27,6,8,0.4,0.3
2025-05-12T2100,3650A,105.1698,37.5162,中卫市,沙坡头区政府站,颗粒物(PM10),86,122,76,28,29,109,,122,121,11,20,6,10,0.3,0.3
2025-05-12T2100,1414A,106.3787,29.8279,重庆市,缙云山,,49,40,35,14,15,154,,161,161,7,9,7,6,0.5,0.5
2025-05-12T2100,1416A,106.4213,29.8253,重庆市,天生,,49,49,54,29,24,114,,160,154,23,28,31,14,0.4,0.4
2025-05-12T2100,1417A,106.6263,29.7228,重庆市,两路,颗粒物(PM10),59,68,50,28,22,115,,143,140,25,26,8,10,0.6,0.5
2025-05-12T2100,1418A,106.2953,29.5983,重庆市,虎溪,颗粒物(PM10),64,78,58,24,19,96,,180,173,36,41,8,7,0.4,0.5
2025-05-12T2100,1419A,106.5777,29.5102,重庆市,南坪,,50,50,50,27,27,116,,173,167,39,27,10,12,0.8,0.8
2025-05-12T2100,1420A,106.6556,29.6277,重庆市,唐家沱,,46,46,46,27,28,126,,174,170,26,31,9,10,0.5,0.5
2025-05-12T2100,1421A,106.6349,29.4906,重庆市,茶园,,,69,75,36,34,,,181,181,38,50,9,10,0.7,0.7
2025-05-12T2100,1422A,106.3754,29.4572,重庆市,白市驿,,,,46,,23,,,194,194,23,24,9,10,0.5,0.6
2025-05-12T2100,1425A,106.6205,29.7166,重庆市,空港,颗粒物(PM10),51,51,45,32,27,119,,147,145,21,22,6,8,0.6,0.6
2025-05-12T2100,1427A,106.5616,29.6453,重庆市,礼嘉,颗粒物(PM10),51,51,50,29,27,116,,151,148,25,40,7,8,0.4,0.5
2025-05-12T2100,1428A,106.4522,29.7091,重庆市,蔡家,颗粒物(PM10),68,86,57,35,28,76,,167,156,63,30,9,8,0.6,0.6
2025-05-12T2100,1429A,106.5093,29.3917,重庆市,鱼新街,颗粒物(PM10),54,57,59,31,23,141,,197,194,32,43,7,7,0.6,0.6
2025-05-12T2100,3014A,106.4958,29.5346,重庆市,歇台子,,,,50,,20,,,190,190,,38,6,7,0.5,0.6
2025-05-12T2100,3015A,106.4037,29.5728,重庆市,龙井湾,颗粒物(PM10),52,54,61,17,18,151,,185,185,8,20,8,9,0.3,0.6
2025-05-12T2100,3016A,106.5507,29.4153,重庆市,龙洲湾,颗粒物(PM10),54,58,50,29,24,140,,185,184,20,27,8,8,0.4,0.5
2025-05-12T2100,3133A,106.5468,29.5654,重庆市,上清寺,颗粒物(PM10),53,55,60,27,30,118,,172,169,30,51,9,9,0.6,0.8
2025-05-12T2100,3346A,108.3872,31.1628,重庆市,安康,颗粒物(PM10),64,78,56,32,28,63,,127,112,42,20,6,5,0.7,0.6
2025-05-12T2100,3347A,105.9017,29.3569,重庆市,北山路,颗粒物(PM10),62,73,47,26,25,160,,172,172,15,19,6,6,0.6,0.6
2025-05-12T2100,3350A,106.6479,29.0244,重庆市,滩子口,,50,50,40,21,18,106,,143,140,34,20,13,9,0.8,0.4
2025-05-12T2100,3351A,105.7167,29.7076,重庆市,棠香,臭氧1小时,70,65,63,30,39,176,,190,190,11,20,9,6,0.6,0.7
2025-05-12T2100,3352A,107.0732,29.8617,重庆市,桃源西路,细颗粒物(PM2.5),64,66,47,46,33,112,,141,139,18,15,8,6,0.3,0.2
2025-05-12T2100,3353A,107.3535,29.7287,重庆市,迎宾大道,颗粒物(PM10),55,60,48,27,23,114,,144,142,28,31,12,9,0.8,0.6
2025-05-12T2100,3354A,108.815,29.5081,重庆市,舟白,,48,48,36,29,23,47,,115,106,24,12,9,9,0.5,0.3
2025-05-12T2100,3355A,108.3679,30.8426,重庆市,周家坝,颗粒物(PM10),67,84,54,37,32,18,,130,109,95,35,18,16,0.7,0.4
2025-05-12T2100,3356A,108.4319,30.7555,重庆市,百安坝,细颗粒物(PM2.5),113,99,54,85,38,119,,130,128,17,16,12,9,0.6,0.4
2025-05-12T2100,3482A,107.7541,29.3277,重庆市,芙蓉中路,颗粒物(PM10),59,67,38,27,21,28,,109,97,46,17,9,12,0.6,0.4
2025-05-12T2100,3483A,108.7661,29.5368,重庆市,西山,颗粒物(PM10),55,60,37,29,21,35,,114,98,35,17,8,8,0.6,0.4
2025-05-12T2100,3484A,106.2628,29.32,重庆市,行政中心,颗粒物(PM10),68,85,70,34,30,131,,196,192,34,43,7,9,0.5,0.5
2025-05-12T2100,3599A,106.2649,29.9851,重庆市,书院路,细颗粒物(PM2.5),64,72,62,46,43,126,,168,164,28,23,11,7,0.7,0.6
2025-05-12T2100,3600A,106.2339,29.5559,重庆市,虎峰,细颗粒物(PM2.5),52,51,59,36,28,131,,157,157,10,18,6,7,0.3,0.5
2025-05-12T2100,3601A,106.0499,29.8342,重庆市,龙门街,细颗粒物(PM2.5),62,57,61,44,42,143,,182,180,24,34,13,12,0.6,0.6
2025-05-12T2100,3610A,105.5933,29.4105,重庆市,昌元,细颗粒物(PM2.5),132,122,83,100,46,164,,191,191,28,26,13,9,1.1,0.8
2025-05-12T2100,4223A,106.4686,29.4893,重庆市,双山路147号,颗粒物(PM10),53,56,60,26,23,129,,179,176,32,41,6,8,0.4,0.5
2025-05-12T2100,4246A,105.8340,30.1886,重庆市,桃园路24号,颗粒物(PM10),65,79,79,43,51,136,,164,162,16,17,14,13,0.6,0.5
2025-05-12T2100,4247A,107.0910,29.1540,重庆市,钟楼街32号,颗粒物(PM10),53,56,41,30,22,93,,119,110,30,20,8,8,0.7,0.5
2025-05-12T2100,4248A,107.8043,30.6735,重庆市,人民南路309号,颗粒物(PM10),63,76,59,28,27,59,,140,130,42,19,8,8,0.6,0.5
2025-05-12T2100,1258A,122.122,30.0203,舟山市,定海檀枫,,41,41,40,22,22,125,,160,155,35,28,6,6,0.6,0.7
2025-05-12T2100,1260A,122.19,29.9944,舟山市,临城新区,,47,32,32,18,17,148,,167,164,19,27,4,4,0.7,0.8
2025-05-12T2100,4033A,122.3123,29.9619,舟山市,普陀东港中学,,46,30,32,16,17,147,,163,161,15,13,3,5,0.8,0.8
2025-05-12T2100,2068A,114.6758,33.6347,周口市,周口师范,颗粒物(PM10),61,72,62,29,24,131,,151,148,10,10,3,3,0.3,0.3
2025-05-12T2100,4269A,114.6701,33.6167,周口市,七一路,颗粒物(PM10),53,56,35,26,29,124,,149,144,14,13,5,5,0.6,0.6
2025-05-12T2100,4296A,114.6421,33.6417,周口市,健康路46号,细颗粒物(PM2.5),65,66,70,47,34,130,,144,142,10,7,3,4,0.6,0.6
2025-05-12T2100,4297A,114.649,33.596,周口市,太昊路,,49,49,58,24,27,119,,146,141,13,12,6,7,0.5,0.5
2025-05-12T2100,1515A,113.135,27.8244,株洲市,天台山庄,颗粒物(PM10),53,56,49,35,29,113,,149,141,25,17,13,11,0.6,0.6
2025-05-12T2100,1518A,113.095,27.8867,株洲市,株冶医院,,,82,58,,31,70,,150,136,47,32,11,10,0.6,0.5
2025-05-12T2100,1519A,113.167,27.8667,株洲市,市四中,颗粒物(PM10),58,66,55,36,29,94,,140,129,17,13,6,7,0.7,0.7
2025-05-12T2100,1520A,113.143,27.8381,株洲市,火车站,细颗粒物(PM2.5),69,72,51,50,32,94,,144,133,26,17,11,12,0.8,0.8
2025-05-12T2100,1524A,113.13,27.8528,株洲市,市监测站,细颗粒物(PM2.5),58,62,53,41,31,109,,150,141,18,16,8,7,0.7,0.7
2025-05-12T2100,1559A,113.251,27.8336,株洲市,大京风景区,,39,35,36,27,27,72,,146,127,5,5,10,12,0.4,0.4
2025-05-12T2100,2031A,113.1817,27.9958,株洲市,云田中学,颗粒物(PM10),58,65,48,40,28,104,,153,142,18,13,10,11,0.6,0.7
2025-05-12T2100,1367A,113.5814,22.2618,珠海市,吉大,,46,40,35,30,20,147,,164,157,13,21,9,9,0.4,0.4
2025-05-12T2100,1368A,113.4881,22.2335,珠海市,前山,,42,33,36,17,18,134,,152,152,17,25,8,8,0.3,0.3
2025-05-12T2100,1369A,113.628,22.4251,珠海市,唐家,,44,39,36,17,15,138,,199,185,18,25,8,7,0.4,0.4
2025-05-12T2100,1370A,113.299,22.2281,珠海市,斗门,,42,34,40,23,20,134,,171,165,15,27,7,8,0.4,0.4
2025-05-12T2100,3308A,113.3494,22.0569,珠海市,金湾,,42,33,38,8,16,134,,149,148,16,18,6,7,0.4,0.4
2025-05-12T2100,3448A,113.5433,22.1163,珠海市,横琴,,49,41,30,24,17,156,,152,152,14,24,6,6,0.4,0.4
2025-05-12T2100,2420A,114.0189,32.9656,驻马店市,市一纸厂,颗粒物(PM10),53,55,48,26,21,135,,147,146,6,6,3,4,0.2,0.2
2025-05-12T2100,2421A,114.0114,33.015,驻马店市,市彩印厂,颗粒物(PM10),51,52,49,21,19,145,,153,153,14,19,2,2,0.3,0.3
2025-05-12T2100,3339A,114.0012,33.0412,驻马店市,小管楼,颗粒物(PM10),51,51,49,27,21,148,,156,156,11,12,8,8,0.2,0.2
2025-05-12T2100,4202A,113.9856,32.9802,驻马店市,交通路1233号,颗粒物(PM10),57,64,47,29,25,139,,148,148,19,14,4,5,0.3,0.2
2025-05-12T2100,2561A,104.6617,30.1372,资阳市,莲花山,颗粒物(PM10),67,84,64,38,45,153,,172,168,14,16,10,7,0.6,0.6
2025-05-12T2100,2562A,104.6356,30.1506,资阳市,资阳中学,颗粒物(PM10),107,164,80,39,63,97,,178,166,46,24,12,11,0.7,0.7
2025-05-12T2100,2563A,104.6295,30.1383,资阳市,四三一厂,颗粒物(PM10),63,75,82,38,48,121,,173,163,33,29,13,12,0.8,0.9
2025-05-12T2100,2564A,104.6463,30.1146,资阳市,师范校,"颗粒物(PM10),细颗粒物(PM2.5)",65,79,90,47,62,113,,167,160,35,32,7,7,0.8,0.9
2025-05-12T2100,2565A,104.6296,30.1256,资阳市,区法院,细颗粒物(PM2.5),64,68,74,46,59,135,,176,170,24,33,11,9,0.7,0.8
2025-05-12T2100,1631A,118.0414,36.8103,淄博市,人民公园,颗粒物(PM10),59,68,60,22,22,156,,180,175,14,16,9,11,0.4,0.5
2025-05-12T2100,1633A,117.8525,36.4847,淄博市,双山,,46,40,51,17,21,146,,173,170,8,10,6,9,0.2,0.5
2025-05-12T2100,1634A,117.9592,36.6331,淄博市,气象站,,46,42,46,17,23,147,,165,163,74,18,10,13,0.3,0.4
2025-05-12T2100,3363A,117.9883,36.8372,淄博市,新区,颗粒物(PM10),51,51,51,17,20,154,,165,163,14,21,6,9,0.5,0.6
2025-05-12T2100,3644A,117.8661,36.805,淄博市,三金集团,细颗粒物(PM2.5),85,,50,63,37,141,,150,149,10,16,13,15,0.5,0.7
2025-05-12T2100,3645A,118.0253,36.8406,淄博市,东风化工厂,细颗粒物(PM2.5),79,66,57,58,23,143,,163,160,16,16,10,9,0.4,0.4
2025-05-12T2100,4212A,118.3039,36.8271,淄博市,广场路1号,,45,34,47,19,22,141,,156,154,15,20,18,18,0.6,0.9
2025-05-12T2100,3028A,104.776,29.3627,自贡市,檀木林体育馆,颗粒物(PM10),72,94,117,47,72,159,,211,200,27,22,14,15,0.5,0.6
2025-05-12T2100,3360A,104.7894,29.3194,自贡市,南湖救助站,,,101,103,,,116,,212,194,59,31,10,12,0.6,0.8
2025-05-12T2100,3638A,104.7636,29.3338,自贡市,轻化工大学,颗粒物(PM10),66,81,115,30,66,138,,199,186,31,35,13,14,0.5,0.7
2025-05-12T2100,4225A,104.7143,29.3386,自贡市,贡兴路74号,细颗粒物(PM2.5),107,135,147,80,102,140,,215,205,37,31,16,13,0.9,0.8
2025-05-12T2100,1911A,106.9222,27.6869,遵义市,丁字口,,49,49,43,22,18,106,,133,132,49,36,4,2,0.3,0.3
2025-05-12T2100,1912A,106.9242,27.7019,遵义市,凤凰山,,40,40,41,24,27,108,,126,126,12,12,10,7,0.4,0.4
2025-05-12T2100,1913A,106.8906,27.6486,遵义市,忠庄,颗粒物(PM10),53,56,46,32,28,106,,138,137,55,38,7,6,0.4,0.5
2025-05-12T2100,1914A,106.9231,27.6506,遵义市,舟水桥,颗粒物(PM10),55,59,58,29,24,123,,158,156,11,16,5,3,0.6,0.6
2025-05-12T2100,1915A,106.9178,27.72,遵义市,干田坝,,48,45,32,33,19,104,,128,127,18,20,2,8,0.6,0.5
2025-05-12T2100,4245A,106.8609,27.5969,遵义市,遵南大道1161号,颗粒物(PM10),52,53,55,33,31,80,,148,141,34,23,6,5,0.6,0.6
