timepoint,stationcode,longitude,latitude,area,positionname,primarypollutant,aqi,pm10,pm10_24h,pm2_5,pm2_5_24h,o3,o3_24h,o3_8h,o3_8h_24h,no2,no2_24h,so2,so2_24h,co,co_24h
2025-04-25T1700,2566A,102.1879,31.914,阿坝藏族羌族自治州,州农科所,,25,13,18,6,9,77,,69,69,5,7,12,12,0.5,0.5
2025-04-25T1700,2568A,102.2502,31.8896,阿坝藏族羌族自治州,马师校,,26,10,14,8,14,81,,71,71,9,8,5,5,0.5,0.5
2025-04-25T1700,3994A,102.2165,31.9024,阿坝藏族羌族自治州,马尔康中学西区,,29,13,14,6,11,91,,82,82,7,5,4,4,0.4,0.4
2025-04-25T1700,2695A,80.292,41.1694,阿克苏地区,电视台,颗粒物(PM10),51,51,57,21,26,128,,97,97,2,8,6,6,0.3,0.3
2025-04-25T1700,2696A,80.2613,41.1551,阿克苏地区,艺术中心,,47,47,61,17,28,124,,97,97,2,12,4,4,0.2,0.2
2025-04-25T1700,2204A,105.6467,38.8363,阿拉善盟,西城区西花园,,42,35,52,11,14,132,,134,134,8,11,6,7,0.6,0.6
2025-04-25T1700,2205A,105.6985,38.8411,阿拉善盟,蒙二幼,,45,45,52,12,16,114,,116,116,9,8,7,8,0.4,0.5
2025-04-25T1700,2206A,105.724,38.8516,阿拉善盟,环保局新楼,,37,36,47,12,15,118,,122,122,4,4,8,8,0.4,0.4
2025-04-25T1700,2708A,88.1264,47.8517,阿勒泰地区,市站,,27,25,16,3,5,85,,75,75,4,7,3,3,0.4,0.4
2025-04-25T1700,2630A,80.1161,32.5,阿里地区,阿里监测站,,43,21,15,10,6,135,,122,122,3,4,6,6,0.3,0.4
2025-04-25T1700,3192A,80.0903,32.5028,阿里地区,阿里藏医院,,46,40,23,11,7,146,,132,132,1,2,6,6,0.3,0.3
2025-04-25T1700,2642A,109.0318,32.6537,安康市,香溪洞,颗粒物(PM10),54,58,75,30,31,131,,124,124,6,6,8,9,0.5,0.5
2025-04-25T1700,2644A,109.0072,32.6975,安康市,汉滨区检察院,颗粒物(PM10),57,64,80,29,31,134,,128,128,6,12,8,12,0.3,0.5
2025-04-25T1700,4054A,109.0325,32.6913,安康市,市邮政管理局,颗粒物(PM10),58,66,82,26,33,136,,128,128,6,12,7,11,0.3,0.4
2025-04-25T1700,2291A,117.0809,30.5177,安庆市,环科院,臭氧1小时,65,50,59,19,30,172,,146,146,12,18,2,3,0.6,0.8
2025-04-25T1700,2292A,117.0331,30.5119,安庆市,马山宾馆,臭氧1小时,60,55,56,16,30,168,,146,146,13,19,4,5,0.5,0.7
2025-04-25T1700,2294A,116.9896,30.6145,安庆市,安庆大学,臭氧1小时,57,53,58,20,26,165,,140,140,11,15,4,4,0.5,0.5
2025-04-25T1700,3173A,117.0598,30.5351,安庆市,市人大,,,54,62,18,31,170,,149,149,,21,8,9,0.4,0.5
2025-04-25T1700,3122A,105.9606,26.2611,安顺市,伍家关,,40,40,26,23,13,115,,108,108,6,8,4,6,0.4,0.3
2025-04-25T1700,3123A,105.9408,26.2431,安顺市,凤凰山,,37,37,25,20,16,105,,102,102,8,7,8,10,0.4,0.4
2025-04-25T1700,3124A,105.9439,26.2564,安顺市,金钟山,,35,34,23,21,18,110,,107,107,6,8,6,8,0.4,0.4
2025-04-25T1700,3125A,105.8983,26.2481,安顺市,娄家坡,,39,37,33,27,22,108,,102,102,8,10,6,9,0.4,0.4
2025-04-25T1700,1818A,114.4839,36.0621,安阳市,棉研所,,,,,,,,,,,,,,,,
2025-04-25T1700,1819A,114.3551,36.1017,安阳市,红庙街,颗粒物(PM10),100,149,79,40,25,174,,134,134,2,13,5,4,0.4,0.3
2025-04-25T1700,1820A,114.361,36.0681,安阳市,银杏小区,颗粒物(PM10),101,151,88,39,32,184,,145,145,4,20,8,7,,0.3
2025-04-25T1700,3141A,114.3922,36.0878,安阳市,信访局,颗粒物(PM10),148,245,97,46,33,192,,149,149,8,19,5,5,0.2,0.1
2025-04-25T1700,3669A,114.4705,36.0637,安阳市,左辅环卫站,颗粒物(PM10),95,140,88,34,29,181,,147,147,12,23,5,5,0.6,0.4
2025-04-25T1700,3703A,114.2917,36.0949,安阳市,安钢职工学校,颗粒物(PM10),134,218,103,47,34,177,,141,141,12,17,7,5,0.4,0.3
2025-04-25T1700,1748A,123.044,41.1196,鞍山市,深沟寺,,33,24,92,12,40,103,,91,91,9,22,8,19,0.4,1.3
2025-04-25T1700,1749A,123.011,41.0931,鞍山市,太阳城,,28,19,108,8,42,89,,92,92,12,19,7,10,0.5,0.8
2025-04-25T1700,1750A,123.0485,41.1442,鞍山市,太平,,30,30,113,10,41,86,,84,84,11,19,12,21,0.6,1.1
2025-04-25T1700,1751A,122.9642,41.0971,鞍山市,铁西三道街,,31,31,111,8,46,96,,92,92,14,31,4,7,0.3,0.7
2025-04-25T1700,1753A,123.022,41.0821,鞍山市,明达新区,,30,22,100,9,41,95,,92,92,10,18,8,9,0.3,0.6
2025-04-25T1700,1754A,123.1289,41.0228,鞍山市,千山,,,,66,,22,,,62,,,13,,5,,0.6
2025-04-25T1700,4201A,122.9446,41.0826,鞍山市,兴盛南路290号,,31,31,130,11,47,92,,91,91,18,39,8,12,0.3,0.7
2025-04-25T1700,2195A,107.4212,40.761,巴彦淖尔市,附二中,,40,40,60,7,17,125,,112,112,5,23,5,8,0.3,0.5
2025-04-25T1700,2196A,107.37,40.7372,巴彦淖尔市,市环保大楼,,40,30,55,18,28,125,,112,112,6,23,4,6,0.3,0.4
2025-04-25T1700,1956A,86.1472,41.7538,巴音郭楞蒙古自治州,孔雀公园,颗粒物(PM10),145,240,247,68,69,103,,88,88,4,11,6,6,0.2,0.2
2025-04-25T1700,1957A,86.1972,41.7166,巴音郭楞蒙古自治州,棉纺厂,颗粒物(PM10),154,257,271,67,59,100,,85,85,6,13,3,4,0.4,0.4
2025-04-25T1700,1958A,86.2357,41.7173,巴音郭楞蒙古自治州,经济开发区,颗粒物(PM10),127,204,204,47,51,101,,92,92,6,8,7,7,0.2,0.2
2025-04-25T1700,2914A,106.7677,31.8794,巴中市,苏山坪,,45,45,41,26,23,94,,90,90,11,11,3,4,0.3,0.3
2025-04-25T1700,3181A,106.7768,31.8526,巴中市,市五中,,47,47,47,21,21,98,,88,88,6,11,6,6,0.3,0.4
2025-04-25T1700,3183A,106.7418,31.8654,巴中市,圣泉水务公司,,44,44,39,24,20,98,,87,87,5,16,5,5,0.4,0.4
2025-04-25T1700,3616A,106.7616,31.8344,巴中市,市中心医院,,47,47,43,27,23,94,,84,84,6,13,3,3,0.5,0.5
2025-04-25T1700,2235A,122.7911,45.6077,白城市,洮北区环保局,,27,23,22,3,10,86,,89,89,8,7,5,4,0.3,0.3
2025-04-25T1700,2236A,122.8738,45.5725,白城市,市环保局,,29,19,18,9,10,90,,94,94,4,3,5,5,0.3,0.3
2025-04-25T1700,2231A,126.4219,41.9171,白山市,喜丰,细颗粒物(PM2.5),64,65,74,46,27,109,,102,102,11,9,11,10,0.7,0.6
2025-04-25T1700,2232A,126.4077,41.9419,白山市,环保局,细颗粒物(PM2.5),68,72,83,49,34,97,,91,91,8,7,8,7,0.7,0.6
2025-04-25T1700,2647A,104.1724,36.5446,白银市,第三小学,颗粒物(PM10),53,56,73,22,28,125,,108,108,5,18,66,59,0.6,0.8
2025-04-25T1700,2648A,104.1465,36.5482,白银市,动力公司,颗粒物(PM10),52,54,56,20,23,128,,117,117,8,15,33,17,0.5,0.6
2025-04-25T1700,2512A,106.6103,23.9011,百色市,市监测站,,28,11,30,9,16,88,,73,73,8,13,3,3,0.6,0.7
2025-04-25T1700,2513A,106.6538,23.8859,百色市,市中心血站,,46,46,39,6,21,94,,81,81,8,17,4,5,0.6,0.8
2025-04-25T1700,3406A,106.6085,23.8798,百色市,祈福高中,颗粒物(PM10),51,51,36,12,19,92,,76,76,7,16,5,5,0.5,0.6
2025-04-25T1700,2270A,117.396,32.939,蚌埠市,工人疗养院,颗粒物(PM10),54,58,86,13,15,154,,131,131,6,23,4,7,0.4,0.5
2025-04-25T1700,2271A,117.3605,32.9427,蚌埠市,百货大楼,颗粒物(PM10),57,63,87,13,16,149,,128,128,14,23,6,7,0.4,0.4
2025-04-25T1700,2273A,117.4185,32.8911,蚌埠市,蚌埠学院,颗粒物(PM10),51,51,80,18,16,155,,136,136,8,16,4,5,0.4,0.4
2025-04-25T1700,2274A,117.3533,32.9673,蚌埠市,淮上区政府,颗粒物(PM10),53,56,84,16,19,150,,127,127,13,22,5,6,0.2,0.3
2025-04-25T1700,2275A,117.3145,32.8977,蚌埠市,高新区,颗粒物(PM10),53,56,72,13,13,150,,131,131,11,15,5,5,0.3,0.3
2025-04-25T1700,3715A,117.3092,32.9314,蚌埠市,蚌埠田家炳中学,颗粒物(PM10),55,59,83,10,17,160,,138,138,11,15,5,6,0.3,0.3
2025-04-25T1700,1585A,109.8756,40.6532,包头市,市环境监测站,,39,32,53,8,16,123,,104,104,9,39,11,15,0.5,0.7
2025-04-25T1700,1587A,109.9991,40.5842,包头市,包头八中,,40,36,63,10,28,126,,103,103,10,38,13,25,0.2,0.4
2025-04-25T1700,1588A,109.8538,40.6821,包头市,青山宾馆,,39,29,53,10,22,124,,102,102,6,43,12,16,0.5,0.8
2025-04-25T1700,1589A,109.8642,40.6288,包头市,惠龙物流,,40,37,53,17,25,126,,105,105,9,35,12,20,0.4,0.5
2025-04-25T1700,1590A,110.0377,40.5546,包头市,东河鸿龙湾,,39,28,67,3,19,124,,103,103,6,31,8,15,0.4,0.5
2025-04-25T1700,3283A,109.9154,40.5685,包头市,滨河大厦,,38,31,47,6,17,120,,104,104,3,38,11,16,0.4,0.5
2025-04-25T1700,3419A,109.9447,40.6261,包头市,包头市委党校,,40,30,47,9,16,126,,103,103,5,30,12,18,0.5,0.6
2025-04-25T1700,3683A,109.8331,40.6576,包头市,昆区政府,,50,,54,35,25,120,,104,104,12,45,10,14,0.5,0.7
2025-04-25T1700,1930A,107.185,34.3063,宝鸡市,庙沟村,细颗粒物(PM2.5),67,80,65,48,37,164,,129,129,12,15,9,9,0.5,0.5
2025-04-25T1700,1931A,107.0708,34.3017,宝鸡市,竹园沟,颗粒物(PM10),69,88,65,41,35,162,,130,130,16,17,11,9,0.4,0.4
2025-04-25T1700,1932A,107.1906,34.3672,宝鸡市,三陆医院,颗粒物(PM10),74,98,82,44,39,158,,128,128,23,34,9,9,0.6,0.5
2025-04-25T1700,1933A,107.1431,34.3547,宝鸡市,监测站,颗粒物(PM10),83,115,83,49,35,154,,122,122,25,26,11,10,0.5,0.5
2025-04-25T1700,1934A,107.1186,34.3739,宝鸡市,技工学校,颗粒物(PM10),69,88,78,35,34,153,,126,126,20,18,10,10,0.6,0.5
2025-04-25T1700,1935A,107.3906,34.3528,宝鸡市,陈仓区环保局家属楼,颗粒物(PM10),66,82,83,39,39,163,,131,131,20,34,10,11,0.5,0.6
2025-04-25T1700,1936A,107.2058,34.3497,宝鸡市,文理学院,颗粒物(PM10),71,92,79,50,44,164,,138,138,16,25,10,9,0.5,0.5
2025-04-25T1700,1937A,107.2386,34.3622,宝鸡市,三迪小学,颗粒物(PM10),75,100,88,47,39,158,,128,128,20,28,8,8,0.5,0.5
2025-04-25T1700,1051A,115.493,38.8632,保定市,游泳馆,颗粒物(PM10),74,97,74,44,28,171,,120,120,13,30,8,4,0.2,0.2
2025-04-25T1700,1052A,115.5213,38.8959,保定市,华电二区,臭氧1小时,67,59,60,38,30,173,,120,120,7,19,6,4,0.2,0.1
2025-04-25T1700,1053A,115.4713,38.9108,保定市,接待中心,颗粒物(PM10),87,124,70,39,26,172,,120,120,10,23,6,5,0.5,0.4
2025-04-25T1700,1054A,115.4612,38.8416,保定市,地表水厂,颗粒物(PM10),75,100,89,42,26,171,,121,121,15,28,7,5,0.3,0.3
2025-04-25T1700,3581A,115.31981,38.95208,保定市,满城区生态环境分局,颗粒物(PM10),82,114,88,41,33,175,,126,126,11,29,5,3,0.3,0.4
2025-04-25T1700,3582A,115.47694,38.76408,保定市,清苑区第二中学,颗粒物(PM10),75,100,92,37,30,175,,128,128,11,27,8,6,0.4,0.4
2025-04-25T1700,3583A,115.62909,39.02311,保定市,徐水物探局,,,77,79,34,20,167,,134,134,,26,9,4,0.5,0.4
2025-04-25T1700,4004A,115.4202,38.8656,保定市,双鹰农机,颗粒物(PM10),70,89,69,36,29,169,,120,120,12,24,8,6,0.1,0.1
2025-04-25T1700,4034A,115.5150,38.8590,保定市,植保所站,颗粒物(PM10),68,86,74,36,39,170,,116,116,6,29,3,2,0.3,0.6
2025-04-25T1700,2594A,99.1678,25.1081,保山市,市环境监测站,颗粒物(PM10),54,58,81,20,39,125,,127,127,6,11,6,5,0.4,0.6
2025-04-25T1700,2595A,99.1711,25.1328,保山市,市环保局,颗粒物(PM10),62,73,90,27,35,134,,127,127,10,10,8,9,0.4,0.6
2025-04-25T1700,1866A,109.2262,21.588,北海市,牛尾岭水库,,,22,24,15,16,98,,63,63,,,7,7,1.0,0.9
2025-04-25T1700,1867A,109.1436,21.4086,北海市,海滩公园,,36,36,41,12,16,109,,84,84,7,12,6,6,0.6,0.6
2025-04-25T1700,1868A,109.0981,21.4661,北海市,新市环保局,,35,32,32,14,19,109,,83,83,12,12,4,4,0.7,0.7
2025-04-25T1700,1869A,109.1778,21.5233,北海市,北海工业园,颗粒物(PM10),51,51,35,20,22,101,,83,83,12,12,8,10,0.6,0.6
2025-04-25T1700,3400A,109.1911,21.4415,北海市,龙潭自来水厂,,33,20,33,17,23,104,,78,78,8,10,7,8,0.6,0.5
2025-04-25T1700,1001A,116.3621,39.8784,北京市,万寿西宫,颗粒物(PM10),70,89,44,32,16,155,,112,112,13,28,8,7,0.6,0.5
2025-04-25T1700,1002A,116.2202,40.2915,北京市,定陵,,,,,,,,,,,,,,,,
2025-04-25T1700,1003A,116.4174,39.9289,北京市,东四,颗粒物(PM10),71,91,49,28,12,139,,98,98,13,29,5,3,0.4,0.4
2025-04-25T1700,1004A,116.4072,39.8863,北京市,天坛,颗粒物(PM10),69,88,41,31,13,144,,104,104,17,27,4,3,0.5,0.5
2025-04-25T1700,1005A,116.462,39.9365,北京市,农展馆,颗粒物(PM10),66,82,44,29,14,150,,102,102,16,32,9,8,0.7,0.6
2025-04-25T1700,1006A,116.3392,39.9295,北京市,官园,颗粒物(PM10),72,94,44,35,13,131,,96,96,15,27,7,6,0.4,0.4
2025-04-25T1700,1007A,116.2878,39.9611,北京市,海淀万柳,细颗粒物(PM2.5),87,90,46,64,16,127,,91,91,12,26,7,5,0.5,0.5
2025-04-25T1700,1008A,116.6636,40.135,北京市,顺义新城,颗粒物(PM10),63,76,42,24,11,137,,95,95,12,19,8,7,0.5,0.4
2025-04-25T1700,1009A,116.6275,40.3275,北京市,怀柔镇,细颗粒物(PM2.5),100,,30,75,12,135,,87,87,14,14,5,3,0.4,0.3
2025-04-25T1700,1010A,116.2296,40.217,北京市,昌平镇,颗粒物(PM10),72,94,29,27,9,129,,90,90,16,11,5,3,0.3,0.2
2025-04-25T1700,1011A,116.3966,39.9821,北京市,奥体中心,颗粒物(PM10),67,83,42,28,15,133,,89,89,18,44,6,4,0.8,0.5
2025-04-25T1700,3281A,115.9718,40.4529,北京市,延庆夏都,颗粒物(PM10),57,64,24,26,9,127,,93,93,15,13,6,3,0.4,0.3
2025-04-25T1700,3418A,116.8336,40.4095,北京市,密云新城,颗粒物(PM10),57,63,33,29,11,127,,88,88,16,9,2,3,0.5,0.5
2025-04-25T1700,3671A,116.088,39.9726,北京市,门头沟三家店,颗粒物(PM10),94,138,73,57,22,127,,94,94,20,32,4,3,0.3,0.3
2025-04-25T1700,3672A,116.1541,39.8204,北京市,丰台云岗,颗粒物(PM10),80,109,53,47,17,142,,108,108,11,18,4,3,0.4,0.3
2025-04-25T1700,3673A,116.6804,39.9081,北京市,通州东关,颗粒物(PM10),66,81,52,42,20,145,,100,100,15,37,7,6,0.6,0.6
2025-04-25T1700,3674A,115.9577,39.7603,北京市,房山燕山,颗粒物(PM10),70,90,51,33,16,139,,102,102,9,14,7,6,0.4,0.3
2025-04-25T1700,3675A,116.4672,39.7733,北京市,大兴旧宫,颗粒物(PM10),65,79,45,30,12,153,,107,107,10,26,2,3,0.3,0.3
2025-04-25T1700,3694A,115.986,40.4563,北京市,延庆石河营,颗粒物(PM10),63,75,27,25,8,112,,84,84,13,13,5,2,0.5,0.3
2025-04-25T1700,3695A,116.6151,40.3053,北京市,怀柔新城,颗粒物(PM10),60,69,27,22,10,134,,85,85,13,11,3,3,0.5,0.4
2025-04-25T1700,3696A,116.2545,39.8768,北京市,丰台小屯,细颗粒物(PM2.5),67,75,45,48,19,129,,95,95,15,30,4,3,0.4,0.4
2025-04-25T1700,3697A,116.84,40.3844,北京市,密云镇,颗粒物(PM10),55,60,30,21,9,129,,87,87,11,16,7,5,0.4,0.3
2025-04-25T1700,4182A,116.1942,39.9158,北京市,八角北路9号,颗粒物(PM10),75,99,50,35,16,132,,101,101,14,30,6,5,0.6,0.4
2025-04-25T1700,4194A,117.0790,40.1518,北京市,洳河巡河路,颗粒物(PM10),53,56,32,20,10,152,,102,102,10,10,4,3,0.4,0.3
2025-04-25T1700,1761A,123.8275,41.3064,本溪市,大峪,,34,17,66,6,34,106,,100,100,8,14,7,7,0.4,0.6
2025-04-25T1700,1762A,123.7567,41.3325,本溪市,溪湖,,34,32,78,8,37,106,,101,101,8,12,8,7,0.5,0.5
2025-04-25T1700,1763A,123.7169,41.3094,本溪市,彩屯,,34,27,83,13,35,107,,100,100,9,14,9,11,0.6,0.7
2025-04-25T1700,1764A,123.7669,41.2864,本溪市,东明,,41,41,89,17,39,100,,95,95,18,19,12,13,1.2,1.4
2025-04-25T1700,1765A,123.7992,41.2664,本溪市,新立屯,,33,23,74,6,34,104,,99,99,10,23,11,10,0.9,1.1
2025-04-25T1700,1766A,123.8142,41.3472,本溪市,威宁,颗粒物(PM10),61,72,97,6,34,104,,99,99,2,14,6,6,0.4,0.6
2025-04-25T1700,2587A,105.2864,27.3125,毕节市,八中,,30,30,25,18,16,92,,75,75,10,12,7,5,0.5,0.6
2025-04-25T1700,2588A,105.31,27.2944,毕节市,师专,,31,25,26,17,18,97,,79,79,10,14,13,10,0.4,0.5
2025-04-25T1700,4263A,105.3688,27.3598,毕节市,工业大道,,34,34,28,20,18,75,,82,82,12,13,8,7,0.6,0.5
2025-04-25T1700,1629A,118.0018,37.3617,滨州市,第二水厂,颗粒物(PM10),76,102,65,24,22,165,,142,142,9,27,9,11,0.5,0.4
2025-04-25T1700,1630A,117.9776,37.393,滨州市,北中新校,臭氧1小时,73,75,52,24,23,178,,152,152,13,32,8,6,0.3,0.5
2025-04-25T1700,3514A,117.9378,37.3956,滨州市,中海酒店,臭氧1小时,65,75,52,27,28,172,,152,152,11,25,12,11,0.6,0.6
2025-04-25T1700,3515A,117.9378,37.3553,滨州市,开发区一中,颗粒物(PM10),85,119,72,27,25,172,,152,152,15,40,6,7,0.5,0.5
2025-04-25T1700,3516A,118.0917,37.694,滨州市,金海六路,颗粒物(PM10),73,95,57,29,17,172,,156,156,15,45,10,12,0.1,0.2
2025-04-25T1700,4028A,117.9956,37.3753,滨州市,滨州市西街道办事处,臭氧1小时,82,107,60,58,34,185,,159,159,10,28,7,9,0.5,0.4
2025-04-25T1700,2311A,115.8072,33.8399,亳州市,污水处理厂,颗粒物(PM10),56,61,70,14,15,156,,134,134,13,17,2,4,0.2,0.3
2025-04-25T1700,2312A,115.7789,33.8518,亳州市,三国揽胜宫,臭氧1小时,55,58,72,13,14,164,,144,144,8,16,5,6,0.2,0.2
2025-04-25T1700,3332A,115.7633,33.8034,亳州市,亳州学院,臭氧1小时,60,59,73,11,14,168,,146,146,10,14,3,4,0.4,0.3
2025-04-25T1700,2693A,82.0485,44.8556,博尔塔拉蒙古自治州,市党校,,35,13,27,6,9,111,,91,91,2,23,3,3,0.4,0.4
2025-04-25T1700,2694A,82.0806,44.8969,博尔塔拉蒙古自治州,市环保局,,,12,35,6,10,115,,92,92,9,12,3,3,,0.7
2025-04-25T1700,1071A,116.8842,38.2991,沧州市,沧县城建局,颗粒物(PM10),62,73,66,37,25,162,,122,122,12,29,6,6,0.4,0.3
2025-04-25T1700,1072A,116.8584,38.3254,沧州市,电视转播站,颗粒物(PM10),64,78,60,41,22,158,,120,120,14,25,7,6,0.3,0.2
2025-04-25T1700,1073A,116.8709,38.3228,沧州市,市环保局,颗粒物(PM10),68,86,65,42,27,172,,132,132,13,24,4,3,0.4,0.4
2025-04-25T1700,3324A,116.8136,38.3004,沧州市,河北水利电力学院,颗粒物(PM10),78,105,70,33,19,168,,126,126,12,22,9,8,0.4,0.4
2025-04-25T1700,2622A,97.1806,31.1273,昌都市,昌都监测站,,45,6,9,3,7,141,,121,121,2,4,3,3,0.3,0.3
2025-04-25T1700,3719A,97.1714,31.1406,昌都市,昌都会议中心,,,8,14,,10,132,,112,112,5,5,2,3,0.3,0.2
2025-04-25T1700,2690A,88.1236,43.8886,昌吉回族自治州,天山天池,,,1,14,,6,87,,69,69,5,6,5,5,0.5,0.6
2025-04-25T1700,2692A,87.2717,44.0297,昌吉回族自治州,新区政务中心,,,,27,26,9,116,,100,100,12,7,,8,0.3,0.3
2025-04-25T1700,3613A,87.3095,44.0142,昌吉回族自治州,亚心广场,,39,24,31,3,7,122,,98,98,6,12,8,8,0.3,0.3
2025-04-25T1700,1119A,125.3325,43.9166,长春市,食品厂,,28,28,40,11,15,82,,80,80,14,14,6,6,0.3,0.3
2025-04-25T1700,1120A,125.2863,43.9027,长春市,客车厂,,28,22,39,19,14,85,,83,83,15,16,5,4,0.3,0.2
2025-04-25T1700,1121A,125.2841,43.8463,长春市,邮电学院,,30,20,39,17,15,93,,88,88,4,9,5,5,0.3,0.2
2025-04-25T1700,1122A,125.3716,43.8772,长春市,劳动公园,,29,18,35,13,9,90,,87,87,7,8,5,5,0.2,0.1
2025-04-25T1700,1123A,125.3297,43.8805,长春市,园林处,,28,19,34,19,7,89,,83,83,6,10,6,6,0.3,0.3
2025-04-25T1700,1124A,125.4605,43.79,长春市,净月潭,,28,18,40,14,11,89,,85,85,5,9,6,6,0.1,0.1
2025-04-25T1700,1125A,125.7194,43.515,长春市,甩湾子,,,,,,,,,,,,,,,,
2025-04-25T1700,1126A,125.3863,43.8447,长春市,经开区环卫处,,28,27,44,12,12,89,,83,83,8,10,5,6,0.3,0.3
2025-04-25T1700,1127A,125.245,43.7783,长春市,高新区管委会,细颗粒物(PM2.5),57,,38,40,12,91,,86,86,13,11,8,7,0.2,0.2
2025-04-25T1700,1128A,125.1761,43.8325,长春市,岱山公园,,,29,41,,17,96,,92,92,16,12,4,4,0.3,0.3
2025-04-25T1700,1335A,113.0833,28.2325,长沙市,经开区环保局,,42,29,38,12,21,133,,121,121,7,27,4,4,0.4,0.6
2025-04-25T1700,1336A,112.8872,28.2189,长沙市,高开区环保局,,45,37,49,8,25,141,,129,129,5,12,4,4,0.8,0.8
2025-04-25T1700,1337A,113.0792,28.2053,长沙市,马坡岭,,44,34,37,12,19,140,,131,131,8,24,3,3,0.3,0.5
2025-04-25T1700,1338A,112.9394,28.19,长沙市,湖南师范大学,,47,33,42,13,21,150,,136,136,11,16,1,3,0.4,0.5
2025-04-25T1700,1339A,113.0178,28.1322,长沙市,雨花区环保局,,45,28,37,13,20,141,,121,121,5,18,4,3,0.3,0.4
2025-04-25T1700,1340A,112.9792,28.2597,长沙市,伍家岭,,41,32,46,3,21,129,,125,125,6,17,3,2,0.3,0.5
2025-04-25T1700,1341A,113.0014,28.1944,长沙市,火车新站,,44,41,44,14,21,138,,129,129,10,22,6,6,0.4,0.5
2025-04-25T1700,1342A,112.9844,28.1178,长沙市,天心区环保局,,45,31,37,12,19,144,,126,126,9,18,3,3,0.3,0.5
2025-04-25T1700,1343A,112.8908,28.1308,长沙市,湖南中医药大学,,47,39,42,26,20,148,,131,131,7,13,2,2,0.4,0.5
2025-04-25T1700,1344A,112.9581,28.3611,长沙市,沙坪,,44,30,35,23,19,139,,116,116,11,12,5,5,0.5,0.5
2025-04-25T1700,1727A,113.1147,36.1547,长治市,清华站,,50,50,49,14,14,152,,140,140,8,12,9,8,0.4,0.5
2025-04-25T1700,1730A,113.0886,36.2125,长治市,审计局,颗粒物(PM10),57,63,53,24,20,156,,143,143,15,19,10,11,0.4,0.5
2025-04-25T1700,1731A,113.0844,36.1856,长治市,长治八中,颗粒物(PM10),56,61,54,19,24,151,,138,138,12,15,11,12,0.9,1.1
2025-04-25T1700,2845A,113.1569,36.1911,长治市,德盛苑,颗粒物(PM10),52,54,43,22,17,151,,138,138,8,11,8,7,0.5,0.6
2025-04-25T1700,3568A,113.06,36.0464,长治市,向阳小学,颗粒物(PM10),78,106,73,10,21,156,,146,146,9,15,12,13,0.2,0.3
2025-04-25T1700,3569A,112.8792,36.3144,长治市,屯留一中,,,79,54,26,18,153,,131,131,,20,12,12,0.5,0.6
2025-04-25T1700,4189A,113.1131,36.19948,长治市,英华南巷50号,颗粒物(PM10),56,62,54,14,18,156,,84,,13,17,8,7,0.3,0.8
2025-04-25T1700,4190A,113.2367,36.3344,长治市,学府街1号,,,54,60,,26,155,,138,138,16,33,6,6,0.5,0.6
2025-04-25T1700,1854A,111.6975,28.9703,常德市,市二中,细颗粒物(PM2.5),69,81,65,50,32,125,,104,104,6,12,5,6,0.6,0.6
2025-04-25T1700,1857A,111.7158,29.1456,常德市,白鹤山,,,,,,,,,,,,,,,,
2025-04-25T1700,3138A,111.7153,29.0289,常德市,武陵区永安,颗粒物(PM10),63,76,72,35,30,142,,120,120,8,13,2,4,0.5,0.5
2025-04-25T1700,3139A,111.6892,28.9881,常德市,鼎城区玉霞,颗粒物(PM10),61,71,64,32,29,138,,127,127,3,16,2,4,0.6,0.6
2025-04-25T1700,3140A,111.6625,29.0531,常德市,武陵区长庚,颗粒物(PM10),60,70,66,31,29,146,,124,124,6,12,6,9,0.6,0.6
2025-04-25T1700,1196A,119.9633,31.762,常州市,市监测站,颗粒物(PM10),61,72,65,17,19,139,,118,118,22,22,10,13,0.5,0.7
2025-04-25T1700,1200A,119.9468,31.7069,常州市,武进监测站,颗粒物(PM10),62,74,70,16,18,129,,115,115,29,29,10,14,0.5,0.8
2025-04-25T1700,1201A,119.9255,31.9087,常州市,安家,颗粒物(PM10),57,63,61,16,16,122,,51,,22,24,11,12,0.2,0.2
2025-04-25T1700,3002A,119.9805,31.8174,常州市,行政中心,,47,47,53,10,17,131,,115,115,18,23,14,15,0.4,0.5
2025-04-25T1700,3003A,120.0522,31.7748,常州市,经开区,颗粒物(PM10),62,74,75,12,15,135,,114,114,26,31,10,13,0.5,0.6
2025-04-25T1700,3010A,119.9025,31.7964,常州市,钟楼,颗粒物(PM10),68,86,64,23,18,129,,115,115,22,19,7,8,0.3,0.5
2025-04-25T1700,3429A,119.8598,31.7066,常州市,武进经发区,颗粒物(PM10),71,92,81,17,22,132,,117,117,19,23,10,11,0.4,0.6
2025-04-25T1700,3430A,119.5826,31.7245,常州市,金坛城区,颗粒物(PM10),69,88,70,19,18,141,,122,122,18,22,10,10,0.5,0.6
2025-04-25T1700,2220A,120.4318,41.5881,朝阳市,西梁,,29,18,44,3,25,90,,85,85,8,19,6,7,0.4,0.5
2025-04-25T1700,2221A,120.4521,41.5646,朝阳市,河畔小区,,30,18,41,3,22,94,,88,88,5,13,5,6,0.2,0.4
2025-04-25T1700,2222A,120.4176,41.5648,朝阳市,八里堡,,41,41,48,18,18,88,,84,84,9,18,6,6,0.2,0.6
2025-04-25T1700,2223A,120.3806,41.5969,朝阳市,农业园区,,28,22,39,8,23,89,,87,87,12,17,7,8,0.4,0.4
2025-04-25T1700,1705A,116.6367,23.6719,潮州市,西园路,,30,6,20,3,13,93,,82,82,12,11,3,3,0.6,0.6
2025-04-25T1700,3026A,116.6183,23.6608,潮州市,市政府,,31,20,26,9,16,98,,90,90,9,13,2,6,0.6,0.6
2025-04-25T1700,4036A,116.6461,23.6761,潮州市,金山,,27,6,19,3,11,86,,78,78,14,12,5,6,0.6,0.6
2025-04-25T1700,2472A,113.0073,25.9061,郴州市,马头岭,,26,26,23,6,8,13,,21,18,12,11,8,8,0.4,0.3
2025-04-25T1700,2473A,113.0116,25.8226,郴州市,市职中,,32,32,22,17,14,52,,75,72,15,8,2,2,0.6,0.6
2025-04-25T1700,2475A,113.0383,25.8071,郴州市,市审计局,,29,28,20,20,14,60,,76,72,16,8,8,5,0.6,0.6
2025-04-25T1700,2476A,113.0348,25.7759,郴州市,市环保局,,28,25,24,19,12,62,,67,67,12,10,6,4,0.6,0.5
2025-04-25T1700,4252A,113.0138,25.8011,郴州市,好美居路49号,,33,32,20,23,12,59,,74,72,16,10,8,7,0.7,0.6
2025-04-25T1700,1431A,103.9728,30.7236,成都市,金泉两河,,33,33,47,14,13,73,,56,53,13,20,2,2,0.6,0.7
2025-04-25T1700,1432A,104.176,30.6872,成都市,十里店,,26,24,46,7,18,82,,76,76,14,24,3,3,0.6,0.6
2025-04-25T1700,1433A,104.079,30.5706,成都市,三瓦窑,,30,28,41,9,19,95,,90,90,12,21,4,4,0.4,0.4
2025-04-25T1700,1434A,104.1114,30.63,成都市,沙河铺,,27,26,42,3,19,85,,80,80,12,18,6,6,0.4,0.4
2025-04-25T1700,1437A,104.0786,30.6531,成都市,君平街,,25,25,43,14,23,69,,62,62,17,23,6,7,0.5,0.6
2025-04-25T1700,1438A,103.613,31.0283,成都市,灵岩寺,,,,,,,,,,,,,,,,
2025-04-25T1700,2880A,104.0239,30.65639,成都市,大石西路,,36,36,45,23,21,88,,83,83,14,20,5,5,0.3,0.4
2025-04-25T1700,3136A,104.2725,30.5589,成都市,龙泉驿区区政府,,25,9,26,9,12,77,,70,70,7,10,4,4,0.5,0.5
2025-04-25T1700,3357A,104.0106,30.6931,成都市,金博路,,28,24,33,8,11,89,,83,83,12,15,7,7,0,0
2025-04-25T1700,3359A,104.0578,30.5225,成都市,华阳,,25,22,35,17,25,80,,81,81,25,24,6,6,0.2,0.2
2025-04-25T1700,3488A,104.3853,30.7453,成都市,青白江技师分院,,36,36,42,22,20,79,,84,84,16,19,2,3,0.3,0.3
2025-04-25T1700,3489A,104.0789,30.4072,成都市,科学城,,,32,38,14,19,95,,82,82,,12,4,4,0.3,0.3
2025-04-25T1700,4011A,103.8506,30.6947,成都市,光华大道三段,,40,40,46,14,22,92,,76,66,17,22,1,2,0.6,0.6
2025-04-25T1700,4224A,104.2433,30.5353,成都市,鲸龙路1057号,,27,17,37,9,19,85,,79,79,19,21,4,4,0.5,0.5
2025-04-25T1700,1062A,117.9531,40.9081,承德市,铁路,,32,30,25,8,6,102,,81,81,7,12,11,5,0.5,0.3
2025-04-25T1700,1063A,117.9392,40.9763,承德市,中国银行,,32,21,28,3,7,102,,84,84,3,9,13,5,0.4,0.3
2025-04-25T1700,1064A,117.9503,40.928,承德市,开发区,,33,17,24,12,14,105,,86,86,7,12,14,6,0.4,0.3
2025-04-25T1700,1065A,117.8051,40.9655,承德市,文化中心,,34,29,40,9,8,107,,86,86,9,16,33,11,0.4,0.5
2025-04-25T1700,1066A,117.9268,41.0026,承德市,离宫,,22,22,28,14,17,66,,55,55,2,6,6,3,0.3,0.3
2025-04-25T1700,2314A,117.47,30.6618,池州市,池州学院,臭氧1小时,58,54,62,22,33,166,,146,146,15,16,7,7,0.5,0.7
2025-04-25T1700,3237A,117.4918,30.6617,池州市,展览馆,臭氧1小时,57,48,56,20,31,165,,148,148,15,14,7,6,0.5,0.7
2025-04-25T1700,3333A,117.5627,30.695,池州市,第八中学,臭氧1小时,57,49,61,19,30,165,,149,149,16,15,8,6,0.5,0.7
2025-04-25T1700,3334A,117.5038,30.6243,池州市,第十二中学,臭氧1小时,63,54,60,21,29,170,,148,148,13,14,7,6,0.6,0.7
2025-04-25T1700,1744A,118.9233,42.2816,赤峰市,松山一中,,22,10,18,3,4,68,,74,74,30,24,10,10,0.4,0.3
2025-04-25T1700,1745A,118.9576,42.2728,赤峰市,哈达街,,26,16,17,10,6,81,,82,82,20,15,8,9,0.4,0.4
2025-04-25T1700,1746A,118.8788,42.2554,赤峰市,天义路,,26,,17,9,8,81,,82,82,17,14,7,9,0.6,0.5
2025-04-25T1700,3058A,119.2658,42.0353,赤峰市,银河街,,27,13,32,3,12,86,,83,83,9,14,14,18,0.4,0.5
2025-04-25T1700,3286A,118.9359,42.3147,赤峰市,桥北物流园区,,25,14,21,3,10,77,,75,75,20,24,6,7,0.5,0.5
2025-04-25T1700,2521A,107.3476,22.4136,崇左市,市环保局江州分局,,30,28,32,16,18,93,,70,70,7,10,5,6,0.6,0.6
2025-04-25T1700,4256A,107.3750,22.3736,崇左市,石景林东路7号,,32,30,31,12,12,102,,80,80,6,9,5,5,0.4,0.5
2025-04-25T1700,2298A,118.3093,32.3153,滁州市,老年大学,臭氧1小时,75,67,79,23,21,180,,139,139,14,20,5,4,0.5,0.4
2025-04-25T1700,2299A,118.3244,32.2786,滁州市,人大宾馆,臭氧1小时,69,49,56,21,16,175,,136,136,12,18,11,10,0.5,0.3
2025-04-25T1700,3207A,118.3118,32.3038,滁州市,市政府原办公楼,臭氧1小时,68,63,69,21,21,174,,138,138,12,17,8,6,0.5,0.3
2025-04-25T1700,3331A,118.3267,32.2634,滁州市,图书馆,臭氧1小时,69,75,80,18,21,175,,137,137,15,16,10,9,0.6,0.5
2025-04-25T1700,2605A,101.5482,25.0441,楚雄彝族自治州,州环境监测站,颗粒物(PM10),52,54,63,26,35,138,,132,132,7,25,6,8,0.4,0.5
2025-04-25T1700,2606A,101.538,25.0492,楚雄彝族自治州,市经济开发区,,44,41,61,27,31,138,,134,134,6,20,7,9,0.5,0.6
2025-04-25T1700,2548A,107.5277,31.2827,达州市,达州职业技术学院,颗粒物(PM10),58,66,55,27,21,85,,68,68,18,22,6,5,0.6,0.5
2025-04-25T1700,2549A,107.5086,31.2186,达州市,市环境监测站,颗粒物(PM10),63,76,58,34,22,76,,55,55,19,24,5,5,0.3,0.3
2025-04-25T1700,2550A,107.4988,31.2132,达州市,凤凰小区,颗粒物(PM10),59,68,56,31,25,83,,64,64,20,24,8,7,0.5,0.5
2025-04-25T1700,2551A,107.5082,31.1986,达州市,达县机关宾馆,颗粒物(PM10),62,73,58,31,23,75,,60,60,24,28,6,5,0.5,0.5
2025-04-25T1700,2552A,107.4644,31.2124,达州市,市政中心,颗粒物(PM10),60,70,63,27,22,75,,56,56,17,27,3,2,0.3,0.4
2025-04-25T1700,2614A,100.1542,25.7054,大理白族自治州,大理市环境监测站,颗粒物(PM10),54,58,48,36,35,140,,130,130,7,13,8,8,0.5,0.6
2025-04-25T1700,2615A,100.2171,25.5811,大理白族自治州,大理古城,颗粒物(PM10),54,57,61,28,40,130,,129,129,8,11,8,8,0.6,0.7
2025-04-25T1700,1109A,121.612,38.9741,大连市,甘井子,,31,27,31,7,9,97,,100,100,17,24,9,7,0.3,0.3
2025-04-25T1700,1110A,121.565,38.9511,大连市,周水子,,40,40,32,3,7,86,,86,86,9,21,4,6,0.3,0.4
2025-04-25T1700,1111A,121.5637,38.8845,大连市,星海三站,,29,29,27,6,8,88,,88,88,22,20,5,4,0.2,0.3
2025-04-25T1700,1112A,121.6302,38.9117,大连市,青泥洼桥,,34,22,27,3,7,108,,100,100,5,18,6,6,0.1,0.4
2025-04-25T1700,1113A,121.6251,38.8638,大连市,傅家庄,,29,24,24,6,6,90,,81,81,29,23,9,9,0.2,0.2
2025-04-25T1700,1114A,121.5213,38.8661,大连市,七贤岭,,30,16,21,3,5,94,,93,93,9,12,5,5,0.4,0.5
2025-04-25T1700,1115A,121.2529,38.8061,大连市,旅顺,,26,26,24,8,8,76,,73,73,32,29,4,4,0.4,0.4
2025-04-25T1700,1116A,121.7485,39.1311,大连市,金州,,32,32,41,6,9,88,,89,89,17,26,9,10,0.2,0.3
2025-04-25T1700,1117A,121.7811,39.0496,大连市,开发区,,34,34,38,3,10,83,,82,82,17,27,3,5,0.2,0.3
2025-04-25T1700,1118A,121.9762,39.0631,大连市,双D港,,33,33,30,7,7,92,,99,99,27,13,9,8,0.4,0.3
2025-04-25T1700,1789A,124.81117,46.03138,大庆市,大同区,,27,27,18,15,16,78,,73,73,3,3,4,4,0.3,0.3
2025-04-25T1700,1790A,125.129,46.533,大庆市,龙凤区,,23,13,26,8,10,71,,70,70,7,7,3,3,0.3,0.4
2025-04-25T1700,1791A,124.902,46.408,大庆市,红岗区,,26,13,16,8,11,83,,78,78,4,3,4,4,0.2,0.3
2025-04-25T1700,1792A,125.153,46.586,大庆市,萨尔图区,,20,15,19,3,6,64,,64,64,11,9,4,5,0.4,0.4
2025-04-25T1700,1793A,124.9042,46.6215,大庆市,让胡路区,,23,15,14,12,13,71,,69,69,6,6,5,6,0.2,0.2
2025-04-25T1700,3481A,125.141,46.634,大庆市,萨区政府监测点,,25,13,15,3,0,77,,74,74,4,4,5,5,0.3,0.3
2025-04-25T1700,1721A,113.3819,40.1097,大同市,果树场,,40,40,38,3,11,116,,89,89,7,27,5,7,0.3,0.5
2025-04-25T1700,1723A,113.2994,40.0758,大同市,云冈宾馆,,40,29,41,3,13,128,,95,95,8,26,8,12,0.3,0.8
2025-04-25T1700,1724A,113.3444,40.0917,大同市,大同大学,,39,35,33,14,15,122,,93,93,4,24,8,15,0.3,0.5
2025-04-25T1700,1725A,113.2661,40.1269,大同市,安家小村,,38,20,50,9,14,120,,89,89,3,24,10,14,0.2,0.9
2025-04-25T1700,1726A,113.2711,40.0844,大同市,教育学院,,39,35,44,13,19,122,,94,94,10,26,8,12,0.3,0.9
2025-04-25T1700,3282A,113.3397,40.0597,大同市,大同市卫生学校,,42,42,31,12,12,117,,93,93,8,26,6,13,0.2,0.6
2025-04-25T1700,3565A,113.1367,40.1122,大同市,云冈站,颗粒物(PM10),56,61,54,14,15,118,,97,97,6,27,10,15,0.3,0.5
2025-04-25T1700,3566A,113.1186,40.2556,大同市,图书馆,,36,33,27,10,12,115,,94,94,3,10,8,10,0.4,0.5
2025-04-25T1700,3567A,113.5931,40.0461,大同市,区一中,颗粒物(PM10),52,53,26,6,8,123,,100,100,8,12,12,14,0.3,0.4
2025-04-25T1700,4199A,113.2798,40.0997,大同市,魏都大道141号,,40,40,51,3,15,125,,94,94,7,27,12,16,0.3,1
2025-04-25T1700,2269A,124.1069,50.4097,大兴安岭地区,科技局,,26,22,15,16,15,81,,80,80,6,6,4,4,0.3,0.3
2025-04-25T1700,3663A,124.1164,50.4278,大兴安岭地区,红旗社区,,27,6,1,3,3,84,,83,83,3,2,4,4,0.3,0.2
2025-04-25T1700,1600A,124.3303,40.0625,丹东市,江湾东路,,46,46,56,14,22,103,,106,106,11,11,8,10,0.4,0.5
2025-04-25T1700,1601A,124.4256,40.1503,丹东市,临江后街,,42,42,87,9,22,102,,100,100,12,16,5,8,0.4,0.5
2025-04-25T1700,1602A,124.3933,40.1461,丹东市,元宝山,,34,24,46,15,24,106,,100,100,5,9,8,8,0.5,0.5
2025-04-25T1700,1603A,124.3633,40.1092,丹东市,民主桥,,42,42,54,13,18,106,,105,105,13,16,8,8,0.6,0.6
2025-04-25T1700,3541A,109.5726,19.5167,儋州市,第一中学子站,,30,21,37,11,23,95,,67,67,5,8,4,5,0.8,0.7
2025-04-25T1700,3542A,109.5567,19.5187,儋州市,东坡学校子站,,,39,37,11,23,105,,80,80,6,10,7,7,,0.6
2025-04-25T1700,2616A,98.5842,24.428,德宏傣族景颇族自治州,德宏州监测站,颗粒物(PM10),73,95,113,35,62,144,,117,117,8,24,9,10,0.4,0.8
2025-04-25T1700,3677A,98.5881,24.4368,德宏傣族景颇族自治州,芒市人民政府综合楼,细颗粒物(PM2.5),64,,117,46,57,152,,131,131,7,16,8,9,0.4,0.7
2025-04-25T1700,1901A,104.4239,31.1208,德阳市,东山公园,,28,28,35,18,22,84,,76,76,6,12,3,4,0.6,0.6
2025-04-25T1700,1902A,104.3826,31.1317,德阳市,西小区,,40,40,46,18,22,91,,76,76,7,20,2,4,0.4,0.5
2025-04-25T1700,1904A,104.3553,31.1091,德阳市,耐火材料厂,,44,44,53,24,25,76,,56,56,17,27,5,6,0.5,0.5
2025-04-25T1700,3639A,104.4019,31.1244,德阳市,市教育局,,,,35,,23,,,119,,,18,,4,,0.4
2025-04-25T1700,1622A,116.3032,37.4674,德州市,儿童乐园,颗粒物(PM10),98,146,78,39,28,174,,136,136,12,25,8,8,0.5,0.4
2025-04-25T1700,1624A,116.2991,37.4451,德州市,监理站,颗粒物(PM10),86,122,73,34,25,169,,132,132,8,22,12,11,0.4,0.4
2025-04-25T1700,3066A,116.2721,37.4379,德州市,九衢泉纯净水厂,颗粒物(PM10),89,127,76,36,29,158,,127,127,16,40,8,9,0.7,0.6
2025-04-25T1700,3371A,116.3728,37.4403,德州市,开发区人民医院,颗粒物(PM10),90,129,79,34,24,158,,124,124,9,26,9,10,0.7,0.6
2025-04-25T1700,3372A,116.3572,37.4094,德州市,太阳城中学,颗粒物(PM10),91,132,85,27,32,174,,137,137,10,34,6,7,0.4,0.4
2025-04-25T1700,3511A,116.5652,37.3319,德州市,陵城艺术中心,颗粒物(PM10),86,122,74,31,24,172,,136,136,16,30,7,8,0.6,0.6
2025-04-25T1700,2621A,99.7056,27.8317,迪庆藏族自治州,迪庆州站,,40,40,32,19,17,119,,121,118,8,9,5,5,0.4,0.4
2025-04-25T1700,3180A,99.7136,27.8094,迪庆藏族自治州,质量技术监督局,,39,39,24,16,12,123,,128,121,8,9,4,3,0.5,0.5
2025-04-25T1700,4257A,104.6092,35.5962,定西市,将台街,颗粒物(PM10),65,79,60,20,24,130,,124,124,8,16,4,5,0.0,0.1
2025-04-25T1700,4309A,104.6159,35.5701,定西市,正龙路62号,颗粒物(PM10),53,55,53,17,20,132,,125,125,5,7,8,9,0.2,0.2
2025-04-25T1700,1389A,113.7547,23.0494,东莞市,莞城梨川,,12,,24,6,18,37,,64,50,19,19,5,6,0.7,0.6
2025-04-25T1700,1390A,113.7944,23.0128,东莞市,东城石井,,12,8,24,3,15,37,,53,53,23,25,3,4,0.6,0.5
2025-04-25T1700,1391A,113.7383,22.9658,东莞市,南城西平,,16,13,25,7,16,36,,52,52,31,26,4,4,0.7,0.6
2025-04-25T1700,3319A,113.7338,23.0381,东莞市,万江金泰,,13,12,22,9,14,19,,47,35,26,21,4,4,1.1,0.9
2025-04-25T1700,3626A,113.7533,23.0202,东莞市,南城元岭,,12,10,22,8,16,38,,57,50,17,17,6,6,0.8,0.7
2025-04-25T1700,3627A,113.7875,23.0457,东莞市,东城主山,,13,8,27,3,15,40,,58,49,16,23,3,4,0.5,0.5
2025-04-25T1700,1666A,118.6614,37.4309,东营市,市环保局,臭氧1小时,78,70,52,19,13,182,,147,147,24,34,10,11,0.5,0.5
2025-04-25T1700,3036A,118.6904,37.4338,东营市,开发区管委会,臭氧1小时,77,79,60,22,16,181,,146,146,20,29,8,12,0.6,0.6
2025-04-25T1700,3365A,118.5719,37.565,东营市,垦利区民丰路,,,100,54,29,21,186,,150,150,25,36,,6,0.8,0.8
2025-04-25T1700,3498A,118.5055,37.8612,东营市,河口城区,臭氧1小时,82,90,63,22,13,185,,136,136,16,23,11,8,0.5,0.6
2025-04-25T1700,3646A,118.4978,37.4623,东营市,胜利站,臭氧1小时,74,91,61,31,20,179,,144,144,33,37,15,13,0.7,0.6
2025-04-25T1700,3734A,118.35,37.26,东营市,理想之城,臭氧1小时,84,92,58,34,21,187,,140,140,20,34,11,8,0.7,0.6
2025-04-25T1700,1591A,110.0023,39.8129,鄂尔多斯市,综合楼,,44,44,51,7,9,129,,120,120,9,22,1,4,0.2,0.3
2025-04-25T1700,1592A,109.9486,39.8261,鄂尔多斯市,巴音孟克林场办事处,,39,39,46,14,16,123,,115,115,8,26,6,8,0.3,0.4
2025-04-25T1700,1593A,109.7736,39.5986,鄂尔多斯市,康泽苑,颗粒物(PM10),54,58,41,12,9,135,,121,121,7,15,4,4,0.3,0.3
2025-04-25T1700,1594A,109.8119,39.5989,鄂尔多斯市,华泰汽车城,颗粒物(PM10),52,53,43,17,12,125,,112,112,10,35,6,6,0.1,0.2
2025-04-25T1700,1595A,109.9734,39.7884,鄂尔多斯市,奥林花园,颗粒物(PM10),51,51,61,9,15,125,,116,116,8,43,3,3,0,0.1
2025-04-25T1700,2436A,114.8938,30.3994,鄂州市,市政府,臭氧1小时,68,60,82,38,43,174,,141,141,12,25,8,8,0.8,0.9
2025-04-25T1700,2437A,114.8989,30.3714,鄂州市,赵家坝,臭氧1小时,65,64,79,28,38,172,,146,146,14,22,5,5,0.6,0.8
2025-04-25T1700,3654A,114.8094,30.4089,鄂州市,精准医疗中心,颗粒物(PM10),58,65,71,29,42,165,,141,141,11,24,4,5,0.5,0.9
2025-04-25T1700,2454A,109.4978,30.2981,恩施土家族苗族自治州,湖北民院,颗粒物(PM10),59,68,55,21,24,89,,68,68,4,10,6,5,0.3,0.4
2025-04-25T1700,2455A,109.4707,30.2798,恩施土家族苗族自治州,州电力总公司,颗粒物(PM10),56,62,49,34,24,98,,77,77,7,14,4,4,0.2,0.3
2025-04-25T1700,3549A,109.5061,30.3772,恩施土家族苗族自治州,龙凤新区,颗粒物(PM10),52,54,45,19,20,88,,67,67,4,8,6,6,0.4,0.4
2025-04-25T1700,2499A,108.3411,21.6158,防城港市,沙万,,31,29,28,15,19,97,,73,73,7,9,2,2,0.4,0.5
2025-04-25T1700,2500A,108.3514,21.7731,防城港市,防城档案局,,32,27,44,19,18,100,,71,71,7,12,1,2,0.5,0.6
2025-04-25T1700,2501A,108.3506,21.6414,防城港市,大海花园,,34,34,40,14,17,107,,78,78,5,7,2,2,0.5,0.5
2025-04-25T1700,1371A,113.1294,23.0067,佛山市,湾梁,,19,19,15,9,9,26,,51,23,34,25,7,7,0.8,0.6
2025-04-25T1700,1372A,113.1083,23.0478,佛山市,华材职中,,20,12,16,10,13,21,,37,19,39,31,7,7,0.8,0.7
2025-04-25T1700,1373A,113.144,23.0453,佛山市,南海气象局,,17,17,19,11,13,25,,40,20,33,24,6,6,0.8,0.7
2025-04-25T1700,1374A,113.2881,22.8094,佛山市,顺德苏岗,,20,18,24,14,13,17,,29,20,40,29,5,5,1.0,0.8
2025-04-25T1700,1376A,112.8383,22.8678,佛山市,高明孔堂,,18,17,23,10,13,29,,47,23,35,23,5,6,0.9,0.8
2025-04-25T1700,1377A,112.8836,23.1588,佛山市,三水监测站,,13,,12,3,7,41,,37,34,23,25,3,3,0.7,0.6
2025-04-25T1700,1378A,112.867,23.185,佛山市,三水云东海,,15,15,23,3,12,44,,37,35,23,27,2,3,0.8,0.6
2025-04-25T1700,3625A,113.2544,22.7642,佛山市,容桂街道办,,25,17,16,17,16,19,,39,22,45,31,5,5,0.9,0.7
2025-04-25T1700,1280A,119.3903,26.0543,福州市,鼓山,,,,3,,1,,,133,,,6,,3,,0.4
2025-04-25T1700,1282A,119.2681,26.0504,福州市,师大,,26,14,12,3,4,81,,126,88,26,18,3,3,0.4,0.5
2025-04-25T1700,1283A,119.2984,26.1028,福州市,五四北路,,25,16,12,6,2,80,,128,98,21,16,3,3,0.7,0.7
2025-04-25T1700,1284A,119.2648,26.0768,福州市,杨桥西路,,25,14,11,3,3,80,,118,91,27,17,3,3,0.4,0.5
2025-04-25T1700,1285A,119.317,26.0746,福州市,紫阳,,27,27,15,7,4,63,,124,85,46,24,4,4,0.3,0.5
2025-04-25T1700,3048A,119.5799,26.0936,福州市,九龙,,32,12,9,3,1,102,,131,108,9,10,4,4,0.2,0.3
2025-04-25T1700,3526A,119.5189,25.9664,福州市,吴航,颗粒物(PM10),56,61,15,7,4,111,,137,114,12,11,3,3,0.3,0.5
2025-04-25T1700,1755A,123.7977,41.8491,抚顺市,望花区,,35,18,95,7,36,111,,107,107,9,16,4,8,0.5,0.9
2025-04-25T1700,1756A,123.9161,41.8822,抚顺市,顺城区,,33,21,88,3,34,104,,99,99,11,16,6,6,0.3,0.4
2025-04-25T1700,1757A,124.0436,41.8611,抚顺市,东洲区,,33,22,97,6,37,105,,100,100,12,19,6,8,0.3,0.6
2025-04-25T1700,1758A,123.9247,41.8642,抚顺市,新抚区,,33,20,87,3,35,103,,99,99,7,11,6,7,0.3,0.5
2025-04-25T1700,1759A,124.0972,41.8961,抚顺市,大伙房水库,,33,23,96,6,38,105,,101,101,4,14,7,8,0.3,0.5
2025-04-25T1700,1760A,123.7086,41.8391,抚顺市,沈抚新城,,32,20,92,3,36,101,,97,97,7,14,5,6,0.3,0.6
2025-04-25T1700,2376A,116.2127,28.0814,抚州市,桐源党溪,,40,20,28,10,11,126,,113,113,3,2,6,5,0.9,0.9
2025-04-25T1700,2377A,116.3544,27.9831,抚州市,市站,,30,24,23,8,11,95,,90,90,5,4,1,4,0.8,1
2025-04-25T1700,2378A,116.3565,27.963,抚州市,血防站,,32,22,28,8,11,102,,96,96,3,4,3,3,0.4,0.4
2025-04-25T1700,2379A,116.3564,28.0007,抚州市,采茶剧团,,32,18,21,6,11,100,,94,94,2,2,3,3,0.6,0.5
2025-04-25T1700,2380A,116.385,27.9647,抚州市,医学分院,,30,10,19,6,9,96,,92,92,2,2,4,4,0.6,0.6
2025-04-25T1700,2207A,121.6094,41.998,阜新市,工业园区,,29,25,75,3,41,92,,93,93,8,19,8,12,0.3,0.4
2025-04-25T1700,2208A,121.6697,42.0279,阜新市,长青街,,30,10,55,3,34,94,,94,94,6,14,5,8,0.3,0.4
2025-04-25T1700,2209A,121.6673,42.0705,阜新市,农业园区,,30,16,50,3,29,94,,94,94,3,8,6,8,0.3,0.4
2025-04-25T1700,2210A,121.6717,42.0224,阜新市,东苑,,30,20,69,3,36,94,,94,94,4,11,8,11,0.4,0.5
2025-04-25T1700,2211A,121.6506,42.0498,阜新市,玉龙新城,,29,19,74,3,35,92,,94,94,6,20,6,8,0.3,0.4
2025-04-25T1700,2301A,115.8277,32.8929,阜阳市,市监测站,颗粒物(PM10),66,81,72,33,26,160,,135,135,14,17,9,9,0.3,0.3
2025-04-25T1700,2303A,115.8554,32.8605,阜阳市,开发区,颗粒物(PM10),65,80,94,33,20,168,,140,140,14,20,8,8,0.2,0.3
2025-04-25T1700,2875A,115.784,32.8892,阜阳市,阜阳职业技术学院,颗粒物(PM10),69,87,72,31,25,153,,128,128,11,13,8,7,0.5,0.5
2025-04-25T1700,3468A,115.7901,32.8613,阜阳市,市规划展馆,颗粒物(PM10),70,89,82,35,25,167,,141,141,12,13,9,9,0.4,0.4
2025-04-25T1700,3469A,115.836,32.9183,阜阳市,枣园社区,颗粒物(PM10),68,85,75,33,24,166,,139,139,12,14,11,11,0.4,0.4
2025-04-25T1700,2669A,102.9099,34.9841,甘南藏族自治州,州政府,,38,38,43,24,29,95,,78,78,2,12,3,8,0.3,0.4
2025-04-25T1700,3380A,102.8914,34.9617,甘南藏族自治州,甘肃民族师范学院,,34,30,49,16,21,106,,92,92,8,17,8,8,0.4,0.5
2025-04-25T1700,2570A,101.9603,30.0475,甘孜藏族自治州,水桥子,,26,21,16,8,7,81,,80,80,10,14,4,4,0.2,0.2
2025-04-25T1700,3065A,101.9533,29.9972,甘孜藏族自治州,州环保局,,26,15,19,3,6,82,,87,87,11,16,1,1,0.6,0.5
2025-04-25T1700,3414A,115.8347,28.932,赣江新区,桑海产业园,,41,29,28,12,13,129,,118,118,1,4,3,4,0.3,0.3
2025-04-25T1700,2362A,114.9017,25.9149,赣州市,通天岩,,26,26,22,7,5,67,,88,68,5,5,2,2,0.8,0.8
2025-04-25T1700,2363A,114.9367,25.8664,赣州市,地委,,32,32,24,9,9,78,,88,77,9,6,1,2,0.8,0.8
2025-04-25T1700,2364A,114.9461,25.8481,赣州市,气象台,,31,31,28,14,10,69,,87,73,19,12,7,7,0.5,0.5
2025-04-25T1700,2365A,114.9322,25.8333,赣州市,市图书馆,,21,,16,14,13,66,,87,73,14,7,4,4,0.9,0.9
2025-04-25T1700,2366A,114.8905,25.8471,赣州市,华坚鞋城,,,,17,,23,72,,59,59,18,9,3,4,0.7,0.9
2025-04-25T1700,3109A,115.0093,25.8613,赣州市,赣县区卫计委,,,29,15,18,13,,,87,,13,5,3,3,0.4,0.4
2025-04-25T1700,2683A,106.2319,36.1417,固原市,马园,颗粒物(PM10),101,151,92,17,21,129,,122,122,11,27,5,5,0.5,0.5
2025-04-25T1700,2684A,106.2792,36.0022,固原市,监测站,,50,50,65,19,22,121,,118,118,7,11,5,5,0.2,0.3
2025-04-25T1700,2685A,106.2375,36.0211,固原市,新区,颗粒物(PM10),54,57,65,17,20,117,,114,114,10,11,5,5,0.2,0.2
2025-04-25T1700,3522A,106.2177,35.9959,固原市,原州区十五小,颗粒物(PM10),53,56,73,19,22,124,,119,119,7,9,6,7,0.3,0.3
2025-04-25T1700,2543A,106.6308,30.5278,广安市,小平旧居,,,,,,,,,,,,,,,,
2025-04-25T1700,2544A,106.6303,30.4576,广安市,市委,细颗粒物(PM2.5),62,71,69,44,41,71,,61,61,11,14,7,5,0.5,0.4
2025-04-25T1700,2545A,106.6271,30.4663,广安市,友谊中学,颗粒物(PM10),63,75,67,39,34,73,,64,64,14,16,6,4,0.7,0.6
2025-04-25T1700,2547A,106.6388,30.4551,广安市,广电花园,颗粒物(PM10),95,139,65,51,39,68,,58,58,16,16,7,4,0.4,0.3
2025-04-25T1700,2902A,106.6351,30.4865,广安市,北辰小学,颗粒物(PM10),63,75,65,38,36,67,,59,59,14,15,7,6,0.4,0.4
2025-04-25T1700,2523A,105.8945,32.4535,广元市,黑石坡,颗粒物(PM10),51,51,52,28,19,92,,88,88,7,9,3,3,0.2,0.2
2025-04-25T1700,2524A,105.821,32.4444,广元市,老城,,43,43,46,20,16,96,,93,93,4,10,3,2,0.4,0.5
2025-04-25T1700,2526A,105.8628,32.4287,广元市,监测站,,42,42,39,19,21,99,,95,95,7,10,8,7,0.4,0.4
2025-04-25T1700,3617A,105.8047,32.4166,广元市,经开区,颗粒物(PM10),51,51,52,28,30,94,,92,92,11,20,4,5,0.5,0.5
2025-04-25T1700,1345A,113.2347,23.1423,广州市,广雅中学,,20,15,21,7,13,35,,43,26,39,31,3,3,0.6,0.5
2025-04-25T1700,1346A,113.2612,23.105,广州市,市五中,,15,12,18,7,13,47,,48,32,14,17,1,1,0.9,0.8
2025-04-25T1700,1348A,113.3478,23.0916,广州市,广东商学院,,14,10,19,6,12,43,,41,30,26,27,4,3,0.6,0.6
2025-04-25T1700,1349A,113.4332,23.1047,广州市,市八十六中,,15,9,18,3,10,47,,39,31,21,30,4,4,0.9,0.9
2025-04-25T1700,1350A,113.3505,22.9483,广州市,番禺中学,,17,17,22,10,14,41,,44,33,30,27,4,4,0.9,0.7
2025-04-25T1700,1351A,113.2146,23.3916,广州市,花都师范,,18,6,13,3,8,56,,53,40,12,14,4,4,0.8,0.8
2025-04-25T1700,1352A,113.2597,23.1331,广州市,市监测站,,13,6,17,3,11,39,,36,26,26,27,5,5,0.7,0.6
2025-04-25T1700,1353A,113.5618,23.312,广州市,九龙镇镇龙,,15,8,8,3,7,47,,49,46,15,14,4,4,0.6,0.5
2025-04-25T1700,1354A,113.2765,23.1544,广州市,麓湖,,13,7,19,3,11,41,,31,31,21,31,4,4,0.7,0.7
2025-04-25T1700,1355A,113.443,23.3035,广州市,帽峰山森林公园,,19,,4,3,5,60,,51,48,3,4,5,5,0.8,0.8
2025-04-25T1700,2846A,113.3221,23.1322,广州市,体育西,,18,13,18,9,13,55,,45,36,20,24,4,4,0.7,0.7
2025-04-25T1700,3298A,113.5717,23.5491,广州市,从化街口,,17,6,15,3,10,54,,51,51,12,15,5,5,0.7,0.7
2025-04-25T1700,3299A,113.3472,23.3692,广州市,白云竹料,,23,6,14,3,10,71,,58,58,8,13,3,3,0.7,0.7
2025-04-25T1700,3300A,113.2981,23.237,广州市,白云嘉禾,,17,6,19,3,14,54,,44,39,24,28,5,5,0.9,0.9
2025-04-25T1700,3301A,113.4256,23.1716,广州市,黄埔科学城,,14,8,19,3,12,43,,40,34,17,18,3,3,0.6,0.5
2025-04-25T1700,3302A,113.3942,23.0483,广州市,番禺大学城,,14,14,21,7,12,44,,46,33,28,27,4,5,0.7,0.6
2025-04-25T1700,3303A,113.4922,22.8168,广州市,南沙黄阁,,26,25,23,18,20,28,,34,34,44,36,4,5,1.1,0.9
2025-04-25T1700,3304A,113.5342,22.7896,广州市,南沙街,,25,20,25,17,19,33,,47,47,39,26,5,4,0.9,0.6
2025-04-25T1700,3443A,113.2902,23.5544,广州市,花都梯面,,16,6,10,3,6,51,,51,51,13,11,4,5,0.6,0.6
2025-04-25T1700,3445A,113.7858,23.7478,广州市,从化良口,,17,6,7,3,5,54,,55,54,6,8,7,7,0.6,0.5
2025-04-25T1700,3446A,113.8051,23.2614,广州市,增城荔城,,19,7,11,3,5,58,,61,49,8,10,7,7,0.4,0.3
2025-04-25T1700,2505A,109.568,23.1478,贵港市,德智高中,,,,,,,,,,,,,,,,
2025-04-25T1700,2506A,109.6047,23.0666,贵港市,江南子站,,35,34,20,24,14,75,,61,61,14,12,5,4,0.8,0.6
2025-04-25T1700,2508A,109.5669,23.1065,贵港市,荷城子站,,47,47,21,14,7,70,,44,,14,13,3,6,0.7,0.4
2025-04-25T1700,3405A,109.5886,23.1172,贵港市,新世纪学校,,34,34,21,23,13,77,,62,62,11,11,4,3,0.7,0.7
2025-04-25T1700,4260A,109.5933,23.0951,贵港市,中山路155-3号,颗粒物(PM10),51,52,23,21,12,78,,62,62,12,12,6,7,0.8,0.8
2025-04-25T1700,1439A,106.6899,26.5998,贵阳市,马鞍山,,41,41,36,9,12,121,,112,112,9,9,5,4,0.3,0.3
2025-04-25T1700,1441A,106.6243,26.6266,贵阳市,鉴湖路,,48,48,45,22,18,126,,112,112,12,9,6,6,0.3,0.3
2025-04-25T1700,1442A,106.7487,26.6343,贵阳市,燕子冲,,41,41,34,19,20,128,,113,113,10,11,2,3,0.1,0.2
2025-04-25T1700,1443A,106.6555,26.4365,贵阳市,碧云窝,颗粒物(PM10),52,53,46,12,13,124,,117,117,9,10,4,4,0.4,0.3
2025-04-25T1700,1445A,106.7109,26.6027,贵阳市,红边门,,44,44,39,17,20,129,,114,114,10,5,4,3,0.1,0.1
2025-04-25T1700,1446A,106.7164,26.5699,贵阳市,新华路,,48,48,39,22,19,131,,118,118,9,8,19,8,0.2,0.3
2025-04-25T1700,1447A,106.674,26.5424,贵阳市,太慈桥,,46,46,37,17,16,134,,117,117,11,12,6,5,0.2,0.2
2025-04-25T1700,1552A,106.805,26.3003,贵阳市,桐木岭,颗粒物(PM10),53,56,55,22,24,112,,114,114,1,3,4,4,0.5,0.5
2025-04-25T1700,4230A,106.6882,26.5695,贵阳市,花果园大街66号,,40,36,38,17,18,125,,106,106,12,11,4,4,0.3,0.4
2025-04-25T1700,4231A,106.6873,26.5169,贵阳市,漓江路57号,,48,48,38,17,16,128,,118,118,9,9,8,8,0.4,0.3
2025-04-25T1700,1862A,110.4144,25.3167,桂林市,电子科大尧山校区,,,,,,,,,,,,,,,,
2025-04-25T1700,1864A,110.3089,25.2708,桂林市,龙隐路小学,,33,19,20,9,12,103,,98,98,4,5,14,10,0.4,0.4
2025-04-25T1700,1865A,110.2869,25.2178,桂林市,八中,,30,15,20,6,11,94,,88,88,12,12,2,3,0.4,0.5
2025-04-25T1700,3531A,110.296,25.1253,桂林市,旅游学院,,28,6,12,3,8,89,,89,89,4,7,1,3,0.8,0.8
2025-04-25T1700,4222A,110.1835,25.2444,桂林市,环湖路276号,,30,19,20,17,14,96,,92,92,4,6,8,9,0.4,0.4
2025-04-25T1700,4301A,110.2803,25.2773,桂林市,信义路13号,,32,16,21,6,11,100,,95,95,9,10,2,3,0.4,0.4
2025-04-25T1700,2674A,100.2561,34.4714,果洛藏族自治州,玛沁县大武镇,,32,21,32,13,17,100,,97,97,1,2,12,19,0.3,0.3
2025-04-25T1700,1129A,126.5422,45.755,哈尔滨市,岭北,,26,8,10,6,9,82,,77,77,8,8,10,14,0.7,0.8
2025-04-25T1700,1130A,126.561,45.8167,哈尔滨市,松北商大,,22,15,15,6,8,69,,65,65,9,8,5,5,0.5,0.4
2025-04-25T1700,1131A,126.979,45.5419,哈尔滨市,阿城会宁,,23,22,21,10,16,73,,70,70,13,9,6,6,0.4,0.5
2025-04-25T1700,1132A,126.599,45.7222,哈尔滨市,南岗学府路,,23,23,23,3,9,72,,67,67,10,10,7,7,0.4,0.4
2025-04-25T1700,1133A,126.689,45.7733,哈尔滨市,太平宏伟公园,,24,17,15,14,12,75,,70,70,11,11,4,4,0.5,0.5
2025-04-25T1700,1134A,126.635,45.7667,哈尔滨市,道外承德广场,,22,12,12,12,14,69,,62,62,11,13,6,5,0.4,0.4
2025-04-25T1700,1135A,126.685,45.7319,哈尔滨市,香坊红旗大街,,24,14,17,6,11,74,,69,69,10,12,6,6,0.4,0.4
2025-04-25T1700,1136A,126.6411,45.7258,哈尔滨市,动力和平路,,23,17,17,10,10,71,,63,63,10,11,7,7,0.4,0.4
2025-04-25T1700,1137A,126.593,45.7478,哈尔滨市,道里建国路,,26,26,16,8,10,70,,66,66,16,12,8,8,0.3,0.3
2025-04-25T1700,1138A,126.615,45.61,哈尔滨市,平房东轻厂,,23,23,18,13,15,68,,67,67,16,14,9,10,0.4,0.4
2025-04-25T1700,1139A,126.595,45.9855,哈尔滨市,呼兰师专,,19,11,22,10,7,58,,52,52,8,9,5,5,0.1,0.3
2025-04-25T1700,1140A,126.6206,45.6842,哈尔滨市,省农科院,,38,38,30,10,15,61,,60,60,17,16,5,6,0.4,0.5
2025-04-25T1700,2688A,93.5128,42.8172,哈密市,地区监测站,颗粒物(PM10),71,92,52,36,17,107,,102,102,7,15,3,4,0.2,0.3
2025-04-25T1700,2689A,93.4961,42.8328,哈密市,哈密师范学校,颗粒物(PM10),60,69,38,19,14,104,,92,92,6,15,5,4,0.3,0.4
2025-04-25T1700,2671A,100.9048,36.9639,海北藏族自治州,海晏县西海镇,颗粒物(PM10),56,61,37,21,22,133,,118,118,6,11,11,10,0.5,0.4
2025-04-25T1700,3867A,102.0738,36.5056,海东市,平安区公安北苑,,43,43,56,17,26,123,,86,86,5,13,5,9,0.7,0.9
2025-04-25T1700,1409A,110.576,19.9507,海口市,东寨港,,35,14,16,6,12,110,,81,81,4,5,8,8,0.5,0.5
2025-04-25T1700,1410A,110.3232,20.0574,海口市,海南大学,,36,27,38,11,20,115,,79,79,8,17,2,2,0.4,0.4
2025-04-25T1700,1411A,110.283,20.0053,海口市,秀英海南医院,,37,22,33,7,19,116,,78,78,6,19,4,4,0.3,0.3
2025-04-25T1700,1412A,110.338,19.9969,海口市,海南师范大学,,,22,32,8,17,120,,82,82,6,12,,4,0.4,0.4
2025-04-25T1700,1413A,110.33,20.0356,海口市,龙华路环保局宿舍,,38,22,32,9,18,120,,80,80,6,12,4,4,0.4,0.4
2025-04-25T1700,3539A,110.5111,19.9736,海口市,桂林洋子站,,38,20,29,9,14,119,,84,84,9,14,3,3,0.3,0.3
2025-04-25T1700,2673A,100.6188,36.2866,海南藏族自治州,共和县恰卜恰镇,颗粒物(PM10),52,53,43,21,23,125,,122,122,11,13,14,13,0.4,0.4
2025-04-25T1700,2676A,97.3731,37.3753,海西蒙古族藏族自治州,德令哈市,颗粒物(PM10),54,58,44,9,16,113,,110,110,4,3,14,14,0.4,0.4
2025-04-25T1700,1048A,114.5302,36.6116,邯郸市,东污水处理厂,颗粒物(PM10),120,189,74,29,19,154,,113,113,14,29,2,4,0.4,0.5
2025-04-25T1700,1049A,114.4918,36.5713,邯郸市,矿院,颗粒物(PM10),104,157,69,34,24,139,,107,107,8,25,8,10,0.4,0.5
2025-04-25T1700,1050A,114.484,36.6133,邯郸市,丛台公园,颗粒物(PM10),122,193,90,33,21,155,,120,120,10,20,6,9,0.4,0.6
2025-04-25T1700,3458A,114.7895,36.5593,邯郸市,香泉濮院小区,颗粒物(PM10),111,171,88,23,15,158,,129,129,10,17,5,5,0.5,0.2
2025-04-25T1700,3579A,114.50634,36.77178,邯郸市,永年区实验高中,颗粒物(PM10),108,166,91,40,29,169,,120,120,9,25,6,9,0.4,0.7
2025-04-25T1700,3580A,114.20016,36.44293,邯郸市,峰峰矿区临水派出所,,,130,66,34,19,176,,145,145,,15,11,7,0.4,0.7
2025-04-25T1700,2634A,106.9893,33.1842,汉中市,汉川机床厂子校,颗粒物(PM10),53,56,53,30,30,118,,113,113,8,10,8,8,0.7,0.6
2025-04-25T1700,2635A,107.0154,33.0706,汉中市,市监测站,颗粒物(PM10),58,66,63,27,30,111,,111,111,7,16,5,6,0.6,0.6
2025-04-25T1700,2636A,107.0089,33.1138,汉中市,鑫源开发区,,47,47,61,17,27,112,,114,114,11,22,5,8,0.6,0.6
2025-04-25T1700,2637A,107.007,33.0323,汉中市,南郑大河坎水厂,颗粒物(PM10),52,53,57,25,31,109,,111,111,10,19,4,5,0.4,0.5
2025-04-25T1700,1223A,120.2072,30.2111,杭州市,滨江,颗粒物(PM10),62,73,45,19,20,134,,113,113,21,18,8,6,0.3,0.5
2025-04-25T1700,1224A,120.0633,30.2747,杭州市,西溪,,47,47,44,10,21,110,,103,103,14,16,5,5,0.5,0.7
2025-04-25T1700,1226A,120.3417,30.3150,杭州市,下沙,颗粒物(PM10),52,54,45,11,16,127,,105,105,17,24,6,6,0.3,0.5
2025-04-25T1700,1227A,120.1269,30.2456,杭州市,卧龙桥,颗粒物(PM10),52,53,42,16,24,138,,128,128,18,17,7,6,0.5,0.6
2025-04-25T1700,1228A,120.1903,30.2692,杭州市,浙江农大,颗粒物(PM10),54,57,41,19,23,125,,107,107,14,22,3,2,0.3,0.4
2025-04-25T1700,1230A,120.1197,30.3119,杭州市,和睦小学,颗粒物(PM10),55,60,50,14,22,122,,111,111,17,19,7,7,0.4,0.5
2025-04-25T1700,1231A,120.3019,30.4183,杭州市,临平镇,颗粒物(PM10),64,78,62,13,27,132,,110,110,16,20,6,6,0.4,0.6
2025-04-25T1700,1232A,120.2753,30.1839,杭州市,城厢镇,颗粒物(PM10),54,58,38,21,23,135,,118,118,23,20,8,7,0.3,0.5
2025-04-25T1700,1233A,120.0883,30.1808,杭州市,云栖,颗粒物(PM10),57,64,44,16,30,135,,126,126,23,21,10,6,0.6,0.6
2025-04-25T1700,3557A,119.9464,30.0494,杭州市,镇二中,,44,41,35,8,22,140,,121,121,25,23,4,3,0.4,0.5
2025-04-25T1700,3558A,119.7183,30.2367,杭州市,市府大楼,臭氧1小时,59,52,52,21,28,167,,140,140,17,19,8,7,0.3,0.5
2025-04-25T1700,3656A,120.1556,30.2864,杭州市,消防大队,颗粒物(PM10),54,57,49,12,22,127,,112,112,20,24,5,4,0.5,0.7
2025-04-25T1700,1270A,117.1959,31.7848,合肥市,明珠广场,,,63,76,22,19,175,,150,150,10,17,,3,0.3,0.4
2025-04-25T1700,1271A,117.3072,31.8764,合肥市,三里街,颗粒物(PM10),63,75,75,24,18,157,,132,132,22,22,7,6,0.4,0.4
2025-04-25T1700,1272A,117.2588,31.8707,合肥市,琥珀山庄,臭氧1小时,67,75,78,23,20,173,,143,143,14,19,5,5,0.4,0.4
2025-04-25T1700,1273A,117.1604,31.9052,合肥市,董铺水库,颗粒物(PM10),68,85,82,22,17,168,,132,132,13,15,3,2,0.4,0.4
2025-04-25T1700,1274A,117.25,31.8571,合肥市,长江中路,颗粒物(PM10),62,73,79,23,24,167,,140,140,14,18,10,10,0.5,0.5
2025-04-25T1700,1275A,117.266,31.9436,合肥市,庐阳区,臭氧1小时,65,78,81,24,18,172,,138,138,13,19,8,7,0.4,0.4
2025-04-25T1700,1276A,117.3453,31.8616,合肥市,瑶海区,颗粒物(PM10),64,78,81,22,17,157,,132,132,18,23,7,7,0.3,0.4
2025-04-25T1700,1277A,117.3027,31.7964,合肥市,包河区,臭氧1小时,65,63,85,22,22,172,,145,145,6,36,8,8,0.4,0.5
2025-04-25T1700,1278A,117.2776,31.7385,合肥市,滨湖新区,,,73,79,27,26,161,,138,138,,8,8,8,0.5,0.5
2025-04-25T1700,1279A,117.1318,31.8403,合肥市,高新区,颗粒物(PM10),63,75,78,24,20,169,,140,140,14,19,4,4,0.3,0.3
2025-04-25T1700,3464A,117.3803,31.9147,合肥市,高教基地,颗粒物(PM10),59,68,71,17,14,165,,141,141,3,9,6,6,0.4,0.4
2025-04-25T1700,3614A,79.924,37.0877,和田地区,地区环保局,颗粒物(PM10),76,102,314,10,49,108,,97,97,3,5,1,2,0.2,0.2
2025-04-25T1700,3615A,79.9131,37.113,和田地区,市环保局,,49,49,282,6,44,111,,97,97,3,4,1,2,0.3,0.3
2025-04-25T1700,2516A,108.2011,24.715,河池市,东仁乐园,,,,,,,,,,,,,,,,
2025-04-25T1700,2517A,108.0497,24.6947,河池市,市环保站,,32,24,20,11,10,100,,90,90,4,6,6,7,0.4,0.4
2025-04-25T1700,2518A,108.0983,24.6989,河池市,市疾控中心,,32,20,21,13,12,102,,94,94,8,12,8,8,0.5,0.5
2025-04-25T1700,1696A,114.6778,23.7569,河源市,源西,,20,,7,9,10,64,,64,64,8,12,3,3,0.7,0.7
2025-04-25T1700,1697A,114.6944,23.7586,河源市,东埔,,21,,5,10,10,65,,65,65,12,12,4,4,0.8,0.8
2025-04-25T1700,1698A,114.6892,23.7233,河源市,老城,,22,,13,13,9,68,,64,64,8,10,3,3,0.6,0.6
2025-04-25T1700,1718A,115.4208,35.2464,菏泽市,气象局,细颗粒物(PM2.5),94,118,92,70,34,154,,132,132,10,36,5,4,0.3,0.4
2025-04-25T1700,3374A,115.5564,35.0891,菏泽市,定陶老年大学,颗粒物(PM10),70,90,76,17,22,150,,130,130,14,31,6,5,0.3,0.4
2025-04-25T1700,4184A,115.4797,35.24401,菏泽市,永昌路1号,颗粒物(PM10),71,92,81,28,36,150,,127,127,11,35,5,6,0.3,0.3
2025-04-25T1700,4193A,115.4715,35.2800,菏泽市,长城路999号,颗粒物(PM10),71,91,79,48,23,147,,127,127,15,33,6,6,0.2,0.2
2025-04-25T1700,2514A,111.5264,24.4172,贺州市,环保小区,,,21,19,3,13,54,,55,55,15,12,6,7,,0.7
2025-04-25T1700,2515A,111.5608,24.4078,贺州市,政协大楼,,20,,18,14,11,49,,54,54,18,13,8,8,0.6,0.6
2025-04-25T1700,3534A,111.4744,24.4553,贺州市,西湾,,21,21,17,12,11,59,,54,54,11,9,7,6,0.7,0.7
2025-04-25T1700,2385A,114.17,35.9019,鹤壁市,市监测站,颗粒物(PM10),104,158,81,60,26,192,,152,152,14,13,11,8,0.6,0.5
2025-04-25T1700,2386A,114.2956,35.7511,鹤壁市,市交警支队,颗粒物(PM10),96,142,86,30,22,178,,139,139,12,28,8,8,0.7,0.6
2025-04-25T1700,2387A,114.2878,35.7306,鹤壁市,迎宾馆,颗粒物(PM10),99,147,91,25,15,187,,145,145,11,24,5,6,0.5,0.5
2025-04-25T1700,3474A,114.2617,35.6822,鹤壁市,大新区,颗粒物(PM10),85,120,81,36,29,176,,136,136,12,44,8,9,0.5,0.4
2025-04-25T1700,3596A,114.1572,35.9603,鹤壁市,南山宾馆,颗粒物(PM10),109,167,80,60,34,190,,157,157,17,13,8,5,0.5,0.5
2025-04-25T1700,2244A,130.2537,47.3416,鹤岗市,哈啤分公司,,26,26,32,18,25,55,,62,62,15,10,15,15,0.4,0.4
2025-04-25T1700,2245A,130.2684,47.3086,鹤岗市,斯达机电,,25,25,39,11,28,51,,61,61,20,12,13,12,0.2,0.2
2025-04-25T1700,2246A,130.3114,47.3388,鹤岗市,东山纸板厂,,46,46,68,25,35,61,,63,63,16,15,12,13,0.3,0.7
2025-04-25T1700,2247A,130.1097,47.3382,鹤岗市,五号水库,,,,,,,,,,,,,,,,
2025-04-25T1700,2263A,127.4833,50.2524,黑河市,交通局,,23,16,16,16,12,71,,68,68,5,6,7,7,0.3,0.3
2025-04-25T1700,2264A,127.5144,50.2341,黑河市,环保局,,26,,13,18,16,72,,64,64,5,8,3,4,0.3,0.3
2025-04-25T1700,2265A,127.5291,50.2472,黑河市,大黑河岛,,,,,,,,,,,,,,,,
2025-04-25T1700,1074A,115.6838,37.7541,衡水市,电机北厂,臭氧1小时,83,110,71,37,27,186,,143,143,11,17,6,6,0.4,0.3
2025-04-25T1700,1075A,115.6303,37.7316,衡水市,市监测站,臭氧1小时,79,100,66,38,20,183,,144,144,13,18,8,6,0.4,0.3
2025-04-25T1700,3188A,115.6683,37.7217,衡水市,市城管局,"颗粒物(PM10),臭氧1小时",79,108,66,30,26,183,,142,142,11,19,4,5,0.4,0.4
2025-04-25T1700,3459A,115.5989,37.5491,衡水市,地表水厂,,,,80,,26,172,,148,148,12,28,8,10,0.4,0.3
2025-04-25T1700,2456A,112.5003,26.9167,衡阳市,原169医院,,42,21,25,12,13,134,,129,129,7,10,6,5,0.5,0.6
2025-04-25T1700,2457A,112.6194,26.9258,衡阳市,衡阳化工总厂,,37,16,30,8,13,116,,116,116,4,6,6,6,0.5,0.5
2025-04-25T1700,2458A,112.6211,26.8956,衡阳市,珠晖区环保局,,37,14,26,12,11,118,,117,117,7,13,7,7,0.6,0.6
2025-04-25T1700,2459A,112.6197,26.8733,衡阳市,市委党校,,35,16,25,10,11,110,,113,113,5,7,3,3,0.2,0.2
2025-04-25T1700,2460A,112.6006,26.8919,衡阳市,市监测站,,35,28,29,17,17,112,,115,115,6,8,9,9,0.5,0.5
2025-04-25T1700,2461A,112.5664,26.9056,衡阳市,真空机电公司,,36,17,26,13,14,115,,116,116,5,6,5,5,0.6,0.6
2025-04-25T1700,3399A,112.6703,26.882,衡阳市,师范学院,,36,26,28,13,14,114,,120,120,9,9,5,6,0.5,0.6
2025-04-25T1700,2608A,103.3772,23.3993,红河哈尼族彝族自治州,污水处理厂,颗粒物(PM10),54,57,44,27,30,104,,98,98,7,10,4,9,0.4,0.4
2025-04-25T1700,2609A,103.3861,23.35,红河哈尼族彝族自治州,监测站,颗粒物(PM10),52,53,53,27,34,100,,95,95,12,11,7,15,0.4,0.3
2025-04-25T1700,3038A,103.3758,23.368,红河哈尼族彝族自治州,州图书馆,,44,44,50,30,30,95,,86,86,5,9,3,10,0.3,0.3
2025-04-25T1700,1090A,111.6507,40.7517,呼和浩特市,呼市一监,颗粒物(PM10),51,51,45,14,16,134,,111,111,3,13,6,5,0.4,0.5
2025-04-25T1700,1091A,111.6572,40.8033,呼和浩特市,小召,颗粒物(PM10),56,61,48,13,17,120,,98,98,13,26,9,8,0.3,0.4
2025-04-25T1700,1094A,111.7516,40.8369,呼和浩特市,如意水处理厂,,39,39,44,21,19,123,,100,100,6,30,9,9,0.3,0.4
2025-04-25T1700,1095A,111.7276,40.8062,呼和浩特市,二十九中,,46,46,41,17,18,124,,98,98,6,18,6,6,0.3,0.5
2025-04-25T1700,1096A,111.5512,40.7866,呼和浩特市,工大金川校区,,41,41,50,14,21,129,,104,104,8,34,8,8,0.5,0.6
2025-04-25T1700,1097A,111.717,40.7612,呼和浩特市,化肥厂生活区,颗粒物(PM10),53,55,44,17,17,126,,102,102,11,19,10,10,0.3,0.5
2025-04-25T1700,3698A,111.5968,40.8178,呼和浩特市,红旗小学,颗粒物(PM10),52,53,49,13,18,130,,104,104,11,34,5,6,0.3,0.4
2025-04-25T1700,3699A,111.6518,40.8389,呼和浩特市,海东办,颗粒物(PM10),51,51,47,13,20,125,,101,101,7,28,8,8,0.4,0.5
2025-04-25T1700,2192A,119.7594,49.2261,呼伦贝尔市,区环保局,,30,23,37,21,33,95,,88,88,7,10,5,6,0.2,0.3
2025-04-25T1700,3061A,119.7512,49.1577,呼伦贝尔市,国华电力东,,31,24,39,8,20,98,,91,91,5,6,5,4,0.2,0.2
2025-04-25T1700,1250A,120.0751,30.8669,湖州市,城西水厂,颗粒物(PM10),71,92,76,22,26,134,,110,110,21,23,8,7,0.3,0.4
2025-04-25T1700,2873A,120.0830,30.8929,湖州市,仁皇山新区,颗粒物(PM10),78,106,79,27,26,138,,104,104,25,23,5,5,0.5,0.7
2025-04-25T1700,2907A,120.1844,30.8596,湖州市,吴兴区站,颗粒物(PM10),67,83,63,22,25,137,,108,108,17,21,6,7,0.3,0.4
2025-04-25T1700,3562A,120.4148,30.8538,湖州市,南浔区站,颗粒物(PM10),69,88,70,23,26,130,,112,112,24,23,5,5,0.3,0.5
2025-04-25T1700,1607A,120.9049,40.7211,葫芦岛市,龙港区,,40,40,45,9,12,91,,84,84,9,24,7,8,0.3,0.4
2025-04-25T1700,1608A,120.8392,40.7514,葫芦岛市,化工街,,29,27,45,3,13,90,,87,87,12,35,9,20,0.4,0.5
2025-04-25T1700,1609A,120.8341,40.7073,葫芦岛市,新区,,36,36,40,7,12,89,,84,84,12,30,5,7,0.4,0.4
2025-04-25T1700,1610A,120.8695,40.7677,葫芦岛市,东城区,,30,30,46,9,16,86,,85,85,10,32,4,22,0.4,0.5
2025-04-25T1700,2482A,109.5981,27.5721,怀化市,林科所,,39,39,36,14,18,78,,77,77,8,7,9,9,0.2,0.2
2025-04-25T1700,2483A,109.9453,27.5444,怀化市,河西地税局,,35,35,37,18,17,87,,85,85,15,12,3,3,0.6,0.5
2025-04-25T1700,2484A,109.9781,27.5342,怀化市,市四医院,,40,40,40,11,20,100,,85,85,5,7,4,7,0.5,0.5
2025-04-25T1700,2485A,109.9972,27.5578,怀化市,监测楼,,36,36,40,21,19,103,,85,85,6,8,5,6,0.5,0.5
2025-04-25T1700,2486A,110.0394,27.583,怀化市,市委党校,,48,48,38,27,21,100,,81,81,4,10,8,20,0.4,0.5
2025-04-25T1700,1210A,119.036,33.5981,淮安市,钵池山,,44,44,64,13,16,121,,108,108,11,21,8,8,0.2,0.3
2025-04-25T1700,1211A,119.007,33.575,淮安市,北京南路,颗粒物(PM10),52,53,68,12,14,131,,114,114,8,18,8,8,0.3,0.4
2025-04-25T1700,1212A,118.989,33.6067,淮安市,市监测站,,41,41,60,14,13,123,,106,106,15,21,10,9,0.2,0.3
2025-04-25T1700,1213A,119.135,33.5039,淮安市,楚州区监测站,,46,46,75,12,19,114,,102,102,5,17,8,9,0.4,0.5
2025-04-25T1700,3426A,118.8755,33.2894,淮安市,新华书店,,45,45,68,12,12,132,,116,116,9,21,9,8,0.4,0.4
2025-04-25T1700,4206A,119.0288,33.6319,淮安市,承德北路606号,,46,46,84,13,20,123,,110,110,11,25,8,8,0.3,0.3
2025-04-25T1700,2282A,116.8004,33.975,淮北市,监测站,,,,88,24,33,152,,132,132,14,18,7,8,0.6,0.7
2025-04-25T1700,2283A,116.8091,33.9007,淮北市,烈山区政府,颗粒物(PM10),65,79,99,13,16,148,,125,125,9,16,5,7,0.5,0.6
2025-04-25T1700,3330A,116.8873,33.9836,淮北市,杜集区检察院,颗粒物(PM10),62,74,86,20,18,149,,126,126,16,17,7,7,0.6,0.7
2025-04-25T1700,4017A,116.7923,33.9535,淮北市,市博物馆,颗粒物(PM10),51,51,77,24,22,150,,127,127,12,16,6,8,0.6,0.6
2025-04-25T1700,2277A,116.8305,32.7727,淮南市,潘集区政府,颗粒物(PM10),65,79,83,24,28,146,,125,125,11,19,6,7,0.3,0.3
2025-04-25T1700,2279A,116.8569,32.5951,淮南市,谢家集区政府,颗粒物(PM10),52,53,73,17,19,149,,123,123,10,15,5,6,0.3,0.3
2025-04-25T1700,2280A,116.8281,32.633,淮南市,八公山区政府,,,,84,,20,147,,122,122,8,13,5,6,0.2,0.3
2025-04-25T1700,2281A,116.6325,32.6201,淮南市,焦岗湖风景区管理处,,,,,,,,,,,,,,,,
2025-04-25T1700,2894A,117.0566,32.6531,淮南市,经济技术开发区消防队,颗粒物(PM10),52,53,68,16,25,146,,125,125,9,19,6,6,0.4,0.3
2025-04-25T1700,3329A,117.0108,32.5893,淮南市,山南新区,颗粒物(PM10),57,64,83,3,12,153,,130,130,9,12,8,8,0.3,0.3
2025-04-25T1700,4209A,117.0031,32.6445,淮南市,国庆中路369号,,48,46,72,23,21,153,,130,130,5,9,7,7,0.4,0.4
2025-04-25T1700,2446A,114.9028,30.4742,黄冈市,职工中心,臭氧1小时,75,63,76,42,50,180,,154,154,15,21,7,7,0.7,0.7
2025-04-25T1700,2929A,114.8858,30.4519,黄冈市,红卫路,臭氧1小时,70,61,81,36,50,176,,149,149,8,18,7,7,0.7,0.7
2025-04-25T1700,3398A,114.9136,30.4445,黄冈市,市林业局,臭氧1小时,73,67,82,34,51,178,,148,148,6,18,9,8,0.6,0.7
2025-04-25T1700,2672A,102.0199,35.5102,黄南藏族自治州,同仁县隆务镇,,33,33,35,15,14,93,,88,88,1,3,5,5,0.2,0.2
2025-04-25T1700,2295A,118.2903,29.6963,黄山市,延安路89号,,39,25,21,18,14,123,,120,120,1,2,4,4,0.3,0.4
2025-04-25T1700,2297A,118.1371,30.2756,黄山市,黄山区政府5号楼,,47,47,38,28,17,132,,125,125,5,5,4,3,0.6,0.6
2025-04-25T1700,4210A,118.3354,29.7203,黄山市,滨江东路7-2号,,,,28,,11,122,,121,121,2,6,4,4,0.4,0.5
2025-04-25T1700,2423A,115.0601,30.2313,黄石市,沈家营,颗粒物(PM10),55,60,82,19,33,156,,159,159,27,19,7,7,0.7,0.9
2025-04-25T1700,2426A,114.8988,30.2019,黄石市,铁山,,,,69,20,41,151,,141,141,10,19,9,7,0.5,0.3
2025-04-25T1700,2427A,115.0307,30.2092,黄石市,团城山,臭氧1小时,55,46,75,25,32,164,,146,146,7,17,7,8,0.5,0.7
2025-04-25T1700,3149A,115.0235,30.1578,黄石市,笔架山北路,臭氧1小时,58,28,58,15,28,166,,154,154,4,10,6,6,0.5,0.9
2025-04-25T1700,4185A,115.0780,30.21118,黄石市,磁湖东路29号,臭氧1小时,68,62,79,24,46,174,,159,159,8,16,7,7,0.7,0.8
2025-04-25T1700,1392A,114.4183,23.0528,惠州市,河南岸金山湖子站,,21,12,20,8,12,65,,64,59,16,15,8,8,0.6,0.4
2025-04-25T1700,1393A,114.4053,23.0822,惠州市,下埔横江三路子站,,24,12,20,6,12,74,,76,65,10,12,9,8,0.7,0.6
2025-04-25T1700,1394A,114.4103,23.1142,惠州市,江北云山西路子站,,22,14,18,7,11,69,,78,63,11,11,10,10,0.6,0.5
2025-04-25T1700,1395A,114.4645,22.7833,惠州市,惠阳区承修路船湖子站,,32,32,23,17,13,51,,73,70,22,14,8,7,0.8,0.6
2025-04-25T1700,1396A,114.5317,22.7422,惠州市,大亚湾管委会子站,,25,25,17,14,11,57,,81,78,26,12,8,8,0.6,0.6
2025-04-25T1700,3314A,114.4338,22.8134,惠州市,惠阳秋长,,22,19,18,15,14,62,,78,78,20,10,5,5,0.7,0.6
2025-04-25T1700,3452A,114.6517,22.775,惠州市,大亚湾霞涌,,26,19,12,18,9,66,,91,89,13,11,7,6,0.6,0.5
2025-04-25T1700,2240A,130.9762,45.3001,鸡西市,环保局,,24,22,46,3,32,74,,77,77,7,11,5,6,0.3,0.4
2025-04-25T1700,2243A,130.9429,45.3039,鸡西市,第一中学,,24,24,43,8,30,76,,76,76,4,6,5,6,0.3,0.4
2025-04-25T1700,3707A,131.0207,45.3073,鸡西市,欧美日汽修厂,,23,20,55,15,38,71,,74,74,8,12,6,6,0.4,0.5
2025-04-25T1700,3709A,130.9967,45.3106,鸡西市,市政设施管理处,,22,22,54,7,31,70,,74,73,8,15,6,7,0.4,0.4
2025-04-25T1700,2367A,114.9754,27.0803,吉安市,红声器材厂,,31,30,32,9,14,97,,94,94,6,8,10,12,0.5,0.5
2025-04-25T1700,2368A,114.9658,27.0999,吉安市,市森林工业局,,31,24,28,11,16,98,,96,96,6,7,10,11,0.3,0.3
2025-04-25T1700,2369A,114.99,27.1312,吉安市,市环境监测站,,32,31,26,9,16,102,,98,98,3,6,14,13,0.4,0.4
2025-04-25T1700,2370A,115.0093,27.0968,吉安市,青原区法院,,33,22,30,11,18,103,,97,97,4,8,10,13,0.4,0.4
2025-04-25T1700,1772A,126.54,43.8622,吉林市,哈达湾,,27,21,40,8,12,85,,81,81,10,9,6,6,0.3,0.3
2025-04-25T1700,1773A,126.5844,43.8358,吉林市,东局子,,31,31,60,9,14,80,,78,78,13,10,5,5,0.5,0.5
2025-04-25T1700,1774A,126.5052,43.8245,吉林市,电力学院,,28,20,32,11,13,87,,83,83,7,6,5,4,0.3,0.3
2025-04-25T1700,1775A,126.6133,43.8972,吉林市,江北,,29,29,39,7,11,80,,78,78,14,12,7,7,0.5,0.5
2025-04-25T1700,1776A,126.555,43.8306,吉林市,江南公园,,27,20,37,10,15,86,,82,82,7,7,5,5,0.3,0.3
2025-04-25T1700,1778A,126.7061,43.7133,吉林市,丰满,,,,,,,,,,,,,,,,
2025-04-25T1700,2868A,126.4739,43.953,吉林市,九站,,,,38,8,12,86,,81,81,5,6,8,7,0.9,0.9
2025-04-25T1700,1299A,116.9862,36.6114,济南市,科干所,颗粒物(PM10),74,97,59,29,16,165,,145,145,9,20,6,4,0.3,0.3
2025-04-25T1700,1300A,116.9376,36.665,济南市,农科所,颗粒物(PM10),72,93,78,22,20,152,,136,136,11,41,8,8,0.4,0.5
2025-04-25T1700,1301A,117.1265,36.6734,济南市,开发区,颗粒物(PM10),68,85,56,20,18,160,,145,145,10,24,9,8,0.5,0.5
2025-04-25T1700,1303A,117.0624,36.6868,济南市,省种子仓库,颗粒物(PM10),84,117,76,29,20,161,,141,141,12,38,6,5,0.3,0.3
2025-04-25T1700,1304A,116.9489,36.6447,济南市,机床二厂,,47,,92,22,24,149,,141,141,18,46,10,9,0.4,0.5
2025-04-25T1700,1305A,117.0495,36.663,济南市,市监测站,颗粒物(PM10),78,105,63,17,22,155,,138,138,13,34,10,8,0.5,0.5
2025-04-25T1700,1306A,116.7675,36.5484,济南市,长清党校,颗粒物(PM10),78,105,67,24,23,163,,143,143,12,29,8,6,0.5,0.5
2025-04-25T1700,1616A,117.6795,36.229,济南市,技术学院,颗粒物(PM10),73,95,74,22,21,156,,140,140,12,34,11,12,0.6,0.6
2025-04-25T1700,1961A,117.532,36.6868,济南市,东山小学,颗粒物(PM10),73,95,76,27,17,161,,141,141,8,30,8,8,0.3,0.3
2025-04-25T1700,3059A,117.7161,36.2049,济南市,泰兴公司,颗粒物(PM10),57,63,65,22,20,159,,140,140,13,41,9,10,0.5,0.6
2025-04-25T1700,3064A,117.6867,36.2171,济南市,莱芜战役纪念馆,颗粒物(PM10),51,51,58,19,18,157,,138,138,15,34,7,6,0.1,0.2
2025-04-25T1700,3494A,117.1673,36.9782,济南市,济阳区政府,颗粒物(PM10),86,122,97,59,34,165,,,,14,13,9,10,0.4,0.4
2025-04-25T1700,3495A,117.1171,36.63,济南市,锦屏中学,颗粒物(PM10),64,78,45,24,14,158,,141,141,12,18,6,4,0.3,0.3
2025-04-25T1700,3682A,116.9814,36.6819,济南市,济南四建,颗粒物(PM10),65,80,77,22,24,160,,145,145,9,43,6,6,0.3,0.5
2025-04-25T1700,1653A,116.6251,35.4302,济宁市,火炬城,颗粒物(PM10),66,81,73,36,24,146,,130,130,8,24,5,5,0.4,0.3
2025-04-25T1700,1655A,116.5491,35.4042,济宁市,电化厂,颗粒物(PM10),62,74,66,19,26,138,,126,126,8,26,2,4,0.4,0.4
2025-04-25T1700,3500A,116.5814,35.3707,济宁市,北湖一中,颗粒物(PM10),68,85,68,14,12,148,,134,134,11,23,4,4,0.3,0.3
2025-04-25T1700,3501A,116.8249,35.5593,济宁市,服务中心,颗粒物(PM10),82,113,87,15,25,136,,118,118,9,31,3,3,0.3,0.4
2025-04-25T1700,3678A,116.5907,35.4054,济宁市,市第七中学,颗粒物(PM10),73,96,79,19,18,155,,141,141,2,15,4,5,0.3,0.4
2025-04-25T1700,2255A,130.2751,46.8028,佳木斯市,佳纺,,25,13,41,10,30,79,,73,73,12,9,3,3,0.4,0.4
2025-04-25T1700,2256A,130.3995,46.8307,佳木斯市,发电厂,,29,14,36,11,30,92,,78,78,8,11,3,4,0.3,0.7
2025-04-25T1700,2257A,130.3258,46.7975,佳木斯市,环保局,,25,15,38,9,31,78,,74,74,15,9,3,3,0.4,0.4
2025-04-25T1700,2258A,130.3648,46.8032,佳木斯市,十一中,,28,14,38,11,31,88,,77,77,9,10,4,4,0.4,0.4
2025-04-25T1700,2259A,130.3794,46.7588,佳木斯市,四丰,,21,21,34,6,19,66,,64,64,20,6,1,1,0.4,0.9
2025-04-25T1700,1252A,120.7436,30.778,嘉兴市,清河小学,颗粒物(PM10),70,89,86,13,24,111,,93,93,20,23,6,5,0.6,0.8
2025-04-25T1700,1253A,120.726,30.7478,嘉兴市,嘉兴学院,颗粒物(PM10),58,65,69,13,25,120,,104,104,17,20,6,6,0.6,0.7
2025-04-25T1700,2872A,120.7846,30.7525,嘉兴市,南湖区残联,颗粒物(PM10),60,70,72,14,26,131,,108,108,19,23,8,6,0.4,0.6
2025-04-25T1700,3407A,120.6916,30.7739,嘉兴市,秀洲住建,颗粒物(PM10),55,59,71,19,24,132,,112,112,16,21,7,7,0.5,0.7
2025-04-25T1700,1945A,98.2908,39.7711,嘉峪关市,气象局,颗粒物(PM10),68,85,52,14,14,122,,111,111,8,18,27,21,0.5,0.4
2025-04-25T1700,2884A,98.2672,39.7978,嘉峪关市,酒钢宾馆,颗粒物(PM10),73,95,56,19,17,120,,107,107,5,14,28,27,0.2,0.4
2025-04-25T1700,3248A,98.2643,39.7724,嘉峪关市,雄关区,颗粒物(PM10),53,55,43,12,15,123,,112,112,8,20,12,10,0.3,0.5
2025-04-25T1700,1383A,113.1064,22.6058,江门市,北街,,26,23,21,18,20,19,,47,29,48,27,2,2,0.7,0.5
2025-04-25T1700,1384A,113.0731,22.5835,江门市,西区,,24,20,20,12,9,21,,54,40,48,23,6,5,0.8,0.5
2025-04-25T1700,1385A,113.0219,22.5311,江门市,圭峰西,,14,8,15,8,6,43,,47,46,25,19,3,3,0.6,0.5
2025-04-25T1700,1386A,113.0828,22.5947,江门市,东湖,,26,26,27,18,15,20,,45,30,46,23,8,7,0.8,0.5
2025-04-25T1700,3311A,113.1075,22.5647,江门市,江海富民,,32,,32,22,22,21,,48,42,42,20,7,7,0.7,0.5
2025-04-25T1700,3449A,113.05,22.4667,江门市,新会银湖,,15,,17,10,18,41,,46,45,23,22,2,2,0.5,0.5
2025-04-25T1700,1830A,113.1992,35.2590,焦作市,影视城,,,,26,,16,,,,,,12,,8,,0.3
2025-04-25T1700,3169A,113.2725,35.2067,焦作市,太极体育中心,颗粒物(PM10),93,136,93,60,36,180,,143,143,12,20,7,8,0.2,0.3
2025-04-25T1700,3335A,113.3137,35.2641,焦作市,马村街道办,颗粒物(PM10),84,117,79,47,28,162,,144,144,34,15,11,9,0.2,0.2
2025-04-25T1700,3336A,113.2465,35.2373,焦作市,焦作技师学院,,,124,80,36,22,188,,151,151,11,13,,10,0.3,0.3
2025-04-25T1700,3477A,113.1656,35.2539,焦作市,中站许衡医院,臭氧1小时,90,118,77,32,31,192,,155,155,11,26,11,11,0.4,0.4
2025-04-25T1700,3981A,113.2449,35.1803,焦作市,原李万街道办,"颗粒物(PM10),臭氧1小时",90,130,81,36,26,192,,151,151,12,21,10,12,0.2,0.4
2025-04-25T1700,4264A,113.2340,35.2190,焦作市,新安路1731号,臭氧1小时,87,98,73,33,32,189,,151,151,13,15,8,9,0.6,0.6
2025-04-25T1700,1708A,116.3701,23.5345,揭阳市,新兴,,32,,20,17,17,101,,96,96,17,12,4,6,0.7,0.7
2025-04-25T1700,1709A,116.3264,23.5443,揭阳市,西马,,33,26,25,11,12,103,,96,96,9,8,6,7,0.8,0.7
2025-04-25T1700,1710A,116.3611,23.5626,揭阳市,东兴,,31,,22,13,12,99,,94,94,15,10,5,5,1.0,1
2025-04-25T1700,1711A,116.4151,23.5294,揭阳市,渔湖,,34,8,25,3,11,106,,102,102,14,12,3,4,0.7,0.7
2025-04-25T1700,3320A,116.403,23.5699,揭阳市,曲溪,,33,19,18,11,11,105,,101,101,20,13,2,5,0.6,0.5
2025-04-25T1700,1944A,102.1692,38.5167,金昌市,天庆家园,,46,46,65,20,29,132,,126,126,8,18,24,35,0.6,0.8
2025-04-25T1700,4022A,102.1647,38.5371,金昌市,金川区人防中心,颗粒物(PM10),56,61,69,24,24,144,,132,132,10,13,34,41,0.5,0.5
2025-04-25T1700,4239A,102.1930,38.5319,金昌市,长春路96号,颗粒物(PM10),53,56,74,15,22,144,,130,130,3,15,30,15,0.6,0.7
2025-04-25T1700,1262A,119.647,29.077,金华市,十五中,,49,32,24,21,16,156,,124,124,19,21,2,1,0.4,0.4
2025-04-25T1700,1263A,119.686,29.1029,金华市,监测站,,49,29,26,23,21,156,,130,130,22,26,4,4,0.5,0.5
2025-04-25T1700,3659A,119.656,29.1131,金华市,气象局,,50,35,27,19,13,158,,131,131,18,27,1,1,0.4,0.4
2025-04-25T1700,1767A,121.1115,41.0879,锦州市,南山,,42,42,45,13,22,90,,88,88,15,26,7,12,0.5,0.6
2025-04-25T1700,1768A,121.0604,40.8428,锦州市,开发区,,50,50,64,3,17,74,,75,75,25,43,5,10,0.4,0.5
2025-04-25T1700,1769A,121.1836,41.1119,锦州市,百股街道,,28,26,37,3,14,89,,88,88,10,15,6,8,0.4,0.5
2025-04-25T1700,1770A,121.1178,41.1222,锦州市,天安街道,,45,45,37,13,17,88,,87,87,16,21,8,12,0.6,0.5
2025-04-25T1700,1771A,121.1303,41.1386,锦州市,北湖公园,,31,31,37,10,17,90,,87,87,14,15,10,13,0.6,0.5
2025-04-25T1700,2160A,112.85,35.5051,晋城市,自来水公司,臭氧1小时,77,99,70,24,18,181,,147,147,13,21,12,11,0.7,0.7
2025-04-25T1700,2161A,112.8318,35.4936,晋城市,白云商贸,颗粒物(PM10),86,121,71,39,20,182,,147,147,14,22,9,9,0.5,0.6
2025-04-25T1700,2162A,112.8508,35.4887,晋城市,市环保局,,,,74,,18,169,,144,144,14,22,9,8,0.3,0.3
2025-04-25T1700,2163A,112.8676,35.4897,晋城市,技术学院,颗粒物(PM10),80,110,77,27,20,174,,140,140,16,25,11,9,0.6,0.6
2025-04-25T1700,2165A,112.8453,35.546,晋城市,白马寺,颗粒物(PM10),73,96,57,46,28,176,,146,146,9,12,8,7,0.4,0.3
2025-04-25T1700,3620A,112.8271,35.4828,晋城市,泽州一中,臭氧1小时,78,97,66,34,17,182,,146,146,12,20,6,6,0.4,0.4
2025-04-25T1700,2173A,112.7249,37.7067,晋中市,南都小区,颗粒物(PM10),55,59,50,8,15,151,,126,126,10,27,8,7,0.3,0.3
2025-04-25T1700,2174A,112.6991,37.6982,晋中市,榆次区政府,颗粒物(PM10),54,58,52,8,13,157,,125,125,12,27,10,9,0.3,0.3
2025-04-25T1700,2865A,112.7195,37.6828,晋中市,榆次三中,颗粒物(PM10),53,56,53,17,14,160,,127,127,8,25,7,8,0.2,0.3
2025-04-25T1700,4200A,112.7478,37.6954,晋中市,迎宾街26号,颗粒物(PM10),54,58,50,3,9,150,,122,122,8,21,7,7,0.2,0.3
2025-04-25T1700,2439A,112.2014,31.0481,荆门市,竹园小学,颗粒物(PM10),82,113,104,38,26,166,,164,164,10,18,8,8,0.4,0.6
2025-04-25T1700,2440A,112.1969,30.9891,荆门市,掇刀,,,,,,,,,,,,,,,,
2025-04-25T1700,2441A,112.2213,31.0386,荆门市,石化一小,颗粒物(PM10),80,110,98,45,29,163,,155,155,10,18,12,11,0.2,0.2
2025-04-25T1700,3012A,112.1849,31.0362,荆门市,西山林语,颗粒物(PM10),78,106,88,34,24,163,,156,156,6,9,9,9,0.4,0.5
2025-04-25T1700,3547A,112.1632,31.0138,荆门市,龙泉中学南校,颗粒物(PM10),92,134,107,43,28,155,,151,151,17,19,10,9,0.7,0.7
2025-04-25T1700,1844A,112.2494,30.3197,荆州市,市图书馆,颗粒物(PM10),88,125,92,42,39,163,,141,141,15,27,20,8,0.4,0.5
2025-04-25T1700,1845A,112.2008,30.3544,荆州市,市委党校,颗粒物(PM10),88,126,101,41,40,145,,131,131,11,20,11,9,0.5,0.5
2025-04-25T1700,3194A,112.2747,30.3122,荆州市,管委会,颗粒物(PM10),76,101,83,41,37,159,,136,136,11,22,24,9,0.6,0.6
2025-04-25T1700,4268A,112.1722,30.3366,荆州市,学苑路85号,颗粒物(PM10),74,97,87,44,41,156,,143,143,10,21,7,5,0.3,0.4
2025-04-25T1700,2342A,117.3102,29.3867,景德镇市,王港中学,,,,,,,,,,,,,,,,
2025-04-25T1700,2343A,117.2117,29.2933,景德镇市,老干部活动中心,,39,22,22,12,11,122,,117,117,8,7,7,6,0.4,0.4
2025-04-25T1700,2344A,117.1894,29.2789,景德镇市,兽医站,,38,28,29,10,10,121,,113,113,8,8,3,3,0.4,0.4
2025-04-25T1700,2345A,117.1547,29.2617,景德镇市,台达陶瓷,,38,25,25,12,12,119,,116,116,9,10,7,12,0.6,0.6
2025-04-25T1700,2346A,117.2461,29.2956,景德镇市,陶研所,,39,28,20,20,14,122,,117,117,6,6,7,6,0.4,0.2
2025-04-25T1700,1803A,115.9872,29.6815,九江市,十里,,50,41,42,26,28,158,,140,140,7,20,3,3,0.6,0.6
2025-04-25T1700,1804A,115.9584,29.7046,九江市,茅山头,,47,31,49,23,26,150,,138,138,8,22,5,5,0.5,0.5
2025-04-25T1700,1805A,115.9877,29.7295,九江市,西园,,47,44,53,13,23,150,,134,134,18,48,7,14,0.8,0.8
2025-04-25T1700,1808A,115.9114,29.6038,九江市,综合工业园,,,,43,,22,157,,139,139,24,31,11,9,0.7,0.8
2025-04-25T1700,1809A,116.0721,29.7535,九江市,石化总厂,,46,46,56,12,36,135,,127,127,16,31,5,7,0.7,0.7
2025-04-25T1700,1810A,115.9773,29.5698,九江市,庐山气象台,,48,48,46,26,30,123,,122,122,10,9,6,6,0.6,0.8
2025-04-25T1700,3190A,116.0254,29.6994,九江市,外国语学校,,45,44,43,25,25,143,,128,128,14,27,4,4,1.0,1
2025-04-25T1700,4253A,116.0102,29.6594,九江市,莲花大道8号,颗粒物(PM10),52,54,48,31,28,149,,128,128,6,12,6,5,0.7,0.6
2025-04-25T1700,4240A,98.4958,39.7339,酒泉市,玉门东路5号,,48,48,52,17,21,124,,117,117,2,12,8,13,0.2,0.4
2025-04-25T1700,4241A,98.5099,39.7506,酒泉市,北大街108号,,,51,50,16,17,128,,118,118,3,14,,15,0.2,0.3
2025-04-25T1700,2698A,76.0072,39.4467,喀什地区,巡警大队,,42,27,69,7,9,133,,93,93,6,20,3,3,0.3,0.4
2025-04-25T1700,2699A,75.9755,39.4694,喀什地区,吾办,,41,19,52,16,32,131,,97,97,8,18,1,3,0.2,0.3
2025-04-25T1700,4027A,75.9483,39.4689,喀什地区,老干局,,,,79,,9,,,115,,,7,,2,,0.6
2025-04-25T1700,1824A,114.3389,34.7781,开封市,肿瘤医院,颗粒物(PM10),109,167,102,36,29,152,,141,141,10,33,8,9,0.5,0.4
2025-04-25T1700,1826A,114.2885,34.7965,开封市,世纪星幼儿园,颗粒物(PM10),95,139,106,53,41,166,,153,153,18,38,6,7,0.7,0.7
2025-04-25T1700,3147A,114.3438,34.8106,开封市,龙亭公园,颗粒物(PM10),91,132,99,38,37,159,,147,147,11,41,4,7,0.7,0.7
2025-04-25T1700,3210A,114.3644,34.7964,开封市,汴京公园,颗粒物(PM10),116,181,134,41,36,169,,156,156,9,36,5,7,0.8,0.7
2025-04-25T1700,3473A,114.2485,34.8306,开封市,技师学院,颗粒物(PM10),95,140,82,37,31,155,,141,141,14,47,6,6,0.8,0.7
2025-04-25T1700,3592A,114.4644,34.7556,开封市,祥符区生态环境局,颗粒物(PM10),81,112,102,44,41,152,,141,141,19,48,9,9,0.5,0.5
2025-04-25T1700,1951A,84.895,45.6094,克拉玛依市,长征新村,,34,11,12,3,5,107,,99,99,5,5,6,7,0.2,0.2
2025-04-25T1700,1952A,84.8988,45.5893,克拉玛依市,南林小区,,36,10,12,6,6,113,,105,105,2,5,2,2,0.2,0.2
2025-04-25T1700,1954A,84.905,44.3396,克拉玛依市,独山子区,,35,24,20,16,7,111,,101,101,2,3,7,7,0.2,0.3
2025-04-25T1700,1955A,85.6979,46.098,克拉玛依市,乌尔禾区商贸楼,,36,11,18,8,8,114,,97,97,2,4,6,6,0.2,0.2
2025-04-25T1700,3612A,85.1045,45.6899,克拉玛依市,白碱滩区新站,,33,,21,11,6,104,,100,100,2,2,10,10,0.1,0.1
2025-04-25T1700,2697A,76.1454,39.7142,克孜勒苏柯尔克孜自治州,市人民政府,,44,42,63,29,28,138,,113,113,2,5,5,13,0.2,0.2
2025-04-25T1700,3665A,76.1658,39.7157,克孜勒苏柯尔克孜自治州,克州文化中心,,42,34,86,14,23,132,,105,105,2,4,7,11,0.2,0.2
2025-04-25T1700,1450A,102.8204,24.8886,昆明市,呈贡新区,颗粒物(PM10),56,62,49,21,30,134,,119,119,14,15,4,6,0.5,0.7
2025-04-25T1700,1451A,102.6251,24.9608,昆明市,西山森林公园,,,,,,,,,,,,,,,,
2025-04-25T1700,1452A,102.7252,25.0902,昆明市,龙泉镇,颗粒物(PM10),51,51,31,20,21,132,,109,109,9,12,8,8,0.4,0.6
2025-04-25T1700,1453A,102.7266,25.0375,昆明市,东风东路,颗粒物(PM10),52,53,44,25,26,132,,116,116,16,17,9,8,0.5,0.5
2025-04-25T1700,1454A,102.6742,25.0669,昆明市,金鼎山,颗粒物(PM10),60,70,39,15,23,135,,114,114,14,15,4,3,0.4,0.4
2025-04-25T1700,1455A,102.6644,25.0401,昆明市,碧鸡广场,,41,34,43,16,23,130,,107,107,13,14,7,6,0.4,0.4
2025-04-25T1700,3179A,102.7494,25.0119,昆明市,官渡区博物馆,颗粒物(PM10),61,72,41,19,23,136,,118,118,12,17,8,7,0.4,0.5
2025-04-25T1700,3375A,102.8017,24.8336,昆明市,青年创业园,,46,33,49,23,31,147,,123,123,7,12,8,8,0.4,0.6
2025-04-25T1700,3550A,102.7997,24.9786,昆明市,昆明学院,,44,43,48,19,25,140,,121,121,11,18,6,6,0.3,0.4
2025-04-25T1700,3551A,102.5967,24.6736,昆明市,晋宁区生态环境分局,,48,48,38,27,26,138,,118,118,5,13,6,7,0.3,0.4
2025-04-25T1700,3552A,102.6678,24.9856,昆明市,云天化总部,,41,27,40,11,25,130,,108,108,11,14,8,6,0.3,0.5
2025-04-25T1700,1456A,91.1319,29.6514,拉萨市,八廓街,,46,37,28,8,10,147,,150,150,6,7,6,6,0.2,0.2
2025-04-25T1700,1457A,91.1221,29.6747,拉萨市,市环保局,,46,27,32,7,12,145,,146,146,7,10,3,4,0.4,0.4
2025-04-25T1700,1458A,91.0874,29.6475,拉萨市,区监测站,,44,22,28,7,11,139,,144,144,6,8,5,5,0.2,0.2
2025-04-25T1700,1459A,91.1774,29.6541,拉萨市,西藏大学,,41,36,32,6,12,129,,139,138,8,9,6,6,0.3,0.3
2025-04-25T1700,1460A,90.9798,29.6588,拉萨市,区辐射站,,44,36,40,15,14,139,,140,140,10,16,7,8,0.4,0.4
2025-04-25T1700,1461A,91.0834,29.6292,拉萨市,拉萨火车站,,44,25,27,6,10,139,,142,141,4,4,4,3,0.4,0.4
2025-04-25T1700,2520A,109.2203,23.7256,来宾市,来宾技工学校,,35,19,24,13,10,110,,90,90,9,13,6,7,0.4,0.4
2025-04-25T1700,3535A,109.1781,23.7297,来宾市,兴宾区政府,,32,25,21,12,11,100,,82,82,7,7,5,6,0.5,0.6
2025-04-25T1700,4002A,109.2416,23.7461,来宾市,中南小学,,33,24,27,9,12,105,,85,85,6,10,4,5,0.6,0.6
2025-04-25T1700,1477A,104.1373,35.9454,兰州市,榆中兰大校区,,,,,,,,,,,,,,,,
2025-04-25T1700,1479A,103.831,36.0464,兰州市,铁路设计院,颗粒物(PM10),53,56,68,17,24,111,,101,101,24,66,11,13,0.4,0.7
2025-04-25T1700,3241A,103.7439,36.0842,兰州市,百合公园,,41,41,64,10,24,110,,98,98,4,49,4,10,0.3,0.6
2025-04-25T1700,3242A,103.9611,35.998,兰州市,和平,颗粒物(PM10),59,67,69,25,30,119,,109,109,6,22,9,13,0.4,0.5
2025-04-25T1700,4236A,103.6293,36.0938,兰州市,庄浪东路808号,,,76,74,32,33,121,,138,138,15,41,18,29,,0.6
2025-04-25T1700,4237A,103.7251,36.1043,兰州市,安宁西路88号,颗粒物(PM10),79,107,86,18,30,133,,123,123,14,47,11,16,0.6,0.6
2025-04-25T1700,4238A,103.8470,36.0676,兰州市,北滨河东路1号,颗粒物(PM10),71,91,79,27,31,125,,107,107,14,59,13,14,0.6,0.9
2025-04-25T1700,3245A,103.6633,36.533,兰州新区,新区管委会,,42,40,59,26,30,133,,120,120,7,15,10,14,0.3,0.4
2025-04-25T1700,3246A,103.6975,36.4789,兰州新区,舟曲中学,颗粒物(PM10),51,52,71,23,32,135,,125,125,10,20,12,23,0.3,0.4
2025-04-25T1700,1067A,116.6708,39.5111,廊坊市,药材公司,,45,45,45,24,14,144,,112,112,10,18,5,4,0.2,0.3
2025-04-25T1700,1068A,116.7214,39.5589,廊坊市,开发区,颗粒物(PM10),60,69,43,25,13,145,,114,114,15,25,4,3,0.3,0.3
2025-04-25T1700,1070A,116.7244,39.5269,廊坊市,北华航天学院,颗粒物(PM10),61,71,54,22,16,140,,110,110,13,35,7,6,0.4,0.4
2025-04-25T1700,2919A,116.7022,39.5453,廊坊市,河北工业大学,,,75,60,26,15,145,,116,116,6,24,8,7,,0.4
2025-04-25T1700,2535A,103.7723,29.5462,乐山市,花湖湾,,35,35,38,24,24,104,,74,74,8,11,6,6,0.4,0.4
2025-04-25T1700,2536A,103.7627,29.5844,乐山市,牛耳桥,,42,42,41,23,23,103,,77,77,11,12,7,7,0.4,0.4
2025-04-25T1700,2537A,103.7508,29.6006,乐山市,市第三水厂,,41,41,39,23,23,106,,79,79,6,10,4,5,0.5,0.4
2025-04-25T1700,2538A,103.7571,29.5664,乐山市,市监测站,,46,46,40,30,23,94,,70,70,10,11,7,7,0.5,0.5
2025-04-25T1700,3361A,103.7311,29.5628,乐山市,理工大学,,39,38,36,27,24,108,,79,79,8,11,5,5,0.4,0.4
2025-04-25T1700,2598A,100.2143,26.8576,丽江市,西南郊,,43,43,42,21,19,124,,126,126,2,3,5,5,0.4,0.4
2025-04-25T1700,2599A,100.2497,26.8802,丽江市,丽江古城,,39,39,39,24,22,109,,111,111,12,12,6,6,0.5,0.5
2025-04-25T1700,2600A,100.2203,26.8906,丽江市,市中心,,,,31,,19,104,,105,105,7,9,8,7,,0.5
2025-04-25T1700,1267A,119.914,28.4514,丽水市,监测站大楼,,,19,13,7,6,104,,91,91,,12,3,2,0.4,0.3
2025-04-25T1700,1268A,119.93,28.4586,丽水市,莲都小学,,34,29,18,13,8,106,,93,93,11,10,3,3,0.3,0.3
2025-04-25T1700,1269A,119.879,28.4231,丽水市,余庄前,,33,31,14,15,7,104,,90,90,15,13,3,3,0.4,0.4
2025-04-25T1700,1173A,119.176,34.5885,连云港市,市环境监测站,,46,46,89,17,17,133,,114,114,10,23,6,7,0.5,0.5
2025-04-25T1700,3000A,119.3581,34.6972,连云港市,德源药业,,41,41,97,7,16,121,,104,104,13,31,9,9,0.2,0.3
2025-04-25T1700,3007A,119.178,34.844,连云港市,新城一中,颗粒物(PM10),61,72,92,20,19,136,,108,108,12,32,9,10,0.5,0.6
2025-04-25T1700,3008A,119.3608,34.7519,连云港市,胡沟管理处,,35,29,53,9,11,112,,96,96,17,35,13,14,0.7,0.7
2025-04-25T1700,3009A,119.1478,34.5911,连云港市,矿山设计院,,48,48,86,19,16,130,,109,109,17,31,9,10,0.4,0.5
2025-04-25T1700,3434A,119.2413,34.6539,连云港市,工贸学校,,47,47,76,16,17,131,,111,111,14,18,9,9,0.3,0.5
2025-04-25T1700,3664A,119.4172,34.7341,连云港市,连云街道,,46,46,68,14,14,126,,110,110,16,22,8,8,0.4,0.4
2025-04-25T1700,2571A,102.3431,27.8099,凉山彝族自治州,青龙寺,,33,20,17,9,6,103,,72,72,3,6,4,7,0.5,0.4
2025-04-25T1700,2572A,102.2721,27.8415,凉山彝族自治州,邛海宾馆,,33,31,19,18,11,103,,79,79,8,11,7,6,0.5,0.5
2025-04-25T1700,2573A,102.2625,27.898,凉山彝族自治州,西昌市政府,,31,31,20,21,13,94,,70,70,13,10,12,9,0.6,0.6
2025-04-25T1700,2574A,102.2685,27.8851,凉山彝族自治州,凉山州政府,细颗粒物(PM2.5),52,48,25,36,16,95,,73,73,14,14,7,6,0.8,0.4
2025-04-25T1700,4229A,102.2342,27.8859,凉山彝族自治州,凯乐南路30号,,38,38,23,25,16,90,,67,67,14,15,9,11,0.6,0.6
2025-04-25T1700,2212A,123.2,41.1953,辽阳市,宏伟区,,33,15,93,12,39,104,,100,100,7,17,7,12,0.3,0.8
2025-04-25T1700,2213A,123.1683,41.2495,辽阳市,新华园,,34,18,88,12,40,107,,102,102,6,15,10,13,0.5,0.8
2025-04-25T1700,2214A,123.2354,41.2639,辽阳市,滨河路,,32,19,78,10,40,100,,96,96,7,13,7,9,0.4,0.6
2025-04-25T1700,2215A,123.149,41.2991,辽阳市,铁西工业园,,32,25,94,14,49,100,,95,95,8,18,10,11,0.3,0.4
2025-04-25T1700,2227A,125.1358,42.8845,辽源市,环保局,细颗粒物(PM2.5),110,113,83,83,32,109,,106,106,16,10,7,6,0.5,0.3
2025-04-25T1700,3239A,125.0764,42.9078,辽源市,银鹰制药,细颗粒物(PM2.5),107,98,74,80,37,114,,109,109,9,9,5,5,0.4,0.3
2025-04-25T1700,1625A,115.9848,36.4372,聊城市,区政府,颗粒物(PM10),89,127,83,29,24,154,,133,133,10,32,5,7,0.5,0.6
2025-04-25T1700,2878A,116.0072,36.4343,聊城市,聊大东校,颗粒物(PM10),87,124,96,47,36,153,,131,131,8,27,8,8,0.3,0.4
2025-04-25T1700,3200A,115.9819,36.4978,聊城市,监控中心,颗粒物(PM10),85,119,81,41,30,158,,136,136,12,38,7,9,0.4,0.4
2025-04-25T1700,3513A,116.0445,36.4361,聊城市,九州社区,颗粒物(PM10),60,69,60,14,18,164,,140,140,8,32,6,6,0.4,0.4
2025-04-25T1700,4018A,116.0567,36.4608,聊城市,星美广场,颗粒物(PM10),79,108,80,11,19,158,,134,134,15,33,9,10,0.6,0.6
2025-04-25T1700,2632A,94.3681,29.6376,林芝市,林芝监测站,,,19,6,,4,122,,114,114,6,7,5,5,0.2,0.2
2025-04-25T1700,2633A,94.3616,29.6616,林芝市,林芝人民医院,,37,15,8,7,5,117,,101,101,2,5,5,5,0.3,0.5
2025-04-25T1700,2603A,100.0781,23.8982,临沧市,市环保局,颗粒物(PM10),65,80,75,37,38,136,,122,122,6,11,8,7,0.4,0.5
2025-04-25T1700,2604A,100.0894,23.8822,临沧市,市气象局,颗粒物(PM10),59,67,65,32,40,143,,123,123,8,14,8,7,0.4,0.6
2025-04-25T1700,1733A,111.5531,36.0783,临汾市,临钢医院,颗粒物(PM10),80,109,83,23,17,159,,136,136,8,22,5,6,0.6,0.6
2025-04-25T1700,1734A,111.5028,36.0714,临汾市,技工学校,颗粒物(PM10),78,105,67,30,21,168,,148,148,6,17,8,9,0.4,0.5
2025-04-25T1700,1736A,111.5018,36.0855,临汾市,市委,颗粒物(PM10),94,138,73,32,18,165,,146,146,7,18,8,10,0.5,0.6
2025-04-25T1700,3018A,111.505,36.1014,临汾市,唐尧大酒店,颗粒物(PM10),92,134,82,20,18,162,,141,141,10,21,5,6,0.4,0.5
2025-04-25T1700,4244A,111.4879,36.0530,临汾市,启星学校,颗粒物(PM10),91,132,80,28,24,162,,144,144,10,22,8,9,0.4,0.5
2025-04-25T1700,4271A,103.2464,35.6123,临夏回族自治州,滨河东路1号,,,70,93,19,34,116,,95,95,4,19,,7,0.4,0.5
2025-04-25T1700,4310A,103.2093,35.5995,临夏回族自治州,新华街21号,颗粒物(PM10),62,73,74,25,33,118,,100,100,13,24,10,5,0.3,0.5
2025-04-25T1700,1618A,118.3429,35.0532,临沂市,沂河小区,颗粒物(PM10),64,78,115,22,42,144,,121,121,11,23,12,20,0.2,0.3
2025-04-25T1700,1619A,118.295,35.0583,临沂市,鲁南制药厂,颗粒物(PM10),63,75,114,44,35,162,,135,135,15,38,11,21,0.2,0.3
2025-04-25T1700,1620A,118.2794,34.9976,临沂市,新光毛纺厂,颗粒物(PM10),64,78,113,24,37,153,,128,128,14,31,8,21,0.2,0.3
2025-04-25T1700,1621A,118.3956,35.0888,临沂市,河东保险公司,颗粒物(PM10),59,68,105,19,31,163,,135,135,10,32,8,8,0.4,0.5
2025-04-25T1700,3370A,118.3564,35.0215,临沂市,十里堡居委,颗粒物(PM10),58,66,116,24,34,155,,128,128,17,30,8,16,0.3,0.4
2025-04-25T1700,3496A,118.3604,35.1084,临沂市,南坊新区,颗粒物(PM10),64,78,126,17,26,147,,127,127,11,24,9,14,0.2,0.3
2025-04-25T1700,3860A,118.3920,35.0300,临沂市,皇山花园小区,,,,126,,34,153,,123,123,,24,12,15,,0.5
2025-04-25T1700,1870A,109.4856,24.3895,柳州市,柳东小学,,33,15,19,11,10,104,,83,83,10,11,11,10,0.6,0.5
2025-04-25T1700,1871A,109.4157,24.3277,柳州市,环保监测站,,31,,23,17,13,99,,81,81,5,9,10,11,0.6,0.7
2025-04-25T1700,1872A,109.389,24.341,柳州市,河西水厂,,30,22,28,12,13,96,,78,78,5,14,6,13,0.6,1.2
2025-04-25T1700,1873A,109.4311,24.2921,柳州市,市四中,,32,31,20,10,8,102,,82,82,6,7,8,8,0.7,0.6
2025-04-25T1700,1874A,109.4006,24.3631,柳州市,市九中,,32,21,26,10,12,100,,81,81,4,10,9,11,0.4,0.7
2025-04-25T1700,1875A,109.4958,24.3134,柳州市,古亭山,,40,40,21,24,12,99,,82,82,8,5,10,8,0.6,0.6
2025-04-25T1700,3402A,109.5422,24.3996,柳州市,市二中,,31,16,17,11,11,97,,78,78,7,10,11,10,0.4,0.3
2025-04-25T1700,2307A,116.5079,31.737,六安市,监测大楼,颗粒物(PM10),59,67,71,26,24,161,,136,136,14,21,6,6,0.4,0.4
2025-04-25T1700,2308A,116.4738,31.7643,六安市,皖西学院,颗粒物(PM10),66,81,85,28,25,163,,137,137,12,21,6,7,0.2,0.2
2025-04-25T1700,2309A,116.4996,31.7905,六安市,朝阳厂,颗粒物(PM10),64,78,76,28,24,153,,128,128,16,23,5,5,0.4,0.4
2025-04-25T1700,2310A,116.5567,31.7886,六安市,开发区,颗粒物(PM10),66,81,88,38,28,160,,134,134,13,21,6,6,0.4,0.4
2025-04-25T1700,2576A,104.8,26.5892,六盘水市,窑上,,35,35,27,19,16,98,,88,88,8,6,6,5,0.3,0.2
2025-04-25T1700,2577A,104.83,26.5917,六盘水市,黄土坡,,42,37,27,29,15,109,,99,99,12,16,9,10,0.4,0.5
2025-04-25T1700,2578A,104.89,26.5939,六盘水市,水钢,,46,46,33,15,11,115,,105,105,7,14,9,9,0.3,0.9
2025-04-25T1700,2579A,104.8475,26.5894,六盘水市,民中,,35,27,25,17,11,110,,98,98,8,16,8,11,0.3,0.4
2025-04-25T1700,2580A,104.9544,26.5506,六盘水市,双水,,39,39,22,9,7,112,,100,100,10,12,9,10,0.3,0.3
2025-04-25T1700,2335A,117.0189,25.1181,龙岩市,龙岩师专,,,,,,,,,,,,,,,,
2025-04-25T1700,2336A,117.0217,25.1033,龙岩市,龙岩市监测站,,13,10,9,9,3,37,,57,50,15,11,5,5,0.8,0.6
2025-04-25T1700,2337A,117.0258,25.0661,龙岩市,闽西职业技术学院,,15,15,14,6,5,46,,51,51,10,11,2,3,0.8,0.7
2025-04-25T1700,2338A,117.0196,25.0306,龙岩市,龙岩学院,,17,11,20,3,5,54,,54,54,17,8,7,6,0.7,0.5
2025-04-25T1700,2665A,105.0822,33.3261,陇南市,汉王镇固水子,,,,,,,,,,,,,,,,
2025-04-25T1700,2885A,104.9339,33.3826,陇南市,滨江中学,颗粒物(PM10),51,51,63,20,27,105,,110,110,4,8,8,8,0.5,0.5
2025-04-25T1700,3247A,104.955,33.371,陇南市,市总工会,,39,39,52,17,23,110,,116,116,5,6,5,6,0.2,0.3
2025-04-25T1700,2487A,111.9589,27.8901,娄底市,电视发射台,颗粒物(PM10),54,58,47,27,20,136,,117,117,4,3,5,4,0.3,0.2
2025-04-25T1700,2488A,111.9975,27.725,娄底市,市监测站,颗粒物(PM10),54,57,52,20,27,148,,118,118,10,17,7,7,0.5,0.7
2025-04-25T1700,2489A,112.0194,27.7314,娄底市,市委党校,,46,42,46,21,24,146,,116,116,7,11,4,4,0.4,0.5
2025-04-25T1700,2490A,111.9561,27.7569,娄底市,涟钢,颗粒物(PM10),52,54,47,22,23,144,,115,115,8,10,16,6,0.2,0.3
2025-04-25T1700,2491A,111.9892,27.7044,娄底市,市政府,,47,30,41,26,23,149,,118,118,7,8,5,4,0.3,0.4
2025-04-25T1700,1893A,105.4324,28.9634,泸州市,九狮山,,,,,,,,,,,,,,,,
2025-04-25T1700,1894A,105.4427,28.9063,泸州市,小市上码头,,39,39,57,9,17,40,,24,24,21,21,5,6,0.4,0.5
2025-04-25T1700,1895A,105.4241,28.8573,泸州市,兰田宪桥,,32,29,39,22,24,90,,56,56,8,16,8,9,0.5,0.6
2025-04-25T1700,1896A,105.4379,28.8833,泸州市,市环监站,,,,,,,,,,,,,,,,
2025-04-25T1700,4272A,105.3689,28.7783,泸州市,纳溪中医医院,,34,34,37,19,17,70,,46,46,14,16,7,7,0.6,0.7
2025-04-25T1700,2183A,111.1406,37.5211,吕梁市,环保局,颗粒物(PM10),71,91,81,19,17,135,,113,113,6,29,1,3,0.4,0.4
2025-04-25T1700,2185A,111.1297,37.5136,吕梁市,自来水公司,,50,50,80,10,15,132,,110,110,9,27,1,3,0.4,0.4
2025-04-25T1700,2867A,111.1283,37.51,吕梁市,马茂庄小学,,,,82,13,16,137,,17,,8,36,2,4,0.4,0.3
2025-04-25T1700,1812A,112.3931,34.6516,洛阳市,市委党校,颗粒物(PM10),76,102,69,44,29,141,,125,125,9,24,6,8,0.5,0.4
2025-04-25T1700,1815A,112.494,34.6886,洛阳市,河南林校,颗粒物(PM10),84,117,79,34,28,147,,133,133,11,24,8,9,0.3,0.3
2025-04-25T1700,1816A,112.3844,34.623,洛阳市,开发区管委会,颗粒物(PM10),80,109,70,33,29,158,,137,137,13,24,6,9,0.4,0.4
2025-04-25T1700,1817A,112.4267,34.6258,洛阳市,市委新办公区,颗粒物(PM10),77,103,71,31,24,152,,129,129,12,23,7,9,0.5,0.7
2025-04-25T1700,3340A,112.6005,34.6326,洛阳市,伊滨,颗粒物(PM10),79,107,82,33,31,159,,136,136,13,26,8,8,0.6,0.5
2025-04-25T1700,3341A,112.4951,34.6332,洛阳市,中移产业园,颗粒物(PM10),97,143,84,36,29,161,,137,137,11,30,9,9,0.5,0.4
2025-04-25T1700,3593A,112.5736,34.8993,洛阳市,吉利监测站,颗粒物(PM10),87,124,76,39,35,178,,146,146,13,23,11,11,0.6,0.6
2025-04-25T1700,3635A,112.3677,34.662,洛阳市,河科大西苑校区,颗粒物(PM10),83,115,73,34,26,157,,139,139,14,26,9,12,0.5,0.5
2025-04-25T1700,3636A,112.4388,34.6781,洛阳市,英才小学,颗粒物(PM10),74,98,75,32,28,159,,139,139,14,30,7,8,0.6,0.6
2025-04-25T1700,4214A,112.4600,34.6949,洛阳市,春都路1号院,颗粒物(PM10),78,106,85,31,24,164,,144,144,10,23,7,7,0.4,0.5
2025-04-25T1700,2399A,114.051,33.5699,漯河市,三五一五工厂,颗粒物(PM10),81,112,81,42,32,144,,132,132,8,22,5,8,0.6,0.6
2025-04-25T1700,2400A,114.0055,33.5698,漯河市,漯河大学,颗粒物(PM10),80,109,85,46,29,147,,136,136,7,19,6,8,0.4,0.4
2025-04-25T1700,2401A,114.0138,33.5828,漯河市,市水利局,颗粒物(PM10),81,112,87,34,28,148,,138,138,6,16,4,8,0.4,0.4
2025-04-25T1700,2402A,114.0261,33.5698,漯河市,市广电局,,,107,84,36,33,147,,138,138,,24,5,8,0.8,0.7
2025-04-25T1700,3478A,113.9749,33.5664,漯河市,市图书馆,颗粒物(PM10),86,121,89,34,28,146,,136,136,12,20,4,6,0.6,0.5
2025-04-25T1700,4250A,114.0892,33.5882,漯河市,韶山路11号,颗粒物(PM10),81,112,86,45,31,147,,132,132,10,29,4,9,0.5,0.5
2025-04-25T1700,1798A,118.5092,31.6837,马鞍山市,湖东路四小,颗粒物(PM10),62,73,78,10,13,140,,127,127,13,16,8,9,0.5,0.5
2025-04-25T1700,1799A,118.5024,31.6449,马鞍山市,开发区,颗粒物(PM10),58,66,81,21,24,141,,130,130,13,21,7,9,0.4,0.8
2025-04-25T1700,1802A,118.6245,31.7241,马鞍山市,濮塘,颗粒物(PM10),53,56,71,20,16,152,,131,131,8,11,8,8,0.4,0.5
2025-04-25T1700,3633A,118.4918,31.6809,马鞍山市,雨山,颗粒物(PM10),60,70,82,13,16,139,,123,123,14,19,8,10,0.3,0.4
2025-04-25T1700,4191A,118.5274,31.72227,马鞍山市,慈湖高新区,颗粒物(PM10),55,60,60,17,20,152,,128,128,14,17,8,10,0.5,0.6
2025-04-25T1700,1686A,111.0286,21.4688,茂名市,电白南海,,27,24,26,9,15,86,,88,87,14,10,2,1,0.8,0.7
2025-04-25T1700,1687A,110.9294,21.6533,茂名市,茂石化七小,,26,17,28,9,11,81,,84,83,10,9,3,2,1.0,0.9
2025-04-25T1700,1688A,110.9107,21.6687,茂名市,健康路,,29,,24,14,14,91,,96,95,7,6,4,4,0.9,0.8
2025-04-25T1700,1689A,110.8592,21.6828,茂名市,高岭,,,22,33,,16,80,,86,86,13,10,4,7,0.7,0.7
2025-04-25T1700,3450A,111.01,21.5165,茂名市,电白水东,,27,12,16,7,9,84,,85,84,8,6,1,2,1.0,0.9
2025-04-25T1700,2539A,104.0308,30.0478,眉山市,黑龙滩水库,,31,21,26,13,15,98,,84,84,2,4,2,2,0.4,0.3
2025-04-25T1700,2540A,103.8416,30.0874,眉山市,气象局,颗粒物(PM10),55,60,51,19,23,60,,89,87,29,16,4,4,0.6,0.5
2025-04-25T1700,3137A,103.8578,30.0744,眉山市,市委党校,,44,44,38,17,18,72,,82,82,23,14,6,7,0.6,0.5
2025-04-25T1700,3148A,103.8291,30.0564,眉山市,区人社局,,,48,42,17,15,65,,84,82,,16,4,8,0.6,0.8
2025-04-25T1700,1690A,116.1231,24.3284,梅州市,梅江月梅,,14,7,13,6,6,42,,44,44,9,10,4,5,0.7,0.7
2025-04-25T1700,1691A,116.0797,24.2719,梅州市,梅县新城,,16,13,11,3,4,49,,54,53,8,8,5,5,0.6,0.6
2025-04-25T1700,1692A,116.1248,24.2654,梅州市,环境监控中心,,15,7,10,3,7,48,,51,48,10,12,6,6,0.9,0.9
2025-04-25T1700,3315A,116.1233,24.2991,梅州市,梅龙,,15,12,11,7,6,48,,50,50,4,6,5,5,0.8,0.8
2025-04-25T1700,1878A,104.7778,31.4741,绵阳市,富乐山,,40,40,42,24,24,81,,64,64,9,12,7,8,0.3,0.3
2025-04-25T1700,1880A,104.6697,31.4668,绵阳市,高新区自来水公司,颗粒物(PM10),51,51,51,22,23,87,,59,54,15,19,3,4,0.3,0.4
2025-04-25T1700,1881A,104.7287,31.5075,绵阳市,三水厂,颗粒物(PM10),54,58,49,27,24,85,,66,64,10,15,6,6,0.5,0.5
2025-04-25T1700,3491A,104.69,31.5322,绵阳市,西科大附属小学,,41,41,50,19,24,88,,60,60,12,21,6,7,0.4,0.4
2025-04-25T1700,3492A,104.5648,31.5343,绵阳市,安州区旅游局,,44,44,41,24,23,85,,58,55,15,20,11,10,0.3,0.3
2025-04-25T1700,4226A,104.7651,31.4531,绵阳市,绵阳市气象局,,44,44,44,21,24,73,,63,55,15,13,5,7,0.4,0.4
2025-04-25T1700,1784A,129.61,44.561,牡丹江市,环保大楼,,23,21,55,11,42,73,,74,74,8,12,4,5,0.3,0.4
2025-04-25T1700,1785A,129.6115,44.5782,牡丹江市,文化广场,,25,,60,17,44,70,,73,73,11,13,9,10,0.5,0.6
2025-04-25T1700,1786A,129.5904,44.5963,牡丹江市,第一医院,,28,,54,19,47,73,,75,75,6,10,6,8,0.3,0.4
2025-04-25T1700,1787A,129.6364,44.6075,牡丹江市,机车工厂,,24,24,49,6,40,67,,70,70,12,12,6,16,0.4,0.5
2025-04-25T1700,1788A,129.6386,44.5462,牡丹江市,第一中学,,26,,52,18,38,74,,77,77,4,8,7,6,0.4,0.5
2025-04-25T1700,2531A,105.0703,29.61,内江市,市监测站,,40,40,39,24,24,93,,63,63,10,14,7,7,0.7,0.8
2025-04-25T1700,2532A,105.0717,29.5947,内江市,东兴区政府,,28,20,36,18,17,88,,56,56,8,13,10,9,0.6,0.6
2025-04-25T1700,2533A,105.0653,29.5817,内江市,内江二中,,30,30,45,15,26,88,,59,59,9,20,5,5,0.4,0.4
2025-04-25T1700,2534A,105.0406,29.5822,内江市,内江日报社,,30,30,40,18,27,93,,55,55,5,17,12,9,0.2,0.3
2025-04-25T1700,2628A,92.0657,31.4846,那曲市,那曲监测站,颗粒物(PM10),58,66,40,6,22,141,,126,126,7,24,7,8,0.6,0.8
2025-04-25T1700,4243A,92.0515,31.4787,那曲市,那曲市委宣传部,颗粒物(PM10),64,78,42,21,14,86,,121,121,9,15,7,6,0.2,0.4
2025-04-25T1700,1290A,115.8931,28.6843,南昌市,省外办,,39,27,26,22,19,124,,120,120,16,17,5,5,1.5,0.4
2025-04-25T1700,1291A,115.8886,28.7003,南昌市,省林业公司,,39,24,22,17,14,123,,118,118,3,10,6,7,0.5,0.5
2025-04-25T1700,1292A,115.8126,28.7442,南昌市,林科所,,43,19,19,14,12,136,,127,127,8,11,4,4,0.3,0.3
2025-04-25T1700,1294A,115.8518,28.687,南昌市,建工学校,,39,18,30,8,27,124,,118,118,9,13,3,2,0.5,0.5
2025-04-25T1700,1295A,115.8921,28.6424,南昌市,象湖,,43,30,26,17,14,136,,130,130,4,6,6,6,0.5,0.5
2025-04-25T1700,1296A,115.7423,28.7996,南昌市,武术学校,,44,24,23,9,8,138,,128,128,2,3,3,2,0.4,0.4
2025-04-25T1700,3046A,115.9084,28.6062,南昌市,机电学校,,41,31,27,17,13,131,,127,127,7,11,4,4,0.4,0.4
2025-04-25T1700,3690A,115.9721,28.7031,南昌市,外国语学校,,45,25,23,13,13,141,,136,136,7,7,7,8,0.2,0.2
2025-04-25T1700,4192A,115.9316,28.68677,南昌市,南京东路235号,,43,24,25,11,12,137,,130,130,8,12,8,9,0.5,0.6
2025-04-25T1700,1905A,106.056,30.8064,南充市,西山风景区,,49,49,40,26,23,80,,54,54,11,9,5,5,0.6,0.6
2025-04-25T1700,1906A,106.0789,30.8023,南充市,南充市委,颗粒物(PM10),60,70,61,41,35,79,,57,57,13,16,4,4,0.5,0.5
2025-04-25T1700,1907A,106.1031,30.8217,南充市,南充炼油厂,颗粒物(PM10),60,70,58,38,32,75,,61,61,10,13,4,4,0.4,0.4
2025-04-25T1700,4227A,106.1083,30.7884,南充市,梨树横街98号,颗粒物(PM10),65,79,68,27,27,73,,62,62,13,15,4,3,0.2,0.2
2025-04-25T1700,4304A,106.1172,30.843,南充市,清泉寺北路188号,颗粒物(PM10),59,67,57,37,34,83,,65,65,8,13,4,4,0.3,0.3
2025-04-25T1700,4305A,106.067,30.7616,南充市,同庆路1号,颗粒物(PM10),62,73,53,41,29,72,,61,61,15,14,3,3,0.6,0.5
2025-04-25T1700,1151A,118.8086,32.1065,南京市,迈皋桥,,45,38,58,12,14,141,,124,124,6,23,4,5,0.2,0.3
2025-04-25T1700,1152A,118.7538,32.0551,南京市,草场门,颗粒物(PM10),53,56,78,17,16,144,,122,122,19,21,1,3,0.2,0.2
2025-04-25T1700,1153A,118.7794,32.0745,南京市,山西路,颗粒物(PM10),54,58,90,9,11,153,,129,129,15,18,3,5,0.3,0.3
2025-04-25T1700,1154A,118.7752,32.0023,南京市,中华门,臭氧1小时,55,56,75,14,14,164,,135,135,8,14,4,6,0.3,0.3
2025-04-25T1700,1155A,118.8109,32.0309,南京市,瑞金路,颗粒物(PM10),56,61,76,19,16,152,,128,128,4,13,6,6,0.6,0.5
2025-04-25T1700,1156A,118.7997,32.0754,南京市,玄武湖,,46,45,72,10,10,147,,122,122,8,11,10,11,0.5,0.5
2025-04-25T1700,1157A,118.6414,32.0931,南京市,浦口,颗粒物(PM10),56,61,84,14,14,157,,131,131,18,24,6,8,0.5,0.7
2025-04-25T1700,1158A,118.7356,31.9996,南京市,奥体中心,颗粒物(PM10),55,60,84,14,16,162,,136,136,14,19,9,10,0.2,0.2
2025-04-25T1700,1159A,118.9125,32.1028,南京市,仙林大学城,颗粒物(PM10),54,58,83,12,14,147,,126,126,10,15,9,11,0.3,0.4
2025-04-25T1700,3422A,118.8436,31.9198,南京市,江宁彩虹桥,颗粒物(PM10),58,66,78,14,17,153,,126,126,9,19,3,4,0.3,0.5
2025-04-25T1700,3427A,118.8554,32.3578,南京市,六合雄州,颗粒物(PM10),53,55,62,13,13,157,,128,128,27,26,7,7,0.3,0.3
2025-04-25T1700,4249A,118.8708,31.3402,南京市,汶溪路181号,,,50,80,13,22,129,,116,116,11,19,5,6,,0.1
2025-04-25T1700,4312A,119.019,31.6512,南京市,中山西路1号,颗粒物(PM10),54,58,62,16,20,142,,122,122,18,20,7,7,0.4,0.5
2025-04-25T1700,1401A,108.3103,22.7881,南宁市,二十一中,,44,37,34,18,18,139,,93,93,6,14,4,6,0.7,0.8
2025-04-25T1700,1402A,108.3141,22.8528,南宁市,北湖,,41,27,32,16,19,131,,98,98,10,17,7,8,0.5,0.6
2025-04-25T1700,1403A,108.3206,22.8225,南宁市,市监测站,,39,22,33,16,18,123,,87,87,11,17,6,7,0.4,0.5
2025-04-25T1700,1404A,108.3829,22.8037,南宁市,大自然花园,,42,19,30,14,18,134,,88,88,7,13,6,6,0.6,0.6
2025-04-25T1700,1405A,108.4394,22.7904,南宁市,仙葫,,37,27,27,16,16,118,,81,81,8,13,4,6,0.5,0.6
2025-04-25T1700,1406A,108.2397,22.8467,南宁市,区农职院,,46,39,38,17,18,147,,101,101,12,15,6,11,0.5,0.6
2025-04-25T1700,1407A,108.3275,22.735,南宁市,英华嘉园,,45,27,34,15,21,143,,92,92,10,16,8,9,0.4,0.5
2025-04-25T1700,3401A,108.4834,22.7618,南宁市,红星社区,,45,27,24,21,16,144,,90,90,6,11,9,9,0.4,0.4
2025-04-25T1700,4221A,108.2177,22.7774,南宁市,乐贤路16号,,48,41,39,21,22,152,,106,106,15,23,9,9,0.6,0.7
2025-04-25T1700,2331A,118.0966,26.6761,南平市,茫荡山,,,,,,,,,,,,,,,,
2025-04-25T1700,2332A,118.1681,26.6369,南平市,南平市监测站,,27,6,4,3,4,86,,95,95,9,8,3,4,0.6,0.7
2025-04-25T1700,2333A,118.1825,26.6489,南平市,南平铝业有限公司,,28,6,6,3,3,88,,96,96,4,8,2,4,0.7,0.8
2025-04-25T1700,2334A,118.1756,26.6272,南平市,南平七中,,28,6,4,3,4,87,,99,98,8,6,8,6,0.8,0.8
2025-04-25T1700,1168A,120.9098,31.9663,南通市,狼山街道,,41,41,69,10,13,122,,106,106,13,16,4,4,0.2,0.3
2025-04-25T1700,1169A,120.86,32.0005,南通市,虹桥,,37,35,56,10,13,118,,106,106,23,22,2,2,0.4,0.5
2025-04-25T1700,1170A,120.87,32.02,南通市,城中,,49,49,74,6,11,123,,112,112,18,20,4,4,0.4,0.4
2025-04-25T1700,1171A,120.94,31.93,南通市,星湖花园,,38,35,62,11,14,120,,106,106,12,16,2,2,0.5,0.5
2025-04-25T1700,1172A,120.81,32.0417,南通市,紫琅学院,颗粒物(PM10),51,52,68,15,9,117,,102,102,23,20,4,4,0.4,0.5
2025-04-25T1700,3291A,121.067,32.062,南通市,通州监测站,,39,39,61,14,11,122,,119,119,11,9,6,5,0.6,0.5
2025-04-25T1700,3432A,120.9348,31.9883,南通市,环境教育馆,,39,31,59,10,10,124,,119,119,8,15,2,2,0.1,0.1
2025-04-25T1700,2404A,112.5224,33.0122,南阳市,瓦房庄,颗粒物(PM10),88,125,85,37,22,161,,152,152,12,15,7,7,0.6,0.5
2025-04-25T1700,2405A,112.5003,32.9735,南阳市,汉画馆,颗粒物(PM10),82,113,75,36,21,157,,141,141,12,15,7,7,0.5,0.4
2025-04-25T1700,2406A,112.5573,33.027,南阳市,气象站,颗粒物(PM10),94,138,89,36,24,159,,153,153,10,16,6,5,0.5,0.4
2025-04-25T1700,2407A,112.5481,32.9689,南阳市,理工学院,颗粒物(PM10),82,113,80,39,25,159,,144,144,11,16,6,6,0.5,0.5
2025-04-25T1700,4008A,112.5234,32.9922,南阳市,卧龙区政府,颗粒物(PM10),88,125,83,43,26,160,,147,147,13,16,6,6,0.6,0.5
2025-04-25T1700,1234A,121.8358,29.911,宁波市,区环保大楼,颗粒物(PM10),59,67,61,25,27,124,,98,98,30,41,9,9,0.5,0.8
2025-04-25T1700,1235A,121.56,29.82,宁波市,万里学院,,49,49,51,13,31,139,,114,114,25,26,8,7,0.3,0.5
2025-04-25T1700,1236A,121.713,29.9572,宁波市,龙赛医院,颗粒物(PM10),56,62,65,16,25,130,,104,104,14,32,5,6,0.4,0.6
2025-04-25T1700,1239A,121.633,29.7733,宁波市,钱湖水厂,,44,44,52,8,24,137,,106,106,21,20,9,8,0.6,0.8
2025-04-25T1700,1240A,121.5856,29.8635,宁波市,太古小学,,49,49,57,16,25,139,,113,113,19,25,8,7,0.5,0.8
2025-04-25T1700,1241A,121.524,29.8674,宁波市,市环境监测中心,,48,48,49,18,20,137,,111,111,20,28,14,11,0.3,0.5
2025-04-25T1700,2871A,121.6147,29.9017,宁波市,万里国际学校,,42,35,45,16,21,134,,107,107,25,28,10,9,0.5,0.7
2025-04-25T1700,3710A,121.5594,29.8975,宁波市,白沙活动中心,,47,47,42,19,21,141,,112,112,22,25,10,8,0.4,0.5
2025-04-25T1700,2339A,119.5001,26.6946,宁德市,金涵水库,,,,,,,,,,,,,,,,
2025-04-25T1700,2341A,119.5388,26.6612,宁德市,宁德市监测站,,27,,10,10,11,85,,135,99,23,19,4,4,0.5,0.5
2025-04-25T1700,3209A,119.5231,26.6562,宁德市,宁德一中,,30,12,11,6,9,95,,137,100,12,14,6,6,0.2,0.3
2025-04-25T1700,2618A,98.8601,25.8567,怒江傈僳族自治州,州监测站,颗粒物(PM10),57,64,27,27,14,100,,82,82,10,4,10,10,0.4,0.3
2025-04-25T1700,2619A,98.8546,25.8417,怒江傈僳族自治州,泸水一中,颗粒物(PM10),53,55,20,33,15,85,,68,68,15,8,7,6,0.4,0.3
2025-04-25T1700,1888A,101.6891,26.571,攀枝花市,弄弄坪,细颗粒物(PM2.5),58,56,35,41,16,152,,116,116,16,15,18,9,1.1,0.6
2025-04-25T1700,1889A,101.5769,26.5928,攀枝花市,河门口,,48,47,30,28,16,152,,117,117,15,16,17,21,0.8,1
2025-04-25T1700,1890A,101.7169,26.585,攀枝花市,炳草岗,,48,43,31,22,13,151,,115,115,15,16,12,11,0.7,0.5
2025-04-25T1700,1891A,101.7369,26.5008,攀枝花市,仁和,,47,38,44,19,25,148,,117,117,10,17,13,16,0.5,0.5
2025-04-25T1700,2835A,101.7227,26.567,攀枝花市,四十中小,,50,33,28,21,12,159,,122,122,12,9,13,10,0.8,0.7
2025-04-25T1700,1604A,122.0303,41.1489,盘锦市,开发区,,32,32,59,3,31,96,,96,96,10,25,4,7,0.2,0.3
2025-04-25T1700,1605A,122.0485,41.0883,盘锦市,兴隆台,,35,35,74,3,34,91,,90,90,10,32,6,15,0.4,0.5
2025-04-25T1700,1606A,121.8297,41.1028,盘锦市,新生街道,,32,15,48,3,27,101,,101,101,9,34,7,24,0.3,0.4
2025-04-25T1700,1832A,113.3257,33.742,平顶山市,新华旅馆,颗粒物(PM10),85,120,102,33,27,166,,143,143,12,31,5,9,0.7,0.6
2025-04-25T1700,1833A,113.2919,33.737,平顶山市,规划设计院,颗粒物(PM10),88,126,91,41,34,157,,137,137,12,31,5,8,0.3,0.5
2025-04-25T1700,1834A,113.182,33.774,平顶山市,平顶山工学院,颗粒物(PM10),81,112,84,41,26,152,,149,149,9,27,5,4,0.4,0.3
2025-04-25T1700,3204A,113.3025,33.73,平顶山市,规划局,颗粒物(PM10),90,129,104,40,32,166,,140,140,6,32,6,8,0.4,0.4
2025-04-25T1700,3594A,112.8867,33.9116,平顶山市,石龙区,颗粒物(PM10),93,135,129,50,38,165,,138,138,14,42,8,11,0.3,0.4
2025-04-25T1700,2656A,106.6692,35.5461,平凉市,聚贤嘉苑,颗粒物(PM10),55,60,84,36,27,126,,114,114,7,24,17,14,0.3,0.4
2025-04-25T1700,2657A,106.7021,35.5307,平凉市,博物馆,颗粒物(PM10),52,54,87,21,25,126,,116,116,7,28,11,12,0.3,0.5
2025-04-25T1700,2347A,114.0997,27.5002,萍乡市,武功山,,42,15,9,10,10,132,,118,118,6,5,14,12,1.0,1
2025-04-25T1700,2348A,113.8385,27.6434,萍乡市,中医院,,45,17,30,7,14,141,,126,126,5,6,8,9,0.5,0.5
2025-04-25T1700,2349A,113.8493,27.6253,萍乡市,市政府车库,,47,26,26,12,16,148,,132,132,8,9,4,6,0.4,0.6
2025-04-25T1700,2350A,113.8676,27.6435,萍乡市,市环保局,,45,26,29,6,16,144,,128,128,7,8,4,6,0.5,0.5
2025-04-25T1700,2351A,113.866,27.6198,萍乡市,安源区政府,,42,41,30,10,17,133,,120,120,8,10,7,10,0.8,0.9
2025-04-25T1700,2319A,119.0141,25.4325,莆田市,荔城区仓后路,,33,20,11,3,1,105,,113,107,16,17,3,3,0.5,0.6
2025-04-25T1700,2320A,119.0015,25.4553,莆田市,莆田市监测站,,30,7,10,3,2,96,,110,108,9,13,4,4,0.4,0.5
2025-04-25T1700,2321A,119.1119,25.4561,莆田市,涵江区六中,,34,19,11,3,1,107,,126,114,20,20,3,3,0.4,0.5
2025-04-25T1700,2322A,119.1013,25.3215,莆田市,秀屿区政府,,36,6,10,3,2,113,,141,118,11,10,4,4,0.4,0.6
2025-04-25T1700,2323A,118.981,25.4792,莆田市,东圳水库,,,,,,,,,,,,,,,,
2025-04-25T1700,2392A,115.0312,35.7636,濮阳市,环保局,颗粒物(PM10),66,82,67,15,20,155,,136,136,12,21,7,8,0.8,0.8
2025-04-25T1700,2394A,115.0574,35.7609,濮阳市,油田运输公司,颗粒物(PM10),66,81,81,20,24,164,,146,146,15,23,7,8,0.7,0.6
2025-04-25T1700,3021A,115,35.7668,濮阳市,濮水河管理处,,,95,71,25,25,,,143,143,10,22,6,6,0.6,0.6
2025-04-25T1700,4216A,115.0924,35.7686,濮阳市,任丘路479号,颗粒物(PM10),70,90,73,24,24,160,,150,150,7,20,7,8,0.7,0.5
2025-04-25T1700,2601A,100.98,22.7633,普洱市,市环保局,颗粒物(PM10),66,81,93,40,45,133,,128,128,8,13,9,8,0.4,0.6
2025-04-25T1700,2602A,100.9817,22.8322,普洱市,普洱第二中学,颗粒物(PM10),56,62,71,25,32,138,,133,133,7,25,8,8,0.5,0.7
2025-04-25T1700,2262A,131.0518,45.8751,七台河市,新一中,,25,12,37,3,26,80,,84,84,7,11,11,11,0.8,0.8
2025-04-25T1700,3345A,131.0577,45.7879,七台河市,中波台,,20,11,43,3,29,64,,77,77,12,17,6,6,0.4,0.6
2025-04-25T1700,3637A,131.0176,45.7761,七台河市,人民广场,,24,16,49,10,35,76,,80,80,16,19,10,9,0.5,0.5
2025-04-25T1700,3684A,130.8781,45.8222,七台河市,新建矿广场,,22,14,53,10,29,70,,71,71,11,20,6,8,0.5,0.6
2025-04-25T1700,1779A,123.9305,47.3636,齐齐哈尔市,安居小区,,25,13,13,6,4,78,,77,77,7,8,1,2,0.2,0.2
2025-04-25T1700,1780A,123.9488,47.3386,齐齐哈尔市,中心广场,,24,20,15,3,2,74,,77,77,12,6,7,7,0.2,0.1
2025-04-25T1700,1781A,123.9483,47.3227,齐齐哈尔市,农牧车辆厂,,25,19,14,8,6,79,,79,79,8,6,4,4,0.2,0.1
2025-04-25T1700,1783A,123.945,47.2988,齐齐哈尔市,市环境监测站,,26,6,12,3,6,81,,80,80,6,5,2,2,0.2,0.2
2025-04-25T1700,3662A,123.6333,47.2075,齐齐哈尔市,富区青少年活动中心,,24,20,19,9,8,76,,76,76,6,8,2,2,0.3,0.3
2025-04-25T1700,2591A,107.9783,26.5747,黔东南苗族侗族自治州,市环境监测站,,30,27,31,14,17,95,,102,102,5,9,3,4,0.3,0.3
2025-04-25T1700,2881A,107.8908,26.5311,黔东南苗族侗族自治州,凯里学院,,33,22,29,15,14,104,,107,107,4,8,2,2,0.5,0.4
2025-04-25T1700,2593A,107.5228,26.2403,黔南布依族苗族自治州,小围寨,,39,27,26,7,10,124,,121,121,3,6,3,4,0.5,0.5
2025-04-25T1700,3538A,107.5175,26.2978,黔南布依族苗族自治州,沙坝,,39,29,33,9,11,122,,118,118,6,8,3,4,0.8,0.4
2025-04-25T1700,2589A,104.9022,25.0925,黔西南布依族苗族自治州,场坝街,,35,20,28,7,14,109,,100,100,10,16,4,9,0.4,0.4
2025-04-25T1700,2590A,104.8811,25.0992,黔西南布依族苗族自治州,坪东大道,,33,14,25,13,16,103,,99,99,8,14,2,4,0.2,0.3
2025-04-25T1700,2502A,108.6236,21.9667,钦州市,市环保站,,33,19,28,14,12,103,,80,80,12,13,1,2,0.8,1.1
2025-04-25T1700,2503A,108.6549,21.9481,钦州市,沙埠小学,,35,32,34,16,17,110,,80,80,12,14,6,6,0.6,0.8
2025-04-25T1700,2504A,108.5989,21.7431,钦州市,港区一小,,47,47,44,16,19,107,,74,74,14,19,8,8,0.6,0.8
2025-04-25T1700,3404A,108.5959,21.9633,钦州市,北职校,,34,31,32,22,18,107,,76,76,12,13,8,7,0.9,0.8
2025-04-25T1700,1043A,119.7493,40.0116,秦皇岛市,第一关,颗粒物(PM10),61,71,61,12,15,92,,87,87,15,37,5,4,0.4,0.3
2025-04-25T1700,1044A,119.5897,39.9499,秦皇岛市,监测站,颗粒物(PM10),52,53,62,13,15,95,,91,91,11,20,6,5,0.6,0.4
2025-04-25T1700,1046A,119.5251,39.9041,秦皇岛市,建设大厦,颗粒物(PM10),53,55,63,23,17,91,,90,90,18,28,4,8,0.4,0.4
2025-04-25T1700,3132A,119.610547,39.943889,秦皇岛市,文明里,颗粒物(PM10),80,109,71,15,15,85,,80,80,20,22,5,5,0.5,0.3
2025-04-25T1700,4198A,119.5090,39.8253,秦皇岛市,北戴河轮滑馆,颗粒物(PM10),51,51,56,11,13,93,,81,81,12,16,2,3,0.4,0.3
2025-04-25T1700,1307A,120.6659,36.2403,青岛市,仰口,颗粒物(PM10),56,62,36,16,14,149,,120,120,7,10,9,8,0.4,0.4
2025-04-25T1700,1310A,120.4134,36.0658,青岛市,市南区东部子站,,29,29,40,3,9,82,,66,66,32,36,8,9,0.5,0.6
2025-04-25T1700,1311A,120.3664,36.1032,青岛市,四方区子站,,34,31,40,3,11,108,,100,100,24,42,6,7,0.5,0.6
2025-04-25T1700,1312A,120.2994,36.054,青岛市,市南区西部子站,,27,27,46,3,11,81,,83,83,43,51,8,9,0.6,0.6
2025-04-25T1700,1313A,120.4581,36.0858,青岛市,崂山区子站,,27,27,30,3,5,86,,71,71,27,28,9,9,0.5,0.6
2025-04-25T1700,1315A,120.3999,36.3083,青岛市,城阳区子站,,48,48,57,7,14,108,,103,103,20,35,5,9,0.4,0.6
2025-04-25T1700,1966A,120.0405,35.8735,青岛市,黄岛区4号,,35,31,49,3,10,109,,90,90,18,30,9,10,0.6,0.7
2025-04-25T1700,3362A,120.5014,36.4034,青岛市,即墨2号,颗粒物(PM10),70,89,68,14,20,122,,115,115,15,28,9,10,0.5,0.6
2025-04-25T1700,3642A,120.3503,36.0736,青岛市,市北区南部,,30,30,42,3,8,88,,81,81,25,28,7,7,0.5,0.5
2025-04-25T1700,3643A,120.3948,36.1805,青岛市,李沧区北部,,39,39,47,12,18,93,,88,88,23,41,8,10,0.6,0.7
2025-04-25T1700,4290A,120.1969,35.9546,青岛市,珠江路669号,,35,29,47,10,20,110,,98,98,23,47,9,9,0.5,0.7
2025-04-25T1700,1702A,113.0426,23.691,清远市,环保大楼,,20,6,9,3,4,62,,53,53,13,13,6,6,0.8,0.8
2025-04-25T1700,1703A,113.0208,23.7106,清远市,凤城街办,,17,6,9,3,5,52,,46,44,14,14,4,4,0.7,0.7
2025-04-25T1700,3025A,113.0477,23.6344,清远市,技师学院,,18,6,10,3,6,56,,46,46,13,15,7,8,0.8,0.8
2025-04-25T1700,3318A,112.9903,23.7403,清远市,清新太和,,,11,11,3,6,31,,50,41,,15,,6,0.8,0.7
2025-04-25T1700,3455A,113.076,23.7198,清远市,清城东城,,20,6,9,3,5,64,,50,50,7,11,7,7,0.9,0.8
2025-04-25T1700,2661A,107.6325,35.7357,庆阳市,庆阳五中,,,62,75,20,55,121,,121,121,,10,2,5,0.3,0.4
2025-04-25T1700,2662A,107.6364,35.7067,庆阳市,市环保局,颗粒物(PM10),55,59,72,19,23,125,,126,126,5,9,5,9,0.4,0.5
2025-04-25T1700,1916A,103.7897,25.5035,曲靖市,环境监测站,颗粒物(PM10),62,73,37,21,18,158,,113,113,12,15,5,9,0.4,0.5
2025-04-25T1700,1917A,103.8,25.5364,曲靖市,烟厂办公区,臭氧1小时,59,63,38,29,19,167,,116,116,9,14,4,5,0.4,0.6
2025-04-25T1700,3376A,103.7947,25.462,曲靖市,南苑二区,,50,49,34,27,18,160,,116,116,10,14,5,8,0.4,0.5
2025-04-25T1700,3377A,103.7444,25.5261,曲靖市,曲靖师范学院,颗粒物(PM10),57,64,35,30,20,160,,110,110,12,15,8,8,0.4,0.5
2025-04-25T1700,1264A,118.8692,28.9398,衢州市,环保大楼,,47,38,22,23,13,149,,128,128,16,15,3,3,0.5,0.4
2025-04-25T1700,1265A,118.8709,28.9666,衢州市,实验学校,,45,31,17,21,12,143,,126,126,11,15,3,4,0.3,0.3
2025-04-25T1700,1266A,118.8621,28.9808,衢州市,衢州学院,,42,31,18,19,12,134,,120,120,12,19,4,3,0.3,0.3
2025-04-25T1700,1611A,118.5819,24.9117,泉州市,涂山街,,35,18,14,3,11,111,,122,116,15,16,3,3,0.6,0.8
2025-04-25T1700,1612A,118.5972,24.8978,泉州市,津头埔,,,18,12,3,10,111,,122,117,,18,2,2,0.6,0.8
2025-04-25T1700,1613A,118.6663,24.9424,泉州市,万安,,36,15,11,3,8,114,,129,120,12,10,4,3,0.6,0.7
2025-04-25T1700,1614A,118.6117,24.9604,泉州市,清源山,,,,,,,,,,,,,,,,
2025-04-25T1700,3529A,118.6333,24.9264,泉州市,城华南路,,34,8,10,3,8,108,,120,114,15,15,3,3,0.5,0.7
2025-04-25T1700,2626A,88.8876,29.2718,日喀则市,日喀则监测站,,40,6,20,3,10,125,,139,127,2,4,7,6,0.3,0.5
2025-04-25T1700,3726A,88.8781,29.2426,日喀则市,林业技术推广中心,,38,28,27,3,7,121,,133,122,2,2,5,6,0.3,0.3
2025-04-25T1700,1659A,119.471,35.4209,日照市,监测站,颗粒物(PM10),56,61,92,16,24,131,,115,115,18,46,6,10,0.5,0.8
2025-04-25T1700,1660A,119.523,35.4216,日照市,市政府广场,颗粒物(PM10),54,58,82,11,20,114,,110,110,27,42,7,10,0.5,0.7
2025-04-25T1700,1661A,119.5587,35.4044,日照市,港务局,颗粒物(PM10),58,66,100,21,26,106,,97,97,32,57,5,9,0.6,0.8
2025-04-25T1700,3507A,119.5328,35.4625,日照市,职业技术学院,颗粒物(PM10),53,56,86,9,19,117,,108,108,20,34,7,11,0.5,0.8
2025-04-25T1700,3604A,119.3266,35.1044,日照市,岚山环保分局,颗粒物(PM10),60,70,96,20,23,109,,110,110,27,30,6,9,0.5,0.6
2025-04-25T1700,1835A,111.1922,34.7752,三门峡市,市政府,颗粒物(PM10),75,100,76,25,30,161,,137,137,15,17,7,10,0.6,0.6
2025-04-25T1700,1836A,111.1587,34.7942,三门峡市,开发区,颗粒物(PM10),69,88,81,32,31,161,,139,139,15,17,8,10,0.6,0.6
2025-04-25T1700,1838A,111.143,34.7955,三门峡市,风景区,颗粒物(PM10),73,96,76,26,25,161,,140,140,10,13,9,12,0.4,0.4
2025-04-25T1700,3039A,111.1911,34.7829,三门峡市,三门峡市第一小学,颗粒物(PM10),74,98,82,37,27,168,,145,145,13,15,9,11,0.5,0.5
2025-04-25T1700,3598A,111.1,34.7167,三门峡市,富达温泉假日酒店,颗粒物(PM10),74,97,79,24,27,159,,139,139,14,18,6,8,0.6,0.6
2025-04-25T1700,2324A,117.6211,26.2625,三明市,三钢,,30,,10,21,13,78,,67,67,10,12,1,5,0.6,1.3
2025-04-25T1700,2325A,117.635,26.2714,三明市,三明二中,,,,6,1,3,80,,65,65,6,10,2,2,0.6,0.8
2025-04-25T1700,2326A,117.6028,26.2378,三明市,三元区政府,,25,6,11,3,3,80,,69,69,11,13,1,3,0.6,0.7
2025-04-25T1700,2327A,117.7275,26.3108,三明市,洋溪,,,,,,,,,,,,,,,,
2025-04-25T1700,1876A,109.5078,18.2489,三亚市,河东子站,,22,22,21,10,11,62,,69,68,4,3,4,3,0.0,0.2
2025-04-25T1700,1877A,109.4964,18.2681,三亚市,河西子站,,21,21,20,10,10,62,,69,69,9,7,2,2,0.2,0.2
2025-04-25T1700,3540A,109.7348,18.3443,三亚市,君悦子站,,20,16,21,6,10,63,,67,67,3,7,3,3,0.3,0.3
2025-04-25T1700,2624A,91.7608,29.2313,山南市,山南监测站,颗粒物(PM10),86,122,55,27,14,138,,132,132,4,3,3,3,0.4,0.4
2025-04-25T1700,2625A,91.7706,29.2436,山南市,山南人民医院,颗粒物(PM10),103,156,77,48,27,137,,128,128,4,4,2,3,0.3,0.3
2025-04-25T1700,1674A,116.6794,23.3667,汕头市,金平子站,,38,9,13,3,8,119,,119,119,13,15,4,4,0.7,0.7
2025-04-25T1700,1675A,116.7244,23.3633,汕头市,龙湖子站,,39,18,17,3,10,123,,123,123,10,10,4,4,0.5,0.6
2025-04-25T1700,1676A,116.7258,23.2775,汕头市,濠江子站,,42,,18,3,9,132,,129,129,7,11,3,4,0.8,0.8
2025-04-25T1700,1677A,116.7519,23.4714,汕头市,澄海子站,,,,20,3,11,118,,118,118,9,11,2,3,0.7,0.8
2025-04-25T1700,1678A,116.6092,23.2539,汕头市,潮阳子站,,39,18,22,12,13,123,,119,119,9,9,6,7,0.6,0.6
2025-04-25T1700,3444A,116.454,23.2684,汕头市,潮南峡山,,39,14,16,3,5,122,,119,119,9,7,4,4,0.6,0.6
2025-04-25T1700,3624A,116.4069,23.2533,汕头市,潮南子站,,34,16,18,9,12,107,,105,105,13,10,4,4,0.7,0.6
2025-04-25T1700,1693A,115.3653,22.775,汕尾市,市环保局,,41,23,10,22,9,131,,101,99,11,4,6,6,0.8,0.7
2025-04-25T1700,1694A,115.3706,22.7898,汕尾市,市政府,,39,22,13,7,7,124,,90,90,12,6,4,3,0.6,0.5
2025-04-25T1700,1695A,115.3622,22.7925,汕尾市,新城中学,,,,11,13,7,117,,90,90,,6,,7,0.6,0.5
2025-04-25T1700,2645A,109.9154,33.8715,商洛市,监测站,颗粒物(PM10),62,73,73,29,33,136,,134,134,14,18,7,8,0.5,0.5
2025-04-25T1700,3045A,109.9643,33.8471,商洛市,商州区中学,,,120,88,40,37,132,,128,128,,22,8,8,0.8,0.8
2025-04-25T1700,2408A,115.6702,34.4285,商丘市,环境监测站,颗粒物(PM10),70,90,79,16,21,155,,131,131,9,22,3,3,0.3,0.3
2025-04-25T1700,2409A,115.6458,34.4045,商丘市,粮食局,颗粒物(PM10),80,109,78,22,27,154,,129,129,9,19,1,3,0.4,0.4
2025-04-25T1700,2410A,115.6293,34.3948,商丘市,睢阳区环保局,颗粒物(PM10),62,74,98,17,24,151,,128,128,14,26,2,3,0.3,0.3
2025-04-25T1700,3171A,115.6071,34.4465,商丘市,梁园区档案局,颗粒物(PM10),63,76,89,20,26,149,,127,127,8,29,3,4,0.3,0.3
2025-04-25T1700,1141A,121.4,31.238,上海市,普陀,颗粒物(PM10),55,59,71,19,24,103,,97,97,27,25,6,6,0.4,0.5
2025-04-25T1700,1142A,121.478,31.2036,上海市,十五厂,颗粒物(PM10),52,54,68,21,26,118,,103,103,24,30,8,9,0.4,0.4
2025-04-25T1700,1143A,121.467,31.3008,上海市,虹口,颗粒物(PM10),55,59,62,19,25,99,,97,97,33,23,7,7,0.4,0.5
2025-04-25T1700,1147A,121.425,31.2261,上海市,静安监测站,颗粒物(PM10),52,53,70,12,23,108,,98,98,29,30,8,8,0.2,0.4
2025-04-25T1700,1148A,121.703,31.1907,上海市,浦东川沙,,,42,57,24,24,124,,109,109,16,22,,6,0.5,0.2
2025-04-25T1700,1149A,121.533,31.2284,上海市,浦东新区监测站,颗粒物(PM10),52,53,62,14,21,114,,100,100,18,24,6,7,0.2,0.4
2025-04-25T1700,1150A,121.577,31.2071,上海市,浦东张江,颗粒物(PM10),55,59,65,20,26,114,,97,97,14,21,6,6,0.6,0.7
2025-04-25T1700,3265A,121.4316,31.3322,上海市,宝山庙行,颗粒物(PM10),57,64,67,18,23,115,,101,101,30,23,9,7,0.5,0.5
2025-04-25T1700,3266A,121.8791,31.4662,上海市,崇明上实东滩,,41,38,43,15,13,129,,118,118,14,14,2,2,0.4,0.5
2025-04-25T1700,3268A,121.3162,31.2838,上海市,嘉定南翔,颗粒物(PM10),57,63,66,16,23,110,,94,94,28,26,8,7,0.5,0.7
2025-04-25T1700,3269A,121.3359,30.7456,上海市,金山新城,颗粒物(PM10),59,68,73,23,42,138,,108,108,12,20,1,2,0.4,0.4
2025-04-25T1700,3270A,121.4996,31.0739,上海市,闵行浦江,颗粒物(PM10),55,60,68,21,30,117,,104,104,17,22,4,4,0.4,0.6
2025-04-25T1700,3271A,121.2886,31.1663,上海市,青浦徐泾,颗粒物(PM10),59,67,73,3,20,104,,98,98,34,33,6,8,0.5,0.7
2025-04-25T1700,3272A,121.2186,31.0378,上海市,松江图书馆,颗粒物(PM10),62,74,91,21,28,108,,97,97,25,29,7,8,0.4,0.5
2025-04-25T1700,3273A,121.3902,31.2059,上海市,长宁仙霞,颗粒物(PM10),53,55,71,18,25,109,,98,98,28,29,8,8,0.5,0.7
2025-04-25T1700,3274A,121.7965,31.0507,上海市,浦东惠南,,46,46,56,26,32,126,,112,112,13,16,8,8,0.5,0.6
2025-04-25T1700,3544A,121.4891,30.925,上海市,奉贤南桥新城,颗粒物(PM10),63,76,70,23,47,125,,102,102,21,29,3,3,0.5,0.6
2025-04-25T1700,4183A,121.4174,31.16637,上海市,冠生园路458号,颗粒物(PM10),51,52,65,13,24,118,,100,100,23,27,7,8,0.5,0.6
2025-04-25T1700,4205A,121.5419,31.2683,上海市,宁武路151号,颗粒物(PM10),61,72,70,25,22,108,,95,95,24,28,10,10,0.3,0.3
2025-04-25T1700,2381A,118.005,28.4572,上饶市,百草园,,,,,,,,,,,,,,,,
2025-04-25T1700,2382A,117.9756,28.4436,上饶市,市监测站,,38,23,20,10,9,120,,112,112,3,8,4,6,0.4,0.5
2025-04-25T1700,2383A,117.9519,28.4628,上饶市,凤凰光学,,39,17,18,6,8,122,,113,113,7,9,6,6,0.7,0.7
2025-04-25T1700,3685A,117.897,28.4315,上饶市,双创科技城,,36,22,17,10,11,115,,111,111,6,9,1,2,0.4,0.5
2025-04-25T1700,4211A,118.1904,28.4448,上饶市,裕丰大道,,38,14,15,11,12,119,,106,106,7,7,4,3,0.2,0.3
2025-04-25T1700,1669A,113.5824,24.7733,韶关市,市八中,,20,14,10,3,2,64,,68,65,14,13,6,6,0.6,0.7
2025-04-25T1700,1671A,113.5917,24.7972,韶关市,园林处,,20,16,10,10,5,63,,68,64,6,6,3,4,0.6,0.7
2025-04-25T1700,1673A,113.5971,24.6863,韶关市,曲江监测站,,20,13,14,7,5,61,,63,61,13,15,4,6,0.6,0.8
2025-04-25T1700,2809A,113.6668,24.7756,韶关市,大学路288号,,19,15,9,11,4,59,,63,61,10,10,5,7,0.5,0.6
2025-04-25T1700,3622A,113.5556,24.8082,韶关市,碧湖山庄,,21,13,11,8,4,67,,65,65,5,6,4,4,0.5,0.6
2025-04-25T1700,2462A,111.5239,27.3033,邵阳市,市水土所,,,,,,,,,,,,,,,,
2025-04-25T1700,2464A,111.5283,27.2442,邵阳市,市化工厂,,43,43,42,23,19,127,,117,117,12,12,7,5,0.7,0.7
2025-04-25T1700,2466A,111.4328,27.2272,邵阳市,市环保局,,50,50,41,23,20,128,,118,118,8,8,3,3,0.7,0.7
2025-04-25T1700,4218A,111.4460,27.2472,邵阳市,北塔二期4-26地块,颗粒物(PM10),52,54,41,19,21,132,,121,121,9,8,8,8,0.7,0.7
2025-04-25T1700,4219A,111.4739,27.2282,邵阳市,邵水西路287号,颗粒物(PM10),54,57,40,22,18,126,,118,118,11,11,6,7,0.5,0.5
2025-04-25T1700,1247A,120.6053,29.9928,绍兴市,城东开发委,,41,41,39,11,23,120,,110,110,18,16,7,6,0.1,0.3
2025-04-25T1700,2921A,120.5483,30.0003,绍兴市,树下王站,,40,39,32,8,18,127,,118,118,15,14,7,6,0.4,0.5
2025-04-25T1700,3408A,120.5683,29.9361,绍兴市,绍兴中专,,,49,40,13,24,119,,107,107,12,15,6,5,,0.2
2025-04-25T1700,3409A,120.4906,30.0861,绍兴市,柯桥区政府,颗粒物(PM10),62,73,46,19,21,124,,111,111,17,17,7,6,0.2,0.4
2025-04-25T1700,3410A,120.8752,30.0249,绍兴市,重华小学,颗粒物(PM10),55,60,41,16,20,118,,111,111,10,10,8,8,0.3,0.6
2025-04-25T1700,3411A,120.8369,30.0137,绍兴市,上虞中学,颗粒物(PM10),55,60,42,15,22,125,,116,116,9,13,7,6,0.4,0.6
2025-04-25T1700,3560A,120.4722,30.0415,绍兴市,柯桥妇保,颗粒物(PM10),56,61,40,15,19,128,,123,123,19,13,6,5,0.1,0.4
2025-04-25T1700,3658A,120.6153,30.0764,绍兴市,袍江中学,颗粒物(PM10),52,54,37,10,17,121,,102,102,16,15,4,3,0.3,0.4
2025-04-25T1700,1356A,114.1063,22.5545,深圳市,通心岭子站,,16,16,19,10,11,37,,38,36,22,18,6,5,0.5,0.5
2025-04-25T1700,1357A,114.117,22.5625,深圳市,洪湖,,15,15,24,9,13,39,,36,36,25,24,6,6,0.5,0.5
2025-04-25T1700,1358A,113.987,22.5417,深圳市,华侨城,,16,16,21,10,12,34,,36,36,30,21,6,6,0.6,0.6
2025-04-25T1700,1359A,113.9181,22.5171,深圳市,南海子站,,17,17,22,9,12,43,,56,34,31,26,7,6,0.6,0.7
2025-04-25T1700,1360A,114.2458,22.5689,深圳市,盐田,,31,23,23,14,11,13,,39,23,62,32,9,7,0.6,0.6
2025-04-25T1700,1361A,114.2283,22.7244,深圳市,龙岗,,17,17,22,8,13,38,,58,47,20,16,6,6,0.7,0.7
2025-04-25T1700,1363A,114.494,22.5422,深圳市,南澳,,20,20,14,12,8,54,,82,78,21,7,6,6,0.5,0.5
2025-04-25T1700,1364A,114.41,22.6342,深圳市,葵涌,,16,16,16,7,7,38,,79,68,29,13,7,6,0.6,0.6
2025-04-25T1700,1365A,114.297,22.5978,深圳市,梅沙,,23,18,22,6,8,43,,81,60,45,20,9,8,0.7,0.6
2025-04-25T1700,1366A,114.0678,22.738,深圳市,观澜,,17,17,31,7,13,51,,49,45,17,18,6,6,0.6,0.7
2025-04-25T1700,3305A,114.0731,22.559,深圳市,莲花,,14,14,22,9,13,24,,28,26,14,19,4,5,0.4,0.4
2025-04-25T1700,3306A,114.0261,22.6198,深圳市,民治,,15,15,19,10,12,42,,40,40,20,33,6,6,0.6,0.6
2025-04-25T1700,3307A,114.1871,22.6451,深圳市,横岗,,,22,20,11,14,38,,47,42,22,28,8,6,,0.7
2025-04-25T1700,3447A,114.3551,22.7151,深圳市,坪山,,19,19,24,11,13,30,,70,57,32,18,8,8,0.5,0.5
2025-04-25T1700,3623A,113.8953,22.5861,深圳市,西乡,,28,28,28,10,13,56,,43,40,14,21,6,6,0.7,0.7
2025-04-25T1700,1098A,123.6836,41.9339,沈阳市,森林路,,,,,,,,,,,,,,,,
2025-04-25T1700,1099A,123.505,41.7406,沈阳市,浑南东路,,32,30,73,18,34,101,,97,97,6,14,6,7,0.3,0.4
2025-04-25T1700,1100A,123.4231,41.6989,沈阳市,新秀街,,30,26,88,12,36,96,,92,92,11,20,10,10,0.4,0.5
2025-04-25T1700,1102A,123.5903,41.8411,沈阳市,东陵路,,33,20,75,11,31,104,,100,100,14,20,6,7,0.4,0.5
2025-04-25T1700,1103A,123.4264,41.8467,沈阳市,陵东街,,32,20,72,3,32,102,,96,96,9,18,7,7,0.6,0.7
2025-04-25T1700,1104A,123.4114,41.7653,沈阳市,文化路,,32,12,85,3,38,101,,97,97,8,19,8,10,0.5,0.6
2025-04-25T1700,1105A,123.4678,41.7867,沈阳市,小河沿,,,26,72,3,33,102,,98,98,7,13,9,10,,0.7
2025-04-25T1700,1106A,123.4017,41.7972,沈阳市,太原街,,31,24,81,3,42,97,,95,95,14,24,7,9,0.4,0.5
2025-04-25T1700,1108A,123.3783,41.9228,沈阳市,京沈街,,31,23,72,13,38,98,,93,93,7,13,8,9,0.5,0.6
2025-04-25T1700,2897A,123.2444,41.7347,沈阳市,沈辽西路,,33,28,99,3,35,105,,103,103,6,14,10,13,0.4,0.5
2025-04-25T1700,2900A,123.5953,41.9086,沈阳市,裕农路,,34,19,77,3,32,106,,100,100,11,19,7,7,0.4,0.5
2025-04-25T1700,2428A,111.0419,32.395,十堰市,武当山,臭氧1小时,94,93,69,28,18,195,,164,164,11,9,11,9,0.5,0.5
2025-04-25T1700,2429A,110.78,32.6494,十堰市,滨河新村,细颗粒物(PM2.5),85,78,67,63,37,150,,122,122,11,16,7,6,0.4,0.4
2025-04-25T1700,2430A,110.7258,32.6389,十堰市,刘家沟,颗粒物(PM10),72,93,72,41,32,162,,139,139,10,12,9,7,0.5,0.5
2025-04-25T1700,2431A,110.8839,32.5714,十堰市,铁二处,颗粒物(PM10),82,113,66,37,25,168,,139,139,12,12,9,6,0.5,0.5
2025-04-25T1700,3545A,110.8054,32.8401,十堰市,郧阳区金沙路,颗粒物(PM10),52,53,41,24,25,142,,127,127,12,6,7,6,0.4,0.3
2025-04-25T1700,2709A,86.0497,44.2967,石河子市,艾青诗歌馆,,,,30,,11,114,,98,98,2,4,6,6,0.3,0.6
2025-04-25T1700,3442A,86.047,44.2331,石河子市,南区管委会,,35,17,26,12,12,112,,100,100,6,7,8,8,0.2,0.3
2025-04-25T1700,4051A,86.0791,44.3017,石河子市,世纪广场,,35,20,33,6,9,111,,97,97,2,4,9,8,0.2,0.2
2025-04-25T1700,1029A,114.4422,38.0444,石家庄市,职工医院,颗粒物(PM10),77,104,91,49,34,157,,120,120,14,22,11,10,0.5,0.5
2025-04-25T1700,1030A,114.6063,38.0266,石家庄市,高新区,颗粒物(PM10),73,96,82,42,30,161,,122,122,17,26,6,3,0.6,0.5
2025-04-25T1700,1031A,114.4898,38.1328,石家庄市,西北水源,,,121,84,73,31,163,,124,124,42,27,9,6,,0.4
2025-04-25T1700,1032A,114.4586,38.0058,石家庄市,西南高教,颗粒物(PM10),85,120,88,56,33,166,,128,128,16,22,6,7,0.4,0.3
2025-04-25T1700,1033A,114.5331,38.0178,石家庄市,世纪公园,颗粒物(PM10),75,99,71,37,33,153,,117,117,19,26,6,4,0.6,0.5
2025-04-25T1700,1034A,114.509,38.0457,石家庄市,人民会堂,颗粒物(PM10),109,167,92,53,29,163,,126,126,19,25,8,6,0.5,0.5
2025-04-25T1700,1035A,114.3524,37.8911,石家庄市,封龙山,颗粒物(PM10),88,125,77,41,29,149,,115,115,14,13,11,6,0.5,0.3
2025-04-25T1700,2862A,114.5481,38.0378,石家庄市,22中南校区,细颗粒物(PM2.5),79,90,78,58,35,158,,122,122,15,23,7,5,0.5,0.4
2025-04-25T1700,3456A,114.289,38.0906,石家庄市,鹿泉一中,颗粒物(PM10),84,117,91,49,35,165,,127,127,16,19,5,4,0.5,0.4
2025-04-25T1700,3573A,114.8506765,38.0322033,石家庄市,藁城区实验学校,臭氧1小时,90,93,84,48,31,192,,134,134,11,22,11,5,0.7,0.4
2025-04-25T1700,4024A,114.6549,37.9020,石家庄市,栾城区星河路,臭氧1小时,75,80,62,47,29,180,,131,131,11,23,9,6,0.5,0.4
2025-04-25T1700,4314A,114.0494,38.059,石家庄市,矿区区委大楼,颗粒物(PM10),80,109,80,41,20,160,,124,124,21,26,7,7,0.4,0.4
2025-04-25T1700,1947A,106.3394,38.817,石嘴山市,沙湖旅游区,,,,,,,,,,,,,,,,
2025-04-25T1700,1948A,106.3668,39.0145,石嘴山市,大武口朝阳西街,,,65,72,41,28,148,,123,123,,30,10,30,,0.8
2025-04-25T1700,1949A,106.7704,39.2282,石嘴山市,惠农南大街,颗粒物(PM10),54,58,66,18,22,149,,115,115,11,40,16,17,0.3,0.4
2025-04-25T1700,1950A,106.7099,39.1325,石嘴山市,红果子镇惠新街,颗粒物(PM10),57,64,71,12,22,154,,123,123,9,27,11,8,0.4,0.4
2025-04-25T1700,3520A,106.3495,38.9836,石嘴山市,妇女儿童医院,,46,43,50,12,17,146,,121,121,6,23,8,17,0.2,0.5
2025-04-25T1700,3521A,106.7492,39.2069,石嘴山市,石大公路,臭氧1小时,53,50,58,20,22,162,,123,123,8,35,11,8,0.5,0.4
2025-04-25T1700,2248A,131.1511,46.6937,双鸭山市,双合村,,,,38,9,31,,,71,,7,9,6,10,0.2,0.5
2025-04-25T1700,2249A,131.1652,46.6191,双鸭山市,南小市,,29,29,37,12,31,63,,66,65,11,8,14,10,0.5,0.4
2025-04-25T1700,2250A,131.1524,46.6554,双鸭山市,环保局,,35,31,54,24,28,66,,67,67,7,11,6,12,0.2,0.4
2025-04-25T1700,2251A,131.12,46.5656,双鸭山市,苗圃,,,,,,,,,,,,,,,,
2025-04-25T1700,2166A,112.4397,39.3522,朔州市,平朔,,40,31,84,10,18,126,,101,101,8,30,6,10,0.5,0.6
2025-04-25T1700,2167A,112.4575,39.3617,朔州市,朔唯,,42,42,94,17,20,117,,94,94,6,37,7,16,0.4,0.5
2025-04-25T1700,2168A,112.4258,39.3197,朔州市,区政府,,48,48,60,14,13,121,,96,96,7,24,5,9,0.4,0.6
2025-04-25T1700,2169A,112.4072,39.3278,朔州市,市环保局,,48,48,65,11,18,114,,91,91,12,28,6,11,0.3,0.4
2025-04-25T1700,2170A,112.4272,39.3681,朔州市,市二中,,46,46,92,14,21,122,,100,100,7,31,7,13,0.4,0.5
2025-04-25T1700,3571A,112.2931,39.53,朔州市,一水厂,颗粒物(PM10),54,57,72,12,16,122,,111,111,7,30,8,9,0.3,0.4
2025-04-25T1700,2225A,124.4002,43.1713,四平市,一商场,细颗粒物(PM2.5),104,131,74,78,31,88,,88,88,19,5,6,4,1.0,0.5
2025-04-25T1700,2226A,124.388,43.193,四平市,境园,细颗粒物(PM2.5),144,,67,110,36,98,,91,91,15,8,9,4,1.3,0.4
2025-04-25T1700,3486A,124.4036,43.1411,四平市,植物园,细颗粒物(PM2.5),90,83,76,67,29,110,,103,103,13,9,5,4,0.4,0.3
2025-04-25T1700,3713A,124.3419,43.1666,四平市,世纪城,细颗粒物(PM2.5),123,102,68,93,32,105,,100,100,21,7,4,4,0.4,0.3
2025-04-25T1700,2233A,124.8006,45.1214,松原市,江南,,27,20,23,11,14,85,,79,79,8,10,3,3,0.6,0.5
2025-04-25T1700,2234A,124.7965,45.1722,松原市,江北,,28,13,17,10,11,89,,83,83,6,8,2,2,0.4,0.4
2025-04-25T1700,1160A,120.561,31.2472,苏州市,上方山,,,,,,,,,,,,,,,,
2025-04-25T1700,1162A,120.591,31.3019,苏州市,彩香,颗粒物(PM10),57,64,72,14,21,118,,96,96,16,18,5,6,0.3,0.4
2025-04-25T1700,1163A,120.596,31.3264,苏州市,轧钢厂,颗粒物(PM10),61,71,80,13,19,125,,102,102,16,20,6,7,0.3,0.5
2025-04-25T1700,1164A,120.613,31.2703,苏州市,吴中区,颗粒物(PM10),59,67,70,16,20,119,,98,98,23,23,6,6,0.5,0.5
2025-04-25T1700,1165A,120.543,31.2994,苏州市,苏州新区,颗粒物(PM10),59,67,70,14,20,127,,104,104,23,25,2,3,0.3,0.4
2025-04-25T1700,1166A,120.669,31.3097,苏州市,苏州工业园区,颗粒物(PM10),53,56,74,14,19,125,,101,101,18,18,5,6,0.3,0.4
2025-04-25T1700,1167A,120.641,31.3708,苏州市,相城区,颗粒物(PM10),62,73,72,15,17,138,,107,107,19,25,4,6,0.3,0.4
2025-04-25T1700,3289A,120.743,31.3188,苏州市,方洲路,颗粒物(PM10),51,51,61,14,20,121,,101,101,21,22,7,7,0.2,0.3
2025-04-25T1700,3290A,120.5031,31.2774,苏州市,木渎中学,颗粒物(PM10),58,66,66,15,17,131,,107,107,21,22,3,4,0.6,0.7
2025-04-25T1700,3425A,120.624,31.1733,苏州市,越秀幼儿园,颗粒物(PM10),70,89,83,14,23,127,,110,110,18,23,5,5,0.4,0.5
2025-04-25T1700,3431A,120.6505,31.416,苏州市,高铁新城,颗粒物(PM10),57,63,71,12,20,135,,110,110,16,20,5,6,0.3,0.5
2025-04-25T1700,1220A,118.293,33.9528,宿迁市,宿迁学院,,49,49,86,13,22,139,,121,121,3,25,5,5,0.2,0.3
2025-04-25T1700,1221A,118.2442,33.9592,宿迁市,宿迁中学,,50,50,78,12,17,141,,125,125,9,21,5,5,0.2,0.2
2025-04-25T1700,2996A,118.283,33.965,宿迁市,市供电局,颗粒物(PM10),51,51,83,15,18,148,,130,130,7,17,5,5,0.2,0.2
2025-04-25T1700,3191A,118.3225,33.9447,宿迁市,宿豫区政府,颗粒物(PM10),54,58,90,15,21,138,,122,122,11,22,4,4,0.2,0.3
2025-04-25T1700,3187A,116.9509,33.666,宿州市,远航博物馆,,,,90,14,19,154,,130,130,5,12,3,4,0.4,0.5
2025-04-25T1700,3463A,116.9708,33.591,宿州市,社会福利中心,颗粒物(PM10),58,65,92,13,20,159,,135,135,11,17,5,6,0.5,0.5
2025-04-25T1700,3634A,116.9884,33.6305,宿州市,宿州学院,颗粒物(PM10),58,66,91,13,17,154,,130,130,10,16,3,6,0.3,0.5
2025-04-25T1700,3701A,116.9648,33.6252,宿州市,皖北煤电集团,颗粒物(PM10),61,71,85,21,25,152,,126,126,9,13,3,6,0.3,0.4
2025-04-25T1700,2266A,126.9785,46.6365,绥化市,人和东街,,22,12,21,7,13,70,,67,67,9,10,1,2,0.5,0.5
2025-04-25T1700,2267A,126.964,46.6528,绥化市,党政办公中心,,23,10,17,6,12,72,,68,68,8,10,2,2,0.4,0.4
2025-04-25T1700,2451A,113.3583,31.7275,随州市,市委党校,颗粒物(PM10),64,77,87,35,39,149,,129,129,6,18,6,7,0.7,0.8
2025-04-25T1700,2452A,113.3833,31.6908,随州市,市林业局,颗粒物(PM10),61,71,79,37,42,157,,133,133,9,17,7,8,0.8,1
2025-04-25T1700,2453A,113.3983,31.7308,随州市,市立交桥水厂,颗粒物(PM10),64,78,81,34,38,162,,142,142,6,19,9,10,0.5,0.6
2025-04-25T1700,2527A,105.5453,30.5678,遂宁市,石溪浩,,44,44,48,21,22,70,,54,54,16,17,4,4,0.3,0.3
2025-04-25T1700,2528A,105.5582,30.5232,遂宁市,市监测站,颗粒物(PM10),52,54,52,20,19,83,,61,61,14,18,8,7,0.4,0.4
2025-04-25T1700,2529A,105.5861,30.5366,遂宁市,行政中心,颗粒物(PM10),52,53,52,31,22,83,,60,60,12,17,9,13,0.4,0.3
2025-04-25T1700,2530A,105.5918,30.4728,遂宁市,美宁食品公司,,,53,42,40,25,86,,59,59,,18,10,9,0.3,0.3
2025-04-25T1700,2706A,82.9994,46.7432,塔城地区,东门外小游园,,34,24,14,3,12,106,,94,94,4,4,4,4,0.0,0.1
2025-04-25T1700,1255A,121.273,28.6459,台州市,黄岩环保大楼,,41,41,30,25,18,130,,100,100,8,12,4,4,0.3,0.4
2025-04-25T1700,1256A,121.419,28.6542,台州市,台州环保大楼,,43,43,26,28,15,107,,109,102,14,13,3,3,0.5,0.5
2025-04-25T1700,1257A,121.377,28.5773,台州市,路桥田洋王,颗粒物(PM10),56,61,34,29,15,118,,108,108,10,7,3,2,0.4,0.4
2025-04-25T1700,3564A,121.2568,28.6681,台州市,台州科技职业学院,,38,36,28,18,12,120,,98,98,8,9,2,2,0.3,0.3
2025-04-25T1700,1081A,112.522,37.8873,太原市,尖草坪,颗粒物(PM10),56,62,64,18,22,146,,116,116,13,46,13,12,0.6,0.7
2025-04-25T1700,1083A,112.434,38.0108,太原市,上兰,,49,49,50,20,19,136,,104,104,40,43,11,10,0.5,0.4
2025-04-25T1700,1084A,112.469,37.7124,太原市,晋源,颗粒物(PM10),51,51,50,23,23,144,,119,119,18,38,14,14,0.4,0.4
2025-04-25T1700,1085A,112.5583,37.7394,太原市,小店,颗粒物(PM10),52,54,85,16,29,157,,122,122,16,51,11,14,0.4,0.6
2025-04-25T1700,1086A,112.5369,37.8692,太原市,桃园,颗粒物(PM10),63,76,65,19,22,138,,116,116,18,41,13,9,0.4,0.5
2025-04-25T1700,1087A,112.57,37.8195,太原市,坞城,颗粒物(PM10),61,71,69,16,22,144,,117,117,15,48,10,9,0.6,0.7
2025-04-25T1700,1088A,112.549,37.9854,太原市,南寨,颗粒物(PM10),54,58,68,22,24,143,,110,110,14,37,13,14,0.5,0.6
2025-04-25T1700,3618A,112.4719,37.7831,太原市,金胜,颗粒物(PM10),60,70,70,19,21,148,,118,118,13,32,12,13,0.4,0.5
2025-04-25T1700,4010A,112.5608,37.8807,太原市,育英中学,颗粒物(PM10),51,52,56,18,20,148,,120,120,13,38,5,5,0.5,0.6
2025-04-25T1700,1656A,117.1437,36.1937,泰安市,监测站,颗粒物(PM10),78,105,83,23,21,161,,139,139,11,17,11,11,0.5,0.6
2025-04-25T1700,1657A,117.0885,36.2017,泰安市,人口学校,颗粒物(PM10),76,102,80,30,25,154,,131,131,11,12,10,9,0.1,0
2025-04-25T1700,1658A,117.1089,36.1758,泰安市,电力学校,颗粒物(PM10),81,112,84,31,25,156,,134,134,10,25,8,8,0.3,0.4
2025-04-25T1700,3502A,117.1812,36.2275,泰安市,国网新校,颗粒物(PM10),78,105,71,27,18,174,,148,148,5,8,6,5,0.6,0.7
2025-04-25T1700,3503A,117.0313,36.2018,泰安市,交通技校,颗粒物(PM10),73,95,73,22,20,163,,141,141,17,27,10,10,0.4,0.5
2025-04-25T1700,3504A,117.0829,36.13,泰安市,山东第一医科大学,颗粒物(PM10),80,110,82,32,29,174,,145,145,10,24,9,10,0.2,0.4
2025-04-25T1700,1206A,119.905,32.4878,泰州市,公园路,,40,39,61,9,11,126,,115,115,9,13,7,7,0.4,0.4
2025-04-25T1700,1207A,119.9189,32.4625,泰州市,莲花,,44,44,69,9,11,133,,120,120,13,14,10,10,0.3,0.4
2025-04-25T1700,1209A,119.888,32.4639,泰州市,留学生创业园,颗粒物(PM10),54,57,56,22,12,125,,114,114,16,16,7,6,0.2,0.4
2025-04-25T1700,2997A,119.8767,32.3289,泰州市,王营,,45,45,56,14,12,139,,120,120,15,18,11,10,0.3,0.3
2025-04-25T1700,3295A,120.1259,32.5099,泰州市,姜堰区政府广场,,45,45,64,23,16,123,,111,111,6,10,7,7,0.3,0.4
2025-04-25T1700,3435A,119.9192,32.4322,泰州市,周山河街区,,44,44,54,11,12,131,,119,119,9,11,8,8,0.3,0.4
2025-04-25T1700,1038A,118.1725,39.6334,唐山市,物资局,,42,36,44,10,10,132,,99,99,13,21,6,6,0.3,0.4
2025-04-25T1700,1040A,118.1705,39.6506,唐山市,十二中,,43,43,41,16,14,123,,96,96,10,14,4,5,0.3,0.4
2025-04-25T1700,1041A,118.1869,39.622,唐山市,小山,,48,48,47,13,13,135,,100,100,8,18,2,4,0.3,0.4
2025-04-25T1700,3457A,118.4359,39.2762,唐山市,冀东油田职工医院,,44,43,44,17,15,138,,101,101,18,25,4,5,0.3,0.4
2025-04-25T1700,3575A,118.09279,39.58089,唐山市,正泰大街热力站,,,,51,,15,129,,97,97,12,25,,3,0.6,0.6
2025-04-25T1700,3576A,118.1562,39.8322,唐山市,丰润区政府,,48,48,59,12,18,109,,86,86,13,24,5,4,0.4,0.5
2025-04-25T1700,3577A,118.43673,39.73809,唐山市,金山小学,,44,44,62,13,15,117,,95,95,8,14,10,12,0.5,0.5
2025-04-25T1700,3578A,118.24498,39.66941,唐山市,政府服务中心,,39,37,43,14,13,122,,94,94,14,20,4,4,0.3,0.4
2025-04-25T1700,3692A,118.2059,39.6585,唐山市,消防缸窑路中队,,47,47,55,3,14,131,,101,101,12,17,5,6,0.3,0.5
2025-04-25T1700,3693A,118.1436,39.6202,唐山市,路南电大,,50,50,51,9,12,128,,97,97,17,24,4,3,0.3,0.4
2025-04-25T1700,4197A,118.1309,39.6360,唐山市,友谊北路34号,,48,48,42,19,13,129,,100,100,15,18,4,4,0.4,0.4
2025-04-25T1700,1015A,117.1444,39.1661,天津市,勤俭道,颗粒物(PM10),69,87,53,43,16,149,,114,114,15,30,8,8,0.5,0.5
2025-04-25T1700,1018A,117.202,39.0927,天津市,前进道,颗粒物(PM10),75,99,57,41,15,149,,113,113,15,31,9,7,0.4,0.4
2025-04-25T1700,1019A,117.1837,39.2133,天津市,淮河道,细颗粒物(PM2.5),89,97,58,66,14,148,,115,115,18,38,8,10,0.3,0.3
2025-04-25T1700,1021A,117.3083,39.0884,天津市,跃进路,颗粒物(PM10),81,112,71,40,17,157,,120,120,15,37,10,8,0.4,0.6
2025-04-25T1700,1023A,117.707,39.0343,天津市,第四大街,颗粒物(PM10),64,77,53,19,13,107,,93,93,42,46,10,10,0.1,0.2
2025-04-25T1700,1024A,117.457,38.8394,天津市,永明路,颗粒物(PM10),71,91,55,42,16,148,,112,112,17,34,10,8,0.4,0.5
2025-04-25T1700,1026A,117.764,39.1587,天津市,汉北路,,,40,49,7,6,99,,94,94,33,38,7,7,,0.2
2025-04-25T1700,1027A,117.157,38.9194,天津市,团泊洼,,,,,,,,,,,,,,,,
2025-04-25T1700,2858A,117.7918,39.2474,天津市,河西一经路,颗粒物(PM10),54,57,54,22,15,121,,103,103,27,30,8,10,0.3,0.4
2025-04-25T1700,2859A,117.3747,38.9846,天津市,津沽路,颗粒物(PM10),67,84,59,19,9,111,,99,99,23,29,6,6,0.1,0.2
2025-04-25T1700,2860A,117.1589,39.0845,天津市,宾水西道,颗粒物(PM10),82,114,67,43,17,166,,126,126,17,26,8,6,0.5,0.4
2025-04-25T1700,2922A,117.1941,39.1067,天津市,大理道,颗粒物(PM10),73,95,54,36,13,151,,113,113,13,27,8,6,0.2,0.2
2025-04-25T1700,3020A,117.2101,39.1699,天津市,中山北路,细颗粒物(PM2.5),73,92,58,53,18,149,,114,114,19,43,8,8,0.4,0.4
2025-04-25T1700,3051A,117.3876,39.1488,天津市,西四道,颗粒物(PM10),66,82,52,23,16,135,,117,117,26,43,14,10,0.9,0.6
2025-04-25T1700,3325A,117.0365,39.3828,天津市,雍阳西道,颗粒物(PM10),64,78,50,32,17,130,,103,103,14,30,6,6,0.3,0.4
2025-04-25T1700,3326A,117.0296,39.0605,天津市,辛老路,颗粒物(PM10),82,113,67,44,18,159,,122,122,13,31,10,8,0.5,0.5
2025-04-25T1700,3327A,116.9638,38.9375,天津市,地纬路,颗粒物(PM10),72,93,63,39,19,150,,120,120,13,31,12,10,0.5,0.7
2025-04-25T1700,3460A,117.4067,40.0583,天津市,北环路,颗粒物(PM10),56,61,32,26,9,133,,95,95,14,15,6,5,0.4,0.4
2025-04-25T1700,3461A,117.3045,39.7169,天津市,建设路,颗粒物(PM10),60,70,49,19,15,130,,96,96,17,34,7,7,0.4,0.4
2025-04-25T1700,3462A,117.8199,39.3521,天津市,滨水东路,颗粒物(PM10),56,62,49,21,11,128,,92,92,27,34,10,10,0.5,0.5
2025-04-25T1700,4196A,117.2437,39.1029,天津市,光华路,颗粒物(PM10),71,92,63,39,20,154,,118,118,13,37,9,8,0.5,0.6
2025-04-25T1700,2649A,106.0055,34.343,天水市,麦积山,,,,,,,,,,,,,,,,
2025-04-25T1700,2650A,105.7205,34.5786,天水市,公园小学,,44,44,64,23,22,121,,113,113,6,21,7,8,0.2,0.3
2025-04-25T1700,2651A,105.8945,34.5538,天水市,麦积国土局,,50,50,68,16,27,120,,108,108,3,13,5,6,0.3,0.4
2025-04-25T1700,2216A,123.8139,42.3022,铁岭市,汇工街西,细颗粒物(PM2.5),58,53,87,41,32,98,,97,97,23,10,9,6,0.6,0.4
2025-04-25T1700,2217A,123.8649,42.2923,铁岭市,水上乐园,,29,25,73,14,30,90,,87,87,8,11,5,5,0.4,0.4
2025-04-25T1700,2218A,123.8486,42.2867,铁岭市,银州路东段,,41,41,88,16,34,88,,89,89,16,15,8,8,0.4,0.4
2025-04-25T1700,2219A,123.7153,42.2217,铁岭市,金沙江路北,,31,11,76,3,30,98,,94,94,7,11,9,9,0.5,0.6
2025-04-25T1700,2229A,125.9358,41.7173,通化市,光明,,46,46,82,21,34,114,,108,108,11,9,8,8,0.6,0.6
2025-04-25T1700,2230A,125.9446,41.7325,通化市,铁路,,40,40,74,27,33,113,,105,105,11,9,7,8,0.4,0.4
2025-04-25T1700,2191A,122.2532,43.6801,通辽市,艺术职业学校,,,36,56,,26,94,,70,,4,9,6,8,0.2,0.3
2025-04-25T1700,3706A,122.2584,43.6333,通辽市,老干部活动中心,,36,36,52,15,32,99,,94,94,7,9,4,4,0.3,0.3
2025-04-25T1700,3708A,122.2922,43.6189,通辽市,东方明珠社区,,46,42,61,32,42,96,,91,91,7,7,7,6,0.3,0.4
2025-04-25T1700,1922A,109.0656,35.0994,铜川市,党校,,,,,,,,,,,,,,,,
2025-04-25T1700,1923A,109.0697,35.0697,铜川市,王益区政府,细颗粒物(PM2.5),73,75,73,53,37,143,,132,132,8,25,6,7,0.5,0.6
2025-04-25T1700,1924A,108.9344,34.9058,铜川市,新区管委会,颗粒物(PM10),70,89,76,36,36,157,,143,143,17,20,9,8,0.6,0.6
2025-04-25T1700,4234A,108.9497,34.8705,铜川市,大唐三路,颗粒物(PM10),73,96,86,36,27,166,,151,151,9,16,11,10,0.7,0.7
2025-04-25T1700,2285A,117.8177,30.9412,铜陵市,市第四中学,颗粒物(PM10),55,60,82,14,32,156,,144,144,5,14,7,8,0.3,0.5
2025-04-25T1700,2286A,117.8059,30.9273,铜陵市,市公路局,颗粒物(PM10),56,61,88,26,36,156,,144,144,6,14,4,5,0.3,0.5
2025-04-25T1700,2287A,117.7807,30.9413,铜陵市,市新民污水厂,颗粒物(PM10),54,57,92,16,29,150,,137,137,8,17,8,9,0.5,0.7
2025-04-25T1700,2288A,117.7439,30.8792,铜陵市,市第九中学,颗粒物(PM10),58,65,85,30,33,143,,134,134,18,24,7,7,0.4,0.6
2025-04-25T1700,2289A,117.846,30.9413,铜陵市,车站新区,,46,46,92,26,34,128,,121,121,9,19,5,7,0.2,0.3
2025-04-25T1700,2290A,117.8483,30.97,铜陵市,市职教基地,颗粒物(PM10),51,52,79,18,32,147,,136,136,9,16,4,5,0.4,0.5
2025-04-25T1700,2585A,109.1839,27.7344,铜仁市,铜仁卫校,,30,27,32,11,10,96,,78,78,8,10,2,2,0.3,0.2
2025-04-25T1700,2586A,109.1753,27.6944,铜仁市,铜仁七中,,37,12,15,11,13,116,,94,94,6,8,2,2,0.2,0.2
2025-04-25T1700,2686A,89.1904,42.9418,吐鲁番市,市环保局,颗粒物(PM10),65,79,87,26,24,120,,94,94,4,8,5,4,0.5,0.5
2025-04-25T1700,2687A,89.1673,42.9559,吐鲁番市,地区环保局,颗粒物(PM10),66,82,88,29,27,118,,94,94,9,12,4,3,0.6,0.6
2025-04-25T1700,1662A,122.1214,37.4236,威海市,华夏技校,颗粒物(PM10),52,53,28,9,5,81,,86,86,28,11,4,5,0.2,0.3
2025-04-25T1700,1663A,122.0508,37.5236,威海市,山大分校,,,27,22,3,7,108,,107,107,,17,6,8,0.3,0.3
2025-04-25T1700,1664A,122.1067,37.5072,威海市,市监测站,,29,29,31,3,8,88,,87,87,18,19,2,4,0.2,0.3
2025-04-25T1700,1982A,122.0693,37.2174,威海市,文登开发区,颗粒物(PM10),53,56,36,12,13,109,,97,97,18,18,7,6,0.4,0.3
2025-04-25T1700,3505A,122.1379,37.3414,威海市,临港区管委会,颗粒物(PM10),57,63,33,14,5,117,,95,95,11,12,9,8,0.5,0.4
2025-04-25T1700,1650A,119.1437,36.7023,潍坊市,环保局,颗粒物(PM10),78,105,62,29,16,169,,142,142,16,25,7,5,0.4,0.4
2025-04-25T1700,2877A,119.1641,36.6523,潍坊市,坊子邮政,颗粒物(PM10),76,102,65,24,15,162,,138,138,16,26,9,9,0.5,0.6
2025-04-25T1700,3178A,119.0587,36.721,潍坊市,潍坊七中,颗粒物(PM10),65,80,63,22,18,166,,141,141,12,23,9,9,0.4,0.4
2025-04-25T1700,3368A,119.1977,36.6872,潍坊市,高新实验学校,颗粒物(PM10),82,114,69,31,21,163,,136,136,16,25,10,9,0.4,0.4
2025-04-25T1700,3416A,119.1755,36.7149,潍坊市,潍坊学院,颗粒物(PM10),84,117,64,32,17,163,,138,138,20,25,9,8,0.5,0.5
2025-04-25T1700,3861A,119.2041,36.7699,潍坊市,寒亭区实验一小,颗粒物(PM10),80,110,58,46,20,167,,141,141,13,23,6,6,0.5,0.5
2025-04-25T1700,1938A,109.5293,34.5101,渭南市,农科所,,,,,,,,,,,,,,,,
2025-04-25T1700,1940A,109.4636,34.493,渭南市,体育馆,颗粒物(PM10),73,95,97,34,34,161,,127,127,11,38,7,8,0.4,0.5
2025-04-25T1700,1941A,109.4259,34.5023,渭南市,高新一小,颗粒物(PM10),76,101,93,29,36,161,,132,132,11,29,8,8,0.4,0.5
2025-04-25T1700,4235A,109.5051,34.4921,渭南市,渭花路4号,颗粒物(PM10),71,92,93,39,31,158,,130,130,14,15,7,9,0.4,0.5
2025-04-25T1700,1242A,120.634,28.0089,温州市,瓯海,,36,29,18,15,11,114,,98,98,11,15,7,7,0.4,0.4
2025-04-25T1700,1243A,120.6748,27.9939,温州市,南浦,,37,16,17,14,10,116,,103,103,10,16,5,5,0.3,0.3
2025-04-25T1700,1244A,120.76,27.9747,温州市,龙湾,,35,29,20,17,10,112,,101,101,16,25,5,5,0.4,0.4
2025-04-25T1700,1245A,120.6709,28.0167,温州市,市站,,35,20,16,15,12,109,,107,107,17,14,3,3,0.4,0.5
2025-04-25T1700,3561A,120.6985,27.9251,温州市,茶山,,39,28,21,14,12,122,,106,106,12,18,6,5,0.4,0.4
2025-04-25T1700,2610A,104.2533,23.3594,文山壮族苗族自治州,州水务局,,50,50,33,25,24,90,,74,74,10,10,12,12,0.2,0.2
2025-04-25T1700,2611A,104.2319,23.3892,文山壮族苗族自治州,市便民服务中心,颗粒物(PM10),56,62,31,30,20,85,,70,70,14,15,9,11,0.3,0.4
2025-04-25T1700,2187A,106.8174,39.6973,乌海市,市林业局,,43,41,63,17,21,136,,116,116,5,28,15,30,0.4,0.7
2025-04-25T1700,2188A,106.7907,39.6667,乌海市,中海勃湾学校,,47,37,67,8,22,148,,122,122,7,39,7,32,0.5,0.8
2025-04-25T1700,3284A,106.813,39.7274,乌海市,海北新区,,43,41,83,8,16,135,,120,120,5,35,12,31,0.5,0.8
2025-04-25T1700,3621A,106.8288,39.6778,乌海市,聚英学校,颗粒物(PM10),55,59,85,19,19,126,,114,114,22,32,11,34,0.4,0.7
2025-04-25T1700,2197A,113.1306,40.9923,乌兰察布市,集宁新区,,35,29,27,9,14,112,,97,97,5,17,9,39,0.1,0.2
2025-04-25T1700,3034A,113.1076,41.0385,乌兰察布市,光明街小学,,35,33,29,12,15,110,,98,98,9,24,8,13,0.3,0.4
2025-04-25T1700,3285A,113.1376,40.9509,乌兰察布市,北京八中,,37,31,26,8,9,118,,102,102,5,23,11,17,0.3,0.6
2025-04-25T1700,3421A,113.1775,40.9779,乌兰察布市,市委党校,,38,29,25,10,14,120,,104,104,2,18,6,10,0.3,0.4
2025-04-25T1700,1490A,87.5801,43.8303,乌鲁木齐市,监测站,,37,36,28,16,10,116,,88,88,14,23,4,4,0.3,0.3
2025-04-25T1700,1491A,87.6046,43.768,乌鲁木齐市,收费所,,30,20,27,3,12,95,,77,77,14,18,1,3,0.3,0.3
2025-04-25T1700,1492A,87.4754,43.9469,乌鲁木齐市,新疆农科院农场,,35,21,32,7,11,110,,87,87,9,16,9,9,0.7,0.8
2025-04-25T1700,1493A,87.5525,43.8711,乌鲁木齐市,铁路局,,38,21,29,9,11,120,,91,91,8,15,3,4,0.3,0.4
2025-04-25T1700,1494A,87.6432,43.831,乌鲁木齐市,三十一中学,,35,14,28,7,13,109,,85,85,6,12,10,11,0.5,0.6
2025-04-25T1700,1496A,87.7216,44.1747,乌鲁木齐市,米东区环保局,,35,13,39,3,11,110,,90,90,2,5,6,7,0.2,0.3
2025-04-25T1700,3033A,87.4651,43.4569,乌鲁木齐市,培训基地,,32,9,16,7,6,100,,98,98,2,5,3,10,0.4,0.4
2025-04-25T1700,3437A,88.3118,43.3658,乌鲁木齐市,达坂城区环保局,,30,21,25,3,10,94,,87,87,2,4,7,6,0.1,0.2
2025-04-25T1700,3438A,87.6162,43.8801,乌鲁木齐市,红光山片区,,33,19,31,6,11,103,,79,79,9,17,3,4,0.2,0.3
2025-04-25T1700,3439A,87.7024,43.8004,乌鲁木齐市,新师大温泉校区,,,,28,,10,116,,92,92,4,11,2,2,,0.2
2025-04-25T1700,3440A,87.4921,43.8411,乌鲁木齐市,大绿谷,,36,19,26,11,11,114,,89,89,7,15,5,6,0.3,0.3
2025-04-25T1700,1188A,120.269,31.4867,无锡市,雪浪,颗粒物(PM10),56,61,78,9,16,129,,108,108,16,19,4,6,0.5,0.6
2025-04-25T1700,1189A,120.275,31.6219,无锡市,黄巷,颗粒物(PM10),67,84,99,19,19,122,,104,104,30,38,6,7,0.4,0.5
2025-04-25T1700,1190A,120.294,31.56,无锡市,曹张,颗粒物(PM10),51,51,72,9,20,129,,106,106,16,25,5,6,0.6,0.7
2025-04-25T1700,1191A,120.242,31.5031,无锡市,漆塘,颗粒物(PM10),62,73,86,14,16,116,,101,101,20,25,6,8,0.4,0.5
2025-04-25T1700,1192A,120.3489,31.5863,无锡市,东亭,颗粒物(PM10),54,58,76,19,16,135,,112,112,16,26,5,6,0.6,0.8
2025-04-25T1700,1193A,120.354,31.5475,无锡市,旺庄,颗粒物(PM10),51,51,72,17,18,130,,110,110,17,22,4,6,0.5,0.7
2025-04-25T1700,1194A,120.245,31.5631,无锡市,荣巷,颗粒物(PM10),58,66,85,19,18,128,,107,107,19,23,5,6,0.4,0.6
2025-04-25T1700,1195A,120.299,31.6817,无锡市,堰桥,颗粒物(PM10),59,68,82,12,17,137,,113,113,13,19,4,6,0.4,0.6
2025-04-25T1700,3428A,120.3142,31.4753,无锡市,华庄,颗粒物(PM10),64,78,67,15,16,128,,108,108,18,23,6,8,0.5,0.6
2025-04-25T1700,2677A,106.1532,37.9648,吴忠市,教育园区,颗粒物(PM10),64,77,76,20,26,139,,120,120,7,23,6,6,0.2,0.4
2025-04-25T1700,2679A,106.1856,37.9956,吴忠市,新区二泵站,颗粒物(PM10),57,64,78,27,25,144,,123,123,8,25,6,8,0.3,0.4
2025-04-25T1700,3648A,106.2112,37.9768,吴忠市,文卫南街,,48,46,67,33,23,148,,130,130,3,19,6,8,0.3,0.3
2025-04-25T1700,1794A,118.3606,31.3519,芜湖市,监测站,颗粒物(PM10),57,64,70,14,19,147,,131,131,10,18,7,9,0.5,0.6
2025-04-25T1700,1795A,118.3714,31.4134,芜湖市,科创中心,颗粒物(PM10),64,77,88,14,18,145,,130,130,18,23,8,8,0.2,0.4
2025-04-25T1700,1796A,118.3673,31.3131,芜湖市,四水厂,,,71,80,15,19,148,,135,135,9,17,,5,0.3,0.5
2025-04-25T1700,3328A,118.4209,31.3707,芜湖市,市气象局,颗粒物(PM10),65,79,87,19,19,147,,131,131,5,11,6,6,0.4,0.6
2025-04-25T1700,3465A,118.4781,31.3225,芜湖市,清苑社区,颗粒物(PM10),56,62,76,13,18,149,,134,134,16,30,8,9,0.2,0.4
2025-04-25T1700,3466A,118.2746,31.2326,芜湖市,扬子职业技术学院,颗粒物(PM10),54,58,76,10,18,142,,133,133,13,20,6,7,0.4,0.6
2025-04-25T1700,2495A,111.3014,23.4832,梧州市,市逸夫小学,,30,30,29,11,16,59,,54,54,8,13,12,11,0.3,0.5
2025-04-25T1700,2496A,111.3239,23.4794,梧州市,市十一中,,24,24,17,3,12,49,,46,46,2,10,8,8,0.3,0.4
2025-04-25T1700,2498A,111.2711,23.4835,梧州市,龙新,,16,14,22,3,12,49,,53,53,6,13,12,11,0.5,0.6
2025-04-25T1700,4258A,111.2419,23.4154,梧州市,政贤路18号,,15,14,18,3,11,46,,51,50,14,15,8,8,0.2,0.5
2025-04-25T1700,2711A,87.5475,44.1756,五家渠市,农水大厦,,,26,40,3,11,108,,81,81,,2,5,6,0.1,0.2
2025-04-25T1700,3441A,87.546,44.1912,五家渠市,经开区管委会,,31,20,39,11,11,99,,76,76,4,8,9,9,0.4,0.4
2025-04-25T1700,1325A,114.3677,30.5584,武汉市,东湖梨园,臭氧1小时,68,79,75,37,38,174,,141,141,9,22,7,6,0.9,0.7
2025-04-25T1700,1326A,114.2529,30.558,武汉市,汉阳月湖,臭氧1小时,60,68,88,29,39,168,,138,138,8,22,6,6,0.5,0.5
2025-04-25T1700,1327A,114.282,30.6189,武汉市,汉口花桥,颗粒物(PM10),58,66,86,39,38,161,,134,134,10,17,8,8,0.7,0.6
2025-04-25T1700,1328A,114.3025,30.5332,武汉市,武昌紫阳,颗粒物(PM10),62,73,80,38,36,163,,133,133,9,26,9,9,0.5,0.4
2025-04-25T1700,1329A,114.3646,30.6217,武汉市,青山钢花,臭氧1小时,70,82,91,46,47,176,,147,147,14,35,9,9,0.9,0.8
2025-04-25T1700,1330A,114.1566,30.4825,武汉市,沌口新区,细颗粒物(PM2.5),58,59,71,41,42,140,,122,122,28,31,8,8,0.7,0.6
2025-04-25T1700,1331A,114.3014,30.5944,武汉市,汉口江滩,臭氧1小时,74,69,80,39,48,179,,143,143,11,46,8,8,0.7,0.6
2025-04-25T1700,1333A,114.135,30.6319,武汉市,吴家山,颗粒物(PM10),61,72,105,32,41,165,,141,141,16,43,8,9,0.5,0.5
2025-04-25T1700,1334A,113.8454,30.2917,武汉市,沉湖七壕,颗粒物(PM10),51,51,55,29,26,145,,112,112,12,14,4,3,0.5,0.3
2025-04-25T1700,3153A,114.3877,30.4908,武汉市,民族大道182号,臭氧1小时,80,77,74,39,34,184,,152,152,14,21,7,6,0.7,0.8
2025-04-25T1700,2652A,102.6201,37.9251,武威市,监测站,颗粒物(PM10),58,65,60,18,27,132,,114,114,8,24,9,8,0.3,0.5
2025-04-25T1700,4270A,102.6447,37.9293,武威市,钟楼街149号,颗粒物(PM10),59,67,62,19,24,134,,115,115,8,23,7,6,0.2,0.4
2025-04-25T1700,1463A,108.993,34.2629,西安市,兴庆小区,颗粒物(PM10),68,86,92,36,38,166,,114,114,25,44,18,10,0.6,0.6
2025-04-25T1700,1464A,109.06,34.2572,西安市,纺织城,颗粒物(PM10),74,97,102,41,37,160,,113,113,24,55,19,10,0.7,0.7
2025-04-25T1700,1465A,108.9356,34.2173,西安市,小寨,细颗粒物(PM2.5),127,137,112,96,68,144,,118,118,27,45,10,8,0.7,0.7
2025-04-25T1700,1466A,108.954,34.2713,西安市,市人民体育场,颗粒物(PM10),77,104,97,42,36,166,,120,120,25,47,13,10,0.8,0.8
2025-04-25T1700,1467A,108.8922,34.2322,西安市,高新西区,,,102,103,58,48,162,,116,116,,54,8,7,0.4,0.7
2025-04-25T1700,1468A,108.935,34.3474,西安市,经开区,颗粒物(PM10),75,100,98,44,43,173,,125,125,22,49,18,11,0.7,0.8
2025-04-25T1700,1469A,108.906,34.1546,西安市,长安区,细颗粒物(PM2.5),118,170,122,89,52,182,,117,117,44,50,11,9,0.7,0.6
2025-04-25T1700,1471A,109.2186,34.3731,西安市,临潼区,颗粒物(PM10),74,98,96,28,33,151,,114,114,18,30,28,14,0.6,0.7
2025-04-25T1700,1472A,108.869,34.378,西安市,草滩,颗粒物(PM10),71,92,96,45,29,164,,123,123,18,38,8,6,0.4,0.5
2025-04-25T1700,1473A,108.985,34.1978,西安市,曲江文化产业集团,颗粒物(PM10),84,117,113,54,45,154,,119,119,35,56,12,9,0.7,0.7
2025-04-25T1700,1474A,109.051,34.3213,西安市,广运潭,颗粒物(PM10),77,103,99,45,44,165,,117,117,20,45,22,11,0.7,0.7
2025-04-25T1700,3605A,109.09,34.5236,西安市,无线电监控中心,颗粒物(PM10),62,74,99,31,39,146,,121,121,10,33,8,10,0.5,0.6
2025-04-25T1700,4055A,108.8869,34.2662,西安市,行知小学,"颗粒物(PM10),细颗粒物(PM2.5)",83,115,125,61,51,171,,123,123,28,62,9,8,0.6,0.7
2025-04-25T1700,4233A,108.5962,34.1188,西安市,西苑北路977号,细颗粒物(PM2.5),139,138,108,106,71,169,,123,123,27,33,12,11,0.7,0.6
2025-04-25T1700,1483A,101.524,36.6867,西宁市,第五水厂,,,,,,,,,,,,,,,,
2025-04-25T1700,3055A,101.7775,36.6428,西宁市,城北区政府,,50,50,61,16,28,119,,95,95,14,24,7,16,0.2,0.8
2025-04-25T1700,3629A,101.8305,36.5786,西宁市,世纪职校,,46,46,66,7,33,124,,84,84,8,30,10,16,0.4,0.6
2025-04-25T1700,3630A,101.7413,36.6397,西宁市,师大城西校区,,50,50,64,25,32,120,,94,94,12,25,7,14,0.3,0.7
2025-04-25T1700,2612A,100.8018,21.9995,西双版纳傣族自治州,景洪市江南,,,83,80,50,51,132,,118,118,10,17,,3,0.6,0.8
2025-04-25T1700,2613A,100.8017,22.0225,西双版纳傣族自治州,景洪市江北,细颗粒物(PM2.5),55,58,62,39,38,135,,124,124,8,11,7,6,0.5,0.6
2025-04-25T1700,3606A,108.7108,34.46,西咸新区,北杜,颗粒物(PM10),76,102,95,47,39,168,,132,132,16,35,10,11,0.5,0.5
2025-04-25T1700,3607A,108.7096,34.2956,西咸新区,同德佳苑,细颗粒物(PM2.5),82,95,90,60,46,169,,128,128,22,32,8,8,0.4,0.4
2025-04-25T1700,3608A,108.8558,34.4978,西咸新区,崇文塔,颗粒物(PM10),74,98,98,35,39,164,,132,132,12,31,10,10,0.6,0.7
2025-04-25T1700,2202A,116.1042,43.9317,锡林郭勒盟,市环保监测站,,46,46,30,3,5,86,,80,80,7,17,1,2,0.2,0.2
2025-04-25T1700,2203A,116.0781,43.9311,锡林郭勒盟,市政府,,29,20,22,3,6,90,,83,83,5,19,1,1,0.2,0.2
2025-04-25T1700,1286A,118.1608,24.8169,厦门市,溪东,,,,,,,,,,,,,,,,
2025-04-25T1700,1287A,118.1514,24.4767,厦门市,洪文,,33,12,21,3,11,105,,114,112,21,13,1,1,0.5,0.6
2025-04-25T1700,1288A,118.0661,24.4444,厦门市,鼓浪屿,,35,8,17,3,12,109,,117,117,10,6,1,2,0.2,0.3
2025-04-25T1700,2842A,118.0936,24.5058,厦门市,湖里中学,,33,9,28,3,16,103,,109,109,21,18,3,3,0.5,0.6
2025-04-25T1700,3527A,118.0958,24.5688,厦门市,集美中学,,34,6,20,3,15,107,,116,115,22,17,1,2,0.5,0.6
2025-04-25T1700,3528A,118.1493,24.7245,厦门市,同安二实小,,33,,24,3,16,104,,106,106,16,23,2,2,0.4,0.5
2025-04-25T1700,2447A,114.3175,29.8142,咸宁市,森林公园,,42,27,45,22,19,133,,120,120,3,3,4,5,0.4,0.5
2025-04-25T1700,3655A,114.3375,29.8683,咸宁市,长江产业园,,45,42,52,26,30,143,,130,130,7,15,2,2,0.6,0.7
2025-04-25T1700,4217A,114.3182,29.8447,咸宁市,双鹤路18号,,44,43,53,19,29,138,,123,123,7,11,4,4,0.9,0.9
2025-04-25T1700,4298A,114.284,29.8595,咸宁市,碧桂路,,45,45,52,20,28,140,,129,129,11,10,4,5,0.5,0.6
2025-04-25T1700,1918A,108.7197,34.3956,咸阳市,气象站,,,,,,,,,,,,,,,,
2025-04-25T1700,1919A,108.673,34.3155,咸阳市,实验中学,颗粒物(PM10),81,112,101,44,41,178,,138,138,21,36,11,11,0.5,0.6
2025-04-25T1700,1920A,108.7233,34.3617,咸阳市,师范学院,,,105,110,41,46,169,,136,136,18,37,,7,0.6,0.7
2025-04-25T1700,3165A,108.6594,34.2969,咸阳市,两寺渡,颗粒物(PM10),88,125,110,53,48,182,,139,139,19,39,10,10,0.4,0.5
2025-04-25T1700,3525A,108.6396,34.4078,咸阳市,奥体中心,颗粒物(PM10),77,103,93,33,35,166,,134,134,14,29,8,9,0.6,0.7
2025-04-25T1700,1508A,112.9433,27.8614,湘潭市,板塘,,45,36,34,14,15,141,,119,119,4,9,6,6,0.6,0.6
2025-04-25T1700,1511A,112.9118,27.8403,湘潭市,市监测站,,46,29,27,12,22,146,,50,,7,11,2,2,0.5,0.7
2025-04-25T1700,1512A,112.8937,27.8728,湘潭市,江麓,,44,28,30,18,20,138,,124,124,3,10,5,6,0.7,0.6
2025-04-25T1700,1513A,112.9227,27.8159,湘潭市,岳塘,,46,31,31,14,18,146,,128,128,4,12,9,6,0.5,0.5
2025-04-25T1700,1514A,112.9074,27.9119,湘潭市,科大,,42,37,35,20,15,134,,116,116,7,17,4,4,0.7,0.7
2025-04-25T1700,1562A,113.0048,27.9153,湘潭市,昭山,,43,36,30,10,15,136,,121,121,8,23,6,5,0.4,0.5
2025-04-25T1700,1564A,112.4876,27.9164,湘潭市,韶山,,44,33,43,12,15,140,,130,130,6,7,4,4,0.4,0.4
2025-04-25T1700,2492A,109.6414,28.2558,湘西土家族苗族自治州,跃进水库,,42,42,36,21,15,113,,105,105,3,3,6,5,0.7,0.6
2025-04-25T1700,2493A,109.7325,28.3169,湘西土家族苗族自治州,州政府,颗粒物(PM10),52,53,48,28,21,111,,92,92,5,9,9,7,0,0.1
2025-04-25T1700,2494A,109.6958,28.2675,湘西土家族苗族自治州,吉首市计生局,,,52,44,26,20,109,,100,100,,9,8,8,0.0,0.5
2025-04-25T1700,2432A,112.155,32.0197,襄阳市,襄城运动路,颗粒物(PM10),88,125,99,24,31,150,,134,134,10,20,8,8,0.4,0.4
2025-04-25T1700,2434A,112.1825,32.1142,襄阳市,高新管委会,颗粒物(PM10),108,165,103,38,32,153,,136,136,11,22,11,11,0.5,0.5
2025-04-25T1700,2435A,112.2106,32.0903,襄阳市,襄州航空路,颗粒物(PM10),85,120,99,32,32,147,,140,140,9,23,8,8,0.4,0.6
2025-04-25T1700,3396A,112.0828,32.0067,襄阳市,襄城隆中路,,,113,88,31,21,161,,139,139,,43,8,8,0.7,0.6
2025-04-25T1700,3397A,112.1214,32.1008,襄阳市,高新台子湾,颗粒物(PM10),88,125,98,30,24,154,,133,133,10,29,8,8,0.4,0.4
2025-04-25T1700,4251A,112.1433,32.0581,襄阳市,铁院东路4号,颗粒物(PM10),84,117,102,31,31,156,,135,135,11,25,9,8,0.4,0.4
2025-04-25T1700,2443A,113.9153,30.9285,孝感市,文化路,颗粒物(PM10),85,119,123,36,48,169,,130,130,10,16,4,7,0.5,0.6
2025-04-25T1700,2444A,113.942,30.9075,孝感市,东城区,臭氧1小时,88,107,122,37,49,190,,147,147,16,24,7,8,0.6,0.7
2025-04-25T1700,2181A,112.7383,38.4519,忻州市,开发区,,39,25,42,14,19,123,,94,94,8,29,5,8,0.4,0.5
2025-04-25T1700,2182A,112.7003,38.4928,忻州市,会展中心,,35,21,42,7,15,109,,79,79,8,37,5,6,0.3,0.5
2025-04-25T1700,3208A,112.7283,38.4153,忻州市,市政府,,44,44,42,3,13,134,,101,101,14,31,5,7,0.6,0.7
2025-04-25T1700,2389A,113.836,35.311,新乡市,环保西院,颗粒物(PM10),99,148,81,45,28,189,,154,154,13,30,8,9,0.5,0.5
2025-04-25T1700,2390A,113.884,35.272,新乡市,开发区,颗粒物(PM10),110,170,94,41,37,198,,159,159,17,29,8,8,0.8,0.6
2025-04-25T1700,2391A,113.883,35.303,新乡市,环保东院,颗粒物(PM10),97,144,80,41,33,195,,156,156,13,26,7,7,0.8,0.7
2025-04-25T1700,3054A,113.9194,35.2847,新乡市,市委党校,颗粒物(PM10),92,133,74,58,32,190,,158,158,14,33,6,7,0.7,0.6
2025-04-25T1700,3475A,113.9188,35.3045,新乡市,市政府,颗粒物(PM10),101,151,75,55,34,194,,161,161,15,30,9,8,0.3,0.2
2025-04-25T1700,3689A,113.9003,35.372,新乡市,行政服务中心,颗粒物(PM10),97,144,99,40,36,182,,147,147,16,39,4,6,0.5,0.4
2025-04-25T1700,4215A,113.9166,35.3315,新乡市,建设东路46号,颗粒物(PM10),102,153,102,45,30,172,,135,135,9,30,4,6,0.4,0.4
2025-04-25T1700,2352A,115.0861,27.9317,新余市,北岗,,,,,,,,,,,,,,,,
2025-04-25T1700,2353A,114.9886,27.8431,新余市,飞宇,,46,22,32,16,12,146,,133,133,5,10,4,10,0.3,0.3
2025-04-25T1700,2354A,114.9231,27.8246,新余市,第二水厂,,47,21,28,15,15,148,,132,132,5,9,5,9,0.0,0.3
2025-04-25T1700,2355A,114.9308,27.8036,新余市,市气象局,,,23,30,8,13,140,,128,128,,11,2,6,0.4,0.5
2025-04-25T1700,3206A,114.9149,27.807,新余市,新钢沁园村,,47,21,33,12,14,149,,140,140,8,10,7,10,0.4,0.4
2025-04-25T1700,2054A,114.1099,32.1059,信阳市,平桥分局,,,93,70,35,29,154,,134,134,11,16,,6,0.3,0.4
2025-04-25T1700,2064A,113.9956,32.1271,信阳市,南湾水厂,颗粒物(PM10),58,66,78,31,26,145,,124,124,8,12,4,6,0.4,0.4
2025-04-25T1700,2065A,114.0775,32.1195,信阳市,市酿酒公司,,,60,70,34,26,144,,126,126,,17,5,5,0.3,0.6
2025-04-25T1700,2066A,114.0609,32.1399,信阳市,审计局,颗粒物(PM10),51,52,79,27,28,144,,126,126,12,20,6,8,0.4,0.5
2025-04-25T1700,2200A,122.0392,46.0656,兴安盟,胜华新制药厂,,31,,25,21,20,97,,100,100,4,3,2,2,0,0.1
2025-04-25T1700,2201A,121.9504,46.0741,兴安盟,科右前旗环保局,,,,29,,21,87,,90,90,,3,6,3,,0.4
2025-04-25T1700,3035A,122.0931,46.0707,兴安盟,北滨河,,30,20,33,17,18,95,,96,96,1,2,6,4,0.1,0.1
2025-04-25T1700,1077A,114.4704,37.0886,邢台市,达活泉,颗粒物(PM10),84,118,87,44,30,164,,123,123,15,26,9,13,0.3,0.8
2025-04-25T1700,1078A,114.5062,37.0349,邢台市,邢师高专,颗粒物(PM10),80,109,88,34,30,152,,113,113,16,23,10,12,0.4,0.7
2025-04-25T1700,1079A,114.5237,37.0851,邢台市,路桥公司,颗粒物(PM10),91,132,77,30,34,165,,125,125,12,24,10,12,0.2,0.4
2025-04-25T1700,1080A,114.4725,37.0719,邢台市,市环保局,颗粒物(PM10),88,125,104,41,36,171,,127,127,14,24,5,8,0.4,0.7
2025-04-25T1700,3584A,115.8844,39.0341,雄安新区,容城县环境保护局,颗粒物(PM10),65,80,86,36,25,167,,129,129,15,38,12,9,0.3,0.3
2025-04-25T1700,3585A,115.8665,39.0645,雄安新区,河北容城中学,颗粒物(PM10),71,92,84,37,21,165,,125,125,15,30,14,11,0.5,0.4
2025-04-25T1700,3586A,115.923,38.9405,雄安新区,安新县民政局,"颗粒物(PM10),臭氧1小时",74,97,98,24,24,179,,130,130,14,22,10,7,0.4,0.4
2025-04-25T1700,3587A,115.9324,38.9338,雄安新区,安新县电力局,臭氧1小时,82,74,76,43,28,185,,166,166,12,21,17,15,0.3,0.3
2025-04-25T1700,3588A,116.0901,38.9816,雄安新区,雄县环境保护局,颗粒物(PM10),76,102,103,41,35,171,,123,123,8,29,12,11,0.4,0.4
2025-04-25T1700,3589A,116.1105,39.0046,雄安新区,雄县国土资源局,细颗粒物(PM2.5),82,88,91,60,32,156,,115,115,16,38,13,10,0.4,0.5
2025-04-25T1700,1177A,117.179,34.2761,徐州市,黄河新村,颗粒物(PM10),58,66,96,20,22,141,,123,123,17,24,6,6,0.2,0.3
2025-04-25T1700,1180A,117.256,34.2153,徐州市,新城区,颗粒物(PM10),61,71,93,21,28,139,,123,123,12,18,6,6,0.4,0.4
2025-04-25T1700,1182A,117.2933,34.2778,徐州市,农科院,颗粒物(PM10),56,61,87,28,23,140,,121,121,15,24,5,6,0.3,0.4
2025-04-25T1700,3005A,117.1814,34.29,徐州市,鼓楼区政府,颗粒物(PM10),53,56,82,14,21,138,,120,120,9,15,6,7,0.4,0.5
2025-04-25T1700,3006A,117.1694,34.1781,徐州市,铜山区招生办,颗粒物(PM10),58,66,87,15,20,141,,120,120,14,24,6,7,0.3,0.4
2025-04-25T1700,3288A,117.4754,34.4422,徐州市,大泉街道,颗粒物(PM10),55,59,84,17,22,136,,116,116,10,16,8,10,0.4,0.4
2025-04-25T1700,4186A,117.1942,34.22935,徐州市,解放南路202号,颗粒物(PM10),61,71,93,20,24,146,,127,127,17,24,7,7,0.6,0.7
2025-04-25T1700,4288A,117.2456,34.2908,徐州市,龙潭环路5号,颗粒物(PM10),59,68,99,10,18,134,,115,115,8,13,7,7,0.2,0.3
2025-04-25T1700,2398A,113.7906,33.9953,许昌市,开发区,颗粒物(PM10),86,121,106,51,36,145,,127,127,10,31,2,4,0.8,0.7
2025-04-25T1700,3134A,113.8172,34.0339,许昌市,市一中,颗粒物(PM10),85,119,85,51,35,152,,129,129,10,23,4,4,0.4,0.2
2025-04-25T1700,3337A,113.8614,34.0442,许昌市,许昌学院,颗粒物(PM10),93,136,93,51,34,156,,135,135,9,22,6,7,0.7,0.6
2025-04-25T1700,3338A,113.843,34.0823,许昌市,芙蓉广场,颗粒物(PM10),90,129,85,50,36,162,,143,143,10,30,7,8,0.4,0.4
2025-04-25T1700,4180A,113.8157,34.12670,许昌市,新元大道996号,颗粒物(PM10),91,131,92,56,41,159,,141,141,7,30,3,6,0.4,0.4
2025-04-25T1700,4259A,113.8358,34.01552,许昌市,望田路111号,颗粒物(PM10),81,111,84,55,32,154,,140,140,9,21,7,8,0.6,0.5
2025-04-25T1700,2316A,118.7581,30.9454,宣城市,鳌峰子站,颗粒物(PM10),55,60,63,16,25,149,,130,130,7,14,7,7,0.7,0.8
2025-04-25T1700,2317A,118.7385,30.9743,宣城市,敬亭山子站,颗粒物(PM10),57,63,62,16,27,146,,127,127,13,19,7,7,0.4,0.5
2025-04-25T1700,2318A,118.7173,30.9427,宣城市,开发区子站,颗粒物(PM10),58,65,67,13,27,152,,134,134,8,13,6,6,0.5,0.6
2025-04-25T1700,3470A,118.7724,30.9141,宣城市,夏渡子站,颗粒物(PM10),52,53,64,13,25,145,,128,128,11,17,6,6,0.3,0.5
2025-04-25T1700,2554A,103.0475,30.02,雅安市,建安厂,,,73,68,29,22,71,,,,,24,7,7,,
2025-04-25T1700,2555A,103.0111,29.9833,雅安市,市政府,颗粒物(PM10),53,55,37,36,21,74,,74,74,26,13,8,7,0.4,0.3
2025-04-25T1700,2556A,102.9905,29.9775,雅安市,川农大,颗粒物(PM10),52,54,34,34,19,78,,72,72,23,13,6,5,0.4,0.3
2025-04-25T1700,3700A,103.0456,29.9956,雅安市,康养中心,颗粒物(PM10),55,59,45,35,26,72,,78,78,18,7,1,2,0.8,0.7
2025-04-25T1700,1642A,121.2514,37.5639,烟台市,开发区,,28,22,32,3,14,87,,83,83,17,30,6,5,0.4,0.6
2025-04-25T1700,1644A,121.3181,37.5436,烟台市,西郊化工站,,31,22,39,7,10,97,,91,91,11,19,6,7,0.4,0.5
2025-04-25T1700,1645A,121.4478,37.4822,烟台市,莱山环保局,,35,24,40,8,11,110,,96,96,5,19,3,5,0.4,0.5
2025-04-25T1700,1646A,121.2611,37.4967,烟台市,福山环保局,,39,39,45,9,16,114,,107,107,17,24,6,6,0.4,0.4
2025-04-25T1700,3057A,121.5992,37.4014,烟台市,牟平检察院,,,,36,,8,122,,108,108,,14,,7,0.2,0.3
2025-04-25T1700,3366A,121.5206,37.4336,烟台市,中国农业大学,,36,31,41,7,10,115,,102,102,7,18,4,4,0.4,0.5
2025-04-25T1700,4213A,121.3642,37.5296,烟台市,青年南路118号,,35,27,42,19,11,109,,99,99,9,17,3,3,0.4,0.4
2025-04-25T1700,1926A,109.4131,36.6275,延安市,枣园,颗粒物(PM10),64,78,58,22,14,147,,127,127,8,26,9,8,0.4,0.4
2025-04-25T1700,1927A,109.4761,36.6028,延安市,延大医附院,颗粒物(PM10),70,89,62,24,21,138,,120,120,7,31,4,4,0.1,0.2
2025-04-25T1700,1929A,109.5056,36.6106,延安市,百米大道,细颗粒物(PM2.5),79,100,70,58,29,137,,117,117,21,42,3,3,0.5,0.5
2025-04-25T1700,3652A,109.4809,36.5786,延安市,西北局旧址,颗粒物(PM10),61,72,61,24,18,138,,128,128,9,33,6,5,0.5,0.5
2025-04-25T1700,2237A,129.47,42.8883,延边朝鲜族自治州,妇幼医院,,41,41,76,14,30,89,,86,86,10,9,5,5,0.4,0.4
2025-04-25T1700,2238A,129.5055,42.9108,延边朝鲜族自治州,延边医院,,37,37,72,12,35,91,,86,86,8,10,5,5,0.4,0.4
2025-04-25T1700,2239A,129.3964,42.8881,延边朝鲜族自治州,朝阳川镇医院,,41,41,80,11,34,87,,87,87,13,8,7,8,0.3,0.3
2025-04-25T1700,1216A,120.156,33.3942,盐城市,市监测站,颗粒物(PM10),52,54,77,14,19,122,,110,110,14,19,4,5,0.3,0.3
2025-04-25T1700,1218A,120.2144,33.38,盐城市,开发区管委会,颗粒物(PM10),54,57,74,8,10,119,,110,110,13,16,6,7,0.3,0.4
2025-04-25T1700,3004A,120.1544,33.3663,盐城市,宝龙广场,,44,44,64,9,15,130,,115,115,11,15,6,6,0.3,0.4
2025-04-25T1700,3293A,120.1501,33.3367,盐城市,月亮广场,,48,48,62,11,10,120,,106,106,13,13,8,7,0.3,0.3
2025-04-25T1700,3436A,120.4279,33.205,盐城市,大丰高级中学,,41,41,77,3,9,119,,113,113,13,16,4,4,0.4,0.3
2025-04-25T1700,4207A,120.1221,33.3940,盐城市,黄海中路88号,颗粒物(PM10),52,53,84,17,15,126,,104,104,17,17,8,8,0.3,0.3
2025-04-25T1700,1186A,119.389,32.3761,扬州市,邗江监测站,颗粒物(PM10),67,83,87,17,13,141,,121,121,14,11,8,8,0.5,0.5
2025-04-25T1700,2869A,119.447,32.4155,扬州市,五台山医院,颗粒物(PM10),55,60,66,14,14,144,,122,122,18,16,6,9,0.3,0.3
2025-04-25T1700,3164A,119.4686,32.3942,扬州市,广陵建设局,颗粒物(PM10),55,60,84,14,14,142,,123,123,20,21,8,11,0.6,0.6
2025-04-25T1700,3195A,119.3633,32.3972,扬州市,市体育局,颗粒物(PM10),63,75,80,15,13,147,,125,125,20,16,6,7,0.4,0.3
2025-04-25T1700,3294A,119.5653,32.4222,扬州市,引江管理处,,47,47,64,13,16,136,,118,118,6,11,3,6,0.4,0.5
2025-04-25T1700,1699A,111.9797,21.8593,阳江市,鸳鸯湖,,,,,,,,,,,,,,,,
2025-04-25T1700,1701A,111.9491,21.8658,阳江市,马南垌,,23,6,17,3,9,73,,74,74,7,7,1,1,0.5,0.5
2025-04-25T1700,3317A,111.9765,21.8947,阳江市,两阳中学,,20,9,16,3,8,63,,69,68,6,5,5,4,0.4,0.4
2025-04-25T1700,3453A,112.0125,21.8749,阳江市,阳东陶然,,23,13,14,3,7,71,,78,75,8,7,4,4,0.5,0.5
2025-04-25T1700,1738A,113.5758,37.8572,阳泉市,市中心,颗粒物(PM10),66,81,68,30,17,147,,112,112,18,46,8,12,0.6,0.5
2025-04-25T1700,1739A,113.4894,37.8731,阳泉市,赛鱼,颗粒物(PM10),80,110,57,33,15,140,,116,116,23,44,10,10,0.5,0.5
2025-04-25T1700,1740A,113.5819,37.8486,阳泉市,南庄,颗粒物(PM10),78,105,73,35,26,148,,112,112,19,35,8,12,0.4,0.4
2025-04-25T1700,1742A,113.5614,37.8703,阳泉市,平坦,颗粒物(PM10),86,122,66,46,20,136,,108,108,26,48,9,11,0.5,0.4
2025-04-25T1700,1743A,113.5158,37.8392,阳泉市,大阳泉,颗粒物(PM10),74,98,44,46,17,143,,112,112,21,22,6,10,0.6,0.5
2025-04-25T1700,3619A,113.617,37.8571,阳泉市,龙柱,颗粒物(PM10),82,113,89,54,29,144,,108,108,20,40,8,25,0.5,0.9
2025-04-25T1700,2252A,128.5159,47.4311,伊春市,环保局,,,23,18,,20,64,,61,61,10,12,3,4,0.6,0.6
2025-04-25T1700,2253A,128.9102,47.7412,伊春市,电力嘉园,,35,,20,24,18,64,,59,59,7,10,9,9,0.4,0.4
2025-04-25T1700,2254A,129.5029,48.471,伊春市,汤旺河国家公园,,20,11,16,6,7,62,,76,73,8,7,4,5,0.4,0.4
2025-04-25T1700,3342A,128.4741,47.4346,伊春市,中心小学,,24,18,17,6,15,76,,69,69,4,7,1,1,0.9,0.9
2025-04-25T1700,3343A,128.6871,47.7369,伊春市,检察院,,27,,21,14,20,84,,79,79,3,6,11,10,0.7,0.6
2025-04-25T1700,3344A,128.8431,47.8474,伊春市,双子河社区,,27,13,15,9,13,86,,70,70,8,10,3,3,0.4,0.4
2025-04-25T1700,3480A,129.1368,47.6417,伊春市,美溪镇,,22,15,24,10,14,69,,42,,7,10,4,4,0.7,0.8
2025-04-25T1700,2704A,81.2996,43.9174,伊犁哈萨克自治州,新政府片区,,34,25,20,9,9,107,,91,91,6,8,4,4,0.3,0.4
2025-04-25T1700,2705A,81.3364,43.941,伊犁哈萨克自治州,第二水厂,,35,12,19,3,9,110,,94,94,7,9,6,6,0.3,0.4
2025-04-25T1700,4273A,81.2737,43.9337,伊犁哈萨克自治州,安徽路800号,,,20,18,,9,111,,96,96,5,7,6,7,0.3,0.4
2025-04-25T1700,1882A,104.563,28.793,宜宾市,石马中学,,40,40,40,24,24,113,,71,71,13,15,9,8,0.5,0.5
2025-04-25T1700,1883A,104.6201,28.7728,宜宾市,市委,,31,27,43,16,24,99,,68,68,12,20,10,12,0.5,0.6
2025-04-25T1700,1884A,104.6055,28.793,宜宾市,宜宾四中,,34,34,47,17,25,103,,70,70,14,20,10,13,0.4,0.4
2025-04-25T1700,1885A,104.639,28.7562,宜宾市,市政府,,33,33,42,17,25,105,,74,74,16,20,16,12,0.2,0.2
2025-04-25T1700,1886A,104.5742,28.7199,宜宾市,黄金嘴,,39,39,41,20,20,99,,64,64,21,21,15,13,0.5,0.5
2025-04-25T1700,3728A,104.68,28.8071,宜宾市,白酒学院,,33,23,43,14,26,105,,86,86,12,18,8,11,0.3,0.5
2025-04-25T1700,1840A,111.2992,30.6981,宜昌市,白龙岗,颗粒物(PM10),75,100,94,34,31,153,,127,127,13,21,10,8,0.4,0.5
2025-04-25T1700,1842A,111.2628,30.6961,宜昌市,点军区,颗粒物(PM10),71,92,89,27,28,148,,124,124,26,24,6,6,0.1,0.2
2025-04-25T1700,1843A,111.3275,30.7819,宜昌市,夷陵区,颗粒物(PM10),74,97,90,29,28,151,,132,132,15,20,9,8,0.3,0.4
2025-04-25T1700,3546A,111.4606,30.552,宜昌市,猇亭区张家湾站,颗粒物(PM10),73,95,85,20,28,158,,134,134,15,23,7,11,0.5,0.6
2025-04-25T1700,4203A,111.3168,30.7203,宜昌市,西陵二路116号,颗粒物(PM10),69,88,95,30,30,165,,136,136,15,24,6,6,0.3,0.4
2025-04-25T1700,4204A,111.3526,30.6374,宜昌市,沈家店路6号,颗粒物(PM10),71,92,92,34,34,142,,119,119,23,33,10,9,0.5,0.5
2025-04-25T1700,2371A,114.3408,27.8064,宜春市,槟榔水业,,,,,,,,,,,,,,,,
2025-04-25T1700,2373A,114.3956,27.7844,宜春市,市石油公司,,47,25,29,14,12,148,,130,130,6,5,3,4,0.7,0.7
2025-04-25T1700,2374A,114.3703,27.7914,宜春市,市气象局,,48,28,35,13,13,152,,131,131,11,10,2,2,0.3,0.3
2025-04-25T1700,2375A,114.4013,27.8074,宜春市,市广电局,,44,31,36,10,13,139,,118,118,9,10,8,6,0.4,0.5
2025-04-25T1700,3151A,114.375,27.8097,宜春市,宜春学院北校区,,44,33,31,12,15,140,,122,122,3,5,4,4,0.3,0.3
2025-04-25T1700,3415A,114.4519,28.0828,宜春市,万载县环保局,,50,32,31,19,16,157,,139,139,8,11,18,18,0.6,0.5
2025-04-25T1700,2467A,112.4067,28.6428,益阳市,甘溪港,颗粒物(PM10),55,60,65,32,34,137,,113,113,4,8,4,4,0.6,0.6
2025-04-25T1700,2468A,112.3458,28.5808,益阳市,市环保局,,43,43,48,22,27,137,,118,118,8,8,2,3,0.7,0.7
2025-04-25T1700,4181A,112.3571,28.55878,益阳市,龙洲,颗粒物(PM10),53,55,64,28,34,151,,132,132,8,12,4,5,0.5,0.5
2025-04-25T1700,4187A,112.3425,28.6110,益阳市,幸福渠东路223号,,45,42,47,20,21,141,,124,124,7,6,3,4,0.9,0.9
2025-04-25T1700,4188A,112.3712,28.5764,益阳市,益鑫泰路85号,,49,,47,34,32,143,,124,124,12,10,2,4,0.5,0.6
2025-04-25T1700,1484A,105.9512,38.6016,银川市,贺兰山马莲口,,,,,,,,,,,,,,,,
2025-04-25T1700,1489A,106.1358,38.5036,银川市,学院路,颗粒物(PM10),59,68,88,24,35,153,,124,124,15,35,12,18,0.5,0.8
2025-04-25T1700,2924A,106.2266,38.4418,银川市,水乡路,颗粒物(PM10),55,60,76,18,28,149,,118,118,12,32,12,14,0.5,0.7
2025-04-25T1700,2925A,106.2757,38.4842,银川市,上海东路,,,,69,18,26,142,,124,124,11,33,8,12,0.4,0.6
2025-04-25T1700,2926A,106.1015,38.497,银川市,文昌北街,颗粒物(PM10),52,53,76,20,23,158,,125,125,10,33,13,20,0.4,0.7
2025-04-25T1700,3523A,106.5105,38.3856,银川市,滨河新区,,50,50,64,24,22,147,,128,128,9,18,8,23,0.5,0.6
2025-04-25T1700,4242A,106.2264,38.4920,银川市,广场西路,臭氧1小时,55,52,73,16,32,164,,138,138,10,32,10,12,0.7,1
2025-04-25T1700,2357A,116.9822,28.1136,鹰潭市,龙虎山,,,,,,,,,,,,,,,,
2025-04-25T1700,2358A,117.0564,28.2642,鹰潭市,新监测站,,37,22,19,13,8,116,,107,107,8,8,11,17,0.5,0.5
2025-04-25T1700,2359A,117.0311,28.2475,鹰潭市,财苑宾馆,,40,23,17,8,10,127,,116,116,4,5,10,16,0.3,0.3
2025-04-25T1700,2360A,117.0222,28.2264,鹰潭市,体育馆,,38,21,17,3,7,119,,111,111,7,9,8,13,0.5,0.5
2025-04-25T1700,2361A,117.0017,28.2131,鹰潭市,三川水表,,36,20,19,8,8,115,,106,106,3,9,9,14,0.4,0.4
2025-04-25T1700,1597A,122.2703,40.7094,营口市,大庆路,,34,27,41,8,19,107,,100,100,10,14,4,12,0.0,0.1
2025-04-25T1700,1598A,122.2150,40.6511,营口市,镜湖西路,,33,33,42,3,20,102,,96,96,15,19,5,9,0.4,0.5
2025-04-25T1700,1599A,122.1658,40.6789,营口市,西炮台,,28,26,36,3,17,88,,84,84,13,15,5,7,0.3,0.4
2025-04-25T1700,3379A,122.1139,40.2278,营口市,鲅鱼圈市民活动中心,,30,21,32,3,9,95,,84,84,8,26,6,7,0.4,0.5
2025-04-25T1700,3866A,122.2469,40.66302,营口市,三高中,,36,36,44,3,25,100,,98,98,17,19,5,7,0.2,0.2
2025-04-25T1700,4006A,122.3622,40.6762,营口市,老边实验小学,,34,34,51,6,23,97,,95,95,15,30,9,12,0.3,0.4
2025-04-25T1700,2477A,111.6217,26.2081,永州市,零陵南津渡,,40,36,41,17,17,125,,118,118,3,4,8,9,0.3,0.3
2025-04-25T1700,2478A,111.6156,26.4214,永州市,市环境监测站,,33,33,28,21,18,102,,106,106,10,8,6,10,0.5,0.5
2025-04-25T1700,2480A,111.5992,26.4364,永州市,永州市环保局,,38,38,28,22,17,99,,104,104,6,5,6,6,0.3,0.7
2025-04-25T1700,2481A,111.5989,26.4519,永州市,冷水滩区环保局,,35,34,30,21,17,112,,115,115,9,8,4,6,0.6,0.6
2025-04-25T1700,4299A,111.6195,26.2253,永州市,徐家井路86号,,36,32,31,18,17,115,,109,109,6,7,9,10,0.6,0.6
2025-04-25T1700,2638A,109.7414,38.3344,榆林市,红石峡森林公园,,,,,,,,,,,,,,,,
2025-04-25T1700,2639A,109.7456,38.2911,榆林市,世纪广场,颗粒物(PM10),54,58,72,22,25,138,,119,119,10,48,6,16,0.2,0.5
2025-04-25T1700,2640A,109.7289,38.2839,榆林市,实验中学,颗粒物(PM10),61,72,68,33,28,145,,125,125,5,41,9,18,0.3,0.5
2025-04-25T1700,2641A,109.7336,38.2478,榆林市,环保监测大楼,颗粒物(PM10),61,72,60,19,23,142,,122,122,9,44,8,15,0.4,0.7
2025-04-25T1700,2509A,110.1106,22.7019,玉林市,寒山水库,,18,11,20,11,17,56,,55,55,4,7,4,5,1.0,1
2025-04-25T1700,2511A,110.1433,22.6164,玉林市,南江一中,,26,26,24,17,20,45,,43,43,3,4,2,1,0.7,0.7
2025-04-25T1700,3532A,110.1945,22.6831,玉林市,玉林师范学院东校区,,25,25,26,17,16,37,,41,41,24,13,6,3,0.7,0.6
2025-04-25T1700,3533A,110.0527,22.5893,玉林市,福绵环保局,,18,18,22,3,16,54,,50,50,13,14,1,2,0.6,0.6
2025-04-25T1700,4255A,110.1680,22.6410,玉林市,人民东路196号,,25,25,24,16,14,42,,42,42,16,13,5,4,0.9,0.9
2025-04-25T1700,2675A,97,33.0014,玉树藏族自治州,玉树县结古镇,,42,18,10,3,4,134,,123,123,2,4,6,7,0.4,0.5
2025-04-25T1700,1715A,102.575,24.3711,玉溪市,东风水库,颗粒物(PM10),55,59,49,22,35,141,,123,123,12,16,9,10,0.6,0.7
2025-04-25T1700,2882A,102.5389,24.3703,玉溪市,玉溪一中,颗粒物(PM10),58,65,55,18,35,132,,115,115,10,21,9,9,0.5,0.6
2025-04-25T1700,2883A,102.5381,24.3389,玉溪市,文体中心,颗粒物(PM10),63,75,54,17,30,136,,116,116,8,15,8,8,0.3,0.5
2025-04-25T1700,1848A,113.1493,29.4251,岳阳市,城陵矶,颗粒物(PM10),64,78,61,38,34,141,,128,128,15,32,6,6,0.8,0.6
2025-04-25T1700,1849A,113.1497,29.3575,岳阳市,开发区,颗粒物(PM10),66,81,66,33,31,147,,136,136,7,21,6,6,0.6,0.6
2025-04-25T1700,1850A,113.2621,29.4758,岳阳市,云溪区,颗粒物(PM10),60,70,55,25,26,151,,132,132,11,14,6,7,0.5,0.5
2025-04-25T1700,1851A,112.9943,29.4402,岳阳市,君山区,颗粒物(PM10),60,69,61,35,28,149,,135,135,10,15,9,10,0.6,0.6
2025-04-25T1700,1852A,113.2117,29.355,岳阳市,金凤水库,颗粒物(PM10),61,71,53,15,22,147,,132,132,11,15,6,6,0.6,0.6
2025-04-25T1700,4265A,113.1088,29.3531,岳阳市,求索西路365号,颗粒物(PM10),60,69,50,37,26,133,,128,128,7,19,5,6,0.4,0.4
2025-04-25T1700,1712A,112.0392,22.9169,云浮市,新市府,,19,15,15,13,13,37,,42,34,19,13,5,4,0.7,0.6
2025-04-25T1700,1714A,112.0539,22.9539,云浮市,牧羊,,24,24,23,13,14,21,,25,20,22,30,4,3,0.6,0.6
2025-04-25T1700,3628A,112.0336,22.9374,云浮市,文笔,,25,25,26,14,13,39,,44,37,23,23,6,4,0.7,0.7
2025-04-25T1700,2175A,110.9956,35.0147,运城市,运城中学,颗粒物(PM10),61,72,67,22,22,162,,146,146,8,9,9,9,0.5,0.5
2025-04-25T1700,2178A,110.9686,35.0303,运城市,地区技校,颗粒物(PM10),66,81,76,20,18,158,,144,144,9,13,7,7,0.5,0.5
2025-04-25T1700,2179A,111.0414,35.1147,运城市,空港新区,颗粒物(PM10),68,86,82,27,27,162,,147,147,10,16,8,10,0.5,0.5
2025-04-25T1700,3667A,111.0283,35.0547,运城市,水利职院,颗粒物(PM10),64,77,71,32,30,162,,147,147,10,12,6,6,0.7,0.7
2025-04-25T1700,3670A,111.0522,35.0439,运城市,禹都公园,颗粒物(PM10),65,80,75,36,33,158,,144,144,6,8,8,8,0.6,0.6
2025-04-25T1700,1637A,117.558,34.8438,枣庄市,市中区政府,,,,109,,26,148,,127,127,7,25,5,6,0.3,0.4
2025-04-25T1700,1638A,117.2852,34.7837,枣庄市,薛城环保局,颗粒物(PM10),67,83,112,32,28,157,,131,131,7,19,7,8,0.3,0.4
2025-04-25T1700,1639A,117.5852,34.7745,枣庄市,峄城区政府,颗粒物(PM10),65,80,103,30,32,153,,132,132,10,21,6,8,0.3,0.4
2025-04-25T1700,1640A,117.7276,34.5578,枣庄市,台儿庄区环保局,颗粒物(PM10),57,63,88,12,19,148,,138,138,8,28,7,8,0.3,0.5
2025-04-25T1700,1641A,117.4518,35.0992,枣庄市,山亭区环保局,颗粒物(PM10),69,88,101,22,22,165,,146,146,8,11,4,5,0.6,0.6
2025-04-25T1700,3364A,117.3152,34.8103,枣庄市,市环保局,细颗粒物(PM2.5),70,85,100,51,22,153,,132,132,8,12,4,4,0.2,0.2
2025-04-25T1700,1680A,110.3539,21.2706,湛江市,湛江影剧院,,34,27,26,3,12,106,,90,90,11,11,8,11,0.5,0.4
2025-04-25T1700,1681A,110.3928,21.2228,湛江市,市环境监测站,,35,23,24,10,16,112,,91,91,5,9,8,9,0.6,0.6
2025-04-25T1700,1682A,110.4019,21.1997,湛江市,环保局宿舍,,35,13,27,7,14,111,,89,89,7,11,8,9,0.5,0.5
2025-04-25T1700,1683A,110.4111,21.2028,湛江市,霞山游泳场,,37,11,27,9,15,117,,91,91,5,9,4,5,0.4,0.4
2025-04-25T1700,1684A,110.3316,21.2679,湛江市,麻章区环保局,,34,29,30,9,17,108,,92,92,13,16,7,12,0.7,0.7
2025-04-25T1700,1685A,110.4558,21.2567,湛江市,坡头区环保局,,36,14,25,6,14,115,,91,91,8,11,2,3,0.4,0.4
2025-04-25T1700,1858A,110.5319,29.1217,张家界市,永定新区,颗粒物(PM10),53,56,67,31,33,122,,100,100,3,10,4,4,0.3,0.3
2025-04-25T1700,1859A,110.4697,29.1242,张家界市,电业局,颗粒物(PM10),53,56,68,29,30,112,,83,83,2,10,6,6,0.2,0.3
2025-04-25T1700,1860A,110.5594,29.3547,张家界市,未央路,颗粒物(PM10),51,51,53,31,30,129,,110,110,2,7,5,5,0.1,0.3
2025-04-25T1700,1861A,110.4417,29.315,张家界市,袁家界,,,,,,,,,,,,,,,,
2025-04-25T1700,1057A,114.8883,40.8336,张家口市,人民公园,,40,40,14,14,8,106,,93,93,14,9,5,3,0.4,0.4
2025-04-25T1700,1059A,114.8687,40.8042,张家口市,五金库,,40,40,23,12,7,110,,96,96,14,8,6,4,0.5,0.5
2025-04-25T1700,1060A,114.8902,40.762,张家口市,世纪豪园,,41,41,20,8,5,113,,96,96,15,10,4,3,0.4,0.4
2025-04-25T1700,1061A,114.8916,40.8661,张家口市,北泵房,,36,28,12,12,5,115,,102,102,13,8,5,4,0.2,0.2
2025-04-25T1700,3131A,114.879,40.7993,张家口市,烟厂,,36,36,22,12,6,110,,95,95,13,8,6,4,0.4,0.4
2025-04-25T1700,3323A,115.2773,40.9724,张家口市,青少年活动中心,,39,31,13,15,10,124,,113,113,5,5,8,6,0.4,0.5
2025-04-25T1700,2654A,100.4698,38.9524,张掖市,润泉湖,,41,38,55,16,21,129,,109,109,5,15,6,8,0.5,0.6
2025-04-25T1700,2655A,100.4154,38.9422,张掖市,区工会,,47,47,54,7,16,131,,112,112,4,13,8,9,0.4,0.4
2025-04-25T1700,2075A,117.6336,24.4674,漳州市,九湖,,,,,,,,,,,,,,,,
2025-04-25T1700,2920A,117.7116,24.506,漳州市,蓝田镇,,30,10,32,7,21,93,,100,100,30,23,4,4,0.5,0.6
2025-04-25T1700,3216A,114.6622,24.5183,漳州市,漳州党校,,29,12,35,7,25,90,,97,97,26,21,5,5,0.6,0.7
2025-04-25T1700,3530A,117.6296,24.5314,漳州市,西洋坪路,,29,8,24,8,17,92,,98,98,23,20,4,3,0.6,0.7
2025-04-25T1700,2596A,103.7667,27.3736,昭通市,监测站,,49,49,38,22,23,114,,96,96,8,9,9,9,0.4,0.4
2025-04-25T1700,4261A,103.7247,27.3415,昭通市,环东路146号,,37,22,21,19,22,116,,97,97,7,9,8,8,0.3,0.4
2025-04-25T1700,1397A,112.4267,23.0706,肇庆市,睦岗子站,,22,22,18,15,9,43,,55,44,22,19,6,6,0.6,0.3
2025-04-25T1700,1398A,112.4645,23.0475,肇庆市,城中子站,,25,25,22,16,12,49,,59,48,18,16,4,3,0.8,0.7
2025-04-25T1700,1399A,112.5544,23.1522,肇庆市,坑口子站,,18,18,17,12,11,26,,39,36,33,19,7,4,0.5,0.4
2025-04-25T1700,1400A,112.4753,23.1,肇庆市,七星岩子站,,,,16,,11,,,78,,,15,,6,,0.5
2025-04-25T1700,3313A,112.4575,23.0166,肇庆市,高要湖西,,32,,15,22,15,36,,53,42,29,17,4,4,0.7,0.6
2025-04-25T1700,3451A,112.5617,23.2083,肇庆市,鼎湖凤凰,,15,15,13,9,8,45,,48,45,20,14,4,3,0.5,0.6
2025-04-25T1700,1203A,119.6707,32.1875,镇江市,新区办事处,颗粒物(PM10),59,67,67,16,13,140,,123,123,20,18,11,10,0.6,0.4
2025-04-25T1700,1204A,119.4974,32.1968,镇江市,职教中心,颗粒物(PM10),60,69,68,16,16,124,,112,112,27,27,8,5,0.7,0.5
2025-04-25T1700,1205A,119.4303,32.1328,镇江市,丹徒区监测站,颗粒物(PM10),58,65,76,15,16,138,,127,127,23,23,7,6,0.8,0.6
2025-04-25T1700,2870A,119.4424,32.1873,镇江市,市疾控中心,颗粒物(PM10),59,68,65,18,16,136,,123,123,23,21,7,7,0.5,0.4
2025-04-25T1700,3287A,119.3842,32.1976,镇江市,富润路1号,颗粒物(PM10),65,79,73,19,17,145,,136,136,22,20,10,8,0.6,0.4
2025-04-25T1700,1316A,113.69031,34.76122,郑州市,烟厂,颗粒物(PM10),109,167,95,62,34,162,,149,149,14,22,6,8,0.7,0.6
2025-04-25T1700,1317A,113.65724,34.77134,郑州市,郑纺机,,,,83,,27,,,94,,,26,,11,,0.5
2025-04-25T1700,1318A,113.67526,34.80246,郑州市,银行学校,细颗粒物(PM2.5),97,126,78,72,36,168,,155,155,12,19,8,9,0.6,0.5
2025-04-25T1700,1319A,113.56746,34.81334,郑州市,供水公司,颗粒物(PM10),100,149,86,50,40,171,,153,153,17,26,9,9,0.5,0.4
2025-04-25T1700,1320A,113.7329,34.7178,郑州市,经开区管委,颗粒物(PM10),96,142,91,49,42,165,,150,150,11,32,5,7,0.6,0.5
2025-04-25T1700,1321A,113.73961,34.77172,郑州市,四十七中,颗粒物(PM10),114,177,98,65,41,166,,155,155,12,26,8,11,0.7,0.6
2025-04-25T1700,1323A,113.64164,34.7525,郑州市,河医大,颗粒物(PM10),104,158,87,55,33,158,,145,145,17,26,9,11,0.7,0.6
2025-04-25T1700,1324A,113.51488,34.91089,郑州市,岗李水库,,,,39,,21,,,,,,24,,8,,0.5
2025-04-25T1700,3471A,113.616563,34.86783,郑州市,惠济区政府,颗粒物(PM10),98,146,84,48,32,179,,159,159,9,33,7,7,0.5,0.3
2025-04-25T1700,3590A,113.8374,34.5589,郑州市,北区建设指挥部,颗粒物(PM10),98,146,89,41,29,177,,162,162,14,33,6,8,0.7,0.6
2025-04-25T1700,3591A,113.30952,34.803229,郑州市,上街区政府,颗粒物(PM10),112,173,116,60,42,179,,146,146,8,23,8,13,0.5,0.5
2025-04-25T1700,4293A,113.6051,34.7552,郑州市,计划路2号,颗粒物(PM10),78,105,74,42,32,171,,160,160,19,25,6,7,0.6,0.5
2025-04-25T1700,1379A,113.3769,22.5211,中山市,华柏园,,20,19,13,14,9,51,,61,50,29,15,7,6,0.6,0.4
2025-04-25T1700,1380A,113.3881,22.5497,中山市,张溪,,32,25,20,22,10,28,,58,45,48,17,3,2,0.7,0.4
2025-04-25T1700,1381A,113.4075,22.5111,中山市,紫马岭,,27,27,17,16,13,38,,47,41,18,14,8,7,0.4,0.4
2025-04-25T1700,1382A,113.4411,22.4853,中山市,长江旅游区,,25,22,15,17,11,49,,62,51,15,8,5,4,0.7,0.6
2025-04-25T1700,3454A,113.3528,22.478,中山市,中山南区,,19,14,11,9,7,58,,56,50,19,14,7,4,0.5,0.4
2025-04-25T1700,2680A,105.0025,37.4635,中卫市,沙坡头消防站,,,,,,,,,,,,,,,,
2025-04-25T1700,2682A,105.1971,37.5002,中卫市,环保局站,颗粒物(PM10),62,73,84,26,32,138,,106,106,10,26,10,11,0.5,0.5
2025-04-25T1700,3650A,105.1698,37.5162,中卫市,沙坡头区政府站,颗粒物(PM10),55,60,88,29,39,136,,111,111,11,22,16,17,0.4,0.4
2025-04-25T1700,1414A,106.3787,29.8279,重庆市,缙云山,颗粒物(PM10),58,65,27,19,13,80,,76,60,11,11,5,5,0.6,0.6
2025-04-25T1700,1416A,106.4213,29.8253,重庆市,天生,颗粒物(PM10),63,75,43,36,25,90,,62,62,12,25,8,8,0.5,0.5
2025-04-25T1700,1417A,106.6263,29.7228,重庆市,两路,颗粒物(PM10),61,71,50,29,27,79,,58,58,20,37,7,7,0.6,0.8
2025-04-25T1700,1418A,106.2953,29.5983,重庆市,虎溪,颗粒物(PM10),60,69,40,36,13,77,,53,53,29,25,9,6,0.8,0.6
2025-04-25T1700,1419A,106.5777,29.5102,重庆市,南坪,颗粒物(PM10),56,61,40,32,23,83,,56,56,36,24,9,7,0.8,0.5
2025-04-25T1700,1420A,106.6556,29.6277,重庆市,唐家沱,颗粒物(PM10),63,75,38,35,22,97,,67,67,16,27,10,8,0.6,0.6
2025-04-25T1700,1421A,106.6349,29.4906,重庆市,茶园,颗粒物(PM10),67,84,48,38,27,112,,63,63,23,24,11,7,0.8,0.5
2025-04-25T1700,1422A,106.3754,29.4572,重庆市,白市驿,,,73,34,31,22,66,,51,51,31,21,7,6,,0.4
2025-04-25T1700,1425A,106.6205,29.7166,重庆市,空港,颗粒物(PM10),64,78,47,39,33,87,,66,66,13,34,10,10,0.6,0.7
2025-04-25T1700,1427A,106.5616,29.6453,重庆市,礼嘉,颗粒物(PM10),64,77,42,39,26,80,,60,60,28,34,11,9,0.5,0.6
2025-04-25T1700,1428A,106.4522,29.7091,重庆市,蔡家,颗粒物(PM10),55,60,39,29,28,98,,70,70,14,19,8,8,0.5,0.5
2025-04-25T1700,1429A,106.5093,29.3917,重庆市,鱼新街,颗粒物(PM10),65,79,35,25,14,64,,42,42,29,19,6,5,0.7,0.5
2025-04-25T1700,3014A,106.4958,29.5346,重庆市,歇台子,,,63,46,23,19,88,,53,53,,30,10,8,0.6,1
2025-04-25T1700,3015A,106.4037,29.5728,重庆市,龙井湾,颗粒物(PM10),60,69,47,34,17,98,,60,60,20,21,7,6,0.6,0.5
2025-04-25T1700,3016A,106.5507,29.4153,重庆市,龙洲湾,颗粒物(PM10),63,76,35,27,12,90,,50,50,18,20,10,8,0.5,0.4
2025-04-25T1700,3133A,106.5468,29.5654,重庆市,上清寺,颗粒物(PM10),70,89,42,40,24,104,,62,62,24,37,10,7,0.7,0.6
2025-04-25T1700,3346A,108.3872,31.1628,重庆市,安康,颗粒物(PM10),60,69,49,31,25,92,,79,79,13,16,7,7,0.6,0.6
2025-04-25T1700,3347A,105.9017,29.3569,重庆市,北山路,颗粒物(PM10),51,52,38,12,19,62,,61,61,31,24,3,3,0.6,0.7
2025-04-25T1700,3350A,106.6479,29.0244,重庆市,滩子口,颗粒物(PM10),57,64,39,36,22,69,,56,56,16,13,11,10,0.5,0.5
2025-04-25T1700,3351A,105.7167,29.7076,重庆市,棠香,颗粒物(PM10),53,55,43,35,26,73,,65,65,18,15,8,6,0.6,0.5
2025-04-25T1700,3352A,107.0732,29.8617,重庆市,桃源西路,颗粒物(PM10),51,51,48,34,30,79,,53,53,9,19,3,4,0.7,0.7
2025-04-25T1700,3353A,107.3535,29.7287,重庆市,迎宾大道,,48,48,45,32,23,66,,46,46,18,22,9,7,0.6,0.4
2025-04-25T1700,3354A,108.815,29.5081,重庆市,舟白,颗粒物(PM10),59,68,44,34,22,74,,61,61,12,7,7,7,0.3,0.2
2025-04-25T1700,3355A,108.3679,30.8426,重庆市,周家坝,细颗粒物(PM2.5),59,52,40,42,29,76,,81,81,24,26,9,14,0.5,0.5
2025-04-25T1700,3356A,108.4319,30.7555,重庆市,百安坝,颗粒物(PM10),60,70,46,38,30,89,,79,79,8,10,14,15,0.3,0.4
2025-04-25T1700,3482A,107.7541,29.3277,重庆市,芙蓉中路,,49,49,45,25,23,57,,27,27,9,15,7,9,0.4,0.5
2025-04-25T1700,3483A,108.7661,29.5368,重庆市,西山,颗粒物(PM10),58,65,41,24,18,83,,67,67,8,12,6,6,0.4,0.4
2025-04-25T1700,3484A,106.2628,29.32,重庆市,行政中心,颗粒物(PM10),61,71,48,24,17,52,,50,50,39,26,10,10,0.6,0.6
2025-04-25T1700,3599A,106.2649,29.9851,重庆市,书院路,细颗粒物(PM2.5),74,73,49,54,34,70,,64,64,15,18,7,5,0.7,0.7
2025-04-25T1700,3600A,106.2339,29.5559,重庆市,虎峰,颗粒物(PM10),81,111,46,54,24,77,,60,60,32,15,10,8,0.6,0.2
2025-04-25T1700,3601A,106.0499,29.8342,重庆市,龙门街,细颗粒物(PM2.5),59,50,38,42,26,77,,60,60,28,19,12,10,0.7,0.4
2025-04-25T1700,3610A,105.5933,29.4105,重庆市,昌元,,37,37,37,11,19,78,,67,67,14,16,6,6,0.5,0.5
2025-04-25T1700,4223A,106.4686,29.4893,重庆市,双山路147号,颗粒物(PM10),67,84,49,39,23,83,,52,52,34,32,5,4,0.6,0.5
2025-04-25T1700,4246A,105.8340,30.1886,重庆市,桃园路24号,细颗粒物(PM2.5),63,58,45,45,30,74,,63,63,14,11,16,10,0.6,0.5
2025-04-25T1700,4247A,107.0910,29.1540,重庆市,钟楼街32号,颗粒物(PM10),60,70,35,22,18,84,,56,56,8,16,6,9,0.3,0.4
2025-04-25T1700,4248A,107.8043,30.6735,重庆市,人民南路309号,颗粒物(PM10),54,57,59,29,34,81,,78,78,8,16,7,7,0.5,0.5
2025-04-25T1700,1258A,122.122,30.0203,舟山市,定海檀枫,颗粒物(PM10),56,62,62,36,31,139,,108,108,15,26,6,6,0.6,0.8
2025-04-25T1700,1260A,122.19,29.9944,舟山市,临城新区,颗粒物(PM10),58,66,56,31,27,147,,114,114,14,33,4,4,0.7,0.9
2025-04-25T1700,4033A,122.3123,29.9619,舟山市,普陀东港中学,颗粒物(PM10),64,78,61,21,29,149,,112,112,12,37,6,6,0.6,0.7
2025-04-25T1700,2068A,114.6758,33.6347,周口市,周口师范,颗粒物(PM10),118,185,100,38,30,147,,130,130,8,16,4,7,0.6,0.5
2025-04-25T1700,4269A,114.6701,33.6167,周口市,七一路,颗粒物(PM10),88,125,91,34,31,144,,128,128,5,16,7,10,0.6,0.5
2025-04-25T1700,4296A,114.6421,33.6417,周口市,健康路46号,颗粒物(PM10),85,119,97,33,27,151,,136,136,6,16,3,6,0.9,0.8
2025-04-25T1700,4297A,114.649,33.596,周口市,太昊路,颗粒物(PM10),92,134,100,36,25,134,,121,121,8,19,7,9,0.7,0.6
2025-04-25T1700,1515A,113.135,27.8244,株洲市,天台山庄,,45,26,29,11,17,142,,123,123,7,13,5,6,0.4,0.5
2025-04-25T1700,1518A,113.095,27.8867,株洲市,株冶医院,,44,28,25,19,17,140,,122,122,8,13,6,5,0.2,0.4
2025-04-25T1700,1519A,113.167,27.8667,株洲市,市四中,,45,30,29,16,19,141,,121,121,6,9,4,3,0.5,0.6
2025-04-25T1700,1520A,113.143,27.8381,株洲市,火车站,,43,28,28,12,16,135,,120,120,8,12,6,7,0.6,0.7
2025-04-25T1700,1524A,113.13,27.8528,株洲市,市监测站,,44,28,33,15,22,140,,120,120,3,12,5,5,0.5,0.7
2025-04-25T1700,1559A,113.251,27.8336,株洲市,大京风景区,,45,25,18,21,13,142,,126,126,4,4,4,4,0.3,0.4
2025-04-25T1700,2031A,113.1817,27.9958,株洲市,云田中学,,46,24,24,18,15,146,,127,127,6,8,8,7,0.5,0.6
2025-04-25T1700,1367A,113.5814,22.2618,珠海市,吉大,颗粒物(PM10),83,116,65,56,37,31,,54,47,11,16,6,7,0.1,0.2
2025-04-25T1700,1368A,113.4881,22.2335,珠海市,前山,,15,15,21,7,10,42,,60,46,22,14,6,7,0.5,0.5
2025-04-25T1700,1369A,113.628,22.4251,珠海市,唐家,,29,28,18,20,10,46,,78,55,8,9,4,5,0.3,0.3
2025-04-25T1700,1370A,113.299,22.2281,珠海市,斗门,,22,22,18,8,8,50,,62,49,16,13,6,6,0.4,0.4
2025-04-25T1700,3308A,113.3494,22.0569,珠海市,金湾,,21,12,17,3,9,67,,70,57,15,13,8,8,0.8,0.6
2025-04-25T1700,3448A,113.5433,22.1163,珠海市,横琴,,18,18,20,12,11,38,,74,54,14,8,7,7,0.6,0.6
2025-04-25T1700,2420A,114.0189,32.9656,驻马店市,市一纸厂,颗粒物(PM10),88,125,86,35,28,149,,132,132,9,29,3,5,0.4,0.4
2025-04-25T1700,2421A,114.0114,33.015,驻马店市,市彩印厂,颗粒物(PM10),77,104,89,35,26,152,,136,136,9,16,3,6,0.4,0.4
2025-04-25T1700,3339A,114.0012,33.0412,驻马店市,小管楼,颗粒物(PM10),77,104,86,39,27,153,,139,139,11,25,7,9,0.3,0.3
2025-04-25T1700,4202A,113.9856,32.9802,驻马店市,交通路1233号,颗粒物(PM10),89,127,87,31,28,149,,135,135,12,27,5,6,0.3,0.2
2025-04-25T1700,2561A,104.6617,30.1372,资阳市,莲花山,,29,,38,17,23,91,,68,68,7,9,6,6,0.9,0.9
2025-04-25T1700,2562A,104.6356,30.1506,资阳市,资阳中学,颗粒物(PM10),61,71,44,22,27,96,,72,72,9,12,7,7,0.2,0.2
2025-04-25T1700,2563A,104.6295,30.1383,资阳市,四三一厂,,32,25,45,3,20,100,,77,77,9,12,8,8,0.5,0.5
2025-04-25T1700,2564A,104.6463,30.1146,资阳市,师范校,,33,33,48,16,22,90,,66,66,9,14,4,4,0.6,0.6
2025-04-25T1700,2565A,104.6296,30.1256,资阳市,区法院,,32,32,44,12,23,95,,70,70,10,11,2,3,0.5,0.5
2025-04-25T1700,1631A,118.0414,36.8103,淄博市,人民公园,颗粒物(PM10),65,80,87,27,30,171,,154,154,9,32,10,18,0.4,0.9
2025-04-25T1700,1633A,117.8525,36.4847,淄博市,双山,颗粒物(PM10),61,72,66,22,20,156,,141,141,10,26,8,11,0.5,0.6
2025-04-25T1700,1634A,117.9592,36.6331,淄博市,气象站,颗粒物(PM10),62,73,71,41,26,148,,134,134,7,24,10,15,0.4,0.5
2025-04-25T1700,3363A,117.9883,36.8372,淄博市,新区,臭氧1小时,65,78,67,24,22,172,,154,154,16,39,6,9,0.5,0.7
2025-04-25T1700,3644A,117.8661,36.805,淄博市,三金集团,颗粒物(PM10),67,83,81,17,24,157,,143,143,11,29,10,13,0.5,0.7
2025-04-25T1700,3645A,118.0253,36.8406,淄博市,东风化工厂,颗粒物(PM10),72,94,80,24,24,170,,150,150,13,34,8,12,0.5,0.7
2025-04-25T1700,4212A,118.3039,36.8271,淄博市,广场路1号,臭氧1小时,69,83,54,34,23,175,,146,146,27,35,15,17,0.5,1
2025-04-25T1700,3028A,104.776,29.3627,自贡市,檀木林体育馆,,33,33,48,16,23,103,,70,70,7,14,9,9,0.1,0.1
2025-04-25T1700,3360A,104.7894,29.3194,自贡市,南湖救助站,,33,33,44,14,21,102,,69,69,10,17,3,3,0.5,0.4
2025-04-25T1700,3638A,104.7636,29.3338,自贡市,轻化工大学,,46,46,51,22,24,102,,69,69,7,16,7,7,0.6,0.7
2025-04-25T1700,4225A,104.7143,29.3386,自贡市,贡兴路74号,,36,36,44,18,18,95,,67,67,14,17,6,6,0.2,0.2
2025-04-25T1700,1911A,106.9222,27.6869,遵义市,丁字口,,47,47,34,20,14,94,,83,83,6,10,2,2,0.3,0.4
2025-04-25T1700,1912A,106.9242,27.7019,遵义市,凤凰山,颗粒物(PM10),51,51,35,31,23,88,,76,76,7,12,6,6,0.3,0.4
2025-04-25T1700,1913A,106.8906,27.6486,遵义市,忠庄,,49,49,30,21,15,97,,84,84,5,11,3,2,0.2,0.2
2025-04-25T1700,1914A,106.9231,27.6506,遵义市,舟水桥,,49,49,37,20,22,106,,93,93,4,14,1,2,0.4,0.5
2025-04-25T1700,1915A,106.9178,27.72,遵义市,干田坝,颗粒物(PM10),51,51,24,20,15,90,,80,80,5,9,4,4,0.4,0.4
2025-04-25T1700,4245A,106.8609,27.5969,遵义市,遵南大道1161号,,48,48,32,20,16,102,,94,94,5,9,2,4,0.3,0.2
