timepoint,stationcode,longitude,latitude,area,positionname,primarypollutant,aqi,pm10,pm10_24h,pm2_5,pm2_5_24h,o3,o3_24h,o3_8h,o3_8h_24h,no2,no2_24h,so2,so2_24h,co,co_24h
2026-03-05T0600,2568A,102.2503,31.8896,阿坝藏族羌族自治州,马师校,,23,23,23,6,9,36,36,NA,NA,4,5,5,5,0.3,0.4
2026-03-05T0600,3994A,102.2174,31.9016,阿坝藏族羌族自治州,马尔康中学西区,,17,17,25,7,9,36,36,NA,NA,6,6,6,6,0.3,0.4
2026-03-05T0600,2695A,80.2899,41.1684,阿克苏地区,电视台,颗粒物(PM10),169,287,326,108,104,13,13,NA,NA,51,34,4,5,2.8,1.8
2026-03-05T0600,2696A,80.2592,41.1541,阿克苏地区,艺术中心,细颗粒物(PM2.5),175,286,307,132,103,7,7,NA,NA,69,42,6,6,2.1,1.2
2026-03-05T0600,2205A,105.699,38.8409,阿拉善盟,蒙二幼,颗粒物(PM10),63,67,90,18,26,89,89,NA,NA,4,9,10,11,0.4,0.5
2026-03-05T0600,2206A,105.7198,38.8508,阿拉善盟,环保局新楼,颗粒物(PM10),61,65,81,17,24,84,84,NA,NA,3,5,8,8,0.4,0.4
2026-03-05T0600,2708A,88.1266,47.8515,阿勒泰地区,市站,,28,6,8,3,2,87,87,NA,NA,5,20,3,4,0.4,0.4
2026-03-05T0600,4166A,88.1198,47.7931,阿勒泰地区,阿勒泰路33号,,26,6,9,3,3,83,83,NA,NA,8,14,8,7,0.3,0.3
2026-03-05T0600,2630A,80.1171,32.4999,阿里地区,阿里监测站,,15,11,15,3,7,45,45,NA,NA,13,7,10,9,0.4,0.3
2026-03-05T0600,3192A,80.0906,32.5029,阿里地区,阿里藏医院,,19,11,11,3,3,58,58,NA,NA,7,5,11,8,0.3,0.2
2026-03-05T0600,2644A,109.0088,32.6974,安康市,汉滨区检察院,,48,45,39,33,27,71,71,NA,NA,7,11,3,3,0.5,0.6
2026-03-05T0600,4054A,109.0324,32.6913,安康市,市邮政管理局,,46,42,38,32,27,66,66,NA,NA,9,14,4,5,0.7,0.8
2026-03-05T0600,2291A,117.0806,30.5181,安庆市,环科院,"颗粒物(PM10),细颗粒物(PM2.5)",56,58,76,38,56,45,45,NA,NA,8,15,7,7,0.6,0.8
2026-03-05T0600,2292A,117.0331,30.5118,安庆市,马山宾馆,细颗粒物(PM2.5),66,57,77,43,60,42,42,NA,NA,15,19,6,5,0.7,0.8
2026-03-05T0600,2294A,116.9897,30.6146,安庆市,安庆大学,,47,47,67,30,47,48,48,NA,NA,10,10,4,4,0.5,0.7
2026-03-05T0600,3173A,117.0598,30.5351,安庆市,市人大,颗粒物(PM10),58,61,75,35,53,47,47,NA,NA,14,17,6,6,0.6,0.8
2026-03-05T0600,3123A,105.9408,26.2431,安顺市,凤凰山,,25,19,25,17,23,59,59,NA,NA,7,11,11,15,0.5,0.6
2026-03-05T0600,3124A,105.9443,26.2567,安顺市,金钟山,,25,20,23,17,22,61,61,NA,NA,5,8,11,15,0.6,0.6
2026-03-05T0600,3125A,105.8983,26.248,安顺市,娄家坡,,26,NA,25,18,22,58,58,NA,NA,7,11,15,16,0.5,0.6
2026-03-05T0600,1819A,114.3552,36.1017,安阳市,红庙街,细颗粒物(PM2.5),101,NA,79,61,89,27,27,NA,NA,20,21,1,1,0.8,1
2026-03-05T0600,1820A,114.361,36.0681,安阳市,银杏小区,细颗粒物(PM2.5),108,NA,82,68,92,28,28,NA,NA,22,21,2,2,0.9,1.1
2026-03-05T0600,3141A,114.3921,36.0879,安阳市,信访局,细颗粒物(PM2.5),108,NA,85,68,89,25,25,NA,NA,19,19,3,2,0.8,1.1
2026-03-05T0600,3669A,114.4706,36.0634,安阳市,左辅环卫站,细颗粒物(PM2.5),129,103,111,91,87,24,24,NA,NA,23,18,3,2,0.9,1
2026-03-05T0600,4117A,114.2918,36.0769,安阳市,钢三路198号,NA,NA,73,109,57,91,32,32,NA,NA,20,22,NA,1,0.9,1.1
2026-03-05T0600,1748A,123.0441,41.1201,鞍山市,深沟寺,细颗粒物(PM2.5),78,60,69,49,61,36,36,NA,NA,32,30,9,9,1.0,0.8
2026-03-05T0600,1749A,123.011,41.0931,鞍山市,太阳城,细颗粒物(PM2.5),88,56,60,54,60,39,39,NA,NA,30,29,11,11,0.9,0.9
2026-03-05T0600,1750A,123.0483,41.1445,鞍山市,太平,细颗粒物(PM2.5),78,62,80,49,64,38,38,NA,NA,30,27,12,12,1.1,0.9
2026-03-05T0600,1751A,122.964,41.0968,鞍山市,铁西三道街,细颗粒物(PM2.5),102,69,71,62,64,25,25,NA,NA,52,37,26,17,1.9,1.1
2026-03-05T0600,1753A,123.0219,41.0822,鞍山市,明达新区,细颗粒物(PM2.5),82,57,61,51,58,41,41,NA,NA,27,29,12,12,0.9,0.7
2026-03-05T0600,4201A,122.944647,41.082639,鞍山市,兴盛南路290号,细颗粒物(PM2.5),102,72,68,62,65,19,19,NA,NA,56,42,18,18,1.8,1.3
2026-03-05T0600,2195A,107.4206,40.7609,巴彦淖尔市,附二中,,28,28,131,6,39,70,70,NA,NA,3,9,7,9,0.3,0.4
2026-03-05T0600,2196A,107.37,40.7372,巴彦淖尔市,市环保大楼,NA,NA,31,127,7,39,72,72,NA,NA,4,10,NA,8,0.3,0.4
2026-03-05T0600,1956A,86.1476,41.7529,巴音郭楞蒙古自治州,孔雀公园,颗粒物(PM10),93,110,160,39,44,1,1,NA,NA,83,36,10,9,0.8,0.5
2026-03-05T0600,1957A,86.1971,41.7166,巴音郭楞蒙古自治州,棉纺厂,颗粒物(PM10),88,102,159,28,42,35,35,NA,NA,26,31,/,/,/,/
2026-03-05T0600,1958A,86.236,41.7172,巴音郭楞蒙古自治州,经济开发区,颗粒物(PM10),70,78,129,10,24,36,36,NA,NA,13,20,5,6,0.3,0.4
2026-03-05T0600,3181A,106.776805,31.852614,巴中市,市五中,,35,32,35,24,31,17,17,NA,NA,19,19,8,8,0.8,0.9
2026-03-05T0600,3183A,106.7419,31.8654,巴中市,圣泉水务公司,,33,27,32,23,27,42,42,NA,NA,7,15,8,8,0.9,1.1
2026-03-05T0600,3616A,106.7617,31.8343,巴中市,市中心医院,,42,36,40,29,29,14,14,NA,NA,18,20,8,8,0.8,0.9
2026-03-05T0600,2235A,122.7909,45.608,白城市,洮北区环保局,,26,20,36,18,33,56,56,NA,NA,10,15,6,6,0.2,0.5
2026-03-05T0600,2236A,122.8741,45.5725,白城市,市环保局,,36,36,38,19,25,52,52,NA,NA,14,20,6,7,0.5,0.5
2026-03-05T0600,2231A,126.4219,41.9172,白山市,喜丰,细颗粒物(PM2.5),66,55,43,43,25,64,64,NA,NA,10,9,11,8,0.8,0.7
2026-03-05T0600,2232A,126.4082,41.9416,白山市,环保局,,35,35,36,24,23,61,61,NA,NA,10,8,9,8,0.6,0.6
2026-03-05T0600,2647A,104.1727,36.5448,白银市,第三小学,颗粒物(PM10),70,77,192,32,52,68,68,NA,NA,7,9,44,21,0.5,0.4
2026-03-05T0600,2648A,104.1467,36.5482,白银市,动力公司,颗粒物(PM10),74,83,182,32,45,43,43,NA,NA,21,9,14,16,0.7,0.7
2026-03-05T0600,2512A,106.6102,23.901,百色市,市监测站,细颗粒物(PM2.5),52,50,30,36,20,17,17,NA,NA,25,17,15,11,0.7,0.6
2026-03-05T0600,2513A,106.6524,23.8842,百色市,市中心血站,细颗粒物(PM2.5),58,51,39,39,24,31,31,NA,NA,23,21,16,13,0.9,0.8
2026-03-05T0600,4133A,106.6273,23.8798,百色市,龙景西路,NA,NA,NA,36,NA,25,NA,NA,72,NA,NA,17,NA,15,NA,0.7
2026-03-05T0600,2270A,117.396,32.9389,蚌埠市,工人疗养院,细颗粒物(PM2.5),60,49,52,40,35,26,26,NA,NA,21,17,3,3,0.6,0.6
2026-03-05T0600,2271A,117.3606,32.9428,蚌埠市,百货大楼,,50,50,51,34,32,32,32,NA,NA,14,14,5,5,0.5,0.6
2026-03-05T0600,2273A,117.4183,32.8909,蚌埠市,蚌埠学院,细颗粒物(PM2.5),52,41,42,36,34,12,12,NA,NA,36,21,3,3,0.5,0.5
2026-03-05T0600,2274A,117.3534,32.9672,蚌埠市,淮上区政府,细颗粒物(PM2.5),54,41,48,37,37,27,27,NA,NA,19,15,4,4,0.6,0.6
2026-03-05T0600,2275A,117.3143,32.8977,蚌埠市,高新区,,50,39,44,35,35,29,29,NA,NA,20,23,5,5,0.6,0.6
2026-03-05T0600,3715A,117.3091,32.9314,蚌埠市,蚌埠田家炳中学,细颗粒物(PM2.5),52,50,55,36,35,25,25,NA,NA,22,16,4,3,0.5,0.5
2026-03-05T0600,1585A,109.8761,40.6533,包头市,市环境监测站,颗粒物(PM10),101,121,120,13,42,83,83,NA,NA,6,35,4,16,0.4,1.2
2026-03-05T0600,1587A,109.9992,40.5843,包头市,包头八中,颗粒物(PM10),90,106,124,34,50,69,69,NA,NA,8,38,7,17,0.2,0.7
2026-03-05T0600,1589A,109.8641,40.6288,包头市,惠龙物流,颗粒物(PM10),101,122,118,17,50,86,86,NA,NA,4,35,5,22,0.3,1.2
2026-03-05T0600,1590A,110.0376,40.5546,包头市,东河鸿龙湾,颗粒物(PM10),102,123,116,35,45,40,40,NA,NA,28,45,10,16,0.5,0.8
2026-03-05T0600,3283A,109.9154,40.5684,包头市,滨河大厦,颗粒物(PM10),105,133,122,40,49,68,68,NA,NA,19,38,9,16,0.6,0.9
2026-03-05T0600,3419A,109.9449,40.6259,包头市,包头市委党校,颗粒物(PM10),92,108,108,44,40,72,72,NA,NA,8,36,8,17,0.3,0.9
2026-03-05T0600,3683A,109.8332,40.6577,包头市,昆区政府,颗粒物(PM10),90,105,111,15,49,85,85,NA,NA,6,38,6,20,0.3,1.4
2026-03-05T0600,1931A,107.0802,34.3129,宝鸡市,竹园沟,颗粒物(PM10),68,75,69,16,68,52,52,NA,NA,9,16,6,6,0.3,0.6
2026-03-05T0600,1933A,107.1429,34.3549,宝鸡市,监测站,颗粒物(PM10),70,78,75,34,66,19,19,NA,NA,17,20,5,5,0.4,0.7
2026-03-05T0600,1934A,107.1172,34.3759,宝鸡市,技工学校,颗粒物(PM10),68,75,83,37,70,25,25,NA,NA,16,20,7,5,0.6,0.8
2026-03-05T0600,1936A,107.2025,34.3518,宝鸡市,文理学院,"颗粒物(PM10),细颗粒物(PM2.5)",78,89,80,49,71,23,23,NA,NA,18,23,5,4,0.7,0.9
2026-03-05T0600,1937A,107.2396,34.3626,宝鸡市,三迪小学,颗粒物(PM10),84,97,88,50,80,10,10,NA,NA,32,26,4,5,0.7,0.9
2026-03-05T0600,4155A,107.1721,34.3558,宝鸡市,滨河北路,细颗粒物(PM2.5),88,76,82,54,72,17,17,NA,NA,18,20,6,5,0.8,0.9
2026-03-05T0600,4308A,107.3898,34.3601,宝鸡市,陈仓区北开路21号,细颗粒物(PM2.5),109,114,93,69,79,3,3,NA,NA,45,31,9,9,0.7,0.8
2026-03-05T0600,1051A,115.4803,38.8568,保定市,游泳馆,细颗粒物(PM2.5),68,54,78,44,75,49,49,NA,NA,14,20,3,3,0.4,0.6
2026-03-05T0600,1052A,115.509,38.8895,保定市,华电二区,,49,49,69,34,67,47,47,NA,NA,14,20,2,2,0.8,1
2026-03-05T0600,1053A,115.4588,38.9037,保定市,接待中心,细颗粒物(PM2.5),52,48,78,36,68,46,46,NA,NA,10,16,1,1,0.3,0.6
2026-03-05T0600,1054A,115.4484,38.8344,保定市,地表水厂,NA,NA,56,82,28,64,NA,NA,NA,NA,15,20,4,4,0.3,0.5
2026-03-05T0600,3581A,115.3136,38.9511,保定市,满城区生态环境分局,颗粒物(PM10),55,56,86,29,68,46,46,NA,NA,19,25,4,3,0.2,0.5
2026-03-05T0600,3582A,115.4709,38.7628,保定市,清苑区第二中学,细颗粒物(PM2.5),54,48,85,37,67,45,45,NA,NA,13,21,3,4,0.5,0.7
2026-03-05T0600,3583A,115.6231,39.0223,保定市,徐水物探局,细颗粒物(PM2.5),58,43,86,39,73,51,51,NA,NA,13,22,4,4,0.6,0.7
2026-03-05T0600,4004A,115.4199,38.8665,保定市,双鹰农机,颗粒物(PM10),55,56,101,36,73,56,56,NA,NA,15,22,4,3,0.5,0.8
2026-03-05T0600,4034A,115.515,38.8589,保定市,植保所站,细颗粒物(PM2.5),64,58,84,42,69,48,48,NA,NA,16,24,3,3,0.4,0.6
2026-03-05T0600,2594A,99.1589,25.1137,保山市,市环境监测站,细颗粒物(PM2.5),88,56,55,54,41,91,91,NA,NA,9,10,4,3,0.2,0.1
2026-03-05T0600,2595A,99.1616,25.1381,保山市,市环保局,细颗粒物(PM2.5),94,70,63,57,45,107,107,NA,NA,5,7,4,4,0.5,0.5
2026-03-05T0600,1867A,109.1435,21.4085,北海市,海滩公园,,26,26,25,14,13,24,24,NA,NA,13,12,3,3,1.1,1.1
2026-03-05T0600,1868A,109.0983,21.466,北海市,新市环保局,,26,26,21,9,13,27,27,NA,NA,12,11,7,6,0.8,0.8
2026-03-05T0600,1869A,109.1775,21.5232,北海市,北海工业园,,26,22,24,18,17,22,22,NA,NA,9,10,5,6,0.7,0.7
2026-03-05T0600,3400A,109.1844,21.4396,北海市,龙潭自来水厂,,31,31,21,17,16,20,20,NA,NA,9,8,8,9,0.8,0.8
2026-03-05T0600,1001A,116.3611,39.8786,北京市,万寿西宫,细颗粒物(PM2.5),88,64,85,54,64,42,42,NA,NA,26,20,1,1,0.7,0.8
2026-03-05T0600,1003A,116.4174,39.9289,北京市,东四,细颗粒物(PM2.5),88,67,83,54,62,35,35,NA,NA,21,21,4,4,0.8,0.8
2026-03-05T0600,1004A,116.4073,39.8858,北京市,天坛,细颗粒物(PM2.5),78,58,79,49,60,24,24,NA,NA,26,20,2,2,0.8,0.8
2026-03-05T0600,1005A,116.4622,39.9364,北京市,农展馆,细颗粒物(PM2.5),92,65,78,56,60,34,34,NA,NA,25,15,4,4,0.8,0.8
2026-03-05T0600,1006A,116.3399,39.9293,北京市,官园,细颗粒物(PM2.5),80,58,79,50,63,37,37,NA,NA,22,18,3,4,0.7,0.9
2026-03-05T0600,1007A,116.2879,39.9613,北京市,海淀万柳,细颗粒物(PM2.5),62,52,71,41,58,43,43,NA,NA,21,24,2,3,0.7,0.8
2026-03-05T0600,1008A,116.6635,40.1349,北京市,顺义新城,细颗粒物(PM2.5),62,52,67,41,45,61,61,NA,NA,8,11,3,3,0.5,0.5
2026-03-05T0600,1009A,116.6275,40.327,北京市,怀柔镇,细颗粒物(PM2.5),64,52,55,42,39,45,45,NA,NA,20,17,4,4,0.6,0.6
2026-03-05T0600,1010A,116.2295,40.217,北京市,昌平镇,细颗粒物(PM2.5),70,52,63,45,45,35,35,NA,NA,22,20,2,2,0.8,0.8
2026-03-05T0600,1011A,116.3968,39.982,北京市,奥体中心,细颗粒物(PM2.5),80,62,82,50,58,38,38,NA,NA,19,18,3,3,0.7,0.8
2026-03-05T0600,3418A,116.8336,40.4095,北京市,密云新城,细颗粒物(PM2.5),60,51,50,40,35,42,42,NA,NA,9,10,2,2,0.6,0.5
2026-03-05T0600,3671A,116.0879,39.9725,北京市,门头沟三家店,细颗粒物(PM2.5),72,57,58,46,44,37,37,NA,NA,22,23,3,3,0.7,0.7
2026-03-05T0600,3672A,116.1507,39.8246,北京市,丰台云岗,细颗粒物(PM2.5),56,46,83,38,65,51,51,NA,NA,18,22,2,2,0.8,1
2026-03-05T0600,3674A,115.9578,39.7602,北京市,房山燕山,细颗粒物(PM2.5),68,50,76,44,64,59,59,NA,NA,14,20,3,3,0.7,0.8
2026-03-05T0600,3675A,116.4669,39.7734,北京市,大兴旧宫,细颗粒物(PM2.5),78,66,84,49,60,41,41,NA,NA,24,18,3,3,0.8,0.8
2026-03-05T0600,3694A,115.9859,40.4562,北京市,延庆石河营,细颗粒物(PM2.5),74,53,58,47,45,47,47,NA,NA,15,16,1,1,0.6,0.6
2026-03-05T0600,3695A,116.6151,40.3052,北京市,怀柔新城,细颗粒物(PM2.5),62,51,57,41,42,54,54,NA,NA,8,13,2,3,0.6,0.6
2026-03-05T0600,3696A,116.2542,39.8764,北京市,丰台小屯,细颗粒物(PM2.5),64,52,86,42,67,37,37,NA,NA,29,24,3,3,0.6,0.7
2026-03-05T0600,3697A,116.8399,40.3843,北京市,密云镇,细颗粒物(PM2.5),70,55,49,45,35,42,42,NA,NA,15,10,3,3,0.6,0.6
2026-03-05T0600,4057A,115.9423,40.4431,北京市,延庆百泉,细颗粒物(PM2.5),74,53,52,47,41,40,40,NA,NA,15,16,3,3,0.6,0.6
2026-03-05T0600,4058A,116.6598,39.9164,北京市,通州新华,细颗粒物(PM2.5),80,64,76,50,55,50,50,NA,NA,18,21,3,2,0.7,0.7
2026-03-05T0600,4182A,116.1942,39.9158,北京市,石景山八角,细颗粒物(PM2.5),58,53,76,39,52,40,40,NA,NA,13,14,3,4,0.4,0.6
2026-03-05T0600,4194A,117.078628,40.151726,北京市,平谷新城,细颗粒物(PM2.5),68,53,63,44,44,59,59,NA,NA,15,19,2,3,0.5,0.5
2026-03-05T0600,1761A,123.8274146,41.31234549,本溪市,大峪,颗粒物(PM10),52,52,59,32,45,34,34,NA,NA,30,24,9,10,0.9,0.8
2026-03-05T0600,1763A,123.7169,41.3094,本溪市,彩屯,细颗粒物(PM2.5),74,59,62,47,51,48,48,NA,NA,25,25,11,8,1.0,1.1
2026-03-05T0600,1764A,123.7672166,41.28649327,本溪市,东明,细颗粒物(PM2.5),62,49,57,41,48,39,39,NA,NA,22,20,9,8,1.4,1.3
2026-03-05T0600,1765A,123.799345,41.266614,本溪市,新立屯,细颗粒物(PM2.5),52,49,51,36,43,32,32,NA,NA,21,18,6,6,0.9,0.9
2026-03-05T0600,1766A,123.829144,41.336777,本溪市,威宁,颗粒物(PM10),56,58,83,37,47,29,29,NA,NA,30,30,5,5,0.8,0.7
2026-03-05T0600,2587A,105.287,27.3133,毕节市,八中,颗粒物(PM10),55,56,38,33,22,43,43,NA,NA,9,12,10,12,0.8,0.8
2026-03-05T0600,2588A,105.3079,27.2987,毕节市,师专,NA,NA,48,63,35,51,58,58,NA,NA,NA,17,5,8,0.4,0.6
2026-03-05T0600,4263A,105.3688,27.3598,毕节市,工业大道,细颗粒物(PM2.5),62,50,31,41,20,46,46,NA,NA,10,12,12,12,/,/
2026-03-05T0600,1629A,117.9961,37.3604,滨州市,第二水厂,细颗粒物(PM2.5),132,112,101,95,83,17,17,NA,NA,29,23,8,10,1.0,0.8
2026-03-05T0600,1630A,117.9789,37.3931,滨州市,北中新校,细颗粒物(PM2.5),136,117,107,99,82,18,18,NA,NA,33,28,10,11,1.1,0.9
2026-03-05T0600,3514A,117.9379,37.3959,滨州市,中海酒店,细颗粒物(PM2.5),137,124,106,100,83,15,15,NA,NA,39,28,8,8,1.0,0.8
2026-03-05T0600,3515A,117.9381509,37.35547456,滨州市,开发区一中,细颗粒物(PM2.5),135,117,106,98,81,13,13,NA,NA,29,20,12,13,1.1,0.9
2026-03-05T0600,3516A,118.0914,37.6938,滨州市,金海六路,细颗粒物(PM2.5),140,110,107,103,94,14,14,NA,NA,32,21,6,5,1.2,1.1
2026-03-05T0600,4028A,117.9955,37.3752,滨州市,滨州市西街道办事处,细颗粒物(PM2.5),128,102,103,90,83,18,18,NA,NA,24,19,12,12,0.8,0.6
2026-03-05T0600,2311A,115.8071,33.8399,亳州市,污水处理厂,,50,45,59,35,45,40,40,NA,NA,14,14,3,4,0.2,0.3
2026-03-05T0600,2312A,115.7789,33.8519,亳州市,三国揽胜宫,NA,NA,52,70,40,51,37,37,NA,NA,NA,12,4,4,0.3,0.4
2026-03-05T0600,3332A,115.7631,33.803,亳州市,亳州学院,,49,49,63,33,44,42,42,NA,NA,17,14,4,3,0.3,0.3
2026-03-05T0600,2693A,82.0482,44.8553,博尔塔拉蒙古自治州,市党校,颗粒物(PM10),52,52,51,23,21,60,60,NA,NA,12,16,2,3,0.5,0.5
2026-03-05T0600,2694A,82.0805,44.8966,博尔塔拉蒙古自治州,市环保局,颗粒物(PM10),68,75,56,24,23,80,80,NA,NA,8,14,5,2,0.3,1.5
2026-03-05T0600,1071A,116.8733,38.2922,沧州市,沧县城建局,NA,NA,42,82,37,70,62,62,NA,NA,9,21,NA,3,0.2,0.5
2026-03-05T0600,1072A,116.8462,38.3189,沧州市,电视转播站,,42,39,78,29,70,61,61,NA,NA,16,23,1,2,0.4,0.6
2026-03-05T0600,1073A,116.8588,38.3161,沧州市,市环保局,,43,40,84,30,76,59,59,NA,NA,11,20,2,3,0.3,0.6
2026-03-05T0600,3324A,116.8011,38.294,沧州市,河北水利电力学院,,48,NA,76,33,70,60,60,NA,NA,10,18,3,4,0.3,0.7
2026-03-05T0600,2622A,97.1813,31.1289,昌都市,昌都监测站,,14,14,41,3,17,44,44,NA,NA,4,20,3,4,0.4,0.7
2026-03-05T0600,3719A,97.1707,31.1428,昌都市,昌都会议中心,,15,12,20,6,9,48,48,NA,NA,3,6,6,5,0.4,0.4
2026-03-05T0600,2692A,87.2722,44.0298,昌吉回族自治州,新区政务中心,细颗粒物(PM2.5),117,96,78,78,58,102,102,NA,NA,18,23,4,8,0.9,0.9
2026-03-05T0600,3613A,87.3069,44.0093,昌吉回族自治州,亚心广场,细颗粒物(PM2.5),130,110,92,92,68,107,107,NA,NA,11,16,8,10,0.6,0.6
2026-03-05T0600,4164A,87.2057,43.9289,昌吉回族自治州,财政所,细颗粒物(PM2.5),113,108,120,74,80,89,89,NA,NA,9,25,5,6,0.7,0.9
2026-03-05T0600,1120A,125.2874,43.9024,长春市,客车厂,细颗粒物(PM2.5),92,59,45,56,40,5,5,NA,NA,66,36,8,8,1.1,0.7
2026-03-05T0600,1121A,125.2943,43.8508,长春市,邮电学院,细颗粒物(PM2.5),84,65,38,52,32,4,4,NA,NA,55,25,8,10,1.0,0.5
2026-03-05T0600,1122A,125.3648,43.8745,长春市,劳动公园,细颗粒物(PM2.5),90,89,47,55,34,7,7,NA,NA,59,24,8,8,0.6,0.6
2026-03-05T0600,1123A,125.3233,43.8781,长春市,园林处,细颗粒物(PM2.5),100,NA,39,60,34,8,8,NA,NA,57,23,8,7,0.8,0.5
2026-03-05T0600,1124A,125.4604,43.7904,长春市,净月潭,细颗粒物(PM2.5),56,43,34,38,29,37,37,NA,NA,19,16,5,6,0.4,0.3
2026-03-05T0600,1126A,125.38,43.8422,长春市,经开区环卫处,细颗粒物(PM2.5),58,55,42,39,32,4,4,NA,NA,51,34,6,7,0.6,0.5
2026-03-05T0600,1127A,125.234,43.7761,长春市,高新区管委会,细颗粒物(PM2.5),92,60,45,56,42,3,3,NA,NA,49,34,8,8,1.0,0.6
2026-03-05T0600,1128A,125.1695,43.83,长春市,岱山公园,细颗粒物(PM2.5),110,72,44,71,42,2,2,NA,NA,66,31,7,5,1.2,0.8
2026-03-05T0600,4281A,125.334645,43.916281,长春市,北亚泰大街1068号,NA,NA,NA,46,59,35,3,3,NA,NA,64,37,NA,8,0.9,0.6
2026-03-05T0600,1335A,113.082,28.2421,长沙市,经开区环保局,,39,37,46,27,32,19,19,NA,NA,18,26,4,5,0.7,0.6
2026-03-05T0600,1336A,112.8873,28.2202,长沙市,高开区环保局,细颗粒物(PM2.5),76,57,45,48,42,2,2,NA,NA,33,23,5,5,0.8,0.8
2026-03-05T0600,1337A,113.0785,28.2012,长沙市,马坡岭,颗粒物(PM10),52,52,48,34,38,0,0,NA,NA,31,22,6,4,1.0,0.8
2026-03-05T0600,1338A,112.9448,28.1894,长沙市,湖南师范大学,,49,48,45,34,33,4,4,NA,NA,31,23,4,4,1.0,0.9
2026-03-05T0600,1339A,113.0177,28.1322,长沙市,雨花区环保局,,41,41,40,24,24,2,2,NA,NA,36,25,2,3,1.0,0.8
2026-03-05T0600,1340A,112.9795,28.2593,长沙市,伍家岭,颗粒物(PM10),53,53,51,29,39,4,4,NA,NA,26,20,4,5,1.0,0.9
2026-03-05T0600,1341A,113.002,28.1944,长沙市,火车新站,细颗粒物(PM2.5),54,54,46,37,35,2,2,NA,NA,33,26,2,2,1.0,0.8
2026-03-05T0600,1342A,112.9846,28.1177,长沙市,天心区环保局,细颗粒物(PM2.5),56,48,40,38,36,1,1,NA,NA,36,22,5,5,0.7,0.5
2026-03-05T0600,1343A,112.8906,28.1307,长沙市,湖南中医药大学,颗粒物(PM10),56,58,47,33,32,1,1,NA,NA,31,26,5,6,0.8,0.7
2026-03-05T0600,1727A,113.1146,36.1547,长治市,清华站,细颗粒物(PM2.5),56,NA,36,38,34,47,47,NA,NA,9,11,5,6,1.0,0.7
2026-03-05T0600,1730A,113.0887,36.2126,长治市,审计局,细颗粒物(PM2.5),64,NA,34,42,37,49,49,NA,NA,9,10,6,7,0.7,0.7
2026-03-05T0600,1731A,113.0845,36.1856,长治市,长治八中,细颗粒物(PM2.5),62,NA,42,41,37,46,46,NA,NA,8,8,8,8,0.8,0.7
2026-03-05T0600,2845A,113.1561,36.1912,长治市,德盛苑,细颗粒物(PM2.5),66,NA,37,43,38,47,47,NA,NA,9,11,5,6,1.0,0.8
2026-03-05T0600,3568A,113.0603,36.0464,长治市,向阳小学,细颗粒物(PM2.5),74,65,65,47,44,42,42,NA,NA,13,15,8,10,1.2,0.8
2026-03-05T0600,3569A,112.8788,36.315,长治市,屯留一中,,35,33,39,24,34,45,45,NA,NA,14,13,4,4,0.6,0.6
2026-03-05T0600,4189A,113.113092,36.199482,长治市,英华南巷50号,细颗粒物(PM2.5),62,NA,38,41,37,42,42,NA,NA,15,12,5,6,1.0,0.9
2026-03-05T0600,4190A,113.23666,36.33435,长治市,学府街1号,,42,29,58,29,52,52,52,NA,NA,7,25,2,3,0.8,1.6
2026-03-05T0600,1854A,111.696,28.9725,常德市,市二中,细颗粒物(PM2.5),56,44,35,38,28,46,46,NA,NA,11,10,6,6,0.9,0.8
2026-03-05T0600,3138A,111.7152,29.0288,常德市,武陵区永安,细颗粒物(PM2.5),58,44,36,39,27,49,49,NA,NA,15,13,4,4,0.7,0.7
2026-03-05T0600,3139A,111.6891,28.9881,常德市,鼎城区玉霞,细颗粒物(PM2.5),52,45,34,36,27,32,32,NA,NA,17,12,7,6,0.4,0.4
2026-03-05T0600,3140A,111.6651,29.0526,常德市,武陵区长庚,,46,36,32,32,26,26,26,NA,NA,17,10,5,5,0.9,0.8
2026-03-05T0600,1196A,119.9524,31.7586,常州市,市监测站,,45,45,33,19,15,42,42,NA,NA,27,24,6,6,0.4,0.5
2026-03-05T0600,1200A,119.9351,31.703,常州市,武进监测站,,47,47,35,24,16,39,39,NA,NA,27,21,6,5,0.4,0.5
2026-03-05T0600,3002A,119.9701,31.813,常州市,行政中心,,45,45,43,20,16,40,40,NA,NA,27,26,4,4,0.2,0.3
2026-03-05T0600,3003A,120.0434,31.7726,常州市,经开区,,49,49,33,20,15,40,40,NA,NA,28,24,6,5,0.4,0.5
2026-03-05T0600,3010A,119.8919,31.7892,常州市,钟楼,,44,44,36,20,17,29,29,NA,NA,28,23,7,6,0.2,0.4
2026-03-05T0600,3429A,119.8595,31.706,常州市,武进经发区,,47,47,34,28,22,39,39,NA,NA,29,25,6,6,0.6,0.7
2026-03-05T0600,3430A,119.5812,31.7256,常州市,金坛城区,,39,39,38,22,25,53,53,NA,NA,15,19,7,7,0.5,0.6
2026-03-05T0600,4089A,119.9551,31.863,常州市,崇义南街5-H号,,36,36,34,19,14,38,38,NA,NA,11,16,5,4,0.4,0.4
2026-03-05T0600,2220A,120.4318,41.588,朝阳市,西梁,细颗粒物(PM2.5),58,40,47,39,35,56,56,NA,NA,14,17,12,12,0.6,0.4
2026-03-05T0600,2221A,120.452,41.565,朝阳市,河畔小区,细颗粒物(PM2.5),54,NA,38,37,31,63,63,NA,NA,14,15,11,9,0.5,0.6
2026-03-05T0600,2222A,120.4176,41.5648,朝阳市,八里堡,细颗粒物(PM2.5),70,NA,43,45,36,64,64,NA,NA,17,18,17,12,0.7,0.7
2026-03-05T0600,3026A,116.6179,23.6608,潮州市,市政府,NA,NA,52,43,50,37,21,21,NA,NA,11,11,11,8,NA,0.5
2026-03-05T0600,4036A,116.646,23.676,潮州市,金山,细颗粒物(PM2.5),56,50,39,38,31,16,16,NA,NA,10,12,2,3,0.7,0.6
2026-03-05T0600,2473A,113.0116,25.8228,郴州市,市职中,,45,NA,40,31,37,0,0,NA,NA,16,13,3,3,0.8,0.7
2026-03-05T0600,2475A,113.0381,25.8074,郴州市,市审计局,,49,40,43,34,38,5,5,NA,NA,10,12,6,4,/,/
2026-03-05T0600,2476A,113.0348,25.7757,郴州市,市环保局,细颗粒物(PM2.5),62,NA,39,41,43,24,24,NA,NA,15,13,7,6,0.7,0.6
2026-03-05T0600,4252A,113.0138,25.8011,郴州市,好美居路49号,,48,38,38,33,37,6,6,NA,NA,15,14,4,4,/,/
2026-03-05T0600,1431A,103.9727,30.7242,成都市,金泉两河,,40,28,34,28,28,63,63,NA,NA,14,14,3,3,0.5,0.5
2026-03-05T0600,1432A,104.1423,30.6765,成都市,十里店,,40,36,30,28,27,46,46,NA,NA,12,13,7,4,0.4,0.5
2026-03-05T0600,1433A,104.0594,30.5765,成都市,三瓦窑,,42,32,27,29,27,58,58,NA,NA,8,13,5,3,0.6,0.6
2026-03-05T0600,1434A,104.1122,30.6306,成都市,沙河铺,,43,35,30,30,26,49,49,NA,NA,18,20,4,4,0.7,0.7
2026-03-05T0600,2880A,104.0219,30.6561,成都市,大石西路,,42,40,33,29,29,54,54,NA,NA,13,18,5,6,0.3,0.4
2026-03-05T0600,3136A,104.2724,30.559,成都市,龙泉驿区区政府,,42,29,23,29,23,34,34,NA,NA,13,10,6,6,0.6,0.6
2026-03-05T0600,3357A,104.0028,30.6891,成都市,金博路,,26,26,26,15,18,51,51,NA,NA,20,20,7,7,0.7,0.7
2026-03-05T0600,3359A,104.056,30.5228,成都市,华阳,,42,34,29,29,25,58,58,NA,NA,14,16,3,2,0.6,0.6
2026-03-05T0600,3488A,104.387954,30.746684,成都市,青石路225号,细颗粒物(PM2.5),52,51,34,36,26,18,18,NA,NA,28,16,6,5,0.8,0.7
2026-03-05T0600,3489A,104.0788,30.4054,成都市,科学城,,39,34,28,27,22,47,47,NA,NA,14,10,7,7,0.7,0.7
2026-03-05T0600,4011A,103.8505,30.6946,成都市,光华大道三段,,41,41,46,17,28,68,68,NA,NA,14,18,3,3,0.5,0.6
2026-03-05T0600,4144A,104.3257,30.6406,成都市,八角井街185号,颗粒物(PM10),53,54,36,32,22,22,22,NA,NA,27,15,5,5,0.7,0.7
2026-03-05T0600,4224A,104.2433276,30.53529463,成都市,鲸龙路1057号,,43,37,30,30,23,35,35,NA,NA,19,14,6,6,0.9,0.8
2026-03-05T0600,1062A,117.9531,40.908,承德市,铁路,细颗粒物(PM2.5),54,52,57,37,38,46,46,NA,NA,21,19,1,2,0.7,0.5
2026-03-05T0600,1063A,117.9397,40.9763,承德市,中国银行,,42,42,50,29,32,45,45,NA,NA,9,12,1,2,0.6,0.5
2026-03-05T0600,4073A,117.9462,40.95,承德市,杏林街1号,细颗粒物(PM2.5),58,42,50,39,40,59,59,NA,NA,8,11,3,4,0.7,0.5
2026-03-05T0600,4274A,117.7994,40.9605,承德市,滨河大街98号,,48,40,45,33,34,63,63,NA,NA,7,10,4,5,0.6,0.5
2026-03-05T0600,2314A,117.4698,30.6617,池州市,池州学院,,49,44,57,34,49,28,28,NA,NA,34,25,5,5,0.6,0.8
2026-03-05T0600,3237A,117.4918,30.6617,池州市,展览馆,细颗粒物(PM2.5),54,51,67,37,52,28,28,NA,NA,34,24,4,3,0.6,0.8
2026-03-05T0600,3333A,117.5626,30.695,池州市,第八中学,,47,47,56,31,42,28,28,NA,NA,35,28,5,4,0.5,0.7
2026-03-05T0600,3334A,117.5037,30.6242,池州市,第十二中学,,48,45,61,33,51,26,26,NA,NA,40,33,5,5,0.9,1.1
2026-03-05T0600,1744A,118.9229,42.2816,赤峰市,松山一中,,35,35,55,21,38,36,36,NA,NA,28,23,23,13,0.7,0.9
2026-03-05T0600,1745A,118.9588,42.2733,赤峰市,哈达街,,36,27,59,25,38,31,31,NA,NA,39,24,39,26,0.6,0.8
2026-03-05T0600,1746A,118.8792,42.2551,赤峰市,天义路,,20,19,45,14,33,42,42,NA,NA,24,18,18,14,0.6,0.7
2026-03-05T0600,3058A,119.2656,42.0356,赤峰市,银河街,,32,32,66,17,40,62,62,NA,NA,6,12,8,11,0.7,0.9
2026-03-05T0600,3286A,118.9359,42.3146,赤峰市,桥北物流园区,,33,NA,42,23,33,64,64,NA,NA,2,17,5,11,0.5,0.7
2026-03-05T0600,2521A,107.3473,22.4137,崇左市,市环保局江州分局,细颗粒物(PM2.5),64,60,37,42,26,45,45,NA,NA,15,13,7,6,0.9,0.8
2026-03-05T0600,4256A,107.375,22.3736,崇左市,石景林东路7号,细颗粒物(PM2.5),60,44,35,40,22,51,51,NA,NA,15,11,6,5,1.0,0.9
2026-03-05T0600,3207A,118.31131,32.3033,滁州市,市政府原办公楼,细颗粒物(PM2.5),54,38,42,37,36,44,44,NA,NA,16,17,4,4,0.4,0.4
2026-03-05T0600,3331A,118.3268,32.2633,滁州市,图书馆,,38,33,38,26,26,48,48,NA,NA,17,19,8,7,0.3,0.4
2026-03-05T0600,4101A,118.3196,32.3335,滁州市,银山路666号,,45,45,40,30,28,50,50,NA,NA,11,12,5,5,0.5,0.5
2026-03-05T0600,4102A,118.3426,32.2979,滁州市,黄山路555号,,47,47,51,32,30,38,38,NA,NA,27,20,7,6,0.5,0.5
2026-03-05T0600,2606A,101.5379,25.0492,楚雄彝族自治州,市经济开发区,颗粒物(PM10),56,58,59,36,39,28,28,NA,NA,23,18,3,4,0.9,0.9
2026-03-05T0600,4153A,101.5536,25.0343,楚雄彝族自治州,团结路562号,细颗粒物(PM2.5),54,46,49,37,36,32,32,NA,NA,22,16,5,6,0.7,0.7
2026-03-05T0600,2549A,107.5087,31.2186,达州市,市环境监测站,,48,48,48,24,28,32,32,NA,NA,19,28,13,6,0.2,0.3
2026-03-05T0600,2550A,107.4988,31.2132,达州市,凤凰小区,,41,41,46,25,29,33,33,NA,NA,20,27,14,6,0.4,0.5
2026-03-05T0600,2551A,107.5081,31.1987,达州市,达县机关宾馆,,39,39,47,25,34,33,33,NA,NA,26,36,16,5,0.5,0.7
2026-03-05T0600,2552A,107.4644,31.2124,达州市,市政中心,,46,46,54,29,29,27,27,NA,NA,23,34,8,5,0.4,0.6
2026-03-05T0600,2614A,100.2168,25.5818,大理白族自治州,大理市环境监测站,细颗粒物(PM2.5),52,46,41,36,34,108,108,NA,NA,7,10,7,7,0.6,0.6
2026-03-05T0600,2615A,100.1542,25.7055,大理白族自治州,大理古城,,43,37,41,30,28,92,92,NA,NA,6,9,8,8,0.5,0.5
2026-03-05T0600,1109A,121.6119,38.974,大连市,甘井子,细颗粒物(PM2.5),88,67,99,54,78,54,54,NA,NA,30,35,10,10,0.5,0.6
2026-03-05T0600,1110A,121.565,38.9509,大连市,周水子,细颗粒物(PM2.5),86,68,97,53,83,58,58,NA,NA,21,35,14,12,0.5,0.7
2026-03-05T0600,1111A,121.5637,38.8849,大连市,星海三站,细颗粒物(PM2.5),72,61,84,46,68,51,51,NA,NA,14,21,6,6,0.6,0.8
2026-03-05T0600,1112A,121.6301,38.9117,大连市,青泥洼桥,细颗粒物(PM2.5),72,59,85,46,69,65,65,NA,NA,22,38,10,11,0.7,0.9
2026-03-05T0600,1113A,121.6248,38.8643,大连市,傅家庄,细颗粒物(PM2.5),56,47,71,38,59,61,61,NA,NA,15,21,4,7,0.4,0.5
2026-03-05T0600,1114A,121.5117,38.8636,大连市,七贤岭,细颗粒物(PM2.5),68,63,88,44,66,67,67,NA,NA,16,27,7,8,0.6,0.9
2026-03-05T0600,1116A,121.7507,39.1339,大连市,金州,细颗粒物(PM2.5),118,96,97,79,80,45,45,NA,NA,23,26,10,7,1.3,1.2
2026-03-05T0600,1117A,121.7811,39.0495,大连市,开发区,细颗粒物(PM2.5),84,67,83,52,61,63,63,NA,NA,20,25,5,6,0.7,0.8
2026-03-05T0600,1118A,121.9762,39.0631,大连市,双D港,细颗粒物(PM2.5),90,72,83,55,63,64,64,NA,NA,16,19,9,10,0.7,0.7
2026-03-05T0600,4082A,121.2548,38.8188,大连市,旅顺,细颗粒物(PM2.5),112,81,91,73,74,47,47,NA,NA,20,24,8,7,0.9,1
2026-03-05T0600,1789A,124.8085,46.0381,大庆市,大同区,,28,27,43,19,29,70,70,NA,NA,10,19,10,10,0.4,0.6
2026-03-05T0600,1790A,125.1166,46.5255,大庆市,龙凤区,,36,36,47,17,35,51,51,NA,NA,28,26,4,7,0.4,0.4
2026-03-05T0600,1791A,124.8894,46.4007,大庆市,红岗区,,31,31,33,12,24,62,62,NA,NA,15,17,5,6,0.4,0.7
2026-03-05T0600,1792A,125.1391,46.578,大庆市,萨尔图区,,30,24,44,21,28,53,53,NA,NA,26,26,4,5,0.4,0.5
2026-03-05T0600,1793A,124.9026,46.6217,大庆市,让胡路区,,25,22,31,17,26,69,69,NA,NA,8,22,5,6,0.4,0.5
2026-03-05T0600,3481A,125.127,46.6277,大庆市,萨区政府监测点,,26,26,43,14,25,50,50,NA,NA,25,22,8,8,0.7,0.7
2026-03-05T0600,1723A,113.2926,40.0759,大同市,云冈宾馆,细颗粒物(PM2.5),114,109,114,75,57,19,19,NA,NA,33,20,6,7,1.0,0.7
2026-03-05T0600,1724A,113.3437,40.0921,大同市,大同大学,细颗粒物(PM2.5),111,121,104,72,58,25,25,NA,NA,33,18,8,5,1.3,0.7
2026-03-05T0600,1725A,113.2637,40.129,大同市,安家小村,细颗粒物(PM2.5),119,122,110,80,57,19,19,NA,NA,31,22,5,8,1.0,0.9
2026-03-05T0600,3282A,113.3399,40.0586,大同市,大同市卫生学校,细颗粒物(PM2.5),116,110,117,77,58,23,23,NA,NA,27,20,5,6,1.0,0.8
2026-03-05T0600,3565A,113.1371,40.1122,大同市,云冈站,细颗粒物(PM2.5),127,130,127,89,64,4,4,NA,NA,33,25,9,9,1.1,0.9
2026-03-05T0600,3566A,113.1186,40.2556,大同市,图书馆,细颗粒物(PM2.5),120,113,108,82,60,17,17,NA,NA,17,18,3,23,1.3,1.2
2026-03-05T0600,3567A,113.5931,40.0459,大同市,区一中,细颗粒物(PM2.5),119,96,113,80,67,29,29,NA,NA,16,16,5,8,1.0,0.8
2026-03-05T0600,4199A,113.2798248,40.09972476,大同市,魏都大道141号,细颗粒物(PM2.5),123,139,127,85,62,15,15,NA,NA,38,23,8,9,1.2,0.9
2026-03-05T0600,2269A,124.1068,50.4091,大兴安岭地区,科技局,,24,24,21,9,9,69,69,NA,NA,4,4,6,6,0.4,0.4
2026-03-05T0600,3663A,124.117,50.4279,大兴安岭地区,红旗社区,,20,NA,14,8,10,63,63,NA,NA,13,7,7,7,0.0,0.2
2026-03-05T0600,1600A,124.33,40.0625,丹东市,江湾东路,,46,40,43,32,32,60,60,NA,NA,17,14,11,8,0.6,0.5
2026-03-05T0600,1601A,124.4242,40.1513,丹东市,临江后街,细颗粒物(PM2.5),60,45,42,40,34,56,56,NA,NA,19,16,11,9,0.7,0.6
2026-03-05T0600,1602A,124.3935,40.1461,丹东市,元宝山,NA,NA,39,36,34,29,51,51,NA,NA,19,13,NA,5,0.7,0.5
2026-03-05T0600,1603A,124.3634,40.1093,丹东市,民主桥,,50,44,42,35,32,58,58,NA,NA,17,16,7,6,0.6,0.5
2026-03-05T0600,3541A,109.5726195,19.51688767,儋州市,第一中学子站,,9,6,5,3,2,26,26,NA,NA,7,6,6,6,0.6,0.6
2026-03-05T0600,3542A,109.5567,19.5187,儋州市,东坡学校子站,,9,6,5,3,3,26,26,NA,NA,6,7,5,4,0.7,0.8
2026-03-05T0600,2616A,98.5611,24.4273,德宏傣族景颇族自治州,德宏州监测站,细颗粒物(PM2.5),82,71,86,51,72,15,15,NA,NA,46,27,6,7,0.6,0.6
2026-03-05T0600,3677A,98.5887,24.4366,德宏傣族景颇族自治州,芒市人民政府综合楼,细颗粒物(PM2.5),105,74,106,65,65,40,40,NA,NA,17,14,4,5,0.8,0.6
2026-03-05T0600,1901A,104.424,31.1209,德阳市,东山公园,,36,31,30,25,27,50,50,NA,NA,11,10,2,3,0.7,0.8
2026-03-05T0600,1902A,104.3827,31.1318,德阳市,西小区,,46,46,52,24,32,47,47,NA,NA,12,17,1,3,0.7,0.7
2026-03-05T0600,1904A,104.3553,31.1091,德阳市,耐火材料厂,,35,35,41,24,33,45,45,NA,NA,14,18,2,3,0.6,0.7
2026-03-05T0600,4145A,104.4144,31.1495,德阳市,市林业局,,38,NA,36,26,31,29,29,NA,NA,24,14,4,4,0.8,0.9
2026-03-05T0600,1622A,116.3034,37.4675,德州市,儿童乐园,细颗粒物(PM2.5),107,80,124,67,99,31,31,NA,NA,20,29,9,10,0.8,0.9
2026-03-05T0600,1624A,116.2992,37.4449,德州市,监理站,细颗粒物(PM2.5),107,88,128,67,96,35,35,NA,NA,23,31,6,6,1.0,1.3
2026-03-05T0600,3066A,116.2722,37.438,德州市,九衢泉纯净水厂,细颗粒物(PM2.5),107,78,124,67,104,32,32,NA,NA,22,36,2,4,1.0,1.1
2026-03-05T0600,3371A,116.3693,37.44,德州市,开发区人民医院,细颗粒物(PM2.5),126,107,128,88,100,23,23,NA,NA,23,27,10,11,0.9,0.9
2026-03-05T0600,3511A,116.5687,37.3331,德州市,陵城艺术中心,细颗粒物(PM2.5),131,110,119,94,102,21,21,NA,NA,26,23,4,4,1.3,1.3
2026-03-05T0600,4292A,116.352738,37.420875,德州市,新河东路,细颗粒物(PM2.5),114,105,120,75,88,26,26,NA,NA,24,28,10,10,0.8,0.9
2026-03-05T0600,2621A,99.7054,27.8319,迪庆藏族自治州,迪庆州站,,23,21,26,12,14,73,73,NA,NA,6,8,5,5,0.4,0.4
2026-03-05T0600,3180A,99.7122,27.8129,迪庆藏族自治州,质量技术监督局,,24,19,24,9,12,76,76,NA,NA,6,9,4,5,0.5,0.5
2026-03-05T0600,4257A,104.6092,35.5962,定西市,将台街,颗粒物(PM10),101,121,129,45,40,37,37,NA,NA,22,6,9,9,0.6,0.4
2026-03-05T0600,4309A,104.6159,35.5701,定西市,正龙路62号,颗粒物(PM10),94,111,130,29,34,54,54,NA,NA,2,3,4,6,0.4,0.4
2026-03-05T0600,4071A,114.9883,38.5232,定州市,交通局,细颗粒物(PM2.5),90,66,75,55,65,37,37,NA,NA,22,25,8,8,0.6,0.8
2026-03-05T0600,4072A,115.0045,38.5136,定州市,第五中学,细颗粒物(PM2.5),101,69,86,61,66,34,34,NA,NA,18,21,6,6,0.5,0.7
2026-03-05T0600,1390A,113.7943,23.0132,东莞市,东城石井,,19,13,16,13,12,20,20,NA,NA,12,20,6,5,0.7,0.7
2026-03-05T0600,1391A,113.7384,22.9659,东莞市,南城西平,,15,14,16,10,10,6,6,NA,NA,26,23,7,7,0.7,0.8
2026-03-05T0600,3319A,113.7283,23.041,东莞市,万江金泰,,18,14,16,12,12,22,22,NA,NA,11,14,5,5,0.7,0.8
2026-03-05T0600,4129A,113.8666,23.1062,东莞市,裕兴路,,18,18,16,11,10,22,22,NA,NA,9,12,6,6,0.7,0.9
2026-03-05T0600,4130A,114.0076,22.9739,东莞市,教育路1号,,16,15,16,11,11,15,15,NA,NA,17,19,5,4,0.7,0.7
2026-03-05T0600,4131A,113.7981,22.8124,东莞市,长怡路1号,,19,19,18,10,10,9,9,NA,NA,22,21,5,5,0.8,0.8
2026-03-05T0600,1666A,118.6612,37.4313,东营市,市环保局,细颗粒物(PM2.5),88,75,102,54,85,36,36,NA,NA,23,18,8,8,0.8,0.9
2026-03-05T0600,3036A,118.6903,37.4337,东营市,开发区管委会,细颗粒物(PM2.5),82,62,98,51,86,47,47,NA,NA,24,21,7,7,0.7,0.8
2026-03-05T0600,3365A,118.5721,37.5654,东营市,垦利区民丰路,细颗粒物(PM2.5),102,73,91,62,84,45,45,NA,NA,24,21,9,10,0.9,0.9
2026-03-05T0600,3498A,118.5063,37.8606,东营市,河口城区,细颗粒物(PM2.5),70,63,95,45,72,60,60,NA,NA,12,16,5,5,0.8,1.1
2026-03-05T0600,3646A,118.4979,37.4623,东营市,胜利站,细颗粒物(PM2.5),82,79,108,51,79,33,33,NA,NA,25,23,6,6,0.9,1
2026-03-05T0600,3734A,118.5753,37.4405,东营市,理想之城,细颗粒物(PM2.5),100,80,108,60,84,34,34,NA,NA,21,20,4,4,1.0,1.1
2026-03-05T0600,1591A,110.0024,39.8127,鄂尔多斯市,综合楼,颗粒物(PM10),133,205,124,36,29,79,79,NA,NA,6,20,7,10,0.3,0.6
2026-03-05T0600,1592A,109.9485,39.8259,鄂尔多斯市,巴音孟克林场办事处,颗粒物(PM10),127,190,114,50,36,78,78,NA,NA,6,18,4,7,0.3,0.5
2026-03-05T0600,1593A,109.7734,39.5987,鄂尔多斯市,康泽苑,颗粒物(PM10),113,153,106,40,37,78,78,NA,NA,6,18,5,13,0.3,0.5
2026-03-05T0600,1594A,109.8121,39.5987,鄂尔多斯市,华泰汽车城,颗粒物(PM10),123,178,103,39,29,84,84,NA,NA,6,20,8,9,0.2,0.4
2026-03-05T0600,1595A,109.9734,39.7884,鄂尔多斯市,奥林花园,颗粒物(PM10),132,202,115,42,31,81,81,NA,NA,10,22,4,7,0.2,0.4
2026-03-05T0600,2436A,114.894,30.3989,鄂州市,市政府,细颗粒物(PM2.5),98,72,61,59,50,28,28,NA,NA,28,22,9,10,0.7,0.8
2026-03-05T0600,2437A,114.8986,30.3714,鄂州市,赵家坝,细颗粒物(PM2.5),92,69,63,56,55,33,33,NA,NA,19,18,10,11,0.8,0.9
2026-03-05T0600,3654A,114.8093,30.4091,鄂州市,精准医疗中心,细颗粒物(PM2.5),84,67,69,52,56,30,30,NA,NA,33,26,9,15,0.7,1
2026-03-05T0600,2454A,109.4978,30.2979,恩施土家族苗族自治州,湖北民院,,32,27,31,22,21,6,6,NA,NA,11,13,6,6,0.5,0.6
2026-03-05T0600,3549A,109.5061,30.3771,恩施土家族苗族自治州,龙凤新区,,26,22,24,18,15,1,1,NA,NA,4,8,7,7,0.4,0.5
2026-03-05T0600,2499A,108.3411,21.6159,防城港市,沙万,,36,29,26,25,18,46,46,NA,NA,10,12,6,6,0.8,0.8
2026-03-05T0600,2500A,108.3515,21.7733,防城港市,防城档案局,,42,38,27,29,21,34,34,NA,NA,10,9,6,6,0.8,0.8
2026-03-05T0600,2501A,108.3506,21.6414,防城港市,大海花园,,43,NA,22,30,22,44,44,NA,NA,10,10,7,7,0.8,0.8
2026-03-05T0600,1371A,113.1293,23.0065,佛山市,湾梁,,25,NA,17,17,13,3,3,NA,NA,32,23,/,/,/,/
2026-03-05T0600,1372A,113.1082,23.0477,佛山市,华材职中,,32,29,21,22,13,5,5,NA,NA,34,27,6,6,0.7,0.7
2026-03-05T0600,1373A,113.1439,23.045,佛山市,南海气象局,,30,24,21,21,16,3,3,NA,NA,38,28,/,/,/,/
2026-03-05T0600,1374A,113.2879,22.8094,佛山市,顺德苏岗,,29,21,16,20,16,5,5,NA,NA,30,28,/,/,0.8,0.8
2026-03-05T0600,1376A,112.8384,22.8678,佛山市,高明孔堂,,26,25,19,18,14,14,14,NA,NA,19,16,/,/,/,/
2026-03-05T0600,1377A,112.8835,23.1584,佛山市,三水监测站,,25,17,15,17,15,15,15,NA,NA,19,17,4,3,0.7,0.7
2026-03-05T0600,1378A,112.8668,23.185,佛山市,三水云东海,,25,23,16,17,13,7,7,NA,NA,17,16,/,/,/,/
2026-03-05T0600,3625A,113.2568,22.7629,佛山市,容桂街道办,,29,22,16,20,16,3,3,NA,NA,38,33,/,/,/,/
2026-03-05T0600,1282A,119.2681,26.0506,福州市,师大,,19,19,24,10,13,56,56,NA,NA,8,13,2,3,0.5,0.5
2026-03-05T0600,1283A,119.2983,26.1028,福州市,五四北路,,16,16,18,10,14,51,51,NA,NA,11,13,4,4,0.5,0.5
2026-03-05T0600,1284A,119.2648,26.0769,福州市,杨桥西路,,22,22,22,14,13,40,40,NA,NA,14,13,4,4,/,/
2026-03-05T0600,3048A,119.5799,26.0937,福州市,九龙,,20,8,20,3,8,62,62,NA,NA,7,10,4,4,0.5,0.5
2026-03-05T0600,3526A,119.5188,25.9666,福州市,吴航,,18,14,20,9,12,57,57,NA,NA,14,11,5,4,0.7,0.7
2026-03-05T0600,4104A,119.3106,26.0648,福州市,路通桥巷6号,,26,26,25,18,15,41,41,NA,NA,11,10,/,/,/,/
2026-03-05T0600,1755A,123.7974,41.8494,抚顺市,望花区,,33,31,58,23,44,62,62,NA,NA,14,18,9,10,0.6,0.8
2026-03-05T0600,1756A,123.9161,41.8827,抚顺市,顺城区,,39,35,55,27,46,48,48,NA,NA,24,27,10,9,0.6,0.7
2026-03-05T0600,1757A,124.0437,41.8615,抚顺市,东洲区,,43,43,60,30,45,54,54,NA,NA,14,19,7,8,0.5,0.7
2026-03-05T0600,1758A,123.9246,41.8638,抚顺市,新抚区,,46,42,76,32,50,54,54,NA,NA,18,23,7,8,0.6,0.8
2026-03-05T0600,1759A,124.0972,41.8961,抚顺市,大伙房水库,,39,36,43,27,38,66,66,NA,NA,10,15,9,10,0.5,0.6
2026-03-05T0600,1760A,123.708,41.8386,抚顺市,沈抚新城,,38,33,64,26,48,60,60,NA,NA,15,24,7,7,0.7,0.8
2026-03-05T0600,2377A,116.3544,27.9833,抚州市,市站,,49,43,43,34,41,41,41,NA,NA,5,7,5,5,1.2,1.2
2026-03-05T0600,2378A,116.3562,27.9631,抚州市,血防站,细颗粒物(PM2.5),60,43,46,40,37,37,37,NA,NA,1,6,6,5,0.8,0.9
2026-03-05T0600,2379A,116.3561,28.0007,抚州市,采茶剧团,细颗粒物(PM2.5),70,NA,42,45,38,34,34,NA,NA,4,6,11,11,1.2,1.2
2026-03-05T0600,2380A,116.3854,27.9648,抚州市,医学分院,,44,44,49,29,35,39,39,NA,NA,6,8,4,5,1.1,1.1
2026-03-05T0600,2207A,121.6095,41.9978,阜新市,工业园区,,38,36,36,26,24,73,73,NA,NA,12,13,12,11,0.4,0.5
2026-03-05T0600,2208A,121.6567,42.0188,阜新市,长青街,,39,NA,24,27,24,69,69,NA,NA,10,11,10,11,0.5,0.6
2026-03-05T0600,2209A,121.6672,42.07,阜新市,农业园区,,40,33,32,28,24,66,66,NA,NA,12,11,4,6,0.6,0.6
2026-03-05T0600,2211A,121.6343,42.0455,阜新市,玉龙新城,,40,33,41,28,26,67,67,NA,NA,16,16,8,10,0.5,0.7
2026-03-05T0600,2301A,115.8276,32.8929,阜阳市,市监测站,"颗粒物(PM10),细颗粒物(PM2.5)",52,52,60,36,45,37,37,NA,NA,15,15,4,4,0.4,0.5
2026-03-05T0600,2303A,115.8551,32.8606,阜阳市,开发区,,43,43,69,29,42,35,35,NA,NA,17,19,5,4,0.4,0.5
2026-03-05T0600,2875A,115.783962,32.889217,阜阳市,阜阳职业技术学院,,40,38,54,28,39,38,38,NA,NA,13,13,5,5,0.4,0.5
2026-03-05T0600,3468A,115.79,32.8614,阜阳市,市规划展馆,细颗粒物(PM2.5),52,48,63,36,45,41,41,NA,NA,12,12,6,6,0.4,0.5
2026-03-05T0600,3469A,115.835101,32.918568,阜阳市,枣园社区,细颗粒物(PM2.5),56,45,63,38,45,32,32,NA,NA,15,13,7,7,0.4,0.5
2026-03-05T0600,2669A,102.9097,34.9841,甘南藏族自治州,州政府,颗粒物(PM10),109,143,129,46,52,40,40,NA,NA,13,12,3,4,0.4,0.5
2026-03-05T0600,3380A,102.8915,34.9618,甘南藏族自治州,甘肃民族师范学院,颗粒物(PM10),121,174,140,38,36,44,44,NA,NA,17,17,1,4,0.2,0.4
2026-03-05T0600,2570A,101.96,30.048,甘孜藏族自治州,水桥子,,8,8,17,3,4,24,24,NA,NA,14,16,6,6,0.4,0.5
2026-03-05T0600,3065A,101.9534,29.9976,甘孜藏族自治州,州环保局,,13,10,14,3,3,39,39,NA,NA,10,9,6,6,0.3,0.3
2026-03-05T0600,2363A,114.9368,25.8663,赣州市,地委,,42,40,28,29,21,48,48,NA,NA,8,11,2,3,0.8,0.8
2026-03-05T0600,2364A,114.946,25.8483,赣州市,气象台,细颗粒物(PM2.5),52,47,38,36,25,52,52,NA,NA,10,13,7,6,0.5,0.5
2026-03-05T0600,2365A,114.932,25.8332,赣州市,市图书馆,细颗粒物(PM2.5),56,NA,26,38,23,50,50,NA,NA,8,12,5,4,0.5,0.5
2026-03-05T0600,2366A,114.8905,25.8472,赣州市,华坚鞋城,细颗粒物(PM2.5),52,40,31,36,24,46,46,NA,NA,9,14,11,5,0.4,0.4
2026-03-05T0600,3109A,115.0094,25.8614,赣州市,赣县区卫计委,,39,NA,26,27,19,44,44,NA,NA,8,14,7,4,0.9,0.8
2026-03-05T0600,2684A,106.2753,36.0057,固原市,监测站,颗粒物(PM10),65,70,124,26,33,62,62,NA,NA,13,11,9,9,0.7,0.5
2026-03-05T0600,2685A,106.2384,36.0189,固原市,新区,颗粒物(PM10),53,54,102,17,28,65,65,NA,NA,13,8,8,8,0.4,0.5
2026-03-05T0600,2544A,106.6307,30.4577,广安市,市委,,43,41,40,30,28,63,63,NA,NA,9,14,6,6,0.6,0.7
2026-03-05T0600,2545A,106.6266,30.4662,广安市,友谊中学,,37,37,36,23,23,71,71,NA,NA,8,13,10,12,0.7,0.8
2026-03-05T0600,2547A,106.6386,30.4551,广安市,广电花园,,42,33,32,29,27,53,53,NA,NA,10,14,8,8,0.6,0.7
2026-03-05T0600,2902A,106.6347,30.4868,广安市,北辰小学,,42,36,38,29,30,66,66,NA,NA,12,17,4,4,0.7,0.8
2026-03-05T0600,2524A,105.8211,32.4444,广元市,老城,颗粒物(PM10),77,87,47,19,27,68,68,NA,NA,12,25,8,10,0.8,1
2026-03-05T0600,2526A,105.8629,32.429,广元市,监测站,颗粒物(PM10),60,64,40,17,26,53,53,NA,NA,15,23,4,6,0.4,0.7
2026-03-05T0600,3617A,105.8047,32.4167,广元市,经开区,,43,43,42,21,30,61,61,NA,NA,13,25,3,5,0.6,0.9
2026-03-05T0600,1345A,113.2346,23.1423,广州市,广雅中学,,30,28,26,21,20,8,8,NA,NA,33,31,3,2,0.4,0.5
2026-03-05T0600,1346A,113.2611,23.105,广州市,市五中,,32,23,21,22,18,14,14,NA,NA,22,25,6,6,/,/
2026-03-05T0600,1348A,113.3477,23.0916,广州市,广东商学院,,35,24,19,24,15,13,13,NA,NA,17,22,4,4,0.7,0.9
2026-03-05T0600,1349A,113.4332,23.105,广州市,市八十六中,,19,19,17,12,13,10,10,NA,NA,21,25,4,4,/,/
2026-03-05T0600,1350A,113.3506,22.9488,广州市,番禺中学,,29,29,25,18,16,2,2,NA,NA,31,25,3,2,0.7,0.7
2026-03-05T0600,1351A,113.2147,23.3918,广州市,花都师范,,22,22,23,15,13,28,28,NA,NA,14,16,7,6,0.8,0.9
2026-03-05T0600,1352A,113.2599,23.1329,广州市,市监测站,,28,24,25,19,18,10,10,NA,NA,24,26,3,2,/,/
2026-03-05T0600,1353A,113.5618,23.3119,广州市,九龙镇镇龙,,28,25,18,19,13,9,9,NA,NA,10,11,4,5,0.8,0.7
2026-03-05T0600,1354A,113.2764,23.1544,广州市,麓湖,,28,22,20,19,15,6,6,NA,NA,22,20,3,2,0.9,0.9
2026-03-05T0600,2846A,113.3209,23.1323,广州市,体育西,,25,23,25,17,17,14,14,NA,NA,19,25,5,5,0.8,0.9
2026-03-05T0600,3298A,113.5718,23.5493,广州市,从化街口,,29,27,21,20,15,2,2,NA,NA,23,14,9,8,0.8,0.7
2026-03-05T0600,3299A,113.3463,23.369,广州市,白云竹料,,26,20,19,18,15,16,16,NA,NA,17,14,3,3,0.8,0.8
2026-03-05T0600,3300A,113.2981,23.2365,广州市,白云嘉禾,,29,24,22,20,16,16,16,NA,NA,21,25,9,9,/,/
2026-03-05T0600,3301A,113.4256,23.1716,广州市,黄埔科学城,,35,28,20,24,17,14,14,NA,NA,11,16,4,4,0.7,0.7
2026-03-05T0600,3302A,113.3942,23.0485,广州市,番禺大学城,,23,23,18,16,13,5,5,NA,NA,26,23,2,2,0.6,0.6
2026-03-05T0600,3303A,113.4923,22.8169,广州市,南沙黄阁,,29,24,22,20,14,13,13,NA,NA,22,29,6,6,/,/
2026-03-05T0600,3304A,113.534,22.7893,广州市,南沙街,,22,15,18,15,14,15,15,NA,NA,11,19,5,6,0.7,0.7
2026-03-05T0600,3443A,113.2905,23.5541,广州市,花都梯面,,26,18,15,18,15,18,18,NA,NA,12,10,9,7,/,/
2026-03-05T0600,3445A,113.786,23.7479,广州市,从化良口,,23,NA,15,16,11,23,23,NA,NA,7,7,4,4,/,/
2026-03-05T0600,3446A,113.805,23.2614,广州市,增城荔城,,15,14,10,10,7,24,24,NA,NA,9,11,6,6,0.7,0.7
2026-03-05T0600,2506A,109.604387,23.066791,贵港市,江南子站,颗粒物(PM10),53,53,28,25,18,2,2,NA,NA,33,15,8,5,0.8,0.7
2026-03-05T0600,2508A,109.5669,23.1065,贵港市,荷城子站,,31,31,29,21,19,21,21,NA,NA,20,16,7,7,0.8,0.7
2026-03-05T0600,3405A,109.5886,23.1172,贵港市,新世纪学校,,43,31,31,30,22,15,15,NA,NA,23,18,/,/,0.9,0.8
2026-03-05T0600,4260A,109.5933,23.095,贵港市,中山路155-3号,颗粒物(PM10),53,54,32,31,20,10,10,NA,NA,22,15,/,/,0.9,0.8
2026-03-05T0600,1439A,106.6863,26.6035,贵阳市,马鞍山,,19,19,22,9,17,7,7,NA,NA,11,13,2,6,/,/
2026-03-05T0600,1441A,106.6241,26.6266,贵阳市,鉴湖路,,24,24,34,10,20,55,55,NA,NA,6,14,6,7,0.6,0.5
2026-03-05T0600,1442A,106.7468,26.6344,贵阳市,燕子冲,,29,29,25,14,17,10,10,NA,NA,18,15,8,7,0.6,0.4
2026-03-05T0600,1443A,106.6556,26.4362,贵阳市,碧云窝,,19,19,25,9,14,16,16,NA,NA,10,9,7,8,/,/
2026-03-05T0600,1445A,106.6963,26.6063,贵阳市,红边门,,27,27,30,14,19,16,16,NA,NA,26,22,16,12,/,/
2026-03-05T0600,1446A,106.7162383,26.56964667,贵阳市,新华路,,31,31,35,12,16,33,33,NA,NA,19,20,11,17,0.3,0.4
2026-03-05T0600,1447A,106.6742,26.542,贵阳市,太慈桥,,19,19,22,11,17,12,12,NA,NA,13,19,3,4,/,/
2026-03-05T0600,4230A,106.688212,26.56952,贵阳市,花果园大街66号,,29,29,23,12,16,26,26,NA,NA,24,21,6,6,/,/
2026-03-05T0600,4231A,106.687268,26.516892,贵阳市,漓江路57号,,34,34,27,11,15,13,13,NA,NA,30,18,16,10,0.8,0.7
2026-03-05T0600,1864A,110.3091,25.2705,桂林市,龙隐路小学,,48,NA,25,33,24,45,45,NA,NA,9,9,3,3,0.7,0.7
2026-03-05T0600,1865A,110.2849361,25.22909545,桂林市,八中,,26,26,26,16,14,31,31,NA,NA,18,17,3,3,0.6,0.6
2026-03-05T0600,3531A,110.296,25.1254,桂林市,旅游学院,,42,42,33,25,22,3,3,NA,NA,34,18,6,5,0.6,0.6
2026-03-05T0600,4222A,110.1835,25.2444,桂林市,环湖路276号,,32,24,25,22,19,48,48,NA,NA,10,12,4,6,0.6,0.6
2026-03-05T0600,4301A,110.2803,25.2773,桂林市,信义路13号,细颗粒物(PM2.5),60,NA,25,40,18,48,48,NA,NA,11,11,4,4,0.7,0.7
2026-03-05T0600,2674A,100.2262,34.4854,果洛藏族自治州,玛沁县大武镇,颗粒物(PM10),68,74,77,17,31,82,82,NA,NA,1,4,22,19,0.3,0.4
2026-03-05T0600,1130A,126.5557,45.8109,哈尔滨市,松北商大,细颗粒物(PM2.5),96,NA,48,58,45,2,2,NA,NA,68,32,6,7,0.9,0.6
2026-03-05T0600,1132A,126.6162,45.719,哈尔滨市,南岗学府路,细颗粒物(PM2.5),142,121,66,106,49,4,4,NA,NA,73,41,8,9,1.0,0.6
2026-03-05T0600,1133A,126.6894,45.7733,哈尔滨市,太平宏伟公园,细颗粒物(PM2.5),165,130,66,125,59,3,3,NA,NA,66,43,7,10,1.5,0.9
2026-03-05T0600,1134A,126.6361,45.7672,哈尔滨市,道外承德广场,细颗粒物(PM2.5),88,75,69,54,37,51,51,NA,NA,44,39,8,10,0.9,0.8
2026-03-05T0600,1136A,126.644,45.7261,哈尔滨市,动力和平路,细颗粒物(PM2.5),136,107,56,99,45,11,11,NA,NA,72,38,11,11,1.2,1
2026-03-05T0600,1137A,126.5933,45.7479,哈尔滨市,道里建国路,细颗粒物(PM2.5),92,NA,42,56,40,9,9,NA,NA,88,44,10,10,0.8,0.5
2026-03-05T0600,1138A,126.6127,45.6119,哈尔滨市,平房东轻厂,细颗粒物(PM2.5),120,NA,55,81,47,32,32,NA,NA,80,76,8,8,0.9,0.7
2026-03-05T0600,1139A,126.5875,45.9827,哈尔滨市,呼兰师专,细颗粒物(PM2.5),126,89,68,88,57,5,5,NA,NA,68,48,10,10,1.3,0.9
2026-03-05T0600,1140A,126.6299,45.6799,哈尔滨市,省农科院,细颗粒物(PM2.5),218,188,86,168,71,9,9,NA,NA,65,42,NA,2,1.6,1
2026-03-05T0600,4282A,126.6769,45.7379,哈尔滨市,华山路1号,细颗粒物(PM2.5),143,127,59,107,49,22,22,NA,NA,79,47,3,7,1.0,0.7
2026-03-05T0600,4283A,126.9717,45.5356,哈尔滨市,解放大街52号,,49,46,62,34,45,60,60,NA,NA,18,20,4,6,0.6,0.6
2026-03-05T0600,2688A,93.5124,42.8176,哈密市,地区监测站,,33,33,38,7,16,66,66,NA,NA,10,12,5,7,0.1,0.3
2026-03-05T0600,2689A,93.5014,42.8312,哈密市,哈密师范学校,,21,21,32,12,15,62,62,NA,NA,13,21,8,11,0.4,0.6
2026-03-05T0600,2671A,100.9016,36.9464,海北藏族自治州,海晏县西海镇,颗粒物(PM10),98,116,78,29,23,57,57,NA,NA,3,3,7,6,0.5,0.4
2026-03-05T0600,3867A,102.074,36.5056,海东市,平安区公安局北苑,颗粒物(PM10),122,175,165,57,51,65,65,NA,NA,2,13,6,19,0.5,0.9
2026-03-05T0600,4163A,102.0984,36.5119,海东市,滨河路,颗粒物(PM10),117,164,168,51,50,51,51,NA,NA,14,22,7,17,0.6,0.8
2026-03-05T0600,1410A,110.3189,20.0596,海口市,海南大学,,28,28,14,16,8,39,39,NA,NA,11,8,5,5,0.6,0.7
2026-03-05T0600,1411A,110.2827,20.0051,海口市,秀英海南医院,,28,NA,9,19,8,38,38,NA,NA,10,9,7,7,0.5,0.6
2026-03-05T0600,1412A,110.3391,19.9979,海口市,海南师范大学,,26,21,11,18,9,37,37,NA,NA,10,8,6,5,0.6,0.7
2026-03-05T0600,1413A,110.3303,20.0359,海口市,龙华路环保局宿舍,,23,18,9,16,8,37,37,NA,NA,12,10,/,/,0.5,0.5
2026-03-05T0600,3539A,110.5111,19.9737,海口市,桂林洋子站,,32,32,15,17,7,38,38,NA,NA,10,9,/,/,/,/
2026-03-05T0600,4134A,110.1952,20.0451,海口市,长滨二路9号,,22,16,10,15,7,36,36,NA,NA,9,7,/,/,/,/
2026-03-05T0600,2673A,100.6158,36.2985,海南藏族自治州,共和县恰卜恰镇,颗粒物(PM10),109,143,141,62,49,55,55,NA,NA,18,11,15,12,0.5,0.3
2026-03-05T0600,2676A,97.373,37.376,海西蒙古族藏族自治州,德令哈市,,30,30,55,16,18,88,88,NA,NA,3,5,19,18,0.5,0.4
2026-03-05T0600,1049A,114.492,36.5712,邯郸市,矿院,细颗粒物(PM2.5),74,54,74,47,60,26,26,NA,NA,28,26,3,3,0.8,1
2026-03-05T0600,1050A,114.4839,36.6136,邯郸市,丛台公园,细颗粒物(PM2.5),90,60,90,55,75,26,26,NA,NA,20,20,9,7,0.8,1
2026-03-05T0600,3458A,114.7893,36.5592,邯郸市,香泉濮院小区,细颗粒物(PM2.5),80,63,80,50,56,25,25,NA,NA,15,13,3,3,0.9,1
2026-03-05T0600,3580A,114.1998,36.4439,邯郸市,峰峰矿区临水派出所,细颗粒物(PM2.5),80,54,82,50,62,29,29,NA,NA,10,10,3,3,1.1,1.2
2026-03-05T0600,4068A,114.5209,36.7697,邯郸市,建安街268号,细颗粒物(PM2.5),76,51,79,48,74,20,20,NA,NA,20,20,1,2,0.7,0.8
2026-03-05T0600,4069A,114.5488,36.6177,邯郸市,丛台东路558号,细颗粒物(PM2.5),74,NA,73,47,70,9,9,NA,NA,33,18,3,3,0.8,1.2
2026-03-05T0600,2635A,107.0155,33.0707,汉中市,市监测站,,32,27,33,22,23,23,23,NA,NA,16,20,5,7,0.8,0.8
2026-03-05T0600,2636A,107.0083,33.114,汉中市,鑫源开发区,,45,36,34,31,24,16,16,NA,NA,26,22,5,7,0.9,0.8
2026-03-05T0600,2637A,107.0072,33.0323,汉中市,南郑大河坎水厂,,27,27,34,18,23,27,27,NA,NA,11,19,5,5,0.7,0.7
2026-03-05T0600,1223A,120.2073,30.2111,杭州市,滨江,颗粒物(PM10),58,60,35,29,21,46,46,NA,NA,22,24,6,7,0.3,0.3
2026-03-05T0600,1224A,120.0625,30.2737,杭州市,西溪,颗粒物(PM10),54,55,46,33,22,42,42,NA,NA,19,18,8,8,0.2,0.3
2026-03-05T0600,1226A,120.3417,30.315,杭州市,下沙,,47,47,29,21,16,40,40,NA,NA,23,19,8,7,0.4,0.4
2026-03-05T0600,1227A,120.1252,30.2465,杭州市,卧龙桥,颗粒物(PM10),51,51,36,26,21,42,42,NA,NA,13,16,7,7,0.3,0.3
2026-03-05T0600,1228A,120.1902,30.2691,杭州市,浙江农大,颗粒物(PM10),60,63,34,34,18,52,52,NA,NA,16,18,5,6,0.5,0.5
2026-03-05T0600,1230A,120.1195,30.3121,杭州市,和睦小学,,44,44,35,19,20,53,53,NA,NA,16,17,4,4,0.4,0.4
2026-03-05T0600,1231A,120.3076,30.4146,杭州市,临平镇,,32,32,26,14,14,54,54,NA,NA,17,15,6,6,0.5,0.5
2026-03-05T0600,1232A,120.2753,30.1839,杭州市,城厢镇,,50,50,40,33,19,42,42,NA,NA,19,20,8,8,0.6,0.6
2026-03-05T0600,1233A,120.0883,30.1808,杭州市,云栖,,48,48,38,28,19,21,21,NA,NA,29,24,5,5,0.5,0.5
2026-03-05T0600,3557A,119.9463,30.0496,杭州市,镇二中,,45,39,27,31,23,35,35,NA,NA,20,19,5,4,0.6,0.5
2026-03-05T0600,3558A,119.7184,30.2367,杭州市,市府大楼,颗粒物(PM10),51,51,37,34,26,44,44,NA,NA,14,16,6,6,0.4,0.5
2026-03-05T0600,3656A,120.1554,30.2863,杭州市,消防大队,,43,43,36,27,20,49,49,NA,NA,16,19,7,7,0.8,0.8
2026-03-05T0600,1270A,117.1957,31.7845,合肥市,明珠广场,"颗粒物(PM10),细颗粒物(PM2.5)",58,61,57,39,39,18,18,NA,NA,27,19,5,5,0.9,0.9
2026-03-05T0600,1271A,117.307,31.8765,合肥市,三里街,细颗粒物(PM2.5),58,58,52,39,36,22,22,NA,NA,30,25,6,5,0.7,0.8
2026-03-05T0600,1272A,117.2587,31.8703,合肥市,琥珀山庄,细颗粒物(PM2.5),68,58,57,44,39,25,25,NA,NA,31,23,6,6,0.8,0.9
2026-03-05T0600,1275A,117.2593,31.9376,合肥市,庐阳区,颗粒物(PM10),53,53,53,34,34,30,30,NA,NA,22,19,4,3,0.7,0.8
2026-03-05T0600,1276A,117.345251,31.861615,合肥市,瑶海区,颗粒物(PM10),55,56,55,36,35,28,28,NA,NA,28,27,5,5,0.7,0.8
2026-03-05T0600,1277A,117.3033,31.7967,合肥市,包河区,"颗粒物(PM10),细颗粒物(PM2.5)",58,61,54,39,34,10,10,NA,NA,46,37,8,8,0.9,0.9
2026-03-05T0600,1278A,117.278,31.7392,合肥市,滨湖新区,细颗粒物(PM2.5),62,63,55,41,35,25,25,NA,NA,22,17,3,3,0.8,0.8
2026-03-05T0600,1279A,117.1324,31.8395,合肥市,高新区,细颗粒物(PM2.5),64,63,55,42,38,25,25,NA,NA,16,16,3,4,0.7,0.7
2026-03-05T0600,3464A,117.3802,31.9148,合肥市,高教基地,,48,48,48,31,31,35,35,NA,NA,18,18,8,8,0.6,0.7
2026-03-05T0600,4098A,117.2518,31.8404,合肥市,中国科学技术大学,细颗粒物(PM2.5),62,61,52,41,36,24,24,NA,NA,25,18,8,8,0.8,0.9
2026-03-05T0600,3614A,79.9241,37.0878,和田地区,地区环保局,颗粒物(PM10),500,713,589,171,123,43,43,NA,NA,9,10,2,2,0.7,0.5
2026-03-05T0600,3615A,79.9132,37.1137,和田地区,市环保局,颗粒物(PM10),500,650,572,168,125,45,45,NA,NA,18,22,3,3,0.6,0.7
2026-03-05T0600,2517A,108.0496,24.6957,河池市,市环保站,,26,24,19,18,13,3,3,NA,NA,12,8,3,4,0.6,0.6
2026-03-05T0600,4302A,108.0901,24.6945,河池市,上任中路54号,,31,31,23,20,12,2,2,NA,NA,21,17,5,5,0.6,0.6
2026-03-05T0600,1697A,114.6962,23.7538,河源市,东埔,,22,15,14,15,13,21,21,NA,NA,11,9,5,5,0.7,0.8
2026-03-05T0600,1698A,114.6895,23.7232,河源市,老城,,19,NA,12,13,12,24,24,NA,NA,9,9,6,6,0.7,0.7
2026-03-05T0600,3374A,115.5562,35.089,菏泽市,定陶老年大学,细颗粒物(PM2.5),80,61,97,50,83,42,42,NA,NA,16,16,5,4,0.4,0.5
2026-03-05T0600,4114A,115.4239,35.2593,菏泽市,黄河路600号,细颗粒物(PM2.5),114,106,101,75,90,10,10,NA,NA,21,18,2,2,0.8,0.7
2026-03-05T0600,4115A,115.5025,35.2727,菏泽市,菏泽市人社局,细颗粒物(PM2.5),88,62,111,54,94,24,24,NA,NA,20,22,4,4,0.7,0.8
2026-03-05T0600,4184A,115.479691,35.244011,菏泽市,永昌路1号,细颗粒物(PM2.5),90,64,112,55,94,36,36,NA,NA,19,21,2,2,0.6,0.7
2026-03-05T0600,4193A,115.471542,35.280012,菏泽市,长城路999号,细颗粒物(PM2.5),96,78,112,58,89,24,24,NA,NA,21,21,2,2,0.7,0.7
2026-03-05T0600,2514A,111.5264,24.4178,贺州市,环保小区,,32,25,25,22,20,36,36,NA,NA,10,16,4,3,1.1,1.3
2026-03-05T0600,2515A,111.561,24.4074,贺州市,政协大楼,,29,26,23,20,18,33,33,NA,NA,16,22,5,5,0.6,0.7
2026-03-05T0600,3534A,111.4744,24.455,贺州市,西湾,,32,32,29,20,19,27,27,NA,NA,10,14,3,4,0.7,0.8
2026-03-05T0600,2385A,114.17,35.9019,鹤壁市,市监测站,细颗粒物(PM2.5),135,127,102,98,75,23,23,NA,NA,21,20,3,3,1.3,1.5
2026-03-05T0600,2386A,114.2953,35.7512,鹤壁市,市交警支队,细颗粒物(PM2.5),104,89,105,64,83,30,30,NA,NA,17,22,3,5,1.0,1.2
2026-03-05T0600,2387A,114.2877,35.7302,鹤壁市,迎宾馆,细颗粒物(PM2.5),100,84,103,60,85,31,31,NA,NA,13,17,3,4,1.1,1.4
2026-03-05T0600,3474A,114.2616,35.6824,鹤壁市,大新区,细颗粒物(PM2.5),110,NA,84,71,85,34,34,NA,NA,19,21,3,3,1.1,1.3
2026-03-05T0600,3596A,114.1573,35.9607,鹤壁市,南山宾馆,颗粒物(PM10),82,94,91,44,60,24,24,NA,NA,27,30,1,1,1.2,1.4
2026-03-05T0600,2244A,130.2537,47.3416,鹤岗市,哈啤分公司,,45,34,32,31,25,90,90,NA,NA,6,9,8,10,0.4,0.4
2026-03-05T0600,2245A,130.2683,47.3087,鹤岗市,斯达机电,,45,38,36,31,23,97,97,NA,NA,6,10,7,9,0.5,0.5
2026-03-05T0600,2246A,130.3114,47.3388,鹤岗市,东山纸板厂,细颗粒物(PM2.5),54,NA,36,37,25,91,91,NA,NA,7,12,4,7,0.5,0.5
2026-03-05T0600,2263A,127.4832,50.2524,黑河市,交通局,,27,21,22,13,15,84,84,NA,NA,4,10,5,6,0.3,0.3
2026-03-05T0600,2264A,127.5146,50.2339,黑河市,环保局,,26,NA,20,12,15,81,81,NA,NA,8,10,8,8,0.3,0.4
2026-03-05T0600,1074A,115.6839,37.754,衡水市,电机北厂,,49,38,83,34,75,48,48,NA,NA,13,24,3,7,0.7,0.8
2026-03-05T0600,1075A,115.6303,37.7318,衡水市,市监测站,细颗粒物(PM2.5),52,45,78,36,70,45,45,NA,NA,14,23,5,5,0.4,0.7
2026-03-05T0600,3188A,115.6684,37.7216,衡水市,市城管局,细颗粒物(PM2.5),68,NA,84,44,67,44,44,NA,NA,16,27,2,2,0.4,0.8
2026-03-05T0600,3459A,115.599,37.5491,衡水市,地表水厂,细颗粒物(PM2.5),76,NA,73,48,71,44,44,NA,NA,10,19,4,4,0.4,0.7
2026-03-05T0600,2457A,112.6209,26.9268,衡阳市,衡阳化工总厂,细颗粒物(PM2.5),52,41,48,36,49,7,7,NA,NA,17,14,10,10,1.1,1
2026-03-05T0600,2458A,112.621,26.8957,衡阳市,珠晖区环保局,,48,44,54,33,43,7,7,NA,NA,27,24,6,6,1.4,1.3
2026-03-05T0600,2459A,112.628,26.8654,衡阳市,市委党校,细颗粒物(PM2.5),60,45,50,40,49,1,1,NA,NA,30,18,9,8,1.3,1.4
2026-03-05T0600,2460A,112.6007,26.8977,衡阳市,市监测站,颗粒物(PM10),60,63,61,31,43,7,7,NA,NA,25,20,7,6,1.4,1.3
2026-03-05T0600,2461A,112.5658,26.9013,衡阳市,真空机电公司,细颗粒物(PM2.5),66,57,56,43,52,7,7,NA,NA,23,23,8,6,1.3,1.3
2026-03-05T0600,3399A,112.6703,26.8817,衡阳市,师范学院,,50,50,51,27,40,4,4,NA,NA,17,12,3,4,1.2,1.2
2026-03-05T0600,3038A,103.3757,23.3679,红河哈尼族彝族自治州,州图书馆,,36,29,38,25,29,62,62,NA,NA,4,6,4,8,0.5,0.5
2026-03-05T0600,4154A,103.401,23.3561,红河哈尼族彝族自治州,蒙自市朝阳路,,30,22,33,21,29,65,65,NA,NA,5,6,7,10,0.3,0.4
2026-03-05T0600,1090A,111.6506,40.7517,呼和浩特市,呼市一监,颗粒物(PM10),100,119,90,58,39,14,14,NA,NA,35,27,7,10,0.8,0.7
2026-03-05T0600,1094A,111.7516,40.8369,呼和浩特市,如意水处理厂,颗粒物(PM10),62,66,90,33,45,13,13,NA,NA,45,30,10,13,0.7,0.7
2026-03-05T0600,1095A,111.727798,40.806187,呼和浩特市,二十九中,颗粒物(PM10),95,113,94,42,36,16,16,NA,NA,27,26,10,14,0.6,0.6
2026-03-05T0600,1097A,111.717,40.7617,呼和浩特市,化肥厂生活区,颗粒物(PM10),100,120,118,57,59,6,6,NA,NA,34,32,5,8,0.9,0.8
2026-03-05T0600,3699A,111.6519,40.8389,呼和浩特市,海东办,颗粒物(PM10),62,66,80,26,39,30,30,NA,NA,29,26,3,6,0.5,0.5
2026-03-05T0600,4275A,111.591512,40.827312,呼和浩特市,成吉思汗西街8号,,46,46,82,15,33,26,26,NA,NA,31,29,5,8,0.4,0.5
2026-03-05T0600,4276A,111.6597,40.8077,呼和浩特市,公园东路75号,细颗粒物(PM2.5),104,119,90,64,44,15,15,NA,NA,35,26,8,13,1.1,0.9
2026-03-05T0600,4277A,111.5427,40.7846,呼和浩特市,金海路35号,颗粒物(PM10),104,129,97,53,41,17,17,NA,NA,28,32,6,13,0.8,0.6
2026-03-05T0600,3061A,119.7511,49.1576,呼伦贝尔市,国华电力东,,26,24,32,18,16,69,69,NA,NA,13,13,5,6,0.1,0.1
2026-03-05T0600,4279A,119.7569,49.2222,呼伦贝尔市,伊敏大街东7号,,35,32,28,24,15,34,34,NA,NA,39,17,6,7,0.5,0.3
2026-03-05T0600,1250A,120.075,30.867,湖州市,城西水厂,,36,36,29,21,19,59,59,NA,NA,18,16,6,6,0.4,0.5
2026-03-05T0600,2873A,120.083,30.8929,湖州市,仁皇山新区,,36,36,28,19,17,56,56,NA,NA,20,19,6,5,0.4,0.4
2026-03-05T0600,2907A,120.1846,30.8592,湖州市,吴兴区站,,40,40,31,28,18,40,40,NA,NA,18,15,6,5,0.3,0.4
2026-03-05T0600,3562A,120.4146,30.8538,湖州市,南浔区站,,30,29,26,21,16,51,51,NA,NA,16,15,7,7,0.4,0.4
2026-03-05T0600,1607A,120.904878,40.721091,葫芦岛市,龙港区,,36,28,41,25,22,67,67,NA,NA,17,18,7,22,0.5,0.5
2026-03-05T0600,1608A,120.8382,40.7521,葫芦岛市,化工街,,40,NA,34,28,25,67,67,NA,NA,18,20,8,8,0.4,0.4
2026-03-05T0600,1609A,120.8339,40.7078,葫芦岛市,新区,,36,28,34,25,24,60,60,NA,NA,21,18,8,15,0.5,0.5
2026-03-05T0600,1610A,120.8697,40.7679,葫芦岛市,东城区,颗粒物(PM10),55,56,37,27,26,62,62,NA,NA,20,21,10,11,0.5,0.5
2026-03-05T0600,2483A,109.9297,27.5383,怀化市,河西地税局,,19,19,25,6,15,3,3,NA,NA,11,13,2,3,/,/
2026-03-05T0600,2484A,109.9783,27.5342,怀化市,市四医院,,27,27,26,15,17,0,0,NA,NA,20,17,6,7,0.5,0.6
2026-03-05T0600,2485A,109.9971,27.5579,怀化市,监测楼,,25,23,29,17,20,3,3,NA,NA,16,17,3,3,0.3,0.4
2026-03-05T0600,1210A,119.0566,33.5991,淮安市,钵池山,,31,31,35,17,22,47,47,NA,NA,17,14,9,9,0.4,0.5
2026-03-05T0600,1211A,119.0083,33.578,淮安市,北京南路,,34,34,37,18,24,49,49,NA,NA,13,11,7,6,0.4,0.4
2026-03-05T0600,1212A,118.9938,33.6083,淮安市,市监测站,,28,22,28,19,26,52,52,NA,NA,12,11,10,9,0.5,0.5
2026-03-05T0600,1213A,119.135,33.5038,淮安市,楚州区监测站,,27,27,32,18,23,45,45,NA,NA,20,12,5,5,0.2,0.3
2026-03-05T0600,3426A,118.8757,33.2897,淮安市,新华书店,,46,46,39,24,24,38,38,NA,NA,17,11,6,6,0.8,0.8
2026-03-05T0600,4092A,119.119691,33.550006,淮安市,枚皋中路89号,,28,28,37,19,23,47,47,NA,NA,18,15,9,8,0.3,0.4
2026-03-05T0600,4206A,119.028838,33.631911,淮安市,承德北路606号,,39,39,41,18,24,44,44,NA,NA,18,14,7,7,0.4,0.4
2026-03-05T0600,2282A,116.8005,33.9749,淮北市,监测站,细颗粒物(PM2.5),68,62,68,44,48,29,29,NA,NA,22,14,6,5,0.5,0.6
2026-03-05T0600,2283A,116.8094,33.9008,淮北市,烈山区政府,细颗粒物(PM2.5),66,61,54,43,45,35,35,NA,NA,16,13,3,3,0.4,0.4
2026-03-05T0600,4017A,116.7926,33.9534,淮北市,市博物馆,细颗粒物(PM2.5),74,62,58,47,48,34,34,NA,NA,20,14,1,1,0.6,0.6
2026-03-05T0600,4100A,116.8322,33.9884,淮北市,杜集区第一实验学校,细颗粒物(PM2.5),68,65,67,44,50,21,21,NA,NA,24,15,3,5,0.4,0.5
2026-03-05T0600,2277A,116.8304,32.7726,淮南市,潘集区政府,,39,37,55,27,33,31,31,NA,NA,16,13,5,5,0.4,0.4
2026-03-05T0600,2279A,116.8569,32.5949,淮南市,谢家集区政府,颗粒物(PM10),53,54,46,36,36,27,27,NA,NA,22,15,8,6,0.6,0.6
2026-03-05T0600,2280A,116.8279,32.6333,淮南市,八公山区政府,细颗粒物(PM2.5),58,54,52,39,38,28,28,NA,NA,20,13,8,6,0.5,0.5
2026-03-05T0600,2894A,117.0561,32.6536,淮南市,经济技术开发区消防队,,50,50,56,31,33,24,24,NA,NA,21,15,4,4,0.3,0.4
2026-03-05T0600,3329A,117.011,32.5891,淮南市,山南新区,,48,45,47,33,36,35,35,NA,NA,15,13,6,6,0.4,0.4
2026-03-05T0600,4209A,117.003137,32.644456,淮南市,国庆中路369号,,43,35,50,30,33,16,16,NA,NA,21,12,9,8,0.4,0.5
2026-03-05T0600,2446A,114.9021,30.474,黄冈市,职工中心,细颗粒物(PM2.5),84,65,62,52,61,30,30,NA,NA,22,16,5,8,0.9,0.9
2026-03-05T0600,2929A,114.8858,30.4519,黄冈市,红卫路,细颗粒物(PM2.5),88,68,59,54,56,34,34,NA,NA,18,15,4,6,0.3,0.4
2026-03-05T0600,3398A,114.9134,30.4446,黄冈市,市林业局,细颗粒物(PM2.5),98,71,61,59,56,33,33,NA,NA,38,26,4,4,0.6,0.6
2026-03-05T0600,2672A,102.02,35.5101,黄南藏族自治州,同仁县隆务镇,颗粒物(PM10),100,120,116,44,38,65,65,NA,NA,2,3,8,9,0.4,0.4
2026-03-05T0600,2295A,118.2905,29.6965,黄山市,延安路89号,,49,35,47,34,42,15,15,NA,NA,10,11,4,4,0.7,0.7
2026-03-05T0600,2297A,118.1369,30.2755,黄山市,黄山区政府5号楼,,39,29,46,27,33,24,24,NA,NA,8,10,2,2,0.7,0.8
2026-03-05T0600,4210A,118.335445,29.720283,黄山市,滨江东路7-2号,细颗粒物(PM2.5),52,50,66,36,45,19,19,NA,NA,10,11,/,/,/,/
2026-03-05T0600,2423A,115.0547,30.2332,黄石市,沈家营,NA,NA,79,63,NA,52,19,19,NA,NA,24,22,4,10,0.8,1.1
2026-03-05T0600,2426A,114.899,30.211,黄石市,铁山,NA,NA,57,51,45,50,NA,NA,NA,NA,19,13,7,8,1.3,0.8
2026-03-05T0600,2427A,115.0259,30.2108,黄石市,团城山,细颗粒物(PM2.5),105,73,55,65,50,13,13,NA,NA,32,13,6,7,1.0,0.9
2026-03-05T0600,3149A,115.0174,30.1591,黄石市,笔架山北路,细颗粒物(PM2.5),104,87,71,64,49,24,24,NA,NA,22,13,19,9,1.0,0.9
2026-03-05T0600,4185A,115.078022,30.21118,黄石市,磁湖东路29号,细颗粒物(PM2.5),96,77,60,58,50,24,24,NA,NA,20,11,5,8,0.7,0.7
2026-03-05T0600,1392A,114.4181,23.0528,惠州市,河南岸金山湖子站,,13,12,12,9,8,21,21,NA,NA,11,10,6,6,0.7,0.8
2026-03-05T0600,1393A,114.4055,23.0824,惠州市,下埔横江三路子站,,16,15,13,11,9,25,25,NA,NA,9,9,7,7,0.7,0.7
2026-03-05T0600,1395A,114.4645,22.7832,惠州市,惠阳区承修路船湖子站,,22,22,13,13,8,15,15,NA,NA,10,11,6,6,0.6,0.7
2026-03-05T0600,1396A,114.5316,22.7423,惠州市,大亚湾管委会子站,,13,13,9,8,5,13,13,NA,NA,8,8,2,2,0.7,0.7
2026-03-05T0600,3314A,114.4334,22.8134,惠州市,惠阳秋长,,18,12,7,12,8,19,19,NA,NA,8,10,/,/,/,/
2026-03-05T0600,3452A,114.6521,22.7755,惠州市,大亚湾霞涌,,9,NA,6,6,4,16,16,NA,NA,11,9,/,/,/,/
2026-03-05T0600,4300A,114.4089,23.1147,惠州市,文华一路1号,,16,12,12,11,9,20,20,NA,NA,9,10,/,/,/,/
2026-03-05T0600,2240A,130.9618,45.2926,鸡西市,环保局,细颗粒物(PM2.5),76,55,69,48,52,53,53,NA,NA,17,21,7,10,0.3,0.3
2026-03-05T0600,2243A,130.9294,45.2959,鸡西市,第一中学,细颗粒物(PM2.5),60,53,58,40,44,59,59,NA,NA,13,16,4,7,0.4,0.4
2026-03-05T0600,3707A,131.0069,45.2988,鸡西市,欧美日汽修厂,细颗粒物(PM2.5),88,70,82,54,53,22,22,NA,NA,38,30,9,14,1.1,1.1
2026-03-05T0600,2367A,114.9753,27.0803,吉安市,红声器材厂,"颗粒物(PM10),细颗粒物(PM2.5)",60,63,56,40,44,23,23,NA,NA,9,14,12,11,0.4,0.4
2026-03-05T0600,2369A,114.9903,27.1313,吉安市,市环境监测站,细颗粒物(PM2.5),60,47,48,40,44,22,22,NA,NA,8,12,7,7,/,/
2026-03-05T0600,2370A,115.009527,27.096792,吉安市,青原区法院,NA,NA,46,52,36,41,30,30,NA,NA,2,5,NA,7,0.7,0.7
2026-03-05T0600,1772A,126.54,43.8622,吉林市,哈达湾,细颗粒物(PM2.5),66,49,46,43,37,28,28,NA,NA,27,18,5,7,1.0,0.9
2026-03-05T0600,1773A,126.5843,43.8358,吉林市,东局子,细颗粒物(PM2.5),70,NA,30,45,39,44,44,NA,NA,19,15,2,4,0.7,0.6
2026-03-05T0600,1774A,126.5051,43.8243,吉林市,电力学院,细颗粒物(PM2.5),102,77,48,62,42,20,20,NA,NA,29,19,6,8,1.2,0.9
2026-03-05T0600,1775A,126.6133,43.8971,吉林市,江北,细颗粒物(PM2.5),94,64,49,57,38,24,24,NA,NA,30,17,6,8,1.1,0.8
2026-03-05T0600,1776A,126.5549,43.8304,吉林市,江南公园,细颗粒物(PM2.5),54,39,39,37,35,41,41,NA,NA,18,15,6,8,0.8,0.7
2026-03-05T0600,2868A,126.4737,43.953,吉林市,九站,细颗粒物(PM2.5),88,62,47,54,41,7,7,NA,NA,51,28,11,9,0.7,0.5
2026-03-05T0600,1299A,116.9866,36.6118,济南市,科干所,细颗粒物(PM2.5),112,100,128,73,98,14,14,NA,NA,34,39,5,5,0.9,1
2026-03-05T0600,1300A,116.9379,36.6652,济南市,农科所,细颗粒物(PM2.5),120,81,154,81,128,9,9,NA,NA,30,43,5,6,1.1,1.2
2026-03-05T0600,1301A,117.1265,36.6736,济南市,开发区,细颗粒物(PM2.5),137,103,152,100,136,27,27,NA,NA,24,45,3,4,1.0,1.2
2026-03-05T0600,1303A,117.0616,36.6865,济南市,省种子仓库,细颗粒物(PM2.5),125,97,166,87,132,26,26,NA,NA,24,42,5,5,0.9,1.1
2026-03-05T0600,1304A,116.9495185,36.644937,济南市,机床二厂,细颗粒物(PM2.5),120,NA,147,82,127,16,16,NA,NA,28,43,4,5,1.1,1.2
2026-03-05T0600,1305A,117.0496,36.6629,济南市,市监测站,细颗粒物(PM2.5),125,93,155,87,124,22,22,NA,NA,27,45,4,4,0.9,1.1
2026-03-05T0600,1306A,116.7674,36.5458,济南市,长清党校,细颗粒物(PM2.5),115,85,161,76,110,12,12,NA,NA,29,34,2,4,1.0,1
2026-03-05T0600,1961A,117.5323,36.6865,济南市,东山小学,细颗粒物(PM2.5),140,147,157,104,112,6,6,NA,NA,45,36,3,3,1.0,1.1
2026-03-05T0600,3059A,117.7181,36.205,济南市,泰兴公司,,39,39,102,27,80,62,62,NA,NA,17,25,7,7,0.9,0.9
2026-03-05T0600,3064A,117.6861,36.2172,济南市,莱芜战役纪念馆,,46,46,107,27,83,57,57,NA,NA,20,24,4,4,1.0,0.8
2026-03-05T0600,3494A,117.1673,36.9782,济南市,济阳区政府,细颗粒物(PM2.5),134,105,131,97,110,11,11,NA,NA,34,36,7,8,0.9,0.9
2026-03-05T0600,3495A,117.1168,36.6299,济南市,锦屏中学,细颗粒物(PM2.5),120,93,113,81,99,39,39,NA,NA,13,21,6,6,0.7,0.9
2026-03-05T0600,4108A,117.7107,36.2385,济南市,山财大街5号,,40,39,95,28,78,58,58,NA,NA,20,30,8,8,0.8,0.9
2026-03-05T0600,4109A,116.9744,36.6889,济南市,无影山路12号,细颗粒物(PM2.5),120,83,155,81,130,9,9,NA,NA,31,42,5,6,1.2,1.2
2026-03-05T0600,1653A,116.6229,35.4288,济宁市,火炬城,NA,NA,NA,84,40,79,NA,NA,NA,NA,13,18,3,3,0.7,0.9
2026-03-05T0600,3500A,116.5808,35.3703,济宁市,北湖一中,细颗粒物(PM2.5),64,NA,81,42,80,40,40,NA,NA,13,15,4,4,0.4,0.7
2026-03-05T0600,3501A,116.8251,35.5592,济宁市,服务中心,细颗粒物(PM2.5),64,48,118,42,92,40,40,NA,NA,14,20,3,2,0.5,0.7
2026-03-05T0600,3678A,116.5907,35.4054,济宁市,市第七中学,细颗粒物(PM2.5),64,NA,81,42,81,46,46,NA,NA,17,19,6,7,0.7,0.8
2026-03-05T0600,4111A,116.6075,35.4566,济宁市,任和路,细颗粒物(PM2.5),66,53,100,43,79,37,37,NA,NA,18,19,3,4,0.6,0.8
2026-03-05T0600,4112A,116.5648,35.3921,济宁市,文体南路1号,,45,40,97,31,76,48,48,NA,NA,9,16,1,2,0.3,0.5
2026-03-05T0600,4122A,112.6071,35.1015,济源市,市委党校,细颗粒物(PM2.5),118,133,142,79,89,31,31,NA,NA,13,17,3,3,1.1,1.1
2026-03-05T0600,4123A,112.596,35.0702,济源市,沁园中路1号,细颗粒物(PM2.5),120,116,129,81,90,36,36,NA,NA,13,18,3,3,1.0,1.2
2026-03-05T0600,2255A,130.2749,46.8028,佳木斯市,佳纺,细颗粒物(PM2.5),64,50,61,42,39,57,57,NA,NA,14,19,6,8,0.5,0.5
2026-03-05T0600,2257A,130.3258,46.7975,佳木斯市,环保局,NA,NA,42,42,32,36,63,63,NA,NA,15,16,NA,9,0.2,0.3
2026-03-05T0600,4285A,130.363,46.806,佳木斯市,顺和街,细颗粒物(PM2.5),64,NA,41,42,41,69,69,NA,NA,15,16,5,7,0.4,0.4
2026-03-05T0600,4286A,130.3952,46.8268,佳木斯市,长安路196号,,48,43,40,33,34,73,73,NA,NA,15,12,6,5,0.4,0.4
2026-03-05T0600,1252A,120.7439,30.778,嘉兴市,清河小学,,28,28,26,11,7,61,61,NA,NA,15,18,5,6,0.5,0.6
2026-03-05T0600,1253A,120.7261,30.7477,嘉兴市,嘉兴学院,,27,27,22,13,13,66,66,NA,NA,16,17,5,5,0.4,0.4
2026-03-05T0600,2872A,120.7845,30.7524,嘉兴市,南湖区残联,,22,19,23,12,14,69,69,NA,NA,12,18,4,4,0.5,0.5
2026-03-05T0600,3407A,120.6915,30.7741,嘉兴市,秀洲住建,,29,29,25,13,11,65,65,NA,NA,16,17,7,7,0.6,0.5
2026-03-05T0600,1945A,98.291,39.7705,嘉峪关市,气象局,,29,29,89,14,26,60,60,NA,NA,26,14,5,12,0.4,0.5
2026-03-05T0600,2884A,98.2672,39.7978,嘉峪关市,酒钢宾馆,,27,27,99,12,27,58,58,NA,NA,21,15,9,26,0.6,0.9
2026-03-05T0600,3248A,98.2644,39.7723,嘉峪关市,雄关区,,33,33,75,16,28,54,54,NA,NA,25,20,7,9,0.4,0.7
2026-03-05T0600,1383A,113.1063,22.6058,江门市,北街,,38,NA,24,26,19,5,5,NA,NA,41,39,/,/,/,/
2026-03-05T0600,1384A,113.073,22.5835,江门市,西区,,33,26,25,23,18,4,4,NA,NA,33,31,/,/,/,/
2026-03-05T0600,1385A,113.0218,22.531,江门市,圭峰西,,39,31,21,27,19,9,9,NA,NA,26,20,/,/,/,/
2026-03-05T0600,1386A,113.0826,22.5947,江门市,东湖,,35,27,22,24,19,4,4,NA,NA,28,27,5,4,0.8,0.7
2026-03-05T0600,3311A,113.1077,22.5647,江门市,江海富民,,36,NA,25,25,18,5,5,NA,NA,41,38,/,/,0.7,0.7
2026-03-05T0600,3449A,113.0496,22.4669,江门市,新会银湖,,32,NA,21,22,18,3,3,NA,NA,34,32,6,6,0.8,0.8
2026-03-05T0600,3335A,113.3137,35.2643,焦作市,马村街道办,细颗粒物(PM2.5),84,75,106,52,86,15,15,NA,NA,25,20,4,5,1.5,1.4
2026-03-05T0600,3336A,113.2464,35.2374,焦作市,焦作技师学院,细颗粒物(PM2.5),86,72,104,53,72,14,14,NA,NA,21,18,6,6,1.6,1.5
2026-03-05T0600,3477A,113.1656,35.2536,焦作市,中站许衡医院,细颗粒物(PM2.5),101,79,89,61,66,18,18,NA,NA,23,17,7,6,1.4,1.3
2026-03-05T0600,3981A,113.2456,35.18,焦作市,原李万街道办,细颗粒物(PM2.5),109,74,113,69,85,20,20,NA,NA,16,16,11,9,1.3,1.2
2026-03-05T0600,4264A,113.234,35.219,焦作市,新安路1731号,细颗粒物(PM2.5),98,105,117,59,84,20,20,NA,NA,23,21,7,6,1.3,1.2
2026-03-05T0600,4295A,113.2722,35.2121,焦作市,人民路3066号,细颗粒物(PM2.5),110,83,111,70,83,17,17,NA,NA,21,19,6,6,1.6,1.5
2026-03-05T0600,1708A,116.3701,23.5345,揭阳市,新兴,,35,NA,31,24,28,25,25,NA,NA,21,20,5,7,0.6,0.6
2026-03-05T0600,1709A,116.3261,23.5442,揭阳市,西马,,38,30,36,26,28,24,24,NA,NA,19,17,4,6,0.6,0.5
2026-03-05T0600,1710A,116.361,23.5627,揭阳市,东兴,,43,NA,33,30,31,22,22,NA,NA,19,16,4,5,/,/
2026-03-05T0600,1711A,116.4151,23.5295,揭阳市,渔湖,细颗粒物(PM2.5),52,NA,35,36,30,27,27,NA,NA,15,14,6,6,/,/
2026-03-05T0600,3320A,116.4028,23.5699,揭阳市,曲溪,细颗粒物(PM2.5),64,NA,39,42,36,24,24,NA,NA,24,20,3,9,0.7,0.7
2026-03-05T0600,1944A,102.1691,38.5166,金昌市,天庆家园,,44,44,122,15,44,97,97,NA,NA,2,7,4,5,0.4,0.5
2026-03-05T0600,4022A,102.1648,38.5369,金昌市,金川区人防中心,颗粒物(PM10),58,60,120,18,35,92,92,NA,NA,3,6,5,6,0.4,0.5
2026-03-05T0600,4239A,102.193042,38.531887,金昌市,长春路96号,,41,41,121,6,34,87,87,NA,NA,10,12,5,9,0.3,0.4
2026-03-05T0600,1262A,119.6478,29.0773,金华市,十五中,,40,40,45,24,32,44,44,NA,NA,29,25,4,4,0.3,0.4
2026-03-05T0600,1263A,119.6859,29.1032,金华市,监测站,,42,42,47,24,31,23,23,NA,NA,29,23,3,2,0.4,0.6
2026-03-05T0600,3659A,119.656,29.1132,金华市,气象局,,36,36,44,21,31,18,18,NA,NA,50,32,2,2,0.4,0.5
2026-03-05T0600,1767A,121.1114,41.0879,锦州市,南山,,28,20,30,19,25,79,79,NA,NA,9,13,6,9,0.4,0.4
2026-03-05T0600,1768A,121.060361,40.842794,锦州市,开发区,颗粒物(PM10),63,68,38,21,24,73,73,NA,NA,8,11,5,6,0.6,0.6
2026-03-05T0600,1769A,121.1836,41.1118,锦州市,百股街道,,34,34,34,19,28,79,79,NA,NA,10,13,6,9,0.7,0.7
2026-03-05T0600,1770A,121.1176,41.1224,锦州市,天安街道,,28,NA,33,19,26,80,80,NA,NA,11,16,5,8,0.4,0.4
2026-03-05T0600,1771A,121.1303,41.1385,锦州市,北湖公园,,28,23,34,19,29,83,83,NA,NA,9,13,7,8,0.5,0.6
2026-03-05T0600,2160A,112.8496,35.5051,晋城市,自来水公司,颗粒物(PM10),53,53,69,20,25,47,47,NA,NA,7,9,3,3,0.7,0.7
2026-03-05T0600,2162A,112.8509,35.4886,晋城市,市环保局,,45,45,44,27,31,50,50,NA,NA,11,12,4,4,0.8,0.8
2026-03-05T0600,3620A,112.8258,35.4804,晋城市,泽州一中,,31,31,42,21,22,49,49,NA,NA,13,13,2,2,0.6,0.5
2026-03-05T0600,4078A,112.8246,35.5152,晋城市,前书院路,,46,46,45,27,28,46,46,NA,NA,8,10,4,4,0.7,0.6
2026-03-05T0600,4079A,112.8864,35.4773,晋城市,祥云街666号,细颗粒物(PM2.5),58,41,41,39,32,51,51,NA,NA,6,9,5,5,0.6,0.6
2026-03-05T0600,2174A,112.6992,37.6984,晋中市,榆次区政府,细颗粒物(PM2.5),90,66,84,55,59,10,10,NA,NA,40,22,7,7,1.0,0.9
2026-03-05T0600,2865A,112.7195,37.683,晋中市,榆次三中,细颗粒物(PM2.5),82,63,81,51,51,23,23,NA,NA,20,17,8,7,1.0,0.8
2026-03-05T0600,4080A,112.7375,37.7215,晋中市,广安街188号,细颗粒物(PM2.5),84,78,85,52,56,4,4,NA,NA,34,23,8,8,1.1,0.8
2026-03-05T0600,4200A,112.7478,37.6954,晋中市,迎宾街26号,细颗粒物(PM2.5),94,70,82,57,60,17,17,NA,NA,24,18,7,7,0.9,0.8
2026-03-05T0600,2439A,112.2012,31.048,荆门市,竹园小学,细颗粒物(PM2.5),106,93,72,66,57,39,39,NA,NA,17,25,3,8,1.5,1.3
2026-03-05T0600,2440A,112.1968,30.9892,荆门市,掇刀,细颗粒物(PM2.5),117,88,74,78,61,46,46,NA,NA,13,18,6,6,0.7,0.8
2026-03-05T0600,3012A,112.1849,31.0361,荆门市,西山林语,细颗粒物(PM2.5),96,90,65,58,50,41,41,NA,NA,14,17,4,4,0.7,0.7
2026-03-05T0600,3547A,112.1631,31.0134,荆门市,龙泉中学南校,NA,NA,NA,NA,NA,NA,NA,NA,NA,NA,NA,NA,NA,NA,NA,NA
2026-03-05T0600,4124A,112.2213,31.0654,荆门市,新台西路6号,细颗粒物(PM2.5),113,79,75,74,62,39,39,NA,NA,10,15,4,5,0.6,0.6
2026-03-05T0600,1844A,112.2493,30.3198,荆州市,市图书馆,细颗粒物(PM2.5),52,44,41,36,39,27,27,NA,NA,34,23,7,8,0.8,0.7
2026-03-05T0600,1845A,112.2009,30.3543,荆州市,市委党校,细颗粒物(PM2.5),72,54,47,46,41,16,16,NA,NA,37,27,6,8,0.7,0.7
2026-03-05T0600,3194A,112.2749,30.3124,荆州市,管委会,,48,44,43,33,39,18,18,NA,NA,25,20,9,11,0.8,0.8
2026-03-05T0600,4268A,112.1722,30.3366,荆州市,学苑路85号,细颗粒物(PM2.5),66,59,50,43,40,20,20,NA,NA,26,16,3,4,0.9,0.9
2026-03-05T0600,2343A,117.2114,29.2931,景德镇市,老干部活动中心,,43,43,37,30,32,4,4,NA,NA,15,11,5,5,0.7,0.7
2026-03-05T0600,2344A,117.1893,29.2789,景德镇市,兽医站,,42,40,45,29,33,13,13,NA,NA,17,16,4,4,0.4,0.4
2026-03-05T0600,2346A,117.246,29.2958,景德镇市,陶研所,细颗粒物(PM2.5),60,NA,32,40,35,5,5,NA,NA,19,14,4,4,0.7,0.6
2026-03-05T0600,4289A,117.154766,29.256967,景德镇市,青少年活动中心,细颗粒物(PM2.5),52,36,40,36,38,12,12,NA,NA,17,13,4,6,/,/
2026-03-05T0600,1803A,115.9873,29.6816,九江市,十里,细颗粒物(PM2.5),102,75,68,62,58,44,44,NA,NA,20,26,6,7,0.7,0.7
2026-03-05T0600,1804A,115.9583,29.7047,九江市,茅山头,细颗粒物(PM2.5),114,76,70,75,69,45,45,NA,NA,14,19,4,4,0.7,0.8
2026-03-05T0600,1805A,115.9877,29.7295,九江市,西园,细颗粒物(PM2.5),107,76,72,67,66,45,45,NA,NA,26,27,3,4,0.7,0.8
2026-03-05T0600,1808A,115.9112,29.6038,九江市,综合工业园,细颗粒物(PM2.5),101,62,63,61,60,17,17,NA,NA,28,31,7,7,0.9,0.8
2026-03-05T0600,3190A,116.0254,29.6995,九江市,外国语学校,细颗粒物(PM2.5),105,70,62,65,60,38,38,NA,NA,22,22,5,5,0.7,0.7
2026-03-05T0600,4253A,116.010205,29.659402,九江市,莲花大道8号,细颗粒物(PM2.5),101,76,69,61,58,21,21,NA,NA,25,20,6,6,0.7,0.6
2026-03-05T0600,4240A,98.495752,39.733935,酒泉市,玉门东路5号,,41,41,94,22,35,43,43,NA,NA,11,9,6,9,0.4,0.4
2026-03-05T0600,4241A,98.5099,39.7506,酒泉市,北大街108号,,25,24,98,17,46,62,62,NA,NA,9,10,9,14,0.3,0.5
2026-03-05T0600,2698A,76.0071,39.466,喀什地区,巡警大队,颗粒物(PM10),500,707,908,185,224,50,50,NA,NA,26,29,3,5,0.6,0.8
2026-03-05T0600,2699A,75.9756,39.4693,喀什地区,吾办,颗粒物(PM10),500,606,834,149,210,54,54,NA,NA,12,23,16,14,0.4,0.6
2026-03-05T0600,4027A,75.9485,39.4688,喀什地区,老干局,颗粒物(PM10),500,628,823,130,188,62,62,NA,NA,7,22,4,4,0.6,1
2026-03-05T0600,1824A,114.3389,34.778,开封市,肿瘤医院,细颗粒物(PM2.5),108,75,123,68,92,25,25,NA,NA,20,20,6,6,1.2,1.2
2026-03-05T0600,1826A,114.2884,34.7966,开封市,世纪星幼儿园,细颗粒物(PM2.5),101,71,119,61,93,26,26,NA,NA,21,23,6,7,1.2,1.2
2026-03-05T0600,3147A,114.3434,34.8101,开封市,龙亭公园,细颗粒物(PM2.5),84,82,122,52,82,27,27,NA,NA,22,23,7,7,1.2,1.2
2026-03-05T0600,3210A,114.3645,34.7955,开封市,汴京公园,细颗粒物(PM2.5),82,90,125,51,84,24,24,NA,NA,20,21,4,4,1.1,1.1
2026-03-05T0600,3473A,114.2485,34.8306,开封市,技师学院,细颗粒物(PM2.5),92,80,113,56,91,27,27,NA,NA,18,19,7,8,1.4,1.4
2026-03-05T0600,3592A,114.4518,34.7503,开封市,祥符区生态环境局,颗粒物(PM10),103,127,139,61,97,22,22,NA,NA,23,26,6,6,1.4,1.2
2026-03-05T0600,1951A,84.886,45.6029,克拉玛依市,长征新村,,26,13,25,7,20,81,81,NA,NA,2,14,5,6,0.5,0.6
2026-03-05T0600,1952A,84.8894,45.5827,克拉玛依市,南林小区,,25,11,28,3,13,80,80,NA,NA,2,8,2,3,0.2,0.4
2026-03-05T0600,1954A,84.896,44.3328,克拉玛依市,独山子区,细颗粒物(PM2.5),70,66,100,45,71,100,100,NA,NA,6,25,3,4,0.6,1
2026-03-05T0600,1955A,85.6888,46.0909,克拉玛依市,乌尔禾区商贸楼,,30,30,35,16,22,61,61,NA,NA,8,14,9,9,0.6,0.7
2026-03-05T0600,3612A,85.1045,45.6895,克拉玛依市,白碱滩区新站,,24,24,27,8,16,45,45,NA,NA,29,13,10,10,0.3,0.3
2026-03-05T0600,2697A,76.1457,39.7143,克孜勒苏柯尔克孜自治州,市人民政府,颗粒物(PM10),500,871,589,178,137,47,47,NA,NA,21,14,3,4,0.3,0.3
2026-03-05T0600,3665A,76.1654,39.7157,克孜勒苏柯尔克孜自治州,克州文化中心,颗粒物(PM10),500,766,640,182,161,71,71,NA,NA,12,14,4,5,0.3,0.4
2026-03-05T0600,1450A,102.8203,24.889,昆明市,呈贡新区,细颗粒物(PM2.5),60,52,44,40,37,79,79,NA,NA,23,27,8,5,0.7,0.9
2026-03-05T0600,1452A,102.7253,25.0904,昆明市,龙泉镇,,50,NA,41,35,34,10,10,NA,NA,30,23,2,2,0.3,0.5
2026-03-05T0600,1453A,102.7267,25.0378,昆明市,东风东路,细颗粒物(PM2.5),76,66,47,48,37,3,3,NA,NA,54,33,4,5,0.8,0.7
2026-03-05T0600,1454A,102.6744,25.0671,昆明市,金鼎山,"颗粒物(PM10),细颗粒物(PM2.5)",58,60,51,39,36,19,19,NA,NA,41,30,3,3,0.8,0.8
2026-03-05T0600,1455A,102.6643,25.0401,昆明市,碧鸡广场,细颗粒物(PM2.5),70,64,49,45,37,26,26,NA,NA,40,30,5,4,0.7,0.6
2026-03-05T0600,3179A,102.7491,25.012,昆明市,官渡区博物馆,NA,NA,NA,47,NA,36,NA,NA,120,NA,NA,30,NA,3,NA,0.8
2026-03-05T0600,3375A,102.8016,24.8336,昆明市,青年创业园,颗粒物(PM10),64,69,45,33,31,21,21,NA,NA,46,30,8,5,0.7,0.7
2026-03-05T0600,3550A,102.8,24.9787,昆明市,昆明学院,颗粒物(PM10),83,95,60,45,35,13,13,NA,NA,52,34,6,4,0.9,0.9
2026-03-05T0600,3551A,102.5969,24.6738,昆明市,晋宁区生态环境分局,细颗粒物(PM2.5),84,61,53,52,43,76,76,NA,NA,19,13,2,3,0.7,0.7
2026-03-05T0600,3552A,102.6673,24.9861,昆明市,云天化总部,颗粒物(PM10),60,63,38,34,28,23,23,NA,NA,45,33,9,8,0.6,0.6
2026-03-05T0600,1456A,91.132,29.6515,拉萨市,八廓街,,19,10,25,6,10,59,59,NA,NA,12,16,4,5,0.6,0.7
2026-03-05T0600,1457A,91.1221,29.6748,拉萨市,市环保局,,21,21,31,7,10,43,43,NA,NA,13,18,3,3,0.4,0.5
2026-03-05T0600,1458A,91.0874,29.6476,拉萨市,区监测站,,18,10,17,3,8,57,57,NA,NA,15,18,4,4,0.7,0.7
2026-03-05T0600,1459A,91.1774,29.6541,拉萨市,西藏大学,,18,14,20,7,10,57,57,NA,NA,10,13,3,3,0.6,0.6
2026-03-05T0600,1460A,90.9798,29.6586,拉萨市,区辐射站,,16,15,30,6,13,51,51,NA,NA,15,20,3,4,0.4,0.5
2026-03-05T0600,1461A,91.0831,29.6292,拉萨市,拉萨火车站,,15,14,19,3,7,47,47,NA,NA,16,14,3,4,0.8,0.5
2026-03-05T0600,2520A,109.2203,23.7252,来宾市,来宾技工学校,细颗粒物(PM2.5),110,86,48,71,39,23,23,NA,NA,18,14,10,9,1.1,1
2026-03-05T0600,3535A,109.1781,23.7293,来宾市,兴宾区政府,细颗粒物(PM2.5),74,72,40,47,33,25,25,NA,NA,11,13,6,7,0.8,0.8
2026-03-05T0600,4002A,109.2312,23.7428,来宾市,中南小学,细颗粒物(PM2.5),112,75,50,73,39,23,23,NA,NA,20,18,6,6,1.0,0.8
2026-03-05T0600,1479A,103.8309,36.0467,兰州市,铁路设计院,NA,NA,NA,NA,NA,NA,NA,NA,NA,NA,NA,NA,NA,NA,NA,NA
2026-03-05T0600,3241A,103.7439,36.0841,兰州市,百合公园,颗粒物(PM10),101,121,184,38,58,51,51,NA,NA,20,17,6,12,0.7,0.8
2026-03-05T0600,3242A,103.9613,35.9985,兰州市,和平,颗粒物(PM10),82,94,195,26,48,77,77,NA,NA,9,13,8,13,0.6,0.7
2026-03-05T0600,4236A,103.629272,36.093822,兰州市,庄浪东路808号,颗粒物(PM10),82,94,192,33,55,71,71,NA,NA,8,15,4,24,0.3,0.6
2026-03-05T0600,4237A,103.7251,36.104344,兰州市,安宁西路88号,颗粒物(PM10),88,102,211,30,55,64,64,NA,NA,16,13,7,20,0.3,0.5
2026-03-05T0600,4238A,103.846982,36.067567,兰州市,北滨河东路1号,颗粒物(PM10),81,93,177,30,52,53,53,NA,NA,32,24,7,15,0.5,0.6
2026-03-05T0600,1067A,116.6712,39.5109,廊坊市,药材公司,细颗粒物(PM2.5),54,50,86,37,66,56,56,NA,NA,12,16,2,2,0.8,0.7
2026-03-05T0600,1068A,116.7215,39.5592,廊坊市,开发区,,49,42,80,34,64,57,57,NA,NA,8,16,3,3,0.6,0.6
2026-03-05T0600,1070A,116.7246,39.5273,廊坊市,北华航天学院,,48,43,85,33,60,54,54,NA,NA,13,16,4,3,0.7,0.7
2026-03-05T0600,2919A,116.7022,39.5454,廊坊市,河北工业大学,细颗粒物(PM2.5),54,46,90,37,63,44,44,NA,NA,20,13,2,3,0.7,0.7
2026-03-05T0600,2536A,103.7629,29.5844,乐山市,牛耳桥,,49,44,29,34,18,39,39,NA,NA,17,20,6,6,0.8,0.7
2026-03-05T0600,2537A,103.7501,29.6002,乐山市,市第三水厂,,49,42,28,34,18,37,37,NA,NA,19,22,4,4,0.8,0.8
2026-03-05T0600,2538A,103.7571,29.5664,乐山市,市监测站,,49,45,30,34,19,36,36,NA,NA,16,16,7,8,0.9,0.9
2026-03-05T0600,3361A,103.7313,29.563,乐山市,理工大学,,48,34,27,33,19,36,36,NA,NA,11,13,8,8,0.9,0.9
2026-03-05T0600,2599A,100.2497,26.8802,丽江市,丽江古城,,35,35,35,17,19,100,100,NA,NA,11,12,12,12,0.5,0.5
2026-03-05T0600,2600A,100.2203,26.8906,丽江市,市中心,,33,25,26,23,18,103,103,NA,NA,9,11,8,8,0.4,0.4
2026-03-05T0600,1267A,119.9141,28.4513,丽水市,监测站大楼,,29,29,37,9,30,40,40,NA,NA,14,16,4,4,0.2,0.4
2026-03-05T0600,1268A,119.93,28.4589,丽水市,莲都小学,,17,17,35,8,26,41,41,NA,NA,16,18,/,/,/,/
2026-03-05T0600,1269A,119.8794,28.4232,丽水市,余庄前,,20,20,37,14,28,7,7,NA,NA,16,21,4,4,0.4,0.5
2026-03-05T0600,1173A,119.1759,34.5885,连云港市,市环境监测站,细颗粒物(PM2.5),62,48,48,41,36,54,54,NA,NA,21,17,7,6,0.5,0.5
2026-03-05T0600,3000A,119.3577,34.6971,连云港市,德源药业,颗粒物(PM10),58,61,56,36,36,39,39,NA,NA,25,18,6,5,0.6,0.7
2026-03-05T0600,3007A,119.178,34.8442,连云港市,新城一中,颗粒物(PM10),52,52,70,31,51,85,85,NA,NA,18,25,7,7,0.9,1
2026-03-05T0600,3008A,119.3607,34.7519,连云港市,胡沟管理处,,49,48,49,34,26,57,57,NA,NA,19,22,3,3,1.0,0.8
2026-03-05T0600,3009A,119.1478,34.5913,连云港市,矿山设计院,颗粒物(PM10),60,63,55,34,35,52,52,NA,NA,20,16,8,7,0.6,0.7
2026-03-05T0600,3434A,119.2414,34.6539,连云港市,工贸学校,,48,46,49,33,39,62,62,NA,NA,13,14,9,9,0.7,0.8
2026-03-05T0600,3664A,119.4171,34.734,连云港市,连云街道,,41,41,50,26,37,55,55,NA,NA,20,21,5,6,0.4,0.4
2026-03-05T0600,2573A,102.2629,27.8981,凉山彝族自治州,西昌市政府,,26,20,16,18,16,51,51,NA,NA,10,9,9,10,0.8,0.9
2026-03-05T0600,2574A,102.2686,27.885,凉山彝族自治州,凉山州政府,,30,26,25,21,20,38,38,NA,NA,14,14,8,9,0.7,0.9
2026-03-05T0600,4229A,102.2342,27.8859,凉山彝族自治州,凯乐南路30号,,32,32,26,18,16,7,7,NA,NA,35,25,12,12,0.8,0.9
2026-03-05T0600,2212A,123.1978,41.2036,辽阳市,宏伟区,细颗粒物(PM2.5),82,52,71,51,67,44,44,NA,NA,19,23,8,10,0.9,0.8
2026-03-05T0600,2213A,123.1684,41.2497,辽阳市,新华园,细颗粒物(PM2.5),68,49,70,44,64,44,44,NA,NA,26,28,11,10,0.9,0.8
2026-03-05T0600,2214A,123.2355,41.2663,辽阳市,滨河路,细颗粒物(PM2.5),66,51,74,43,72,39,39,NA,NA,27,31,6,7,0.9,0.8
2026-03-05T0600,4083A,123.153,41.2874,辽阳市,铁西路150号,细颗粒物(PM2.5),60,52,71,40,66,37,37,NA,NA,27,26,8,8,0.9,0.8
2026-03-05T0600,2227A,125.1359,42.8845,辽源市,环保局,细颗粒物(PM2.5),60,55,44,40,32,18,18,NA,NA,31,16,3,4,0.8,0.7
2026-03-05T0600,4085A,125.0998,42.9134,辽源市,安宁大街333号,细颗粒物(PM2.5),68,54,45,44,35,13,13,NA,NA,18,9,2,4,1.0,0.7
2026-03-05T0600,1625A,115.9789,36.4372,聊城市,区政府,细颗粒物(PM2.5),96,79,136,58,102,16,16,NA,NA,24,28,11,10,1.1,1.2
2026-03-05T0600,3200A,115.9772,36.4986,聊城市,监控中心,细颗粒物(PM2.5),78,63,145,49,107,14,14,NA,NA,21,25,8,8,1.0,1.1
2026-03-05T0600,3513A,116.0443,36.436,聊城市,九州社区,细颗粒物(PM2.5),104,83,136,64,106,18,18,NA,NA,22,25,3,3,1.0,1.2
2026-03-05T0600,4018A,116.0564,36.4609,聊城市,星美广场,细颗粒物(PM2.5),105,86,148,65,115,18,18,NA,NA,16,20,2,3,1.1,1.2
2026-03-05T0600,4113A,116.0091,36.4495,聊城市,利民路,细颗粒物(PM2.5),104,82,142,64,107,16,16,NA,NA,24,28,6,7,1.0,1.1
2026-03-05T0600,2632A,94.3683,29.6373,林芝市,林芝监测站,,28,NA,12,19,8,60,60,NA,NA,1,2,3,4,0.4,0.3
2026-03-05T0600,2633A,94.3616,29.6634,林芝市,林芝人民医院,,20,15,18,13,9,63,63,NA,NA,2,2,2,2,0.3,0.2
2026-03-05T0600,2603A,100.0779,23.8981,临沧市,市环保局,细颗粒物(PM2.5),101,NA,74,61,64,57,57,NA,NA,8,9,9,11,0.5,0.5
2026-03-05T0600,2604A,100.0894,23.882,临沧市,市气象局,细颗粒物(PM2.5),96,NA,66,58,61,67,67,NA,NA,7,9,6,8,0.4,0.5
2026-03-05T0600,1733A,111.5552,36.0791,临汾市,临钢医院,细颗粒物(PM2.5),68,50,38,44,35,16,16,NA,NA,26,17,11,8,1.5,1
2026-03-05T0600,1734A,111.4984,36.0734,临汾市,技工学校,细颗粒物(PM2.5),92,56,43,56,42,18,18,NA,NA,24,20,17,7,1.8,1
2026-03-05T0600,1736A,111.5017,36.0857,临汾市,市委,颗粒物(PM10),63,67,50,40,34,21,21,NA,NA,22,14,9,4,1.5,0.9
2026-03-05T0600,3018A,111.5048,36.1015,临汾市,唐尧大酒店,颗粒物(PM10),55,56,52,29,33,14,14,NA,NA,32,21,6,6,1.1,1
2026-03-05T0600,4244A,111.4879,36.053,临汾市,启星学校,细颗粒物(PM2.5),82,72,51,51,41,13,13,NA,NA,38,23,11,8,1.7,0.9
2026-03-05T0600,4271A,103.2464,35.6123,临夏回族自治州,滨河东路1号,颗粒物(PM10),140,222,222,76,58,13,13,NA,NA,27,21,8,12,1.2,0.7
2026-03-05T0600,4310A,103.207136,35.599807,临夏回族自治州,新华街21号,颗粒物(PM10),143,230,221,67,54,21,21,NA,NA,17,12,8,10,0.6,0.9
2026-03-05T0600,1618A,118.3429,35.0532,临沂市,沂河小区,细颗粒物(PM2.5),68,63,63,44,47,49,49,NA,NA,17,15,8,8,0.5,0.6
2026-03-05T0600,1619A,118.2962,35.0568,临沂市,鲁南制药厂,细颗粒物(PM2.5),62,53,57,41,46,54,54,NA,NA,19,20,8,9,0.4,0.5
2026-03-05T0600,1620A,118.2793,34.9976,临沂市,新光毛纺厂,细颗粒物(PM2.5),62,46,62,41,59,60,60,NA,NA,12,15,7,8,0.7,0.9
2026-03-05T0600,1621A,118.3955,35.0889,临沂市,河东保险公司,细颗粒物(PM2.5),78,63,65,49,52,51,51,NA,NA,21,19,7,7,0.6,0.6
2026-03-05T0600,3370A,118.3563,35.0215,临沂市,十里堡居委,细颗粒物(PM2.5),64,63,59,42,49,52,52,NA,NA,21,19,7,7,0.8,0.9
2026-03-05T0600,3496A,118.359,35.1067,临沂市,南坊新区,细颗粒物(PM2.5),64,63,61,42,48,57,57,NA,NA,16,15,7,7,0.5,1.3
2026-03-05T0600,3860A,118.3915,35.0297,临沂市,皇山花园小区,细颗粒物(PM2.5),70,61,59,45,50,47,47,NA,NA,25,22,10,10,0.8,0.8
2026-03-05T0600,1870A,109.4854,24.3898,柳州市,柳东小学,细颗粒物(PM2.5),70,67,39,45,31,20,20,NA,NA,14,11,15,7,0.8,0.7
2026-03-05T0600,1871A,109.4109,24.3304,柳州市,环保监测站,细颗粒物(PM2.5),76,54,44,48,35,16,16,NA,NA,23,22,8,8,0.9,0.9
2026-03-05T0600,1872A,109.3886,24.3408,柳州市,河西水厂,细颗粒物(PM2.5),121,109,73,83,51,3,3,NA,NA,31,24,8,12,0.9,0.9
2026-03-05T0600,1873A,109.4263,24.2951,柳州市,市四中,细颗粒物(PM2.5),62,NA,41,41,33,22,22,NA,NA,14,15,11,10,0.8,0.9
2026-03-05T0600,1874A,109.396,24.3658,柳州市,市九中,细颗粒物(PM2.5),82,52,50,51,39,4,4,NA,NA,24,17,10,10,0.8,0.8
2026-03-05T0600,1875A,109.4912,24.3164,柳州市,古亭山,细颗粒物(PM2.5),76,NA,27,48,27,2,2,NA,NA,19,14,6,6,0.7,0.6
2026-03-05T0600,3402A,109.5422,24.3994,柳州市,市二中,细颗粒物(PM2.5),113,NA,41,74,36,7,7,NA,NA,22,15,7,6,0.8,0.7
2026-03-05T0600,2307A,116.5078,31.7369,六安市,监测大楼,细颗粒物(PM2.5),78,59,55,49,44,23,23,NA,NA,19,17,5,5,0.5,0.5
2026-03-05T0600,2308A,116.4738,31.7642,六安市,皖西学院,细颗粒物(PM2.5),62,51,58,41,43,27,27,NA,NA,19,19,4,4,0.4,0.5
2026-03-05T0600,2309A,116.4997,31.7904,六安市,朝阳厂,细颗粒物(PM2.5),64,48,53,42,46,24,24,NA,NA,23,22,3,5,0.5,0.6
2026-03-05T0600,2310A,116.5566,31.7885,六安市,开发区,细颗粒物(PM2.5),62,56,51,41,41,27,27,NA,NA,22,18,4,4,0.5,0.5
2026-03-05T0600,2577A,104.8293,26.592,六盘水市,黄土坡,细颗粒物(PM2.5),56,53,19,38,15,54,54,NA,NA,21,11,8,6,1.5,0.7
2026-03-05T0600,2579A,104.8481,26.5898,六盘水市,民中,,45,45,26,28,17,59,59,NA,NA,12,10,4,5,1.1,0.8
2026-03-05T0600,2580A,104.9541,26.5506,六盘水市,双水,,41,41,27,23,16,74,74,NA,NA,7,9,3,4,0.4,0.5
2026-03-05T0600,4151A,104.8899,26.5685,六盘水市,钟山大道中段564号,,42,40,28,29,15,69,69,NA,NA,7,9,6,7,0.8,0.9
2026-03-05T0600,2336A,117.022,25.1031,龙岩市,龙岩市监测站,,19,15,18,13,16,40,40,NA,NA,6,9,7,6,0.6,0.7
2026-03-05T0600,2337A,117.0257,25.0662,龙岩市,闽西职业技术学院,,19,NA,17,13,16,35,35,NA,NA,7,7,7,5,0.6,0.6
2026-03-05T0600,2338A,117.0195,25.0306,龙岩市,龙岩学院,,20,18,18,14,16,20,20,NA,NA,6,8,3,3,/,/
2026-03-05T0600,2885A,104.9344,33.3827,陇南市,滨江中学,颗粒物(PM10),93,110,70,30,23,65,65,NA,NA,5,9,6,9,0.4,0.5
2026-03-05T0600,3247A,104.9551,33.3709,陇南市,市总工会,颗粒物(PM10),93,109,71,34,24,69,69,NA,NA,4,10,4,7,0.4,0.7
2026-03-05T0600,2488A,111.9984,27.7346,娄底市,市监测站,,40,33,48,28,37,6,6,NA,NA,23,21,4,14,0.7,1
2026-03-05T0600,2491A,111.9888,27.7035,娄底市,市政府,,33,23,42,23,31,3,3,NA,NA,13,14,1,4,0.4,0.7
2026-03-05T0600,4127A,111.9812,27.7591,娄底市,涟钢职大,,29,29,44,12,32,2,2,NA,NA,21,17,2,7,0.3,0.9
2026-03-05T0600,4128A,112.0303,27.7457,娄底市,娄底体校,,28,28,47,11,31,2,2,NA,NA,6,14,2,4,0.2,0.5
2026-03-05T0600,1894A,105.4427,28.9063,泸州市,小市上码头,,32,27,20,22,14,51,51,NA,NA,13,13,8,8,0.5,0.6
2026-03-05T0600,1895A,105.4241,28.8573,泸州市,兰田宪桥,,38,38,23,24,13,48,48,NA,NA,11,16,6,6,0.8,0.8
2026-03-05T0600,1896A,105.4378,28.8833,泸州市,市环监站,,45,32,25,31,23,52,52,NA,NA,12,16,7,8,0.1,0.3
2026-03-05T0600,4272A,105.3689,28.7783,泸州市,纳溪中医医院,,38,31,24,26,18,43,43,NA,NA,14,16,6,6,0.7,0.7
2026-03-05T0600,2183A,111.1447,37.5212,吕梁市,环保局,颗粒物(PM10),75,84,100,26,60,30,30,NA,NA,30,32,6,7,0.3,0.7
2026-03-05T0600,2185A,111.1285,37.5338,吕梁市,自来水公司,颗粒物(PM10),69,76,104,28,54,32,32,NA,NA,30,31,6,8,0.4,1
2026-03-05T0600,2867A,111.1225,37.5093,吕梁市,马茂庄小学,颗粒物(PM10),74,83,110,19,60,13,13,NA,NA,41,31,8,8,0.6,1.1
2026-03-05T0600,1812A,112.3934,34.6517,洛阳市,市委党校,细颗粒物(PM2.5),126,NA,115,88,115,26,26,NA,NA,22,27,6,6,1.2,1.3
2026-03-05T0600,1815A,112.494,34.6883,洛阳市,河南林校,细颗粒物(PM2.5),143,NA,125,107,122,23,23,NA,NA,18,24,8,8,1.1,1.2
2026-03-05T0600,1816A,112.3843,34.623,洛阳市,开发区管委会,细颗粒物(PM2.5),102,91,141,62,99,30,30,NA,NA,17,22,8,9,1.0,1.2
2026-03-05T0600,1817A,112.4263,34.6249,洛阳市,市委新办公区,细颗粒物(PM2.5),120,87,146,82,119,23,23,NA,NA,22,26,7,7,1.0,1.2
2026-03-05T0600,3340A,112.6005,34.6323,洛阳市,伊滨,细颗粒物(PM2.5),140,120,166,104,125,19,19,NA,NA,23,26,8,8,1.3,1.3
2026-03-05T0600,3341A,112.495,34.6338,洛阳市,中移产业园,细颗粒物(PM2.5),130,107,132,93,117,18,18,NA,NA,21,26,7,7,1.1,1.2
2026-03-05T0600,3593A,112.5736,34.8993,洛阳市,吉利监测站,细颗粒物(PM2.5),144,128,117,108,110,19,19,NA,NA,20,22,7,7,1.0,1.1
2026-03-05T0600,3635A,112.3678,34.6623,洛阳市,河科大西苑校区,细颗粒物(PM2.5),114,77,113,75,99,35,35,NA,NA,23,27,7,7,1.1,1.2
2026-03-05T0600,3636A,112.4387,34.678,洛阳市,英才小学,细颗粒物(PM2.5),120,98,136,82,101,29,29,NA,NA,20,26,7,8,1.0,1.2
2026-03-05T0600,4214A,112.460027,34.694929,洛阳市,春都路1号院,细颗粒物(PM2.5),128,100,132,90,104,22,22,NA,NA,20,23,7,7,1.1,1.2
2026-03-05T0600,2399A,114.051,33.5721,漯河市,三五一五工厂,细颗粒物(PM2.5),103,81,95,63,71,34,34,NA,NA,20,20,4,4,0.8,0.8
2026-03-05T0600,2400A,114.0055,33.5698,漯河市,漯河大学,细颗粒物(PM2.5),106,68,79,66,76,37,37,NA,NA,20,21,5,5,0.7,0.7
2026-03-05T0600,2401A,114.0134,33.5826,漯河市,市水利局,细颗粒物(PM2.5),86,73,79,53,66,36,36,NA,NA,17,19,4,5,0.6,0.7
2026-03-05T0600,2402A,114.0261,33.5697,漯河市,市广电局,细颗粒物(PM2.5),90,71,80,55,64,33,33,NA,NA,15,16,5,5,0.7,0.7
2026-03-05T0600,3478A,113.9691,33.568,漯河市,市图书馆,细颗粒物(PM2.5),90,81,93,55,67,31,31,NA,NA,18,19,6,6,0.7,0.8
2026-03-05T0600,4250A,114.089259,33.588274,漯河市,韶山路11号,细颗粒物(PM2.5),86,69,88,53,64,23,23,NA,NA,25,20,6,6,0.7,0.7
2026-03-05T0600,1798A,118.5084,31.6838,马鞍山市,湖东路四小,细颗粒物(PM2.5),60,59,46,40,31,28,28,NA,NA,24,20,6,5,0.5,0.5
2026-03-05T0600,1799A,118.5019,31.6449,马鞍山市,开发区,细颗粒物(PM2.5),56,57,47,38,30,28,28,NA,NA,26,22,4,4,0.5,0.5
2026-03-05T0600,3633A,118.4914,31.681,马鞍山市,雨山,细颗粒物(PM2.5),62,61,52,41,32,25,25,NA,NA,26,19,4,4,0.5,0.5
2026-03-05T0600,4191A,118.527362,31.722269,马鞍山市,慈湖高新区,"颗粒物(PM10),细颗粒物(PM2.5)",58,60,46,39,32,25,25,NA,NA,27,22,4,4,0.4,0.4
2026-03-05T0600,1686A,111.0285,21.469,茂名市,电白南海,,24,24,23,13,13,13,13,NA,NA,14,14,12,8,0.8,0.8
2026-03-05T0600,1687A,110.9294,21.6533,茂名市,茂石化七小,,26,24,21,18,17,5,5,NA,NA,18,17,11,9,0.8,0.9
2026-03-05T0600,1688A,110.9108,21.6688,茂名市,健康路,,23,19,20,16,15,5,5,NA,NA,17,17,15,12,0.9,1
2026-03-05T0600,1689A,110.8592,21.6826,茂名市,高岭,,24,24,28,12,17,6,6,NA,NA,16,16,25,13,/,/
2026-03-05T0600,3450A,111.0101,21.5165,茂名市,电白水东,,22,22,13,12,12,17,17,NA,NA,19,20,9,6,/,/
2026-03-05T0600,2540A,103.8414,30.0871,眉山市,气象局,,50,50,42,19,19,57,57,NA,NA,10,13,10,6,0.7,0.6
2026-03-05T0600,3148A,103.829,30.0563,眉山市,区人社局,,46,46,39,20,19,56,56,NA,NA,11,16,8,7,0.7,0.7
2026-03-05T0600,4148A,103.8836,30.0695,眉山市,眉职院,,35,35,33,21,18,54,54,NA,NA,10,14,7,6,0.8,0.8
2026-03-05T0600,1690A,116.1248,24.3307,梅州市,梅江月梅,,9,8,11,3,6,3,3,NA,NA,17,14,/,/,/,/
2026-03-05T0600,1691A,116.0798,24.2719,梅州市,梅县新城,,10,10,10,3,6,9,9,NA,NA,11,14,7,8,0.8,0.8
2026-03-05T0600,3315A,116.1234,24.2994,梅州市,梅龙,,8,6,11,3,9,8,8,NA,NA,12,11,5,6,0.8,0.8
2026-03-05T0600,1878A,104.7775,31.4741,绵阳市,富乐山,,37,37,37,23,27,31,31,NA,NA,14,9,9,9,0.7,0.7
2026-03-05T0600,1880A,104.6698,31.4668,绵阳市,高新区自来水公司,,32,32,48,20,31,36,36,NA,NA,18,18,9,9,0.8,0.9
2026-03-05T0600,3491A,104.6899,31.5324,绵阳市,西科大附属小学,,39,39,51,26,34,31,31,NA,NA,22,20,7,8,0.8,0.8
2026-03-05T0600,3492A,104.5647,31.5343,绵阳市,安州区旅游局,,28,24,32,19,28,42,42,NA,NA,15,19,4,3,0.6,0.7
2026-03-05T0600,4146A,104.7092,31.4972,绵阳市,科技城新区公安局,,43,43,48,22,32,36,36,NA,NA,18,19,7,8,0.8,0.8
2026-03-05T0600,4226A,104.765114,31.453094,绵阳市,绵阳市气象局,,39,39,41,25,32,41,41,NA,NA,13,11,6,7,0.6,1
2026-03-05T0600,1784A,129.61,44.561,牡丹江市,环保大楼,,38,31,37,26,30,51,51,NA,NA,15,13,1,2,0.4,0.4
2026-03-05T0600,1787A,129.6364,44.6075,牡丹江市,机车工厂,细颗粒物(PM2.5),101,120,52,61,34,30,30,NA,NA,31,14,7,8,0.7,0.6
2026-03-05T0600,1788A,129.6386,44.5462,牡丹江市,第一中学,,30,NA,36,21,30,60,60,NA,NA,11,12,1,3,0.4,0.5
2026-03-05T0600,4287A,129.5992,44.5964,牡丹江市,东晓云街98号,细颗粒物(PM2.5),76,48,37,48,29,54,54,NA,NA,17,9,9,6,0.8,0.6
2026-03-05T0600,2531A,105.0703,29.61,内江市,市监测站,,36,33,30,25,23,67,67,NA,NA,9,11,7,7,0.6,0.6
2026-03-05T0600,2533A,105.0657,29.5807,内江市,内江二中,颗粒物(PM10),72,80,37,24,19,57,57,NA,NA,14,16,7,7,0.5,0.5
2026-03-05T0600,2534A,105.0407,29.5828,内江市,内江日报社,,35,31,27,24,19,56,56,NA,NA,16,18,7,7,0.5,0.5
2026-03-05T0600,4147A,105.0433,29.6105,内江市,玉峰路西段888号,,39,NA,23,27,23,62,62,NA,NA,10,13,7,8,0.4,0.4
2026-03-05T0600,2628A,92.0653,31.4846,那曲市,那曲监测站,颗粒物(PM10),60,63,53,39,30,16,16,NA,NA,35,21,4,5,3.0,1.2
2026-03-05T0600,4243A,92.0515,31.4787,那曲市,那曲市委宣传部,,26,26,38,9,19,39,39,NA,NA,10,10,4,5,1.0,0.7
2026-03-05T0600,1291A,115.8887,28.7006,南昌市,省林业公司,细颗粒物(PM2.5),94,61,55,57,47,24,24,NA,NA,26,21,4,4,0.8,0.8
2026-03-05T0600,1292A,115.813,28.7443,南昌市,林科所,细颗粒物(PM2.5),62,51,61,41,42,26,26,NA,NA,15,18,8,8,0.6,1.2
2026-03-05T0600,1294A,115.8518,28.687,南昌市,建工学校,细颗粒物(PM2.5),94,66,73,57,49,33,33,NA,NA,24,23,7,7,0.6,0.6
2026-03-05T0600,1295A,115.8926,28.6425,南昌市,象湖,细颗粒物(PM2.5),104,NA,59,64,51,37,37,NA,NA,20,21,8,8,1.1,1.1
2026-03-05T0600,3046A,115.9084,28.6062,南昌市,机电学校,NA,NA,67,72,44,46,39,39,NA,NA,19,19,NA,6,0.7,0.7
2026-03-05T0600,3690A,115.9718,28.7032,南昌市,外国语学校,细颗粒物(PM2.5),100,69,61,60,52,31,31,NA,NA,22,20,7,7,0.9,0.9
2026-03-05T0600,4106A,115.7923,28.6873,南昌市,工业二路,细颗粒物(PM2.5),72,78,75,46,47,45,45,NA,NA,15,24,4,4,0.7,0.7
2026-03-05T0600,4192A,115.931587,28.686774,南昌市,南京东路235号,细颗粒物(PM2.5),101,61,61,61,48,38,38,NA,NA,17,15,6,6,0.6,0.6
2026-03-05T0600,1906A,106.0791,30.8022,南充市,南充市委,,39,39,54,26,38,46,46,NA,NA,12,17,7,6,0.5,0.6
2026-03-05T0600,1907A,106.1038,30.8215,南充市,南充炼油厂,,41,41,44,18,27,43,43,NA,NA,10,14,5,4,0.6,0.6
2026-03-05T0600,4227A,106.108336,30.788436,南充市,梨树横街98号,,36,36,37,23,28,49,49,NA,NA,14,17,6,6,0.4,0.5
2026-03-05T0600,4304A,106.1172,30.843,南充市,清泉寺北路188号,,40,40,34,27,43,52,52,NA,NA,8,12,6,5,0.5,0.6
2026-03-05T0600,4305A,106.067,30.7616,南充市,同庆路1号,,50,50,41,32,44,50,50,NA,NA,11,16,7,6,0.6,0.7
2026-03-05T0600,1151A,118.8033,32.1085,南京市,迈皋桥,,37,37,47,22,28,17,17,NA,NA,28,16,2,3,0.2,0.3
2026-03-05T0600,1152A,118.7487,32.057,南京市,草场门,,42,39,43,29,27,15,15,NA,NA,52,31,8,7,0.4,0.4
2026-03-05T0600,1154A,118.770105,32.004342,南京市,中华门,,46,41,41,32,24,26,26,NA,NA,18,10,6,5,0.5,0.5
2026-03-05T0600,1155A,118.8059,32.0329,南京市,瑞金路,NA,NA,46,41,30,27,NA,NA,NA,NA,44,30,4,4,0.8,0.8
2026-03-05T0600,1156A,118.7946,32.0774,南京市,玄武湖,,41,41,45,25,26,0,0,NA,NA,60,39,7,6,0.5,0.6
2026-03-05T0600,1157A,118.6415,32.0964,南京市,浦口,颗粒物(PM10),59,62,54,34,29,15,15,NA,NA,32,26,5,4,0.7,0.6
2026-03-05T0600,1158A,118.730129,32.000956,南京市,奥体中心,,47,47,46,27,22,29,29,NA,NA,35,27,7,7,0.4,0.5
2026-03-05T0600,1159A,118.9072,32.1047,南京市,仙林大学城,,44,44,46,23,22,6,6,NA,NA,49,27,6,5,0.6,0.7
2026-03-05T0600,3422A,118.8443,31.919,南京市,江宁彩虹桥,,48,48,49,29,25,36,36,NA,NA,25,23,4,4,0.7,0.7
2026-03-05T0600,3427A,118.8497,32.3599,南京市,六合雄州,,40,40,36,21,19,37,37,NA,NA,20,19,4,4,0.7,0.7
2026-03-05T0600,4086A,118.7641,32.0841,南京市,新模范马路66号,,46,44,49,32,25,15,15,NA,NA,44,29,4,4,0.7,0.7
2026-03-05T0600,4249A,118.8707617,31.34017673,南京市,汶溪路181号,细颗粒物(PM2.5),60,46,41,40,29,18,18,NA,NA,36,23,5,6,0.5,0.4
2026-03-05T0600,4312A,119.019,31.6512,南京市,中山西路1号,,45,41,38,31,21,21,21,NA,NA,21,14,4,4,0.8,0.8
2026-03-05T0600,1401A,108.3098,22.788,南宁市,二十一中,细颗粒物(PM2.5),52,NA,30,36,28,39,39,NA,NA,17,16,6,6,0.7,0.7
2026-03-05T0600,1402A,108.3135,22.8529,南宁市,北湖,细颗粒物(PM2.5),105,NA,32,65,33,10,10,NA,NA,28,16,5,4,0.9,0.7
2026-03-05T0600,1403A,108.3205,22.8222,南宁市,市监测站,细颗粒物(PM2.5),60,NA,30,40,26,34,34,NA,NA,20,17,7,7,0.9,0.8
2026-03-05T0600,1404A,108.3828,22.8038,南宁市,大自然花园,,50,39,33,35,28,40,40,NA,NA,12,12,6,6,0.6,0.7
2026-03-05T0600,1406A,108.2397,22.8462,南宁市,区农职院,细颗粒物(PM2.5),80,52,35,50,28,19,19,NA,NA,17,10,6,6,0.8,0.6
2026-03-05T0600,1407A,108.3285,22.7356,南宁市,英华嘉园,,49,41,35,34,28,36,36,NA,NA,14,11,4,4,0.8,0.8
2026-03-05T0600,3401A,108.4829,22.762,南宁市,红星社区,细颗粒物(PM2.5),58,52,29,39,29,26,26,NA,NA,19,13,5,6,0.8,0.8
2026-03-05T0600,4132A,108.2927,23.1477,南宁市,起凤路9号,细颗粒物(PM2.5),88,NA,34,54,31,7,7,NA,NA,35,14,3,3,0.8,0.7
2026-03-05T0600,4221A,108.2177,22.7774,南宁市,乐贤路16号,细颗粒物(PM2.5),101,NA,34,61,28,11,11,NA,NA,26,18,3,3,1.0,0.7
2026-03-05T0600,2332A,118.1682,26.6371,南平市,南平市监测站,,18,16,12,12,9,35,35,NA,NA,10,7,6,5,0.3,0.3
2026-03-05T0600,2334A,118.1757,26.6276,南平市,南平七中,,16,14,13,11,8,35,35,NA,NA,9,6,2,2,0.5,0.5
2026-03-05T0600,1168A,120.9056,31.9669,南通市,狼山街道,,29,29,22,14,8,45,45,NA,NA,21,11,4,4,0.4,0.4
2026-03-05T0600,1170A,120.8635,32.0231,南通市,城中,,28,28,26,11,10,52,52,NA,NA,18,12,6,6,0.5,0.4
2026-03-05T0600,1171A,120.9376,31.9301,南通市,星湖花园,,20,20,20,11,8,52,52,NA,NA,18,12,3,3,0.4,0.4
2026-03-05T0600,1172A,120.8053,32.046,南通市,紫琅学院,,25,25,23,10,10,54,54,NA,NA,17,13,4,4,0.5,0.7
2026-03-05T0600,3291A,121.0631,32.0644,南通市,通州监测站,,21,19,16,8,7,65,65,NA,NA,11,11,3,3,0.6,0.6
2026-03-05T0600,3432A,120.9348,31.9874,南通市,环境教育馆,,24,24,24,12,10,45,45,NA,NA,28,18,3,3,0.4,0.4
2026-03-05T0600,4091A,120.8692,31.9885,南通市,洪江路,,22,21,20,15,9,49,49,NA,NA,15,10,3,3,0.5,0.5
2026-03-05T0600,2404A,112.5338,33.0086,南阳市,瓦房庄,细颗粒物(PM2.5),102,79,65,62,46,39,39,NA,NA,14,12,5,4,0.8,0.7
2026-03-05T0600,2405A,112.5002,32.9734,南阳市,汉画馆,细颗粒物(PM2.5),114,84,76,75,65,40,40,NA,NA,16,14,4,4,0.9,0.8
2026-03-05T0600,2406A,112.5778,33.0144,南阳市,气象站,颗粒物(PM10),82,94,78,50,50,33,33,NA,NA,20,16,5,4,0.8,0.7
2026-03-05T0600,2407A,112.548,32.9687,南阳市,理工学院,细颗粒物(PM2.5),94,82,69,57,50,37,37,NA,NA,17,13,5,5,0.8,0.8
2026-03-05T0600,4008A,112.5233,32.9921,南阳市,卧龙区政府,细颗粒物(PM2.5),92,87,72,56,50,40,40,NA,NA,14,12,6,5,0.8,0.7
2026-03-05T0600,1234A,121.8352,29.9111,宁波市,区环保大楼,,32,32,25,12,6,36,36,NA,NA,29,22,6,6,0.4,0.3
2026-03-05T0600,1235A,121.5595,29.8208,宁波市,万里学院,,26,26,24,10,7,47,47,NA,NA,23,26,3,4,0.4,0.4
2026-03-05T0600,1236A,121.713,29.9564,宁波市,龙赛医院,,34,34,23,16,6,36,36,NA,NA,22,20,4,4,0.4,0.4
2026-03-05T0600,1240A,121.5855,29.8635,宁波市,太古小学,,28,28,23,12,8,46,46,NA,NA,18,20,2,3,0.4,0.4
2026-03-05T0600,1241A,121.5239,29.8673,宁波市,市环境监测中心,,31,31,26,14,9,39,39,NA,NA,21,22,4,5,0.5,0.4
2026-03-05T0600,2871A,121.6156,29.9015,宁波市,万里国际学校,,40,40,24,14,7,49,49,NA,NA,18,23,3,4,0.6,0.5
2026-03-05T0600,3710A,121.5593,29.8976,宁波市,白沙活动中心,,23,23,21,14,8,44,44,NA,NA,17,19,4,4,0.4,0.4
2026-03-05T0600,4095A,121.8962,29.7529,宁波市,中科路88号,,21,21,20,6,4,58,58,NA,NA,13,18,5,5,0.5,0.5
2026-03-05T0600,2341A,119.5387,26.6611,宁德市,宁德市监测站,,16,11,23,11,15,33,33,NA,NA,14,16,4,4,0.5,0.6
2026-03-05T0600,3209A,119.5231,26.6562,宁德市,宁德一中,,20,16,23,14,18,37,37,NA,NA,10,13,4,4,0.3,0.4
2026-03-05T0600,2618A,98.859,25.8541,怒江傈僳族自治州,州监测站,细颗粒物(PM2.5),68,51,45,44,34,73,73,NA,NA,6,8,7,7,0.4,0.4
2026-03-05T0600,2619A,98.8607,25.8168,怒江傈僳族自治州,泸水一中,细颗粒物(PM2.5),56,44,43,38,35,48,48,NA,NA,7,14,5,5,0.4,0.5
2026-03-05T0600,1888A,101.6891,26.571,攀枝花市,弄弄坪,颗粒物(PM10),57,59,35,34,19,20,20,NA,NA,39,19,13,13,0.8,0.7
2026-03-05T0600,1889A,101.577,26.5914,攀枝花市,河门口,颗粒物(PM10),60,63,37,36,21,27,27,NA,NA,21,16,21,26,1.3,1.2
2026-03-05T0600,1891A,101.7365,26.4986,攀枝花市,仁和,细颗粒物(PM2.5),56,47,35,38,26,38,38,NA,NA,14,13,8,11,0.6,0.6
2026-03-05T0600,2835A,101.7222,26.567,攀枝花市,四十中小,细颗粒物(PM2.5),108,NA,33,68,20,37,37,NA,NA,27,19,25,24,0.8,0.8
2026-03-05T0600,1604A,122.0303,41.1489,盘锦市,开发区,,48,NA,27,33,23,62,62,NA,NA,10,10,4,5,0.4,0.4
2026-03-05T0600,1605A,122.0486,41.0883,盘锦市,兴隆台,,45,NA,30,31,22,65,65,NA,NA,15,14,6,8,0.4,0.4
2026-03-05T0600,1606A,121.8297,41.1026,盘锦市,新生街道,,33,23,25,23,21,65,65,NA,NA,18,16,6,7,0.5,0.5
2026-03-05T0600,1832A,113.3257,33.7423,平顶山市,新华旅馆,细颗粒物(PM2.5),113,105,102,74,80,19,19,NA,NA,26,22,5,5,0.5,0.5
2026-03-05T0600,1833A,113.2917,33.737,平顶山市,规划设计院,细颗粒物(PM2.5),120,114,105,82,80,26,26,NA,NA,18,20,5,5,0.6,0.6
2026-03-05T0600,1834A,113.182,33.7738,平顶山市,平顶山工学院,细颗粒物(PM2.5),111,91,88,72,73,25,25,NA,NA,19,17,3,3,0.3,0.4
2026-03-05T0600,3594A,112.8736,33.9068,平顶山市,石龙区,细颗粒物(PM2.5),92,80,86,56,73,36,36,NA,NA,14,16,5,5,0.7,0.7
2026-03-05T0600,4116A,113.284,33.7139,平顶山市,姚电大道23号,细颗粒物(PM2.5),121,116,107,83,81,26,26,NA,NA,19,18,4,5,0.7,0.7
2026-03-05T0600,2656A,106.6633,35.5338,平凉市,聚贤嘉苑,颗粒物(PM10),72,80,109,28,35,49,49,NA,NA,23,13,6,6,0.4,0.6
2026-03-05T0600,2657A,106.7021,35.5307,平凉市,博物馆,颗粒物(PM10),84,97,102,33,37,35,35,NA,NA,28,13,12,9,1.7,0.6
2026-03-05T0600,2348A,113.8384,27.6436,萍乡市,中医院,细颗粒物(PM2.5),60,55,61,40,44,25,25,NA,NA,10,18,4,4,0.5,0.8
2026-03-05T0600,2350A,113.8677,27.6438,萍乡市,市环保局,细颗粒物(PM2.5),68,59,56,44,46,24,24,NA,NA,6,16,2,4,0.5,1
2026-03-05T0600,2351A,113.8663,27.6202,萍乡市,安源区政府,细颗粒物(PM2.5),80,67,57,50,44,20,20,NA,NA,10,16,4,4,0.6,1
2026-03-05T0600,4107A,113.8686,27.6668,萍乡市,联洪村委会,细颗粒物(PM2.5),68,55,62,44,46,22,22,NA,NA,6,17,2,2,0.3,0.7
2026-03-05T0600,2319A,119.0142,25.4324,莆田市,荔城区仓后路,,21,6,19,3,7,66,66,NA,NA,7,9,/,/,/,/
2026-03-05T0600,2320A,119.0016,25.4553,莆田市,莆田市监测站,,25,6,13,3,5,77,77,NA,NA,3,5,2,2,0.4,0.4
2026-03-05T0600,2321A,119.112,25.4561,莆田市,涵江区六中,,18,6,33,3,17,57,57,NA,NA,10,13,/,/,0.5,0.5
2026-03-05T0600,2322A,119.1014,25.3215,莆田市,秀屿区政府,,24,10,22,3,10,74,74,NA,NA,4,7,3,3,0.4,0.4
2026-03-05T0600,2392A,115.0312,35.7636,濮阳市,环保局,细颗粒物(PM2.5),107,NA,111,67,93,34,34,NA,NA,18,27,6,6,1.1,1.2
2026-03-05T0600,3021A,115,35.7667,濮阳市,濮水河管理处,细颗粒物(PM2.5),111,85,125,72,93,33,33,NA,NA,16,22,6,6,0.9,1
2026-03-05T0600,4118A,115.0552,35.7816,濮阳市,中原东路68号,细颗粒物(PM2.5),96,85,134,58,87,33,33,NA,NA,17,25,4,4,0.8,0.9
2026-03-05T0600,4216A,115.0923632,35.76857718,濮阳市,任丘路479号,细颗粒物(PM2.5),107,91,136,67,96,32,32,NA,NA,18,26,4,4,1.3,1.4
2026-03-05T0600,2601A,100.9801,22.7634,普洱市,市环保局,细颗粒物(PM2.5),94,97,114,57,57,70,70,NA,NA,7,12,6,6,0.6,0.7
2026-03-05T0600,2602A,100.9763,22.8237,普洱市,普洱第二中学,细颗粒物(PM2.5),106,94,108,66,64,53,53,NA,NA,14,20,6,6,0.4,0.4
2026-03-05T0600,3345A,131.0413,45.7795,七台河市,中波台,细颗粒物(PM2.5),58,40,48,39,37,72,72,NA,NA,19,18,4,7,0.4,0.4
2026-03-05T0600,3637A,131.0136,45.7688,七台河市,人民广场,细颗粒物(PM2.5),52,48,54,36,36,74,74,NA,NA,20,24,6,8,0.4,0.4
2026-03-05T0600,3684A,130.8639,45.8144,七台河市,新建矿广场,细颗粒物(PM2.5),78,66,56,49,39,63,63,NA,NA,19,13,7,6,0.4,0.4
2026-03-05T0600,1779A,123.9307,47.3641,齐齐哈尔市,安居小区,,21,21,27,12,15,61,61,NA,NA,12,14,3,4,0.2,0.4
2026-03-05T0600,1780A,123.9497,47.3389,齐齐哈尔市,中心广场,,22,9,22,3,13,70,70,NA,NA,7,13,6,7,0.3,0.4
2026-03-05T0600,1781A,123.9483,47.3229,齐齐哈尔市,农牧车辆厂,,22,14,24,3,14,68,68,NA,NA,5,7,6,7,0.3,0.3
2026-03-05T0600,1783A,123.9442,47.2994,齐齐哈尔市,市环境监测站,,23,23,28,6,13,71,71,NA,NA,9,15,5,4,0.3,0.4
2026-03-05T0600,3662A,123.6341,47.2079,齐齐哈尔市,富区青少年活动中心,,21,13,31,8,15,66,66,NA,NA,8,10,4,4,0.5,0.4
2026-03-05T0600,2591A,107.9765,26.5724,黔东南苗族侗族自治州,市环境监测站,,22,22,22,15,16,11,11,NA,NA,8,11,2,4,0.6,0.6
2026-03-05T0600,2881A,107.8909,26.531,黔东南苗族侗族自治州,凯里学院,,22,NA,18,15,15,16,16,NA,NA,6,9,3,4,0.6,0.5
2026-03-05T0600,2593A,107.5223,26.2371,黔南布依族苗族自治州,小围寨,,26,19,21,18,19,6,6,NA,NA,10,9,4,5,0.7,0.6
2026-03-05T0600,3538A,107.5175,26.2977,黔南布依族苗族自治州,沙坝,,24,24,26,14,17,6,6,NA,NA,5,8,3,4,0.6,0.7
2026-03-05T0600,2589A,104.9022,25.0943,黔西南布依族苗族自治州,场坝街,,47,47,38,25,28,58,58,NA,NA,4,8,2,4,0.5,0.6
2026-03-05T0600,2590A,104.8812,25.0994,黔西南布依族苗族自治州,坪东大道,,45,38,32,31,28,53,53,NA,NA,6,8,4,5,0.6,0.7
2026-03-05T0600,2502A,108.6238,21.9667,钦州市,市环保站,,31,31,29,12,15,30,30,NA,NA,14,13,3,4,0.7,0.7
2026-03-05T0600,2503A,108.655,21.9481,钦州市,沙埠小学,,25,25,26,10,14,41,41,NA,NA,10,10,4,6,0.6,0.6
2026-03-05T0600,2504A,108.5989,21.7435,钦州市,港区一小,,33,33,31,13,18,37,37,NA,NA,18,18,3,3,0.5,0.5
2026-03-05T0600,3404A,108.5959,21.9634,钦州市,北职校,,39,39,27,21,17,19,19,NA,NA,24,11,6,4,1.0,0.7
2026-03-05T0600,1046A,119.5247,39.9346,秦皇岛市,建设大厦,颗粒物(PM10),63,67,51,31,23,64,64,NA,NA,7,11,5,5,0.3,0.4
2026-03-05T0600,3132A,119.5979,39.938,秦皇岛市,文明里,,45,45,45,30,22,66,66,NA,NA,13,16,8,9,0.3,0.4
2026-03-05T0600,4066A,119.7458,39.9952,秦皇岛市,南园路157号,,40,34,44,28,25,62,62,NA,NA,9,14,8,8,0.3,0.3
2026-03-05T0600,4067A,119.5131,39.8858,秦皇岛市,翠岛大街1号,,40,35,42,28,20,60,60,NA,NA,13,13,8,8,0.4,0.4
2026-03-05T0600,4198A,119.509013,39.825305,秦皇岛市,北戴河轮滑馆,,42,42,41,25,20,63,63,NA,NA,15,15,6,6,0.3,0.3
2026-03-05T0600,1310A,120.404,36.0625,青岛市,市南区东部子站,细颗粒物(PM2.5),86,73,84,53,71,82,82,NA,NA,8,12,8,8,0.7,0.9
2026-03-05T0600,1311A,120.362344,36.10282,青岛市,四方区子站,颗粒物(PM10),62,66,80,38,65,84,84,NA,NA,14,15,4,4,0.7,0.9
2026-03-05T0600,1312A,120.294373,36.054183,青岛市,市南区西部子站,细颗粒物(PM2.5),72,68,82,46,69,86,86,NA,NA,14,19,2,3,0.7,0.9
2026-03-05T0600,1313A,120.4581,36.0858,青岛市,崂山区子站,细颗粒物(PM2.5),80,73,84,50,66,90,90,NA,NA,8,9,6,7,0.6,0.8
2026-03-05T0600,1315A,120.3945,36.3083,青岛市,城阳区子站,细颗粒物(PM2.5),96,85,85,58,62,75,75,NA,NA,21,24,10,6,0.8,0.8
2026-03-05T0600,3642A,120.3454,36.0735,青岛市,市北区南部,颗粒物(PM10),64,69,86,38,64,85,85,NA,NA,9,13,2,2,0.7,0.8
2026-03-05T0600,3643A,120.3897,36.18,青岛市,李沧区北部,细颗粒物(PM2.5),64,68,83,42,65,67,67,NA,NA,22,19,7,8,0.7,0.8
2026-03-05T0600,4110A,120.5222,36.4089,青岛市,盟旺路653号,细颗粒物(PM2.5),104,92,91,64,69,91,91,NA,NA,7,9,1,2,0.7,0.8
2026-03-05T0600,4290A,120.196923,35.954556,青岛市,珠江路669号,细颗粒物(PM2.5),88,68,77,54,65,84,84,NA,NA,20,20,7,8,0.6,0.7
2026-03-05T0600,4291A,120.0424,35.8656,青岛市,黄岛区人民政府广场,细颗粒物(PM2.5),70,75,75,45,55,82,82,NA,NA,14,15,7,7,0.6,0.8
2026-03-05T0600,1703A,113.0218,23.7086,清远市,凤城街办,,20,17,14,14,12,31,31,NA,NA,11,16,/,/,/,/
2026-03-05T0600,3025A,113.0479,23.6343,清远市,技师学院,,23,23,18,14,11,25,25,NA,NA,17,17,4,4,0.8,0.7
2026-03-05T0600,3318A,112.9898,23.7403,清远市,清新太和,,22,18,13,15,11,37,37,NA,NA,10,13,5,4,0.8,0.8
2026-03-05T0600,3455A,113.076,23.72,清远市,清城东城,,22,19,17,15,11,35,35,NA,NA,11,17,/,/,/,/
2026-03-05T0600,2661A,107.6325,35.7357,庆阳市,庆阳五中,颗粒物(PM10),71,79,79,20,32,76,76,NA,NA,13,13,5,5,0.4,0.5
2026-03-05T0600,2662A,107.6361,35.7067,庆阳市,市环保局,颗粒物(PM10),68,74,73,25,32,84,84,NA,NA,7,11,5,5,0.6,0.7
2026-03-05T0600,1916A,103.7897,25.5036,曲靖市,环境监测站,细颗粒物(PM2.5),80,63,37,50,29,58,58,NA,NA,24,19,13,7,0.7,0.7
2026-03-05T0600,1917A,103.8013,25.5357,曲靖市,烟厂办公区,颗粒物(PM10),65,70,41,39,24,14,14,NA,NA,44,20,5,5,0.8,0.7
2026-03-05T0600,3376A,103.7926,25.4651,曲靖市,南苑二区,细颗粒物(PM2.5),74,50,32,47,30,54,54,NA,NA,17,17,4,4,0.7,0.6
2026-03-05T0600,3377A,103.7442,25.5259,曲靖市,曲靖师范学院,细颗粒物(PM2.5),111,92,44,72,35,4,4,NA,NA,82,21,4,3,0.8,0.5
2026-03-05T0600,1264A,118.8694,28.94,衢州市,环保大楼,细颗粒物(PM2.5),56,50,54,38,44,26,26,NA,NA,28,24,/,/,/,/
2026-03-05T0600,1266A,118.8622,28.9809,衢州市,衢州学院,细颗粒物(PM2.5),60,50,52,40,45,13,13,NA,NA,41,23,5,5,0.7,0.7
2026-03-05T0600,4097A,118.9646,28.9832,衢州市,衢州三中,细颗粒物(PM2.5),54,52,57,37,45,8,8,NA,NA,40,23,6,6,0.7,0.8
2026-03-05T0600,1611A,118.5818,24.9116,泉州市,涂山街,,16,11,17,7,11,49,49,NA,NA,7,9,2,3,0.5,0.4
2026-03-05T0600,1612A,118.597,24.8976,泉州市,津头埔,,16,15,20,8,12,49,49,NA,NA,10,10,2,2,0.4,0.5
2026-03-05T0600,1613A,118.6669,24.9422,泉州市,万安,,17,12,20,3,11,52,52,NA,NA,9,10,2,3,0.4,0.4
2026-03-05T0600,4105A,118.6355,24.9148,泉州市,霞新路6号,,13,11,16,7,11,41,41,NA,NA,10,11,/,/,0.4,0.4
2026-03-05T0600,2626A,88.8873,29.2723,日喀则市,日喀则监测站,,18,NA,32,12,12,44,44,NA,NA,10,12,6,6,0.4,0.4
2026-03-05T0600,3726A,88.8775,29.2425,日喀则市,林业技术推广中心,,15,15,53,6,9,45,45,NA,NA,6,7,4,5,0.4,0.4
2026-03-05T0600,1659A,119.4711,35.421,日照市,监测站,细颗粒物(PM2.5),110,85,75,70,55,55,55,NA,NA,28,22,7,6,0.9,0.8
2026-03-05T0600,1660A,119.523,35.4216,日照市,市政府广场,细颗粒物(PM2.5),88,80,72,54,53,70,70,NA,NA,17,17,5,5,0.7,0.7
2026-03-05T0600,1661A,119.5511,35.4113,日照市,港务局,细颗粒物(PM2.5),101,85,75,61,54,67,67,NA,NA,26,21,4,4,0.8,0.7
2026-03-05T0600,3507A,119.5326,35.4627,日照市,职业技术学院,细颗粒物(PM2.5),105,80,73,65,57,68,68,NA,NA,26,21,6,6,0.9,0.9
2026-03-05T0600,3604A,119.3267,35.1043,日照市,岚山环保分局,颗粒物(PM10),55,56,74,30,48,72,72,NA,NA,22,21,9,9,0.7,0.8
2026-03-05T0600,1835A,111.1922,34.7752,三门峡市,市政府,,45,42,46,31,45,17,17,NA,NA,23,16,6,6,0.9,0.9
2026-03-05T0600,1836A,111.1588,34.794,三门峡市,开发区,细颗粒物(PM2.5),58,44,60,39,53,26,26,NA,NA,16,16,7,8,0.9,0.9
2026-03-05T0600,3039A,111.1911,34.7829,三门峡市,三门峡市第一小学,,45,40,48,31,46,24,24,NA,NA,20,17,10,8,0.8,0.8
2026-03-05T0600,3598A,111.1031,34.719,三门峡市,富达温泉假日酒店,细颗粒物(PM2.5),62,44,55,41,51,24,24,NA,NA,23,24,9,10,0.8,0.7
2026-03-05T0600,2324A,117.621,26.2626,三明市,三钢,,23,NA,18,16,13,44,44,NA,NA,9,10,7,7,0.5,0.5
2026-03-05T0600,2325A,117.6352,26.2714,三明市,三明二中,,19,19,15,11,9,44,44,NA,NA,8,9,10,9,0.3,0.3
2026-03-05T0600,2326A,117.6028,26.2377,三明市,三元区政府,,19,17,14,13,11,49,49,NA,NA,10,10,8,6,0.5,0.5
2026-03-05T0600,1877A,109.4962,18.2682,三亚市,河西子站,,13,11,13,3,6,40,40,NA,NA,9,7,4,4,0.6,0.5
2026-03-05T0600,3540A,109.7348,18.3443,三亚市,君悦子站,,12,7,12,3,5,37,37,NA,NA,11,9,3,3,0.6,0.6
2026-03-05T0600,4135A,109.1714,18.3739,三亚市,城东小学站,,15,14,17,10,13,12,12,NA,NA,15,10,/,/,/,/
2026-03-05T0600,2624A,91.7592,29.234,山南市,山南监测站,,16,16,29,3,7,51,51,NA,NA,3,6,1,2,0.3,0.3
2026-03-05T0600,2625A,91.7701,29.2436,山南市,山南人民医院,,22,22,36,3,7,45,45,NA,NA,6,5,5,5,0.4,0.4
2026-03-05T0600,1674A,116.6795,23.3666,汕头市,金平子站,,40,NA,21,28,19,42,42,NA,NA,12,11,5,5,0.7,0.6
2026-03-05T0600,1675A,116.7248,23.3632,汕头市,龙湖子站,,45,NA,22,31,21,42,42,NA,NA,15,15,4,5,/,/
2026-03-05T0600,1676A,116.7257,23.2774,汕头市,濠江子站,,42,NA,22,29,18,42,42,NA,NA,16,13,7,7,/,/
2026-03-05T0600,1677A,116.7518,23.4712,汕头市,澄海子站,,48,NA,30,33,28,37,37,NA,NA,8,10,6,7,0.6,0.6
2026-03-05T0600,1678A,116.6088,23.2539,汕头市,潮阳子站,,33,NA,19,23,19,51,51,NA,NA,7,8,5,6,0.5,0.4
2026-03-05T0600,3444A,116.4539,23.2684,汕头市,潮南峡山,,25,19,26,17,21,50,50,NA,NA,7,10,5,6,0.6,0.5
2026-03-05T0600,3624A,116.4069,23.2533,汕头市,潮南子站,,42,32,41,29,31,40,40,NA,NA,10,15,5,7,/,/
2026-03-05T0600,1693A,115.3653,22.7751,汕尾市,市环保局,,8,6,9,3,9,21,21,NA,NA,8,9,5,5,0.8,0.8
2026-03-05T0600,1695A,115.362,22.7926,汕尾市,新城中学,,8,NA,8,3,8,23,23,NA,NA,6,8,5,5,0.7,0.7
2026-03-05T0600,2645A,109.9155,33.8714,商洛市,监测站,细颗粒物(PM2.5),72,58,40,46,34,40,40,NA,NA,20,17,16,7,0.8,0.6
2026-03-05T0600,3045A,109.9647,33.8486,商洛市,商州区中学,细颗粒物(PM2.5),84,54,38,52,37,31,31,NA,NA,21,14,6,5,0.6,0.6
2026-03-05T0600,2408A,115.6701,34.4283,商丘市,环境监测站,细颗粒物(PM2.5),80,54,78,50,70,25,25,NA,NA,22,13,1,2,0.6,0.8
2026-03-05T0600,2409A,115.6458,34.4047,商丘市,粮食局,细颗粒物(PM2.5),96,NA,74,58,69,26,26,NA,NA,22,14,1,2,0.5,0.6
2026-03-05T0600,3171A,115.6069,34.4465,商丘市,梁园区档案局,细颗粒物(PM2.5),74,NA,64,47,48,29,29,NA,NA,20,16,1,1,0.4,0.5
2026-03-05T0600,4119A,115.6701,34.3767,商丘市,北海东路185号,细颗粒物(PM2.5),72,62,82,46,66,28,28,NA,NA,21,14,2,2,0.5,0.7
2026-03-05T0600,4120A,115.6172,34.3704,商丘市,中山大街3号,细颗粒物(PM2.5),98,66,84,59,68,25,25,NA,NA,23,17,4,4,0.5,0.6
2026-03-05T0600,1141A,121.401,31.2382,上海市,普陀,,30,30,21,16,12,63,63,NA,NA,21,19,5,5,0.4,0.4
2026-03-05T0600,1142A,121.4774,31.2043,上海市,十五厂,,31,31,20,18,11,56,56,NA,NA,26,20,8,7,0.6,0.6
2026-03-05T0600,1143A,121.4673,31.3011,上海市,虹口,,31,31,20,15,10,48,48,NA,NA,24,16,5,5,0.2,0.2
2026-03-05T0600,1147A,121.4253,31.226,上海市,静安监测站,,30,30,20,16,11,61,61,NA,NA,22,16,7,7,0.4,0.4
2026-03-05T0600,1148A,121.7029,31.1905,上海市,浦东川沙,,28,28,18,15,9,46,46,NA,NA,34,15,5,4,0.0,0
2026-03-05T0600,1149A,121.5339,31.229,上海市,浦东新区监测站,,26,26,16,15,10,54,54,NA,NA,21,12,5,5,0.5,0.6
2026-03-05T0600,1150A,121.5776,31.2038,上海市,浦东张江,,31,31,17,18,10,54,54,NA,NA,24,14,6,6,0.8,0.6
2026-03-05T0600,3265A,121.4242,31.3303,上海市,宝山庙行,,32,32,21,19,10,48,48,NA,NA,26,20,9,9,0.4,0.4
2026-03-05T0600,3266A,121.8789,31.4662,上海市,崇明上实东滩,,25,17,14,11,9,80,80,NA,NA,6,3,6,6,0.3,0.3
2026-03-05T0600,3268A,121.316,31.2839,上海市,嘉定南翔,,27,27,19,13,11,57,57,NA,NA,22,19,5,4,0.3,0.4
2026-03-05T0600,3269A,121.3357,30.7455,上海市,金山新城,,24,22,16,10,10,74,74,NA,NA,9,13,3,3,0.4,0.4
2026-03-05T0600,3270A,121.4996,31.0741,上海市,闵行浦江,,31,31,17,21,11,51,51,NA,NA,19,15,6,6,0.5,0.4
2026-03-05T0600,3271A,121.2886,31.1663,上海市,青浦徐泾,,36,36,20,20,12,56,56,NA,NA,25,17,5,4,0.4,0.4
2026-03-05T0600,3272A,121.2193,31.0382,上海市,松江图书馆,,46,46,25,27,14,37,37,NA,NA,38,22,7,6,0.5,0.4
2026-03-05T0600,3273A,121.3904,31.206,上海市,长宁仙霞,,34,34,19,20,11,62,62,NA,NA,18,15,8,7,0.4,0.4
2026-03-05T0600,3274A,121.7964,31.0507,上海市,浦东惠南,,24,24,19,15,10,65,65,NA,NA,16,14,4,4,0.5,0.4
2026-03-05T0600,3544A,121.4891,30.925,上海市,奉贤南桥新城,,29,29,22,16,13,56,56,NA,NA,18,12,4,3,0.4,0.4
2026-03-05T0600,4183A,121.417401,31.16637,上海市,冠生园路458号,,28,28,17,19,11,56,56,NA,NA,20,17,5,6,0.6,0.6
2026-03-05T0600,4205A,121.541914,31.268301,上海市,宁武路151号,,30,30,19,18,11,45,45,NA,NA,32,24,6,6,0.2,0.2
2026-03-05T0600,2382A,117.9758,28.4439,上饶市,市监测站,细颗粒物(PM2.5),72,54,56,46,48,25,25,NA,NA,24,15,5,5,/,/
2026-03-05T0600,2383A,117.9521,28.4637,上饶市,凤凰光学,细颗粒物(PM2.5),72,52,55,46,50,20,20,NA,NA,25,20,10,8,0.9,0.9
2026-03-05T0600,3685A,117.897,28.4316,上饶市,双创科技城,细颗粒物(PM2.5),78,52,56,49,51,25,25,NA,NA,28,19,8,5,0.9,1
2026-03-05T0600,4211A,118.190438,28.444845,上饶市,裕丰大道,细颗粒物(PM2.5),60,58,66,40,51,26,26,NA,NA,25,20,12,11,0.8,0.8
2026-03-05T0600,1669A,113.5821,24.7733,韶关市,市八中,,34,34,26,23,17,34,34,NA,NA,10,11,7,7,0.5,0.6
2026-03-05T0600,1671A,113.5916,24.7973,韶关市,园林处,,26,22,20,18,16,33,33,NA,NA,10,9,7,7,/,/
2026-03-05T0600,1673A,113.5971,24.6864,韶关市,曲江监测站,,29,23,20,20,17,36,36,NA,NA,12,13,16,9,0.7,0.8
2026-03-05T0600,2809A,113.6668,24.7756,韶关市,大学路288号,,26,22,20,18,16,23,23,NA,NA,13,11,7,6,/,/
2026-03-05T0600,3622A,113.5556,24.8082,韶关市,碧湖山庄,,32,30,25,22,17,21,21,NA,NA,10,10,6,7,0.8,0.9
2026-03-05T0600,2464A,111.5277,27.2442,邵阳市,市化工厂,,43,31,31,30,27,0,0,NA,NA,20,13,4,4,0.8,0.7
2026-03-05T0600,2466A,111.4327,27.2276,邵阳市,市环保局,,49,NA,26,34,26,20,20,NA,NA,13,13,6,7,1.0,0.9
2026-03-05T0600,4218A,111.446,27.2472,邵阳市,北塔二期4-26地块,,41,41,25,18,23,6,6,NA,NA,11,13,7,7,0.6,0.6
2026-03-05T0600,4219A,111.4739,27.2282,邵阳市,邵水西路287号,,42,NA,28,29,26,18,18,NA,NA,17,14,5,4,0.7,0.6
2026-03-05T0600,1247A,120.6053,29.9927,绍兴市,城东开发委,,25,24,18,17,11,23,23,NA,NA,23,19,8,8,0.4,0.4
2026-03-05T0600,2921A,120.5482,30.0003,绍兴市,树下王站,,39,39,25,21,14,21,21,NA,NA,28,20,6,6,0.2,0.2
2026-03-05T0600,3408A,120.5685,29.936,绍兴市,绍兴中专,,37,37,26,18,12,17,17,NA,NA,19,16,7,7,0.6,0.5
2026-03-05T0600,3409A,120.4905,30.086,绍兴市,柯桥区政府,,45,45,28,22,14,33,33,NA,NA,23,19,5,5,0.4,0.3
2026-03-05T0600,3410A,120.8751,30.0249,绍兴市,重华小学,,38,38,25,21,14,29,29,NA,NA,22,19,7,7,0.3,0.3
2026-03-05T0600,3411A,120.837,30.0137,绍兴市,上虞中学,,41,41,25,22,14,19,19,NA,NA,31,18,6,6,0.3,0.3
2026-03-05T0600,3560A,120.4715,30.0414,绍兴市,柯桥妇保,,42,42,25,24,14,25,25,NA,NA,26,20,5,5,0.5,0.5
2026-03-05T0600,3658A,120.6156,30.0762,绍兴市,袍江中学,,49,49,30,26,17,30,30,NA,NA,18,17,8,8,0.3,0.4
2026-03-05T0600,1356A,114.0948,22.5506,深圳市,通心岭子站,,7,7,12,3,2,10,10,NA,NA,14,18,4,4,0.6,0.6
2026-03-05T0600,1357A,114.1153,22.5713,深圳市,洪湖,,9,9,12,6,6,12,12,NA,NA,16,20,5,5,0.7,0.8
2026-03-05T0600,1358A,113.9823,22.5398,深圳市,华侨城,,6,6,13,3,6,10,10,NA,NA,12,18,/,/,/,/
2026-03-05T0600,1359A,113.9181,22.517,深圳市,南海子站,,9,8,14,3,7,7,7,NA,NA,17,20,6,6,0.6,0.7
2026-03-05T0600,1360A,114.2345,22.565,深圳市,盐田,,10,6,7,3,2,5,5,NA,NA,20,15,6,6,0.7,0.7
2026-03-05T0600,1363A,114.4911,22.5381,深圳市,南澳,,6,6,4,3,0,17,17,NA,NA,12,9,/,/,/,/
2026-03-05T0600,1364A,114.41,22.6346,深圳市,葵涌,,7,6,5,3,3,15,15,NA,NA,7,9,7,7,0.7,0.8
2026-03-05T0600,1365A,114.2967,22.5978,深圳市,梅沙,,7,6,6,3,2,20,20,NA,NA,9,12,/,/,/,/
2026-03-05T0600,1366A,114.0563,22.7353,深圳市,观澜,,13,13,16,7,9,11,11,NA,NA,14,17,4,6,0.8,0.8
2026-03-05T0600,3305A,114.0614,22.556,深圳市,莲花,,9,9,11,6,8,7,7,NA,NA,12,15,/,/,/,/
2026-03-05T0600,3306A,114.0144,22.6163,深圳市,民治,,10,10,13,6,8,16,16,NA,NA,12,16,/,/,/,/
2026-03-05T0600,3307A,114.1756,22.6421,深圳市,横岗,,18,15,13,12,10,13,13,NA,NA,12,14,/,/,/,/
2026-03-05T0600,3447A,114.344,22.7115,深圳市,坪山,,19,16,11,13,8,16,16,NA,NA,12,15,3,3,0.7,0.7
2026-03-05T0600,3623A,113.8952,22.586,深圳市,西乡,,12,12,13,3,7,10,10,NA,NA,17,17,5,5,0.8,0.7
2026-03-05T0600,4220A,114.214113,22.713717,深圳市,黄阁路,,13,12,10,9,6,16,16,NA,NA,12,15,6,7,0.8,0.8
2026-03-05T0600,1099A,123.5058,41.7084,沈阳市,浑南东路,,48,46,62,33,39,42,42,NA,NA,33,31,10,12,0.5,0.6
2026-03-05T0600,1100A,123.4238,41.6992,沈阳市,新秀街,,45,42,38,31,28,46,46,NA,NA,36,25,11,10,0.7,0.7
2026-03-05T0600,1102A,123.5903,41.8412,沈阳市,东陵路,,49,39,47,34,43,57,57,NA,NA,14,21,5,6,0.7,0.7
2026-03-05T0600,1103A,123.4267,41.8466,沈阳市,陵东街,细颗粒物(PM2.5),86,64,74,53,49,23,23,NA,NA,50,34,11,9,0.7,0.7
2026-03-05T0600,1104A,123.4116,41.7654,沈阳市,文化路,细颗粒物(PM2.5),78,63,46,49,32,35,35,NA,NA,42,26,14,9,0.7,0.6
2026-03-05T0600,1105A,123.4673,41.787,沈阳市,小河沿,细颗粒物(PM2.5),64,52,55,42,34,40,40,NA,NA,35,22,8,9,0.6,0.7
2026-03-05T0600,1106A,123.4019,41.7978,沈阳市,太原街,细颗粒物(PM2.5),101,86,46,61,38,33,33,NA,NA,44,26,8,7,0.6,0.6
2026-03-05T0600,1108A,123.3778,41.9233,沈阳市,京沈街,细颗粒物(PM2.5),60,44,48,40,41,38,38,NA,NA,34,27,12,13,0.7,0.7
2026-03-05T0600,2897A,123.2429,41.7341,沈阳市,沈辽西路,细颗粒物(PM2.5),62,63,72,41,47,28,28,NA,NA,51,46,12,15,0.6,0.6
2026-03-05T0600,2900A,123.5951,41.9085,沈阳市,裕农路,细颗粒物(PM2.5),66,54,68,43,49,37,37,NA,NA,36,30,8,8,0.7,0.8
2026-03-05T0600,2429A,110.78,32.6494,十堰市,滨河新村,细颗粒物(PM2.5),96,81,55,58,46,62,62,NA,NA,14,17,/,/,0.8,0.9
2026-03-05T0600,2430A,110.7305,32.6408,十堰市,刘家沟,细颗粒物(PM2.5),100,74,58,60,47,51,51,NA,NA,12,12,/,/,/,/
2026-03-05T0600,2431A,110.8843,32.5712,十堰市,铁二处,细颗粒物(PM2.5),106,88,62,66,55,52,52,NA,NA,10,14,7,8,0.9,0.9
2026-03-05T0600,3545A,110.8053,32.8401,十堰市,郧阳区金沙路,细颗粒物(PM2.5),103,75,50,63,41,61,61,NA,NA,9,13,6,6,0.9,0.9
2026-03-05T0600,2709A,86.0391,44.298,石河子市,艾青诗歌馆,细颗粒物(PM2.5),102,103,85,62,66,102,102,NA,NA,15,24,7,10,0.8,0.7
2026-03-05T0600,3442A,86.047,44.2331,石河子市,南区管委会,细颗粒物(PM2.5),92,91,83,56,65,92,92,NA,NA,15,21,4,5,1.1,1
2026-03-05T0600,4051A,86.0791,44.3018,石河子市,世纪广场,颗粒物(PM10),101,121,80,59,65,113,113,NA,NA,14,22,6,8,0.8,0.8
2026-03-05T0600,4167A,86.0126,44.2349,石河子市,城南景苑小区,细颗粒物(PM2.5),56,55,90,38,60,102,102,NA,NA,8,15,5,6,0.6,0.6
2026-03-05T0600,1030A,114.5919,38.0328,石家庄市,高新区,细颗粒物(PM2.5),70,59,68,45,57,46,46,NA,NA,9,16,3,4,0.6,0.8
2026-03-05T0600,1032A,114.4556,38.0136,石家庄市,西南高教,细颗粒物(PM2.5),82,59,76,51,63,49,49,NA,NA,10,19,3,3,0.5,0.7
2026-03-05T0600,1033A,114.533,38.0177,石家庄市,世纪公园,细颗粒物(PM2.5),82,59,82,51,59,46,46,NA,NA,2,6,1,1,0.6,0.9
2026-03-05T0600,1034A,114.5105,38.0489,石家庄市,人民会堂,细颗粒物(PM2.5),103,NA,75,63,69,46,46,NA,NA,4,10,3,3,0.6,0.7
2026-03-05T0600,3456A,114.2887,38.0905,石家庄市,鹿泉一中,细颗粒物(PM2.5),72,60,79,46,64,4,4,NA,NA,8,16,1,2,0.6,0.9
2026-03-05T0600,4024A,114.6491,37.9014,石家庄市,栾城区星河路,细颗粒物(PM2.5),66,NA,60,43,60,45,45,NA,NA,9,16,3,3,0.6,0.8
2026-03-05T0600,4059A,114.4563,38.0365,石家庄市,裕华西路63号,细颗粒物(PM2.5),90,NA,65,55,66,45,45,NA,NA,13,19,3,2,0.7,0.9
2026-03-05T0600,4060A,114.5586,38.0581,石家庄市,和平路363号,细颗粒物(PM2.5),101,NA,64,61,68,48,48,NA,NA,5,13,3,3,0.6,0.8
2026-03-05T0600,4061A,114.8347,38.0213,石家庄市,廉州西路160号,细颗粒物(PM2.5),94,59,60,57,63,46,46,NA,NA,1,7,1,1,0.7,0.8
2026-03-05T0600,4062A,114.4498,38.0729,石家庄市,北城路41号,细颗粒物(PM2.5),92,75,77,56,57,48,48,NA,NA,15,22,3,3,0.5,0.7
2026-03-05T0600,4314A,114.0494,38.059,石家庄市,矿区区委大楼,,42,39,76,29,52,29,29,NA,NA,12,21,5,7,0.6,1
2026-03-05T0600,1948A,106.3668,39.0145,石嘴山市,大武口朝阳西街,颗粒物(PM10),68,74,92,29,32,91,91,NA,NA,3,14,7,23,0.5,0.8
2026-03-05T0600,1949A,106.7713,39.2278,石嘴山市,惠农南大街,颗粒物(PM10),167,283,134,74,39,74,74,NA,NA,15,24,13,22,0.8,0.7
2026-03-05T0600,1950A,106.7074,39.1332,石嘴山市,红果子镇惠新街,颗粒物(PM10),72,80,113,38,35,45,45,NA,NA,30,24,71,37,0.8,0.8
2026-03-05T0600,3520A,106.3495,38.9837,石嘴山市,妇女儿童医院,颗粒物(PM10),58,61,93,22,29,89,89,NA,NA,6,16,5,24,0.3,0.6
2026-03-05T0600,3521A,106.7495,39.2068,石嘴山市,石大公路,颗粒物(PM10),115,159,143,67,41,74,74,NA,NA,13,25,14,37,0.8,0.9
2026-03-05T0600,2248A,131.1509,46.6936,双鸭山市,双合村,细颗粒物(PM2.5),82,64,52,51,41,52,52,NA,NA,15,17,8,8,0.9,0.7
2026-03-05T0600,2249A,131.1651,46.6191,双鸭山市,南小市,细颗粒物(PM2.5),96,NA,40,58,41,48,48,NA,NA,19,15,6,7,1.1,0.7
2026-03-05T0600,2250A,131.1526,46.6554,双鸭山市,环保局,细颗粒物(PM2.5),72,58,56,46,40,62,62,NA,NA,12,20,5,6,0.4,0.5
2026-03-05T0600,2166A,112.4399,39.3521,朔州市,平朔,颗粒物(PM10),82,94,104,24,53,34,34,NA,NA,26,17,5,9,0.4,0.5
2026-03-05T0600,2167A,112.4574,39.362,朔州市,朔唯,颗粒物(PM10),85,99,105,38,53,20,20,NA,NA,39,20,21,11,/,/
2026-03-05T0600,2168A,112.426,39.3199,朔州市,区政府,颗粒物(PM10),88,102,99,21,51,61,61,NA,NA,8,14,3,9,0.3,0.5
2026-03-05T0600,2169A,112.4075,39.3277,朔州市,市环保局,颗粒物(PM10),91,107,106,21,52,62,62,NA,NA,13,21,4,8,/,/
2026-03-05T0600,2170A,112.4273,39.3682,朔州市,市二中,颗粒物(PM10),89,104,103,24,49,19,19,NA,NA,39,14,10,11,/,/
2026-03-05T0600,3571A,112.2938,39.5296,朔州市,一水厂,颗粒物(PM10),79,90,115,23,45,69,69,NA,NA,6,10,2,7,0.4,0.8
2026-03-05T0600,2226A,124.3744,43.1842,四平市,境园,颗粒物(PM10),57,59,56,34,39,4,4,NA,NA,47,31,2,4,0.6,0.7
2026-03-05T0600,3486A,124.4029,43.1411,四平市,植物园,细颗粒物(PM2.5),84,NA,45,52,45,19,19,NA,NA,42,29,4,5,0.7,0.6
2026-03-05T0600,3713A,124.3286,43.1726,四平市,世纪城,颗粒物(PM10),61,65,60,40,42,34,34,NA,NA,37,30,4,4,0.5,0.5
2026-03-05T0600,2233A,124.8007,45.1213,松原市,江南,细颗粒物(PM2.5),137,NA,46,100,37,3,3,NA,NA,53,29,4,2,0.9,0.4
2026-03-05T0600,2234A,124.7967,45.1721,松原市,江北,细颗粒物(PM2.5),92,96,42,56,27,5,5,NA,NA,56,29,2,2,0.9,0.5
2026-03-05T0600,1163A,120.5974,31.3247,苏州市,轧钢厂,,37,37,28,16,13,48,48,NA,NA,24,27,8,8,0.6,0.6
2026-03-05T0600,1164A,120.6329,31.2741,苏州市,吴中区,,37,37,28,16,13,46,46,NA,NA,26,27,6,6,0.5,0.5
2026-03-05T0600,1165A,120.5566,31.3049,苏州市,苏州新区,,32,32,26,17,14,54,54,NA,NA,23,27,7,7,0.5,0.6
2026-03-05T0600,1166A,120.668709,31.312523,苏州市,苏州工业园区,,32,32,28,13,12,55,55,NA,NA,24,29,6,6,0.4,0.4
2026-03-05T0600,1167A,120.6408,31.3707,苏州市,相城区,,34,34,25,13,9,49,49,NA,NA,27,22,5,5,0.5,0.5
2026-03-05T0600,3289A,120.7431,31.3188,苏州市,方洲路,,30,30,25,16,14,52,52,NA,NA,17,23,8,8,0.6,0.6
2026-03-05T0600,3290A,120.4979,31.2777,苏州市,木渎中学,,41,41,31,18,15,38,38,NA,NA,22,26,6,6,0.4,0.4
2026-03-05T0600,3425A,120.642,31.1733,苏州市,越秀幼儿园,,31,31,30,20,14,50,50,NA,NA,21,23,5,4,0.5,0.6
2026-03-05T0600,3431A,120.6502,31.4117,苏州市,高铁新城,,37,37,28,18,14,42,42,NA,NA,29,22,5,5,0.5,0.6
2026-03-05T0600,4090A,120.4282,31.3228,苏州市,学森路9号,,29,29,26,10,10,32,32,NA,NA,23,26,5,5,0.6,0.6
2026-03-05T0600,1220A,118.2924,33.933,宿迁市,宿迁学院,颗粒物(PM10),56,58,55,30,36,38,38,NA,NA,24,20,4,4,0.4,0.4
2026-03-05T0600,1221A,118.2321,33.9572,宿迁市,宿迁中学,细颗粒物(PM2.5),56,48,52,38,44,47,47,NA,NA,10,8,3,2,0.4,0.5
2026-03-05T0600,2996A,118.2781,33.9658,宿迁市,市供电局,细颗粒物(PM2.5),60,54,51,40,44,40,40,NA,NA,17,10,3,3,0.4,0.5
2026-03-05T0600,3191A,118.3243,33.95,宿迁市,宿豫区政府,颗粒物(PM10),55,56,55,36,44,45,45,NA,NA,22,17,6,6,0.4,0.4
2026-03-05T0600,4094A,118.352,33.7886,宿迁市,春华路,颗粒物(PM10),55,56,55,36,41,40,40,NA,NA,13,10,4,4,0.7,0.8
2026-03-05T0600,3187A,116.9508,33.666,宿州市,远航博物馆,细颗粒物(PM2.5),60,58,62,40,40,37,37,NA,NA,17,15,2,2,0.5,0.6
2026-03-05T0600,3463A,116.9708,33.5911,宿州市,社会福利中心,细颗粒物(PM2.5),80,54,56,50,46,39,39,NA,NA,21,21,4,4,0.3,0.4
2026-03-05T0600,3701A,116.9647,33.6252,宿州市,皖北煤电集团,细颗粒物(PM2.5),56,56,59,38,39,41,41,NA,NA,16,17,3,3,0.7,0.7
2026-03-05T0600,4103A,116.9929,33.6412,宿州市,中兴路,细颗粒物(PM2.5),64,57,58,42,45,35,35,NA,NA,16,14,6,6,0.6,0.7
2026-03-05T0600,2266A,126.9783,46.6365,绥化市,人和东街,细颗粒物(PM2.5),84,56,55,52,50,74,74,NA,NA,16,17,11,6,0.5,0.5
2026-03-05T0600,2267A,126.964,46.6527,绥化市,党政办公中心,细颗粒物(PM2.5),90,62,56,55,47,73,73,NA,NA,19,20,8,4,0.4,0.3
2026-03-05T0600,2451A,113.3587,31.7275,随州市,市委党校,颗粒物(PM10),62,66,65,3,34,48,48,NA,NA,14,15,2,2,0.6,0.6
2026-03-05T0600,2452A,113.3745,31.6926,随州市,市林业局,细颗粒物(PM2.5),80,64,63,50,51,52,52,NA,NA,10,7,3,4,0.7,0.7
2026-03-05T0600,2453A,113.3984,31.7309,随州市,市立交桥水厂,细颗粒物(PM2.5),80,65,62,50,47,47,47,NA,NA,15,16,1,1,0.7,0.6
2026-03-05T0600,2528A,105.5581,30.5231,遂宁市,市监测站,,28,28,32,15,21,55,55,NA,NA,8,10,6,6,0.4,0.5
2026-03-05T0600,2530A,105.5917,30.4727,遂宁市,美宁食品公司,,35,35,30,18,22,52,52,NA,NA,11,11,5,5,0.5,0.5
2026-03-05T0600,4303A,105.5911,30.5368,遂宁市,环岛商务中心9号楼,,25,20,23,17,20,53,53,NA,NA,8,12,4,4,0.8,0.8
2026-03-05T0600,2706A,82.9993,46.7432,塔城地区,东门外小游园,,30,22,18,21,8,95,95,NA,NA,8,7,3,3,0.5,0.4
2026-03-05T0600,4165A,82.9716,46.7464,塔城地区,文化广场,,38,38,19,25,9,86,86,NA,NA,7,7,2,2,0.7,0.7
2026-03-05T0600,1255A,121.2727,28.6461,台州市,黄岩环保大楼,,19,19,17,8,9,59,59,NA,NA,12,12,/,/,/,/
2026-03-05T0600,1256A,121.4188,28.6545,台州市,台州环保大楼,,22,15,17,6,6,70,70,NA,NA,10,10,/,/,0.4,0.3
2026-03-05T0600,1257A,121.3768,28.5772,台州市,路桥田洋王,,21,13,18,6,8,67,67,NA,NA,10,12,3,3,0.2,0.2
2026-03-05T0600,3564A,121.25678,28.66823971,台州市,台州科技职业学院,,20,18,22,6,8,61,61,NA,NA,13,12,6,6,0.4,0.4
2026-03-05T0600,1081A,112.5138,37.8916,太原市,尖草坪,细颗粒物(PM2.5),108,84,96,68,58,12,12,NA,NA,34,25,2,4,0.9,0.8
2026-03-05T0600,1084A,112.4691,37.7125,太原市,晋源,细颗粒物(PM2.5),98,65,89,59,66,4,4,NA,NA,37,32,2,3,1.0,0.9
2026-03-05T0600,1085A,112.5595,37.7391,太原市,小店,细颗粒物(PM2.5),94,73,94,57,55,4,4,NA,NA,41,31,4,5,1.1,0.8
2026-03-05T0600,1087A,112.5705,37.8199,太原市,坞城,颗粒物(PM10),75,85,106,41,50,12,12,NA,NA,38,32,4,7,0.6,1
2026-03-05T0600,1088A,112.5495,37.9853,太原市,南寨,细颗粒物(PM2.5),82,78,90,51,50,3,3,NA,NA,29,18,4,5,0.6,0.5
2026-03-05T0600,3618A,112.4702,37.7821,太原市,金胜,细颗粒物(PM2.5),84,76,101,52,59,22,22,NA,NA,23,30,2,3,0.9,0.8
2026-03-05T0600,4010A,112.5608,37.8807,太原市,育英中学,细颗粒物(PM2.5),90,89,93,55,48,16,16,NA,NA,36,30,7,8,1.0,1
2026-03-05T0600,4074A,112.449,37.8509,太原市,西矿街336号,细颗粒物(PM2.5),84,87,106,52,55,19,19,NA,NA,21,21,2,4,1.1,1
2026-03-05T0600,4075A,112.4792,37.9393,太原市,迎宾北路9号,细颗粒物(PM2.5),96,93,100,58,58,14,14,NA,NA,25,21,6,6,0.7,0.7
2026-03-05T0600,4076A,112.551,37.8575,太原市,迎泽大街248号,细颗粒物(PM2.5),78,86,98,49,50,17,17,NA,NA,32,30,1,7,1.0,1.2
2026-03-05T0600,1656A,117.1436,36.1938,泰安市,监测站,细颗粒物(PM2.5),107,75,122,67,106,42,42,NA,NA,20,27,1,2,0.6,0.8
2026-03-05T0600,1657A,117.0905,36.2002,泰安市,人口学校,细颗粒物(PM2.5),108,75,124,68,100,46,46,NA,NA,19,27,4,5,0.7,0.9
2026-03-05T0600,1658A,117.0992,36.1757,泰安市,电力学校,细颗粒物(PM2.5),109,78,116,69,101,45,45,NA,NA,20,28,2,3,0.5,0.8
2026-03-05T0600,3502A,117.1812,36.2273,泰安市,国网新校,细颗粒物(PM2.5),98,NA,103,59,104,40,40,NA,NA,17,22,2,4,0.8,1
2026-03-05T0600,3503A,117.0315,36.2017,泰安市,交通技校,细颗粒物(PM2.5),112,76,104,73,93,30,30,NA,NA,25,24,2,3,0.8,1
2026-03-05T0600,3504A,117.083,36.13,泰安市,山东第一医科大学,细颗粒物(PM2.5),103,80,110,63,94,41,41,NA,NA,12,19,1,1,0.4,0.5
2026-03-05T0600,1206A,119.9042,32.488,泰州市,公园路,,29,29,24,15,11,65,65,NA,NA,10,10,6,6,0.6,0.5
2026-03-05T0600,1207A,119.9189,32.4626,泰州市,莲花,,27,27,22,13,11,70,70,NA,NA,12,13,7,7,0.4,0.4
2026-03-05T0600,1209A,119.8877,32.4636,泰州市,留学生创业园,NA,NA,31,25,19,16,69,69,NA,NA,NA,10,9,9,0.4,0.4
2026-03-05T0600,2997A,119.8767,32.3291,泰州市,王营,,31,31,29,13,11,61,61,NA,NA,17,15,8,8,0.4,0.4
2026-03-05T0600,3295A,120.1226,32.515,泰州市,姜堰区政府广场,,20,20,28,13,17,64,64,NA,NA,13,12,7,6,0.5,0.4
2026-03-05T0600,3435A,119.9186,32.4322,泰州市,周山河街区,,29,29,23,16,14,65,65,NA,NA,8,7,8,7,0.5,0.4
2026-03-05T0600,1040A,118.1707,39.6505,唐山市,十二中,细颗粒物(PM2.5),54,51,58,37,31,34,34,NA,NA,2,3,1,5,0.7,0.7
2026-03-05T0600,1041A,118.1868,39.6219,唐山市,小山,细颗粒物(PM2.5),54,50,50,37,26,32,32,NA,NA,10,12,3,4,0.8,0.5
2026-03-05T0600,3457A,118.4357,39.277,唐山市,冀东油田职工医院,,39,29,42,27,31,60,60,NA,NA,11,8,4,5,0.3,0.4
2026-03-05T0600,3575A,118.0927,39.5807,唐山市,正泰大街热力站,细颗粒物(PM2.5),66,68,56,43,32,32,32,NA,NA,12,7,2,3,0.9,0.6
2026-03-05T0600,3576A,118.1561,39.8322,唐山市,丰润区政府,颗粒物(PM10),52,52,58,30,33,44,44,NA,NA,4,5,3,7,0.7,0.7
2026-03-05T0600,3577A,118.436906,39.73802,唐山市,金山小学,,40,33,50,28,25,41,41,NA,NA,6,11,3,4,0.6,0.6
2026-03-05T0600,3578A,118.2449,39.6693,唐山市,政府服务中心,,49,39,51,34,25,22,22,NA,NA,6,10,3,5,0.6,0.4
2026-03-05T0600,3692A,118.2043,39.6703,唐山市,消防缸窑路中队,,38,38,56,24,24,43,43,NA,NA,5,6,3,6,0.7,0.6
2026-03-05T0600,3693A,118.1432,39.6203,唐山市,路南电大,细颗粒物(PM2.5),76,67,64,48,33,38,38,NA,NA,12,11,1,3,0.8,0.7
2026-03-05T0600,4065A,118.1267,39.6579,唐山市,光明北路515号,,49,49,69,34,29,55,55,NA,NA,11,9,2,4,0.4,0.4
2026-03-05T0600,4197A,118.130859,39.636026,唐山市,友谊北路34号,细颗粒物(PM2.5),58,46,57,39,34,28,28,NA,NA,7,9,3,3,1.3,0.8
2026-03-05T0600,1015A,117.1446,39.1659,天津市,勤俭道,细颗粒物(PM2.5),60,52,71,40,52,46,46,NA,NA,21,22,5,7,0.9,0.8
2026-03-05T0600,1018A,117.2016,39.0928,天津市,前进道,颗粒物(PM10),51,51,70,34,49,56,56,NA,NA,16,21,6,7,0.8,0.7
2026-03-05T0600,1019A,117.1837,39.2134,天津市,淮河道,颗粒物(PM10),54,55,69,35,46,50,50,NA,NA,14,18,6,7,0.8,0.8
2026-03-05T0600,1021A,117.308261,39.088386,天津市,跃进路,颗粒物(PM10),53,54,73,36,54,44,44,NA,NA,22,22,6,7,0.6,0.8
2026-03-05T0600,1023A,117.707,39.0344,天津市,第四大街,,36,36,54,25,38,64,64,NA,NA,16,21,4,4,0.7,0.8
2026-03-05T0600,1024A,117.4573,38.8395,天津市,永明路,细颗粒物(PM2.5),54,45,62,37,51,61,61,NA,NA,16,19,7,6,0.5,0.6
2026-03-05T0600,1026A,117.7641,39.1588,天津市,汉北路,,48,42,46,33,35,51,51,NA,NA,17,17,5,6,0.7,0.6
2026-03-05T0600,2858A,117.7917,39.2473,天津市,河西一经路,,49,44,49,34,35,61,61,NA,NA,14,15,5,7,0.5,0.6
2026-03-05T0600,2859A,117.3747,38.9845,天津市,津沽路,,39,39,70,26,45,60,60,NA,NA,13,19,5,6,0.5,0.7
2026-03-05T0600,2860A,117.159,39.0844,天津市,宾水西道,,50,50,68,35,52,51,51,NA,NA,12,19,5,6,0.8,0.9
2026-03-05T0600,2922A,117.194,39.1069,天津市,大理道,,48,48,68,31,42,59,59,NA,NA,20,24,6,7,1.0,1
2026-03-05T0600,3020A,117.2096,39.1698,天津市,中山北路,细颗粒物(PM2.5),54,52,71,37,50,47,47,NA,NA,17,19,5,6,0.7,0.6
2026-03-05T0600,3051A,117.385,39.1483,天津市,西四道,,46,46,57,30,39,51,51,NA,NA,18,20,3,5,0.8,0.7
2026-03-05T0600,3325A,117.0362,39.3827,天津市,雍阳西道,细颗粒物(PM2.5),70,68,69,45,46,38,38,NA,NA,21,17,6,6,0.8,0.6
2026-03-05T0600,3326A,117.0291,39.0612,天津市,辛老路,,48,46,76,33,56,51,51,NA,NA,14,20,5,6,0.6,0.6
2026-03-05T0600,3327A,116.9638,38.9374,天津市,地纬路,,40,37,67,28,50,51,51,NA,NA,10,15,7,8,0.4,0.5
2026-03-05T0600,3460A,117.4065,40.0583,天津市,北环路,细颗粒物(PM2.5),70,62,64,45,38,60,60,NA,NA,14,17,4,5,0.8,0.8
2026-03-05T0600,3461A,117.3041,39.7167,天津市,建设路,细颗粒物(PM2.5),78,63,61,49,44,48,48,NA,NA,24,22,8,6,1.0,0.8
2026-03-05T0600,3462A,117.8201,39.3519,天津市,滨水东路,细颗粒物(PM2.5),52,50,43,36,34,53,53,NA,NA,19,16,6,6,0.7,0.6
2026-03-05T0600,4196A,117.24369,39.102911,天津市,光华路,细颗粒物(PM2.5),58,49,72,39,52,48,48,NA,NA,18,21,2,4,0.8,0.9
2026-03-05T0600,2650A,105.72058,34.57859,天水市,公园小学,颗粒物(PM10),75,85,63,24,25,56,56,NA,NA,15,15,10,11,0.5,0.6
2026-03-05T0600,2651A,105.89428,34.55353,天水市,麦积国土局,颗粒物(PM10),72,80,64,24,23,53,53,NA,NA,15,16,16,14,0.5,0.6
2026-03-05T0600,2217A,123.865,42.292,铁岭市,水上乐园,,43,35,52,30,41,11,11,NA,NA,46,41,7,7,0.7,0.7
2026-03-05T0600,2219A,123.7158,42.2218,铁岭市,金沙江路北,,46,35,54,32,51,42,42,NA,NA,27,24,9,9,0.6,0.6
2026-03-05T0600,4084A,123.835,42.2853,铁岭市,新华街20号,,45,41,58,31,48,34,34,NA,NA,28,30,10,11,0.5,0.6
2026-03-05T0600,2229A,125.9359,41.7174,通化市,光明,,43,38,41,30,29,54,54,NA,NA,15,12,10,9,0.6,0.6
2026-03-05T0600,2230A,125.9446,41.7323,通化市,铁路,,41,41,36,24,24,61,61,NA,NA,18,11,9,7,0.5,0.4
2026-03-05T0600,2191A,122.253,43.6801,通辽市,艺术职业学校,,43,43,43,17,28,52,52,NA,NA,21,21,5,6,0.6,0.6
2026-03-05T0600,3706A,122.2584,43.6333,通辽市,老干部活动中心,,36,36,42,14,22,68,68,NA,NA,10,17,6,6,0.5,0.7
2026-03-05T0600,3708A,122.2923,43.6189,通辽市,东方明珠社区,,33,33,45,10,24,71,71,NA,NA,8,17,5,13,0.5,0.6
2026-03-05T0600,1923A,109.0696,35.0699,铜川市,王益区政府,细颗粒物(PM2.5),106,NA,53,66,51,24,24,NA,NA,20,23,3,3,0.9,0.9
2026-03-05T0600,1924A,108.9345,34.9059,铜川市,新区管委会,细颗粒物(PM2.5),108,70,57,68,50,23,23,NA,NA,17,17,3,3,0.9,0.8
2026-03-05T0600,4234A,108.949652,34.870529,铜川市,大唐三路,细颗粒物(PM2.5),104,NA,57,64,59,31,31,NA,NA,17,16,3,4,1.0,0.9
2026-03-05T0600,2285A,117.8176,30.9412,铜陵市,市第四中学,颗粒物(PM10),65,70,70,42,38,3,3,NA,NA,57,16,6,6,0.4,0.4
2026-03-05T0600,2287A,117.7806,30.9413,铜陵市,市新民污水厂,细颗粒物(PM2.5),64,51,48,42,38,23,23,NA,NA,26,17,5,5,0.5,0.5
2026-03-05T0600,2289A,117.846,30.9414,铜陵市,车站新区,细颗粒物(PM2.5),58,53,59,39,35,4,4,NA,NA,54,16,7,6,0.5,0.5
2026-03-05T0600,2290A,117.8472,30.9699,铜陵市,市职教基地,细颗粒物(PM2.5),62,65,60,41,38,9,9,NA,NA,42,13,6,6,0.6,0.6
2026-03-05T0600,2585A,109.1839,27.7344,铜仁市,铜仁卫校,,36,36,29,17,16,7,7,NA,NA,16,18,2,2,0.7,0.8
2026-03-05T0600,2586A,109.1752,27.6945,铜仁市,铜仁七中,,24,24,25,12,17,16,16,NA,NA,10,13,3,2,0.7,0.7
2026-03-05T0600,2686A,89.1905,42.9419,吐鲁番市,市环保局,颗粒物(PM10),58,60,85,25,35,58,58,NA,NA,18,22,2,2,1.0,1
2026-03-05T0600,2687A,89.1674,42.9558,吐鲁番市,地区环保局,颗粒物(PM10),55,56,80,29,33,59,59,NA,NA,9,15,4,5,0.6,0.8
2026-03-05T0600,1662A,122.121,37.4231,威海市,华夏技校,,36,29,73,25,49,62,62,NA,NA,20,20,/,/,0.5,0.6
2026-03-05T0600,1663A,122.0508,37.5236,威海市,山大分校,,50,44,59,35,44,66,66,NA,NA,18,17,/,/,/,/
2026-03-05T0600,1664A,122.1067,37.5067,威海市,市监测站,,46,46,68,28,45,54,54,NA,NA,16,15,4,4,0.5,0.6
2026-03-05T0600,1982A,122.0693,37.2175,威海市,文登开发区,细颗粒物(PM2.5),86,62,79,53,61,30,30,NA,NA,15,18,/,/,/,/
2026-03-05T0600,3505A,122.1379,37.3414,威海市,临港区管委会,细颗粒物(PM2.5),60,53,67,40,52,51,51,NA,NA,17,16,4,4,0.4,0.5
2026-03-05T0600,1650A,119.1436,36.7022,潍坊市,环保局,细颗粒物(PM2.5),80,78,80,50,56,57,57,NA,NA,22,19,3,3,0.5,0.5
2026-03-05T0600,2877A,119.1638,36.6524,潍坊市,坊子邮政,细颗粒物(PM2.5),96,78,84,58,62,54,54,NA,NA,22,18,2,3,0.7,0.7
2026-03-05T0600,3178A,119.0587,36.7209,潍坊市,潍坊七中,细颗粒物(PM2.5),74,66,83,47,59,59,59,NA,NA,17,21,4,5,0.6,0.6
2026-03-05T0600,3368A,119.1978,36.6871,潍坊市,高新实验学校,细颗粒物(PM2.5),110,100,86,71,63,50,50,NA,NA,17,13,4,5,0.6,0.5
2026-03-05T0600,3416A,119.1758,36.7139,潍坊市,潍坊学院,细颗粒物(PM2.5),82,80,83,51,55,62,62,NA,NA,19,18,5,5,0.6,0.6
2026-03-05T0600,3861A,119.2046,36.7696,潍坊市,寒亭区实验一小,细颗粒物(PM2.5),101,88,79,61,59,57,57,NA,NA,20,18,5,5,0.7,0.7
2026-03-05T0600,1940A,109.4605,34.4927,渭南市,体育馆,细颗粒物(PM2.5),108,80,77,68,67,5,5,NA,NA,90,25,4,5,0.9,0.8
2026-03-05T0600,1941A,109.4257,34.5067,渭南市,高新一小,细颗粒物(PM2.5),110,77,65,70,74,17,17,NA,NA,23,19,5,5,0.9,1
2026-03-05T0600,4159A,110.4531,35.4578,渭南市,桢州大街,细颗粒物(PM2.5),86,NA,48,53,52,15,15,NA,NA,30,22,9,6,1.3,1.1
2026-03-05T0600,4160A,110.4368,35.4773,渭南市,太史大街,细颗粒物(PM2.5),74,64,61,47,49,11,11,NA,NA,33,23,9,10,1.4,1.2
2026-03-05T0600,4235A,109.5051,34.4921,渭南市,渭花路4号,细颗粒物(PM2.5),110,NA,68,71,68,11,11,NA,NA,29,21,6,6,1.0,0.8
2026-03-05T0600,1242A,120.6342,28.0088,温州市,瓯海,,28,28,25,17,12,44,44,NA,NA,20,12,7,6,0.2,0.2
2026-03-05T0600,1243A,120.6747,27.9881,温州市,南浦,,36,36,28,14,12,55,55,NA,NA,17,14,5,5,0.4,0.4
2026-03-05T0600,1244A,120.76,27.9745,温州市,龙湾,,24,24,23,8,10,54,54,NA,NA,15,16,5,5,0.3,0.4
2026-03-05T0600,3561A,120.6985,27.9252,温州市,茶山,,28,28,24,11,11,57,57,NA,NA,16,15,/,/,/,/
2026-03-05T0600,4096A,120.6935,28.0114,温州市,鹿城惠民路,,21,21,22,8,10,60,60,NA,NA,10,10,/,/,0.4,0.4
2026-03-05T0600,2610A,104.2533,23.3595,文山壮族苗族自治州,州水务局,,36,28,42,25,30,58,58,NA,NA,7,8,6,7,0.5,0.5
2026-03-05T0600,2611A,104.2319,23.3892,文山壮族苗族自治州,市便民服务中心,,30,24,39,21,32,58,58,NA,NA,6,7,5,7,0.6,0.6
2026-03-05T0600,2187A,106.8172,39.6972,乌海市,市林业局,颗粒物(PM10),133,204,106,69,37,70,70,NA,NA,7,10,17,7,0.3,0.4
2026-03-05T0600,2188A,106.7907,39.6666,乌海市,中海勃湾学校,颗粒物(PM10),126,187,100,59,35,85,85,NA,NA,3,8,8,9,0.4,0.4
2026-03-05T0600,3284A,106.8129,39.7274,乌海市,海北新区,颗粒物(PM10),137,216,114,41,31,63,63,NA,NA,9,24,22,20,0.4,0.4
2026-03-05T0600,4278A,106.8212,39.6741,乌海市,海拉北路,颗粒物(PM10),144,234,104,52,29,81,81,NA,NA,4,9,9,9,0.3,0.4
2026-03-05T0600,2197A,113.1306,40.9924,乌兰察布市,集宁新区,,42,42,52,28,35,35,35,NA,NA,13,19,12,11,0.7,1
2026-03-05T0600,3034A,113.1076,41.0385,乌兰察布市,光明街小学,,49,49,56,20,31,16,16,NA,NA,51,32,12,10,0.7,1
2026-03-05T0600,3285A,113.1383,40.9513,乌兰察布市,北京八中,颗粒物(PM10),53,54,69,20,31,7,7,NA,NA,32,25,9,10,0.9,1.4
2026-03-05T0600,3421A,113.1776,40.9779,乌兰察布市,市委党校,,45,45,57,20,30,33,33,NA,NA,21,23,17,10,0.7,1
2026-03-05T0600,1490A,87.5796,43.8299,乌鲁木齐市,监测站,细颗粒物(PM2.5),129,105,142,91,116,102,102,NA,NA,19,48,2,3,1.0,1.3
2026-03-05T0600,1491A,87.6044,43.7679,乌鲁木齐市,收费所,细颗粒物(PM2.5),127,104,106,89,90,95,95,NA,NA,18,47,5,6,0.7,1.1
2026-03-05T0600,1493A,87.5529,43.8704,乌鲁木齐市,铁路局,细颗粒物(PM2.5),134,104,155,97,131,92,92,NA,NA,18,39,5,6,0.6,0.7
2026-03-05T0600,1494A,87.6408,43.8258,乌鲁木齐市,三十一中学,细颗粒物(PM2.5),120,98,126,82,101,90,90,NA,NA,19,40,3,3,1.0,1.1
2026-03-05T0600,1496A,87.7218,44.1747,乌鲁木齐市,米东区环保局,细颗粒物(PM2.5),134,105,99,97,73,89,89,NA,NA,20,28,12,8,0.9,0.7
2026-03-05T0600,3033A,87.4652,43.4569,乌鲁木齐市,培训基地,细颗粒物(PM2.5),120,83,28,81,22,71,71,NA,NA,23,17,4,5,1.0,0.4
2026-03-05T0600,3437A,88.3088,43.3637,乌鲁木齐市,达坂城区环保局,,40,40,34,22,17,63,63,NA,NA,7,11,3,3,0.3,0.4
2026-03-05T0600,3438A,87.6132,43.8791,乌鲁木齐市,红光山片区,细颗粒物(PM2.5),126,NA,128,88,115,92,92,NA,NA,22,37,6,5,1.0,1
2026-03-05T0600,3439A,87.7008,43.8003,乌鲁木齐市,新师大温泉校区,细颗粒物(PM2.5),120,102,103,82,81,85,85,NA,NA,20,27,5,6,0.6,0.7
2026-03-05T0600,3440A,87.4892,43.84,乌鲁木齐市,大绿谷,细颗粒物(PM2.5),133,104,137,96,108,101,101,NA,NA,14,45,3,4,0.7,1.1
2026-03-05T0600,1188A,120.2693,31.4864,无锡市,雪浪,,31,31,32,18,12,30,30,NA,NA,23,22,6,6,0.5,0.6
2026-03-05T0600,1189A,120.2761,31.621,无锡市,黄巷,,39,39,37,12,8,28,28,NA,NA,29,22,4,4,0.5,0.5
2026-03-05T0600,1191A,120.2422,31.5037,无锡市,漆塘,,36,36,41,20,13,21,21,NA,NA,18,20,6,6,0.5,0.5
2026-03-05T0600,1192A,120.3489,31.5865,无锡市,东亭,,39,39,25,20,12,16,16,NA,NA,50,29,7,7,0.6,0.5
2026-03-05T0600,1193A,120.3538,31.5474,无锡市,旺庄,,41,41,33,20,11,11,11,NA,NA,51,27,4,4,0.7,0.8
2026-03-05T0600,1194A,120.2447,31.5633,无锡市,荣巷,,31,31,30,21,12,32,32,NA,NA,33,25,4,4,0.6,0.7
2026-03-05T0600,1195A,120.2986,31.6816,无锡市,堰桥,,42,36,30,29,12,36,36,NA,NA,27,21,5,4,0.6,0.6
2026-03-05T0600,4087A,120.3138,31.4927,无锡市,清舒道1号,,32,32,26,17,11,35,35,NA,NA,30,24,3,3,0.5,0.6
2026-03-05T0600,4254A,120.2925,31.5685,无锡市,健康路105号,,43,43,37,19,10,28,28,NA,NA,37,26,4,4,0.6,0.8
2026-03-05T0600,2677A,106.1535,37.9648,吴忠市,教育园区,颗粒物(PM10),85,99,119,36,39,27,27,NA,NA,31,21,21,14,0.6,0.6
2026-03-05T0600,2679A,106.1851,37.9957,吴忠市,新区二泵站,颗粒物(PM10),70,78,124,34,37,40,40,NA,NA,22,21,28,12,0.6,0.6
2026-03-05T0600,3648A,106.2176,37.9832,吴忠市,文卫南街,颗粒物(PM10),78,88,124,34,42,38,38,NA,NA,27,22,22,15,0.7,0.7
2026-03-05T0600,1794A,118.3603,31.3515,芜湖市,监测站,"颗粒物(PM10),细颗粒物(PM2.5)",58,61,45,39,28,20,20,NA,NA,34,20,8,7,1.1,0.6
2026-03-05T0600,1795A,118.3716,31.4135,芜湖市,科创中心,细颗粒物(PM2.5),90,79,50,55,36,15,15,NA,NA,39,25,7,5,0.9,0.6
2026-03-05T0600,1796A,118.3671,31.3132,芜湖市,四水厂,,49,43,43,34,30,22,22,NA,NA,36,22,5,4,0.7,0.6
2026-03-05T0600,3328A,118.4209,31.3704,芜湖市,市气象局,细颗粒物(PM2.5),60,62,44,40,29,16,16,NA,NA,32,16,6,4,1.0,0.6
2026-03-05T0600,3465A,118.4783,31.3226,芜湖市,清苑社区,,48,40,40,33,29,12,12,NA,NA,43,28,5,5,0.7,0.6
2026-03-05T0600,3466A,118.2746,31.2326,芜湖市,扬子职业技术学院,细颗粒物(PM2.5),58,58,45,39,32,5,5,NA,NA,49,22,7,6,0.8,0.6
2026-03-05T0600,4099A,118.5726,31.1371,芜湖市,湾沚区人民法院,细颗粒物(PM2.5),52,NA,37,36,27,18,18,NA,NA,27,21,8,8,0.6,0.5
2026-03-05T0600,2496A,111.3126,23.4772,梧州市,市十一中,,26,26,21,16,16,6,6,NA,NA,14,15,9,8,0.7,0.6
2026-03-05T0600,2498A,111.26,23.4794,梧州市,龙新,,28,28,22,3,12,11,11,NA,NA,7,14,5,6,0.4,0.5
2026-03-05T0600,4258A,111.2416,23.4155,梧州市,政贤路18号,,21,21,20,13,12,5,5,NA,NA,20,17,5,5,0.9,0.9
2026-03-05T0600,2711A,87.5352,44.1606,五家渠市,农水大厦,细颗粒物(PM2.5),147,NA,75,111,61,79,79,NA,NA,15,12,8,8,0.9,0.7
2026-03-05T0600,3441A,87.5461,44.1909,五家渠市,经开区管委会,细颗粒物(PM2.5),139,107,76,102,53,85,85,NA,NA,16,14,8,7,1.4,1.1
2026-03-05T0600,4168A,87.055284,43.999117,五家渠市,建设西街760号,细颗粒物(PM2.5),125,90,94,87,76,110,110,NA,NA,10,19,2,3,0.7,0.9
2026-03-05T0600,1325A,114.3676,30.5584,武汉市,东湖梨园,细颗粒物(PM2.5),88,58,64,54,65,29,29,NA,NA,25,23,7,7,0.6,0.7
2026-03-05T0600,1326A,114.2527,30.5578,武汉市,汉阳月湖,细颗粒物(PM2.5),88,56,64,54,67,33,33,NA,NA,22,25,4,4,0.8,0.8
2026-03-05T0600,1327A,114.2819,30.6189,武汉市,汉口花桥,细颗粒物(PM2.5),92,NA,65,56,74,47,47,NA,NA,16,30,2,3,0.5,0.7
2026-03-05T0600,1328A,114.3024,30.5332,武汉市,武昌紫阳,细颗粒物(PM2.5),94,64,70,57,65,36,36,NA,NA,25,26,9,8,0.9,0.9
2026-03-05T0600,1329A,114.3646,30.6217,武汉市,青山钢花,细颗粒物(PM2.5),88,NA,76,54,74,39,39,NA,NA,25,37,6,7,0.7,0.9
2026-03-05T0600,1330A,114.156697,30.482592,武汉市,沌口新区,细颗粒物(PM2.5),106,73,61,66,56,20,20,NA,NA,45,31,16,9,1.7,0.9
2026-03-05T0600,1331A,114.3013,30.5944,武汉市,汉口江滩,细颗粒物(PM2.5),102,NA,68,62,72,45,45,NA,NA,18,28,5,6,0.8,1
2026-03-05T0600,1333A,114.1285,30.6339,武汉市,吴家山,细颗粒物(PM2.5),105,NA,66,65,70,41,41,NA,NA,19,26,4,4,0.8,0.9
2026-03-05T0600,3153A,114.3876,30.4908,武汉市,民族大道182号,细颗粒物(PM2.5),104,68,66,64,69,53,53,NA,NA,10,26,6,7,0.7,0.7
2026-03-05T0600,2652A,102.6203,37.925,武威市,监测站,颗粒物(PM10),65,71,138,32,45,54,54,NA,NA,9,10,7,8,0.4,0.5
2026-03-05T0600,4270A,102.6447,37.9293,武威市,钟楼街149号,"颗粒物(PM10),细颗粒物(PM2.5)",66,72,139,43,55,60,60,NA,NA,10,13,8,9,0.6,0.4
2026-03-05T0600,1463A,108.9931,34.2629,西安市,兴庆小区,细颗粒物(PM2.5),108,NA,83,68,81,2,2,NA,NA,34,31,6,5,1.0,1
2026-03-05T0600,1464A,109.0595,34.2569,西安市,纺织城,细颗粒物(PM2.5),110,95,110,71,94,1,1,NA,NA,36,37,5,5,1.0,1.1
2026-03-05T0600,1465A,108.9377,34.2178,西安市,小寨,细颗粒物(PM2.5),112,92,117,73,92,9,9,NA,NA,38,32,6,6,0.8,0.8
2026-03-05T0600,1466A,108.9522,34.2739,西安市,市人民体育场,细颗粒物(PM2.5),112,74,102,73,97,0,0,NA,NA,36,31,4,5,1.1,1.1
2026-03-05T0600,1467A,108.8923,34.2322,西安市,高新西区,细颗粒物(PM2.5),110,91,111,71,90,6,6,NA,NA,36,27,4,4,1.0,1
2026-03-05T0600,1468A,108.9386,34.3446,西安市,经开区,细颗粒物(PM2.5),115,78,94,76,94,9,9,NA,NA,31,26,2,2,0.7,0.8
2026-03-05T0600,1469A,108.894,34.1557,西安市,长安区,细颗粒物(PM2.5),121,108,109,83,87,16,16,NA,NA,32,29,4,4,0.9,0.9
2026-03-05T0600,1471A,109.213,34.3748,西安市,临潼区,细颗粒物(PM2.5),113,79,88,74,84,NA,NA,NA,NA,24,23,4,5,1.0,1
2026-03-05T0600,1474A,109.0508,34.321,西安市,广运潭,细颗粒物(PM2.5),110,86,97,70,87,5,5,NA,NA,30,28,2,2,1.0,1
2026-03-05T0600,3605A,109.1019,34.5302,西安市,无线电监控中心,细颗粒物(PM2.5),107,NA,64,67,80,9,9,NA,NA,31,20,2,4,0.8,0.8
2026-03-05T0600,4055A,108.8869,34.2662,西安市,行知小学,细颗粒物(PM2.5),110,86,113,71,98,3,3,NA,NA,38,32,6,6,1.1,1.2
2026-03-05T0600,4233A,108.596239,34.118792,西安市,西苑北路977号,细颗粒物(PM2.5),145,124,107,109,93,4,4,NA,NA,58,32,6,6,1.2,1.1
2026-03-05T0600,4307A,108.9817,34.2035,西安市,曲江池东路988号,细颗粒物(PM2.5),115,85,103,76,92,4,4,NA,NA,47,41,6,4,1.0,1
2026-03-05T0600,3055A,101.7775,36.643,西宁市,城北区政府,颗粒物(PM10),105,132,155,38,44,71,71,NA,NA,2,14,10,20,0.4,1.2
2026-03-05T0600,3629A,101.8304,36.5785,西宁市,世纪职校,颗粒物(PM10),107,137,118,56,50,58,58,NA,NA,4,18,9,20,0.6,1
2026-03-05T0600,4162A,101.6769,36.6535,西宁市,海晏路105号,颗粒物(PM10),113,152,145,45,45,49,49,NA,NA,14,15,10,16,0.4,0.7
2026-03-05T0600,2612A,100.8018,21.9995,西双版纳傣族自治州,景洪市江南,细颗粒物(PM2.5),112,80,94,73,70,45,45,NA,NA,12,17,6,7,0.8,0.9
2026-03-05T0600,2613A,100.7995,22.0238,西双版纳傣族自治州,景洪市江北,细颗粒物(PM2.5),105,78,84,65,65,56,56,NA,NA,5,11,8,8,0.8,0.8
2026-03-05T0600,2202A,116.1048,43.9318,锡林郭勒盟,市环保监测站,,21,16,20,6,9,65,65,NA,NA,6,8,4,5,0.3,0.3
2026-03-05T0600,2203A,116.0778,43.9312,锡林郭勒盟,市政府,,25,8,20,3,9,78,78,NA,NA,3,7,4,4,0.3,0.3
2026-03-05T0600,1287A,118.1519,24.4768,厦门市,洪文,,18,10,15,7,10,57,57,NA,NA,7,9,2,2,0.3,0.3
2026-03-05T0600,1288A,118.0671,24.4447,厦门市,鼓浪屿,,22,20,16,15,10,39,39,NA,NA,17,11,1,2,/,/
2026-03-05T0600,2842A,118.0937,24.5054,厦门市,湖里中学,,13,11,15,8,11,39,39,NA,NA,11,13,2,1,0.4,0.4
2026-03-05T0600,3527A,118.0961,24.5689,厦门市,集美中学,,19,10,14,7,10,58,58,NA,NA,6,7,1,1,0.3,0.3
2026-03-05T0600,3528A,118.1502,24.7246,厦门市,同安二实小,,20,NA,9,3,8,61,61,NA,NA,5,6,1,2,0.3,0.4
2026-03-05T0600,3655A,114.3379,29.8683,咸宁市,长江产业园,细颗粒物(PM2.5),76,67,53,48,46,29,29,NA,NA,24,19,6,6,1.1,1
2026-03-05T0600,4217A,114.3182,29.8447,咸宁市,双鹤路18号,NA,NA,64,56,52,50,NA,NA,NA,NA,17,16,4,4,0.8,0.8
2026-03-05T0600,4298A,114.284,29.8595,咸宁市,碧桂路,细颗粒物(PM2.5),84,72,54,52,48,36,36,NA,NA,27,22,7,6,0.9,0.7
2026-03-05T0600,1919A,108.6726,34.315,咸阳市,实验中学,细颗粒物(PM2.5),110,75,96,71,96,18,18,NA,NA,25,26,7,6,1.0,1
2026-03-05T0600,1920A,108.7226,34.3622,咸阳市,师范学院,细颗粒物(PM2.5),109,NA,93,69,87,22,22,NA,NA,20,23,4,5,0.8,0.8
2026-03-05T0600,3525A,108.6394,34.408,咸阳市,奥体中心,细颗粒物(PM2.5),111,84,104,72,87,17,17,NA,NA,21,22,2,2,0.8,0.9
2026-03-05T0600,4056A,108.6601,34.3767,咸阳市,五陵塬路2号,细颗粒物(PM2.5),114,87,107,75,93,19,19,NA,NA,31,30,3,3,0.8,0.9
2026-03-05T0600,4156A,108.6372,34.3031,咸阳市,胭脂路9号,细颗粒物(PM2.5),113,94,117,74,91,14,14,NA,NA,31,36,3,3,0.9,1
2026-03-05T0600,4157A,108.0371,34.3035,咸阳市,杨扶路,细颗粒物(PM2.5),122,NA,70,84,90,17,17,NA,NA,23,18,2,1,1.2,1.2
2026-03-05T0600,4158A,108.0895,34.2623,咸阳市,新桥路,细颗粒物(PM2.5),131,NA,76,94,93,14,14,NA,NA,34,30,2,2,1.1,1.2
2026-03-05T0600,1508A,112.9508,27.8626,湘潭市,板塘,细颗粒物(PM2.5),64,59,46,42,33,2,2,NA,NA,37,27,2,2,0.8,0.6
2026-03-05T0600,1511A,112.9114,27.8404,湘潭市,市监测站,细颗粒物(PM2.5),92,56,42,56,39,8,8,NA,NA,33,27,4,3,0.9,0.8
2026-03-05T0600,1512A,112.8935,27.8729,湘潭市,江麓,细颗粒物(PM2.5),84,67,49,52,36,6,6,NA,NA,27,23,8,3,1.4,0.9
2026-03-05T0600,1513A,112.9227,27.8159,湘潭市,岳塘,细颗粒物(PM2.5),90,55,44,55,42,10,10,NA,NA,29,23,5,4,0.9,0.7
2026-03-05T0600,1514A,112.9073,27.9118,湘潭市,科大,细颗粒物(PM2.5),74,59,42,47,37,7,7,NA,NA,22,20,4,2,0.9,0.8
2026-03-05T0600,1562A,113.0048,27.9153,湘潭市,昭山,,46,46,49,30,36,2,2,NA,NA,20,21,3,3,0.8,1
2026-03-05T0600,2493A,109.7298,28.3164,湘西土家族苗族自治州,州政府,,37,37,27,20,19,0,0,NA,NA,7,11,3,4,0.4,0.2
2026-03-05T0600,2494A,109.6957,28.2676,湘西土家族苗族自治州,吉首市计生局,,28,21,22,19,19,5,5,NA,NA,2,10,3,4,0.4,0.4
2026-03-05T0600,2432A,112.1555,32.0197,襄阳市,襄城运动路,细颗粒物(PM2.5),103,92,74,63,59,41,41,NA,NA,14,17,8,9,0.7,0.6
2026-03-05T0600,2434A,112.1829,32.1146,襄阳市,高新管委会,细颗粒物(PM2.5),113,93,78,74,61,36,36,NA,NA,28,25,8,8,0.7,0.6
2026-03-05T0600,2435A,112.2105,32.0903,襄阳市,襄州航空路,细颗粒物(PM2.5),108,92,74,68,58,37,37,NA,NA,16,16,6,7,0.5,0.4
2026-03-05T0600,3396A,112.0764,32.0089,襄阳市,襄城隆中路,细颗粒物(PM2.5),112,91,67,73,57,37,37,NA,NA,18,20,8,9,0.7,0.6
2026-03-05T0600,3397A,112.1154,32.103,襄阳市,高新台子湾,细颗粒物(PM2.5),103,94,85,63,62,32,32,NA,NA,20,22,6,5,0.6,0.7
2026-03-05T0600,4251A,112.1433,32.0581,襄阳市,铁院东路4号,细颗粒物(PM2.5),105,87,76,65,58,37,37,NA,NA,17,20,7,7,0.6,0.6
2026-03-05T0600,2444A,113.9062,30.9378,孝感市,东城区,细颗粒物(PM2.5),98,76,81,59,64,46,46,NA,NA,14,17,4,4,0.8,0.8
2026-03-05T0600,4125A,113.946,30.8999,孝感市,天仙南路1号,细颗粒物(PM2.5),103,98,103,63,65,40,40,NA,NA,16,17,2,3,0.5,0.6
2026-03-05T0600,2181A,112.7313,38.457,忻州市,开发区,细颗粒物(PM2.5),105,82,79,65,49,48,48,NA,NA,18,19,5,6,1.0,0.9
2026-03-05T0600,2182A,112.7023,38.4932,忻州市,会展中心,细颗粒物(PM2.5),111,88,86,72,54,42,42,NA,NA,16,19,6,6,0.8,0.8
2026-03-05T0600,3208A,112.7279,38.4157,忻州市,市政府,细颗粒物(PM2.5),108,94,98,68,58,43,43,NA,NA,17,15,6,7,1.0,0.9
2026-03-05T0600,4063A,115.2124,37.9433,辛集市,市政府,细颗粒物(PM2.5),94,58,64,57,61,46,46,NA,NA,12,17,6,6,0.4,0.5
2026-03-05T0600,4064A,115.2008,37.9338,辛集市,城管大队,细颗粒物(PM2.5),86,NA,43,53,52,48,48,NA,NA,10,15,1,2,0.8,1
2026-03-05T0600,2389A,113.836,35.3104,新乡市,环保西院,细颗粒物(PM2.5),113,97,106,74,84,36,36,NA,NA,18,22,5,5,1.3,1.5
2026-03-05T0600,2390A,113.8847,35.2724,新乡市,开发区,细颗粒物(PM2.5),105,65,89,65,82,39,39,NA,NA,18,23,5,5,0.8,1.1
2026-03-05T0600,2391A,113.8836,35.3028,新乡市,环保东院,细颗粒物(PM2.5),110,75,92,71,81,40,40,NA,NA,13,20,3,4,1.0,1.3
2026-03-05T0600,3054A,113.9194,35.2847,新乡市,市委党校,细颗粒物(PM2.5),104,74,96,64,83,35,35,NA,NA,20,21,7,7,0.6,0.9
2026-03-05T0600,3475A,113.9189,35.3042,新乡市,市政府,细颗粒物(PM2.5),108,76,99,68,85,40,40,NA,NA,16,22,6,6,0.6,1
2026-03-05T0600,3689A,113.9002,35.372,新乡市,行政服务中心,细颗粒物(PM2.5),114,79,85,75,84,36,36,NA,NA,16,22,8,9,1.1,1.4
2026-03-05T0600,4215A,113.916569,35.331547,新乡市,建设东路46号,细颗粒物(PM2.5),107,83,104,67,80,33,33,NA,NA,18,23,9,9,0.8,1.1
2026-03-05T0600,2353A,114.9887,27.8433,新余市,飞宇,细颗粒物(PM2.5),76,58,58,48,48,20,20,NA,NA,15,13,8,5,0.4,0.4
2026-03-05T0600,2354A,114.9234,27.8248,新余市,第二水厂,细颗粒物(PM2.5),64,51,52,42,48,24,24,NA,NA,9,8,7,8,0.6,0.4
2026-03-05T0600,2355A,114.931,27.8037,新余市,市气象局,细颗粒物(PM2.5),78,NA,47,49,54,22,22,NA,NA,16,13,1,5,0.7,0.6
2026-03-05T0600,3206A,114.9148,27.8069,新余市,新钢沁园村,颗粒物(PM10),58,60,62,38,45,28,28,NA,NA,14,16,15,12,0.6,0.5
2026-03-05T0600,2054A,114.1096,32.1059,信阳市,平桥分局,细颗粒物(PM2.5),88,63,75,54,66,47,47,NA,NA,14,15,6,6,0.7,0.7
2026-03-05T0600,2064A,113.9956,32.1272,信阳市,南湾水厂,细颗粒物(PM2.5),80,66,80,50,63,42,42,NA,NA,16,17,3,3,0.4,0.5
2026-03-05T0600,2065A,114.078,32.1194,信阳市,市酿酒公司,细颗粒物(PM2.5),84,75,81,52,65,43,43,NA,NA,16,16,4,4,0.5,0.6
2026-03-05T0600,2066A,114.0712,32.1393,信阳市,审计局,细颗粒物(PM2.5),80,81,83,50,66,45,45,NA,NA,16,18,6,6,0.4,0.5
2026-03-05T0600,4280A,122.0921,46.065,兴安盟,洮儿河南路,,42,42,32,20,20,45,45,NA,NA,12,14,1,3,0.6,0.6
2026-03-05T0600,4311A,122.0383,46.0691,兴安盟,科尔沁北路63号,NA,NA,20,33,10,19,54,54,NA,NA,7,8,NA,4,0.4,0.5
2026-03-05T0600,1077A,114.4687,37.0883,邢台市,达活泉,细颗粒物(PM2.5),68,60,105,44,72,24,24,NA,NA,14,15,5,4,0.9,1.1
2026-03-05T0600,1078A,114.4954,37.0309,邢台市,邢师高专,颗粒物(PM10),54,55,99,36,56,25,25,NA,NA,16,15,4,4,0.9,1
2026-03-05T0600,1079A,114.5281,37.0857,邢台市,路桥公司,细颗粒物(PM2.5),62,53,91,41,61,20,20,NA,NA,13,14,1,1,0.7,0.9
2026-03-05T0600,1080A,114.4721,37.0713,邢台市,市环保局,细颗粒物(PM2.5),76,53,98,48,81,26,26,NA,NA,9,10,4,4,0.8,1
2026-03-05T0600,4070A,114.5558,37.0578,邢台市,襄都区政府南院,细颗粒物(PM2.5),100,NA,89,60,79,25,25,NA,NA,17,19,3,2,0.7,1
2026-03-05T0600,1180A,117.257,34.2161,徐州市,新城区,,49,49,59,28,43,38,38,NA,NA,21,17,8,8,0.5,0.6
2026-03-05T0600,1182A,117.2933,34.2796,徐州市,农科院,,49,39,52,34,48,44,44,NA,NA,21,24,9,9,0.6,0.6
2026-03-05T0600,3005A,117.1812,34.29,徐州市,鼓楼区政府,,49,NA,48,34,48,31,31,NA,NA,21,16,8,9,0.7,0.9
2026-03-05T0600,3006A,117.1693,34.1781,徐州市,铜山区招生办,,44,44,59,30,43,44,44,NA,NA,26,25,5,5,0.4,0.5
2026-03-05T0600,3288A,117.4619,34.4368,徐州市,大泉街道,颗粒物(PM10),53,53,63,35,43,36,36,NA,NA,23,22,8,8,0.5,0.6
2026-03-05T0600,4088A,117.1553,34.2567,徐州市,纺织东路16号,,48,44,58,33,43,34,34,NA,NA,28,19,6,6,0.5,0.6
2026-03-05T0600,4186A,117.194237,34.229354,徐州市,解放南路202号,,49,49,64,33,47,47,47,NA,NA,22,15,8,8,0.6,0.8
2026-03-05T0600,4288A,117.2438,34.2844,徐州市,龙潭环路5号,,48,44,54,33,47,38,38,NA,NA,20,14,6,6,0.7,0.8
2026-03-05T0600,2398A,113.7904,33.9949,许昌市,开发区,细颗粒物(PM2.5),90,74,86,55,63,26,26,NA,NA,22,17,3,4,0.7,0.7
2026-03-05T0600,3134A,113.8172,34.0339,许昌市,市一中,细颗粒物(PM2.5),100,NA,71,60,68,33,33,NA,NA,16,14,4,5,0.4,0.8
2026-03-05T0600,3337A,113.8611,34.0443,许昌市,许昌学院,细颗粒物(PM2.5),94,61,70,57,62,31,31,NA,NA,20,17,4,4,0.4,0.7
2026-03-05T0600,3338A,113.8428,34.0825,许昌市,芙蓉广场,细颗粒物(PM2.5),101,NA,66,61,70,34,34,NA,NA,11,12,4,4,0.6,0.7
2026-03-05T0600,4180A,113.8157285,34.126705,许昌市,新元大道996号,细颗粒物(PM2.5),108,89,90,68,71,26,26,NA,NA,19,16,5,5,0.6,0.6
2026-03-05T0600,4259A,113.835877,34.0155267,许昌市,望田路111号,细颗粒物(PM2.5),102,NA,73,62,66,28,28,NA,NA,20,18,6,6,0.5,0.6
2026-03-05T0600,2316A,118.7578,30.9457,宣城市,鳌峰子站,,39,39,43,21,23,11,11,NA,NA,29,19,4,4,0.3,0.3
2026-03-05T0600,2317A,118.7384,30.9745,宣城市,敬亭山子站,,44,44,42,30,30,29,29,NA,NA,20,17,2,3,0.3,0.3
2026-03-05T0600,2318A,118.7172,30.9428,宣城市,开发区子站,,43,40,41,30,27,13,13,NA,NA,37,23,6,6,0.4,0.4
2026-03-05T0600,2555A,103.011,29.9833,雅安市,市政府,,24,15,18,12,14,76,76,NA,NA,7,9,5,4,0.6,0.5
2026-03-05T0600,2556A,102.9907,29.9778,雅安市,川农大,,23,15,18,14,13,72,72,NA,NA,8,10,4,5,0.5,0.5
2026-03-05T0600,4306A,103.0544,30.0133,雅安市,滨江西路,,23,13,16,11,14,73,73,NA,NA,10,15,8,7,0.5,0.5
2026-03-05T0600,1642A,121.2517,37.564,烟台市,开发区,细颗粒物(PM2.5),103,63,74,63,61,51,51,NA,NA,29,23,8,8,0.6,0.6
2026-03-05T0600,1644A,121.3181,37.5436,烟台市,西郊化工站,细颗粒物(PM2.5),94,73,78,57,54,74,74,NA,NA,22,20,4,4,0.5,0.6
2026-03-05T0600,1645A,121.4419,37.4858,烟台市,莱山环保局,细颗粒物(PM2.5),92,78,86,56,61,59,59,NA,NA,27,23,7,7,0.5,0.6
2026-03-05T0600,1646A,121.2619,37.4965,烟台市,福山环保局,细颗粒物(PM2.5),108,92,94,68,65,39,39,NA,NA,35,26,6,5,0.7,0.6
2026-03-05T0600,3057A,121.5989,37.4016,烟台市,牟平检察院,细颗粒物(PM2.5),88,73,86,54,64,47,47,NA,NA,20,24,8,3,0.7,0.8
2026-03-05T0600,3366A,121.5202,37.4336,烟台市,中国农业大学,细颗粒物(PM2.5),98,73,87,59,62,41,41,NA,NA,24,20,5,6,0.7,0.6
2026-03-05T0600,4213A,121.364239,37.529648,烟台市,青年南路118号,细颗粒物(PM2.5),84,68,77,52,56,65,65,NA,NA,16,17,6,7,0.5,0.6
2026-03-05T0600,1927A,109.4569,36.6161,延安市,延大医附院,颗粒物(PM10),63,67,67,15,39,17,17,NA,NA,26,32,1,2,0.5,0.9
2026-03-05T0600,1929A,109.5053,36.6105,延安市,百米大道,NA,NA,80,83,20,50,NA,NA,NA,NA,34,35,3,3,0.5,0.8
2026-03-05T0600,4161A,109.485,36.6347,延安市,志丹路,颗粒物(PM10),57,59,46,13,26,31,31,NA,NA,25,13,2,3,0.2,0.3
2026-03-05T0600,2237A,129.4704,42.8885,延边朝鲜族自治州,妇幼医院,,40,37,52,28,38,55,55,NA,NA,8,13,7,10,0.3,0.4
2026-03-05T0600,2238A,129.5047,42.9117,延边朝鲜族自治州,延边医院,颗粒物(PM10),54,55,48,34,39,50,50,NA,NA,16,12,4,6,0.5,0.4
2026-03-05T0600,2239A,129.395,42.8884,延边朝鲜族自治州,朝阳川镇医院,,42,33,58,29,47,40,40,NA,NA,11,9,5,6,0.4,0.5
2026-03-05T0600,1216A,120.1554,33.3941,盐城市,市监测站,,30,30,24,15,19,69,69,NA,NA,12,10,6,6,0.6,0.6
2026-03-05T0600,1218A,120.214332,33.37951,盐城市,开发区管委会,,35,35,28,14,17,72,72,NA,NA,8,7,5,5,0.5,0.5
2026-03-05T0600,3004A,120.1543,33.3664,盐城市,宝龙广场,,27,27,24,11,15,68,68,NA,NA,10,10,6,6,0.6,0.6
2026-03-05T0600,3293A,120.1518,33.3369,盐城市,月亮广场,,24,24,21,11,12,72,72,NA,NA,11,10,4,4,0.6,0.6
2026-03-05T0600,3436A,120.4283,33.2048,盐城市,大丰高级中学,,34,34,23,10,10,72,72,NA,NA,10,9,6,6,0.6,0.6
2026-03-05T0600,4207A,120.12211,33.393982,盐城市,黄海中路88号,,31,31,28,10,11,75,75,NA,NA,12,9,4,4,0.6,0.6
2026-03-05T0600,1186A,119.3895,32.377,扬州市,邗江监测站,,39,39,35,20,17,56,56,NA,NA,13,15,6,6,0.4,0.4
2026-03-05T0600,2869A,119.4472,32.4156,扬州市,五台山医院,,34,34,29,21,20,54,54,NA,NA,16,16,4,3,0.3,0.3
2026-03-05T0600,3164A,119.4682,32.394,扬州市,广陵建设局,,35,35,33,18,17,52,52,NA,NA,19,15,4,4,0.1,0.1
2026-03-05T0600,3195A,119.3649,32.3961,扬州市,市体育局,,39,39,36,19,18,52,52,NA,NA,13,14,4,4,0.3,0.3
2026-03-05T0600,3294A,119.565282,32.422263,扬州市,引江管理处,,38,38,34,20,19,52,52,NA,NA,17,16,1,2,0.3,0.5
2026-03-05T0600,4093A,119.5202,32.3705,扬州市,廖家沟步道,,43,43,37,20,17,55,55,NA,NA,14,15,4,3,0.2,0.2
2026-03-05T0600,1701A,111.9491,21.8658,阳江市,马南垌,,23,22,16,16,12,19,19,NA,NA,17,17,5,5,0.7,0.8
2026-03-05T0600,3317A,111.9785,21.8954,阳江市,两阳中学,,26,26,20,14,11,20,20,NA,NA,14,16,/,/,0.8,0.8
2026-03-05T0600,3453A,112.0125,21.8749,阳江市,阳东陶然,,28,20,17,19,13,23,23,NA,NA,15,14,6,5,0.8,0.8
2026-03-05T0600,1739A,113.4894,37.8717,阳泉市,赛鱼,细颗粒物(PM2.5),94,66,93,57,59,6,6,NA,NA,34,18,4,4,1.3,1
2026-03-05T0600,1740A,113.582,37.8473,阳泉市,南庄,细颗粒物(PM2.5),90,62,84,55,62,14,14,NA,NA,31,19,9,7,1.4,1.1
2026-03-05T0600,1742A,113.5616,37.8706,阳泉市,平坦,细颗粒物(PM2.5),123,NA,89,85,53,20,20,NA,NA,30,19,10,6,1.5,0.9
2026-03-05T0600,1743A,113.5115,37.8391,阳泉市,大阳泉,细颗粒物(PM2.5),98,NA,45,59,46,28,28,NA,NA,27,20,4,4,1.1,1
2026-03-05T0600,3619A,113.6169,37.8565,阳泉市,龙柱,细颗粒物(PM2.5),74,60,82,47,61,10,10,NA,NA,32,19,2,3,1.9,1.3
2026-03-05T0600,4077A,113.588,37.8712,阳泉市,宁波路,细颗粒物(PM2.5),88,59,88,54,58,19,19,NA,NA,22,13,14,5,1.6,1
2026-03-05T0600,2252A,128.8663,47.7199,伊春市,环保局,,43,31,31,30,24,72,72,NA,NA,11,10,2,3,0.5,0.5
2026-03-05T0600,2253A,128.9014,47.732,伊春市,电力嘉园,,48,46,41,33,26,47,47,NA,NA,33,9,7,7,0.4,0.5
2026-03-05T0600,3342A,128.7948,47.7291,伊春市,中心小学,颗粒物(PM10),53,53,30,36,27,49,49,NA,NA,20,7,3,4,0.5,0.5
2026-03-05T0600,3343A,128.6736,47.729,伊春市,检察院,,40,40,31,26,23,72,72,NA,NA,7,8,5,6,0.3,0.3
2026-03-05T0600,4284A,128.8325,47.8447,伊春市,永安路4-1号,,43,37,25,30,24,60,60,NA,NA,8,3,8,8,0.5,0.5
2026-03-05T0600,2704A,81.3002,43.9177,伊犁哈萨克自治州,新政府片区,,28,28,33,17,22,58,58,NA,NA,15,20,7,7,1.1,1
2026-03-05T0600,2705A,81.3364,43.9409,伊犁哈萨克自治州,第二水厂,,30,29,34,21,20,59,59,NA,NA,6,14,6,6,0.7,0.8
2026-03-05T0600,4273A,81.2737,43.9337,伊犁哈萨克自治州,安徽路800号,,25,25,32,12,23,62,62,NA,NA,12,21,6,6,0.9,0.9
2026-03-05T0600,1883A,104.6204,28.7728,宜宾市,市委,,36,32,26,25,21,51,51,NA,NA,15,14,8,10,0.9,0.9
2026-03-05T0600,1884A,104.6056,28.7931,宜宾市,宜宾四中,,40,34,27,28,23,58,58,NA,NA,16,16,6,7,0.9,0.9
2026-03-05T0600,1886A,104.5743,28.7199,宜宾市,黄金嘴,,33,33,27,23,21,59,59,NA,NA,15,17,6,8,0.8,0.8
2026-03-05T0600,3728A,104.6701,28.8053,宜宾市,白酒学院,,38,30,23,26,19,72,72,NA,NA,11,13,6,6,0.8,0.8
2026-03-05T0600,4149A,104.6146,28.7422,宜宾市,宜宾市职业技术学校,,40,33,27,28,24,62,62,NA,NA,11,15,9,9,0.7,0.7
2026-03-05T0600,1840A,111.2991,30.6981,宜昌市,白龙岗,细颗粒物(PM2.5),58,48,51,39,46,70,70,NA,NA,12,14,7,8,0.6,0.6
2026-03-05T0600,1842A,111.263451,30.696754,宜昌市,点军区,细颗粒物(PM2.5),54,43,45,37,43,59,59,NA,NA,24,22,8,7,0.5,0.6
2026-03-05T0600,1843A,111.3276,30.782,宜昌市,夷陵区,,48,48,55,33,39,63,63,NA,NA,15,18,8,9,0.7,0.6
2026-03-05T0600,3546A,111.4606,30.5519,宜昌市,猇亭区张家湾站,细颗粒物(PM2.5),56,52,56,38,49,60,60,NA,NA,20,21,11,11,0.3,0.4
2026-03-05T0600,4203A,111.3168,30.7203,宜昌市,西陵二路116号,细颗粒物(PM2.5),64,42,53,42,42,72,72,NA,NA,10,14,6,6,0.7,0.7
2026-03-05T0600,4204A,111.3526,30.6374,宜昌市,沈家店路6号,,49,49,50,32,43,51,51,NA,NA,12,15,10,9,0.4,0.5
2026-03-05T0600,2373A,114.3954,27.7843,宜春市,市石油公司,细颗粒物(PM2.5),90,59,39,55,32,21,21,NA,NA,17,16,5,7,1.0,1.1
2026-03-05T0600,2374A,114.37,27.7916,宜春市,市气象局,细颗粒物(PM2.5),82,60,38,51,33,18,18,NA,NA,22,18,9,7,0.7,0.9
2026-03-05T0600,2375A,114.401,27.8059,宜春市,市广电局,细颗粒物(PM2.5),74,58,38,47,34,25,25,NA,NA,18,22,8,7,0.6,0.8
2026-03-05T0600,3151A,114.375,27.8096,宜春市,宜春学院北校区,细颗粒物(PM2.5),96,62,40,58,36,23,23,NA,NA,17,17,10,7,0.5,0.8
2026-03-05T0600,2468A,112.3458,28.581,益阳市,市环保局,细颗粒物(PM2.5),76,63,44,48,39,16,16,NA,NA,27,17,4,5,1.0,0.8
2026-03-05T0600,4181A,112.3571,28.5588,益阳市,龙洲站,细颗粒物(PM2.5),64,52,47,42,36,17,17,NA,NA,25,15,6,6,1.0,0.9
2026-03-05T0600,4187A,112.3425,28.611,益阳市,幸福渠东路223号,细颗粒物(PM2.5),76,54,42,48,41,11,11,NA,NA,26,22,4,4,1.0,0.8
2026-03-05T0600,4188A,112.3712,28.5764,益阳市,益鑫泰路85号,细颗粒物(PM2.5),62,48,37,41,36,13,13,NA,NA,24,19,5,5,1.0,0.8
2026-03-05T0600,1489A,106.1361,38.5039,银川市,学院路,颗粒物(PM10),72,80,109,22,36,77,77,NA,NA,22,30,5,14,0.2,0.6
2026-03-05T0600,2924A,106.2266,38.4417,银川市,水乡路,颗粒物(PM10),82,94,137,28,36,64,64,NA,NA,20,22,6,12,0.3,0.6
2026-03-05T0600,2925A,106.2758,38.4841,银川市,上海东路,颗粒物(PM10),57,59,81,20,34,61,61,NA,NA,16,18,4,9,0.3,0.5
2026-03-05T0600,2926A,106.1016,38.4971,银川市,文昌北街,颗粒物(PM10),78,88,109,25,37,51,51,NA,NA,50,33,6,14,0.1,0.5
2026-03-05T0600,3523A,106.5105,38.3857,银川市,滨河新区,颗粒物(PM10),68,75,90,17,31,86,86,NA,NA,12,21,12,13,0.4,0.6
2026-03-05T0600,4242A,106.226373,38.491976,银川市,广场西路,颗粒物(PM10),66,72,113,10,29,79,79,NA,NA,20,18,5,11,0.5,0.8
2026-03-05T0600,2358A,117.0561,28.2641,鹰潭市,新监测站,,50,NA,35,35,45,18,18,NA,NA,12,13,6,10,0.6,0.5
2026-03-05T0600,2359A,117.0312,28.2474,鹰潭市,财苑宾馆,,43,32,39,30,44,19,19,NA,NA,10,12,5,10,/,/
2026-03-05T0600,2360A,117.0221,28.2263,鹰潭市,体育馆,细颗粒物(PM2.5),62,NA,39,41,46,16,16,NA,NA,15,13,8,10,0.9,0.9
2026-03-05T0600,1597A,122.2704,40.7093,营口市,大庆路,细颗粒物(PM2.5),56,49,49,38,44,63,63,NA,NA,20,20,6,6,0.8,0.9
2026-03-05T0600,1598A,122.215,40.6511,营口市,镜湖西路,,50,45,44,35,41,67,67,NA,NA,16,19,11,7,0.6,0.7
2026-03-05T0600,1599A,122.1667,40.665,营口市,西炮台,,50,48,40,35,39,64,64,NA,NA,18,19,4,5,0.3,0.4
2026-03-05T0600,3379A,122.1122,40.2275,营口市,鲅鱼圈市民活动中心,颗粒物(PM10),76,86,89,46,63,39,39,NA,NA,33,35,9,11,1.2,1.2
2026-03-05T0600,3866A,122.2469,40.663,营口市,三高中,NA,NA,49,59,38,48,60,60,NA,NA,14,18,NA,6,0.3,0.5
2026-03-05T0600,4006A,122.3622,40.6762,营口市,老边实验小学,细颗粒物(PM2.5),76,51,61,48,54,49,49,NA,NA,26,22,49,11,0.8,0.7
2026-03-05T0600,2478A,111.6126,26.4266,永州市,市环境监测站,,49,39,33,34,29,15,15,NA,NA,26,15,3,3,0.5,0.4
2026-03-05T0600,2480A,111.6248,26.3803,永州市,永州市环保局,细颗粒物(PM2.5),52,42,33,36,30,21,21,NA,NA,14,11,2,2,0.8,0.7
2026-03-05T0600,2481A,111.5989,26.4523,永州市,冷水滩区环保局,,50,NA,30,35,31,16,16,NA,NA,20,16,5,4,0.7,0.6
2026-03-05T0600,4299A,111.6195,26.2253,永州市,徐家井路86号,细颗粒物(PM2.5),56,45,34,38,30,16,16,NA,NA,14,10,4,3,0.8,0.7
2026-03-05T0600,2639A,109.7445,38.2919,榆林市,世纪广场,颗粒物(PM10),55,57,48,12,25,17,17,NA,NA,56,22,12,5,0.3,0.3
2026-03-05T0600,2640A,109.729,38.2837,榆林市,实验中学,颗粒物(PM10),60,64,52,11,27,28,28,NA,NA,41,20,9,4,0.7,0.7
2026-03-05T0600,2641A,109.7347,38.2491,榆林市,环保监测大楼,颗粒物(PM10),55,56,50,15,26,48,48,NA,NA,20,14,70,13,0.8,0.8
2026-03-05T0600,2511A,110.1433,22.6162,玉林市,南江一中,,18,17,24,12,14,20,20,NA,NA,12,14,6,7,0.7,0.7
2026-03-05T0600,3532A,110.1951,22.6832,玉林市,玉林师范学院东校区,,23,19,19,16,14,20,20,NA,NA,8,11,3,3,0.7,0.7
2026-03-05T0600,3533A,110.0527,22.5894,玉林市,福绵环保局,,18,18,20,10,12,18,18,NA,NA,13,11,4,4,0.6,0.6
2026-03-05T0600,4255A,110.16795,22.640993,玉林市,人民东路196号,,17,17,21,7,17,19,19,NA,NA,21,20,1,2,0.7,0.7
2026-03-05T0600,2675A,97.0386,33.0138,玉树藏族自治州,玉树县结古镇,颗粒物(PM10),111,148,97,49,29,42,42,NA,NA,22,18,2,7,0.6,0.6
2026-03-05T0600,1715A,102.575,24.371,玉溪市,东风水库,,49,41,41,34,31,39,39,NA,NA,12,11,2,4,0.6,0.6
2026-03-05T0600,2882A,102.5388,24.3703,玉溪市,玉溪一中,,46,42,45,32,34,46,46,NA,NA,14,12,1,2,0.6,0.5
2026-03-05T0600,2883A,102.5382,24.339,玉溪市,文体中心,颗粒物(PM10),53,53,46,31,31,45,45,NA,NA,18,14,4,4,0.6,0.6
2026-03-05T0600,1848A,113.1494,29.425,岳阳市,城陵矶,细颗粒物(PM2.5),98,61,44,59,45,6,6,NA,NA,47,36,6,6,1.0,0.6
2026-03-05T0600,1849A,113.1493,29.3575,岳阳市,开发区,细颗粒物(PM2.5),70,53,56,45,38,16,16,NA,NA,35,32,4,5,0.9,0.9
2026-03-05T0600,1850A,113.2672,29.4752,岳阳市,云溪区,细颗粒物(PM2.5),60,47,44,40,34,6,6,NA,NA,26,19,8,9,0.9,0.8
2026-03-05T0600,1851A,112.9944,29.44,岳阳市,君山区,细颗粒物(PM2.5),96,NA,40,58,37,45,45,NA,NA,24,25,8,8,1.0,0.9
2026-03-05T0600,4265A,113.108806,29.353066,岳阳市,求索西路365号,细颗粒物(PM2.5),64,NA,39,42,35,22,22,NA,NA,24,27,6,7,0.7,0.7
2026-03-05T0600,1714A,112.0281,22.9738,云浮市,牧羊,,23,23,18,12,9,10,10,NA,NA,19,15,6,6,0.7,0.7
2026-03-05T0600,3628A,112.0335,22.9376,云浮市,文笔,,36,36,24,16,11,5,5,NA,NA,22,14,11,6,0.9,0.9
2026-03-05T0600,2175A,110.996,35.0148,运城市,运城中学,细颗粒物(PM2.5),58,NA,39,39,37,20,20,NA,NA,18,12,4,4,1.1,1
2026-03-05T0600,2178A,110.9685,35.0305,运城市,地区技校,细颗粒物(PM2.5),62,NA,43,41,39,17,17,NA,NA,19,14,4,4,1.0,0.9
2026-03-05T0600,3667A,111.0279,35.0543,运城市,水利职院,细颗粒物(PM2.5),60,NA,43,40,37,20,20,NA,NA,18,13,5,5,1.0,0.8
2026-03-05T0600,3670A,111.0522,35.0439,运城市,禹都公园,细颗粒物(PM2.5),58,44,44,39,36,24,24,NA,NA,18,12,6,6,1.0,0.9
2026-03-05T0600,4081A,111.0081,35.0748,运城市,学苑北路2555号,细颗粒物(PM2.5),58,46,40,39,38,14,14,NA,NA,28,14,7,6,1.1,0.8
2026-03-05T0600,1637A,117.5628,34.8379,枣庄市,市中区政府,,32,31,64,22,48,63,63,NA,NA,17,21,9,9,0.6,0.8
2026-03-05T0600,1638A,117.2855,34.7838,枣庄市,薛城环保局,,42,42,67,21,53,54,54,NA,NA,17,18,10,10,0.6,0.7
2026-03-05T0600,1639A,117.5854,34.7744,枣庄市,峄城区政府,,44,44,72,25,50,60,60,NA,NA,12,17,9,10,0.6,0.7
2026-03-05T0600,1641A,117.4516,35.0992,枣庄市,山亭区环保局,,42,31,72,29,58,50,50,NA,NA,7,12,6,6,0.5,0.9
2026-03-05T0600,3364A,117.316,34.8106,枣庄市,市环保局,,34,34,66,21,50,55,55,NA,NA,14,16,5,5,0.6,0.7
2026-03-05T0600,4266A,117.7325,34.5683,枣庄市,文化路178号,颗粒物(PM10),51,51,63,34,46,43,43,NA,NA,24,19,6,6,0.6,0.7
2026-03-05T0600,1680A,110.3648,21.2697,湛江市,湛江影剧院,,26,22,21,18,19,9,9,NA,NA,16,14,11,9,0.8,0.8
2026-03-05T0600,1681A,110.3907,21.2279,湛江市,市环境监测站,,23,17,19,16,17,13,13,NA,NA,16,15,10,8,0.8,0.8
2026-03-05T0600,1682A,110.3936,21.1943,湛江市,环保局宿舍,,23,17,20,16,18,14,14,NA,NA,14,13,9,7,/,/
2026-03-05T0600,1683A,110.4138,21.2033,湛江市,霞山游泳场,,22,20,20,15,16,13,13,NA,NA,11,10,11,8,/,/
2026-03-05T0600,1685A,110.4512,21.239,湛江市,坡头区环保局,,29,NA,20,20,18,10,10,NA,NA,17,15,15,19,0.8,0.7
2026-03-05T0600,1858A,110.532,29.1219,张家界市,永定新区,,50,NA,30,35,25,32,32,NA,NA,16,13,/,/,/,/
2026-03-05T0600,1859A,110.4696,29.1244,张家界市,电业局,细颗粒物(PM2.5),54,NA,26,37,24,46,46,NA,NA,11,13,6,6,0.4,0.4
2026-03-05T0600,1860A,110.5573,29.3486,张家界市,未央路,,48,NA,18,33,20,16,16,NA,NA,6,7,8,8,0.5,0.5
2026-03-05T0600,1057A,114.8884,40.8336,张家口市,人民公园,,35,28,42,24,36,39,39,NA,NA,25,22,2,3,0.8,0.8
2026-03-05T0600,1059A,114.868581,40.804273,张家口市,五金库,,40,29,40,28,33,40,40,NA,NA,20,23,/,/,/,/
2026-03-05T0600,1060A,114.8901,40.762,张家口市,世纪豪园,,50,NA,48,35,36,36,36,NA,NA,20,22,1,2,0.8,0.8
2026-03-05T0600,3131A,114.878,40.7992,张家口市,烟厂,,42,42,46,24,30,35,35,NA,NA,16,16,/,/,/,/
2026-03-05T0600,3323A,115.2772,40.9723,张家口市,青少年活动中心,细颗粒物(PM2.5),58,39,44,39,34,30,30,NA,NA,19,13,2,2,0.7,0.7
2026-03-05T0600,2654A,100.4699,38.9525,张掖市,润泉湖,颗粒物(PM10),106,134,234,63,81,18,18,NA,NA,24,15,4,4,0.8,0.5
2026-03-05T0600,2655A,100.4155,38.9422,张掖市,区工会,细颗粒物(PM2.5),108,138,240,68,84,38,38,NA,NA,17,13,4,3,0.6,0.4
2026-03-05T0600,2920A,117.71,24.5048,漳州市,蓝田镇,,50,50,37,32,25,19,19,NA,NA,28,23,4,4,0.6,0.6
2026-03-05T0600,3216A,117.662,24.5187,漳州市,漳州党校,,43,43,37,29,25,38,38,NA,NA,15,19,/,/,/,/
2026-03-05T0600,3530A,117.6288,24.5309,漳州市,西洋坪路,,38,35,32,26,21,29,29,NA,NA,15,19,3,3,0.4,0.5
2026-03-05T0600,2596A,103.7668,27.3736,昭通市,监测站,,28,28,31,16,15,53,53,NA,NA,8,11,7,9,0.4,0.3
2026-03-05T0600,4261A,103.7247,27.3415,昭通市,环东路146号,,20,20,33,14,20,61,61,NA,NA,4,16,4,7,0.4,0.6
2026-03-05T0600,1397A,112.426,23.062,肇庆市,睦岗子站,,15,15,11,8,6,17,17,NA,NA,19,21,8,8,/,/
2026-03-05T0600,1398A,112.4645,23.0476,肇庆市,城中子站,,19,17,14,13,9,32,32,NA,NA,11,15,7,7,0.7,0.8
2026-03-05T0600,1399A,112.5545,23.1525,肇庆市,坑口子站,,15,14,12,10,8,15,15,NA,NA,20,18,4,4,0.7,0.7
2026-03-05T0600,3313A,112.4572,23.0163,肇庆市,高要湖西,,18,15,15,12,9,25,25,NA,NA,17,18,4,4,0.6,0.6
2026-03-05T0600,3451A,112.5617,23.2082,肇庆市,鼎湖凤凰,,13,12,10,9,8,24,24,NA,NA,11,12,6,6,/,/
2026-03-05T0600,1203A,119.6708,32.187,镇江市,新区办事处,,41,41,37,27,20,50,50,NA,NA,22,21,7,5,0.6,0.5
2026-03-05T0600,1204A,119.497455,32.196732,镇江市,职教中心,NA,NA,39,33,24,22,NA,NA,NA,NA,32,28,3,3,0.5,0.5
2026-03-05T0600,1205A,119.43,32.1328,镇江市,丹徒区监测站,颗粒物(PM10),55,56,37,36,26,39,39,NA,NA,32,27,3,3,0.6,0.6
2026-03-05T0600,2870A,119.4369,32.1891,镇江市,市疾控中心,,46,46,38,26,20,32,32,NA,NA,29,23,7,5,0.6,0.7
2026-03-05T0600,3287A,119.3842,32.198,镇江市,富润路1号,,42,41,36,29,27,37,37,NA,NA,31,25,5,4,0.6,0.6
2026-03-05T0600,1316A,113.6843,34.7622,郑州市,烟厂,细颗粒物(PM2.5),101,66,117,61,96,26,26,NA,NA,24,30,2,2,1.2,1.1
2026-03-05T0600,1318A,113.669,34.8034,郑州市,银行学校,细颗粒物(PM2.5),118,83,126,79,99,29,29,NA,NA,19,24,4,4,1.3,1.3
2026-03-05T0600,1319A,113.5612,34.8143,郑州市,供水公司,细颗粒物(PM2.5),107,NA,113,67,100,37,37,NA,NA,17,23,1,2,1.1,1.1
2026-03-05T0600,1320A,113.7269,34.7187,郑州市,经开区管委,细颗粒物(PM2.5),110,NA,121,70,114,28,28,NA,NA,14,22,3,1,1.3,1.3
2026-03-05T0600,1321A,113.7332,34.7727,郑州市,四十七中,细颗粒物(PM2.5),90,68,122,55,93,28,28,NA,NA,13,17,2,2,0.9,0.9
2026-03-05T0600,1323A,113.6361,34.7537,郑州市,河医大,细颗粒物(PM2.5),109,82,121,69,113,25,25,NA,NA,28,34,4,4,1.2,1.2
2026-03-05T0600,3471A,113.6104,34.8688,郑州市,惠济区政府,细颗粒物(PM2.5),102,NA,115,62,110,30,30,NA,NA,17,20,1,1,1.3,1.3
2026-03-05T0600,3590A,113.8362,34.566,郑州市,北区建设指挥部,细颗粒物(PM2.5),88,NA,133,54,102,11,11,NA,NA,30,20,2,2,1.4,1.2
2026-03-05T0600,3591A,113.3029,34.8041,郑州市,上街区政府,细颗粒物(PM2.5),110,NA,121,70,109,16,16,NA,NA,24,23,1,1,1.1,1.1
2026-03-05T0600,4293A,113.605125,34.755221,郑州市,计划路2号,细颗粒物(PM2.5),104,72,121,64,114,19,19,NA,NA,32,31,1,2,1.3,1.3
2026-03-05T0600,4294A,113.6525645,34.77362682,郑州市,同乐路9号,细颗粒物(PM2.5),111,NA,112,72,110,28,28,NA,NA,16,23,1,1,1.1,1.1
2026-03-05T0600,1379A,113.377,22.5211,中山市,华柏园,,32,32,17,22,15,2,2,NA,NA,34,27,/,/,/,/
2026-03-05T0600,1380A,113.3879,22.5499,中山市,张溪,,40,NA,21,28,23,2,2,NA,NA,40,32,/,/,/,/
2026-03-05T0600,1381A,113.4071,22.5111,中山市,紫马岭,,33,27,18,23,16,2,2,NA,NA,36,29,7,7,0.8,0.7
2026-03-05T0600,3454A,113.3527,22.4781,中山市,中山南区,,35,NA,16,24,19,5,5,NA,NA,37,30,4,4,0.8,0.8
2026-03-05T0600,2682A,105.1965,37.4996,中卫市,环保局站,颗粒物(PM10),80,92,154,37,47,56,56,NA,NA,24,15,37,12,0.3,0.4
2026-03-05T0600,3650A,105.1696,37.5164,中卫市,沙坡头区政府站,颗粒物(PM10),86,100,158,40,43,57,57,NA,NA,22,14,39,12,0.3,0.4
2026-03-05T0600,1416A,106.4216,29.8256,重庆市,天生,,48,39,39,33,24,58,58,NA,NA,13,18,8,9,0.6,0.7
2026-03-05T0600,1417A,106.6264,29.7226,重庆市,两路,,39,30,29,27,23,48,48,NA,NA,25,22,7,7,0.7,0.8
2026-03-05T0600,1419A,106.5778,29.5103,重庆市,南坪,,39,37,37,27,21,57,57,NA,NA,10,15,6,4,0.6,0.6
2026-03-05T0600,1420A,106.6556,29.6277,重庆市,唐家沱,,36,35,26,25,22,62,62,NA,NA,10,14,8,8,0.6,0.6
2026-03-05T0600,3014A,106.4958,29.5347,重庆市,歇台子,,38,34,33,26,24,57,57,NA,NA,11,16,8,8,0.6,0.6
2026-03-05T0600,3015A,106.4067,29.5729,重庆市,龙井湾,,31,31,27,16,17,70,70,NA,NA,8,11,8,8,0.6,0.7
2026-03-05T0600,3016A,106.5506,29.415,重庆市,龙洲湾,,42,37,26,29,21,50,50,NA,NA,18,15,10,7,0.6,0.5
2026-03-05T0600,3133A,106.5469,29.5655,重庆市,上清寺,,39,36,38,27,22,55,55,NA,NA,13,20,9,9,0.6,0.7
2026-03-05T0600,3346A,108.3871,31.1627,重庆市,安康,,40,40,40,28,29,22,22,NA,NA,12,16,9,7,0.6,0.7
2026-03-05T0600,3347A,105.8983,29.36,重庆市,北山路,,37,37,29,23,19,62,62,NA,NA,8,12,7,7,0.5,0.6
2026-03-05T0600,3350A,106.648859,29.023807,重庆市,滩子口,,50,NA,22,35,18,43,43,NA,NA,14,14,6,6,0.5,0.5
2026-03-05T0600,3351A,105.7164,29.7077,重庆市,棠香,,39,30,25,27,23,66,66,NA,NA,9,10,9,7,0.5,0.6
2026-03-05T0600,3352A,107.0733,29.8618,重庆市,桃源西路,颗粒物(PM10),54,55,45,32,26,52,52,NA,NA,9,12,6,9,0.6,0.7
2026-03-05T0600,3353A,107.3536,29.7283,重庆市,迎宾大道,,29,NA,22,20,18,17,17,NA,NA,30,26,8,7,0.6,0.7
2026-03-05T0600,3354A,108.8152,29.5079,重庆市,舟白,,31,31,31,8,11,21,21,NA,NA,4,10,5,5,0.4,0.5
2026-03-05T0600,3355A,108.3679,30.8429,重庆市,周家坝,,46,44,47,32,27,16,16,NA,NA,26,30,7,8,0.6,0.7
2026-03-05T0600,3356A,108.4323,30.7554,重庆市,百安坝,,36,36,39,18,28,42,42,NA,NA,7,14,9,10,0.5,0.6
2026-03-05T0600,3482A,107.754,29.3275,重庆市,芙蓉中路,NA,NA,23,26,17,14,NA,NA,NA,NA,12,11,5,5,0.7,0.7
2026-03-05T0600,3484A,106.2629,29.3202,重庆市,行政中心,,48,48,40,24,22,50,50,NA,NA,14,20,7,7,0.7,0.6
2026-03-05T0600,3599A,106.2648,29.9853,重庆市,书院路,,50,38,27,35,26,23,23,NA,NA,22,17,7,7,0.7,0.7
2026-03-05T0600,3600A,106.2334,29.5583,重庆市,虎峰,,50,50,35,26,24,62,62,NA,NA,11,16,7,7,0.7,0.7
2026-03-05T0600,3601A,106.0497,29.8345,重庆市,龙门街,,46,46,29,25,20,42,42,NA,NA,14,17,6,8,0.5,0.6
2026-03-05T0600,3610A,105.5931,29.4105,重庆市,昌元,,36,36,28,22,21,57,57,NA,NA,10,12,6,6,0.6,0.5
2026-03-05T0600,4136A,108.6971,30.9377,重庆市,云师幼儿园,,35,35,33,17,21,14,14,NA,NA,20,19,6,6,0.5,0.7
2026-03-05T0600,4137A,107.3276,30.3284,重庆市,公安局,,34,34,37,20,26,44,44,NA,NA,10,13,5,10,0.5,0.6
2026-03-05T0600,4138A,108.0575,30.3254,重庆市,忠县中学,细颗粒物(PM2.5),52,45,39,36,28,11,11,NA,NA,24,19,4,4,0.9,0.9
2026-03-05T0600,4139A,109.4542,31.0182,重庆市,竹枝路2号,,49,49,36,24,20,20,20,NA,NA,20,24,5,5,0.7,0.8
2026-03-05T0600,4140A,107.7422,29.871,重庆市,龙河路,,24,24,23,3,16,28,28,NA,NA,22,7,8,7,0.7,0.7
2026-03-05T0600,4141A,108.7636,28.84,重庆市,桃花源中路,,29,29,29,10,13,14,14,NA,NA,7,13,3,3,0.7,0.7
2026-03-05T0600,4142A,108.9758,28.4416,重庆市,秀山县高级中学,,15,12,22,10,17,2,2,NA,NA,9,7,5,5,0.3,0.3
2026-03-05T0600,4143A,108.1558,29.2859,重庆市,河堡街,NA,NA,21,28,NA,NA,16,16,NA,NA,2,5,2,2,0.6,0.7
2026-03-05T0600,4223A,106.4686218,29.48920871,重庆市,双山路147号,,41,41,45,26,20,62,62,NA,NA,14,20,7,7,0.5,0.6
2026-03-05T0600,4246A,105.833962,30.18863087,重庆市,桃园路24号,,50,46,29,35,23,47,47,NA,NA,10,10,9,10,0.7,0.7
2026-03-05T0600,4247A,107.091033,29.153966,重庆市,钟楼街32号,,38,38,28,20,19,32,32,NA,NA,10,13,5,4,0.5,0.6
2026-03-05T0600,4248A,107.8042979,30.67350233,重庆市,人民南路309号,,42,42,47,26,24,36,36,NA,NA,14,19,5,5,0.5,0.6
2026-03-05T0600,1258A,122.1223,30.0203,舟山市,定海檀枫,,27,27,19,9,6,61,61,NA,NA,10,8,5,5,0.5,0.4
2026-03-05T0600,1260A,122.1898,29.9945,舟山市,临城新区,,19,19,19,9,5,60,60,NA,NA,11,10,5,5,0.4,0.4
2026-03-05T0600,4033A,122.3124,29.9619,舟山市,普陀东港中学,,29,29,20,12,7,75,75,NA,NA,10,10,6,6,0.5,0.5
2026-03-05T0600,2068A,114.6755,33.6347,周口市,周口师范,细颗粒物(PM2.5),52,NA,58,36,52,37,37,NA,NA,12,12,1,1,0.4,0.5
2026-03-05T0600,4121A,114.8466,33.7333,周口市,羲皇大道,细颗粒物(PM2.5),56,56,70,38,51,38,38,NA,NA,13,13,1,2,0.4,0.5
2026-03-05T0600,4269A,114.6701,33.6167,周口市,七一路,细颗粒物(PM2.5),68,NA,62,44,52,42,42,NA,NA,14,15,2,2,0.5,0.6
2026-03-05T0600,4296A,114.6421,33.6417,周口市,健康路46号,细颗粒物(PM2.5),56,39,57,38,58,38,38,NA,NA,10,11,3,3,0.7,0.8
2026-03-05T0600,4297A,114.649,33.596,周口市,太昊路,细颗粒物(PM2.5),98,NA,74,59,63,38,38,NA,NA,12,12,1,2,0.6,0.8
2026-03-05T0600,1515A,113.1265,27.8306,株洲市,天台山庄,细颗粒物(PM2.5),58,57,52,39,41,4,4,NA,NA,29,24,7,7,1.0,0.9
2026-03-05T0600,1518A,113.0937,27.8919,株洲市,株冶医院,,49,44,43,34,37,2,2,NA,NA,24,25,6,6,1.0,0.9
2026-03-05T0600,1519A,113.1709,27.8661,株洲市,市四中,,46,45,49,32,37,2,2,NA,NA,24,22,4,3,1.1,1
2026-03-05T0600,1520A,113.1515,27.8265,株洲市,火车站,细颗粒物(PM2.5),60,NA,36,40,44,0,0,NA,NA,31,25,6,5,1.0,0.8
2026-03-05T0600,1524A,113.1329,27.8491,株洲市,市监测站,细颗粒物(PM2.5),64,52,48,42,41,0,0,NA,NA,30,20,7,7,0.9,0.9
2026-03-05T0600,2031A,113.1836,27.9959,株洲市,云田中学,,45,39,41,31,36,3,3,NA,NA,27,18,5,4,0.8,0.7
2026-03-05T0600,1367A,113.5811,22.2618,珠海市,吉大,,10,7,8,7,14,15,15,NA,NA,18,23,4,4,0.7,0.7
2026-03-05T0600,1368A,113.4893,22.2323,珠海市,前山,,22,16,17,15,15,11,11,NA,NA,22,25,/,/,/,/
2026-03-05T0600,1369A,113.6284,22.4252,珠海市,唐家,,12,11,10,8,11,14,14,NA,NA,24,27,/,/,/,/
2026-03-05T0600,1370A,113.2986,22.2284,珠海市,斗门,,32,31,24,22,19,6,6,NA,NA,27,27,4,4,0.8,0.7
2026-03-05T0600,3308A,113.3493,22.0572,珠海市,金湾,,20,17,21,14,15,14,14,NA,NA,18,22,/,/,0.6,0.7
2026-03-05T0600,3448A,113.5436,22.1163,珠海市,横琴,,10,7,14,7,12,13,13,NA,NA,19,24,/,/,/,/
2026-03-05T0600,2420A,114.0194,32.9648,驻马店市,市一纸厂,细颗粒物(PM2.5),115,100,91,76,72,28,28,NA,NA,18,16,3,3,0.6,0.6
2026-03-05T0600,2421A,114.0112,33.0149,驻马店市,市彩印厂,细颗粒物(PM2.5),82,86,90,51,62,32,32,NA,NA,15,14,6,6,0.5,0.6
2026-03-05T0600,3339A,114.0002,33.0404,驻马店市,小管楼,细颗粒物(PM2.5),86,72,74,53,60,22,22,NA,NA,24,17,4,4,0.5,0.5
2026-03-05T0600,4202A,113.9856,32.9802,驻马店市,交通路1233号,细颗粒物(PM2.5),106,90,90,66,70,26,26,NA,NA,18,16,3,3,0.5,0.6
2026-03-05T0600,2562A,104.6357,30.1508,资阳市,资阳中学,,33,24,29,23,25,58,58,NA,NA,8,8,2,2,0.4,0.5
2026-03-05T0600,2565A,104.6297,30.1259,资阳市,区法院,,46,46,30,32,30,55,55,NA,NA,9,11,2,2,0.6,0.7
2026-03-05T0600,4150A,104.6646,30.1116,资阳市,正兴街66号,,36,NA,22,25,23,44,44,NA,NA,8,9,2,2,0.7,0.7
2026-03-05T0600,1631A,118.0413,36.8101,淄博市,人民公园,细颗粒物(PM2.5),126,97,117,88,99,31,31,NA,NA,26,25,8,9,1.0,0.9
2026-03-05T0600,1633A,117.8524,36.4848,淄博市,双山,细颗粒物(PM2.5),64,56,118,42,97,55,55,NA,NA,15,25,7,8,0.9,1.2
2026-03-05T0600,1634A,117.9595,36.6332,淄博市,气象站,细颗粒物(PM2.5),76,55,107,48,90,53,53,NA,NA,13,18,4,6,0.9,1.1
2026-03-05T0600,3363A,117.9883,36.8372,淄博市,新区,细颗粒物(PM2.5),150,129,119,115,98,13,13,NA,NA,32,27,14,12,1.2,1.1
2026-03-05T0600,3644A,117.8662,36.8049,淄博市,三金集团,细颗粒物(PM2.5),135,122,132,98,106,14,14,NA,NA,35,30,14,11,1.1,1
2026-03-05T0600,3645A,118.0259,36.8409,淄博市,东风化工厂,细颗粒物(PM2.5),143,136,131,107,98,14,14,NA,NA,38,26,7,4,0.9,0.8
2026-03-05T0600,4212A,118.3039243,36.82708161,淄博市,广场路1号,细颗粒物(PM2.5),111,92,101,72,86,18,18,NA,NA,35,19,9,8,1.3,0.9
2026-03-05T0600,3028A,104.7765,29.3623,自贡市,檀木林体育馆,,33,33,27,23,15,54,54,NA,NA,12,11,6,6,0.5,0.5
2026-03-05T0600,3360A,104.7894,29.3197,自贡市,南湖救助站,颗粒物(PM10),57,59,52,22,15,65,65,NA,NA,12,12,6,8,0.6,0.7
2026-03-05T0600,3638A,104.7637,29.3373,自贡市,轻化工大学,,38,27,26,26,19,55,55,NA,NA,9,12,6,7,0.6,0.6
2026-03-05T0600,4225A,104.714266,29.338571,自贡市,贡兴路74号,,35,33,27,24,17,54,54,NA,NA,10,12,5,5,0.5,0.6
2026-03-05T0600,1911A,106.9218,27.6872,遵义市,丁字口,NA,NA,29,29,24,24,20,20,NA,NA,9,10,NA,NA,0.4,0.4
2026-03-05T0600,1912A,106.9241,27.7044,遵义市,凤凰山,,28,28,33,19,21,34,34,NA,NA,8,9,11,12,0.6,0.6
2026-03-05T0600,1913A,106.8895,27.648,遵义市,忠庄,,26,26,28,18,20,30,30,NA,NA,7,8,4,3,0.7,0.7
2026-03-05T0600,1915A,106.9225,27.7253,遵义市,干田坝,,26,26,27,16,23,35,35,NA,NA,10,15,2,9,0.4,0.4
2026-03-05T0600,4152A,107.0425,27.7087,遵义市,乌江大道东段1号,,28,25,29,19,24,21,21,NA,NA,12,13,4,7,0.6,0.6
2026-03-05T0600,4245A,106.8609,27.5969,遵义市,遵南大道1161号,,35,24,28,24,21,42,42,NA,NA,6,8,4,8,0.7,0.7
