timepoint,stationcode,longitude,latitude,area,positionname,primarypollutant,aqi,pm10,pm10_24h,pm2_5,pm2_5_24h,o3,o3_24h,o3_8h,o3_8h_24h,no2,no2_24h,so2,so2_24h,co,co_24h
2026-02-09T1100,2568A,102.2503,31.8896,阿坝藏族羌族自治州,马师校,,18,12,13,12,9,44,,45,37,10,9,5,4,0.6,0.6
2026-02-09T1100,3994A,102.2174,31.9016,阿坝藏族羌族自治州,马尔康中学西区,,16,,14,11,10,48,,49,42,7,8,5,5,0.7,0.7
2026-02-09T1100,2695A,80.2899,41.1684,阿克苏地区,电视台,颗粒物(PM10),324,439,519,106,129,38,,48,48,24,26,8,9,0.8,0.7
2026-02-09T1100,2696A,80.2592,41.1541,阿克苏地区,艺术中心,颗粒物(PM10),500,619,482,113,135,36,,51,51,28,31,4,4,0.8,0.8
2026-02-09T1100,2205A,105.699,38.8409,阿拉善盟,蒙二幼,颗粒物(PM10),94,138,117,32,28,69,,72,72,11,13,11,11,0.7,0.7
2026-02-09T1100,2206A,105.7198,38.8508,阿拉善盟,环保局新楼,颗粒物(PM10),103,156,99,46,30,65,,71,68,12,9,10,10,0.7,0.7
2026-02-09T1100,2708A,88.1266,47.8515,阿勒泰地区,市站,,36,36,50,15,26,44,,53,53,42,29,2,5,0.4,0.4
2026-02-09T1100,4166A,88.1198,47.7931,阿勒泰地区,阿勒泰路33号,,40,40,57,3,26,47,,55,52,44,25,8,5,0.6,0.6
2026-02-09T1100,2630A,80.1171,32.4999,阿里地区,阿里监测站,,22,,3,15,6,53,,64,63,13,6,7,9,0.5,0.3
2026-02-09T1100,3192A,80.0906,32.5029,阿里地区,阿里藏医院,,18,18,12,3,5,45,,52,51,16,8,17,14,0.5,0.5
2026-02-09T1100,2644A,109.0088,32.6974,安康市,汉滨区检察院,细颗粒物(PM2.5),62,61,57,44,43,88,,88,87,11,15,8,8,0.6,0.7
2026-02-09T1100,4054A,109.0324,32.6913,安康市,市邮政管理局,颗粒物(PM10),61,72,62,43,41,87,,82,82,19,22,5,5,0.6,0.6
2026-02-09T1100,2291A,117.0806,30.5181,安庆市,环科院,细颗粒物(PM2.5),54,56,48,38,27,38,,46,43,34,18,8,7,0.8,0.6
2026-02-09T1100,2292A,117.0331,30.5118,安庆市,马山宾馆,细颗粒物(PM2.5),63,61,49,45,28,38,,52,45,32,17,8,6,0.7,0.4
2026-02-09T1100,2294A,116.9897,30.6146,安庆市,安庆大学,细颗粒物(PM2.5),65,60,50,47,29,45,,36,36,35,25,12,5,1.3,0.7
2026-02-09T1100,3173A,117.0598,30.5351,安庆市,市人大,颗粒物(PM10),52,53,50,34,26,51,,48,47,26,19,6,6,0.5,0.4
2026-02-09T1100,3123A,105.9408,26.2431,安顺市,凤凰山,,16,14,28,11,24,28,,53,43,19,12,20,10,0.9,0.7
2026-02-09T1100,3124A,105.9443,26.2567,安顺市,金钟山,,22,,25,15,24,29,,48,39,13,10,18,12,0.9,0.7
2026-02-09T1100,3125A,105.8983,26.248,安顺市,娄家坡,,20,,25,14,23,34,,51,44,9,10,9,11,0.7,0.6
2026-02-09T1100,1819A,114.3552,36.1017,安阳市,红庙街,细颗粒物(PM2.5),80,87,92,59,71,58,,50,50,20,25,9,10,0.7,0.7
2026-02-09T1100,1820A,114.361,36.0681,安阳市,银杏小区,细颗粒物(PM2.5),85,97,92,63,74,57,,49,49,21,24,5,6,0.5,0.5
2026-02-09T1100,3141A,114.3921,36.0879,安阳市,信访局,细颗粒物(PM2.5),89,87,94,66,66,60,,52,52,17,20,7,7,0.6,0.6
2026-02-09T1100,3669A,114.4706,36.0634,安阳市,左辅环卫站,细颗粒物(PM2.5),77,95,115,56,68,58,,50,50,20,26,4,5,0.6,0.6
2026-02-09T1100,4117A,114.2918,36.0769,安阳市,钢三路198号,细颗粒物(PM2.5),87,106,115,64,74,47,,39,38,27,27,6,5,0.7,0.7
2026-02-09T1100,1748A,123.0441,41.1201,鞍山市,深沟寺,颗粒物(PM10),80,110,51,49,23,81,,67,67,18,18,11,11,0.8,0.8
2026-02-09T1100,1749A,123.011,41.0931,鞍山市,太阳城,颗粒物(PM10),78,106,53,51,27,71,,63,63,20,18,15,14,0.8,0.8
2026-02-09T1100,1750A,123.0483,41.1445,鞍山市,太平,颗粒物(PM10),84,117,54,52,25,77,,62,62,20,21,13,14,0.6,0.6
2026-02-09T1100,1751A,122.964,41.0968,鞍山市,铁西三道街,颗粒物(PM10),80,110,57,52,26,78,,66,66,21,24,10,14,0.6,0.6
2026-02-09T1100,1753A,123.0219,41.0822,鞍山市,明达新区,,,,43,49,24,77,,68,68,18,18,12,14,0.8,0.7
2026-02-09T1100,4201A,122.944647,41.082639,鞍山市,兴盛南路290号,颗粒物(PM10),97,144,59,64,29,71,,57,57,20,24,13,15,0.8,1
2026-02-09T1100,2195A,107.4206,40.7609,巴彦淖尔市,附二中,细颗粒物(PM2.5),72,89,70,52,39,36,,29,28,27,24,13,15,0.9,0.8
2026-02-09T1100,2196A,107.37,40.7372,巴彦淖尔市,市环保大楼,颗粒物(PM10),67,84,68,45,33,36,,36,25,25,26,10,12,0.8,0.7
2026-02-09T1100,1956A,86.1476,41.7529,巴音郭楞蒙古自治州,孔雀公园,颗粒物(PM10),199,348,300,58,63,8,,14,2,63,41,8,8,1.0,0.6
2026-02-09T1100,1957A,86.1971,41.7166,巴音郭楞蒙古自治州,棉纺厂,颗粒物(PM10),258,390,356,75,66,7,,34,24,68,28,/,/,/,/
2026-02-09T1100,1958A,86.236,41.7172,巴音郭楞蒙古自治州,经济开发区,颗粒物(PM10),161,271,295,32,36,40,,39,31,19,16,5,5,0.4,0.4
2026-02-09T1100,3181A,106.776805,31.852614,巴中市,市五中,细颗粒物(PM2.5),57,50,56,40,43,38,,32,28,21,20,6,5,0.8,0.8
2026-02-09T1100,3183A,106.7419,31.8654,巴中市,圣泉水务公司,,48,45,53,33,42,41,,38,38,22,21,6,6,1.0,1
2026-02-09T1100,3616A,106.7617,31.8343,巴中市,市中心医院,细颗粒物(PM2.5),54,49,54,38,41,34,,33,33,20,18,5,6,0.8,0.9
2026-02-09T1100,2235A,122.7909,45.608,白城市,洮北区环保局,,,77,40,44,20,57,,51,48,22,15,9,6,,0.3
2026-02-09T1100,2236A,122.8741,45.5725,白城市,市环保局,颗粒物(PM10),52,53,41,35,18,45,,42,38,16,12,13,5,0.5,0.4
2026-02-09T1100,2231A,126.4219,41.9172,白山市,喜丰,细颗粒物(PM2.5),57,59,60,40,32,51,,29,29,37,37,14,16,1.0,0.9
2026-02-09T1100,2232A,126.4082,41.9416,白山市,环保局,颗粒物(PM10),52,54,47,30,31,52,,29,29,26,25,18,14,0.9,0.9
2026-02-09T1100,2647A,104.1727,36.5448,白银市,第三小学,"颗粒物(PM10),细颗粒物(PM2.5)",59,67,81,42,45,51,,41,36,27,31,19,11,1.4,0.8
2026-02-09T1100,2648A,104.1467,36.5482,白银市,动力公司,细颗粒物(PM2.5),70,69,76,51,38,64,,39,35,22,20,18,8,1.7,1
2026-02-09T1100,2512A,106.6102,23.901,百色市,市监测站,,12,12,15,3,11,29,,32,30,12,12,8,9,0.7,0.7
2026-02-09T1100,2513A,106.6524,23.8842,百色市,市中心血站,,18,18,16,9,11,31,,30,29,10,8,10,9,0.7,0.7
2026-02-09T1100,4133A,106.6273,23.8798,百色市,龙景西路,,16,15,17,11,13,31,,31,30,11,10,10,9,0.6,0.7
2026-02-09T1100,2270A,117.396,32.9389,蚌埠市,工人疗养院,,,,58,,31,65,,61,58,,22,8,6,,0.5
2026-02-09T1100,2271A,117.3606,32.9428,蚌埠市,百货大楼,,47,47,50,20,30,66,,62,58,21,22,9,6,0.7,0.4
2026-02-09T1100,2273A,117.4183,32.8909,蚌埠市,蚌埠学院,,34,34,51,19,32,68,,51,49,20,24,8,5,0.6,0.4
2026-02-09T1100,2274A,117.3534,32.9672,蚌埠市,淮上区政府,,41,41,54,22,33,68,,60,55,21,25,9,6,0.6,0.4
2026-02-09T1100,2275A,117.3143,32.8977,蚌埠市,高新区,,44,44,58,25,36,62,,53,53,19,22,11,8,0.6,0.4
2026-02-09T1100,3715A,117.3091,32.9314,蚌埠市,蚌埠田家炳中学,,48,48,62,24,34,65,,58,58,22,24,8,9,0.7,0.5
2026-02-09T1100,1585A,109.8761,40.6533,包头市,市环境监测站,,,84,70,41,36,22,,4,4,55,54,,17,2.1,1.3
2026-02-09T1100,1587A,109.9992,40.5843,包头市,包头八中,颗粒物(PM10),68,85,81,36,45,32,,8,8,37,50,20,27,0.9,1
2026-02-09T1100,1589A,109.8641,40.6288,包头市,惠龙物流,"颗粒物(PM10),细颗粒物(PM2.5)",64,78,66,46,36,28,,7,7,47,51,22,19,1.1,1.2
2026-02-09T1100,1590A,110.0376,40.5546,包头市,东河鸿龙湾,颗粒物(PM10),63,75,76,38,39,40,,12,12,41,65,15,13,0.7,0.7
2026-02-09T1100,3283A,109.9154,40.5684,包头市,滨河大厦,,,73,76,54,50,,,10,7,40,51,13,13,1.0,0.9
2026-02-09T1100,3419A,109.9449,40.6259,包头市,包头市委党校,颗粒物(PM10),70,90,58,43,35,24,,7,7,56,57,38,24,1.6,1.2
2026-02-09T1100,3683A,109.8332,40.6577,包头市,昆区政府,细颗粒物(PM2.5),68,75,62,49,39,26,,7,7,60,60,36,20,1.6,1.1
2026-02-09T1100,1931A,107.0802,34.3129,宝鸡市,竹园沟,细颗粒物(PM2.5),77,72,65,56,44,58,,38,38,27,21,8,7,0.6,0.5
2026-02-09T1100,1933A,107.1429,34.3549,宝鸡市,监测站,颗粒物(PM10),81,112,85,41,38,50,,37,35,35,30,7,6,0.8,0.7
2026-02-09T1100,1934A,107.1172,34.3759,宝鸡市,技工学校,"颗粒物(PM10),细颗粒物(PM2.5)",72,94,78,52,43,51,,47,41,32,24,6,6,0.7,0.5
2026-02-09T1100,1936A,107.2025,34.3518,宝鸡市,文理学院,细颗粒物(PM2.5),77,87,81,56,50,52,,31,30,33,28,6,6,0.6,0.5
2026-02-09T1100,1937A,107.2396,34.3626,宝鸡市,三迪小学,细颗粒物(PM2.5),75,92,91,55,53,49,,25,24,44,43,6,5,0.7,0.6
2026-02-09T1100,4155A,107.1721,34.3558,宝鸡市,滨河北路,细颗粒物(PM2.5),72,84,83,52,45,51,,34,33,32,28,6,6,0.6,0.5
2026-02-09T1100,4308A,107.3898,34.3601,宝鸡市,陈仓区北开路21号,细颗粒物(PM2.5),73,86,100,53,57,67,,22,22,25,39,9,9,0.7,0.8
2026-02-09T1100,1051A,115.4803,38.8568,保定市,游泳馆,细颗粒物(PM2.5),133,127,94,101,68,29,,27,26,44,42,9,6,1.0,0.8
2026-02-09T1100,1052A,115.509,38.8895,保定市,华电二区,细颗粒物(PM2.5),108,104,75,81,57,15,,17,15,47,41,8,7,1.3,1
2026-02-09T1100,1053A,115.4588,38.9037,保定市,接待中心,细颗粒物(PM2.5),104,108,84,78,60,20,,26,19,45,33,7,6,1.0,0.6
2026-02-09T1100,1054A,115.4484,38.8344,保定市,地表水厂,细颗粒物(PM2.5),119,128,104,90,61,26,,24,23,45,40,8,7,0.8,0.6
2026-02-09T1100,3581A,115.3136,38.9511,保定市,满城区生态环境分局,细颗粒物(PM2.5),93,112,116,69,67,22,,5,5,49,53,7,10,1.0,1
2026-02-09T1100,3582A,115.4709,38.7628,保定市,清苑区第二中学,细颗粒物(PM2.5),134,161,108,102,62,38,,19,19,34,43,10,9,0.8,0.7
2026-02-09T1100,3583A,115.6231,39.0223,保定市,徐水物探局,细颗粒物(PM2.5),99,144,121,74,65,13,,4,4,46,45,15,12,1.2,0.9
2026-02-09T1100,4004A,115.4199,38.8665,保定市,双鹰农机,细颗粒物(PM2.5),124,164,114,94,67,34,,26,26,37,36,7,6,0.9,0.7
2026-02-09T1100,4034A,115.515,38.8589,保定市,植保所站,细颗粒物(PM2.5),127,142,96,96,62,22,,14,14,49,53,9,7,0.8,0.6
2026-02-09T1100,2594A,99.1589,25.1137,保山市,市环境监测站,颗粒物(PM10),57,63,42,29,26,76,,77,72,19,10,4,4,0.6,0.5
2026-02-09T1100,2595A,99.1616,25.1381,保山市,市环保局,颗粒物(PM10),56,61,50,27,27,71,,86,76,21,7,4,4,0.8,0.6
2026-02-09T1100,1867A,109.1435,21.4085,北海市,海滩公园,颗粒物(PM10),53,56,38,26,21,51,,44,43,23,15,7,4,0.5,0.6
2026-02-09T1100,1868A,109.0983,21.466,北海市,新市环保局,,,35,29,25,20,,,41,38,15,14,8,7,0.8,0.7
2026-02-09T1100,1869A,109.1775,21.5232,北海市,北海工业园,颗粒物(PM10),53,55,38,17,20,47,,35,33,17,13,9,6,0.8,0.7
2026-02-09T1100,3400A,109.1844,21.4396,北海市,龙潭自来水厂,细颗粒物(PM2.5),59,50,37,42,28,49,,36,35,18,11,10,4,0.9,0.8
2026-02-09T1100,1001A,116.3611,39.8786,北京市,万寿西宫,颗粒物(PM10),53,55,56,29,43,46,,15,15,29,51,4,3,0.7,0.8
2026-02-09T1100,1003A,116.4174,39.9289,北京市,东四,颗粒物(PM10),54,57,53,31,29,33,,12,12,33,45,8,5,0.6,0.7
2026-02-09T1100,1004A,116.4073,39.8858,北京市,天坛,颗粒物(PM10),51,51,54,30,32,38,,11,11,37,46,4,2,0.7,0.6
2026-02-09T1100,1005A,116.4622,39.9364,北京市,农展馆,颗粒物(PM10),57,64,52,32,31,27,,8,8,35,42,7,7,0.7,0.6
2026-02-09T1100,1006A,116.3399,39.9293,北京市,官园,颗粒物(PM10),53,56,53,28,32,30,,10,10,42,48,4,4,0.7,0.7
2026-02-09T1100,1007A,116.2879,39.9613,北京市,海淀万柳,颗粒物(PM10),52,54,52,27,28,25,,6,6,46,51,3,3,0.6,0.5
2026-02-09T1100,1008A,116.6635,40.1349,北京市,顺义新城,颗粒物(PM10),70,89,42,47,22,37,,21,21,31,33,9,5,0.7,0.5
2026-02-09T1100,1009A,116.6275,40.327,北京市,怀柔镇,,47,47,30,24,17,38,,27,26,23,22,5,4,0.6,0.6
2026-02-09T1100,1010A,116.2295,40.217,北京市,昌平镇,颗粒物(PM10),55,59,45,37,24,27,,24,17,36,31,3,2,0.7,0.6
2026-02-09T1100,1011A,116.3968,39.982,北京市,奥体中心,,50,50,50,29,28,36,,11,11,38,56,6,6,0.5,0.6
2026-02-09T1100,3418A,116.8336,40.4095,北京市,密云新城,,44,44,34,26,16,48,,24,24,14,23,4,3,0.4,0.4
2026-02-09T1100,3671A,116.0879,39.9725,北京市,门头沟三家店,,49,49,52,25,24,37,,18,18,13,29,3,3,0.6,0.6
2026-02-09T1100,3672A,116.1507,39.8246,北京市,丰台云岗,颗粒物(PM10),52,54,55,24,33,35,,19,19,35,33,2,2,0.5,0.5
2026-02-09T1100,3674A,115.9578,39.7602,北京市,房山燕山,,48,48,52,30,30,44,,24,24,28,24,5,4,0.4,0.6
2026-02-09T1100,3675A,116.4669,39.7734,北京市,大兴旧宫,细颗粒物(PM2.5),63,73,63,45,37,29,,9,9,48,39,6,4,0.8,0.7
2026-02-09T1100,3694A,115.9859,40.4562,北京市,延庆石河营,细颗粒物(PM2.5),75,83,46,55,25,25,,9,9,48,29,7,4,1.0,0.8
2026-02-09T1100,3695A,116.6151,40.3052,北京市,怀柔新城,,41,41,30,25,20,37,,29,29,23,18,2,2,0.5,0.4
2026-02-09T1100,3696A,116.2542,39.8764,北京市,丰台小屯,颗粒物(PM10),57,63,61,34,32,15,,4,4,60,58,5,4,0.8,0.7
2026-02-09T1100,3697A,116.8399,40.3843,北京市,密云镇,,43,43,35,24,15,39,,16,16,20,35,3,2,0.5,0.5
2026-02-09T1100,4057A,115.9423,40.4431,北京市,延庆百泉,"颗粒物(PM10),细颗粒物(PM2.5)",59,68,43,42,24,15,,5,5,47,24,5,3,0.8,0.6
2026-02-09T1100,4058A,116.6598,39.9164,北京市,通州新华,颗粒物(PM10),62,73,65,42,29,22,,7,7,44,46,4,4,0.8,0.7
2026-02-09T1100,4182A,116.1942,39.9158,北京市,石景山八角,颗粒物(PM10),56,62,67,29,30,23,,8,8,43,40,4,3,0.5,0.5
2026-02-09T1100,4194A,117.078628,40.151726,北京市,平谷新城,细颗粒物(PM2.5),75,88,44,55,26,34,,16,16,30,23,6,4,0.7,0.5
2026-02-09T1100,1761A,123.8274146,41.31234549,本溪市,大峪,颗粒物(PM10),56,61,65,31,31,66,,33,33,15,29,12,12,0.8,1.3
2026-02-09T1100,1763A,123.7169,41.3094,本溪市,彩屯,,,69,63,34,35,,,40,40,21,33,22,15,2.4,2
2026-02-09T1100,1764A,123.7672166,41.28649327,本溪市,东明,颗粒物(PM10),68,86,60,31,29,72,,53,53,13,29,10,13,0.9,1.4
2026-02-09T1100,1765A,123.799345,41.266614,本溪市,新立屯,颗粒物(PM10),56,61,44,28,17,74,,73,73,7,18,12,13,0.9,1.1
2026-02-09T1100,1766A,123.829144,41.336777,本溪市,威宁,,,,76,,35,,,56,,,38,,10,,1.3
2026-02-09T1100,2587A,105.287,27.3133,毕节市,八中,,26,19,45,18,33,28,,37,33,16,15,9,10,0.8,0.7
2026-02-09T1100,2588A,105.3079,27.2987,毕节市,师专,,19,19,44,13,31,29,,40,36,18,15,8,10,0.7,0.7
2026-02-09T1100,4263A,105.3688,27.3598,毕节市,工业大道,,32,,41,22,32,31,,42,37,17,11,9,9,/,/
2026-02-09T1100,1629A,117.9961,37.3604,滨州市,第二水厂,,,78,80,56,52,,,21,21,29,48,,18,0.8,0.7
2026-02-09T1100,1630A,117.9789,37.3931,滨州市,北中新校,细颗粒物(PM2.5),77,88,79,56,46,52,,29,29,28,34,12,13,0.9,0.8
2026-02-09T1100,3514A,117.9379,37.3959,滨州市,中海酒店,细颗粒物(PM2.5),74,78,75,54,46,66,,46,46,35,41,19,17,1.1,1
2026-02-09T1100,3515A,117.9381509,37.35547456,滨州市,开发区一中,,,,94,69,49,,,19,19,27,47,19,20,0.9,0.8
2026-02-09T1100,3516A,118.0914,37.6938,滨州市,金海六路,细颗粒物(PM2.5),72,83,84,52,51,63,,28,28,34,49,17,14,0.7,0.6
2026-02-09T1100,4028A,117.9955,37.3752,滨州市,滨州市西街道办事处,细颗粒物(PM2.5),70,78,78,51,50,62,,37,37,24,39,15,17,0.7,0.6
2026-02-09T1100,2311A,115.8071,33.8399,亳州市,污水处理厂,颗粒物(PM10),54,58,55,36,30,58,,56,48,31,27,5,5,0.4,0.3
2026-02-09T1100,2312A,115.7789,33.8519,亳州市,三国揽胜宫,细颗粒物(PM2.5),62,65,60,44,33,55,,62,54,18,20,5,5,0.5,0.3
2026-02-09T1100,3332A,115.7631,33.803,亳州市,亳州学院,颗粒物(PM10),55,60,58,37,32,51,,51,46,20,20,5,5,0.4,0.2
2026-02-09T1100,2693A,82.0482,44.8553,博尔塔拉蒙古自治州,市党校,,39,39,51,17,25,75,,75,75,19,17,3,3,1.3,0.9
2026-02-09T1100,2694A,82.0805,44.8966,博尔塔拉蒙古自治州,市环保局,,42,42,72,16,34,76,,76,76,16,26,4,6,0.8,0.9
2026-02-09T1100,1071A,116.8733,38.2922,沧州市,沧县城建局,颗粒物(PM10),88,125,87,52,55,69,,48,48,22,30,9,9,0.6,0.6
2026-02-09T1100,1072A,116.8462,38.3189,沧州市,电视转播站,细颗粒物(PM2.5),82,86,81,60,59,63,,48,48,26,28,6,6,0.8,0.8
2026-02-09T1100,1073A,116.8588,38.3161,沧州市,市环保局,,,84,88,63,55,53,,33,33,,33,,11,0.6,0.8
2026-02-09T1100,3324A,116.8011,38.294,沧州市,河北水利电力学院,细颗粒物(PM2.5),79,95,97,58,63,56,,38,38,21,31,9,8,0.6,0.6
2026-02-09T1100,2622A,97.1813,31.1289,昌都市,昌都监测站,,,,23,15,12,56,,52,50,9,7,3,3,0.6,0.6
2026-02-09T1100,3719A,97.1707,31.1428,昌都市,昌都会议中心,,18,13,16,6,10,57,,53,51,1,2,4,4,0.4,0.4
2026-02-09T1100,2692A,87.2722,44.0298,昌吉回族自治州,新区政务中心,细颗粒物(PM2.5),94,117,81,70,52,25,,35,35,36,37,3,6,1.1,1.1
2026-02-09T1100,3613A,87.3069,44.0093,昌吉回族自治州,亚心广场,细颗粒物(PM2.5),73,73,79,53,55,38,,31,31,29,45,8,8,1.1,0.9
2026-02-09T1100,4164A,87.2057,43.9289,昌吉回族自治州,财政所,,19,19,57,6,35,46,,60,48,16,19,5,5,0.6,0.6
2026-02-09T1100,1120A,125.2874,43.9024,长春市,客车厂,细颗粒物(PM2.5),74,79,52,54,33,52,,39,34,30,30,16,13,1.0,0.7
2026-02-09T1100,1121A,125.2943,43.8508,长春市,邮电学院,细颗粒物(PM2.5),75,69,49,55,30,54,,46,44,28,24,15,12,1.0,0.7
2026-02-09T1100,1122A,125.3648,43.8745,长春市,劳动公园,细颗粒物(PM2.5),74,71,51,54,31,61,,54,54,24,19,8,6,0.5,0.4
2026-02-09T1100,1123A,125.3233,43.8781,长春市,园林处,细颗粒物(PM2.5),79,81,49,58,32,54,,47,46,27,23,16,13,1.0,0.7
2026-02-09T1100,1124A,125.4604,43.7904,长春市,净月潭,细颗粒物(PM2.5),68,54,41,49,27,73,,65,65,15,15,10,7,0.7,0.6
2026-02-09T1100,1126A,125.38,43.8422,长春市,经开区环卫处,细颗粒物(PM2.5),74,66,52,54,33,60,,34,33,24,30,8,5,0.8,0.7
2026-02-09T1100,1127A,125.234,43.7761,长春市,高新区管委会,颗粒物(PM10),59,68,49,40,32,64,,24,24,19,35,12,8,0.9,0.7
2026-02-09T1100,1128A,125.1695,43.83,长春市,岱山公园,细颗粒物(PM2.5),69,86,54,50,34,60,,30,30,20,30,13,9,0.8,0.6
2026-02-09T1100,4281A,125.334645,43.916281,长春市,北亚泰大街1068号,,,101,58,59,39,47,,37,32,32,27,,11,1.0,0.7
2026-02-09T1100,1335A,113.082,28.2421,长沙市,经开区环保局,,47,47,65,30,38,49,,52,52,26,26,4,4,0.4,0.4
2026-02-09T1100,1336A,112.8873,28.2202,长沙市,高开区环保局,颗粒物(PM10),56,61,71,39,46,34,,53,53,40,22,5,5,0.8,0.7
2026-02-09T1100,1337A,113.0785,28.2012,长沙市,马坡岭,细颗粒物(PM2.5),53,46,70,37,45,44,,57,57,28,25,5,6,0.7,0.7
2026-02-09T1100,1338A,112.9448,28.1894,长沙市,湖南师范大学,颗粒物(PM10),51,52,66,34,37,58,,69,66,25,21,4,5,0.6,0.6
2026-02-09T1100,1339A,113.0177,28.1322,长沙市,雨花区环保局,颗粒物(PM10),55,59,65,37,40,57,,68,65,20,20,7,8,0.6,0.6
2026-02-09T1100,1340A,112.9795,28.2593,长沙市,伍家岭,颗粒物(PM10),57,64,79,36,47,41,,34,34,28,29,5,5,0.6,0.6
2026-02-09T1100,1341A,113.002,28.1944,长沙市,火车新站,细颗粒物(PM2.5),54,54,68,38,44,53,,64,61,27,22,2,2,0.5,0.5
2026-02-09T1100,1342A,112.9846,28.1177,长沙市,天心区环保局,颗粒物(PM10),54,58,61,35,35,64,,79,76,27,24,5,6,0.7,0.6
2026-02-09T1100,1343A,112.8906,28.1307,长沙市,湖南中医药大学,,50,50,67,33,38,56,,79,76,35,26,6,6,0.6,0.6
2026-02-09T1100,1727A,113.1146,36.1547,长治市,清华站,"颗粒物(PM10),细颗粒物(PM2.5)",69,87,38,50,26,20,,60,41,60,24,22,12,1.1,0.7
2026-02-09T1100,1730A,113.0887,36.2126,长治市,审计局,颗粒物(PM10),65,80,45,46,29,23,,44,24,57,30,27,16,1.0,0.7
2026-02-09T1100,1731A,113.0845,36.1856,长治市,长治八中,细颗粒物(PM2.5),74,96,47,54,27,19,,,,55,18,35,14,1.0,0.6
2026-02-09T1100,2845A,113.1561,36.1912,长治市,德盛苑,细颗粒物(PM2.5),73,76,34,53,26,21,,85,73,55,17,24,13,1.2,0.5
2026-02-09T1100,3568A,113.0603,36.0464,长治市,向阳小学,颗粒物(PM10),62,73,59,37,28,83,,75,75,24,18,13,13,0.6,0.5
2026-02-09T1100,3569A,112.8788,36.315,长治市,屯留一中,细颗粒物(PM2.5),62,68,42,44,25,49,,17,17,38,34,17,15,0.8,0.7
2026-02-09T1100,4189A,113.113092,36.199482,长治市,英华南巷50号,细颗粒物(PM2.5),72,80,44,52,30,25,,52,31,47,24,23,14,1.0,0.5
2026-02-09T1100,4190A,113.23666,36.33435,长治市,学府街1号,细颗粒物(PM2.5),73,90,47,53,25,37,,28,28,51,40,25,11,1.8,0.8
2026-02-09T1100,1854A,111.696,28.9725,常德市,市二中,细颗粒物(PM2.5),62,53,77,44,54,69,,54,54,17,20,4,6,0.8,0.7
2026-02-09T1100,3138A,111.7152,29.0288,常德市,武陵区永安,,,57,76,43,50,73,,71,71,20,19,,6,0.8,0.8
2026-02-09T1100,3139A,111.6891,28.9881,常德市,鼎城区玉霞,细颗粒物(PM2.5),58,52,72,41,48,74,,58,58,20,23,4,5,0.8,0.8
2026-02-09T1100,3140A,111.6651,29.0526,常德市,武陵区长庚,细颗粒物(PM2.5),64,58,73,46,49,61,,64,63,20,16,4,6,0.7,0.6
2026-02-09T1100,1196A,119.9524,31.7586,常州市,市监测站,,36,36,35,19,18,69,,26,26,23,41,6,5,0.4,0.4
2026-02-09T1100,1200A,119.9351,31.703,常州市,武进监测站,,32,32,31,20,17,72,,39,39,18,31,6,5,0.9,0.9
2026-02-09T1100,3002A,119.9701,31.813,常州市,行政中心,颗粒物(PM10),51,52,38,27,18,62,,27,27,31,40,11,6,1.0,0.6
2026-02-09T1100,3003A,120.0434,31.7726,常州市,经开区,,39,39,42,20,20,71,,21,21,14,40,4,3,0.9,0.7
2026-02-09T1100,3010A,119.8919,31.7892,常州市,钟楼,,39,39,36,22,18,70,,39,39,20,34,8,8,0.8,0.7
2026-02-09T1100,3429A,119.8595,31.706,常州市,武进经发区,,35,35,35,24,24,73,,36,36,19,38,7,6,0.7,0.7
2026-02-09T1100,3430A,119.5812,31.7256,常州市,金坛城区,,46,40,35,32,26,74,,43,43,17,25,10,7,0.6,0.5
2026-02-09T1100,4089A,119.9551,31.863,常州市,崇义南街5-H号,,41,41,33,24,18,62,,25,25,28,39,9,5,0.9,0.6
2026-02-09T1100,2220A,120.4318,41.588,朝阳市,西梁,颗粒物(PM10),57,64,46,34,24,57,,45,45,26,25,14,9,1.1,1
2026-02-09T1100,2221A,120.452,41.565,朝阳市,河畔小区,颗粒物(PM10),53,56,34,23,14,63,,53,53,17,16,15,12,1.0,0.9
2026-02-09T1100,2222A,120.4176,41.5648,朝阳市,八里堡,"颗粒物(PM10),细颗粒物(PM2.5)",59,68,44,42,28,52,,35,35,29,30,18,13,1.5,1
2026-02-09T1100,3026A,116.6179,23.6608,潮州市,市政府,,33,33,47,20,21,84,,70,70,3,6,4,4,0.3,0.3
2026-02-09T1100,4036A,116.646,23.676,潮州市,金山,颗粒物(PM10),51,52,43,20,21,88,,70,70,9,13,3,3,0.4,0.4
2026-02-09T1100,2473A,113.0116,25.8228,郴州市,市职中,细颗粒物(PM2.5),65,,46,47,43,14,,4,4,11,12,4,6,0.5,0.5
2026-02-09T1100,2475A,113.0381,25.8074,郴州市,市审计局,细颗粒物(PM2.5),60,,48,43,40,10,,2,2,18,21,3,3,/,/
2026-02-09T1100,2476A,113.0348,25.7757,郴州市,市环保局,细颗粒物(PM2.5),62,70,55,44,39,21,,8,8,23,25,2,4,0.6,0.5
2026-02-09T1100,4252A,113.0138,25.8011,郴州市,好美居路49号,,45,41,47,31,37,26,,12,12,17,19,2,3,/,/
2026-02-09T1100,1431A,103.9727,30.7242,成都市,金泉两河,,36,36,34,22,32,35,,41,40,22,21,1,1,0.7,0.7
2026-02-09T1100,1432A,104.1423,30.6765,成都市,十里店,颗粒物(PM10),58,65,55,30,31,32,,39,39,23,17,3,3,0.3,0.3
2026-02-09T1100,1433A,104.0594,30.5765,成都市,三瓦窑,细颗粒物(PM2.5),57,53,36,40,32,50,,38,38,22,23,2,2,0.6,0.6
2026-02-09T1100,1434A,104.1122,30.6306,成都市,沙河铺,颗粒物(PM10),53,55,44,34,32,27,,29,29,32,25,3,3,0.4,0.4
2026-02-09T1100,2880A,104.0219,30.6561,成都市,大石西路,,33,31,52,23,34,28,,37,34,17,15,4,4,0.6,0.6
2026-02-09T1100,3136A,104.2724,30.559,成都市,龙泉驿区区政府,颗粒物(PM10),51,51,40,34,35,48,,45,45,11,14,6,6,0.3,0.3
2026-02-09T1100,3357A,104.0028,30.6891,成都市,金博路,,26,26,37,10,27,30,,36,34,24,23,4,4,0.7,0.7
2026-02-09T1100,3359A,104.056,30.5228,成都市,华阳,,46,46,41,28,31,42,,35,35,24,25,2,2,0.2,0.3
2026-02-09T1100,3488A,104.387954,30.746684,成都市,青石路225号,,,,57,36,35,,,34,34,14,20,1,2,0.5,0.5
2026-02-09T1100,3489A,104.0788,30.4054,成都市,科学城,,45,42,43,31,32,37,,28,28,7,13,6,6,0.9,0.9
2026-02-09T1100,4011A,103.8505,30.6946,成都市,光华大道三段,,38,38,55,23,30,42,,44,43,21,19,2,2,0.5,0.6
2026-02-09T1100,4144A,104.3257,30.6406,成都市,八角井街185号,细颗粒物(PM2.5),57,60,49,40,34,38,,33,33,18,18,4,4,0.6,0.6
2026-02-09T1100,4224A,104.2433276,30.53529463,成都市,鲸龙路1057号,颗粒物(PM10),52,53,43,35,31,46,,46,46,21,18,5,5,0.5,0.5
2026-02-09T1100,1062A,117.9531,40.908,承德市,铁路,,37,37,43,13,25,31,,13,13,22,27,4,10,0.7,1
2026-02-09T1100,1063A,117.9397,40.9763,承德市,中国银行,,38,38,43,20,18,35,,16,16,19,30,3,5,0.6,0.8
2026-02-09T1100,4073A,117.9462,40.95,承德市,杏林街1号,,36,36,37,10,23,39,,17,17,18,27,4,8,0.6,0.8
2026-02-09T1100,4274A,117.7994,40.9605,承德市,滨河大街98号,颗粒物(PM10),93,135,39,50,18,24,,18,17,42,24,29,12,2.9,1
2026-02-09T1100,2314A,117.4698,30.6617,池州市,池州学院,细颗粒物(PM2.5),52,50,47,36,32,50,,46,46,21,25,3,5,1.0,0.9
2026-02-09T1100,3237A,117.4918,30.6617,池州市,展览馆,,49,49,49,32,28,47,,43,43,22,24,2,4,1.0,0.9
2026-02-09T1100,3333A,117.5626,30.695,池州市,第八中学,,40,40,44,28,29,59,,44,44,18,22,3,4,0.9,0.9
2026-02-09T1100,3334A,117.5037,30.6242,池州市,第十二中学,颗粒物(PM10),52,53,49,31,29,45,,27,27,29,37,5,6,1.1,0.9
2026-02-09T1100,1744A,118.9229,42.2816,赤峰市,松山一中,颗粒物(PM10),82,114,48,45,26,16,,11,11,63,37,45,16,1.9,1.3
2026-02-09T1100,1745A,118.9588,42.2733,赤峰市,哈达街,颗粒物(PM10),82,113,52,29,29,38,,12,12,43,34,22,21,1.2,1.2
2026-02-09T1100,1746A,118.8792,42.2551,赤峰市,天义路,,19,18,12,12,7,58,,62,60,20,12,6,5,0.7,0.5
2026-02-09T1100,3058A,119.2656,42.0356,赤峰市,银河街,颗粒物(PM10),81,112,112,55,55,49,,,,28,28,32,32,1.8,1.8
2026-02-09T1100,3286A,118.9359,42.3146,赤峰市,桥北物流园区,颗粒物(PM10),64,77,40,43,30,52,,29,29,35,35,70,44,1.0,0.9
2026-02-09T1100,2521A,107.3473,22.4137,崇左市,市环保局江州分局,,43,30,19,30,13,34,,40,37,16,10,8,7,0.9,0.8
2026-02-09T1100,4256A,107.375,22.3736,崇左市,石景林东路7号,,29,28,16,20,12,46,,44,42,13,14,2,3,0.7,0.8
2026-02-09T1100,3207A,118.31131,32.3033,滁州市,市政府原办公楼,,38,38,40,26,25,61,,39,39,25,29,6,5,0.5,0.5
2026-02-09T1100,3331A,118.3268,32.2633,滁州市,图书馆,,29,29,33,18,19,59,,39,39,19,24,11,9,0.5,0.5
2026-02-09T1100,4101A,118.3196,32.3335,滁州市,银山路666号,,42,33,37,29,30,56,,31,31,19,26,9,8,0.4,0.4
2026-02-09T1100,4102A,118.3426,32.2979,滁州市,黄山路555号,,40,40,44,26,27,62,,39,39,19,24,6,5,0.4,0.4
2026-02-09T1100,2606A,101.5379,25.0492,楚雄彝族自治州,市经济开发区,,46,34,41,32,28,58,,20,20,16,17,4,4,0.8,0.7
2026-02-09T1100,4153A,101.5536,25.0343,楚雄彝族自治州,团结路562号,,24,24,33,14,23,73,,26,26,3,11,4,5,0.7,0.7
2026-02-09T1100,2549A,107.5087,31.2186,达州市,市环境监测站,颗粒物(PM10),53,55,55,25,29,60,,73,66,16,18,5,5,0.0,0.1
2026-02-09T1100,2550A,107.4988,31.2132,达州市,凤凰小区,,39,39,54,21,28,64,,70,66,15,23,4,4,0.2,0.4
2026-02-09T1100,2551A,107.5081,31.1987,达州市,达县机关宾馆,,41,41,57,26,44,60,,65,61,18,28,4,4,0.5,0.6
2026-02-09T1100,2552A,107.4644,31.2124,达州市,市政中心,颗粒物(PM10),57,64,62,22,27,54,,72,66,26,24,4,4,0.4,0.5
2026-02-09T1100,2614A,100.2168,25.5818,大理白族自治州,大理市环境监测站,,27,27,26,18,19,81,,90,86,10,7,7,7,0.5,0.4
2026-02-09T1100,2615A,100.1542,25.7055,大理白族自治州,大理古城,,29,29,25,12,17,86,,85,74,7,7,8,8,0.5,0.5
2026-02-09T1100,1109A,121.6119,38.974,大连市,甘井子,细颗粒物(PM2.5),90,90,47,67,32,82,,56,56,23,24,13,11,0.5,0.6
2026-02-09T1100,1110A,121.565,38.9509,大连市,周水子,细颗粒物(PM2.5),84,77,41,62,30,82,,54,54,22,24,14,11,0.6,0.5
2026-02-09T1100,1111A,121.5637,38.8849,大连市,星海三站,细颗粒物(PM2.5),78,67,36,57,31,75,,57,57,20,18,13,9,0.6,0.5
2026-02-09T1100,1112A,121.6301,38.9117,大连市,青泥洼桥,细颗粒物(PM2.5),82,83,47,60,30,82,,62,62,20,19,12,10,0.7,0.6
2026-02-09T1100,1113A,121.6248,38.8643,大连市,傅家庄,细颗粒物(PM2.5),72,87,50,52,27,82,,66,66,16,14,10,8,0.9,0.8
2026-02-09T1100,1114A,121.5117,38.8636,大连市,七贤岭,细颗粒物(PM2.5),74,68,36,54,26,84,,65,65,20,18,12,10,0.7,0.6
2026-02-09T1100,1116A,121.7507,39.1339,大连市,金州,细颗粒物(PM2.5),110,101,52,83,35,84,,56,56,23,23,14,12,0.6,0.5
2026-02-09T1100,1117A,121.7811,39.0495,大连市,开发区,细颗粒物(PM2.5),99,81,44,74,36,60,,40,40,39,33,11,7,0.6,0.6
2026-02-09T1100,1118A,121.9762,39.0631,大连市,双D港,细颗粒物(PM2.5),97,99,43,72,28,81,,59,59,30,23,13,9,0.8,0.6
2026-02-09T1100,4082A,121.2548,38.8188,大连市,旅顺,,,70,44,50,29,74,,55,55,16,16,,8,0.7,0.6
2026-02-09T1100,1789A,124.8085,46.0381,大庆市,大同区,,,122,53,50,22,,,40,39,20,13,12,9,0.8,0.6
2026-02-09T1100,1790A,125.1166,46.5255,大庆市,龙凤区,颗粒物(PM10),60,70,45,40,22,40,,29,24,26,21,13,9,0.6,0.5
2026-02-09T1100,1791A,124.8894,46.4007,大庆市,红岗区,,43,43,33,23,12,34,,27,24,31,20,17,5,0.8,0.6
2026-02-09T1100,1792A,125.1391,46.578,大庆市,萨尔图区,颗粒物(PM10),63,76,47,32,19,32,,28,22,31,23,17,11,0.6,0.5
2026-02-09T1100,1793A,124.9026,46.6217,大庆市,让胡路区,,48,48,32,17,17,36,,34,31,29,19,10,8,0.7,0.5
2026-02-09T1100,3481A,125.127,46.6277,大庆市,萨区政府监测点,颗粒物(PM10),52,54,35,29,18,38,,31,27,26,19,9,8,0.9,0.7
2026-02-09T1100,1723A,113.2926,40.0759,大同市,云冈宾馆,颗粒物(PM10),66,81,78,36,38,20,,7,7,43,45,65,17,1.3,1.3
2026-02-09T1100,1724A,113.3437,40.0921,大同市,大同大学,,,87,60,38,33,61,,25,25,,37,,17,1.2,0.8
2026-02-09T1100,1725A,113.2637,40.129,大同市,安家小村,颗粒物(PM10),116,181,90,52,37,11,,5,5,42,40,69,21,4.3,2.2
2026-02-09T1100,3282A,113.3399,40.0586,大同市,大同市卫生学校,颗粒物(PM10),63,76,64,35,31,16,,13,13,47,46,32,19,1.4,1.1
2026-02-09T1100,3565A,113.1371,40.1122,大同市,云冈站,颗粒物(PM10),66,81,71,32,28,10,,3,3,40,38,74,25,1.0,0.9
2026-02-09T1100,3566A,113.1186,40.2556,大同市,图书馆,颗粒物(PM10),71,92,60,50,30,28,,14,14,37,27,58,13,2.4,0.8
2026-02-09T1100,3567A,113.5931,40.0459,大同市,区一中,颗粒物(PM10),94,137,84,40,42,20,,25,25,52,38,30,23,1.0,0.9
2026-02-09T1100,4199A,113.2798248,40.09972476,大同市,魏都大道141号,颗粒物(PM10),98,145,101,51,47,12,,6,6,51,50,57,18,1.5,1.7
2026-02-09T1100,2269A,124.1068,50.4091,大兴安岭地区,科技局,,,15,27,3,14,64,,62,62,2,4,6,9,,0.4
2026-02-09T1100,3663A,124.117,50.4279,大兴安岭地区,红旗社区,,24,24,16,7,13,68,,69,64,10,9,5,6,0.3,0.3
2026-02-09T1100,1600A,124.33,40.0625,丹东市,江湾东路,细颗粒物(PM2.5),68,65,80,49,58,41,,30,30,32,30,14,13,0.9,1.1
2026-02-09T1100,1601A,124.4242,40.1513,丹东市,临江后街,,,76,61,62,49,33,,35,31,,20,22,13,,1
2026-02-09T1100,1602A,124.3935,40.1461,丹东市,元宝山,细颗粒物(PM2.5),88,75,62,65,51,31,,37,28,33,21,20,14,1.2,1
2026-02-09T1100,1603A,124.3634,40.1093,丹东市,民主桥,细颗粒物(PM2.5),72,65,78,52,55,32,,26,26,42,36,18,16,0.8,0.9
2026-02-09T1100,3541A,109.5726195,19.51688767,儋州市,第一中学子站,,33,33,33,10,16,85,,75,75,3,5,5,4,0.5,0.8
2026-02-09T1100,3542A,109.5567,19.5187,儋州市,东坡学校子站,,37,37,35,10,16,88,,78,78,4,7,4,4,0.6,0.8
2026-02-09T1100,2616A,98.5611,24.4273,德宏傣族景颇族自治州,德宏州监测站,细颗粒物(PM2.5),83,81,68,61,51,43,,18,13,27,27,7,7,1.2,1.2
2026-02-09T1100,3677A,98.5887,24.4366,德宏傣族景颇族自治州,芒市人民政府综合楼,细颗粒物(PM2.5),95,96,68,71,43,29,,36,25,37,17,5,4,1.2,0.9
2026-02-09T1100,1901A,104.424,31.1209,德阳市,东山公园,,42,31,37,29,36,48,,48,48,7,10,1,1,0.6,0.7
2026-02-09T1100,1902A,104.3827,31.1318,德阳市,西小区,,45,45,49,28,37,56,,54,54,15,14,3,2,0.5,0.5
2026-02-09T1100,1904A,104.3553,31.1091,德阳市,耐火材料厂,,49,38,40,34,38,50,,42,42,17,17,1,1,0.5,0.5
2026-02-09T1100,4145A,104.4144,31.1495,德阳市,市林业局,,42,35,41,29,35,52,,50,50,6,10,4,4,0.7,0.7
2026-02-09T1100,1622A,116.3034,37.4675,德州市,儿童乐园,颗粒物(PM10),85,119,102,50,63,69,,52,52,22,28,13,12,0.6,0.7
2026-02-09T1100,1624A,116.2992,37.4449,德州市,监理站,,,107,101,45,54,,,60,56,,33,,12,,0.7
2026-02-09T1100,3066A,116.2722,37.438,德州市,九衢泉纯净水厂,颗粒物(PM10),75,100,96,45,60,76,,51,51,22,34,8,9,0.7,0.8
2026-02-09T1100,3371A,116.3693,37.44,德州市,开发区人民医院,,,114,112,49,61,,,47,45,20,26,16,15,0.6,0.7
2026-02-09T1100,3511A,116.5687,37.3331,德州市,陵城艺术中心,颗粒物(PM10),74,97,96,42,56,71,,48,48,25,33,14,13,0.8,0.9
2026-02-09T1100,4292A,116.352738,37.420875,德州市,新河东路,颗粒物(PM10),78,105,103,39,55,71,,46,46,22,34,18,15,0.7,0.8
2026-02-09T1100,2621A,99.7054,27.8319,迪庆藏族自治州,迪庆州站,,32,30,20,22,10,72,,72,65,16,6,6,5,0.8,0.6
2026-02-09T1100,3180A,99.7122,27.8129,迪庆藏族自治州,质量技术监督局,,29,29,20,18,11,76,,77,66,13,8,7,5,0.6,0.5
2026-02-09T1100,4257A,104.6092,35.5962,定西市,将台街,细颗粒物(PM2.5),65,66,63,47,37,50,,35,30,11,13,8,10,0.6,0.6
2026-02-09T1100,4309A,104.6159,35.5701,定西市,正龙路62号,细颗粒物(PM2.5),59,62,64,42,34,44,,41,33,11,9,7,7,0.7,0.6
2026-02-09T1100,1390A,113.7943,23.0132,东莞市,东城石井,,,,32,,16,74,,74,69,18,12,6,6,0.4,0.5
2026-02-09T1100,1391A,113.7384,22.9659,东莞市,南城西平,,37,37,32,22,16,70,,60,57,21,20,6,6,0.4,0.5
2026-02-09T1100,3319A,113.7283,23.041,东莞市,万江金泰,,38,38,30,21,17,68,,68,65,21,13,6,5,0.6,0.6
2026-02-09T1100,4129A,113.8666,23.1062,东莞市,裕兴路,,40,40,34,23,16,60,,64,60,14,10,6,5,0.6,0.7
2026-02-09T1100,4130A,114.0076,22.9739,东莞市,教育路1号,,44,44,37,22,16,70,,65,62,21,18,5,4,0.5,0.5
2026-02-09T1100,4131A,113.7981,22.8124,东莞市,长怡路1号,,49,49,37,22,16,84,,63,62,17,19,6,6,0.5,0.6
2026-02-09T1100,1666A,118.6612,37.4313,东营市,市环保局,细颗粒物(PM2.5),83,80,76,61,49,56,,23,23,40,48,17,17,1.0,0.9
2026-02-09T1100,3036A,118.6903,37.4337,东营市,开发区管委会,细颗粒物(PM2.5),74,78,78,54,45,71,,32,32,44,57,19,16,0.9,0.9
2026-02-09T1100,3365A,118.5721,37.5654,东营市,垦利区民丰路,细颗粒物(PM2.5),64,70,76,46,48,67,,26,26,32,48,14,13,0.8,0.9
2026-02-09T1100,3498A,118.5063,37.8606,东营市,河口城区,细颗粒物(PM2.5),69,85,84,50,49,80,,29,29,33,48,12,11,1.0,1.1
2026-02-09T1100,3646A,118.4979,37.4623,东营市,胜利站,细颗粒物(PM2.5),67,78,75,48,48,65,,27,27,43,60,13,16,0.7,0.7
2026-02-09T1100,3734A,118.5753,37.4405,东营市,理想之城,"颗粒物(PM10),细颗粒物(PM2.5)",59,68,80,42,48,69,,21,21,27,47,12,14,0.7,0.8
2026-02-09T1100,1591A,110.0024,39.8127,鄂尔多斯市,综合楼,颗粒物(PM10),60,70,42,22,14,42,,47,42,39,29,14,13,0.8,0.5
2026-02-09T1100,1592A,109.9485,39.8259,鄂尔多斯市,巴音孟克林场办事处,,44,44,37,22,14,58,,56,51,26,24,12,11,0.7,0.6
2026-02-09T1100,1593A,109.7734,39.5987,鄂尔多斯市,康泽苑,颗粒物(PM10),70,90,41,31,15,26,,16,13,48,33,23,9,1.1,0.6
2026-02-09T1100,1594A,109.8121,39.5987,鄂尔多斯市,华泰汽车城,颗粒物(PM10),73,95,45,32,17,19,,4,4,50,37,30,12,1.0,0.6
2026-02-09T1100,1595A,109.9734,39.7884,鄂尔多斯市,奥林花园,,,61,53,17,13,44,,38,36,34,35,,9,,0.6
2026-02-09T1100,2436A,114.894,30.3989,鄂州市,市政府,,49,47,51,34,39,54,,63,57,29,21,9,7,0.7,0.6
2026-02-09T1100,2437A,114.8986,30.3714,鄂州市,赵家坝,颗粒物(PM10),51,51,55,34,40,51,,64,56,25,14,11,10,0.7,0.6
2026-02-09T1100,3654A,114.8093,30.4091,鄂州市,精准医疗中心,颗粒物(PM10),54,57,63,32,40,61,,67,61,32,21,6,22,0.9,1
2026-02-09T1100,2454A,109.4978,30.2979,恩施土家族苗族自治州,湖北民院,细颗粒物(PM2.5),72,,54,52,42,56,,79,72,14,10,6,6,0.7,0.7
2026-02-09T1100,3549A,109.5061,30.3771,恩施土家族苗族自治州,龙凤新区,,49,,53,34,36,58,,64,61,11,9,7,7,0.6,0.6
2026-02-09T1100,2499A,108.3411,21.6159,防城港市,沙万,,43,37,32,30,19,44,,45,43,16,12,6,6,0.7,0.6
2026-02-09T1100,2500A,108.3515,21.7733,防城港市,防城档案局,细颗粒物(PM2.5),53,,35,37,23,37,,47,42,15,11,5,5,0.6,0.6
2026-02-09T1100,2501A,108.3506,21.6414,防城港市,大海花园,,50,,27,35,23,45,,46,44,13,11,6,6,0.6,0.6
2026-02-09T1100,1371A,113.1293,23.0065,佛山市,湾梁,,39,39,35,18,14,65,,63,59,23,21,/,/,/,/
2026-02-09T1100,1372A,113.1082,23.0477,佛山市,华材职中,,39,39,38,20,18,67,,66,62,15,10,6,5,0.7,0.6
2026-02-09T1100,1373A,113.1439,23.045,佛山市,南海气象局,,41,41,35,20,18,63,,62,58,25,20,/,/,/,/
2026-02-09T1100,1374A,113.2879,22.8094,佛山市,顺德苏岗,,45,45,35,22,18,67,,57,56,26,24,/,/,0.6,0.6
2026-02-09T1100,1376A,112.8384,22.8678,佛山市,高明孔堂,颗粒物(PM10),51,51,41,26,22,53,,66,60,31,19,/,/,/,/
2026-02-09T1100,1377A,112.8835,23.1584,佛山市,三水监测站,,39,39,42,25,22,59,,66,63,21,16,3,2,0.4,0.4
2026-02-09T1100,1378A,112.8668,23.185,佛山市,三水云东海,,44,44,38,22,20,63,,68,65,19,14,/,/,/,/
2026-02-09T1100,3625A,113.2568,22.7629,佛山市,容桂街道办,,48,48,37,24,20,60,,54,53,25,22,/,/,/,/
2026-02-09T1100,1282A,119.2681,26.0506,福州市,师大,,27,27,34,18,23,86,,87,82,14,13,3,3,0.4,0.4
2026-02-09T1100,1283A,119.2983,26.1028,福州市,五四北路,,28,25,32,17,23,87,,86,81,14,14,5,4,0.3,0.4
2026-02-09T1100,1284A,119.2648,26.0769,福州市,杨桥西路,,28,21,34,14,21,87,,84,80,9,10,4,4,/,/
2026-02-09T1100,3048A,119.5799,26.0937,福州市,九龙,,27,27,31,13,18,85,,85,82,15,12,4,4,0.5,0.5
2026-02-09T1100,3526A,119.5188,25.9666,福州市,吴航,,30,30,36,19,23,87,,86,84,12,10,5,5,0.5,0.5
2026-02-09T1100,4104A,119.3106,26.0648,福州市,路通桥巷6号,,,,34,,27,78,,82,77,,11,/,/,/,/
2026-02-09T1100,1755A,123.7974,41.8494,抚顺市,望花区,颗粒物(PM10),72,94,83,42,43,54,,25,25,28,39,16,13,1.0,1.1
2026-02-09T1100,1756A,123.9161,41.8827,抚顺市,顺城区,颗粒物(PM10),57,63,62,34,39,53,,41,41,36,39,11,11,1.0,1.1
2026-02-09T1100,1757A,124.0437,41.8615,抚顺市,东洲区,颗粒物(PM10),51,51,66,25,34,67,,51,51,14,21,12,16,0.8,0.9
2026-02-09T1100,1758A,123.9246,41.8638,抚顺市,新抚区,颗粒物(PM10),56,61,87,36,44,58,,31,31,28,40,10,9,0.6,0.8
2026-02-09T1100,1759A,124.0972,41.8961,抚顺市,大伙房水库,,31,31,52,19,29,75,,44,44,10,24,11,12,0.7,1
2026-02-09T1100,1760A,123.708,41.8386,抚顺市,沈抚新城,颗粒物(PM10),70,90,83,31,41,59,,19,19,25,44,12,17,0.8,1.5
2026-02-09T1100,2377A,116.3544,27.9833,抚州市,市站,细颗粒物(PM2.5),57,53,48,40,38,66,,66,58,15,11,11,7,1.4,1.1
2026-02-09T1100,2378A,116.3562,27.9631,抚州市,血防站,颗粒物(PM10),55,60,54,34,36,62,,56,44,18,12,9,6,0.9,0.7
2026-02-09T1100,2379A,116.3561,28.0007,抚州市,采茶剧团,颗粒物(PM10),53,56,50,35,31,58,,55,48,10,8,8,6,1.0,0.9
2026-02-09T1100,2380A,116.3854,27.9648,抚州市,医学分院,,,,55,,31,,,96,,,9,,6,,0.8
2026-02-09T1100,2207A,121.6095,41.9978,阜新市,工业园区,细颗粒物(PM2.5),105,120,68,79,34,54,,14,14,38,27,47,19,1.2,0.8
2026-02-09T1100,2208A,121.6567,42.0188,阜新市,长青街,细颗粒物(PM2.5),78,94,46,57,29,40,,18,17,42,28,43,18,1.3,0.8
2026-02-09T1100,2209A,121.6672,42.07,阜新市,农业园区,细颗粒物(PM2.5),69,78,55,50,29,48,,38,38,31,22,31,24,0.8,0.6
2026-02-09T1100,2211A,121.6343,42.0455,阜新市,玉龙新城,"颗粒物(PM10),细颗粒物(PM2.5)",74,97,61,54,32,40,,14,14,43,39,38,17,1.3,0.9
2026-02-09T1100,2301A,115.8276,32.8929,阜阳市,市监测站,颗粒物(PM10),55,59,63,33,36,66,,50,50,18,21,6,6,0.5,0.5
2026-02-09T1100,2303A,115.8551,32.8606,阜阳市,开发区,,43,39,54,30,30,64,,54,52,17,18,7,6,0.5,0.4
2026-02-09T1100,2875A,115.783962,32.889217,阜阳市,阜阳职业技术学院,细颗粒物(PM2.5),62,53,54,44,33,71,,66,63,14,14,8,7,0.6,0.4
2026-02-09T1100,3468A,115.79,32.8614,阜阳市,市规划展馆,颗粒物(PM10),59,68,55,34,32,69,,54,54,15,17,8,7,0.5,0.4
2026-02-09T1100,3469A,115.835101,32.918568,阜阳市,枣园社区,颗粒物(PM10),56,61,56,34,32,63,,53,52,20,19,7,7,0.7,0.6
2026-02-09T1100,2669A,102.9097,34.9841,甘南藏族自治州,州政府,颗粒物(PM10),56,61,46,33,29,35,,38,29,22,13,11,8,1.0,0.6
2026-02-09T1100,3380A,102.8915,34.9618,甘南藏族自治州,甘肃民族师范学院,颗粒物(PM10),59,68,44,39,22,46,,43,36,26,16,15,9,0.7,0.4
2026-02-09T1100,2570A,101.96,30.048,甘孜藏族自治州,水桥子,,29,29,8,3,3,37,,42,35,22,10,7,6,0.7,0.6
2026-02-09T1100,3065A,101.9534,29.9976,甘孜藏族自治州,州环保局,,21,10,7,3,4,67,,58,58,10,9,6,6,0.6,0.7
2026-02-09T1100,2363A,114.9368,25.8663,赣州市,地委,,,46,42,27,25,68,,68,61,,13,8,8,0.3,0.2
2026-02-09T1100,2364A,114.946,25.8483,赣州市,气象台,颗粒物(PM10),54,57,50,29,28,71,,73,64,23,14,5,6,0.4,0.3
2026-02-09T1100,2365A,114.932,25.8332,赣州市,市图书馆,,48,43,38,33,25,59,,70,62,24,14,5,4,0.6,0.5
2026-02-09T1100,2366A,114.8905,25.8472,赣州市,华坚鞋城,,,47,39,27,26,,,66,60,23,14,5,5,0.3,0.2
2026-02-09T1100,3109A,115.0094,25.8614,赣州市,赣县区卫计委,颗粒物(PM10),55,60,38,28,20,59,,58,53,23,12,8,8,0.6,0.5
2026-02-09T1100,2684A,106.2753,36.0057,固原市,监测站,颗粒物(PM10),64,78,56,23,24,71,,66,52,18,14,9,7,0.7,0.6
2026-02-09T1100,2685A,106.2384,36.0189,固原市,新区,,46,46,51,15,20,81,,66,62,7,11,6,6,0.4,0.5
2026-02-09T1100,2544A,106.6307,30.4577,广安市,市委,"颗粒物(PM10),细颗粒物(PM2.5)",60,69,64,43,41,45,,64,57,29,19,6,6,0.8,0.8
2026-02-09T1100,2545A,106.6266,30.4662,广安市,友谊中学,细颗粒物(PM2.5),58,53,56,41,36,50,,69,62,27,21,6,6,0.9,0.8
2026-02-09T1100,2547A,106.6386,30.4551,广安市,广电花园,,,57,57,50,44,,,58,55,20,15,6,6,0.7,0.6
2026-02-09T1100,2902A,106.6347,30.4868,广安市,北辰小学,细颗粒物(PM2.5),70,59,58,51,42,52,,66,60,14,13,8,7,0.7,0.7
2026-02-09T1100,2524A,105.8211,32.4444,广元市,老城,,39,39,67,22,42,42,,32,32,28,32,1,2,0.7,0.8
2026-02-09T1100,2526A,105.8629,32.429,广元市,监测站,细颗粒物(PM2.5),52,38,54,36,40,29,,39,39,30,24,6,6,1.0,0.9
2026-02-09T1100,3617A,105.8047,32.4167,广元市,经开区,,49,38,61,34,45,18,,29,28,43,24,2,3,0.8,0.7
2026-02-09T1100,1345A,113.2346,23.1423,广州市,广雅中学,,44,44,40,22,21,60,,62,59,19,22,4,3,0.4,0.3
2026-02-09T1100,1346A,113.2611,23.105,广州市,市五中,,46,46,37,24,20,67,,71,66,25,18,9,7,/,/
2026-02-09T1100,1348A,113.3477,23.0916,广州市,广东商学院,,42,42,34,22,17,60,,64,59,24,16,7,6,0.2,0.3
2026-02-09T1100,1349A,113.4332,23.105,广州市,市八十六中,,44,44,35,21,20,66,,61,61,28,22,9,7,/,/
2026-02-09T1100,1350A,113.3506,22.9488,广州市,番禺中学,,50,50,39,13,17,60,,56,56,31,27,2,2,0.3,0.3
2026-02-09T1100,1351A,113.2147,23.3918,广州市,花都师范,,41,41,40,20,19,59,,73,65,28,15,6,7,0.5,0.5
2026-02-09T1100,1352A,113.2599,23.1329,广州市,市监测站,,45,45,39,24,22,58,,63,59,23,13,4,2,/,/
2026-02-09T1100,1353A,113.5618,23.3119,广州市,九龙镇镇龙,,44,44,34,21,18,66,,61,61,14,11,5,4,0.5,0.5
2026-02-09T1100,1354A,113.2764,23.1544,广州市,麓湖,,42,42,37,23,20,62,,53,53,22,19,6,5,0.7,0.6
2026-02-09T1100,2846A,113.3209,23.1323,广州市,体育西,,43,43,36,24,21,58,,62,58,29,19,9,6,0.7,0.6
2026-02-09T1100,3298A,113.5718,23.5493,广州市,从化街口,,38,38,32,22,18,64,,71,66,14,11,6,6,0.5,0.4
2026-02-09T1100,3299A,113.3463,23.369,广州市,白云竹料,,36,36,33,20,19,66,,72,69,19,14,3,4,0.4,0.4
2026-02-09T1100,3300A,113.2981,23.2365,广州市,白云嘉禾,,36,36,37,19,18,60,,64,60,27,19,5,5,/,/
2026-02-09T1100,3301A,113.4256,23.1716,广州市,黄埔科学城,,43,43,38,25,21,68,,68,65,20,11,6,6,0.7,0.6
2026-02-09T1100,3302A,113.3942,23.0485,广州市,番禺大学城,,39,39,38,19,17,75,,61,61,18,15,6,6,0.4,0.4
2026-02-09T1100,3303A,113.4923,22.8169,广州市,南沙黄阁,,47,47,40,25,20,78,,61,61,19,24,4,5,/,/
2026-02-09T1100,3304A,113.534,22.7893,广州市,南沙街,,48,48,41,20,13,77,,61,61,18,23,4,5,0.5,0.6
2026-02-09T1100,3443A,113.2905,23.5541,广州市,花都梯面,,28,28,30,18,18,60,,69,65,7,6,10,7,/,/
2026-02-09T1100,3445A,113.786,23.7479,广州市,从化良口,,28,28,30,18,16,56,,57,55,10,9,8,8,/,/
2026-02-09T1100,3446A,113.805,23.2614,广州市,增城荔城,,39,39,30,21,13,73,,73,69,14,12,6,6,0.4,0.4
2026-02-09T1100,2506A,109.604387,23.066791,贵港市,江南子站,,44,44,38,28,22,52,,52,52,16,17,4,4,0.7,0.7
2026-02-09T1100,2508A,109.5669,23.1065,贵港市,荷城子站,,46,46,41,21,25,50,,43,42,16,15,6,5,0.9,0.9
2026-02-09T1100,3405A,109.5886,23.1172,贵港市,新世纪学校,颗粒物(PM10),53,56,45,32,31,53,,44,44,17,18,/,/,0.5,0.6
2026-02-09T1100,4260A,109.5933,23.095,贵港市,中山路155-3号,,46,38,34,32,28,56,,50,50,13,15,/,/,0.8,0.9
2026-02-09T1100,1439A,106.6863,26.6035,贵阳市,马鞍山,,12,12,33,6,22,28,,50,40,20,13,4,4,/,/
2026-02-09T1100,1441A,106.6241,26.6266,贵阳市,鉴湖路,,12,12,42,3,20,31,,50,42,17,13,2,3,0.6,0.5
2026-02-09T1100,1442A,106.7468,26.6344,贵阳市,燕子冲,,22,22,40,14,23,18,,46,36,28,13,15,9,0.8,0.6
2026-02-09T1100,1443A,106.6556,26.4362,贵阳市,碧云窝,,23,22,41,16,21,37,,53,46,12,11,14,14,/,/
2026-02-09T1100,1445A,106.6963,26.6063,贵阳市,红边门,,14,14,38,3,24,28,,49,39,25,15,5,8,/,/
2026-02-09T1100,1446A,106.7162383,26.56964667,贵阳市,新华路,,18,14,45,12,22,26,,47,39,33,20,5,4,0.5,0.3
2026-02-09T1100,1447A,106.6742,26.542,贵阳市,太慈桥,,20,19,33,14,22,38,,53,47,20,14,6,5,/,/
2026-02-09T1100,4230A,106.688212,26.56952,贵阳市,花果园大街66号,,,14,32,3,20,,,47,39,24,14,,2,/,/
2026-02-09T1100,4231A,106.687268,26.516892,贵阳市,漓江路57号,,18,14,39,12,21,31,,48,39,14,14,10,7,0.6,0.5
2026-02-09T1100,1864A,110.3091,25.2705,桂林市,龙隐路小学,细颗粒物(PM2.5),57,40,43,40,38,38,,55,48,19,12,3,3,0.6,0.5
2026-02-09T1100,1865A,110.2849361,25.22909545,桂林市,八中,,44,44,41,28,20,28,,53,43,22,14,4,3,0.8,0.7
2026-02-09T1100,3531A,110.296,25.1254,桂林市,旅游学院,细颗粒物(PM2.5),63,51,53,45,35,42,,50,41,16,13,14,5,0.7,0.7
2026-02-09T1100,4222A,110.1835,25.2444,桂林市,环湖路276号,细颗粒物(PM2.5),80,73,54,59,35,23,,57,46,52,20,32,4,0.9,0.8
2026-02-09T1100,4301A,110.2803,25.2773,桂林市,信义路13号,细颗粒物(PM2.5),54,,42,38,36,42,,59,52,20,13,5,4,1.0,0.9
2026-02-09T1100,2674A,100.2262,34.4854,果洛藏族自治州,玛沁县大武镇,,,101,45,38,18,55,,45,40,8,3,23,14,,0.3
2026-02-09T1100,1130A,126.5557,45.8109,哈尔滨市,松北商大,细颗粒物(PM2.5),75,73,52,55,40,51,,38,38,23,20,12,8,1.0,0.8
2026-02-09T1100,1132A,126.6162,45.719,哈尔滨市,南岗学府路,,,82,58,52,34,,,41,39,22,20,14,10,1.2,0.9
2026-02-09T1100,1133A,126.6894,45.7733,哈尔滨市,太平宏伟公园,细颗粒物(PM2.5),67,74,61,48,37,54,,35,35,12,13,13,12,0.9,0.7
2026-02-09T1100,1134A,126.6361,45.7672,哈尔滨市,道外承德广场,细颗粒物(PM2.5),68,83,69,49,35,52,,43,42,30,30,16,13,0.7,0.6
2026-02-09T1100,1136A,126.644,45.7261,哈尔滨市,动力和平路,细颗粒物(PM2.5),82,87,58,60,36,54,,36,36,25,23,13,10,1.4,1.1
2026-02-09T1100,1137A,126.5933,45.7479,哈尔滨市,道里建国路,细颗粒物(PM2.5),88,86,57,65,39,46,,38,38,36,30,22,14,1.0,0.7
2026-02-09T1100,1138A,126.6127,45.6119,哈尔滨市,平房东轻厂,细颗粒物(PM2.5),74,68,44,54,35,60,,47,47,16,15,7,4,1.0,0.8
2026-02-09T1100,1139A,126.5875,45.9827,哈尔滨市,呼兰师专,细颗粒物(PM2.5),69,82,58,50,31,51,,40,40,22,20,21,15,1.0,0.8
2026-02-09T1100,1140A,126.6299,45.6799,哈尔滨市,省农科院,细颗粒物(PM2.5),80,77,56,59,37,57,,38,38,21,24,18,16,1.1,0.9
2026-02-09T1100,4282A,126.6769,45.7379,哈尔滨市,华山路1号,细颗粒物(PM2.5),73,88,61,53,35,50,,31,31,33,29,12,8,1.2,0.9
2026-02-09T1100,4283A,126.9717,45.5356,哈尔滨市,解放大街52号,细颗粒物(PM2.5),62,68,54,44,31,69,,58,58,15,14,17,16,0.9,0.6
2026-02-09T1100,2688A,93.5124,42.8176,哈密市,地区监测站,颗粒物(PM10),80,109,152,28,40,62,,55,55,9,11,4,6,0.0,0.2
2026-02-09T1100,2689A,93.5014,42.8312,哈密市,哈密师范学校,颗粒物(PM10),75,100,135,21,30,63,,58,58,15,15,3,4,0.2,0.3
2026-02-09T1100,2671A,100.9016,36.9464,海北藏族自治州,海晏县西海镇,,34,34,35,8,16,74,,61,61,4,4,7,7,0.5,0.4
2026-02-09T1100,3867A,102.074,36.5056,海东市,平安区公安局北苑,细颗粒物(PM2.5),85,81,64,63,54,19,,37,24,42,20,17,19,1.6,1
2026-02-09T1100,4163A,102.0984,36.5119,海东市,滨河路,细颗粒物(PM2.5),69,79,70,50,46,28,,14,12,40,44,16,23,1.3,1.1
2026-02-09T1100,1410A,110.3189,20.0596,海口市,海南大学,,40,40,37,18,18,88,,88,87,8,9,5,5,0.5,0.6
2026-02-09T1100,1411A,110.2827,20.0051,海口市,秀英海南医院,,44,44,34,19,18,80,,84,83,10,9,7,7,0.4,0.4
2026-02-09T1100,1412A,110.3391,19.9979,海口市,海南师范大学,,43,43,33,21,18,83,,85,85,8,8,6,6,0.5,0.5
2026-02-09T1100,1413A,110.3303,20.0359,海口市,龙华路环保局宿舍,,44,44,36,20,18,86,,88,87,12,10,/,/,0.7,0.7
2026-02-09T1100,3539A,110.5111,19.9737,海口市,桂林洋子站,,,45,34,14,17,96,,92,92,,8,/,/,/,/
2026-02-09T1100,4134A,110.1952,20.0451,海口市,长滨二路9号,,39,39,35,22,19,80,,78,78,7,7,/,/,/,/
2026-02-09T1100,2673A,100.6158,36.2985,海南藏族自治州,共和县恰卜恰镇,,44,44,43,26,25,56,,40,38,26,20,11,12,0.8,0.6
2026-02-09T1100,2676A,97.373,37.376,海西蒙古族藏族自治州,德令哈市,,35,35,33,16,11,87,,98,94,6,5,20,19,0.5,0.4
2026-02-09T1100,1049A,114.492,36.5712,邯郸市,矿院,细颗粒物(PM2.5),67,72,81,48,64,64,,49,49,23,28,4,4,0.5,0.5
2026-02-09T1100,1050A,114.4839,36.6136,邯郸市,丛台公园,细颗粒物(PM2.5),68,75,84,49,63,62,,50,50,21,25,6,5,0.5,0.6
2026-02-09T1100,3458A,114.7893,36.5592,邯郸市,香泉濮院小区,颗粒物(PM10),65,79,87,41,55,70,,58,58,12,14,4,4,0.5,0.6
2026-02-09T1100,3580A,114.1998,36.4439,邯郸市,峰峰矿区临水派出所,细颗粒物(PM2.5),72,79,77,52,53,63,,54,48,16,15,12,11,0.8,1
2026-02-09T1100,4068A,114.5209,36.7697,邯郸市,建安街268号,细颗粒物(PM2.5),80,82,84,59,64,58,,34,34,10,22,5,6,0.4,0.6
2026-02-09T1100,4069A,114.5488,36.6177,邯郸市,丛台东路558号,颗粒物(PM10),65,80,85,39,54,66,,40,40,11,24,4,3,0.5,0.6
2026-02-09T1100,2635A,107.0155,33.0707,汉中市,市监测站,细颗粒物(PM2.5),88,78,85,65,67,34,,22,22,35,25,14,7,1.0,0.9
2026-02-09T1100,2636A,107.0083,33.114,汉中市,鑫源开发区,细颗粒物(PM2.5),87,81,71,64,54,29,,35,30,29,22,8,5,1.0,0.7
2026-02-09T1100,2637A,107.0072,33.0323,汉中市,南郑大河坎水厂,细颗粒物(PM2.5),97,102,102,72,69,12,,12,10,37,27,7,6,1.0,0.9
2026-02-09T1100,1223A,120.2073,30.2111,杭州市,滨江,,39,39,39,25,25,58,,29,29,28,32,7,7,0.4,0.4
2026-02-09T1100,1224A,120.0625,30.2737,杭州市,西溪,,32,32,37,20,22,75,,29,29,17,29,10,9,0.4,0.5
2026-02-09T1100,1226A,120.3417,30.315,杭州市,下沙,,38,38,41,25,26,67,,31,31,24,44,11,9,0.4,0.3
2026-02-09T1100,1227A,120.1252,30.2465,杭州市,卧龙桥,,36,36,34,25,22,62,,24,24,15,17,10,9,0.3,0.3
2026-02-09T1100,1228A,120.1902,30.2691,杭州市,浙江农大,,35,35,38,21,20,75,,36,36,29,37,8,6,0.5,0.5
2026-02-09T1100,1230A,120.1195,30.3121,杭州市,和睦小学,,37,37,39,25,25,66,,32,32,20,24,6,6,0.7,0.6
2026-02-09T1100,1231A,120.3076,30.4146,杭州市,临平镇,,42,42,42,28,29,71,,29,29,14,26,8,7,0.6,0.6
2026-02-09T1100,1232A,120.2753,30.1839,杭州市,城厢镇,,40,40,45,21,24,73,,29,29,17,28,8,7,0.6,0.6
2026-02-09T1100,1233A,120.0883,30.1808,杭州市,云栖,,33,33,33,22,18,70,,28,28,13,13,5,4,0.6,0.6
2026-02-09T1100,3557A,119.9463,30.0496,杭州市,镇二中,,38,29,31,26,26,54,,22,22,25,26,5,4,0.8,0.7
2026-02-09T1100,3558A,119.7184,30.2367,杭州市,市府大楼,,39,28,29,27,26,62,,32,32,17,16,11,10,0.7,0.6
2026-02-09T1100,3656A,120.1554,30.2863,杭州市,消防大队,,38,38,40,24,25,66,,31,31,24,27,7,6,0.6,0.6
2026-02-09T1100,1270A,117.1957,31.7845,合肥市,明珠广场,,29,29,48,19,26,69,,51,51,20,27,7,7,0.4,0.5
2026-02-09T1100,1271A,117.307,31.8765,合肥市,三里街,,34,34,45,20,24,52,,37,37,28,35,8,7,0.8,0.9
2026-02-09T1100,1272A,117.2587,31.8703,合肥市,琥珀山庄,,41,41,48,26,28,62,,50,50,20,26,9,9,0.7,0.8
2026-02-09T1100,1275A,117.2593,31.9376,合肥市,庐阳区,,,39,48,17,24,63,,43,43,,32,,6,0.6,0.6
2026-02-09T1100,1276A,117.345251,31.861615,合肥市,瑶海区,,34,34,46,18,24,65,,44,44,22,32,6,6,0.6,0.7
2026-02-09T1100,1277A,117.3033,31.7967,合肥市,包河区,,31,31,45,18,23,67,,48,48,14,27,7,6,0.7,0.8
2026-02-09T1100,1278A,117.278,31.7392,合肥市,滨湖新区,,29,29,42,15,19,71,,59,59,13,15,3,3,0.6,0.7
2026-02-09T1100,1279A,117.1324,31.8395,合肥市,高新区,,39,39,48,17,23,70,,50,50,16,22,4,5,0.4,0.5
2026-02-09T1100,3464A,117.3802,31.9148,合肥市,高教基地,,36,36,44,19,23,66,,49,49,23,26,10,8,0.5,0.6
2026-02-09T1100,4098A,117.2518,31.8404,合肥市,中国科学技术大学,,29,29,42,19,22,67,,56,56,16,18,9,9,0.5,0.6
2026-02-09T1100,3614A,79.9241,37.0878,和田地区,地区环保局,颗粒物(PM10),343,454,499,100,99,48,,50,47,16,16,4,3,1.3,1.2
2026-02-09T1100,3615A,79.9132,37.1137,和田地区,市环保局,颗粒物(PM10),323,438,486,102,96,53,,61,55,20,20,2,2,0.1,0.3
2026-02-09T1100,2517A,108.0496,24.6957,河池市,市环保站,,33,,15,23,14,41,,50,50,17,13,2,2,0.7,0.7
2026-02-09T1100,4302A,108.0901,24.6945,河池市,上任中路54号,,23,22,18,16,13,38,,44,44,15,10,4,4,0.9,0.9
2026-02-09T1100,1697A,114.6962,23.7538,河源市,东埔,,30,30,30,18,19,68,,69,65,11,9,6,6,0.4,0.4
2026-02-09T1100,1698A,114.6895,23.7232,河源市,老城,,26,26,32,18,17,69,,70,67,8,8,6,6,0.4,0.4
2026-02-09T1100,3374A,115.5562,35.089,菏泽市,定陶老年大学,颗粒物(PM10),67,83,88,47,56,70,,54,54,20,21,6,6,0.7,0.7
2026-02-09T1100,4114A,115.4239,35.2593,菏泽市,黄河路600号,颗粒物(PM10),75,100,101,48,65,64,,57,56,16,17,4,4,0.4,0.5
2026-02-09T1100,4115A,115.5025,35.2727,菏泽市,菏泽市人社局,颗粒物(PM10),65,79,91,46,55,65,,67,62,22,20,5,5,0.5,0.5
2026-02-09T1100,4184A,115.479691,35.244011,菏泽市,永昌路1号,细颗粒物(PM2.5),68,84,96,49,55,72,,69,68,18,19,3,4,0.5,0.5
2026-02-09T1100,4193A,115.471542,35.280012,菏泽市,长城路999号,颗粒物(PM10),67,84,95,44,53,69,,73,71,22,21,4,4,0.4,0.4
2026-02-09T1100,2514A,111.5264,24.4178,贺州市,环保小区,细颗粒物(PM2.5),65,48,43,47,35,28,,42,37,21,16,3,3,0.5,0.4
2026-02-09T1100,2515A,111.561,24.4074,贺州市,政协大楼,细颗粒物(PM2.5),68,,44,49,38,19,,39,33,23,14,4,4,0.8,0.7
2026-02-09T1100,3534A,111.4744,24.455,贺州市,西湾,细颗粒物(PM2.5),64,58,52,46,36,33,,34,31,18,16,5,5,1.3,0.8
2026-02-09T1100,2385A,114.17,35.9019,鹤壁市,市监测站,细颗粒物(PM2.5),94,97,116,70,82,47,,35,35,26,25,11,6,0.7,0.8
2026-02-09T1100,2386A,114.2953,35.7512,鹤壁市,市交警支队,细颗粒物(PM2.5),93,92,110,69,77,47,,47,45,26,34,7,7,0.6,0.6
2026-02-09T1100,2387A,114.2877,35.7302,鹤壁市,迎宾馆,,,98,116,55,76,51,,47,46,21,31,,8,0.7,0.7
2026-02-09T1100,3474A,114.2616,35.6824,鹤壁市,大新区,细颗粒物(PM2.5),113,153,111,85,81,,,35,35,25,39,10,9,0.9,0.8
2026-02-09T1100,3596A,114.1573,35.9607,鹤壁市,南山宾馆,细颗粒物(PM2.5),99,110,117,74,76,50,,42,39,23,20,12,9,0.7,0.8
2026-02-09T1100,2244A,130.2537,47.3416,鹤岗市,哈啤分公司,细颗粒物(PM2.5),52,37,30,36,20,69,,74,69,19,9,9,7,0.6,0.5
2026-02-09T1100,2245A,130.2683,47.3087,鹤岗市,斯达机电,颗粒物(PM10),53,55,34,17,16,66,,69,69,26,12,9,7,0.7,0.6
2026-02-09T1100,2246A,130.3114,47.3388,鹤岗市,东山纸板厂,,42,32,48,29,22,70,,46,43,19,17,9,9,0.6,0.6
2026-02-09T1100,2263A,127.4832,50.2524,黑河市,交通局,,28,28,33,13,23,71,,64,62,16,16,7,8,0.4,0.5
2026-02-09T1100,2264A,127.5146,50.2339,黑河市,环保局,,35,35,37,15,26,71,,52,52,13,27,5,8,0.7,0.7
2026-02-09T1100,1074A,115.6839,37.754,衡水市,电机北厂,细颗粒物(PM2.5),72,87,90,52,58,68,,65,61,22,25,9,9,0.4,0.4
2026-02-09T1100,1075A,115.6303,37.7318,衡水市,市监测站,颗粒物(PM10),75,99,88,46,56,63,,52,52,25,31,9,10,0.5,0.6
2026-02-09T1100,3188A,115.6684,37.7216,衡水市,市城管局,,,100,91,,54,64,,54,53,21,28,13,7,0.6,0.6
2026-02-09T1100,3459A,115.599,37.5491,衡水市,地表水厂,"颗粒物(PM10),细颗粒物(PM2.5)",69,88,85,50,60,70,,49,49,14,29,8,9,0.5,0.5
2026-02-09T1100,2457A,112.6209,26.9268,衡阳市,衡阳化工总厂,细颗粒物(PM2.5),54,41,43,38,31,47,,50,48,14,17,10,15,0.8,0.7
2026-02-09T1100,2458A,112.621,26.8957,衡阳市,珠晖区环保局,细颗粒物(PM2.5),55,52,43,39,30,40,,46,43,26,23,6,6,0.9,0.8
2026-02-09T1100,2459A,112.628,26.8654,衡阳市,市委党校,细颗粒物(PM2.5),52,42,42,36,28,47,,54,51,18,14,10,10,0.8,0.7
2026-02-09T1100,2460A,112.6007,26.8977,衡阳市,市监测站,"颗粒物(PM10),细颗粒物(PM2.5)",57,64,65,40,36,46,,54,52,21,17,8,11,1.0,0.9
2026-02-09T1100,2461A,112.5658,26.9013,衡阳市,真空机电公司,细颗粒物(PM2.5),53,53,56,37,35,52,,55,54,19,23,8,18,0.8,0.8
2026-02-09T1100,3399A,112.6703,26.8817,衡阳市,师范学院,,,50,48,36,30,52,,51,49,19,18,5,5,,0.4
2026-02-09T1100,3038A,103.3757,23.3679,红河哈尼族彝族自治州,州图书馆,,14,7,8,3,9,44,,39,38,5,6,10,10,0.9,0.8
2026-02-09T1100,4154A,103.401,23.3561,红河哈尼族彝族自治州,蒙自市朝阳路,,15,10,14,9,10,45,,41,40,4,4,5,5,0.7,0.6
2026-02-09T1100,1090A,111.6506,40.7517,呼和浩特市,呼市一监,,,,42,,22,26,,16,16,,37,10,9,1.1,0.8
2026-02-09T1100,1094A,111.7516,40.8369,呼和浩特市,如意水处理厂,颗粒物(PM10),57,64,45,35,24,18,,6,6,64,52,13,14,1.1,0.8
2026-02-09T1100,1095A,111.727798,40.806187,呼和浩特市,二十九中,颗粒物(PM10),54,58,45,28,19,25,,14,14,50,39,16,14,1.1,0.7
2026-02-09T1100,1097A,111.717,40.7617,呼和浩特市,化肥厂生活区,,,55,47,25,21,,,18,18,,37,,8,,0.7
2026-02-09T1100,3699A,111.6519,40.8389,呼和浩特市,海东办,,,,54,,26,16,,6,6,,47,,9,1.0,0.7
2026-02-09T1100,4275A,111.591512,40.827312,呼和浩特市,成吉思汗西街8号,颗粒物(PM10),65,80,44,35,20,14,,16,16,62,37,11,10,1.1,0.5
2026-02-09T1100,4276A,111.6597,40.8077,呼和浩特市,公园东路75号,颗粒物(PM10),52,53,50,24,22,27,,12,12,58,48,11,9,1.2,0.8
2026-02-09T1100,4277A,111.5427,40.7846,呼和浩特市,金海路35号,颗粒物(PM10),55,59,42,30,19,27,,18,18,52,40,12,10,0.8,0.6
2026-02-09T1100,3061A,119.7511,49.1576,呼伦贝尔市,国华电力东,,18,16,21,6,11,55,,60,56,21,14,6,6,0.4,0.4
2026-02-09T1100,4279A,119.7569,49.2222,呼伦贝尔市,伊敏大街东7号,,36,36,28,7,17,48,,20,20,25,29,8,7,0.3,0.3
2026-02-09T1100,1250A,120.075,30.867,湖州市,城西水厂,,,53,35,36,25,,,24,24,25,37,7,6,0.6,0.6
2026-02-09T1100,2873A,120.083,30.8929,湖州市,仁皇山新区,,49,46,32,34,22,68,,29,29,27,32,7,6,0.6,0.6
2026-02-09T1100,2907A,120.1846,30.8592,湖州市,吴兴区站,细颗粒物(PM2.5),54,50,39,38,25,55,,25,25,27,30,6,5,0.5,0.5
2026-02-09T1100,3562A,120.4146,30.8538,湖州市,南浔区站,细颗粒物(PM2.5),57,61,41,40,26,69,,31,31,21,32,8,7,0.6,0.6
2026-02-09T1100,1607A,120.904878,40.721091,葫芦岛市,龙港区,颗粒物(PM10),81,112,50,57,22,39,,18,18,47,40,23,15,1.1,0.8
2026-02-09T1100,1608A,120.8382,40.7521,葫芦岛市,化工街,,,,48,47,29,,,16,16,52,47,,23,0.9,0.7
2026-02-09T1100,1609A,120.8339,40.7078,葫芦岛市,新区,细颗粒物(PM2.5),89,89,38,66,24,31,,17,17,53,45,24,22,1.5,1
2026-02-09T1100,1610A,120.8697,40.7679,葫芦岛市,东城区,"颗粒物(PM10),细颗粒物(PM2.5)",72,93,57,52,35,31,,13,13,54,51,22,20,1.2,1.1
2026-02-09T1100,2483A,109.9297,27.5383,怀化市,河西地税局,,49,49,51,32,30,65,,75,72,17,17,3,2,/,/
2026-02-09T1100,2484A,109.9783,27.5342,怀化市,市四医院,细颗粒物(PM2.5),60,50,47,43,31,60,,64,62,12,11,4,5,0.6,0.6
2026-02-09T1100,2485A,109.9971,27.5579,怀化市,监测楼,细颗粒物(PM2.5),59,43,48,42,31,58,,67,63,14,15,2,3,0.1,0.1
2026-02-09T1100,1210A,119.0566,33.5991,淮安市,钵池山,颗粒物(PM10),52,53,44,30,25,46,,56,50,34,22,9,8,0.4,0.3
2026-02-09T1100,1211A,119.0083,33.578,淮安市,北京南路,颗粒物(PM10),53,56,45,28,26,53,,43,43,22,27,8,9,0.6,0.5
2026-02-09T1100,1212A,118.9938,33.6083,淮安市,市监测站,,42,39,38,29,26,49,,48,46,29,28,10,11,0.5,0.4
2026-02-09T1100,1213A,119.135,33.5038,淮安市,楚州区监测站,,49,49,44,29,27,46,,26,22,35,35,8,7,1.0,0.7
2026-02-09T1100,3426A,118.8757,33.2897,淮安市,新华书店,,42,42,42,29,27,60,,40,40,21,27,10,9,0.7,0.5
2026-02-09T1100,4092A,119.119691,33.550006,淮安市,枚皋中路89号,颗粒物(PM10),56,62,43,31,29,44,,44,39,36,24,11,10,0.6,0.4
2026-02-09T1100,4206A,119.028838,33.631911,淮安市,承德北路606号,,,51,48,27,24,,,57,55,,21,,9,,0.6
2026-02-09T1100,2282A,116.8005,33.9749,淮北市,监测站,颗粒物(PM10),63,76,66,42,38,68,,56,54,28,26,8,7,0.8,0.7
2026-02-09T1100,2283A,116.8094,33.9008,淮北市,烈山区政府,"颗粒物(PM10),细颗粒物(PM2.5)",57,64,80,40,39,68,,50,50,23,26,9,8,0.4,0.4
2026-02-09T1100,4017A,116.7926,33.9534,淮北市,市博物馆,颗粒物(PM10),63,76,67,42,39,65,,50,48,26,26,7,6,0.5,0.4
2026-02-09T1100,4100A,116.8322,33.9884,淮北市,杜集区第一实验学校,细颗粒物(PM2.5),63,71,68,45,37,74,,58,58,20,18,7,6,0.4,0.3
2026-02-09T1100,2277A,116.8304,32.7726,淮南市,潘集区政府,颗粒物(PM10),54,57,64,27,29,69,,49,49,18,22,7,7,0.4,0.4
2026-02-09T1100,2279A,116.8569,32.5949,淮南市,谢家集区政府,,,40,55,30,27,56,,43,43,12,22,8,9,,0.5
2026-02-09T1100,2280A,116.8279,32.6333,淮南市,八公山区政府,,39,31,45,27,29,63,,54,54,19,22,4,4,0.5,0.5
2026-02-09T1100,2894A,117.0561,32.6536,淮南市,经济技术开发区消防队,颗粒物(PM10),51,51,57,22,28,61,,45,45,20,23,7,6,0.4,0.4
2026-02-09T1100,3329A,117.011,32.5891,淮南市,山南新区,,37,37,49,22,29,68,,50,50,12,15,8,8,0.3,0.4
2026-02-09T1100,4209A,117.003137,32.644456,淮南市,国庆中路369号,,33,,43,23,27,55,,50,48,19,18,5,5,0.5,0.5
2026-02-09T1100,2446A,114.9021,30.474,黄冈市,职工中心,,49,44,51,34,44,57,,69,62,21,12,8,6,0.9,0.6
2026-02-09T1100,2929A,114.8858,30.4519,黄冈市,红卫路,,43,40,47,30,42,58,,65,61,25,16,9,7,0.5,0.4
2026-02-09T1100,3398A,114.9134,30.4446,黄冈市,市林业局,,49,49,50,31,43,51,,58,55,26,17,4,4,0.7,0.6
2026-02-09T1100,2672A,102.02,35.5101,黄南藏族自治州,同仁县隆务镇,,,68,37,43,18,,,61,60,,3,14,9,0.7,0.3
2026-02-09T1100,2295A,118.2905,29.6965,黄山市,延安路89号,,38,31,34,26,26,64,,29,29,10,12,4,4,0.3,0.3
2026-02-09T1100,2297A,118.1369,30.2755,黄山市,黄山区政府5号楼,,,29,35,18,20,,,25,25,8,11,,3,0.4,0.5
2026-02-09T1100,4210A,118.335445,29.720283,黄山市,滨江东路7-2号,,46,46,47,21,21,67,,37,37,12,13,/,/,/,/
2026-02-09T1100,2423A,115.0547,30.2332,黄石市,沈家营,,50,50,53,22,34,62,,60,60,26,13,7,7,0.8,0.9
2026-02-09T1100,2426A,114.899,30.211,黄石市,铁山,,50,47,44,35,38,59,,69,68,18,12,8,7,1.3,0.8
2026-02-09T1100,2427A,115.0259,30.2108,黄石市,团城山,,43,40,52,30,35,57,,65,61,11,6,7,7,0.8,0.7
2026-02-09T1100,3149A,115.0174,30.1591,黄石市,笔架山北路,,,66,66,32,39,56,,62,59,18,14,,7,,0.8
2026-02-09T1100,4185A,115.078022,30.21118,黄石市,磁湖东路29号,,42,40,49,29,38,66,,71,69,19,14,6,7,0.9,0.7
2026-02-09T1100,1392A,114.4181,23.0528,惠州市,河南岸金山湖子站,,41,41,34,26,17,73,,72,68,10,12,6,6,0.5,0.6
2026-02-09T1100,1393A,114.4055,23.0824,惠州市,下埔横江三路子站,,42,42,33,22,17,75,,72,70,11,10,6,7,0.4,0.4
2026-02-09T1100,1395A,114.4645,22.7832,惠州市,惠阳区承修路船湖子站,颗粒物(PM10),52,53,38,27,19,78,,62,61,16,15,6,6,0.5,0.5
2026-02-09T1100,1396A,114.5316,22.7423,惠州市,大亚湾管委会子站,,,55,37,31,19,73,,69,69,,13,8,6,0.5,0.5
2026-02-09T1100,3314A,114.4334,22.8134,惠州市,惠阳秋长,颗粒物(PM10),53,56,38,25,19,86,,72,70,16,12,/,/,/,/
2026-02-09T1100,3452A,114.6521,22.7755,惠州市,大亚湾霞涌,颗粒物(PM10),59,67,36,35,24,83,,62,62,11,13,/,/,/,/
2026-02-09T1100,4300A,114.4089,23.1147,惠州市,文华一路1号,,38,38,32,24,19,74,,70,67,11,10,/,/,/,/
2026-02-09T1100,2240A,130.9618,45.2926,鸡西市,环保局,,39,39,24,23,17,77,,65,64,12,11,8,7,0.5,0.4
2026-02-09T1100,2243A,130.9294,45.2959,鸡西市,第一中学,,38,38,21,18,14,78,,71,71,8,7,5,3,0.4,0.4
2026-02-09T1100,3707A,131.0069,45.2988,鸡西市,欧美日汽修厂,,44,44,33,19,20,69,,49,49,12,12,14,10,0.7,0.7
2026-02-09T1100,2367A,114.9753,27.0803,吉安市,红声器材厂,细颗粒物(PM2.5),65,60,54,47,33,44,,58,44,20,13,8,9,0.6,0.5
2026-02-09T1100,2369A,114.9903,27.1313,吉安市,市环境监测站,细颗粒物(PM2.5),74,60,44,54,36,50,,66,57,23,12,8,8,/,/
2026-02-09T1100,2370A,115.009527,27.096792,吉安市,青原区法院,,,59,44,48,33,,,64,51,25,15,10,10,0.7,0.5
2026-02-09T1100,1772A,126.54,43.8622,吉林市,哈达湾,,36,36,32,22,19,81,,71,68,14,13,10,11,1.0,0.9
2026-02-09T1100,1773A,126.5843,43.8358,吉林市,东局子,,35,34,31,24,23,68,,64,62,17,14,8,6,0.8,0.7
2026-02-09T1100,1774A,126.5051,43.8243,吉林市,电力学院,,28,26,30,19,22,82,,66,64,14,19,9,8,0.8,0.7
2026-02-09T1100,1775A,126.6133,43.8971,吉林市,江北,,38,38,32,21,20,76,,68,66,16,14,10,8,0.7,0.5
2026-02-09T1100,1776A,126.5549,43.8304,吉林市,江南公园,,35,35,30,23,22,72,,64,62,14,13,11,9,0.7,0.6
2026-02-09T1100,2868A,126.4737,43.953,吉林市,九站,,43,43,31,27,23,76,,69,69,16,17,8,6,0.9,0.8
2026-02-09T1100,1299A,116.9866,36.6118,济南市,科干所,颗粒物(PM10),53,56,73,27,40,86,,82,82,12,14,9,10,0.4,0.4
2026-02-09T1100,1300A,116.9379,36.6652,济南市,农科所,,,,76,40,44,75,,73,73,19,24,9,9,0.6,0.6
2026-02-09T1100,1301A,117.1265,36.6736,济南市,开发区,颗粒物(PM10),52,54,65,30,36,98,,94,94,23,26,6,6,0.5,0.5
2026-02-09T1100,1303A,117.0616,36.6865,济南市,省种子仓库,颗粒物(PM10),54,58,72,23,39,89,,83,83,17,22,6,7,0.4,0.5
2026-02-09T1100,1304A,116.9495185,36.644937,济南市,机床二厂,颗粒物(PM10),73,95,78,35,41,78,,78,77,20,20,10,11,0.5,0.5
2026-02-09T1100,1305A,117.0496,36.6629,济南市,市监测站,颗粒物(PM10),52,54,72,24,39,93,,88,88,14,17,6,7,0.5,0.6
2026-02-09T1100,1306A,116.7674,36.5458,济南市,长清党校,颗粒物(PM10),69,88,81,39,39,74,,71,71,27,25,10,7,0.6,0.6
2026-02-09T1100,1961A,117.5323,36.6865,济南市,东山小学,颗粒物(PM10),64,78,72,31,31,89,,81,81,16,19,7,6,0.5,0.5
2026-02-09T1100,3059A,117.7181,36.205,济南市,泰兴公司,颗粒物(PM10),62,73,94,40,53,77,,22,22,23,51,14,12,0.7,1
2026-02-09T1100,3064A,117.6861,36.2172,济南市,莱芜战役纪念馆,颗粒物(PM10),57,63,79,38,45,82,,28,28,23,44,16,15,0.7,0.9
2026-02-09T1100,3494A,117.1673,36.9782,济南市,济阳区政府,颗粒物(PM10),64,78,85,39,43,71,,41,37,25,36,9,9,0.6,0.7
2026-02-09T1100,3495A,117.1168,36.6299,济南市,锦屏中学,颗粒物(PM10),51,51,64,33,39,88,,85,85,16,17,6,5,0.3,0.4
2026-02-09T1100,4108A,117.7107,36.2385,济南市,山财大街5号,颗粒物(PM10),60,70,72,40,43,74,,39,39,32,46,17,16,1.0,1.2
2026-02-09T1100,4109A,116.9744,36.6889,济南市,无影山路12号,颗粒物(PM10),64,78,71,33,40,77,,74,74,14,16,8,8,0.4,0.4
2026-02-09T1100,1653A,116.6229,35.4288,济宁市,火炬城,细颗粒物(PM2.5),67,51,59,48,37,72,,58,57,16,18,4,2,0.4,0.4
2026-02-09T1100,3500A,116.5808,35.3703,济宁市,北湖一中,细颗粒物(PM2.5),52,50,57,36,33,70,,66,66,20,19,6,4,0.4,0.3
2026-02-09T1100,3501A,116.8251,35.5592,济宁市,服务中心,颗粒物(PM10),73,96,83,45,39,63,,48,48,17,19,6,6,0.5,0.4
2026-02-09T1100,3678A,116.5907,35.4054,济宁市,市第七中学,细颗粒物(PM2.5),64,65,63,46,37,75,,66,65,19,19,9,7,0.4,0.4
2026-02-09T1100,4111A,116.6075,35.4566,济宁市,任和路,颗粒物(PM10),60,69,72,38,37,74,,65,62,18,19,7,6,0.4,0.4
2026-02-09T1100,4112A,116.5648,35.3921,济宁市,文体南路1号,颗粒物(PM10),59,67,65,38,36,74,,71,71,17,15,6,4,0.5,0.4
2026-02-09T1100,2255A,130.2749,46.8028,佳木斯市,佳纺,,48,48,39,24,27,74,,54,54,7,12,5,5,0.6,0.6
2026-02-09T1100,2257A,130.3258,46.7975,佳木斯市,环保局,,48,48,35,21,25,70,,56,56,12,13,8,7,0.3,0.3
2026-02-09T1100,4285A,130.363,46.806,佳木斯市,顺和街,,43,43,35,20,27,66,,58,55,16,17,5,5,0.7,0.6
2026-02-09T1100,4286A,130.3952,46.8268,佳木斯市,长安路196号,,46,46,35,24,26,71,,57,57,12,16,6,6,0.4,0.4
2026-02-09T1100,1252A,120.7439,30.778,嘉兴市,清河小学,颗粒物(PM10),53,55,48,33,28,66,,38,38,19,32,8,7,0.5,0.6
2026-02-09T1100,1253A,120.7261,30.7477,嘉兴市,嘉兴学院,,47,47,44,31,29,67,,31,31,16,28,6,6,0.7,0.8
2026-02-09T1100,2872A,120.7845,30.7524,嘉兴市,南湖区残联,,46,40,42,32,29,76,,40,40,18,33,6,6,0.5,0.6
2026-02-09T1100,3407A,120.6915,30.7741,嘉兴市,秀洲住建,,50,50,44,33,25,72,,31,31,16,38,8,7,0.4,0.5
2026-02-09T1100,1945A,98.291,39.7705,嘉峪关市,气象局,颗粒物(PM10),309,427,299,82,76,78,,78,78,7,16,3,18,0.4,1
2026-02-09T1100,2884A,98.2672,39.7978,嘉峪关市,酒钢宾馆,颗粒物(PM10),262,393,304,83,75,79,,77,77,8,18,9,23,0.4,0.4
2026-02-09T1100,3248A,98.2644,39.7723,嘉峪关市,雄关区,颗粒物(PM10),194,337,250,92,89,79,,76,76,10,22,10,19,0.3,1
2026-02-09T1100,1383A,113.1063,22.6058,江门市,北街,,,45,39,23,21,,,56,54,50,25,/,/,/,/
2026-02-09T1100,1384A,113.073,22.5835,江门市,西区,颗粒物(PM10),51,52,44,24,21,57,,56,54,23,17,/,/,/,/
2026-02-09T1100,1385A,113.0218,22.531,江门市,圭峰西,,50,50,38,24,21,59,,58,54,21,18,/,/,/,/
2026-02-09T1100,1386A,113.0826,22.5947,江门市,东湖,,,39,36,25,22,58,,56,54,22,18,,8,0.4,0.4
2026-02-09T1100,3311A,113.1077,22.5647,江门市,江海富民,,46,46,39,26,22,60,,55,53,29,24,/,/,0.5,0.5
2026-02-09T1100,3449A,113.0496,22.4669,江门市,新会银湖,,43,43,37,23,22,58,,44,44,26,27,7,7,0.4,0.4
2026-02-09T1100,3335A,113.3137,35.2643,焦作市,马村街道办,细颗粒物(PM2.5),97,128,120,72,76,48,,41,37,31,26,15,9,1.0,0.7
2026-02-09T1100,3336A,113.2464,35.2374,焦作市,焦作技师学院,细颗粒物(PM2.5),109,126,99,82,66,48,,36,34,36,31,16,11,1.1,0.8
2026-02-09T1100,3477A,113.1656,35.2536,焦作市,中站许衡医院,细颗粒物(PM2.5),89,87,79,66,61,65,,54,52,20,18,16,13,1.0,0.8
2026-02-09T1100,3981A,113.2456,35.18,焦作市,原李万街道办,细颗粒物(PM2.5),124,157,112,94,73,42,,33,28,34,31,14,13,1.0,0.8
2026-02-09T1100,4264A,113.234,35.219,焦作市,新安路1731号,细颗粒物(PM2.5),109,121,121,82,69,54,,42,39,,28,16,10,1.1,0.8
2026-02-09T1100,4295A,113.2722,35.2121,焦作市,人民路3066号,细颗粒物(PM2.5),123,127,112,93,69,41,,27,26,39,33,14,10,1.2,0.9
2026-02-09T1100,1708A,116.3701,23.5345,揭阳市,新兴,,,,45,22,21,82,,72,72,15,17,7,7,0.5,0.6
2026-02-09T1100,1709A,116.3261,23.5442,揭阳市,西马,,40,40,46,23,21,83,,72,72,12,13,5,4,0.5,0.5
2026-02-09T1100,1710A,116.361,23.5627,揭阳市,东兴,颗粒物(PM10),57,64,44,24,23,81,,68,68,13,13,10,9,/,/
2026-02-09T1100,1711A,116.4151,23.5295,揭阳市,渔湖,颗粒物(PM10),51,52,43,24,23,92,,78,78,15,16,5,5,/,/
2026-02-09T1100,3320A,116.4028,23.5699,揭阳市,曲溪,,47,47,45,25,24,93,,76,76,6,9,5,6,0.4,0.5
2026-02-09T1100,1944A,102.1691,38.5166,金昌市,天庆家园,颗粒物(PM10),178,305,151,69,47,57,,55,55,19,15,34,42,0.6,0.5
2026-02-09T1100,4022A,102.1648,38.5369,金昌市,金川区人防中心,颗粒物(PM10),161,272,144,70,47,55,,54,54,22,14,51,41,0.5,0.5
2026-02-09T1100,4239A,102.193042,38.531887,金昌市,长春路96号,颗粒物(PM10),147,244,135,58,40,65,,57,57,11,10,31,37,0.7,0.7
2026-02-09T1100,1262A,119.6478,29.0773,金华市,十五中,,43,43,41,29,29,69,,51,51,14,18,3,2,0.6,0.5
2026-02-09T1100,1263A,119.6859,29.1032,金华市,监测站,,43,43,46,29,30,61,,33,33,23,28,4,3,0.6,0.5
2026-02-09T1100,3659A,119.656,29.1132,金华市,气象局,,42,42,44,28,27,59,,31,31,24,33,2,2,0.6,0.5
2026-02-09T1100,1767A,121.1114,41.0879,锦州市,南山,细颗粒物(PM2.5),127,112,68,96,48,34,,12,12,60,41,23,21,2.1,1.6
2026-02-09T1100,1768A,121.060361,40.842794,锦州市,开发区,颗粒物(PM10),98,146,70,69,33,28,,9,9,57,50,42,29,1.3,0.9
2026-02-09T1100,1769A,121.1836,41.1118,锦州市,百股街道,细颗粒物(PM2.5),127,122,59,96,43,25,,8,8,68,45,21,14,,1.3
2026-02-09T1100,1770A,121.1176,41.1224,锦州市,天安街道,细颗粒物(PM2.5),118,96,65,89,44,40,,11,11,53,43,21,14,2.0,1.5
2026-02-09T1100,1771A,121.1303,41.1385,锦州市,北湖公园,细颗粒物(PM2.5),103,93,56,77,37,44,,15,15,52,39,23,18,1.5,1
2026-02-09T1100,2160A,112.8496,35.5051,晋城市,自来水公司,颗粒物(PM10),85,120,86,51,41,28,,18,18,38,34,19,13,1.2,0.8
2026-02-09T1100,2162A,112.8509,35.4886,晋城市,市环保局,细颗粒物(PM2.5),69,72,68,50,45,34,,20,20,34,34,14,9,1.2,0.8
2026-02-09T1100,3620A,112.8258,35.4804,晋城市,泽州一中,细颗粒物(PM2.5),83,111,81,61,49,42,,30,26,32,25,9,7,1.0,0.7
2026-02-09T1100,4078A,112.8246,35.5152,晋城市,前书院路,颗粒物(PM10),77,104,92,53,40,37,,36,31,36,25,14,8,1.0,0.6
2026-02-09T1100,4079A,112.8864,35.4773,晋城市,祥云街666号,颗粒物(PM10),70,90,76,40,51,26,,34,24,48,32,16,12,0.8,0.6
2026-02-09T1100,2174A,112.6992,37.6984,晋中市,榆次区政府,颗粒物(PM10),62,73,58,30,25,23,,20,20,47,42,20,16,0.8,0.6
2026-02-09T1100,2865A,112.7195,37.683,晋中市,榆次三中,颗粒物(PM10),85,119,57,44,26,18,,14,14,50,41,15,16,0.9,0.5
2026-02-09T1100,4080A,112.7375,37.7215,晋中市,广安街188号,,,,69,36,31,18,,6,6,43,47,24,22,0.8,0.6
2026-02-09T1100,4200A,112.7478,37.6954,晋中市,迎宾街26号,颗粒物(PM10),69,88,49,35,25,20,,28,23,42,30,15,17,1.0,0.6
2026-02-09T1100,2439A,112.2012,31.048,荆门市,竹园小学,细颗粒物(PM2.5),64,55,85,46,55,66,,70,69,28,24,1,3,0.5,0.3
2026-02-09T1100,2440A,112.1968,30.9892,荆门市,掇刀,细颗粒物(PM2.5),64,55,84,46,62,75,,75,74,22,18,2,6,0.7,0.7
2026-02-09T1100,3012A,112.1849,31.0361,荆门市,西山林语,颗粒物(PM10),53,55,79,34,54,69,,68,68,19,20,1,3,0.5,0.5
2026-02-09T1100,3547A,112.1631,31.0134,荆门市,龙泉中学南校,细颗粒物(PM2.5),59,50,86,42,53,80,,76,76,17,18,3,6,0.6,0.4
2026-02-09T1100,4124A,112.2213,31.0654,荆门市,新台西路6号,细颗粒物(PM2.5),60,46,88,43,66,69,,65,65,26,26,8,13,0.5,0.5
2026-02-09T1100,1844A,112.2493,30.3198,荆州市,市图书馆,细颗粒物(PM2.5),64,46,66,46,53,62,,67,66,22,25,6,9,0.7,0.6
2026-02-09T1100,1845A,112.2009,30.3543,荆州市,市委党校,细颗粒物(PM2.5),67,49,72,48,58,62,,54,54,22,34,5,7,0.8,0.8
2026-02-09T1100,3194A,112.2749,30.3124,荆州市,管委会,,,,69,71,57,49,,55,55,,39,6,9,0.6,0.6
2026-02-09T1100,4268A,112.1722,30.3366,荆州市,学苑路85号,细颗粒物(PM2.5),59,42,61,42,53,73,,63,63,14,18,6,17,0.4,0.4
2026-02-09T1100,2343A,117.2114,29.2931,景德镇市,老干部活动中心,,28,28,38,14,23,63,,51,51,10,12,3,3,0.5,0.5
2026-02-09T1100,2344A,117.1893,29.2789,景德镇市,兽医站,,26,26,41,10,23,65,,52,52,12,13,4,4,0.4,0.5
2026-02-09T1100,2346A,117.246,29.2958,景德镇市,陶研所,,21,21,31,7,22,66,,39,39,8,11,4,4,0.4,0.5
2026-02-09T1100,4289A,117.154766,29.256967,景德镇市,青少年活动中心,,26,26,40,9,25,64,,51,51,11,15,3,4,/,/
2026-02-09T1100,1803A,115.9873,29.6816,九江市,十里,,,60,56,33,36,,,40,28,46,28,10,7,,0.8
2026-02-09T1100,1804A,115.9583,29.7047,九江市,茅山头,细颗粒物(PM2.5),79,,55,58,45,20,,39,27,44,22,7,6,0.8,0.6
2026-02-09T1100,1805A,115.9877,29.7295,九江市,西园,细颗粒物(PM2.5),77,60,57,56,44,33,,44,32,43,28,11,9,1.3,0.9
2026-02-09T1100,1808A,115.9112,29.6038,九江市,综合工业园,细颗粒物(PM2.5),69,66,56,50,34,18,,36,25,54,35,8,6,0.9,0.7
2026-02-09T1100,3190A,116.0254,29.6995,九江市,外国语学校,细颗粒物(PM2.5),74,,49,54,40,22,,35,26,42,27,8,5,1.1,0.7
2026-02-09T1100,4253A,116.010205,29.659402,九江市,莲花大道8号,细颗粒物(PM2.5),74,64,59,54,37,22,,41,30,40,16,9,5,1.0,0.6
2026-02-09T1100,4240A,98.495752,39.733935,酒泉市,玉门东路5号,颗粒物(PM10),358,466,280,90,71,62,,63,63,10,14,10,14,0.4,0.6
2026-02-09T1100,4241A,98.5099,39.7506,酒泉市,北大街108号,颗粒物(PM10),337,449,269,89,70,65,,63,63,5,11,10,13,0.3,0.5
2026-02-09T1100,2698A,76.0071,39.466,喀什地区,巡警大队,颗粒物(PM10),400,500,414,124,108,39,,50,47,39,32,6,6,0.9,0.9
2026-02-09T1100,2699A,75.9756,39.4693,喀什地区,吾办,颗粒物(PM10),332,445,389,126,110,46,,53,53,28,29,2,6,0.8,0.9
2026-02-09T1100,4027A,75.9485,39.4688,喀什地区,老干局,颗粒物(PM10),357,465,409,100,102,47,,52,52,23,24,5,6,0.7,0.9
2026-02-09T1100,1824A,114.3389,34.778,开封市,肿瘤医院,细颗粒物(PM2.5),83,84,91,61,65,65,,51,50,24,26,8,8,0.6,0.6
2026-02-09T1100,1826A,114.2884,34.7966,开封市,世纪星幼儿园,细颗粒物(PM2.5),75,81,84,55,64,60,,56,52,26,27,8,8,0.6,0.6
2026-02-09T1100,3147A,114.3434,34.8101,开封市,龙亭公园,细颗粒物(PM2.5),70,82,87,51,61,63,,54,52,23,25,8,8,0.7,0.6
2026-02-09T1100,3210A,114.3645,34.7955,开封市,汴京公园,颗粒物(PM10),69,87,93,46,56,65,,54,51,21,23,6,6,0.7,0.6
2026-02-09T1100,3473A,114.2485,34.8306,开封市,技师学院,细颗粒物(PM2.5),84,77,85,62,61,67,,67,64,23,22,8,8,0.9,0.8
2026-02-09T1100,3592A,114.4518,34.7503,开封市,祥符区生态环境局,,,97,102,56,65,,,47,40,,31,6,5,0.8,0.8
2026-02-09T1100,1951A,84.886,45.6029,克拉玛依市,长征新村,,,67,62,,35,70,,73,72,15,12,4,4,0.6,0.7
2026-02-09T1100,1952A,84.8894,45.5827,克拉玛依市,南林小区,颗粒物(PM10),59,67,63,27,33,70,,74,73,12,11,1,2,0.6,0.7
2026-02-09T1100,1954A,84.896,44.3328,克拉玛依市,独山子区,细颗粒物(PM2.5),144,137,58,110,32,40,,65,54,27,20,3,3,1.3,0.7
2026-02-09T1100,1955A,85.6888,46.0909,克拉玛依市,乌尔禾区商贸楼,颗粒物(PM10),52,54,61,29,35,73,,73,73,9,11,6,7,0.6,0.7
2026-02-09T1100,3612A,85.1045,45.6895,克拉玛依市,白碱滩区新站,颗粒物(PM10),58,66,54,33,40,69,,76,75,17,18,9,8,0.6,0.7
2026-02-09T1100,2697A,76.1457,39.7143,克孜勒苏柯尔克孜自治州,市人民政府,颗粒物(PM10),338,450,381,89,87,35,,60,53,28,13,3,4,0.6,0.4
2026-02-09T1100,3665A,76.1654,39.7157,克孜勒苏柯尔克孜自治州,克州文化中心,颗粒物(PM10),427,527,384,121,99,58,,62,61,20,11,4,5,0.8,0.6
2026-02-09T1100,1450A,102.8203,24.889,昆明市,呈贡新区,,43,41,35,30,26,53,,33,33,17,18,5,4,0.6,0.7
2026-02-09T1100,1452A,102.7253,25.0904,昆明市,龙泉镇,细颗粒物(PM2.5),65,57,42,47,33,60,,22,22,17,23,4,3,0.7,0.9
2026-02-09T1100,1453A,102.7267,25.0378,昆明市,东风东路,细颗粒物(PM2.5),62,,51,44,33,63,,33,33,19,25,8,6,0.7,0.8
2026-02-09T1100,1454A,102.6744,25.0671,昆明市,金鼎山,细颗粒物(PM2.5),64,65,53,46,33,53,,37,37,18,22,7,6,0.9,1
2026-02-09T1100,1455A,102.6643,25.0401,昆明市,碧鸡广场,细颗粒物(PM2.5),84,,50,62,34,56,,26,26,19,29,6,4,0.9,0.9
2026-02-09T1100,3179A,102.7491,25.012,昆明市,官渡区博物馆,,46,33,46,32,32,68,,29,29,13,30,5,3,0.7,0.9
2026-02-09T1100,3375A,102.8016,24.8336,昆明市,青年创业园,,33,31,41,23,23,72,,20,20,6,18,5,4,0.7,0.8
2026-02-09T1100,3550A,102.8,24.9787,昆明市,昆明学院,,46,34,50,32,30,66,,34,34,10,21,4,4,0.8,1
2026-02-09T1100,3551A,102.5969,24.6738,昆明市,晋宁区生态环境分局,,46,,43,32,32,71,,47,45,9,11,1,1,0.6,0.7
2026-02-09T1100,3552A,102.6673,24.9861,昆明市,云天化总部,,45,40,50,31,33,71,,22,22,14,27,6,5,0.6,0.8
2026-02-09T1100,1456A,91.132,29.6515,拉萨市,八廓街,,23,18,14,15,9,72,,74,72,8,10,6,7,0.5,0.5
2026-02-09T1100,1457A,91.1221,29.6748,拉萨市,市环保局,,20,11,22,7,12,64,,66,66,14,16,6,7,0.4,0.5
2026-02-09T1100,1458A,91.0874,29.6476,拉萨市,区监测站,,21,7,10,3,6,67,,69,66,12,15,4,4,0.6,0.6
2026-02-09T1100,1459A,91.1774,29.6541,拉萨市,西藏大学,,21,11,13,7,7,65,,67,65,9,10,3,4,0.2,0.3
2026-02-09T1100,1460A,90.9798,29.6586,拉萨市,区辐射站,,30,30,21,17,13,48,,35,32,29,26,4,4,0.5,0.5
2026-02-09T1100,1461A,91.0831,29.6292,拉萨市,拉萨火车站,,18,13,11,8,7,57,,54,48,21,15,4,4,0.5,0.5
2026-02-09T1100,2520A,109.2203,23.7252,来宾市,来宾技工学校,细颗粒物(PM2.5),52,39,38,36,28,37,,47,43,14,11,4,5,0.9,0.8
2026-02-09T1100,3535A,109.1781,23.7293,来宾市,兴宾区政府,细颗粒物(PM2.5),58,51,40,41,29,40,,53,49,16,13,4,5,0.9,0.8
2026-02-09T1100,4002A,109.2312,23.7428,来宾市,中南小学,细颗粒物(PM2.5),62,,38,44,29,36,,46,42,18,14,4,5,1.0,0.8
2026-02-09T1100,1479A,103.8309,36.0467,兰州市,铁路设计院,,,,,,,,,,,,,,,,
2026-02-09T1100,3241A,103.7439,36.0841,兰州市,百合公园,细颗粒物(PM2.5),100,107,94,75,61,21,,12,10,50,51,36,18,1.6,1.2
2026-02-09T1100,3242A,103.9613,35.9985,兰州市,和平,细颗粒物(PM2.5),78,104,85,57,43,31,,36,34,36,28,23,12,1.7,0.8
2026-02-09T1100,4236A,103.629272,36.093822,兰州市,庄浪东路808号,细颗粒物(PM2.5),90,106,93,67,53,35,,34,29,38,40,68,26,1.4,0.8
2026-02-09T1100,4237A,103.7251,36.104344,兰州市,安宁西路88号,颗粒物(PM10),94,138,109,67,59,32,,11,10,43,50,56,22,1.3,0.8
2026-02-09T1100,4238A,103.846982,36.067567,兰州市,北滨河东路1号,细颗粒物(PM2.5),82,102,95,60,58,16,,4,4,56,65,23,14,2.1,1.2
2026-02-09T1100,1067A,116.6712,39.5109,廊坊市,药材公司,细颗粒物(PM2.5),137,138,88,104,65,38,,14,14,33,37,6,7,0.8,0.7
2026-02-09T1100,1068A,116.7215,39.5592,廊坊市,开发区,细颗粒物(PM2.5),134,151,86,102,61,32,,8,8,51,50,9,5,0.9,0.8
2026-02-09T1100,1070A,116.7246,39.5273,廊坊市,北华航天学院,细颗粒物(PM2.5),143,141,92,109,66,40,,9,9,42,48,,9,0.7,0.7
2026-02-09T1100,2919A,116.7022,39.5454,廊坊市,河北工业大学,细颗粒物(PM2.5),129,146,92,98,61,39,,11,11,39,41,8,7,0.7,0.7
2026-02-09T1100,2536A,103.7629,29.5844,乐山市,牛耳桥,,42,38,42,29,31,41,,41,38,21,23,4,4,0.6,0.5
2026-02-09T1100,2537A,103.7501,29.6002,乐山市,市第三水厂,,39,39,54,26,29,44,,41,40,20,26,3,2,0.8,0.6
2026-02-09T1100,2538A,103.7571,29.5664,乐山市,市监测站,,36,36,48,24,28,41,,41,39,16,18,6,5,0.8,0.7
2026-02-09T1100,3361A,103.7313,29.563,乐山市,理工大学,,39,36,47,27,26,39,,38,37,16,16,1,2,1.1,0.9
2026-02-09T1100,2599A,100.2497,26.8802,丽江市,丽江古城,,28,28,24,7,8,81,,76,74,10,9,6,6,0.4,0.4
2026-02-09T1100,2600A,100.2203,26.8906,丽江市,市中心,,27,20,14,7,10,84,,79,78,11,9,6,5,0.4,0.3
2026-02-09T1100,1267A,119.9141,28.4513,丽水市,监测站大楼,,,33,32,25,25,67,,39,39,,16,5,5,0.4,0.4
2026-02-09T1100,1268A,119.93,28.4589,丽水市,莲都小学,,32,29,31,22,22,73,,46,46,8,12,/,/,/,/
2026-02-09T1100,1269A,119.8794,28.4232,丽水市,余庄前,,38,33,31,26,23,61,,26,26,11,10,4,4,0.3,0.3
2026-02-09T1100,1173A,119.1759,34.5885,连云港市,市环境监测站,"颗粒物(PM10),细颗粒物(PM2.5)",52,53,49,36,33,58,,48,48,29,31,14,13,0.6,0.6
2026-02-09T1100,3000A,119.3577,34.6971,连云港市,德源药业,颗粒物(PM10),58,66,66,31,30,54,,48,48,22,32,7,8,1.2,1.1
2026-02-09T1100,3007A,119.178,34.8442,连云港市,新城一中,颗粒物(PM10),54,57,61,28,40,60,,32,32,36,42,11,11,0.3,0.3
2026-02-09T1100,3008A,119.3607,34.7519,连云港市,胡沟管理处,,42,41,43,29,26,71,,64,64,14,23,8,8,1.1,1
2026-02-09T1100,3009A,119.1478,34.5913,连云港市,矿山设计院,,44,44,47,27,25,60,,54,53,22,21,10,12,0.9,0.8
2026-02-09T1100,3434A,119.2414,34.6539,连云港市,工贸学校,,48,48,49,32,29,58,,62,60,26,16,12,13,0.6,0.6
2026-02-09T1100,3664A,119.4171,34.734,连云港市,连云街道,,50,50,50,28,27,78,,74,74,18,18,10,9,0.7,0.6
2026-02-09T1100,2573A,102.2629,27.8981,凉山彝族自治州,西昌市政府,,46,32,28,32,25,38,,32,28,28,19,9,8,1.2,1.1
2026-02-09T1100,2574A,102.2686,27.885,凉山彝族自治州,凉山州政府,,43,40,28,30,21,36,,34,30,27,19,11,9,1.2,1.1
2026-02-09T1100,4229A,102.2342,27.8859,凉山彝族自治州,凯乐南路30号,颗粒物(PM10),57,63,29,25,16,35,,35,30,25,18,12,9,1.2,0.8
2026-02-09T1100,2212A,123.1978,41.2036,辽阳市,宏伟区,颗粒物(PM10),55,59,43,32,17,68,,64,64,8,11,8,10,0.7,0.8
2026-02-09T1100,2213A,123.1684,41.2497,辽阳市,新华园,颗粒物(PM10),57,63,45,31,20,64,,61,61,16,20,9,10,0.6,0.7
2026-02-09T1100,2214A,123.2355,41.2663,辽阳市,滨河路,颗粒物(PM10),54,57,38,34,18,54,,64,62,23,14,12,22,0.8,0.8
2026-02-09T1100,4083A,123.153,41.2874,辽阳市,铁西路150号,颗粒物(PM10),74,97,54,39,24,53,,52,52,20,19,10,11,0.8,0.8
2026-02-09T1100,2227A,125.1359,42.8845,辽源市,环保局,,,75,56,24,33,,,27,27,17,32,8,7,1.0,1
2026-02-09T1100,4085A,125.0998,42.9134,辽源市,安宁大街333号,颗粒物(PM10),60,70,45,21,21,81,,57,57,13,25,8,8,0.6,0.7
2026-02-09T1100,1625A,115.9789,36.4372,聊城市,区政府,,,89,97,36,55,62,,60,59,,21,,14,0.7,0.7
2026-02-09T1100,3200A,115.9772,36.4986,聊城市,监控中心,颗粒物(PM10),72,94,103,39,53,79,,71,71,22,24,12,12,0.8,0.8
2026-02-09T1100,3513A,116.0443,36.436,聊城市,九州社区,颗粒物(PM10),72,94,102,39,54,83,,70,70,9,11,6,5,0.6,0.6
2026-02-09T1100,4018A,116.0564,36.4609,聊城市,星美广场,颗粒物(PM10),80,109,107,39,55,76,,62,62,12,14,4,4,0.5,0.6
2026-02-09T1100,4113A,116.0091,36.4495,聊城市,利民路,,,90,92,36,52,,,53,53,21,21,12,11,0.8,0.8
2026-02-09T1100,2632A,94.3683,29.6373,林芝市,林芝监测站,,24,8,8,3,8,75,,70,70,1,2,5,5,0.4,0.5
2026-02-09T1100,2633A,94.3616,29.6634,林芝市,林芝人民医院,,23,12,14,3,10,72,,69,69,2,3,6,6,0.4,0.5
2026-02-09T1100,2603A,100.0779,23.8981,临沧市,市环保局,,50,50,40,35,26,41,,36,31,18,13,7,6,0.8,0.7
2026-02-09T1100,2604A,100.0894,23.882,临沧市,市气象局,颗粒物(PM10),55,60,50,38,32,40,,36,29,18,13,14,6,0.7,0.6
2026-02-09T1100,1733A,111.5552,36.0791,临汾市,临钢医院,细颗粒物(PM2.5),73,79,67,53,44,18,,15,15,35,33,11,9,1.2,1
2026-02-09T1100,1734A,111.4984,36.0734,临汾市,技工学校,细颗粒物(PM2.5),68,71,54,49,39,29,,22,22,39,36,11,9,1.0,0.9
2026-02-09T1100,1736A,111.5017,36.0857,临汾市,市委,,,,56,,34,,,19,18,,34,,10,,0.9
2026-02-09T1100,3018A,111.5048,36.1015,临汾市,唐尧大酒店,颗粒物(PM10),70,90,70,41,32,25,,14,14,42,43,16,12,1.3,1.1
2026-02-09T1100,4244A,111.4879,36.053,临汾市,启星学校,细颗粒物(PM2.5),69,81,66,50,43,16,,13,13,42,43,11,10,1.1,1.1
2026-02-09T1100,4271A,103.2464,35.6123,临夏回族自治州,滨河东路1号,细颗粒物(PM2.5),92,121,109,68,66,41,,22,22,30,22,10,8,1.4,1.2
2026-02-09T1100,4310A,103.207136,35.599807,临夏回族自治州,新华街21号,细颗粒物(PM2.5),124,139,133,94,80,30,,25,25,41,26,10,9,1.8,1.2
2026-02-09T1100,1618A,118.3429,35.0532,临沂市,沂河小区,,,66,78,36,45,61,,37,37,,33,,18,0.5,0.5
2026-02-09T1100,1619A,118.2962,35.0568,临沂市,鲁南制药厂,颗粒物(PM10),60,70,83,42,51,57,,35,35,33,41,21,25,0.5,0.5
2026-02-09T1100,1620A,118.2793,34.9976,临沂市,新光毛纺厂,细颗粒物(PM2.5),62,66,75,44,50,59,,29,29,27,35,16,20,0.6,0.6
2026-02-09T1100,1621A,118.3955,35.0889,临沂市,河东保险公司,细颗粒物(PM2.5),64,75,68,46,44,67,,50,50,31,30,20,16,0.8,0.7
2026-02-09T1100,3370A,118.3563,35.0215,临沂市,十里堡居委,颗粒物(PM10),56,61,80,36,48,69,,36,36,26,39,18,21,0.6,0.7
2026-02-09T1100,3496A,118.359,35.1067,临沂市,南坊新区,"颗粒物(PM10),细颗粒物(PM2.5)",58,66,68,41,38,69,,52,52,28,28,18,16,0.4,0.4
2026-02-09T1100,3860A,118.3915,35.0297,临沂市,皇山花园小区,颗粒物(PM10),58,66,75,37,48,68,,36,36,29,40,21,20,0.7,0.7
2026-02-09T1100,1870A,109.4854,24.3898,柳州市,柳东小学,细颗粒物(PM2.5),52,43,39,36,28,43,,56,49,8,8,7,7,0.7,0.6
2026-02-09T1100,1871A,109.4109,24.3304,柳州市,环保监测站,,46,40,38,32,26,36,,57,50,25,15,5,4,0.9,0.7
2026-02-09T1100,1872A,109.3886,24.3408,柳州市,河西水厂,颗粒物(PM10),54,58,40,33,27,39,,62,53,20,14,5,6,0.5,0.5
2026-02-09T1100,1873A,109.4263,24.2951,柳州市,市四中,,48,34,33,33,28,36,,54,49,21,13,7,6,1.0,0.8
2026-02-09T1100,1874A,109.396,24.3658,柳州市,市九中,细颗粒物(PM2.5),53,,35,37,28,37,,54,47,19,11,10,8,1.0,0.7
2026-02-09T1100,1875A,109.4912,24.3164,柳州市,古亭山,,48,,29,33,28,43,,49,48,9,11,6,6,0.7,0.6
2026-02-09T1100,3402A,109.5422,24.3994,柳州市,市二中,,42,,31,29,27,39,,55,48,15,14,9,9,0.4,0.4
2026-02-09T1100,2307A,116.5078,31.7369,六安市,监测大楼,,36,36,44,22,27,64,,54,52,17,14,4,4,0.4,0.4
2026-02-09T1100,2308A,116.4738,31.7642,六安市,皖西学院,,39,39,51,23,26,71,,64,63,18,15,5,6,0.4,0.4
2026-02-09T1100,2309A,116.4997,31.7904,六安市,朝阳厂,,29,23,44,20,26,68,,60,60,22,19,8,6,0.4,0.4
2026-02-09T1100,2310A,116.5566,31.7885,六安市,开发区,,43,43,51,21,32,69,,54,54,13,14,6,6,0.3,0.3
2026-02-09T1100,2577A,104.8293,26.592,六盘水市,黄土坡,细颗粒物(PM2.5),74,75,33,54,26,20,,42,33,30,17,7,6,1.7,1
2026-02-09T1100,2579A,104.8481,26.5898,六盘水市,民中,细颗粒物(PM2.5),64,59,32,46,26,18,,42,33,24,14,4,4,1.4,0.9
2026-02-09T1100,2580A,104.9541,26.5506,六盘水市,双水,,,39,27,23,17,,,51,43,20,11,4,3,,0.6
2026-02-09T1100,4151A,104.8899,26.5685,六盘水市,钟山大道中段564号,颗粒物(PM10),54,58,32,31,21,23,,46,37,16,10,8,5,1.1,0.7
2026-02-09T1100,2336A,117.022,25.1031,龙岩市,龙岩市监测站,,32,29,25,22,15,70,,65,63,9,8,8,9,0.6,0.6
2026-02-09T1100,2337A,117.0257,25.0662,龙岩市,闽西职业技术学院,,35,35,27,19,16,69,,44,44,11,11,7,6,0.6,0.5
2026-02-09T1100,2338A,117.0195,25.0306,龙岩市,龙岩学院,,42,42,26,28,15,56,,45,43,19,10,5,4,/,/
2026-02-09T1100,2885A,104.9344,33.3827,陇南市,滨江中学,,48,48,48,11,14,51,,62,56,15,9,6,4,0.8,0.7
2026-02-09T1100,3247A,104.9551,33.3709,陇南市,市总工会,,41,41,41,15,14,52,,59,53,15,10,4,2,0.8,0.7
2026-02-09T1100,2488A,111.9984,27.7346,娄底市,市监测站,细颗粒物(PM2.5),84,68,72,62,51,55,,74,67,19,13,12,7,0.8,0.7
2026-02-09T1100,2491A,111.9888,27.7035,娄底市,市政府,细颗粒物(PM2.5),69,64,66,50,40,57,,68,65,16,10,4,4,0.3,0.3
2026-02-09T1100,4127A,111.9812,27.7591,娄底市,涟钢职大,颗粒物(PM10),52,53,67,34,41,53,,69,66,17,13,3,6,0.8,0.6
2026-02-09T1100,4128A,112.0303,27.7457,娄底市,娄底体校,细颗粒物(PM2.5),79,,70,58,50,46,,57,55,13,8,2,2,0.3,0.3
2026-02-09T1100,1894A,105.4427,28.9063,泸州市,小市上码头,,39,34,36,27,28,24,,42,41,20,15,4,4,0.8,0.8
2026-02-09T1100,1895A,105.4241,28.8573,泸州市,兰田宪桥,,39,31,27,27,28,25,,38,36,19,16,7,7,0.6,0.8
2026-02-09T1100,1896A,105.4378,28.8833,泸州市,市环监站,,42,42,43,23,24,22,,35,34,19,16,6,6,0.7,0.7
2026-02-09T1100,4272A,105.3689,28.7783,泸州市,纳溪中医医院,,38,37,43,26,36,27,,36,32,16,13,8,7,0.8,0.8
2026-02-09T1100,2183A,111.1447,37.5212,吕梁市,环保局,,,,60,,18,25,,8,8,,46,,16,0.6,0.7
2026-02-09T1100,2185A,111.1285,37.5338,吕梁市,自来水公司,颗粒物(PM10),62,74,75,25,22,22,,6,6,34,38,37,17,0.4,0.5
2026-02-09T1100,2867A,111.1225,37.5093,吕梁市,马茂庄小学,颗粒物(PM10),67,84,67,20,22,20,,7,7,37,45,44,21,0.5,0.5
2026-02-09T1100,1812A,112.3934,34.6517,洛阳市,市委党校,,,,83,,60,51,,35,35,26,33,,10,0.9,0.8
2026-02-09T1100,1815A,112.494,34.6883,洛阳市,河南林校,细颗粒物(PM2.5),95,112,93,71,54,49,,18,18,46,53,15,12,0.8,0.7
2026-02-09T1100,1816A,112.3843,34.623,洛阳市,开发区管委会,细颗粒物(PM2.5),88,110,94,65,49,60,,55,50,29,23,13,12,0.7,0.6
2026-02-09T1100,1817A,112.4263,34.6249,洛阳市,市委新办公区,细颗粒物(PM2.5),77,101,88,56,56,53,,49,49,35,30,11,10,0.7,0.6
2026-02-09T1100,3340A,112.6005,34.6323,洛阳市,伊滨,细颗粒物(PM2.5),92,120,103,68,59,53,,19,19,35,42,12,10,1.0,0.8
2026-02-09T1100,3341A,112.495,34.6338,洛阳市,中移产业园,细颗粒物(PM2.5),102,102,91,76,64,47,,21,21,54,45,13,12,0.8,0.8
2026-02-09T1100,3593A,112.5736,34.8993,洛阳市,吉利监测站,细颗粒物(PM2.5),117,120,87,88,61,42,,19,19,51,42,19,12,1.0,0.8
2026-02-09T1100,3635A,112.3678,34.6623,洛阳市,河科大西苑校区,,,90,85,63,56,,,39,39,24,30,,10,0.9,0.8
2026-02-09T1100,3636A,112.4387,34.678,洛阳市,英才小学,细颗粒物(PM2.5),84,93,90,62,58,59,,34,34,39,49,13,12,0.9,0.9
2026-02-09T1100,4214A,112.460027,34.694929,洛阳市,春都路1号院,细颗粒物(PM2.5),90,111,95,67,55,48,,29,29,39,41,11,10,0.8,0.7
2026-02-09T1100,2399A,114.051,33.5721,漯河市,三五一五工厂,,,113,105,64,61,47,,52,46,27,24,,6,,0.7
2026-02-09T1100,2400A,114.0055,33.5698,漯河市,漯河大学,细颗粒物(PM2.5),79,91,82,58,54,47,,65,56,29,20,7,7,0.8,0.6
2026-02-09T1100,2401A,114.0134,33.5826,漯河市,市水利局,细颗粒物(PM2.5),90,102,89,67,55,38,,52,43,32,25,7,6,0.7,0.5
2026-02-09T1100,2402A,114.0261,33.5697,漯河市,市广电局,细颗粒物(PM2.5),88,100,87,65,58,40,,49,42,26,21,8,7,0.6,0.5
2026-02-09T1100,3478A,113.9691,33.568,漯河市,市图书馆,,,,96,65,52,37,,54,47,,23,8,8,,0.5
2026-02-09T1100,4250A,114.089259,33.588274,漯河市,韶山路11号,细颗粒物(PM2.5),87,107,103,64,59,44,,44,36,29,28,7,7,0.7,0.5
2026-02-09T1100,1798A,118.5084,31.6838,马鞍山市,湖东路四小,,44,44,40,20,22,68,,53,53,19,24,3,3,0.3,0.3
2026-02-09T1100,1799A,118.5019,31.6449,马鞍山市,开发区,,39,39,46,22,25,72,,49,49,19,31,4,4,0.6,0.6
2026-02-09T1100,3633A,118.4914,31.681,马鞍山市,雨山,,,41,41,22,22,,,54,54,20,24,3,4,0.5,0.5
2026-02-09T1100,4191A,118.527362,31.722269,马鞍山市,慈湖高新区,,44,44,39,23,20,63,,46,46,28,31,5,5,0.4,0.5
2026-02-09T1100,1686A,111.0285,21.469,茂名市,电白南海,颗粒物(PM10),59,68,54,23,21,66,,69,64,18,15,9,9,0.6,0.8
2026-02-09T1100,1687A,110.9294,21.6533,茂名市,茂石化七小,,,66,47,29,21,61,,64,61,16,14,,5,0.5,0.6
2026-02-09T1100,1688A,110.9108,21.6688,茂名市,健康路,颗粒物(PM10),54,58,40,27,22,71,,72,68,18,15,4,6,0.7,0.7
2026-02-09T1100,1689A,110.8592,21.6826,茂名市,高岭,颗粒物(PM10),65,80,56,27,25,65,,60,58,20,14,6,6,/,/
2026-02-09T1100,3450A,111.0101,21.5165,茂名市,电白水东,颗粒物(PM10),60,70,47,23,21,73,,67,64,17,16,8,8,/,/
2026-02-09T1100,2540A,103.8414,30.0871,眉山市,气象局,,36,36,50,25,29,30,,30,27,15,22,14,11,0.8,0.7
2026-02-09T1100,3148A,103.829,30.0563,眉山市,区人社局,,,39,50,28,30,28,,29,25,14,22,,8,0.7,0.6
2026-02-09T1100,4148A,103.8836,30.0695,眉山市,眉职院,,25,25,51,12,32,29,,28,26,12,15,5,4,0.8,0.7
2026-02-09T1100,1690A,116.1248,24.3307,梅州市,梅江月梅,,40,40,27,22,14,68,,38,38,12,15,/,/,/,/
2026-02-09T1100,1691A,116.0798,24.2719,梅州市,梅县新城,,50,50,29,29,17,61,,26,26,17,18,8,7,0.6,0.6
2026-02-09T1100,3315A,116.1234,24.2994,梅州市,梅龙,,39,39,29,25,16,57,,34,34,12,13,8,8,0.5,0.5
2026-02-09T1100,1878A,104.7775,31.4741,绵阳市,富乐山,,32,,43,22,31,50,,47,46,11,9,8,8,0.6,0.7
2026-02-09T1100,1880A,104.6698,31.4668,绵阳市,高新区自来水公司,,29,27,43,20,30,34,,47,41,27,15,7,7,0.9,0.8
2026-02-09T1100,3491A,104.6899,31.5324,绵阳市,西科大附属小学,,25,25,45,17,29,37,,45,38,24,15,8,8,0.9,0.8
2026-02-09T1100,3492A,104.5647,31.5343,绵阳市,安州区旅游局,,38,38,43,23,29,54,,47,45,12,12,12,13,0.4,0.5
2026-02-09T1100,4146A,104.7092,31.4972,绵阳市,科技城新区公安局,,22,20,42,15,25,40,,48,40,26,19,5,5,0.7,0.7
2026-02-09T1100,4226A,104.765114,31.453094,绵阳市,绵阳市气象局,,32,23,39,22,30,48,,51,49,14,8,8,9,0.7,0.7
2026-02-09T1100,1784A,129.61,44.561,牡丹江市,环保大楼,,42,31,37,29,21,68,,51,47,19,18,8,5,0.5,0.4
2026-02-09T1100,1787A,129.6364,44.6075,牡丹江市,机车工厂,,50,50,38,32,22,65,,38,34,20,24,9,7,0.6,0.5
2026-02-09T1100,1788A,129.6386,44.5462,牡丹江市,第一中学,,50,35,28,35,22,64,,46,39,17,21,8,5,0.6,0.4
2026-02-09T1100,4287A,129.5992,44.5964,牡丹江市,东晓云街98号,颗粒物(PM10),52,53,53,33,30,57,,40,36,27,25,8,6,0.7,0.8
2026-02-09T1100,2531A,105.0703,29.61,内江市,市监测站,细颗粒物(PM2.5),63,52,41,45,34,32,,39,36,23,20,5,5,0.6,0.6
2026-02-09T1100,2533A,105.0657,29.5807,内江市,内江二中,"颗粒物(PM10),细颗粒物(PM2.5)",62,73,47,44,31,19,,29,24,28,20,7,6,0.5,0.5
2026-02-09T1100,2534A,105.0407,29.5828,内江市,内江日报社,"颗粒物(PM10),细颗粒物(PM2.5)",55,59,41,39,30,18,,29,25,28,25,7,6,0.4,0.3
2026-02-09T1100,4147A,105.0433,29.6105,内江市,玉峰路西段888号,细颗粒物(PM2.5),59,53,39,42,32,25,,32,30,24,21,5,4,0.5,0.5
2026-02-09T1100,2628A,92.0653,31.4846,那曲市,那曲监测站,细颗粒物(PM2.5),94,88,35,70,29,44,,38,33,32,18,25,12,1.3,1.1
2026-02-09T1100,4243A,92.0515,31.4787,那曲市,那曲市委宣传部,细颗粒物(PM2.5),90,,24,67,19,40,,49,38,27,8,18,9,1.6,0.7
2026-02-09T1100,1291A,115.8887,28.7006,南昌市,省林业公司,,,,63,,37,,,45,,,17,,5,,0.5
2026-02-09T1100,1292A,115.813,28.7443,南昌市,林科所,,48,48,55,32,32,61,,56,52,18,18,9,9,0.2,0.3
2026-02-09T1100,1294A,115.8518,28.687,南昌市,建工学校,,50,50,60,35,34,52,,54,51,25,20,10,10,0.6,0.6
2026-02-09T1100,1295A,115.8926,28.6425,南昌市,象湖,细颗粒物(PM2.5),52,46,58,36,38,58,,51,50,22,19,11,9,0.8,0.7
2026-02-09T1100,3046A,115.9084,28.6062,南昌市,机电学校,,50,49,70,35,38,61,,54,51,23,21,7,5,0.6,0.5
2026-02-09T1100,3690A,115.9718,28.7032,南昌市,外国语学校,,49,46,64,34,38,66,,52,52,18,20,13,13,0.6,0.6
2026-02-09T1100,4106A,115.7923,28.6873,南昌市,工业二路,细颗粒物(PM2.5),52,52,68,36,36,63,,60,58,21,17,5,5,0.6,0.6
2026-02-09T1100,4192A,115.931587,28.686774,南昌市,南京东路235号,细颗粒物(PM2.5),52,50,60,36,36,60,,52,52,17,17,6,6,0.5,0.4
2026-02-09T1100,1906A,106.0791,30.8022,南充市,南充市委,细颗粒物(PM2.5),53,50,50,37,35,32,,34,28,19,20,3,3,0.6,0.5
2026-02-09T1100,1907A,106.1038,30.8215,南充市,南充炼油厂,,50,47,55,35,32,34,,42,35,13,14,4,4,0.7,0.6
2026-02-09T1100,4227A,106.108336,30.788436,南充市,梨树横街98号,细颗粒物(PM2.5),54,52,52,38,36,37,,46,41,13,15,6,6,0.4,0.4
2026-02-09T1100,4304A,106.1172,30.843,南充市,清泉寺北路188号,,49,,43,34,32,40,,48,39,10,13,3,3,0.5,0.5
2026-02-09T1100,4305A,106.067,30.7616,南充市,同庆路1号,,,54,46,26,33,20,,37,29,,22,6,5,0.9,0.6
2026-02-09T1100,1151A,118.8033,32.1085,南京市,迈皋桥,,28,24,28,19,17,68,,47,47,20,26,6,7,0.4,0.3
2026-02-09T1100,1152A,118.7487,32.057,南京市,草场门,,31,31,32,19,18,47,,37,37,25,27,6,6,0.5,0.6
2026-02-09T1100,1154A,118.770105,32.004342,南京市,中华门,,29,29,31,11,12,68,,48,48,18,15,5,4,0.4,0.5
2026-02-09T1100,1155A,118.8059,32.0329,南京市,瑞金路,,27,27,30,14,14,66,,44,44,18,27,3,4,0.2,0.2
2026-02-09T1100,1156A,118.7946,32.0774,南京市,玄武湖,,35,35,29,16,16,71,,59,59,17,18,1,1,0.2,0.2
2026-02-09T1100,1157A,118.6415,32.0964,南京市,浦口,,35,35,33,12,11,61,,46,46,26,26,5,5,0.4,0.4
2026-02-09T1100,1158A,118.730129,32.000956,南京市,奥体中心,,29,29,34,12,12,71,,51,51,22,25,6,6,0.3,0.4
2026-02-09T1100,1159A,118.9072,32.1047,南京市,仙林大学城,,34,34,31,15,11,68,,,,18,20,6,5,0.4,0.4
2026-02-09T1100,3422A,118.8443,31.919,南京市,江宁彩虹桥,,43,43,35,10,13,79,,47,47,18,33,4,4,0.6,0.6
2026-02-09T1100,3427A,118.8497,32.3599,南京市,六合雄州,,32,32,34,14,15,60,,30,30,26,40,1,2,0.4,0.4
2026-02-09T1100,4086A,118.7641,32.0841,南京市,新模范马路66号,,39,39,34,15,8,86,,69,69,21,21,4,4,0.3,0.4
2026-02-09T1100,4249A,118.8707617,31.34017673,南京市,汶溪路181号,,31,31,38,16,16,66,,48,48,22,24,6,6,0.5,0.5
2026-02-09T1100,4312A,119.019,31.6512,南京市,中山西路1号,,39,39,29,12,12,61,,39,39,21,24,3,4,0.6,0.6
2026-02-09T1100,1401A,108.3098,22.788,南宁市,二十一中,,49,34,21,34,22,33,,42,37,24,19,4,4,0.6,0.6
2026-02-09T1100,1402A,108.3135,22.8529,南宁市,北湖,,49,35,25,34,23,28,,36,33,24,17,2,4,0.5,0.5
2026-02-09T1100,1403A,108.3205,22.8222,南宁市,市监测站,,46,,23,32,20,32,,40,35,24,18,6,6,0.7,0.7
2026-02-09T1100,1404A,108.3828,22.8038,南宁市,大自然花园,,43,33,24,30,19,39,,48,42,17,15,5,5,0.6,0.6
2026-02-09T1100,1406A,108.2397,22.8462,南宁市,区农职院,,32,27,23,22,18,33,,38,37,18,15,4,4,0.9,0.9
2026-02-09T1100,1407A,108.3285,22.7356,南宁市,英华嘉园,,49,37,24,34,21,38,,44,39,14,12,3,3,0.5,0.5
2026-02-09T1100,3401A,108.4829,22.762,南宁市,红星社区,,46,,23,32,20,40,,50,44,9,8,4,4,0.6,0.6
2026-02-09T1100,4132A,108.2927,23.1477,南宁市,起凤路9号,,42,29,23,29,21,44,,47,43,12,11,1,2,0.6,0.6
2026-02-09T1100,4221A,108.2177,22.7774,南宁市,乐贤路16号,,46,,24,32,19,26,,34,31,22,15,3,4,0.8,0.8
2026-02-09T1100,2332A,118.1682,26.6371,南平市,南平市监测站,颗粒物(PM10),53,56,34,32,19,83,,72,72,9,9,4,4,0.3,0.3
2026-02-09T1100,2334A,118.1757,26.6276,南平市,南平七中,,40,,24,28,15,83,,76,76,6,7,2,3,0.5,0.4
2026-02-09T1100,1168A,120.9056,31.9669,南通市,狼山街道,,29,29,32,14,18,60,,27,27,32,34,4,3,0.3,0.3
2026-02-09T1100,1170A,120.8635,32.0231,南通市,城中,,39,39,35,16,21,65,,46,46,21,22,5,4,0.5,0.5
2026-02-09T1100,1171A,120.9376,31.9301,南通市,星湖花园,,,37,32,17,17,,,34,34,31,36,6,4,0.5,0.5
2026-02-09T1100,1172A,120.8053,32.046,南通市,紫琅学院,,31,31,34,9,19,58,,30,30,22,26,5,4,0.8,0.8
2026-02-09T1100,3291A,121.0631,32.0644,南通市,通州监测站,,31,31,33,15,19,78,,52,52,6,20,5,3,0.3,0.4
2026-02-09T1100,3432A,120.9348,31.9874,南通市,环境教育馆,,36,36,40,14,19,58,,23,23,29,41,5,4,0.6,0.7
2026-02-09T1100,4091A,120.8692,31.9885,南通市,洪江路,,29,29,32,20,21,55,,30,30,29,32,6,4,0.5,0.7
2026-02-09T1100,2404A,112.5338,33.0086,南阳市,瓦房庄,细颗粒物(PM2.5),104,89,96,78,57,56,,40,37,23,28,5,5,0.9,0.9
2026-02-09T1100,2405A,112.5002,32.9734,南阳市,汉画馆,细颗粒物(PM2.5),83,95,95,61,67,55,,37,33,27,29,8,7,0.7,0.7
2026-02-09T1100,2406A,112.5778,33.0144,南阳市,气象站,细颗粒物(PM2.5),82,110,111,60,57,56,,39,38,26,30,7,7,0.8,0.8
2026-02-09T1100,2407A,112.548,32.9687,南阳市,理工学院,,,,99,59,60,55,,34,31,,35,,7,0.7,0.7
2026-02-09T1100,4008A,112.5233,32.9921,南阳市,卧龙区政府,细颗粒物(PM2.5),100,104,105,75,56,51,,39,37,24,27,6,7,0.8,0.8
2026-02-09T1100,1234A,121.8352,29.9111,宁波市,区环保大楼,,30,30,62,14,27,71,,29,29,18,35,6,6,0.5,0.6
2026-02-09T1100,1235A,121.5595,29.8208,宁波市,万里学院,,41,41,54,28,35,68,,28,28,16,32,3,3,0.6,0.7
2026-02-09T1100,1236A,121.713,29.9564,宁波市,龙赛医院,,38,38,51,23,29,59,,25,25,21,33,3,3,0.7,0.7
2026-02-09T1100,1240A,121.5855,29.8635,宁波市,太古小学,,40,40,51,23,31,68,,28,28,12,27,3,3,0.6,0.7
2026-02-09T1100,1241A,121.5239,29.8673,宁波市,市环境监测中心,,45,45,53,26,31,60,,28,28,16,27,3,3,0.4,0.4
2026-02-09T1100,2871A,121.6156,29.9015,宁波市,万里国际学校,,,,51,22,31,69,,28,28,17,38,4,3,0.4,0.5
2026-02-09T1100,3710A,121.5593,29.8976,宁波市,白沙活动中心,,35,33,46,24,32,68,,38,38,20,28,4,4,0.4,0.5
2026-02-09T1100,4095A,121.8962,29.7529,宁波市,中科路88号,,39,38,43,27,30,73,,30,30,14,32,5,4,0.5,0.6
2026-02-09T1100,2341A,119.5387,26.6611,宁德市,宁德市监测站,颗粒物(PM10),57,64,33,28,24,70,,51,51,22,19,7,5,0.8,0.6
2026-02-09T1100,3209A,119.5231,26.6562,宁德市,宁德一中,颗粒物(PM10),56,62,36,29,28,78,,58,58,18,14,6,4,0.6,0.4
2026-02-09T1100,2618A,98.859,25.8541,怒江傈僳族自治州,州监测站,,35,35,37,12,25,66,,67,65,7,9,7,6,0.4,0.4
2026-02-09T1100,2619A,98.8607,25.8168,怒江傈僳族自治州,泸水一中,,38,38,28,23,25,42,,43,40,23,15,5,4,0.5,0.5
2026-02-09T1100,1888A,101.6891,26.571,攀枝花市,弄弄坪,颗粒物(PM10),52,53,48,32,24,47,,50,40,37,27,17,34,1.1,1.3
2026-02-09T1100,1889A,101.577,26.5914,攀枝花市,河门口,颗粒物(PM10),64,78,49,39,25,33,,41,34,34,18,16,18,1.0,0.8
2026-02-09T1100,1891A,101.7365,26.4986,攀枝花市,仁和,,,,41,,25,54,,53,46,27,16,,11,,0.7
2026-02-09T1100,2835A,101.7222,26.567,攀枝花市,四十中小,细颗粒物(PM2.5),55,49,36,39,19,26,,48,30,56,24,25,18,1.6,1.1
2026-02-09T1100,1604A,122.0303,41.1489,盘锦市,开发区,细颗粒物(PM2.5),88,105,40,65,27,53,,41,41,22,15,11,5,0.8,0.4
2026-02-09T1100,1605A,122.0486,41.0883,盘锦市,兴隆台,细颗粒物(PM2.5),88,103,34,65,28,56,,46,46,29,23,12,6,0.7,0.5
2026-02-09T1100,1606A,121.8297,41.1026,盘锦市,新生街道,细颗粒物(PM2.5),82,86,39,60,36,58,,44,44,33,19,11,6,1.1,0.5
2026-02-09T1100,1832A,113.3257,33.7423,平顶山市,新华旅馆,细颗粒物(PM2.5),84,98,108,62,66,58,,15,15,34,43,8,7,0.6,0.5
2026-02-09T1100,1833A,113.2917,33.737,平顶山市,规划设计院,细颗粒物(PM2.5),78,101,110,57,65,72,,40,40,18,27,8,8,0.6,0.5
2026-02-09T1100,1834A,113.182,33.7738,平顶山市,平顶山工学院,细颗粒物(PM2.5),65,72,89,47,60,83,,70,70,14,18,8,8,0.5,0.5
2026-02-09T1100,3594A,112.8736,33.9068,平顶山市,石龙区,细颗粒物(PM2.5),83,105,125,61,71,76,,48,46,13,22,7,9,0.8,0.7
2026-02-09T1100,4116A,113.284,33.7139,平顶山市,姚电大道23号,颗粒物(PM10),84,117,114,56,65,70,,55,55,32,27,6,5,0.8,0.7
2026-02-09T1100,2656A,106.6633,35.5338,平凉市,聚贤嘉苑,颗粒物(PM10),58,65,61,39,33,65,,74,60,15,10,4,7,0.8,0.6
2026-02-09T1100,2657A,106.7021,35.5307,平凉市,博物馆,细颗粒物(PM2.5),79,87,62,58,33,58,,74,61,24,16,17,13,1.1,0.6
2026-02-09T1100,2348A,113.8384,27.6436,萍乡市,中医院,颗粒物(PM10),61,71,58,31,33,69,,84,76,19,11,4,4,0.4,0.2
2026-02-09T1100,2350A,113.8677,27.6438,萍乡市,市环保局,细颗粒物(PM2.5),62,70,51,44,36,69,,80,73,24,18,12,16,0.3,0.1
2026-02-09T1100,2351A,113.8663,27.6202,萍乡市,安源区政府,颗粒物(PM10),66,81,60,47,37,51,,57,52,25,20,1,2,0.3,0.2
2026-02-09T1100,4107A,113.8686,27.6668,萍乡市,联洪村委会,细颗粒物(PM2.5),55,43,54,39,35,60,,65,62,12,7,2,3,0.3,0.2
2026-02-09T1100,2319A,119.0142,25.4324,莆田市,荔城区仓后路,,38,38,41,7,21,89,,89,85,10,11,/,/,/,/
2026-02-09T1100,2320A,119.0016,25.4553,莆田市,莆田市监测站,,29,28,34,10,21,92,,90,88,8,8,3,3,0.3,0.4
2026-02-09T1100,2321A,119.112,25.4561,莆田市,涵江区六中,,30,26,38,7,19,93,,89,87,6,9,/,/,0.4,0.4
2026-02-09T1100,2322A,119.1014,25.3215,莆田市,秀屿区政府,,30,30,39,16,23,90,,89,86,8,8,2,2,0.5,0.6
2026-02-09T1100,2392A,115.0312,35.7636,濮阳市,环保局,细颗粒物(PM2.5),55,58,72,39,56,67,,66,62,18,17,8,7,0.6,0.6
2026-02-09T1100,3021A,115,35.7667,濮阳市,濮水河管理处,,,76,96,35,57,,,63,62,,18,,7,,0.6
2026-02-09T1100,4118A,115.0552,35.7816,濮阳市,中原东路68号,颗粒物(PM10),69,88,103,36,56,68,,69,63,24,23,8,6,0.7,0.7
2026-02-09T1100,4216A,115.0923632,35.76857718,濮阳市,任丘路479号,颗粒物(PM10),66,81,104,36,66,61,,45,43,21,25,13,12,0.5,0.5
2026-02-09T1100,2601A,100.9801,22.7634,普洱市,市环保局,,45,45,50,24,22,60,,43,40,11,8,4,5,0.6,0.6
2026-02-09T1100,2602A,100.9763,22.8237,普洱市,普洱第二中学,,50,50,49,27,24,61,,18,18,15,21,5,5,0.7,0.6
2026-02-09T1100,3345A,131.0413,45.7795,七台河市,中波台,颗粒物(PM10),70,89,42,46,28,60,,51,49,26,19,15,13,0.7,0.6
2026-02-09T1100,3637A,131.0136,45.7688,七台河市,人民广场,颗粒物(PM10),65,80,47,38,27,58,,54,47,30,21,31,11,0.7,0.6
2026-02-09T1100,3684A,130.8639,45.8144,七台河市,新建矿广场,颗粒物(PM10),57,63,48,25,25,66,,43,41,13,16,9,7,0.7,0.6
2026-02-09T1100,1779A,123.9307,47.3641,齐齐哈尔市,安居小区,颗粒物(PM10),58,66,48,33,18,62,,62,57,18,15,14,10,0.5,0.5
2026-02-09T1100,1780A,123.9497,47.3389,齐齐哈尔市,中心广场,颗粒物(PM10),55,60,38,19,20,56,,67,58,24,16,16,7,0.6,0.6
2026-02-09T1100,1781A,123.9483,47.3229,齐齐哈尔市,农牧车辆厂,颗粒物(PM10),51,51,45,23,17,52,,68,60,26,14,22,8,0.4,0.3
2026-02-09T1100,1783A,123.9442,47.2994,齐齐哈尔市,市环境监测站,颗粒物(PM10),57,63,43,15,14,55,,67,58,30,17,8,6,0.5,0.4
2026-02-09T1100,3662A,123.6341,47.2079,齐齐哈尔市,富区青少年活动中心,,,80,70,,24,69,,54,54,12,17,6,10,0.6,0.7
2026-02-09T1100,2591A,107.9765,26.5724,黔东南苗族侗族自治州,市环境监测站,,36,31,44,25,33,38,,57,51,16,10,2,3,0.7,0.6
2026-02-09T1100,2881A,107.8909,26.531,黔东南苗族侗族自治州,凯里学院,,26,,52,18,32,44,,52,49,13,13,2,3,0.5,0.5
2026-02-09T1100,2593A,107.5223,26.2371,黔南布依族苗族自治州,小围寨,,12,9,36,3,25,37,,41,38,5,6,6,6,0.6,0.7
2026-02-09T1100,3538A,107.5175,26.2977,黔南布依族苗族自治州,沙坝,,14,14,42,6,26,39,,50,45,12,9,4,5,0.7,0.7
2026-02-09T1100,2589A,104.9022,25.0943,黔西南布依族苗族自治州,场坝街,,28,28,27,15,15,24,,39,32,9,9,3,3,0.9,0.8
2026-02-09T1100,2590A,104.8812,25.0994,黔西南布依族苗族自治州,坪东大道,,26,21,23,18,17,29,,42,35,8,9,5,5,1.0,0.9
2026-02-09T1100,2502A,108.6238,21.9667,钦州市,市环保站,,49,36,35,34,24,31,,40,34,16,13,2,2,0.8,0.8
2026-02-09T1100,2503A,108.655,21.9481,钦州市,沙埠小学,,45,45,36,26,22,22,,36,28,27,22,4,4,0.5,0.5
2026-02-09T1100,2504A,108.5989,21.7435,钦州市,港区一小,颗粒物(PM10),54,58,42,37,27,24,,29,27,29,27,4,3,0.5,0.6
2026-02-09T1100,3404A,108.5959,21.9634,钦州市,北职校,,29,27,27,20,18,32,,37,33,13,13,2,2,0.6,0.6
2026-02-09T1100,1046A,119.5247,39.9346,秦皇岛市,建设大厦,细颗粒物(PM2.5),107,120,61,80,29,60,,43,43,33,24,16,14,1.0,0.8
2026-02-09T1100,3132A,119.5979,39.938,秦皇岛市,文明里,细颗粒物(PM2.5),89,116,62,66,29,60,,44,44,42,28,18,17,1.0,0.9
2026-02-09T1100,4066A,119.7458,39.9952,秦皇岛市,南园路157号,细颗粒物(PM2.5),93,128,64,69,30,70,,51,51,34,36,14,14,0.8,0.8
2026-02-09T1100,4067A,119.5131,39.8858,秦皇岛市,翠岛大街1号,细颗粒物(PM2.5),109,121,68,82,32,50,,32,32,,31,22,15,1.3,0.9
2026-02-09T1100,4198A,119.509013,39.825305,秦皇岛市,北戴河轮滑馆,细颗粒物(PM2.5),114,138,75,86,37,49,,33,33,51,35,19,14,1.2,0.9
2026-02-09T1100,1310A,120.404,36.0625,青岛市,市南区东部子站,细颗粒物(PM2.5),72,83,56,52,31,70,,57,57,26,25,19,13,1.1,0.7
2026-02-09T1100,1311A,120.362344,36.10282,青岛市,四方区子站,细颗粒物(PM2.5),74,80,58,54,32,70,,53,53,24,30,13,8,1.0,0.7
2026-02-09T1100,1312A,120.294373,36.054183,青岛市,市南区西部子站,细颗粒物(PM2.5),80,80,50,59,31,63,,48,48,32,30,12,7,1.0,0.6
2026-02-09T1100,1313A,120.4581,36.0858,青岛市,崂山区子站,细颗粒物(PM2.5),64,68,45,46,28,73,,54,54,24,28,19,12,1.1,0.6
2026-02-09T1100,1315A,120.3945,36.3083,青岛市,城阳区子站,"颗粒物(PM10),细颗粒物(PM2.5)",69,88,55,50,35,61,,40,40,44,41,14,9,1.0,0.9
2026-02-09T1100,3642A,120.3454,36.0735,青岛市,市北区南部,细颗粒物(PM2.5),70,75,49,51,30,64,,52,52,24,27,9,4,1.0,0.7
2026-02-09T1100,3643A,120.3897,36.18,青岛市,李沧区北部,细颗粒物(PM2.5),65,73,52,47,31,69,,42,42,35,38,14,11,0.9,0.8
2026-02-09T1100,4110A,120.5222,36.4089,青岛市,盟旺路653号,颗粒物(PM10),62,73,55,35,28,74,,56,56,27,32,6,7,0.7,0.7
2026-02-09T1100,4290A,120.196923,35.954556,青岛市,珠江路669号,细颗粒物(PM2.5),68,78,52,49,33,68,,53,53,24,24,18,11,0.9,0.4
2026-02-09T1100,4291A,120.0424,35.8656,青岛市,黄岛区人民政府广场,细颗粒物(PM2.5),63,73,66,45,36,77,,39,39,24,42,17,11,0.8,0.7
2026-02-09T1100,1703A,113.0218,23.7086,清远市,凤城街办,,37,37,101,20,19,64,,74,68,21,16,/,/,/,/
2026-02-09T1100,3025A,113.0479,23.6343,清远市,技师学院,,41,41,42,20,18,56,,67,62,28,21,6,6,0.4,0.4
2026-02-09T1100,3318A,112.9898,23.7403,清远市,清新太和,,48,48,35,28,18,52,,76,64,29,16,14,11,0.7,0.6
2026-02-09T1100,3455A,113.076,23.72,清远市,清城东城,,47,47,40,22,19,52,,68,59,30,22,/,/,/,/
2026-02-09T1100,2661A,107.6325,35.7357,庆阳市,庆阳五中,颗粒物(PM10),57,64,52,37,29,87,,77,76,16,18,8,10,0.5,0.4
2026-02-09T1100,2662A,107.6361,35.7067,庆阳市,市环保局,颗粒物(PM10),53,55,53,36,27,85,,82,78,17,14,11,6,0.5,0.3
2026-02-09T1100,1916A,103.7897,25.5036,曲靖市,环境监测站,,38,27,28,26,22,70,,50,50,10,15,4,4,0.6,0.9
2026-02-09T1100,1917A,103.8013,25.5357,曲靖市,烟厂办公区,,42,37,31,29,19,68,,44,44,8,13,5,4,0.5,0.8
2026-02-09T1100,3376A,103.7926,25.4651,曲靖市,南苑二区,,42,34,29,29,20,61,,47,47,9,13,3,4,0.6,0.7
2026-02-09T1100,3377A,103.7442,25.5259,曲靖市,曲靖师范学院,,35,34,28,24,22,71,,45,45,9,13,5,2,0.5,0.7
2026-02-09T1100,1264A,118.8694,28.94,衢州市,环保大楼,细颗粒物(PM2.5),53,49,44,37,32,67,,58,58,19,17,/,/,/,/
2026-02-09T1100,1266A,118.8622,28.9809,衢州市,衢州学院,,,43,40,32,29,,,60,59,,20,,6,,0.3
2026-02-09T1100,4097A,118.9646,28.9832,衢州市,衢州三中,,49,47,44,34,29,60,,47,47,17,16,5,5,0.5,0.5
2026-02-09T1100,1611A,118.5818,24.9116,泉州市,涂山街,,27,24,36,12,21,84,,84,80,7,9,3,3,0.3,0.4
2026-02-09T1100,1612A,118.597,24.8976,泉州市,津头埔,,27,27,36,14,22,84,,84,80,9,11,2,2,0.4,0.4
2026-02-09T1100,1613A,118.6669,24.9422,泉州市,万安,,30,30,40,15,21,78,,76,74,9,11,3,3,0.3,0.3
2026-02-09T1100,4105A,118.6355,24.9148,泉州市,霞新路6号,,26,25,38,12,20,82,,80,77,7,11,/,/,0.5,0.5
2026-02-09T1100,2626A,88.8873,29.2723,日喀则市,日喀则监测站,,36,36,27,14,21,42,,26,26,11,17,13,14,0.5,0.6
2026-02-09T1100,3726A,88.8775,29.2425,日喀则市,林业技术推广中心,颗粒物(PM10),55,60,20,19,10,42,,38,38,14,8,10,7,0.6,0.4
2026-02-09T1100,1659A,119.4711,35.421,日照市,监测站,颗粒物(PM10),62,73,86,40,48,64,,20,20,25,48,15,23,1.0,1.1
2026-02-09T1100,1660A,119.523,35.4216,日照市,市政府广场,"颗粒物(PM10),细颗粒物(PM2.5)",64,78,70,46,44,62,,35,35,32,42,13,21,0.6,0.7
2026-02-09T1100,1661A,119.5511,35.4113,日照市,港务局,颗粒物(PM10),63,75,80,39,44,57,,28,28,35,48,10,20,0.6,0.9
2026-02-09T1100,3507A,119.5326,35.4627,日照市,职业技术学院,细颗粒物(PM2.5),63,73,74,45,45,65,,32,32,34,46,16,18,0.9,0.9
2026-02-09T1100,3604A,119.3267,35.1043,日照市,岚山环保分局,颗粒物(PM10),58,66,76,35,41,58,,29,29,35,42,14,26,0.8,0.8
2026-02-09T1100,1835A,111.1922,34.7752,三门峡市,市政府,细颗粒物(PM2.5),84,79,59,62,41,73,,78,72,22,19,16,11,0.7,0.5
2026-02-09T1100,1836A,111.1588,34.794,三门峡市,开发区,细颗粒物(PM2.5),93,110,75,69,45,65,,73,67,27,19,17,11,0.7,0.5
2026-02-09T1100,3039A,111.1911,34.7829,三门峡市,三门峡市第一小学,细颗粒物(PM2.5),79,92,65,58,41,67,,74,68,25,18,16,12,0.7,0.5
2026-02-09T1100,3598A,111.1031,34.719,三门峡市,富达温泉假日酒店,细颗粒物(PM2.5),90,91,70,67,47,66,,65,62,28,24,12,10,0.7,0.6
2026-02-09T1100,2324A,117.621,26.2626,三明市,三钢,,45,34,25,31,19,82,,63,63,8,11,5,6,0.4,0.2
2026-02-09T1100,2325A,117.6352,26.2714,三明市,三明二中,,40,,21,28,17,81,,65,65,9,11,3,3,0.7,0.6
2026-02-09T1100,2326A,117.6028,26.2377,三明市,三元区政府,,36,34,22,25,14,84,,60,60,11,14,7,6,0.8,0.6
2026-02-09T1100,1877A,109.4962,18.2682,三亚市,河西子站,,45,45,33,15,13,93,,86,86,4,6,1,2,0.4,0.5
2026-02-09T1100,3540A,109.7348,18.3443,三亚市,君悦子站,颗粒物(PM10),58,66,37,18,16,88,,81,81,6,6,3,3,0.4,0.5
2026-02-09T1100,4135A,109.1714,18.3739,三亚市,城东小学站,,30,26,24,16,14,96,,74,74,5,7,/,/,/,/
2026-02-09T1100,2624A,91.7592,29.234,山南市,山南监测站,,23,23,15,14,6,46,,51,42,10,6,4,5,0.5,0.5
2026-02-09T1100,2625A,91.7701,29.2436,山南市,山南人民医院,,18,18,21,3,7,53,,59,48,8,4,2,5,0.6,0.5
2026-02-09T1100,1674A,116.6795,23.3666,汕头市,金平子站,,,,38,,21,,,101,,,8,,4,,0.5
2026-02-09T1100,1675A,116.7248,23.3632,汕头市,龙湖子站,颗粒物(PM10),51,51,42,23,21,89,,86,86,9,9,10,10,/,/
2026-02-09T1100,1676A,116.7257,23.2774,汕头市,濠江子站,颗粒物(PM10),52,53,37,21,20,90,,87,87,11,12,7,7,/,/
2026-02-09T1100,1677A,116.7518,23.4712,汕头市,澄海子站,,40,40,43,24,21,90,,84,84,7,10,6,6,0.5,0.5
2026-02-09T1100,1678A,116.6088,23.2539,汕头市,潮阳子站,,,35,36,25,20,91,,89,89,8,8,,6,0.5,0.5
2026-02-09T1100,3444A,116.4539,23.2684,汕头市,潮南峡山,,48,48,42,25,20,98,,90,90,8,9,6,6,0.5,0.5
2026-02-09T1100,3624A,116.4069,23.2533,汕头市,潮南子站,,46,46,47,26,21,85,,80,80,9,11,6,6,/,/
2026-02-09T1100,1693A,115.3653,22.7751,汕尾市,市环保局,,36,36,37,23,21,89,,83,83,12,10,5,5,0.6,0.6
2026-02-09T1100,1695A,115.362,22.7926,汕尾市,新城中学,,36,36,36,24,21,92,,78,78,10,10,6,5,0.5,0.6
2026-02-09T1100,2645A,109.9155,33.8714,商洛市,监测站,细颗粒物(PM2.5),68,80,52,49,33,98,,93,91,16,15,12,11,0.8,0.5
2026-02-09T1100,3045A,109.9647,33.8486,商洛市,商州区中学,细颗粒物(PM2.5),69,67,50,50,29,92,,87,85,15,14,7,10,0.7,0.5
2026-02-09T1100,2408A,115.6701,34.4283,商丘市,环境监测站,颗粒物(PM10),61,72,66,41,41,63,,65,61,16,16,6,5,0.6,0.4
2026-02-09T1100,2409A,115.6458,34.4047,商丘市,粮食局,,,70,58,40,41,,,60,54,24,20,1,2,0.5,0.3
2026-02-09T1100,3171A,115.6069,34.4465,商丘市,梁园区档案局,"颗粒物(PM10),细颗粒物(PM2.5)",54,57,55,38,37,60,,66,62,19,15,3,3,0.4,0.3
2026-02-09T1100,4119A,115.6701,34.3767,商丘市,北海东路185号,颗粒物(PM10),60,70,74,35,42,59,,54,54,20,25,4,3,0.4,0.3
2026-02-09T1100,4120A,115.6172,34.3704,商丘市,中山大街3号,颗粒物(PM10),66,82,83,43,45,56,,52,51,24,26,1,2,0.3,0.3
2026-02-09T1100,1141A,121.401,31.2382,上海市,普陀,,27,27,31,16,22,72,,45,45,19,29,7,7,0.6,0.6
2026-02-09T1100,1142A,121.4774,31.2043,上海市,十五厂,,40,40,37,21,22,70,,35,35,21,37,7,7,0.5,0.5
2026-02-09T1100,1143A,121.4673,31.3011,上海市,虹口,,29,29,34,18,20,63,,30,30,18,34,5,5,0.2,0.3
2026-02-09T1100,1147A,121.4253,31.226,上海市,静安监测站,,29,29,28,16,18,76,,51,51,18,29,7,8,0.3,0.3
2026-02-09T1100,1148A,121.7029,31.1905,上海市,浦东川沙,,30,30,38,19,25,70,,22,22,17,38,8,8,0.3,0.4
2026-02-09T1100,1149A,121.5339,31.229,上海市,浦东新区监测站,,27,27,30,15,25,74,,43,43,12,29,6,6,0.6,0.6
2026-02-09T1100,1150A,121.5776,31.2038,上海市,浦东张江,,32,28,35,22,23,76,,35,35,16,36,7,8,0.1,0.2
2026-02-09T1100,3265A,121.4242,31.3303,上海市,宝山庙行,,32,32,34,21,25,65,,31,31,25,40,8,8,0.5,0.6
2026-02-09T1100,3266A,121.8789,31.4662,上海市,崇明上实东滩,,28,11,23,9,18,87,,58,58,4,10,4,4,0,0
2026-02-09T1100,3268A,121.316,31.2839,上海市,嘉定南翔,,30,30,37,20,28,64,,19,19,23,46,5,4,0.6,0.6
2026-02-09T1100,3269A,121.3357,30.7455,上海市,金山新城,,33,27,29,23,24,76,,54,54,16,27,10,10,0.8,0.7
2026-02-09T1100,3270A,121.4996,31.0741,上海市,闵行浦江,,32,29,33,22,24,73,,28,28,15,33,7,7,0.3,0.3
2026-02-09T1100,3271A,121.2886,31.1663,上海市,青浦徐泾,,33,32,35,23,26,80,,24,24,16,44,6,6,0.7,0.8
2026-02-09T1100,3272A,121.2193,31.0382,上海市,松江图书馆,,40,40,41,27,27,73,,28,28,16,40,7,7,0.6,0.7
2026-02-09T1100,3273A,121.3904,31.206,上海市,长宁仙霞,,30,30,31,13,20,72,,27,27,17,34,8,7,0.8,0.9
2026-02-09T1100,3274A,121.7964,31.0507,上海市,浦东惠南,,28,28,34,17,21,76,,22,22,13,39,5,6,0.6,0.6
2026-02-09T1100,3544A,121.4891,30.925,上海市,奉贤南桥新城,,34,34,33,22,23,79,,49,49,10,24,4,4,0.4,0.4
2026-02-09T1100,4183A,121.417401,31.16637,上海市,冠生园路458号,,30,25,30,21,22,75,,31,31,18,37,5,5,0.6,0.6
2026-02-09T1100,4205A,121.541914,31.268301,上海市,宁武路151号,,28,28,30,18,21,64,,24,24,25,38,6,6,0.6,0.6
2026-02-09T1100,2382A,117.9758,28.4439,上饶市,市监测站,,43,43,42,27,25,78,,70,70,13,14,5,7,/,/
2026-02-09T1100,2383A,117.9521,28.4637,上饶市,凤凰光学,,42,,43,29,25,68,,57,57,18,20,12,11,0.8,0.8
2026-02-09T1100,3685A,117.897,28.4316,上饶市,双创科技城,,48,40,46,33,28,76,,68,68,18,19,4,6,0.7,0.7
2026-02-09T1100,4211A,118.190438,28.444845,上饶市,裕丰大道,,50,50,45,32,27,73,,58,58,17,18,12,12,0.6,0.7
2026-02-09T1100,1669A,113.5821,24.7733,韶关市,市八中,,47,47,39,30,24,56,,57,56,22,18,10,8,0.5,0.4
2026-02-09T1100,1671A,113.5916,24.7973,韶关市,园林处,,48,40,35,33,26,64,,66,62,15,13,10,7,/,/
2026-02-09T1100,1673A,113.5971,24.6864,韶关市,曲江监测站,,49,49,38,31,23,66,,38,38,29,20,19,8,0.6,0.6
2026-02-09T1100,2809A,113.6668,24.7756,韶关市,大学路288号,,43,42,32,30,23,50,,38,38,20,17,6,4,/,/
2026-02-09T1100,3622A,113.5556,24.8082,韶关市,碧湖山庄,,43,41,42,30,28,56,,38,38,17,16,9,8,0.5,0.6
2026-02-09T1100,2464A,111.5277,27.2442,邵阳市,市化工厂,细颗粒物(PM2.5),74,71,67,54,47,41,,48,47,22,19,4,4,0.8,0.5
2026-02-09T1100,2466A,111.4327,27.2276,邵阳市,市环保局,细颗粒物(PM2.5),74,,50,54,48,63,,68,68,17,17,8,9,0.8,0.8
2026-02-09T1100,4218A,111.446,27.2472,邵阳市,北塔二期4-26地块,细颗粒物(PM2.5),67,,54,48,46,54,,64,60,14,13,6,6,0.9,0.8
2026-02-09T1100,4219A,111.4739,27.2282,邵阳市,邵水西路287号,细颗粒物(PM2.5),69,,54,50,45,54,,62,60,15,12,9,9,0.8,0.8
2026-02-09T1100,1247A,120.6053,29.9927,绍兴市,城东开发委,,35,35,38,23,26,79,,42,42,15,23,8,8,0.4,0.5
2026-02-09T1100,2921A,120.5482,30.0003,绍兴市,树下王站,,31,31,35,21,24,74,,38,38,13,22,7,6,0.4,0.4
2026-02-09T1100,3408A,120.5685,29.936,绍兴市,绍兴中专,,29,29,39,20,26,80,,36,36,11,21,9,8,0.1,0.2
2026-02-09T1100,3409A,120.4905,30.086,绍兴市,柯桥区政府,,40,40,39,19,24,73,,45,45,18,26,6,6,0.5,0.4
2026-02-09T1100,3410A,120.8751,30.0249,绍兴市,重华小学,,,32,38,29,28,63,,39,39,,21,7,7,,0.5
2026-02-09T1100,3411A,120.837,30.0137,绍兴市,上虞中学,,39,36,40,27,28,65,,36,36,17,23,7,6,0.6,0.6
2026-02-09T1100,3560A,120.4715,30.0414,绍兴市,柯桥妇保,,39,39,38,26,27,73,,39,39,14,18,6,6,0.5,0.4
2026-02-09T1100,3658A,120.6156,30.0762,绍兴市,袍江中学,,48,46,42,33,31,70,,41,41,10,17,9,8,0.5,0.5
2026-02-09T1100,1356A,114.0948,22.5506,深圳市,通心岭子站,,37,37,35,17,14,87,,62,61,6,11,2,2,0.3,0.3
2026-02-09T1100,1357A,114.1153,22.5713,深圳市,洪湖,,40,40,36,19,17,87,,61,61,8,15,5,5,0.5,0.5
2026-02-09T1100,1358A,113.9823,22.5398,深圳市,华侨城,,41,41,33,20,17,79,,61,61,16,18,/,/,/,/
2026-02-09T1100,1359A,113.9181,22.517,深圳市,南海子站,,38,38,40,14,18,84,,64,64,12,16,6,6,0.6,0.7
2026-02-09T1100,1360A,114.2345,22.565,深圳市,盐田,,41,41,37,18,15,74,,54,53,21,21,8,8,0.3,0.3
2026-02-09T1100,1363A,114.4911,22.5381,深圳市,南澳,,35,35,36,15,16,91,,83,83,8,8,/,/,/,/
2026-02-09T1100,1364A,114.41,22.6346,深圳市,葵涌,,40,40,30,23,15,79,,55,55,9,12,7,7,0.6,0.6
2026-02-09T1100,1365A,114.2967,22.5978,深圳市,梅沙,,41,41,33,20,17,87,,65,65,8,13,/,/,/,/
2026-02-09T1100,1366A,114.0563,22.7353,深圳市,观澜,颗粒物(PM10),51,52,38,27,19,80,,64,64,16,14,6,7,0.5,0.5
2026-02-09T1100,3305A,114.0614,22.556,深圳市,莲花,,39,39,31,20,18,82,,60,60,13,16,/,/,/,/
2026-02-09T1100,3306A,114.0144,22.6163,深圳市,民治,,44,44,34,24,18,70,,61,60,18,15,/,/,/,/
2026-02-09T1100,3307A,114.1756,22.6421,深圳市,横岗,,42,42,35,23,20,83,,66,65,10,13,/,/,/,/
2026-02-09T1100,3447A,114.344,22.7115,深圳市,坪山,颗粒物(PM10),51,52,34,31,19,80,,65,63,14,14,8,8,0.6,0.6
2026-02-09T1100,3623A,113.8952,22.586,深圳市,西乡,,49,49,37,23,16,78,,64,64,15,13,5,4,0.4,0.4
2026-02-09T1100,4220A,114.214113,22.713717,深圳市,黄阁路,,50,50,32,30,17,72,,66,64,18,14,6,6,0.6,0.7
2026-02-09T1100,1099A,123.5058,41.7084,沈阳市,浑南东路,,,73,55,44,28,68,,33,33,,44,12,16,,1.1
2026-02-09T1100,1100A,123.4238,41.6992,沈阳市,新秀街,颗粒物(PM10),67,84,50,35,22,69,,58,58,15,23,12,13,0.9,0.9
2026-02-09T1100,1102A,123.5903,41.8412,沈阳市,东陵路,颗粒物(PM10),63,75,61,34,37,65,,37,37,19,31,12,12,1.1,1
2026-02-09T1100,1103A,123.4267,41.8466,沈阳市,陵东街,细颗粒物(PM2.5),63,59,55,45,31,67,,25,25,21,39,17,24,1.0,1.3
2026-02-09T1100,1104A,123.4116,41.7654,沈阳市,文化路,颗粒物(PM10),65,80,50,36,22,66,,60,60,18,20,12,13,0.9,0.9
2026-02-09T1100,1105A,123.4673,41.787,沈阳市,小河沿,颗粒物(PM10),58,65,53,40,28,68,,35,35,24,36,15,16,0.6,0.9
2026-02-09T1100,1106A,123.4019,41.7978,沈阳市,太原街,颗粒物(PM10),70,90,47,45,26,67,,54,54,20,28,14,21,0.9,1
2026-02-09T1100,1108A,123.3778,41.9233,沈阳市,京沈街,细颗粒物(PM2.5),67,81,54,48,30,67,,31,31,28,38,20,25,1.0,1.1
2026-02-09T1100,2897A,123.2429,41.7341,沈阳市,沈辽西路,颗粒物(PM10),63,75,50,43,25,56,,51,51,33,40,15,13,0.8,0.8
2026-02-09T1100,2900A,123.5951,41.9085,沈阳市,裕农路,颗粒物(PM10),58,65,55,36,32,69,,48,48,20,30,14,16,1.1,1.1
2026-02-09T1100,2429A,110.78,32.6494,十堰市,滨河新村,细颗粒物(PM2.5),78,59,71,57,51,66,,68,68,24,23,/,/,1.2,1.1
2026-02-09T1100,2430A,110.7305,32.6408,十堰市,刘家沟,颗粒物(PM10),74,97,87,51,52,70,,59,59,18,16,/,/,/,/
2026-02-09T1100,2431A,110.8843,32.5712,十堰市,铁二处,细颗粒物(PM2.5),84,65,70,62,55,47,,49,48,31,24,7,8,1.0,1
2026-02-09T1100,3545A,110.8053,32.8401,十堰市,郧阳区金沙路,细颗粒物(PM2.5),67,61,67,48,46,78,,70,70,17,18,8,7,0.9,0.8
2026-02-09T1100,2709A,86.0391,44.298,石河子市,艾青诗歌馆,细颗粒物(PM2.5),74,55,78,54,47,41,,42,42,29,38,6,7,1.2,0.8
2026-02-09T1100,3442A,86.047,44.2331,石河子市,南区管委会,细颗粒物(PM2.5),55,53,52,39,30,46,,61,50,24,17,10,10,0.9,0.6
2026-02-09T1100,4051A,86.0791,44.3018,石河子市,世纪广场,细颗粒物(PM2.5),80,70,84,59,50,41,,43,43,28,32,6,7,1.1,0.7
2026-02-09T1100,4167A,86.0126,44.2349,石河子市,城南景苑小区,细颗粒物(PM2.5),58,63,58,41,26,47,,55,48,18,20,4,5,0.7,0.5
2026-02-09T1100,1030A,114.5919,38.0328,石家庄市,高新区,细颗粒物(PM2.5),139,148,94,106,61,33,,18,18,47,36,9,7,0.9,0.7
2026-02-09T1100,1032A,114.4556,38.0136,石家庄市,西南高教,细颗粒物(PM2.5),144,167,99,110,59,26,,8,8,55,57,4,5,0.9,0.7
2026-02-09T1100,1033A,114.533,38.0177,石家庄市,世纪公园,细颗粒物(PM2.5),138,132,89,105,61,28,,15,15,43,33,7,6,0.9,0.7
2026-02-09T1100,1034A,114.5105,38.0489,石家庄市,人民会堂,细颗粒物(PM2.5),128,133,91,97,59,27,,17,16,41,29,4,4,1.0,0.7
2026-02-09T1100,3456A,114.2887,38.0905,石家庄市,鹿泉一中,颗粒物(PM10),77,103,80,34,37,19,,11,9,45,36,18,10,1.2,0.9
2026-02-09T1100,4024A,114.6491,37.9014,石家庄市,栾城区星河路,细颗粒物(PM2.5),139,137,94,106,71,36,,21,21,36,36,11,9,0.9,0.6
2026-02-09T1100,4059A,114.4563,38.0365,石家庄市,裕华西路63号,细颗粒物(PM2.5),108,110,78,81,49,18,,6,6,58,45,4,5,1.2,0.9
2026-02-09T1100,4060A,114.5586,38.0581,石家庄市,和平路363号,细颗粒物(PM2.5),139,135,89,106,62,34,,14,14,42,36,5,3,1.0,0.7
2026-02-09T1100,4061A,114.8347,38.0213,石家庄市,廉州西路160号,细颗粒物(PM2.5),123,125,104,93,74,36,,29,29,18,18,2,2,0.7,0.6
2026-02-09T1100,4062A,114.4498,38.0729,石家庄市,北城路41号,,,110,88,50,40,,,7,7,41,39,5,6,1.0,0.8
2026-02-09T1100,4314A,114.0494,38.059,石家庄市,矿区区委大楼,颗粒物(PM10),93,136,93,43,35,20,,7,7,50,38,41,20,1.2,0.8
2026-02-09T1100,1948A,106.3668,39.0145,石嘴山市,大武口朝阳西街,颗粒物(PM10),74,97,102,31,50,46,,24,24,26,41,31,52,0.9,1.6
2026-02-09T1100,1949A,106.7713,39.2278,石嘴山市,惠农南大街,颗粒物(PM10),155,260,83,55,24,48,,36,28,24,31,26,15,1.0,0.8
2026-02-09T1100,1950A,106.7074,39.1332,石嘴山市,红果子镇惠新街,颗粒物(PM10),111,171,71,50,26,41,,41,27,34,28,41,20,2.3,0.7
2026-02-09T1100,3520A,106.3495,38.9837,石嘴山市,妇女儿童医院,颗粒物(PM10),65,79,102,19,44,46,,35,34,28,38,30,40,0.9,1.3
2026-02-09T1100,3521A,106.7495,39.2068,石嘴山市,石大公路,颗粒物(PM10),151,251,85,59,30,45,,29,24,28,32,31,13,3.2,1.1
2026-02-09T1100,2248A,131.1509,46.6936,双鸭山市,双合村,,28,28,37,17,27,74,,58,57,9,15,4,4,0.4,0.4
2026-02-09T1100,2249A,131.1651,46.6191,双鸭山市,南小市,颗粒物(PM10),53,56,37,27,28,58,,53,51,17,15,10,7,0.4,0.4
2026-02-09T1100,2250A,131.1526,46.6554,双鸭山市,环保局,,43,43,47,24,28,64,,59,55,16,17,8,8,0.5,0.5
2026-02-09T1100,2166A,112.4399,39.3521,朔州市,平朔,颗粒物(PM10),94,138,93,40,26,12,,4,4,39,37,37,13,0.8,0.4
2026-02-09T1100,2167A,112.4574,39.362,朔州市,朔唯,颗粒物(PM10),129,208,112,48,31,8,,4,4,51,40,52,20,/,/
2026-02-09T1100,2168A,112.426,39.3199,朔州市,区政府,,,,62,,23,,,16,,,31,,17,,0.4
2026-02-09T1100,2169A,112.4075,39.3277,朔州市,市环保局,颗粒物(PM10),96,142,62,46,28,16,,26,24,57,35,26,17,/,/
2026-02-09T1100,2170A,112.4273,39.3682,朔州市,市二中,颗粒物(PM10),121,192,95,56,24,4,,4,4,69,38,47,12,/,/
2026-02-09T1100,3571A,112.2938,39.5296,朔州市,一水厂,颗粒物(PM10),63,75,40,12,15,16,,8,8,49,38,21,8,0.6,0.5
2026-02-09T1100,2226A,124.3744,43.1842,四平市,境园,颗粒物(PM10),59,68,58,40,29,56,,45,45,21,24,10,8,0.5,0.4
2026-02-09T1100,3486A,124.4029,43.1411,四平市,植物园,颗粒物(PM10),67,84,54,45,30,61,,46,46,26,26,17,14,0.8,0.6
2026-02-09T1100,3713A,124.3286,43.1726,四平市,世纪城,颗粒物(PM10),64,78,63,42,31,59,,48,48,22,24,10,9,0.9,0.6
2026-02-09T1100,2233A,124.8007,45.1213,松原市,江南,,,53,58,44,31,,,35,32,16,14,4,4,0.6,0.6
2026-02-09T1100,2234A,124.7967,45.1721,松原市,江北,颗粒物(PM10),59,67,59,23,26,47,,40,37,15,12,1,1,0.4,0.4
2026-02-09T1100,1163A,120.5974,31.3247,苏州市,轧钢厂,,41,41,40,24,23,70,,33,33,21,35,9,6,0.6,0.5
2026-02-09T1100,1164A,120.6329,31.2741,苏州市,吴中区,,36,36,37,24,24,50,,22,22,30,44,7,6,0.8,0.7
2026-02-09T1100,1165A,120.5566,31.3049,苏州市,苏州新区,,,46,37,31,24,,,25,25,24,47,11,8,0.8,0.7
2026-02-09T1100,1166A,120.668709,31.312523,苏州市,苏州工业园区,,35,35,39,20,21,76,,34,34,23,40,10,8,0.7,0.7
2026-02-09T1100,1167A,120.6408,31.3707,苏州市,相城区,,36,36,39,16,18,71,,27,27,19,39,7,5,0.5,0.5
2026-02-09T1100,3289A,120.7431,31.3188,苏州市,方洲路,,29,29,38,16,23,75,,28,28,15,32,9,8,0.6,0.6
2026-02-09T1100,3290A,120.4979,31.2777,苏州市,木渎中学,,,47,34,31,23,,,30,30,21,28,12,6,0.7,0.6
2026-02-09T1100,3425A,120.642,31.1733,苏州市,越秀幼儿园,,,66,44,25,24,73,,31,31,21,39,10,6,,0.6
2026-02-09T1100,3431A,120.6502,31.4117,苏州市,高铁新城,,29,29,39,17,24,71,,23,23,26,45,6,6,0.6,0.7
2026-02-09T1100,4090A,120.4282,31.3228,苏州市,学森路9号,颗粒物(PM10),53,56,38,27,20,76,,31,31,21,36,12,7,0.5,0.5
2026-02-09T1100,1220A,118.2924,33.933,宿迁市,宿迁学院,,42,42,50,22,27,70,,52,52,18,22,6,5,0.3,0.3
2026-02-09T1100,1221A,118.2321,33.9572,宿迁市,宿迁中学,,44,44,50,25,30,67,,51,51,16,21,8,7,0.7,0.6
2026-02-09T1100,2996A,118.2781,33.9658,宿迁市,市供电局,,43,43,47,23,27,69,,55,55,18,20,5,4,0.1,0.1
2026-02-09T1100,3191A,118.3243,33.95,宿迁市,宿豫区政府,颗粒物(PM10),51,52,53,29,33,66,,57,56,25,25,9,8,0.5,0.4
2026-02-09T1100,4094A,118.352,33.7886,宿迁市,春华路,,41,41,45,16,27,61,,50,50,16,18,6,5,0.6,0.5
2026-02-09T1100,3187A,116.9508,33.666,宿州市,远航博物馆,,,57,65,35,41,78,,58,58,17,19,5,4,,0.4
2026-02-09T1100,3463A,116.9708,33.5911,宿州市,社会福利中心,颗粒物(PM10),52,54,74,32,50,73,,38,38,20,37,8,7,0.6,0.6
2026-02-09T1100,3701A,116.9647,33.6252,宿州市,皖北煤电集团,颗粒物(PM10),55,60,69,34,40,77,,59,59,22,24,8,7,0.5,0.5
2026-02-09T1100,4103A,116.9929,33.6412,宿州市,中兴路,颗粒物(PM10),57,63,72,39,42,77,,56,56,19,16,9,8,0.4,0.4
2026-02-09T1100,2266A,126.9783,46.6365,绥化市,人和东街,细颗粒物(PM2.5),94,105,61,70,42,59,,40,40,24,23,8,8,1.0,0.8
2026-02-09T1100,2267A,126.964,46.6527,绥化市,党政办公中心,细颗粒物(PM2.5),90,95,58,67,38,56,,41,41,22,20,6,5,0.6,0.5
2026-02-09T1100,2451A,113.3587,31.7275,随州市,市委党校,细颗粒物(PM2.5),65,56,70,47,44,63,,57,57,22,22,2,6,0.5,0.5
2026-02-09T1100,2452A,113.3745,31.6926,随州市,市林业局,细颗粒物(PM2.5),72,52,67,52,43,58,,55,55,17,16,4,7,0.8,0.7
2026-02-09T1100,2453A,113.3984,31.7309,随州市,市立交桥水厂,细颗粒物(PM2.5),72,58,72,52,47,46,,41,40,21,24,2,6,0.5,0.4
2026-02-09T1100,2528A,105.5581,30.5231,遂宁市,市监测站,,46,46,44,30,27,33,,37,35,18,19,11,9,0.5,0.5
2026-02-09T1100,2530A,105.5917,30.4727,遂宁市,美宁食品公司,,50,50,43,32,28,38,,37,33,15,16,12,6,0.5,0.5
2026-02-09T1100,4303A,105.5911,30.5368,遂宁市,环岛商务中心9号楼,,43,42,39,30,29,29,,32,31,12,16,9,10,0.4,0.5
2026-02-09T1100,2706A,82.9993,46.7432,塔城地区,东门外小游园,,28,28,21,3,10,80,,83,83,9,7,6,6,0.1,0.2
2026-02-09T1100,4165A,82.9716,46.7464,塔城地区,文化广场,颗粒物(PM10),54,58,20,3,11,75,,80,80,9,7,7,6,0.5,0.5
2026-02-09T1100,1255A,121.2727,28.6461,台州市,黄岩环保大楼,,49,49,42,34,26,72,,56,56,16,16,/,/,/,/
2026-02-09T1100,1256A,121.4188,28.6545,台州市,台州环保大楼,,46,46,45,26,27,73,,60,57,11,11,/,/,0.5,0.4
2026-02-09T1100,1257A,121.3768,28.5772,台州市,路桥田洋王,,46,46,45,29,27,74,,58,54,19,18,4,3,0.4,0.4
2026-02-09T1100,3564A,121.25678,28.66823971,台州市,台州科技职业学院,,35,35,38,23,26,72,,51,50,11,13,6,5,0.5,0.3
2026-02-09T1100,1081A,112.5138,37.8916,太原市,尖草坪,颗粒物(PM10),60,69,72,24,31,26,,15,15,36,49,7,9,0.7,0.7
2026-02-09T1100,1084A,112.4691,37.7125,太原市,晋源,颗粒物(PM10),69,87,61,42,34,16,,8,8,55,46,28,12,1.7,0.9
2026-02-09T1100,1085A,112.5595,37.7391,太原市,小店,颗粒物(PM10),67,84,73,37,32,13,,3,3,57,57,22,16,1.7,1.2
2026-02-09T1100,1087A,112.5705,37.8199,太原市,坞城,颗粒物(PM10),63,76,72,34,34,14,,6,6,58,60,28,15,1.8,1
2026-02-09T1100,1088A,112.5495,37.9853,太原市,南寨,细颗粒物(PM2.5),53,50,62,37,33,27,,7,7,35,37,9,11,1.1,1.3
2026-02-09T1100,3618A,112.4702,37.7821,太原市,金胜,颗粒物(PM10),64,78,70,32,31,18,,21,14,54,37,30,12,1.4,0.8
2026-02-09T1100,4010A,112.5608,37.8807,太原市,育英中学,,,76,69,27,27,,,10,10,49,49,19,14,1.5,1.1
2026-02-09T1100,4074A,112.449,37.8509,太原市,西矿街336号,,,,71,34,27,15,,28,16,48,36,13,10,1.2,0.9
2026-02-09T1100,4075A,112.4792,37.9393,太原市,迎宾北路9号,颗粒物(PM10),61,71,70,33,31,23,,10,10,36,46,8,11,1.0,1.1
2026-02-09T1100,4076A,112.551,37.8575,太原市,迎泽大街248号,颗粒物(PM10),68,85,65,32,30,11,,7,7,52,49,28,12,1.6,0.8
2026-02-09T1100,1656A,117.1436,36.1938,泰安市,监测站,细颗粒物(PM2.5),65,78,80,47,44,79,,60,60,20,25,8,6,0.6,0.6
2026-02-09T1100,1657A,117.0905,36.2002,泰安市,人口学校,颗粒物(PM10),65,80,76,46,42,73,,66,66,23,22,11,8,0.6,0.6
2026-02-09T1100,1658A,117.0992,36.1757,泰安市,电力学校,细颗粒物(PM2.5),67,70,77,48,50,78,,57,57,20,28,12,10,0.7,0.7
2026-02-09T1100,3502A,117.1812,36.2273,泰安市,国网新校,细颗粒物(PM2.5),65,66,66,47,42,76,,62,62,18,19,9,7,0.7,0.7
2026-02-09T1100,3503A,117.0315,36.2017,泰安市,交通技校,细颗粒物(PM2.5),62,63,65,44,39,77,,70,70,16,15,7,4,0.4,0.4
2026-02-09T1100,3504A,117.083,36.13,泰安市,山东第一医科大学,细颗粒物(PM2.5),70,78,78,51,50,72,,53,53,20,30,10,9,0.5,0.5
2026-02-09T1100,1206A,119.9042,32.488,泰州市,公园路,,36,36,29,22,17,63,,48,45,26,22,11,6,0.8,0.5
2026-02-09T1100,1207A,119.9189,32.4626,泰州市,莲花,,42,42,31,24,21,58,,42,37,21,19,15,10,0.6,0.3
2026-02-09T1100,1209A,119.8877,32.4636,泰州市,留学生创业园,,40,39,33,28,20,64,,49,47,24,22,14,11,0.4,0.3
2026-02-09T1100,2997A,119.8767,32.3291,泰州市,王营,,49,49,38,22,20,68,,45,40,32,33,12,9,0.7,0.5
2026-02-09T1100,3295A,120.1226,32.515,泰州市,姜堰区政府广场,细颗粒物(PM2.5),52,50,41,36,29,68,,45,45,27,29,11,6,0.8,0.5
2026-02-09T1100,3435A,119.9186,32.4322,泰州市,周山河街区,,39,39,37,23,24,63,,34,34,23,22,14,11,0.7,0.5
2026-02-09T1100,1040A,118.1707,39.6505,唐山市,十二中,细颗粒物(PM2.5),92,118,80,68,49,58,,21,21,34,41,7,3,0.8,0.8
2026-02-09T1100,1041A,118.1868,39.6219,唐山市,小山,细颗粒物(PM2.5),97,109,71,72,47,53,,18,18,49,52,13,9,1.0,0.8
2026-02-09T1100,3457A,118.4357,39.277,唐山市,冀东油田职工医院,细颗粒物(PM2.5),78,85,67,57,42,67,,44,44,18,28,10,8,0.5,0.5
2026-02-09T1100,3575A,118.0927,39.5807,唐山市,正泰大街热力站,细颗粒物(PM2.5),109,117,94,82,59,57,,25,25,35,38,10,4,1.4,1
2026-02-09T1100,3576A,118.1561,39.8322,唐山市,丰润区政府,细颗粒物(PM2.5),112,132,93,84,55,37,,11,11,54,39,10,7,0.9,1.2
2026-02-09T1100,3577A,118.436906,39.73802,唐山市,金山小学,细颗粒物(PM2.5),107,138,91,80,49,32,,11,11,62,33,13,6,1.3,0.9
2026-02-09T1100,3578A,118.2449,39.6693,唐山市,政府服务中心,细颗粒物(PM2.5),94,100,76,70,47,56,,10,10,41,40,14,7,0.6,0.8
2026-02-09T1100,3692A,118.2043,39.6703,唐山市,消防缸窑路中队,细颗粒物(PM2.5),85,101,88,63,48,68,,18,18,27,34,11,6,0.8,1.1
2026-02-09T1100,3693A,118.1432,39.6203,唐山市,路南电大,细颗粒物(PM2.5),98,106,79,73,51,54,,21,21,52,47,9,3,0.9,0.9
2026-02-09T1100,4065A,118.1267,39.6579,唐山市,光明北路515号,细颗粒物(PM2.5),112,146,92,84,48,48,,15,15,35,50,6,4,1.2,1
2026-02-09T1100,4197A,118.130859,39.636026,唐山市,友谊北路34号,细颗粒物(PM2.5),99,116,80,74,51,51,,20,20,34,41,4,3,0.8,0.7
2026-02-09T1100,1015A,117.1446,39.1659,天津市,勤俭道,细颗粒物(PM2.5),98,112,95,73,58,55,,43,43,25,37,9,9,0.9,0.9
2026-02-09T1100,1018A,117.2016,39.0928,天津市,前进道,细颗粒物(PM2.5),102,115,91,76,61,51,,39,39,28,33,9,9,0.8,0.7
2026-02-09T1100,1019A,117.1837,39.2134,天津市,淮河道,细颗粒物(PM2.5),100,120,98,75,59,58,,46,46,24,37,8,9,0.8,0.8
2026-02-09T1100,1021A,117.308261,39.088386,天津市,跃进路,细颗粒物(PM2.5),98,114,105,73,61,59,,38,38,23,41,9,8,0.6,0.7
2026-02-09T1100,1023A,117.707,39.0344,天津市,第四大街,细颗粒物(PM2.5),80,92,95,59,54,55,,50,50,30,45,8,6,0.6,0.6
2026-02-09T1100,1024A,117.4573,38.8395,天津市,永明路,,,75,69,62,55,,,23,23,23,48,10,10,0.9,0.7
2026-02-09T1100,1026A,117.7641,39.1588,天津市,汉北路,细颗粒物(PM2.5),85,107,96,63,51,58,,39,39,31,48,10,7,1.1,0.7
2026-02-09T1100,2858A,117.7917,39.2473,天津市,河西一经路,细颗粒物(PM2.5),93,124,96,69,47,61,,35,35,27,50,11,9,1.1,1
2026-02-09T1100,2859A,117.3747,38.9845,天津市,津沽路,细颗粒物(PM2.5),80,96,90,59,55,59,,38,38,28,43,9,8,0.8,0.7
2026-02-09T1100,2860A,117.159,39.0844,天津市,宾水西道,细颗粒物(PM2.5),103,96,80,77,57,49,,33,33,32,39,10,8,0.7,0.7
2026-02-09T1100,2922A,117.194,39.1069,天津市,大理道,细颗粒物(PM2.5),97,102,87,72,60,49,,37,37,34,39,10,10,0.6,0.6
2026-02-09T1100,3020A,117.2096,39.1698,天津市,中山北路,,,92,85,69,53,,,48,48,31,39,7,7,0.7,0.6
2026-02-09T1100,3051A,117.385,39.1483,天津市,西四道,细颗粒物(PM2.5),93,110,92,69,53,52,,25,25,32,50,8,8,0.7,0.6
2026-02-09T1100,3325A,117.0362,39.3827,天津市,雍阳西道,细颗粒物(PM2.5),114,141,104,86,60,57,,37,37,28,41,9,9,0.8,0.8
2026-02-09T1100,3326A,117.0291,39.0612,天津市,辛老路,细颗粒物(PM2.5),97,115,103,72,64,51,,32,32,23,38,8,8,1.0,1
2026-02-09T1100,3327A,116.9638,38.9374,天津市,地纬路,细颗粒物(PM2.5),89,101,95,66,61,51,,29,29,23,45,9,10,0.7,0.8
2026-02-09T1100,3460A,117.4065,40.0583,天津市,北环路,细颗粒物(PM2.5),94,124,52,70,26,38,,36,32,41,21,9,3,0.8,0.5
2026-02-09T1100,3461A,117.3041,39.7167,天津市,建设路,细颗粒物(PM2.5),137,161,96,104,64,39,,9,9,42,51,8,7,0.8,0.9
2026-02-09T1100,3462A,117.8201,39.3519,天津市,滨水东路,细颗粒物(PM2.5),100,120,87,75,47,54,,31,31,33,45,12,13,0.8,1.2
2026-02-09T1100,4196A,117.24369,39.102911,天津市,光华路,细颗粒物(PM2.5),92,86,90,68,55,50,,43,43,35,39,10,10,0.7,0.7
2026-02-09T1100,2650A,105.72058,34.57859,天水市,公园小学,,43,43,42,28,22,64,,80,72,24,13,12,10,0.9,0.7
2026-02-09T1100,2651A,105.89428,34.55353,天水市,麦积国土局,,46,45,49,32,28,69,,79,72,18,14,14,9,0.7,0.6
2026-02-09T1100,2217A,123.865,42.292,铁岭市,水上乐园,颗粒物(PM10),59,68,54,31,20,68,,60,60,24,32,12,13,0.7,0.7
2026-02-09T1100,2219A,123.7158,42.2218,铁岭市,金沙江路北,颗粒物(PM10),66,82,50,39,25,68,,59,59,22,29,6,7,0.7,0.7
2026-02-09T1100,4084A,123.835,42.2853,铁岭市,新华街20号,颗粒物(PM10),73,95,67,44,24,64,,55,55,20,24,16,15,0.8,0.7
2026-02-09T1100,2229A,125.9359,41.7174,通化市,光明,,,,58,,34,34,,20,19,,31,20,12,,0.7
2026-02-09T1100,2230A,125.9446,41.7323,通化市,铁路,细颗粒物(PM2.5),89,99,64,66,39,36,,15,15,41,37,36,12,1.6,1
2026-02-09T1100,2191A,122.253,43.6801,通辽市,艺术职业学校,颗粒物(PM10),60,69,43,34,20,56,,57,53,23,14,34,12,0.8,0.5
2026-02-09T1100,3706A,122.2584,43.6333,通辽市,老干部活动中心,颗粒物(PM10),60,69,46,41,22,49,,51,46,23,14,10,8,0.8,0.6
2026-02-09T1100,3708A,122.2923,43.6189,通辽市,东方明珠社区,细颗粒物(PM2.5),63,61,57,45,30,41,,43,36,32,23,25,9,0.8,0.7
2026-02-09T1100,1923A,109.0696,35.0699,铜川市,王益区政府,细颗粒物(PM2.5),60,67,44,43,28,31,,45,31,47,25,5,4,0.9,0.6
2026-02-09T1100,1924A,108.9345,34.9059,铜川市,新区管委会,细颗粒物(PM2.5),68,58,50,49,32,66,,61,52,27,24,9,6,0.9,0.7
2026-02-09T1100,4234A,108.949652,34.870529,铜川市,大唐三路,颗粒物(PM10),57,63,60,37,34,68,,60,54,24,22,9,10,0.7,0.5
2026-02-09T1100,2285A,117.8176,30.9412,铜陵市,市第四中学,,,58,53,27,26,,,46,41,18,25,6,7,0.5,0.6
2026-02-09T1100,2287A,117.7806,30.9413,铜陵市,市新民污水厂,,43,34,39,30,28,61,,49,49,19,22,6,6,0.3,0.4
2026-02-09T1100,2289A,117.846,30.9414,铜陵市,车站新区,,42,42,46,25,27,67,,38,38,16,27,6,7,0.3,0.5
2026-02-09T1100,2290A,117.8472,30.9699,铜陵市,市职教基地,,44,44,50,25,27,66,,49,49,14,21,6,7,0.4,0.5
2026-02-09T1100,2585A,109.1839,27.7344,铜仁市,铜仁卫校,颗粒物(PM10),53,55,51,29,28,78,,91,86,13,10,2,2,0.6,0.6
2026-02-09T1100,2586A,109.1752,27.6945,铜仁市,铜仁七中,,42,42,31,26,29,83,,90,87,15,14,3,4,0.5,0.5
2026-02-09T1100,2686A,89.1905,42.9419,吐鲁番市,市环保局,颗粒物(PM10),156,262,394,60,81,38,,44,42,33,22,5,2,1.4,1.3
2026-02-09T1100,2687A,89.1674,42.9558,吐鲁番市,地区环保局,颗粒物(PM10),156,261,364,73,83,35,,46,43,36,20,6,4,1.1,1
2026-02-09T1100,1662A,122.121,37.4231,威海市,华夏技校,细颗粒物(PM2.5),59,58,41,42,21,76,,67,66,25,17,/,/,0.6,0.5
2026-02-09T1100,1663A,122.0508,37.5236,威海市,山大分校,细颗粒物(PM2.5),52,49,33,36,19,77,,65,65,23,16,/,/,/,/
2026-02-09T1100,1664A,122.1067,37.5067,威海市,市监测站,,39,37,41,27,20,84,,60,59,19,19,7,6,0.4,0.4
2026-02-09T1100,1982A,122.0693,37.2175,威海市,文登开发区,颗粒物(PM10),56,62,46,36,26,77,,50,50,17,19,/,/,/,/
2026-02-09T1100,3505A,122.1379,37.3414,威海市,临港区管委会,颗粒物(PM10),63,75,43,43,21,76,,61,61,28,16,8,6,0.5,0.4
2026-02-09T1100,1650A,119.1436,36.7022,潍坊市,环保局,,,,82,,45,,,40,40,28,44,,10,0.8,0.8
2026-02-09T1100,2877A,119.1638,36.6524,潍坊市,坊子邮政,颗粒物(PM10),68,85,81,48,46,72,,47,47,22,40,8,11,0.8,0.8
2026-02-09T1100,3178A,119.0587,36.7209,潍坊市,潍坊七中,颗粒物(PM10),67,83,82,46,49,73,,49,49,20,36,8,10,0.7,0.9
2026-02-09T1100,3368A,119.1978,36.6871,潍坊市,高新实验学校,颗粒物(PM10),65,80,78,45,46,76,,49,49,22,38,5,7,0.6,0.7
2026-02-09T1100,3416A,119.1758,36.7139,潍坊市,潍坊学院,颗粒物(PM10),67,83,78,47,41,70,,55,55,31,36,11,10,0.8,0.9
2026-02-09T1100,3861A,119.2046,36.7696,潍坊市,寒亭区实验一小,"颗粒物(PM10),细颗粒物(PM2.5)",64,78,71,46,40,68,,53,53,29,36,9,11,0.7,0.8
2026-02-09T1100,1940A,109.4605,34.4927,渭南市,体育馆,颗粒物(PM10),70,90,81,49,40,43,,36,30,44,43,8,7,0.8,0.6
2026-02-09T1100,1941A,109.4257,34.5067,渭南市,高新一小,细颗粒物(PM2.5),75,73,69,55,42,50,,43,34,29,30,8,7,0.7,0.6
2026-02-09T1100,4235A,109.505065,34.492137,渭南市,渭花路4号,细颗粒物(PM2.5),77,95,77,56,45,28,,27,27,48,38,8,7,0.9,0.7
2026-02-09T1100,1242A,120.6342,28.0088,温州市,瓯海,,43,42,37,30,22,71,,62,59,14,12,8,8,0.4,0.4
2026-02-09T1100,1243A,120.6747,27.9881,温州市,南浦,,,34,37,27,24,,,69,66,,14,,7,,0.4
2026-02-09T1100,1244A,120.76,27.9745,温州市,龙湾,,40,40,42,24,21,79,,68,68,12,12,7,7,0.3,0.3
2026-02-09T1100,3561A,120.6985,27.9252,温州市,茶山,,,,38,,23,,,93,,,13,,,,
2026-02-09T1100,4096A,120.6935,28.0114,温州市,鹿城惠民路,,35,35,34,24,20,75,,61,60,11,12,/,/,0.5,0.4
2026-02-09T1100,2610A,104.2533,23.3595,文山壮族苗族自治州,州水务局,,,7,10,7,8,40,,33,32,,4,6,6,0.5,0.6
2026-02-09T1100,2611A,104.2319,23.3892,文山壮族苗族自治州,市便民服务中心,,14,6,10,3,7,42,,33,33,5,4,5,4,0.8,0.8
2026-02-09T1100,2187A,106.8172,39.6972,乌海市,市林业局,颗粒物(PM10),71,92,85,36,30,67,,48,46,15,33,7,20,0.7,0.8
2026-02-09T1100,2188A,106.7907,39.6666,乌海市,中海勃湾学校,颗粒物(PM10),70,90,71,27,30,69,,42,42,11,29,13,22,0.5,0.7
2026-02-09T1100,3284A,106.8129,39.7274,乌海市,海北新区,颗粒物(PM10),89,128,101,28,24,59,,28,25,13,36,17,29,0.5,0.8
2026-02-09T1100,4278A,106.8212,39.6741,乌海市,海拉北路,颗粒物(PM10),76,102,101,32,24,55,,29,27,12,29,22,25,0.7,0.6
2026-02-09T1100,2197A,113.1306,40.9924,乌兰察布市,集宁新区,,41,41,33,21,17,23,,52,38,44,25,13,7,0.6,0.3
2026-02-09T1100,3034A,113.1076,41.0385,乌兰察布市,光明街小学,"颗粒物(PM10),细颗粒物(PM2.5)",59,68,40,42,21,25,,35,22,45,33,34,18,1.1,0.7
2026-02-09T1100,3285A,113.1383,40.9513,乌兰察布市,北京八中,颗粒物(PM10),64,78,39,34,13,20,,37,26,46,26,15,12,1.1,0.8
2026-02-09T1100,3421A,113.1776,40.9779,乌兰察布市,市委党校,,42,41,37,29,18,34,,19,19,39,36,11,9,0.8,0.7
2026-02-09T1100,1490A,87.5796,43.8299,乌鲁木齐市,监测站,,35,14,52,13,33,26,,26,26,69,50,3,2,0.9,0.8
2026-02-09T1100,1491A,87.6044,43.7679,乌鲁木齐市,收费所,,19,18,49,12,34,58,,49,49,11,30,4,5,0.3,0.7
2026-02-09T1100,1493A,87.5529,43.8704,乌鲁木齐市,铁路局,,34,14,59,12,37,26,,32,32,68,53,2,2,0.7,0.7
2026-02-09T1100,1494A,87.6408,43.8258,乌鲁木齐市,三十一中学,,23,23,51,10,29,46,,48,48,29,26,2,2,0.4,0.4
2026-02-09T1100,1496A,87.7218,44.1747,乌鲁木齐市,米东区环保局,细颗粒物(PM2.5),77,91,116,56,75,76,,77,77,13,31,8,8,0.7,0.9
2026-02-09T1100,3033A,87.4652,43.4569,乌鲁木齐市,培训基地,,26,,25,10,16,81,,83,83,13,9,5,4,0.5,0.5
2026-02-09T1100,3437A,88.3088,43.3637,乌鲁木齐市,达坂城区环保局,,25,25,40,12,22,54,,68,59,11,12,12,8,0.3,0.5
2026-02-09T1100,3438A,87.6132,43.8791,乌鲁木齐市,红光山片区,,36,18,58,10,38,24,,31,31,71,52,9,10,0.5,0.5
2026-02-09T1100,3439A,87.7008,43.8003,乌鲁木齐市,新师大温泉校区,,17,13,36,6,20,52,,70,68,28,20,5,4,0.3,0.3
2026-02-09T1100,3440A,87.4892,43.84,乌鲁木齐市,大绿谷,,20,20,53,3,29,62,,60,60,22,37,2,2,0.5,0.8
2026-02-09T1100,1188A,120.2693,31.4864,无锡市,雪浪,,48,48,32,19,13,73,,39,39,17,21,9,7,0.7,0.6
2026-02-09T1100,1189A,120.2761,31.621,无锡市,黄巷,,40,40,40,21,19,57,,24,24,30,45,8,7,0.5,0.4
2026-02-09T1100,1191A,120.2422,31.5037,无锡市,漆塘,颗粒物(PM10),52,54,42,23,15,71,,40,40,20,24,13,10,0.6,0.6
2026-02-09T1100,1192A,120.3489,31.5865,无锡市,东亭,,29,29,31,17,16,67,,22,22,24,44,11,9,0.3,0.3
2026-02-09T1100,1193A,120.3538,31.5474,无锡市,旺庄,,40,40,39,20,17,61,,24,24,26,41,7,5,1.0,1
2026-02-09T1100,1194A,120.2447,31.5633,无锡市,荣巷,,36,36,29,17,14,69,,31,31,23,34,9,8,0.8,0.7
2026-02-09T1100,1195A,120.2986,31.6816,无锡市,堰桥,,34,34,35,16,16,55,,29,29,30,38,8,6,0.6,0.5
2026-02-09T1100,4087A,120.3138,31.4927,无锡市,清舒道1号,,,37,35,21,18,65,,32,32,26,38,,7,0.7,0.6
2026-02-09T1100,4254A,120.2925,31.5685,无锡市,健康路105号,颗粒物(PM10),53,56,39,17,15,54,,26,26,29,37,11,9,0.9,0.8
2026-02-09T1100,2677A,106.1535,37.9648,吴忠市,教育园区,颗粒物(PM10),168,285,135,50,39,,,47,45,8,20,9,12,0.4,0.6
2026-02-09T1100,2679A,106.1851,37.9957,吴忠市,新区二泵站,颗粒物(PM10),142,233,135,45,35,71,,54,54,10,17,7,9,0.4,0.5
2026-02-09T1100,3648A,106.2176,37.9832,吴忠市,文卫南街,颗粒物(PM10),130,209,123,52,40,77,,54,54,11,17,7,11,0.5,0.5
2026-02-09T1100,1794A,118.3603,31.3515,芜湖市,监测站,,38,38,44,18,24,66,,57,57,19,26,5,7,0.5,0.6
2026-02-09T1100,1795A,118.3716,31.4135,芜湖市,科创中心,,40,40,49,22,32,66,,46,46,22,38,6,7,0.5,0.6
2026-02-09T1100,1796A,118.3671,31.3132,芜湖市,四水厂,,32,24,48,22,31,68,,57,57,18,25,4,5,0.4,0.5
2026-02-09T1100,3328A,118.4209,31.3704,芜湖市,市气象局,,30,28,43,21,28,67,,53,53,15,26,5,6,0.6,0.7
2026-02-09T1100,3465A,118.4783,31.3226,芜湖市,清苑社区,,32,32,53,21,32,68,,39,39,19,40,6,7,0.7,0.7
2026-02-09T1100,3466A,118.2746,31.2326,芜湖市,扬子职业技术学院,,,37,49,26,32,,,46,45,12,21,8,9,0.6,0.7
2026-02-09T1100,4099A,118.5726,31.1371,芜湖市,湾沚区人民法院,,43,34,42,30,32,60,,45,45,17,25,7,8,0.4,0.4
2026-02-09T1100,2496A,111.3126,23.4772,梧州市,市十一中,,40,40,32,27,22,41,,45,42,3,3,8,8,0.2,0.3
2026-02-09T1100,2498A,111.26,23.4794,梧州市,龙新,,43,43,45,24,18,32,,36,32,2,2,6,5,0.2,0.2
2026-02-09T1100,4258A,111.2416,23.4155,梧州市,政贤路18号,,43,43,34,24,20,35,,36,33,14,13,7,5,0.3,0.3
2026-02-09T1100,2711A,87.5352,44.1606,五家渠市,农水大厦,细颗粒物(PM2.5),87,93,115,64,89,41,,55,55,29,27,5,6,1.0,1
2026-02-09T1100,3441A,87.5461,44.1909,五家渠市,经开区管委会,细颗粒物(PM2.5),69,84,125,50,90,51,,52,52,6,18,3,4,0.7,1
2026-02-09T1100,4168A,87.055284,43.999117,五家渠市,建设西街760号,,25,,62,17,48,63,,52,48,11,26,3,4,0.6,1
2026-02-09T1100,1325A,114.3676,30.5584,武汉市,东湖梨园,,46,36,46,32,40,61,,66,61,17,15,8,7,0.5,0.4
2026-02-09T1100,1326A,114.2527,30.5578,武汉市,汉阳月湖,细颗粒物(PM2.5),58,,50,41,47,52,,66,60,25,17,4,5,1.0,0.8
2026-02-09T1100,1327A,114.2819,30.6189,武汉市,汉口花桥,,43,40,52,30,42,58,,69,62,31,25,12,15,0.7,0.7
2026-02-09T1100,1328A,114.3024,30.5332,武汉市,武昌紫阳,细颗粒物(PM2.5),53,51,53,37,42,61,,64,59,21,20,12,9,0.7,0.6
2026-02-09T1100,1329A,114.3646,30.6217,武汉市,青山钢花,,49,48,60,34,42,64,,65,61,22,22,6,7,0.7,0.8
2026-02-09T1100,1330A,114.156697,30.482592,武汉市,沌口新区,,49,49,53,30,43,53,,64,58,28,23,9,9,0.7,0.6
2026-02-09T1100,1331A,114.3013,30.5944,武汉市,汉口江滩,细颗粒物(PM2.5),55,41,51,39,46,54,,66,59,28,21,8,8,0.5,0.5
2026-02-09T1100,1333A,114.1285,30.6339,武汉市,吴家山,,42,42,53,25,48,56,,68,64,37,37,3,4,0.6,0.6
2026-02-09T1100,3153A,114.3876,30.4908,武汉市,民族大道182号,,,,55,,46,54,,62,57,24,21,7,6,0.5,0.4
2026-02-09T1100,2652A,102.6203,37.925,武威市,监测站,颗粒物(PM10),173,296,115,52,44,62,,32,32,11,19,11,13,0.5,0.7
2026-02-09T1100,4270A,102.6447,37.9293,武威市,钟楼街149号,颗粒物(PM10),170,290,118,71,53,65,,32,32,10,19,10,13,0.4,0.7
2026-02-09T1100,1463A,108.9931,34.2629,西安市,兴庆小区,细颗粒物(PM2.5),77,85,70,56,43,52,,32,25,31,33,7,7,0.8,0.7
2026-02-09T1100,1464A,109.0595,34.2569,西安市,纺织城,"颗粒物(PM10),细颗粒物(PM2.5)",83,116,98,61,47,41,,10,10,42,50,5,5,0.4,0.4
2026-02-09T1100,1465A,108.9377,34.2178,西安市,小寨,,,96,93,60,49,,,22,20,36,46,11,10,0.9,0.9
2026-02-09T1100,1466A,108.9522,34.2739,西安市,市人民体育场,细颗粒物(PM2.5),89,117,79,66,44,49,,32,28,38,36,6,5,0.9,0.7
2026-02-09T1100,1467A,108.8923,34.2322,西安市,高新西区,细颗粒物(PM2.5),84,97,87,62,50,47,,18,14,36,41,6,5,0.8,0.8
2026-02-09T1100,1468A,108.9386,34.3446,西安市,经开区,细颗粒物(PM2.5),128,119,72,97,45,25,,47,36,54,24,4,5,1.1,0.7
2026-02-09T1100,1469A,108.894,34.1557,西安市,长安区,细颗粒物(PM2.5),85,98,109,63,65,54,,28,28,30,44,8,6,0.6,0.7
2026-02-09T1100,1471A,109.213,34.3748,西安市,临潼区,细颗粒物(PM2.5),82,83,66,60,38,39,,29,27,37,29,7,6,0.9,0.8
2026-02-09T1100,1474A,109.0508,34.321,西安市,广运潭,,,117,78,,23,45,,29,19,35,29,5,4,0.7,0.6
2026-02-09T1100,3605A,109.1019,34.5302,西安市,无线电监控中心,细颗粒物(PM2.5),73,55,58,53,41,57,,48,38,26,30,9,8,0.5,0.4
2026-02-09T1100,4055A,108.8869,34.2662,西安市,行知小学,细颗粒物(PM2.5),92,106,86,68,52,39,,22,14,46,45,7,5,0.8,0.7
2026-02-09T1100,4233A,108.596239,34.118792,西安市,西苑北路977号,细颗粒物(PM2.5),94,100,105,70,71,53,,40,40,13,23,7,6,0.5,0.5
2026-02-09T1100,4307A,108.9817,34.2035,西安市,曲江池东路988号,细颗粒物(PM2.5),78,79,96,57,58,67,,34,34,28,46,5,4,0.6,0.6
2026-02-09T1100,3055A,101.7775,36.643,西宁市,城北区政府,细颗粒物(PM2.5),88,110,65,65,42,36,,30,25,42,31,52,19,3.7,1.5
2026-02-09T1100,3629A,101.8304,36.5785,西宁市,世纪职校,细颗粒物(PM2.5),93,90,58,69,48,17,,34,22,61,30,24,19,2.4,1.2
2026-02-09T1100,4162A,101.6769,36.6535,西宁市,海晏路105号,细颗粒物(PM2.5),80,89,72,59,48,23,,14,12,39,39,7,9,1.4,1.1
2026-02-09T1100,2612A,100.8018,21.9995,西双版纳傣族自治州,景洪市江南,颗粒物(PM10),52,53,51,31,32,30,,21,17,20,15,6,5,1.0,0.9
2026-02-09T1100,2613A,100.7995,22.0238,西双版纳傣族自治州,景洪市江北,,39,34,44,27,27,38,,32,26,10,10,6,6,0.7,0.8
2026-02-09T1100,2202A,116.1048,43.9318,锡林郭勒盟,市环保监测站,,27,27,20,11,7,64,,58,58,11,13,5,3,0.5,0.4
2026-02-09T1100,2203A,116.0778,43.9312,锡林郭勒盟,市政府,,,,13,,7,,,73,,,5,,,,0.2
2026-02-09T1100,1287A,118.1519,24.4768,厦门市,洪文,,34,34,48,19,18,87,,89,85,9,10,2,2,0.4,0.4
2026-02-09T1100,1288A,118.0671,24.4447,厦门市,鼓浪屿,,29,28,42,16,20,91,,92,87,6,8,3,1,/,/
2026-02-09T1100,2842A,118.0937,24.5054,厦门市,湖里中学,,29,29,41,17,23,87,,86,82,9,11,2,2,0.4,0.4
2026-02-09T1100,3527A,118.0961,24.5689,厦门市,集美中学,,30,28,36,14,20,93,,,,6,8,2,2,0.3,0.4
2026-02-09T1100,3528A,118.1502,24.7246,厦门市,同安二实小,,29,16,28,10,17,92,,91,89,5,8,2,2,0.3,0.4
2026-02-09T1100,3655A,114.3379,29.8683,咸宁市,长江产业园,细颗粒物(PM2.5),57,54,51,40,37,63,,72,67,23,17,6,6,0.7,0.6
2026-02-09T1100,4217A,114.3182,29.8447,咸宁市,双鹤路18号,颗粒物(PM10),51,51,51,29,36,68,,76,73,22,18,4,4,0.4,0.4
2026-02-09T1100,4298A,114.284,29.8595,咸宁市,碧桂路,颗粒物(PM10),52,54,50,30,37,62,,73,69,26,24,3,4,0.6,0.5
2026-02-09T1100,1919A,108.6726,34.315,咸阳市,实验中学,细颗粒物(PM2.5),93,99,77,69,52,26,,22,11,44,33,6,7,0.8,0.6
2026-02-09T1100,1920A,108.7226,34.3622,咸阳市,师范学院,细颗粒物(PM2.5),75,73,59,55,39,40,,47,43,39,25,6,7,0.8,0.7
2026-02-09T1100,3525A,108.6394,34.408,咸阳市,奥体中心,细颗粒物(PM2.5),74,71,65,54,41,60,,37,35,20,27,9,5,0.6,0.5
2026-02-09T1100,4056A,108.6601,34.3767,咸阳市,五陵塬路2号,细颗粒物(PM2.5),74,90,76,54,43,55,,33,30,27,38,6,6,0.6,0.5
2026-02-09T1100,4156A,108.6372,34.3031,咸阳市,胭脂路9号,,,100,88,62,50,19,,8,6,,37,4,5,0.8,0.7
2026-02-09T1100,1508A,112.9508,27.8626,湘潭市,板塘,细颗粒物(PM2.5),57,59,57,40,36,46,,56,56,37,28,2,2,0.3,0.3
2026-02-09T1100,1511A,112.9114,27.8404,湘潭市,市监测站,细颗粒物(PM2.5),62,54,63,44,38,48,,51,50,42,28,3,4,0.7,0.3
2026-02-09T1100,1512A,112.8935,27.8729,湘潭市,江麓,颗粒物(PM10),67,83,60,46,44,44,,53,53,32,20,6,7,0.5,0.5
2026-02-09T1100,1513A,112.9227,27.8159,湘潭市,岳塘,细颗粒物(PM2.5),55,,52,39,38,52,,39,39,32,28,9,8,0.7,0.7
2026-02-09T1100,1514A,112.9073,27.9118,湘潭市,科大,细颗粒物(PM2.5),62,68,53,44,43,52,,63,63,32,18,3,3,0.2,0.2
2026-02-09T1100,1562A,113.0048,27.9153,湘潭市,昭山,细颗粒物(PM2.5),78,58,62,57,41,14,,20,19,28,19,2,2,0.5,0.6
2026-02-09T1100,2493A,109.7298,28.3164,湘西土家族苗族自治州,州政府,,,46,54,40,33,,,60,54,14,13,5,4,0.6,0.5
2026-02-09T1100,2494A,109.6957,28.2676,湘西土家族苗族自治州,吉首市计生局,细颗粒物(PM2.5),59,49,54,42,31,55,,78,62,30,18,8,9,0.3,0.3
2026-02-09T1100,2432A,112.1555,32.0197,襄阳市,襄城运动路,细颗粒物(PM2.5),68,71,84,49,50,72,,74,72,16,17,7,10,0.8,0.8
2026-02-09T1100,2434A,112.1829,32.1146,襄阳市,高新管委会,细颗粒物(PM2.5),70,68,81,51,54,75,,78,77,9,12,5,8,0.5,0.5
2026-02-09T1100,2435A,112.2105,32.0903,襄阳市,襄州航空路,"颗粒物(PM10),细颗粒物(PM2.5)",58,65,83,41,50,79,,80,78,17,18,6,8,0.9,0.9
2026-02-09T1100,3396A,112.0764,32.0089,襄阳市,襄城隆中路,细颗粒物(PM2.5),88,65,84,65,58,69,,80,77,18,18,8,14,0.8,0.8
2026-02-09T1100,3397A,112.1154,32.103,襄阳市,高新台子湾,细颗粒物(PM2.5),59,63,87,42,53,64,,75,72,19,19,3,5,0.6,0.5
2026-02-09T1100,4251A,112.1433,32.0581,襄阳市,铁院东路4号,细颗粒物(PM2.5),62,60,81,44,47,71,,77,75,15,17,5,9,0.4,0.4
2026-02-09T1100,2444A,113.9062,30.9378,孝感市,东城区,细颗粒物(PM2.5),89,88,70,66,50,36,,60,58,42,29,4,4,1.0,0.9
2026-02-09T1100,4125A,113.946,30.8999,孝感市,天仙南路1号,颗粒物(PM10),66,81,85,46,48,41,,52,51,45,29,5,4,0.8,0.7
2026-02-09T1100,2181A,112.7313,38.457,忻州市,开发区,细颗粒物(PM2.5),127,141,110,96,78,20,,17,17,51,49,15,14,1.3,1.1
2026-02-09T1100,2182A,112.7023,38.4932,忻州市,会展中心,,,,126,,88,,,7,6,,42,,7,,1.4
2026-02-09T1100,3208A,112.7279,38.4157,忻州市,市政府,细颗粒物(PM2.5),88,102,89,65,56,25,,22,22,45,48,8,9,1.5,1.1
2026-02-09T1100,2389A,113.836,35.3104,新乡市,环保西院,,,,116,,70,,,43,39,27,24,10,10,0.8,0.7
2026-02-09T1100,2390A,113.8847,35.2724,新乡市,开发区,细颗粒物(PM2.5),80,67,88,59,68,52,,47,46,29,27,8,8,0.5,0.5
2026-02-09T1100,2391A,113.8836,35.3028,新乡市,环保东院,细颗粒物(PM2.5),85,88,96,63,67,49,,48,45,31,30,7,7,0.8,0.8
2026-02-09T1100,3054A,113.9194,35.2847,新乡市,市委党校,细颗粒物(PM2.5),77,91,100,56,69,53,,40,40,33,35,10,10,0.5,0.5
2026-02-09T1100,3475A,113.9189,35.3042,新乡市,市政府,细颗粒物(PM2.5),82,98,107,60,70,54,,49,48,35,32,8,8,0.5,0.5
2026-02-09T1100,3689A,113.9002,35.372,新乡市,行政服务中心,细颗粒物(PM2.5),110,95,104,83,81,50,,36,36,33,41,,9,,0.8
2026-02-09T1100,4215A,113.916569,35.331547,新乡市,建设东路46号,细颗粒物(PM2.5),83,81,100,61,70,53,,51,49,28,26,11,11,0.7,0.6
2026-02-09T1100,2353A,114.9887,27.8433,新余市,飞宇,"颗粒物(PM10),细颗粒物(PM2.5)",52,54,55,36,35,65,,65,61,18,15,17,15,0.4,0.3
2026-02-09T1100,2354A,114.9234,27.8248,新余市,第二水厂,细颗粒物(PM2.5),54,49,50,38,36,72,,70,66,18,15,11,10,0,0
2026-02-09T1100,2355A,114.931,27.8037,新余市,市气象局,细颗粒物(PM2.5),54,45,45,38,40,52,,55,52,19,14,14,10,0.8,0.6
2026-02-09T1100,3206A,114.9148,27.8069,新余市,新钢沁园村,"颗粒物(PM10),细颗粒物(PM2.5)",54,57,60,38,36,56,,57,54,16,12,14,11,0.6,0.4
2026-02-09T1100,2054A,114.1096,32.1059,信阳市,平桥分局,细颗粒物(PM2.5),62,56,64,44,47,77,,54,54,12,23,6,6,0.5,0.6
2026-02-09T1100,2064A,113.9956,32.1272,信阳市,南湾水厂,细颗粒物(PM2.5),63,69,72,45,44,84,,65,65,12,16,4,3,0.5,0.5
2026-02-09T1100,2065A,114.078,32.1194,信阳市,市酿酒公司,颗粒物(PM10),61,71,70,41,47,72,,51,51,14,25,5,5,0.5,0.5
2026-02-09T1100,2066A,114.0712,32.1393,信阳市,审计局,,,,70,,52,80,,54,54,,25,7,7,0.4,0.5
2026-02-09T1100,4280A,122.0921,46.065,兴安盟,洮儿河南路,,,53,39,28,15,39,,54,42,,15,,6,2.4,1.1
2026-02-09T1100,4311A,122.0383,46.0691,兴安盟,科尔沁北路63号,,39,39,35,16,14,43,,54,39,25,13,6,6,0.7,0.7
2026-02-09T1100,1077A,114.4687,37.0883,邢台市,达活泉,细颗粒物(PM2.5),99,123,111,74,64,47,,25,25,27,28,12,14,1.2,1.2
2026-02-09T1100,1078A,114.4954,37.0309,邢台市,邢师高专,细颗粒物(PM2.5),88,90,97,65,66,45,,30,28,29,33,7,9,1.0,1.2
2026-02-09T1100,1079A,114.5281,37.0857,邢台市,路桥公司,细颗粒物(PM2.5),90,99,98,67,70,37,,28,23,23,24,10,12,0.9,1.1
2026-02-09T1100,1080A,114.4721,37.0713,邢台市,市环保局,细颗粒物(PM2.5),102,110,112,76,73,42,,25,24,26,27,10,12,0.9,0.9
2026-02-09T1100,4070A,114.5558,37.0578,邢台市,襄都区政府南院,细颗粒物(PM2.5),87,80,97,64,74,46,,20,20,32,49,8,10,0.6,0.8
2026-02-09T1100,3584A,115.8845,39.034,雄安新区,容城县环境保护局,细颗粒物(PM2.5),147,148,104,112,68,42,,20,20,32,45,7,7,0.8,0.7
2026-02-09T1100,3585A,115.8644,39.0594,雄安新区,河北容城中学,细颗粒物(PM2.5),135,143,95,103,67,35,,22,22,36,48,11,10,0.8,0.8
2026-02-09T1100,3586A,115.9234,38.9403,雄安新区,安新县民政局,细颗粒物(PM2.5),139,153,109,106,70,48,,31,31,24,32,7,8,0.7,0.7
2026-02-09T1100,3587A,115.9341,38.9332,雄安新区,安新县电力局,细颗粒物(PM2.5),137,138,102,104,73,50,,31,31,25,35,10,10,0.7,0.7
2026-02-09T1100,3588A,116.0897,38.9816,雄安新区,雄县环境保护局,细颗粒物(PM2.5),128,146,124,97,74,44,,28,28,21,39,6,9,0.7,0.8
2026-02-09T1100,3589A,116.1106,39.0048,雄安新区,雄县国土资源局,细颗粒物(PM2.5),135,130,108,103,71,42,,30,30,21,33,10,11,0.7,0.7
2026-02-09T1100,1180A,117.257,34.2161,徐州市,新城区,细颗粒物(PM2.5),60,66,80,43,47,61,,45,45,23,37,10,10,0.6,0.5
2026-02-09T1100,1182A,117.2933,34.2796,徐州市,农科院,细颗粒物(PM2.5),53,53,69,37,48,64,,37,37,27,38,12,11,0.7,0.7
2026-02-09T1100,3005A,117.1812,34.29,徐州市,鼓楼区政府,颗粒物(PM10),55,59,59,35,39,55,,41,40,31,29,12,12,0.4,0.4
2026-02-09T1100,3006A,117.1693,34.1781,徐州市,铜山区招生办,颗粒物(PM10),59,68,72,40,44,61,,34,34,29,38,8,8,0.6,0.6
2026-02-09T1100,3288A,117.4619,34.4368,徐州市,大泉街道,颗粒物(PM10),62,73,76,37,43,56,,48,48,21,26,11,10,0.6,0.6
2026-02-09T1100,4088A,117.1553,34.2567,徐州市,纺织东路16号,颗粒物(PM10),59,67,68,37,39,60,,44,44,27,26,11,10,0.5,0.4
2026-02-09T1100,4186A,117.194237,34.229354,徐州市,解放南路202号,颗粒物(PM10),61,71,72,42,42,63,,45,45,24,27,11,10,0.6,0.5
2026-02-09T1100,4288A,117.2438,34.2844,徐州市,龙潭环路5号,,,51,68,39,46,,,39,37,27,28,,8,0.3,0.4
2026-02-09T1100,2398A,113.7904,33.9949,许昌市,开发区,,,,105,,61,,,33,24,27,37,6,5,0.7,0.6
2026-02-09T1100,3134A,113.8172,34.0339,许昌市,市一中,,,88,81,65,56,,,60,51,28,23,6,6,1.0,0.8
2026-02-09T1100,3337A,113.8611,34.0443,许昌市,许昌学院,细颗粒物(PM2.5),77,95,89,56,58,47,,48,44,32,29,5,5,0.8,0.7
2026-02-09T1100,3338A,113.8428,34.0825,许昌市,芙蓉广场,细颗粒物(PM2.5),69,79,81,50,56,49,,63,55,31,22,5,5,0.7,0.6
2026-02-09T1100,4180A,113.8157285,34.126705,许昌市,新元大道996号,细颗粒物(PM2.5),77,99,99,56,57,61,,69,61,24,19,7,7,0.7,0.6
2026-02-09T1100,4259A,113.835877,34.0155267,许昌市,望田路111号,细颗粒物(PM2.5),97,89,83,72,60,44,,45,38,35,34,7,6,0.7,0.5
2026-02-09T1100,2316A,118.7578,30.9457,宣城市,鳌峰子站,,34,34,42,19,25,69,,53,53,12,22,6,5,0.4,0.4
2026-02-09T1100,2317A,118.7384,30.9745,宣城市,敬亭山子站,,,38,44,23,30,,,37,35,,16,,3,,0.3
2026-02-09T1100,2318A,118.7172,30.9428,宣城市,开发区子站,,35,35,42,24,27,69,,56,56,11,17,7,7,0.4,0.4
2026-02-09T1100,2555A,103.011,29.9833,雅安市,市政府,,50,44,44,35,30,29,,41,35,17,15,3,3,0.8,0.6
2026-02-09T1100,2556A,102.9907,29.9778,雅安市,川农大,,,36,38,32,27,,,37,32,20,14,4,4,0.7,0.5
2026-02-09T1100,4306A,103.0544,30.0133,雅安市,滨江西路,,50,,34,35,32,36,,42,39,17,17,6,7,0.8,0.6
2026-02-09T1100,1642A,121.2517,37.564,烟台市,开发区,细颗粒物(PM2.5),78,70,45,57,29,50,,39,36,41,28,14,10,0.9,0.7
2026-02-09T1100,1644A,121.3181,37.5436,烟台市,西郊化工站,颗粒物(PM10),54,58,48,37,25,77,,63,63,23,21,8,7,0.4,0.4
2026-02-09T1100,1645A,121.4419,37.4858,烟台市,莱山环保局,颗粒物(PM10),68,85,59,46,30,70,,50,50,23,24,11,10,0.8,0.7
2026-02-09T1100,1646A,121.2619,37.4965,烟台市,福山环保局,细颗粒物(PM2.5),77,97,68,56,34,59,,28,28,37,34,11,6,1.0,1
2026-02-09T1100,3057A,121.5989,37.4016,烟台市,牟平检察院,颗粒物(PM10),59,68,56,39,31,77,,51,50,26,26,14,10,0.7,0.7
2026-02-09T1100,3366A,121.5202,37.4336,烟台市,中国农业大学,细颗粒物(PM2.5),63,70,52,45,24,75,,57,57,23,20,10,7,0.6,0.5
2026-02-09T1100,4213A,121.364239,37.529648,烟台市,青年南路118号,,,,44,,22,,,52,50,25,18,11,8,,0.4
2026-02-09T1100,1927A,109.4569,36.6161,延安市,延大医附院,颗粒物(PM10),61,72,50,30,25,31,,4,4,39,41,4,3,1.1,1
2026-02-09T1100,1929A,109.5053,36.6105,延安市,百米大道,颗粒物(PM10),59,67,70,32,28,44,,12,12,28,31,3,3,0.8,0.9
2026-02-09T1100,4161A,109.485,36.6347,延安市,志丹路,颗粒物(PM10),58,65,46,36,21,64,,34,34,27,36,5,3,0.9,0.9
2026-02-09T1100,2237A,129.4704,42.8885,延边朝鲜族自治州,妇幼医院,,26,25,26,11,14,81,,49,48,6,12,5,8,0.4,0.4
2026-02-09T1100,2238A,129.5047,42.9117,延边朝鲜族自治州,延边医院,,,29,25,14,14,,,45,34,17,11,6,5,0.8,0.6
2026-02-09T1100,2239A,129.395,42.8884,延边朝鲜族自治州,朝阳川镇医院,,30,30,23,14,15,81,,48,48,4,5,5,4,0.6,0.6
2026-02-09T1100,1216A,120.1554,33.3941,盐城市,市监测站,细颗粒物(PM2.5),52,46,41,36,30,63,,46,46,21,29,10,8,0.9,0.6
2026-02-09T1100,1218A,120.214332,33.37951,盐城市,开发区管委会,细颗粒物(PM2.5),60,56,46,43,31,56,,40,40,22,26,9,6,1.0,0.6
2026-02-09T1100,3004A,120.1543,33.3664,盐城市,宝龙广场,,,,36,,29,,,83,,,28,,7,,0.4
2026-02-09T1100,3293A,120.1518,33.3369,盐城市,月亮广场,细颗粒物(PM2.5),58,57,46,41,31,55,,43,43,27,26,12,8,0.9,0.6
2026-02-09T1100,3436A,120.4283,33.2048,盐城市,大丰高级中学,颗粒物(PM10),54,58,50,36,33,59,,41,41,23,22,16,12,1.5,0.9
2026-02-09T1100,4207A,120.12211,33.393982,盐城市,黄海中路88号,,48,48,45,33,25,64,,54,54,20,26,9,6,1.1,0.7
2026-02-09T1100,1186A,119.3895,32.377,扬州市,邗江监测站,,46,46,39,14,14,64,,41,41,28,31,3,3,0.8,0.7
2026-02-09T1100,2869A,119.4472,32.4156,扬州市,五台山医院,,40,40,34,28,24,60,,31,31,32,44,3,2,0.7,0.6
2026-02-09T1100,3164A,119.4682,32.394,扬州市,广陵建设局,,46,46,39,25,21,62,,26,26,27,45,6,4,0.7,0.6
2026-02-09T1100,3195A,119.3649,32.3961,扬州市,市体育局,,,,35,20,18,63,,42,42,32,37,4,4,0.6,0.6
2026-02-09T1100,3294A,119.565282,32.422263,扬州市,引江管理处,颗粒物(PM10),51,51,36,25,21,59,,35,35,34,39,2,3,0.6,0.4
2026-02-09T1100,4093A,119.5202,32.3705,扬州市,廖家沟步道,,,,,,,,,,,,,,,,
2026-02-09T1100,1701A,111.9491,21.8658,阳江市,马南垌,颗粒物(PM10),53,55,44,28,24,56,,62,58,22,15,6,6,0.5,0.5
2026-02-09T1100,3317A,111.9785,21.8954,阳江市,两阳中学,颗粒物(PM10),52,54,46,25,21,58,,60,58,18,15,/,/,0.6,0.6
2026-02-09T1100,3453A,112.0125,21.8749,阳江市,阳东陶然,颗粒物(PM10),52,53,45,27,23,60,,64,61,22,18,8,7,0.7,0.7
2026-02-09T1100,1739A,113.4894,37.8717,阳泉市,赛鱼,颗粒物(PM10),55,59,69,28,25,42,,49,46,59,53,20,11,0.8,0.8
2026-02-09T1100,1740A,113.582,37.8473,阳泉市,南庄,颗粒物(PM10),67,83,57,36,25,37,,17,17,45,35,41,10,1.3,0.8
2026-02-09T1100,1742A,113.5616,37.8706,阳泉市,平坦,颗粒物(PM10),71,91,66,43,26,32,,31,29,51,48,33,11,1.4,0.8
2026-02-09T1100,1743A,113.5115,37.8391,阳泉市,大阳泉,,31,31,29,12,16,72,,63,63,20,21,8,10,0.6,0.6
2026-02-09T1100,3619A,113.6169,37.8565,阳泉市,龙柱,细颗粒物(PM2.5),73,92,67,53,32,20,,7,7,54,40,65,19,1.5,1
2026-02-09T1100,4077A,113.588,37.8712,阳泉市,宁波路,颗粒物(PM10),70,90,62,34,26,37,,23,23,44,40,34,11,1.4,1
2026-02-09T1100,2252A,128.8663,47.7199,伊春市,环保局,,49,49,45,32,37,46,,46,44,28,19,10,6,0.8,0.6
2026-02-09T1100,2253A,128.9014,47.732,伊春市,电力嘉园,颗粒物(PM10),52,54,61,35,37,47,,41,41,20,17,12,6,0.6,0.6
2026-02-09T1100,3342A,128.7948,47.7291,伊春市,中心小学,细颗粒物(PM2.5),78,70,50,57,38,47,,44,41,23,14,5,4,0.8,0.6
2026-02-09T1100,3343A,128.6736,47.729,伊春市,检察院,,,48,46,41,36,,,52,45,,15,8,8,0.5,0.5
2026-02-09T1100,4284A,128.8325,47.8447,伊春市,永安路4-1号,细颗粒物(PM2.5),78,68,50,57,42,54,,53,50,20,12,8,6,0.8,0.6
2026-02-09T1100,2704A,81.3002,43.9177,伊犁哈萨克自治州,新政府片区,,32,32,18,3,8,83,,85,85,14,13,5,5,0.3,0.4
2026-02-09T1100,2705A,81.3364,43.9409,伊犁哈萨克自治州,第二水厂,颗粒物(PM10),52,53,21,8,12,90,,90,90,7,10,5,5,0.3,0.4
2026-02-09T1100,4273A,81.2737,43.9337,伊犁哈萨克自治州,安徽路800号,,44,44,20,3,10,92,,91,91,8,10,5,4,0.4,0.5
2026-02-09T1100,1883A,104.6204,28.7728,宜宾市,市委,细颗粒物(PM2.5),65,50,41,47,31,33,,39,32,20,19,7,7,0.9,0.8
2026-02-09T1100,1884A,104.6056,28.7931,宜宾市,宜宾四中,细颗粒物(PM2.5),69,64,44,50,33,32,,39,34,16,16,6,6,0.8,0.7
2026-02-09T1100,1886A,104.5743,28.7199,宜宾市,黄金嘴,,50,45,39,35,26,32,,42,34,22,16,8,8,0.9,0.7
2026-02-09T1100,3728A,104.6701,28.8053,宜宾市,白酒学院,,45,42,38,31,26,31,,40,35,22,19,4,5,0.9,0.8
2026-02-09T1100,4149A,104.6146,28.7422,宜宾市,宜宾市职业技术学校,细颗粒物(PM2.5),58,46,38,41,32,35,,44,37,20,17,7,7,0.5,0.4
2026-02-09T1100,1840A,111.2991,30.6981,宜昌市,白龙岗,细颗粒物(PM2.5),85,68,86,63,63,42,,63,58,29,18,5,7,0.2,0.1
2026-02-09T1100,1842A,111.263451,30.696754,宜昌市,点军区,细颗粒物(PM2.5),77,57,74,56,60,45,,53,53,23,23,3,6,0.3,0.4
2026-02-09T1100,1843A,111.3276,30.782,宜昌市,夷陵区,,,62,85,,68,52,,68,66,21,18,9,9,0.5,0.5
2026-02-09T1100,3546A,111.4606,30.5519,宜昌市,猇亭区张家湾站,细颗粒物(PM2.5),98,,80,73,63,49,,59,54,15,16,9,10,0.2,0.2
2026-02-09T1100,4203A,111.3168,30.7203,宜昌市,西陵二路116号,细颗粒物(PM2.5),82,64,98,60,58,60,,68,66,29,23,6,7,0.7,0.6
2026-02-09T1100,4204A,111.3526,30.6374,宜昌市,沈家店路6号,细颗粒物(PM2.5),79,68,80,58,63,41,,53,53,33,24,5,7,0.3,0.2
2026-02-09T1100,2373A,114.3954,27.7843,宜春市,市石油公司,细颗粒物(PM2.5),59,57,53,42,38,54,,51,51,22,18,13,9,0.4,0.3
2026-02-09T1100,2374A,114.37,27.7916,宜春市,市气象局,细颗粒物(PM2.5),53,53,50,37,37,54,,56,55,19,14,8,7,0.5,0.4
2026-02-09T1100,2375A,114.401,27.8059,宜春市,市广电局,细颗粒物(PM2.5),57,48,47,40,35,53,,62,56,22,16,8,7,0.7,0.6
2026-02-09T1100,3151A,114.375,27.8096,宜春市,宜春学院北校区,"颗粒物(PM10),细颗粒物(PM2.5)",54,57,48,38,36,62,,71,64,18,12,13,11,0.6,0.5
2026-02-09T1100,2468A,112.3458,28.581,益阳市,市环保局,细颗粒物(PM2.5),90,76,76,67,58,52,,49,49,18,18,4,5,0.9,0.9
2026-02-09T1100,4181A,112.3571,28.5588,益阳市,龙洲站,细颗粒物(PM2.5),83,72,78,61,53,56,,41,41,15,17,5,6,0.7,0.7
2026-02-09T1100,4187A,112.3425,28.611,益阳市,幸福渠东路223号,细颗粒物(PM2.5),98,,75,73,63,52,,40,40,17,20,3,4,0.6,0.6
2026-02-09T1100,4188A,112.3712,28.5764,益阳市,益鑫泰路85号,细颗粒物(PM2.5),83,67,65,61,56,56,,44,44,21,27,2,4,0.6,0.6
2026-02-09T1100,1489A,106.1361,38.5039,银川市,学院路,颗粒物(PM10),81,111,100,49,45,32,,17,15,41,48,44,19,1.6,1
2026-02-09T1100,2924A,106.2266,38.4417,银川市,水乡路,颗粒物(PM10),90,130,108,50,46,33,,32,32,36,50,25,15,1.3,0.8
2026-02-09T1100,2925A,106.2758,38.4841,银川市,上海东路,颗粒物(PM10),73,95,90,52,48,25,,15,15,38,49,20,14,1.1,0.7
2026-02-09T1100,2926A,106.1016,38.4971,银川市,文昌北街,颗粒物(PM10),90,130,98,55,39,35,,28,21,39,38,60,21,2.0,0.9
2026-02-09T1100,3523A,106.5105,38.3857,银川市,滨河新区,颗粒物(PM10),93,136,96,56,34,47,,50,50,28,28,15,26,0.6,0.5
2026-02-09T1100,4242A,106.226373,38.491976,银川市,广场西路,,,,103,,38,33,,12,10,23,47,30,13,,0.9
2026-02-09T1100,2358A,117.0561,28.2641,鹰潭市,新监测站,,40,37,33,28,31,63,,68,64,18,13,23,13,0.5,0.6
2026-02-09T1100,2359A,117.0312,28.2474,鹰潭市,财苑宾馆,,39,38,36,27,29,74,,79,74,12,8,17,9,/,/
2026-02-09T1100,2360A,117.0221,28.2263,鹰潭市,体育馆,,38,36,35,26,29,66,,63,62,12,10,8,11,0.4,0.4
2026-02-09T1100,1597A,122.2704,40.7093,营口市,大庆路,细颗粒物(PM2.5),108,142,44,81,23,73,,52,52,24,22,14,9,0.9,0.8
2026-02-09T1100,1598A,122.215,40.6511,营口市,镜湖西路,细颗粒物(PM2.5),114,154,58,86,25,70,,50,50,17,15,13,11,1.3,1
2026-02-09T1100,1599A,122.1667,40.665,营口市,西炮台,细颗粒物(PM2.5),109,166,50,82,25,73,,51,51,19,17,15,11,0.6,0.9
2026-02-09T1100,3379A,122.1122,40.2275,营口市,鲅鱼圈市民活动中心,细颗粒物(PM2.5),107,121,45,80,24,70,,52,52,28,23,11,8,0.9,0.7
2026-02-09T1100,3866A,122.2469,40.663,营口市,三高中,细颗粒物(PM2.5),104,104,51,78,22,66,,46,46,15,14,14,10,0.8,0.6
2026-02-09T1100,4006A,122.3622,40.6762,营口市,老边实验小学,颗粒物(PM10),106,161,61,63,27,71,,46,46,29,34,12,9,0.5,0.6
2026-02-09T1100,2478A,111.6126,26.4266,永州市,市环境监测站,细颗粒物(PM2.5),72,63,76,52,61,40,,14,14,18,22,6,3,0.4,0.4
2026-02-09T1100,2480A,111.6248,26.3803,永州市,永州市环保局,细颗粒物(PM2.5),67,57,75,48,58,41,,12,12,13,18,4,4,0.6,0.6
2026-02-09T1100,2481A,111.5989,26.4523,永州市,冷水滩区环保局,细颗粒物(PM2.5),69,68,87,50,58,46,,16,16,16,21,6,4,0.7,0.7
2026-02-09T1100,4299A,111.6195,26.2253,永州市,徐家井路86号,细颗粒物(PM2.5),69,59,70,50,56,42,,27,27,28,18,4,3,0.6,0.6
2026-02-09T1100,2639A,109.7445,38.2919,榆林市,世纪广场,,31,31,25,18,13,59,,55,55,27,37,6,5,0.7,0.5
2026-02-09T1100,2640A,109.729,38.2837,榆林市,实验中学,,29,29,24,20,13,62,,59,59,25,26,6,4,0.8,0.6
2026-02-09T1100,2641A,109.7347,38.2491,榆林市,环保监测大楼,,38,28,24,26,17,60,,59,59,24,25,7,6,0.6,0.4
2026-02-09T1100,2511A,110.1433,22.6162,玉林市,南江一中,,50,50,33,32,24,39,,40,38,23,15,1,2,0.7,0.7
2026-02-09T1100,3532A,110.1951,22.6832,玉林市,玉林师范学院东校区,,45,42,27,31,21,38,,43,38,27,17,7,3,0.6,0.6
2026-02-09T1100,3533A,110.0527,22.5894,玉林市,福绵环保局,,45,45,28,19,18,32,,32,30,21,19,6,4,0.6,0.5
2026-02-09T1100,4255A,110.16795,22.640993,玉林市,人民东路196号,,46,46,36,18,24,32,,38,32,26,18,3,2,0.8,0.8
2026-02-09T1100,2675A,97.0386,33.0138,玉树藏族自治州,玉树县结古镇,,50,50,27,14,10,46,,56,44,20,12,18,8,0.6,0.5
2026-02-09T1100,1715A,102.575,24.371,玉溪市,东风水库,,,,33,,22,52,,49,43,16,10,6,6,0.9,0.7
2026-02-09T1100,2882A,102.5388,24.3703,玉溪市,玉溪一中,,46,43,37,32,24,48,,38,32,17,14,4,4,0.7,0.6
2026-02-09T1100,2883A,102.5382,24.339,玉溪市,文体中心,,49,44,39,34,23,50,,37,33,16,13,6,6,0.8,0.8
2026-02-09T1100,1848A,113.1494,29.425,岳阳市,城陵矶,细颗粒物(PM2.5),53,49,64,37,46,62,,33,33,21,38,9,14,0.6,0.6
2026-02-09T1100,1849A,113.1493,29.3575,岳阳市,开发区,颗粒物(PM10),54,58,67,36,46,54,,39,39,20,29,5,7,0.4,0.5
2026-02-09T1100,1850A,113.2672,29.4752,岳阳市,云溪区,细颗粒物(PM2.5),52,51,65,36,44,45,,24,24,27,32,8,10,0.7,0.8
2026-02-09T1100,1851A,112.9944,29.44,岳阳市,君山区,细颗粒物(PM2.5),60,44,54,43,45,59,,53,52,22,22,8,8,0.6,0.5
2026-02-09T1100,4265A,113.108806,29.353066,岳阳市,求索西路365号,细颗粒物(PM2.5),62,,51,44,50,46,,37,37,15,23,7,9,0.9,0.7
2026-02-09T1100,1714A,112.0281,22.9738,云浮市,牧羊,颗粒物(PM10),54,58,30,24,16,57,,52,50,20,13,7,6,0.5,0.5
2026-02-09T1100,3628A,112.0335,22.9376,云浮市,文笔,,43,43,38,27,18,61,,60,58,19,15,6,5,0.7,0.7
2026-02-09T1100,2175A,110.996,35.0148,运城市,运城中学,颗粒物(PM10),56,62,53,38,33,76,,85,81,21,17,8,8,0.9,0.8
2026-02-09T1100,2178A,110.9685,35.0305,运城市,地区技校,细颗粒物(PM2.5),69,61,58,50,33,70,,82,76,22,18,8,7,0.7,0.5
2026-02-09T1100,3667A,111.0279,35.0543,运城市,水利职院,颗粒物(PM10),60,69,59,38,29,87,,91,85,18,16,9,10,0.6,0.5
2026-02-09T1100,3670A,111.0522,35.0439,运城市,禹都公园,颗粒物(PM10),60,69,58,42,33,92,,89,86,12,13,10,10,0.9,0.9
2026-02-09T1100,4081A,111.0081,35.0748,运城市,学苑北路2555号,细颗粒物(PM2.5),65,75,56,47,33,72,,82,77,22,14,10,9,0.4,0.3
2026-02-09T1100,1637A,117.5628,34.8379,枣庄市,市中区政府,颗粒物(PM10),65,80,100,44,53,60,,22,22,20,37,13,14,0.6,0.9
2026-02-09T1100,1638A,117.2855,34.7838,枣庄市,薛城环保局,细颗粒物(PM2.5),62,71,76,44,40,56,,41,41,28,35,16,13,0.9,0.6
2026-02-09T1100,1639A,117.5854,34.7744,枣庄市,峄城区政府,细颗粒物(PM2.5),78,85,97,57,56,51,,31,31,26,37,16,14,0.5,0.5
2026-02-09T1100,1641A,117.4516,35.0992,枣庄市,山亭区环保局,颗粒物(PM10),57,63,70,37,42,82,,63,63,12,18,9,10,0.7,0.8
2026-02-09T1100,3364A,117.316,34.8106,枣庄市,市环保局,,,71,65,39,32,,,54,53,29,28,11,8,1.0,0.7
2026-02-09T1100,4266A,117.7325,34.5683,枣庄市,文化路178号,颗粒物(PM10),58,66,86,25,46,68,,34,34,18,38,9,10,0.6,0.7
2026-02-09T1100,1680A,110.3648,21.2697,湛江市,湛江影剧院,,48,48,46,24,29,62,,54,54,16,19,5,10,0.6,0.8
2026-02-09T1100,1681A,110.3907,21.2279,湛江市,市环境监测站,,42,42,38,23,24,68,,68,62,17,17,5,6,0.3,0.4
2026-02-09T1100,1682A,110.3936,21.1943,湛江市,环保局宿舍,,36,36,37,19,20,76,,80,72,15,15,5,4,/,/
2026-02-09T1100,1683A,110.4138,21.2033,湛江市,霞山游泳场,,43,43,39,21,21,68,,73,66,14,14,2,2,/,/
2026-02-09T1100,1685A,110.4512,21.239,湛江市,坡头区环保局,,42,42,43,24,23,76,,77,71,16,16,4,4,0.6,0.7
2026-02-09T1100,1858A,110.532,29.1219,张家界市,永定新区,细颗粒物(PM2.5),82,65,69,60,48,37,,72,56,40,21,/,/,/,/
2026-02-09T1100,1859A,110.4696,29.1244,张家界市,电业局,细颗粒物(PM2.5),72,,58,52,42,39,,80,66,31,12,5,7,0.1,0
2026-02-09T1100,1860A,110.5573,29.3486,张家界市,未央路,细颗粒物(PM2.5),73,,71,53,52,64,,65,65,19,13,4,4,0.4,0.5
2026-02-09T1100,1057A,114.8884,40.8336,张家口市,人民公园,,,,42,,24,55,,50,49,16,17,,9,,0.7
2026-02-09T1100,1059A,114.868581,40.804273,张家口市,五金库,,37,37,38,24,22,51,,50,48,20,23,/,/,/,/
2026-02-09T1100,1060A,114.8901,40.762,张家口市,世纪豪园,颗粒物(PM10),54,57,43,33,24,47,,47,46,23,21,2,3,0.8,0.6
2026-02-09T1100,3131A,114.878,40.7992,张家口市,烟厂,颗粒物(PM10),54,57,38,28,20,54,,52,51,14,16,/,/,/,/
2026-02-09T1100,3323A,115.2772,40.9723,张家口市,青少年活动中心,,34,34,29,3,16,55,,37,37,20,15,8,8,0.2,0.4
2026-02-09T1100,2654A,100.4699,38.9525,张掖市,润泉湖,颗粒物(PM10),192,333,195,85,63,53,,42,42,15,17,8,7,0.5,0.5
2026-02-09T1100,2655A,100.4155,38.9422,张掖市,区工会,颗粒物(PM10),198,346,202,97,66,51,,40,40,16,20,3,6,0.5,0.6
2026-02-09T1100,2920A,117.71,24.5048,漳州市,蓝田镇,,45,45,48,30,24,90,,87,87,19,20,4,4,0.4,0.5
2026-02-09T1100,3216A,117.662,24.5187,漳州市,漳州党校,,46,46,49,24,22,93,,87,87,11,17,/,/,/,/
2026-02-09T1100,3530A,117.6288,24.5309,漳州市,西洋坪路,颗粒物(PM10),53,55,52,25,21,92,,84,84,9,14,3,3,0.3,0.4
2026-02-09T1100,2596A,103.7668,27.3736,昭通市,监测站,细颗粒物(PM2.5),57,59,46,40,31,40,,33,33,16,21,8,10,0.8,0.9
2026-02-09T1100,4261A,103.7247,27.3415,昭通市,环东路146号,,,,34,30,24,,,45,45,14,16,9,7,1.1,1
2026-02-09T1100,1397A,112.426,23.062,肇庆市,睦岗子站,,47,47,38,24,18,65,,66,63,19,15,5,4,/,/
2026-02-09T1100,1398A,112.4645,23.0476,肇庆市,城中子站,,40,40,35,24,18,66,,71,67,19,12,10,10,0.4,0.4
2026-02-09T1100,1399A,112.5545,23.1525,肇庆市,坑口子站,,43,43,34,24,19,68,,68,66,21,19,6,5,0.4,0.4
2026-02-09T1100,3313A,112.4572,23.0163,肇庆市,高要湖西,,,54,38,21,19,,,,,22,17,7,6,0.4,0.4
2026-02-09T1100,3451A,112.5617,23.2082,肇庆市,鼎湖凤凰,,48,48,41,27,22,72,,67,65,16,14,7,5,/,/
2026-02-09T1100,1203A,119.6708,32.187,镇江市,新区办事处,,45,45,44,24,23,67,,34,34,28,39,5,4,0.3,0.3
2026-02-09T1100,1204A,119.497455,32.196732,镇江市,职教中心,,,38,34,24,21,70,,37,37,,33,,7,0.7,0.5
2026-02-09T1100,1205A,119.43,32.1328,镇江市,丹徒区监测站,,42,42,37,26,22,58,,18,18,20,35,9,8,0.6,0.5
2026-02-09T1100,2870A,119.4369,32.1891,镇江市,市疾控中心,,40,36,34,28,19,66,,22,22,23,36,6,7,0.7,0.5
2026-02-09T1100,3287A,119.3842,32.198,镇江市,富润路1号,,40,40,33,24,21,67,,39,39,44,44,6,5,0.4,0.3
2026-02-09T1100,1316A,113.6843,34.7622,郑州市,烟厂,细颗粒物(PM2.5),82,99,82,60,60,66,,66,60,32,32,4,5,0.5,0.4
2026-02-09T1100,1318A,113.669,34.8034,郑州市,银行学校,细颗粒物(PM2.5),84,73,86,62,66,67,,67,64,33,30,6,6,0.6,0.5
2026-02-09T1100,1319A,113.5612,34.8143,郑州市,供水公司,,,,81,,63,60,,64,,21,26,,5,0.6,0.5
2026-02-09T1100,1320A,113.7269,34.7187,郑州市,经开区管委,细颗粒物(PM2.5),79,80,86,58,63,64,,57,52,21,24,4,4,0.6,0.5
2026-02-09T1100,1321A,113.7332,34.7727,郑州市,四十七中,细颗粒物(PM2.5),73,89,88,53,61,64,,62,57,21,19,4,4,0.6,0.5
2026-02-09T1100,1323A,113.6361,34.7537,郑州市,河医大,,,82,85,61,63,55,,61,57,28,26,,3,0.6,0.6
2026-02-09T1100,3471A,113.6104,34.8688,郑州市,惠济区政府,"颗粒物(PM10),细颗粒物(PM2.5)",65,79,86,47,60,72,,60,57,23,25,5,6,0.6,0.6
2026-02-09T1100,3590A,113.8362,34.566,郑州市,北区建设指挥部,细颗粒物(PM2.5),84,84,92,62,68,63,,38,38,26,31,5,5,0.7,0.7
2026-02-09T1100,3591A,113.3029,34.8041,郑州市,上街区政府,细颗粒物(PM2.5),104,142,105,78,73,53,,21,20,34,36,8,7,0.7,0.7
2026-02-09T1100,4293A,113.605125,34.755221,郑州市,计划路2号,细颗粒物(PM2.5),79,89,88,58,63,60,,60,55,27,24,3,4,0.8,0.7
2026-02-09T1100,4294A,113.6525645,34.77362682,郑州市,同乐路9号,细颗粒物(PM2.5),85,74,79,63,63,60,,61,56,34,28,5,5,0.7,0.6
2026-02-09T1100,1379A,113.377,22.5211,中山市,华柏园,,41,41,32,21,18,65,,51,51,20,23,/,/,/,/
2026-02-09T1100,1380A,113.3879,22.5499,中山市,张溪,颗粒物(PM10),52,53,40,23,17,73,,53,53,20,23,/,/,/,/
2026-02-09T1100,1381A,113.4071,22.5111,中山市,紫马岭,,,,35,,19,72,,51,51,,21,,7,0.5,0.5
2026-02-09T1100,3454A,113.3527,22.4781,中山市,中山南区,,36,36,31,24,18,70,,52,52,20,24,5,7,0.4,0.4
2026-02-09T1100,2682A,105.1965,37.4996,中卫市,环保局站,颗粒物(PM10),80,109,122,44,38,70,,50,48,8,15,9,16,0.4,0.5
2026-02-09T1100,3650A,105.1696,37.5164,中卫市,沙坡头区政府站,颗粒物(PM10),94,138,130,43,38,73,,55,50,6,16,7,14,0.2,0.3
2026-02-09T1100,1416A,106.4216,29.8256,重庆市,天生,细颗粒物(PM2.5),58,60,55,41,34,39,,48,48,30,24,9,8,0.5,0.5
2026-02-09T1100,1417A,106.6264,29.7226,重庆市,两路,颗粒物(PM10),54,57,53,29,38,52,,44,44,28,34,7,6,0.6,0.6
2026-02-09T1100,1419A,106.5778,29.5103,重庆市,南坪,,48,48,53,26,30,62,,56,56,14,16,4,4,0.3,0.3
2026-02-09T1100,1420A,106.6556,29.6277,重庆市,唐家沱,颗粒物(PM10),51,52,55,31,33,47,,32,32,19,23,7,6,0.5,0.5
2026-02-09T1100,3014A,106.4958,29.5347,重庆市,歇台子,,40,40,46,23,30,65,,66,66,15,15,6,6,0.5,0.5
2026-02-09T1100,3015A,106.4067,29.5729,重庆市,龙井湾,,47,47,49,16,18,61,,65,65,17,18,8,7,0.6,0.6
2026-02-09T1100,3016A,106.5506,29.415,重庆市,龙洲湾,,43,39,41,30,29,61,,66,64,19,19,4,4,0.4,0.4
2026-02-09T1100,3133A,106.5469,29.5655,重庆市,上清寺,颗粒物(PM10),53,55,54,28,33,58,,60,60,19,22,8,8,0.4,0.4
2026-02-09T1100,3346A,108.3871,31.1627,重庆市,安康,,34,34,50,21,30,50,,67,63,22,21,5,5,0.5,0.5
2026-02-09T1100,3347A,105.8983,29.36,重庆市,北山路,颗粒物(PM10),51,51,44,35,26,54,,59,58,13,12,6,6,0.7,0.6
2026-02-09T1100,3350A,106.648859,29.023807,重庆市,滩子口,,24,23,37,14,23,74,,81,77,15,14,7,7,0.4,0.4
2026-02-09T1100,3351A,105.7164,29.7077,重庆市,棠香,"颗粒物(PM10),细颗粒物(PM2.5)",52,54,38,36,29,48,,44,44,17,17,3,5,0.6,0.7
2026-02-09T1100,3352A,107.0733,29.8618,重庆市,桃源西路,颗粒物(PM10),52,53,58,30,35,61,,64,64,12,14,11,7,0.5,0.3
2026-02-09T1100,3353A,107.3536,29.7283,重庆市,迎宾大道,,46,41,37,32,27,68,,70,70,17,15,8,5,0.6,0.4
2026-02-09T1100,3354A,108.8152,29.5079,重庆市,舟白,颗粒物(PM10),55,59,69,29,34,75,,81,78,11,10,4,5,0.4,0.5
2026-02-09T1100,3355A,108.3679,30.8429,重庆市,周家坝,,40,33,38,28,32,46,,82,68,34,19,7,6,0.5,0.4
2026-02-09T1100,3356A,108.4323,30.7554,重庆市,百安坝,,44,44,50,30,31,59,,81,71,15,13,3,5,0.4,0.4
2026-02-09T1100,3482A,107.754,29.3275,重庆市,芙蓉中路,颗粒物(PM10),51,52,53,27,29,70,,80,75,11,11,3,4,0.7,0.7
2026-02-09T1100,3484A,106.2629,29.3202,重庆市,行政中心,,49,49,46,25,28,56,,64,57,22,23,3,4,0.4,0.3
2026-02-09T1100,3599A,106.2648,29.9853,重庆市,书院路,,46,34,53,32,38,46,,36,36,20,20,5,5,0.6,0.6
2026-02-09T1100,3600A,106.2334,29.5583,重庆市,虎峰,,39,39,48,19,32,54,,62,61,24,24,7,7,0.5,0.5
2026-02-09T1100,3601A,106.0497,29.8345,重庆市,龙门街,颗粒物(PM10),55,59,58,34,35,56,,29,29,18,25,9,8,0.7,0.8
2026-02-09T1100,3610A,105.5931,29.4105,重庆市,昌元,颗粒物(PM10),55,60,45,36,29,49,,41,41,13,19,12,8,0.5,0.5
2026-02-09T1100,4136A,108.6971,30.9377,重庆市,云师幼儿园,,31,31,46,19,28,49,,63,58,17,17,5,4,0.6,0.6
2026-02-09T1100,4137A,107.3276,30.3284,重庆市,公安局,,48,48,48,28,32,57,,74,68,17,15,3,4,0.7,0.6
2026-02-09T1100,4138A,108.0575,30.3254,重庆市,忠县中学,,46,36,46,32,32,59,,74,66,15,18,2,2,0.8,0.8
2026-02-09T1100,4139A,109.4542,31.0182,重庆市,竹枝路2号,,50,43,62,35,36,48,,63,57,25,19,2,2,0.6,0.7
2026-02-09T1100,4140A,107.7422,29.871,重庆市,龙河路,,44,44,46,30,28,55,,73,65,16,6,6,6,0.7,0.5
2026-02-09T1100,4141A,108.7636,28.84,重庆市,桃花源中路,,37,37,58,22,35,65,,82,73,22,13,2,2,0.4,0.4
2026-02-09T1100,4142A,108.9758,28.4416,重庆市,秀山县高级中学,细颗粒物(PM2.5),53,46,47,37,34,64,,79,75,16,19,5,6,0.8,0.7
2026-02-09T1100,4143A,108.1558,29.2859,重庆市,河堡街,细颗粒物(PM2.5),54,56,59,38,38,66,,77,72,16,13,3,3,0.5,0.4
2026-02-09T1100,4223A,106.4686218,29.48920871,重庆市,双山路147号,颗粒物(PM10),56,62,62,28,29,60,,73,71,25,26,2,3,0.5,0.5
2026-02-09T1100,4246A,105.833962,30.18863087,重庆市,桃园路24号,细颗粒物(PM2.5),57,47,54,40,34,33,,36,32,14,18,14,11,0.8,0.8
2026-02-09T1100,4247A,107.091033,29.153966,重庆市,钟楼街32号,,38,31,53,26,30,62,,73,68,14,17,2,3,0.6,0.6
2026-02-09T1100,4248A,107.8042979,30.67350233,重庆市,人民南路309号,,46,46,59,26,29,58,,73,65,12,11,4,4,0.4,0.4
2026-02-09T1100,1258A,122.1223,30.0203,舟山市,定海檀枫,,,25,29,12,17,,,46,,22,19,6,6,0.5,0.5
2026-02-09T1100,1260A,122.1898,29.9945,舟山市,临城新区,,23,23,33,10,16,72,,54,54,18,18,6,5,0.3,0.3
2026-02-09T1100,4033A,122.3124,29.9619,舟山市,普陀东港中学,,22,21,33,9,18,69,,68,66,13,13,8,8,0.4,0.5
2026-02-09T1100,2068A,114.6755,33.6347,周口市,周口师范,颗粒物(PM10),74,98,70,31,44,58,,62,56,20,18,6,7,0.7,0.6
2026-02-09T1100,4121A,114.8466,33.7333,周口市,羲皇大道,,,86,82,49,46,,,53,45,17,15,5,5,0.6,0.6
2026-02-09T1100,4269A,114.6701,33.6167,周口市,七一路,"颗粒物(PM10),细颗粒物(PM2.5)",65,79,73,47,52,58,,59,53,20,19,7,6,0.5,0.5
2026-02-09T1100,4296A,114.6421,33.6417,周口市,健康路46号,细颗粒物(PM2.5),63,66,63,45,47,61,,67,61,20,15,2,3,0.5,0.5
2026-02-09T1100,4297A,114.649,33.596,周口市,太昊路,颗粒物(PM10),69,88,82,39,53,55,,51,46,14,14,2,2,0.7,0.7
2026-02-09T1100,1515A,113.1265,27.8306,株洲市,天台山庄,细颗粒物(PM2.5),59,64,55,42,34,60,,66,65,30,22,5,6,0.7,0.6
2026-02-09T1100,1518A,113.0937,27.8919,株洲市,株冶医院,细颗粒物(PM2.5),63,65,55,45,38,49,,54,54,37,27,2,3,0.5,0.4
2026-02-09T1100,1519A,113.1709,27.8661,株洲市,市四中,细颗粒物(PM2.5),69,68,56,50,38,55,,60,60,26,21,3,1,0.7,0.5
2026-02-09T1100,1520A,113.1515,27.8265,株洲市,火车站,,,56,51,44,36,,,62,62,22,23,3,4,0.9,0.7
2026-02-09T1100,1524A,113.1329,27.8491,株洲市,市监测站,细颗粒物(PM2.5),64,58,54,46,37,63,,63,63,23,20,5,6,0.6,0.4
2026-02-09T1100,2031A,113.1836,27.9959,株洲市,云田中学,细颗粒物(PM2.5),67,72,57,48,37,63,,82,80,18,16,3,3,0.6,0.5
2026-02-09T1100,1367A,113.5811,22.2618,珠海市,吉大,,30,30,34,16,19,73,,62,62,12,12,4,4,0.4,0.5
2026-02-09T1100,1368A,113.4893,22.2323,珠海市,前山,,40,40,40,20,22,73,,53,53,24,30,/,/,/,/
2026-02-09T1100,1369A,113.6284,22.4252,珠海市,唐家,,35,34,31,24,20,67,,57,57,27,24,/,/,/,/
2026-02-09T1100,1370A,113.2986,22.2284,珠海市,斗门,,39,38,32,27,21,66,,48,48,23,24,4,4,0.4,0.4
2026-02-09T1100,3308A,113.3493,22.0572,珠海市,金湾,,40,40,45,15,18,80,,60,60,11,18,/,/,0.4,0.5
2026-02-09T1100,3448A,113.5436,22.1163,珠海市,横琴,,34,34,35,15,20,76,,76,76,16,19,/,/,/,/
2026-02-09T1100,2420A,114.0194,32.9648,驻马店市,市一纸厂,细颗粒物(PM2.5),69,78,90,50,50,73,,54,48,17,22,6,6,0.4,0.4
2026-02-09T1100,2421A,114.0112,33.0149,驻马店市,市彩印厂,细颗粒物(PM2.5),73,89,91,53,46,74,,67,63,20,18,8,8,0.5,0.5
2026-02-09T1100,3339A,114.0002,33.0404,驻马店市,小管楼,细颗粒物(PM2.5),64,75,85,46,52,81,,66,64,18,18,8,8,0.4,0.4
2026-02-09T1100,4202A,113.9856,32.9802,驻马店市,交通路1233号,颗粒物(PM10),62,74,84,42,48,74,,66,62,23,22,4,5,0.4,0.4
2026-02-09T1100,2562A,104.6357,30.1508,资阳市,资阳中学,,50,50,38,33,28,46,,47,42,12,14,1,2,0.4,0.5
2026-02-09T1100,2565A,104.6297,30.1259,资阳市,区法院,细颗粒物(PM2.5),64,51,42,46,37,41,,46,39,12,15,2,2,0.4,0.5
2026-02-09T1100,4150A,104.6646,30.1116,资阳市,正兴街66号,细颗粒物(PM2.5),57,46,29,40,28,37,,49,40,17,15,5,6,0.6,0.6
2026-02-09T1100,1631A,118.0413,36.8101,淄博市,人民公园,,,,73,40,43,87,,74,74,16,25,13,13,0.6,0.7
2026-02-09T1100,1633A,117.8524,36.4848,淄博市,双山,颗粒物(PM10),65,80,70,44,44,82,,70,70,21,28,12,13,0.7,0.9
2026-02-09T1100,1634A,117.9595,36.6332,淄博市,气象站,颗粒物(PM10),64,78,63,31,36,87,,75,75,19,21,17,16,0.7,0.8
2026-02-09T1100,3363A,117.9883,36.8372,淄博市,新区,颗粒物(PM10),65,80,69,37,40,76,,60,60,21,28,10,13,0.5,0.6
2026-02-09T1100,3644A,117.8662,36.8049,淄博市,三金集团,颗粒物(PM10),61,71,82,42,42,81,,60,60,24,29,12,14,0.5,0.5
2026-02-09T1100,3645A,118.0259,36.8409,淄博市,东风化工厂,颗粒物(PM10),63,76,75,34,40,78,,64,64,18,24,8,9,0.7,0.8
2026-02-09T1100,4212A,118.3039243,36.82708161,淄博市,广场路1号,细颗粒物(PM2.5),63,,62,45,41,90,,73,73,19,29,12,14,0.8,0.8
2026-02-09T1100,3028A,104.7765,29.3623,自贡市,檀木林体育馆,,,57,48,39,26,,,46,37,22,18,8,7,0.3,0.3
2026-02-09T1100,3360A,104.7894,29.3197,自贡市,南湖救助站,,,,44,,24,,,59,,,23,,4,,0.5
2026-02-09T1100,3638A,104.7637,29.3373,自贡市,轻化工大学,细颗粒物(PM2.5),55,57,37,39,31,32,,48,41,25,15,9,8,0.7,0.7
2026-02-09T1100,4225A,104.714266,29.338571,自贡市,贡兴路74号,,48,48,40,31,24,39,,47,41,18,14,5,4,0.5,0.5
2026-02-09T1100,1911A,106.9218,27.6872,遵义市,丁字口,,,34,42,22,31,56,,69,63,11,10,,,0.3,0.3
2026-02-09T1100,1912A,106.9241,27.7044,遵义市,凤凰山,,32,32,42,20,28,52,,64,58,11,10,7,7,0.5,0.4
2026-02-09T1100,1913A,106.8895,27.648,遵义市,忠庄,,36,34,41,25,29,56,,68,62,13,9,3,3,0.5,0.5
2026-02-09T1100,1915A,106.9225,27.7253,遵义市,干田坝,,35,,42,24,30,56,,71,64,18,14,9,8,0.4,0.4
2026-02-09T1100,4152A,107.0425,27.7087,遵义市,乌江大道东段1号,,35,30,41,24,31,51,,60,57,10,11,5,4,0.5,0.5
2026-02-09T1100,4245A,106.8609,27.5969,遵义市,遵南大道1161号,,40,,42,28,31,60,,73,66,12,11,4,4,0.5,0.5
