timepoint,stationcode,longitude,latitude,area,positionname,primarypollutant,aqi,pm10,pm10_24h,pm2_5,pm2_5_24h,o3,o3_24h,o3_8h,o3_8h_24h,no2,no2_24h,so2,so2_24h,co,co_24h
2022-03-25T09:00:00,1001A,116.3621,39.8784,北京市,万寿西宫,细颗粒物(PM2.5),105,105,164,79,127,29,26,6,6,30,53,1,1,0.6,0.8
2022-03-25T09:00:00,1002A,116.2202,40.2915,北京市,定陵(对照点),颗粒物(PM10),80,110,159,44,110,67,65,44,44,16,28,3,2,0.3,0.7
2022-03-25T09:00:00,1003A,116.4174,39.9289,北京市,东四,细颗粒物(PM2.5),83,96,156,61,108,32,32,11,11,30,52,3,2,0.7,1
2022-03-25T09:00:00,1004A,116.4072,39.8863,北京市,天坛,细颗粒物(PM2.5),80,90,148,59,114,36,36,9,9,27,45,1,2,0.7,1
2022-03-25T09:00:00,1005A,116.462,39.9365,北京市,农展馆,细颗粒物(PM2.5),69,79,145,50,113,39,39,10,10,21,47,3,3,0.5,0.9
2022-03-25T09:00:00,1006A,116.3392,39.9295,北京市,官园,细颗粒物(PM2.5),103,115,173,77,126,28,28,5,5,36,42,3,3,0.7,1
2022-03-25T09:00:00,1007A,116.2878,39.9611,北京市,海淀万柳,细颗粒物(PM2.5),92,108,172,68,122,32,32,5,5,34,58,1,2,0.6,1
2022-03-25T09:00:00,1008A,116.6636,40.135,北京市,顺义新城,细颗粒物(PM2.5),69,68,116,50,93,45,30,13,13,16,34,3,2,0.5,0.8
2022-03-25T09:00:00,1009A,116.6275,40.3275,北京市,怀柔镇,细颗粒物(PM2.5),98,94,125,73,99,61,30,22,22,35,38,1,2,0.7,0.9
2022-03-25T09:00:00,1010A,116.2296,40.217,北京市,昌平镇,颗粒物(PM10),73,95,158,39,112,59,59,15,15,16,41,1,1,0.4,0.9
2022-03-25T09:00:00,1011A,116.3966,39.9821,北京市,奥体中心,细颗粒物(PM2.5),95,96,156,71,120,46,44,29,29,32,52,1,2,0.7,1
2022-03-25T09:00:00,1012A,116.184,39.9136,北京市,古城,细颗粒物(PM2.5),103,128,179,77,124,30,20,5,5,44,58,1,1,0.8,0.9
2022-03-25T09:00:00,1015A,117.1444,39.1661,天津市,勤俭道,细颗粒物(PM2.5),103,92,96,77,71,56,11,4,4,29,30,6,6,1.0,0.9
2022-03-25T09:00:00,1017A,117.237,39.1082,天津市,大直沽八号路,细颗粒物(PM2.5),99,97,94,74,70,62,16,5,5,29,34,8,8,1.1,0.9
2022-03-25T09:00:00,1018A,117.202,39.0927,天津市,前进道,细颗粒物(PM2.5),94,88,92,70,66,57,22,10,10,27,31,8,8,1.1,1
2022-03-25T09:00:00,1019A,117.1837,39.2133,天津市,淮河道,细颗粒物(PM2.5),107,94,100,80,78,56,9,3,3,30,32,6,7,1.1,0.9
2022-03-25T09:00:00,1021A,117.307,39.0877,天津市,跃进路,细颗粒物(PM2.5),107,99,96,80,73,66,18,6,6,27,35,6,6,0.8,0.7
2022-03-25T09:00:00,1023A,117.707,39.0343,天津市,第四大街,细颗粒物(PM2.5),145,160,134,111,83,72,9,4,4,51,64,12,10,1.7,1
2022-03-25T09:00:00,1024A,117.457,38.8394,天津市,永明路,细颗粒物(PM2.5),137,140,100,104,68,90,14,4,4,41,41,18,14,2.1,0.9
2022-03-25T09:00:00,1026A,117.764,39.1587,天津市,汉北路,细颗粒物(PM2.5),166,161,117,126,87,63,13,5,5,39,46,12,10,1.8,1
2022-03-25T09:00:00,1027A,117.157,38.9194,天津市,团泊洼(对照点),细颗粒物(PM2.5),115,108,92,87,68,63,17,5,5,30,35,10,7,0.9,0.7
2022-03-25T09:00:00,1029A,114.4422,38.0444,石家庄市,职工医院,细颗粒物(PM2.5),173,181,144,131,103,88,16,5,5,34,39,4,5,0.8,0.7
2022-03-25T09:00:00,1030A,114.6063,38.0266,石家庄市,高新区,细颗粒物(PM2.5),147,192,145,112,87,72,8,4,4,54,48,7,8,1.2,0.9
2022-03-25T09:00:00,1031A,114.4898,38.1328,石家庄市,西北水源,细颗粒物(PM2.5),158,177,143,120,95,65,10,2,2,30,33,4,5,0.9,0.8
2022-03-25T09:00:00,1032A,114.4586,38.0058,石家庄市,西南高教,细颗粒物(PM2.5),173,192,147,131,92,85,21,8,8,,,4,6,1.0,0.9
2022-03-25T09:00:00,1033A,114.5331,38.0178,石家庄市,世纪公园,细颗粒物(PM2.5),173,187,142,131,95,69,12,5,5,36,32,10,11,0.9,0.7
2022-03-25T09:00:00,1034A,114.509,38.0457,石家庄市,人民会堂,细颗粒物(PM2.5),227,197,151,177,110,80,16,6,6,36,35,6,7,1.0,0.8
2022-03-25T09:00:00,1037A,118.131,39.6363,唐山市,雷达站,细颗粒物(PM2.5),117,117,99,88,82,106,39,24,24,28,28,13,7,1.6,1
2022-03-25T09:00:00,1038A,118.1725,39.6334,唐山市,物资局,细颗粒物(PM2.5),118,112,93,89,71,107,32,36,20,37,31,17,10,1.7,1.1
2022-03-25T09:00:00,1040A,118.1705,39.6506,唐山市,十二中,细颗粒物(PM2.5),192,78,89,144,96,110,28,23,14,36,35,16,10,1.8,1.1
2022-03-25T09:00:00,1041A,118.1869,39.622,唐山市,小山,细颗粒物(PM2.5),135,148,100,103,68,116,25,37,17,40,29,22,11,1.8,1
2022-03-25T09:00:00,1042A,119.5134,39.8207,秦皇岛市,北戴河环保局,颗粒物(PM10),55,59,90,35,62,97,69,91,79,28,29,7,9,0.6,0.7
2022-03-25T09:00:00,1043A,119.7493,40.0116,秦皇岛市,第一关,细颗粒物(PM2.5),89,89,112,66,86,129,78,80,76,26,39,9,12,0.4,0.6
2022-03-25T09:00:00,1044A,119.5897,39.9499,秦皇岛市,监测站,细颗粒物(PM2.5),94,101,107,70,79,132,71,64,64,30,33,3,7,0.4,0.5
2022-03-25T09:00:00,1046A,119.5251,39.9041,秦皇岛市,建设大厦,颗粒物(PM10),75,99,110,54,71,142,80,63,63,35,33,4,7,0.5,0.7
2022-03-25T09:00:00,1048A,114.5302,36.6116,邯郸市,东污水处理厂,细颗粒物(PM2.5),123,107,97,93,80,34,0,4,4,32,28,4,4,0.6,0.6
2022-03-25T09:00:00,1049A,114.4918,36.5713,邯郸市,矿院,细颗粒物(PM2.5),117,111,104,88,81,39,9,16,16,33,30,3,3,0.7,0.7
2022-03-25T09:00:00,1050A,114.484,36.6133,邯郸市,丛台公园,细颗粒物(PM2.5),105,93,93,79,76,42,8,13,12,27,22,4,5,0.7,0.8
2022-03-25T09:00:00,1051A,115.493,38.8632,保定市,游泳馆,细颗粒物(PM2.5),195,189,169,146,117,21,21,6,6,54,62,10,10,0.9,0.8
2022-03-25T09:00:00,1052A,115.5213,38.8959,保定市,华电二区,细颗粒物(PM2.5),156,158,169,119,130,21,18,5,5,45,57,8,10,0.9,0.8
2022-03-25T09:00:00,1053A,115.4713,38.9108,保定市,接待中心,细颗粒物(PM2.5),163,161,180,124,136,33,21,8,8,53,62,8,9,1.1,1
2022-03-25T09:00:00,1054A,115.4612,38.8416,保定市,地表水厂,细颗粒物(PM2.5),130,179,170,99,99,21,21,7,7,55,62,10,10,0.8,0.6
2022-03-25T09:00:00,1055A,115.4323,38.8697,保定市,胶片厂,细颗粒物(PM2.5),178,155,151,134,118,23,20,6,6,48,53,8,8,1.1,0.9
2022-03-25T09:00:00,1056A,115.5086,38.8639,保定市,监测站,细颗粒物(PM2.5),166,177,169,126,125,17,16,5,5,51,60,5,6,1.0,0.9
2022-03-25T09:00:00,1057A,114.8883,40.8336,张家口市,人民公园,颗粒物(PM10),238,376,170,30,73,88,82,84,84,13,28,4,6,0.5,1
2022-03-25T09:00:00,1059A,114.8687,40.8042,张家口市,五金库,颗粒物(PM10),340,452,187,49,73,87,74,81,81,20,38,4,7,0.5,0.8
2022-03-25T09:00:00,1060A,114.8902,40.762,张家口市,世纪豪园,颗粒物(PM10),246,382,182,38,86,82,71,77,77,20,36,2,4,0.4,0.8
2022-03-25T09:00:00,1061A,114.8916,40.8661,张家口市,北泵房(对照点),颗粒物(PM10),194,338,154,31,78,89,85,80,80,8,29,6,10,0.3,0.8
2022-03-25T09:00:00,1062A,117.9531,40.9081,承德市,铁路,细颗粒物(PM2.5),68,80,65,49,47,69,7,6,6,31,36,5,8,1.0,0.8
2022-03-25T09:00:00,1063A,117.9392,40.9763,承德市,中国银行,细颗粒物(PM2.5),60,61,70,43,48,73,7,4,4,24,28,4,4,0.8,0.7
2022-03-25T09:00:00,1064A,117.9503,40.928,承德市,开发区,颗粒物(PM10),66,82,77,46,51,76,9,7,7,38,37,9,10,1.1,0.7
2022-03-25T09:00:00,1065A,117.8051,40.9655,承德市,文化中心,颗粒物(PM10),80,110,66,48,54,71,5,6,2,35,31,4,5,0.9,0.8
2022-03-25T09:00:00,1066A,117.9268,41.0026,承德市,离宫(对照点),颗粒物(PM10),67,83,57,41,49,80,10,16,6,24,23,9,10,0.6,0.6
2022-03-25T09:00:00,1067A,116.6708,39.5111,廊坊市,药材公司,细颗粒物(PM2.5),87,89,114,64,79,31,31,12,12,28,38,2,3,0.6,0.7
2022-03-25T09:00:00,1068A,116.7214,39.5589,廊坊市,开发区,细颗粒物(PM2.5),84,83,115,62,82,36,26,9,9,24,34,2,3,0.6,0.7
2022-03-25T09:00:00,1070A,116.7244,39.5269,廊坊市,北华航天学院,细颗粒物(PM2.5),77,88,121,56,81,34,25,7,7,30,41,4,5,0.6,0.7
2022-03-25T09:00:00,1071A,116.8842,38.2991,沧州市,沧县城建局,细颗粒物(PM2.5),115,98,74,87,59,98,24,9,9,35,29,9,6,1.6,1
2022-03-25T09:00:00,1072A,116.8584,38.3254,沧州市,电视转播站,细颗粒物(PM2.5),105,98,76,79,52,95,23,10,10,35,29,9,8,1.1,0.6
2022-03-25T09:00:00,1073A,116.8709,38.3228,沧州市,市环保局,细颗粒物(PM2.5),125,124,71,95,58,99,21,10,10,37,28,9,6,1.3,0.7
2022-03-25T09:00:00,1074A,115.6838,37.7541,衡水市,电机北厂,细颗粒物(PM2.5),115,102,75,87,69,54,10,16,11,34,31,7,7,0.4,0.3
2022-03-25T09:00:00,1075A,115.6303,37.7316,衡水市,市监测站,细颗粒物(PM2.5),115,136,103,87,65,51,15,20,14,20,19,8,8,0.4,0.3
2022-03-25T09:00:00,1077A,114.4704,37.0886,邢台市,达活泉,细颗粒物(PM2.5),122,145,140,92,85,36,12,4,4,28,30,4,7,0.5,0.7
2022-03-25T09:00:00,1078A,114.5062,37.0349,邢台市,邢师高专,细颗粒物(PM2.5),119,139,130,90,88,32,18,10,10,33,36,3,4,0.8,1
2022-03-25T09:00:00,1079A,114.5237,37.0851,邢台市,路桥公司,细颗粒物(PM2.5),117,135,117,88,80,31,15,6,6,27,33,4,5,0.9,1
2022-03-25T09:00:00,1080A,114.4725,37.0719,邢台市,市环保局,细颗粒物(PM2.5),117,130,121,88,82,37,13,7,7,34,36,4,4,0.6,0.8
2022-03-25T09:00:00,1081A,112.5139,37.8873,太原市,尖草坪,颗粒物(PM10),67,83,175,46,108,59,30,10,10,44,68,13,18,0.8,1.1
2022-03-25T09:00:00,1083A,112.434,38.0108,太原市,上兰(对照点),细颗粒物(PM2.5),69,80,108,50,73,98,25,47,21,34,35,23,18,0.7,0.8
2022-03-25T09:00:00,1084A,112.469,37.7124,太原市,晋源,细颗粒物(PM2.5),114,123,167,86,113,79,20,32,23,58,69,11,11,1.0,1.2
2022-03-25T09:00:00,1085A,112.5583,37.7394,太原市,小店,颗粒物(PM10),59,67,184,34,118,59,54,55,40,30,68,9,20,0.6,1.4
2022-03-25T09:00:00,1086A,112.5369,37.8692,太原市,桃园,颗粒物(PM10),57,63,182,34,109,56,48,9,9,32,76,9,19,0.7,1.5
2022-03-25T09:00:00,1087A,112.57,37.8195,太原市,坞城,颗粒物(PM10),55,59,175,27,111,63,59,22,22,25,71,8,19,0.5,1.4
2022-03-25T09:00:00,1088A,112.549,37.9854,太原市,南寨,,45,45,176,22,115,62,62,17,17,16,62,10,14,0.4,1.1
2022-03-25T09:00:00,1090A,111.6507,40.7517,呼和浩特市,呼市一监,颗粒物(PM10),74,97,88,26,27,93,38,79,56,27,24,9,10,0.6,0.5
2022-03-25T09:00:00,1091A,111.6572,40.8033,呼和浩特市,小召,颗粒物(PM10),71,92,80,19,26,84,48,77,56,35,28,9,10,0.4,0.5
2022-03-25T09:00:00,1094A,111.7516,40.8369,呼和浩特市,如意水处理厂,颗粒物(PM10),64,77,71,21,24,94,56,80,56,25,22,14,12,0.4,0.4
2022-03-25T09:00:00,1095A,111.7276,40.8062,呼和浩特市,二十九中,颗粒物(PM10),67,83,83,21,24,95,56,86,64,25,19,12,11,0.6,0.6
2022-03-25T09:00:00,1096A,111.5512,40.7866,呼和浩特市,工大金川校区,颗粒物(PM10),74,97,86,26,27,89,36,83,62,25,15,17,11,0.7,0.5
2022-03-25T09:00:00,1097A,111.717,40.7612,呼和浩特市,化肥厂生活区,颗粒物(PM10),82,113,83,23,27,85,27,77,52,43,19,12,12,0.6,0.4
2022-03-25T09:00:00,1098A,123.6836,41.9339,沈阳市,森林路(对照点),细颗粒物(PM2.5),57,56,81,40,59,115,60,98,83,33,20,14,14,1.4,1.2
2022-03-25T09:00:00,1099A,123.505,41.7406,沈阳市,浑南东路,细颗粒物(PM2.5),62,58,84,44,62,115,66,108,90,25,17,15,17,1.0,0.9
2022-03-25T09:00:00,1100A,123.4231,41.6989,沈阳市,新秀街,颗粒物(PM10),53,55,85,34,58,119,66,107,91,32,20,16,21,1.1,0.7
2022-03-25T09:00:00,1102A,123.5903,41.8411,沈阳市,东陵路,细颗粒物(PM2.5),60,46,77,43,58,115,56,100,79,33,19,15,16,1.2,0.9
2022-03-25T09:00:00,1103A,123.4264,41.8467,沈阳市,陵东街,,35,35,72,24,53,126,79,109,97,29,22,14,14,0.7,0.7
2022-03-25T09:00:00,1104A,123.4114,41.7653,沈阳市,文化路,,,54,79,42,63,102,64,64,64,,19,,19,1.2,1.1
2022-03-25T09:00:00,1105A,123.4678,41.7867,沈阳市,小河沿,,50,50,83,32,59,107,70,102,90,28,18,13,13,1.0,0.8
2022-03-25T09:00:00,1106A,123.4017,41.7972,沈阳市,太原街,,50,50,86,35,66,129,81,112,100,25,18,13,16,0.8,0.8
2022-03-25T09:00:00,1108A,123.3783,41.9228,沈阳市,京沈街,,40,40,79,28,60,122,84,107,97,25,20,19,17,0.7,0.8
2022-03-25T09:00:00,1109A,121.612,38.9741,大连市,甘井子,,34,34,66,19,47,127,77,92,75,33,31,5,6,0.3,0.4
2022-03-25T09:00:00,1110A,121.565,38.9511,大连市,周水子,,45,45,70,20,42,142,81,107,85,29,32,5,6,0.5,0.6
2022-03-25T09:00:00,1111A,121.5637,38.8845,大连市,星海三站,,38,38,67,19,47,129,82,90,77,29,32,5,6,0.3,0.4
2022-03-25T09:00:00,1112A,121.6302,38.9117,大连市,青泥洼桥,,39,39,64,14,40,147,86,98,76,29,30,11,15,0.5,0.6
2022-03-25T09:00:00,1113A,121.6251,38.8638,大连市,傅家庄,,43,43,72,17,43,149,98,91,86,23,30,2,4,0.4,0.5
2022-03-25T09:00:00,1114A,121.5213,38.8661,大连市,七贤岭,,41,41,65,13,41,138,84,99,85,26,30,12,14,0.5,0.6
2022-03-25T09:00:00,1115A,121.2529,38.8061,大连市,旅顺,,31,31,61,12,40,133,86,97,87,26,43,7,9,0.4,0.5
2022-03-25T09:00:00,1116A,121.7485,39.1311,大连市,金州,,30,28,53,20,43,138,93,100,91,19,22,7,8,0.5,0.7
2022-03-25T09:00:00,1117A,121.7811,39.0496,大连市,开发区,,45,45,77,23,51,123,77,89,69,32,32,6,8,0.1,0.2
2022-03-25T09:00:00,1118A,121.9762,39.0631,大连市,双D港,,39,39,62,15,25,122,97,92,83,25,38,6,8,0.8,0.8
2022-03-25T09:00:00,1119A,125.3325,43.9166,长春市,食品厂,颗粒物(PM10),86,121,62,48,47,122,80,117,89,10,11,9,10,0.6,0.6
2022-03-25T09:00:00,1120A,125.2863,43.9027,长春市,客车厂,颗粒物(PM10),86,121,66,42,43,116,82,114,90,9,10,7,10,0.7,0.7
2022-03-25T09:00:00,1121A,125.2841,43.8463,长春市,邮电学院,颗粒物(PM10),97,143,82,45,47,119,84,119,92,10,12,6,12,1.0,0.9
2022-03-25T09:00:00,1122A,125.3716,43.8772,长春市,劳动公园,颗粒物(PM10),90,130,64,42,43,122,88,122,96,10,11,8,7,0.7,0.6
2022-03-25T09:00:00,1123A,125.3297,43.8805,长春市,园林处,颗粒物(PM10),73,95,61,40,41,127,83,121,88,10,12,12,12,0.7,0.6
2022-03-25T09:00:00,1124A,125.4605,43.79,长春市,净月潭,颗粒物(PM10),67,84,55,39,40,122,93,122,99,10,8,9,8,0.6,0.5
2022-03-25T09:00:00,1125A,125.7194,43.515,长春市,甩湾子(对照点),颗粒物(PM10),60,69,66,40,41,108,97,108,98,8,6,11,10,0.9,0.8
2022-03-25T09:00:00,1126A,125.3863,43.8447,长春市,经开区环卫处,颗粒物(PM10),87,124,61,41,42,113,83,113,90,6,6,12,12,0.7,0.6
2022-03-25T09:00:00,1127A,125.245,43.7783,长春市,高新区管委会,颗粒物(PM10),82,114,60,46,47,127,92,123,99,9,9,8,7,0.7,0.6
2022-03-25T09:00:00,1128A,125.1761,43.8325,长春市,岱山公园,颗粒物(PM10),72,94,63,42,45,120,83,118,91,9,11,8,8,0.5,0.5
2022-03-25T09:00:00,1129A,126.5422,45.755,哈尔滨市,岭北(对照点),,40,16,38,28,45,110,85,93,92,6,13,12,13,0.2,0.5
2022-03-25T09:00:00,1130A,126.561,45.8167,哈尔滨市,松北商大,颗粒物(PM10),84,117,55,34,46,104,80,86,86,7,12,4,5,0.7,0.7
2022-03-25T09:00:00,1131A,126.979,45.5419,哈尔滨市,阿城会宁,颗粒物(PM10),83,115,57,38,44,97,77,88,82,10,10,10,12,0.8,0.7
2022-03-25T09:00:00,1132A,126.599,45.7222,哈尔滨市,南岗学府路,颗粒物(PM10),88,125,64,25,44,90,71,79,77,10,16,15,21,0.6,0.7
2022-03-25T09:00:00,1133A,126.689,45.7733,哈尔滨市,太平宏伟公园,颗粒物(PM10),105,159,75,31,47,99,81,83,83,8,16,13,19,0.7,0.8
2022-03-25T09:00:00,1134A,126.635,45.7667,哈尔滨市,道外承德广场,颗粒物(PM10),102,154,72,30,47,97,78,84,82,10,18,15,19,0.7,0.8
2022-03-25T09:00:00,1135A,126.685,45.7319,哈尔滨市,香坊红旗大街,颗粒物(PM10),125,200,84,27,49,90,74,77,75,10,18,13,17,0.7,0.8
2022-03-25T09:00:00,1136A,126.6411,45.7258,哈尔滨市,动力和平路,颗粒物(PM10),98,146,67,25,47,91,71,78,76,9,14,15,18,0.5,0.7
2022-03-25T09:00:00,1137A,126.593,45.7478,哈尔滨市,道里建国路,颗粒物(PM10),98,146,74,30,52,88,73,82,79,13,19,14,21,0.5,0.8
2022-03-25T09:00:00,1138A,126.615,45.61,哈尔滨市,平房东轻厂,颗粒物(PM10),84,118,60,24,47,92,72,83,78,9,10,12,11,0.8,0.9
2022-03-25T09:00:00,1139A,126.595,45.9855,哈尔滨市,呼兰师专,颗粒物(PM10),74,98,68,52,62,91,67,73,72,12,18,9,11,0.8,0.8
2022-03-25T09:00:00,1140A,126.6206,45.6842,哈尔滨市,省农科院,颗粒物(PM10),103,155,78,27,46,90,71,75,72,,20,15,14,0.8,0.8
2022-03-25T09:00:00,1141A,121.4,31.238,上海市,普陀,,31,12,29,2,11,125,99,102,96,13,16,2,3,0.5,0.8
2022-03-25T09:00:00,1142A,121.478,31.2036,上海市,十五厂,,29,13,31,10,16,114,91,91,86,11,18,4,4,0.8,0.7
2022-03-25T09:00:00,1143A,121.467,31.3008,上海市,虹口,,29,9,27,6,14,112,91,92,88,13,17,2,2,0.5,0.5
2022-03-25T09:00:00,1144A,121.412,31.1654,上海市,徐汇上师大,,27,19,32,11,16,118,85,85,81,18,18,8,10,1.1,1
2022-03-25T09:00:00,1145A,121.536,31.2659,上海市,杨浦四漂,,29,7,27,13,14,108,92,90,89,8,13,6,7,0.3,0.3
2022-03-25T09:00:00,1147A,121.425,31.2261,上海市,静安监测站,,29,14,30,8,13,147,90,147,95,14,18,4,4,0.5,0.2
2022-03-25T09:00:00,1148A,121.703,31.1907,上海市,浦东川沙,,32,10,24,8,12,120,102,96,96,13,16,4,4,0.4,0.5
2022-03-25T09:00:00,1149A,121.533,31.2284,上海市,浦东新区监测站,,32,17,28,10,13,120,102,100,99,11,15,5,5,0.5,0.5
2022-03-25T09:00:00,1150A,121.577,31.2071,上海市,浦东张江,,28,8,25,14,13,106,89,89,87,15,19,4,4,0.7,0.6
2022-03-25T09:00:00,1151A,118.8086,32.1065,南京市,迈皋桥,,,,45,9,18,158,55,72,47,21,27,4,4,0.4,0.4
2022-03-25T09:00:00,1152A,118.7538,32.0551,南京市,草场门,,27,27,38,9,19,155,37,68,48,28,23,5,6,0.7,0.6
2022-03-25T09:00:00,1153A,118.7794,32.0745,南京市,山西路,,15,7,38,7,24,166,48,77,56,20,17,4,4,0.4,0.4
2022-03-25T09:00:00,1154A,118.7752,32.0023,南京市,中华门,,22,22,43,7,19,158,43,72,44,26,19,4,4,0.3,0.3
2022-03-25T09:00:00,1155A,118.8109,32.0309,南京市,瑞金路,,22,22,39,9,27,158,39,61,47,19,16,3,4,0.6,0.4
2022-03-25T09:00:00,1156A,118.7997,32.0754,南京市,玄武湖,,17,8,33,7,21,161,54,74,56,19,19,3,4,0.4,0.7
2022-03-25T09:00:00,1157A,118.6414,32.0931,南京市,浦口,,25,19,37,17,19,149,35,73,44,43,36,4,5,0.9,0.8
2022-03-25T09:00:00,1158A,118.7356,31.9996,南京市,奥体中心,,25,9,35,17,24,159,40,81,52,29,21,5,7,0.8,0.6
2022-03-25T09:00:00,1159A,118.9125,32.1028,南京市,仙林大学城,,17,5,33,7,22,185,54,79,62,14,13,4,5,0.6,0.6
2022-03-25T09:00:00,1160A,120.561,31.2472,苏州市,上方山(对照点),,21,16,37,14,27,159,66,77,66,13,18,4,6,0.6,0.6
2022-03-25T09:00:00,1162A,120.591,31.3019,苏州市,彩香,,20,16,30,4,15,165,64,79,74,17,19,5,7,0.5,0.5
2022-03-25T09:00:00,1164A,120.613,31.2703,苏州市,吴中区,,20,18,33,9,22,159,62,77,71,18,18,3,5,0.4,0.5
2022-03-25T09:00:00,1165A,120.543,31.2994,苏州市,苏州新区,,21,6,32,3,16,165,66,80,72,14,16,6,8,0.5,0.5
2022-03-25T09:00:00,1166A,120.669,31.3097,苏州市,苏州工业园区,,22,4,29,2,14,156,69,82,76,14,20,6,7,0.4,0.4
2022-03-25T09:00:00,1167A,120.641,31.3708,苏州市,相城区,,21,6,28,3,17,152,66,81,73,13,18,3,5,0.5,0.5
2022-03-25T09:00:00,1168A,120.9098,31.9663,南通市,狼山街道,,19,11,39,2,15,112,59,76,74,30,24,5,7,0.4,0.4
2022-03-25T09:00:00,1169A,120.86,32.0005,南通市,虹桥,,20,6,31,14,21,106,60,74,68,18,21,6,9,0.6,0.5
2022-03-25T09:00:00,1170A,120.87,32.02,南通市,城中,,20,7,37,10,18,105,61,74,70,26,25,2,4,0.6,0.5
2022-03-25T09:00:00,1171A,120.94,31.93,南通市,星湖花园,,20,3,31,5,15,102,64,81,74,22,24,3,4,0.5,0.5
2022-03-25T09:00:00,1172A,120.81,32.0417,南通市,紫琅学院,,20,16,42,7,19,118,62,72,70,22,27,6,8,0.5,0.5
2022-03-25T09:00:00,1173A,119.176,34.5885,连云港市,市环境监测站,,34,34,52,22,31,161,45,84,63,19,14,3,5,0.6,0.5
2022-03-25T09:00:00,1177A,117.179,34.2761,徐州市,黄河新村,,29,29,64,17,43,119,33,106,61,34,22,6,8,0.8,0.7
2022-03-25T09:00:00,1178A,117.1918,34.2384,徐州市,淮塔,,42,23,56,29,44,108,36,100,62,32,25,8,9,0.9,0.7
2022-03-25T09:00:00,1180A,117.256,34.2153,徐州市,新城区,,42,34,68,29,46,116,38,101,64,24,22,6,7,0.9,0.8
2022-03-25T09:00:00,1181A,117.244,34.2911,徐州市,桃园路,细颗粒物(PM2.5),67,34,70,48,53,117,28,88,55,27,20,10,12,0.7,0.6
2022-03-25T09:00:00,1182A,117.2933,34.2778,徐州市,农科院,,39,36,57,27,45,107,29,75,48,24,23,9,10,0.9,0.7
2022-03-25T09:00:00,1186A,119.389,32.3761,扬州市,邗江监测站,,19,12,54,2,21,174,58,76,60,20,26,6,8,0.6,0.6
2022-03-25T09:00:00,1188A,120.269,31.4867,无锡市,雪浪,,,,23,2,3,134,69,81,75,13,17,4,6,0.4,0.4
2022-03-25T09:00:00,1189A,120.275,31.6219,无锡市,黄巷,,17,11,45,5,19,168,53,74,63,34,32,6,7,0.4,0.4
2022-03-25T09:00:00,1190A,120.294,31.56,无锡市,曹张,颗粒物(PM10),69,88,47,12,18,170,48,66,59,20,16,5,8,0.7,0.6
2022-03-25T09:00:00,1191A,120.242,31.5031,无锡市,漆塘,,22,7,36,6,19,178,70,81,75,12,18,5,7,0.6,0.5
2022-03-25T09:00:00,1192A,120.3489,31.5863,无锡市,东亭,,18,7,45,0,16,171,22,62,45,36,28,6,8,0.5,0.5
2022-03-25T09:00:00,1193A,120.354,31.5475,无锡市,旺庄,,18,7,41,12,25,165,42,65,54,30,24,6,8,0.6,0.6
2022-03-25T09:00:00,1194A,120.245,31.5631,无锡市,荣巷,,21,0,37,9,22,178,65,80,75,2,18,6,8,0.5,0.5
2022-03-25T09:00:00,1195A,120.299,31.6817,无锡市,堰桥,,18,0,39,7,21,169,56,73,64,28,29,6,8,0.8,0.6
2022-03-25T09:00:00,1196A,119.9633,31.762,常州市,市监测站,,22,11,40,2,22,170,68,82,73,17,23,6,8,0.3,0.4
2022-03-25T09:00:00,1200A,119.9468,31.7069,常州市,武进监测站,,24,8,37,3,22,195,75,89,78,9,15,15,13,0.5,0.5
2022-03-25T09:00:00,1201A,119.9255,31.9087,常州市,安家,,20,17,38,2,20,173,62,76,69,23,26,6,8,1.2,0.7
2022-03-25T09:00:00,1203A,119.6707,32.1875,镇江市,新区办事处,,19,8,34,6,22,159,60,61,54,26,33,2,4,0.7,0.7
2022-03-25T09:00:00,1204A,119.4974,32.1968,镇江市,职教中心,,20,8,36,8,30,174,63,78,67,20,26,2,6,0.6,0.6
2022-03-25T09:00:00,1205A,119.4303,32.1328,镇江市,丹徒区监测站,,22,7,39,12,36,184,68,82,70,16,23,3,3,0.4,0.4
2022-03-25T09:00:00,1206A,119.905,32.4878,泰州市,公园路,,21,14,48,12,26,200,65,81,69,17,27,5,7,0.9,0.9
2022-03-25T09:00:00,1207A,119.9189,32.4625,泰州市,莲花,,25,17,50,17,32,195,60,76,65,16,25,3,6,0.6,0.6
2022-03-25T09:00:00,1209A,119.888,32.4639,泰州市,留学生创业园,,20,15,50,12,28,197,63,78,67,16,25,4,7,0.7,0.7
2022-03-25T09:00:00,1210A,119.036,33.5981,淮安市,钵池山,,23,23,58,16,43,152,39,49,46,24,25,7,9,0.6,0.6
2022-03-25T09:00:00,1211A,119.007,33.575,淮安市,北京南路,,40,19,65,28,49,159,38,54,46,32,30,6,8,0.8,0.8
2022-03-25T09:00:00,1212A,118.989,33.6067,淮安市,市监测站,,20,20,70,14,40,165,44,57,52,24,26,8,11,0.7,0.6
2022-03-25T09:00:00,1214A,119.0186,33.6297,淮安市,淮阴区监测站,,20,4,57,14,45,158,39,54,48,25,26,8,10,0.7,0.5
2022-03-25T09:00:00,1215A,120.118,33.4022,盐城市,盐城电厂,,38,19,47,26,40,164,69,96,75,11,13,8,9,0.4,0.5
2022-03-25T09:00:00,1216A,120.156,33.3942,盐城市,市监测站,,30,13,37,21,35,157,60,84,64,18,22,4,6,0.4,0.4
2022-03-25T09:00:00,1218A,120.2144,33.38,盐城市,开发区管委会,,22,3,32,15,25,153,64,89,67,15,17,6,7,0.5,0.5
2022-03-25T09:00:00,1220A,118.293,33.9528,宿迁市,宿迁学院,,29,0,44,20,30,146,31,68,53,27,23,3,5,1.4,1.3
2022-03-25T09:00:00,1221A,118.2442,33.9592,宿迁市,宿迁中学,,27,27,65,11,31,149,32,78,58,26,21,3,5,0.8,0.7
2022-03-25T09:00:00,1223A,120.2072,30.2111,杭州市,滨江,,19,19,33,5,15,121,46,63,55,32,30,5,6,0.7,0.6
2022-03-25T09:00:00,1224A,120.0633,30.2747,杭州市,西溪,,45,45,32,30,20,138,8,39,23,61,29,3,3,0.9,0.7
2022-03-25T09:00:00,1226A,120.3461,30.3153,杭州市,下沙,,22,17,35,14,20,137,43,81,53,43,38,4,6,0.5,0.5
2022-03-25T09:00:00,1227A,120.1269,30.2456,杭州市,卧龙桥,,20,11,27,6,18,134,62,42,42,18,25,5,6,0.5,0.5
2022-03-25T09:00:00,1228A,120.1903,30.2692,杭州市,浙江农大,,16,14,32,10,25,133,51,60,56,30,37,3,4,0.6,0.6
2022-03-25T09:00:00,1230A,120.1197,30.3119,杭州市,和睦小学,,22,19,43,15,24,133,46,54,44,30,39,1,2,0.7,0.7
2022-03-25T09:00:00,1231A,120.3019,30.4183,杭州市,临平镇,,22,22,38,8,23,146,37,78,54,43,27,3,4,0.7,0.6
2022-03-25T09:00:00,1232A,120.2697,30.1819,杭州市,城厢镇,,27,27,37,5,15,118,36,70,54,46,34,4,5,0.6,0.6
2022-03-25T09:00:00,1233A,120.0883,30.1808,杭州市,云栖,,20,20,29,8,15,128,40,38,38,32,29,6,6,0.5,0.5
2022-03-25T09:00:00,1234A,121.8358,29.911,宁波市,区环保大楼,,30,28,20,14,8,112,93,88,88,5,11,5,5,0.6,0.6
2022-03-25T09:00:00,1235A,121.56,29.82,宁波市,万里学院,,25,14,18,13,12,135,80,98,83,16,11,7,9,0.4,0.3
2022-03-25T09:00:00,1236A,121.713,29.9572,宁波市,龙赛医院,,30,25,22,10,8,122,94,97,90,10,14,5,5,0.4,0.3
2022-03-25T09:00:00,1239A,121.633,29.7733,宁波市,钱湖水厂,,30,14,18,4,8,128,95,104,91,6,8,7,8,0.4,0.4
2022-03-25T09:00:00,1240A,121.5856,29.8635,宁波市,太古小学,,24,14,24,14,13,113,74,87,74,15,15,6,7,0.4,0.4
2022-03-25T09:00:00,1241A,121.524,29.8674,宁波市,市环境监测中心,,21,14,21,6,10,125,65,89,70,26,17,7,9,0.6,0.5
2022-03-25T09:00:00,1242A,120.634,28.0089,温州市,瓯海,,38,25,40,26,29,128,6,43,16,42,28,5,5,0.8,0.4
2022-03-25T09:00:00,1243A,120.6748,27.9939,温州市,南浦,,39,39,52,24,27,125,8,59,20,44,26,6,6,0.7,0.4
2022-03-25T09:00:00,1244A,120.76,27.9747,温州市,龙湾,颗粒物(PM10),51,51,55,22,22,129,5,28,11,57,40,5,4,0.7,0.4
2022-03-25T09:00:00,1245A,120.6709,28.0167,温州市,市站,,40,40,45,20,19,128,7,59,30,51,28,5,5,0.9,0.5
2022-03-25T09:00:00,1247A,120.6053,29.9928,绍兴市,城东开发委,,23,17,25,0,19,129,73,86,81,8,12,4,4,0.6,0.5
2022-03-25T09:00:00,1250A,120.0751,30.8669,湖州市,城西水厂,,18,15,40,6,24,145,57,74,60,28,33,4,6,0.4,0.3
2022-03-25T09:00:00,1252A,120.7436,30.778,嘉兴市,清河小学,,18,4,23,5,14,132,56,67,60,19,25,7,10,0.3,0.4
2022-03-25T09:00:00,1253A,120.726,30.7478,嘉兴市,嘉兴学院,,21,10,27,4,14,150,67,75,71,17,22,8,11,0.6,0.6
2022-03-25T09:00:00,1255A,121.273,28.6459,台州市,黄岩环保大楼,,36,36,44,20,16,140,15,71,40,45,17,6,6,0.6,0.2
2022-03-25T09:00:00,1256A,121.419,28.6542,台州市,台州环保大楼,,46,25,38,32,24,127,14,74,48,52,19,5,5,0.8,0.4
2022-03-25T09:00:00,1257A,121.377,28.5773,台州市,路桥田洋王,细颗粒物(PM2.5),53,29,31,37,26,128,22,69,42,43,19,5,7,0.6,0.3
2022-03-25T09:00:00,1258A,122.122,30.0203,舟山市,定海檀枫,,28,28,22,15,9,108,78,84,81,13,15,1,2,0.2,0.2
2022-03-25T09:00:00,1259A,122.3094,29.9558,舟山市,普陀东港,,31,31,25,15,17,103,90,103,92,14,22,3,4,0.3,0.3
2022-03-25T09:00:00,1260A,122.19,29.9944,舟山市,临城新区,,30,30,20,10,11,114,84,89,89,10,12,3,3,0.4,0.3
2022-03-25T09:00:00,1262A,119.647,29.077,金华市,十五中,,25,25,32,14,19,133,35,79,50,38,22,6,6,0.5,0.4
2022-03-25T09:00:00,1263A,119.686,29.1029,金华市,监测站,,18,12,32,10,21,136,36,70,46,36,25,7,7,0.6,0.5
2022-03-25T09:00:00,1264A,118.8692,28.9398,衢州市,环保大楼,,,18,34,9,17,104,,39,39,24,22,4,6,1.0,0.8
2022-03-25T09:00:00,1265A,118.8709,28.9666,衢州市,实验学校,,17,11,29,10,30,110,52,56,51,14,17,5,5,0.6,0.6
2022-03-25T09:00:00,1266A,118.8621,28.9808,衢州市,衢州学院,,15,8,30,5,17,102,48,56,51,18,19,4,5,0.7,0.7
2022-03-25T09:00:00,1267A,119.914,28.4514,丽水市,监测站大楼,,35,16,26,24,17,104,30,61,44,21,13,6,5,0.6,0.4
2022-03-25T09:00:00,1268A,119.93,28.4586,丽水市,莲都小学,,38,19,26,26,16,101,28,66,41,30,14,6,6,0.6,0.3
2022-03-25T09:00:00,1269A,119.879,28.4231,丽水市,余庄前,,43,41,23,30,15,114,18,84,48,39,13,6,7,0.6,0.4
2022-03-25T09:00:00,1270A,117.1959,31.7848,合肥市,明珠广场,,18,12,21,2,11,87,29,57,42,35,18,4,5,1.1,0.8
2022-03-25T09:00:00,1271A,117.3072,31.8764,合肥市,三里街,,24,24,28,9,10,81,22,46,27,39,26,6,6,0.8,0.7
2022-03-25T09:00:00,1272A,117.2588,31.8707,合肥市,琥珀山庄,,12,12,22,5,9,90,38,56,40,24,15,5,5,0.9,0.7
2022-03-25T09:00:00,1273A,117.1604,31.9052,合肥市,董铺水库(对照点),,13,7,20,2,8,68,36,48,39,26,18,7,7,0.7,0.4
2022-03-25T09:00:00,1274A,117.25,31.8571,合肥市,长江中路,,15,12,24,0,5,97,40,63,47,29,22,6,6,0.7,0.5
2022-03-25T09:00:00,1275A,117.266,31.9436,合肥市,庐阳区,,19,12,25,5,5,85,32,49,33,37,27,7,6,0.7,0.5
2022-03-25T09:00:00,1276A,117.336,31.8586,合肥市,瑶海区,,19,19,22,7,11,88,31,52,29,26,18,6,6,0.6,0.5
2022-03-25T09:00:00,1277A,117.3027,31.7964,合肥市,包河区,,13,7,18,7,13,91,41,64,46,25,17,3,4,0.7,0.6
2022-03-25T09:00:00,1278A,117.2776,31.7385,合肥市,滨湖新区,,14,9,22,9,12,102,44,68,51,22,12,6,6,1.0,0.8
2022-03-25T09:00:00,1279A,117.1318,31.8403,合肥市,高新区,,16,9,22,7,12,93,38,56,44,31,20,8,8,0.9,0.5
2022-03-25T09:00:00,1280A,119.3903,26.0543,福州市,鼓山(对照点),,30,10,24,8,16,99,94,79,79,5,16,3,3,0.4,0.4
2022-03-25T09:00:00,1282A,119.2681,26.0504,福州市,师大,,46,22,36,32,25,111,16,36,34,35,25,2,2,0.4,0.4
2022-03-25T09:00:00,1284A,119.2648,26.0768,福州市,杨桥西路,,40,24,38,28,23,97,16,25,25,35,26,2,3,0.8,0.8
2022-03-25T09:00:00,1285A,119.317,26.0746,福州市,紫阳,,43,20,37,30,29,104,27,35,34,28,31,4,4,0.5,0.4
2022-03-25T09:00:00,1286A,118.1608,24.8169,厦门市,溪东(对照点),,23,23,24,9,22,86,35,46,42,2,3,1,1,0.4,0.4
2022-03-25T09:00:00,1287A,118.1514,24.4767,厦门市,洪文,细颗粒物(PM2.5),53,31,36,37,37,94,12,48,30,38,22,2,3,0.6,0.5
2022-03-25T09:00:00,1288A,118.0661,24.4444,厦门市,鼓浪屿,,33,23,26,23,28,98,0,43,13,52,30,2,2,0.9,0.7
2022-03-25T09:00:00,1290A,115.8931,28.6843,南昌市,省外办,,21,21,26,14,17,92,19,41,28,23,13,2,3,0.9,0.7
2022-03-25T09:00:00,1291A,115.8886,28.7003,南昌市,省林业公司,,15,15,23,10,15,92,26,41,32,16,13,5,8,0.9,0.7
2022-03-25T09:00:00,1292A,115.8126,28.7442,南昌市,林科所,,19,7,14,13,12,89,17,27,20,13,13,6,6,0.6,0.5
2022-03-25T09:00:00,1294A,115.8518,28.687,南昌市,建工学校,,19,12,26,13,15,86,23,33,28,21,19,8,9,0.4,0.4
2022-03-25T09:00:00,1295A,115.8921,28.6424,南昌市,象湖,,19,18,21,13,13,86,18,38,24,19,13,1,2,0.8,0.7
2022-03-25T09:00:00,1296A,115.7423,28.7996,南昌市,武术学校(对照点),,10,4,13,4,9,83,30,44,28,10,12,9,8,0.6,0.6
2022-03-25T09:00:00,1298A,115.9314,28.6842,南昌市,省站,,16,16,25,9,18,84,16,31,22,27,15,3,3,0.7,0.5
2022-03-25T09:00:00,1299A,116.9862,36.6114,济南市,科干所,细颗粒物(PM2.5),85,92,69,63,41,114,78,112,76,26,23,12,11,1.3,0.9
2022-03-25T09:00:00,1300A,116.9376,36.665,济南市,农科所,细颗粒物(PM2.5),104,110,79,78,37,99,59,23,23,38,47,10,9,1.4,0.8
2022-03-25T09:00:00,1301A,117.1265,36.6734,济南市,开发区,细颗粒物(PM2.5),112,98,74,84,49,114,63,102,61,36,32,10,9,1.1,0.7
2022-03-25T09:00:00,1303A,117.0624,36.6868,济南市,省种子仓库,细颗粒物(PM2.5),135,110,78,103,49,112,56,28,28,40,45,12,11,1.6,1
2022-03-25T09:00:00,1304A,116.9489,36.6447,济南市,机床二厂,细颗粒物(PM2.5),119,115,84,90,47,101,65,50,26,39,42,7,8,1.1,0.6
2022-03-25T09:00:00,1305A,117.0495,36.663,济南市,市监测站,细颗粒物(PM2.5),119,100,72,90,46,110,58,45,45,39,40,12,12,0.9,0.5
2022-03-25T09:00:00,1306A,116.7675,36.5484,济南市,长清党校,细颗粒物(PM2.5),98,117,87,73,48,116,61,116,54,37,32,7,8,1.2,0.8
2022-03-25T09:00:00,1307A,120.6659,36.2403,青岛市,仰口(对照点),,29,29,44,19,22,137,73,96,88,19,11,3,3,0.7,0.6
2022-03-25T09:00:00,1310A,120.4134,36.0658,青岛市,市南区东部子站,,38,38,49,9,24,131,79,94,87,18,15,6,6,0.4,0.4
2022-03-25T09:00:00,1311A,120.3664,36.1032,青岛市,四方区子站,,29,29,48,9,26,147,78,101,92,26,20,5,6,0.6,0.6
2022-03-25T09:00:00,1312A,120.2994,36.054,青岛市,市南区西部子站,,31,31,43,10,24,149,89,104,96,22,19,5,6,0.5,0.5
2022-03-25T09:00:00,1313A,120.4581,36.0858,青岛市,崂山区子站,,44,44,50,12,25,149,94,105,99,19,20,7,7,0.4,0.4
2022-03-25T09:00:00,1314A,120.1983,35.9608,青岛市,黄岛区子站,,29,14,48,12,32,149,90,106,99,22,19,4,5,0.6,0.6
2022-03-25T09:00:00,1315A,120.3999,36.3083,青岛市,城阳区子站,,39,39,53,17,18,140,70,98,81,23,14,5,5,0.5,0.5
2022-03-25T09:00:00,1316A,113.69031,34.76122,郑州市,烟厂,细颗粒物(PM2.5),70,87,57,51,35,91,22,64,30,28,22,5,6,1.1,0.6
2022-03-25T09:00:00,1317A,113.65724,34.77134,郑州市,郑纺机,细颗粒物(PM2.5),69,82,59,50,31,85,27,58,30,26,22,6,7,1.5,1
2022-03-25T09:00:00,1318A,113.67526,34.80246,郑州市,银行学校,细颗粒物(PM2.5),70,84,60,51,32,95,30,50,30,20,20,3,4,1.2,0.7
2022-03-25T09:00:00,1319A,113.56746,34.81334,郑州市,供水公司,"颗粒物(PM10),细颗粒物(PM2.5)",64,77,66,46,40,95,28,44,32,26,23,4,5,1.2,0.7
2022-03-25T09:00:00,1320A,113.7329,34.7178,郑州市,经开区管委,细颗粒物(PM2.5),83,63,53,61,37,103,20,74,36,24,16,6,6,1.4,0.7
2022-03-25T09:00:00,1321A,113.73961,34.77172,郑州市,四十七中,颗粒物(PM10),66,82,64,42,24,98,20,44,25,24,20,5,5,1.5,0.8
2022-03-25T09:00:00,1322A,113.60532,34.74838,郑州市,市监测站,颗粒物(PM10),60,69,56,37,26,83,31,58,31,24,23,6,7,1.2,0.8
2022-03-25T09:00:00,1324A,113.51488,34.91089,郑州市,岗李水库(对照点),颗粒物(PM10),65,80,68,41,32,87,27,56,28,19,20,7,7,1.2,0.7
2022-03-25T09:00:00,1325A,114.3677,30.5584,武汉市,东湖梨园,,21,14,25,12,22,88,5,45,19,41,25,6,7,1.3,0.9
2022-03-25T09:00:00,1326A,114.2529,30.558,武汉市,汉阳月湖,,22,14,18,12,16,90,7,44,17,43,29,4,5,1.2,0.9
2022-03-25T09:00:00,1327A,114.282,30.6189,武汉市,汉口花桥,,20,20,27,7,16,78,5,40,17,40,24,7,8,1.5,1.1
2022-03-25T09:00:00,1328A,114.3025,30.5332,武汉市,武昌紫阳,,19,17,23,11,16,83,5,45,17,38,24,8,9,1.2,0.9
2022-03-25T09:00:00,1329A,114.3646,30.6217,武汉市,青山钢花,,21,12,24,12,22,83,5,45,18,42,25,8,9,1.7,1.1
2022-03-25T09:00:00,1330A,114.1566,30.4825,武汉市,沌口新区,,20,9,27,8,18,82,5,37,18,40,27,7,8,1.1,1
2022-03-25T09:00:00,1331A,114.3014,30.5944,武汉市,汉口江滩,,22,14,25,9,20,85,8,43,17,43,30,7,7,1.5,1
2022-03-25T09:00:00,1333A,114.135,30.6319,武汉市,吴家山,,20,12,25,7,17,88,8,32,16,40,35,8,9,0.8,0.7
2022-03-25T09:00:00,1334A,113.8454,30.2917,武汉市,沉湖七壕(对照点),,16,16,18,5,14,83,24,34,23,11,15,5,5,0.8,0.7
2022-03-25T09:00:00,1335A,113.0833,28.2325,长沙市,经开区环保局,,36,20,24,25,27,60,6,30,15,29,19,7,6,1.2,0.8
2022-03-25T09:00:00,1336A,112.8872,28.2189,长沙市,高开区环保局,,35,14,16,24,43,52,6,24,13,33,22,7,7,1.1,0.7
2022-03-25T09:00:00,1337A,113.0792,28.2053,长沙市,马坡岭,,33,20,27,23,27,61,7,23,13,24,18,7,8,1.0,0.7
2022-03-25T09:00:00,1338A,112.9394,28.19,长沙市,湖南师范大学,,32,21,23,22,26,53,10,17,12,22,20,7,7,1.1,0.9
2022-03-25T09:00:00,1339A,113.0178,28.1322,长沙市,雨花区环保局,,35,15,22,24,24,57,9,26,15,28,22,5,5,0.8,0.6
2022-03-25T09:00:00,1340A,112.9792,28.2597,长沙市,伍家岭,,35,32,31,24,23,52,6,5,5,28,28,6,6,0.9,0.9
2022-03-25T09:00:00,1341A,113.0014,28.1944,长沙市,火车新站,,33,23,32,23,24,50,6,4,4,36,34,6,11,0.8,0.6
2022-03-25T09:00:00,1342A,112.9844,28.1178,长沙市,天心区环保局,,29,6,17,20,19,50,3,20,12,31,21,6,7,1.3,0.9
2022-03-25T09:00:00,1343A,112.8908,28.1308,长沙市,湖南中医药大学,,30,19,23,21,21,49,5,11,8,27,23,4,5,1.2,0.7
2022-03-25T09:00:00,1344A,112.9581,28.3611,长沙市,沙坪(对照点),,32,18,27,22,24,46,16,24,20,16,21,7,7,0.9,0.8
2022-03-25T09:00:00,1345A,113.2347,23.1423,广州市,广雅中学,,28,21,29,18,21,10,4,4,4,55,43,6,6,1.2,1.3
2022-03-25T09:00:00,1346A,113.2612,23.105,广州市,市五中,,28,20,26,19,22,15,2,3,2,56,47,5,5,1.0,1
2022-03-25T09:00:00,1348A,113.3478,23.0916,广州市,广东商学院,,30,21,23,21,19,9,3,3,2,59,47,4,4,1.0,1
2022-03-25T09:00:00,1349A,113.4332,23.1047,广州市,市八十六中,,25,21,24,13,14,10,2,2,2,49,40,7,7,1.1,1.1
2022-03-25T09:00:00,1350A,113.3505,22.9483,广州市,番禺中学,,36,34,29,25,18,14,0,1,0,50,43,8,7,1.2,0.9
2022-03-25T09:00:00,1352A,113.2597,23.1331,广州市,市监测站,,30,18,26,15,17,11,6,4,4,60,44,6,6,1.1,1.1
2022-03-25T09:00:00,1353A,113.5618,23.312,广州市,九龙镇镇龙,,14,10,11,8,9,31,31,24,24,28,28,5,5,0.6,0.7
2022-03-25T09:00:00,1354A,113.2765,23.1544,广州市,麓湖,,30,18,20,13,14,9,4,4,4,59,43,6,6,1.1,1
2022-03-25T09:00:00,1355A,113.443,23.3035,广州市,帽峰山森林公园(对照点),,15,4,9,3,7,49,48,46,44,18,15,6,6,0.7,0.8
2022-03-25T09:00:00,1356A,114.1063,22.5545,深圳市,通心岭子站,,22,5,7,2,3,94,68,91,84,7,5,2,2,0.5,0.5
2022-03-25T09:00:00,1357A,114.117,22.5625,深圳市,洪湖,,22,6,8,1,3,97,70,96,89,14,15,5,5,0.5,0.5
2022-03-25T09:00:00,1358A,113.987,22.5417,深圳市,华侨城,,17,5,6,5,6,86,54,84,76,16,9,7,7,0.8,0.8
2022-03-25T09:00:00,1359A,113.9181,22.5171,深圳市,南海子站,,21,7,7,2,3,91,65,89,83,10,6,2,2,0.5,0.5
2022-03-25T09:00:00,1360A,114.2458,22.5689,深圳市,盐田,,22,6,10,2,5,91,69,81,80,10,28,1,2,0.5,0.5
2022-03-25T09:00:00,1361A,114.2283,22.7244,深圳市,龙岗,,21,8,10,5,6,86,38,80,71,42,24,2,2,0.6,0.5
2022-03-25T09:00:00,1363A,114.494,22.5422,深圳市,南澳,,23,6,6,1,2,83,73,83,78,7,8,5,5,0.4,0.6
2022-03-25T09:00:00,1364A,114.41,22.6342,深圳市,葵涌,,22,6,5,1,2,96,69,95,85,15,10,3,3,0.6,0.5
2022-03-25T09:00:00,1365A,114.297,22.5978,深圳市,梅沙,,18,8,10,3,3,92,56,91,79,15,13,8,8,0.7,0.7
2022-03-25T09:00:00,1366A,114.0678,22.738,深圳市,观澜,,18,4,15,2,10,78,55,70,62,35,28,5,4,0.9,0.7
2022-03-25T09:00:00,1367A,113.5814,22.2618,珠海市,吉大,,21,12,9,12,10,89,65,85,80,14,17,8,8,0.8,0.8
2022-03-25T09:00:00,1368A,113.4881,22.2335,珠海市,前山,,17,12,11,4,6,92,53,91,80,28,23,8,8,0.6,0.6
2022-03-25T09:00:00,1369A,113.628,22.4251,珠海市,唐家,,26,13,15,3,13,84,82,82,80,6,29,8,8,0.5,0.6
2022-03-25T09:00:00,1370A,113.299,22.2281,珠海市,斗门,,21,7,11,4,9,92,66,92,80,12,25,5,5,0.6,0.6
2022-03-25T09:00:00,1371A,113.1294,23.0067,佛山市,湾梁,,29,27,24,20,15,10,4,4,4,48,42,12,10,1.0,0.9
2022-03-25T09:00:00,1372A,113.1083,23.0478,佛山市,华材职中,,29,29,21,18,19,9,8,5,5,38,35,6,5,0.9,0.8
2022-03-25T09:00:00,1373A,113.144,23.0453,佛山市,南海气象局,,30,24,28,21,17,8,3,3,3,50,42,5,5,0.9,0.9
2022-03-25T09:00:00,1374A,113.2881,22.8094,佛山市,顺德苏岗,,32,22,16,22,14,11,11,2,2,64,51,1,2,0.9,1
2022-03-25T09:00:00,1376A,112.8383,22.8678,佛山市,高明孔堂,,24,15,23,9,18,6,3,3,2,48,49,5,6,1.2,1.1
2022-03-25T09:00:00,1377A,112.8836,23.1588,佛山市,三水监测站,,30,29,14,21,17,8,2,2,2,37,34,5,4,1.1,0.8
2022-03-25T09:00:00,1378A,112.867,23.185,佛山市,三水云东海,,20,16,16,14,8,8,0,0,0,37,35,5,5,0.9,0.8
2022-03-25T09:00:00,1379A,113.3769,22.5211,中山市,华柏园,,30,27,22,21,18,20,7,7,6,40,44,3,4,1.6,0.8
2022-03-25T09:00:00,1380A,113.3881,22.5497,中山市,张溪,,32,21,24,22,22,66,19,34,33,45,42,4,5,0.9,0.7
2022-03-25T09:00:00,1381A,113.4075,22.5111,中山市,紫马岭,,19,19,19,7,10,67,42,50,47,17,35,2,3,0.7,0.8
2022-03-25T09:00:00,1382A,113.4411,22.4853,中山市,长江旅游区(对照点),,22,7,14,4,9,74,68,72,71,9,35,1,2,0.4,0.6
2022-03-25T09:00:00,1383A,113.1064,22.6058,江门市,北街,,33,33,29,18,23,17,14,9,9,63,58,7,7,1.1,1.1
2022-03-25T09:00:00,1384A,113.0731,22.5835,江门市,西区,,30,30,27,21,22,14,5,2,2,60,55,7,7,1.7,1.1
2022-03-25T09:00:00,1385A,113.0219,22.5311,江门市,圭峰西,,35,22,21,23,20,50,6,29,28,70,57,5,5,0.8,0.6
2022-03-25T09:00:00,1386A,113.0828,22.5947,江门市,东湖,,,38,40,24,28,13,,3,3,55,50,6,6,1.4,1
2022-03-25T09:00:00,1389A,113.7547,23.0494,东莞市,莞城梨川,,26,25,23,18,16,31,19,23,23,46,33,8,9,1.6,1.4
2022-03-25T09:00:00,1390A,113.7944,23.0128,东莞市,东城石井,,31,23,24,15,16,22,6,3,3,62,46,6,7,0.9,0.8
2022-03-25T09:00:00,1391A,113.7383,22.9658,东莞市,南城西平,,20,14,21,9,13,36,36,24,24,39,41,5,6,0.6,0.7
2022-03-25T09:00:00,1392A,114.4183,23.0528,惠州市,河南岸金山湖子站,,19,11,11,12,10,79,60,78,71,16,15,3,3,0.6,0.7
2022-03-25T09:00:00,1393A,114.4053,23.0822,惠州市,下埔横江三路子站,,17,9,13,11,9,83,42,81,68,34,20,4,4,0.7,0.6
2022-03-25T09:00:00,1394A,114.4103,23.1142,惠州市,江北云山西路子站,,21,6,11,8,10,84,67,73,73,13,15,5,6,0.6,0.7
2022-03-25T09:00:00,1395A,114.4645,22.7833,惠州市,惠阳区承修路船湖子站,,,,12,9,15,85,77,83,81,9,16,2,3,0.8,0.8
2022-03-25T09:00:00,1396A,114.5317,22.7422,惠州市,大亚湾管委会子站,,21,10,10,7,7,81,66,78,76,17,15,5,5,0.6,0.6
2022-03-25T09:00:00,1397A,112.4267,23.0706,肇庆市,睦岗子站,,30,26,19,21,14,17,7,6,6,53,50,13,9,1.4,1.1
2022-03-25T09:00:00,1398A,112.4645,23.0475,肇庆市,城中子站,,33,26,22,23,18,16,7,6,6,47,47,14,9,1.4,0.9
2022-03-25T09:00:00,1399A,112.5544,23.1522,肇庆市,坑口子站,,39,33,19,27,15,15,6,6,6,38,36,15,13,1.1,0.8
2022-03-25T09:00:00,1400A,112.4753,23.1,肇庆市,七星岩子站(对照点),,20,17,16,14,12,13,2,2,2,38,37,13,10,0.9,0.7
2022-03-25T09:00:00,1401A,108.3103,22.7881,南宁市,二十一中,,30,30,15,15,9,37,1,6,1,25,21,5,5,1.3,1
2022-03-25T09:00:00,1403A,108.3206,22.8225,南宁市,市监测站,,33,28,16,23,10,37,5,8,6,30,28,8,8,1.2,0.9
2022-03-25T09:00:00,1404A,108.3829,22.8037,南宁市,大自然花园,,19,9,12,13,10,40,4,8,6,25,22,6,6,1.1,0.9
2022-03-25T09:00:00,1405A,108.4394,22.7904,南宁市,仙葫(对照点),,19,18,12,13,9,44,4,11,5,24,18,5,5,1.3,1.1
2022-03-25T09:00:00,1406A,108.2397,22.8467,南宁市,区农职院,,29,27,19,20,13,28,4,8,4,26,31,7,7,1.0,0.9
2022-03-25T09:00:00,1407A,108.3275,22.735,南宁市,英华嘉园,,40,30,16,28,15,34,9,12,6,18,18,6,6,1.1,1
2022-03-25T09:00:00,1408A,108.2257,22.7757,南宁市,沙井镇街道办,,38,38,21,19,10,27,0,1,1,26,31,4,4,1.2,1
2022-03-25T09:00:00,1409A,110.576,19.9507,海口市,东寨港(对照点),,29,19,22,20,17,58,20,18,17,2,4,1,3,0.3,0.3
2022-03-25T09:00:00,1410A,110.3232,20.0574,海口市,海南大学,,23,19,20,16,10,72,4,24,13,8,9,3,3,0.4,0.5
2022-03-25T09:00:00,1411A,110.283,20.0053,海口市,秀英海南医院,,29,23,24,20,13,66,20,20,20,4,12,3,3,0.4,0.4
2022-03-25T09:00:00,1412A,110.338,19.9969,海口市,海南师范大学,,41,41,22,16,11,57,12,14,11,6,12,3,2,0.3,0.4
2022-03-25T09:00:00,1413A,110.33,20.0356,海口市,龙华路环保局宿舍,,23,23,21,15,13,62,16,18,16,5,9,5,4,0.4,0.4
2022-03-25T09:00:00,1414A,106.3787,29.8279,重庆市,缙云山(对照点),,25,25,26,15,15,66,44,52,48,14,17,1,2,0.7,0.8
2022-03-25T09:00:00,1416A,106.4213,29.8253,重庆市,天生,,38,38,35,26,21,57,6,18,8,35,32,7,6,1.0,0.9
2022-03-25T09:00:00,1417A,106.6263,29.7228,重庆市,两路,颗粒物(PM10),51,51,35,30,20,67,28,36,34,37,31,12,10,0.9,0.8
2022-03-25T09:00:00,1418A,106.2953,29.5983,重庆市,虎溪,细颗粒物(PM2.5),54,53,50,38,33,57,27,37,37,28,31,13,6,0.9,1
2022-03-25T09:00:00,1419A,106.5777,29.5102,重庆市,南坪,细颗粒物(PM2.5),72,60,49,52,31,42,14,18,18,32,32,14,7,0.8,0.7
2022-03-25T09:00:00,1420A,106.6556,29.6277,重庆市,唐家沱,细颗粒物(PM2.5),73,84,48,53,25,41,10,7,7,38,38,8,6,0.8,0.7
2022-03-25T09:00:00,1421A,106.6349,29.4906,重庆市,茶园,细颗粒物(PM2.5),62,58,44,44,30,41,28,28,28,28,36,9,8,0.9,0.9
2022-03-25T09:00:00,1422A,106.3754,29.4572,重庆市,白市驿,细颗粒物(PM2.5),53,54,39,37,25,54,16,26,26,40,40,11,8,0.7,0.8
2022-03-25T09:00:00,1425A,106.6205,29.7166,重庆市,空港,,48,48,39,32,23,57,20,36,28,32,23,13,9,0.7,0.6
2022-03-25T09:00:00,1426A,106.4782,29.4875,重庆市,新山村,细颗粒物(PM2.5),77,97,48,56,29,42,13,20,19,43,45,27,14,0.9,0.8
2022-03-25T09:00:00,1427A,106.5616,29.6453,重庆市,礼嘉,,46,46,36,28,18,56,18,37,33,42,32,11,8,1.0,1
2022-03-25T09:00:00,1428A,106.4522,29.7091,重庆市,蔡家,细颗粒物(PM2.5),57,50,36,40,26,58,16,35,28,37,30,7,6,1.0,1
2022-03-25T09:00:00,1429A,106.5093,29.3917,重庆市,鱼新街,,,57,44,34,22,44,14,21,19,,,14,12,1.2,1.2
2022-03-25T09:00:00,1431A,103.9728,30.7236,成都市,金泉两河,细颗粒物(PM2.5),53,48,59,37,36,46,0,2,2,27,32,5,5,0.8,0.6
2022-03-25T09:00:00,1432A,104.1419,30.6764,成都市,十里店,颗粒物(PM10),66,82,63,36,29,52,2,11,9,52,40,4,4,1.2,0.7
2022-03-25T09:00:00,1433A,104.0594,30.5767,成都市,三瓦窑,颗粒物(PM10),52,53,55,30,38,52,2,2,1,44,42,2,2,0.9,0.6
2022-03-25T09:00:00,1434A,104.1122,30.6306,成都市,沙河铺,细颗粒物(PM2.5),75,67,63,55,47,55,1,3,1,41,38,6,5,0.9,0.7
2022-03-25T09:00:00,1437A,104.0431,30.6556,成都市,君平街,细颗粒物(PM2.5),62,58,61,44,42,51,4,11,9,44,41,4,4,1.1,0.8
2022-03-25T09:00:00,1438A,103.6202,31.0201,成都市,灵岩寺(对照点),,22,22,16,8,15,60,42,51,48,9,13,22,7,0.7,0.6
2022-03-25T09:00:00,1439A,106.6899,26.5998,贵阳市,马鞍山,细颗粒物(PM2.5),62,49,20,44,15,41,18,30,23,21,13,9,5,0.6,0.4
2022-03-25T09:00:00,1440A,106.6971,26.5694,贵阳市,市环保站,细颗粒物(PM2.5),58,52,20,41,13,43,18,32,23,23,17,13,5,0.6,0.5
2022-03-25T09:00:00,1441A,106.6243,26.6266,贵阳市,鉴湖路,,39,39,23,19,11,44,28,39,31,19,9,1,2,0.6,0.4
2022-03-25T09:00:00,1442A,106.7487,26.6343,贵阳市,燕子冲,细颗粒物(PM2.5),52,44,23,36,19,40,27,38,29,14,10,13,7,0.5,0.4
2022-03-25T09:00:00,1443A,106.6555,26.4365,贵阳市,碧云窝,,44,44,23,24,11,49,30,40,37,14,7,5,6,0.6,0.5
2022-03-25T09:00:00,1444A,106.694,26.5161,贵阳市,中院村,,39,39,22,27,9,49,25,45,35,20,11,9,6,0.8,0.5
2022-03-25T09:00:00,1445A,106.7109,26.6027,贵阳市,红边门,细颗粒物(PM2.5),52,52,26,36,15,42,23,35,27,19,16,12,4,0.5,0.3
2022-03-25T09:00:00,1446A,106.7164,26.5699,贵阳市,新华路,细颗粒物(PM2.5),57,55,22,40,12,44,19,38,29,18,9,8,5,0.5,0.4
2022-03-25T09:00:00,1447A,106.674,26.5424,贵阳市,太慈桥,颗粒物(PM10),54,58,27,34,7,49,21,40,33,20,10,4,3,0.6,0.4
2022-03-25T09:00:00,1450A,102.8204,24.8886,昆明市,呈贡新区,细颗粒物(PM2.5),62,61,36,44,26,129,129,115,115,12,12,8,7,0.4,0.5
2022-03-25T09:00:00,1451A,102.6251,24.9608,昆明市,西山森林公园(对照点),细颗粒物(PM2.5),65,50,24,47,22,126,124,120,120,13,8,15,7,0.5,0.5
2022-03-25T09:00:00,1452A,102.7252,25.0902,昆明市,龙泉镇,,,64,35,35,21,118,,99,94,36,17,10,10,0.8,0.7
2022-03-25T09:00:00,1453A,102.7266,25.0375,昆明市,东风东路,颗粒物(PM10),57,64,35,38,24,115,97,102,102,30,17,15,10,0.6,0.6
2022-03-25T09:00:00,1454A,102.6742,25.0669,昆明市,金鼎山,细颗粒物(PM2.5),64,63,34,46,30,104,102,98,98,21,13,13,10,0.4,0.5
2022-03-25T09:00:00,1455A,102.6644,25.0401,昆明市,碧鸡广场,细颗粒物(PM2.5),72,68,35,52,29,115,99,106,106,31,16,15,10,0.8,0.6
2022-03-25T09:00:00,1456A,91.1319,29.6514,拉萨市,八廓街,,32,32,27,8,8,117,69,95,88,14,14,6,6,0.4,0.4
2022-03-25T09:00:00,1457A,91.1221,29.6747,拉萨市,市环保局,,24,24,25,10,10,107,70,83,80,12,7,4,5,0.3,0.2
2022-03-25T09:00:00,1458A,91.0874,29.6475,拉萨市,区监测站,,22,22,23,7,8,114,56,86,81,29,7,6,6,0.4,0.3
2022-03-25T09:00:00,1459A,91.1774,29.6541,拉萨市,西藏大学,,26,18,23,6,6,117,82,97,90,10,10,5,5,0.2,0.2
2022-03-25T09:00:00,1460A,90.9798,29.6588,拉萨市,区辐射站,,28,28,27,13,11,131,55,98,90,31,12,6,6,0.7,0.5
2022-03-25T09:00:00,1461A,91.0834,29.6292,拉萨市,拉萨火车站,,27,27,26,7,5,133,81,103,97,10,6,5,5,0.5,0.5
2022-03-25T09:00:00,1462A,108.882,34.2749,西安市,高压开关厂,颗粒物(PM10),78,106,144,43,81,150,27,36,25,31,37,5,12,0.7,0.8
2022-03-25T09:00:00,1463A,108.993,34.2629,西安市,兴庆小区,颗粒物(PM10),62,73,127,39,62,140,8,32,23,39,40,6,13,1.5,0.8
2022-03-25T09:00:00,1464A,109.06,34.2572,西安市,纺织城,细颗粒物(PM2.5),87,101,151,64,88,136,4,24,16,44,53,6,11,0.8,0.8
2022-03-25T09:00:00,1465A,108.9356,34.2173,西安市,小寨,颗粒物(PM10),62,74,97,38,59,150,17,33,23,36,42,7,12,0.9,0.9
2022-03-25T09:00:00,1466A,108.954,34.2713,西安市,市人民体育场,细颗粒物(PM2.5),84,85,126,62,92,142,9,29,22,37,40,5,12,0.7,0.8
2022-03-25T09:00:00,1467A,108.8922,34.2322,西安市,高新西区,颗粒物(PM10),80,109,141,34,61,114,22,28,21,30,49,7,8,0.7,0.8
2022-03-25T09:00:00,1468A,108.935,34.3474,西安市,经开区,颗粒物(PM10),59,68,112,36,56,133,25,36,24,28,34,3,10,0.7,0.8
2022-03-25T09:00:00,1469A,108.906,34.1546,西安市,长安区,,,,152,42,68,148,16,37,21,32,48,8,12,1.1,1.2
2022-03-25T09:00:00,1471A,109.2186,34.3731,西安市,临潼区,颗粒物(PM10),70,89,140,32,57,134,44,29,29,24,35,4,12,0.8,1
2022-03-25T09:00:00,1472A,108.869,34.378,西安市,草滩(对照点),细颗粒物(PM2.5),80,59,110,59,84,138,10,36,20,40,36,9,16,0.6,0.7
2022-03-25T09:00:00,1473A,108.985,34.1978,西安市,曲江文化产业集团,颗粒物(PM10),85,119,149,55,87,141,10,28,19,44,55,4,7,0.9,1
2022-03-25T09:00:00,1474A,109.051,34.3213,西安市,广运潭,颗粒物(PM10),61,72,130,40,73,139,13,28,19,30,39,5,12,0.7,0.9
2022-03-25T09:00:00,1476A,103.631,36.1031,兰州市,兰炼宾馆,颗粒物(PM10),68,86,234,37,63,94,83,86,86,13,14,13,16,0.3,0.3
2022-03-25T09:00:00,1477A,104.1373,35.9454,兰州市,榆中兰大校区(对照点),颗粒物(PM10),68,86,233,34,49,105,99,95,95,6,8,8,6,0.3,0.5
2022-03-25T09:00:00,1478A,103.8412,36.0726,兰州市,生物制品所,,,75,205,27,40,111,96,98,98,14,13,5,7,,
2022-03-25T09:00:00,1479A,103.831,36.0464,兰州市,铁路设计院,颗粒物(PM10),60,69,202,35,58,95,77,87,85,24,17,5,6,0.6,0.4
2022-03-25T09:00:00,1483A,101.524,36.6867,西宁市,第五水厂(对照点),颗粒物(PM10),69,87,160,21,32,104,67,84,79,24,21,12,19,0.9,1.1
2022-03-25T09:00:00,1484A,105.9512,38.6016,银川市,贺兰山马莲口(对照点),,30,30,154,15,34,97,94,85,85,4,8,7,9,0.3,0.4
2022-03-25T09:00:00,1488A,106.2328,38.4975,银川市,贺兰山东路,颗粒物(PM10),115,180,197,56,50,92,50,76,66,36,16,7,7,0.6,0.5
2022-03-25T09:00:00,1489A,106.1358,38.5036,银川市,学院路,颗粒物(PM10),128,206,193,51,41,94,79,84,74,16,12,8,9,0.5,0.5
2022-03-25T09:00:00,1490A,87.5801,43.8303,乌鲁木齐市,监测站,,32,27,19,15,10,93,13,44,43,63,35,5,5,0.8,0.6
2022-03-25T09:00:00,1491A,87.6046,43.768,乌鲁木齐市,收费所,,28,28,19,16,9,82,13,34,34,48,30,4,5,0.4,0.4
2022-03-25T09:00:00,1492A,87.4754,43.9469,乌鲁木齐市,新疆农科院农场(对照点),,33,23,28,8,10,89,4,10,7,65,35,7,7,0.4,0.3
2022-03-25T09:00:00,1493A,87.5525,43.8711,乌鲁木齐市,铁路局,,33,23,16,23,13,93,27,50,50,48,29,4,5,0.7,0.6
2022-03-25T09:00:00,1494A,87.6432,43.831,乌鲁木齐市,三十一中学,,37,37,28,14,7,88,37,50,49,43,35,5,5,0.5,0.3
2022-03-25T09:00:00,1496A,87.7216,44.1747,乌鲁木齐市,米东区环保局,,35,35,25,20,15,94,25,34,29,34,16,11,8,0.5,0.3
2022-03-25T09:00:00,1508A,112.9433,27.8614,湘潭市,板塘,,44,44,40,16,20,47,7,17,9,30,21,7,6,0.9,0.5
2022-03-25T09:00:00,1511A,112.9118,27.8403,湘潭市,市监测站,,39,20,19,27,25,41,7,17,10,24,15,9,8,1.3,0.9
2022-03-25T09:00:00,1512A,112.8937,27.8728,湘潭市,江麓,,37,37,33,13,20,35,0,10,2,34,26,25,15,1.2,0.7
2022-03-25T09:00:00,1513A,112.9227,27.8159,湘潭市,岳塘,,32,26,30,22,23,48,14,22,15,31,21,11,10,1.2,0.8
2022-03-25T09:00:00,1514A,112.9074,27.9119,湘潭市,科大,,32,25,31,22,25,46,9,12,10,28,24,7,8,0.9,0.8
2022-03-25T09:00:00,1515A,113.135,27.8244,株洲市,天台山庄,,29,14,22,20,26,48,6,26,16,33,19,8,6,1.3,0.5
2022-03-25T09:00:00,1518A,113.095,27.8867,株洲市,株冶医院,,31,31,17,19,23,57,8,31,15,35,24,8,9,0.9,0.7
2022-03-25T09:00:00,1519A,113.167,27.8667,株洲市,市四中,,30,13,15,21,26,47,13,32,22,28,18,6,6,1.2,0.7
2022-03-25T09:00:00,1520A,113.143,27.8381,株洲市,火车站,,38,36,24,26,24,52,6,29,15,41,23,12,8,2.3,0.6
2022-03-25T09:00:00,1524A,113.13,27.8528,株洲市,市监测站,,30,19,22,21,21,47,4,26,12,38,23,12,8,1.7,0.8
2022-03-25T09:00:00,1552A,106.805,26.3003,贵阳市,桐木岭(对照点),,29,29,17,17,12,51,49,48,47,7,4,6,4,0.4,0.4
2022-03-25T09:00:00,1559A,113.251,27.8336,株洲市,大京风景区(对照点),,,19,17,14,20,52,17,34,23,,12,6,8,0.7,0.6
2022-03-25T09:00:00,1562A,113.0048,27.9153,湘潭市,昭山,,36,19,18,25,29,39,2,13,9,24,20,6,7,0.8,0.7
2022-03-25T09:00:00,1564A,112.4876,27.9164,湘潭市,韶山(对照点),,14,14,27,7,20,47,2,8,2,10,9,3,5,0.6,0.4
2022-03-25T09:00:00,1585A,109.8756,40.6532,包头市,市环境监测站,颗粒物(PM10),68,86,99,20,33,90,44,73,57,32,20,7,12,0.6,0.6
2022-03-25T09:00:00,1587A,109.9991,40.5842,包头市,包头八中,颗粒物(PM10),79,107,106,28,31,94,29,76,43,48,24,12,18,1.2,1
2022-03-25T09:00:00,1588A,109.8538,40.6821,包头市,青山宾馆,颗粒物(PM10),69,87,103,17,36,88,40,72,54,32,23,11,14,0.5,0.6
2022-03-25T09:00:00,1589A,109.8642,40.6288,包头市,惠龙物流,颗粒物(PM10),79,107,103,28,30,90,55,79,60,26,18,6,14,0.4,0.5
2022-03-25T09:00:00,1590A,110.0377,40.5546,包头市,东河鸿龙湾,颗粒物(PM10),72,94,88,16,28,90,28,72,40,47,21,22,16,1.1,0.7
2022-03-25T09:00:00,1591A,110.0023,39.8129,鄂尔多斯市,综合楼,颗粒物(PM10),107,163,136,41,43,106,31,72,52,53,30,18,12,0.7,0.5
2022-03-25T09:00:00,1592A,109.9486,39.8261,鄂尔多斯市,巴音孟克林场办事处,颗粒物(PM10),91,132,122,27,32,107,52,57,46,30,28,17,19,0.7,0.6
2022-03-25T09:00:00,1593A,109.7736,39.5986,鄂尔多斯市,康泽苑,颗粒物(PM10),86,122,109,22,26,120,58,80,63,18,17,6,7,0.7,0.5
2022-03-25T09:00:00,1594A,109.8119,39.5989,鄂尔多斯市,华泰汽车城,颗粒物(PM10),81,112,108,29,34,122,54,78,57,24,23,8,10,0.4,0.5
2022-03-25T09:00:00,1597A,122.2703,40.7094,营口市,大庆路,,43,39,69,30,59,139,83,116,101,37,26,22,13,1.7,1
2022-03-25T09:00:00,1598A,122.215,40.6511,营口市,镜湖西路,,46,46,88,21,61,143,99,114,106,12,16,3,10,0.6,0.9
2022-03-25T09:00:00,1599A,122.167,40.6655,营口市,西炮台,,40,40,83,26,63,135,90,103,95,30,29,18,9,0.6,0.7
2022-03-25T09:00:00,1600A,124.3303,40.0625,丹东市,江湾东路,细颗粒物(PM2.5),65,59,71,47,56,126,102,114,109,14,10,11,9,0.8,0.8
2022-03-25T09:00:00,1601A,124.4256,40.1503,丹东市,临江后街,细颗粒物(PM2.5),57,57,74,40,55,127,110,118,114,16,12,12,10,0.8,0.8
2022-03-25T09:00:00,1602A,124.3933,40.1461,丹东市,元宝山,细颗粒物(PM2.5),59,58,76,42,58,120,97,112,106,24,15,17,14,1.1,0.9
2022-03-25T09:00:00,1603A,124.3633,40.1092,丹东市,民主桥,细颗粒物(PM2.5),60,58,72,43,56,119,92,107,104,26,11,13,10,0.8,0.6
2022-03-25T09:00:00,1604A,122.0303,41.1489,盘锦市,开发区,,45,39,102,31,74,142,63,101,79,38,26,8,10,0.8,1
2022-03-25T09:00:00,1605A,122.0485,41.0883,盘锦市,兴隆台,颗粒物(PM10),58,66,108,39,75,144,31,103,77,64,27,9,11,1.0,1
2022-03-25T09:00:00,1606A,121.8297,41.1028,盘锦市,新生街道,,42,42,87,19,73,134,52,100,84,51,21,25,9,0.7,0.8
2022-03-25T09:00:00,1607A,120.9092,40.7136,葫芦岛市,龙港区,颗粒物(PM10),86,121,116,62,84,96,71,83,81,49,23,169,19,1.8,0.9
2022-03-25T09:00:00,1608A,120.8392,40.7514,葫芦岛市,化工街,细颗粒物(PM2.5),62,69,106,44,46,110,56,77,70,41,23,13,12,0.6,0.7
2022-03-25T09:00:00,1609A,120.8341,40.7073,葫芦岛市,新区,细颗粒物(PM2.5),68,84,115,49,86,110,76,82,79,47,25,17,13,0.8,0.8
2022-03-25T09:00:00,1610A,120.8695,40.7677,葫芦岛市,东城区,细颗粒物(PM2.5),79,98,117,58,84,114,49,74,67,51,28,16,13,0.8,0.9
2022-03-25T09:00:00,1611A,118.5819,24.9117,泉州市,涂山街,,29,18,24,20,23,122,50,56,54,10,15,6,7,0.6,0.5
2022-03-25T09:00:00,1612A,118.5972,24.8978,泉州市,津头埔,,28,16,24,19,24,122,46,53,51,14,17,7,8,0.6,0.5
2022-03-25T09:00:00,1613A,118.6663,24.9424,泉州市,万安,,23,21,30,16,24,121,30,49,39,17,13,9,9,0.7,0.7
2022-03-25T09:00:00,1614A,118.6117,24.9604,泉州市,清源山(对照点),,24,12,22,9,15,116,75,83,80,7,13,6,7,0.5,0.5
2022-03-25T09:00:00,1616A,117.6795,36.229,济南市,技术学院,细颗粒物(PM2.5),108,88,86,81,61,134,100,112,105,24,20,10,12,0.7,0.6
2022-03-25T09:00:00,1618A,118.3429,35.0532,临沂市,沂河小区,,36,29,76,25,50,144,40,45,43,29,25,8,10,1.7,0.6
2022-03-25T09:00:00,1619A,118.295,35.0583,临沂市,鲁南制药厂,细颗粒物(PM2.5),63,17,67,45,58,145,41,55,48,44,37,7,9,2.2,0.9
2022-03-25T09:00:00,1620A,118.2794,34.9976,临沂市,新光毛纺厂,,40,27,63,28,48,134,36,53,47,34,30,3,6,1.9,0.7
2022-03-25T09:00:00,1621A,118.3956,35.0888,临沂市,河东保险公司,,39,27,68,27,47,147,38,34,34,32,31,4,6,1.9,0.8
2022-03-25T09:00:00,1622A,116.3032,37.4674,德州市,儿童乐园,细颗粒物(PM2.5),104,89,78,78,61,102,16,16,14,54,36,9,9,1.2,0.9
2022-03-25T09:00:00,1624A,116.2991,37.4451,德州市,监理站,细颗粒物(PM2.5),92,118,87,68,59,93,16,21,16,44,25,12,12,1.0,0.6
2022-03-25T09:00:00,1625A,115.9848,36.4372,聊城市,区政府,细颗粒物(PM2.5),89,102,79,66,43,99,26,62,43,28,25,5,10,0.9,0.7
2022-03-25T09:00:00,1628A,118.0062,37.3803,滨州市,市环保局,细颗粒物(PM2.5),89,107,90,66,57,136,47,84,60,26,23,39,17,2.0,1.8
2022-03-25T09:00:00,1629A,118.0018,37.3617,滨州市,第二水厂,细颗粒物(PM2.5),92,104,92,68,55,114,45,76,54,25,20,28,14,0.9,0.8
2022-03-25T09:00:00,1630A,117.9776,37.393,滨州市,北中新校,细颗粒物(PM2.5),94,97,82,70,52,120,40,59,48,30,26,30,10,0.8,0.7
2022-03-25T09:00:00,1631A,118.0414,36.8103,淄博市,人民公园,细颗粒物(PM2.5),79,95,76,58,49,128,82,124,100,30,21,3,5,0.5,0.4
2022-03-25T09:00:00,1633A,117.8525,36.4847,淄博市,双山,细颗粒物(PM2.5),132,101,76,100,68,140,86,139,100,33,19,8,5,0.8,0.5
2022-03-25T09:00:00,1634A,117.9592,36.6331,淄博市,气象站,细颗粒物(PM2.5),113,113,74,85,51,142,76,142,102,33,19,12,10,1.1,0.8
2022-03-25T09:00:00,1635A,118.3092,36.8194,淄博市,莆田园,细颗粒物(PM2.5),83,88,74,61,50,128,9,111,61,49,14,4,6,0.6,0.5
2022-03-25T09:00:00,1637A,117.558,34.8438,枣庄市,市中区政府,,42,39,85,29,54,125,33,80,44,27,25,5,14,0.8,0.7
2022-03-25T09:00:00,1638A,117.2852,34.7837,枣庄市,薛城环保局,细颗粒物(PM2.5),67,46,77,48,57,126,36,116,54,25,23,8,12,0.3,0.3
2022-03-25T09:00:00,1639A,117.5852,34.7745,枣庄市,峄城区政府,细颗粒物(PM2.5),52,44,79,36,48,138,31,91,49,36,27,8,14,0.5,0.5
2022-03-25T09:00:00,1640A,117.7276,34.5578,枣庄市,台儿庄区环保局,,39,22,65,27,44,119,38,70,43,26,24,8,15,0.6,0.7
2022-03-25T09:00:00,1641A,117.4518,35.0992,枣庄市,山亭区环保局,,39,27,74,27,58,150,38,136,64,31,21,12,15,0.8,0.8
2022-03-25T09:00:00,1642A,121.2514,37.5639,烟台市,开发区,,28,24,55,19,18,143,77,105,92,15,11,8,8,0.3,0.1
2022-03-25T09:00:00,1643A,121.3719,37.5433,烟台市,轴承厂,,30,17,46,18,23,149,95,109,100,10,10,4,4,0.6,0.6
2022-03-25T09:00:00,1644A,121.3181,37.5436,烟台市,西郊化工站,,,17,53,,20,147,92,111,100,9,12,6,6,0.2,0.3
2022-03-25T09:00:00,1645A,121.4478,37.4822,烟台市,莱山环保局,,34,34,52,18,24,157,93,109,98,10,9,5,5,0.4,0.4
2022-03-25T09:00:00,1646A,121.2611,37.4967,烟台市,福山环保局,,27,22,48,14,22,146,85,108,96,10,8,5,6,0.9,0.9
2022-03-25T09:00:00,1650A,119.1437,36.7023,潍坊市,环保局,,32,29,65,22,32,150,65,84,78,24,20,4,5,0.7,0.6
2022-03-25T09:00:00,1653A,116.6251,35.4302,济宁市,火炬城,细颗粒物(PM2.5),92,26,63,68,61,115,47,110,66,23,17,9,10,0.7,0.7
2022-03-25T09:00:00,1655A,116.5491,35.4042,济宁市,电化厂,细颗粒物(PM2.5),73,66,55,53,49,118,45,114,77,28,20,6,8,0.9,0.9
2022-03-25T09:00:00,1656A,117.1437,36.1937,泰安市,监测站,细颗粒物(PM2.5),99,78,87,74,73,112,97,99,99,18,19,10,12,0.9,0.8
2022-03-25T09:00:00,1657A,117.0885,36.2017,泰安市,人口学校,细颗粒物(PM2.5),99,112,88,74,63,127,74,117,105,23,19,6,8,0.7,0.6
2022-03-25T09:00:00,1658A,117.1089,36.1758,泰安市,电力学校,细颗粒物(PM2.5),113,95,87,85,73,112,91,98,98,22,19,23,18,0.9,0.8
2022-03-25T09:00:00,1659A,119.471,35.4209,日照市,监测站,,21,2,46,4,24,134,65,81,76,19,19,5,5,0.3,0.4
2022-03-25T09:00:00,1660A,119.523,35.4216,日照市,市政府广场,,27,9,52,9,26,154,86,101,92,13,21,4,6,0.5,0.6
2022-03-25T09:00:00,1661A,119.5587,35.4044,日照市,港务局,,32,2,53,8,27,168,100,113,103,7,17,3,5,0.4,0.5
2022-03-25T09:00:00,1662A,122.1214,37.4236,威海市,华夏技校,,39,36,47,27,33,163,75,105,96,19,14,3,5,0.5,0.5
2022-03-25T09:00:00,1663A,122.0508,37.5236,威海市,山大分校,,37,37,37,20,22,170,86,111,104,23,13,5,5,0.2,0.2
2022-03-25T09:00:00,1664A,122.1067,37.5072,威海市,市监测站,,42,42,48,21,20,170,84,117,105,18,10,6,6,0.5,0.4
2022-03-25T09:00:00,1666A,118.6614,37.4309,东营市,市环保局,,42,36,68,29,36,132,59,110,70,22,16,8,13,0.7,0.6
2022-03-25T09:00:00,1669A,113.5824,24.7733,韶关市,市八中,,17,17,15,9,9,43,8,23,15,25,20,8,8,1.1,0.9
2022-03-25T09:00:00,1671A,113.5917,24.7972,韶关市,园林处,,18,8,11,12,11,37,6,20,13,17,13,8,8,0.8,0.7
2022-03-25T09:00:00,1672A,113.6735,24.7791,韶关市,韶关学院,,12,1,11,7,11,38,5,14,9,24,17,20,13,0.8,0.6
2022-03-25T09:00:00,1673A,113.5971,24.6863,韶关市,曲江监测站,,13,11,16,9,12,39,3,2,1,24,26,9,8,1.1,0.8
2022-03-25T09:00:00,1674A,116.6794,23.3667,汕头市,金平子站,,32,32,31,20,21,99,46,95,68,33,20,8,8,1.3,0.8
2022-03-25T09:00:00,1675A,116.7244,23.3633,汕头市,龙湖子站,,20,4,20,14,18,93,55,90,73,28,20,6,6,0.7,0.4
2022-03-25T09:00:00,1676A,116.7258,23.2775,汕头市,濠江子站,,22,19,23,15,15,91,58,80,70,21,16,8,8,1.0,0.7
2022-03-25T09:00:00,1677A,116.7519,23.4714,汕头市,澄海子站,,40,40,32,20,22,85,52,81,60,24,19,6,6,0.8,0.6
2022-03-25T09:00:00,1678A,116.6092,23.2539,汕头市,潮阳子站,,26,26,24,13,10,93,38,81,66,31,18,9,9,1.2,0.8
2022-03-25T09:00:00,1680A,110.3539,21.2706,湛江市,湛江影剧院,,43,35,22,30,16,61,12,57,26,15,13,5,5,0.4,0.6
2022-03-25T09:00:00,1681A,110.3928,21.2228,湛江市,市环境监测站,,46,32,19,32,18,68,16,68,32,14,13,5,5,0.4,0.5
2022-03-25T09:00:00,1682A,110.4019,21.1997,湛江市,环保局宿舍,,39,25,20,27,15,71,16,71,28,12,13,5,4,0.4,0.5
2022-03-25T09:00:00,1683A,110.4111,21.2028,湛江市,霞山游泳场,,42,35,20,29,14,68,18,68,34,12,10,6,5,0.3,0.5
2022-03-25T09:00:00,1684A,110.3316,21.2679,湛江市,麻章区环保局,细颗粒物(PM2.5),58,32,22,41,21,59,13,59,25,7,12,4,4,0.5,0.6
2022-03-25T09:00:00,1685A,110.4558,21.2567,湛江市,坡头区环保局,,26,26,19,17,13,69,17,69,36,13,11,5,5,0.5,0.6
2022-03-25T09:00:00,1686A,111.0286,21.4688,茂名市,电白南海,,18,17,14,12,9,72,27,59,35,11,8,6,6,0.5,0.6
2022-03-25T09:00:00,1687A,110.9294,21.6533,茂名市,茂石化七小,,35,24,16,24,11,53,28,37,32,3,7,3,4,0.5,0.6
2022-03-25T09:00:00,1688A,110.9107,21.6687,茂名市,健康路,,19,19,16,11,9,57,25,43,34,8,8,5,6,0.7,0.8
2022-03-25T09:00:00,1689A,110.8592,21.6828,茂名市,高岭,,19,19,21,9,6,62,27,52,38,6,12,5,11,0.5,0.7
2022-03-25T09:00:00,1690A,116.1231,24.3284,梅州市,梅江月梅,,16,16,8,8,6,54,11,54,28,30,13,8,8,0.9,0.6
2022-03-25T09:00:00,1691A,116.0797,24.2719,梅州市,梅县新城,,14,6,8,8,7,35,14,31,25,27,21,4,4,1.0,0.7
2022-03-25T09:00:00,1692A,116.1248,24.2654,梅州市,环境监控中心,,15,6,9,10,9,42,14,15,15,25,20,5,5,0.8,0.6
2022-03-25T09:00:00,1693A,115.3653,22.775,汕尾市,市环保局,,19,8,11,5,11,83,58,72,65,18,13,6,6,0.8,0.6
2022-03-25T09:00:00,1694A,115.3706,22.7898,汕尾市,市政府,,27,27,12,15,12,76,45,67,61,23,14,5,5,0.7,0.6
2022-03-25T09:00:00,1695A,115.3622,22.7925,汕尾市,新城中学,,19,4,10,9,7,78,58,71,67,10,8,5,6,0.6,0.5
2022-03-25T09:00:00,1696A,114.6778,23.7569,河源市,源西(对照点),,13,8,8,8,6,24,3,8,4,26,21,2,2,1.3,0.8
2022-03-25T09:00:00,1697A,114.6944,23.7586,河源市,东埔,,13,2,7,7,7,22,3,5,3,24,23,3,4,1.3,0.9
2022-03-25T09:00:00,1698A,114.6892,23.7233,河源市,老城,,13,7,9,6,7,28,5,4,3,25,24,3,3,1.3,0.9
2022-03-25T09:00:00,1699A,111.9797,21.8593,阳江市,鸳鸯湖(对照点),,29,29,22,8,18,56,47,28,28,5,24,4,5,0.4,0.7
2022-03-25T09:00:00,1701A,111.9491,21.8658,阳江市,马南垌,,26,26,19,14,17,47,40,21,21,8,26,4,4,0.8,0.8
2022-03-25T09:00:00,1702A,113.0426,23.691,清远市,环保大楼(对照点),,32,18,10,22,13,30,2,2,1,36,24,7,6,1.5,0.9
2022-03-25T09:00:00,1703A,113.0208,23.7106,清远市,凤城街办,,30,26,11,21,9,28,5,5,5,40,30,7,7,1.5,0.9
2022-03-25T09:00:00,1705A,116.6367,23.6719,潮州市,西园路(对照点),,19,14,16,13,16,68,24,52,40,34,17,9,8,1.3,0.8
2022-03-25T09:00:00,1706A,116.6447,23.6706,潮州市,档案局,,29,17,17,20,17,65,28,55,45,35,18,10,10,1.5,0.7
2022-03-25T09:00:00,1708A,116.3701,23.5345,揭阳市,新兴,,45,33,29,31,29,70,49,64,54,15,14,9,8,1.0,0.8
2022-03-25T09:00:00,1709A,116.3264,23.5443,揭阳市,西马,,26,16,24,18,22,70,30,58,47,28,14,6,6,0.9,0.7
2022-03-25T09:00:00,1710A,116.3611,23.5626,揭阳市,东兴,,27,27,30,14,22,67,47,54,43,23,22,5,6,0.8,0.7
2022-03-25T09:00:00,1711A,116.4151,23.5294,揭阳市,渔湖,,30,14,14,21,17,68,41,60,45,16,14,8,8,0.7,0.6
2022-03-25T09:00:00,1712A,112.0392,22.9169,云浮市,新市府(对照点),,18,12,15,12,11,24,7,5,5,33,34,6,5,1.2,0.9
2022-03-25T09:00:00,1714A,112.0539,22.9539,云浮市,牧羊,,41,41,20,20,12,19,5,4,4,47,43,11,8,1.0,0.9
2022-03-25T09:00:00,1715A,102.575,24.3711,玉溪市,东风水库,,42,40,29,29,18,100,62,90,83,11,12,6,6,0.7,0.8
2022-03-25T09:00:00,1718A,115.4208,35.2464,菏泽市,气象局,细颗粒物(PM2.5),108,90,70,81,50,106,58,66,66,30,20,5,5,0.8,0.6
2022-03-25T09:00:00,1719A,115.4747,35.2375,菏泽市,市政协,细颗粒物(PM2.5),112,90,68,84,49,103,,71,71,29,22,10,12,0.7,0.5
2022-03-25T09:00:00,1721A,113.3819,40.1097,大同市,果树场(对照点),颗粒物(PM10),78,106,93,20,46,78,65,62,62,8,30,7,13,0.1,0.5
2022-03-25T09:00:00,1723A,113.2994,40.0758,大同市,云冈宾馆,颗粒物(PM10),102,154,104,27,48,77,48,77,67,32,38,10,11,0.8,1
2022-03-25T09:00:00,1724A,113.3444,40.0917,大同市,大同大学,颗粒物(PM10),109,167,109,22,44,78,57,76,63,17,35,14,14,0.5,0.8
2022-03-25T09:00:00,1725A,113.2661,40.1269,大同市,安家小村,颗粒物(PM10),127,204,136,22,38,80,64,80,74,14,33,22,18,0.4,0.7
2022-03-25T09:00:00,1726A,113.2711,40.0844,大同市,教育学院,颗粒物(PM10),109,168,132,23,44,80,63,80,71,22,39,16,15,0.4,0.7
2022-03-25T09:00:00,1727A,113.1147,36.1547,长治市,清华站,细颗粒物(PM2.5),104,86,116,78,91,80,35,27,27,25,44,9,16,1.4,1.7
2022-03-25T09:00:00,1728A,113.1031,36.1989,长治市,监测站,细颗粒物(PM2.5),104,67,98,78,85,83,39,33,33,14,29,9,13,1.1,1.4
2022-03-25T09:00:00,1730A,113.0886,36.2125,长治市,审计局,细颗粒物(PM2.5),104,80,95,78,80,85,34,36,35,16,30,9,11,1.8,2.1
2022-03-25T09:00:00,1731A,113.0844,36.1856,长治市,长治八中,细颗粒物(PM2.5),97,86,112,72,66,82,36,34,34,21,35,8,15,1.4,1.5
2022-03-25T09:00:00,1733A,111.5531,36.0783,临汾市,临钢医院,细颗粒物(PM2.5),82,84,115,60,92,68,5,48,19,46,54,5,17,0.9,1.2
2022-03-25T09:00:00,1734A,111.5028,36.0714,临汾市,技工学校,细颗粒物(PM2.5),93,78,111,69,89,67,8,44,29,39,42,8,18,0.8,1
2022-03-25T09:00:00,1736A,111.5018,36.0855,临汾市,市委,细颗粒物(PM2.5),89,73,102,66,80,72,6,45,30,44,44,5,16,0.8,1
2022-03-25T09:00:00,1738A,113.5758,37.8572,阳泉市,市中心,细颗粒物(PM2.5),227,233,215,177,152,103,12,37,26,68,48,20,19,1.3,1.2
2022-03-25T09:00:00,1739A,113.4894,37.8731,阳泉市,赛鱼,细颗粒物(PM2.5),185,189,170,139,132,108,11,17,16,75,57,15,17,1.1,1.2
2022-03-25T09:00:00,1740A,113.5819,37.8486,阳泉市,南庄,细颗粒物(PM2.5),223,255,227,173,138,107,16,46,25,60,44,23,21,1.2,1.2
2022-03-25T09:00:00,1742A,113.5614,37.8703,阳泉市,平坦,细颗粒物(PM2.5),207,225,225,157,155,105,22,43,34,59,44,15,22,1.4,1.4
2022-03-25T09:00:00,1743A,113.5158,37.8392,阳泉市,大阳泉,细颗粒物(PM2.5),144,149,182,110,130,112,76,66,63,19,42,13,17,1.0,1.2
2022-03-25T09:00:00,1744A,118.9233,42.2816,赤峰市,松山一中,颗粒物(PM10),136,222,108,38,37,121,40,77,52,41,28,15,26,0.7,0.9
2022-03-25T09:00:00,1745A,118.9576,42.2728,赤峰市,哈达街,颗粒物(PM10),128,206,102,38,42,111,41,74,57,44,28,10,27,0.8,1
2022-03-25T09:00:00,1746A,118.8788,42.2554,赤峰市,天义路,颗粒物(PM10),130,210,96,24,32,125,60,71,55,29,26,8,19,0.5,0.9
2022-03-25T09:00:00,1748A,123.044,41.1196,鞍山市,深沟寺,,46,46,66,29,49,131,93,116,103,20,16,5,6,0.4,0.5
2022-03-25T09:00:00,1749A,123.011,41.0931,鞍山市,太阳城,,49,49,69,29,47,120,74,113,94,18,14,5,7,0.9,0.9
2022-03-25T09:00:00,1750A,123.0485,41.1442,鞍山市,太平,,45,45,75,30,54,117,74,109,94,34,19,7,8,0.5,0.6
2022-03-25T09:00:00,1751A,122.9642,41.0971,鞍山市,铁西三道街,,48,48,79,31,52,101,46,84,73,56,38,8,30,0.9,0.9
2022-03-25T09:00:00,1752A,122.9341,41.0833,鞍山市,铁西工业园区,细颗粒物(PM2.5),53,54,73,37,52,126,53,104,88,53,18,8,11,0.8,0.9
2022-03-25T09:00:00,1753A,123.022,41.0821,鞍山市,明达新区,,44,44,67,30,48,116,86,109,97,12,11,6,7,0.5,0.6
2022-03-25T09:00:00,1754A,123.1289,41.0228,鞍山市,千山(对照点),,43,37,64,30,54,118,77,104,81,12,12,7,7,0.7,0.7
2022-03-25T09:00:00,1755A,123.7977,41.8491,抚顺市,望花区,细颗粒物(PM2.5),52,44,82,36,55,127,82,116,99,23,18,19,17,0.9,1.1
2022-03-25T09:00:00,1756A,123.9161,41.8822,抚顺市,顺城区,细颗粒物(PM2.5),60,61,80,43,53,110,36,106,77,50,17,8,6,0.9,0.7
2022-03-25T09:00:00,1757A,124.0436,41.8611,抚顺市,东洲区,细颗粒物(PM2.5),59,49,79,42,51,120,78,112,94,16,12,8,8,0.7,0.8
2022-03-25T09:00:00,1758A,123.9247,41.8642,抚顺市,新抚区,细颗粒物(PM2.5),80,83,84,59,61,108,26,105,69,55,19,9,9,0.9,0.8
2022-03-25T09:00:00,1759A,124.0972,41.8961,抚顺市,大伙房水库,,45,43,63,31,48,126,91,116,104,8,9,8,9,0.7,0.8
2022-03-25T09:00:00,1760A,123.7086,41.8391,抚顺市,沈抚新城,细颗粒物(PM2.5),63,41,93,45,60,116,71,99,87,24,16,10,12,1.1,1.2
2022-03-25T09:00:00,1761A,123.8275,41.3064,本溪市,大峪,细颗粒物(PM2.5),55,42,65,39,45,130,59,125,95,28,13,15,14,0.6,0.6
2022-03-25T09:00:00,1762A,123.7567,41.3325,本溪市,溪湖,细颗粒物(PM2.5),58,63,82,41,59,112,49,112,76,54,28,20,17,0.9,0.9
2022-03-25T09:00:00,1763A,123.7169,41.3094,本溪市,彩屯,细颗粒物(PM2.5),82,90,118,60,82,105,55,92,63,49,42,23,32,2.8,2.5
2022-03-25T09:00:00,1764A,123.7669,41.2864,本溪市,东明,,45,34,65,31,50,124,62,124,97,40,16,7,7,0.8,0.7
2022-03-25T09:00:00,1765A,123.7992,41.2664,本溪市,新立屯,,43,43,73,29,48,133,75,130,107,19,9,7,7,0.5,0.6
2022-03-25T09:00:00,1766A,123.8142,41.3472,本溪市,威宁,细颗粒物(PM2.5),55,43,78,39,49,115,48,110,77,21,15,5,7,0.6,0.6
2022-03-25T09:00:00,1767A,121.1115,41.0879,锦州市,南山,颗粒物(PM10),59,68,118,41,90,107,50,63,61,55,31,15,19,0.5,0.6
2022-03-25T09:00:00,1768A,121.0533,40.8434,锦州市,开发区,颗粒物(PM10),64,77,136,28,83,84,62,63,62,36,35,14,11,0.6,0.7
2022-03-25T09:00:00,1769A,121.1836,41.1119,锦州市,百股街道,细颗粒物(PM2.5),74,64,111,54,96,120,64,72,71,30,25,12,12,0.9,1
2022-03-25T09:00:00,1770A,121.1178,41.1222,锦州市,天安街道,细颗粒物(PM2.5),69,85,133,50,96,127,55,78,75,56,32,35,35,1.0,1.1
2022-03-25T09:00:00,1771A,121.1303,41.1386,锦州市,北湖公园,细颗粒物(PM2.5),98,119,130,73,96,122,54,72,69,44,29,17,21,0.9,1
2022-03-25T09:00:00,1772A,126.54,43.8622,吉林市,哈达湾,颗粒物(PM10),62,73,44,32,30,121,103,121,109,15,12,5,5,0.7,0.6
2022-03-25T09:00:00,1773A,126.5844,43.8358,吉林市,东局子,颗粒物(PM10),59,67,50,38,33,121,104,121,109,11,9,5,5,0.7,0.6
2022-03-25T09:00:00,1774A,126.5052,43.8245,吉林市,电力学院,颗粒物(PM10),63,76,50,33,34,130,114,130,116,14,13,7,8,0.5,0.5
2022-03-25T09:00:00,1775A,126.6133,43.8972,吉林市,江北,颗粒物(PM10),65,79,50,36,34,118,100,118,106,11,9,7,9,0.7,0.6
2022-03-25T09:00:00,1776A,126.555,43.8306,吉林市,江南公园,颗粒物(PM10),60,70,48,41,36,115,99,115,104,8,7,6,6,0.7,0.6
2022-03-25T09:00:00,1778A,126.7061,43.7133,吉林市,丰满(对照点),颗粒物(PM10),59,67,44,37,32,125,107,125,114,9,7,4,5,0.7,0.6
2022-03-25T09:00:00,1779A,123.9305,47.3636,齐齐哈尔市,安居小区,,32,25,60,22,36,110,76,80,68,13,19,3,17,0.6,0.6
2022-03-25T09:00:00,1780A,123.9488,47.3386,齐齐哈尔市,中心广场,,38,31,58,26,39,91,63,61,50,10,20,6,72,0.7,0.7
2022-03-25T09:00:00,1781A,123.9483,47.3227,齐齐哈尔市,农牧车辆厂,,28,27,51,19,32,100,58,67,54,19,17,28,31,0.6,0.6
2022-03-25T09:00:00,1783A,123.945,47.2988,齐齐哈尔市,市环境监测站,细颗粒物(PM2.5),54,27,51,38,38,96,57,65,58,20,14,18,4,0.5,0.5
2022-03-25T09:00:00,1784A,129.61,44.561,牡丹江市,环保大楼,,,30,35,22,19,94,90,89,80,,15,3,4,0.4,0.4
2022-03-25T09:00:00,1785A,129.6115,44.5782,牡丹江市,文化广场,,42,35,41,29,32,95,90,88,77,14,20,13,8,0.4,0.4
2022-03-25T09:00:00,1786A,129.5904,44.5963,牡丹江市,第一医院,,43,43,47,27,41,96,86,87,69,17,21,10,7,0.7,0.7
2022-03-25T09:00:00,1787A,129.6364,44.6075,牡丹江市,机车工厂,,,36,45,18,23,98,,89,50,17,19,12,13,0.4,0.4
2022-03-25T09:00:00,1788A,129.6386,44.5462,牡丹江市,第一中学,,31,31,35,17,20,100,99,90,86,12,15,5,3,0.4,0.4
2022-03-25T09:00:00,1789A,124.81117,46.03138,大庆市,大同区,细颗粒物(PM2.5),74,72,58,54,52,86,54,75,62,6,11,4,5,0.5,0.6
2022-03-25T09:00:00,1790A,125.129,46.533,大庆市,龙凤区,颗粒物(PM10),65,80,47,33,31,88,53,69,59,21,15,5,6,0.9,0.4
2022-03-25T09:00:00,1791A,124.902,46.408,大庆市,红岗区,颗粒物(PM10),53,56,37,22,29,91,59,68,63,8,7,1,2,0.5,0.6
2022-03-25T09:00:00,1792A,125.153,46.586,大庆市,萨尔图区,细颗粒物(PM2.5),79,69,46,58,45,94,51,72,60,24,15,13,8,0.6,0.6
2022-03-25T09:00:00,1793A,124.9042,46.6215,大庆市,让胡路区,颗粒物(PM10),51,51,46,33,33,103,61,76,67,14,13,5,5,0.7,0.6
2022-03-25T09:00:00,1794A,118.3606,31.3519,芜湖市,监测站,,19,16,36,13,18,100,58,61,61,18,35,6,7,0.6,0.6
2022-03-25T09:00:00,1795A,118.3714,31.4134,芜湖市,科创中心,,17,17,33,11,20,100,53,59,59,21,34,5,6,0.7,0.6
2022-03-25T09:00:00,1796A,118.3673,31.3131,芜湖市,四水厂,,19,16,30,13,17,104,55,59,59,19,33,5,6,0.8,0.7
2022-03-25T09:00:00,1798A,118.5092,31.6837,马鞍山市,湖东路四小,,22,8,30,13,26,119,68,81,65,8,18,5,7,0.8,0.7
2022-03-25T09:00:00,1799A,118.5024,31.6449,马鞍山市,开发区,,26,16,32,18,24,127,65,66,58,11,23,6,8,0.8,0.8
2022-03-25T09:00:00,1800A,118.5228,31.7231,马鞍山市,慈湖,,20,11,38,6,22,118,63,77,58,16,28,6,8,0.6,0.6
2022-03-25T09:00:00,1802A,118.6245,31.7241,马鞍山市,濮塘(对照点),,20,14,37,7,22,139,64,69,58,7,13,6,7,0.6,0.6
2022-03-25T09:00:00,1803A,115.9872,29.6815,九江市,十里,,13,13,22,9,12,94,27,40,32,25,26,6,7,0.7,0.6
2022-03-25T09:00:00,1804A,115.9584,29.7046,九江市,茅山头,,12,9,16,7,15,91,37,30,28,18,35,5,6,0.4,0.4
2022-03-25T09:00:00,1805A,115.9877,29.7295,九江市,西园,,15,12,24,5,16,80,17,36,18,30,34,7,7,0.8,0.7
2022-03-25T09:00:00,1806A,116.0172,29.6547,九江市,五七二七厂,,16,16,19,0,11,89,35,44,38,10,24,5,6,0.5,0.5
2022-03-25T09:00:00,1808A,115.9114,29.6038,九江市,综合工业园,,16,4,14,5,14,83,50,43,43,7,26,6,7,0.6,0.6
2022-03-25T09:00:00,1809A,116.0721,29.7535,九江市,石化总厂,,10,10,22,4,13,78,27,46,28,19,17,16,12,0.3,0.3
2022-03-25T09:00:00,1810A,115.9773,29.5698,九江市,庐山气象台(对照点),,16,2,4,3,5,97,51,69,57,2,2,2,2,0.3,0.3
2022-03-25T09:00:00,1812A,112.3931,34.6516,洛阳市,市委党校,细颗粒物(PM2.5),68,63,76,49,46,71,36,48,42,23,23,5,7,0.7,0.6
2022-03-25T09:00:00,1814A,112.4657,34.6871,洛阳市,豫西宾馆,细颗粒物(PM2.5),74,61,80,54,51,79,46,47,43,11,19,4,6,0.6,0.5
2022-03-25T09:00:00,1815A,112.494,34.6886,洛阳市,河南林校,细颗粒物(PM2.5),63,60,76,45,45,84,51,49,47,14,22,1,3,0.8,0.7
2022-03-25T09:00:00,1816A,112.3844,34.623,洛阳市,开发区管委会,细颗粒物(PM2.5),74,54,70,54,50,76,22,47,41,27,19,3,4,0.6,0.4
2022-03-25T09:00:00,1817A,112.4267,34.6258,洛阳市,市委新办公区,细颗粒物(PM2.5),65,60,77,47,49,68,40,40,39,15,22,7,9,0.6,0.5
2022-03-25T09:00:00,1818A,114.4839,36.0621,安阳市,棉研所(对照点),细颗粒物(PM2.5),89,90,94,66,61,69,26,16,16,20,27,5,5,0.7,0.7
2022-03-25T09:00:00,1819A,114.3551,36.1017,安阳市,红庙街,细颗粒物(PM2.5),118,127,103,89,73,64,26,13,13,25,34,5,6,0.5,0.7
2022-03-25T09:00:00,1820A,114.361,36.0681,安阳市,银杏小区,细颗粒物(PM2.5),103,120,97,77,75,64,30,16,16,19,30,4,5,0.7,0.8
2022-03-25T09:00:00,1824A,114.3389,34.7781,开封市,肿瘤医院,细颗粒物(PM2.5),100,66,57,75,47,90,10,55,22,21,15,5,6,0.8,0.4
2022-03-25T09:00:00,1826A,114.2885,34.7965,开封市,世纪星幼儿园,细颗粒物(PM2.5),80,71,56,59,38,90,10,60,21,23,16,7,7,0.9,0.6
2022-03-25T09:00:00,1828A,113.2269,35.2127,焦作市,市环保局,细颗粒物(PM2.5),62,63,76,44,56,74,19,60,33,23,19,4,5,1.4,0.6
2022-03-25T09:00:00,1829A,113.2467,35.176,焦作市,高新区政府,细颗粒物(PM2.5),67,53,80,48,51,71,23,62,37,24,23,8,10,1.4,0.8
2022-03-25T09:00:00,1830A,113.1987,35.2703,焦作市,影视城(对照点),细颗粒物(PM2.5),59,59,66,42,44,84,18,78,40,18,11,8,9,1.4,0.7
2022-03-25T09:00:00,1832A,113.3257,33.742,平顶山市,新华旅馆,细颗粒物(PM2.5),74,69,61,54,39,98,39,32,28,16,16,3,5,0.5,0.3
2022-03-25T09:00:00,1833A,113.2919,33.737,平顶山市,规划设计院,细颗粒物(PM2.5),62,58,45,44,27,96,40,46,40,14,16,3,3,0.5,0.3
2022-03-25T09:00:00,1834A,113.182,33.774,平顶山市,平顶山工学院,细颗粒物(PM2.5),73,80,44,53,34,92,11,64,35,27,11,6,3,0.7,0.5
2022-03-25T09:00:00,1835A,111.1922,34.7752,三门峡市,市政府,细颗粒物(PM2.5),98,85,77,73,61,80,7,55,32,50,25,10,6,0.9,0.7
2022-03-25T09:00:00,1836A,111.1587,34.7942,三门峡市,开发区,细颗粒物(PM2.5),97,106,87,72,66,80,15,43,29,32,22,8,7,0.6,0.6
2022-03-25T09:00:00,1838A,111.143,34.7955,三门峡市,风景区(对照点),细颗粒物(PM2.5),89,104,84,66,58,78,13,43,34,36,23,8,8,0.7,0.6
2022-03-25T09:00:00,1840A,111.2992,30.6981,宜昌市,白龙岗,,32,17,51,22,40,36,5,36,16,43,35,5,5,0.6,0.4
2022-03-25T09:00:00,1841A,111.3549,30.6465,宜昌市,伍家岗,,30,30,53,19,40,41,2,22,14,39,27,5,5,0.9,0.7
2022-03-25T09:00:00,1842A,111.2628,30.6961,宜昌市,点军区,,31,31,57,14,35,47,15,31,26,25,25,6,6,0.8,0.8
2022-03-25T09:00:00,1843A,111.3275,30.7819,宜昌市,夷陵区,,18,12,36,12,33,53,10,39,24,28,20,3,3,0.7,0.5
2022-03-25T09:00:00,1844A,112.2494,30.3197,荆州市,市图书馆,,24,24,37,13,20,80,19,19,19,28,26,5,7,0.9,0.8
2022-03-25T09:00:00,1845A,112.2008,30.3544,荆州市,市委党校,,28,23,31,19,26,82,18,23,23,25,23,5,6,0.8,0.8
2022-03-25T09:00:00,1847A,113.1094,29.3578,岳阳市,南湖风景区,,19,14,24,13,15,82,36,14,14,24,34,6,7,1.1,1.1
2022-03-25T09:00:00,1848A,113.1493,29.4251,岳阳市,城陵矶,,18,14,23,12,14,86,30,20,20,27,32,6,9,0.5,0.5
2022-03-25T09:00:00,1849A,113.1497,29.3575,岳阳市,开发区,,18,14,23,12,13,82,22,6,6,27,27,2,3,0.7,0.7
2022-03-25T09:00:00,1850A,113.2621,29.4758,岳阳市,云溪区,,12,10,14,8,12,85,34,31,28,18,17,6,6,0.9,0.8
2022-03-25T09:00:00,1851A,112.9943,29.4402,岳阳市,君山区,,13,11,20,9,15,74,33,22,22,20,24,2,3,1.0,1
2022-03-25T09:00:00,1852A,113.2117,29.355,岳阳市,金凤水库(对照点),,16,14,17,11,13,80,33,14,14,17,23,3,3,0.5,0.6
2022-03-25T09:00:00,1854A,111.6975,28.9703,常德市,市二中,,28,24,28,19,24,51,16,20,18,18,18,7,10,1.0,0.8
2022-03-25T09:00:00,1857A,111.7158,29.1456,常德市,白鹤山(对照点),,40,28,32,28,23,63,32,30,24,11,11,5,6,0.8,0.7
2022-03-25T09:00:00,1858A,110.5319,29.1217,张家界市,永定新区,,30,30,30,15,19,30,11,22,19,24,21,2,1,0.7,0.6
2022-03-25T09:00:00,1859A,110.4697,29.1242,张家界市,电业局,,11,9,21,5,15,38,9,23,19,22,18,6,5,0.5,0.4
2022-03-25T09:00:00,1860A,110.5594,29.3547,张家界市,未央路,,13,5,16,9,7,50,17,26,22,12,7,2,2,0.4,0.3
2022-03-25T09:00:00,1861A,110.4417,29.315,张家界市,袁家界(对照点),,10,10,6,0,2,66,27,40,28,5,4,4,4,0.2,0.2
2022-03-25T09:00:00,1862A,110.4144,25.3167,桂林市,电子科大尧山校区(对照点),,36,33,19,25,16,36,18,16,15,8,11,30,25,0.6,0.6
2022-03-25T09:00:00,1863A,110.2819,25.2697,桂林市,监测站,,40,22,25,28,21,19,4,5,4,25,24,10,11,1.1,0.9
2022-03-25T09:00:00,1864A,110.3089,25.2708,桂林市,龙隐路小学,细颗粒物(PM2.5),64,55,25,46,23,26,12,10,8,25,25,122,31,0.9,0.8
2022-03-25T09:00:00,1865A,110.2869,25.2178,桂林市,八中,,25,10,22,17,16,24,8,9,8,22,22,11,10,1.0,0.9
2022-03-25T09:00:00,1866A,109.2262,21.588,北海市,牛尾岭水库(对照点),,14,14,28,9,24,61,24,45,29,12,13,2,4,0.7,0.8
2022-03-25T09:00:00,1867A,109.1436,21.4086,北海市,海滩公园,,17,17,28,10,13,78,43,68,42,8,12,4,4,0.5,0.8
2022-03-25T09:00:00,1868A,109.0981,21.4661,北海市,新市环保局,,28,28,26,14,21,67,46,62,45,8,12,3,3,0.6,0.7
2022-03-25T09:00:00,1869A,109.1778,21.5233,北海市,北海工业园,,32,32,35,15,22,69,33,60,42,10,9,4,4,0.6,0.7
2022-03-25T09:00:00,1870A,109.4856,24.3895,柳州市,柳东小学,,20,0,13,14,16,31,15,11,11,14,17,8,8,0.9,0.9
2022-03-25T09:00:00,1871A,109.4157,24.3277,柳州市,环保监测站,,22,16,13,15,12,24,19,12,12,13,26,4,4,0.9,0.9
2022-03-25T09:00:00,1872A,109.389,24.341,柳州市,河西水厂,,18,17,18,12,14,27,16,14,14,18,28,6,6,0.9,1
2022-03-25T09:00:00,1873A,109.4311,24.2921,柳州市,市四中,,24,24,22,11,11,25,18,15,15,13,24,5,5,0.8,0.8
2022-03-25T09:00:00,1874A,109.4006,24.3631,柳州市,市九中,,29,29,17,13,6,24,9,8,7,23,27,5,5,1.2,1.1
2022-03-25T09:00:00,1875A,109.4958,24.3134,柳州市,古亭山,,28,24,14,19,12,28,6,9,6,27,23,4,4,1.2,1
2022-03-25T09:00:00,1876A,109.5078,18.2489,三亚市,河东子站,,29,22,19,20,12,41,31,34,33,5,7,2,2,0.4,0.4
2022-03-25T09:00:00,1877A,109.4964,18.2681,三亚市,河西子站,,30,24,18,21,12,45,31,34,34,4,5,3,3,0.3,0.3
2022-03-25T09:00:00,1878A,104.7778,31.4741,绵阳市,富乐山,,29,29,34,19,20,71,3,6,6,29,27,10,9,1.1,0.9
2022-03-25T09:00:00,1879A,104.7563,31.4535,绵阳市,市人大,,49,40,40,34,22,64,2,3,2,48,41,16,10,1.1,0.7
2022-03-25T09:00:00,1880A,104.6697,31.4668,绵阳市,高新区自来水公司,颗粒物(PM10),67,83,50,33,24,58,5,4,4,38,32,12,7,1.0,0.8
2022-03-25T09:00:00,1881A,104.7287,31.5075,绵阳市,三水厂,,44,44,48,29,25,73,2,2,2,31,34,6,4,1.0,0.8
2022-03-25T09:00:00,1882A,104.563,28.793,宜宾市,石马中学(对照点),,,,67,,58,85,,54,33,22,17,12,11,0.8,0.7
2022-03-25T09:00:00,1883A,104.6201,28.7728,宜宾市,市委,细颗粒物(PM2.5),63,56,68,45,48,85,23,52,29,34,24,17,10,0.8,0.7
2022-03-25T09:00:00,1884A,104.6055,28.793,宜宾市,宜宾四中,细颗粒物(PM2.5),67,64,71,48,50,78,23,56,36,30,25,15,9,0.8,0.7
2022-03-25T09:00:00,1885A,104.639,28.7562,宜宾市,市政府,细颗粒物(PM2.5),67,68,68,48,49,94,13,61,35,51,25,12,12,0.6,0.6
2022-03-25T09:00:00,1886A,104.5742,28.7199,宜宾市,黄金嘴,细颗粒物(PM2.5),57,52,64,40,46,82,33,58,34,21,21,21,13,0.7,0.7
2022-03-25T09:00:00,1888A,101.6891,26.571,攀枝花市,弄弄坪,,,99,66,65,59,127,,101,101,52,30,13,13,1.4,2.1
2022-03-25T09:00:00,1889A,101.5769,26.5928,攀枝花市,河门口,细颗粒物(PM2.5),69,60,49,50,45,141,101,126,108,16,13,8,9,0.7,0.9
2022-03-25T09:00:00,1890A,101.7169,26.585,攀枝花市,炳草岗,颗粒物(PM10),77,104,48,55,40,128,44,112,84,71,26,40,13,1.6,1.1
2022-03-25T09:00:00,1891A,101.7369,26.5008,攀枝花市,仁和,细颗粒物(PM2.5),79,64,48,58,49,132,94,106,98,22,15,6,5,0.6,0.5
2022-03-25T09:00:00,1893A,105.4324,28.9634,泸州市,九狮山(对照点),细颗粒物(PM2.5),64,64,50,46,34,84,20,50,35,34,21,15,15,0.6,0.5
2022-03-25T09:00:00,1894A,105.4427,28.9063,泸州市,小市上码头,细颗粒物(PM2.5),59,62,55,42,38,81,22,55,41,36,24,14,17,0.7,0.6
2022-03-25T09:00:00,1895A,105.4241,28.8573,泸州市,兰田宪桥,颗粒物(PM10),55,60,58,35,36,76,24,50,36,23,21,8,15,0.8,0.7
2022-03-25T09:00:00,1896A,105.4379,28.8833,泸州市,市环监站,"颗粒物(PM10),细颗粒物(PM2.5)",58,65,54,41,36,66,15,51,35,36,25,8,12,0.6,0.5
2022-03-25T09:00:00,1901A,104.4239,31.1208,德阳市,东山公园,"颗粒物(PM10),细颗粒物(PM2.5)",63,75,65,45,34,68,5,13,8,55,35,8,6,0.8,0.6
2022-03-25T09:00:00,1902A,104.3826,31.1317,德阳市,西小区,细颗粒物(PM2.5),70,82,69,51,35,68,3,4,2,56,40,10,8,0.9,0.6
2022-03-25T09:00:00,1904A,104.3553,31.1091,德阳市,耐火材料厂,颗粒物(PM10),80,110,80,47,39,67,2,5,2,61,41,9,7,0.8,0.5
2022-03-25T09:00:00,1905A,106.056,30.8064,南充市,西山风景区(对照点),,28,28,26,19,23,79,51,56,51,15,11,3,3,0.7,0.6
2022-03-25T09:00:00,1906A,106.0789,30.8023,南充市,南充市委,,42,40,35,29,22,61,42,42,42,24,16,3,4,0.5,0.4
2022-03-25T09:00:00,1907A,106.1031,30.8217,南充市,南充炼油厂,,41,41,39,18,15,80,27,38,37,27,8,13,6,0.6,0.4
2022-03-25T09:00:00,1908A,106.1064,30.7856,南充市,高坪区监测站,,28,28,29,17,23,78,44,46,44,18,13,24,4,0.6,0.5
2022-03-25T09:00:00,1909A,106.0642,30.7636,南充市,嘉陵区环保局,,38,23,27,26,22,59,32,34,34,21,14,3,5,0.8,0.7
2022-03-25T09:00:00,1910A,106.1087,30.8388,南充市,市环境监测站,,33,30,34,23,24,86,38,51,46,28,14,4,5,0.6,0.5
2022-03-25T09:00:00,1911A,106.9222,27.6869,遵义市,丁字口,,20,20,32,10,19,58,25,26,26,21,17,14,10,0.6,0.5
2022-03-25T09:00:00,1912A,106.9242,27.7019,遵义市,凤凰山,,18,18,24,12,18,60,25,35,31,23,19,6,7,0.6,0.6
2022-03-25T09:00:00,1913A,106.8906,27.6486,遵义市,忠庄,,25,25,31,10,17,53,26,29,29,21,19,4,5,0.6,0.5
2022-03-25T09:00:00,1914A,106.9231,27.6506,遵义市,舟水桥,,23,23,26,15,21,55,22,20,19,32,21,7,6,0.5,0.4
2022-03-25T09:00:00,1915A,106.9178,27.72,遵义市,干田坝,,20,20,24,7,18,60,36,34,32,14,13,6,7,0.7,0.6
2022-03-25T09:00:00,1916A,103.7897,25.5035,曲靖市,环境监测站,颗粒物(PM10),51,52,30,25,18,103,103,93,93,14,10,7,6,0.6,0.6
2022-03-25T09:00:00,1917A,103.8,25.5364,曲靖市,烟厂办公区,,47,47,26,26,18,110,109,98,98,9,8,4,5,0.6,0.6
2022-03-25T09:00:00,1918A,108.7197,34.3956,咸阳市,气象站(对照点),颗粒物(PM10),76,101,134,40,67,148,21,32,20,31,42,5,11,0.8,0.9
2022-03-25T09:00:00,1919A,108.673,34.3155,咸阳市,实验中学,颗粒物(PM10),84,117,137,42,78,149,33,45,34,30,37,7,13,0.8,0.8
2022-03-25T09:00:00,1920A,108.7233,34.3617,咸阳市,师范学院,颗粒物(PM10),79,107,130,47,79,157,22,42,27,28,33,3,10,0.8,0.7
2022-03-25T09:00:00,1922A,109.0656,35.0994,铜川市,党校(对照点),颗粒物(PM10),67,84,69,14,42,108,77,53,53,12,26,22,22,0.6,1
2022-03-25T09:00:00,1923A,109.0697,35.0697,铜川市,王益区政府,颗粒物(PM10),62,74,67,12,44,102,82,43,43,10,30,5,10,0.1,0.5
2022-03-25T09:00:00,1924A,108.9344,34.9058,铜川市,新区管委会,颗粒物(PM10),66,82,81,14,50,133,90,48,48,7,22,9,14,0.4,0.9
2022-03-25T09:00:00,1926A,109.4131,36.6275,延安市,枣园(对照点),颗粒物(PM10),86,121,90,16,35,101,78,73,73,12,37,6,4,0.4,0.6
2022-03-25T09:00:00,1927A,109.4761,36.6028,延安市,延大医附院,颗粒物(PM10),91,131,106,24,39,109,78,65,65,14,42,5,5,0.4,0.8
2022-03-25T09:00:00,1929A,109.5056,36.6106,延安市,百米大道,颗粒物(PM10),87,123,103,18,40,97,71,56,56,17,52,4,6,0,0.5
2022-03-25T09:00:00,1930A,107.185,34.3063,宝鸡市,庙沟村(对照点),,,140,151,46,53,124,,74,74,,12,5,5,0.4,0.5
2022-03-25T09:00:00,1931A,107.0708,34.3017,宝鸡市,竹园沟,颗粒物(PM10),101,151,148,50,50,128,52,61,61,12,12,5,5,0.4,0.6
2022-03-25T09:00:00,1932A,107.1906,34.3672,宝鸡市,三陆医院,颗粒物(PM10),104,157,115,38,49,132,47,46,46,33,29,5,5,0.8,0.9
2022-03-25T09:00:00,1933A,107.1431,34.3547,宝鸡市,监测站,颗粒物(PM10),102,153,126,41,44,129,56,64,64,21,20,4,4,0.6,0.6
2022-03-25T09:00:00,1934A,107.1186,34.3739,宝鸡市,技工学校,颗粒物(PM10),103,156,116,39,42,124,57,55,55,16,18,5,5,0.7,0.7
2022-03-25T09:00:00,1935A,107.3906,34.3528,宝鸡市,陈仓区环保局家属楼,颗粒物(PM10),127,203,152,45,51,63,46,40,40,24,31,5,6,0.8,0.8
2022-03-25T09:00:00,1936A,107.2058,34.3497,宝鸡市,文理学院,颗粒物(PM10),111,171,127,41,45,134,62,65,65,23,21,7,8,1.0,1.1
2022-03-25T09:00:00,1937A,107.2386,34.3622,宝鸡市,三迪小学,颗粒物(PM10),101,152,117,41,52,132,61,58,58,17,20,8,8,0.6,0.7
2022-03-25T09:00:00,1938A,109.5293,34.5101,渭南市,农科所(对照点),细颗粒物(PM2.5),73,75,109,53,65,124,14,44,31,35,26,6,11,0.7,0.9
2022-03-25T09:00:00,1939A,109.4974,34.4877,渭南市,日报社,细颗粒物(PM2.5),85,75,110,63,72,129,11,46,27,41,30,7,14,0.8,0.9
2022-03-25T09:00:00,1940A,109.4636,34.493,渭南市,体育馆,细颗粒物(PM2.5),85,75,115,63,72,138,14,49,32,38,24,5,12,0.7,0.9
2022-03-25T09:00:00,1941A,109.4259,34.5023,渭南市,高新一小,细颗粒物(PM2.5),83,56,105,61,74,135,14,51,38,41,25,4,11,0.7,0.9
2022-03-25T09:00:00,1943A,102.1725,38.5339,金昌市,新川苑,,25,14,62,6,13,100,77,98,92,15,9,8,8,0.2,0.3
2022-03-25T09:00:00,1944A,102.1692,38.5167,金昌市,天庆家园,,23,16,67,4,11,94,73,91,86,14,8,3,2,0.3,0.4
2022-03-25T09:00:00,1945A,98.2908,39.7711,嘉峪关市,气象局,颗粒物(PM10),69,88,86,19,18,110,56,74,72,25,19,8,14,0.7,0.7
2022-03-25T09:00:00,1947A,106.3394,38.817,石嘴山市,沙湖旅游区(对照点),,,,248,,39,89,55,79,65,68,58,3,28,0.5,0.5
2022-03-25T09:00:00,1948A,106.3668,39.0145,石嘴山市,大武口朝阳西街,颗粒物(PM10),53,56,192,19,44,102,92,101,97,8,5,1,2,0.4,0.3
2022-03-25T09:00:00,1949A,106.7704,39.2282,石嘴山市,惠农南大街,颗粒物(PM10),107,163,303,37,71,88,87,82,80,13,15,17,14,0.4,0.6
2022-03-25T09:00:00,1950A,106.7099,39.1325,石嘴山市,红果子镇惠新街,颗粒物(PM10),76,102,261,32,58,136,97,91,91,4,9,11,19,0.4,0.6
2022-03-25T09:00:00,1951A,84.895,45.6094,克拉玛依市,长征新村,,18,13,13,0,6,88,55,82,76,24,10,6,6,0.4,0.4
2022-03-25T09:00:00,1952A,84.8988,45.5893,克拉玛依市,南林小区,,22,19,16,2,9,91,70,78,76,14,10,3,3,0.6,0.5
2022-03-25T09:00:00,1954A,84.905,44.3396,克拉玛依市,独山子区,,22,12,12,9,8,89,68,68,65,12,12,3,3,0.6,0.6
2022-03-25T09:00:00,1955A,85.6979,46.098,克拉玛依市,乌尔禾区商贸楼,,20,18,22,14,13,90,35,84,57,16,7,7,8,0.6,0.5
2022-03-25T09:00:00,1956A,86.1472,41.7538,巴音郭楞州,孔雀公园,颗粒物(PM10),493,593,360,90,52,85,53,66,63,23,16,1,2,0.5,0.4
2022-03-25T09:00:00,1957A,86.1972,41.7166,巴音郭楞州,棉纺厂,颗粒物(PM10),500,620,343,104,56,88,0,69,46,57,16,4,3,0.5,0.3
2022-03-25T09:00:00,1958A,86.2357,41.7173,巴音郭楞州,经济开发区,颗粒物(PM10),500,676,378,99,54,96,24,69,51,34,8,2,2,0.6,0.4
2022-03-25T09:00:00,1961A,117.532,36.6868,济南市,东山小学,细颗粒物(PM2.5),104,93,80,78,50,119,61,119,79,41,22,10,10,0.8,0.6
2022-03-25T09:00:00,1966A,120.0405,35.8735,青岛市,黄岛区4号,,31,7,39,2,22,149,99,113,106,21,24,4,6,0.6,0.7
2022-03-25T09:00:00,1982A,122.0693,37.2174,威海市,文登开发区,颗粒物(PM10),52,53,62,27,28,160,72,110,101,37,21,4,4,0.3,0.2
2022-03-25T09:00:00,2031A,113.1817,27.9958,株洲市,云田中学,,26,17,23,18,23,60,12,29,19,22,18,5,6,0.7,0.6
2022-03-25T09:00:00,2054A,114.1099,32.1059,信阳市,平桥分局,,20,20,26,7,14,103,60,67,64,17,12,7,7,0.8,0.6
2022-03-25T09:00:00,2064A,113.9956,32.1271,信阳市,南湾水厂,,23,20,31,2,4,110,73,76,73,12,13,5,6,0.7,0.6
2022-03-25T09:00:00,2065A,114.0775,32.1195,信阳市,市酿酒公司,,20,20,27,7,10,106,56,67,64,19,15,6,6,0.9,0.6
2022-03-25T09:00:00,2066A,114.0609,32.1399,信阳市,审计局,,28,17,23,19,19,106,61,70,65,16,16,6,6,0.7,0.5
2022-03-25T09:00:00,2067A,114.6613,33.6128,周口市,市环境监测站,,22,12,31,9,10,97,70,76,72,12,10,6,6,0.8,0.6
2022-03-25T09:00:00,2068A,114.6758,33.6347,周口市,周口师范,,23,23,32,9,12,95,64,72,65,10,7,10,10,1.0,0.8
2022-03-25T09:00:00,2069A,114.6546,33.5979,周口市,市运管处,,22,16,25,10,15,93,70,71,70,14,13,6,6,0.8,0.6
2022-03-25T09:00:00,2070A,114.6369,33.6406,周口市,川汇区环保局,,22,14,25,11,18,97,70,77,68,7,7,11,11,0.8,0.8
2022-03-25T09:00:00,2075A,117.6336,24.4674,漳州市,九湖(对照点),,33,31,35,23,31,99,32,63,45,25,13,12,6,0.7,0.5
2022-03-25T09:00:00,2160A,112.85,35.5051,晋城市,自来水公司,细颗粒物(PM2.5),140,145,71,107,42,104,24,79,53,38,23,6,4,1.9,0.9
2022-03-25T09:00:00,2161A,112.8318,35.4936,晋城市,白云商贸,细颗粒物(PM2.5),138,148,73,105,40,101,31,79,56,27,19,4,4,1.8,1
2022-03-25T09:00:00,2162A,112.8508,35.4887,晋城市,市环保局,细颗粒物(PM2.5),138,174,82,105,40,101,24,81,54,46,21,10,8,2.2,0.9
2022-03-25T09:00:00,2163A,112.8676,35.4897,晋城市,技术学院,细颗粒物(PM2.5),144,164,73,110,40,93,26,73,51,34,19,6,5,2.0,0.9
2022-03-25T09:00:00,2165A,112.8453,35.546,晋城市,白马寺 (对照点),细颗粒物(PM2.5),134,144,69,102,36,102,41,87,59,21,16,3,3,1.3,0.9
2022-03-25T09:00:00,2166A,112.4397,39.3522,朔州市,平朔,颗粒物(PM10),81,112,135,19,72,84,30,32,26,41,46,22,15,0.8,1
2022-03-25T09:00:00,2167A,112.4575,39.3617,朔州市,朔唯,颗粒物(PM10),120,190,152,32,73,88,10,30,14,55,47,33,15,0.6,0.7
2022-03-25T09:00:00,2168A,112.4258,39.3197,朔州市,区政府,颗粒物(PM10),84,117,155,44,67,80,26,34,29,45,48,33,21,1.0,1.1
2022-03-25T09:00:00,2169A,112.4072,39.3278,朔州市,市环保局,颗粒物(PM10),88,126,161,36,68,82,37,39,38,43,48,27,19,0.9,1.1
2022-03-25T09:00:00,2170A,112.4272,39.3681,朔州市,市二中,颗粒物(PM10),88,125,148,38,69,87,20,29,22,51,46,22,16,0.5,0.7
2022-03-25T09:00:00,2171A,112.7532,37.6945,晋中市,锦纶小区,细颗粒物(PM2.5),278,222,190,228,147,99,24,82,53,54,47,12,10,1.0,0.9
2022-03-25T09:00:00,2173A,112.7249,37.7067,晋中市,南都小区,细颗粒物(PM2.5),234,208,191,184,123,90,22,82,51,61,56,8,11,1.0,1.1
2022-03-25T09:00:00,2174A,112.6991,37.6982,晋中市,榆次区政府,细颗粒物(PM2.5),228,214,190,178,120,88,18,78,50,64,59,8,14,1.1,1.2
2022-03-25T09:00:00,2175A,110.9956,35.0147,运城市,运城中学,细颗粒物(PM2.5),105,88,73,79,50,89,22,72,42,21,16,8,7,0.9,0.6
2022-03-25T09:00:00,2178A,110.9686,35.0303,运城市,地区技校,"颗粒物(PM10),细颗粒物(PM2.5)",72,93,83,52,41,81,27,65,36,20,19,5,5,1.2,0.8
2022-03-25T09:00:00,2179A,111.0414,35.1147,运城市,空港新区,细颗粒物(PM2.5),117,126,89,88,55,89,14,60,23,42,24,10,7,0.9,0.6
2022-03-25T09:00:00,2181A,112.7383,38.4519,忻州市,开发区,颗粒物(PM10),89,128,154,64,101,56,34,17,17,34,52,11,15,0.4,1
2022-03-25T09:00:00,2182A,112.7003,38.4928,忻州市,会展中心,颗粒物(PM10),66,82,149,2,103,74,58,30,30,19,50,8,13,0.4,1
2022-03-25T09:00:00,2183A,111.1406,37.5211,吕梁市,环保局,颗粒物(PM10),89,128,132,33,37,25,0,0,0,44,55,16,13,0.8,0.7
2022-03-25T09:00:00,2185A,111.1297,37.5136,吕梁市,自来水公司,颗粒物(PM10),112,174,131,42,36,28,2,2,2,61,59,22,14,2.1,0.8
2022-03-25T09:00:00,2187A,106.8174,39.6973,乌海市,市林业局,颗粒物(PM10),74,97,185,39,52,227,89,87,87,6,5,5,6,0.5,0.5
2022-03-25T09:00:00,2188A,106.7907,39.6667,乌海市,中海勃湾学校,颗粒物(PM10),87,123,198,50,54,104,98,94,94,7,7,6,6,0.3,0.3
2022-03-25T09:00:00,2191A,122.2532,43.6801,通辽市,艺术职业学校,,37,37,122,5,55,129,90,90,79,15,20,7,13,0.5,0.8
2022-03-25T09:00:00,2192A,119.7594,49.2261,呼伦贝尔市,区环保局,,42,42,34,29,21,97,67,91,76,13,11,5,5,0.8,0.6
2022-03-25T09:00:00,2195A,107.4212,40.761,巴彦淖尔市,附二中,颗粒物(PM10),100,150,211,34,47,93,80,80,80,9,11,4,11,0.4,0.4
2022-03-25T09:00:00,2196A,107.37,40.7372,巴彦淖尔市,市环保大楼,颗粒物(PM10),106,161,184,45,43,99,91,84,84,6,12,1,5,0.3,0.4
2022-03-25T09:00:00,2197A,113.1306,40.9923,乌兰察布市,集宁新区,颗粒物(PM10),139,228,96,34,31,115,55,83,74,20,12,27,11,0.7,0.6
2022-03-25T09:00:00,2200A,122.0392,46.0656,兴安盟,胜华新制药厂,,38,28,36,26,26,78,74,68,68,2,7,1,2,0.2,0.4
2022-03-25T09:00:00,2201A,121.9504,46.0741,兴安盟,科右前旗环保局,,28,24,29,19,20,89,80,74,74,6,9,1,3,0.2,0.3
2022-03-25T09:00:00,2202A,116.1042,43.9317,锡林郭勒盟,市环保监测站,颗粒物(PM10),72,94,178,9,17,103,51,80,62,21,5,8,8,0.3,0.5
2022-03-25T09:00:00,2203A,116.0781,43.9311,锡林郭勒盟,市政府,颗粒物(PM10),64,77,158,10,18,94,48,71,58,18,7,7,7,0.6,0.5
2022-03-25T09:00:00,2204A,105.6467,38.8363,阿拉善盟,西城区西花园(对照点),颗粒物(PM10),83,116,238,28,60,106,98,103,96,10,6,9,10,0.3,0.3
2022-03-25T09:00:00,2205A,105.6985,38.8411,阿拉善盟,蒙二幼,颗粒物(PM10),60,69,238,36,64,105,101,104,97,6,5,7,7,0.2,0.2
2022-03-25T09:00:00,2206A,105.724,38.8516,阿拉善盟,环保局新楼,颗粒物(PM10),74,97,170,38,61,110,104,106,100,4,5,6,7,0.3,0.3
2022-03-25T09:00:00,2207A,121.6094,41.998,阜新市,工业园区,细颗粒物(PM2.5),152,140,150,116,91,154,80,109,96,46,28,44,25,1.2,0.8
2022-03-25T09:00:00,2208A,121.6697,42.0279,阜新市,长青街,细颗粒物(PM2.5),127,141,165,96,91,121,51,83,64,34,21,44,30,1.0,0.9
2022-03-25T09:00:00,2209A,121.6673,42.0705,阜新市,农业园区,细颗粒物(PM2.5),137,129,138,104,101,120,52,82,62,32,24,21,32,0.9,0.8
2022-03-25T09:00:00,2210A,121.6717,42.0224,阜新市,东苑,细颗粒物(PM2.5),89,120,158,66,83,127,54,88,68,40,26,40,31,1.1,0.9
2022-03-25T09:00:00,2211A,121.6506,42.0498,阜新市,玉龙新城,细颗粒物(PM2.5),104,102,119,78,80,128,52,86,54,27,19,22,30,0.9,0.8
2022-03-25T09:00:00,2212A,123.2,41.1953,辽阳市,宏伟区,,39,28,68,27,58,127,92,120,103,15,13,8,8,0.4,0.5
2022-03-25T09:00:00,2213A,123.1683,41.2495,辽阳市,新华园,,46,33,74,32,61,122,92,115,100,14,12,7,6,0.3,0.4
2022-03-25T09:00:00,2214A,123.2354,41.2639,辽阳市,滨河路,,43,30,73,30,62,119,90,112,97,13,13,5,7,0.4,0.6
2022-03-25T09:00:00,2215A,123.149,41.2991,辽阳市,铁西工业园,,39,39,76,20,36,123,82,116,100,22,12,10,10,0.5,0.5
2022-03-25T09:00:00,2216A,123.8139,42.3022,铁岭市,汇工街西,颗粒物(PM10),52,53,88,29,54,124,84,106,96,30,23,16,15,0.7,0.7
2022-03-25T09:00:00,2217A,123.8649,42.2923,铁岭市,水上乐园,,40,40,68,28,51,124,95,113,102,22,20,12,11,0.5,0.6
2022-03-25T09:00:00,2218A,123.8486,42.2867,铁岭市,银州路东段,颗粒物(PM10),54,58,86,32,55,124,93,110,102,21,36,10,8,0.8,0.8
2022-03-25T09:00:00,2219A,123.7153,42.2217,铁岭市,金沙江路北,颗粒物(PM10),55,60,90,33,55,111,72,87,72,31,30,11,11,0.9,0.8
2022-03-25T09:00:00,2220A,120.4318,41.5881,朝阳市,西梁,细颗粒物(PM2.5),185,167,110,139,74,104,46,82,52,30,23,25,15,1.4,1.2
2022-03-25T09:00:00,2221A,120.4521,41.5646,朝阳市,河畔小区,细颗粒物(PM2.5),137,148,103,104,69,110,55,93,69,26,19,20,13,1.2,1.1
2022-03-25T09:00:00,2222A,120.4176,41.5648,朝阳市,八里堡,细颗粒物(PM2.5),169,160,105,128,74,99,34,85,54,47,28,22,14,1.4,1.1
2022-03-25T09:00:00,2223A,120.3806,41.5969,朝阳市,农业园区,细颗粒物(PM2.5),158,159,98,120,71,95,32,81,53,47,24,23,14,1.3,1.3
2022-03-25T09:00:00,2225A,124.4002,43.1713,四平市,一商场,细颗粒物(PM2.5),57,56,75,40,52,125,90,112,92,13,11,12,11,0.6,0.6
2022-03-25T09:00:00,2226A,124.388,43.193,四平市,境园,细颗粒物(PM2.5),55,53,75,39,48,125,90,112,93,13,16,8,8,0.5,0.5
2022-03-25T09:00:00,2227A,125.1358,42.8845,辽源市,环保局,,,,49,35,36,147,111,132,126,8,8,8,12,0.7,0.6
2022-03-25T09:00:00,2229A,125.9358,41.7173,通化市,光明,,38,35,46,26,29,148,97,140,134,26,9,12,11,0.8,0.6
2022-03-25T09:00:00,2230A,125.9446,41.7325,通化市,铁路,,41,41,45,23,32,135,88,126,121,32,12,15,10,0.8,0.7
2022-03-25T09:00:00,2231A,126.4219,41.9171,白山市,喜丰,颗粒物(PM10),64,78,76,31,30,135,103,125,123,24,12,16,10,1.1,0.9
2022-03-25T09:00:00,2232A,126.4077,41.9419,白山市,环保局,颗粒物(PM10),56,61,62,28,34,129,114,121,121,20,16,8,10,0.8,0.8
2022-03-25T09:00:00,2233A,124.8006,45.1214,松原市,江南,颗粒物(PM10),75,100,63,23,32,95,80,95,80,10,15,3,4,0.2,0.4
2022-03-25T09:00:00,2234A,124.7965,45.1722,松原市,江北,颗粒物(PM10),71,92,54,17,34,96,84,96,84,9,12,3,3,0.3,0.5
2022-03-25T09:00:00,2236A,122.8738,45.5725,白城市,市环保局,,29,29,34,17,25,80,72,55,55,20,21,5,5,0.2,0.3
2022-03-25T09:00:00,2237A,129.47,42.8883,延边朝鲜族自治州,妇幼医院,,49,33,31,34,22,100,83,86,74,10,11,9,9,0.7,0.6
2022-03-25T09:00:00,2238A,129.5055,42.9108,延边朝鲜族自治州,延边医院,细颗粒物(PM2.5),65,48,36,47,26,101,82,92,86,15,10,12,10,0.9,0.6
2022-03-25T09:00:00,2239A,129.3964,42.8881,延边朝鲜族自治州,朝阳川镇医院,,49,49,32,31,23,101,81,84,79,11,11,9,11,0.6,0.5
2022-03-25T09:00:00,2240A,130.9762,45.3001,鸡西市,环保局,细颗粒物(PM2.5),52,45,50,36,32,103,52,71,56,35,25,10,6,0.5,0.4
2022-03-25T09:00:00,2243A,130.9429,45.3039,鸡西市,第一中学,细颗粒物(PM2.5),57,53,48,40,30,107,46,77,60,44,25,11,8,0.6,0.3
2022-03-25T09:00:00,2244A,130.2537,47.3416,鹤岗市,哈啤分公司,,29,20,37,20,25,116,75,90,81,16,14,10,12,0.5,0.5
2022-03-25T09:00:00,2245A,130.2684,47.3086,鹤岗市,斯达机电,,30,30,36,21,24,113,74,87,80,12,11,6,7,0.5,0.5
2022-03-25T09:00:00,2246A,130.3114,47.3388,鹤岗市,东山纸板厂,,33,33,44,22,24,106,64,82,77,22,16,9,11,0.4,0.5
2022-03-25T09:00:00,2248A,131.1511,46.6937,双鸭山市,双合村,,25,19,68,3,39,107,78,99,89,14,16,10,12,0.6,0.9
2022-03-25T09:00:00,2249A,131.1652,46.6191,双鸭山市,南小市,,34,34,46,12,28,102,76,92,87,9,12,2,4,0.1,0.2
2022-03-25T09:00:00,2250A,131.1524,46.6554,双鸭山市,环保局,,28,26,57,19,36,113,76,98,90,21,25,6,9,0.5,0.8
2022-03-25T09:00:00,2251A,131.12,46.5656,双鸭山市,苗圃(对照点),,33,32,47,23,33,120,97,102,99,6,11,2,5,0.7,0.7
2022-03-25T09:00:00,2252A,128.5159,47.4311,伊春市,环保局,,,20,32,17,22,112,68,105,88,20,13,11,11,,0.5
2022-03-25T09:00:00,2253A,128.9102,47.7412,伊春市,电力嘉园,,32,32,31,15,20,108,69,95,84,18,14,9,10,0.7,0.7
2022-03-25T09:00:00,2254A,129.5029,48.471,伊春市,汤旺河国家公园(对照点),,32,19,18,17,14,117,101,116,109,6,6,6,7,0.4,0.3
2022-03-25T09:00:00,2255A,130.2751,46.8028,佳木斯市,佳纺,,29,29,64,20,42,98,66,67,67,16,26,4,6,0.7,0.7
2022-03-25T09:00:00,2256A,130.3995,46.8307,佳木斯市,发电厂,,36,24,35,25,32,108,56,84,75,28,13,3,4,0.6,0.5
2022-03-25T09:00:00,2257A,130.3258,46.7975,佳木斯市,环保局,,39,28,59,27,43,102,74,93,83,16,27,5,9,0.9,0.6
2022-03-25T09:00:00,2258A,130.3648,46.8032,佳木斯市,十一中,,46,34,51,32,45,96,65,91,75,28,32,10,13,0.6,0.6
2022-03-25T09:00:00,2259A,130.3794,46.7588,佳木斯市,四丰(对照点),,30,16,40,21,36,104,79,96,85,6,13,3,5,0.4,0.5
2022-03-25T09:00:00,2262A,131.0518,45.8751,七台河市,新一中(对照点),,33,32,40,23,28,116,75,94,80,13,12,8,8,0.7,0.6
2022-03-25T09:00:00,2263A,127.4833,50.2524,黑河市,交通局,,34,34,30,17,17,101,78,75,75,18,12,8,7,0.6,0.5
2022-03-25T09:00:00,2264A,127.5144,50.2341,黑河市,环保局,,26,24,27,18,17,102,77,76,76,13,12,5,6,0.4,0.4
2022-03-25T09:00:00,2265A,127.5291,50.2472,黑河市,大黑河岛(对照点),,39,39,33,19,11,96,74,74,74,16,16,4,3,0.4,0.5
2022-03-25T09:00:00,2266A,126.9785,46.6365,绥化市,人和东街,细颗粒物(PM2.5),62,72,64,44,48,102,61,75,70,11,11,6,8,0.7,0.8
2022-03-25T09:00:00,2267A,126.964,46.6528,绥化市,党政办公中心,颗粒物(PM10),61,72,62,42,48,101,62,75,69,10,11,5,7,0.5,0.6
2022-03-25T09:00:00,2269A,124.1069,50.4097,大兴安岭地区,科技局,,26,18,21,13,16,87,83,82,82,8,10,2,6,0.3,0.4
2022-03-25T09:00:00,2270A,117.396,32.939,蚌埠市,工人疗养院,,23,23,37,12,21,107,45,62,55,21,15,4,5,0.5,0.4
2022-03-25T09:00:00,2271A,117.3605,32.9427,蚌埠市,百货大楼,,,23,44,3,15,108,,69,63,37,19,5,6,0.7,0.5
2022-03-25T09:00:00,2273A,117.4185,32.8911,蚌埠市,蚌埠学院,,15,9,29,7,18,103,45,78,67,16,11,6,7,0.5,0.4
2022-03-25T09:00:00,2274A,117.3533,32.9673,蚌埠市,淮上区政府,,18,17,36,9,21,106,23,66,54,36,16,7,8,0.6,0.5
2022-03-25T09:00:00,2275A,117.3145,32.8977,蚌埠市,高新区,,25,12,31,17,28,108,34,80,70,36,15,6,7,0.7,0.5
2022-03-25T09:00:00,2277A,116.8305,32.7727,淮南市,潘集区政府,,45,27,35,31,32,109,41,55,53,16,10,3,8,0.7,0.4
2022-03-25T09:00:00,2278A,117.0067,32.6524,淮南市,师范学院,,31,31,33,12,27,102,35,57,53,21,14,5,6,0.7,0.5
2022-03-25T09:00:00,2279A,116.8569,32.5951,淮南市,谢家集区政府,,21,21,34,14,21,106,29,51,48,18,13,5,8,0.6,0.4
2022-03-25T09:00:00,2280A,116.8281,32.633,淮南市,八公山区政府,,23,21,38,16,25,99,25,47,44,20,11,3,5,0.6,0.4
2022-03-25T09:00:00,2281A,116.6325,32.6201,淮南市,焦岗湖风景区管理处(对照点),,36,20,27,25,18,116,40,49,49,20,16,5,5,0.5,0.4
2022-03-25T09:00:00,2282A,116.8004,33.975,淮北市,监测站,,26,26,46,18,31,96,49,67,65,23,13,1,4,0.7,0.5
2022-03-25T09:00:00,2283A,116.8091,33.9007,淮北市,烈山区政府,细颗粒物(PM2.5),58,44,55,41,39,106,69,76,76,15,18,3,5,0.6,0.6
2022-03-25T09:00:00,2284A,116.7856,33.9477,淮北市,职业技术学院,,25,24,42,17,27,99,56,66,66,20,15,5,5,0.7,0.6
2022-03-25T09:00:00,2285A,117.8177,30.9412,铜陵市,市第四中学,,12,12,19,8,9,94,37,44,44,20,18,10,11,0.6,0.5
2022-03-25T09:00:00,2286A,117.8059,30.9273,铜陵市,市公路局,,20,14,22,8,10,86,14,39,37,39,22,8,11,1.4,0.9
2022-03-25T09:00:00,2287A,117.7807,30.9413,铜陵市,市新民污水厂,,32,30,23,22,20,90,6,30,28,55,25,7,9,0.6,0.7
2022-03-25T09:00:00,2288A,117.7439,30.8792,铜陵市,市第九中学,,,5,5,14,15,82,5,36,11,58,31,8,6,0.9,0.8
2022-03-25T09:00:00,2289A,117.846,30.9413,铜陵市,车站新区,,25,11,23,17,10,78,50,38,38,10,23,3,5,0.0,0.3
2022-03-25T09:00:00,2290A,117.8483,30.97,铜陵市,市职教基地,,22,15,24,15,14,86,43,42,42,16,21,7,9,0.6,0.7
2022-03-25T09:00:00,2291A,117.0809,30.5177,安庆市,环科院,,19,15,19,6,10,54,3,21,20,38,21,7,5,1.5,0.8
2022-03-25T09:00:00,2292A,117.0331,30.5119,安庆市,马山宾馆,,22,8,18,8,10,77,7,23,19,44,23,8,6,1.4,0.6
2022-03-25T09:00:00,2294A,116.9896,30.6145,安庆市,安庆大学,,18,4,19,4,11,76,11,35,28,35,17,2,3,1.2,0.8
2022-03-25T09:00:00,2295A,118.2903,29.6963,黄山市,延安路89号,,20,20,26,1,9,94,49,48,48,12,8,9,9,0.5,0.4
2022-03-25T09:00:00,2296A,118.327,29.7178,黄山市,黄山东路89号,,15,15,22,7,12,85,45,44,44,13,10,8,8,0.6,0.5
2022-03-25T09:00:00,2297A,118.1371,30.2756,黄山市,黄山区政府5号楼,,24,24,21,15,9,81,37,29,29,10,10,8,8,0.7,0.6
2022-03-25T09:00:00,2298A,118.3093,32.3153,滁州市,老年大学,,22,19,47,15,34,136,39,71,48,32,26,8,10,0.6,0.5
2022-03-25T09:00:00,2299A,118.3244,32.2786,滁州市,人大宾馆,,30,26,49,21,31,137,40,77,50,32,27,5,7,0.8,0.6
2022-03-25T09:00:00,2301A,115.8277,32.8929,阜阳市,市监测站,,13,5,26,1,16,104,24,48,31,25,18,6,6,0.6,0.5
2022-03-25T09:00:00,2303A,115.8554,32.8605,阜阳市,开发区,,15,5,24,8,25,104,21,52,32,30,19,2,4,0.6,0.5
2022-03-25T09:00:00,2307A,116.5079,31.737,六安市,监测大楼,,11,7,17,2,9,94,35,56,49,22,11,5,5,0.5,0.4
2022-03-25T09:00:00,2308A,116.4738,31.7643,六安市,皖西学院,,14,8,17,6,12,97,42,56,53,13,8,6,6,0.5,0.4
2022-03-25T09:00:00,2309A,116.4996,31.7905,六安市,朝阳厂,,12,8,17,6,11,89,36,50,46,14,8,5,6,0.6,0.5
2022-03-25T09:00:00,2310A,116.5567,31.7886,六安市,开发区,,15,9,23,10,14,98,43,55,43,14,18,6,9,0.5,0.5
2022-03-25T09:00:00,2311A,115.8072,33.8399,亳州市,污水处理厂,,19,10,34,13,24,102,39,61,44,13,13,2,3,0.7,0.5
2022-03-25T09:00:00,2312A,115.7789,33.8518,亳州市,三国揽胜宫,,15,14,25,10,19,102,42,65,48,14,10,4,3,0.8,0.7
2022-03-25T09:00:00,2314A,117.47,30.6618,池州市,池州学院,,13,7,20,4,12,78,11,17,16,26,21,4,5,1.2,0.8
2022-03-25T09:00:00,2316A,118.7581,30.9454,宣城市,鳌峰子站,,29,23,39,20,24,109,32,39,39,44,39,4,4,0.7,0.7
2022-03-25T09:00:00,2317A,118.7385,30.9743,宣城市,敬亭山子站,,23,22,29,16,17,121,44,39,39,32,26,5,5,0.5,0.4
2022-03-25T09:00:00,2318A,118.7173,30.9427,宣城市,开发区子站,,26,17,35,18,21,110,39,48,48,43,33,4,4,0.7,0.6
2022-03-25T09:00:00,2319A,119.0141,25.4325,莆田市,荔城区仓后路,,46,29,38,32,27,103,26,38,32,22,20,4,4,0.7,0.6
2022-03-25T09:00:00,2320A,119.0015,25.4553,莆田市,莆田市监测站,,30,27,33,21,27,113,40,62,39,7,13,4,5,0.4,0.4
2022-03-25T09:00:00,2321A,119.1119,25.4561,莆田市,涵江区六中,细颗粒物(PM2.5),52,27,36,36,28,106,33,45,40,25,29,7,6,0.7,0.5
2022-03-25T09:00:00,2322A,119.1013,25.3215,莆田市,秀屿区政府,细颗粒物(PM2.5),64,26,34,46,29,110,31,34,33,25,22,8,8,0.7,0.6
2022-03-25T09:00:00,2323A,118.981,25.4792,莆田市,东圳水库(对照点),,19,17,25,13,17,110,38,65,53,5,8,3,3,0.4,0.4
2022-03-25T09:00:00,2324A,117.6211,26.2625,三明市,三钢,,19,18,20,13,19,45,15,23,21,20,18,3,4,0.7,0.6
2022-03-25T09:00:00,2325A,117.635,26.2714,三明市,三明二中,,23,23,21,13,16,47,14,25,22,22,14,3,4,0.7,0.6
2022-03-25T09:00:00,2326A,117.6028,26.2378,三明市,三元区政府,,18,11,22,12,19,46,12,23,22,30,19,3,5,0.9,0.7
2022-03-25T09:00:00,2327A,117.7275,26.3108,三明市,洋溪(对照点),,28,28,23,18,17,47,28,32,30,11,12,5,7,0.6,0.6
2022-03-25T09:00:00,2331A,118.0966,26.6761,南平市,茫荡山(对照点),,23,2,5,2,5,72,71,68,68,1,2,4,4,0.4,0.4
2022-03-25T09:00:00,2332A,118.1681,26.6369,南平市,南平市监测站,,18,13,20,12,13,79,45,68,55,19,11,4,4,1.0,0.7
2022-03-25T09:00:00,2333A,118.1825,26.6489,南平市,南平铝业有限公司,,15,9,18,10,12,77,38,61,56,20,12,5,6,0.7,0.6
2022-03-25T09:00:00,2334A,118.1756,26.6272,南平市,南平七中,,17,14,19,11,16,76,54,58,54,10,8,3,3,0.7,0.6
2022-03-25T09:00:00,2335A,117.0189,25.1181,龙岩市,龙岩师专(对照点),,19,12,21,9,19,36,8,29,25,37,27,4,5,1.3,0.9
2022-03-25T09:00:00,2336A,117.0217,25.1033,龙岩市,龙岩市监测站,,16,8,23,11,19,37,15,31,23,32,30,4,5,1.0,0.6
2022-03-25T09:00:00,2337A,117.0258,25.0661,龙岩市,闽西职业技术学院,,16,5,20,9,15,41,11,29,21,32,30,4,5,0.6,0.5
2022-03-25T09:00:00,2338A,117.0196,25.0306,龙岩市,龙岩学院,,18,9,16,12,11,45,20,25,25,19,22,3,4,0.6,0.6
2022-03-25T09:00:00,2339A,119.5001,26.6946,宁德市,金涵水库(对照点),,32,18,26,22,15,106,18,34,31,29,18,6,6,0.7,0.5
2022-03-25T09:00:00,2341A,119.5388,26.6612,宁德市,宁德市监测站,,38,18,28,26,17,100,15,32,30,34,18,6,6,0.9,0.7
2022-03-25T09:00:00,2342A,117.3102,29.3867,景德镇市,王港中学(对照点),,15,6,14,2,10,76,46,50,50,5,5,3,4,0.5,0.4
2022-03-25T09:00:00,2343A,117.2117,29.2933,景德镇市,老干部活动中心,,24,24,32,15,16,72,38,52,46,19,15,5,5,1.1,0.8
2022-03-25T09:00:00,2344A,117.1894,29.2789,景德镇市,兽医站,,22,8,20,15,14,70,31,57,46,27,16,3,5,0.5,0.4
2022-03-25T09:00:00,2345A,117.1547,29.2617,景德镇市,台达陶瓷,,15,6,25,8,13,64,25,42,39,30,23,10,15,0.5,0.5
2022-03-25T09:00:00,2346A,117.2461,29.2956,景德镇市,陶研所,,15,9,27,3,9,71,46,43,43,11,12,4,5,0.5,0.5
2022-03-25T09:00:00,2347A,114.0997,27.5002,萍乡市,武功山(对照点),,15,3,5,2,5,63,48,55,54,6,9,18,10,0.3,0.5
2022-03-25T09:00:00,2348A,113.8385,27.6434,萍乡市,中医院,,48,24,19,33,18,49,6,32,10,32,21,9,7,1.7,0.9
2022-03-25T09:00:00,2349A,113.8493,27.6253,萍乡市,市政府车库,,29,29,30,14,14,44,5,19,4,32,26,9,8,1.8,1.4
2022-03-25T09:00:00,2350A,113.8676,27.6435,萍乡市,市环保局,,45,28,20,31,19,51,3,9,2,32,23,9,7,1.9,0.9
2022-03-25T09:00:00,2351A,113.866,27.6198,萍乡市,安源区政府,,41,41,28,17,15,39,4,20,6,28,23,9,8,1.7,1.1
2022-03-25T09:00:00,2352A,115.0861,27.9317,新余市,北岗(对照点),,8,6,14,4,12,68,24,26,22,13,11,5,5,0.4,0.3
2022-03-25T09:00:00,2353A,114.9886,27.8431,新余市,飞宇,,17,17,25,2,12,58,32,26,26,17,20,6,8,0.4,0.4
2022-03-25T09:00:00,2354A,114.9231,27.8246,新余市,第二水厂,,21,20,27,7,14,51,25,20,20,20,19,63,17,1.1,0.6
2022-03-25T09:00:00,2357A,116.9822,28.1136,鹰潭市,龙虎山(对照点),,,,27,7,16,86,59,30,28,2,5,1,3,0.3,0.4
2022-03-25T09:00:00,2358A,117.0564,28.2642,鹰潭市,新监测站,,35,35,38,19,23,93,25,26,20,14,19,42,23,0.6,0.5
2022-03-25T09:00:00,2359A,117.0311,28.2475,鹰潭市,财苑宾馆,,28,28,38,14,20,92,12,14,14,14,20,30,17,0.8,0.7
2022-03-25T09:00:00,2360A,117.0222,28.2264,鹰潭市,体育馆,,39,39,37,22,24,98,0,15,12,22,21,10,9,0.8,0.5
2022-03-25T09:00:00,2361A,117.0017,28.2131,鹰潭市,三川水表,颗粒物(PM10),54,58,45,31,26,92,6,18,17,25,22,16,11,1.0,1
2022-03-25T09:00:00,2362A,114.9017,25.9149,赣州市,通天岩(对照点),,14,14,22,9,12,77,23,24,23,20,21,8,8,1.1,1.1
2022-03-25T09:00:00,2363A,114.9367,25.8664,赣州市,地委,,21,21,25,8,15,50,10,14,11,36,29,5,6,1.1,1
2022-03-25T09:00:00,2364A,114.9461,25.8481,赣州市,气象台,,24,24,21,14,16,58,5,4,4,25,24,5,8,1.0,0.8
2022-03-25T09:00:00,2365A,114.9322,25.8333,赣州市,市图书馆,,14,9,19,6,13,59,6,13,13,27,25,7,9,1.3,1.1
2022-03-25T09:00:00,2366A,114.8905,25.8471,赣州市,华坚鞋城,,19,19,21,11,16,57,8,17,14,32,27,6,8,0.8,0.8
2022-03-25T09:00:00,2367A,114.9754,27.0803,吉安市,红声器材厂,,15,15,22,4,11,59,48,41,41,11,12,5,5,0.4,0.4
2022-03-25T09:00:00,2368A,114.9658,27.0999,吉安市,市森林工业局,,14,14,23,4,11,56,40,37,37,15,17,3,3,0.5,0.5
2022-03-25T09:00:00,2369A,114.99,27.1312,吉安市,市环境监测站,,13,12,25,3,10,59,40,38,38,12,15,5,7,0.7,0.6
2022-03-25T09:00:00,2370A,115.0093,27.0968,吉安市,青原区法院,,16,15,24,2,13,58,49,44,44,9,12,6,9,0.4,0.5
2022-03-25T09:00:00,2371A,114.3408,27.8064,宜春市,槟榔水业(对照点),,31,31,25,14,13,59,11,10,8,18,17,2,4,0.7,0.6
2022-03-25T09:00:00,2373A,114.3956,27.7844,宜春市,市石油公司,,26,25,23,18,14,62,5,23,12,28,13,4,5,0.9,0.7
2022-03-25T09:00:00,2374A,114.3703,27.7914,宜春市,市气象局,,29,29,27,18,16,60,17,26,16,21,20,5,7,0.8,0.7
2022-03-25T09:00:00,2375A,114.4013,27.8074,宜春市,市广电局,,19,18,23,13,14,58,11,50,26,22,16,2,5,0.9,0.9
2022-03-25T09:00:00,2376A,116.2127,28.0814,抚州市,桐源党溪(对照点),,15,15,21,10,13,60,32,35,29,6,9,2,6,0.7,0.6
2022-03-25T09:00:00,2377A,116.3544,27.9831,抚州市,市站,,17,17,30,7,15,55,23,27,26,25,20,6,6,0.9,0.8
2022-03-25T09:00:00,2378A,116.3565,27.963,抚州市,血防站,,13,13,28,4,12,51,23,26,26,15,15,4,5,0.9,1
2022-03-25T09:00:00,2379A,116.3564,28.0007,抚州市,采茶剧团,,14,14,24,6,13,55,27,28,28,13,16,7,7,1.0,0.9
2022-03-25T09:00:00,2380A,116.385,27.9647,抚州市,医学分院,,15,15,26,5,12,63,38,32,32,5,6,4,4,1.0,1
2022-03-25T09:00:00,2381A,118.005,28.4572,上饶市,百草园(对照点),,33,29,36,23,22,94,29,28,28,18,18,4,8,0.9,0.9
2022-03-25T09:00:00,2382A,117.9756,28.4436,上饶市,市监测站,,36,34,42,25,24,98,28,28,28,26,26,6,11,0.5,0.5
2022-03-25T09:00:00,2383A,117.9519,28.4628,上饶市,凤凰光学,,36,36,36,22,27,99,30,38,37,26,24,36,22,1.0,0.8
2022-03-25T09:00:00,2385A,114.17,35.9019,鹤壁市,市监测站,细颗粒物(PM2.5),145,128,119,111,94,56,20,9,9,30,38,4,6,1.7,1.6
2022-03-25T09:00:00,2386A,114.2956,35.7511,鹤壁市,市交警支队,细颗粒物(PM2.5),159,141,105,121,75,50,16,4,4,28,32,7,10,1.2,1.1
2022-03-25T09:00:00,2387A,114.2878,35.7306,鹤壁市,迎宾馆,细颗粒物(PM2.5),156,117,87,119,75,52,16,5,5,28,34,5,8,0.8,0.9
2022-03-25T09:00:00,2389A,113.836,35.311,新乡市,环保西院,细颗粒物(PM2.5),73,67,79,53,50,90,25,30,29,26,23,11,10,1.0,0.6
2022-03-25T09:00:00,2390A,113.884,35.272,新乡市,开发区,细颗粒物(PM2.5),89,63,72,66,52,95,25,32,28,28,23,10,10,1.1,0.7
2022-03-25T09:00:00,2391A,113.883,35.303,新乡市,环保东院,细颗粒物(PM2.5),104,95,83,78,50,97,24,29,28,22,18,10,10,1.1,0.7
2022-03-25T09:00:00,2392A,115.0312,35.7636,濮阳市,环保局,细颗粒物(PM2.5),89,49,63,66,55,88,22,55,20,23,24,6,7,0.7,0.5
2022-03-25T09:00:00,2394A,115.0574,35.7609,濮阳市,油田运输公司,细颗粒物(PM2.5),94,58,77,70,59,100,22,54,23,24,24,5,7,0.7,0.5
2022-03-25T09:00:00,2395A,115.0866,35.7754,濮阳市,油田物探公司,细颗粒物(PM2.5),78,51,72,57,53,94,20,52,22,24,23,8,11,0.7,0.6
2022-03-25T09:00:00,2396A,113.8276,34.0159,许昌市,监测站,,43,34,46,30,23,98,15,52,42,24,14,4,5,0.9,0.6
2022-03-25T09:00:00,2398A,113.7906,33.9953,许昌市,开发区,,40,36,48,28,24,103,19,68,40,17,10,3,4,0.9,0.6
2022-03-25T09:00:00,2399A,114.051,33.5699,漯河市,三五一五工厂,,42,24,28,29,25,98,46,71,58,14,13,3,4,0.7,0.6
2022-03-25T09:00:00,2400A,114.0055,33.5698,漯河市,漯河大学,,32,27,28,22,17,97,41,72,59,17,9,3,3,0.8,0.6
2022-03-25T09:00:00,2401A,114.0138,33.5828,漯河市,市水利局,,33,27,27,23,26,96,36,68,56,18,9,2,3,0.8,0.7
2022-03-25T09:00:00,2402A,114.0261,33.5698,漯河市,市广电局,,32,27,26,22,22,89,40,56,49,18,10,4,5,0.8,0.6
2022-03-25T09:00:00,2403A,112.5192,32.9917,南阳市,环保局,颗粒物(PM10),56,62,57,38,31,72,9,19,18,46,34,8,8,1.0,0.9
2022-03-25T09:00:00,2404A,112.5339,33.0086,南阳市,瓦房庄,颗粒物(PM10),54,58,62,36,42,74,17,18,18,40,37,7,8,1.0,0.9
2022-03-25T09:00:00,2405A,112.5003,32.9735,南阳市,汉画馆,细颗粒物(PM2.5),63,54,54,45,45,71,23,22,20,30,26,8,8,1.0,1
2022-03-25T09:00:00,2406A,112.5779,33.0144,南阳市,气象站,颗粒物(PM10),53,56,56,36,38,75,11,10,8,40,32,7,7,1.1,0.8
2022-03-25T09:00:00,2407A,112.548,32.9692,南阳市,理工学院,,,47,52,30,31,78,,25,9,36,31,8,8,1.0,0.9
2022-03-25T09:00:00,2408A,115.6702,34.4285,商丘市,环境监测站,细颗粒物(PM2.5),83,60,60,61,38,96,60,57,52,17,14,8,9,0.5,0.5
2022-03-25T09:00:00,2409A,115.6458,34.4045,商丘市,粮食局,颗粒物(PM10),63,75,55,32,30,104,56,63,52,23,17,5,6,0.7,0.5
2022-03-25T09:00:00,2410A,115.6293,34.3948,商丘市,睢阳区环保局,颗粒物(PM10),57,63,57,37,27,102,61,66,55,16,13,4,5,0.7,0.5
2022-03-25T09:00:00,2420A,114.0189,32.9656,驻马店市,市一纸厂,,50,37,30,35,27,99,57,65,64,14,11,7,8,0.8,0.6
2022-03-25T09:00:00,2421A,114.0114,33.015,驻马店市,市彩印厂,,42,29,27,29,22,99,53,68,61,17,15,6,6,0.8,0.7
2022-03-25T09:00:00,2422A,113.9976,32.9771,驻马店市,天方二分厂,,46,37,34,32,27,96,54,67,62,18,15,4,4,0.9,0.8
2022-03-25T09:00:00,2423A,115.0601,30.2313,黄石市,沈家营,,24,24,34,7,19,87,11,41,23,31,23,8,12,1.4,1.1
2022-03-25T09:00:00,2424A,115.0817,30.2006,黄石市,陈家湾,,21,21,30,10,20,98,12,34,22,31,16,5,5,2.1,1.1
2022-03-25T09:00:00,2426A,114.8988,30.2019,黄石市,铁山,,18,11,23,4,14,93,5,47,26,35,17,5,6,1.7,0.8
2022-03-25T09:00:00,2427A,115.0307,30.2092,黄石市,团城山,,25,25,29,9,20,101,17,49,26,28,19,4,7,1.6,0.9
2022-03-25T09:00:00,2428A,111.0419,32.395,十堰市,武当山(对照点),,22,22,13,9,6,62,53,51,51,8,8,7,7,0.6,0.5
2022-03-25T09:00:00,2429A,110.78,32.6494,十堰市,滨河新村,,39,35,38,27,28,50,8,24,17,30,24,8,7,0.7,0.5
2022-03-25T09:00:00,2430A,110.7258,32.6389,十堰市,刘家沟,,40,36,30,28,26,50,13,22,17,20,21,6,5,0.8,0.7
2022-03-25T09:00:00,2431A,110.8839,32.5714,十堰市,铁二处,,38,30,36,26,28,54,7,28,14,26,18,7,7,0.8,0.4
2022-03-25T09:00:00,2432A,112.155,32.0197,襄阳市,襄城运动路,细颗粒物(PM2.5),68,60,63,49,47,74,20,20,20,16,13,10,13,0.8,0.7
2022-03-25T09:00:00,2433A,112.1392,32.0564,襄阳市,樊城新华路,细颗粒物(PM2.5),63,55,62,45,49,82,22,23,23,19,18,7,7,0.9,0.8
2022-03-25T09:00:00,2434A,112.1825,32.1142,襄阳市,高新管委会,细颗粒物(PM2.5),63,63,61,45,50,76,10,8,8,19,18,10,10,0.8,0.7
2022-03-25T09:00:00,2435A,112.2106,32.0903,襄阳市,襄州航空路,细颗粒物(PM2.5),67,64,59,48,46,78,14,11,11,22,20,12,9,0.8,0.7
2022-03-25T09:00:00,2436A,114.8938,30.3994,鄂州市,市政府,,22,15,24,6,13,90,5,49,30,44,19,8,9,1.1,0.8
2022-03-25T09:00:00,2437A,114.8989,30.3714,鄂州市,赵家坝,,16,9,23,4,15,94,9,56,36,32,13,6,6,1.2,0.7
2022-03-25T09:00:00,2439A,112.2014,31.0481,荆门市,竹园小学,,44,44,42,24,28,94,26,45,29,18,15,6,7,0.8,0.7
2022-03-25T09:00:00,2440A,112.1969,30.9891,荆门市,掇刀,,36,28,40,25,28,91,30,39,34,16,15,3,4,0.7,0.7
2022-03-25T09:00:00,2441A,112.2213,31.0386,荆门市,石化一小,,36,31,41,25,29,89,27,36,26,16,18,8,11,0.5,0.5
2022-03-25T09:00:00,2443A,113.9153,30.9285,孝感市,文化路,,29,29,39,10,19,89,37,44,30,16,23,6,5,0.7,0.7
2022-03-25T09:00:00,2444A,113.942,30.9075,孝感市,东城区,,39,39,37,6,15,82,36,44,32,21,28,7,7,0.7,0.7
2022-03-25T09:00:00,2446A,114.9028,30.4742,黄冈市,职工中心,,20,2,22,1,15,93,19,52,40,40,19,8,10,0.6,0.5
2022-03-25T09:00:00,2447A,114.3175,29.8142,咸宁市,森林公园(对照点),,10,8,13,3,11,69,32,43,39,2,3,4,4,0.7,0.6
2022-03-25T09:00:00,2448A,114.3107,29.8454,咸宁市,市发改委,,,14,20,11,11,76,,49,37,,5,,3,,0.8
2022-03-25T09:00:00,2449A,114.2936,29.8566,咸宁市,咸安区政府,,18,10,18,12,11,74,15,45,31,25,12,4,5,0.8,0.5
2022-03-25T09:00:00,2451A,113.3583,31.7275,随州市,市委党校,,14,12,18,5,12,91,43,48,45,16,16,6,6,0.7,0.6
2022-03-25T09:00:00,2452A,113.3833,31.6908,随州市,市林业局,,15,10,11,0,9,101,46,59,50,16,12,4,4,0.9,0.8
2022-03-25T09:00:00,2453A,113.3983,31.7308,随州市,市立交桥水厂,,25,25,21,13,13,94,38,54,46,23,13,19,16,1.0,0.8
2022-03-25T09:00:00,2454A,109.4978,30.2981,恩施土家族苗族自治州,湖北民院,,24,24,34,14,19,46,11,20,18,12,11,9,8,0.7,0.6
2022-03-25T09:00:00,2455A,109.4707,30.2798,恩施土家族苗族自治州,州电力总公司,,28,26,40,19,14,42,17,24,23,15,16,6,6,0.9,0.6
2022-03-25T09:00:00,2456A,112.5003,26.9167,衡阳市,原169医院(对照点),,37,37,38,21,20,32,4,3,2,20,27,9,9,1.1,0.8
2022-03-25T09:00:00,2457A,112.6194,26.9258,衡阳市,衡阳化工总厂,,38,38,32,22,24,28,4,3,3,24,19,7,8,1.1,0.7
2022-03-25T09:00:00,2458A,112.6211,26.8956,衡阳市,珠晖区环保局,,,32,34,,,35,4,2,2,38,27,11,12,2.4,1.2
2022-03-25T09:00:00,2459A,112.6197,26.8733,衡阳市,市委党校,,47,47,32,19,21,37,6,4,4,25,20,8,9,1.7,1
2022-03-25T09:00:00,2460A,112.6006,26.8919,衡阳市,市监测站,,45,27,38,31,33,34,4,2,2,32,24,9,10,1.8,1.1
2022-03-25T09:00:00,2461A,112.5664,26.9056,衡阳市,真空机电公司,,,7,38,,,32,4,3,3,31,27,5,8,1.7,1.1
2022-03-25T09:00:00,2462A,111.5239,27.3033,邵阳市,市水土所(对照点),,28,16,24,19,19,50,20,20,12,8,8,12,11,0.5,0.5
2022-03-25T09:00:00,2463A,111.4733,27.2317,邵阳市,市一中,,32,32,30,21,22,48,11,16,10,17,16,8,7,0.7,0.5
2022-03-25T09:00:00,2464A,111.5283,27.2442,邵阳市,市化工厂,,35,28,28,24,22,49,11,18,12,18,15,13,12,0.8,0.6
2022-03-25T09:00:00,2465A,111.4503,27.2537,邵阳市,市罐头厂,,45,45,32,27,26,46,11,16,9,17,16,8,8,0.6,0.5
2022-03-25T09:00:00,2466A,111.4328,27.2272,邵阳市,市环保局,,35,35,33,23,24,42,15,25,15,13,13,7,7,0.5,0.4
2022-03-25T09:00:00,2467A,112.4067,28.6428,益阳市,甘溪港(对照点),,42,34,32,29,19,63,17,26,18,15,11,1,2,0.7,0.6
2022-03-25T09:00:00,2468A,112.3458,28.5808,益阳市,市环保局,,38,29,22,26,19,63,21,29,22,22,20,1,2,1.1,1
2022-03-25T09:00:00,2469A,112.3437,28.5531,益阳市,市特殊教育学校,细颗粒物(PM2.5),55,48,30,39,21,60,14,22,10,16,17,2,2,0.9,1
2022-03-25T09:00:00,2470A,112.3347,28.6047,益阳市,资阳区政务中心,,46,36,23,32,18,60,16,27,16,16,16,2,2,1.1,1
2022-03-25T09:00:00,2471A,112.3744,28.5819,益阳市,赫山环保分局,细颗粒物(PM2.5),52,35,25,36,15,60,14,20,12,18,16,1,2,0.8,0.8
2022-03-25T09:00:00,2472A,113.0073,25.9061,郴州市,马头岭(对照点),,16,7,16,4,10,56,50,54,53,12,15,4,5,0.6,0.6
2022-03-25T09:00:00,2473A,113.0116,25.8226,郴州市,市职中,,18,5,16,2,11,63,56,60,59,7,12,5,6,0.5,0.6
2022-03-25T09:00:00,2474A,113.0161,25.8001,郴州市,兴隆步行街,,18,5,17,7,12,62,56,59,59,7,13,5,8,0.4,0.6
2022-03-25T09:00:00,2475A,113.0383,25.8071,郴州市,市审计局,,18,8,17,4,10,60,56,58,58,5,14,5,6,0.5,0.7
2022-03-25T09:00:00,2476A,113.0348,25.7759,郴州市,市环保局,,18,5,17,2,19,59,56,57,57,8,16,10,10,0.4,0.6
2022-03-25T09:00:00,2477A,111.6217,26.2081,永州市,零陵南津渡(对照点),,10,10,17,5,15,42,17,35,27,15,9,12,11,0.9,0.7
2022-03-25T09:00:00,2478A,111.6156,26.4214,永州市,市环境监测站,,36,36,23,17,15,42,9,24,10,22,17,12,10,1.1,0.8
2022-03-25T09:00:00,2479A,111.6236,26.2331,永州市,零陵区环保局,,16,16,21,7,17,40,16,36,22,24,18,11,9,1.3,0.8
2022-03-25T09:00:00,2480A,111.5992,26.4364,永州市,永州市环保局,,30,28,20,21,17,38,16,30,19,16,15,7,6,0.7,0.7
2022-03-25T09:00:00,2481A,111.5989,26.4519,永州市,冷水滩区环保局,,30,21,22,21,18,37,6,19,10,13,12,13,10,0.8,0.7
2022-03-25T09:00:00,2482A,109.5981,27.5721,怀化市,林科所(对照点),,26,12,28,18,24,36,17,18,14,4,10,6,7,0.5,0.6
2022-03-25T09:00:00,2483A,109.9453,27.5444,怀化市,河西地税局,,32,19,29,22,21,33,21,22,18,5,11,6,6,0.5,0.6
2022-03-25T09:00:00,2484A,109.9781,27.5342,怀化市,市四医院,,28,25,30,19,27,32,10,10,10,6,10,4,6,0.4,0.6
2022-03-25T09:00:00,2485A,109.9972,27.5578,怀化市,监测楼,,29,16,28,20,19,27,14,14,13,5,7,4,6,0.4,0.5
2022-03-25T09:00:00,2486A,110.0394,27.583,怀化市,市委党校,,33,23,42,23,29,28,13,10,9,6,10,4,10,0.6,0.7
2022-03-25T09:00:00,2487A,111.9589,27.8901,娄底市,电视发射台(对照点),细颗粒物(PM2.5),53,44,36,37,27,48,6,3,3,23,16,11,9,2.7,1.3
2022-03-25T09:00:00,2488A,111.9975,27.725,娄底市,市监测站,,50,42,27,35,22,53,8,16,3,36,20,22,12,2.1,0.7
2022-03-25T09:00:00,2489A,112.0194,27.7314,娄底市,市委党校,,46,26,22,32,22,46,6,13,5,23,8,19,9,1.9,0.8
2022-03-25T09:00:00,2490A,111.9561,27.7569,娄底市,涟钢,细颗粒物(PM2.5),69,41,57,50,49,32,7,16,8,27,28,31,28,3.2,2
2022-03-25T09:00:00,2491A,111.9892,27.7044,娄底市,市政府,细颗粒物(PM2.5),55,46,25,39,21,46,4,14,1,18,16,17,7,2.4,1.2
2022-03-25T09:00:00,2492A,109.6414,28.2558,湘西州,跃进水库(对照点),,25,25,23,10,18,42,10,16,12,3,8,4,4,0.5,0.5
2022-03-25T09:00:00,2493A,109.7325,28.3169,湘西州,州政府,,28,24,21,19,16,35,6,13,8,15,11,13,7,1.1,0.6
2022-03-25T09:00:00,2494A,109.6958,28.2675,湘西州,吉首市计生局,,26,26,21,13,16,40,6,10,6,11,11,6,6,1.1,0.7
2022-03-25T09:00:00,2495A,111.3014,23.4832,梧州市,市逸夫小学,,22,22,25,10,9,17,13,10,7,24,19,12,10,1.6,0.8
2022-03-25T09:00:00,2496A,111.3239,23.4794,梧州市,市十一中,,19,16,12,13,8,17,12,12,10,22,17,10,6,1.1,1
2022-03-25T09:00:00,2497A,111.247,23.4189,梧州市,龙圩,,20,18,18,14,14,16,8,2,2,26,28,11,10,1.3,1
2022-03-25T09:00:00,2498A,111.2711,23.4835,梧州市,龙新,,31,31,17,11,9,14,4,2,1,51,38,14,9,1.3,1
2022-03-25T09:00:00,2499A,108.3411,21.6158,防城港市,沙万,,15,8,19,10,15,37,36,22,22,19,23,10,9,0.8,0.9
2022-03-25T09:00:00,2500A,108.3514,21.7731,防城港市,防城档案局,,18,18,18,6,11,42,42,34,34,8,15,8,7,0.8,1
2022-03-25T09:00:00,2501A,108.3506,21.6414,防城港市,大海花园,,,,14,5,11,55,51,33,33,6,16,6,8,0.6,0.8
2022-03-25T09:00:00,2502A,108.6236,21.9667,钦州市,市环保站,,20,19,16,14,10,34,28,13,13,18,18,8,10,1.2,1.1
2022-03-25T09:00:00,2503A,108.6549,21.9481,钦州市,沙埠小学,,27,27,19,10,9,38,34,14,14,20,16,9,7,1.6,1.4
2022-03-25T09:00:00,2504A,108.5989,21.7431,钦州市,港区一小,,27,27,25,11,14,39,36,38,26,26,27,7,7,0.8,1
2022-03-25T09:00:00,2505A,109.568,23.1478,贵港市,德智高中(对照点),,24,24,17,16,17,32,7,12,8,31,27,5,4,0.9,0.8
2022-03-25T09:00:00,2506A,109.6047,23.0666,贵港市,江南子站,,35,28,21,24,13,31,5,10,6,27,22,9,6,1.2,0.9
2022-03-25T09:00:00,2507A,109.6014,23.0948,贵港市,贵城子站,,30,22,19,21,14,33,5,16,9,27,21,8,5,1.4,0.9
2022-03-25T09:00:00,2508A,109.5669,23.1065,贵港市,荷城子站,,22,22,15,9,6,36,7,22,13,27,19,6,4,1.1,0.8
2022-03-25T09:00:00,2509A,110.1106,22.7019,玉林市,寒山水库(对照点),,23,15,24,16,15,37,13,33,27,17,20,3,5,0.8,0.9
2022-03-25T09:00:00,2510A,110.1675,22.6411,玉林市,市监测站,,25,24,36,17,34,12,12,5,5,19,31,2,4,1.1,1.1
2022-03-25T09:00:00,2511A,110.1433,22.6164,玉林市,南江一中,,29,29,40,19,25,14,8,4,4,29,33,5,8,1.1,1.1
2022-03-25T09:00:00,2512A,106.6103,23.9011,百色市,市监测站,颗粒物(PM10),59,67,45,39,23,35,11,14,10,16,19,8,9,1.1,0.9
2022-03-25T09:00:00,2513A,106.6538,23.8859,百色市,市中心血站,细颗粒物(PM2.5),65,73,39,47,28,36,9,15,10,23,21,10,11,1.1,0.9
2022-03-25T09:00:00,2514A,111.5264,24.4172,贺州市,环保小区,,25,20,17,13,11,40,17,40,32,49,30,9,8,0.7,0.9
2022-03-25T09:00:00,2515A,111.5608,24.4078,贺州市,政协大楼,,13,13,13,9,9,41,30,41,35,20,18,8,10,0.6,0.6
2022-03-25T09:00:00,2516A,108.2011,24.715,河池市,东仁乐园(对照点),,16,15,13,11,11,34,12,28,24,21,14,7,7,0.9,0.9
2022-03-25T09:00:00,2517A,108.0497,24.6947,河池市,市环保站,,28,21,15,19,12,32,8,15,10,21,19,7,7,1.1,0.9
2022-03-25T09:00:00,2518A,108.0983,24.6989,河池市,市疾控中心,,32,20,16,22,12,27,6,15,9,26,21,7,7,1.2,0.9
2022-03-25T09:00:00,2519A,109.2328,23.7361,来宾市,来宾二中,,29,27,20,20,15,31,27,10,7,14,24,7,9,0.9,1.1
2022-03-25T09:00:00,2520A,109.2203,23.7256,来宾市,来宾技工学校,,16,16,19,10,15,35,27,12,9,10,19,6,6,0.8,1.1
2022-03-25T09:00:00,2521A,107.3476,22.4136,崇左市,市环保局江州分局,,39,39,30,20,20,50,11,21,17,9,10,8,8,1.0,0.9
2022-03-25T09:00:00,2522A,107.3702,22.3707,崇左市,城南新区,,29,29,25,16,17,48,12,20,16,9,10,7,7,1.0,0.9
2022-03-25T09:00:00,2523A,105.8945,32.4535,广元市,黑石坡(对照点),颗粒物(PM10),150,250,71,82,28,75,69,58,58,17,20,5,8,0.6,0.7
2022-03-25T09:00:00,2524A,105.821,32.4444,广元市,老城,颗粒物(PM10),142,233,57,78,27,67,50,37,37,26,28,7,13,0.8,0.9
2022-03-25T09:00:00,2526A,105.8628,32.4287,广元市,监测站,颗粒物(PM10),131,212,46,80,20,71,58,41,41,26,27,8,13,0.7,0.8
2022-03-25T09:00:00,2527A,105.5453,30.5678,遂宁市,石溪浩(对照点),颗粒物(PM10),56,61,43,35,25,72,18,38,25,22,18,7,7,0.4,0.4
2022-03-25T09:00:00,2528A,105.5582,30.5232,遂宁市,市监测站,颗粒物(PM10),59,68,39,30,19,79,12,31,19,34,22,6,6,0.6,0.5
2022-03-25T09:00:00,2529A,105.5861,30.5366,遂宁市,行政中心,颗粒物(PM10),57,63,39,29,21,77,17,39,28,28,13,6,7,0.5,0.4
2022-03-25T09:00:00,2530A,105.5918,30.4728,遂宁市,美宁食品公司,颗粒物(PM10),56,61,38,24,14,71,12,43,30,29,15,7,5,0.4,0.3
2022-03-25T09:00:00,2531A,105.0703,29.61,内江市,市监测站,细颗粒物(PM2.5),79,85,38,58,28,83,11,54,33,43,22,24,15,0.8,0.7
2022-03-25T09:00:00,2532A,105.0717,29.5947,内江市,东兴区政府,细颗粒物(PM2.5),93,91,48,69,34,81,12,49,32,40,21,27,14,0.9,0.7
2022-03-25T09:00:00,2533A,105.0653,29.5817,内江市,内江二中,细颗粒物(PM2.5),82,70,48,60,36,85,18,53,36,45,28,23,14,0.7,0.6
2022-03-25T09:00:00,2534A,105.0406,29.5822,内江市,内江日报社,细颗粒物(PM2.5),70,82,48,51,33,84,11,48,30,39,23,19,12,0.9,0.7
2022-03-25T09:00:00,2535A,103.7723,29.5462,乐山市,花湖湾(对照点),细颗粒物(PM2.5),65,62,55,47,42,78,6,10,6,30,28,5,6,1.1,0.8
2022-03-25T09:00:00,2536A,103.7627,29.5844,乐山市,牛耳桥,细颗粒物(PM2.5),67,66,59,48,37,67,5,8,2,33,31,5,4,1.0,0.7
2022-03-25T09:00:00,2537A,103.7508,29.6006,乐山市,市第三水厂,细颗粒物(PM2.5),85,64,55,63,47,69,5,6,3,39,38,6,6,1.1,0.7
2022-03-25T09:00:00,2538A,103.7571,29.5664,乐山市,市监测站,细颗粒物(PM2.5),60,55,52,43,34,69,7,6,4,33,33,5,6,0.8,0.6
2022-03-25T09:00:00,2539A,104.0308,30.0478,眉山市,黑龙滩水库(对照点),细颗粒物(PM2.5),59,49,39,42,30,76,9,22,12,32,27,5,6,0.7,0.6
2022-03-25T09:00:00,2540A,103.8416,30.0874,眉山市,气象局,颗粒物(PM10),67,83,54,37,32,67,1,20,8,47,39,12,12,0.7,0.6
2022-03-25T09:00:00,2545A,106.6271,30.4663,广安市,友谊中学,,43,43,35,29,20,59,17,30,23,22,17,9,9,0.6,0.5
2022-03-25T09:00:00,2547A,106.6388,30.4551,广安市,广电花园,,49,49,41,30,19,59,12,28,20,20,15,11,12,0.7,0.6
2022-03-25T09:00:00,2548A,107.5277,31.2827,达州市,达州职业技术学院(对照点),,33,33,33,18,16,57,2,0,0,42,38,5,6,0.5,0.3
2022-03-25T09:00:00,2549A,107.5086,31.2186,达州市,市环境监测站,,40,36,46,28,20,33,5,2,2,43,43,8,6,1.0,0.7
2022-03-25T09:00:00,2550A,107.4988,31.2132,达州市,凤凰小区,,39,39,42,22,19,32,14,3,3,34,45,5,7,0.8,0.8
2022-03-25T09:00:00,2551A,107.5082,31.1986,达州市,达县机关宾馆,,47,47,46,28,20,36,7,5,5,40,37,5,5,0.9,0.8
2022-03-25T09:00:00,2552A,107.4644,31.2124,达州市,市政中心,,33,33,42,19,18,53,18,10,10,38,43,7,8,0.6,0.7
2022-03-25T09:00:00,2554A,103.0475,30.02,雅安市,建安厂,,11,9,33,7,24,36,8,16,14,22,29,6,6,0.6,0.6
2022-03-25T09:00:00,2555A,103.0111,29.9833,雅安市,市政府,,9,9,41,5,24,40,10,22,13,14,25,9,8,0.5,0.5
2022-03-25T09:00:00,2556A,102.9905,29.9775,雅安市,川农大,,16,15,30,11,21,36,17,18,16,12,21,5,5,0.5,0.5
2022-03-25T09:00:00,2561A,104.6617,30.1372,资阳市,莲花山(对照点),细颗粒物(PM2.5),70,75,51,51,33,72,10,34,14,41,22,6,6,0.9,0.7
2022-03-25T09:00:00,2562A,104.6356,30.1506,资阳市,资阳中学,细颗粒物(PM2.5),75,91,52,55,30,78,12,32,12,41,24,5,6,0.9,0.8
2022-03-25T09:00:00,2563A,104.6295,30.1383,资阳市,四三一厂,颗粒物(PM10),73,96,56,49,31,75,15,38,19,38,22,6,7,0.8,0.7
2022-03-25T09:00:00,2564A,104.6463,30.1146,资阳市,师范校,细颗粒物(PM2.5),83,93,52,61,37,70,8,27,12,36,22,8,7,0.9,0.7
2022-03-25T09:00:00,2565A,104.6296,30.1256,资阳市,区法院,细颗粒物(PM2.5),72,76,50,52,29,83,20,39,21,33,21,6,6,0.8,0.7
2022-03-25T09:00:00,2566A,102.1879,31.914,阿坝藏族羌族自治州,州农科所(对照点),,25,19,15,15,11,129,78,123,81,7,7,13,13,0.7,0.6
2022-03-25T09:00:00,2567A,102.224,31.9037,阿坝藏族羌族自治州,州监测站,,29,14,16,10,11,125,92,125,83,7,8,11,11,0.5,0.6
2022-03-25T09:00:00,2568A,102.2502,31.8896,阿坝藏族羌族自治州,马师校,,28,20,16,17,10,130,88,129,96,8,7,12,11,0.5,0.5
2022-03-25T09:00:00,2570A,101.9603,30.0475,甘孜藏族自治州,水桥子,颗粒物(PM10),75,100,46,28,19,101,45,69,67,29,15,8,8,0.7,0.4
2022-03-25T09:00:00,2571A,102.3431,27.8099,凉山彝族自治州,青龙寺(对照点),,36,36,44,25,30,138,97,128,112,10,7,14,10,0.6,0.6
2022-03-25T09:00:00,2572A,102.2721,27.8415,凉山彝族自治州,邛海宾馆,,39,39,43,23,27,144,106,127,113,12,8,13,10,0.7,0.6
2022-03-25T09:00:00,2573A,102.2625,27.898,凉山彝族自治州,西昌市政府,,38,37,48,26,31,143,105,126,113,9,8,12,11,0.7,0.8
2022-03-25T09:00:00,2574A,102.2685,27.8851,凉山彝族自治州,凉山州政府,,41,41,53,23,31,138,103,125,110,10,8,14,11,0.9,0.9
2022-03-25T09:00:00,2575A,102.237,27.8914,凉山彝族自治州,长安,细颗粒物(PM2.5),53,46,60,37,34,147,105,126,116,15,12,10,11,0.6,0.7
2022-03-25T09:00:00,2576A,104.8,26.5892,六盘水市,窑上(对照点),细颗粒物(PM2.5),54,55,38,38,26,110,91,109,101,10,7,5,6,0.4,0.5
2022-03-25T09:00:00,2577A,104.83,26.5917,六盘水市,黄土坡,颗粒物(PM10),57,64,36,36,27,83,81,82,79,12,8,4,4,0.8,0.8
2022-03-25T09:00:00,2578A,104.89,26.5939,六盘水市,水钢,颗粒物(PM10),55,60,45,33,26,109,96,108,100,16,10,13,12,0.7,0.5
2022-03-25T09:00:00,2579A,104.8475,26.5894,六盘水市,民中,细颗粒物(PM2.5),52,44,36,36,25,97,83,97,90,14,6,4,4,0.5,0.5
2022-03-25T09:00:00,2580A,104.9544,26.5506,六盘水市,双水,细颗粒物(PM2.5),62,51,39,44,23,108,92,98,98,12,8,5,6,0.4,0.5
2022-03-25T09:00:00,2585A,109.1839,27.7344,铜仁地区,铜仁卫校,,41,41,24,14,10,39,4,14,6,16,13,2,1,0.6,0.4
2022-03-25T09:00:00,2586A,109.1753,27.6944,铜仁地区,铜仁七中,,28,28,20,7,6,33,0,6,1,11,8,2,2,0.5,0.4
2022-03-25T09:00:00,2587A,105.2864,27.3125,毕节市,八中,,21,8,31,6,23,125,65,82,70,9,8,7,7,0.6,0.6
2022-03-25T09:00:00,2588A,105.31,27.2944,毕节市,师专,,18,13,32,6,21,120,55,80,66,16,10,7,8,0.6,0.6
2022-03-25T09:00:00,2589A,104.9022,25.0925,黔西南布依族苗族自治州,场坝街,,29,22,18,17,12,92,92,49,49,7,9,2,1,0.5,0.6
2022-03-25T09:00:00,2590A,104.8811,25.0992,黔西南布依族苗族自治州,坪东大道,,35,35,19,14,13,90,90,54,54,11,10,2,1,0.4,0.5
2022-03-25T09:00:00,2591A,107.9783,26.5747,黔东南苗族侗族自治州,市环境监测站,,16,16,13,10,9,52,12,46,30,27,11,2,2,0.7,0.4
2022-03-25T09:00:00,2593A,107.5228,26.2403,黔南布依族苗族自治州,小围寨,,12,7,8,2,3,43,36,41,38,3,4,7,6,0.5,0.5
2022-03-25T09:00:00,2594A,99.1678,25.1081,保山市,市环境监测站,颗粒物(PM10),55,59,66,32,39,126,111,120,115,10,8,3,3,0.8,0.9
2022-03-25T09:00:00,2595A,99.1711,25.1328,保山市,市环保局,颗粒物(PM10),55,60,72,37,41,122,112,119,108,7,6,5,5,0.5,0.6
2022-03-25T09:00:00,2596A,103.7667,27.3736,昭通市,监测站,,29,29,40,15,31,140,56,72,59,21,14,9,7,0.6,0.5
2022-03-25T09:00:00,2597A,103.7225,27.3361,昭通市,环保局,,42,9,47,29,32,144,62,83,68,18,11,6,5,0.7,0.6
2022-03-25T09:00:00,2598A,100.2143,26.8576,丽江市,西南郊(对照点),,36,22,25,20,18,138,114,121,115,7,6,9,8,0.6,0.7
2022-03-25T09:00:00,2599A,100.2497,26.8802,丽江市,丽江古城,,39,27,35,27,29,133,104,114,109,12,8,5,5,0.5,0.6
2022-03-25T09:00:00,2600A,100.2203,26.8906,丽江市,市中心,,29,26,26,19,27,128,92,108,101,18,10,5,5,0.6,0.6
2022-03-25T09:00:00,2601A,100.98,22.7633,普洱市,市环保局,,50,50,32,23,17,90,21,36,28,30,25,6,6,1.2,1
2022-03-25T09:00:00,2602A,100.9817,22.8322,普洱市,普洱第二中学,,38,38,27,19,17,96,8,33,16,21,12,9,8,1.0,0.6
2022-03-25T09:00:00,2603A,100.0781,23.8982,临沧市,市环保局,细颗粒物(PM2.5),84,106,77,62,40,148,64,139,97,23,10,6,7,0.8,0.7
2022-03-25T09:00:00,2604A,100.0894,23.8822,临沧市,市气象局,细颗粒物(PM2.5),107,91,70,80,63,142,70,125,94,21,12,6,7,1.1,0.9
2022-03-25T09:00:00,2605A,101.5482,25.0441,楚雄州,州环境监测站,颗粒物(PM10),59,67,40,39,25,132,132,130,116,8,6,6,4,0.6,0.6
2022-03-25T09:00:00,2606A,101.538,25.0492,楚雄州,市经济开发区,颗粒物(PM10),61,71,41,35,22,131,131,128,111,9,7,8,7,0.5,0.6
2022-03-25T09:00:00,2608A,103.3772,23.3993,红河州,污水处理厂,颗粒物(PM10),56,62,24,32,11,70,62,62,62,16,6,8,6,0.6,0.5
2022-03-25T09:00:00,2609A,103.3861,23.35,红河州,监测站,颗粒物(PM10),75,99,28,42,16,131,131,104,104,5,7,7,7,0.3,0.4
2022-03-25T09:00:00,2610A,104.2533,23.3594,文山州,州水务局,,,15,15,,11,47,12,27,21,19,8,8,6,0.9,0.5
2022-03-25T09:00:00,2611A,104.2319,23.3892,文山州,市便民服务中心,,26,26,12,13,10,50,9,27,19,22,10,4,4,0.9,0.5
2022-03-25T09:00:00,2612A,100.7939,22.0019,西双版纳州,景洪市江南,颗粒物(PM10),55,59,40,29,22,62,12,14,14,20,16,6,6,1.0,0.8
2022-03-25T09:00:00,2613A,100.8017,22.0225,西双版纳州,景洪市江北,,40,40,34,14,12,71,20,21,20,11,13,3,4,0.4,0.4
2022-03-25T09:00:00,2614A,100.1542,25.7054,大理州,大理市环境监测站,细颗粒物(PM2.5),67,71,61,48,43,128,114,114,114,14,11,6,5,0.7,0.7
2022-03-25T09:00:00,2615A,100.2171,25.5811,大理州,大理古城,颗粒物(PM10),56,62,47,36,27,123,107,112,109,9,8,5,4,0.5,0.5
2022-03-25T09:00:00,2616A,98.5842,24.428,德宏州,德宏州监测站,细颗粒物(PM2.5),52,41,69,36,43,128,58,64,64,17,12,6,8,0.9,0.9
2022-03-25T09:00:00,2618A,98.8601,25.8567,怒江州,州监测站,,39,31,68,27,59,85,74,65,65,5,14,7,7,1.1,1.2
2022-03-25T09:00:00,2619A,98.8546,25.8417,怒江州,泸水一中,,38,28,61,26,51,95,68,60,60,17,20,7,7,0.8,0.9
2022-03-25T09:00:00,2621A,99.7056,27.8317,迪庆州,迪庆州站,,38,24,29,18,22,129,120,115,115,10,10,8,8,0.6,0.6
2022-03-25T09:00:00,2622A,97.1806,31.1273,昌都市,昌都监测站,,27,13,11,2,6,120,86,103,98,11,4,7,8,0.6,0.6
2022-03-25T09:00:00,2624A,91.7608,29.2313,山南市,山南监测站,,23,23,21,11,6,136,71,115,96,17,7,6,6,0.4,0.3
2022-03-25T09:00:00,2625A,91.7706,29.2436,山南市,山南人民医院,,26,21,23,13,8,136,81,111,92,23,15,5,6,0.3,0.3
2022-03-25T09:00:00,2626A,88.8876,29.2718,日喀则市,日喀则监测站,,34,10,24,7,10,138,106,115,114,14,7,2,4,0.5,0.4
2022-03-25T09:00:00,2628A,92.0657,31.4846,那曲地区,那曲监测站,颗粒物(PM10),84,117,59,54,35,119,37,63,45,16,10,9,6,1.1,0.9
2022-03-25T09:00:00,2630A,80.1161,32.5,阿里地区,阿里监测站,,26,18,17,13,10,125,82,104,90,13,7,18,7,0.4,0.4
2022-03-25T09:00:00,2632A,94.3681,29.6376,林芝市,林芝监测站,,29,7,18,2,10,128,92,98,88,4,4,10,10,0.8,0.8
2022-03-25T09:00:00,2633A,94.3616,29.6616,林芝市,林芝人民医院,,29,7,15,6,10,130,91,97,88,7,6,9,9,0.9,0.8
2022-03-25T09:00:00,2634A,106.9893,33.1842,汉中市,汉川机床厂子校(对照点),颗粒物(PM10),60,69,41,35,22,86,45,50,49,12,14,5,7,0.9,1.1
2022-03-25T09:00:00,2635A,107.0154,33.0706,汉中市,市监测站,颗粒物(PM10),108,166,59,46,22,74,35,27,27,22,27,4,4,1.0,1
2022-03-25T09:00:00,2636A,107.0089,33.1138,汉中市,鑫源开发区,颗粒物(PM10),104,158,62,51,27,76,30,36,36,36,31,5,6,1.0,1
2022-03-25T09:00:00,2637A,107.007,33.0323,汉中市,南郑大河坎水厂,颗粒物(PM10),94,138,56,48,28,74,32,25,25,24,29,4,5,0.9,0.9
2022-03-25T09:00:00,2638A,109.7414,38.3344,榆林市,红石峡森林公园(对照点),颗粒物(PM10),75,100,88,18,30,93,52,68,54,20,31,8,9,0.6,0.7
2022-03-25T09:00:00,2639A,109.7456,38.2911,榆林市,世纪广场,颗粒物(PM10),77,104,93,21,33,83,30,65,46,38,37,7,9,0.5,0.6
2022-03-25T09:00:00,2640A,109.7289,38.2839,榆林市,实验中学,颗粒物(PM10),73,96,91,24,37,75,40,64,48,29,36,8,9,0.5,0.7
2022-03-25T09:00:00,2641A,109.7336,38.2478,榆林市,环保监测大楼,颗粒物(PM10),76,102,100,22,34,85,45,71,54,30,36,9,10,0.6,0.7
2022-03-25T09:00:00,2642A,109.0318,32.6537,安康市,香溪洞(对照点),,35,23,27,24,23,98,37,61,52,17,12,67,11,0.5,0.4
2022-03-25T09:00:00,2643A,109.0281,32.6939,安康市,安康市监测站,,37,37,33,22,23,93,29,56,46,24,14,6,47,0.7,0.6
2022-03-25T09:00:00,2644A,109.0072,32.6975,安康市,汉滨区检察院,,30,23,29,21,20,92,21,63,47,21,13,9,9,0.5,0.5
2022-03-25T09:00:00,2645A,109.9154,33.8715,商洛市,监测站,,38,38,28,16,19,83,16,59,44,31,14,5,6,0.7,0.4
2022-03-25T09:00:00,2647A,104.1724,36.5446,白银市,第三小学,颗粒物(PM10),83,115,252,18,49,92,86,85,85,2,2,3,2,0.3,0.3
2022-03-25T09:00:00,2648A,104.1465,36.5482,白银市,动力公司,颗粒物(PM10),60,70,207,14,47,91,86,87,87,4,3,3,3,0.3,0.3
2022-03-25T09:00:00,2649A,106.0055,34.343,天水市,麦积山(对照点),颗粒物(PM10),81,111,100,41,38,95,90,84,83,6,5,9,9,0.3,0.3
2022-03-25T09:00:00,2650A,105.7205,34.5786,天水市,公园小学,颗粒物(PM10),87,124,143,43,46,94,81,87,86,6,5,6,6,0.4,0.4
2022-03-25T09:00:00,2651A,105.8945,34.5538,天水市,麦积国土局,颗粒物(PM10),99,148,184,47,48,96,90,85,85,3,10,12,9,0.6,0.5
2022-03-25T09:00:00,2652A,102.6201,37.9251,武威市,监测站,,39,39,78,10,20,104,72,84,83,10,6,3,3,0.2,0.1
2022-03-25T09:00:00,2654A,100.4698,38.9524,张掖市,润泉湖,,33,33,52,19,21,96,64,92,82,18,9,10,10,0.4,0.3
2022-03-25T09:00:00,2655A,100.4154,38.9422,张掖市,区工会,,49,46,57,7,17,103,59,98,86,98,15,12,6,0.2,0.3
2022-03-25T09:00:00,2656A,106.6692,35.5461,平凉市,聚贤嘉苑,颗粒物(PM10),142,234,361,62,64,98,81,83,79,10,10,5,4,0.1,0.1
2022-03-25T09:00:00,2657A,106.7021,35.5307,平凉市,博物馆,颗粒物(PM10),127,203,299,63,70,98,,83,78,10,11,6,5,0.1,0.2
2022-03-25T09:00:00,2658A,98.5061,39.7443,酒泉市,仓门街子站,颗粒物(PM10),95,139,92,26,21,104,52,87,79,29,8,7,5,0.5,0.4
2022-03-25T09:00:00,2659A,98.4989,39.7256,酒泉市,油田生活基地,颗粒物(PM10),95,139,86,30,18,106,47,85,75,37,11,5,5,0.4,0.4
2022-03-25T09:00:00,2661A,107.6325,35.7357,庆阳市,庆阳五中,颗粒物(PM10),108,166,138,39,33,100,58,63,63,25,20,7,13,0.2,0.2
2022-03-25T09:00:00,2662A,107.6364,35.7067,庆阳市,市环保局,颗粒物(PM10),120,190,142,38,32,106,69,77,74,22,19,8,8,0.4,0.4
2022-03-25T09:00:00,2663A,104.6241,35.5734,定西市,东关小学,颗粒物(PM10),79,107,235,39,56,93,78,90,74,19,11,19,12,0.5,0.4
2022-03-25T09:00:00,2664A,104.6194,35.5934,定西市,供电公司,颗粒物(PM10),82,113,215,22,49,91,85,85,75,8,9,8,10,0.3,0.3
2022-03-25T09:00:00,2665A,105.0822,33.3261,陇南市,汉王镇固水子(对照点),颗粒物(PM10),84,118,78,47,25,87,74,84,80,13,16,13,14,0.1,0.1
2022-03-25T09:00:00,2667A,103.2069,35.5993,临夏回族自治州,环保局,颗粒物(PM10),112,174,130,60,40,95,60,68,62,17,15,8,8,0.3,0.2
2022-03-25T09:00:00,2668A,103.2417,35.6057,临夏回族自治州,建设大厦,颗粒物(PM10),115,179,140,64,47,107,62,76,70,18,22,3,5,0.4,0.3
2022-03-25T09:00:00,2669A,102.9099,34.9841,甘南州,州政府,颗粒物(PM10),77,103,109,39,37,113,72,78,75,17,15,6,7,0.4,0.4
2022-03-25T09:00:00,2671A,100.9048,36.9639,海北藏族自治州,海晏县西海镇,,,118,127,50,35,101,79,87,82,14,14,,4,1.5,1.2
2022-03-25T09:00:00,2672A,102.0199,35.5102,黄南藏族自治州,同仁县隆务镇,"颗粒物(PM10),细颗粒物(PM2.5)",97,144,139,72,59,107,61,85,78,25,10,15,13,1.3,0.9
2022-03-25T09:00:00,2673A,100.6188,36.2866,海南藏族自治州,共和县恰卜恰镇,颗粒物(PM10),101,152,105,52,35,102,71,94,80,16,9,10,11,0.7,0.7
2022-03-25T09:00:00,2674A,100.2561,34.4714,果洛藏族自治州,玛沁县大武镇,颗粒物(PM10),59,67,39,36,26,120,70,76,75,20,15,44,34,0.6,0.4
2022-03-25T09:00:00,2675A,97,33.0014,玉树藏族自治州,玉树县结古镇,,,58,35,24,11,82,,62,55,28,10,21,12,1.3,0.6
2022-03-25T09:00:00,2676A,97.3731,37.3753,海西蒙古族藏族自治州,德令哈市,颗粒物(PM10),74,98,68,26,24,95,73,80,79,15,10,6,6,0.4,0.3
2022-03-25T09:00:00,2677A,106.1532,37.9648,吴忠市,教育园区,颗粒物(PM10),110,170,213,21,58,104,84,79,57,10,15,8,16,0.5,0.6
2022-03-25T09:00:00,2679A,106.1856,37.9956,吴忠市,新区二泵站,颗粒物(PM10),98,146,207,31,54,97,68,75,62,20,17,14,15,0.6,0.6
2022-03-25T09:00:00,2680A,105.0025,37.4635,中卫市,沙坡头消防站(对照点),颗粒物(PM10),75,99,377,46,99,94,93,83,83,3,6,5,6,0.2,0.2
2022-03-25T09:00:00,2682A,105.1971,37.5002,中卫市,环保局站,颗粒物(PM10),64,78,399,33,93,94,86,83,82,8,6,3,4,0.3,0.3
2022-03-25T09:00:00,2683A,106.2319,36.1417,固原市,马园(对照点),颗粒物(PM10),107,163,369,56,85,91,76,76,72,16,11,7,6,0.3,0.3
2022-03-25T09:00:00,2684A,106.2792,36.0022,固原市,监测站,颗粒物(PM10),107,164,292,43,60,90,77,80,74,13,9,10,7,0.6,0.5
2022-03-25T09:00:00,2685A,106.2375,36.0211,固原市,新区,颗粒物(PM10),111,172,313,45,66,92,80,74,72,10,8,5,4,0.3,0.3
2022-03-25T09:00:00,2686A,89.1904,42.9418,吐鲁番地区,市环保局,颗粒物(PM10),69,87,392,32,78,92,53,69,69,35,19,9,6,0.8,0.7
2022-03-25T09:00:00,2687A,89.1673,42.9559,吐鲁番地区,地区环保局,颗粒物(PM10),76,101,372,27,74,86,33,59,59,53,26,9,6,0.6,0.5
2022-03-25T09:00:00,2688A,93.5128,42.8172,哈密地区,地区监测站,,39,39,78,16,24,83,68,70,65,10,12,3,4,0.1,0.2
2022-03-25T09:00:00,2689A,93.4961,42.8328,哈密地区,哈密师范学校,,20,20,50,13,16,82,63,65,65,14,13,2,2,0.7,0.5
2022-03-25T09:00:00,2690A,88.1236,43.8886,昌吉州,天山天池(对照点),,28,0,4,2,3,105,87,87,86,5,5,6,6,0.4,0.5
2022-03-25T09:00:00,2692A,87.2717,44.0297,昌吉州,新区政务中心,,18,13,21,12,10,94,29,38,24,26,29,2,3,0.5,0.5
2022-03-25T09:00:00,2693A,82.0485,44.8556,博尔塔拉蒙古自治州,市党校,,26,26,27,8,8,92,46,68,52,4,4,3,4,0.2,0.2
2022-03-25T09:00:00,2694A,82.0806,44.8969,博尔塔拉蒙古自治州,市环保局,,25,25,25,14,11,84,27,56,37,2,9,6,8,0.3,0.4
2022-03-25T09:00:00,2695A,80.292,41.1694,阿克苏地区,电视台,颗粒物(PM10),500,704,345,98,58,92,66,72,68,7,12,3,4,1.2,1.3
2022-03-25T09:00:00,2696A,80.2613,41.1551,阿克苏地区,艺术中心,颗粒物(PM10),422,522,328,80,58,90,65,70,68,8,13,5,5,1.0,1
2022-03-25T09:00:00,2697A,76.1454,39.7142,克孜勒苏柯尔克孜自治州,市人民政府,"颗粒物(PM10),细颗粒物(PM2.5)",500,2953,1197,547,197,81,61,72,62,2,4,9,9,0.3,0.3
2022-03-25T09:00:00,2698A,76.0072,39.4467,喀什地区,巡警大队,"颗粒物(PM10),细颗粒物(PM2.5)",500,4583,1549,852,259,103,72,77,73,5,14,4,4,0.5,0.4
2022-03-25T09:00:00,2699A,75.9755,39.4694,喀什地区,吾办,"颗粒物(PM10),细颗粒物(PM2.5)",500,6693,2527,969,336,111,75,80,79,16,26,5,5,0.6,0.7
2022-03-25T09:00:00,2700A,75.9538,39.4682,喀什地区,市环境监测站,"颗粒物(PM10),细颗粒物(PM2.5)",500,3101,1064,830,232,95,70,74,72,12,24,2,3,0.3,0.4
2022-03-25T09:00:00,2703A,81.2815,43.9404,伊犁哈萨克州,市环保局,,22,19,26,3,18,92,33,72,64,44,25,5,6,1.1,0.6
2022-03-25T09:00:00,2704A,81.2996,43.9174,伊犁哈萨克州,新政府片区,颗粒物(PM10),57,63,25,29,18,92,12,63,52,48,22,7,8,2.8,0.9
2022-03-25T09:00:00,2705A,81.3364,43.941,伊犁哈萨克州,第二水厂,,28,28,21,10,18,100,28,78,63,37,19,5,5,1.6,0.9
2022-03-25T09:00:00,2706A,82.9994,46.7432,塔城地区,东门外小游园,,33,33,26,2,13,78,55,52,52,6,8,2,3,0.6,0.6
2022-03-25T09:00:00,2708A,88.1264,47.8517,阿勒泰地区,市站,,30,6,11,0,5,107,95,103,99,5,6,3,3,0.4,0.4
2022-03-25T09:00:00,2709A,86.0497,44.2967,石河子市,艾青诗歌馆,,22,15,18,15,9,91,48,49,49,23,20,3,4,0.6,0.6
2022-03-25T09:00:00,2710A,86.0697,44.3075,石河子市,阳光学校,,23,18,18,16,11,87,49,46,46,17,16,9,9,0.6,0.5
2022-03-25T09:00:00,2711A,87.5475,44.1756,五家渠市,农水大厦,,46,46,29,18,12,92,6,15,8,42,26,7,7,0.9,0.6
2022-03-25T09:00:00,2835A,101.7227,26.567,攀枝花市,四十中小,颗粒物(PM10),69,88,50,41,36,135,82,117,104,44,16,46,7,1.5,0.8
2022-03-25T09:00:00,2842A,118.0936,24.5058,厦门市,湖里中学,,32,28,32,22,27,88,30,34,22,38,41,3,4,0.5,0.4
2022-03-25T09:00:00,2845A,113.1569,36.1911,长治市,德盛苑,细颗粒物(PM2.5),100,90,108,75,85,95,38,39,39,19,36,7,14,1.4,1.8
2022-03-25T09:00:00,2846A,113.3221,23.1322,广州市,体育西,,27,23,25,18,19,11,1,2,2,54,43,6,6,1.0,1
2022-03-25T09:00:00,2858A,117.7918,39.2474,天津市,河西一经路,细颗粒物(PM2.5),182,174,122,137,92,73,16,6,6,46,46,21,13,3.1,1.4
2022-03-25T09:00:00,2859A,117.3747,38.9846,天津市,津沽路,细颗粒物(PM2.5),130,126,79,99,57,61,12,12,12,33,28,13,10,1.1,0.7
2022-03-25T09:00:00,2860A,117.1589,39.0845,天津市,宾水西道,细颗粒物(PM2.5),94,88,89,70,64,58,19,8,8,27,28,6,6,1.0,0.8
2022-03-25T09:00:00,2862A,114.5481,38.0378,石家庄市,22中南校区,细颗粒物(PM2.5),199,200,162,149,101,76,13,5,5,43,38,3,5,0.8,0.7
2022-03-25T09:00:00,2865A,112.7195,37.6828,晋中市,榆次三中,细颗粒物(PM2.5),233,215,186,183,123,94,22,82,53,66,58,10,12,1.0,1
2022-03-25T09:00:00,2867A,111.1283,37.51,吕梁市,马茂庄小学,颗粒物(PM10),146,241,150,59,37,27,2,2,2,60,61,21,10,2.8,1
2022-03-25T09:00:00,2868A,126.4739,43.953,吉林市,九站,颗粒物(PM10),63,76,51,41,34,126,108,126,114,12,10,7,6,0.7,0.6
2022-03-25T09:00:00,2869A,119.447,32.4155,扬州市,五台山医院,,17,17,46,7,26,160,53,64,50,25,33,2,4,0.3,0.4
2022-03-25T09:00:00,2870A,119.4424,32.1873,镇江市,市疾控中心,,21,9,51,8,29,180,67,80,66,20,29,6,9,0.6,0.6
2022-03-25T09:00:00,2871A,121.6147,29.9017,宁波市,万里国际学校,,,20,18,14,12,122,82,97,86,10,10,8,8,,0.8
2022-03-25T09:00:00,2872A,120.7846,30.7525,嘉兴市,南湖区残联,,22,11,29,4,13,151,69,75,72,17,26,9,10,0.4,0.4
2022-03-25T09:00:00,2873A,120.0875,30.8955,湖州市,仁皇山新区,,18,15,42,6,24,143,56,72,62,22,25,3,5,0.6,0.5
2022-03-25T09:00:00,2875A,115.784,32.8892,阜阳市,阜阳职业技术学院,,10,4,22,1,14,103,29,52,35,19,14,5,4,0.7,0.6
2022-03-25T09:00:00,2877A,119.1641,36.6523,潍坊市,坊子邮政,,27,27,63,17,29,134,58,74,70,25,20,5,7,0.7,0.7
2022-03-25T09:00:00,2878A,116.0072,36.4343,聊城市,聊大东校,细颗粒物(PM2.5),100,91,78,75,51,102,22,72,45,30,23,8,12,0.9,0.8
2022-03-25T09:00:00,2880A,104.0219,30.6558,成都市,大石西路,细颗粒物(PM2.5),67,68,68,48,44,52,2,6,6,43,41,4,4,1.1,0.8
2022-03-25T09:00:00,2881A,107.8908,26.5311,黔东南苗族侗族自治州,凯里学院,,10,10,11,7,9,57,18,49,33,19,6,4,2,0.5,0.4
2022-03-25T09:00:00,2882A,102.5389,24.3703,玉溪市,玉溪一中,颗粒物(PM10),58,65,33,32,22,84,49,72,70,50,23,9,7,0.9,0.8
2022-03-25T09:00:00,2883A,102.5381,24.3389,玉溪市,文体中心,颗粒物(PM10),59,67,30,26,17,93,54,80,76,44,19,12,10,0.8,0.7
2022-03-25T09:00:00,2884A,98.2672,39.7978,嘉峪关市,酒钢宾馆,颗粒物(PM10),82,114,90,27,19,95,56,76,68,21,11,20,24,0.7,0.5
2022-03-25T09:00:00,2885A,104.9339,33.3826,陇南市,滨江中学,颗粒物(PM10),79,108,87,49,33,93,59,93,78,16,11,8,8,0.4,0.3
2022-03-25T09:00:00,2894A,117.0566,32.6531,淮南市,经济技术开发区消防队,,33,13,30,23,20,103,47,64,61,10,6,6,7,0.5,0.4
2022-03-25T09:00:00,2897A,123.2444,41.7347,沈阳市,沈辽西路,细颗粒物(PM2.5),60,64,91,43,61,124,77,110,95,17,12,26,15,0.8,0.9
2022-03-25T09:00:00,2900A,123.5953,41.9086,沈阳市,裕农路,细颗粒物(PM2.5),55,57,79,39,54,115,66,99,82,29,19,11,10,1.1,0.8
2022-03-25T09:00:00,2902A,106.6351,30.4865,广安市,北辰小学,颗粒物(PM10),51,51,34,29,22,65,16,36,23,23,16,6,6,0.7,0.6
2022-03-25T09:00:00,2907A,120.1844,30.8596,湖州市,吴兴区站,,18,15,41,12,25,143,55,68,58,21,24,4,6,0.5,0.4
2022-03-25T09:00:00,2914A,106.7677,31.8794,巴中市,苏山坪(对照点),颗粒物(PM10),58,65,27,34,17,81,69,58,57,5,9,4,4,0.3,0.4
2022-03-25T09:00:00,2919A,116.7022,39.5453,廊坊市,河北工业大学,细颗粒物(PM2.5),84,84,119,62,81,32,22,8,8,32,41,5,5,0.3,0.4
2022-03-25T09:00:00,2920A,117.7116,24.506,漳州市,蓝田镇,,33,26,31,23,32,92,41,57,48,17,18,4,5,0.7,0.7
2022-03-25T09:00:00,2921A,120.5483,30.0003,绍兴市,树下王站,,,22,22,,10,133,46,95,77,27,13,4,4,0.7,0.6
2022-03-25T09:00:00,2922A,117.1941,39.1067,天津市,大理道,细颗粒物(PM2.5),92,92,101,68,68,58,20,10,10,27,31,6,6,0.9,0.8
2022-03-25T09:00:00,2924A,106.2266,38.4418,银川市,水乡路,颗粒物(PM10),102,154,177,48,42,91,52,75,67,25,14,7,9,0.6,0.5
2022-03-25T09:00:00,2925A,106.2757,38.4842,银川市,上海东路,颗粒物(PM10),83,115,188,47,48,94,53,79,73,34,15,8,9,0.5,0.4
2022-03-25T09:00:00,2926A,106.1015,38.497,银川市,文昌北街,颗粒物(PM10),127,203,209,51,46,96,75,78,60,14,15,7,8,0.6,0.5
2022-03-25T09:00:00,2929A,114.8858,30.4519,黄冈市,红卫路,,23,23,34,6,15,100,11,52,32,35,16,8,10,1.0,0.5
2022-03-25T09:00:00,2996A,118.283,33.965,宿迁市,市供电局,,26,24,51,18,33,155,35,70,57,24,24,3,5,0.7,0.7
2022-03-25T09:00:00,2997A,119.8767,32.3289,泰州市,王营,,19,6,56,7,24,193,58,81,65,22,25,4,6,0.9,0.8
2022-03-25T09:00:00,3000A,119.3581,34.6972,连云港市,德源药业,,45,27,51,31,32,144,22,76,56,48,29,6,7,1.0,0.8
2022-03-25T09:00:00,3002A,119.9805,31.8174,常州市,行政中心,,20,13,41,5,23,174,62,78,69,19,22,9,11,1.1,0.7
2022-03-25T09:00:00,3003A,120.0522,31.7748,常州市,经开区,,,16,44,,26,173,64,79,73,19,21,3,6,0.4,0.4
2022-03-25T09:00:00,3004A,120.1544,33.3663,盐城市,宝龙广场,,22,22,43,12,23,158,61,90,67,16,16,6,6,0.8,0.8
2022-03-25T09:00:00,3005A,117.1814,34.29,徐州市,鼓楼区政府,,32,17,50,22,38,115,31,101,54,30,19,8,9,0.7,0.6
2022-03-25T09:00:00,3006A,117.1694,34.1781,徐州市,铜山区招生办,,43,22,60,30,42,110,45,101,73,27,23,6,7,0.7,0.7
2022-03-25T09:00:00,3007A,119.178,34.844,连云港市,新城一中,,36,36,62,10,36,154,84,78,75,9,20,1,3,0.7,0.8
2022-03-25T09:00:00,3008A,119.3608,34.7519,连云港市,胡沟管理处,,42,39,64,29,36,132,47,74,55,27,23,4,6,1.0,1
2022-03-25T09:00:00,3009A,119.1478,34.5911,连云港市,矿山设计院,细颗粒物(PM2.5),52,51,59,36,37,167,45,87,64,23,19,3,4,0.6,0.5
2022-03-25T09:00:00,3010A,119.9025,31.7964,常州市,钟楼,,25,8,35,4,27,190,78,91,81,8,15,2,5,0.3,0.4
2022-03-25T09:00:00,3012A,112.1849,31.0362,荆门市,西山林语,,32,28,35,22,25,88,35,36,34,8,12,7,7,0.5,0.6
2022-03-25T09:00:00,3014A,106.4958,29.5346,重庆市,歇台子,细颗粒物(PM2.5),73,80,43,53,25,41,7,15,6,37,35,10,6,0.8,0.7
2022-03-25T09:00:00,3015A,106.4037,29.5728,重庆市,龙井湾,颗粒物(PM10),51,52,42,28,15,66,25,32,28,22,25,6,5,0.9,0.9
2022-03-25T09:00:00,3016A,106.5507,29.4153,重庆市,龙洲湾,细颗粒物(PM2.5),55,47,38,39,24,46,29,32,32,23,31,16,12,0.7,0.7
2022-03-25T09:00:00,3018A,111.505,36.1014,临汾市,唐尧大酒店,细颗粒物(PM2.5),95,78,88,71,83,72,12,37,28,45,44,8,18,0.5,0.9
2022-03-25T09:00:00,3020A,117.2101,39.1699,天津市,中山北路,细颗粒物(PM2.5),94,84,91,70,69,58,10,4,4,34,37,5,5,0.8,0.6
2022-03-25T09:00:00,3021A,115,35.7668,濮阳市,濮水河管理处,细颗粒物(PM2.5),94,63,69,70,46,90,16,41,8,24,26,8,9,0.6,0.5
2022-03-25T09:00:00,3025A,113.0477,23.6344,清远市,技师学院,,20,17,10,14,8,22,0,0,0,38,31,8,7,0.9,0.8
2022-03-25T09:00:00,3026A,116.6183,23.6608,潮州市,市政府,,20,10,16,14,19,62,26,58,43,37,18,13,11,1.2,0.7
2022-03-25T09:00:00,3027A,104.72,29.3427,自贡市,青杠林路,细颗粒物(PM2.5),88,96,57,65,38,84,11,51,23,36,16,9,8,0.7,0.5
2022-03-25T09:00:00,3028A,104.776,29.3627,自贡市,檀木林体育馆,细颗粒物(PM2.5),80,71,44,59,35,90,10,56,25,47,21,8,8,0.8,0.6
2022-03-25T09:00:00,3033A,87.4651,43.4569,乌鲁木齐市,培训基地,,28,5,5,0,0,98,89,98,93,8,4,5,4,0.7,0.7
2022-03-25T09:00:00,3034A,113.1076,41.0385,乌兰察布市,光明街小学,颗粒物(PM10),176,302,105,42,29,111,66,64,64,16,18,17,14,0.5,0.4
2022-03-25T09:00:00,3035A,122.0931,46.0707,兴安盟,北滨河,,33,33,36,15,23,87,79,70,70,8,9,4,4,0.3,0.4
2022-03-25T09:00:00,3036A,118.6904,37.4338,东营市,开发区管委会,,42,41,66,29,38,135,59,116,72,24,19,7,13,0.9,0.7
2022-03-25T09:00:00,3038A,103.3758,23.368,红河州,州图书馆,细颗粒物(PM2.5),65,64,21,47,18,117,82,90,90,24,6,7,5,0.6,0.4
2022-03-25T09:00:00,3039A,111.1911,34.7829,三门峡市,三门峡市第一小学,细颗粒物(PM2.5),90,112,86,67,61,81,10,56,35,42,20,10,6,0.8,0.6
2022-03-25T09:00:00,3045A,109.9643,33.8471,商洛市,商州区中学,,22,22,27,15,19,84,17,54,40,35,17,7,4,0.7,0.5
2022-03-25T09:00:00,3046A,115.9084,28.6062,南昌市,机电学校,,21,21,30,12,16,85,12,36,21,19,11,7,7,0.7,0.6
2022-03-25T09:00:00,3048A,119.5799,26.0936,福州市,九龙,细颗粒物(PM2.5),52,29,32,36,21,111,6,22,4,48,27,2,3,0.5,0.4
2022-03-25T09:00:00,3051A,117.3876,39.1488,天津市,西四道,细颗粒物(PM2.5),104,98,99,78,70,61,7,3,3,29,31,16,12,1.0,0.8
2022-03-25T09:00:00,3054A,113.9194,35.2847,新乡市,市委党校,细颗粒物(PM2.5),83,73,78,61,48,94,27,29,29,30,27,8,9,1.0,0.6
2022-03-25T09:00:00,3055A,101.7775,36.6428,西宁市,城北区政府,颗粒物(PM10),88,126,187,35,46,80,57,77,70,28,28,15,26,0.4,0.6
2022-03-25T09:00:00,3057A,121.5992,37.4014,烟台市,牟平检察院,,35,29,58,24,31,133,96,90,89,10,10,5,10,0.5,0.5
2022-03-25T09:00:00,3058A,119.2658,42.0353,赤峰市,银河街,颗粒物(PM10),164,277,166,44,69,122,78,73,73,20,20,35,18,0.8,1
2022-03-25T09:00:00,3059A,117.7161,36.2049,济南市,泰兴公司,细颗粒物(PM2.5),113,99,94,85,68,126,88,105,94,19,16,8,10,0.8,0.8
2022-03-25T09:00:00,3061A,119.7512,49.1577,呼伦贝尔市,国华电力东,,38,38,26,24,18,102,72,96,83,12,8,3,3,0.4,0.3
2022-03-25T09:00:00,3064A,117.6867,36.2171,济南市,莱芜战役纪念馆,细颗粒物(PM2.5),110,85,79,83,64,129,93,108,91,20,18,10,11,0.7,0.6
2022-03-25T09:00:00,3065A,101.9533,29.9972,甘孜藏族自治州,州环保局,颗粒物(PM10),67,84,42,9,9,101,60,60,60,28,27,7,7,0.4,0.5
2022-03-25T09:00:00,3066A,116.2721,37.4379,德州市,九衢泉纯净水厂,细颗粒物(PM2.5),85,108,86,63,50,103,17,24,16,46,27,8,7,1.0,0.7
2022-03-25T09:00:00,3109A,115.0093,25.8613,赣州市,赣县区卫计委,,38,38,27,21,15,48,12,11,11,31,30,8,10,0.9,0.7
2022-03-25T09:00:00,3122A,105.9606,26.2611,安顺市,伍家关(对照点),,48,30,19,33,16,50,35,40,33,8,4,12,9,0.5,0.5
2022-03-25T09:00:00,3123A,105.9408,26.2431,安顺市,凤凰山,细颗粒物(PM2.5),53,36,17,37,15,61,38,47,40,11,6,13,10,0.7,0.6
2022-03-25T09:00:00,3124A,105.9439,26.2564,安顺市,金钟山,细颗粒物(PM2.5),64,39,19,46,17,63,41,49,43,6,4,11,6,0.6,0.6
2022-03-25T09:00:00,3125A,105.8983,26.2481,安顺市,娄家坡,细颗粒物(PM2.5),67,44,18,48,19,59,39,49,40,12,6,13,9,0.7,0.6
2022-03-25T09:00:00,3128A,92.0506,31.4797,那曲地区,那曲会议中心,细颗粒物(PM2.5),92,118,46,68,14,114,32,73,52,42,14,16,7,1.5,0.6
2022-03-25T09:00:00,3131A,114.879,40.7993,张家口市,烟厂,颗粒物(PM10),272,400,191,51,80,87,80,82,82,16,35,1,3,0.1,0.6
2022-03-25T09:00:00,3132A,119.610547,39.943889,秦皇岛市,文明里,颗粒物(PM10),78,105,114,53,70,124,77,87,74,28,34,6,9,0.5,0.7
2022-03-25T09:00:00,3133A,106.5468,29.5654,重庆市,上清寺,颗粒物(PM10),68,85,46,44,22,46,8,11,9,38,36,16,8,1.1,1
2022-03-25T09:00:00,3134A,113.8172,34.0339,许昌市,市一中,颗粒物(PM10),51,51,46,26,21,102,14,59,44,31,16,4,5,0.9,0.6
2022-03-25T09:00:00,3136A,104.2725,30.5589,成都市,龙泉驿区区政府,颗粒物(PM10),52,53,59,32,36,71,22,13,13,39,35,4,4,0.7,0.5
2022-03-25T09:00:00,3137A,103.8578,30.0744,眉山市,市委党校,细颗粒物(PM2.5),69,47,35,50,38,74,7,28,16,47,31,10,8,0.8,0.6
2022-03-25T09:00:00,3138A,111.7153,29.0289,常德市,武陵区永安,,38,22,36,26,25,65,17,26,23,12,8,4,6,0.8,0.7
2022-03-25T09:00:00,3139A,111.6892,28.9881,常德市,鼎城区玉霞,,,30,34,21,23,62,,23,20,23,18,7,10,1.2,0.9
2022-03-25T09:00:00,3140A,111.6625,29.0531,常德市,武陵区长庚,,39,30,33,27,27,61,19,29,24,16,14,5,7,0.9,0.8
2022-03-25T09:00:00,3141A,114.3922,36.0878,安阳市,信访局,细颗粒物(PM2.5),102,114,105,76,73,65,26,13,13,25,34,4,5,0.7,0.7
2022-03-25T09:00:00,3147A,114.3438,34.8106,开封市,龙亭公园,细颗粒物(PM2.5),80,66,59,59,44,97,16,66,27,21,15,6,7,1.0,0.7
2022-03-25T09:00:00,3148A,103.8291,30.0564,眉山市,区人社局,细颗粒物(PM2.5),73,64,63,53,39,64,1,16,7,44,38,13,11,0.8,0.6
2022-03-25T09:00:00,3149A,115.0235,30.1578,黄石市,笔架山北路,,18,12,23,5,10,89,11,45,28,36,20,8,10,1.1,0.8
2022-03-25T09:00:00,3151A,114.375,27.8097,宜春市,宜春学院北校区,,33,33,26,13,12,60,15,33,13,19,16,5,5,0.9,0.8
2022-03-25T09:00:00,3153A,114.3877,30.4908,武汉市,民族大道182号,,18,13,23,7,17,84,10,50,29,35,17,6,8,1.0,0.9
2022-03-25T09:00:00,3164A,119.4686,32.3942,扬州市,广陵建设局,,16,12,42,3,29,170,51,62,48,30,35,5,7,0.4,0.5
2022-03-25T09:00:00,3165A,108.6594,34.2969,咸阳市,两寺渡,颗粒物(PM10),84,117,147,50,92,162,21,46,27,35,39,7,13,0.7,0.8
2022-03-25T09:00:00,3169A,113.2725,35.2071,焦作市,太极体育中心,细颗粒物(PM2.5),67,51,74,48,47,73,23,63,34,18,15,8,10,1.2,0.4
2022-03-25T09:00:00,3170A,102.1864,38.5253,金昌市,市委党校,,,,,,,105,85,102,96,8,7,8,9,0.3,0.4
2022-03-25T09:00:00,3171A,115.6071,34.4465,商丘市,梁园区档案局,颗粒物(PM10),52,54,51,35,32,103,57,67,50,17,12,6,8,0.6,0.4
2022-03-25T09:00:00,3173A,117.0598,30.5351,安庆市,市人大,,23,5,17,5,11,72,5,23,20,45,26,6,6,1.5,0.7
2022-03-25T09:00:00,3178A,119.0587,36.721,潍坊市,潍坊七中,,30,29,59,21,33,140,62,77,70,20,18,3,4,0.8,0.7
2022-03-25T09:00:00,3179A,102.7494,25.0119,昆明市,官渡区博物馆,颗粒物(PM10),56,61,33,39,21,126,118,117,117,16,12,10,8,0.5,0.5
2022-03-25T09:00:00,3180A,99.7136,27.8094,迪庆州,质量技术监督局,细颗粒物(PM2.5),53,21,26,37,24,131,120,112,112,7,6,10,9,0.5,0.4
2022-03-25T09:00:00,3182A,106.7656,31.8545,巴中市,丽阳花园,,49,49,39,25,21,120,4,11,10,32,30,4,5,1.2,0.8
2022-03-25T09:00:00,3183A,106.7418,31.8654,巴中市,圣泉水务公司,颗粒物(PM10),55,60,31,32,18,76,17,18,18,39,28,5,5,0.6,0.5
2022-03-25T09:00:00,3185A,112.5628,37.8964,太原市,巨轮,颗粒物(PM10),54,57,234,25,114,54,54,20,17,26,72,12,20,0.5,1.2
2022-03-25T09:00:00,3186A,103.7158,36.1058,兰州市,教育港,颗粒物(PM10),60,69,217,17,50,103,80,91,85,19,13,5,8,0.5,0.5
2022-03-25T09:00:00,3187A,116.9509,33.666,宿州市,远航博物馆,,50,50,63,35,30,112,62,70,70,9,12,3,3,0.7,0.6
2022-03-25T09:00:00,3188A,115.6683,37.7217,衡水市,市城管局,细颗粒物(PM2.5),112,129,104,84,64,59,14,32,20,24,19,7,6,0.6,0.5
2022-03-25T09:00:00,3190A,116.0254,29.6994,九江市,外国语学校,,10,9,14,4,11,83,20,35,22,20,16,4,5,0.5,0.7
2022-03-25T09:00:00,3191A,118.3225,33.9447,宿迁市,宿豫区政府,,23,14,57,16,39,145,31,58,49,28,26,5,6,0.5,0.5
2022-03-25T09:00:00,3192A,80.0903,32.5028,阿里地区,阿里藏医院,,26,26,20,11,10,122,73,113,94,19,6,7,6,0.5,0.4
2022-03-25T09:00:00,3194A,112.2747,30.3122,荆州市,管委会,,33,33,36,22,22,75,23,19,19,23,25,6,8,0.8,0.8
2022-03-25T09:00:00,3195A,119.3633,32.3972,扬州市,市体育局,,19,9,54,0,28,161,59,74,60,20,27,5,7,0.5,0.5
2022-03-25T09:00:00,3200A,115.9819,36.4978,聊城市,监控中心,细颗粒物(PM2.5),95,78,69,71,40,104,23,75,25,27,26,9,12,0.7,0.6
2022-03-25T09:00:00,3201A,102.6486,37.9325,武威市,东关招商场,,31,31,114,15,27,104,72,85,84,8,8,4,5,0.2,0.2
2022-03-25T09:00:00,3204A,113.3025,33.73,平顶山市,规划局,细颗粒物(PM2.5),65,68,47,47,34,99,43,46,44,25,24,6,5,0.7,0.6
2022-03-25T09:00:00,3206A,114.9149,27.807,新余市,新钢沁园村,,33,33,33,19,20,60,26,24,24,23,21,74,23,1.1,1
2022-03-25T09:00:00,3207A,118.3118,32.3038,滁州市,市政府原办公楼,,42,24,42,29,24,136,37,76,50,35,27,7,9,0.8,0.6
2022-03-25T09:00:00,3208A,112.7283,38.4153,忻州市,市政府,颗粒物(PM10),80,109,172,44,101,87,49,27,27,27,52,10,18,0.4,1
2022-03-25T09:00:00,3209A,119.5231,26.6562,宁德市,宁德一中,,32,20,29,22,18,113,43,49,48,23,18,5,5,0.8,0.5
2022-03-25T09:00:00,3210A,114.3644,34.7964,开封市,汴京公园,细颗粒物(PM2.5),94,66,69,70,53,87,8,57,19,21,14,7,8,0.7,0.3
2022-03-25T09:00:00,3216A,114.6622,24.5183,漳州市,漳州党校,,25,19,31,17,36,94,37,56,46,22,22,5,5,0.7,0.6
2022-03-25T09:00:00,3237A,117.4918,30.6617,池州市,展览馆,,,7,22,3,10,76,8,18,16,35,28,,5,1.4,0.8
2022-03-25T09:00:00,3239A,125.0764,42.9078,辽源市,银鹰制药,,40,40,60,25,34,132,119,123,122,8,7,8,8,0.9,0.9
2022-03-25T09:00:00,3241A,103.7439,36.0842,兰州市,百合公园,颗粒物(PM10),61,71,190,29,44,102,93,86,85,10,13,16,15,0.3,0.4
2022-03-25T09:00:00,3242A,103.9611,35.998,兰州市,和平,颗粒物(PM10),72,94,248,38,68,83,71,68,65,10,12,16,12,0.8,0.8
2022-03-25T09:00:00,3245A,103.6633,36.533,兰州新区,新区管委会,颗粒物(PM10),68,85,215,25,49,92,83,87,86,5,5,6,6,0.4,0.4
2022-03-25T09:00:00,3246A,103.6975,36.4789,兰州新区,舟曲中学,颗粒物(PM10),58,66,205,15,32,102,89,100,97,11,7,8,12,0.2,0.2
2022-03-25T09:00:00,3247A,104.955,33.371,陇南市,市总工会,颗粒物(PM10),90,129,86,48,29,88,69,88,78,11,13,6,7,0.2,0.3
2022-03-25T09:00:00,3248A,98.2643,39.7724,嘉峪关市,雄关区,颗粒物(PM10),76,102,75,22,21,108,55,83,66,21,14,46,39,0.1,0.6
2022-03-25T09:00:00,3265A,121.4316,31.3322,上海市,宝山庙行,,29,14,34,8,15,111,90,92,88,6,11,4,10,0.7,0.7
2022-03-25T09:00:00,3266A,121.8791,31.4662,上海市,崇明上实东滩,,30,16,18,2,9,116,96,104,92,14,18,4,4,0.5,0.5
2022-03-25T09:00:00,3268A,121.3162,31.2838,上海市,嘉定南翔,,28,12,30,9,14,121,89,93,88,16,19,2,4,0.3,0.3
2022-03-25T09:00:00,3269A,121.3359,30.7456,上海市,金山新城,,28,20,27,8,14,130,89,96,84,20,19,7,8,0.8,0.6
2022-03-25T09:00:00,3270A,121.4996,31.0739,上海市,闵行浦江,,,8,22,,5,113,90,86,86,8,13,3,4,0.7,0.6
2022-03-25T09:00:00,3271A,121.2886,31.1663,上海市,青浦徐泾,,29,13,28,8,14,126,92,98,91,11,13,3,4,0.3,0.3
2022-03-25T09:00:00,3272A,121.2186,31.0378,上海市,松江图书馆,,25,10,26,10,16,143,78,85,76,21,21,4,5,0.8,0.7
2022-03-25T09:00:00,3273A,121.3902,31.2059,上海市,长宁仙霞,,27,15,32,7,13,121,86,91,84,20,20,6,7,0.6,0.5
2022-03-25T09:00:00,3274A,121.7965,31.0507,上海市,浦东惠南,,28,21,28,10,13,115,88,96,91,15,15,4,4,0.5,0.4
2022-03-25T09:00:00,3281A,115.9718,40.4529,北京市,延庆夏都,细颗粒物(PM2.5),142,136,152,108,125,81,8,8,8,34,28,1,2,1.3,0.9
2022-03-25T09:00:00,3282A,113.3397,40.0597,大同市,大同市卫生学校,颗粒物(PM10),102,153,95,27,42,79,61,79,68,17,34,9,11,0.6,0.7
2022-03-25T09:00:00,3283A,109.9154,40.5685,包头市,滨河大厦,颗粒物(PM10),106,161,100,60,33,88,18,68,40,53,22,43,18,1.3,0.6
2022-03-25T09:00:00,3284A,106.813,39.7274,乌海市,海北新区,颗粒物(PM10),72,93,220,21,49,100,86,86,86,6,5,6,7,0.5,0.4
2022-03-25T09:00:00,3285A,113.1376,40.9509,乌兰察布市,北京八中,颗粒物(PM10),156,262,104,46,24,106,47,69,57,23,14,21,17,0.5,0.4
2022-03-25T09:00:00,3286A,118.9359,42.3147,赤峰市,桥北物流园区,颗粒物(PM10),136,222,113,35,43,117,49,71,52,33,25,10,14,0.8,0.9
2022-03-25T09:00:00,3287A,119.3842,32.1976,镇江市,富润路1号,,22,5,42,6,30,180,70,82,71,9,19,7,10,0.4,0.5
2022-03-25T09:00:00,3288A,117.4754,34.4422,徐州市,大泉街道,,29,29,72,20,40,142,36,95,53,23,24,7,9,0.4,0.5
2022-03-25T09:00:00,3289A,120.743,31.3188,苏州市,方洲路,,23,6,29,4,16,160,73,84,78,12,17,6,7,0.5,0.5
2022-03-25T09:00:00,3290A,120.5031,31.2774,苏州市,木渎中学,,23,3,26,2,15,166,72,86,76,16,22,5,8,0.6,0.6
2022-03-25T09:00:00,3291A,121.067,32.062,南通市,通州监测站,,23,7,33,7,16,118,73,90,85,17,14,3,4,0.6,0.5
2022-03-25T09:00:00,3293A,120.1501,33.3367,盐城市,月亮广场,,30,9,33,21,32,163,63,86,65,12,15,6,7,0.6,0.6
2022-03-25T09:00:00,3294A,119.5653,32.4222,扬州市,引江管理处,,21,21,49,7,23,181,54,67,53,19,26,5,7,0.6,0.6
2022-03-25T09:00:00,3295A,120.1259,32.5099,泰州市,姜堰区政府广场,,19,15,45,8,28,172,58,70,61,16,24,3,6,0.7,0.6
2022-03-25T09:00:00,3298A,113.5717,23.5491,广州市,从化街口,,22,18,13,15,10,16,8,2,2,37,29,8,8,1.1,0.9
2022-03-25T09:00:00,3299A,113.3472,23.3692,广州市,白云竹料,,33,23,14,23,13,16,0,0,0,41,36,8,7,0.8,0.7
2022-03-25T09:00:00,3300A,113.2981,23.237,广州市,白云嘉禾,,29,27,21,20,15,11,6,4,4,47,39,6,6,0.8,0.7
2022-03-25T09:00:00,3301A,113.4256,23.1716,广州市,黄埔科学城,,24,19,21,16,15,30,15,24,24,47,30,9,8,0.8,0.9
2022-03-25T09:00:00,3302A,113.3942,23.0483,广州市,番禺大学城,,41,41,33,14,16,13,8,7,7,55,46,10,10,0.9,0.9
2022-03-25T09:00:00,3303A,113.4922,22.8168,广州市,南沙黄阁,,17,17,27,5,19,40,40,8,8,27,41,4,6,0.8,0.9
2022-03-25T09:00:00,3304A,113.5342,22.7896,广州市,南沙街,,14,8,26,5,20,41,41,16,16,27,46,5,6,0.6,0.9
2022-03-25T09:00:00,3305A,114.0731,22.559,深圳市,莲花,,20,7,7,5,5,93,63,91,84,12,7,6,6,0.6,0.6
2022-03-25T09:00:00,3306A,114.0261,22.6198,深圳市,民治,,23,6,9,2,6,92,72,91,85,5,10,4,3,0.7,0.7
2022-03-25T09:00:00,3307A,114.1871,22.6451,深圳市,横岗,,,5,8,4,6,95,,85,84,16,15,5,5,0.6,0.7
2022-03-25T09:00:00,3308A,113.3494,22.0569,珠海市,金湾,,24,15,8,11,5,100,74,96,86,8,12,7,7,0.5,0.5
2022-03-25T09:00:00,3311A,113.1075,22.5647,江门市,江海富民,细颗粒物(PM2.5),53,54,39,37,26,15,6,4,4,67,58,7,7,1.0,0.8
2022-03-25T09:00:00,3313A,112.4575,23.0166,肇庆市,高要湖西,,33,33,19,23,16,15,5,4,4,44,45,13,9,1.3,1
2022-03-25T09:00:00,3314A,114.4338,22.8134,惠州市,惠阳秋长,,24,0,9,2,5,87,74,84,82,12,15,6,5,0.7,0.7
2022-03-25T09:00:00,3315A,116.1233,24.2991,梅州市,梅龙,,15,12,7,5,4,42,13,36,21,30,14,6,5,1.1,0.7
2022-03-25T09:00:00,3317A,111.9765,21.8947,阳江市,两阳中学,,15,10,16,5,11,54,46,24,24,3,24,5,6,0.5,0.6
2022-03-25T09:00:00,3318A,112.9903,23.7403,清远市,清新太和,,22,12,9,12,8,10,3,4,3,43,34,8,7,1.2,1
2022-03-25T09:00:00,3319A,113.7338,23.0381,东莞市,万江金泰,,21,21,25,14,18,28,22,18,18,41,31,9,9,1.1,1.1
2022-03-25T09:00:00,3320A,116.403,23.5699,揭阳市,曲溪,,31,31,31,9,17,65,32,42,36,35,30,6,3,0.9,0.7
2022-03-25T09:00:00,3323A,115.2773,40.9724,张家口市,青少年活动中心,,,,92,,35,124,60,59,56,14,17,4,6,0.3,0.4
2022-03-25T09:00:00,3324A,116.8136,38.3004,沧州市,河北水利电力学院,细颗粒物(PM2.5),105,92,70,79,59,99,27,14,14,27,24,10,7,1.1,0.5
2022-03-25T09:00:00,3325A,117.0365,39.3828,天津市,雍阳西道,细颗粒物(PM2.5),113,101,107,85,81,53,19,8,8,27,33,6,7,1.0,0.8
2022-03-25T09:00:00,3326A,117.0296,39.0605,天津市,辛老路,细颗粒物(PM2.5),110,108,106,83,75,58,12,4,4,30,33,8,8,1.0,0.8
2022-03-25T09:00:00,3327A,116.9638,38.9375,天津市,地纬路,细颗粒物(PM2.5),105,115,107,79,73,60,14,3,3,28,32,6,6,0.9,0.8
2022-03-25T09:00:00,3328A,118.4209,31.3707,芜湖市,市气象局,,18,17,36,12,22,116,56,60,60,18,33,9,10,0.6,0.6
2022-03-25T09:00:00,3329A,117.0108,32.5893,淮南市,山南新区,,16,16,30,10,17,106,46,63,60,18,13,5,5,0.6,0.4
2022-03-25T09:00:00,3330A,116.8873,33.9836,淮北市,杜集区检察院,,42,18,48,29,38,88,45,63,60,21,16,6,7,0.7,0.7
2022-03-25T09:00:00,3331A,118.3267,32.2634,滁州市,图书馆,,24,24,49,9,26,138,44,80,53,33,29,8,9,0.9,0.7
2022-03-25T09:00:00,3332A,115.7633,33.8034,亳州市,亳州学院,,25,11,27,17,25,100,39,64,47,16,12,3,4,0.8,0.5
2022-03-25T09:00:00,3333A,117.5627,30.695,池州市,第八中学,,13,8,23,6,12,83,18,24,24,26,29,3,5,1.2,0.6
2022-03-25T09:00:00,3334A,117.5038,30.6243,池州市,第十二中学,,18,9,25,6,12,80,6,17,15,35,27,5,6,1.3,0.8
2022-03-25T09:00:00,3335A,113.3137,35.2641,焦作市,马村街道办,细颗粒物(PM2.5),63,57,76,45,46,77,22,62,32,22,19,5,5,1.5,0.8
2022-03-25T09:00:00,3336A,113.2465,35.2373,焦作市,焦作技师学院,细颗粒物(PM2.5),70,52,74,51,54,75,16,62,31,28,16,5,6,1.5,0.7
2022-03-25T09:00:00,3337A,113.8614,34.0442,许昌市,许昌学院,,47,47,42,28,18,99,13,63,46,24,12,4,6,1.1,0.6
2022-03-25T09:00:00,3338A,113.843,34.0823,许昌市,芙蓉广场,颗粒物(PM10),51,52,46,33,22,90,11,61,41,24,9,4,5,1.0,0.5
2022-03-25T09:00:00,3339A,114.0012,33.0412,驻马店市,小管楼,,45,30,26,31,26,96,48,68,56,13,11,6,6,0.8,0.7
2022-03-25T09:00:00,3340A,112.6005,34.6326,洛阳市,伊滨,细颗粒物(PM2.5),78,70,82,57,51,78,26,27,27,16,24,4,6,0.7,0.6
2022-03-25T09:00:00,3341A,112.4951,34.6332,洛阳市,中移产业园,细颗粒物(PM2.5),65,56,75,47,48,79,42,38,36,9,21,5,6,0.6,0.6
2022-03-25T09:00:00,3342A,128.4741,47.4346,伊春市,中心小学,,39,39,34,21,23,102,65,95,80,14,10,4,4,0.6,0.5
2022-03-25T09:00:00,3343A,128.6871,47.7369,伊春市,检察院,,42,28,37,29,25,104,62,97,82,19,13,6,7,0.7,0.6
2022-03-25T09:00:00,3344A,128.8431,47.8474,伊春市,双子河社区,,25,15,32,15,22,110,80,108,92,12,11,7,8,0.6,0.6
2022-03-25T09:00:00,3345A,131.0577,45.7879,七台河市,中波台,,34,34,43,23,28,114,79,96,83,21,19,17,15,0.6,0.7
2022-03-25T09:00:00,3346A,108.3872,31.1628,重庆市,安康,,26,22,26,18,18,60,14,21,17,27,20,12,15,0.8,0.6
2022-03-25T09:00:00,3347A,105.9017,29.3569,重庆市,北山路,颗粒物(PM10),52,53,41,33,14,66,42,44,41,21,20,21,15,0.6,0.6
2022-03-25T09:00:00,3348A,105.839,30.1946,重庆市,春阳街,,44,44,26,25,9,69,17,36,31,30,17,8,8,0.7,0.6
2022-03-25T09:00:00,3349A,107.7983,30.6758,重庆市,人民东路,,35,33,31,24,20,73,22,20,20,24,19,8,6,0.7,0.6
2022-03-25T09:00:00,3350A,106.6479,29.0244,重庆市,滩子口,,40,40,35,27,30,46,10,27,22,29,22,6,8,1.1,1
2022-03-25T09:00:00,3351A,105.7167,29.7076,重庆市,棠香,细颗粒物(PM2.5),62,63,34,44,25,70,18,42,34,28,12,24,15,0.7,0.7
2022-03-25T09:00:00,3352A,107.0732,29.8617,重庆市,桃源西路,颗粒物(PM10),55,60,43,38,22,44,20,32,22,22,20,8,7,0.6,0.6
2022-03-25T09:00:00,3353A,107.3535,29.7287,重庆市,迎宾大道,,16,12,25,10,25,50,8,11,10,32,28,7,9,1.0,1
2022-03-25T09:00:00,3354A,108.815,29.5081,重庆市,舟白,,26,10,16,18,15,40,6,14,10,14,8,7,10,0.5,0.4
2022-03-25T09:00:00,3355A,108.3679,30.8426,重庆市,周家坝,,29,25,26,20,16,49,11,13,13,30,35,10,10,0.7,0.7
2022-03-25T09:00:00,3356A,108.4319,30.7555,重庆市,百安坝,,22,14,22,15,15,45,19,33,13,22,27,14,14,0.6,0.6
2022-03-25T09:00:00,3357A,104.0106,30.6931,成都市,金博路,细颗粒物(PM2.5),55,58,55,39,32,40,1,2,2,32,39,4,4,0.9,0.6
2022-03-25T09:00:00,3358A,103.8458,30.6994,成都市,临江路,,42,39,60,29,37,53,2,14,6,38,36,8,8,1.0,0.7
2022-03-25T09:00:00,3359A,104.0578,30.5225,成都市,华阳,细颗粒物(PM2.5),83,88,58,61,40,51,1,5,3,47,43,3,3,0.8,0.6
2022-03-25T09:00:00,3360A,104.7894,29.3194,自贡市,南湖救助站,细颗粒物(PM2.5),104,93,54,78,40,94,,59,29,,20,,9,,0.1
2022-03-25T09:00:00,3361A,103.7311,29.5628,乐山市,理工大学,颗粒物(PM10),58,65,63,36,36,70,9,8,6,35,34,9,10,0.9,0.6
2022-03-25T09:00:00,3362A,120.5014,36.4034,青岛市,即墨2号,,26,19,35,6,15,154,81,114,95,13,11,4,6,0.6,0.6
2022-03-25T09:00:00,3363A,117.9883,36.8372,淄博市,新区,细颗粒物(PM2.5),100,90,72,75,48,133,58,133,95,45,23,6,10,1.2,1
2022-03-25T09:00:00,3364A,117.3152,34.8103,枣庄市,市环保局,细颗粒物(PM2.5),64,59,80,46,51,131,34,103,48,27,23,12,16,0.6,0.6
2022-03-25T09:00:00,3365A,118.5719,37.565,东营市,垦利区民丰路,颗粒物(PM10),54,58,70,29,36,136,44,117,71,32,28,15,16,0.8,0.7
2022-03-25T09:00:00,3366A,121.5206,37.4336,烟台市,中国农业大学,,,,80,22,28,152,95,100,93,13,13,3,4,,
2022-03-25T09:00:00,3368A,119.1977,36.6872,潍坊市,高新实验学校,,27,27,67,11,28,134,59,71,67,15,14,3,5,0.7,0.8
2022-03-25T09:00:00,3370A,118.3564,35.0215,临沂市,十里堡居委,,39,19,57,27,45,150,36,48,44,35,30,4,6,2.2,0.9
2022-03-25T09:00:00,3371A,116.3728,37.4403,德州市,开发区人民医院,细颗粒物(PM2.5),114,113,87,86,62,98,11,17,14,42,27,7,7,1.0,0.7
2022-03-25T09:00:00,3372A,116.3572,37.4094,德州市,太阳城中学,细颗粒物(PM2.5),124,116,87,94,65,90,18,24,20,41,22,13,11,1.1,0.9
2022-03-25T09:00:00,3374A,115.5564,35.0891,菏泽市,定陶老年大学,细颗粒物(PM2.5),107,75,65,80,55,104,63,70,70,21,18,5,7,0.8,0.7
2022-03-25T09:00:00,3375A,102.8017,24.8336,昆明市,青年创业园,细颗粒物(PM2.5),62,72,35,44,25,129,128,112,112,14,14,8,6,0.6,0.7
2022-03-25T09:00:00,3376A,103.7947,25.462,曲靖市,南苑二区,细颗粒物(PM2.5),75,56,38,55,24,111,111,100,100,9,9,3,4,0.6,0.6
2022-03-25T09:00:00,3377A,103.7444,25.5261,曲靖市,曲靖师范学院,细颗粒物(PM2.5),55,56,29,39,25,115,104,92,92,16,11,7,4,0.6,0.4
2022-03-25T09:00:00,3378A,122.371,40.6771,营口市,老边实验中学,,28,14,70,15,34,134,87,112,98,17,15,22,19,0.6,1
2022-03-25T09:00:00,3379A,122.1139,40.2278,营口市,鲅鱼圈市民活动中心,,50,50,90,24,60,126,97,111,98,10,13,5,7,0.7,0.9
2022-03-25T09:00:00,3380A,102.8914,34.9617,甘南州,甘肃民族师范学院,颗粒物(PM10),78,105,124,41,32,118,78,84,79,15,15,2,10,0.4,0.4
2022-03-25T09:00:00,3396A,112.0828,32.0067,襄阳市,襄城隆中路,,29,20,45,20,44,72,15,20,16,18,17,20,12,0.8,0.8
2022-03-25T09:00:00,3397A,112.1214,32.1008,襄阳市,高新台子湾,,42,42,56,28,39,80,20,18,18,18,23,11,11,0.8,0.9
2022-03-25T09:00:00,3398A,114.9136,30.4445,黄冈市,市林业局,,14,14,33,3,14,98,30,49,38,21,12,6,6,0.7,0.5
2022-03-25T09:00:00,3399A,112.6703,26.882,衡阳市,师范学院,,29,28,28,20,23,34,8,2,2,24,21,9,10,1.2,0.9
2022-03-25T09:00:00,3400A,109.1911,21.4415,北海市,龙潭自来水厂,,22,19,23,15,17,69,36,63,37,8,9,3,3,0.6,0.7
2022-03-25T09:00:00,3401A,108.4834,22.7618,南宁市,红星社区,,17,17,10,11,7,41,6,8,7,21,18,5,5,1.0,0.9
2022-03-25T09:00:00,3402A,109.5422,24.3996,柳州市,市二中,,49,34,19,34,24,26,5,15,6,18,20,8,9,0.8,0.7
2022-03-25T09:00:00,3403A,110.1764,25.2381,桂林市,创业大厦,,32,27,21,22,17,24,4,5,4,22,20,52,22,0.9,0.7
2022-03-25T09:00:00,3404A,108.5959,21.9633,钦州市,北职校,,49,49,15,17,13,39,31,13,13,21,18,9,6,1.3,1.1
2022-03-25T09:00:00,3405A,109.5886,23.1172,贵港市,新世纪学校,,31,31,17,12,8,37,8,22,14,26,16,6,4,1.2,0.9
2022-03-25T09:00:00,3406A,106.6085,23.8798,百色市,祈福高中,颗粒物(PM10),61,72,47,41,32,30,7,7,6,16,18,6,6,1.0,0.9
2022-03-25T09:00:00,3407A,120.6916,30.7739,嘉兴市,秀洲住建,,20,3,29,2,16,140,61,69,66,21,25,6,10,0.6,0.6
2022-03-25T09:00:00,3408A,120.5683,29.9361,绍兴市,绍兴中专,,22,5,20,1,9,137,69,94,86,13,7,6,6,0.5,0.5
2022-03-25T09:00:00,3409A,120.4906,30.0861,绍兴市,柯桥区政府,,18,4,20,3,12,132,55,90,79,28,18,6,6,0.6,0.5
2022-03-25T09:00:00,3410A,120.8752,30.0249,绍兴市,重华小学,,,6,17,,6,130,67,92,82,16,13,5,6,0.6,0.5
2022-03-25T09:00:00,3411A,120.8369,30.0137,绍兴市,上虞中学,,23,3,22,2,8,129,73,93,84,10,13,6,8,0.6,0.5
2022-03-25T09:00:00,3413A,118.1953,28.4401,上饶市,广丰区教体局,,22,6,15,8,10,94,69,66,66,5,7,3,4,0.4,0.4
2022-03-25T09:00:00,3414A,115.8347,28.932,赣江新区,桑海产业园,,16,16,31,11,18,92,26,59,38,30,24,6,7,0.5,0.5
2022-03-25T09:00:00,3415A,114.4519,28.0828,宜春市,万载县环保局,,40,18,26,28,19,72,13,37,25,30,20,26,20,1.1,0.8
2022-03-25T09:00:00,3416A,119.1755,36.7149,潍坊市,潍坊学院,,29,27,66,20,30,140,60,76,72,22,18,3,5,0.6,0.6
2022-03-25T09:00:00,3417A,117.0709,40.1465,北京市,平谷新城,颗粒物(PM10),54,57,100,35,75,61,28,19,6,25,28,3,3,0.5,0.8
2022-03-25T09:00:00,3418A,116.8336,40.4095,北京市,密云新城,颗粒物(PM10),61,72,93,34,65,47,47,31,31,5,17,3,3,0.4,0.7
2022-03-25T09:00:00,3419A,109.9447,40.6261,包头市,包头市委党校,颗粒物(PM10),85,120,102,26,29,92,28,73,40,51,25,10,11,0.6,0.4
2022-03-25T09:00:00,3421A,113.1775,40.9779,乌兰察布市,市委党校,颗粒物(PM10),169,288,113,27,28,119,58,76,66,13,14,18,24,0.5,0.4
2022-03-25T09:00:00,3422A,118.8436,31.9198,南京市,江宁彩虹桥,,18,16,34,12,24,172,46,72,50,23,20,4,4,0.5,0.4
2022-03-25T09:00:00,3423A,119.0138,31.6494,南京市,溧水永阳,,15,14,37,10,20,165,44,59,47,25,25,3,3,0.7,0.6
2022-03-25T09:00:00,3424A,118.879,31.3302,南京市,高淳老职中,,20,4,29,12,27,142,64,77,61,12,20,3,3,0.9,0.8
2022-03-25T09:00:00,3425A,120.624,31.1733,苏州市,越秀幼儿园,,21,15,38,4,16,157,66,74,71,18,20,5,7,0.6,0.6
2022-03-25T09:00:00,3426A,118.8755,33.2894,淮安市,新华书店,,29,29,64,8,29,152,41,64,48,24,31,7,9,0.7,0.7
2022-03-25T09:00:00,3427A,118.8554,32.3578,南京市,六合雄州,,18,6,44,12,24,162,44,80,51,22,20,3,5,0.5,0.5
2022-03-25T09:00:00,3428A,120.3142,31.4753,无锡市,华庄,,20,8,32,4,19,174,64,80,72,19,19,3,5,0.6,0.6
2022-03-25T09:00:00,3429A,119.8598,31.7066,常州市,武进经发区,,21,6,30,4,22,194,67,85,73,16,19,2,5,0.4,0.3
2022-03-25T09:00:00,3430A,119.5826,31.7245,常州市,金坛城区,,20,8,35,3,24,181,64,76,66,13,18,6,8,0.6,0.3
2022-03-25T09:00:00,3431A,120.6505,31.416,苏州市,高铁新城,,24,4,30,3,16,159,74,84,79,12,18,4,5,0.4,0.4
2022-03-25T09:00:00,3432A,120.9348,31.9883,南通市,环境教育馆,,22,7,35,5,16,113,68,88,82,23,24,3,5,0.3,0.3
2022-03-25T09:00:00,3434A,119.2413,34.6539,连云港市,工贸学校,,33,22,46,23,38,159,47,90,66,16,15,2,3,1.0,0.9
2022-03-25T09:00:00,3435A,119.9192,32.4322,泰州市,周山河街区,,19,15,54,8,27,188,60,74,61,18,26,5,7,1.0,1
2022-03-25T09:00:00,3436A,120.4279,33.205,盐城市,大丰高级中学,,25,9,41,7,20,145,80,96,80,10,14,7,8,0.3,0.3
2022-03-25T09:00:00,3437A,88.3118,43.3658,乌鲁木齐市,达坂城区环保局,,23,23,27,7,9,95,38,63,53,20,13,2,3,0.5,0.4
2022-03-25T09:00:00,3438A,87.6162,43.8801,乌鲁木齐市,红光山片区,,32,19,19,12,5,89,18,44,44,63,34,6,6,1.0,0.5
2022-03-25T09:00:00,3439A,87.7024,43.8004,乌鲁木齐市,新师大温泉校区,,36,36,19,13,10,102,32,78,54,37,18,3,3,0.4,0.3
2022-03-25T09:00:00,3440A,87.4921,43.8411,乌鲁木齐市,大绿谷,,18,18,20,7,9,100,48,71,67,28,28,5,6,0.5,0.5
2022-03-25T09:00:00,3441A,87.546,44.1912,五家渠市,经开区管委会,,40,40,32,21,14,86,26,23,16,29,23,10,6,0.9,0.7
2022-03-25T09:00:00,3442A,86.047,44.2331,石河子市,南区管委会,,26,15,11,18,10,91,72,73,69,7,8,8,9,0.6,0.6
2022-03-25T09:00:00,3443A,113.2902,23.5544,广州市,花都梯面,,14,9,8,6,6,42,42,33,24,22,22,5,5,0.6,0.7
2022-03-25T09:00:00,3444A,116.454,23.2684,汕头市,潮南峡山,,20,9,13,8,12,87,62,83,74,10,11,8,8,0.6,0.5
2022-03-25T09:00:00,3445A,113.7858,23.7478,广州市,从化良口,,12,4,5,2,3,38,38,27,27,15,17,8,8,0.8,0.8
2022-03-25T09:00:00,3446A,113.8051,23.2614,广州市,增城荔城,,13,9,9,7,6,39,39,9,9,18,17,6,6,0.7,0.8
2022-03-25T09:00:00,3447A,114.3551,22.7151,深圳市,坪山,,,9,14,3,7,87,,86,80,17,15,3,3,0.8,0.7
2022-03-25T09:00:00,3448A,113.5433,22.1163,珠海市,横琴,,27,27,12,4,7,95,69,88,83,11,12,6,6,0.4,0.4
2022-03-25T09:00:00,3449A,113.05,22.4667,江门市,新会银湖,,36,30,31,25,32,19,7,6,6,51,47,6,6,1.0,0.9
2022-03-25T09:00:00,3450A,111.01,21.5165,茂名市,电白水东,,18,17,14,12,9,72,33,58,45,8,11,5,9,0.6,0.6
2022-03-25T09:00:00,3451A,112.5617,23.2083,肇庆市,鼎湖凤凰,,30,25,18,21,14,14,1,2,1,52,46,16,12,1.2,1
2022-03-25T09:00:00,3452A,114.6517,22.775,惠州市,大亚湾霞涌,,21,8,9,5,6,86,66,85,77,11,9,2,5,0.6,0.5
2022-03-25T09:00:00,3453A,112.0125,21.8749,阳江市,阳东陶然,,14,11,30,8,22,51,42,30,30,2,20,5,6,0.4,0.6
2022-03-25T09:00:00,3454A,113.3528,22.478,中山市,中山南区,,18,2,16,0,12,58,56,29,29,19,46,11,9,0.4,0.6
2022-03-25T09:00:00,3455A,113.076,23.7198,清远市,清城东城,,18,14,10,10,6,25,4,12,4,36,30,6,5,0.9,0.7
2022-03-25T09:00:00,3456A,114.289,38.0906,石家庄市,鹿泉一中,细颗粒物(PM2.5),152,159,168,116,106,102,26,10,10,14,30,7,9,0.8,0.8
2022-03-25T09:00:00,3457A,118.4359,39.2762,唐山市,冀东油田职工医院,细颗粒物(PM2.5),178,140,112,134,98,136,62,42,42,20,25,12,11,1.6,1.2
2022-03-25T09:00:00,3458A,114.7895,36.5593,邯郸市,香泉濮院小区,细颗粒物(PM2.5),117,111,86,88,64,62,15,25,21,28,22,16,16,0.7,0.4
2022-03-25T09:00:00,3459A,115.5989,37.5491,衡水市,地表水厂,细颗粒物(PM2.5),104,99,85,78,61,68,23,27,23,30,25,8,8,0.6,0.5
2022-03-25T09:00:00,3460A,117.4067,40.0583,天津市,北环路,颗粒物(PM10),51,51,116,35,84,55,55,25,22,14,29,7,9,0.6,1.2
2022-03-25T09:00:00,3461A,117.3045,39.7169,天津市,建设路,细颗粒物(PM2.5),128,112,134,97,108,29,14,6,6,31,43,6,7,1.0,1.1
2022-03-25T09:00:00,3462A,117.8199,39.3521,天津市,滨水东路,细颗粒物(PM2.5),144,148,117,110,82,63,22,19,14,34,40,10,11,1.6,1.1
2022-03-25T09:00:00,3463A,116.9708,33.591,宿州市,社会福利中心,,42,28,43,29,30,106,64,72,72,17,16,2,3,0.7,0.6
2022-03-25T09:00:00,3464A,117.3803,31.9147,合肥市,高教基地,,29,29,22,9,12,89,31,52,31,29,18,8,8,0.7,0.6
2022-03-25T09:00:00,3465A,118.4781,31.3225,芜湖市,清苑社区,,19,13,34,13,21,115,56,58,56,15,30,8,9,0.6,0.6
2022-03-25T09:00:00,3466A,118.2746,31.2326,芜湖市,扬子职业技术学院,,23,16,24,16,16,109,49,50,50,14,19,8,8,0.6,0.6
2022-03-25T09:00:00,3468A,115.7901,32.8613,阜阳市,市规划展馆,,11,6,23,2,17,104,30,55,36,21,14,4,4,0.4,0.3
2022-03-25T09:00:00,3469A,115.836,32.9183,阜阳市,枣园社区,,,,29,5,17,102,30,51,35,21,22,5,6,0.7,0.6
2022-03-25T09:00:00,3470A,118.7724,30.9141,宣城市,夏渡子站,,35,21,35,24,22,122,41,37,37,24,32,6,4,0.7,0.6
2022-03-25T09:00:00,3471A,113.616563,34.86783,郑州市,惠济区政府,细颗粒物(PM2.5),67,61,56,48,38,93,30,62,33,24,21,4,5,1.3,0.8
2022-03-25T09:00:00,3473A,114.2485,34.8306,开封市,技师学院,细颗粒物(PM2.5),87,78,66,64,42,88,17,68,22,21,20,5,6,1.0,0.7
2022-03-25T09:00:00,3474A,114.2617,35.6822,鹤壁市,大新区,细颗粒物(PM2.5),153,162,106,117,74,58,18,5,5,29,33,2,4,1.3,1.4
2022-03-25T09:00:00,3475A,113.9188,35.3045,新乡市,市政府,,,61,74,66,55,96,23,27,27,28,23,,9,1.2,0.7
2022-03-25T09:00:00,3476A,113.9135,35.3327,新乡市,河师大,细颗粒物(PM2.5),100,79,92,75,53,96,28,29,29,31,34,9,10,1.3,1
2022-03-25T09:00:00,3477A,113.1656,35.2539,焦作市,中站许衡医院,细颗粒物(PM2.5),64,52,68,46,47,80,19,75,39,20,13,6,6,1.6,0.7
2022-03-25T09:00:00,3478A,113.9749,33.5664,漯河市,市图书馆,,43,43,27,30,19,99,36,64,54,13,10,5,6,0.8,0.7
2022-03-25T09:00:00,3479A,114.0967,33.5906,漯河市,召陵区卫健委,,39,26,28,27,19,99,38,65,45,17,14,3,4,0.8,0.7
2022-03-25T09:00:00,3480A,129.1368,47.6417,伊春市,美溪镇,,38,23,28,26,20,103,75,94,83,9,8,2,4,1.0,1.1
2022-03-25T09:00:00,3481A,125.141,46.634,大庆市,萨区政府监测点,,43,38,45,30,32,95,57,72,64,23,14,2,5,2.5,0.9
2022-03-25T09:00:00,3482A,107.7541,29.3277,重庆市,芙蓉中路,,27,27,26,10,13,51,4,6,4,21,24,12,9,0.7,0.6
2022-03-25T09:00:00,3483A,108.7661,29.5368,重庆市,西山,,40,40,29,8,10,50,9,29,17,23,10,8,7,0.7,0.5
2022-03-25T09:00:00,3484A,106.2628,29.32,重庆市,行政中心,颗粒物(PM10),57,63,40,38,24,56,17,39,34,33,31,14,14,0.9,0.9
2022-03-25T09:00:00,3485A,107.0944,29.1608,重庆市,高寺路,,43,33,39,30,13,58,30,21,21,26,19,7,8,0.7,0.5
2022-03-25T09:00:00,3486A,124.4036,43.1411,四平市,植物园,细颗粒物(PM2.5),72,89,88,52,56,119,79,106,76,29,21,16,10,0.6,0.6
2022-03-25T09:00:00,3487A,104.2394,30.5319,成都市,车城东七路,细颗粒物(PM2.5),57,59,62,40,38,73,33,19,19,30,36,6,6,0.8,0.8
2022-03-25T09:00:00,3488A,104.3853,30.7453,成都市,青白江技师分院,颗粒物(PM10),61,71,50,41,30,64,3,3,2,48,39,6,5,1.0,0.7
2022-03-25T09:00:00,3489A,104.0789,30.4072,成都市,科学城,细颗粒物(PM2.5),64,72,64,46,39,70,2,4,3,34,37,5,5,0.8,0.7
2022-03-25T09:00:00,3490A,105.3617,28.7703,泸州市,纳溪区环保局,细颗粒物(PM2.5),58,55,53,41,45,85,22,55,36,31,25,8,12,0.9,0.8
2022-03-25T09:00:00,3491A,104.69,31.5322,绵阳市,西科大附属小学,,49,49,40,31,23,71,1,6,2,32,31,9,7,1.3,1.1
2022-03-25T09:00:00,3492A,104.5648,31.5343,绵阳市,安州区旅游局,细颗粒物(PM2.5),58,53,47,41,22,74,3,5,4,34,26,32,14,1.4,1
2022-03-25T09:00:00,3494A,117.1673,36.9782,济南市,济阳区政府,细颗粒物(PM2.5),95,93,78,71,43,110,32,73,59,22,22,10,11,0.9,0.7
2022-03-25T09:00:00,3495A,117.1171,36.63,济南市,锦屏中学,细颗粒物(PM2.5),98,76,58,73,46,124,81,124,89,17,15,10,9,1.0,0.6
2022-03-25T09:00:00,3496A,118.3604,35.1084,临沂市,南坊新区,,35,27,64,24,48,153,37,40,38,37,34,4,6,1.7,0.7
2022-03-25T09:00:00,3498A,118.5055,37.8612,东营市,河口城区,颗粒物(PM10),51,51,83,24,45,152,46,116,73,27,25,12,17,0.5,0.7
2022-03-25T09:00:00,3500A,116.5814,35.3707,济宁市,北湖一中,细颗粒物(PM2.5),79,105,69,58,51,116,39,105,71,30,18,9,10,0.7,0.6
2022-03-25T09:00:00,3501A,116.8249,35.5593,济宁市,服务中心,细颗粒物(PM2.5),103,79,69,77,56,112,46,103,50,21,22,8,10,1.0,0.8
2022-03-25T09:00:00,3502A,117.1812,36.2275,泰安市,国网新校,细颗粒物(PM2.5),70,51,77,51,58,114,103,102,102,22,30,1,7,0.8,0.7
2022-03-25T09:00:00,3503A,117.0313,36.2018,泰安市,交通技校,细颗粒物(PM2.5),112,83,71,84,59,121,75,121,105,29,15,8,10,1.1,0.8
2022-03-25T09:00:00,3504A,117.0829,36.13,泰安市,山东第一医科大学,细颗粒物(PM2.5),78,97,92,57,56,117,97,87,87,24,22,8,10,0.8,0.7
2022-03-25T09:00:00,3505A,122.1379,37.3414,威海市,临港区管委会,,34,34,43,18,35,162,96,108,104,15,9,4,6,0.3,0.2
2022-03-25T09:00:00,3507A,119.5328,35.4625,日照市,职业技术学院,,24,5,47,7,21,127,76,91,82,11,18,4,6,0.5,0.5
2022-03-25T09:00:00,3511A,116.5652,37.3319,德州市,陵城艺术中心,细颗粒物(PM2.5),140,129,79,107,51,102,40,29,25,20,16,13,9,1.3,0.6
2022-03-25T09:00:00,3512A,116.049,36.4674,聊城市,华润纺织,细颗粒物(PM2.5),93,89,70,69,46,100,18,55,28,27,20,13,16,0.7,0.5
2022-03-25T09:00:00,3513A,116.0445,36.4361,聊城市,九州社区,细颗粒物(PM2.5),100,89,73,75,51,89,22,66,37,34,24,9,14,1.0,0.7
2022-03-25T09:00:00,3514A,117.9378,37.3956,滨州市,中海酒店,细颗粒物(PM2.5),97,102,70,72,52,111,33,36,29,28,28,33,14,1.0,0.9
2022-03-25T09:00:00,3515A,117.9378,37.3553,滨州市,开发区一中,细颗粒物(PM2.5),84,105,92,62,51,121,49,64,56,22,23,21,18,0.8,0.8
2022-03-25T09:00:00,3516A,118.0917,37.694,滨州市,金海六路,细颗粒物(PM2.5),92,88,83,68,52,152,53,88,71,28,24,8,14,0.8,0.7
2022-03-25T09:00:00,3520A,106.3495,38.9836,石嘴山市,妇女儿童医院,,50,50,165,13,46,97,88,95,92,8,8,6,6,0.1,0.1
2022-03-25T09:00:00,3521A,106.7492,39.2069,石嘴山市,石大公路,颗粒物(PM10),87,123,239,26,63,93,90,81,81,6,10,2,10,0.2,0.4
2022-03-25T09:00:00,3522A,106.2177,35.9959,固原市,原州区十五小,颗粒物(PM10),94,137,286,41,66,90,85,75,74,8,10,8,8,0.3,0.3
2022-03-25T09:00:00,3523A,106.5105,38.3856,银川市,滨河新区,颗粒物(PM10),60,69,224,22,60,95,81,81,78,11,11,10,11,0.4,0.5
2022-03-25T09:00:00,3524A,108.6116,34.1164,西安市,文体局,颗粒物(PM10),79,108,148,37,58,157,21,26,26,30,34,7,11,0.8,0.8
2022-03-25T09:00:00,3525A,108.6396,34.4078,咸阳市,奥体中心,细颗粒物(PM2.5),70,79,124,51,76,166,23,51,34,24,30,6,6,1.0,1
2022-03-25T09:00:00,3526A,119.5189,25.9664,福州市,吴航,,42,33,32,29,21,101,19,10,10,43,35,5,5,0.7,0.5
2022-03-25T09:00:00,3527A,118.0958,24.5688,厦门市,集美中学,,30,19,35,21,30,107,14,41,27,40,30,1,2,0.7,0.4
2022-03-25T09:00:00,3528A,118.1493,24.7245,厦门市,同安二实小,,22,17,32,15,24,94,27,52,41,24,26,2,4,0.2,0.2
2022-03-25T09:00:00,3529A,118.6333,24.9264,泉州市,城华南路,,20,20,29,11,16,126,37,54,47,8,10,4,5,0.6,0.6
2022-03-25T09:00:00,3530A,117.6296,24.5314,漳州市,西洋坪路,,10,9,25,7,19,82,30,44,36,17,15,4,4,0.8,0.8
2022-03-25T09:00:00,3531A,110.296,25.1253,桂林市,旅游学院,,18,18,15,9,10,26,11,8,7,21,24,8,6,0.5,0.5
2022-03-25T09:00:00,3532A,110.1945,22.6831,玉林市,玉林师范学院东校区,,23,10,25,16,25,20,14,14,14,18,26,9,6,0.7,0.9
2022-03-25T09:00:00,3533A,110.0527,22.5893,玉林市,福绵环保局,,29,19,34,20,28,26,20,13,13,11,29,2,5,0.7,1
2022-03-25T09:00:00,3534A,111.4744,24.4553,贺州市,西湾,,19,19,21,3,12,35,26,35,30,22,25,10,14,0.7,0.7
2022-03-25T09:00:00,3535A,109.1781,23.7297,来宾市,兴宾区政府,,40,40,18,12,11,34,30,16,13,13,18,11,7,0.9,1
2022-03-25T09:00:00,3536A,106.8547,27.5919,遵义市,第十二小学,,11,9,32,6,23,59,33,29,29,19,18,9,9,0.7,0.7
2022-03-25T09:00:00,3537A,105.3631,27.3533,毕节市,长征村,,18,7,27,5,21,119,57,78,64,13,12,8,9,0.6,0.6
2022-03-25T09:00:00,3538A,107.5175,26.2978,黔南布依族苗族自治州,沙坝,,14,14,10,2,4,50,30,47,38,7,5,9,9,0.7,0.7
2022-03-25T09:00:00,3539A,110.5111,19.9736,海口市,桂林洋子站,,22,20,21,15,12,70,33,29,27,6,8,2,3,0.4,0.5
2022-03-25T09:00:00,3540A,109.7348,18.3443,三亚市,君悦子站,,23,23,19,15,10,61,32,25,25,5,9,4,4,0.3,0.3
2022-03-25T09:00:00,3541A,109.5726,19.5167,儋州市,第一中学子站,,15,13,23,10,12,28,2,7,4,8,13,6,7,0.5,0.6
2022-03-25T09:00:00,3542A,109.5567,19.5187,儋州市,东坡学校子站,,16,16,34,9,11,30,3,20,13,7,10,14,8,0.5,0.6
2022-03-25T09:00:00,3544A,121.4891,30.925,上海市,奉贤南桥新城,,29,24,32,5,13,112,91,93,89,16,15,4,5,0.5,0.5
2022-03-25T09:00:00,3545A,110.8054,32.8401,十堰市,郧阳区金沙路,,43,43,37,28,32,57,26,38,30,6,6,4,4,0.5,0.5
2022-03-25T09:00:00,3546A,111.4606,30.552,宜昌市,猇亭区张家湾站,,20,20,49,14,43,58,16,37,28,16,14,7,7,0.7,0.6
2022-03-25T09:00:00,3547A,112.1632,31.0138,荆门市,龙泉中学南校,,35,18,34,24,22,83,39,39,38,11,16,3,4,0.8,0.8
2022-03-25T09:00:00,3548A,112.1655,30.3364,荆州市,学苑路,,30,28,35,21,26,74,20,24,24,25,22,6,6,0.8,0.8
2022-03-25T09:00:00,3549A,109.5061,30.3772,恩施土家族苗族自治州,龙凤新区,,19,19,21,10,12,41,11,18,14,19,19,6,7,0.6,0.5
2022-03-25T09:00:00,3550A,102.7997,24.9786,昆明市,昆明学院,细颗粒物(PM2.5),62,66,33,44,24,127,125,120,120,12,9,7,5,0.5,0.6
2022-03-25T09:00:00,3551A,102.5967,24.6736,昆明市,晋宁区生态环境分局,细颗粒物(PM2.5),64,66,34,46,28,129,129,117,117,9,8,7,6,0.3,0.4
2022-03-25T09:00:00,3552A,102.6678,24.9856,昆明市,云天化总部,细颗粒物(PM2.5),60,62,31,43,23,129,126,123,123,13,9,14,9,0.3,0.3
2022-03-25T09:00:00,3557A,119.9464,30.0494,杭州市,镇二中,,31,31,31,18,20,117,14,71,31,60,45,6,6,0.9,0.6
2022-03-25T09:00:00,3558A,119.7183,30.2367,杭州市,市府大楼,,28,27,38,19,24,126,22,16,16,37,32,7,8,0.9,0.8
2022-03-25T09:00:00,3560A,120.4722,30.0415,绍兴市,柯桥妇保,,18,12,26,7,14,134,55,81,59,20,18,6,7,0.8,0.7
2022-03-25T09:00:00,3561A,120.6985,27.9251,温州市,茶山,,32,32,46,19,25,125,8,62,28,42,23,5,5,0.5,0.3
2022-03-25T09:00:00,3562A,120.4148,30.8538,湖州市,南浔区站,,19,12,37,6,18,147,60,70,64,15,20,4,7,0.5,0.4
2022-03-25T09:00:00,3564A,121.2568,28.6681,台州市,台州科技职业学院,,22,21,30,15,16,145,26,66,40,35,16,4,4,0.6,0.4
2022-03-25T09:00:00,3565A,113.1367,40.1122,大同市,云冈站,颗粒物(PM10),103,156,124,20,52,82,48,82,62,28,33,30,26,0.5,0.7
2022-03-25T09:00:00,3566A,113.1186,40.2556,大同市,图书馆,颗粒物(PM10),107,164,110,31,50,94,58,66,62,14,23,22,23,0.5,0.6
2022-03-25T09:00:00,3567A,113.5931,40.0461,大同市,区一中,颗粒物(PM10),71,92,98,18,42,94,63,74,66,10,13,9,12,0.5,0.7
2022-03-25T09:00:00,3568A,113.06,36.0464,长治市,向阳小学,细颗粒物(PM2.5),127,99,113,96,84,82,39,46,43,40,48,8,16,1.5,1.6
2022-03-25T09:00:00,3569A,112.8792,36.3144,长治市,屯留一中,细颗粒物(PM2.5),170,130,98,129,88,83,15,23,17,36,40,14,22,1.8,1.7
2022-03-25T09:00:00,3570A,113.235,36.3489,长治市,潞城四中,细颗粒物(PM2.5),133,110,125,101,105,96,25,33,32,24,32,9,9,2.3,2.3
2022-03-25T09:00:00,3571A,112.2931,39.53,朔州市,一水厂,颗粒物(PM10),88,125,119,23,34,96,19,64,33,43,35,16,16,0.7,0.6
2022-03-25T09:00:00,3572A,114.6419615,37.9001925,石家庄市,栾城区政府,细颗粒物(PM2.5),156,174,136,119,97,83,6,3,3,38,35,8,8,0.9,0.6
2022-03-25T09:00:00,3573A,114.8506765,38.0322033,石家庄市,藁城区实验学校,细颗粒物(PM2.5),147,166,143,112,91,85,7,3,3,35,31,1,3,0.7,0.6
2022-03-25T09:00:00,3574A,114.0504658,38.0591645,石家庄市,井陉矿区区委大楼,细颗粒物(PM2.5),214,170,169,164,159,112,12,5,5,47,50,5,5,1.1,1
2022-03-25T09:00:00,3575A,118.09279,39.58089,唐山市,正泰大街热力站,细颗粒物(PM2.5),125,113,95,95,80,97,29,6,6,33,39,11,6,1.6,0.9
2022-03-25T09:00:00,3576A,118.1562,39.8322,唐山市,丰润区政府,细颗粒物(PM2.5),85,107,113,63,87,106,49,22,22,11,31,6,7,1.2,1.4
2022-03-25T09:00:00,3577A,118.43673,39.73809,唐山市,金山小学,细颗粒物(PM2.5),122,119,112,92,83,98,33,24,21,34,32,22,13,2.4,1.3
2022-03-25T09:00:00,3578A,118.24498,39.66941,唐山市,政府服务中心,细颗粒物(PM2.5),147,157,113,112,85,114,16,8,8,48,40,20,12,1.9,1.2
2022-03-25T09:00:00,3579A,114.50634,36.77178,邯郸市,永年区实验高中,细颗粒物(PM2.5),119,93,96,90,79,40,8,11,11,31,27,5,5,1.0,1.1
2022-03-25T09:00:00,3580A,114.20016,36.44293,邯郸市,峰峰矿区临水派出所,细颗粒物(PM2.5),117,113,124,88,95,29,21,15,15,18,26,5,7,0.9,1.1
2022-03-25T09:00:00,3581A,115.31981,38.95208,保定市,满城区生态环境分局,细颗粒物(PM2.5),139,166,192,106,145,52,38,10,10,34,57,9,9,1.0,1.1
2022-03-25T09:00:00,3582A,115.47694,38.76408,保定市,清苑区第二中学,细颗粒物(PM2.5),170,179,179,129,117,22,22,9,9,48,55,6,6,0.9,0.8
2022-03-25T09:00:00,3583A,115.62909,39.02311,保定市,徐水物探局,细颗粒物(PM2.5),163,157,152,124,113,25,11,6,6,55,58,9,9,1.1,0.8
2022-03-25T09:00:00,3584A,115.8844,39.0341,雄安新区,容城县环境保护局,细颗粒物(PM2.5),138,204,176,105,75,17,6,1,1,50,45,10,9,1.0,0.7
2022-03-25T09:00:00,3585A,115.8665,39.0645,雄安新区,河北容城中学,细颗粒物(PM2.5),169,188,155,128,94,21,12,4,4,55,51,12,9,1.0,0.7
2022-03-25T09:00:00,3586A,115.923,38.9405,雄安新区,安新县民政局,细颗粒物(PM2.5),158,185,147,120,87,18,8,2,2,59,56,8,8,0.9,0.7
2022-03-25T09:00:00,3587A,115.9324,38.9338,雄安新区,安新县电力局,细颗粒物(PM2.5),127,144,128,96,78,19,8,2,2,49,48,9,11,1.2,0.9
2022-03-25T09:00:00,3588A,116.0901,38.9816,雄安新区,雄县环境保护局,细颗粒物(PM2.5),137,130,126,104,96,29,14,4,4,43,47,7,6,0.9,0.6
2022-03-25T09:00:00,3589A,116.1105,39.0046,雄安新区,雄县国土资源局,细颗粒物(PM2.5),115,119,128,87,79,14,8,2,2,48,50,11,11,0.9,0.7
2022-03-25T09:00:00,3590A,113.8374,34.5589,郑州市,北区建设指挥部,颗粒物(PM10),54,58,47,33,29,94,13,82,39,28,15,3,13,1.6,0.6
2022-03-25T09:00:00,3591A,113.30952,34.803229,郑州市,上街区政府,"颗粒物(PM10),细颗粒物(PM2.5)",64,78,66,46,40,84,25,36,31,19,17,5,6,1.2,0.6
2022-03-25T09:00:00,3592A,114.4644,34.7556,开封市,祥符区生态环境局,细颗粒物(PM2.5),80,66,58,59,44,91,14,58,27,19,12,7,7,0.7,0.5
2022-03-25T09:00:00,3593A,112.5736,34.8993,洛阳市,吉利监测站,细颗粒物(PM2.5),58,50,81,41,52,71,35,56,48,22,22,4,8,1.1,0.7
2022-03-25T09:00:00,3594A,112.8867,33.9116,平顶山市,石龙区,细颗粒物(PM2.5),83,97,57,61,30,80,35,31,30,24,21,2,2,0.6,0.4
2022-03-25T09:00:00,3596A,114.1572,35.9603,鹤壁市,南山宾馆,细颗粒物(PM2.5),152,130,114,116,90,59,18,10,10,28,34,6,8,2.3,2
2022-03-25T09:00:00,3597A,113.8134,34.1251,许昌市,建安区兴业大厦,,42,37,30,29,18,98,10,62,37,26,11,5,6,0.9,0.5
2022-03-25T09:00:00,3598A,111.1,34.7167,三门峡市,富达温泉假日酒店,细颗粒物(PM2.5),100,104,74,75,57,79,13,49,29,36,16,12,8,0.9,0.7
2022-03-25T09:00:00,3599A,106.2649,29.9851,重庆市,书院路,,50,50,45,20,17,55,11,29,24,27,24,10,10,0.7,0.7
2022-03-25T09:00:00,3600A,106.2339,29.5559,重庆市,虎峰,细颗粒物(PM2.5),84,66,47,62,33,48,14,23,22,30,26,51,25,0.8,0.8
2022-03-25T09:00:00,3601A,106.0499,29.8342,重庆市,龙门街,颗粒物(PM10),53,55,43,23,13,77,21,50,36,36,36,6,6,0.9,0.8
2022-03-25T09:00:00,3604A,119.3266,35.1044,日照市,岚山环保分局,,24,2,49,7,28,147,76,78,74,21,35,1,3,0.5,0.5
2022-03-25T09:00:00,3605A,109.09,34.5236,西安市,无线电监控中心,"颗粒物(PM10),细颗粒物(PM2.5)",58,65,115,41,71,133,36,42,33,26,28,7,14,0.5,0.7
2022-03-25T09:00:00,3606A,108.7108,34.46,西咸新区,北杜,细颗粒物(PM2.5),79,63,97,58,75,138,17,43,24,28,39,7,13,0.8,0.9
2022-03-25T09:00:00,3607A,108.7096,34.2956,西咸新区,同德佳苑,颗粒物(PM10),78,106,137,56,85,134,35,43,34,29,44,1,6,0.5,0.7
2022-03-25T09:00:00,3608A,108.8558,34.4978,西咸新区,崇文塔,颗粒物(PM10),66,82,117,44,59,126,21,46,28,29,32,7,12,0.7,0.8
2022-03-25T09:00:00,3610A,105.5933,29.4105,重庆市,昌元,颗粒物(PM10),52,53,42,27,22,72,30,44,36,24,16,14,13,0.6,0.6
2022-03-25T09:00:00,3612A,85.1045,45.6899,克拉玛依市,白碱滩区新站,,24,8,13,6,10,95,75,95,81,9,8,8,8,0.4,0.4
2022-03-25T09:00:00,3613A,87.3095,44.0142,昌吉州,亚心广场,,24,24,22,6,12,97,34,29,29,39,30,7,6,0.5,0.4
2022-03-25T09:00:00,3614A,79.924,37.0877,和田地区,地区环保局,"颗粒物(PM10),细颗粒物(PM2.5)",500,5507,1655,1434,345,88,59,66,66,8,13,8,9,2.4,2.4
2022-03-25T09:00:00,3616A,106.7616,31.8344,巴中市,市中心医院,,42,42,38,24,19,79,5,8,8,29,28,5,5,0.7,0.5
2022-03-25T09:00:00,3617A,105.8047,32.4166,广元市,经开区,颗粒物(PM10),153,256,68,81,28,60,43,38,38,31,33,5,9,,0.6
2022-03-25T09:00:00,3618A,112.4701,37.782,太原市,金胜,细颗粒物(PM2.5),99,93,157,74,100,70,32,31,14,46,64,12,18,0.5,1
2022-03-25T09:00:00,3619A,113.617,37.8571,阳泉市,龙柱,细颗粒物(PM2.5),226,233,206,176,146,102,15,26,13,60,47,20,21,1.2,1.2
2022-03-25T09:00:00,3620A,112.8271,35.4828,晋城市,泽州一中,细颗粒物(PM2.5),119,150,73,90,37,97,33,82,57,28,22,6,6,1.8,0.9
2022-03-25T09:00:00,3621A,106.8288,39.6778,乌海市,聚英学校,颗粒物(PM10),94,138,230,32,61,97,87,88,88,9,5,12,12,0.4,0.5
2022-03-25T09:00:00,3622A,113.5556,24.8082,韶关市,碧湖山庄,,22,22,17,9,14,41,15,27,20,9,8,6,5,0.8,0.7
2022-03-25T09:00:00,3624A,116.4069,23.2533,汕头市,潮南子站,,32,17,20,22,18,79,49,75,65,25,23,8,8,0.7,0.7
2022-03-25T09:00:00,3625A,113.2544,22.7642,佛山市,容桂街道办,,35,29,19,24,15,12,3,2,2,60,47,4,3,1.3,1.1
2022-03-25T09:00:00,3626A,113.7533,23.0202,东莞市,南城元岭,,,9,21,9,16,30,,,,37,38,7,7,0.2,0.3
2022-03-25T09:00:00,3627A,113.7875,23.0457,东莞市,东城主山,,27,27,24,16,16,27,13,15,15,49,31,8,8,0.8,0.7
2022-03-25T09:00:00,3628A,112.0336,22.9374,云浮市,文笔,,19,14,12,13,16,19,6,4,4,35,35,9,8,1.2,0.8
2022-03-25T09:00:00,3629A,101.8305,36.5786,西宁市,世纪职校,颗粒物(PM10),92,134,202,42,58,94,56,78,70,26,21,9,19,0.4,0.6
2022-03-25T09:00:00,3630A,101.7413,36.6397,西宁市,师大城西校区,颗粒物(PM10),84,117,197,46,58,94,53,81,72,36,26,8,25,0.6,0.6
2022-03-25T09:00:00,3633A,118.4918,31.6809,马鞍山市,雨山,,20,19,34,9,19,119,62,77,60,12,17,5,6,0.7,0.6
2022-03-25T09:00:00,3634A,116.9884,33.6305,宿州市,宿州学院,,40,30,45,28,32,107,62,71,71,13,15,1,3,0.5,0.5
2022-03-25T09:00:00,3635A,112.3677,34.662,洛阳市,河科大西苑校区,细颗粒物(PM2.5),79,68,80,58,57,62,25,47,40,34,27,4,4,0.6,0.5
2022-03-25T09:00:00,3636A,112.4388,34.6781,洛阳市,英才小学,细颗粒物(PM2.5),69,57,71,50,48,76,45,44,42,12,20,2,4,0.6,0.5
2022-03-25T09:00:00,3637A,131.0176,45.7761,七台河市,人民广场,,48,48,52,33,35,109,79,101,82,22,19,20,18,0.7,0.8
2022-03-25T09:00:00,3638A,104.7636,29.3338,自贡市,轻化工大学,细颗粒物(PM2.5),99,111,69,74,40,92,15,61,29,37,19,8,8,0.6,0.5
2022-03-25T09:00:00,3639A,104.4019,31.1244,德阳市,市教育局,颗粒物(PM10),63,76,60,43,34,72,4,3,3,57,40,8,7,0.7,0.5
2022-03-25T09:00:00,3642A,120.3503,36.0736,青岛市,市北区南部,,28,24,55,12,26,155,89,104,97,23,17,4,5,0.5,0.5
2022-03-25T09:00:00,3643A,120.3948,36.1805,青岛市,李沧区北部,,35,27,43,24,25,133,76,98,88,29,22,5,6,0.3,0.4
2022-03-25T09:00:00,3644A,117.8661,36.805,淄博市,三金集团,颗粒物(PM10),71,91,68,3,42,131,68,131,100,12,10,11,10,0.8,0.6
2022-03-25T09:00:00,3645A,118.0253,36.8406,淄博市,东风化工厂,细颗粒物(PM2.5),118,100,70,89,45,132,67,132,101,42,19,5,6,0.5,0.4
2022-03-25T09:00:00,3646A,118.4978,37.4623,东营市,胜利站,,45,45,65,31,39,126,36,111,66,44,26,13,13,1.0,0.9
2022-03-25T09:00:00,3647A,115.4702,35.2706,菏泽市,菏泽医专,细颗粒物(PM2.5),132,114,83,100,53,96,51,64,63,32,22,3,6,0.9,0.7
2022-03-25T09:00:00,3648A,106.2112,37.9768,吴忠市,文卫南街,颗粒物(PM10),137,223,189,72,58,107,64,80,66,28,19,15,18,0.7,0.6
2022-03-25T09:00:00,3650A,105.1698,37.5162,中卫市,沙坡头区政府站,颗粒物(PM10),66,81,398,14,92,95,90,84,80,5,7,5,5,0.2,0.2
2022-03-25T09:00:00,3652A,109.4809,36.5786,延安市,西北局旧址,颗粒物(PM10),87,124,103,25,35,100,72,58,58,19,50,1,3,0.3,0.8
2022-03-25T09:00:00,3653A,111.3119,30.7273,宜昌市,云深路,,21,2,50,10,34,60,9,40,26,41,26,6,6,0.7,0.5
2022-03-25T09:00:00,3654A,114.8094,30.4089,鄂州市,精准医疗中心,,17,10,32,4,18,86,7,42,26,34,24,4,14,0.7,1.2
2022-03-25T09:00:00,3655A,114.3375,29.8683,咸宁市,长江产业园,,14,5,18,6,16,73,10,43,28,27,11,4,4,1.0,0.7
2022-03-25T09:00:00,3656A,120.1556,30.2864,杭州市,消防大队,,25,25,39,10,18,125,36,44,41,45,46,6,7,0.8,0.6
2022-03-25T09:00:00,3658A,120.6153,30.0764,绍兴市,袍江中学,,23,7,19,2,8,134,71,95,81,18,16,4,5,0.4,0.4
2022-03-25T09:00:00,3659A,119.656,29.1131,金华市,气象局,,21,17,28,13,17,123,26,66,40,41,28,9,9,0.8,0.5
2022-03-25T09:00:00,3662A,123.6333,47.2075,齐齐哈尔市,富区青少年活动中心,,25,25,50,12,25,90,56,68,56,17,11,5,6,0.7,0.7
2022-03-25T09:00:00,3663A,124.1164,50.4278,大兴安岭地区,红旗社区,,30,25,34,15,16,101,94,96,96,5,8,3,5,0.2,0.2
2022-03-25T09:00:00,3664A,119.4172,34.7341,连云港市,连云街道,,31,11,50,11,37,159,13,99,58,62,18,7,7,0.8,0.9
2022-03-25T09:00:00,3665A,76.1658,39.7157,克孜勒苏柯尔克孜自治州,克州文化中心,颗粒物(PM10),500,2560,1468,479,249,101,69,80,71,7,8,4,4,0.3,0.3
2022-03-25T09:00:00,3667A,111.0283,35.0547,运城市,水利职院,细颗粒物(PM2.5),99,100,85,74,54,97,21,62,27,32,23,7,6,0.9,0.7
2022-03-25T09:00:00,3668A,111.5036,36.0414,临汾市,城南,细颗粒物(PM2.5),72,66,113,52,85,74,3,46,24,42,52,4,16,0.9,1.3
2022-03-25T09:00:00,3669A,114.4705,36.0637,安阳市,左辅环卫站,细颗粒物(PM2.5),115,81,86,87,72,67,25,14,14,21,30,4,5,0.8,0.8
2022-03-25T09:00:00,3670A,111.0522,35.0439,运城市,禹都公园,细颗粒物(PM2.5),90,94,76,67,46,88,25,68,34,25,17,7,5,0.7,0.5
2022-03-25T09:00:00,3671A,116.088,39.9726,北京市,门头沟三家店,细颗粒物(PM2.5),92,108,169,68,119,44,36,10,10,23,46,2,2,0.5,1
2022-03-25T09:00:00,3672A,116.1541,39.8204,北京市,丰台云岗,细颗粒物(PM2.5),90,108,174,67,120,33,27,7,7,35,50,2,2,0.6,0.8
2022-03-25T09:00:00,3673A,116.6804,39.9081,北京市,通州东关,颗粒物(PM10),62,74,135,29,97,44,44,13,13,17,40,3,2,0.4,0.9
2022-03-25T09:00:00,3674A,115.9577,39.7603,北京市,房山燕山,细颗粒物(PM2.5),139,139,171,106,127,73,31,14,14,25,50,3,2,0.7,0.9
2022-03-25T09:00:00,3675A,116.4672,39.7733,北京市,大兴旧宫,细颗粒物(PM2.5),69,75,128,50,91,35,35,10,10,22,43,3,2,0.5,0.9
2022-03-25T09:00:00,3676A,113.2802,40.0995,大同市,第二人民医院,颗粒物(PM10),123,196,136,36,57,75,59,75,68,21,38,15,15,0.5,0.8
2022-03-25T09:00:00,3677A,98.5881,24.4368,德宏州,芒市人民政府综合楼,颗粒物(PM10),53,56,76,35,50,122,55,62,61,17,13,2,4,0.8,0.7
2022-03-25T09:00:00,3678A,116.5907,35.4054,济宁市,市第七中学,细颗粒物(PM2.5),89,76,68,66,60,106,43,104,68,24,15,10,12,0.8,0.8
2022-03-25T09:00:00,3682A,116.9814,36.6819,济南市,济南四建,细颗粒物(PM2.5),132,78,67,100,50,103,46,26,26,51,43,10,10,1.5,0.7
2022-03-25T09:00:00,3683A,109.8331,40.6576,包头市,昆区政府,颗粒物(PM10),72,93,98,36,35,87,51,73,60,23,17,9,12,0.6,0.6
2022-03-25T09:00:00,3684A,130.8781,45.8222,七台河市,新建矿广场,,,,86,30,40,115,72,78,70,24,28,11,19,0.9,0.9
2022-03-25T09:00:00,3685A,117.897,28.4315,上饶市,双创科技城,,35,29,40,24,23,94,34,45,44,21,17,17,15,0.7,0.6
2022-03-25T09:00:00,3689A,113.9003,35.372,新乡市,行政服务中心,细颗粒物(PM2.5),72,65,90,52,56,78,33,32,32,23,25,8,10,0.8,0.5
2022-03-25T09:00:00,3690A,115.9721,28.7031,南昌市,外国语学校,,23,11,24,16,18,89,23,39,28,15,15,2,3,0.6,0.5
2022-03-25T09:00:00,3693A,118.1436,39.6202,唐山市,路南电大,细颗粒物(PM2.5),127,117,93,96,81,108,36,26,21,36,32,17,11,1.7,1
2022-03-25T09:00:00,3694A,115.986,40.4563,北京市,延庆石河营,细颗粒物(PM2.5),122,131,148,92,113,89,6,3,3,27,22,1,2,1.6,1.1
2022-03-25T09:00:00,3695A,116.6151,40.3053,北京市,怀柔新城,细颗粒物(PM2.5),117,112,128,88,106,50,26,19,19,14,27,3,3,0.7,0.9
2022-03-25T09:00:00,3696A,116.2545,39.8768,北京市,丰台小屯,细颗粒物(PM2.5),89,110,181,66,130,38,38,10,10,32,56,1,2,0.6,1
2022-03-25T09:00:00,3697A,116.84,40.3844,北京市,密云镇,颗粒物(PM10),62,73,98,32,81,47,47,20,20,10,28,3,3,0.4,0.7
2022-03-25T09:00:00,3698A,111.5968,40.8178,呼和浩特市,红旗小学,颗粒物(PM10),67,83,76,18,30,88,44,82,72,43,25,15,12,0.4,0.5
2022-03-25T09:00:00,3699A,111.6518,40.8389,呼和浩特市,海东办,颗粒物(PM10),76,102,83,19,24,96,44,87,61,35,21,13,10,0.3,0.3
2022-03-25T09:00:00,3700A,103.0456,29.9956,雅安市,康养中心(对照点),,48,41,38,33,25,69,58,61,61,7,18,5,5,0.4,0.5
2022-03-25T09:00:00,3701A,116.9648,33.6252,宿州市,皖北煤电集团,,28,27,43,19,26,108,60,68,68,12,11,3,3,0.6,0.6
2022-03-25T09:00:00,3703A,114.2917,36.0949,安阳市,安钢职工学校,细颗粒物(PM2.5),135,153,128,103,82,65,18,11,11,32,35,11,10,1.7,1.3
2022-03-25T09:00:00,3706A,122.2584,43.6333,通辽市,老干部活动中心,,50,50,131,27,58,112,80,90,67,9,12,7,12,0.3,0.6
2022-03-25T09:00:00,3707A,131.0207,45.3073,鸡西市,欧美日汽修厂,细颗粒物(PM2.5),70,67,60,51,34,102,56,72,58,29,24,10,6,0.2,0.2
2022-03-25T09:00:00,3708A,122.2922,43.6189,通辽市,东方明珠社区,颗粒物(PM10),53,55,143,28,74,109,85,92,77,19,24,3,7,0.6,0.8
2022-03-25T09:00:00,3709A,130.9967,45.3106,鸡西市,市政设施管理处,细颗粒物(PM2.5),83,58,58,61,38,102,52,68,50,33,27,11,7,0.6,0.5
2022-03-25T09:00:00,3710A,121.5594,29.8975,宁波市,白沙活动中心,,30,30,32,5,9,129,71,92,80,27,22,6,6,1.1,0.7
2022-03-25T09:00:00,3713A,124.3419,43.1666,四平市,世纪城,细颗粒物(PM2.5),74,63,72,54,52,116,83,106,88,22,23,6,7,0.5,0.5
2022-03-25T09:00:00,3715A,117.3092,32.9314,蚌埠市,蚌埠田家炳中学,,29,29,42,14,27,112,25,80,68,43,18,7,8,0.5,0.3
2022-03-25T09:00:00,3719A,97.1714,31.1406,昌都市,昌都会议中心,,22,8,6,11,7,127,69,106,91,14,4,6,6,1.0,0.8
2022-03-25T09:00:00,3726A,88.8781,29.2426,日喀则市,林业技术推广中心,,38,12,25,6,7,132,119,123,122,12,12,3,4,0.5,0.5
2022-03-25T09:00:00,3728A,104.68,28.8071,宜宾市,白酒学院,细颗粒物(PM2.5),68,61,62,49,48,95,28,46,30,32,24,15,9,0.7,0.6
2022-03-25T09:00:00,3734A,118.35,37.26,东营市,理想之城,颗粒物(PM10),52,53,77,22,40,123,42,96,58,38,25,17,14,1.0,0.8
2022-03-25T09:00:00,3860A,118.3920,35.0300,临沂市,皇山花园小区,细颗粒物(PM2.5),52,31,68,36,51,148,33,43,40,31,26,4,6,2.0,0.8
2022-03-25T09:00:00,3861A,119.2041,36.7699,潍坊市,寒亭区实验一小,,25,19,64,17,30,135,60,74,68,22,18,4,6,0.4,0.5
2022-03-25T09:00:00,3866A,122.2469,40.66302,营口市,三高中,,,55,93,24,61,136,93,109,102,16,16,4,9,,0.3
2022-03-25T09:00:00,3867A,102.0738,36.5056,海东地区,平安区公安北苑,颗粒物(PM10),88,125,182,50,56,103,70,88,79,18,17,11,16,0.3,0.4
