timepoint,stationcode,longitude,latitude,area,positionname,primarypollutant,aqi,pm10,pm10_24h,pm2_5,pm2_5_24h,o3,o3_24h,o3_8h,o3_8h_24h,no2,no2_24h,so2,so2_24h,co,co_24h
2022-11-06T22:00:00,1001A,116.3621,39.8784,北京市,万寿西宫,细颗粒物(PM2.5),165,166,135,125,94,39,10,26,15,81,70,1,3,1.5,0.9
2022-11-06T22:00:00,1002A,116.2202,40.2915,北京市,定陵(对照点),细颗粒物(PM2.5),138,153,108,105,70,81,31,66,54,25,22,1,2,0.7,0.6
2022-11-06T22:00:00,1003A,116.4174,39.9289,北京市,东四,细颗粒物(PM2.5),152,179,146,116,92,38,3,24,12,60,47,2,3,1.2,0.8
2022-11-06T22:00:00,1004A,116.4072,39.8863,北京市,天坛,细颗粒物(PM2.5),145,144,129,111,93,44,2,23,10,46,54,3,3,1.1,0.9
2022-11-06T22:00:00,1005A,116.462,39.9365,北京市,农展馆,细颗粒物(PM2.5),145,176,150,111,90,41,0,25,9,78,67,2,3,1.1,0.9
2022-11-06T22:00:00,1006A,116.3392,39.9295,北京市,官园,细颗粒物(PM2.5),158,169,128,120,85,39,0,25,10,80,67,3,4,1.2,0.8
2022-11-06T22:00:00,1007A,116.2878,39.9611,北京市,海淀万柳,细颗粒物(PM2.5),149,172,125,114,80,51,0,28,12,70,64,3,3,1.1,0.7
2022-11-06T22:00:00,1008A,116.6636,40.135,北京市,顺义新城,细颗粒物(PM2.5),152,186,128,116,70,60,1,44,20,79,55,1,3,0.9,0.6
2022-11-06T22:00:00,1009A,116.6275,40.3275,北京市,怀柔镇,细颗粒物(PM2.5),134,156,96,102,61,72,0,55,30,81,39,1,3,0.9,0.6
2022-11-06T22:00:00,1010A,116.2296,40.217,北京市,昌平镇,细颗粒物(PM2.5),143,162,107,109,70,72,26,51,31,38,41,2,3,0.7,0.6
2022-11-06T22:00:00,1011A,116.3966,39.9821,北京市,奥体中心,细颗粒物(PM2.5),153,177,130,117,81,40,1,25,12,82,68,3,3,1.5,0.8
2022-11-06T22:00:00,1012A,116.184,39.9136,北京市,古城,细颗粒物(PM2.5),155,182,133,118,78,52,1,30,13,88,67,1,2,1.1,0.7
2022-11-06T22:00:00,1015A,117.1444,39.1661,天津市,勤俭道,细颗粒物(PM2.5),130,143,121,99,80,67,1,58,22,74,57,9,11,0.9,0.8
2022-11-06T22:00:00,1017A,117.237,39.1082,天津市,大直沽八号路,细颗粒物(PM2.5),110,141,107,83,62,69,0,60,26,79,59,7,10,1.2,1
2022-11-06T22:00:00,1018A,117.202,39.0927,天津市,前进道,细颗粒物(PM2.5),110,145,111,83,64,72,2,59,28,78,60,9,12,0.9,0.7
2022-11-06T22:00:00,1019A,117.1837,39.2133,天津市,淮河道,细颗粒物(PM2.5),128,149,127,97,78,68,1,58,17,80,63,10,12,0.9,0.8
2022-11-06T22:00:00,1021A,117.307,39.0877,天津市,跃进路,细颗粒物(PM2.5),113,149,121,85,66,71,2,57,25,70,64,8,11,0.9,0.8
2022-11-06T22:00:00,1023A,117.707,39.0343,天津市,第四大街,细颗粒物(PM2.5),128,146,103,97,68,82,0,62,19,74,63,7,11,0.9,0.8
2022-11-06T22:00:00,1024A,117.457,38.8394,天津市,永明路,细颗粒物(PM2.5),110,136,101,83,66,90,0,68,32,75,56,9,12,1.0,0.7
2022-11-06T22:00:00,1026A,117.764,39.1587,天津市,汉北路,细颗粒物(PM2.5),132,161,112,100,70,82,3,66,32,71,62,9,12,1.4,0.9
2022-11-06T22:00:00,1027A,117.157,38.9194,天津市,团泊洼(对照点),,,,,,,,,,,,,,,,
2022-11-06T22:00:00,1029A,114.4422,38.0444,石家庄市,职工医院,细颗粒物(PM2.5),162,174,138,123,112,79,3,55,37,66,47,5,7,0.7,1
2022-11-06T22:00:00,1030A,114.6063,38.0266,石家庄市,高新区,细颗粒物(PM2.5),140,131,146,107,108,61,10,41,30,55,46,4,5,0.8,1.2
2022-11-06T22:00:00,1031A,114.4898,38.1328,石家庄市,西北水源,细颗粒物(PM2.5),143,174,156,109,102,58,2,41,26,69,52,6,7,1.1,1.3
2022-11-06T22:00:00,1032A,114.4586,38.0058,石家庄市,西南高教,细颗粒物(PM2.5),143,125,138,109,115,71,14,53,40,52,50,5,6,0.8,1.2
2022-11-06T22:00:00,1033A,114.5331,38.0178,石家庄市,世纪公园,细颗粒物(PM2.5),137,134,142,104,102,63,20,39,31,40,47,5,5,0.9,1.3
2022-11-06T22:00:00,1034A,114.509,38.0457,石家庄市,人民会堂,细颗粒物(PM2.5),156,150,148,119,126,73,17,51,40,49,46,5,7,0.9,1.2
2022-11-06T22:00:00,1035A,114.3524,37.8911,石家庄市,封龙山(对照点),细颗粒物(PM2.5),148,122,137,113,105,103,84,77,77,29,35,,10,1.2,1.4
2022-11-06T22:00:00,1037A,118.131,39.6363,唐山市,雷达站,细颗粒物(PM2.5),128,148,135,97,91,65,1,28,8,81,70,10,6,1.3,1.2
2022-11-06T22:00:00,1038A,118.1725,39.6334,唐山市,物资局,细颗粒物(PM2.5),134,141,128,102,84,61,4,27,13,93,82,14,12,1.2,1.1
2022-11-06T22:00:00,1040A,118.1705,39.6506,唐山市,十二中,颗粒物(PM10),94,138,139,65,82,60,0,24,9,94,82,12,10,1.3,1.2
2022-11-06T22:00:00,1041A,118.1869,39.622,唐山市,小山,细颗粒物(PM2.5),129,165,141,98,86,61,0,26,11,93,77,17,10,1.1,1.1
2022-11-06T22:00:00,1042A,119.5134,39.8207,秦皇岛市,北戴河环保局,细颗粒物(PM2.5),104,119,104,78,73,121,43,82,81,52,45,12,14,0.6,0.6
2022-11-06T22:00:00,1043A,119.7493,40.0116,秦皇岛市,第一关,细颗粒物(PM2.5),114,106,103,86,67,98,5,72,46,109,67,14,14,1.1,1.1
2022-11-06T22:00:00,1044A,119.5897,39.9499,秦皇岛市,监测站,细颗粒物(PM2.5),129,126,85,98,55,98,17,70,59,69,48,14,15,1.1,0.9
2022-11-06T22:00:00,1046A,119.5251,39.9041,秦皇岛市,建设大厦,细颗粒物(PM2.5),113,126,100,85,56,106,39,74,61,64,55,16,15,1.1,1.1
2022-11-06T22:00:00,1047A,114.5129,36.61763,邯郸市,环保局,,,,,,,,,,,,,,,,
2022-11-06T22:00:00,1048A,114.5302,36.6116,邯郸市,东污水处理厂,细颗粒物(PM2.5),200,172,94,150,73,97,26,84,60,91,38,12,23,0.9,0.5
2022-11-06T22:00:00,1049A,114.4918,36.5713,邯郸市,矿院,细颗粒物(PM2.5),216,174,96,166,76,112,40,91,78,65,41,13,24,1.2,0.6
2022-11-06T22:00:00,1050A,114.484,36.6133,邯郸市,丛台公园,细颗粒物(PM2.5),202,201,98,152,71,102,21,81,61,59,35,7,13,1.2,0.5
2022-11-06T22:00:00,1051A,115.493,38.8632,保定市,游泳馆,细颗粒物(PM2.5),169,147,129,128,114,20,4,14,11,65,67,7,9,0.8,0.9
2022-11-06T22:00:00,1052A,115.5213,38.8959,保定市,华电二区,细颗粒物(PM2.5),178,131,120,134,106,20,11,13,12,62,90,5,5,1.1,1.1
2022-11-06T22:00:00,1053A,115.4713,38.9108,保定市,接待中心,细颗粒物(PM2.5),153,147,135,117,94,25,0,14,11,63,59,6,6,0.9,0.8
2022-11-06T22:00:00,1054A,115.4612,38.8416,保定市,地表水厂,细颗粒物(PM2.5),207,164,139,157,101,23,2,15,11,68,68,6,8,0.7,0.7
2022-11-06T22:00:00,1055A,115.4323,38.8697,保定市,胶片厂,,,,,,,,,,,,,,,,
2022-11-06T22:00:00,1056A,115.5086,38.8639,保定市,监测站,细颗粒物(PM2.5),163,141,136,124,106,22,10,15,13,64,65,6,6,0.9,1
2022-11-06T22:00:00,1057A,114.8883,40.8336,张家口市,人民公园,,23,22,51,9,24,82,72,67,64,11,23,15,19,0.3,0.4
2022-11-06T22:00:00,1059A,114.8687,40.8042,张家口市,五金库,,21,17,45,10,29,70,65,60,57,8,18,35,14,0.1,0.3
2022-11-06T22:00:00,1060A,114.8902,40.762,张家口市,世纪豪园,,26,26,56,10,29,83,68,68,66,8,18,6,7,0.5,0.7
2022-11-06T22:00:00,1061A,114.8916,40.8661,张家口市,北泵房(对照点),,47,47,60,22,29,87,63,72,63,15,21,11,16,0.5,0.7
2022-11-06T22:00:00,1062A,117.9531,40.9081,承德市,铁路,"颗粒物(PM10),细颗粒物(PM2.5)",82,113,62,60,29,67,9,36,26,60,47,8,11,1.0,0.7
2022-11-06T22:00:00,1063A,117.9392,40.9763,承德市,中国银行,细颗粒物(PM2.5),119,124,62,90,36,88,4,51,34,65,42,4,6,1.2,0.8
2022-11-06T22:00:00,1064A,117.9503,40.928,承德市,开发区,细颗粒物(PM2.5),85,105,50,63,27,86,5,53,38,71,45,7,9,1.2,0.8
2022-11-06T22:00:00,1065A,117.8051,40.9655,承德市,文化中心,细颗粒物(PM2.5),108,129,83,81,43,74,3,41,26,66,48,5,8,1.4,0.8
2022-11-06T22:00:00,1066A,117.9268,41.0026,承德市,离宫(对照点),细颗粒物(PM2.5),99,88,47,74,32,103,20,73,58,56,34,9,11,0.9,0.5
2022-11-06T22:00:00,1067A,116.6708,39.5111,廊坊市,药材公司,细颗粒物(PM2.5),114,118,127,86,87,28,1,16,3,47,64,6,9,1.0,0.8
2022-11-06T22:00:00,1068A,116.7214,39.5589,廊坊市,开发区,细颗粒物(PM2.5),103,109,124,77,90,22,2,20,4,60,70,8,9,1.0,1
2022-11-06T22:00:00,1070A,116.7244,39.5269,廊坊市,北华航天学院,,,,135,,96,38,4,17,6,56,69,5,7,1.0,0.9
2022-11-06T22:00:00,1071A,116.8842,38.2991,沧州市,沧县城建局,细颗粒物(PM2.5),144,130,90,110,67,117,12,102,66,68,33,11,10,0.9,0.7
2022-11-06T22:00:00,1072A,116.8584,38.3254,沧州市,电视转播站,细颗粒物(PM2.5),128,134,110,97,59,128,14,114,72,56,25,14,14,0.8,0.7
2022-11-06T22:00:00,1073A,116.8709,38.3228,沧州市,市环保局,细颗粒物(PM2.5),144,134,93,110,61,125,15,111,72,63,28,9,10,0.8,0.6
2022-11-06T22:00:00,1074A,115.6838,37.7541,衡水市,电机北厂,细颗粒物(PM2.5),132,157,108,100,69,103,3,88,62,,35,12,17,0.6,0.6
2022-11-06T22:00:00,1075A,115.6303,37.7316,衡水市,市监测站,细颗粒物(PM2.5),128,144,110,97,70,99,3,85,60,63,34,5,9,0.8,0.6
2022-11-06T22:00:00,1077A,114.4704,37.0886,邢台市,达活泉,细颗粒物(PM2.5),226,201,139,176,120,97,31,81,69,49,48,6,14,1.2,1.2
2022-11-06T22:00:00,1078A,114.5062,37.0349,邢台市,邢师高专,细颗粒物(PM2.5),228,174,121,178,104,94,35,81,68,45,42,9,9,1.2,1.1
2022-11-06T22:00:00,1079A,114.5237,37.0851,邢台市,路桥公司,细颗粒物(PM2.5),220,191,130,170,109,104,28,86,68,52,47,10,12,1.6,1.1
2022-11-06T22:00:00,1080A,114.4725,37.0719,邢台市,市环保局,细颗粒物(PM2.5),223,205,156,173,119,99,34,79,69,42,45,8,11,1.1,1.2
2022-11-06T22:00:00,1081A,112.5139,37.8873,太原市,尖草坪,细颗粒物(PM2.5),103,120,138,77,93,82,11,71,57,83,60,11,12,0.9,1
2022-11-06T22:00:00,1083A,112.434,38.0108,太原市,上兰(对照点),,,,,,,,,,,,,,,,
2022-11-06T22:00:00,1084A,112.469,37.7124,太原市,晋源,颗粒物(PM10),58,66,137,37,86,88,76,75,74,33,54,6,12,0.5,1
2022-11-06T22:00:00,1085A,112.5583,37.7394,太原市,小店,"颗粒物(PM10),细颗粒物(PM2.5)",64,77,141,46,90,83,52,65,61,52,58,6,10,0.7,1
2022-11-06T22:00:00,1086A,112.5369,37.8692,太原市,桃园,细颗粒物(PM2.5),107,128,138,80,90,83,3,69,55,91,58,11,10,1.2,1.1
2022-11-06T22:00:00,1087A,112.57,37.8195,太原市,坞城,细颗粒物(PM2.5),103,113,134,77,87,88,36,72,62,53,50,14,13,1.1,1.1
2022-11-06T22:00:00,1088A,112.549,37.9854,太原市,南寨,细颗粒物(PM2.5),124,168,151,94,92,80,3,59,39,65,59,6,12,1.1,1.2
2022-11-06T22:00:00,1089A,112.4701,37.782,太原市,金胜,,,,,,,,,,,,,,,,
2022-11-06T22:00:00,1090A,111.6507,40.7517,呼和浩特市,呼市一监,,,14,41,4,25,58,32,50,41,,,8,6,0.6,0.8
2022-11-06T22:00:00,1091A,111.6572,40.8033,呼和浩特市,小召,,19,14,39,4,25,105,60,94,84,22,38,18,12,0.4,0.5
2022-11-06T22:00:00,1094A,111.7516,40.8369,呼和浩特市,如意水处理厂,,17,9,41,2,21,83,53,76,68,34,41,3,3,0.6,0.9
2022-11-06T22:00:00,1095A,111.7276,40.8062,呼和浩特市,二十九中,,22,9,42,2,25,99,69,87,81,14,35,9,9,0.7,0.9
2022-11-06T22:00:00,1096A,111.5512,40.7866,呼和浩特市,工大金川校区,,,,,,,,,,,,,,,,
2022-11-06T22:00:00,1097A,111.717,40.7612,呼和浩特市,化肥厂生活区,,,8,46,3,28,98,72,88,81,,,10,11,0.4,0.7
2022-11-06T22:00:00,1098A,123.6836,41.9339,沈阳市,森林路(对照点),,,,,,,,,,,,,,,,
2022-11-06T22:00:00,1099A,123.505,41.7406,沈阳市,浑南东路,细颗粒物(PM2.5),82,85,85,60,53,96,21,76,53,54,40,13,19,0.9,0.9
2022-11-06T22:00:00,1100A,123.4231,41.6989,沈阳市,新秀街,细颗粒物(PM2.5),89,94,102,66,55,92,31,74,56,39,39,47,24,0.9,1
2022-11-06T22:00:00,1102A,123.5903,41.8411,沈阳市,东陵路,细颗粒物(PM2.5),80,84,95,59,56,97,28,75,55,41,38,12,21,1.0,1.3
2022-11-06T22:00:00,1103A,123.4264,41.8467,沈阳市,陵东街,细颗粒物(PM2.5),68,76,103,49,58,93,58,76,69,30,47,14,25,0.8,1.4
2022-11-06T22:00:00,1104A,123.4114,41.7653,沈阳市,文化路,细颗粒物(PM2.5),95,97,105,71,66,96,37,79,65,39,43,23,27,1.0,1.2
2022-11-06T22:00:00,1105A,123.4678,41.7867,沈阳市,小河沿,细颗粒物(PM2.5),82,104,110,60,62,92,36,76,64,33,43,9,17,0.7,1.1
2022-11-06T22:00:00,1106A,123.4017,41.7972,沈阳市,太原街,细颗粒物(PM2.5),88,93,94,65,66,90,44,74,64,44,47,24,27,0.8,1.1
2022-11-06T22:00:00,1108A,123.3783,41.9228,沈阳市,京沈街,细颗粒物(PM2.5),84,68,100,62,66,97,59,77,69,30,48,28,28,0.8,1.2
2022-11-06T22:00:00,1109A,121.612,38.9741,大连市,甘井子,细颗粒物(PM2.5),102,104,86,76,61,93,84,76,67,33,51,11,17,0.9,0.8
2022-11-06T22:00:00,1110A,121.565,38.9511,大连市,周水子,细颗粒物(PM2.5),123,158,93,93,55,102,10,78,47,111,63,26,18,2.0,1.3
2022-11-06T22:00:00,1111A,121.5637,38.8845,大连市,星海三站,细颗粒物(PM2.5),127,127,94,96,82,90,16,79,57,77,45,14,12,1.4,1.1
2022-11-06T22:00:00,1112A,121.6302,38.9117,大连市,青泥洼桥,颗粒物(PM10),92,134,85,49,53,110,50,94,65,70,48,10,11,1.2,1.1
2022-11-06T22:00:00,1113A,121.6251,38.8638,大连市,傅家庄,细颗粒物(PM2.5),65,74,61,47,43,110,90,103,102,26,25,9,10,1.2,1.2
2022-11-06T22:00:00,1114A,121.5213,38.8661,大连市,七贤岭,细颗粒物(PM2.5),84,98,75,62,46,120,40,96,71,40,35,7,10,1.1,1
2022-11-06T22:00:00,1115A,121.2529,38.8061,大连市,旅顺,,45,26,56,31,56,106,97,100,97,15,21,5,7,0.5,0.7
2022-11-06T22:00:00,1116A,121.7485,39.1311,大连市,金州,细颗粒物(PM2.5),80,80,77,59,56,94,94,80,80,28,41,14,14,0.9,0.9
2022-11-06T22:00:00,1117A,121.7811,39.0496,大连市,开发区,细颗粒物(PM2.5),118,114,77,89,58,106,20,97,76,102,61,8,10,1.3,1.1
2022-11-06T22:00:00,1118A,121.9762,39.0631,大连市,双D港,细颗粒物(PM2.5),84,85,63,62,42,102,81,88,86,18,26,10,13,1.2,1.1
2022-11-06T22:00:00,1119A,125.3325,43.9166,长春市,食品厂,细颗粒物(PM2.5),109,123,73,82,43,57,4,46,16,73,51,16,19,1.1,0.7
2022-11-06T22:00:00,1120A,125.2863,43.9027,长春市,客车厂,细颗粒物(PM2.5),92,103,66,68,38,60,4,47,23,68,45,16,15,1.3,0.8
2022-11-06T22:00:00,1121A,125.2841,43.8463,长春市,邮电学院,细颗粒物(PM2.5),133,161,73,101,44,61,3,46,17,86,52,22,14,1.3,0.7
2022-11-06T22:00:00,1122A,125.3716,43.8772,长春市,劳动公园,细颗粒物(PM2.5),102,114,76,76,39,69,6,56,21,76,50,17,12,1.4,1
2022-11-06T22:00:00,1123A,125.3297,43.8805,长春市,园林处,细颗粒物(PM2.5),109,102,67,82,39,64,8,54,22,78,49,14,11,1.1,0.6
2022-11-06T22:00:00,1124A,125.4605,43.79,长春市,净月潭,颗粒物(PM10),67,84,45,47,19,74,18,65,43,45,25,8,7,1.1,0.6
2022-11-06T22:00:00,1125A,125.7194,43.515,长春市,甩湾子(对照点),,,,,,,,,,,,,,,,
2022-11-06T22:00:00,1126A,125.3863,43.8447,长春市,经开区环卫处,,,251,101,111,37,71,6,54,18,90,48,16,10,2.0,0.7
2022-11-06T22:00:00,1127A,125.245,43.7783,长春市,高新区管委会,细颗粒物(PM2.5),183,141,69,138,48,70,6,54,18,62,40,10,7,1.8,0.7
2022-11-06T22:00:00,1128A,125.1761,43.8325,长春市,岱山公园,细颗粒物(PM2.5),138,144,74,105,40,68,8,50,17,82,49,21,12,1.3,0.6
2022-11-06T22:00:00,1129A,126.5422,45.755,哈尔滨市,岭北(对照点),细颗粒物(PM2.5),180,200,123,136,93,53,18,46,36,69,39,19,15,0.9,0.5
2022-11-06T22:00:00,1130A,126.561,45.8167,哈尔滨市,松北商大,细颗粒物(PM2.5),133,,111,101,72,54,11,42,26,70,40,17,12,1.1,0.7
2022-11-06T22:00:00,1131A,126.979,45.5419,哈尔滨市,阿城会宁,颗粒物(PM10),110,169,84,,57,71,19,58,33,57,32,23,18,1.0,0.7
2022-11-06T22:00:00,1132A,126.599,45.7222,哈尔滨市,南岗学府路,细颗粒物(PM2.5),233,180,116,183,79,61,37,52,34,92,47,54,21,1.3,0.7
2022-11-06T22:00:00,1133A,126.689,45.7733,哈尔滨市,太平宏伟公园,细颗粒物(PM2.5),266,238,120,216,89,61,35,50,35,83,54,18,10,1.3,0.8
2022-11-06T22:00:00,1134A,126.635,45.7667,哈尔滨市,道外承德广场,细颗粒物(PM2.5),345,175,95,295,95,57,16,46,30,87,47,35,14,1.4,0.6
2022-11-06T22:00:00,1135A,126.685,45.7319,哈尔滨市,香坊红旗大街,细颗粒物(PM2.5),315,246,125,265,112,56,39,42,33,86,55,36,24,1.6,1
2022-11-06T22:00:00,1136A,126.6411,45.7258,哈尔滨市,动力和平路,细颗粒物(PM2.5),370,251,67,320,114,55,40,46,37,94,51,30,13,1.7,1.2
2022-11-06T22:00:00,1137A,126.593,45.7478,哈尔滨市,道里建国路,细颗粒物(PM2.5),264,210,103,214,82,56,32,43,27,93,51,36,18,3.4,1.3
2022-11-06T22:00:00,1138A,126.615,45.61,哈尔滨市,平房东轻厂,细颗粒物(PM2.5),379,340,110,329,88,65,51,57,46,94,38,31,15,2.0,0.8
2022-11-06T22:00:00,1139A,126.595,45.9855,哈尔滨市,呼兰师专,细颗粒物(PM2.5),112,158,119,84,84,60,5,48,21,71,48,16,15,1.3,0.8
2022-11-06T22:00:00,1140A,126.6206,45.6842,哈尔滨市,省农科院,细颗粒物(PM2.5),231,310,123,181,81,59,16,47,23,89,50,30,17,2.4,1.3
2022-11-06T22:00:00,1141A,121.4,31.238,上海市,普陀,,29,29,33,17,18,84,65,80,75,31,34,4,5,0.6,0.6
2022-11-06T22:00:00,1142A,121.478,31.2036,上海市,十五厂,,35,28,28,24,15,92,50,87,70,50,37,7,8,0.6,0.5
2022-11-06T22:00:00,1143A,121.467,31.3008,上海市,虹口,,29,29,29,14,14,78,52,74,66,41,39,6,7,0.6,0.6
2022-11-06T22:00:00,1144A,121.412,31.1654,上海市,徐汇上师大,,38,38,34,21,14,95,54,87,77,46,41,7,8,0.8,0.7
2022-11-06T22:00:00,1145A,121.536,31.2659,上海市,杨浦四漂,,39,34,32,17,14,88,24,81,60,77,46,7,8,0.7,0.7
2022-11-06T22:00:00,1146A,120.978,31.0935,上海市,青浦淀山湖(对照点),,,,,,,,,,,,,,,,
2022-11-06T22:00:00,1147A,121.425,31.2261,上海市,静安监测站,,29,29,33,15,16,86,61,82,75,36,32,5,6,0.5,0.5
2022-11-06T22:00:00,1148A,121.703,31.1907,上海市,浦东川沙,,34,34,28,16,13,98,52,91,70,38,26,5,6,0.6,0.5
2022-11-06T22:00:00,1149A,121.533,31.2284,上海市,浦东新区监测站,,31,31,26,19,16,79,67,75,72,22,26,6,6,0.5,0.6
2022-11-06T22:00:00,1150A,121.577,31.2071,上海市,浦东张江,,35,35,28,14,15,81,58,77,68,30,32,4,4,0.5,0.5
2022-11-06T22:00:00,1151A,118.8086,32.1065,南京市,迈皋桥,颗粒物(PM10),54,57,65,27,30,126,80,110,103,29,38,5,4,0.3,0.4
2022-11-06T22:00:00,1152A,118.7538,32.0551,南京市,草场门,,46,46,59,29,30,119,75,110,104,42,40,3,4,0.5,0.6
2022-11-06T22:00:00,1153A,118.7794,32.0745,南京市,山西路,,48,48,62,24,32,143,98,132,126,19,23,4,4,0.2,0.3
2022-11-06T22:00:00,1154A,118.7752,32.0023,南京市,中华门,颗粒物(PM10),53,56,66,34,33,129,84,116,109,27,43,4,6,0.2,0.3
2022-11-06T22:00:00,1155A,118.8109,32.0309,南京市,瑞金路,颗粒物(PM10),54,58,72,27,33,134,80,122,114,34,37,4,4,0.3,0.5
2022-11-06T22:00:00,1156A,118.7997,32.0754,南京市,玄武湖,,50,50,60,28,35,136,91,125,120,13,25,5,6,0.4,0.5
2022-11-06T22:00:00,1157A,118.6414,32.0931,南京市,浦口,颗粒物(PM10),53,56,63,27,31,126,77,112,104,38,42,3,4,0.4,0.4
2022-11-06T22:00:00,1158A,118.7356,31.9996,南京市,奥体中心,颗粒物(PM10),51,51,65,34,26,130,80,115,108,36,49,4,5,0.4,0.5
2022-11-06T22:00:00,1159A,118.9125,32.1028,南京市,仙林大学城,颗粒物(PM10),54,58,67,22,26,134,89,124,117,25,40,5,4,0.5,0.6
2022-11-06T22:00:00,1160A,120.561,31.2472,苏州市,上方山(对照点),,37,37,44,22,26,123,49,101,82,42,35,7,6,0.4,0.5
2022-11-06T22:00:00,1161A,120.628,31.2864,苏州市,南门,,,,,,,,,,,,,,,,
2022-11-06T22:00:00,1162A,120.591,31.3019,苏州市,彩香,,38,38,43,18,23,133,67,110,100,30,35,6,6,0.4,0.4
2022-11-06T22:00:00,1163A,120.596,31.3264,苏州市,轧钢厂,,32,32,46,15,21,136,71,114,103,29,42,6,7,0.6,0.7
2022-11-06T22:00:00,1164A,120.613,31.2703,苏州市,吴中区,,38,38,41,17,20,138,62,112,97,34,38,6,8,0.6,0.7
2022-11-06T22:00:00,1165A,120.543,31.2994,苏州市,苏州新区,,34,34,42,16,25,121,67,102,91,30,38,7,7,0.7,0.7
2022-11-06T22:00:00,1166A,120.669,31.3097,苏州市,苏州工业园区,,30,30,41,14,22,127,66,107,100,28,33,6,6,0.6,0.7
2022-11-06T22:00:00,1167A,120.641,31.3708,苏州市,相城区,,31,31,43,14,21,120,58,100,88,39,49,6,7,0.5,0.6
2022-11-06T22:00:00,1168A,120.9098,31.9663,南通市,狼山街道,,32,32,34,9,16,103,57,95,80,21,34,7,7,0.4,0.4
2022-11-06T22:00:00,1169A,120.86,32.0005,南通市,虹桥,,35,34,39,24,17,98,58,90,76,31,35,6,6,0.4,0.4
2022-11-06T22:00:00,1170A,120.87,32.02,南通市,城中,,,27,33,16,20,103,,97,84,27,27,5,5,0.3,0.4
2022-11-06T22:00:00,1171A,120.94,31.93,南通市,星湖花园,,27,27,36,14,15,103,60,95,75,25,33,7,7,0.3,0.4
2022-11-06T22:00:00,1172A,120.81,32.0417,南通市,紫琅学院,,36,36,38,19,15,99,56,93,77,31,36,7,7,0.3,0.3
2022-11-06T22:00:00,1173A,119.176,34.5885,连云港市,市环境监测站,颗粒物(PM10),62,73,80,31,47,102,58,95,81,33,32,7,11,0.5,0.6
2022-11-06T22:00:00,1177A,117.179,34.2761,徐州市,黄河新村,细颗粒物(PM2.5),82,102,102,60,62,138,70,116,106,44,37,10,10,1.0,0.8
2022-11-06T22:00:00,1178A,117.1918,34.2384,徐州市,淮塔,颗粒物(PM10),83,116,113,58,67,148,69,126,110,57,48,9,9,0.9,0.8
2022-11-06T22:00:00,1180A,117.256,34.2153,徐州市,新城区,细颗粒物(PM2.5),83,107,103,61,62,142,67,121,99,54,46,11,11,1.0,0.7
2022-11-06T22:00:00,1181A,117.244,34.2911,徐州市,桃园路,细颗粒物(PM2.5),77,100,108,56,58,148,92,127,120,28,35,6,6,0.9,0.6
2022-11-06T22:00:00,1182A,117.2933,34.2778,徐州市,农科院,"颗粒物(PM10),细颗粒物(PM2.5)",70,90,99,51,51,131,61,107,89,53,46,15,10,0.9,0.7
2022-11-06T22:00:00,1186A,119.389,32.3761,扬州市,邗江监测站,颗粒物(PM10),54,58,71,28,37,122,70,111,100,42,46,7,8,0.6,0.6
2022-11-06T22:00:00,1188A,120.269,31.4867,无锡市,雪浪,,32,27,46,22,20,107,59,93,84,32,36,8,8,0.6,0.7
2022-11-06T22:00:00,1189A,120.275,31.6219,无锡市,黄巷,,42,42,59,12,23,101,60,93,83,40,41,9,10,0.7,0.7
2022-11-06T22:00:00,1190A,120.294,31.56,无锡市,曹张,,50,50,51,17,21,104,39,96,78,59,36,13,12,0.5,0.5
2022-11-06T22:00:00,1191A,120.242,31.5031,无锡市,漆塘,,34,34,43,17,20,126,75,109,102,22,28,12,12,0.7,0.8
2022-11-06T22:00:00,1192A,120.3489,31.5863,无锡市,东亭,,34,34,45,14,22,96,34,87,71,60,42,9,9,0.8,0.9
2022-11-06T22:00:00,1193A,120.354,31.5475,无锡市,旺庄,,41,41,49,17,23,112,60,95,86,39,46,12,12,0.9,1
2022-11-06T22:00:00,1194A,120.245,31.5631,无锡市,荣巷,,31,31,44,17,22,112,60,101,93,48,41,10,10,0.6,0.6
2022-11-06T22:00:00,1195A,120.299,31.6817,无锡市,堰桥,,48,48,50,17,24,104,63,96,86,38,36,7,8,0.6,0.7
2022-11-06T22:00:00,1196A,119.9633,31.762,常州市,市监测站,,38,38,60,22,35,123,71,107,96,33,47,6,8,0.4,0.6
2022-11-06T22:00:00,1200A,119.9468,31.7069,常州市,武进监测站,,33,33,52,15,28,133,82,117,109,23,41,7,8,0.5,0.6
2022-11-06T22:00:00,1201A,119.9255,31.9087,常州市,安家,颗粒物(PM10),64,77,60,43,38,115,31,110,86,66,36,6,7,0.5,0.6
2022-11-06T22:00:00,1203A,119.6707,32.1875,镇江市,新区办事处,颗粒物(PM10),63,76,68,41,40,128,57,114,98,53,51,6,7,0.9,1
2022-11-06T22:00:00,1204A,119.4974,32.1968,镇江市,职教中心,细颗粒物(PM2.5),52,51,64,36,40,129,76,120,111,45,37,6,6,0.9,1.1
2022-11-06T22:00:00,1205A,119.4303,32.1328,镇江市,丹徒区监测站,颗粒物(PM10),51,51,72,28,43,133,53,122,105,60,40,6,7,0.4,0.6
2022-11-06T22:00:00,1206A,119.905,32.4878,泰州市,公园路,颗粒物(PM10),59,68,61,34,35,105,31,96,69,49,32,10,10,0.9,0.8
2022-11-06T22:00:00,1207A,119.9189,32.4625,泰州市,莲花,,,,,,,,,,,,,,,,
2022-11-06T22:00:00,1209A,119.888,32.4639,泰州市,留学生创业园,颗粒物(PM10),68,85,73,37,38,112,37,103,76,52,35,12,10,1.0,0.8
2022-11-06T22:00:00,1210A,119.036,33.5981,淮安市,钵池山,,46,46,62,28,41,113,69,103,94,27,34,10,11,0.7,0.8
2022-11-06T22:00:00,1211A,119.007,33.575,淮安市,北京南路,颗粒物(PM10),69,88,71,30,42,115,58,102,90,38,35,11,12,0.7,0.8
2022-11-06T22:00:00,1212A,118.989,33.6067,淮安市,市监测站,颗粒物(PM10),53,56,64,22,33,115,65,105,98,39,35,10,10,1.0,1
2022-11-06T22:00:00,1213A,119.135,33.5039,淮安市,楚州区监测站,颗粒物(PM10),58,66,80,27,44,108,43,94,74,36,43,9,13,0.6,0.7
2022-11-06T22:00:00,1214A,119.0186,33.6297,淮安市,淮阴区监测站,颗粒物(PM10),54,57,77,27,43,114,71,104,96,31,36,11,11,0.8,0.7
2022-11-06T22:00:00,1215A,120.118,33.4022,盐城市,盐城电厂,,31,24,37,19,27,127,99,118,108,13,20,6,8,0.4,0.5
2022-11-06T22:00:00,1216A,120.156,33.3942,盐城市,市监测站,,,31,59,18,34,113,84,105,91,15,34,,6,0.4,0.6
2022-11-06T22:00:00,1218A,120.2144,33.38,盐城市,开发区管委会,,33,33,59,20,35,123,87,113,97,19,32,5,8,0.4,0.5
2022-11-06T22:00:00,1220A,118.293,33.9528,宿迁市,宿迁学院,细颗粒物(PM2.5),69,82,94,50,56,134,55,113,94,52,47,10,9,0.6,0.7
2022-11-06T22:00:00,1221A,118.2442,33.9592,宿迁市,宿迁中学,颗粒物(PM10),65,79,93,39,45,136,72,119,104,38,35,10,9,0.7,0.7
2022-11-06T22:00:00,1223A,120.2072,30.2111,杭州市,滨江,颗粒物(PM10),88,125,73,60,35,109,28,90,66,69,51,8,7,0.6,0.5
2022-11-06T22:00:00,1224A,120.0633,30.2747,杭州市,西溪,颗粒物(PM10),60,69,48,38,29,108,24,83,63,33,30,8,8,0.7,0.7
2022-11-06T22:00:00,1225A,119.026,29.635,杭州市,千岛湖(对照点),,,,,,,,,,,,,,,,
2022-11-06T22:00:00,1226A,120.3461,30.3153,杭州市,下沙,颗粒物(PM10),51,51,59,31,35,105,49,92,76,46,57,11,11,0.7,0.7
2022-11-06T22:00:00,1227A,120.1269,30.2456,杭州市,卧龙桥,细颗粒物(PM2.5),54,43,46,38,29,111,5,84,52,33,26,6,6,0.5,0.4
2022-11-06T22:00:00,1228A,120.1903,30.2692,杭州市,浙江农大,颗粒物(PM10),67,83,60,47,35,114,41,91,70,51,46,9,8,0.6,0.7
2022-11-06T22:00:00,1229A,120.157,30.2897,杭州市,朝晖五区,,,,,,,,,,,,,,,,
2022-11-06T22:00:00,1230A,120.1197,30.3119,杭州市,和睦小学,颗粒物(PM10),69,88,77,47,40,111,37,88,72,61,50,2,2,0.8,0.7
2022-11-06T22:00:00,1231A,120.3019,30.4183,杭州市,临平镇,颗粒物(PM10),54,57,75,21,37,108,51,95,83,40,49,8,9,0.6,0.7
2022-11-06T22:00:00,1232A,120.2697,30.1819,杭州市,城厢镇,细颗粒物(PM2.5),88,105,69,65,39,106,26,94,66,72,53,8,8,0.7,0.6
2022-11-06T22:00:00,1233A,120.0883,30.1808,杭州市,云栖,,43,43,67,23,24,101,12,82,56,40,33,6,6,0.6,0.5
2022-11-06T22:00:00,1234A,121.8358,29.911,宁波市,区环保大楼,,20,20,34,9,23,91,59,74,68,32,35,5,7,0.4,0.5
2022-11-06T22:00:00,1235A,121.56,29.82,宁波市,万里学院,,41,41,45,27,26,103,50,89,79,37,34,6,11,0.4,0.5
2022-11-06T22:00:00,1236A,121.713,29.9572,宁波市,龙赛医院,,28,28,49,15,33,100,65,80,78,36,47,10,14,0.5,0.6
2022-11-06T22:00:00,1239A,121.633,29.7733,宁波市,钱湖水厂,,19,16,45,13,30,99,54,87,77,16,27,6,8,0.4,0.5
2022-11-06T22:00:00,1240A,121.5856,29.8635,宁波市,太古小学,,34,34,54,17,30,80,46,73,59,43,47,10,14,0.5,0.6
2022-11-06T22:00:00,1241A,121.524,29.8674,宁波市,市环境监测中心,,25,25,45,11,21,86,58,74,66,28,40,7,9,0.2,0.3
2022-11-06T22:00:00,1242A,120.634,28.0089,温州市,瓯海,颗粒物(PM10),56,62,47,39,26,90,24,76,64,56,34,7,8,0.6,0.4
2022-11-06T22:00:00,1243A,120.6748,27.9939,温州市,南浦,,46,46,43,23,23,87,62,74,68,28,28,6,6,0.3,0.3
2022-11-06T22:00:00,1244A,120.76,27.9747,温州市,龙湾,,41,41,46,19,21,94,53,77,70,38,35,7,8,0.4,0.3
2022-11-06T22:00:00,1245A,120.6709,28.0167,温州市,市站,颗粒物(PM10),53,56,45,27,24,84,46,65,57,41,32,6,6,0.4,0.4
2022-11-06T22:00:00,1246A,120.598,30.0911,绍兴市,袍江站,,,,,,,,,,,,,,,,
2022-11-06T22:00:00,1247A,120.6053,29.9928,绍兴市,城东开发委,细颗粒物(PM2.5),65,69,49,47,32,92,10,82,51,56,29,8,9,0.7,0.5
2022-11-06T22:00:00,1250A,120.0751,30.8669,湖州市,城西水厂,,32,32,48,20,29,117,76,104,94,28,42,6,7,0.3,0.4
2022-11-06T22:00:00,1252A,120.7436,30.778,嘉兴市,清河小学,,25,18,30,12,18,118,78,104,94,20,31,7,9,0.5,0.6
2022-11-06T22:00:00,1253A,120.726,30.7478,嘉兴市,嘉兴学院,,28,28,34,11,16,118,74,105,95,26,30,9,7,0.3,0.4
2022-11-06T22:00:00,1255A,121.273,28.6459,台州市,黄岩环保大楼,,30,30,40,15,21,101,43,86,71,28,22,6,6,0.4,0.3
2022-11-06T22:00:00,1256A,121.419,28.6542,台州市,台州环保大楼,,32,31,45,22,26,102,59,90,81,24,22,6,8,0.5,0.4
2022-11-06T22:00:00,1257A,121.377,28.5773,台州市,路桥田洋王,细颗粒物(PM2.5),55,52,49,39,31,102,8,88,68,65,29,6,6,0.7,0.5
2022-11-06T22:00:00,1258A,122.122,30.0203,舟山市,定海檀枫,,20,20,22,9,10,97,51,93,74,25,16,4,5,0.4,0.4
2022-11-06T22:00:00,1259A,122.3094,29.9558,舟山市,普陀东港,,26,13,22,7,13,104,82,101,96,12,9,5,6,0.3,0.3
2022-11-06T22:00:00,1260A,122.19,29.9944,舟山市,临城新区,,34,34,26,15,13,99,41,93,68,26,16,6,6,0.4,0.4
2022-11-06T22:00:00,1261A,119.649,29.1131,金华市,四中(停运161031),,,,,,,,,,,,,,,,
2022-11-06T22:00:00,1262A,119.647,29.077,金华市,十五中,细颗粒物(PM2.5),70,84,60,51,38,104,26,92,70,72,45,13,7,0.6,0.5
2022-11-06T22:00:00,1263A,119.686,29.1029,金华市,监测站,细颗粒物(PM2.5),78,82,64,57,41,108,11,93,65,74,43,23,11,0.5,0.4
2022-11-06T22:00:00,1264A,118.8692,28.9398,衢州市,环保大楼,细颗粒物(PM2.5),74,87,58,54,44,90,5,80,55,54,31,8,9,0.7,0.5
2022-11-06T22:00:00,1265A,118.8709,28.9666,衢州市,实验学校,"颗粒物(PM10),细颗粒物(PM2.5)",62,74,52,44,37,89,7,76,54,77,37,8,8,0.6,0.4
2022-11-06T22:00:00,1266A,118.8621,28.9808,衢州市,衢州学院,颗粒物(PM10),63,75,56,41,37,91,6,83,52,69,27,8,9,0.5,0.4
2022-11-06T22:00:00,1267A,119.914,28.4514,丽水市,监测站大楼,,33,29,31,23,17,90,60,78,71,20,19,6,6,0.3,0.3
2022-11-06T22:00:00,1268A,119.93,28.4586,丽水市,莲都小学,,29,29,33,17,17,91,72,78,74,15,19,6,6,0.4,0.4
2022-11-06T22:00:00,1269A,119.879,28.4231,丽水市,余庄前,,21,21,28,9,14,94,41,82,70,16,16,6,6,0.3,0.3
2022-11-06T22:00:00,1270A,117.1959,31.7848,合肥市,明珠广场,颗粒物(PM10),63,75,68,44,33,127,83,109,98,49,42,9,12,0.6,0.7
2022-11-06T22:00:00,1271A,117.3072,31.8764,合肥市,三里街,颗粒物(PM10),79,107,79,53,34,118,47,100,82,79,65,14,12,1.0,1
2022-11-06T22:00:00,1272A,117.2588,31.8707,合肥市,琥珀山庄,颗粒物(PM10),73,95,65,48,33,123,74,111,99,46,40,12,11,0.5,0.7
2022-11-06T22:00:00,1273A,117.1604,31.9052,合肥市,董铺水库(对照点),颗粒物(PM10),76,102,76,39,29,119,84,106,101,41,46,11,9,0.7,0.7
2022-11-06T22:00:00,1274A,117.25,31.8571,合肥市,长江中路,细颗粒物(PM2.5),77,92,71,56,40,121,85,107,102,38,40,16,12,0.7,0.7
2022-11-06T22:00:00,1275A,117.266,31.9436,合肥市,庐阳区,颗粒物(PM10),73,95,89,46,38,116,55,100,86,69,60,9,6,0.6,0.6
2022-11-06T22:00:00,1276A,117.336,31.8586,合肥市,瑶海区,颗粒物(PM10),84,117,76,59,39,121,35,104,79,84,56,14,14,1.0,1
2022-11-06T22:00:00,1277A,117.3027,31.7964,合肥市,包河区,"颗粒物(PM10),细颗粒物(PM2.5)",70,90,78,51,41,129,90,111,92,36,59,16,13,0.6,0.7
2022-11-06T22:00:00,1278A,117.2776,31.7385,合肥市,滨湖新区,颗粒物(PM10),63,75,62,39,30,134,104,120,118,27,29,16,14,0.6,0.6
2022-11-06T22:00:00,1279A,117.1318,31.8403,合肥市,高新区,颗粒物(PM10),59,68,63,41,32,118,85,107,100,53,41,9,9,0.6,0.6
2022-11-06T22:00:00,1280A,119.3903,26.0543,福州市,鼓山(对照点),,,,,,,,,,,,,,,,
2022-11-06T22:00:00,1282A,119.2681,26.0504,福州市,师大,,32,32,34,13,14,85,75,81,80,8,8,4,6,0.5,0.5
2022-11-06T22:00:00,1283A,119.2984,26.1028,福州市,五四北路,,31,31,29,14,13,86,75,81,79,10,8,4,5,0.7,0.6
2022-11-06T22:00:00,1284A,119.2648,26.0768,福州市,杨桥西路,,36,36,34,14,11,88,70,84,78,11,9,4,5,0.6,0.5
2022-11-06T22:00:00,1285A,119.317,26.0746,福州市,紫阳,,27,25,31,13,14,91,86,88,88,8,8,4,6,0.4,0.5
2022-11-06T22:00:00,1286A,118.1608,24.8169,厦门市,溪东(对照点),,,,,,,,,,,,,,,,
2022-11-06T22:00:00,1287A,118.1514,24.4767,厦门市,洪文,,45,45,36,26,16,114,54,95,74,26,18,7,3,0.4,0.3
2022-11-06T22:00:00,1288A,118.0661,24.4444,厦门市,鼓浪屿,,41,41,31,18,13,114,58,97,78,24,15,5,4,0.2,0.2
2022-11-06T22:00:00,1290A,115.8931,28.6843,南昌市,省外办,颗粒物(PM10),59,67,65,33,27,99,35,86,67,37,31,7,9,0.6,0.6
2022-11-06T22:00:00,1291A,115.8886,28.7003,南昌市,省林业公司,细颗粒物(PM2.5),52,51,59,36,30,101,40,86,67,35,41,8,9,0.8,0.7
2022-11-06T22:00:00,1292A,115.8126,28.7442,南昌市,林科所,,,66,52,29,25,111,2,94,53,84,39,15,11,0.7,0.6
2022-11-06T22:00:00,1294A,115.8518,28.687,南昌市,建工学校,颗粒物(PM10),58,66,61,30,26,109,21,89,67,62,32,12,13,0.9,0.6
2022-11-06T22:00:00,1295A,115.8921,28.6424,南昌市,象湖,颗粒物(PM10),55,59,55,36,29,91,15,77,55,58,37,7,8,0.8,0.6
2022-11-06T22:00:00,1296A,115.7423,28.7996,南昌市,武术学校(对照点),,38,29,30,26,26,64,21,56,42,17,14,10,10,0.3,0.2
2022-11-06T22:00:00,1298A,115.9314,28.6842,南昌市,省站,颗粒物(PM10),63,76,81,39,36,86,27,76,39,53,43,13,10,0.7,0.6
2022-11-06T22:00:00,1299A,116.9862,36.6114,济南市,科干所,颗粒物(PM10),68,85,66,46,33,109,106,106,103,20,17,8,8,0.6,0.6
2022-11-06T22:00:00,1300A,116.9376,36.665,济南市,农科所,颗粒物(PM10),69,88,79,44,32,97,74,92,78,31,27,8,8,0.5,0.4
2022-11-06T22:00:00,1301A,117.1265,36.6734,济南市,开发区,颗粒物(PM10),69,88,68,47,36,109,102,102,83,26,33,10,10,0.6,0.5
2022-11-06T22:00:00,1303A,117.0624,36.6868,济南市,省种子仓库,细颗粒物(PM2.5),74,85,72,54,43,111,101,108,74,23,29,6,5,0.6,0.5
2022-11-06T22:00:00,1304A,116.9489,36.6447,济南市,机床二厂,"颗粒物(PM10),细颗粒物(PM2.5)",74,98,82,54,40,109,87,102,88,32,30,9,8,0.8,0.7
2022-11-06T22:00:00,1305A,117.0495,36.663,济南市,市监测站,颗粒物(PM10),68,85,63,42,29,115,114,112,108,22,20,10,9,0.6,0.5
2022-11-06T22:00:00,1306A,116.7675,36.5484,济南市,长清党校,颗粒物(PM10),75,100,81,46,38,114,106,108,106,30,28,12,12,0.7,0.7
2022-11-06T22:00:00,1307A,120.6659,36.2403,青岛市,仰口(对照点),,34,12,34,7,22,146,107,134,127,6,12,3,5,0.4,0.5
2022-11-06T22:00:00,1308A,120.3905,36.1851,青岛市,李沧区子站,,,,,,,,,,,,,,,,
2022-11-06T22:00:00,1309A,120.3471,36.0699,青岛市,市北区子站,,,,,,,,,,,,,,,,
2022-11-06T22:00:00,1310A,120.4134,36.0658,青岛市,市南区东部子站,,33,19,56,5,29,144,104,133,122,14,32,8,11,0.5,1
2022-11-06T22:00:00,1311A,120.3664,36.1032,青岛市,四方区子站,,30,19,66,12,35,129,94,117,107,12,46,5,8,0.4,0.9
2022-11-06T22:00:00,1312A,120.2994,36.054,青岛市,市南区西部子站,,35,9,60,2,30,153,112,141,132,12,35,7,14,0.5,1.1
2022-11-06T22:00:00,1313A,120.4581,36.0858,青岛市,崂山区子站,,35,24,62,5,28,147,112,136,127,11,27,6,9,0.2,0.6
2022-11-06T22:00:00,1314A,120.1983,35.9608,青岛市,黄岛区子站,,36,12,63,2,36,158,114,144,134,12,29,5,11,0.3,0.9
2022-11-06T22:00:00,1315A,120.3999,36.3083,青岛市,城阳区子站,,30,26,74,10,27,131,93,117,107,17,42,5,8,0.3,0.8
2022-11-06T22:00:00,1316A,113.69031,34.76122,郑州市,烟厂,细颗粒物(PM2.5),103,90,73,77,57,142,66,122,108,43,30,4,11,0.8,0.6
2022-11-06T22:00:00,1317A,113.65724,34.77134,郑州市,郑纺机,细颗粒物(PM2.5),110,104,73,83,56,143,45,123,104,52,30,9,16,1.1,0.8
2022-11-06T22:00:00,1318A,113.67526,34.80246,郑州市,银行学校,细颗粒物(PM2.5),103,85,67,77,58,141,67,123,113,51,30,9,15,1.1,0.9
2022-11-06T22:00:00,1319A,113.56746,34.81334,郑州市,供水公司,细颗粒物(PM2.5),79,84,75,58,52,129,66,111,103,28,30,7,13,1.2,1.1
2022-11-06T22:00:00,1320A,113.7329,34.7178,郑州市,经开区管委,细颗粒物(PM2.5),79,100,79,58,53,145,23,121,96,52,28,6,12,0.9,0.8
2022-11-06T22:00:00,1321A,113.73961,34.77172,郑州市,四十七中,细颗粒物(PM2.5),92,92,75,68,50,144,73,124,114,37,29,10,15,0.9,0.8
2022-11-06T22:00:00,1322A,113.60532,34.74838,郑州市,市监测站,颗粒物(PM10),82,114,80,50,38,136,58,117,102,40,31,10,14,0.7,0.6
2022-11-06T22:00:00,1323A,113.64164,34.7525,郑州市,河医大,细颗粒物(PM2.5),95,93,74,71,54,132,59,116,100,45,33,10,15,1.0,0.8
2022-11-06T22:00:00,1324A,113.51488,34.91089,郑州市,岗李水库(对照点),,,,,,,,,,,,,,,,
2022-11-06T22:00:00,1325A,114.3677,30.5584,武汉市,东湖梨园,细颗粒物(PM2.5),62,72,50,44,28,145,69,136,117,43,31,9,11,0.9,0.8
2022-11-06T22:00:00,1326A,114.2529,30.558,武汉市,汉阳月湖,二氧化氮,59,63,52,34,27,131,8,106,68,117,49,7,10,1.0,0.8
2022-11-06T22:00:00,1327A,114.282,30.6189,武汉市,汉口花桥,颗粒物(PM10),62,74,53,37,26,144,37,120,87,96,37,10,10,1.0,0.8
2022-11-06T22:00:00,1328A,114.3025,30.5332,武汉市,武昌紫阳,颗粒物(PM10),59,68,49,36,23,144,11,124,84,106,43,9,13,1.3,1
2022-11-06T22:00:00,1329A,114.3646,30.6217,武汉市,青山钢花,颗粒物(PM10),98,145,66,63,37,142,23,120,74,102,47,15,15,1.2,0.9
2022-11-06T22:00:00,1330A,114.1566,30.4825,武汉市,沌口新区,颗粒物(PM10),80,109,58,51,35,140,22,129,110,126,51,18,18,1.1,0.8
2022-11-06T22:00:00,1331A,114.3014,30.5944,武汉市,汉口江滩,颗粒物(PM10),59,68,41,36,22,138,41,118,83,89,41,10,11,0.7,0.6
2022-11-06T22:00:00,1333A,114.135,30.6319,武汉市,吴家山,细颗粒物(PM2.5),108,130,58,81,35,142,10,125,80,106,52,9,11,1.4,0.8
2022-11-06T22:00:00,1334A,113.8454,30.2917,武汉市,沉湖七壕(对照点),,44,44,52,20,21,133,34,124,102,46,27,8,10,0.7,0.7
2022-11-06T22:00:00,1335A,113.0833,28.2325,长沙市,经开区环保局,颗粒物(PM10),59,67,85,27,56,145,37,132,108,72,32,9,8,0.9,0.8
2022-11-06T22:00:00,1336A,112.8872,28.2189,长沙市,高开区环保局,颗粒物(PM10),71,92,84,42,68,144,36,132,108,68,32,8,10,1.0,0.7
2022-11-06T22:00:00,1337A,113.0792,28.2053,长沙市,马坡岭,颗粒物(PM10),72,93,89,41,63,142,22,131,98,77,33,9,9,0.8,0.7
2022-11-06T22:00:00,1338A,112.9394,28.19,长沙市,湖南师范大学,,42,42,77,25,68,133,54,117,97,22,20,5,7,0.8,0.9
2022-11-06T22:00:00,1339A,113.0178,28.1322,长沙市,雨花区环保局,颗粒物(PM10),53,56,84,27,55,132,29,116,94,72,38,10,8,0.5,0.5
2022-11-06T22:00:00,1340A,112.9792,28.2597,长沙市,伍家岭,颗粒物(PM10),106,162,95,52,65,159,5,139,98,91,45,6,7,0.9,0.6
2022-11-06T22:00:00,1341A,113.0014,28.1944,长沙市,火车新站,细颗粒物(PM2.5),77,87,91,56,57,133,7,119,89,100,32,7,8,1.0,0.7
2022-11-06T22:00:00,1342A,112.9844,28.1178,长沙市,天心区环保局,颗粒物(PM10),56,61,86,30,54,152,49,133,108,64,45,11,9,0.8,0.6
2022-11-06T22:00:00,1343A,112.8908,28.1308,长沙市,湖南中医药大学,颗粒物(PM10),69,87,102,35,65,136,7,118,72,77,38,4,5,0.6,0.6
2022-11-06T22:00:00,1344A,112.9581,28.3611,长沙市,沙坪(对照点),,39,31,73,27,65,139,72,119,98,29,24,2,3,0.5,0.6
2022-11-06T22:00:00,1345A,113.2347,23.1423,广州市,广雅中学,,33,33,22,22,16,32,5,25,16,45,37,4,3,0.8,0.7
2022-11-06T22:00:00,1346A,113.2612,23.105,广州市,市五中,,32,27,20,22,16,40,20,33,31,33,29,4,4,0.8,0.8
2022-11-06T22:00:00,1348A,113.3478,23.0916,广州市,广东商学院,,28,23,19,19,15,29,14,24,19,26,26,4,5,0.8,0.7
2022-11-06T22:00:00,1349A,113.4332,23.1047,广州市,市八十六中,,28,28,22,19,13,24,6,19,15,42,34,6,6,0.8,0.7
2022-11-06T22:00:00,1350A,113.3505,22.9483,广州市,番禺中学,,23,19,18,16,15,27,17,19,15,35,35,4,4,0.9,0.8
2022-11-06T22:00:00,1351A,113.2146,23.3916,广州市,花都师范,,33,32,18,23,13,47,24,44,33,22,18,5,5,0.7,0.6
2022-11-06T22:00:00,1352A,113.2597,23.1331,广州市,市监测站,,31,31,22,18,14,37,9,29,24,36,30,5,5,0.8,0.7
2022-11-06T22:00:00,1353A,113.5618,23.312,广州市,九龙镇镇龙,,26,26,18,18,14,40,4,30,21,23,19,5,5,0.7,0.6
2022-11-06T22:00:00,1354A,113.2765,23.1544,广州市,麓湖,,25,24,19,17,14,34,7,28,19,22,26,2,2,0.6,0.5
2022-11-06T22:00:00,1355A,113.443,23.3035,广州市,帽峰山森林公园(对照点),,38,38,28,23,17,44,15,35,30,7,11,5,5,0.6,0.5
2022-11-06T22:00:00,1356A,114.1063,22.5545,深圳市,通心岭子站,,27,27,28,17,17,33,16,25,23,31,26,3,3,0.5,0.4
2022-11-06T22:00:00,1357A,114.117,22.5625,深圳市,洪湖,,27,27,29,17,17,35,13,27,24,38,29,6,6,0.8,0.7
2022-11-06T22:00:00,1358A,113.987,22.5417,深圳市,华侨城,,23,23,26,15,15,34,12,25,19,33,26,6,6,0.6,0.5
2022-11-06T22:00:00,1359A,113.9181,22.5171,深圳市,南海子站,,32,30,31,22,21,41,11,29,26,33,27,3,3,0.7,0.6
2022-11-06T22:00:00,1360A,114.2458,22.5689,深圳市,盐田,,13,13,20,8,12,54,38,43,43,13,18,5,5,0.7,0.7
2022-11-06T22:00:00,1361A,114.2283,22.7244,深圳市,龙岗,,24,24,26,13,14,40,24,28,26,24,24,4,4,0.6,0.6
2022-11-06T22:00:00,1362A,113.8953,22.5861,深圳市,西乡,,,,,,,,,,,,,,,,
2022-11-06T22:00:00,1363A,114.494,22.5422,深圳市,南澳,,15,15,22,9,12,91,27,65,42,17,14,6,6,0.6,0.6
2022-11-06T22:00:00,1364A,114.41,22.6342,深圳市,葵涌,,26,23,21,18,14,39,23,31,30,15,11,8,8,0.7,0.6
2022-11-06T22:00:00,1365A,114.297,22.5978,深圳市,梅沙,,23,23,23,13,12,45,38,43,42,12,12,7,7,0.5,0.5
2022-11-06T22:00:00,1366A,114.0678,22.738,深圳市,观澜,,36,32,28,25,17,41,11,28,20,28,22,6,7,0.7,0.6
2022-11-06T22:00:00,1367A,113.5814,22.2618,珠海市,吉大,,25,16,18,17,10,50,20,41,36,34,22,5,5,0.6,0.5
2022-11-06T22:00:00,1368A,113.4881,22.2335,珠海市,前山,,25,16,15,17,12,39,15,29,26,36,34,5,6,0.6,0.5
2022-11-06T22:00:00,1369A,113.628,22.4251,珠海市,唐家,,23,18,21,16,15,42,30,34,33,23,25,6,6,0.6,0.6
2022-11-06T22:00:00,1370A,113.299,22.2281,珠海市,斗门,,33,33,18,20,12,30,6,24,20,46,31,8,7,0.8,0.6
2022-11-06T22:00:00,1371A,113.1294,23.0067,佛山市,湾梁,,41,41,21,16,11,40,4,38,16,50,32,6,6,0.9,0.7
2022-11-06T22:00:00,1372A,113.1083,23.0478,佛山市,华材职中,,38,29,19,26,15,34,2,34,11,46,34,6,5,0.7,0.5
2022-11-06T22:00:00,1373A,113.144,23.0453,佛山市,南海气象局,,38,38,20,21,14,34,0,32,11,53,34,5,5,0.6,0.4
2022-11-06T22:00:00,1374A,113.2881,22.8094,佛山市,顺德苏岗,,21,15,8,14,11,23,10,15,12,41,36,5,5,0.8,0.8
2022-11-06T22:00:00,1375A,113.2544,22.7642,佛山市,容桂街道办,,,,,,,,,,,,,,,,
2022-11-06T22:00:00,1376A,112.8383,22.8678,佛山市,高明孔堂,,34,34,27,22,19,36,6,33,19,53,27,7,7,0.8,0.7
2022-11-06T22:00:00,1377A,112.8836,23.1588,佛山市,三水监测站,颗粒物(PM10),64,78,23,24,18,34,3,29,19,50,30,7,6,0.9,0.7
2022-11-06T22:00:00,1378A,112.867,23.185,佛山市,三水云东海,,32,32,19,15,16,39,2,32,20,30,23,4,5,0.6,0.5
2022-11-06T22:00:00,1379A,113.3769,22.5211,中山市,华柏园,,32,23,19,22,17,32,4,23,15,53,38,5,5,0.7,0.6
2022-11-06T22:00:00,1380A,113.3881,22.5497,中山市,张溪,,35,24,23,24,20,29,3,23,13,48,34,5,5,0.7,0.6
2022-11-06T22:00:00,1381A,113.4075,22.5111,中山市,紫马岭,,28,28,21,16,15,30,1,22,14,46,30,6,6,0.6,0.6
2022-11-06T22:00:00,1382A,113.4411,22.4853,中山市,长江旅游区(对照点),,33,30,18,23,23,30,3,25,19,49,31,6,6,0.7,0.6
2022-11-06T22:00:00,1383A,113.1064,22.6058,江门市,北街,,29,28,18,17,14,36,6,30,14,57,34,6,6,0.7,0.6
2022-11-06T22:00:00,1384A,113.0731,22.5835,江门市,西区,,28,23,21,19,16,33,12,28,12,44,33,6,6,0.7,0.6
2022-11-06T22:00:00,1385A,113.0219,22.5311,江门市,圭峰西,,26,18,17,18,11,41,23,41,25,34,28,5,5,0.7,0.6
2022-11-06T22:00:00,1386A,113.0828,22.5947,江门市,东湖,,34,34,24,16,15,35,8,30,12,42,30,6,6,0.8,0.7
2022-11-06T22:00:00,1387A,113.7875,23.0457,东莞市,东城主山,,,,,,,,,,,,,,,,
2022-11-06T22:00:00,1388A,113.7533,23.0202,东莞市,南城元岭,,,,,,,,,,,,,,,,
2022-11-06T22:00:00,1389A,113.7547,23.0494,东莞市,莞城梨川,,32,31,23,22,15,52,26,40,34,32,25,8,7,0.8,0.8
2022-11-06T22:00:00,1390A,113.7944,23.0128,东莞市,东城石井,,36,33,21,25,15,48,11,37,28,29,18,10,10,0.8,0.7
2022-11-06T22:00:00,1391A,113.7383,22.9658,东莞市,南城西平,,33,33,23,14,13,41,5,33,24,42,29,7,7,0.7,0.6
2022-11-06T22:00:00,1392A,114.4183,23.0528,惠州市,河南岸金山湖子站,,27,27,22,15,12,39,25,35,30,19,17,5,7,0.7,0.6
2022-11-06T22:00:00,1393A,114.4053,23.0822,惠州市,下埔横江三路子站,,23,20,17,16,13,48,29,38,37,20,17,6,6,0.5,0.5
2022-11-06T22:00:00,1394A,114.4103,23.1142,惠州市,江北云山西路子站,,25,17,17,17,13,45,26,38,36,16,12,4,4,0.5,0.5
2022-11-06T22:00:00,1395A,114.4645,22.7833,惠州市,惠阳区承修路船湖子站,,32,26,24,22,16,33,18,32,25,21,18,4,4,0.6,0.5
2022-11-06T22:00:00,1396A,114.5317,22.7422,惠州市,大亚湾管委会子站,,21,21,19,14,15,38,23,32,27,16,15,3,3,0.5,0.5
2022-11-06T22:00:00,1397A,112.4267,23.0706,肇庆市,睦岗子站,,41,41,23,25,15,56,12,44,34,47,27,4,3,0.7,0.6
2022-11-06T22:00:00,1398A,112.4645,23.0475,肇庆市,城中子站,,49,49,24,33,17,55,12,52,38,48,21,15,9,0.8,0.7
2022-11-06T22:00:00,1399A,112.5544,23.1522,肇庆市,坑口子站,细颗粒物(PM2.5),64,69,38,46,26,52,21,50,34,39,24,9,8,0.7,0.6
2022-11-06T22:00:00,1400A,112.4753,23.1,肇庆市,七星岩子站(对照点),,35,35,22,21,15,52,8,46,29,36,15,3,2,0.8,0.7
2022-11-06T22:00:00,1401A,108.3103,22.7881,南宁市,二十一中,,37,37,43,25,28,144,75,124,115,25,17,5,6,0.7,0.8
2022-11-06T22:00:00,1402A,108.3141,22.8528,南宁市,北湖,颗粒物(PM10),53,55,53,28,32,143,52,124,110,37,19,7,8,0.7,0.7
2022-11-06T22:00:00,1403A,108.3206,22.8225,南宁市,市监测站,,41,41,49,27,32,139,70,118,108,34,24,8,10,0.7,0.7
2022-11-06T22:00:00,1404A,108.3829,22.8037,南宁市,大自然花园,,43,43,40,27,28,133,64,115,104,28,18,6,6,0.9,0.9
2022-11-06T22:00:00,1405A,108.4394,22.7904,南宁市,仙葫(对照点),,45,45,36,27,26,125,55,111,103,34,14,8,8,0.8,0.8
2022-11-06T22:00:00,1406A,108.2397,22.8467,南宁市,区农职院,细颗粒物(PM2.5),60,64,52,43,35,165,31,139,118,58,29,6,8,0.7,0.7
2022-11-06T22:00:00,1407A,108.3275,22.735,南宁市,英华嘉园,颗粒物(PM10),65,80,44,40,28,123,6,102,80,88,25,9,7,0.9,0.7
2022-11-06T22:00:00,1408A,108.2257,22.7757,南宁市,沙井镇街道办,颗粒物(PM10),81,111,61,38,33,142,18,113,87,73,37,6,8,0.7,0.7
2022-11-06T22:00:00,1409A,110.576,19.9507,海口市,东寨港(对照点),,,2,9,5,5,59,50,55,51,,,6,6,0.3,0.3
2022-11-06T22:00:00,1410A,110.3232,20.0574,海口市,海南大学,,28,7,10,5,6,98,89,92,90,8,8,3,3,0.6,0.6
2022-11-06T22:00:00,1411A,110.283,20.0053,海口市,秀英海南医院,,25,11,16,7,11,92,80,86,81,10,9,4,4,0.5,0.5
2022-11-06T22:00:00,1412A,110.338,19.9969,海口市,海南师范大学,,24,14,16,8,6,88,74,82,80,10,8,4,4,0.6,0.6
2022-11-06T22:00:00,1413A,110.33,20.0356,海口市,龙华路环保局宿舍,,25,10,15,5,7,90,80,83,80,7,6,3,4,0.7,0.7
2022-11-06T22:00:00,1414A,106.3787,29.8279,重庆市,缙云山(对照点),颗粒物(PM10),70,89,69,47,44,103,100,101,74,13,19,5,3,0.5,0.6
2022-11-06T22:00:00,1416A,106.4213,29.8253,重庆市,天生,细颗粒物(PM2.5),105,101,104,79,76,68,2,46,38,58,37,12,13,1.0,0.9
2022-11-06T22:00:00,1417A,106.6263,29.7228,重庆市,两路,细颗粒物(PM2.5),70,80,72,51,51,73,39,51,49,53,50,8,9,1.0,0.9
2022-11-06T22:00:00,1418A,106.2953,29.5983,重庆市,虎溪,细颗粒物(PM2.5),97,90,92,72,74,70,30,51,46,46,44,9,10,1.1,1.1
2022-11-06T22:00:00,1419A,106.5777,29.5102,重庆市,南坪,细颗粒物(PM2.5),69,78,77,50,56,87,45,62,61,51,44,4,6,0.8,0.8
2022-11-06T22:00:00,1420A,106.6556,29.6277,重庆市,唐家沱,颗粒物(PM10),73,95,77,48,45,81,16,60,54,64,41,10,9,0.6,0.6
2022-11-06T22:00:00,1421A,106.6349,29.4906,重庆市,茶园,颗粒物(PM10),90,130,94,64,55,78,14,57,50,92,60,8,8,0.9,0.7
2022-11-06T22:00:00,1422A,106.3754,29.4572,重庆市,白市驿,细颗粒物(PM2.5),98,101,103,73,71,90,34,65,60,40,41,8,9,0.9,0.9
2022-11-06T22:00:00,1425A,106.6205,29.7166,重庆市,空港,细颗粒物(PM2.5),84,65,77,62,56,75,49,58,57,35,35,7,7,0.8,0.8
2022-11-06T22:00:00,1426A,106.4782,29.4875,重庆市,新山村,细颗粒物(PM2.5),105,143,103,79,62,64,5,48,35,90,65,5,14,1.1,0.8
2022-11-06T22:00:00,1427A,106.5616,29.6453,重庆市,礼嘉,细颗粒物(PM2.5),77,83,75,56,53,62,22,43,41,72,58,11,12,0.7,0.7
2022-11-06T22:00:00,1428A,106.4522,29.7091,重庆市,蔡家,细颗粒物(PM2.5),87,105,100,64,67,54,3,36,27,66,48,6,6,0.9,0.9
2022-11-06T22:00:00,1429A,106.5093,29.3917,重庆市,鱼新街,细颗粒物(PM2.5),84,83,95,62,62,81,19,64,60,65,53,8,15,1.2,1.2
2022-11-06T22:00:00,1431A,103.9728,30.7236,成都市,金泉两河,细颗粒物(PM2.5),92,93,94,68,64,28,6,20,17,40,35,2,3,0.7,0.6
2022-11-06T22:00:00,1432A,104.1419,30.6764,成都市,十里店,细颗粒物(PM2.5),92,96,64,68,47,33,0,21,16,61,44,3,2,0.7,0.6
2022-11-06T22:00:00,1433A,104.0594,30.5767,成都市,三瓦窑,细颗粒物(PM2.5),99,104,62,74,43,52,18,36,32,44,36,2,1,0.5,0.3
2022-11-06T22:00:00,1434A,104.1122,30.6306,成都市,沙河铺,细颗粒物(PM2.5),98,101,68,73,46,34,6,27,21,55,38,4,3,0.7,0.6
2022-11-06T22:00:00,1437A,104.0431,30.6556,成都市,君平街,细颗粒物(PM2.5),109,107,80,82,62,47,4,47,14,57,46,3,2,0.9,0.8
2022-11-06T22:00:00,1438A,103.6202,31.0201,成都市,灵岩寺(对照点),,50,50,30,34,21,59,45,58,41,16,14,3,2,0.8,0.8
2022-11-06T22:00:00,1439A,106.6899,26.5998,贵阳市,马鞍山,细颗粒物(PM2.5),58,53,63,41,47,129,25,109,80,25,21,4,5,0.8,0.8
2022-11-06T22:00:00,1440A,106.6971,26.5694,贵阳市,市环保站,颗粒物(PM10),98,146,84,58,48,126,3,103,63,75,44,7,6,0.9,0.5
2022-11-06T22:00:00,1441A,106.6243,26.6266,贵阳市,鉴湖路,颗粒物(PM10),65,80,71,44,41,122,63,110,93,34,24,9,7,0.6,0.6
2022-11-06T22:00:00,1442A,106.7487,26.6343,贵阳市,燕子冲,细颗粒物(PM2.5),67,63,74,48,57,144,37,122,92,31,21,5,6,0.7,0.6
2022-11-06T22:00:00,1443A,106.6555,26.4365,贵阳市,碧云窝,颗粒物(PM10),76,102,92,53,53,123,35,112,86,35,27,7,7,0.8,0.6
2022-11-06T22:00:00,1444A,106.694,26.5161,贵阳市,中院村,细颗粒物(PM2.5),94,117,81,70,55,121,8,100,58,84,46,14,11,0.9,0.6
2022-11-06T22:00:00,1445A,106.7109,26.6027,贵阳市,红边门,颗粒物(PM10),80,110,80,58,54,137,3,111,68,90,40,19,8,1.6,0.8
2022-11-06T22:00:00,1446A,106.7164,26.5699,贵阳市,新华路,细颗粒物(PM2.5),77,100,87,56,55,136,10,114,79,80,33,8,6,0.8,0.6
2022-11-06T22:00:00,1447A,106.674,26.5424,贵阳市,太慈桥,细颗粒物(PM2.5),62,63,77,44,44,122,18,107,69,38,32,4,6,0.6,0.6
2022-11-06T22:00:00,1450A,102.8204,24.8886,昆明市,呈贡新区,,46,46,32,27,24,115,47,102,89,27,23,7,8,0.4,0.5
2022-11-06T22:00:00,1451A,102.6251,24.9608,昆明市,西山森林公园(对照点),,25,21,31,17,18,102,64,90,85,17,11,13,9,0.5,0.9
2022-11-06T22:00:00,1452A,102.7252,25.0902,昆明市,龙泉镇,颗粒物(PM10),53,55,35,22,22,92,7,79,54,56,26,6,5,1.0,0.8
2022-11-06T22:00:00,1453A,102.7266,25.0375,昆明市,东风东路,,35,35,37,17,24,96,34,82,70,37,30,9,8,0.5,0.7
2022-11-06T22:00:00,1454A,102.6742,25.0669,昆明市,金鼎山,,50,38,47,35,33,91,33,81,66,36,28,5,26,0.6,0.7
2022-11-06T22:00:00,1455A,102.6644,25.0401,昆明市,碧鸡广场,,43,41,40,30,27,94,24,81,63,51,33,10,11,0.7,0.7
2022-11-06T22:00:00,1456A,91.1319,29.6514,拉萨市,八廓街,,,18,12,,,97,81,93,92,10,9,8,8,0,0
2022-11-06T22:00:00,1457A,91.1221,29.6747,拉萨市,市环保局,,27,14,16,7,9,95,84,90,90,9,10,1,1,0.3,0.4
2022-11-06T22:00:00,1458A,91.0874,29.6475,拉萨市,区监测站,,30,16,12,2,4,105,94,102,101,6,9,8,8,0.4,0.5
2022-11-06T22:00:00,1459A,91.1774,29.6541,拉萨市,西藏大学,,28,22,15,4,4,98,88,95,94,8,9,10,10,0,0.1
2022-11-06T22:00:00,1460A,90.9798,29.6588,拉萨市,区辐射站,,25,14,13,9,9,97,78,91,89,11,16,8,9,0.4,0.4
2022-11-06T22:00:00,1461A,91.0834,29.6292,拉萨市,拉萨火车站,,31,16,14,1,5,99,97,97,97,4,13,10,10,0,0
2022-11-06T22:00:00,1462A,108.882,34.2749,西安市,高压开关厂,细颗粒物(PM2.5),135,159,136,103,106,122,5,94,64,114,51,7,8,1.3,0.8
2022-11-06T22:00:00,1463A,108.993,34.2629,西安市,兴庆小区,颗粒物(PM10),86,122,107,59,71,109,9,87,66,99,49,6,6,1.4,1
2022-11-06T22:00:00,1464A,109.06,34.2572,西安市,纺织城,颗粒物(PM10),83,115,135,47,67,99,3,68,47,70,49,8,9,0.9,1
2022-11-06T22:00:00,1465A,108.9356,34.2173,西安市,小寨,颗粒物(PM10),90,129,139,64,77,114,4,83,55,107,55,11,9,1.8,0.8
2022-11-06T22:00:00,1466A,108.954,34.2713,西安市,市人民体育场,细颗粒物(PM2.5),118,140,109,89,97,115,5,89,58,103,46,6,6,1.4,0.8
2022-11-06T22:00:00,1467A,108.8922,34.2322,西安市,高新西区,细颗粒物(PM2.5),100,124,119,75,83,126,14,94,64,115,52,8,8,1.5,1.1
2022-11-06T22:00:00,1468A,108.935,34.3474,西安市,经开区,颗粒物(PM10),103,156,103,76,85,114,3,85,58,118,54,8,7,1.3,0.9
2022-11-06T22:00:00,1469A,108.906,34.1546,西安市,长安区,细颗粒物(PM2.5),83,110,132,61,78,108,5,81,57,70,43,6,6,1.0,0.9
2022-11-06T22:00:00,1470A,109.2,34.6575,西安市,阎良区,,,,,,,,,,,,,,,,
2022-11-06T22:00:00,1471A,109.2186,34.3731,西安市,临潼区,细颗粒物(PM2.5),83,66,125,61,75,113,66,88,78,35,34,6,6,0.7,0.8
2022-11-06T22:00:00,1472A,108.869,34.378,西安市,草滩(对照点),细颗粒物(PM2.5),89,119,117,66,79,113,13,79,60,63,48,8,10,1.1,0.9
2022-11-06T22:00:00,1473A,108.985,34.1978,西安市,曲江文化产业集团,细颗粒物(PM2.5),113,142,141,85,99,108,2,77,51,100,57,6,6,1.2,1
2022-11-06T22:00:00,1474A,109.051,34.3213,西安市,广运潭,颗粒物(PM10),126,201,120,66,81,109,3,86,58,81,51,8,8,1.0,0.9
2022-11-06T22:00:00,1476A,103.631,36.1031,兰州市,兰炼宾馆,细颗粒物(PM2.5),60,61,81,43,52,136,50,102,79,45,50,6,22,0.5,0.8
2022-11-06T22:00:00,1477A,104.1373,35.9454,兰州市,榆中兰大校区(对照点),,,,,,,,,,,,,,,,
2022-11-06T22:00:00,1478A,103.8412,36.0726,兰州市,生物制品所,细颗粒物(PM2.5),58,61,69,41,45,96,6,87,72,79,46,6,12,1.3,1.1
2022-11-06T22:00:00,1479A,103.831,36.0464,兰州市,铁路设计院,颗粒物(PM10),57,64,66,37,41,101,31,87,79,64,46,8,16,0.9,1
2022-11-06T22:00:00,1480A,101.748,36.6428,西宁市,市环境监测站,,,,,,,,,,,,,,,,
2022-11-06T22:00:00,1482A,101.834,36.5819,西宁市,四陆医院,,,,,,,,,,,,,,,,
2022-11-06T22:00:00,1483A,101.524,36.6867,西宁市,第五水厂(对照点),,,,,,,,,,,,,,,,
2022-11-06T22:00:00,1484A,105.9512,38.6016,银川市,贺兰山马莲口(对照点),细颗粒物(PM2.5),67,80,63,48,37,138,106,132,130,23,25,17,23,0.6,0.7
2022-11-06T22:00:00,1488A,106.2328,38.4975,银川市,贺兰山东路,细颗粒物(PM2.5),87,94,112,64,78,124,68,110,100,31,55,15,20,0.8,1.1
2022-11-06T22:00:00,1489A,106.1358,38.5036,银川市,学院路,细颗粒物(PM2.5),104,136,122,78,58,127,33,102,84,67,55,16,21,1.4,1.3
2022-11-06T22:00:00,1490A,87.5801,43.8303,乌鲁木齐市,监测站,细颗粒物(PM2.5),99,109,87,74,57,90,34,78,74,56,44,10,10,1.6,1.3
2022-11-06T22:00:00,1491A,87.6046,43.768,乌鲁木齐市,收费所,细颗粒物(PM2.5),109,112,82,82,59,97,23,82,73,71,43,8,10,0.9,0.7
2022-11-06T22:00:00,1492A,87.4754,43.9469,乌鲁木齐市,新疆农科院农场(对照点),细颗粒物(PM2.5),178,58,32,134,75,67,18,58,53,62,48,10,9,2.1,1.5
2022-11-06T22:00:00,1493A,87.5525,43.8711,乌鲁木齐市,铁路局,细颗粒物(PM2.5),113,123,92,85,65,92,41,78,76,41,36,9,9,1.5,1.3
2022-11-06T22:00:00,1494A,87.6432,43.831,乌鲁木齐市,三十一中学,颗粒物(PM10),108,165,120,,,92,70,82,82,36,34,24,14,0.9,0.7
2022-11-06T22:00:00,1496A,87.7216,44.1747,乌鲁木齐市,米东区环保局,细颗粒物(PM2.5),77,95,139,56,80,131,32,77,74,36,39,11,12,0.8,1
2022-11-06T22:00:00,1508A,112.9433,27.8614,湘潭市,板塘,颗粒物(PM10),55,60,78,29,59,127,58,115,93,55,43,13,6,0.5,0.4
2022-11-06T22:00:00,1511A,112.9118,27.8403,湘潭市,市监测站,,,62,94,28,63,120,,108,92,26,31,16,10,0.8,0.7
2022-11-06T22:00:00,1512A,112.8937,27.8728,湘潭市,江麓,颗粒物(PM10),56,62,88,35,69,132,67,118,91,44,34,16,10,0.7,0.6
2022-11-06T22:00:00,1513A,112.9227,27.8159,湘潭市,岳塘,颗粒物(PM10),56,61,84,30,62,137,77,126,102,38,33,15,9,0.7,0.6
2022-11-06T22:00:00,1514A,112.9074,27.9119,湘潭市,科大,颗粒物(PM10),56,62,78,33,67,135,41,122,88,64,36,10,7,0.6,0.5
2022-11-06T22:00:00,1515A,113.135,27.8244,株洲市,天台山庄,,39,39,52,26,35,125,87,117,110,22,23,13,6,0.5,0.4
2022-11-06T22:00:00,1518A,113.095,27.8867,株洲市,株冶医院,,49,49,68,34,45,123,32,115,88,73,40,10,7,0.6,0.4
2022-11-06T22:00:00,1519A,113.167,27.8667,株洲市,市四中,,41,41,47,26,41,129,102,121,109,20,26,10,6,0.6,0.5
2022-11-06T22:00:00,1520A,113.143,27.8381,株洲市,火车站,,48,48,57,27,41,120,83,112,98,23,24,14,10,0.8,0.7
2022-11-06T22:00:00,1524A,113.13,27.8528,株洲市,市监测站,,44,44,57,30,44,124,94,118,112,22,23,11,7,0.7,0.6
2022-11-06T22:00:00,1552A,106.805,26.3003,贵阳市,桐木岭(对照点),,,,,,,,,,,,,,,,
2022-11-06T22:00:00,1559A,113.251,27.8336,株洲市,大京风景区(对照点),,36,36,51,25,31,115,35,104,79,6,7,6,7,0.6,0.6
2022-11-06T22:00:00,1562A,113.0048,27.9153,湘潭市,昭山,颗粒物(PM10),53,56,100,32,52,123,29,110,70,71,42,9,5,0.5,0.5
2022-11-06T22:00:00,1564A,112.4876,27.9164,湘潭市,韶山(对照点),颗粒物(PM10),51,52,51,21,34,140,58,126,104,19,17,6,7,0.7,0.7
2022-11-06T22:00:00,1585A,109.8756,40.6532,包头市,市环境监测站,,24,24,45,9,23,85,56,81,66,16,31,8,13,0.3,0.9
2022-11-06T22:00:00,1587A,109.9991,40.5842,包头市,包头八中,,43,43,64,10,29,84,20,78,56,50,41,9,19,0.3,0.5
2022-11-06T22:00:00,1588A,109.8538,40.6821,包头市,青山宾馆,,36,36,60,5,28,85,49,81,63,21,37,13,16,0.5,0.8
2022-11-06T22:00:00,1589A,109.8642,40.6288,包头市,惠龙物流,,28,28,55,15,26,86,59,82,68,16,34,8,14,0.3,0.5
2022-11-06T22:00:00,1590A,110.0377,40.5546,包头市,东河鸿龙湾,,28,28,59,4,26,81,12,78,57,55,33,10,14,0.6,0.6
2022-11-06T22:00:00,1591A,110.0023,39.8129,鄂尔多斯市,综合楼,,33,33,57,8,30,81,54,74,65,28,27,8,10,0.5,0.7
2022-11-06T22:00:00,1592A,109.9486,39.8261,鄂尔多斯市,巴音孟克林场办事处,,46,46,61,17,32,85,50,81,67,33,26,10,10,0.6,0.7
2022-11-06T22:00:00,1593A,109.7736,39.5986,鄂尔多斯市,康泽苑,,34,34,49,12,27,92,62,89,78,15,15,4,6,0.4,0.5
2022-11-06T22:00:00,1594A,109.8119,39.5989,鄂尔多斯市,华泰汽车城,,39,39,53,17,35,93,60,90,79,17,19,5,6,0.5,0.6
2022-11-06T22:00:00,1595A,109.9734,39.7884,鄂尔多斯市,奥林花园,,46,46,74,12,36,90,64,86,77,23,28,8,8,0.3,0.6
2022-11-06T22:00:00,1596A,122.2414,40.6592,营口市,学府南路,,,,,,,,,,,,,,,,
2022-11-06T22:00:00,1597A,122.2703,40.7094,营口市,大庆路,细颗粒物(PM2.5),92,78,71,68,58,104,71,91,82,40,42,18,17,1.1,1.3
2022-11-06T22:00:00,1598A,122.215,40.6511,营口市,镜湖西路,细颗粒物(PM2.5),74,90,74,54,45,89,70,84,73,26,33,6,7,1.2,1.1
2022-11-06T22:00:00,1599A,122.167,40.6655,营口市,西炮台,细颗粒物(PM2.5),88,90,74,65,50,96,67,92,79,41,38,14,13,1.1,0.9
2022-11-06T22:00:00,1600A,124.3303,40.0625,丹东市,江湾东路,,49,49,62,25,38,45,43,36,36,10,21,10,14,0.8,1.2
2022-11-06T22:00:00,1601A,124.4256,40.1503,丹东市,临江后街,"颗粒物(PM10),细颗粒物(PM2.5)",69,87,61,50,35,93,48,83,72,24,23,11,17,1.3,1
2022-11-06T22:00:00,1602A,124.3933,40.1461,丹东市,元宝山,颗粒物(PM10),54,57,67,35,44,84,66,78,76,16,30,14,20,1.1,1.3
2022-11-06T22:00:00,1603A,124.3633,40.1092,丹东市,民主桥,颗粒物(PM10),72,94,62,41,33,86,19,78,66,56,26,11,14,1.3,0.9
2022-11-06T22:00:00,1604A,122.0303,41.1489,盘锦市,开发区,细颗粒物(PM2.5),113,67,57,85,60,83,56,70,63,35,40,8,14,1.1,1
2022-11-06T22:00:00,1605A,122.0485,41.0883,盘锦市,兴隆台,细颗粒物(PM2.5),102,72,61,76,57,76,49,67,56,39,42,18,19,1.0,1.1
2022-11-06T22:00:00,1606A,121.8297,41.1028,盘锦市,新生街道,细颗粒物(PM2.5),113,71,48,85,53,100,63,87,76,21,32,9,15,0.9,0.8
2022-11-06T22:00:00,1607A,120.9092,40.7136,葫芦岛市,龙港区,细颗粒物(PM2.5),93,62,70,69,71,85,72,80,78,24,37,17,18,1.0,1.1
2022-11-06T22:00:00,1608A,120.8392,40.7514,葫芦岛市,化工街,细颗粒物(PM2.5),117,117,94,88,54,81,21,76,62,86,53,13,14,1.0,0.9
2022-11-06T22:00:00,1609A,120.8341,40.7073,葫芦岛市,新区,细颗粒物(PM2.5),117,89,73,88,61,89,48,81,76,48,44,18,18,1.3,1.2
2022-11-06T22:00:00,1610A,120.8695,40.7677,葫芦岛市,东城区,细颗粒物(PM2.5),124,104,79,94,55,68,4,61,46,91,48,19,19,1.3,1.1
2022-11-06T22:00:00,1611A,118.5819,24.9117,泉州市,涂山街,,27,27,27,14,10,105,78,96,87,8,8,6,7,0.5,0.5
2022-11-06T22:00:00,1612A,118.5972,24.8978,泉州市,津头埔,,26,26,30,10,12,103,73,92,79,13,12,6,6,0.5,0.5
2022-11-06T22:00:00,1613A,118.6663,24.9424,泉州市,万安,,29,29,33,15,20,113,83,101,88,6,8,6,7,0.5,0.5
2022-11-06T22:00:00,1614A,118.6117,24.9604,泉州市,清源山(对照点),,,,,,,,,,,,,,,,
2022-11-06T22:00:00,1616A,117.6795,36.229,济南市,技术学院,"颗粒物(PM10),细颗粒物(PM2.5)",90,129,110,67,60,98,51,92,82,70,59,10,13,1.3,1.1
2022-11-06T22:00:00,1618A,118.3429,35.0532,临沂市,沂河小区,细颗粒物(PM2.5),68,75,113,49,84,105,89,91,91,38,63,42,22,0.5,0.8
2022-11-06T22:00:00,1619A,118.295,35.0583,临沂市,鲁南制药厂,细颗粒物(PM2.5),68,83,120,49,72,100,80,90,87,38,55,26,23,0.6,0.9
2022-11-06T22:00:00,1620A,118.2794,34.9976,临沂市,新光毛纺厂,细颗粒物(PM2.5),84,112,128,62,83,101,52,84,72,60,68,19,18,0.9,1.1
2022-11-06T22:00:00,1621A,118.3956,35.0888,临沂市,河东保险公司,细颗粒物(PM2.5),78,97,118,57,81,112,30,90,63,70,67,8,17,1.0,1.1
2022-11-06T22:00:00,1622A,116.3032,37.4674,德州市,儿童乐园,细颗粒物(PM2.5),92,128,106,68,52,116,67,106,92,39,32,12,14,0.8,0.7
2022-11-06T22:00:00,1624A,116.2991,37.4451,德州市,监理站,细颗粒物(PM2.5),119,128,103,90,66,119,67,109,94,33,25,14,16,0.8,0.7
2022-11-06T22:00:00,1625A,115.9848,36.4372,聊城市,区政府,颗粒物(PM10),91,132,109,63,52,88,42,78,67,43,32,18,21,0.8,0.7
2022-11-06T22:00:00,1628A,118.0062,37.3803,滨州市,市环保局,细颗粒物(PM2.5),83,110,111,61,59,103,37,84,65,39,44,20,25,0.9,0.9
2022-11-06T22:00:00,1629A,118.0018,37.3617,滨州市,第二水厂,细颗粒物(PM2.5),79,98,100,58,55,107,36,90,69,62,68,17,19,0.8,0.9
2022-11-06T22:00:00,1630A,117.9776,37.393,滨州市,北中新校,细颗粒物(PM2.5),79,83,90,58,54,108,40,86,68,52,58,18,19,0.7,0.7
2022-11-06T22:00:00,1631A,118.0414,36.8103,淄博市,人民公园,细颗粒物(PM2.5),89,114,96,66,57,92,16,76,41,80,52,12,13,1.3,0.8
2022-11-06T22:00:00,1632A,118.0253,36.8406,淄博市,东风化工厂,,,,,,,,,,,,,,,,
2022-11-06T22:00:00,1633A,117.8525,36.4847,淄博市,双山,细颗粒物(PM2.5),87,95,79,64,47,102,78,95,92,28,25,8,12,0.7,0.7
2022-11-06T22:00:00,1634A,117.9592,36.6331,淄博市,气象站,细颗粒物(PM2.5),77,101,73,56,40,100,85,92,61,36,39,13,12,0.6,0.7
2022-11-06T22:00:00,1635A,118.3092,36.8194,淄博市,莆田园,细颗粒物(PM2.5),89,100,83,66,57,95,58,79,74,45,44,12,10,1.6,1.4
2022-11-06T22:00:00,1636A,117.8661,36.805,淄博市,三金集团,,,,,,,,,,,,,,,,
2022-11-06T22:00:00,1637A,117.558,34.8438,枣庄市,市中区政府,细颗粒物(PM2.5),100,144,140,75,79,112,71,103,91,58,52,13,13,0.9,0.9
2022-11-06T22:00:00,1638A,117.2852,34.7837,枣庄市,薛城环保局,细颗粒物(PM2.5),79,95,105,58,62,107,99,97,97,44,46,22,25,1.0,0.9
2022-11-06T22:00:00,1639A,117.5852,34.7745,枣庄市,峄城区政府,颗粒物(PM10),80,110,127,58,74,131,99,110,110,34,44,14,13,1.1,1.1
2022-11-06T22:00:00,1640A,117.7276,34.5578,枣庄市,台儿庄区环保局,细颗粒物(PM2.5),79,97,104,58,64,143,68,101,101,40,45,10,12,1.1,1
2022-11-06T22:00:00,1641A,117.4518,35.0992,枣庄市,山亭区环保局,颗粒物(PM10),62,73,78,42,47,131,127,125,125,30,31,11,13,1.1,1
2022-11-06T22:00:00,1642A,121.2514,37.5639,烟台市,开发区,,29,17,58,14,34,114,90,105,99,15,36,10,11,0.4,0.6
2022-11-06T22:00:00,1643A,121.3719,37.5433,烟台市,轴承厂,,,,54,8,35,137,106,124,116,9,19,9,12,0.2,0.4
2022-11-06T22:00:00,1644A,121.3181,37.5436,烟台市,西郊化工站,,34,24,62,11,34,132,106,124,119,10,19,12,14,0.6,0.9
2022-11-06T22:00:00,1645A,121.4478,37.4822,烟台市,莱山环保局,,,,59,,35,133,103,121,108,8,18,8,11,0.4,0.5
2022-11-06T22:00:00,1646A,121.2611,37.4967,烟台市,福山环保局,,,,74,,38,40,,22,,,43,,8,,0.7
2022-11-06T22:00:00,1648A,119.12,36.7019,潍坊市,仲裁委,,,,,,,,,,,,,,,,
2022-11-06T22:00:00,1650A,119.1437,36.7023,潍坊市,环保局,颗粒物(PM10),52,53,95,33,52,93,93,79,78,23,54,5,7,0.7,0.9
2022-11-06T22:00:00,1652A,119.1936,36.7729,潍坊市,寒亭监测站,,,,,,,,,,,,,,,,
2022-11-06T22:00:00,1653A,116.6251,35.4302,济宁市,火炬城,细颗粒物(PM2.5),119,107,80,90,65,102,82,93,91,34,30,12,11,0.7,0.6
2022-11-06T22:00:00,1655A,116.5491,35.4042,济宁市,电化厂,细颗粒物(PM2.5),125,123,93,95,65,101,80,90,89,35,33,16,13,0.9,0.7
2022-11-06T22:00:00,1656A,117.1437,36.1937,泰安市,监测站,细颗粒物(PM2.5),92,110,86,68,60,113,62,99,86,28,26,11,14,0.7,0.7
2022-11-06T22:00:00,1657A,117.0885,36.2017,泰安市,人口学校,细颗粒物(PM2.5),75,92,79,55,46,104,84,96,93,30,26,13,14,0.5,0.6
2022-11-06T22:00:00,1658A,117.1089,36.1758,泰安市,电力学校,颗粒物(PM10),75,100,79,38,34,111,66,96,88,37,36,11,13,1.0,0.9
2022-11-06T22:00:00,1659A,119.471,35.4209,日照市,监测站,,41,41,77,15,39,136,81,114,101,33,45,10,10,0.7,1.3
2022-11-06T22:00:00,1660A,119.523,35.4216,日照市,市政府广场,,41,41,79,13,43,130,93,118,110,17,44,6,13,0.5,1.1
2022-11-06T22:00:00,1661A,119.5587,35.4044,日照市,港务局,,48,48,83,17,44,134,100,126,119,13,50,6,14,0.6,1.2
2022-11-06T22:00:00,1662A,122.1214,37.4236,威海市,华夏技校,,29,19,38,12,25,123,90,113,105,12,14,6,7,0.1,0.3
2022-11-06T22:00:00,1663A,122.0508,37.5236,威海市,山大分校,,27,20,37,10,16,125,85,114,104,14,18,4,5,0.3,0.5
2022-11-06T22:00:00,1664A,122.1067,37.5072,威海市,市监测站,,30,20,34,7,19,125,96,116,108,10,20,5,6,0.4,0.5
2022-11-06T22:00:00,1665A,118.5019,37.4658,东营市,西城阳光环保公司,,,,,,,,,,,,,,,,
2022-11-06T22:00:00,1666A,118.6614,37.4309,东营市,市环保局,细颗粒物(PM2.5),62,70,89,44,49,104,56,92,81,35,50,30,15,1.0,1
2022-11-06T22:00:00,1669A,113.5824,24.7733,韶关市,市八中,,26,26,17,16,13,61,34,50,45,15,11,7,7,0.6,0.6
2022-11-06T22:00:00,1670A,113.5556,24.8082,韶关市,碧湖山庄,,,,,,,,,,,,,,,,
2022-11-06T22:00:00,1671A,113.5917,24.7972,韶关市,园林处,,,17,13,,10,62,36,54,51,8,6,7,8,0.5,0.4
2022-11-06T22:00:00,1672A,113.6735,24.7791,韶关市,韶关学院,,28,15,16,19,18,55,21,46,42,23,14,6,7,0.5,0.5
2022-11-06T22:00:00,1673A,113.5971,24.6863,韶关市,曲江监测站,,37,37,21,19,16,48,30,42,35,18,15,11,7,0.7,0.7
2022-11-06T22:00:00,1674A,116.6794,23.3667,汕头市,金平子站,,35,35,29,17,13,133,93,120,116,22,18,12,11,0.5,0.4
2022-11-06T22:00:00,1675A,116.7244,23.3633,汕头市,龙湖子站,颗粒物(PM10),54,58,37,13,9,135,95,121,117,22,16,11,10,0.6,0.5
2022-11-06T22:00:00,1676A,116.7258,23.2775,汕头市,濠江子站,,40,31,22,28,15,127,100,111,110,14,13,8,9,0.6,0.6
2022-11-06T22:00:00,1677A,116.7519,23.4714,汕头市,澄海子站,,37,37,27,22,14,135,97,117,113,17,17,5,8,0.6,0.6
2022-11-06T22:00:00,1678A,116.6092,23.2539,汕头市,潮阳子站,,33,32,27,10,9,120,104,112,110,11,13,8,9,0.6,0.6
2022-11-06T22:00:00,1679A,116.4069,23.2533,汕头市,潮南子站,,,,,,,,,,,,,,,,
2022-11-06T22:00:00,1680A,110.3539,21.2706,湛江市,湛江影剧院,,24,18,24,15,15,97,75,95,91,16,18,6,17,0.6,0.7
2022-11-06T22:00:00,1681A,110.3928,21.2228,湛江市,市环境监测站,,28,0,22,19,14,105,78,96,94,10,13,6,12,0.6,0.6
2022-11-06T22:00:00,1682A,110.4019,21.1997,湛江市,环保局宿舍,,24,23,21,15,17,106,76,97,92,12,14,7,11,0.6,0.6
2022-11-06T22:00:00,1683A,110.4111,21.2028,湛江市,霞山游泳场,,26,20,20,14,16,109,81,100,98,9,12,7,12,0.5,0.5
2022-11-06T22:00:00,1684A,110.3316,21.2679,湛江市,麻章区环保局,,28,19,29,19,20,93,76,88,86,12,17,7,21,0.7,0.7
2022-11-06T22:00:00,1685A,110.4558,21.2567,湛江市,坡头区环保局,,25,23,21,17,18,113,76,99,97,8,12,6,12,0.6,0.7
2022-11-06T22:00:00,1686A,111.0286,21.4688,茂名市,电白南海,,27,27,26,12,8,99,47,83,68,14,13,7,9,0.5,0.5
2022-11-06T22:00:00,1687A,110.9294,21.6533,茂名市,茂石化七小,,35,29,19,24,14,93,48,84,72,11,11,11,13,0.6,0.6
2022-11-06T22:00:00,1688A,110.9107,21.6687,茂名市,健康路,,22,22,21,15,10,96,50,88,76,10,11,11,14,0.8,0.8
2022-11-06T22:00:00,1689A,110.8592,21.6828,茂名市,高岭,,32,24,22,22,21,110,45,97,79,19,14,10,20,0.3,0.2
2022-11-06T22:00:00,1690A,116.1231,24.3284,梅州市,梅江月梅,,35,25,20,24,11,62,2,46,29,35,23,4,4,0.5,0.5
2022-11-06T22:00:00,1691A,116.0797,24.2719,梅州市,梅县新城,,29,23,19,20,13,57,18,45,35,26,19,8,8,0.5,0.5
2022-11-06T22:00:00,1692A,116.1248,24.2654,梅州市,环境监控中心,,33,33,21,18,11,61,14,45,35,29,24,7,7,0.5,0.4
2022-11-06T22:00:00,1693A,115.3653,22.775,汕尾市,市环保局,,31,31,29,15,14,101,50,94,87,14,13,8,8,0.8,0.8
2022-11-06T22:00:00,1694A,115.3706,22.7898,汕尾市,市政府,,32,23,25,22,14,103,44,83,68,11,12,8,8,0.6,0.6
2022-11-06T22:00:00,1695A,115.3622,22.7925,汕尾市,新城中学,,29,29,30,16,18,108,43,84,64,8,8,8,9,0.6,0.6
2022-11-06T22:00:00,1696A,114.6778,23.7569,河源市,源西(对照点),,18,17,14,12,10,41,4,36,24,33,16,4,4,0.8,0.7
2022-11-06T22:00:00,1697A,114.6944,23.7586,河源市,东埔,,18,12,13,12,11,44,21,37,29,19,13,4,4,0.7,0.6
2022-11-06T22:00:00,1698A,114.6892,23.7233,河源市,老城,,24,24,17,16,13,43,20,39,31,23,14,4,4,0.8,0.7
2022-11-06T22:00:00,1699A,111.9797,21.8593,阳江市,鸳鸯湖(对照点),,48,28,18,33,19,71,31,57,50,16,12,7,6,0.7,0.7
2022-11-06T22:00:00,1700A,111.9508,21.8536,阳江市,南恩路,,,,,,,,,,,,,,,,
2022-11-06T22:00:00,1701A,111.9491,21.8658,阳江市,马南垌,细颗粒物(PM2.5),63,32,20,45,20,65,29,52,46,26,23,7,6,0.6,0.6
2022-11-06T22:00:00,1702A,113.0426,23.691,清远市,环保大楼(对照点),,25,22,16,17,14,58,38,53,51,16,11,7,3,0.8,0.7
2022-11-06T22:00:00,1703A,113.0208,23.7106,清远市,凤城街办,,29,29,22,20,14,41,27,37,34,22,13,9,7,1.0,0.8
2022-11-06T22:00:00,1705A,116.6367,23.6719,潮州市,西园路(对照点),,40,40,28,19,17,112,79,89,71,11,10,15,11,0.7,0.7
2022-11-06T22:00:00,1706A,116.6447,23.6706,潮州市,档案局,,40,40,28,17,15,110,81,86,67,12,9,11,11,0.6,0.6
2022-11-06T22:00:00,1708A,116.3701,23.5345,揭阳市,新兴,,47,47,39,24,26,117,89,92,79,17,17,16,17,0.6,0.6
2022-11-06T22:00:00,1709A,116.3264,23.5443,揭阳市,西马,,48,48,42,19,24,115,91,98,66,12,15,13,12,0.6,0.6
2022-11-06T22:00:00,1710A,116.3611,23.5626,揭阳市,东兴,,47,47,42,21,26,111,84,84,66,16,19,16,16,0.5,0.5
2022-11-06T22:00:00,1711A,116.4151,23.5294,揭阳市,渔湖,,50,50,44,24,25,108,81,88,81,18,18,13,17,0.6,0.6
2022-11-06T22:00:00,1712A,112.0392,22.9169,云浮市,新市府(对照点),,20,20,13,14,9,49,8,47,29,20,11,5,6,0.7,0.6
2022-11-06T22:00:00,1713A,112.0369,22.9394,云浮市,市监测站,,,,,,,,,,,,,,,,
2022-11-06T22:00:00,1714A,112.0539,22.9539,云浮市,牧羊,,26,26,20,17,11,43,16,28,21,20,20,11,12,0.7,0.7
2022-11-06T22:00:00,1715A,102.575,24.3711,玉溪市,东风水库,,37,37,33,16,25,90,46,81,73,14,12,5,5,0.6,0.7
2022-11-06T22:00:00,1718A,115.4208,35.2464,菏泽市,气象局,颗粒物(PM10),94,138,109,67,58,131,46,116,104,64,30,7,10,1.0,0.6
2022-11-06T22:00:00,1719A,115.4747,35.2375,菏泽市,市政协,细颗粒物(PM2.5),107,145,101,80,59,138,33,117,99,87,38,11,9,0.7,0.5
2022-11-06T22:00:00,1720A,115.455,35.27,菏泽市,菏泽学院,,,,,,,,,,,,,,,,
2022-11-06T22:00:00,1721A,113.3819,40.1097,大同市,果树场(对照点),,,,,,,,,,,,,,,,
2022-11-06T22:00:00,1723A,113.2994,40.0758,大同市,云冈宾馆,,,95,100,,,40,14,28,14,47,48,22,18,2.1,1.7
2022-11-06T22:00:00,1724A,113.3444,40.0917,大同市,大同大学,,,,,57,53,54,34,44,32,31,31,29,29,1.4,1
2022-11-06T22:00:00,1725A,113.2661,40.1269,大同市,安家小村,,,,,,,,,,,,,,,,
2022-11-06T22:00:00,1726A,113.2711,40.0844,大同市,教育学院,细颗粒物(PM2.5),105,104,96,79,66,39,18,30,17,39,45,13,24,0.8,0.8
2022-11-06T22:00:00,1727A,113.1147,36.1547,长治市,清华站,颗粒物(PM10),66,81,56,44,43,102,22,91,62,37,23,8,9,0.6,0.5
2022-11-06T22:00:00,1728A,113.1031,36.1989,长治市,监测站,细颗粒物(PM2.5),77,85,58,56,47,92,22,87,50,47,31,7,9,1.2,0.9
2022-11-06T22:00:00,1730A,113.0886,36.2125,长治市,审计局,细颗粒物(PM2.5),70,58,53,51,51,95,54,82,67,27,25,4,6,0.4,0.4
2022-11-06T22:00:00,1731A,113.0844,36.1856,长治市,长治八中,细颗粒物(PM2.5),79,88,68,58,40,94,18,79,53,50,29,12,12,0.9,0.7
2022-11-06T22:00:00,1733A,111.5531,36.0783,临汾市,临钢医院,细颗粒物(PM2.5),135,132,89,103,81,87,10,66,46,51,50,3,4,1.7,1.2
2022-11-06T22:00:00,1734A,111.5028,36.0714,临汾市,技工学校,细颗粒物(PM2.5),163,176,126,124,85,82,11,62,52,64,44,9,8,1.3,0.9
2022-11-06T22:00:00,1735A,111.5169,36.0822,临汾市,工商学校,,,,,,,,,,,,,,,,
2022-11-06T22:00:00,1736A,111.5018,36.0855,临汾市,市委,细颗粒物(PM2.5),158,173,113,120,80,76,8,60,50,70,45,2,4,1.4,1.1
2022-11-06T22:00:00,1738A,113.5758,37.8572,阳泉市,市中心,细颗粒物(PM2.5),189,197,123,142,76,103,9,74,58,71,45,12,13,1.8,1.2
2022-11-06T22:00:00,1739A,113.4894,37.8731,阳泉市,赛鱼,细颗粒物(PM2.5),160,153,108,122,80,94,2,75,44,64,44,9,14,1.4,0.8
2022-11-06T22:00:00,1740A,113.5819,37.8486,阳泉市,南庄,细颗粒物(PM2.5),160,185,135,122,79,99,26,70,55,38,40,11,14,1.7,1.4
2022-11-06T22:00:00,1741A,113.6292,37.8531,阳泉市,白羊墅,,,,,,,,,,,,,,,,
2022-11-06T22:00:00,1742A,113.5614,37.8703,阳泉市,平坦,细颗粒物(PM2.5),166,194,130,126,81,105,17,81,64,71,49,13,15,1.8,1.3
2022-11-06T22:00:00,1743A,113.5158,37.8392,阳泉市,大阳泉,细颗粒物(PM2.5),172,147,89,130,69,103,57,88,78,40,32,16,13,1.6,1.1
2022-11-06T22:00:00,1744A,118.9233,42.2816,赤峰市,松山一中,颗粒物(PM10),91,132,63,56,22,59,11,45,29,72,52,39,21,1.4,1
2022-11-06T22:00:00,1745A,118.9576,42.2728,赤峰市,哈达街,颗粒物(PM10),87,123,62,55,26,71,17,52,36,72,45,22,19,1.4,0.8
2022-11-06T22:00:00,1746A,118.8788,42.2554,赤峰市,天义路,颗粒物(PM10),84,117,60,42,20,63,10,46,30,63,49,40,22,1.1,0.8
2022-11-06T22:00:00,1748A,123.044,41.1196,鞍山市,深沟寺,细颗粒物(PM2.5),59,56,63,42,44,111,89,99,88,14,19,8,11,0.7,0.8
2022-11-06T22:00:00,1749A,123.011,41.0931,鞍山市,太阳城,颗粒物(PM10),55,59,64,37,43,106,83,93,83,13,17,10,13,0.6,0.6
2022-11-06T22:00:00,1750A,123.0485,41.1442,鞍山市,太平,细颗粒物(PM2.5),58,61,75,41,46,101,84,88,72,14,26,12,17,0.7,0.8
2022-11-06T22:00:00,1751A,122.9642,41.0971,鞍山市,铁西三道街,颗粒物(PM10),61,72,88,40,47,106,58,84,59,40,41,23,21,1.1,1
2022-11-06T22:00:00,1752A,122.9341,41.0833,鞍山市,铁西工业园区,颗粒物(PM10),58,66,92,40,47,102,61,87,72,28,34,12,16,0.9,1
2022-11-06T22:00:00,1753A,123.022,41.0821,鞍山市,明达新区,细颗粒物(PM2.5),55,57,69,39,44,105,82,92,82,13,22,11,15,0.6,0.8
2022-11-06T22:00:00,1754A,123.1289,41.0228,鞍山市,千山(对照点),,,,,,,,,,,,,,,,
2022-11-06T22:00:00,1755A,123.7977,41.8491,抚顺市,望花区,细颗粒物(PM2.5),77,76,117,56,62,96,61,78,70,24,38,16,19,0.5,0.8
2022-11-06T22:00:00,1756A,123.9161,41.8822,抚顺市,顺城区,细颗粒物(PM2.5),69,74,78,50,50,84,58,71,66,28,36,14,15,1.2,1.5
2022-11-06T22:00:00,1757A,124.0436,41.8611,抚顺市,东洲区,细颗粒物(PM2.5),73,71,70,53,45,92,71,82,76,16,25,13,14,1.0,0.8
2022-11-06T22:00:00,1758A,123.9247,41.8642,抚顺市,新抚区,细颗粒物(PM2.5),75,74,90,55,55,84,47,67,60,25,34,9,10,0.8,1
2022-11-06T22:00:00,1759A,124.0972,41.8961,抚顺市,大伙房水库,细颗粒物(PM2.5),67,65,58,48,41,90,72,82,79,13,21,8,9,0.7,0.8
2022-11-06T22:00:00,1760A,123.7086,41.8391,抚顺市,沈抚新城,细颗粒物(PM2.5),75,90,121,55,56,94,39,74,60,31,36,16,34,1.3,1.9
2022-11-06T22:00:00,1761A,123.8275,41.3064,本溪市,大峪,,,33,50,30,35,85,74,79,76,,32,11,13,1.0,1.3
2022-11-06T22:00:00,1762A,123.7567,41.3325,本溪市,溪湖,颗粒物(PM10),60,69,107,35,42,84,46,73,63,44,38,32,16,1.2,1.2
2022-11-06T22:00:00,1763A,123.7169,41.3094,本溪市,彩屯,颗粒物(PM10),74,98,135,52,77,70,48,52,38,39,53,20,35,1.7,3
2022-11-06T22:00:00,1764A,123.7669,41.2864,本溪市,东明,,43,33,60,30,35,87,72,79,75,24,35,14,16,0.5,0.9
2022-11-06T22:00:00,1765A,123.7992,41.2664,本溪市,新立屯,,38,34,40,26,31,86,76,78,76,16,29,10,12,0.7,1.1
2022-11-06T22:00:00,1766A,123.8142,41.3472,本溪市,威宁,颗粒物(PM10),52,53,66,27,34,81,52,71,56,27,34,10,10,0.5,0.8
2022-11-06T22:00:00,1767A,121.1115,41.0879,锦州市,南山,细颗粒物(PM2.5),138,72,56,105,70,75,15,61,49,80,40,16,19,1.1,1.2
2022-11-06T22:00:00,1768A,121.0533,40.8434,锦州市,开发区,细颗粒物(PM2.5),114,78,93,86,69,74,33,64,58,63,45,20,44,1.2,1.5
2022-11-06T22:00:00,1769A,121.1836,41.1119,锦州市,百股街道,细颗粒物(PM2.5),110,86,62,83,50,83,18,70,58,80,42,18,24,1.8,1.2
2022-11-06T22:00:00,1770A,121.1178,41.1222,锦州市,天安街道,细颗粒物(PM2.5),137,84,60,104,60,80,26,66,59,64,44,14,18,1.3,0.9
2022-11-06T22:00:00,1771A,121.1303,41.1386,锦州市,北湖公园,细颗粒物(PM2.5),123,67,50,93,51,79,34,67,61,55,29,16,23,1.2,1
2022-11-06T22:00:00,1772A,126.54,43.8622,吉林市,哈达湾,细颗粒物(PM2.5),54,53,42,38,23,77,44,62,52,37,31,13,12,0.8,0.6
2022-11-06T22:00:00,1773A,126.5844,43.8358,吉林市,东局子,颗粒物(PM10),63,76,42,43,20,74,20,67,52,59,30,13,9,1.0,0.7
2022-11-06T22:00:00,1774A,126.5052,43.8245,吉林市,电力学院,细颗粒物(PM2.5),90,95,48,67,31,73,18,68,36,48,35,13,11,1.4,1
2022-11-06T22:00:00,1775A,126.6133,43.8972,吉林市,江北,,37,37,37,20,22,75,48,66,58,28,25,12,9,0.6,0.7
2022-11-06T22:00:00,1776A,126.555,43.8306,吉林市,江南公园,"颗粒物(PM10),细颗粒物(PM2.5)",57,64,44,40,27,61,30,49,37,40,33,8,7,0.9,0.7
2022-11-06T22:00:00,1778A,126.7061,43.7133,吉林市,丰满(对照点),,,,,,,,,,,,,,,,
2022-11-06T22:00:00,1779A,123.9305,47.3636,齐齐哈尔市,安居小区,颗粒物(PM10),71,92,75,31,40,81,10,62,28,52,29,8,10,0.7,0.8
2022-11-06T22:00:00,1780A,123.9488,47.3386,齐齐哈尔市,中心广场,颗粒物(PM10),62,74,70,27,31,69,29,53,30,35,32,7,9,0.8,0.6
2022-11-06T22:00:00,1781A,123.9483,47.3227,齐齐哈尔市,农牧车辆厂,颗粒物(PM10),58,66,64,25,15,67,25,54,30,34,29,10,11,0.8,0.6
2022-11-06T22:00:00,1783A,123.945,47.2988,齐齐哈尔市,市环境监测站,颗粒物(PM10),62,74,65,40,34,68,15,57,33,47,28,6,8,0.6,0.6
2022-11-06T22:00:00,1784A,129.61,44.561,牡丹江市,环保大楼,颗粒物(PM10),71,91,69,44,51,62,5,50,25,48,33,7,6,1.3,0.6
2022-11-06T22:00:00,1785A,129.6115,44.5782,牡丹江市,文化广场,颗粒物(PM10),60,70,80,40,56,59,4,45,22,47,34,11,7,1.2,0.7
2022-11-06T22:00:00,1786A,129.5904,44.5963,牡丹江市,第一医院,细颗粒物(PM2.5),58,56,83,41,64,55,15,45,23,33,32,19,11,1.0,1.1
2022-11-06T22:00:00,1787A,129.6364,44.6075,牡丹江市,机车工厂,颗粒物(PM10),53,55,95,32,61,61,13,51,29,34,30,2,2,0.7,0.8
2022-11-06T22:00:00,1788A,129.6386,44.5462,牡丹江市,第一中学,,,35,60,13,41,61,4,52,27,,26,4,4,0.6,0.5
2022-11-06T22:00:00,1789A,124.81117,46.03138,大庆市,大同区,细颗粒物(PM2.5),85,101,67,63,40,59,27,50,35,48,26,9,7,0.7,0.6
2022-11-06T22:00:00,1790A,125.129,46.533,大庆市,龙凤区,细颗粒物(PM2.5),168,188,68,127,43,60,5,46,23,66,29,17,9,1.4,0.7
2022-11-06T22:00:00,1791A,124.902,46.408,大庆市,红岗区,细颗粒物(PM2.5),62,63,45,44,23,63,16,50,32,42,23,7,4,0.9,0.6
2022-11-06T22:00:00,1792A,125.153,46.586,大庆市,萨尔图区,细颗粒物(PM2.5),125,151,58,95,37,61,3,46,22,82,40,12,10,1.1,0.5
2022-11-06T22:00:00,1793A,124.9042,46.6215,大庆市,让胡路区,,,100,42,41,19,53,6,43,16,73,39,9,7,1.7,0.7
2022-11-06T22:00:00,1794A,118.3606,31.3519,芜湖市,监测站,颗粒物(PM10),51,52,49,35,36,124,50,106,88,54,37,10,12,0.6,0.6
2022-11-06T22:00:00,1795A,118.3714,31.4134,芜湖市,科创中心,细颗粒物(PM2.5),62,68,59,44,38,136,56,117,90,48,43,8,7,0.5,0.5
2022-11-06T22:00:00,1796A,118.3673,31.3131,芜湖市,四水厂,"颗粒物(PM10),细颗粒物(PM2.5)",52,53,58,36,38,130,55,113,93,44,32,9,11,0.5,0.5
2022-11-06T22:00:00,1797A,118.4022,31.3839,芜湖市,济民医院(对照点),,,,,,,,,,,,,,,,
2022-11-06T22:00:00,1798A,118.5092,31.6837,马鞍山市,湖东路四小,颗粒物(PM10),59,67,55,40,28,130,77,116,98,33,38,10,9,0.6,0.6
2022-11-06T22:00:00,1799A,118.5024,31.6449,马鞍山市,开发区,细颗粒物(PM2.5),73,76,60,53,41,136,46,119,90,62,48,9,9,0.6,0.6
2022-11-06T22:00:00,1800A,118.5228,31.7231,马鞍山市,慈湖,细颗粒物(PM2.5),70,54,61,51,49,134,73,118,103,44,42,13,31,0.6,0.7
2022-11-06T22:00:00,1801A,118.48,31.6928,马鞍山市,马钢动力厂,,,,,,,,,,,,,,,,
2022-11-06T22:00:00,1802A,118.6245,31.7241,马鞍山市,濮塘(对照点),颗粒物(PM10),56,61,51,35,30,138,88,125,114,18,20,6,6,0.5,0.6
2022-11-06T22:00:00,1803A,115.9872,29.6815,九江市,十里,颗粒物(PM10),56,62,60,37,30,132,9,112,79,78,33,8,11,0.9,0.8
2022-11-06T22:00:00,1804A,115.9584,29.7046,九江市,茅山头,,38,38,54,26,33,123,50,104,91,31,28,7,12,0.7,0.8
2022-11-06T22:00:00,1805A,115.9877,29.7295,九江市,西园,颗粒物(PM10),55,59,61,29,34,108,42,94,76,40,32,8,13,0.8,0.7
2022-11-06T22:00:00,1806A,116.0172,29.6547,九江市,五七二七厂,,37,37,46,20,28,131,53,119,105,29,23,6,10,0.6,0.6
2022-11-06T22:00:00,1808A,115.9114,29.6038,九江市,综合工业园,颗粒物(PM10),54,57,54,29,34,118,44,94,79,47,44,8,10,0.0,0.6
2022-11-06T22:00:00,1809A,116.0721,29.7535,九江市,石化总厂,,42,42,53,19,25,122,58,114,98,35,31,13,11,0.6,0.7
2022-11-06T22:00:00,1810A,115.9773,29.5698,九江市,庐山气象台(对照点),,26,6,22,4,16,112,81,102,98,9,17,7,5,0.4,0.4
2022-11-06T22:00:00,1811A,112.3628,34.6692,洛阳市,中信二小,,,,,,,,,,,,,,,,
2022-11-06T22:00:00,1812A,112.3931,34.6516,洛阳市,市委党校,细颗粒物(PM2.5),102,147,128,76,74,126,14,109,69,83,50,8,9,1.0,0.7
2022-11-06T22:00:00,1814A,112.4657,34.6871,洛阳市,豫西宾馆,细颗粒物(PM2.5),113,128,98,85,73,139,2,113,76,88,40,4,6,1.1,0.6
2022-11-06T22:00:00,1815A,112.494,34.6886,洛阳市,河南林校,细颗粒物(PM2.5),102,111,94,76,69,133,9,114,83,72,35,,,0.7,0.4
2022-11-06T22:00:00,1816A,112.3844,34.623,洛阳市,开发区管委会,细颗粒物(PM2.5),87,91,103,64,74,118,28,104,85,54,40,4,6,0.5,0.4
2022-11-06T22:00:00,1817A,112.4267,34.6258,洛阳市,市委新办公区,细颗粒物(PM2.5),89,111,107,66,74,111,4,93,62,81,43,5,6,1.1,0.7
2022-11-06T22:00:00,1818A,114.4839,36.0621,安阳市,棉研所(对照点),,,,,,,,,,,,,,,,
2022-11-06T22:00:00,1819A,114.3551,36.1017,安阳市,红庙街,细颗粒物(PM2.5),173,145,90,131,67,105,34,83,63,54,43,14,13,1.2,0.5
2022-11-06T22:00:00,1820A,114.361,36.0681,安阳市,银杏小区,细颗粒物(PM2.5),159,136,89,121,66,113,37,93,64,52,45,14,12,1.3,0.6
2022-11-06T22:00:00,1824A,114.3389,34.7781,开封市,肿瘤医院,细颗粒物(PM2.5),107,114,98,80,60,135,68,112,100,39,31,5,8,0.8,0.6
2022-11-06T22:00:00,1826A,114.2885,34.7965,开封市,世纪星幼儿园,细颗粒物(PM2.5),104,97,81,78,60,137,68,120,108,31,25,6,11,0.8,0.7
2022-11-06T22:00:00,1828A,113.227,35.2125,焦作市,市环保局,细颗粒物(PM2.5),125,129,102,95,65,129,60,106,92,38,32,12,16,1.7,1.1
2022-11-06T22:00:00,1829A,113.2464,35.1764,焦作市,高新区政府（停运20220628）,,,,,,,,,,,,,,,,
2022-11-06T22:00:00,1830A,113.1992,35.2590,焦作市,影视城(对照点),,,,,,,,,,,,,,,,
2022-11-06T22:00:00,1832A,113.3257,33.742,平顶山市,新华旅馆,细颗粒物(PM2.5),140,135,104,107,68,119,46,110,93,47,39,7,12,0.9,0.6
2022-11-06T22:00:00,1833A,113.2919,33.737,平顶山市,规划设计院,细颗粒物(PM2.5),128,142,105,97,59,134,26,118,95,65,43,6,4,1.1,0.7
2022-11-06T22:00:00,1834A,113.182,33.774,平顶山市,平顶山工学院,,,0,93,,57,138,90,122,111,16,26,11,8,0.7,0.7
2022-11-06T22:00:00,1835A,111.1922,34.7752,三门峡市,市政府,细颗粒物(PM2.5),118,129,81,89,74,106,3,92,55,74,40,8,12,0.8,0.7
2022-11-06T22:00:00,1836A,111.1587,34.7942,三门峡市,开发区,细颗粒物(PM2.5),125,149,108,95,72,109,0,99,73,75,26,5,9,1.0,0.8
2022-11-06T22:00:00,1838A,111.143,34.7955,三门峡市,风景区(对照点),,,,,,,,,,,,,,,,
2022-11-06T22:00:00,1839A,111.3009,30.7157,宜昌市,四零三,,,,,,,,,,,,,,,,
2022-11-06T22:00:00,1840A,111.2992,30.6981,宜昌市,白龙岗,细颗粒物(PM2.5),67,75,84,48,62,136,52,119,110,51,31,4,4,1.0,1
2022-11-06T22:00:00,1841A,111.3549,30.6465,宜昌市,伍家岗,细颗粒物(PM2.5),67,76,92,48,59,140,31,120,106,57,38,5,6,0.7,0.6
2022-11-06T22:00:00,1842A,111.2628,30.6961,宜昌市,点军区,细颗粒物(PM2.5),119,98,85,90,64,130,32,110,93,36,29,5,6,0.9,0.7
2022-11-06T22:00:00,1843A,111.3275,30.7819,宜昌市,夷陵区,细颗粒物(PM2.5),83,95,80,61,59,140,31,119,92,55,34,9,9,0.8,0.7
2022-11-06T22:00:00,1844A,112.2494,30.3197,荆州市,市图书馆,细颗粒物(PM2.5),107,89,81,80,66,143,56,129,108,66,45,7,8,1.1,1
2022-11-06T22:00:00,1845A,112.2008,30.3544,荆州市,市委党校,细颗粒物(PM2.5),92,97,84,68,59,142,56,129,107,63,42,6,7,1.0,0.9
2022-11-06T22:00:00,1847A,113.1094,29.3578,岳阳市,南湖风景区,颗粒物(PM10),69,87,68,48,45,139,8,123,79,91,46,12,14,1.4,0.9
2022-11-06T22:00:00,1848A,113.1493,29.4251,岳阳市,城陵矶,颗粒物(PM10),63,76,70,43,41,118,8,106,64,95,56,7,11,1.0,0.8
2022-11-06T22:00:00,1849A,113.1497,29.3575,岳阳市,开发区,细颗粒物(PM2.5),69,68,60,50,47,134,3,120,86,81,40,8,11,1.0,0.7
2022-11-06T22:00:00,1850A,113.2621,29.4758,岳阳市,云溪区,颗粒物(PM10),67,83,64,46,38,142,45,122,88,40,30,10,8,0.9,0.7
2022-11-06T22:00:00,1851A,112.9943,29.4402,岳阳市,君山区,细颗粒物(PM2.5),65,58,55,47,42,131,3,116,82,111,36,6,7,0.6,0.6
2022-11-06T22:00:00,1852A,113.2117,29.355,岳阳市,金凤水库(对照点),细颗粒物(PM2.5),55,52,54,39,36,141,96,128,118,22,26,6,6,0.8,0.8
2022-11-06T22:00:00,1854A,111.6975,28.9703,常德市,市二中,细颗粒物(PM2.5),69,78,76,50,47,116,52,104,89,57,32,6,6,0.6,0.6
2022-11-06T22:00:00,1857A,111.7158,29.1456,常德市,白鹤山(对照点),颗粒物(PM10),55,59,55,37,40,136,120,118,117,10,11,4,4,0.6,0.6
2022-11-06T22:00:00,1858A,110.5319,29.1217,张家界市,永定新区,细颗粒物(PM2.5),68,69,54,49,37,116,60,108,93,27,26,3,4,0.5,0.5
2022-11-06T22:00:00,1859A,110.4697,29.1242,张家界市,电业局,颗粒物(PM10),55,59,54,35,34,100,31,79,56,52,37,5,5,0.5,0.3
2022-11-06T22:00:00,1860A,110.5594,29.3547,张家界市,未央路,,38,33,44,26,31,120,49,106,82,11,11,4,4,0.1,0.2
2022-11-06T22:00:00,1861A,110.4417,29.315,张家界市,袁家界(对照点),,35,32,33,8,16,125,110,120,115,13,14,10,10,0.6,0.6
2022-11-06T22:00:00,1862A,110.4144,25.3167,桂林市,电子科大尧山校区(对照点),,50,50,56,35,36,157,87,141,126,13,10,7,12,0.7,0.8
2022-11-06T22:00:00,1863A,110.2819,25.2697,桂林市,监测站,颗粒物(PM10),76,102,68,53,41,159,15,144,100,77,23,6,9,1.4,0.7
2022-11-06T22:00:00,1864A,110.3089,25.2708,桂林市,龙隐路小学,,,83,58,,43,146,18,129,101,72,16,6,11,1.1,0.8
2022-11-06T22:00:00,1865A,110.2869,25.2178,桂林市,八中,颗粒物(PM10),79,108,60,50,38,145,14,129,97,82,19,10,9,1.2,0.7
2022-11-06T22:00:00,1866A,109.2262,21.588,北海市,牛尾岭水库(对照点),,39,31,27,27,19,87,29,74,67,9,8,6,6,0.8,0.8
2022-11-06T22:00:00,1867A,109.1436,21.4086,北海市,海滩公园,,27,26,29,10,15,127,86,110,107,11,10,7,9,0.8,0.7
2022-11-06T22:00:00,1868A,109.0981,21.4661,北海市,新市环保局,,35,27,24,24,20,104,82,93,92,18,12,6,6,0.6,0.6
2022-11-06T22:00:00,1869A,109.1778,21.5233,北海市,北海工业园,颗粒物(PM10),63,75,35,34,20,100,18,88,73,51,16,6,7,0.9,0.8
2022-11-06T22:00:00,1870A,109.4856,24.3895,柳州市,柳东小学,,,38,64,40,56,145,96,142,135,,12,7,14,0.7,0.7
2022-11-06T22:00:00,1871A,109.4157,24.3277,柳州市,环保监测站,颗粒物(PM10),63,75,70,38,46,159,93,144,132,25,18,7,12,0.8,0.8
2022-11-06T22:00:00,1872A,109.389,24.341,柳州市,河西水厂,细颗粒物(PM2.5),68,82,71,49,53,147,83,136,124,26,20,9,17,1.0,1
2022-11-06T22:00:00,1873A,109.4311,24.2921,柳州市,市四中,颗粒物(PM10),65,80,77,33,45,161,77,142,125,30,19,9,13,0.9,0.8
2022-11-06T22:00:00,1874A,109.4006,24.3631,柳州市,市九中,细颗粒物(PM2.5),69,77,79,50,52,146,90,132,117,19,21,8,16,0.8,0.9
2022-11-06T22:00:00,1875A,109.4958,24.3134,柳州市,古亭山,,,47,58,33,42,153,39,136,110,,17,8,13,0.8,0.8
2022-11-06T22:00:00,1876A,109.5078,18.2489,三亚市,河东子站,,25,24,12,9,6,106,80,102,98,8,6,1,2,0.5,0.5
2022-11-06T22:00:00,1877A,109.4964,18.2681,三亚市,河西子站,,23,23,12,8,5,99,70,94,90,12,8,3,3,0.5,0.4
2022-11-06T22:00:00,1878A,104.7778,31.4741,绵阳市,富乐山,,,52,44,,34,79,1,64,41,35,13,4,4,0.6,0.5
2022-11-06T22:00:00,1879A,104.7563,31.4535,绵阳市,市人大,细颗粒物(PM2.5),83,85,65,61,56,65,0,48,30,48,25,4,6,0.6,0.6
2022-11-06T22:00:00,1880A,104.6697,31.4668,绵阳市,高新区自来水公司,细颗粒物(PM2.5),74,79,78,54,53,57,11,44,28,42,24,6,7,0.8,0.7
2022-11-06T22:00:00,1881A,104.7287,31.5075,绵阳市,三水厂,细颗粒物(PM2.5),90,93,69,67,56,68,1,47,22,45,28,5,4,0.7,0.6
2022-11-06T22:00:00,1882A,104.563,28.793,宜宾市,石马中学(对照点),细颗粒物(PM2.5),89,85,54,66,41,65,43,55,52,27,31,6,6,0.8,0.8
2022-11-06T22:00:00,1883A,104.6201,28.7728,宜宾市,市委,细颗粒物(PM2.5),85,91,61,63,42,78,13,56,44,62,43,7,10,0.8,0.7
2022-11-06T22:00:00,1884A,104.6055,28.793,宜宾市,宜宾四中,细颗粒物(PM2.5),99,100,65,74,47,74,20,58,52,56,36,6,9,0.8,0.7
2022-11-06T22:00:00,1885A,104.639,28.7562,宜宾市,市政府,细颗粒物(PM2.5),92,91,64,68,46,78,36,65,64,40,35,7,10,0.8,0.7
2022-11-06T22:00:00,1886A,104.5742,28.7199,宜宾市,黄金嘴,细颗粒物(PM2.5),80,83,58,59,41,80,38,52,52,36,34,8,10,0.7,0.6
2022-11-06T22:00:00,1888A,101.6891,26.571,攀枝花市,弄弄坪,颗粒物(PM10),59,68,45,36,24,118,37,94,87,47,32,9,18,1.0,1.5
2022-11-06T22:00:00,1889A,101.5769,26.5928,攀枝花市,河门口,,42,42,19,25,10,126,47,96,87,32,16,19,10,1.2,0.8
2022-11-06T22:00:00,1890A,101.7169,26.585,攀枝花市,炳草岗,颗粒物(PM10),64,77,44,21,16,117,3,91,69,98,42,17,19,1.8,1.4
2022-11-06T22:00:00,1891A,101.7369,26.5008,攀枝花市,仁和,颗粒物(PM10),57,64,37,34,25,135,41,110,92,25,19,10,15,1.0,1
2022-11-06T22:00:00,1893A,105.4324,28.9634,泸州市,九狮山(对照点),细颗粒物(PM2.5),100,119,49,75,41,90,41,72,62,31,30,10,11,0.7,0.6
2022-11-06T22:00:00,1894A,105.4427,28.9063,泸州市,小市上码头,细颗粒物(PM2.5),155,149,99,118,78,114,46,84,79,34,35,12,18,0.9,0.8
2022-11-06T22:00:00,1895A,105.4241,28.8573,泸州市,兰田宪桥,细颗粒物(PM2.5),138,136,97,105,64,111,48,85,80,29,29,14,20,0.9,0.8
2022-11-06T22:00:00,1896A,105.4379,28.8833,泸州市,市环监站,细颗粒物(PM2.5),134,132,95,102,74,93,46,67,65,27,29,14,13,0.9,0.7
2022-11-06T22:00:00,1897A,104.7547,29.3628,自贡市,大塘山(对照点),,,,,,,,,,,,,,,,
2022-11-06T22:00:00,1900A,104.7692,29.3411,自贡市,春华路,,,,,,,,,,,,,,,,
2022-11-06T22:00:00,1901A,104.4239,31.1208,德阳市,东山公园,细颗粒物(PM2.5),73,76,64,53,40,49,12,39,34,39,24,4,4,0.8,0.8
2022-11-06T22:00:00,1902A,104.3826,31.1317,德阳市,西小区,细颗粒物(PM2.5),72,77,68,52,36,37,6,31,26,40,34,6,4,0.7,0.6
2022-11-06T22:00:00,1903A,104.4053,31.1167,德阳市,市检察院,,,,,,,,,,,,,,,,
2022-11-06T22:00:00,1904A,104.3553,31.1091,德阳市,耐火材料厂,细颗粒物(PM2.5),74,84,76,54,43,48,9,36,30,38,32,7,6,0.7,0.6
2022-11-06T22:00:00,1905A,106.056,30.8064,南充市,西山风景区(对照点),细颗粒物(PM2.5),67,54,40,48,44,68,58,56,56,10,10,2,3,0.7,0.7
2022-11-06T22:00:00,1906A,106.0789,30.8023,南充市,南充市委,细颗粒物(PM2.5),74,91,66,54,45,70,6,57,41,52,24,5,5,0.8,0.7
2022-11-06T22:00:00,1907A,106.1031,30.8217,南充市,南充炼油厂,细颗粒物(PM2.5),67,81,70,48,45,72,19,59,53,42,18,6,8,0.7,0.6
2022-11-06T22:00:00,1908A,106.1064,30.7856,南充市,高坪区监测站,细颗粒物(PM2.5),64,68,63,46,48,77,31,55,48,30,21,9,9,0.7,0.6
2022-11-06T22:00:00,1909A,106.0642,30.7636,南充市,嘉陵区环保局,细颗粒物(PM2.5),83,77,61,61,54,75,8,62,46,55,27,8,9,0.9,0.7
2022-11-06T22:00:00,1910A,106.1087,30.8388,南充市,市环境监测站,细颗粒物(PM2.5),64,53,59,46,47,68,28,56,50,32,16,9,11,0.7,0.6
2022-11-06T22:00:00,1911A,106.9222,27.6869,遵义市,丁字口,细颗粒物(PM2.5),85,88,66,63,50,140,22,108,81,66,34,15,12,1.1,0.8
2022-11-06T22:00:00,1912A,106.9242,27.7019,遵义市,凤凰山,细颗粒物(PM2.5),67,64,64,48,42,137,102,129,127,25,20,8,7,0.8,0.7
2022-11-06T22:00:00,1913A,106.8906,27.6486,遵义市,忠庄,细颗粒物(PM2.5),110,132,83,83,48,124,52,113,99,49,24,2,2,1.3,0.7
2022-11-06T22:00:00,1914A,106.9231,27.6506,遵义市,舟水桥,细颗粒物(PM2.5),112,137,74,84,45,136,14,117,87,56,23,5,4,1.1,0.8
2022-11-06T22:00:00,1915A,106.9178,27.72,遵义市,干田坝,细颗粒物(PM2.5),88,108,69,65,51,135,4,115,80,74,30,9,10,0.8,0.5
2022-11-06T22:00:00,1916A,103.7897,25.5035,曲靖市,环境监测站,细颗粒物(PM2.5),57,57,35,40,26,108,62,94,85,23,15,14,8,0.9,0.7
2022-11-06T22:00:00,1917A,103.8,25.5364,曲靖市,烟厂办公区,,42,42,40,28,23,115,72,101,98,22,16,14,12,0.9,0.7
2022-11-06T22:00:00,1918A,108.7197,34.3956,咸阳市,气象站(对照点),细颗粒物(PM2.5),122,161,142,92,97,87,3,58,42,110,56,10,9,1.4,1.3
2022-11-06T22:00:00,1919A,108.673,34.3155,咸阳市,实验中学,颗粒物(PM10),122,193,148,73,76,107,9,80,63,99,48,5,6,1.6,1.1
2022-11-06T22:00:00,1920A,108.7233,34.3617,咸阳市,师范学院,细颗粒物(PM2.5),117,157,142,88,97,105,2,74,60,96,46,7,8,1.1,1.1
2022-11-06T22:00:00,1922A,109.0656,35.0994,铜川市,党校(对照点),细颗粒物(PM2.5),102,149,98,76,56,81,4,64,32,71,55,14,14,1.1,0.8
2022-11-06T22:00:00,1923A,109.0697,35.0697,铜川市,王益区政府,颗粒物(PM10),87,124,88,59,42,85,4,70,42,50,36,7,8,1.2,1
2022-11-06T22:00:00,1924A,108.9344,34.9058,铜川市,新区管委会,颗粒物(PM10),130,209,109,64,52,90,13,80,54,62,36,11,12,1.0,0.9
2022-11-06T22:00:00,1925A,108.9589,34.8731,铜川市,新区兰芝公司,,,,,,,,,,,,,,,,
2022-11-06T22:00:00,1926A,109.4131,36.6275,延安市,枣园(对照点),颗粒物(PM10),55,60,59,18,37,128,8,104,65,62,37,5,6,0.8,1
2022-11-06T22:00:00,1927A,109.4761,36.6028,延安市,延大医附院,颗粒物(PM10),57,64,64,28,39,120,3,92,54,74,43,5,7,1.7,1.3
2022-11-06T22:00:00,1928A,109.4824,36.5767,延安市,市监测站,,,,,,,,,,,,,,,,
2022-11-06T22:00:00,1929A,109.5056,36.6106,延安市,百米大道,颗粒物(PM10),67,83,62,39,46,121,4,93,59,90,45,13,12,1.2,0.8
2022-11-06T22:00:00,1930A,107.185,34.3063,宝鸡市,庙沟村(对照点),细颗粒物(PM2.5),58,64,63,41,45,67,17,51,26,56,32,6,5,0.8,0.9
2022-11-06T22:00:00,1931A,107.0708,34.3017,宝鸡市,竹园沟,,46,46,57,29,47,80,13,62,40,39,23,5,5,0.6,0.8
2022-11-06T22:00:00,1932A,107.1906,34.3672,宝鸡市,三陆医院,细颗粒物(PM2.5),129,116,92,98,70,72,6,51,32,53,33,7,7,1.1,0.9
2022-11-06T22:00:00,1933A,107.1431,34.3547,宝鸡市,监测站,细颗粒物(PM2.5),78,81,70,57,61,72,4,49,26,50,33,6,6,0.9,0.8
2022-11-06T22:00:00,1934A,107.1186,34.3739,宝鸡市,技工学校,细颗粒物(PM2.5),83,76,64,61,60,79,22,57,43,36,28,6,8,0.8,0.8
2022-11-06T22:00:00,1935A,107.3906,34.3528,宝鸡市,陈仓区环保局家属楼,细颗粒物(PM2.5),142,154,115,108,84,87,4,57,32,65,40,8,8,1.5,1.1
2022-11-06T22:00:00,1936A,107.2058,34.3497,宝鸡市,文理学院,颗粒物(PM10),73,96,83,49,62,74,10,54,32,55,37,7,8,0.8,0.8
2022-11-06T22:00:00,1937A,107.2386,34.3622,宝鸡市,三迪小学,细颗粒物(PM2.5),117,152,103,88,72,74,5,49,28,64,40,8,8,1.2,1
2022-11-06T22:00:00,1938A,109.5293,34.5101,渭南市,农科所(对照点),细颗粒物(PM2.5),134,144,150,102,97,118,44,82,62,38,55,6,8,1.0,1.1
2022-11-06T22:00:00,1939A,109.4974,34.4877,渭南市,日报社,细颗粒物(PM2.5),159,149,142,121,113,108,15,79,52,58,59,7,10,0.9,0.9
2022-11-06T22:00:00,1940A,109.4636,34.493,渭南市,体育馆,细颗粒物(PM2.5),165,,150,125,114,124,4,91,57,88,60,7,11,1.0,0.9
2022-11-06T22:00:00,1941A,109.4259,34.5023,渭南市,高新一小,细颗粒物(PM2.5),158,168,147,120,117,120,4,88,58,91,58,6,7,1.1,0.9
2022-11-06T22:00:00,1943A,102.1725,38.5339,金昌市,新川苑,颗粒物(PM10),92,134,91,53,30,107,29,92,76,57,29,17,28,1.3,0.9
2022-11-06T22:00:00,1944A,102.1692,38.5167,金昌市,天庆家园,,,103,70,41,28,108,43,91,74,47,32,10,27,,0.9
2022-11-06T22:00:00,1945A,98.2908,39.7711,嘉峪关市,气象局,颗粒物(PM10),70,90,63,39,20,105,34,93,77,66,38,7,6,0.4,0.3
2022-11-06T22:00:00,1947A,106.3394,38.817,石嘴山市,沙湖旅游区(对照点),细颗粒物(PM2.5),57,51,97,40,62,135,39,116,99,36,36,14,17,0.8,1
2022-11-06T22:00:00,1948A,106.3668,39.0145,石嘴山市,大武口朝阳西街,,21,16,89,10,54,114,66,91,84,15,41,2,16,0.4,1.1
2022-11-06T22:00:00,1949A,106.7704,39.2282,石嘴山市,惠农南大街,颗粒物(PM10),69,88,80,15,30,92,11,82,52,70,39,25,30,1.8,1.6
2022-11-06T22:00:00,1950A,106.7099,39.1325,石嘴山市,红果子镇惠新街,颗粒物(PM10),65,80,110,34,56,102,33,86,70,56,45,23,36,2.6,1.3
2022-11-06T22:00:00,1951A,84.895,45.6094,克拉玛依市,长征新村,,47,47,41,13,8,54,9,39,34,46,26,6,6,0.4,0.3
2022-11-06T22:00:00,1952A,84.8988,45.5893,克拉玛依市,南林小区,颗粒物(PM10),52,54,43,9,15,59,7,43,37,48,29,1,2,0.7,0.5
2022-11-06T22:00:00,1953A,85.1186,45.6886,克拉玛依市,白碱滩区,,,,,,,,,,,,,,,,
2022-11-06T22:00:00,1954A,84.905,44.3396,克拉玛依市,独山子区,颗粒物(PM10),57,64,57,18,18,76,34,70,60,31,19,6,14,0.5,0.4
2022-11-06T22:00:00,1955A,85.6979,46.098,克拉玛依市,乌尔禾区商贸楼,颗粒物(PM10),58,65,42,38,11,65,17,58,51,40,27,5,4,1.1,0.7
2022-11-06T22:00:00,1956A,86.1472,41.7538,巴音郭楞州,孔雀公园,颗粒物(PM10),83,116,102,44,34,110,31,94,81,44,14,5,7,0.6,0.4
2022-11-06T22:00:00,1957A,86.1972,41.7166,巴音郭楞州,棉纺厂,颗粒物(PM10),108,166,126,40,36,95,25,89,78,67,21,6,7,0.5,0.4
2022-11-06T22:00:00,1958A,86.2357,41.7173,巴音郭楞州,经济开发区,颗粒物(PM10),77,103,101,31,29,95,32,91,76,39,17,7,10,0.5,0.4
2022-11-06T22:00:00,1959A,118.746,36.881,寿光市,监测站,,,,,,,,,,,,,,,,
2022-11-06T22:00:00,1960A,118.780,36.864,寿光市,世纪学校,,,,,,,,,,,,,,,,
2022-11-06T22:00:00,1961A,117.532,36.6868,济南市,东山小学,颗粒物(PM10),80,110,88,54,46,101,80,97,86,33,27,7,8,0.8,0.5
2022-11-06T22:00:00,1962A,117.541,36.710,章丘市,明水开发区,,,,,,,,,,,,,,,,
2022-11-06T22:00:00,1963A,120.610,36.440,即墨市,环保局子站,,,,,,,,,,,,,,,,
2022-11-06T22:00:00,1964A,120.470,36.390,即墨市,开发区子站,,,,,,,,,,,,,,,,
2022-11-06T22:00:00,1965A,120.005,35.878,胶南市,JN子站,,,,,,,,,,,,,,,,
2022-11-06T22:00:00,1966A,120.0405,35.8735,青岛市,黄岛区4号,,35,14,60,5,38,148,110,135,127,10,39,5,13,0.5,1.1
2022-11-06T22:00:00,1967A,120.008,36.283,胶州市,胶州环保局,,,,,,,,,,,,,,,,
2022-11-06T22:00:00,1968A,120.014,36.253,胶州市,胶州一中,,,,,,,,,,,,,,,,
2022-11-06T22:00:00,1969A,120.537,36.865,莱西市,环保局子站,,,,,,,,,,,,,,,,
2022-11-06T22:00:00,1970A,120.515,36.885,莱西市,人民广场子站,,,,,,,,,,,,,,,,
2022-11-06T22:00:00,1971A,119.952,36.792,平度市,1号,,,,,,,,,,,,,,,,
2022-11-06T22:00:00,1972A,119.976,36.799,平度市,2号,,,,,,,,,,,,,,,,
2022-11-06T22:00:00,1973A,120.747,37.825,蓬莱市,蓬莱环保局,,,,,,,,,,,,,,,,
2022-11-06T22:00:00,1974A,120.773,37.809,蓬莱市,蓬莱博物馆,,,,,,,,,,,,,,,,
2022-11-06T22:00:00,1975A,120.399,37.374,招远市,招远环保局,,,,,,,,,,,,,,,,
2022-11-06T22:00:00,1976A,120.394,37.364,招远市,招远教育局,,,,,,,,,,,,,,,,
2022-11-06T22:00:00,1977A,119.941,37.177,莱州市,莱州环保局,,,,,,,,,,,,,,,,
2022-11-06T22:00:00,1978A,119.959,37.180,莱州市,莱州外经委,,,,,,,,,,,,,,,,
2022-11-06T22:00:00,1979A,122.471,37.154,荣成市,荣成市环保局办公楼,,,,,,,,,,,,,,,,
2022-11-06T22:00:00,1980A,122.410,37.161,荣成市,山东成山轮胎公司,,,,,,,,,,,,,,,,
2022-11-06T22:00:00,1981A,122.038,37.197,文登市,文登市环保局,,,,,,,,,,,,,,,,
2022-11-06T22:00:00,1982A,122.0693,37.2174,威海市,文登开发区,,30,17,58,9,28,114,96,103,97,12,26,4,5,0.5,0.7
2022-11-06T22:00:00,1983A,121.531,36.913,乳山市,乳山市环保局,,,,,,,,,,,,,,,,
2022-11-06T22:00:00,1984A,121.544,36.907,乳山市,乳山市气象局,,,,,,,,,,,,,,,,
2022-11-06T22:00:00,1985A,120.636,31.155,吴江市,吴江市环保局,,,,,,,,,,,,,,,,
2022-11-06T22:00:00,1986A,120.635,31.170,吴江市,教师进修学校,,,,,,,,,,,,,,,,
2022-11-06T22:00:00,1987A,120.658,31.172,吴江市,吴江开发区,,,,,,,,,,,,,,,,
2022-11-06T22:00:00,1988A,120.953,31.388,昆山市,昆山实验小学,,,,,,,,,,,,,,,,
2022-11-06T22:00:00,1989A,120.999,31.381,昆山市,震川中学,,,,,,,,,,,,,,,,
2022-11-06T22:00:00,1990A,120.758,31.670,常熟市,海虞子站,,,,,,,,,,,,,,,,
2022-11-06T22:00:00,1991A,120.721,31.671,常熟市,兴福子站,,,,,,,,,,,,,,,,
2022-11-06T22:00:00,1992A,120.734,31.656,常熟市,菱塘子站,,,,,,,,,,,,,,,,
2022-11-06T22:00:00,1993A,120.526,31.874,张家港市,张家港市监测站,,,,,,,,,,,,,,,,
2022-11-06T22:00:00,1994A,120.550,31.882,张家港市,城北小学,,,,,,,,,,,,,,,,
2022-11-06T22:00:00,1995A,121.115,31.453,太仓市,太仓市监测站,,,,,,,,,,,,,,,,
2022-11-06T22:00:00,1996A,121.140,31.422,太仓市,科教新城实小,,,,,,,,,,,,,,,,
2022-11-06T22:00:00,1997A,119.146,31.955,句容市,消防指挥中心,,,,,,,,,,,,,,,,
2022-11-06T22:00:00,1998A,119.180,31.955,句容市,房家坝,,,,,,,,,,,,,,,,
2022-11-06T22:00:00,1999A,120.268,31.920,江阴市,虹桥邮政,,,,,,,,,,,,,,,,
2022-11-06T22:00:00,2000A,120.237,31.909,江阴市,五星公园,,,,,,,,,,,,,,,,
2022-11-06T22:00:00,2001A,120.302,31.920,江阴市,第二实验小学,,,,,,,,,,,,,,,,
2022-11-06T22:00:00,2002A,119.818,31.354,宜兴市,宜兴市环保局,,,,,,,,,,,,,,,,
2022-11-06T22:00:00,2003A,119.794,31.371,宜兴市,宜园,,,,,,,,,,,,,,,,
2022-11-06T22:00:00,2004A,119.579,31.751,金坛市,金坛市环境监测站,,,,,,,,,,,,,,,,
2022-11-06T22:00:00,2005A,119.579,31.737,金坛市,金坛市自来水公司,,,,,,,,,,,,,,,,
2022-11-06T22:00:00,2006A,119.460,31.400,溧阳市,溧阳市东门子站,,,,,,,,,,,,,,,,
2022-11-06T22:00:00,2007A,119.438,31.317,溧阳市,燕山子站,,,,,,,,,,,,,,,,
2022-11-06T22:00:00,2008A,121.173,31.896,海门市,海门市监测站,,,,,,,,,,,,,,,,
2022-11-06T22:00:00,2009A,121.1518,31.89708,海门市,社会福利院,,,,,,,,,,,,,,,,
2022-11-06T22:00:00,2010A,119.7183,30.2366,临安市,市政府,,,,,,,,,,,,,,,,
2022-11-06T22:00:00,2011A,119.6942,30.2311,临安市,四中,,,,,,,,,,,,,,,,
2022-11-06T22:00:00,2012A,119.954,30.054,富阳市,监测站,,,,,,,,,,,,,,,,
2022-11-06T22:00:00,2013A,119.946,30.049,富阳市,富春二小,,,,,,,,,,,,,,,,
2022-11-06T22:00:00,2014A,120.091,29.305,义乌市,江东,,,,,,,,,,,,,,,,
2022-11-06T22:00:00,2015A,120.040,29.334,义乌市,北苑,,,,,,,,,,,,,,,,
2022-11-06T22:00:00,2016A,120.251,29.719,诸暨市,图书馆,,,,,,,,,,,,,,,,
2022-11-06T22:00:00,2017A,120.209,29.732,诸暨市,富林印务,,,,,,,,,,,,,,,,
2022-11-06T22:00:00,2018A,121.989,39.625,瓦房店市,抱龙山庄,,,,,,,,,,,,,,,,
2022-11-06T22:00:00,2019A,122.011,39.617,瓦房店市,东山公园,,,,,,,,,,,,,,,,
2022-11-06T22:00:00,2031A,113.1817,27.9958,株洲市,云田中学,,46,46,71,23,41,129,83,120,110,17,23,11,8,0.6,0.6
2022-11-06T22:00:00,2054A,114.1099,32.1059,信阳市,平桥分局,颗粒物(PM10),68,85,61,43,35,135,75,126,115,38,28,10,10,0.9,0.8
2022-11-06T22:00:00,2064A,113.9956,32.1271,信阳市,南湾水厂,颗粒物(PM10),53,55,48,27,27,150,118,139,136,19,19,8,8,0.8,0.8
2022-11-06T22:00:00,2065A,114.0775,32.1195,信阳市,市酿酒公司,颗粒物(PM10),68,85,54,44,30,135,55,121,105,54,30,8,8,1.0,0.8
2022-11-06T22:00:00,2066A,114.0609,32.1399,信阳市,审计局,细颗粒物(PM2.5),65,73,51,47,39,141,101,132,116,32,33,9,9,0.9,0.8
2022-11-06T22:00:00,2067A,114.6613,33.6128,周口市,市环境监测站,细颗粒物(PM2.5),72,85,73,52,44,131,60,116,88,39,24,16,13,0.8,0.8
2022-11-06T22:00:00,2068A,114.6758,33.6347,周口市,周口师范,颗粒物(PM10),64,78,64,39,39,133,81,118,107,34,26,8,12,0.9,0.8
2022-11-06T22:00:00,2069A,114.6546,33.5979,周口市,市运管处,细颗粒物(PM2.5),69,77,73,50,45,126,84,110,102,28,27,5,8,0.6,0.5
2022-11-06T22:00:00,2070A,114.6369,33.6406,周口市,川汇区环保局,细颗粒物(PM2.5),63,73,67,45,42,129,67,112,97,43,27,7,8,0.8,0.6
2022-11-06T22:00:00,2075A,117.6336,24.4674,漳州市,九湖(对照点),,,,,,,,,,,,,,,,
2022-11-06T22:00:00,2160A,112.85,35.5051,晋城市,自来水公司,细颗粒物(PM2.5),89,77,77,66,52,114,62,99,78,34,42,8,9,0.6,0.7
2022-11-06T22:00:00,2161A,112.8318,35.4936,晋城市,白云商贸,细颗粒物(PM2.5),79,83,79,58,47,104,50,91,72,37,39,5,6,0.9,0.9
2022-11-06T22:00:00,2162A,112.8508,35.4887,晋城市,市环保局,细颗粒物(PM2.5),92,97,87,68,57,107,34,93,73,47,47,6,8,0.9,0.9
2022-11-06T22:00:00,2163A,112.8676,35.4897,晋城市,技术学院,细颗粒物(PM2.5),89,106,84,66,59,103,55,89,75,36,46,5,7,0.4,0.6
2022-11-06T22:00:00,2164A,112.8271,35.4828,晋城市,泽州一中,,,,,,,,,,,,,,,,
2022-11-06T22:00:00,2165A,112.8453,35.546,晋城市,白马寺 (对照点),,,,,,,,,,,,,,,,
2022-11-06T22:00:00,2166A,112.4397,39.3522,朔州市,平朔,细颗粒物(PM2.5),114,112,116,86,77,75,19,67,47,40,42,8,19,0.9,0.8
2022-11-06T22:00:00,2167A,112.4575,39.3617,朔州市,朔唯,细颗粒物(PM2.5),103,129,114,77,74,76,3,64,47,61,43,16,22,1.0,0.9
2022-11-06T22:00:00,2168A,112.4258,39.3197,朔州市,区政府,细颗粒物(PM2.5),114,124,119,86,75,80,25,75,59,42,39,10,17,1.1,1
2022-11-06T22:00:00,2169A,112.4072,39.3278,朔州市,市环保局,细颗粒物(PM2.5),123,126,111,93,73,76,24,69,52,37,37,12,19,1.1,0.9
2022-11-06T22:00:00,2170A,112.4272,39.3681,朔州市,市二中,细颗粒物(PM2.5),102,133,127,76,72,79,19,67,48,42,44,9,18,1.3,1.1
2022-11-06T22:00:00,2171A,112.7532,37.6945,晋中市,锦纶小区,细颗粒物(PM2.5),117,145,116,88,81,90,22,73,49,64,46,11,12,0.8,0.7
2022-11-06T22:00:00,2173A,112.7249,37.7067,晋中市,南都小区,颗粒物(PM10),87,123,124,63,70,88,50,75,53,45,46,11,11,0.7,0.8
2022-11-06T22:00:00,2174A,112.6991,37.6982,晋中市,榆次区政府,细颗粒物(PM2.5),93,127,116,69,77,86,24,70,47,69,46,13,13,0.8,0.8
2022-11-06T22:00:00,2175A,110.9956,35.0147,运城市,运城中学,细颗粒物(PM2.5),114,123,97,86,70,109,36,97,88,48,20,9,15,1.1,0.7
2022-11-06T22:00:00,2176A,111.0233,35.0611,运城市,禹都开发区,,,,,,,,,,,,,,,,
2022-11-06T22:00:00,2178A,110.9686,35.0303,运城市,地区技校,细颗粒物(PM2.5),122,159,107,92,63,110,19,95,70,75,31,11,13,1.4,0.5
2022-11-06T22:00:00,2179A,111.0414,35.1147,运城市,空港新区,细颗粒物(PM2.5),175,203,122,132,77,112,40,97,78,50,33,12,14,1.1,1
2022-11-06T22:00:00,2181A,112.7383,38.4519,忻州市,开发区,细颗粒物(PM2.5),144,167,108,110,69,76,7,53,39,69,49,16,21,1.0,0.8
2022-11-06T22:00:00,2182A,112.7003,38.4928,忻州市,会展中心,细颗粒物(PM2.5),138,157,108,105,66,64,7,44,29,67,51,11,18,0.9,0.7
2022-11-06T22:00:00,2183A,111.1406,37.5211,吕梁市,环保局,颗粒物(PM10),88,125,85,45,41,112,6,81,55,78,54,5,7,0.3,0.6
2022-11-06T22:00:00,2185A,111.1297,37.5136,吕梁市,自来水公司,颗粒物(PM10),91,131,101,38,39,104,4,84,65,70,40,18,8,0.7,0.7
2022-11-06T22:00:00,2186A,106.8288,39.6778,乌海市,聚英学校,,,,,,,,,,,,,,,,
2022-11-06T22:00:00,2187A,106.8174,39.6973,乌海市,市林业局,颗粒物(PM10),54,57,63,31,30,106,10,96,64,62,26,11,8,1.0,0.6
2022-11-06T22:00:00,2188A,106.7907,39.6667,乌海市,中海勃湾学校,细颗粒物(PM2.5),59,51,59,42,35,106,13,97,72,83,24,18,5,1.7,0.5
2022-11-06T22:00:00,2191A,122.2532,43.6801,通辽市,艺术职业学校,颗粒物(PM10),59,68,69,30,24,61,25,61,28,50,37,10,16,0.7,0.6
2022-11-06T22:00:00,2192A,119.7594,49.2261,呼伦贝尔市,区环保局,,17,16,23,11,14,67,52,53,51,6,10,5,5,0.5,0.5
2022-11-06T22:00:00,2194A,107.5936,40.916,巴彦淖尔市,秋林养殖基地(对照点),,,,,,,,,,,,,,,,
2022-11-06T22:00:00,2195A,107.4212,40.761,巴彦淖尔市,附二中,颗粒物(PM10),89,128,106,44,47,91,22,81,58,53,34,11,11,0.6,0.7
2022-11-06T22:00:00,2196A,107.37,40.7372,巴彦淖尔市,市环保大楼,颗粒物(PM10),70,90,101,47,52,94,10,83,51,66,34,9,7,0.8,0.7
2022-11-06T22:00:00,2197A,113.1306,40.9923,乌兰察布市,集宁新区,,29,29,59,12,35,87,59,67,67,11,31,7,28,0.3,0.5
2022-11-06T22:00:00,2200A,122.0392,46.0656,兴安盟,胜华新制药厂,细颗粒物(PM2.5),60,63,48,43,28,64,18,50,32,36,28,4,5,0.7,0.6
2022-11-06T22:00:00,2201A,121.9504,46.0741,兴安盟,科右前旗环保局,,44,44,46,29,28,67,8,53,38,50,33,5,6,0.6,0.5
2022-11-06T22:00:00,2202A,116.1042,43.9317,锡林郭勒盟,市环保监测站,,43,43,19,3,5,79,11,64,44,29,11,11,9,0.4,0.3
2022-11-06T22:00:00,2203A,116.0781,43.9311,锡林郭勒盟,市政府,,31,31,16,8,4,80,30,64,46,21,15,13,9,0.3,0.2
2022-11-06T22:00:00,2204A,105.6467,38.8363,阿拉善盟,西城区西花园(对照点),,32,32,44,11,20,101,74,95,81,18,16,8,11,0.3,0.3
2022-11-06T22:00:00,2205A,105.6985,38.8411,阿拉善盟,蒙二幼,,26,23,36,18,29,100,73,98,84,12,12,7,9,0.2,0.3
2022-11-06T22:00:00,2206A,105.724,38.8516,阿拉善盟,环保局新楼,,27,19,30,11,21,103,84,102,86,7,10,8,12,0.3,0.3
2022-11-06T22:00:00,2207A,121.6094,41.998,阜新市,工业园区,细颗粒物(PM2.5),214,275,128,164,74,87,6,54,29,73,46,21,27,2.1,1.1
2022-11-06T22:00:00,2208A,121.6697,42.0279,阜新市,长青街,细颗粒物(PM2.5),166,212,134,126,64,90,8,68,38,77,53,16,30,1.9,1.4
2022-11-06T22:00:00,2209A,121.6673,42.0705,阜新市,农业园区,细颗粒物(PM2.5),144,121,74,110,61,86,49,68,66,33,30,36,44,0.9,0.6
2022-11-06T22:00:00,2210A,121.6717,42.0224,阜新市,东苑,细颗粒物(PM2.5),147,180,149,112,77,84,8,51,34,71,49,36,48,1.7,1.5
2022-11-06T22:00:00,2211A,121.6506,42.0498,阜新市,玉龙新城,细颗粒物(PM2.5),162,195,109,123,65,85,5,52,34,79,57,,24,1.5,1.1
2022-11-06T22:00:00,2212A,123.2,41.1953,辽阳市,宏伟区,,42,30,53,29,37,96,71,82,71,12,18,9,11,0.6,0.7
2022-11-06T22:00:00,2213A,123.1683,41.2495,辽阳市,新华园,细颗粒物(PM2.5),54,37,66,38,48,94,64,78,66,18,32,16,21,0.5,0.7
2022-11-06T22:00:00,2214A,123.2354,41.2639,辽阳市,滨河路,,50,35,54,35,55,110,71,86,71,19,28,7,11,0.7,0.8
2022-11-06T22:00:00,2215A,123.149,41.2991,辽阳市,铁西工业园,细颗粒物(PM2.5),72,39,75,52,75,102,69,85,73,17,34,12,18,0.7,0.9
2022-11-06T22:00:00,2216A,123.8139,42.3022,铁岭市,汇工街西,细颗粒物(PM2.5),69,65,94,50,74,88,55,73,63,32,36,6,13,0.7,0.9
2022-11-06T22:00:00,2217A,123.8649,42.2923,铁岭市,水上乐园,细颗粒物(PM2.5),83,66,117,61,87,85,65,72,65,30,37,14,14,0.5,0.6
2022-11-06T22:00:00,2218A,123.8486,42.2867,铁岭市,银州路东段,细颗粒物(PM2.5),84,88,113,62,80,79,62,64,60,29,34,9,9,0.9,0.9
2022-11-06T22:00:00,2219A,123.7153,42.2217,铁岭市,金沙江路北,细颗粒物(PM2.5),82,71,61,60,45,91,40,76,60,43,38,13,15,1.1,0.7
2022-11-06T22:00:00,2220A,120.4318,41.5881,朝阳市,西梁,,,,,,,,,,,69,30,11,14,1.9,1.1
2022-11-06T22:00:00,2221A,120.4521,41.5646,朝阳市,河畔小区,细颗粒物(PM2.5),109,89,65,82,44,97,10,79,63,63,23,9,14,1.8,1.5
2022-11-06T22:00:00,2222A,120.4176,41.5648,朝阳市,八里堡,细颗粒物(PM2.5),105,121,69,79,42,103,6,83,59,67,31,11,16,1.5,1.1
2022-11-06T22:00:00,2223A,120.3806,41.5969,朝阳市,农业园区,细颗粒物(PM2.5),108,86,66,81,48,105,5,86,60,90,34,7,8,1.3,1.1
2022-11-06T22:00:00,2225A,124.4002,43.1713,四平市,一商场,细颗粒物(PM2.5),102,128,57,76,33,70,10,59,31,74,37,12,11,1.3,0.7
2022-11-06T22:00:00,2226A,124.388,43.193,四平市,境园,颗粒物(PM10),104,158,59,72,28,69,7,68,31,52,39,10,11,1.5,0.6
2022-11-06T22:00:00,2227A,125.1358,42.8845,辽源市,环保局,细颗粒物(PM2.5),98,101,57,73,42,100,81,81,70,11,31,8,10,0.7,0.8
2022-11-06T22:00:00,2229A,125.9358,41.7173,通化市,光明,颗粒物(PM10),56,61,45,23,22,80,30,71,58,57,39,16,16,0.9,0.7
2022-11-06T22:00:00,2230A,125.9446,41.7325,通化市,铁路,,44,44,49,25,23,80,12,70,54,70,40,16,19,1.0,0.8
2022-11-06T22:00:00,2231A,126.4219,41.9171,白山市,喜丰,颗粒物(PM10),74,97,74,27,24,77,7,69,50,55,33,16,15,0.9,0.8
2022-11-06T22:00:00,2232A,126.4077,41.9419,白山市,环保局,颗粒物(PM10),91,132,90,43,31,74,6,51,30,59,42,15,15,1.2,1
2022-11-06T22:00:00,2233A,124.8006,45.1214,松原市,江南,细颗粒物(PM2.5),77,98,45,56,30,70,6,50,20,60,32,16,18,1.0,0.6
2022-11-06T22:00:00,2234A,124.7965,45.1722,松原市,江北,颗粒物(PM10),67,83,41,45,21,71,6,54,29,57,24,4,7,0.7,0.4
2022-11-06T22:00:00,2235A,122.7911,45.6077,白城市,洮北区环保局,细颗粒物(PM2.5),97,110,66,72,37,73,38,63,47,44,31,10,7,0.5,0.3
2022-11-06T22:00:00,2236A,122.8738,45.5725,白城市,市环保局,颗粒物(PM10),84,118,57,46,16,62,15,53,27,64,38,22,12,1.1,0.5
2022-11-06T22:00:00,2237A,129.47,42.8883,延边朝鲜族自治州,妇幼医院,,41,41,37,22,22,74,16,62,35,38,24,8,9,0.7,0.5
2022-11-06T22:00:00,2238A,129.5055,42.9108,延边朝鲜族自治州,延边医院,颗粒物(PM10),98,146,60,33,29,63,10,48,26,47,38,9,14,0.8,0.6
2022-11-06T22:00:00,2239A,129.3964,42.8881,延边朝鲜族自治州,朝阳川镇医院,,45,42,39,31,20,80,11,62,26,32,24,4,8,0.5,0.5
2022-11-06T22:00:00,2240A,130.9762,45.3001,鸡西市,环保局,细颗粒物(PM2.5),137,193,88,104,65,76,9,61,20,50,33,15,6,1.7,0.3
2022-11-06T22:00:00,2243A,130.9429,45.3039,鸡西市,第一中学,颗粒物(PM10),60,69,78,35,53,87,25,75,43,39,18,20,6,0.8,0.5
2022-11-06T22:00:00,2244A,130.2537,47.3416,鹤岗市,哈啤分公司,颗粒物(PM10),84,117,56,45,27,81,45,68,50,18,19,7,11,0.5,0.4
2022-11-06T22:00:00,2245A,130.2684,47.3086,鹤岗市,斯达机电,,49,47,62,34,36,76,50,58,42,22,25,8,8,0.4,0.4
2022-11-06T22:00:00,2246A,130.3114,47.3388,鹤岗市,东山纸板厂,颗粒物(PM10),159,267,74,84,50,78,4,60,21,48,32,14,13,1.7,0.8
2022-11-06T22:00:00,2247A,130.1097,47.3382,鹤岗市,五号水库(对照点),,49,43,33,34,26,85,40,78,58,17,10,7,8,0.4,0.4
2022-11-06T22:00:00,2248A,131.1511,46.6937,双鸭山市,双合村,颗粒物(PM10),79,107,72,52,54,82,44,73,60,26,17,13,10,0.9,0.6
2022-11-06T22:00:00,2249A,131.1652,46.6191,双鸭山市,南小市,颗粒物(PM10),53,56,85,36,60,80,50,68,56,17,16,10,7,0.3,0.4
2022-11-06T22:00:00,2250A,131.1524,46.6554,双鸭山市,环保局,细颗粒物(PM2.5),74,75,77,54,60,89,25,77,59,48,20,6,9,0.5,0.5
2022-11-06T22:00:00,2251A,131.12,46.5656,双鸭山市,苗圃(对照点),细颗粒物(PM2.5),153,53,72,117,78,82,48,71,58,8,10,3,4,0.4,0.4
2022-11-06T22:00:00,2252A,128.5159,47.4311,伊春市,环保局,细颗粒物(PM2.5),77,53,85,56,80,85,38,70,39,23,22,5,6,0.6,0.7
2022-11-06T22:00:00,2253A,128.9102,47.7412,伊春市,电力嘉园,细颗粒物(PM2.5),67,82,80,48,61,90,31,77,45,26,19,4,5,0.6,0.6
2022-11-06T22:00:00,2254A,129.5029,48.471,伊春市,汤旺河国家公园(对照点),细颗粒物(PM2.5),133,117,64,101,52,81,46,69,62,5,4,5,6,0.4,0.3
2022-11-06T22:00:00,2255A,130.2751,46.8028,佳木斯市,佳纺,颗粒物(PM10),74,98,87,41,54,83,35,72,49,22,16,2,4,0.6,0.7
2022-11-06T22:00:00,2256A,130.3995,46.8307,佳木斯市,发电厂,细颗粒物(PM2.5),74,65,64,54,57,81,3,66,43,68,25,4,3,0.9,0.6
2022-11-06T22:00:00,2257A,130.3258,46.7975,佳木斯市,环保局,细颗粒物(PM2.5),80,82,73,59,60,82,4,66,36,67,26,8,6,1.8,0.7
2022-11-06T22:00:00,2258A,130.3648,46.8032,佳木斯市,十一中,细颗粒物(PM2.5),93,80,70,69,63,77,10,64,39,66,31,3,3,1.4,0.7
2022-11-06T22:00:00,2259A,130.3794,46.7588,佳木斯市,四丰(对照点),细颗粒物(PM2.5),69,58,59,50,56,83,64,75,67,10,11,1,1,0.4,0.4
2022-11-06T22:00:00,2262A,131.0518,45.8751,七台河市,新一中(对照点),细颗粒物(PM2.5),75,95,74,55,55,83,32,73,48,22,24,14,20,1.7,1.1
2022-11-06T22:00:00,2263A,127.4833,50.2524,黑河市,交通局,颗粒物(PM10),53,55,27,28,17,58,8,46,23,38,20,9,7,0.4,0.3
2022-11-06T22:00:00,2264A,127.5144,50.2341,黑河市,环保局,,32,24,29,22,15,56,21,47,35,29,17,24,12,0.7,0.4
2022-11-06T22:00:00,2265A,127.5291,50.2472,黑河市,大黑河岛(对照点),,39,39,26,14,27,56,3,46,29,14,6,8,8,0.5,0.3
2022-11-06T22:00:00,2266A,126.9785,46.6365,绥化市,人和东街,细颗粒物(PM2.5),57,60,102,40,89,74,49,60,46,21,28,3,5,0.9,1
2022-11-06T22:00:00,2267A,126.964,46.6528,绥化市,党政办公中心,细颗粒物(PM2.5),57,54,99,40,96,91,68,73,61,16,23,5,8,0.8,0.9
2022-11-06T22:00:00,2269A,124.1069,50.4097,大兴安岭地区,科技局,,28,12,13,19,13,62,27,52,36,12,10,4,4,0.2,0.2
2022-11-06T22:00:00,2270A,117.396,32.939,蚌埠市,工人疗养院,细颗粒物(PM2.5),70,77,72,51,42,125,96,114,108,30,33,9,8,0.4,0.4
2022-11-06T22:00:00,2271A,117.3605,32.9427,蚌埠市,百货大楼,颗粒物(PM10),59,67,70,35,40,121,104,112,110,30,32,10,11,0.5,0.5
2022-11-06T22:00:00,2273A,117.4185,32.8911,蚌埠市,蚌埠学院,颗粒物(PM10),71,92,79,51,41,123,71,109,98,46,37,14,11,0.5,0.4
2022-11-06T22:00:00,2274A,117.3533,32.9673,蚌埠市,淮上区政府,颗粒物(PM10),58,66,81,34,41,121,95,108,104,28,37,10,11,0.4,0.4
2022-11-06T22:00:00,2275A,117.3145,32.8977,蚌埠市,高新区,颗粒物(PM10),63,75,68,39,38,127,104,117,113,27,31,10,11,0.4,0.4
2022-11-06T22:00:00,2277A,116.8305,32.7727,淮南市,潘集区政府,细颗粒物(PM2.5),103,132,101,77,61,137,38,112,89,64,38,12,10,0.6,0.5
2022-11-06T22:00:00,2278A,117.0067,32.6524,淮南市,师范学院,细颗粒物(PM2.5),92,106,91,68,47,122,100,106,102,34,34,12,13,0.5,0.6
2022-11-06T22:00:00,2279A,116.8569,32.5951,淮南市,谢家集区政府,细颗粒物(PM2.5),88,121,78,65,44,120,55,108,90,64,38,14,12,0.4,0.4
2022-11-06T22:00:00,2280A,116.8281,32.633,淮南市,八公山区政府,细颗粒物(PM2.5),72,70,67,52,41,124,79,113,103,39,28,16,14,0.5,0.5
2022-11-06T22:00:00,2281A,116.6325,32.6201,淮南市,焦岗湖风景区管理处(对照点),颗粒物(PM10),54,58,73,23,39,114,62,98,89,9,8,12,14,0.3,0.4
2022-11-06T22:00:00,2282A,116.8004,33.975,淮北市,监测站,"颗粒物(PM10),细颗粒物(PM2.5)",84,118,94,62,55,120,57,108,84,51,34,10,12,0.7,0.7
2022-11-06T22:00:00,2283A,116.8091,33.9007,淮北市,烈山区政府,颗粒物(PM10),91,132,105,64,60,118,36,109,82,83,49,8,10,0.6,0.6
2022-11-06T22:00:00,2284A,116.7856,33.9477,淮北市,职业技术学院,细颗粒物(PM2.5),88,122,105,65,62,117,42,103,75,73,49,10,13,0.7,0.6
2022-11-06T22:00:00,2285A,117.8177,30.9412,铜陵市,市第四中学,颗粒物(PM10),79,108,68,47,35,106,6,87,55,89,47,5,6,1.1,0.7
2022-11-06T22:00:00,2286A,117.8059,30.9273,铜陵市,市公路局,颗粒物(PM10),82,114,72,32,42,86,28,68,45,70,50,7,10,0.7,0.8
2022-11-06T22:00:00,2287A,117.7807,30.9413,铜陵市,市新民污水厂,颗粒物(PM10),71,92,62,44,36,83,3,65,34,69,58,5,9,1.3,0.6
2022-11-06T22:00:00,2288A,117.7439,30.8792,铜陵市,市第九中学,,,,105,73,45,84,8,57,42,86,64,12,17,0.7,0.7
2022-11-06T22:00:00,2289A,117.846,30.9413,铜陵市,车站新区,,,52,43,29,28,109,,92,83,51,38,4,4,0.4,0.3
2022-11-06T22:00:00,2290A,117.8483,30.97,铜陵市,市职教基地,细颗粒物(PM2.5),74,76,54,54,30,132,7,115,94,60,21,6,7,0.7,0.3
2022-11-06T22:00:00,2291A,117.0809,30.5177,安庆市,环科院,颗粒物(PM10),64,78,65,44,39,116,2,89,61,104,45,10,12,0.8,0.7
2022-11-06T22:00:00,2292A,117.0331,30.5119,安庆市,马山宾馆,颗粒物(PM10),70,90,66,46,36,122,5,107,74,93,40,7,10,0.8,0.7
2022-11-06T22:00:00,2294A,116.9896,30.6145,安庆市,安庆大学,颗粒物(PM10),70,90,63,38,35,128,5,108,78,79,36,7,8,0.8,0.7
2022-11-06T22:00:00,2295A,118.2903,29.6963,黄山市,延安路89号,,25,25,21,11,16,108,72,99,91,16,13,6,6,0.4,0.4
2022-11-06T22:00:00,2296A,118.327,29.7178,黄山市,黄山东路89号,,42,32,30,29,15,104,51,96,81,20,17,5,5,0.2,0.1
2022-11-06T22:00:00,2297A,118.1371,30.2756,黄山市,黄山区政府5号楼,细颗粒物(PM2.5),77,83,42,56,17,115,13,98,61,26,16,5,5,0.5,0.3
2022-11-06T22:00:00,2298A,118.3093,32.3153,滁州市,老年大学,颗粒物(PM10),61,71,77,37,43,127,82,104,96,38,48,8,9,0.3,0.4
2022-11-06T22:00:00,2299A,118.3244,32.2786,滁州市,人大宾馆,颗粒物(PM10),62,73,77,30,33,126,69,108,98,45,50,4,5,0.4,0.5
2022-11-06T22:00:00,2301A,115.8277,32.8929,阜阳市,市监测站,颗粒物(PM10),75,100,75,54,49,120,24,104,76,74,35,12,13,0.8,0.6
2022-11-06T22:00:00,2303A,115.8554,32.8605,阜阳市,开发区,颗粒物(PM10),80,110,87,53,44,125,68,109,86,55,41,12,11,0.6,0.6
2022-11-06T22:00:00,2306A,116.989,33.6306,宿州市,火车站,,,,,,,,,,,,,,,,
2022-11-06T22:00:00,2307A,116.5079,31.737,六安市,监测大楼,颗粒物(PM10),61,71,59,27,35,114,79,100,94,28,25,8,8,0.4,0.4
2022-11-06T22:00:00,2308A,116.4738,31.7643,六安市,皖西学院,颗粒物(PM10),55,60,60,28,33,118,89,106,102,24,24,7,8,0.5,0.5
2022-11-06T22:00:00,2309A,116.4996,31.7905,六安市,朝阳厂,颗粒物(PM10),51,52,54,31,33,111,81,99,94,24,18,5,6,0.4,0.5
2022-11-06T22:00:00,2310A,116.5567,31.7886,六安市,开发区,颗粒物(PM10),69,87,85,37,43,115,65,100,86,36,34,19,14,0.4,0.4
2022-11-06T22:00:00,2311A,115.8072,33.8399,亳州市,污水处理厂,颗粒物(PM10),68,85,80,43,49,121,53,106,89,44,31,13,10,0.6,0.6
2022-11-06T22:00:00,2312A,115.7789,33.8518,亳州市,三国揽胜宫,颗粒物(PM10),62,74,80,37,44,126,84,109,102,26,28,6,8,0.6,0.6
2022-11-06T22:00:00,2314A,117.47,30.6618,池州市,池州学院,颗粒物(PM10),58,66,51,39,32,129,36,113,92,56,26,6,7,0.7,0.7
2022-11-06T22:00:00,2315A,117.4974,30.6539,池州市,平天湖(对照点),,,,,,,,,,,,,,,,
2022-11-06T22:00:00,2316A,118.7581,30.9454,宣城市,鳌峰子站,细颗粒物(PM2.5),95,74,61,71,35,116,59,105,89,48,32,7,9,0.6,0.5
2022-11-06T22:00:00,2317A,118.7385,30.9743,宣城市,敬亭山子站,,39,39,52,24,29,127,66,109,90,29,27,6,8,0.4,0.4
2022-11-06T22:00:00,2318A,118.7173,30.9427,宣城市,开发区子站,细颗粒物(PM2.5),60,56,57,43,32,114,67,105,90,35,27,6,9,0.6,0.6
2022-11-06T22:00:00,2319A,119.0141,25.4325,莆田市,荔城区仓后路,,29,29,29,12,12,92,79,87,83,10,9,5,5,0.7,0.6
2022-11-06T22:00:00,2320A,119.0015,25.4553,莆田市,莆田市监测站,,30,30,29,14,13,93,78,88,84,12,8,5,5,0.5,0.5
2022-11-06T22:00:00,2321A,119.1119,25.4561,莆田市,涵江区六中,,27,27,29,13,15,95,81,88,84,7,7,8,7,0.5,0.5
2022-11-06T22:00:00,2322A,119.1013,25.3215,莆田市,秀屿区政府,,28,28,33,14,16,100,88,89,85,5,8,7,7,0.5,0.5
2022-11-06T22:00:00,2323A,118.981,25.4792,莆田市,东圳水库(对照点),,,,,,,,,,,,,,,,
2022-11-06T22:00:00,2324A,117.6211,26.2625,三明市,三钢,,46,28,20,32,17,62,22,56,43,25,15,6,5,0.5,0.5
2022-11-06T22:00:00,2325A,117.635,26.2714,三明市,三明二中,,35,28,18,24,14,60,29,54,43,20,14,9,8,0.6,0.5
2022-11-06T22:00:00,2326A,117.6028,26.2378,三明市,三元区政府,,40,30,20,28,15,61,30,52,42,20,15,4,3,0.8,0.6
2022-11-06T22:00:00,2327A,117.7275,26.3108,三明市,洋溪(对照点),,,,,,,,,,,,,,,,
2022-11-06T22:00:00,2331A,118.0966,26.6761,南平市,茫荡山(对照点),,,,,,,,,,,,,,,,
2022-11-06T22:00:00,2332A,118.1681,26.6369,南平市,南平市监测站,,26,25,20,18,13,60,16,48,41,18,12,7,7,0.5,0.5
2022-11-06T22:00:00,2333A,118.1825,26.6489,南平市,南平铝业有限公司,,28,21,17,19,16,60,18,48,40,15,12,7,5,0.6,0.6
2022-11-06T22:00:00,2334A,118.1756,26.6272,南平市,南平七中,,32,27,19,22,16,70,17,53,42,17,12,5,5,0.6,0.6
2022-11-06T22:00:00,2335A,117.0189,25.1181,龙岩市,龙岩师专(对照点),,,,,,,,,,,,,,,,
2022-11-06T22:00:00,2336A,117.0217,25.1033,龙岩市,龙岩市监测站,,40,28,21,28,16,70,41,66,57,16,13,10,10,0.5,0.4
2022-11-06T22:00:00,2337A,117.0258,25.0661,龙岩市,闽西职业技术学院,,33,29,24,23,14,72,40,66,56,17,11,8,7,0.6,0.5
2022-11-06T22:00:00,2338A,117.0196,25.0306,龙岩市,龙岩学院,,38,26,23,26,14,69,29,60,47,16,12,6,5,0.5,0.4
2022-11-06T22:00:00,2339A,119.5001,26.6946,宁德市,金涵水库(对照点),,,,,,,,,,,,,,,,
2022-11-06T22:00:00,2341A,119.5388,26.6612,宁德市,宁德市监测站,,39,39,29,25,17,78,36,69,54,21,18,7,7,0.8,0.6
2022-11-06T22:00:00,2342A,117.3102,29.3867,景德镇市,王港中学(对照点),,32,32,31,19,18,79,20,70,56,19,8,4,4,0.3,0.3
2022-11-06T22:00:00,2343A,117.2117,29.2933,景德镇市,老干部活动中心,,43,41,54,30,20,107,49,91,77,23,15,12,8,0.7,0.6
2022-11-06T22:00:00,2344A,117.1894,29.2789,景德镇市,兽医站,,39,39,33,13,17,115,59,98,86,16,13,4,6,0.6,0.6
2022-11-06T22:00:00,2345A,117.1547,29.2617,景德镇市,台达陶瓷,,28,28,34,8,17,93,34,84,71,37,17,20,10,0.9,0.8
2022-11-06T22:00:00,2346A,117.2461,29.2956,景德镇市,陶研所,,34,34,38,16,16,102,45,91,78,14,11,9,6,0.8,0.7
2022-11-06T22:00:00,2347A,114.0997,27.5002,萍乡市,武功山(对照点),,28,28,23,18,19,86,35,78,63,14,12,10,11,0.6,0.5
2022-11-06T22:00:00,2348A,113.8385,27.6434,萍乡市,中医院,颗粒物(PM10),56,62,60,33,34,120,70,105,97,26,28,40,25,0.8,0.9
2022-11-06T22:00:00,2349A,113.8493,27.6253,萍乡市,市政府车库,颗粒物(PM10),56,62,59,39,38,125,66,106,96,30,36,42,26,0.7,1.3
2022-11-06T22:00:00,2350A,113.8676,27.6435,萍乡市,市环保局,颗粒物(PM10),54,58,53,36,35,120,69,105,95,20,21,49,28,0.8,0.9
2022-11-06T22:00:00,2351A,113.866,27.6198,萍乡市,安源区政府,颗粒物(PM10),67,84,68,36,37,115,42,100,86,46,33,28,23,1.4,1
2022-11-06T22:00:00,2352A,115.0861,27.9317,新余市,北岗(对照点),颗粒物(PM10),73,95,64,28,33,43,3,38,27,23,24,10,14,0.6,0.7
2022-11-06T22:00:00,2353A,114.9886,27.8431,新余市,飞宇,颗粒物(PM10),58,66,65,29,33,78,31,70,59,42,27,11,33,0.7,0.6
2022-11-06T22:00:00,2354A,114.9231,27.8246,新余市,第二水厂,,,,68,,36,85,11,80,62,71,39,13,23,1.1,0.9
2022-11-06T22:00:00,2355A,114.9308,27.8036,新余市,市气象局,,,,57,,37,92,38,81,71,46,43,10,26,0.8,0.6
2022-11-06T22:00:00,2357A,116.9822,28.1136,鹰潭市,龙虎山(对照点),,34,34,39,11,17,88,31,74,61,14,13,2,6,0.5,0.5
2022-11-06T22:00:00,2358A,117.0564,28.2642,鹰潭市,新监测站,细颗粒物(PM2.5),64,62,56,46,30,77,27,77,42,33,23,7,30,0.5,0.6
2022-11-06T22:00:00,2359A,117.0311,28.2475,鹰潭市,财苑宾馆,颗粒物(PM10),58,65,54,37,29,82,30,81,52,36,21,28,30,0.5,0.5
2022-11-06T22:00:00,2360A,117.0222,28.2264,鹰潭市,体育馆,,50,50,52,29,30,77,49,72,55,16,22,9,23,0.4,0.4
2022-11-06T22:00:00,2361A,117.0017,28.2131,鹰潭市,三川水表,颗粒物(PM10),52,54,57,31,29,74,47,69,50,19,25,7,21,0.8,0.6
2022-11-06T22:00:00,2362A,114.9017,25.9149,赣州市,通天岩(对照点),,18,18,21,12,14,51,24,45,33,15,15,5,5,0.5,0.4
2022-11-06T22:00:00,2363A,114.9367,25.8664,赣州市,地委,,36,36,28,20,18,43,6,36,22,27,16,15,12,1.0,0.9
2022-11-06T22:00:00,2364A,114.9461,25.8481,赣州市,气象台,,27,27,27,18,22,52,11,49,30,27,14,16,10,0.7,0.7
2022-11-06T22:00:00,2365A,114.9322,25.8333,赣州市,市图书馆,,35,27,27,24,22,45,9,40,28,28,16,5,6,0.9,0.9
2022-11-06T22:00:00,2366A,114.8905,25.8471,赣州市,华坚鞋城,,33,33,28,22,20,54,27,50,29,15,14,4,4,0.9,0.8
2022-11-06T22:00:00,2367A,114.9754,27.0803,吉安市,红声器材厂,颗粒物(PM10),55,59,54,38,33,83,37,68,62,19,22,34,11,0.6,0.6
2022-11-06T22:00:00,2368A,114.9658,27.0999,吉安市,市森林工业局,细颗粒物(PM2.5),57,56,49,40,37,79,31,66,59,28,21,25,10,0.7,0.7
2022-11-06T22:00:00,2369A,114.99,27.1312,吉安市,市环境监测站,颗粒物(PM10),52,53,69,33,36,76,26,69,56,36,27,4,6,0.7,0.5
2022-11-06T22:00:00,2370A,115.0093,27.0968,吉安市,青原区法院,颗粒物(PM10),53,55,47,36,33,80,9,64,51,38,26,6,12,0.7,0.7
2022-11-06T22:00:00,2371A,114.3408,27.8064,宜春市,槟榔水业(对照点),,,,,,,,,,,,,,,,
2022-11-06T22:00:00,2373A,114.3956,27.7844,宜春市,市石油公司,颗粒物(PM10),63,75,63,41,32,93,48,82,70,28,31,9,13,0.9,0.9
2022-11-06T22:00:00,2374A,114.3703,27.7914,宜春市,市气象局,颗粒物(PM10),60,69,58,38,33,85,50,76,68,25,29,9,15,1.0,1
2022-11-06T22:00:00,2375A,114.4013,27.8074,宜春市,市广电局,细颗粒物(PM2.5),64,72,59,46,34,88,29,77,67,52,29,16,17,1.4,1
2022-11-06T22:00:00,2376A,116.2127,28.0814,抚州市,桐源党溪(对照点),颗粒物(PM10),56,61,48,31,24,78,7,70,44,38,21,8,16,0.5,0.5
2022-11-06T22:00:00,2377A,116.3544,27.9831,抚州市,市站,颗粒物(PM10),52,54,45,30,24,78,41,70,57,24,18,8,5,0.7,0.7
2022-11-06T22:00:00,2378A,116.3565,27.963,抚州市,血防站,颗粒物(PM10),56,62,46,28,23,76,36,68,52,27,20,7,6,0.7,0.7
2022-11-06T22:00:00,2379A,116.3564,28.0007,抚州市,采茶剧团,颗粒物(PM10),57,63,46,32,25,74,31,65,50,30,24,5,4,0.8,0.7
2022-11-06T22:00:00,2380A,116.385,27.9647,抚州市,医学分院,颗粒物(PM10),53,55,55,25,20,70,30,62,46,36,26,9,6,0.7,0.6
2022-11-06T22:00:00,2381A,118.005,28.4572,上饶市,百草园(对照点),,,,43,,22,61,,55,,,19,,10,,0.8
2022-11-06T22:00:00,2382A,117.9756,28.4436,上饶市,市监测站,颗粒物(PM10),60,69,56,33,27,88,50,82,69,35,25,21,16,0.8,0.5
2022-11-06T22:00:00,2383A,117.9519,28.4628,上饶市,凤凰光学,颗粒物(PM10),53,56,56,31,28,80,52,74,61,31,31,33,35,0.7,0.6
2022-11-06T22:00:00,2385A,114.17,35.9019,鹤壁市,市监测站,细颗粒物(PM2.5),133,139,100,101,66,111,36,87,68,61,46,19,15,2.7,1.1
2022-11-06T22:00:00,2386A,114.2956,35.7511,鹤壁市,市交警支队,细颗粒物(PM2.5),115,147,92,87,56,115,11,99,79,86,46,16,15,1.0,0.5
2022-11-06T22:00:00,2387A,114.2878,35.7306,鹤壁市,迎宾馆,细颗粒物(PM2.5),110,142,85,83,51,114,5,98,77,100,51,12,10,1.3,0.8
2022-11-06T22:00:00,2389A,113.836,35.311,新乡市,环保西院,细颗粒物(PM2.5),110,127,99,83,64,129,17,105,81,61,44,6,12,1.2,0.7
2022-11-06T22:00:00,2390A,113.884,35.272,新乡市,开发区,细颗粒物(PM2.5),98,131,94,73,53,132,12,108,81,77,36,9,14,1.3,0.7
2022-11-06T22:00:00,2391A,113.883,35.303,新乡市,环保东院,细颗粒物(PM2.5),100,110,82,75,48,130,8,105,76,79,43,4,11,1.6,0.6
2022-11-06T22:00:00,2392A,115.0312,35.7636,濮阳市,环保局,细颗粒物(PM2.5),109,107,75,82,64,128,64,102,95,42,31,8,13,0.7,0.5
2022-11-06T22:00:00,2394A,115.0574,35.7609,濮阳市,油田运输公司,细颗粒物(PM2.5),119,148,110,90,68,124,52,104,95,52,28,8,15,0.8,0.6
2022-11-06T22:00:00,2395A,115.0866,35.7754,濮阳市,油田物探公司,细颗粒物(PM2.5),110,98,84,83,70,127,61,101,94,39,30,8,13,0.7,0.5
2022-11-06T22:00:00,2396A,113.8276,34.0159,许昌市,监测站,细颗粒物(PM2.5),87,117,81,64,50,127,71,116,101,31,33,23,11,0.8,0.6
2022-11-06T22:00:00,2398A,113.7906,33.9953,许昌市,开发区,细颗粒物(PM2.5),98,99,73,73,49,128,67,110,94,33,37,22,12,0.6,0.4
2022-11-06T22:00:00,2399A,114.051,33.5699,漯河市,三五一五工厂,颗粒物(PM10),84,117,82,61,45,136,4,113,74,93,45,8,12,1.5,0.8
2022-11-06T22:00:00,2400A,114.0055,33.5698,漯河市,漯河大学,颗粒物(PM10),93,136,85,35,43,142,7,121,76,108,35,8,9,1.1,0.7
2022-11-06T22:00:00,2401A,114.0138,33.5828,漯河市,市水利局,细颗粒物(PM2.5),98,110,76,73,43,142,23,122,88,80,33,10,12,1.2,0.7
2022-11-06T22:00:00,2402A,114.0261,33.5698,漯河市,市广电局,细颗粒物(PM2.5),103,110,78,77,51,138,23,120,85,76,35,6,9,1.6,0.8
2022-11-06T22:00:00,2403A,112.5192,32.9917,南阳市,环保局,细颗粒物(PM2.5),109,123,111,82,69,127,52,108,97,58,44,8,9,0.9,0.7
2022-11-06T22:00:00,2404A,112.5339,33.0086,南阳市,瓦房庄,细颗粒物(PM2.5),132,128,110,100,79,120,32,101,85,78,45,6,7,1.0,0.8
2022-11-06T22:00:00,2405A,112.5003,32.9735,南阳市,汉画馆,细颗粒物(PM2.5),115,116,111,87,78,127,60,110,100,38,42,5,7,0.8,0.8
2022-11-06T22:00:00,2406A,112.5779,33.0144,南阳市,气象站,细颗粒物(PM2.5),142,129,113,108,75,126,87,104,102,34,42,8,9,1.0,0.8
2022-11-06T22:00:00,2407A,112.548,32.9692,南阳市,理工学院,细颗粒物(PM2.5),124,135,120,94,79,123,86,97,95,31,48,7,7,0.9,0.7
2022-11-06T22:00:00,2408A,115.6702,34.4285,商丘市,环境监测站,细颗粒物(PM2.5),74,90,89,54,58,132,78,109,99,33,28,11,12,0.6,0.6
2022-11-06T22:00:00,2409A,115.6458,34.4045,商丘市,粮食局,细颗粒物(PM2.5),87,86,85,64,65,107,69,101,95,28,26,6,7,0.5,0.7
2022-11-06T22:00:00,2410A,115.6293,34.3948,商丘市,睢阳区环保局,细颗粒物(PM2.5),83,84,84,61,59,139,69,111,100,44,34,6,7,0.5,0.5
2022-11-06T22:00:00,2420A,114.0189,32.9656,驻马店市,市一纸厂,颗粒物(PM10),84,117,74,51,39,132,24,114,79,76,41,5,6,1.0,0.5
2022-11-06T22:00:00,2421A,114.0114,33.015,驻马店市,市彩印厂,细颗粒物(PM2.5),73,74,64,53,36,135,97,123,115,24,23,8,10,0.5,0.5
2022-11-06T22:00:00,2422A,113.9976,32.9771,驻马店市,天方二分厂,"颗粒物(PM10),细颗粒物(PM2.5)",70,89,74,51,37,130,13,109,75,69,27,2,3,1.0,0.6
2022-11-06T22:00:00,2423A,115.0601,30.2313,黄石市,沈家营,颗粒物(PM10),60,69,49,41,23,140,76,128,111,41,25,21,15,1.3,0.6
2022-11-06T22:00:00,2424A,115.0817,30.2006,黄石市,陈家湾,颗粒物(PM10),55,59,48,37,28,138,109,124,122,17,20,17,11,0.7,0.8
2022-11-06T22:00:00,2426A,114.8988,30.2019,黄石市,铁山,颗粒物(PM10),55,59,63,31,28,155,113,132,126,18,19,12,16,0.7,0.8
2022-11-06T22:00:00,2427A,115.0307,30.2092,黄石市,团城山,颗粒物(PM10),58,65,50,33,24,140,110,128,125,23,22,10,9,0.5,0.5
2022-11-06T22:00:00,2428A,111.0419,32.395,十堰市,武当山(对照点),,46,35,42,32,32,112,65,106,87,10,12,8,8,0.8,0.8
2022-11-06T22:00:00,2429A,110.78,32.6494,十堰市,滨河新村,细颗粒物(PM2.5),100,135,88,75,58,75,7,64,41,76,38,7,7,0.7,0.5
2022-11-06T22:00:00,2430A,110.7258,32.6389,十堰市,刘家沟,细颗粒物(PM2.5),74,83,75,54,46,79,13,68,44,43,24,7,7,1.0,1
2022-11-06T22:00:00,2431A,110.8839,32.5714,十堰市,铁二处,细颗粒物(PM2.5),62,61,69,44,44,92,32,80,60,24,23,6,7,0.8,0.8
2022-11-06T22:00:00,2432A,112.155,32.0197,襄阳市,襄城运动路,细颗粒物(PM2.5),78,102,124,57,81,130,114,116,116,21,28,14,15,0.8,0.9
2022-11-06T22:00:00,2433A,112.1392,32.0564,襄阳市,樊城新华路,细颗粒物(PM2.5),94,94,120,70,86,130,116,122,121,21,24,16,16,0.8,0.9
2022-11-06T22:00:00,2434A,112.1825,32.1142,襄阳市,高新管委会,细颗粒物(PM2.5),84,109,119,62,85,137,119,122,122,15,26,8,9,0.9,0.9
2022-11-06T22:00:00,2435A,112.2106,32.0903,襄阳市,襄州航空路,细颗粒物(PM2.5),97,123,120,72,82,129,90,117,111,27,24,11,13,0.8,0.9
2022-11-06T22:00:00,2436A,114.8938,30.3994,鄂州市,市政府,细颗粒物(PM2.5),63,72,69,45,33,127,88,110,103,32,40,10,14,0.7,0.9
2022-11-06T22:00:00,2437A,114.8989,30.3714,鄂州市,赵家坝,细颗粒物(PM2.5),64,76,64,46,31,129,74,113,98,44,39,10,14,0.6,0.7
2022-11-06T22:00:00,2438A,114.8131,30.4133,鄂州市,凡口开发区,,,,,,,,,,,,,,,,
2022-11-06T22:00:00,2439A,112.2014,31.0481,荆门市,竹园小学,颗粒物(PM10),85,120,97,62,60,148,12,134,102,77,27,7,10,1.3,0.9
2022-11-06T22:00:00,2440A,112.1969,30.9891,荆门市,掇刀,细颗粒物(PM2.5),93,98,90,69,67,144,79,132,121,51,27,7,7,0.9,0.8
2022-11-06T22:00:00,2441A,112.2213,31.0386,荆门市,石化一小,细颗粒物(PM2.5),85,104,92,63,65,151,47,138,113,71,33,14,13,1.0,0.8
2022-11-06T22:00:00,2443A,113.9153,30.9285,孝感市,文化路,细颗粒物(PM2.5),93,134,81,69,46,133,11,115,84,88,46,8,9,1.5,0.9
2022-11-06T22:00:00,2444A,113.942,30.9075,孝感市,东城区,颗粒物(PM10),89,128,81,65,41,137,27,121,98,75,42,8,9,1.3,0.8
2022-11-06T22:00:00,2446A,114.9028,30.4742,黄冈市,职工中心,颗粒物(PM10),82,114,86,48,33,139,68,121,106,42,32,25,14,0.8,0.8
2022-11-06T22:00:00,2447A,114.3175,29.8142,咸宁市,森林公园(对照点),颗粒物(PM10),51,52,39,26,18,142,116,134,131,10,6,9,8,0.8,0.6
2022-11-06T22:00:00,2448A,114.3107,29.8454,咸宁市,市发改委,颗粒物(PM10),58,66,56,33,22,145,79,134,116,29,18,11,11,0.8,0.5
2022-11-06T22:00:00,2449A,114.2936,29.8566,咸宁市,咸安区政府,"颗粒物(PM10),细颗粒物(PM2.5)",54,57,51,38,21,143,76,128,106,31,18,10,10,0.8,0.5
2022-11-06T22:00:00,2450A,114.3375,29.8683,咸宁市,长江产业园,,,,,,,,,,,,,,,,
2022-11-06T22:00:00,2451A,113.3583,31.7275,随州市,市委党校,颗粒物(PM10),63,75,69,42,49,144,75,126,118,34,25,8,8,0.9,0.8
2022-11-06T22:00:00,2452A,113.3833,31.6908,随州市,市林业局,颗粒物(PM10),55,60,58,36,41,139,107,130,127,22,24,11,10,0.7,0.7
2022-11-06T22:00:00,2453A,113.3983,31.7308,随州市,市立交桥水厂,细颗粒物(PM2.5),70,56,60,51,47,142,80,124,116,28,28,8,8,0.8,0.8
2022-11-06T22:00:00,2454A,109.4978,30.2981,恩施土家族苗族自治州,湖北民院,细颗粒物(PM2.5),95,99,64,71,53,114,44,104,83,23,15,9,9,1.1,1
2022-11-06T22:00:00,2455A,109.4707,30.2798,恩施土家族苗族自治州,州电力总公司,颗粒物(PM10),68,85,64,46,39,117,14,104,76,34,17,12,16,1.2,1
2022-11-06T22:00:00,2456A,112.5003,26.9167,衡阳市,原169医院(对照点),颗粒物(PM10),62,74,73,39,41,131,42,117,94,52,32,10,16,0.9,0.8
2022-11-06T22:00:00,2457A,112.6194,26.9258,衡阳市,衡阳化工总厂,颗粒物(PM10),61,72,85,31,42,139,61,125,101,26,22,6,12,0.8,0.8
2022-11-06T22:00:00,2458A,112.6211,26.8956,衡阳市,珠晖区环保局,,,42,65,,,138,64,123,101,23,27,9,9,0.8,0.8
2022-11-06T22:00:00,2459A,112.6197,26.8733,衡阳市,市委党校,颗粒物(PM10),54,57,68,33,40,134,63,118,101,20,22,13,10,0.8,0.8
2022-11-06T22:00:00,2460A,112.6006,26.8919,衡阳市,市监测站,颗粒物(PM10),57,63,82,23,44,140,60,126,106,28,23,6,10,0.8,0.8
2022-11-06T22:00:00,2461A,112.5664,26.9056,衡阳市,真空机电公司,颗粒物(PM10),51,52,68,26,39,146,54,127,106,32,23,8,11,0.8,0.8
2022-11-06T22:00:00,2462A,111.5239,27.3033,邵阳市,市水土所(对照点),,,,,,,,,,,,,,,,
2022-11-06T22:00:00,2463A,111.4733,27.2317,邵阳市,市一中,细颗粒物(PM2.5),68,68,62,49,42,133,76,125,115,21,18,24,19,0.8,0.7
2022-11-06T22:00:00,2464A,111.5283,27.2442,邵阳市,市化工厂,颗粒物(PM10),64,78,65,38,43,130,75,123,108,29,19,18,16,0.7,0.7
2022-11-06T22:00:00,2465A,111.4503,27.2537,邵阳市,市罐头厂,细颗粒物(PM2.5),99,81,63,74,53,138,99,126,117,16,14,76,24,0.6,0.6
2022-11-06T22:00:00,2466A,111.4328,27.2272,邵阳市,市环保局,细颗粒物(PM2.5),84,72,62,62,55,138,80,129,118,22,16,25,12,0.8,0.7
2022-11-06T22:00:00,2467A,112.4067,28.6428,益阳市,甘溪港(对照点),细颗粒物(PM2.5),84,96,73,62,54,118,59,108,98,32,20,6,6,0.8,0.7
2022-11-06T22:00:00,2468A,112.3458,28.5808,益阳市,市环保局,细颗粒物(PM2.5),67,67,69,48,56,140,122,133,114,26,26,17,11,1.0,0.8
2022-11-06T22:00:00,2469A,112.3437,28.5531,益阳市,市特殊教育学校,细颗粒物(PM2.5),80,71,86,59,63,142,118,128,121,23,21,20,12,0.9,0.7
2022-11-06T22:00:00,2470A,112.3347,28.6047,益阳市,资阳区政务中心,细颗粒物(PM2.5),77,73,74,56,59,139,104,128,114,33,23,12,9,0.9,0.7
2022-11-06T22:00:00,2471A,112.3744,28.5819,益阳市,赫山环保分局,细颗粒物(PM2.5),90,86,80,67,59,140,77,125,90,46,33,10,9,1.1,0.8
2022-11-06T22:00:00,2472A,113.0073,25.9061,郴州市,马头岭(对照点),,35,32,30,24,19,99,33,84,76,45,27,5,5,0.7,0.6
2022-11-06T22:00:00,2473A,113.0116,25.8226,郴州市,市职中,,48,48,32,31,22,79,15,69,49,36,22,4,6,0.7,0.5
2022-11-06T22:00:00,2474A,113.0161,25.8001,郴州市,兴隆步行街,细颗粒物(PM2.5),55,51,33,39,26,75,5,68,44,49,26,5,6,0.9,0.6
2022-11-06T22:00:00,2475A,113.0383,25.8071,郴州市,市审计局,颗粒物(PM10),59,68,34,32,24,88,14,69,51,46,26,7,8,0.8,0.6
2022-11-06T22:00:00,2476A,113.0348,25.7759,郴州市,市环保局,颗粒物(PM10),52,54,33,31,22,74,3,60,41,47,26,5,6,0.7,0.5
2022-11-06T22:00:00,2477A,111.6217,26.2081,永州市,零陵南津渡(对照点),细颗粒物(PM2.5),54,41,49,38,38,130,85,117,113,9,9,7,6,0.6,0.6
2022-11-06T22:00:00,2478A,111.6156,26.4214,永州市,市环境监测站,细颗粒物(PM2.5),58,55,62,41,41,122,90,112,107,21,22,26,17,0.7,0.6
2022-11-06T22:00:00,2479A,111.6236,26.2331,永州市,零陵区环保局,细颗粒物(PM2.5),59,48,57,42,49,125,80,115,109,19,17,11,9,0.7,0.7
2022-11-06T22:00:00,2480A,111.5992,26.4364,永州市,永州市环保局,颗粒物(PM10),51,52,60,35,38,123,88,114,110,23,22,8,9,0.7,0.7
2022-11-06T22:00:00,2481A,111.5989,26.4519,永州市,冷水滩区环保局,"颗粒物(PM10),细颗粒物(PM2.5)",57,64,69,40,46,120,87,113,106,18,20,30,12,0.7,0.6
2022-11-06T22:00:00,2482A,109.5981,27.5721,怀化市,林科所(对照点),细颗粒物(PM2.5),65,77,72,47,48,137,104,126,123,10,11,9,7,0.5,0.5
2022-11-06T22:00:00,2483A,109.9453,27.5444,怀化市,河西地税局,,,68,59,55,47,125,34,106,83,30,21,4,5,,0.3
2022-11-06T22:00:00,2484A,109.9781,27.5342,怀化市,市四医院,,,72,70,54,50,,,,,34,19,8,12,0.8,0.7
2022-11-06T22:00:00,2485A,109.9972,27.5578,怀化市,监测楼,细颗粒物(PM2.5),89,108,79,66,48,139,40,121,104,29,17,8,12,0.8,0.6
2022-11-06T22:00:00,2486A,110.0394,27.583,怀化市,市委党校,细颗粒物(PM2.5),82,84,83,60,61,133,20,116,96,48,21,9,15,0.9,0.9
2022-11-06T22:00:00,2487A,111.9589,27.8901,娄底市,电视发射台(对照点),细颗粒物(PM2.5),60,67,69,43,47,134,86,124,110,18,19,3,6,1.0,0.9
2022-11-06T22:00:00,2488A,111.9975,27.725,娄底市,市监测站,细颗粒物(PM2.5),70,88,88,51,57,145,64,125,112,38,28,8,16,1.2,1.3
2022-11-06T22:00:00,2489A,112.0194,27.7314,娄底市,市委党校,颗粒物(PM10),65,79,79,42,52,154,88,126,108,31,33,5,7,0.9,1
2022-11-06T22:00:00,2490A,111.9561,27.7569,娄底市,涟钢,细颗粒物(PM2.5),88,117,97,65,62,130,42,103,85,59,40,11,15,1.3,1.2
2022-11-06T22:00:00,2491A,111.9892,27.7044,娄底市,市政府,细颗粒物(PM2.5),108,121,86,81,65,142,35,119,93,50,31,6,10,1.0,0.9
2022-11-06T22:00:00,2492A,109.6414,28.2558,湘西州,跃进水库(对照点),,50,44,39,35,32,118,19,98,69,16,11,6,8,0.2,0.3
2022-11-06T22:00:00,2493A,109.7325,28.3169,湘西州,州政府,细颗粒物(PM2.5),65,69,54,47,37,127,45,107,89,24,15,8,8,0.7,0.6
2022-11-06T22:00:00,2494A,109.6958,28.2675,湘西州,吉首市计生局,颗粒物(PM10),61,71,51,38,37,125,49,104,83,27,20,7,8,0.7,0.6
2022-11-06T22:00:00,2495A,111.3014,23.4832,梧州市,市逸夫小学,颗粒物(PM10),51,51,34,24,19,66,0,53,34,51,18,6,5,0.9,0.7
2022-11-06T22:00:00,2496A,111.3239,23.4794,梧州市,市十一中,颗粒物(PM10),52,53,24,17,15,77,11,68,47,39,15,5,5,0.8,0.7
2022-11-06T22:00:00,2497A,111.247,23.4189,梧州市,龙圩,,38,38,28,21,18,75,19,67,50,34,17,5,5,0.9,0.7
2022-11-06T22:00:00,2498A,111.2711,23.4835,梧州市,龙新,,44,44,32,18,20,68,9,60,44,28,9,12,6,0.7,0.6
2022-11-06T22:00:00,2499A,108.3411,21.6158,防城港市,沙万,颗粒物(PM10),52,53,31,30,19,101,49,87,79,34,21,10,11,0.7,0.7
2022-11-06T22:00:00,2500A,108.3514,21.7731,防城港市,防城档案局,颗粒物(PM10),63,75,39,36,24,96,27,87,69,29,18,7,7,0.6,0.5
2022-11-06T22:00:00,2501A,108.3506,21.6414,防城港市,大海花园,,41,41,28,27,18,105,60,90,85,15,12,21,9,0.8,0.7
2022-11-06T22:00:00,2502A,108.6236,21.9667,钦州市,市环保站,,48,48,29,24,16,92,55,82,77,24,13,17,6,0.6,0.6
2022-11-06T22:00:00,2503A,108.6549,21.9481,钦州市,沙埠小学,颗粒物(PM10),84,118,36,46,23,96,2,85,58,63,19,8,6,1.1,0.8
2022-11-06T22:00:00,2504A,108.5989,21.7431,钦州市,港区一小,颗粒物(PM10),63,76,45,34,21,93,11,69,56,82,30,9,8,0.9,0.7
2022-11-06T22:00:00,2505A,109.568,23.1478,贵港市,德智高中(对照点),,32,29,33,22,25,91,56,83,72,18,21,6,7,0.9,0.8
2022-11-06T22:00:00,2506A,109.6047,23.0666,贵港市,江南子站,,36,36,40,22,23,120,58,108,95,21,13,7,7,0.7,0.8
2022-11-06T22:00:00,2507A,109.6014,23.0948,贵港市,贵城子站,,33,29,37,23,28,120,64,108,94,15,15,8,9,0.8,0.8
2022-11-06T22:00:00,2508A,109.5669,23.1065,贵港市,荷城子站,,31,31,38,19,23,107,59,99,86,19,16,8,9,0.7,0.8
2022-11-06T22:00:00,2509A,110.1106,22.7019,玉林市,寒山水库(对照点),,39,39,33,18,15,70,34,57,50,16,12,2,2,1.0,0.9
2022-11-06T22:00:00,2510A,110.1675,22.6411,玉林市,市监测站,,40,40,27,15,18,73,41,65,54,23,18,3,3,0.7,0.7
2022-11-06T22:00:00,2511A,110.1433,22.6164,玉林市,南江一中,,49,49,34,17,18,72,30,65,54,30,16,11,3,0.8,0.8
2022-11-06T22:00:00,2512A,106.6103,23.9011,百色市,市监测站,细颗粒物(PM2.5),72,82,77,52,48,164,79,139,126,25,24,12,19,0.9,0.8
2022-11-06T22:00:00,2513A,106.6538,23.8859,百色市,市中心血站,细颗粒物(PM2.5),124,152,88,94,54,164,37,140,107,40,20,15,18,1.2,0.9
2022-11-06T22:00:00,2514A,111.5264,24.4172,贺州市,环保小区,颗粒物(PM10),53,55,38,32,25,86,11,80,62,31,19,7,7,1.1,0.9
2022-11-06T22:00:00,2515A,111.5608,24.4078,贺州市,政协大楼,颗粒物(PM10),55,59,39,32,26,93,11,82,58,45,24,15,8,0.9,0.8
2022-11-06T22:00:00,2516A,108.2011,24.715,河池市,东仁乐园(对照点),,,,,,,,,128,,,,,,,
2022-11-06T22:00:00,2517A,108.0497,24.6947,河池市,市环保站,细颗粒物(PM2.5),75,84,71,55,49,152,54,142,119,42,25,18,15,0.9,0.8
2022-11-06T22:00:00,2518A,108.0983,24.6989,河池市,市疾控中心,颗粒物(PM10),103,156,99,59,54,161,20,140,99,77,42,10,12,1.1,0.9
2022-11-06T22:00:00,2519A,109.2328,23.7361,来宾市,来宾二中,,,,,,,,,,,,,,,,
2022-11-06T22:00:00,2520A,109.2203,23.7256,来宾市,来宾技工学校,细颗粒物(PM2.5),57,59,51,40,41,140,61,125,108,26,14,25,14,0.8,0.8
2022-11-06T22:00:00,2521A,107.3476,22.4136,崇左市,市环保局江州分局,颗粒物(PM10),78,106,61,40,33,130,39,120,94,34,16,3,5,0.7,0.7
2022-11-06T22:00:00,2522A,107.3702,22.3707,崇左市,城南新区,细颗粒物(PM2.5),58,63,50,41,35,134,45,120,98,35,18,3,4,0.5,0.5
2022-11-06T22:00:00,2523A,105.8945,32.4535,广元市,黑石坡(对照点),,33,33,45,23,29,87,45,76,70,21,13,5,6,0.5,0.5
2022-11-06T22:00:00,2524A,105.821,32.4444,广元市,老城,,44,44,62,25,37,86,6,60,42,49,21,4,6,0.9,0.9
2022-11-06T22:00:00,2525A,105.8153,32.4246,广元市,南坝,,,,,,,,,,,,,,,,
2022-11-06T22:00:00,2526A,105.8628,32.4287,广元市,监测站,,36,36,50,11,34,82,30,66,58,16,16,4,8,0.7,0.8
2022-11-06T22:00:00,2527A,105.5453,30.5678,遂宁市,石溪浩(对照点),颗粒物(PM10),60,69,68,34,45,98,9,67,51,29,20,7,7,0.8,0.8
2022-11-06T22:00:00,2528A,105.5582,30.5232,遂宁市,市监测站,细颗粒物(PM2.5),54,49,55,38,44,87,6,60,43,48,30,9,10,0.7,0.5
2022-11-06T22:00:00,2529A,105.5861,30.5366,遂宁市,行政中心,细颗粒物(PM2.5),58,52,52,41,50,92,18,71,55,42,24,10,10,0.6,0.5
2022-11-06T22:00:00,2530A,105.5918,30.4728,遂宁市,美宁食品公司,颗粒物(PM10),74,97,71,45,52,90,4,61,44,54,32,16,13,0.6,0.5
2022-11-06T22:00:00,2531A,105.0703,29.61,内江市,市监测站,颗粒物(PM10),56,61,41,38,26,78,52,67,61,21,16,8,8,0.6,0.5
2022-11-06T22:00:00,2532A,105.0717,29.5947,内江市,东兴区政府,细颗粒物(PM2.5),102,79,54,76,39,80,64,70,67,22,21,8,6,0.4,0.4
2022-11-06T22:00:00,2533A,105.0653,29.5817,内江市,内江二中,细颗粒物(PM2.5),69,61,47,50,38,80,62,67,64,17,18,5,4,0.6,0.5
2022-11-06T22:00:00,2534A,105.0406,29.5822,内江市,内江日报社,细颗粒物(PM2.5),83,83,69,61,46,82,60,70,66,26,23,4,3,0.5,0.4
2022-11-06T22:00:00,2535A,103.7723,29.5462,乐山市,花湖湾(对照点),细颗粒物(PM2.5),72,64,46,52,37,83,27,71,61,28,16,3,5,0.9,0.7
2022-11-06T22:00:00,2536A,103.7627,29.5844,乐山市,牛耳桥,细颗粒物(PM2.5),68,70,47,49,37,83,15,71,58,51,27,5,6,0.9,0.6
2022-11-06T22:00:00,2537A,103.7508,29.6006,乐山市,市第三水厂,细颗粒物(PM2.5),74,74,52,54,39,86,15,81,58,47,26,5,6,0.8,0.6
2022-11-06T22:00:00,2538A,103.7571,29.5664,乐山市,市监测站,细颗粒物(PM2.5),69,59,46,50,38,80,31,67,60,20,13,6,8,0.9,0.7
2022-11-06T22:00:00,2539A,104.0308,30.0478,眉山市,黑龙滩水库(对照点),,49,35,31,34,27,101,50,88,80,2,2,3,3,0.6,0.6
2022-11-06T22:00:00,2540A,103.8416,30.0874,眉山市,气象局,颗粒物(PM10),51,51,49,35,30,83,12,66,40,58,35,5,6,0.8,0.8
2022-11-06T22:00:00,2543A,106.6308,30.5278,广安市,小平旧居(对照点),,,,,,,,,,,,,,,,
2022-11-06T22:00:00,2544A,106.6303,30.4576,广安市,市委,细颗粒物(PM2.5),110,86,76,83,68,55,36,42,42,23,19,9,11,0.8,0.7
2022-11-06T22:00:00,2545A,106.6271,30.4663,广安市,友谊中学,细颗粒物(PM2.5),73,71,64,53,44,54,37,40,40,22,20,12,15,0.8,0.7
2022-11-06T22:00:00,2547A,106.6388,30.4551,广安市,广电花园,细颗粒物(PM2.5),87,101,79,64,54,50,21,34,32,29,23,7,13,0.9,0.8
2022-11-06T22:00:00,2548A,107.5277,31.2827,达州市,达州职业技术学院(对照点),细颗粒物(PM2.5),64,64,58,46,36,75,3,40,21,29,25,6,10,1.1,1
2022-11-06T22:00:00,2549A,107.5086,31.2186,达州市,市环境监测站,颗粒物(PM10),66,82,63,44,35,42,4,30,18,53,37,5,8,1.1,1
2022-11-06T22:00:00,2550A,107.4988,31.2132,达州市,凤凰小区,细颗粒物(PM2.5),70,58,51,51,41,48,6,34,21,49,37,4,6,1.0,0.9
2022-11-06T22:00:00,2551A,107.5082,31.1986,达州市,达县机关宾馆,颗粒物(PM10),73,95,68,39,41,46,2,29,17,59,44,6,9,0.9,0.9
2022-11-06T22:00:00,2552A,107.4644,31.2124,达州市,市政中心,细颗粒物(PM2.5),67,78,59,48,42,36,4,25,14,51,40,5,8,1.5,1.1
2022-11-06T22:00:00,2554A,103.0475,30.02,雅安市,建安厂,细颗粒物(PM2.5),59,65,55,42,37,57,28,43,37,37,32,9,10,0.6,0.6
2022-11-06T22:00:00,2555A,103.0111,29.9833,雅安市,市政府,细颗粒物(PM2.5),78,78,52,57,37,64,18,49,38,44,25,8,8,0.7,0.6
2022-11-06T22:00:00,2556A,102.9905,29.9775,雅安市,川农大,细颗粒物(PM2.5),67,59,46,48,34,63,24,51,43,28,22,9,9,0.7,0.6
2022-11-06T22:00:00,2561A,104.6617,30.1372,资阳市,莲花山(对照点),细颗粒物(PM2.5),60,54,42,43,24,86,56,71,63,16,19,6,5,0.5,0.5
2022-11-06T22:00:00,2562A,104.6356,30.1506,资阳市,资阳中学,细颗粒物(PM2.5),59,56,35,42,21,98,36,80,65,21,14,7,7,0.6,0.5
2022-11-06T22:00:00,2563A,104.6295,30.1383,资阳市,四三一厂,颗粒物(PM10),59,67,43,35,24,90,8,69,55,54,26,6,6,0.8,0.6
2022-11-06T22:00:00,2564A,104.6463,30.1146,资阳市,师范校,颗粒物(PM10),60,69,41,41,29,92,24,74,64,51,25,5,5,0.8,0.7
2022-11-06T22:00:00,2565A,104.6296,30.1256,资阳市,区法院,细颗粒物(PM2.5),59,63,42,42,25,100,20,78,68,48,21,7,7,0.8,0.6
2022-11-06T22:00:00,2566A,102.1879,31.914,阿坝藏族羌族自治州,州农科所(对照点),,,,,,,82,24,66,51,24,11,2,2,0.4,0.4
2022-11-06T22:00:00,2567A,102.224,31.9037,阿坝藏族羌族自治州,州监测站,,,,,,,,,,,,,,,,
2022-11-06T22:00:00,2568A,102.2502,31.8896,阿坝藏族羌族自治州,马师校,,28,28,25,18,11,72,17,56,35,35,21,4,4,0.4,0.4
2022-11-06T22:00:00,2570A,101.9603,30.0475,甘孜藏族自治州,水桥子,颗粒物(PM10),51,51,29,19,9,79,5,54,40,67,35,7,7,0.4,0.2
2022-11-06T22:00:00,2571A,102.3431,27.8099,凉山彝族自治州,青龙寺(对照点),,33,26,24,23,23,114,61,93,89,9,13,7,10,0.8,1
2022-11-06T22:00:00,2572A,102.2721,27.8415,凉山彝族自治州,邛海宾馆,,34,34,32,23,25,116,59,88,85,14,16,13,17,0.6,0.9
2022-11-06T22:00:00,2573A,102.2625,27.898,凉山彝族自治州,西昌市政府,,30,30,31,18,22,113,57,89,84,16,15,8,11,0.3,0.6
2022-11-06T22:00:00,2574A,102.2685,27.8851,凉山彝族自治州,凉山州政府,,43,43,36,28,25,107,48,89,83,22,18,9,13,0.8,0.9
2022-11-06T22:00:00,2575A,102.237,27.8914,凉山彝族自治州,长安,,38,38,41,21,23,111,54,87,81,14,21,8,11,0.6,0.7
2022-11-06T22:00:00,2576A,104.8,26.5892,六盘水市,窑上(对照点),,,,,,,,,,,,,,,,
2022-11-06T22:00:00,2577A,104.83,26.5917,六盘水市,黄土坡,细颗粒物(PM2.5),62,64,49,44,42,117,93,108,107,22,14,9,8,0.7,0.6
2022-11-06T22:00:00,2578A,104.89,26.5939,六盘水市,水钢,细颗粒物(PM2.5),78,75,75,57,56,115,94,106,105,14,10,3,3,0.8,0.7
2022-11-06T22:00:00,2579A,104.8475,26.5894,六盘水市,民中,颗粒物(PM10),56,61,57,39,40,109,96,102,102,18,15,11,11,0.8,0.7
2022-11-06T22:00:00,2580A,104.9544,26.5506,六盘水市,双水,细颗粒物(PM2.5),72,58,52,52,49,106,100,104,103,13,11,5,5,0.8,0.7
2022-11-06T22:00:00,2585A,109.1839,27.7344,铜仁地区,铜仁卫校,颗粒物(PM10),64,77,68,42,44,161,44,125,101,43,23,1,1,0.9,0.7
2022-11-06T22:00:00,2586A,109.1753,27.6944,铜仁地区,铜仁七中,细颗粒物(PM2.5),77,69,65,56,52,150,58,112,88,26,23,5,5,0.8,0.8
2022-11-06T22:00:00,2587A,105.2864,27.3125,毕节市,八中,细颗粒物(PM2.5),104,98,99,78,84,122,47,102,92,32,23,8,11,0.9,0.9
2022-11-06T22:00:00,2588A,105.31,27.2944,毕节市,师专,细颗粒物(PM2.5),155,94,104,118,94,107,65,107,88,38,24,9,8,0.7,0.8
2022-11-06T22:00:00,2589A,104.9022,25.0925,黔西南布依族苗族自治州,场坝街,细颗粒物(PM2.5),83,75,55,61,43,94,54,91,76,20,13,2,2,0.4,0.3
2022-11-06T22:00:00,2590A,104.8811,25.0992,黔西南布依族苗族自治州,坪东大道,细颗粒物(PM2.5),65,56,48,47,38,94,15,89,59,49,24,5,5,0.7,0.4
2022-11-06T22:00:00,2591A,107.9783,26.5747,黔东南苗族侗族自治州,市环境监测站,细颗粒物(PM2.5),78,78,74,57,55,118,8,86,68,85,44,5,4,1.2,0.6
2022-11-06T22:00:00,2593A,107.5228,26.2403,黔南布依族苗族自治州,小围寨,细颗粒物(PM2.5),62,56,57,44,43,132,62,126,110,25,12,4,5,0.5,0.6
2022-11-06T22:00:00,2594A,99.1678,25.1081,保山市,市环境监测站,,20,18,18,14,10,86,52,76,65,8,9,8,8,0.5,0.5
2022-11-06T22:00:00,2595A,99.1711,25.1328,保山市,市环保局,,19,14,19,13,11,80,58,73,66,5,8,7,6,0.3,0.3
2022-11-06T22:00:00,2596A,103.7667,27.3736,昭通市,监测站,颗粒物(PM10),52,54,47,33,30,104,56,86,74,21,21,15,9,0.5,0.6
2022-11-06T22:00:00,2597A,103.7225,27.3361,昭通市,环保局,细颗粒物(PM2.5),125,150,54,95,40,105,13,83,60,57,26,23,11,1.7,0.7
2022-11-06T22:00:00,2598A,100.2143,26.8576,丽江市,西南郊(对照点),,,,,,,,,,,,,,,,
2022-11-06T22:00:00,2599A,100.2497,26.8802,丽江市,丽江古城,,40,36,25,28,23,80,49,71,68,20,10,6,5,0.6,0.5
2022-11-06T22:00:00,2600A,100.2203,26.8906,丽江市,市中心,,24,24,17,12,7,86,65,78,77,19,12,5,4,0.7,0.6
2022-11-06T22:00:00,2601A,100.98,22.7633,普洱市,市环保局,,36,34,22,25,16,81,33,73,53,20,15,4,4,0.7,0.7
2022-11-06T22:00:00,2602A,100.9817,22.8322,普洱市,普洱第二中学,,34,34,22,16,10,89,26,79,57,24,18,6,9,0.8,0.6
2022-11-06T22:00:00,2603A,100.0781,23.8982,临沧市,市环保局,,48,30,20,33,19,74,46,69,64,8,6,7,7,0.7,0.6
2022-11-06T22:00:00,2604A,100.0894,23.8822,临沧市,市气象局,,35,27,24,24,21,77,45,70,61,8,6,7,6,0.6,0.6
2022-11-06T22:00:00,2605A,101.5482,25.0441,楚雄州,州环境监测站,,40,35,31,28,25,81,17,69,60,37,18,32,16,0.5,0.4
2022-11-06T22:00:00,2606A,101.538,25.0492,楚雄州,市经济开发区,,35,24,30,24,23,78,40,66,60,19,18,33,13,0.5,0.5
2022-11-06T22:00:00,2608A,103.3772,23.3993,红河州,污水处理厂,细颗粒物(PM2.5),60,64,45,43,37,116,82,109,92,10,8,6,6,0.6,0.5
2022-11-06T22:00:00,2609A,103.3861,23.35,红河州,监测站,细颗粒物(PM2.5),75,61,54,55,45,108,91,106,90,8,9,5,5,0.6,0.6
2022-11-06T22:00:00,2610A,104.2533,23.3594,文山州,州水务局,细颗粒物(PM2.5),92,76,53,68,40,106,87,101,92,12,15,10,11,0.3,0.3
2022-11-06T22:00:00,2611A,104.2319,23.3892,文山州,市便民服务中心,细颗粒物(PM2.5),92,63,49,68,42,105,82,100,90,14,13,10,10,0.6,0.5
2022-11-06T22:00:00,2612A,100.7939,22.0019,西双版纳州,景洪市江南,,28,28,37,18,25,87,35,74,61,17,18,7,8,0.6,0.6
2022-11-06T22:00:00,2613A,100.8017,22.0225,西双版纳州,景洪市江北,,22,11,10,15,14,97,33,82,66,21,12,7,6,0.6,0.5
2022-11-06T22:00:00,2614A,100.1542,25.7054,大理州,大理市环境监测站,,31,31,28,10,10,75,64,70,68,10,13,6,6,1.1,1
2022-11-06T22:00:00,2615A,100.2171,25.5811,大理州,大理古城,,34,34,20,9,6,92,49,76,67,18,12,5,7,0.6,0.5
2022-11-06T22:00:00,2616A,98.5842,24.428,德宏州,德宏州监测站,颗粒物(PM10),57,63,36,21,12,85,22,73,58,41,37,5,12,0.8,0.6
2022-11-06T22:00:00,2618A,98.8601,25.8567,怒江州,州监测站,,40,40,32,25,18,78,37,64,57,13,9,6,6,0.5,0.4
2022-11-06T22:00:00,2619A,98.8546,25.8417,怒江州,泸水一中,颗粒物(PM10),56,61,39,26,17,72,0,54,35,44,25,6,6,0.8,0.6
2022-11-06T22:00:00,2621A,99.7056,27.8317,迪庆州,迪庆州站,,22,16,15,15,17,96,68,89,81,15,11,7,7,0.6,0.6
2022-11-06T22:00:00,2622A,97.1806,31.1273,昌都市,昌都监测站,细颗粒物(PM2.5),89,113,36,66,18,84,15,68,47,68,25,14,7,2.2,0.9
2022-11-06T22:00:00,2624A,91.7608,29.2313,山南市,山南监测站,,,20,22,5,7,92,,85,84,3,11,6,6,0.3,0.3
2022-11-06T22:00:00,2625A,91.7706,29.2436,山南市,山南人民医院,,30,30,21,15,9,91,58,84,78,20,8,5,5,0.5,0.3
2022-11-06T22:00:00,2626A,88.8876,29.2718,日喀则市,日喀则监测站,细颗粒物(PM2.5),88,86,27,65,14,93,42,90,77,38,11,9,5,1.1,0.6
2022-11-06T22:00:00,2628A,92.0657,31.4846,那曲地区,那曲监测站,细颗粒物(PM2.5),54,44,38,38,24,89,40,85,76,31,15,12,9,1.7,0.9
2022-11-06T22:00:00,2630A,80.1161,32.5,阿里地区,阿里监测站,,28,8,6,3,3,107,87,103,96,4,5,14,11,0.3,0.3
2022-11-06T22:00:00,2632A,94.3681,29.6376,林芝市,林芝监测站,,18,7,10,8,6,80,56,72,71,7,7,9,9,0.5,0.4
2022-11-06T22:00:00,2633A,94.3616,29.6616,林芝市,林芝人民医院,,19,9,15,5,7,80,60,73,72,6,6,9,10,0.3,0.3
2022-11-06T22:00:00,2634A,106.9893,33.1842,汉中市,汉川机床厂子校(对照点),,33,32,32,23,26,64,16,58,41,19,12,6,7,0.6,0.6
2022-11-06T22:00:00,2635A,107.0154,33.0706,汉中市,市监测站,颗粒物(PM10),69,87,51,47,32,59,8,53,36,36,19,4,5,1.1,0.9
2022-11-06T22:00:00,2636A,107.0089,33.1138,汉中市,鑫源开发区,颗粒物(PM10),56,61,48,37,30,61,8,50,34,46,22,4,4,1.0,0.8
2022-11-06T22:00:00,2637A,107.007,33.0323,汉中市,南郑大河坎水厂,细颗粒物(PM2.5),100,104,67,75,42,56,13,45,31,27,28,5,5,1.2,1
2022-11-06T22:00:00,2638A,109.7414,38.3344,榆林市,红石峡森林公园(对照点),"颗粒物(PM10),细颗粒物(PM2.5)",53,56,47,37,48,115,5,96,53,77,38,5,6,0.7,0.8
2022-11-06T22:00:00,2639A,109.7456,38.2911,榆林市,世纪广场,颗粒物(PM10),60,70,57,30,45,112,6,94,58,98,50,11,10,0.6,0.6
2022-11-06T22:00:00,2640A,109.7289,38.2839,榆林市,实验中学,,49,49,49,22,43,109,5,91,58,91,43,11,11,0.6,0.7
2022-11-06T22:00:00,2641A,109.7336,38.2478,榆林市,环保监测大楼,颗粒物(PM10),55,59,53,20,39,110,4,90,59,99,46,15,12,0.6,0.6
2022-11-06T22:00:00,2642A,109.0318,32.6537,安康市,香溪洞(对照点),细颗粒物(PM2.5),58,56,50,41,35,54,24,48,40,32,15,13,9,1.0,0.7
2022-11-06T22:00:00,2643A,109.0281,32.6939,安康市,安康市监测站,颗粒物(PM10),54,58,68,36,47,50,6,38,22,34,26,8,12,1.0,0.9
2022-11-06T22:00:00,2644A,109.0072,32.6975,安康市,汉滨区检察院,,46,46,50,26,42,54,8,40,29,26,24,5,8,0.6,0.7
2022-11-06T22:00:00,2645A,109.9154,33.8715,商洛市,监测站,颗粒物(PM10),53,55,67,23,37,97,16,85,45,48,28,7,7,0.8,0.8
2022-11-06T22:00:00,2647A,104.1724,36.5446,白银市,第三小学,颗粒物(PM10),66,81,71,29,34,131,27,95,82,62,33,17,70,0.8,0.9
2022-11-06T22:00:00,2648A,104.1465,36.5482,白银市,动力公司,颗粒物(PM10),59,68,66,27,39,104,40,85,73,33,25,16,48,0.9,0.8
2022-11-06T22:00:00,2649A,106.0055,34.343,天水市,麦积山(对照点),,,,,,,,,,,,,,,,
2022-11-06T22:00:00,2650A,105.7205,34.5786,天水市,公园小学,颗粒物(PM10),53,56,48,36,34,59,19,39,36,32,28,18,10,0.6,0.8
2022-11-06T22:00:00,2651A,105.8945,34.5538,天水市,麦积国土局,,,117,74,,44,41,4,24,18,46,35,17,10,1.6,1.2
2022-11-06T22:00:00,2652A,102.6201,37.9251,武威市,监测站,细颗粒物(PM2.5),80,84,78,59,35,104,13,96,78,66,32,10,9,0.8,0.5
2022-11-06T22:00:00,2654A,100.4698,38.9524,张掖市,润泉湖,颗粒物(PM10),51,51,83,29,29,99,50,86,82,34,24,8,11,0.4,0.5
2022-11-06T22:00:00,2655A,100.4154,38.9422,张掖市,区工会,,44,44,72,24,36,97,38,87,80,44,26,9,11,0.4,0.5
2022-11-06T22:00:00,2656A,106.6692,35.5461,平凉市,聚贤嘉苑,"颗粒物(PM10),细颗粒物(PM2.5)",59,68,50,42,32,85,13,67,50,67,33,7,7,0.6,0.5
2022-11-06T22:00:00,2657A,106.7021,35.5307,平凉市,博物馆,细颗粒物(PM2.5),73,73,64,53,34,80,34,65,54,55,40,10,8,1.0,0.8
2022-11-06T22:00:00,2658A,98.5061,39.7443,酒泉市,仓门街子站,颗粒物(PM10),64,78,68,33,23,103,48,89,80,43,28,6,7,0.8,0.5
2022-11-06T22:00:00,2659A,98.4989,39.7256,酒泉市,油田生活基地,颗粒物(PM10),80,110,85,37,29,101,25,93,80,68,31,6,7,0.8,0.6
2022-11-06T22:00:00,2660A,107.6831,35.7289,庆阳市,区环保局(对照点),,,,,,,,,,,,,,,,
2022-11-06T22:00:00,2661A,107.6325,35.7357,庆阳市,庆阳五中,颗粒物(PM10),59,67,63,29,40,94,82,85,83,22,16,14,8,0.6,0.6
2022-11-06T22:00:00,2662A,107.6364,35.7067,庆阳市,市环保局,颗粒物(PM10),55,60,64,26,38,100,70,85,79,38,19,16,8,0.8,0.6
2022-11-06T22:00:00,2663A,104.6241,35.5734,定西市,东关小学,颗粒物(PM10),62,74,46,32,24,89,13,82,61,47,15,11,7,0.9,0.5
2022-11-06T22:00:00,2664A,104.6194,35.5934,定西市,供电公司,细颗粒物(PM2.5),62,68,42,44,29,89,16,79,58,42,19,5,3,0.7,0.4
2022-11-06T22:00:00,2665A,105.0822,33.3261,陇南市,汉王镇固水子(对照点),,,,,,,,,,,,,,,,
2022-11-06T22:00:00,2667A,103.2069,35.5993,临夏回族自治州,环保局,颗粒物(PM10),56,62,48,29,27,114,16,96,82,67,39,16,15,1.3,1.1
2022-11-06T22:00:00,2668A,103.2417,35.6057,临夏回族自治州,建设大厦,,39,36,42,27,19,119,18,98,78,58,29,12,13,1.2,0.9
2022-11-06T22:00:00,2669A,102.9099,34.9841,甘南州,州政府,颗粒物(PM10),67,84,44,39,22,105,99,96,96,14,22,7,10,0.5,0.5
2022-11-06T22:00:00,2671A,100.9048,36.9639,海北藏族自治州,海晏县西海镇,"颗粒物(PM10),细颗粒物(PM2.5)",60,69,28,43,16,116,80,110,105,24,10,19,12,0.7,0.5
2022-11-06T22:00:00,2672A,102.0199,35.5102,黄南藏族自治州,同仁县隆务镇,颗粒物(PM10),54,57,31,28,15,84,80,82,82,8,9,6,7,1.0,0.8
2022-11-06T22:00:00,2673A,100.6188,36.2866,海南藏族自治州,共和县恰卜恰镇,颗粒物(PM10),55,59,24,23,14,97,28,86,66,41,14,23,10,0.8,0.4
2022-11-06T22:00:00,2674A,100.2561,34.4714,果洛藏族自治州,玛沁县大武镇,颗粒物(PM10),59,67,39,28,19,103,39,92,77,22,17,20,24,0.6,0.5
2022-11-06T22:00:00,2675A,97,33.0014,玉树藏族自治州,玉树县结古镇,,20,15,14,10,7,94,63,90,85,14,8,17,13,1.3,1.2
2022-11-06T22:00:00,2676A,97.3731,37.3753,海西蒙古族藏族自治州,德令哈市,,28,22,20,19,12,95,48,85,77,16,7,3,4,0.5,0.4
2022-11-06T22:00:00,2677A,106.1532,37.9648,吴忠市,教育园区,细颗粒物(PM2.5),90,109,64,67,40,104,56,96,88,41,24,12,20,0.9,0.6
2022-11-06T22:00:00,2678A,106.2025,37.9844,吴忠市,高级中学,,,,,,,,,,,,,,,,
2022-11-06T22:00:00,2679A,106.1856,37.9956,吴忠市,新区二泵站,细颗粒物(PM2.5),115,102,71,87,46,98,52,87,78,,41,12,10,0.9,1.1
2022-11-06T22:00:00,2680A,105.0025,37.4635,中卫市,沙坡头消防站(对照点),,49,48,48,34,29,119,84,114,101,19,16,10,11,0.7,0.7
2022-11-06T22:00:00,2681A,105.18,37.0172,中卫市,官桥站,,,,,,,,,,,,,,,,
2022-11-06T22:00:00,2682A,105.1971,37.5002,中卫市,环保局站,颗粒物(PM10),65,79,59,35,28,103,20,95,71,46,18,5,6,0.5,0.4
2022-11-06T22:00:00,2683A,106.2319,36.1417,固原市,马园(对照点),颗粒物(PM10),67,83,62,41,25,92,18,80,59,53,24,6,6,0.8,0.7
2022-11-06T22:00:00,2684A,106.2792,36.0022,固原市,监测站,细颗粒物(PM2.5),72,79,43,52,27,86,8,76,53,65,28,29,9,1.3,0.8
2022-11-06T22:00:00,2685A,106.2375,36.0211,固原市,新区,颗粒物(PM10),60,69,33,31,19,95,6,83,58,59,19,7,6,1.0,0.8
2022-11-06T22:00:00,2686A,89.1904,42.9418,吐鲁番地区,市环保局,,,88,53,34,27,95,43,88,80,,,7,7,1.0,0.9
2022-11-06T22:00:00,2687A,89.1673,42.9559,吐鲁番地区,地区环保局,颗粒物(PM10),66,82,69,23,32,100,51,89,80,33,28,8,8,0.9,0.9
2022-11-06T22:00:00,2688A,93.5128,42.8172,哈密地区,地区监测站,颗粒物(PM10),63,75,71,16,20,99,50,88,83,29,34,7,7,0.2,0.4
2022-11-06T22:00:00,2689A,93.4961,42.8328,哈密地区,哈密师范学校,颗粒物(PM10),57,64,61,28,25,99,39,86,79,32,36,7,6,0.4,0.5
2022-11-06T22:00:00,2690A,88.1236,43.8886,昌吉州,天山天池(对照点),,30,30,16,18,11,82,61,78,71,9,8,3,3,0.9,0.9
2022-11-06T22:00:00,2691A,87.2997,44.0114,昌吉州,州监测站,,,,,,,,,,,,,,,,
2022-11-06T22:00:00,2692A,87.2717,44.0297,昌吉州,新区政务中心,颗粒物(PM10),79,107,85,45,46,106,43,95,90,39,35,6,8,1.4,1.3
2022-11-06T22:00:00,2693A,82.0485,44.8556,博尔塔拉蒙古自治州,市党校,颗粒物(PM10),68,86,62,32,26,69,39,58,56,2,11,10,14,0.2,0.3
2022-11-06T22:00:00,2694A,82.0806,44.8969,博尔塔拉蒙古自治州,市环保局,颗粒物(PM10),60,70,65,30,28,69,32,60,57,36,23,6,8,1.0,0.8
2022-11-06T22:00:00,2695A,80.292,41.1694,阿克苏地区,电视台,颗粒物(PM10),92,133,129,54,54,80,36,73,66,43,33,1,5,1.1,1.2
2022-11-06T22:00:00,2696A,80.2613,41.1551,阿克苏地区,艺术中心,颗粒物(PM10),92,134,116,48,50,74,31,64,60,35,22,4,3,0.5,0.6
2022-11-06T22:00:00,2697A,76.1454,39.7142,克孜勒苏柯尔克孜自治州,市人民政府,颗粒物(PM10),86,122,84,54,40,83,61,77,74,12,7,12,12,0.7,0.8
2022-11-06T22:00:00,2698A,76.0072,39.4467,喀什地区,巡警大队,颗粒物(PM10),113,176,115,45,38,83,64,78,77,23,20,6,5,1.0,0.8
2022-11-06T22:00:00,2699A,75.9755,39.4694,喀什地区,吾办,颗粒物(PM10),94,137,106,50,46,91,66,86,84,20,19,5,5,0.7,0.9
2022-11-06T22:00:00,2700A,75.9538,39.4682,喀什地区,市环境监测站,颗粒物(PM10),104,157,123,40,47,,,,,26,29,5,4,1.0,1.5
2022-11-06T22:00:00,2703A,81.2815,43.9404,伊犁哈萨克州,市环保局,细颗粒物(PM2.5),123,133,123,93,91,90,34,75,74,44,35,22,18,1.4,2.2
2022-11-06T22:00:00,2704A,81.2996,43.9174,伊犁哈萨克州,新政府片区,细颗粒物(PM2.5),113,102,110,85,84,85,42,70,69,43,31,19,17,2.7,2.3
2022-11-06T22:00:00,2705A,81.3364,43.941,伊犁哈萨克州,第二水厂,细颗粒物(PM2.5),144,156,139,110,96,91,25,68,64,53,36,16,18,1.7,2.5
2022-11-06T22:00:00,2706A,82.9994,46.7432,塔城地区,东门外小游园,,50,50,24,30,16,82,33,68,59,35,20,5,7,1.0,0.6
2022-11-06T22:00:00,2707A,88.1214,47.9047,阿勒泰地区,小东沟(对照点),,,,,,,,,,,,,,,,
2022-11-06T22:00:00,2708A,88.1264,47.8517,阿勒泰地区,市站,颗粒物(PM10),74,98,38,26,10,93,28,91,53,32,18,3,4,0.7,0.5
2022-11-06T22:00:00,2709A,86.0497,44.2967,石河子市,艾青诗歌馆,细颗粒物(PM2.5),104,130,103,78,62,109,23,72,64,51,40,12,13,0.9,0.8
2022-11-06T22:00:00,2710A,86.0697,44.3075,石河子市,阳光学校,,,135,106,,,97,34,70,62,23,27,5,7,0.9,0.8
2022-11-06T22:00:00,2711A,87.5475,44.1756,五家渠市,农水大厦,细颗粒物(PM2.5),114,128,135,86,88,72,21,57,54,50,38,11,16,1.2,1.4
2022-11-06T22:00:00,2835A,101.7227,26.567,攀枝花市,四十中小,颗粒物(PM10),54,58,44,30,22,123,23,95,82,81,38,20,16,2.3,1.2
2022-11-06T22:00:00,2842A,118.0936,24.5058,厦门市,湖里中学,,42,42,31,19,13,114,59,98,77,24,17,3,3,0.4,0.5
2022-11-06T22:00:00,2845A,113.1569,36.1911,长治市,德盛苑,细颗粒物(PM2.5),67,54,46,48,40,105,66,95,80,24,21,4,5,0.5,0.4
2022-11-06T22:00:00,2846A,113.3221,23.1322,广州市,体育西,,30,28,21,21,16,36,14,29,26,31,24,3,3,0.8,0.7
2022-11-06T22:00:00,2858A,117.7918,39.2474,天津市,河西一经路,细颗粒物(PM2.5),139,180,114,106,71,83,0,64,36,84,68,11,13,1.2,0.9
2022-11-06T22:00:00,2859A,117.3747,38.9846,天津市,津沽路,细颗粒物(PM2.5),124,145,104,94,69,76,0,60,26,74,66,5,9,0.8,0.7
2022-11-06T22:00:00,2860A,117.1589,39.0845,天津市,宾水西道,细颗粒物(PM2.5),123,137,108,93,74,68,1,56,26,69,50,5,6,1.1,0.9
2022-11-06T22:00:00,2862A,114.5481,38.0378,石家庄市,22中南校区,细颗粒物(PM2.5),140,97,136,107,112,66,24,62,35,47,52,2,3,0.7,1
2022-11-06T22:00:00,2865A,112.7195,37.6828,晋中市,榆次三中,细颗粒物(PM2.5),108,138,123,81,78,87,,73,65,61,42,10,10,0.8,0.8
2022-11-06T22:00:00,2866A,111.0522,35.0439,运城市,外滩首府,,,,,,,,,,,,,,,,
2022-11-06T22:00:00,2867A,111.1283,37.51,吕梁市,马茂庄小学,颗粒物(PM10),88,126,106,45,41,111,2,83,56,83,52,8,11,0.5,0.6
2022-11-06T22:00:00,2868A,126.4739,43.953,吉林市,九站,颗粒物(PM10),57,64,54,31,25,76,30,66,51,45,35,10,12,0.6,0.5
2022-11-06T22:00:00,2869A,119.447,32.4155,扬州市,五台山医院,细颗粒物(PM2.5),58,64,68,41,41,117,54,99,89,50,48,7,9,0.6,0.7
2022-11-06T22:00:00,2870A,119.4424,32.1873,镇江市,市疾控中心,细颗粒物(PM2.5),65,77,70,47,50,140,75,125,113,46,39,12,8,1.0,1
2022-11-06T22:00:00,2871A,121.6147,29.9017,宁波市,万里国际学校,,31,31,56,14,28,70,44,61,50,43,52,6,9,0.2,0.4
2022-11-06T22:00:00,2872A,120.7846,30.7525,嘉兴市,南湖区残联,,26,26,39,16,20,125,81,108,98,20,30,5,6,0.4,0.5
2022-11-06T22:00:00,2873A,120.0875,30.8955,湖州市,仁皇山新区,,35,35,49,14,25,116,77,105,97,26,35,6,6,0.4,0.5
2022-11-06T22:00:00,2875A,115.784,32.8892,阜阳市,阜阳职业技术学院,细颗粒物(PM2.5),60,68,67,43,39,126,52,112,94,60,29,10,10,0.7,0.5
2022-11-06T22:00:00,2877A,119.1641,36.6523,潍坊市,坊子邮政,颗粒物(PM10),54,58,93,36,53,99,97,90,88,18,42,6,8,0.4,0.7
2022-11-06T22:00:00,2878A,116.0072,36.4343,聊城市,聊大东校,细颗粒物(PM2.5),94,130,104,70,58,91,44,84,70,46,30,17,22,0.8,0.7
2022-11-06T22:00:00,2880A,104.0219,30.6558,成都市,大石西路,细颗粒物(PM2.5),117,106,82,88,64,38,11,32,17,52,46,3,3,0.7,0.7
2022-11-06T22:00:00,2881A,107.8908,26.5311,黔东南苗族侗族自治州,凯里学院,细颗粒物(PM2.5),58,58,66,41,47,156,68,133,116,29,24,3,4,0.5,0.6
2022-11-06T22:00:00,2882A,102.5389,24.3703,玉溪市,玉溪一中,颗粒物(PM10),74,97,46,45,28,89,7,78,60,55,23,47,10,4.2,1.2
2022-11-06T22:00:00,2883A,102.5381,24.3389,玉溪市,文体中心,,38,38,43,25,29,90,27,80,69,39,27,10,10,1.1,1.1
2022-11-06T22:00:00,2884A,98.2672,39.7978,嘉峪关市,酒钢宾馆,颗粒物(PM10),56,61,69,27,22,102,54,91,85,38,29,12,15,0.5,0.4
2022-11-06T22:00:00,2885A,104.9339,33.3826,陇南市,滨江中学,,33,33,32,15,14,65,42,56,53,17,17,6,7,0.5,0.5
2022-11-06T22:00:00,2894A,117.0566,32.6531,淮南市,经济技术开发区消防队,颗粒物(PM10),74,98,87,53,49,122,87,103,96,34,38,7,7,0.4,0.5
2022-11-06T22:00:00,2897A,123.2444,41.7347,沈阳市,沈辽西路,细颗粒物(PM2.5),83,106,110,61,56,96,24,80,61,39,40,6,17,0.7,0.9
2022-11-06T22:00:00,2900A,123.5953,41.9086,沈阳市,裕农路,细颗粒物(PM2.5),77,85,84,56,52,102,35,81,67,40,35,9,19,1.0,1.3
2022-11-06T22:00:00,2902A,106.6351,30.4865,广安市,北辰小学,,,,,,,,,,,,,,,,
2022-11-06T22:00:00,2907A,120.1844,30.8596,湖州市,吴兴区站,,41,41,53,21,30,115,71,105,93,30,39,6,7,0.4,0.4
2022-11-06T22:00:00,2914A,106.7677,31.8794,巴中市,苏山坪(对照点),,48,46,45,33,36,75,56,66,50,21,20,4,5,0.5,0.5
2022-11-06T22:00:00,2915A,106.7619,31.84139,巴中市,职业中学,,,,,,,,,,,,,,,,
2022-11-06T22:00:00,2919A,116.7022,39.5453,廊坊市,河北工业大学,细颗粒物(PM2.5),114,125,128,86,92,49,4,31,6,66,68,7,9,0.8,0.9
2022-11-06T22:00:00,2920A,117.7116,24.506,漳州市,蓝田镇,,46,46,36,20,17,123,54,110,88,18,20,11,8,0.4,0.4
2022-11-06T22:00:00,2921A,120.5483,30.0003,绍兴市,树下王站,细颗粒物(PM2.5),74,89,56,54,37,96,2,88,55,60,34,6,6,0.8,0.6
2022-11-06T22:00:00,2922A,117.1941,39.1067,天津市,大理道,细颗粒物(PM2.5),132,136,105,100,77,72,2,61,28,78,55,8,12,0.9,0.7
2022-11-06T22:00:00,2924A,106.2266,38.4418,银川市,水乡路,细颗粒物(PM2.5),83,100,112,61,62,134,64,101,94,32,66,18,21,1.0,1.4
2022-11-06T22:00:00,2925A,106.2757,38.4842,银川市,上海东路,细颗粒物(PM2.5),92,80,98,68,63,120,64,103,97,31,59,19,22,0.7,1
2022-11-06T22:00:00,2926A,106.1015,38.497,银川市,文昌北街,细颗粒物(PM2.5),99,138,130,74,68,128,52,102,93,52,57,10,15,0.9,1
2022-11-06T22:00:00,2929A,114.8858,30.4519,黄冈市,红卫路,颗粒物(PM10),85,120,80,49,35,139,95,122,113,26,31,9,13,0.9,1
2022-11-06T22:00:00,2994A,119.6533,29.1128,金华市,武警支队(启用161031),,,,,,,,,,,,,,,,
2022-11-06T22:00:00,2996A,118.283,33.965,宿迁市,市供电局,细颗粒物(PM2.5),69,79,89,50,42,133,69,116,102,37,39,9,8,0.6,0.6
2022-11-06T22:00:00,2997A,119.8767,32.3289,泰州市,王营,颗粒物(PM10),66,81,71,36,40,118,23,101,72,60,40,14,12,0.8,0.7
2022-11-06T22:00:00,3000A,119.3581,34.6972,连云港市,德源药业,颗粒物(PM10),51,51,72,17,38,105,60,94,69,36,30,3,5,0.6,0.7
2022-11-06T22:00:00,3002A,119.9805,31.8174,常州市,行政中心,,42,42,56,19,31,121,72,110,100,35,42,12,10,0.9,0.7
2022-11-06T22:00:00,3003A,120.0522,31.7748,常州市,经开区,颗粒物(PM10),66,81,68,34,34,118,44,111,94,62,50,9,12,0.6,0.8
2022-11-06T22:00:00,3004A,120.1544,33.3663,盐城市,宝龙广场,,34,34,45,12,23,127,96,114,104,16,18,9,8,0.3,0.4
2022-11-06T22:00:00,3005A,117.1814,34.29,徐州市,鼓楼区政府,颗粒物(PM10),79,108,99,52,51,149,78,122,110,44,37,8,8,0.9,0.8
2022-11-06T22:00:00,3006A,117.1694,34.1781,徐州市,铜山区招生办,细颗粒物(PM2.5),92,122,107,68,61,128,49,112,95,61,54,10,10,0.9,0.8
2022-11-06T22:00:00,3007A,119.178,34.844,连云港市,新城一中,颗粒物(PM10),57,64,80,28,47,106,49,88,59,50,40,4,7,0.6,0.6
2022-11-06T22:00:00,3008A,119.3608,34.7519,连云港市,胡沟管理处,,48,48,58,24,33,98,83,95,90,17,16,10,13,0.4,0.4
2022-11-06T22:00:00,3009A,119.1478,34.5911,连云港市,矿山设计院,颗粒物(PM10),64,78,88,41,50,95,51,86,71,36,37,7,11,0.5,0.5
2022-11-06T22:00:00,3010A,119.9025,31.7964,常州市,钟楼,,36,36,57,17,33,132,84,116,108,32,48,5,8,0.3,0.7
2022-11-06T22:00:00,3012A,112.1849,31.0362,荆门市,西山林语,细颗粒物(PM2.5),78,83,87,57,53,150,89,136,122,23,18,8,9,0.6,0.6
2022-11-06T22:00:00,3014A,106.4958,29.5346,重庆市,歇台子,细颗粒物(PM2.5),119,109,93,90,74,71,5,51,37,83,59,6,6,1.2,1
2022-11-06T22:00:00,3015A,106.4037,29.5728,重庆市,龙井湾,细颗粒物(PM2.5),93,102,86,69,54,78,63,63,61,32,40,11,8,0.9,0.9
2022-11-06T22:00:00,3016A,106.5507,29.4153,重庆市,龙洲湾,细颗粒物(PM2.5),83,74,84,61,56,107,79,82,82,18,41,5,7,0.7,0.7
2022-11-06T22:00:00,3018A,111.505,36.1014,临汾市,唐尧大酒店,细颗粒物(PM2.5),142,178,125,108,75,69,3,58,44,70,46,4,5,1.1,0.8
2022-11-06T22:00:00,3020A,117.2101,39.1699,天津市,中山北路,细颗粒物(PM2.5),135,144,127,103,85,67,1,60,21,72,49,8,11,0.8,0.7
2022-11-06T22:00:00,3021A,115,35.7668,濮阳市,濮水河管理处,细颗粒物(PM2.5),99,93,74,74,62,124,35,96,75,43,28,7,14,0.8,0.5
2022-11-06T22:00:00,3022A,112.4433,34.6686,洛阳市,凯旋路小学,,,,,,,,,,,,,,,,
2022-11-06T22:00:00,3025A,113.0477,23.6344,清远市,技师学院,,29,28,17,20,13,41,22,37,33,17,14,6,6,1.0,0.9
2022-11-06T22:00:00,3026A,116.6183,23.6608,潮州市,市政府,,38,38,31,24,16,109,71,88,67,15,13,12,11,0.7,0.4
2022-11-06T22:00:00,3027A,104.72,29.3427,自贡市,青杠林路,细颗粒物(PM2.5),79,89,59,58,38,69,39,61,58,30,24,4,5,0.6,0.5
2022-11-06T22:00:00,3028A,104.776,29.3627,自贡市,檀木林体育馆,细颗粒物(PM2.5),68,73,53,49,37,78,62,68,67,20,25,7,7,0.5,0.5
2022-11-06T22:00:00,3033A,87.4651,43.4569,乌鲁木齐市,培训基地,"颗粒物(PM10),细颗粒物(PM2.5)",52,53,29,36,16,94,78,87,86,17,11,10,9,1.0,0.7
2022-11-06T22:00:00,3034A,113.1076,41.0385,乌兰察布市,光明街小学,,29,29,56,17,35,80,52,70,65,20,50,13,17,0.3,0.6
2022-11-06T22:00:00,3035A,122.0931,46.0707,兴安盟,北滨河,细颗粒物(PM2.5),82,107,66,60,27,54,4,40,20,52,39,8,7,1.0,0.8
2022-11-06T22:00:00,3036A,118.6904,37.4338,东营市,开发区管委会,细颗粒物(PM2.5),62,68,91,44,53,104,62,91,81,32,47,28,14,0.8,0.8
2022-11-06T22:00:00,3038A,103.3758,23.368,红河州,州图书馆,细颗粒物(PM2.5),57,57,46,40,34,109,94,109,92,7,7,4,4,0.6,0.5
2022-11-06T22:00:00,3039A,111.1911,34.7829,三门峡市,三门峡市第一小学,细颗粒物(PM2.5),123,135,80,93,72,113,5,99,62,74,34,6,11,1.0,0.8
2022-11-06T22:00:00,3045A,109.9643,33.8471,商洛市,商州区中学,颗粒物(PM10),73,96,74,41,51,99,2,79,41,58,31,5,9,0.7,0.5
2022-11-06T22:00:00,3046A,115.9084,28.6062,南昌市,机电学校,颗粒物(PM10),64,77,73,34,29,92,28,84,69,43,42,7,9,0.6,0.8
2022-11-06T22:00:00,3048A,119.5799,26.0936,福州市,九龙,,22,22,33,10,13,89,58,84,79,16,12,2,5,0.3,0.4
2022-11-06T22:00:00,3051A,117.3876,39.1488,天津市,西四道,细颗粒物(PM2.5),113,128,105,85,67,69,0,56,21,74,67,6,9,1.0,0.8
2022-11-06T22:00:00,3054A,113.9194,35.2847,新乡市,市委党校,颗粒物(PM10),87,123,78,61,47,126,4,105,76,94,39,8,12,1.2,0.7
2022-11-06T22:00:00,3055A,101.7775,36.6428,西宁市,城北区政府,,47,47,56,20,34,115,58,98,88,44,30,24,24,0.5,1
2022-11-06T22:00:00,3057A,121.5992,37.4014,烟台市,牟平检察院,,32,24,62,8,31,131,100,121,113,12,29,13,14,0.5,0.8
2022-11-06T22:00:00,3058A,119.2658,42.0353,赤峰市,银河街,颗粒物(PM10),78,105,97,51,48,70,36,54,49,42,45,18,30,1.0,1.3
2022-11-06T22:00:00,3059A,117.7161,36.2049,济南市,泰兴公司,细颗粒物(PM2.5),108,140,109,81,62,103,30,91,73,91,60,12,10,1.2,1.1
2022-11-06T22:00:00,3061A,119.7512,49.1577,呼伦贝尔市,国华电力东,,18,18,16,7,14,68,53,56,52,4,6,3,3,0.2,0.2
2022-11-06T22:00:00,3064A,117.6867,36.2171,济南市,莱芜战役纪念馆,细颗粒物(PM2.5),104,111,98,78,60,93,64,86,79,56,63,8,9,1.4,1.1
2022-11-06T22:00:00,3065A,101.9533,29.9972,甘孜藏族自治州,州环保局,,24,24,29,16,8,84,41,67,60,29,22,9,7,0.3,0.2
2022-11-06T22:00:00,3066A,116.2721,37.4379,德州市,九衢泉纯净水厂,细颗粒物(PM2.5),108,128,98,81,53,109,48,98,78,44,31,11,13,1.1,1
2022-11-06T22:00:00,3109A,115.0093,25.8613,赣州市,赣县区卫计委,,,42,32,13,21,37,0,31,13,28,18,6,9,,0.7
2022-11-06T22:00:00,3122A,105.9606,26.2611,安顺市,伍家关(对照点),,,,,,,,,,,,,,,,
2022-11-06T22:00:00,3123A,105.9408,26.2431,安顺市,凤凰山,细颗粒物(PM2.5),69,61,47,50,37,116,76,113,98,19,13,14,10,0.8,0.7
2022-11-06T22:00:00,3124A,105.9439,26.2564,安顺市,金钟山,细颗粒物(PM2.5),57,53,46,40,37,115,86,113,101,13,8,12,11,0.7,0.6
2022-11-06T22:00:00,3125A,105.8983,26.2481,安顺市,娄家坡,细颗粒物(PM2.5),73,69,50,53,38,113,82,112,100,15,9,9,7,0.7,0.6
2022-11-06T22:00:00,3128A,92.0506,31.4797,那曲地区,那曲会议中心,,27,27,25,13,10,90,50,86,81,27,10,8,8,0.8,0.7
2022-11-06T22:00:00,3129A,102.0306,36.5067,海东地区,平安高铁新区,,,,,,,,,,,,,,,,
2022-11-06T22:00:00,3131A,114.879,40.7993,张家口市,烟厂,,24,22,53,14,25,82,75,69,65,16,27,15,8,0.8,1
2022-11-06T22:00:00,3132A,119.610547,39.943889,秦皇岛市,文明里,细颗粒物(PM2.5),99,114,95,74,56,113,36,79,71,66,54,16,16,0.9,0.9
2022-11-06T22:00:00,3133A,106.5468,29.5654,重庆市,上清寺,细颗粒物(PM2.5),84,107,83,62,53,73,4,52,40,99,63,8,9,1.2,1.1
2022-11-06T22:00:00,3134A,113.8172,34.0339,许昌市,市一中,细颗粒物(PM2.5),92,111,75,68,46,127,61,113,97,40,30,18,13,0.7,0.7
2022-11-06T22:00:00,3136A,104.2725,30.5589,成都市,龙泉驿区区政府,细颗粒物(PM2.5),77,73,42,56,33,84,13,69,49,42,22,4,4,0.8,0.6
2022-11-06T22:00:00,3137A,103.8578,30.0744,眉山市,市委党校,颗粒物(PM10),57,63,47,36,43,81,23,68,54,43,24,5,6,0.7,0.7
2022-11-06T22:00:00,3138A,111.7153,29.0289,常德市,武陵区永安,细颗粒物(PM2.5),69,83,87,50,52,126,90,111,105,21,27,3,5,0.7,0.7
2022-11-06T22:00:00,3139A,111.6892,28.9881,常德市,鼎城区玉霞,,,,70,,49,118,55,107,95,,28,8,8,0.6,0.7
2022-11-06T22:00:00,3140A,111.6625,29.0531,常德市,武陵区长庚,细颗粒物(PM2.5),67,76,78,48,55,127,92,113,108,23,26,7,12,0.6,0.6
2022-11-06T22:00:00,3141A,114.3922,36.0878,安阳市,信访局,细颗粒物(PM2.5),179,147,96,135,65,115,29,88,59,58,41,13,14,1.2,0.6
2022-11-06T22:00:00,3147A,114.3438,34.8106,开封市,龙亭公园,细颗粒物(PM2.5),102,103,85,76,61,149,76,134,120,30,26,4,9,0.7,0.6
2022-11-06T22:00:00,3148A,103.8291,30.0564,眉山市,区人社局,颗粒物(PM10),51,51,47,34,34,86,27,70,58,49,26,5,9,0.7,0.7
2022-11-06T22:00:00,3149A,115.0235,30.1578,黄石市,笔架山北路,细颗粒物(PM2.5),58,64,50,41,26,142,103,125,120,22,18,11,9,0.5,0.5
2022-11-06T22:00:00,3151A,114.375,27.8097,宜春市,宜春学院北校区,颗粒物(PM10),65,80,60,42,31,88,42,77,69,38,27,15,16,1.0,0.8
2022-11-06T22:00:00,3153A,114.3877,30.4908,武汉市,民族大道182号,颗粒物(PM10),63,75,51,36,22,151,89,135,119,50,33,11,14,0.9,0.8
2022-11-06T22:00:00,3164A,119.4686,32.3942,扬州市,广陵建设局,细颗粒物(PM2.5),70,83,81,51,52,116,46,96,82,56,52,6,7,0.7,0.8
2022-11-06T22:00:00,3165A,108.6594,34.2969,咸阳市,两寺渡,细颗粒物(PM2.5),115,175,131,87,92,113,6,90,73,102,44,5,5,1.5,1.2
2022-11-06T22:00:00,3169A,113.2725,35.2067,焦作市,太极体育中心(启用180720),细颗粒物(PM2.5),135,165,116,103,66,136,35,110,91,59,36,9,19,1.4,0.9
2022-11-06T22:00:00,3170A,102.1864,38.5253,金昌市,市委党校,,,,,,,110,22,94,72,68,31,25,39,1.5,0.9
2022-11-06T22:00:00,3171A,115.6071,34.4465,商丘市,梁园区档案局,细颗粒物(PM2.5),87,84,73,64,61,136,64,114,102,38,26,11,13,1.0,0.8
2022-11-06T22:00:00,3173A,117.0598,30.5351,安庆市,市人大,颗粒物(PM10),85,119,65,47,37,120,0,98,65,87,35,9,12,1.3,0.8
2022-11-06T22:00:00,3178A,119.0587,36.721,潍坊市,潍坊七中,颗粒物(PM10),58,66,90,38,53,99,90,90,82,19,37,7,9,0.7,0.8
2022-11-06T22:00:00,3179A,102.7494,25.0119,昆明市,官渡区博物馆,,46,45,45,32,29,99,12,83,63,55,31,6,6,0.7,0.8
2022-11-06T22:00:00,3180A,99.7136,27.8094,迪庆州,质量技术监督局,,30,18,24,21,19,100,75,91,84,6,10,6,7,0.6,0.7
2022-11-06T22:00:00,3182A,106.7656,31.8545,巴中市,丽阳花园,细颗粒物(PM2.5),79,80,60,58,44,43,4,31,22,43,33,4,4,0.9,0.8
2022-11-06T22:00:00,3183A,106.7418,31.8654,巴中市,圣泉水务公司,细颗粒物(PM2.5),68,70,51,49,36,70,4,45,34,42,30,5,4,0.8,0.7
2022-11-06T22:00:00,3185A,112.5628,37.8964,太原市,巨轮,细颗粒物(PM2.5),107,128,151,80,95,89,12,70,45,79,60,14,14,1.0,1.2
2022-11-06T22:00:00,3186A,103.7158,36.1058,兰州市,教育港,细颗粒物(PM2.5),68,75,72,49,46,108,30,98,79,65,49,12,17,1.1,1
2022-11-06T22:00:00,3187A,116.9509,33.666,宿州市,远航博物馆,细颗粒物(PM2.5),84,116,92,62,58,134,31,120,98,78,34,7,8,0.8,0.6
2022-11-06T22:00:00,3188A,115.6683,37.7217,衡水市,市城管局,细颗粒物(PM2.5),132,156,105,100,62,104,2,90,65,66,35,12,15,0.9,0.8
2022-11-06T22:00:00,3190A,116.0254,29.6994,九江市,外国语学校,,40,40,46,26,34,124,31,116,99,53,27,6,12,0.8,0.8
2022-11-06T22:00:00,3191A,118.3225,33.9447,宿迁市,宿豫区政府,颗粒物(PM10),65,80,92,39,60,135,55,113,99,47,48,4,8,0.7,0.7
2022-11-06T22:00:00,3192A,80.0903,32.5028,阿里地区,阿里藏医院,,27,11,10,3,3,105,86,101,93,2,2,8,8,0.5,0.5
2022-11-06T22:00:00,3194A,112.2747,30.3122,荆州市,管委会,细颗粒物(PM2.5),88,104,84,65,60,150,62,135,110,58,42,9,8,1.0,1
2022-11-06T22:00:00,3195A,119.3633,32.3972,扬州市,市体育局,颗粒物(PM10),58,66,79,39,46,125,70,112,100,49,50,7,9,0.7,0.8
2022-11-06T22:00:00,3200A,115.9819,36.4978,聊城市,监控中心,细颗粒物(PM2.5),90,124,103,67,52,90,52,80,70,49,36,18,19,0.5,0.5
2022-11-06T22:00:00,3201A,102.6486,37.9325,武威市,东关招商场,细颗粒物(PM2.5),85,73,77,63,37,109,44,101,90,37,22,10,10,0.7,0.5
2022-11-06T22:00:00,3204A,113.3025,33.73,平顶山市,规划局,细颗粒物(PM2.5),128,146,103,97,59,119,61,111,93,37,37,10,10,1.0,0.7
2022-11-06T22:00:00,3206A,114.9149,27.807,新余市,新钢沁园村,颗粒物(PM10),63,76,65,35,38,82,21,71,60,68,40,13,29,0.9,0.6
2022-11-06T22:00:00,3207A,118.3118,32.3038,滁州市,市政府原办公楼,颗粒物(PM10),62,73,77,32,36,127,72,107,96,40,46,5,6,0.4,0.5
2022-11-06T22:00:00,3208A,112.7283,38.4153,忻州市,市政府,细颗粒物(PM2.5),132,163,105,100,67,60,8,51,32,76,58,13,28,1.1,0.9
2022-11-06T22:00:00,3209A,119.5231,26.6562,宁德市,宁德一中,,28,28,24,16,11,85,44,75,63,16,12,8,8,0.6,0.5
2022-11-06T22:00:00,3210A,114.3644,34.7964,开封市,汴京公园,细颗粒物(PM2.5),103,93,78,77,63,140,57,119,101,43,28,6,11,0.8,0.5
2022-11-06T22:00:00,3216A,114.6622,24.5183,漳州市,漳州党校,颗粒物(PM10),52,53,33,23,16,134,58,116,93,18,20,8,7,0.6,0.6
2022-11-06T22:00:00,3237A,117.4918,30.6617,池州市,展览馆,颗粒物(PM10),59,68,50,27,27,125,7,106,71,67,29,5,7,0.7,0.7
2022-11-06T22:00:00,3239A,125.0764,42.9078,辽源市,银鹰制药,细颗粒物(PM2.5),90,107,72,67,41,96,78,76,61,10,31,8,13,0.8,0.8
2022-11-06T22:00:00,3241A,103.7439,36.0842,兰州市,百合公园,细颗粒物(PM2.5),63,72,69,45,40,98,23,88,74,54,38,10,15,0.6,0.7
2022-11-06T22:00:00,3242A,103.9611,35.998,兰州市,和平,颗粒物(PM10),60,70,55,37,36,104,45,87,80,43,27,9,12,1.2,1.1
2022-11-06T22:00:00,3247A,104.955,33.371,陇南市,市总工会,,29,29,33,8,10,64,51,57,56,12,19,7,9,0.4,0.4
2022-11-06T22:00:00,3248A,98.2643,39.7724,嘉峪关市,雄关区,颗粒物(PM10),60,69,54,33,19,97,36,88,75,53,35,9,10,0.5,0.3
2022-11-06T22:00:00,3265A,121.4316,31.3322,上海市,宝山庙行,,34,34,34,17,16,84,58,76,69,40,50,5,6,0.6,0.6
2022-11-06T22:00:00,3266A,121.8791,31.4662,上海市,崇明上实东滩,,23,9,16,2,9,103,72,100,92,24,14,8,8,0.5,0.5
2022-11-06T22:00:00,3268A,121.3162,31.2838,上海市,嘉定南翔,,22,22,31,12,17,86,62,79,72,28,39,6,7,0.5,0.6
2022-11-06T22:00:00,3269A,121.3359,30.7456,上海市,金山新城,,28,11,24,4,13,102,89,96,93,12,19,5,6,0.4,0.4
2022-11-06T22:00:00,3270A,121.4996,31.0739,上海市,闵行浦江,,42,42,32,22,16,97,41,89,69,48,36,5,6,0.7,0.7
2022-11-06T22:00:00,3271A,121.2886,31.1663,上海市,青浦徐泾,,48,48,40,16,18,104,38,93,78,50,39,9,7,0.8,0.7
2022-11-06T22:00:00,3272A,121.2186,31.0378,上海市,松江图书馆,,33,33,38,21,21,123,42,103,81,54,47,7,7,0.6,0.6
2022-11-06T22:00:00,3273A,121.3902,31.2059,上海市,长宁仙霞,,31,31,35,13,14,79,62,76,72,34,35,6,6,0.6,0.5
2022-11-06T22:00:00,3274A,121.7965,31.0507,上海市,浦东惠南,,24,24,35,9,12,106,68,94,84,19,32,4,5,0.6,0.6
2022-11-06T22:00:00,3281A,115.9718,40.4529,北京市,延庆夏都,细颗粒物(PM2.5),144,153,83,110,53,73,25,63,48,44,26,1,2,0.9,0.5
2022-11-06T22:00:00,3282A,113.3397,40.0597,大同市,大同市卫生学校,细颗粒物(PM2.5),67,78,74,48,59,52,35,48,19,34,36,19,17,1.1,1
2022-11-06T22:00:00,3283A,109.9154,40.5685,包头市,滨河大厦,,17,17,57,9,29,85,51,78,62,21,38,12,19,0.5,0.7
2022-11-06T22:00:00,3284A,106.813,39.7274,乌海市,海北新区,颗粒物(PM10),123,196,91,45,29,101,4,92,58,74,38,18,18,1.1,0.8
2022-11-06T22:00:00,3285A,113.1376,40.9509,乌兰察布市,北京八中,,20,20,69,8,40,72,62,56,56,13,44,15,30,0.2,0.6
2022-11-06T22:00:00,3286A,118.9359,42.3147,赤峰市,桥北物流园区,颗粒物(PM10),73,95,63,42,29,76,11,50,31,45,35,23,18,0.9,0.7
2022-11-06T22:00:00,3287A,119.3842,32.1976,镇江市,富润路1号,颗粒物(PM10),52,53,67,31,39,130,81,121,113,37,40,9,10,0.6,0.7
2022-11-06T22:00:00,3288A,117.4754,34.4422,徐州市,大泉街道,颗粒物(PM10),72,93,95,40,40,140,103,128,126,30,29,9,18,0.8,0.7
2022-11-06T22:00:00,3289A,120.743,31.3188,苏州市,方洲路,,32,32,41,16,22,132,60,109,97,29,33,6,7,0.6,0.6
2022-11-06T22:00:00,3290A,120.5031,31.2774,苏州市,木渎中学,,32,32,36,20,23,129,67,105,94,34,34,9,7,0.5,0.6
2022-11-06T22:00:00,3291A,121.067,32.062,南通市,通州监测站,,32,31,23,22,18,116,75,108,94,20,21,4,4,0.3,0.3
2022-11-06T22:00:00,3293A,120.1501,33.3367,盐城市,月亮广场,,34,34,52,13,22,136,92,121,111,15,19,10,9,0.5,0.5
2022-11-06T22:00:00,3294A,119.5653,32.4222,扬州市,引江管理处,,,,74,,38,123,16,103,89,78,53,8,10,0.7,0.7
2022-11-06T22:00:00,3295A,120.1259,32.5099,泰州市,姜堰区政府广场,颗粒物(PM10),57,63,45,34,22,105,54,100,79,35,25,10,13,0.6,0.6
2022-11-06T22:00:00,3298A,113.5717,23.5491,广州市,从化街口,,33,29,21,23,16,49,2,40,29,26,16,6,6,0.8,0.7
2022-11-06T22:00:00,3299A,113.3472,23.3692,广州市,白云竹料,,44,44,22,30,16,58,6,48,35,40,21,4,4,0.8,0.6
2022-11-06T22:00:00,3300A,113.2981,23.237,广州市,白云嘉禾,,42,42,26,22,16,41,6,31,18,36,33,5,5,0.8,0.7
2022-11-06T22:00:00,3301A,113.4256,23.1716,广州市,黄埔科学城,,27,27,18,17,12,33,4,27,18,28,20,4,4,0.7,0.6
2022-11-06T22:00:00,3302A,113.3942,23.0483,广州市,番禺大学城,,31,31,24,19,13,30,10,27,21,46,35,5,5,0.8,0.7
2022-11-06T22:00:00,3303A,113.4922,22.8168,广州市,南沙黄阁,,26,26,22,18,18,41,5,28,16,46,36,3,3,0.9,0.9
2022-11-06T22:00:00,3304A,113.5342,22.7896,广州市,南沙街,,28,24,22,19,18,35,5,30,21,47,35,7,6,0.8,0.7
2022-11-06T22:00:00,3305A,114.0731,22.559,深圳市,莲花,,23,23,26,16,17,30,11,29,18,27,23,5,5,0.8,0.7
2022-11-06T22:00:00,3306A,114.0261,22.6198,深圳市,民治,,46,46,44,25,21,46,7,31,23,43,26,9,4,0.7,0.6
2022-11-06T22:00:00,3307A,114.1871,22.6451,深圳市,横岗,,32,30,28,22,19,45,12,30,24,42,28,6,6,0.9,0.8
2022-11-06T22:00:00,3308A,113.3494,22.0569,珠海市,金湾,,22,22,16,11,14,63,32,42,42,23,25,6,7,0.5,0.5
2022-11-06T22:00:00,3311A,113.1075,22.5647,江门市,江海富民,,39,39,27,13,9,35,6,30,12,56,38,7,7,0.8,0.7
2022-11-06T22:00:00,3313A,112.4575,23.0166,肇庆市,高要湖西,,44,44,22,30,20,53,20,50,36,37,24,12,7,0.7,0.7
2022-11-06T22:00:00,3314A,114.4338,22.8134,惠州市,惠阳秋长,,22,22,16,12,13,44,28,41,33,17,15,4,4,0.8,0.8
2022-11-06T22:00:00,3315A,116.1233,24.2991,梅州市,梅龙,,27,27,16,17,11,61,4,49,37,27,17,7,7,0.6,0.6
2022-11-06T22:00:00,3317A,111.9765,21.8947,阳江市,两阳中学,,50,40,23,35,20,63,8,44,31,42,31,7,6,0.6,0.5
2022-11-06T22:00:00,3318A,112.9903,23.7403,清远市,清新太和,,18,18,15,11,11,47,19,31,31,17,17,6,5,0.8,0.8
2022-11-06T22:00:00,3319A,113.7338,23.0381,东莞市,万江金泰,,33,30,22,23,16,48,21,34,30,26,22,4,6,0.8,0.7
2022-11-06T22:00:00,3320A,116.403,23.5699,揭阳市,曲溪,颗粒物(PM10),59,68,45,26,24,109,77,97,79,19,18,13,16,0.6,0.6
2022-11-06T22:00:00,3323A,115.2773,40.9724,张家口市,青少年活动中心,,,,26,,15,48,,48,,,12,,3,,0.3
2022-11-06T22:00:00,3324A,116.8136,38.3004,沧州市,河北水利电力学院,细颗粒物(PM2.5),147,,,112,69,115,13,101,65,59,28,14,16,0.5,0.5
2022-11-06T22:00:00,3325A,117.0365,39.3828,天津市,雍阳西道,细颗粒物(PM2.5),138,144,134,105,90,67,9,47,13,70,61,8,10,0.8,0.7
2022-11-06T22:00:00,3326A,117.0296,39.0605,天津市,辛老路,细颗粒物(PM2.5),128,160,129,97,81,62,0,48,17,74,56,9,12,1.0,0.7
2022-11-06T22:00:00,3327A,116.9638,38.9375,天津市,地纬路,细颗粒物(PM2.5),113,148,114,85,67,64,1,51,22,65,44,10,12,1.0,0.8
2022-11-06T22:00:00,3328A,118.4209,31.3707,芜湖市,市气象局,颗粒物(PM10),66,81,61,46,36,129,61,112,92,30,24,9,10,0.5,0.6
2022-11-06T22:00:00,3329A,117.0108,32.5893,淮南市,山南新区,细颗粒物(PM2.5),93,95,79,69,48,125,105,109,106,28,33,6,7,0.4,0.4
2022-11-06T22:00:00,3330A,116.8873,33.9836,淮北市,杜集区检察院,细颗粒物(PM2.5),102,110,83,76,53,127,77,114,105,25,22,13,12,0.7,0.5
2022-11-06T22:00:00,3331A,118.3267,32.2634,滁州市,图书馆,颗粒物(PM10),67,83,87,43,44,126,63,115,99,52,53,8,10,0.5,0.6
2022-11-06T22:00:00,3332A,115.7633,33.8034,亳州市,亳州学院,颗粒物(PM10),62,73,78,38,47,117,80,105,98,15,18,6,7,0.4,0.5
2022-11-06T22:00:00,3333A,117.5627,30.695,池州市,第八中学,颗粒物(PM10),61,72,57,34,31,117,44,103,88,52,30,5,8,0.5,0.6
2022-11-06T22:00:00,3334A,117.5038,30.6243,池州市,第十二中学,颗粒物(PM10),61,72,56,38,30,131,17,109,71,75,42,6,6,0.8,0.7
2022-11-06T22:00:00,3335A,113.3137,35.2641,焦作市,马村街道办(新增191226),细颗粒物(PM2.5),119,155,115,90,64,133,66,112,98,33,29,8,10,1.3,1
2022-11-06T22:00:00,3336A,113.2465,35.2373,焦作市,焦作技师学院(新增200110),细颗粒物(PM2.5),119,131,99,90,64,131,75,109,99,25,24,10,9,1.2,0.7
2022-11-06T22:00:00,3337A,113.8614,34.0442,许昌市,许昌学院,颗粒物(PM10),77,103,78,53,42,130,85,119,110,20,26,24,12,0.8,0.6
2022-11-06T22:00:00,3338A,113.843,34.0823,许昌市,芙蓉广场,细颗粒物(PM2.5),89,89,77,66,46,126,66,113,99,33,21,18,11,0.8,0.7
2022-11-06T22:00:00,3339A,114.0012,33.0412,驻马店市,小管楼,细颗粒物(PM2.5),72,85,71,52,35,134,91,118,110,27,24,8,10,0.6,0.5
2022-11-06T22:00:00,3340A,112.6005,34.6326,洛阳市,伊滨,细颗粒物(PM2.5),97,116,126,72,78,120,2,96,63,60,38,8,10,0.7,0.6
2022-11-06T22:00:00,3341A,112.4951,34.6332,洛阳市,中移产业园,细颗粒物(PM2.5),114,118,105,86,90,118,14,100,70,78,43,8,8,1.3,0.9
2022-11-06T22:00:00,3342A,128.4741,47.4346,伊春市,中心小学,细颗粒物(PM2.5),98,94,115,73,95,83,21,68,29,25,24,4,5,0.8,0.8
2022-11-06T22:00:00,3343A,128.6871,47.7369,伊春市,检察院,细颗粒物(PM2.5),85,79,115,63,101,85,27,71,49,23,22,2,4,0.7,0.7
2022-11-06T22:00:00,3344A,128.8431,47.8474,伊春市,双子河社区,细颗粒物(PM2.5),94,82,138,70,108,97,40,79,55,24,23,7,7,0.8,0.9
2022-11-06T22:00:00,3345A,131.0577,45.7879,七台河市,中波台,细颗粒物(PM2.5),58,54,48,41,38,72,37,68,51,38,25,7,5,0.8,0.6
2022-11-06T22:00:00,3346A,108.3872,31.1628,重庆市,安康,"颗粒物(PM10),细颗粒物(PM2.5)",60,69,51,43,40,105,19,78,54,44,26,8,8,0.5,0.5
2022-11-06T22:00:00,3347A,105.9017,29.3569,重庆市,北山路,细颗粒物(PM2.5),128,105,77,97,69,94,33,78,74,51,33,10,16,1.0,0.8
2022-11-06T22:00:00,3348A,105.839,30.1946,重庆市,春阳街,细颗粒物(PM2.5),65,71,75,47,54,92,50,75,71,22,17,16,16,0.7,0.7
2022-11-06T22:00:00,3349A,107.7983,30.6758,重庆市,人民东路,细颗粒物(PM2.5),73,75,72,53,49,110,25,90,64,54,29,6,7,1.0,0.8
2022-11-06T22:00:00,3350A,106.6479,29.0244,重庆市,滩子口,细颗粒物(PM2.5),123,138,97,93,71,116,41,94,88,44,36,48,33,0.9,0.9
2022-11-06T22:00:00,3351A,105.7167,29.7076,重庆市,棠香,细颗粒物(PM2.5),98,88,70,73,57,73,50,64,62,21,17,6,8,0.8,0.8
2022-11-06T22:00:00,3352A,107.0732,29.8617,重庆市,桃源西路,细颗粒物(PM2.5),93,104,82,69,57,89,58,83,76,26,28,15,16,0.9,0.9
2022-11-06T22:00:00,3353A,107.3535,29.7287,重庆市,迎宾大道,细颗粒物(PM2.5),88,84,80,65,65,124,30,109,88,56,39,5,11,0.8,0.7
2022-11-06T22:00:00,3354A,108.815,29.5081,重庆市,舟白,细颗粒物(PM2.5),70,79,58,51,44,144,43,126,94,45,20,7,7,0.7,0.6
2022-11-06T22:00:00,3355A,108.3679,30.8426,重庆市,周家坝,细颗粒物(PM2.5),100,97,79,75,59,83,5,59,43,84,52,11,10,1.1,0.9
2022-11-06T22:00:00,3356A,108.4319,30.7555,重庆市,百安坝,细颗粒物(PM2.5),85,64,62,63,46,106,72,76,76,29,43,16,15,0.1,0.3
2022-11-06T22:00:00,3357A,104.0106,30.6931,成都市,金博路,细颗粒物(PM2.5),89,94,82,66,59,27,0,14,10,48,36,2,2,0.8,0.7
2022-11-06T22:00:00,3358A,103.8458,30.6994,成都市,临江路,细颗粒物(PM2.5),93,96,88,69,64,45,9,28,24,44,38,3,2,0.5,0.5
2022-11-06T22:00:00,3359A,104.0578,30.5225,成都市,华阳,细颗粒物(PM2.5),73,73,49,53,38,69,11,49,38,53,28,1,2,0.7,0.6
2022-11-06T22:00:00,3360A,104.7894,29.3194,自贡市,南湖救助站,细颗粒物(PM2.5),79,84,59,58,38,73,34,62,56,36,26,8,9,0.6,0.5
2022-11-06T22:00:00,3361A,103.7311,29.5628,乐山市,理工大学,细颗粒物(PM2.5),65,70,55,47,36,84,32,72,59,26,19,5,7,0.6,0.5
2022-11-06T22:00:00,3362A,120.5014,36.4034,青岛市,即墨2号,,,,70,1,40,130,96,116,109,17,36,7,11,0.2,0.6
2022-11-06T22:00:00,3363A,117.9883,36.8372,淄博市,新区,细颗粒物(PM2.5),73,92,84,53,44,91,65,76,44,49,57,16,13,0.8,0.9
2022-11-06T22:00:00,3364A,117.3152,34.8103,枣庄市,市环保局,细颗粒物(PM2.5),70,85,99,51,58,108,102,94,94,32,37,11,13,0.9,0.8
2022-11-06T22:00:00,3365A,118.5719,37.565,东营市,垦利区民丰路,颗粒物(PM10),65,80,87,44,46,118,64,102,92,47,59,11,14,0.7,0.8
2022-11-06T22:00:00,3366A,121.5206,37.4336,烟台市,中国农业大学,,34,22,56,2,21,135,106,126,117,11,23,7,10,0.3,0.6
2022-11-06T22:00:00,3368A,119.1977,36.6872,潍坊市,高新实验学校,,,53,94,33,53,98,90,86,85,,58,8,10,0.5,0.8
2022-11-06T22:00:00,3369A,118.3977,35.0278,临沂市,开发区幼儿园,,,,,,,,,,,,,,,,
2022-11-06T22:00:00,3370A,118.3564,35.0215,临沂市,十里堡居委,颗粒物(PM10),63,75,106,39,68,105,79,93,90,53,56,55,22,0.7,1
2022-11-06T22:00:00,3371A,116.3728,37.4403,德州市,开发区人民医院,细颗粒物(PM2.5),114,124,103,86,61,114,59,102,78,33,28,11,11,0.9,0.8
2022-11-06T22:00:00,3372A,116.3572,37.4094,德州市,太阳城中学,细颗粒物(PM2.5),119,138,106,90,60,116,55,104,86,32,23,11,13,1.0,0.9
2022-11-06T22:00:00,3374A,115.5564,35.0891,菏泽市,定陶老年大学,细颗粒物(PM2.5),92,117,98,68,54,116,52,99,89,55,33,10,12,0.9,0.8
2022-11-06T22:00:00,3375A,102.8017,24.8336,昆明市,青年创业园,颗粒物(PM10),51,52,43,29,29,106,10,95,72,56,32,14,14,0.6,0.6
2022-11-06T22:00:00,3376A,103.7947,25.462,曲靖市,南苑二区,颗粒物(PM10),58,65,36,36,26,109,69,98,94,16,10,18,14,1.1,0.7
2022-11-06T22:00:00,3377A,103.7444,25.5261,曲靖市,曲靖师范学院,细颗粒物(PM2.5),64,73,44,46,30,111,36,97,85,50,26,13,14,0.6,0.5
2022-11-06T22:00:00,3378A,122.371,40.6771,营口市,老边实验中学,细颗粒物(PM2.5),89,86,87,66,53,104,82,86,79,33,47,15,40,1.5,1.9
2022-11-06T22:00:00,3379A,122.1139,40.2278,营口市,鲅鱼圈市民活动中心,细颗粒物(PM2.5),100,106,68,75,44,98,72,84,70,28,24,11,10,1.0,0.7
2022-11-06T22:00:00,3380A,102.8914,34.9617,甘南州,甘肃民族师范学院,细颗粒物(PM2.5),68,49,32,49,16,98,91,91,91,24,24,12,12,0.5,0.5
2022-11-06T22:00:00,3396A,112.0828,32.0067,襄阳市,襄城隆中路,细颗粒物(PM2.5),92,108,116,68,78,127,109,122,120,22,23,23,15,0.9,1
2022-11-06T22:00:00,3397A,112.1214,32.1008,襄阳市,高新台子湾,细颗粒物(PM2.5),99,98,130,74,81,129,106,108,106,23,30,14,12,1.0,1.1
2022-11-06T22:00:00,3398A,114.9136,30.4445,黄冈市,市林业局,颗粒物(PM10),80,109,78,47,33,139,77,120,107,40,36,12,14,0.8,0.8
2022-11-06T22:00:00,3399A,112.6703,26.882,衡阳市,师范学院,细颗粒物(PM2.5),60,61,68,43,49,136,66,123,110,16,18,10,10,0.8,0.8
2022-11-06T22:00:00,3400A,109.1911,21.4415,北海市,龙潭自来水厂,,33,33,26,22,21,119,42,95,88,14,12,6,8,0.8,0.7
2022-11-06T22:00:00,3401A,108.4834,22.7618,南宁市,红星社区,颗粒物(PM10),57,63,38,36,23,115,44,102,94,44,16,6,7,0.8,0.8
2022-11-06T22:00:00,3402A,109.5422,24.3996,柳州市,市二中,颗粒物(PM10),64,78,62,45,43,141,49,126,109,35,16,6,12,0.8,0.7
2022-11-06T22:00:00,3403A,110.1764,25.2381,桂林市,创业大厦,颗粒物(PM10),79,107,71,53,45,165,21,145,105,78,22,18,15,0.7,0.6
2022-11-06T22:00:00,3404A,108.5959,21.9633,钦州市,北职校,,,,28,,22,69,,67,,,12,,10,,0.7
2022-11-06T22:00:00,3405A,109.5886,23.1172,贵港市,新世纪学校,,31,31,41,18,27,123,67,111,99,14,14,9,10,0.8,0.8
2022-11-06T22:00:00,3406A,106.6085,23.8798,百色市,祈福高中,"颗粒物(PM10),细颗粒物(PM2.5)",103,156,93,77,58,166,9,137,106,82,37,11,17,1.2,0.9
2022-11-06T22:00:00,3407A,120.6916,30.7739,嘉兴市,秀洲住建,,25,18,29,10,17,127,80,112,101,25,33,6,5,0.2,0.3
2022-11-06T22:00:00,3408A,120.5683,29.9361,绍兴市,绍兴中专,颗粒物(PM10),67,83,50,47,32,97,4,85,49,53,39,8,8,0.7,0.6
2022-11-06T22:00:00,3409A,120.4906,30.0861,绍兴市,柯桥区政府,细颗粒物(PM2.5),102,146,71,76,34,96,24,84,56,61,46,11,9,0.8,0.7
2022-11-06T22:00:00,3410A,120.8752,30.0249,绍兴市,重华小学,颗粒物(PM10),61,71,58,33,26,94,43,77,64,22,19,8,7,0.7,0.6
2022-11-06T22:00:00,3411A,120.8369,30.0137,绍兴市,上虞中学,颗粒物(PM10),70,89,60,44,29,92,33,78,63,39,30,8,7,0.7,0.6
2022-11-06T22:00:00,3413A,118.1953,28.4401,上饶市,广丰区教体局,细颗粒物(PM2.5),74,88,61,54,39,89,48,80,72,42,32,31,23,1.0,0.8
2022-11-06T22:00:00,3415A,114.4519,28.0828,宜春市,万载县环保局,颗粒物(PM10),71,92,68,35,35,107,7,91,69,62,30,14,17,1.1,1
2022-11-06T22:00:00,3416A,119.1755,36.7149,潍坊市,潍坊学院,颗粒物(PM10),52,53,92,28,47,106,106,96,96,18,39,6,8,0.6,0.7
2022-11-06T22:00:00,3417A,117.0709,40.1465,北京市,平谷新城,细颗粒物(PM2.5),158,171,111,120,74,76,3,54,27,62,34,1,4,0.9,0.6
2022-11-06T22:00:00,3418A,116.8336,40.4095,北京市,密云新城,细颗粒物(PM2.5),132,163,98,100,59,84,6,69,42,69,37,1,3,0.7,0.5
2022-11-06T22:00:00,3419A,109.9447,40.6261,包头市,包头市委党校,颗粒物(PM10),54,58,60,28,30,82,32,77,63,35,43,9,15,0.4,0.6
2022-11-06T22:00:00,3421A,113.1775,40.9779,乌兰察布市,市委党校,,28,27,65,19,32,80,63,64,64,11,42,8,30,0.2,0.6
2022-11-06T22:00:00,3422A,118.8436,31.9198,南京市,江宁彩虹桥,颗粒物(PM10),53,56,61,31,36,137,77,122,112,41,43,5,7,0.4,0.5
2022-11-06T22:00:00,3423A,119.0138,31.6494,南京市,溧水永阳,,,61,64,,47,133,69,119,104,31,35,4,4,0.5,0.6
2022-11-06T22:00:00,3424A,118.879,31.3302,南京市,高淳老职中,,43,30,52,30,28,142,83,122,107,24,26,6,6,0.3,0.3
2022-11-06T22:00:00,3425A,120.624,31.1733,苏州市,越秀幼儿园,,38,38,47,22,23,125,62,108,93,36,39,9,7,0.6,0.6
2022-11-06T22:00:00,3426A,118.8755,33.2894,淮安市,新华书店,颗粒物(PM10),61,71,87,28,45,129,60,110,94,36,36,9,10,1.0,0.8
2022-11-06T22:00:00,3427A,118.8554,32.3578,南京市,六合雄州,颗粒物(PM10),54,58,64,25,28,129,89,116,108,16,26,5,6,0.4,0.5
2022-11-06T22:00:00,3428A,120.3142,31.4753,无锡市,华庄,,42,42,53,23,28,105,61,94,86,26,36,10,11,0.6,0.7
2022-11-06T22:00:00,3429A,119.8598,31.7066,常州市,武进经发区,,30,30,56,19,35,139,88,120,112,21,40,5,7,0.4,0.5
2022-11-06T22:00:00,3430A,119.5826,31.7245,常州市,金坛城区,,38,38,58,21,35,137,82,122,110,24,34,6,7,0.6,0.7
2022-11-06T22:00:00,3431A,120.6505,31.416,苏州市,高铁新城,,30,30,48,14,24,126,68,108,98,29,35,6,8,0.4,0.5
2022-11-06T22:00:00,3432A,120.9348,31.9883,南通市,环境教育馆,,26,24,36,18,26,106,60,96,71,27,39,1,3,0.2,0.4
2022-11-06T22:00:00,3434A,119.2413,34.6539,连云港市,工贸学校,,43,43,59,24,39,110,84,107,101,20,18,5,9,0.4,0.5
2022-11-06T22:00:00,3435A,119.9192,32.4322,泰州市,周山河街区,细颗粒物(PM2.5),69,71,68,50,48,100,24,91,63,46,34,10,10,0.9,0.8
2022-11-06T22:00:00,3436A,120.4279,33.205,盐城市,大丰高级中学,,32,27,38,7,17,130,101,120,109,11,15,5,7,0.4,0.5
2022-11-06T22:00:00,3437A,88.3118,43.3658,乌鲁木齐市,达坂城区环保局,细颗粒物(PM2.5),62,67,42,44,21,111,59,102,93,30,15,4,3,0.6,0.4
2022-11-06T22:00:00,3438A,87.6162,43.8801,乌鲁木齐市,红光山片区,细颗粒物(PM2.5),84,112,94,62,50,92,35,82,78,71,48,13,10,1.4,1
2022-11-06T22:00:00,3439A,87.7024,43.8004,乌鲁木齐市,新师大温泉校区,细颗粒物(PM2.5),99,114,78,74,38,95,57,84,82,31,15,10,8,0.8,0.5
2022-11-06T22:00:00,3440A,87.4921,43.8411,乌鲁木齐市,大绿谷,细颗粒物(PM2.5),100,126,94,75,63,97,54,86,84,48,43,15,13,1.5,1.3
2022-11-06T22:00:00,3441A,87.546,44.1912,五家渠市,经开区管委会,细颗粒物(PM2.5),90,124,147,67,93,73,52,61,61,33,36,17,18,0.8,1.2
2022-11-06T22:00:00,3442A,86.047,44.2331,石河子市,南区管委会,细颗粒物(PM2.5),124,168,114,94,59,99,44,78,74,38,23,22,16,1.9,1.1
2022-11-06T22:00:00,3443A,113.2902,23.5544,广州市,花都梯面,,28,24,17,19,14,51,24,46,40,16,11,5,4,0.6,0.6
2022-11-06T22:00:00,3444A,116.454,23.2684,汕头市,潮南峡山,,32,32,27,15,12,137,100,121,116,11,11,9,9,0.5,0.5
2022-11-06T22:00:00,3445A,113.7858,23.7478,广州市,从化良口,,13,12,11,9,9,42,16,31,24,18,13,2,2,0.6,0.6
2022-11-06T22:00:00,3446A,113.8051,23.2614,广州市,增城荔城,,24,24,15,14,12,48,22,40,36,18,13,6,6,0.6,0.5
2022-11-06T22:00:00,3447A,114.3551,22.7151,深圳市,坪山,,30,30,28,18,15,37,13,37,20,32,23,6,6,0.7,0.7
2022-11-06T22:00:00,3448A,113.5433,22.1163,珠海市,横琴,,26,19,21,18,14,52,30,40,39,26,29,7,8,0.6,0.6
2022-11-06T22:00:00,3449A,113.05,22.4667,江门市,新会银湖,,32,29,18,22,16,29,5,28,11,48,33,5,6,0.8,0.7
2022-11-06T22:00:00,3450A,111.01,21.5165,茂名市,电白水东,,27,27,14,14,9,101,42,84,71,10,9,28,10,0.6,0.6
2022-11-06T22:00:00,3451A,112.5617,23.2083,肇庆市,鼎湖凤凰,,28,28,23,18,17,44,16,40,30,25,19,6,6,0.7,0.7
2022-11-06T22:00:00,3452A,114.6517,22.775,惠州市,大亚湾霞涌,,13,13,15,9,11,39,32,37,34,10,11,4,4,0.4,0.4
2022-11-06T22:00:00,3453A,112.0125,21.8749,阳江市,阳东陶然,细颗粒物(PM2.5),62,42,26,44,23,70,31,58,49,19,14,8,6,0.5,0.5
2022-11-06T22:00:00,3454A,113.3528,22.478,中山市,中山南区,,26,17,15,17,14,40,11,32,25,51,35,1,3,0.7,0.6
2022-11-06T22:00:00,3455A,113.076,23.7198,清远市,清城东城,,26,23,15,18,13,57,32,50,46,17,13,9,6,0.8,0.8
2022-11-06T22:00:00,3456A,114.289,38.0906,石家庄市,鹿泉一中,细颗粒物(PM2.5),130,134,139,99,99,70,6,48,34,36,29,3,5,0.8,1.2
2022-11-06T22:00:00,3457A,118.4359,39.2762,唐山市,冀东油田职工医院,细颗粒物(PM2.5),120,145,94,91,64,99,4,82,48,98,61,10,13,0.9,0.6
2022-11-06T22:00:00,3458A,114.7895,36.5593,邯郸市,香泉濮院小区,细颗粒物(PM2.5),180,169,99,136,72,120,32,95,73,49,35,10,16,0.9,0.7
2022-11-06T22:00:00,3459A,115.5989,37.5491,衡水市,地表水厂,细颗粒物(PM2.5),189,165,80,142,68,111,21,91,76,40,28,10,14,1.1,0.6
2022-11-06T22:00:00,3460A,117.4067,40.0583,天津市,北环路,细颗粒物(PM2.5),132,136,129,100,80,60,49,56,47,32,32,10,11,0.9,0.9
2022-11-06T22:00:00,3461A,117.3045,39.7169,天津市,建设路,细颗粒物(PM2.5),140,155,156,107,116,32,3,16,10,76,75,13,13,1.1,1
2022-11-06T22:00:00,3462A,117.8199,39.3521,天津市,滨水东路,细颗粒物(PM2.5),159,163,129,121,86,75,3,55,21,83,73,10,16,1.0,1.2
2022-11-06T22:00:00,3463A,116.9708,33.591,宿州市,社会福利中心,细颗粒物(PM2.5),123,151,95,93,57,128,30,111,87,80,37,14,7,0.7,0.5
2022-11-06T22:00:00,3464A,117.3803,31.9147,合肥市,高教基地,颗粒物(PM10),80,110,74,51,38,120,33,108,94,88,49,5,5,0.6,0.5
2022-11-06T22:00:00,3465A,118.4781,31.3225,芜湖市,清苑社区,颗粒物(PM10),61,71,63,43,41,136,37,117,83,63,43,7,8,0.6,0.6
2022-11-06T22:00:00,3466A,118.2746,31.2326,芜湖市,扬子职业技术学院,细颗粒物(PM2.5),67,68,62,48,39,135,57,118,99,33,25,6,7,0.5,0.6
2022-11-06T22:00:00,3468A,115.7901,32.8613,阜阳市,市规划展馆,颗粒物(PM10),65,79,73,41,43,130,50,114,98,68,33,14,10,0.7,0.6
2022-11-06T22:00:00,3469A,115.836,32.9183,阜阳市,枣园社区,细颗粒物(PM2.5),58,62,56,41,46,124,50,106,78,62,40,11,12,0.6,0.5
2022-11-06T22:00:00,3470A,118.7724,30.9141,宣城市,夏渡子站,颗粒物(PM10),117,183,65,67,34,118,48,107,85,40,35,9,8,0.6,0.5
2022-11-06T22:00:00,3471A,113.616563,34.86783,郑州市,惠济区政府,细颗粒物(PM2.5),117,122,75,88,61,123,2,100,75,97,54,7,11,1.1,0.7
2022-11-06T22:00:00,3473A,114.2485,34.8306,开封市,技师学院,细颗粒物(PM2.5),105,87,77,79,54,142,93,128,121,23,22,16,12,0.6,0.5
2022-11-06T22:00:00,3474A,114.2617,35.6822,鹤壁市,大新区,细颗粒物(PM2.5),112,94,86,84,61,113,9,96,69,84,52,13,14,1.1,0.9
2022-11-06T22:00:00,3475A,113.9188,35.3045,新乡市,市政府,细颗粒物(PM2.5),112,109,74,84,61,132,4,101,64,77,38,7,11,1.6,0.8
2022-11-06T22:00:00,3476A,113.9135,35.3327,新乡市,河师大,,,201,108,105,63,124,1,103,77,100,52,14,10,1.1,0.7
2022-11-06T22:00:00,3477A,113.1656,35.2539,焦作市,中站许衡医院(新增191226),细颗粒物(PM2.5),114,119,91,86,56,127,82,108,101,48,35,17,13,0.9,0.7
2022-11-06T22:00:00,3478A,113.9749,33.5664,漯河市,市图书馆,细颗粒物(PM2.5),113,122,78,85,45,135,88,118,109,24,38,10,11,1.0,0.7
2022-11-06T22:00:00,3479A,114.0967,33.5906,漯河市,召陵区卫健委,,,,79,,47,133,,116,112,54,28,11,11,1.0,0.7
2022-11-06T22:00:00,3480A,129.1368,47.6417,伊春市,美溪镇,细颗粒物(PM2.5),67,64,60,48,47,91,30,69,46,21,20,2,9,0.9,1
2022-11-06T22:00:00,3481A,125.141,46.634,大庆市,萨区政府监测点,细颗粒物(PM2.5),95,127,48,71,40,61,3,53,30,85,32,12,9,1.2,0.5
2022-11-06T22:00:00,3482A,107.7541,29.3277,重庆市,芙蓉中路,细颗粒物(PM2.5),103,112,74,77,43,116,17,97,69,57,29,14,16,0.7,0.6
2022-11-06T22:00:00,3483A,108.7661,29.5368,重庆市,西山,细颗粒物(PM2.5),70,65,54,51,40,128,44,114,88,36,25,4,8,0.7,0.6
2022-11-06T22:00:00,3484A,106.2628,29.32,重庆市,行政中心,细颗粒物(PM2.5),112,118,101,84,71,62,5,47,34,62,46,13,12,1.2,1
2022-11-06T22:00:00,3485A,107.0944,29.1608,重庆市,高寺路,细颗粒物(PM2.5),73,72,66,53,51,117,42,101,84,26,31,7,8,0.6,0.5
2022-11-06T22:00:00,3486A,124.4036,43.1411,四平市,植物园,细颗粒物(PM2.5),124,154,66,94,30,70,4,59,22,85,46,9,10,1.2,0.6
2022-11-06T22:00:00,3487A,104.2394,30.5319,成都市,车城东七路,细颗粒物(PM2.5),78,89,45,57,30,92,13,74,52,51,20,3,2,0.7,0.5
2022-11-06T22:00:00,3488A,104.3853,30.7453,成都市,青白江技师分院,细颗粒物(PM2.5),87,74,54,64,44,69,0,51,36,42,25,3,2,0.9,0.7
2022-11-06T22:00:00,3489A,104.0789,30.4072,成都市,科学城,,,78,48,62,38,87,21,71,53,,30,6,6,0.7,0.6
2022-11-06T22:00:00,3490A,105.3617,28.7703,泸州市,纳溪区环保局,细颗粒物(PM2.5),144,118,74,110,62,118,59,93,86,26,27,16,15,0.9,0.8
2022-11-06T22:00:00,3491A,104.69,31.5322,绵阳市,西科大附属小学,,,79,70,49,44,55,0,38,23,,35,4,4,0.5,0.4
2022-11-06T22:00:00,3492A,104.5648,31.5343,绵阳市,安州区旅游局,细颗粒物(PM2.5),63,73,64,45,38,46,0,41,30,44,20,5,6,0.6,0.5
2022-11-06T22:00:00,3494A,117.1673,36.9782,济南市,济阳区政府,颗粒物(PM10),90,129,102,66,50,105,16,90,62,89,51,10,10,0.6,0.5
2022-11-06T22:00:00,3495A,117.1171,36.63,济南市,锦屏中学,细颗粒物(PM2.5),68,81,58,49,36,112,111,110,107,23,20,7,7,0.7,0.6
2022-11-06T22:00:00,3496A,118.3604,35.1084,临沂市,南坊新区,"颗粒物(PM10),细颗粒物(PM2.5)",70,90,107,51,73,112,58,97,82,52,56,15,20,0.6,0.7
2022-11-06T22:00:00,3498A,118.5055,37.8612,东营市,河口城区,颗粒物(PM10),69,88,93,46,46,124,70,103,88,29,54,7,14,1.0,0.9
2022-11-06T22:00:00,3500A,116.5814,35.3707,济宁市,北湖一中,细颗粒物(PM2.5),117,111,79,88,60,102,71,90,86,43,37,15,14,0.9,0.9
2022-11-06T22:00:00,3501A,116.8249,35.5593,济宁市,服务中心,细颗粒物(PM2.5),115,139,107,87,62,99,44,87,74,54,38,12,15,1.3,1.2
2022-11-06T22:00:00,3502A,117.1812,36.2275,泰安市,国网新校,,,,,70,61,107,67,97,82,30,31,9,12,0.7,0.7
2022-11-06T22:00:00,3503A,117.0313,36.2018,泰安市,交通技校,细颗粒物(PM2.5),89,85,71,66,50,104,88,96,94,23,22,10,11,0.7,0.7
2022-11-06T22:00:00,3504A,117.0829,36.13,泰安市,山东第一医科大学,细颗粒物(PM2.5),87,105,91,64,58,107,39,96,84,66,42,12,15,0.7,0.7
2022-11-06T22:00:00,3505A,122.1379,37.3414,威海市,临港区管委会,,29,24,44,9,24,121,91,108,98,13,24,3,6,0.3,0.5
2022-11-06T22:00:00,3507A,119.5328,35.4625,日照市,职业技术学院,,39,39,76,12,37,124,96,117,111,16,49,5,12,0.3,0.8
2022-11-06T22:00:00,3511A,116.5652,37.3319,德州市,陵城艺术中心,细颗粒物(PM2.5),84,100,99,62,48,112,62,102,86,39,33,9,10,0.9,0.6
2022-11-06T22:00:00,3512A,116.049,36.4674,聊城市,华润纺织,细颗粒物(PM2.5),99,119,87,74,53,106,51,96,72,49,31,20,14,0.8,0.7
2022-11-06T22:00:00,3513A,116.0445,36.4361,聊城市,九州社区,细颗粒物(PM2.5),89,110,90,66,53,100,42,88,73,50,30,21,11,0.6,0.6
2022-11-06T22:00:00,3514A,117.9378,37.3956,滨州市,中海酒店,细颗粒物(PM2.5),73,88,84,53,50,113,45,92,74,50,60,22,22,0.7,0.8
2022-11-06T22:00:00,3515A,117.9378,37.3553,滨州市,开发区一中,颗粒物(PM10),76,101,107,51,57,112,29,96,65,64,67,16,18,0.9,1
2022-11-06T22:00:00,3516A,118.0917,37.694,滨州市,金海六路,细颗粒物(PM2.5),75,82,105,55,56,107,46,90,68,43,55,10,18,0.5,0.5
2022-11-06T22:00:00,3520A,106.3495,38.9836,石嘴山市,妇女儿童医院,,20,14,91,7,61,118,64,96,90,14,41,2,17,0.2,0.8
2022-11-06T22:00:00,3521A,106.7492,39.2069,石嘴山市,石大公路,颗粒物(PM10),62,73,93,27,47,97,44,80,69,42,38,14,42,1.6,1.3
2022-11-06T22:00:00,3522A,106.2177,35.9959,固原市,原州区十五小,颗粒物(PM10),60,70,36,26,19,84,47,75,65,28,20,2,2,0.7,0.5
2022-11-06T22:00:00,3523A,106.5105,38.3856,银川市,滨河新区,,37,37,76,8,45,133,62,125,112,21,25,14,16,0.5,0.7
2022-11-06T22:00:00,3524A,108.6116,34.1164,西安市,文体局,细颗粒物(PM2.5),92,124,104,68,78,116,9,94,66,62,35,8,9,1.0,0.9
2022-11-06T22:00:00,3525A,108.6396,34.4078,咸阳市,奥体中心,细颗粒物(PM2.5),140,174,160,107,95,99,3,81,53,103,48,6,6,1.3,1.2
2022-11-06T22:00:00,3526A,119.5189,25.9664,福州市,吴航,,24,24,28,13,15,91,71,86,82,12,10,3,5,0.3,0.3
2022-11-06T22:00:00,3527A,118.0958,24.5688,厦门市,集美中学,,41,41,26,19,11,111,65,97,80,16,13,3,2,0.4,0.3
2022-11-06T22:00:00,3528A,118.1493,24.7245,厦门市,同安二实小,,36,36,24,16,11,106,70,96,82,13,10,5,4,0.5,0.4
2022-11-06T22:00:00,3529A,118.6333,24.9264,泉州市,城华南路,,27,27,29,12,13,102,70,92,79,13,10,7,8,0.4,0.4
2022-11-06T22:00:00,3530A,117.6296,24.5314,漳州市,西洋坪路,,44,44,34,24,19,121,51,101,76,18,16,6,5,0.5,0.4
2022-11-06T22:00:00,3531A,110.296,25.1253,桂林市,旅游学院,细颗粒物(PM2.5),70,73,60,51,44,145,48,137,112,49,23,20,15,0.9,0.7
2022-11-06T22:00:00,3532A,110.1945,22.6831,玉林市,玉林师范学院东校区,,29,29,22,11,16,77,38,70,55,24,16,5,5,0.6,0.7
2022-11-06T22:00:00,3533A,110.0527,22.5893,玉林市,福绵环保局,,45,45,27,25,18,80,29,69,57,33,15,12,6,0.9,0.8
2022-11-06T22:00:00,3534A,111.4744,24.4553,贺州市,西湾,颗粒物(PM10),54,58,42,37,31,91,7,81,62,44,22,6,8,1.0,0.9
2022-11-06T22:00:00,3535A,109.1781,23.7297,来宾市,兴宾区政府,颗粒物(PM10),53,56,57,30,39,142,74,129,113,15,12,6,8,0.6,0.6
2022-11-06T22:00:00,3536A,106.8547,27.5919,遵义市,第十二小学,细颗粒物(PM2.5),90,100,86,67,61,136,44,112,100,53,21,12,9,1.0,0.8
2022-11-06T22:00:00,3537A,105.3631,27.3533,毕节市,长征村,细颗粒物(PM2.5),132,105,85,100,77,133,80,114,111,21,17,11,12,0.7,0.6
2022-11-06T22:00:00,3538A,107.5175,26.2978,黔南布依族苗族自治州,沙坝,细颗粒物(PM2.5),62,68,62,44,45,134,34,119,95,41,20,4,4,0.7,0.6
2022-11-06T22:00:00,3539A,110.5111,19.9736,海口市,桂林洋子站,,25,8,12,4,6,88,78,83,80,6,7,4,4,0.6,0.6
2022-11-06T22:00:00,3540A,109.7348,18.3443,三亚市,君悦子站,,25,18,15,9,6,106,77,101,95,8,9,3,3,0.5,0.5
2022-11-06T22:00:00,3541A,109.5726,19.5167,儋州市,第一中学子站,,22,11,12,6,6,92,68,84,80,11,10,4,3,0.5,0.6
2022-11-06T22:00:00,3542A,109.5567,19.5187,儋州市,东坡学校子站,,25,13,16,6,6,105,79,92,90,7,9,4,4,0.5,0.6
2022-11-06T22:00:00,3544A,121.4891,30.925,上海市,奉贤南桥新城,,39,39,38,17,17,104,24,96,71,66,32,7,7,0.6,0.6
2022-11-06T22:00:00,3545A,110.8054,32.8401,十堰市,郧阳区金沙路,细颗粒物(PM2.5),74,72,77,54,55,90,42,75,61,34,22,10,8,1.0,0.8
2022-11-06T22:00:00,3546A,111.4606,30.552,宜昌市,猇亭区张家湾站,细颗粒物(PM2.5),68,79,94,49,60,143,97,128,122,24,26,6,10,0.7,0.7
2022-11-06T22:00:00,3547A,112.1632,31.0138,荆门市,龙泉中学南校,细颗粒物(PM2.5),83,90,87,61,55,149,110,137,129,25,24,8,10,0.9,0.8
2022-11-06T22:00:00,3548A,112.1655,30.3364,荆州市,学苑路,细颗粒物(PM2.5),92,90,86,68,66,143,64,133,114,65,38,10,8,0.8,0.8
2022-11-06T22:00:00,3549A,109.5061,30.3772,恩施土家族苗族自治州,龙凤新区,细颗粒物(PM2.5),79,89,64,58,44,121,49,106,86,13,11,7,7,1.1,1
2022-11-06T22:00:00,3550A,102.7997,24.9786,昆明市,昆明学院,颗粒物(PM10),52,54,49,32,31,109,34,92,80,37,28,7,7,0.5,0.6
2022-11-06T22:00:00,3551A,102.5967,24.6736,昆明市,晋宁区生态环境分局,,32,25,38,22,31,105,71,93,86,8,17,4,7,0.2,0.9
2022-11-06T22:00:00,3552A,102.6678,24.9856,昆明市,云天化总部,,30,30,39,18,27,106,36,92,79,40,33,9,7,0.4,0.6
2022-11-06T22:00:00,3557A,119.9464,30.0494,杭州市,镇二中,细颗粒物(PM2.5),64,76,65,46,36,106,31,87,72,49,46,6,7,0.7,0.7
2022-11-06T22:00:00,3558A,119.7183,30.2367,杭州市,市府大楼,"颗粒物(PM10),细颗粒物(PM2.5)",59,67,55,42,35,100,28,89,68,37,34,8,8,0.9,0.9
2022-11-06T22:00:00,3560A,120.4722,30.0415,绍兴市,柯桥妇保,细颗粒物(PM2.5),80,98,57,59,33,96,12,85,49,49,34,5,5,0.7,0.6
2022-11-06T22:00:00,3561A,120.6985,27.9251,温州市,茶山,,50,50,47,27,23,97,36,83,72,45,25,6,6,0.4,0.4
2022-11-06T22:00:00,3562A,120.4148,30.8538,湖州市,南浔区站,,42,42,59,15,22,111,61,102,89,34,35,4,5,0.3,0.3
2022-11-06T22:00:00,3564A,121.2568,28.6681,台州市,台州科技职业学院,颗粒物(PM10),52,53,53,26,25,96,7,78,58,63,34,8,8,0.5,0.4
2022-11-06T22:00:00,3565A,113.1367,40.1122,大同市,云冈站,颗粒物(PM10),56,62,90,36,51,49,49,39,33,22,33,14,45,0.9,1.1
2022-11-06T22:00:00,3566A,113.1186,40.2556,大同市,图书馆,细颗粒物(PM2.5),110,103,92,83,62,58,8,47,31,32,28,14,20,1.8,1.2
2022-11-06T22:00:00,3567A,113.5931,40.0461,大同市,区一中,细颗粒物(PM2.5),103,122,90,77,48,83,10,73,20,40,30,38,32,,
2022-11-06T22:00:00,3568A,113.06,36.0464,长治市,向阳小学,颗粒物(PM10),58,65,65,40,46,115,58,100,83,20,18,16,13,0.8,0.7
2022-11-06T22:00:00,3569A,112.8792,36.3144,长治市,屯留一中,细颗粒物(PM2.5),67,53,57,48,48,93,67,86,72,25,33,8,9,0.6,0.6
2022-11-06T22:00:00,3570A,113.235,36.3489,长治市,潞城四中,,,151,86,59,60,100,6,85,46,75,42,7,14,1.1,1.2
2022-11-06T22:00:00,3571A,112.2931,39.53,朔州市,一水厂,细颗粒物(PM2.5),77,99,99,56,49,59,45,46,42,36,47,11,15,0.9,0.9
2022-11-06T22:00:00,3572A,114.6419615,37.9001925,石家庄市,栾城区政府,细颗粒物(PM2.5),149,147,148,114,117,62,7,44,27,53,50,5,7,0.9,1.3
2022-11-06T22:00:00,3573A,114.8506765,38.0322033,石家庄市,藁城区实验学校,细颗粒物(PM2.5),143,140,137,109,94,40,0,25,12,66,57,8,8,0.8,0.9
2022-11-06T22:00:00,3574A,114.0504658,38.0591645,石家庄市,井陉矿区区委大楼,细颗粒物(PM2.5),152,144,115,116,95,77,7,52,35,66,53,7,9,1.6,1.2
2022-11-06T22:00:00,3575A,118.09279,39.58089,唐山市,正泰大街热力站,细颗粒物(PM2.5),159,146,126,121,96,70,3,29,11,78,73,10,9,1.5,1.2
2022-11-06T22:00:00,3576A,118.1562,39.8322,唐山市,丰润区政府,细颗粒物(PM2.5),203,224,164,153,94,17,5,9,8,74,74,7,8,2.0,1.3
2022-11-06T22:00:00,3577A,118.43673,39.73809,唐山市,金山小学,细颗粒物(PM2.5),143,175,154,109,88,53,1,21,6,91,83,17,14,2.3,1.6
2022-11-06T22:00:00,3578A,118.24498,39.66941,唐山市,政府服务中心,细颗粒物(PM2.5),180,223,156,136,99,54,2,24,10,90,85,18,16,1.8,1.4
2022-11-06T22:00:00,3579A,114.50634,36.77178,邯郸市,永年区实验高中,细颗粒物(PM2.5),213,212,133,163,85,87,8,68,45,83,52,5,13,1.4,1
2022-11-06T22:00:00,3580A,114.20016,36.44293,邯郸市,峰峰矿区临水派出所,细颗粒物(PM2.5),119,152,106,90,70,92,66,81,73,34,31,14,14,0.9,0.9
2022-11-06T22:00:00,3581A,115.31981,38.95208,保定市,满城区生态环境分局,细颗粒物(PM2.5),176,166,157,133,115,55,4,38,28,58,46,13,14,1.1,1
2022-11-06T22:00:00,3582A,115.47694,38.76408,保定市,清苑区第二中学,细颗粒物(PM2.5),144,151,140,110,99,26,5,16,11,60,64,9,11,0.8,0.8
2022-11-06T22:00:00,3583A,115.62909,39.02311,保定市,徐水物探局,细颗粒物(PM2.5),147,124,112,112,93,19,3,11,7,62,61,10,11,0.9,0.9
2022-11-06T22:00:00,3590A,113.8374,34.5589,郑州市,北区建设指挥部,细颗粒物(PM2.5),107,101,67,80,55,149,42,132,111,77,27,14,15,1.1,0.9
2022-11-06T22:00:00,3591A,113.30952,34.803229,郑州市,上街区政府,细颗粒物(PM2.5),139,125,86,106,74,115,18,100,83,62,37,22,14,1.7,1.2
2022-11-06T22:00:00,3592A,114.4644,34.7556,开封市,祥符区生态环境局,细颗粒物(PM2.5),99,133,111,74,65,131,35,107,86,81,37,10,13,0.7,0.6
2022-11-06T22:00:00,3593A,112.5736,34.8993,洛阳市,吉利监测站,,,100,92,72,72,128,22,116,69,,59,3,6,0.8,0.7
2022-11-06T22:00:00,3594A,112.8867,33.9116,平顶山市,石龙区,细颗粒物(PM2.5),104,136,112,78,65,130,48,119,103,57,47,5,11,0.8,0.7
2022-11-06T22:00:00,3596A,114.1572,35.9603,鹤壁市,南山宾馆,细颗粒物(PM2.5),137,147,104,104,67,116,40,92,83,57,42,26,25,2.0,1.3
2022-11-06T22:00:00,3597A,113.8134,34.1251,许昌市,建安区兴业大厦,细颗粒物(PM2.5),87,111,83,64,40,129,75,121,108,33,25,40,10,0.8,0.6
2022-11-06T22:00:00,3598A,111.1,34.7167,三门峡市,富达温泉假日酒店,细颗粒物(PM2.5),137,137,101,104,74,102,26,83,66,42,27,10,13,1.1,1
2022-11-06T22:00:00,3599A,106.2649,29.9851,重庆市,书院路,细颗粒物(PM2.5),129,127,77,98,71,70,6,52,46,54,28,9,10,1.0,0.7
2022-11-06T22:00:00,3600A,106.2339,29.5559,重庆市,虎峰,细颗粒物(PM2.5),128,147,109,97,81,90,,68,68,47,33,37,22,1.0,0.7
2022-11-06T22:00:00,3601A,106.0499,29.8342,重庆市,龙门街,细颗粒物(PM2.5),115,117,86,87,66,82,10,59,48,54,29,8,12,0.8,0.7
2022-11-06T22:00:00,3604A,119.3266,35.1044,日照市,岚山环保分局,,44,44,79,17,40,113,81,106,99,24,53,8,10,0.8,0.7
2022-11-06T22:00:00,3605A,109.09,34.5236,西安市,无线电监控中心,细颗粒物(PM2.5),180,220,150,136,108,92,5,68,47,103,57,10,10,1.1,0.9
2022-11-06T22:00:00,3610A,105.5933,29.4105,重庆市,昌元,细颗粒物(PM2.5),88,99,69,65,43,99,47,80,77,25,21,7,11,0.8,0.7
2022-11-06T22:00:00,3612A,85.1045,45.6899,克拉玛依市,白碱滩区新站,颗粒物(PM10),53,55,49,10,8,52,8,52,24,45,34,5,6,0.6,0.6
2022-11-06T22:00:00,3613A,87.3095,44.0142,昌吉州,亚心广场,细颗粒物(PM2.5),97,114,94,72,59,95,31,84,75,50,32,10,10,1.0,0.9
2022-11-06T22:00:00,3614A,79.924,37.0877,和田地区,地区环保局,颗粒物(PM10),108,166,152,48,43,88,70,84,81,17,15,8,6,1.3,1.2
2022-11-06T22:00:00,3615A,79.9131,37.113,和田地区,市环保局,颗粒物(PM10),97,143,128,52,39,85,48,79,73,35,19,20,10,1.2,1
2022-11-06T22:00:00,3616A,106.7616,31.8344,巴中市,市中心医院,细颗粒物(PM2.5),79,84,61,58,44,48,2,36,26,41,29,5,5,0.8,0.7
2022-11-06T22:00:00,3617A,105.8047,32.4166,广元市,经开区,,32,30,46,22,36,86,13,59,49,37,21,7,11,0.7,0.8
2022-11-06T22:00:00,3618A,112.4701,37.782,太原市,金胜,颗粒物(PM10),59,68,141,41,91,86,61,71,70,42,57,5,13,0.5,0.9
2022-11-06T22:00:00,3619A,113.617,37.8571,阳泉市,龙柱,细颗粒物(PM2.5),172,182,129,130,87,101,4,66,49,75,47,12,15,1.6,1.4
2022-11-06T22:00:00,3620A,112.8271,35.4828,晋城市,泽州一中,细颗粒物(PM2.5),64,69,73,46,46,102,58,88,78,32,30,4,4,0.7,0.7
2022-11-06T22:00:00,3621A,106.8288,39.6778,乌海市,聚英学校,颗粒物(PM10),157,263,103,29,27,102,5,91,55,63,34,10,13,0.8,0.6
2022-11-06T22:00:00,3622A,113.5556,24.8082,韶关市,碧湖山庄,,18,17,17,12,13,60,30,53,48,9,6,6,6,0.6,0.6
2022-11-06T22:00:00,3623A,113.8953,22.5861,深圳市,西乡,,33,33,28,20,14,42,17,31,27,27,26,6,6,0.6,0.6
2022-11-06T22:00:00,3624A,116.4069,23.2533,汕头市,潮南子站,,38,38,32,21,17,141,98,123,116,15,13,7,9,0.6,0.6
2022-11-06T22:00:00,3625A,113.2544,22.7642,佛山市,容桂街道办,,25,22,12,17,12,28,20,19,14,28,30,3,3,0.9,0.9
2022-11-06T22:00:00,3626A,113.7533,23.0202,东莞市,南城元岭,,32,32,23,22,16,53,24,42,36,29,23,8,9,0.9,0.8
2022-11-06T22:00:00,3627A,113.7875,23.0457,东莞市,东城主山,,33,33,21,23,16,50,10,39,31,37,21,9,9,0.7,0.7
2022-11-06T22:00:00,3628A,112.0336,22.9374,云浮市,文笔,,42,42,20,13,7,47,4,42,27,30,15,7,8,0.9,0.7
2022-11-06T22:00:00,3629A,101.8305,36.5786,西宁市,世纪职校,,49,49,48,23,25,115,72,96,89,36,29,14,11,0.8,0.9
2022-11-06T22:00:00,3630A,101.7413,36.6397,西宁市,师大城西校区,细颗粒物(PM2.5),55,58,52,39,33,117,74,102,89,28,34,17,16,1.1,1.3
2022-11-06T22:00:00,3631A,114.6063,38.0266,石家庄市,高新区,,,,,,,,,,,,,,,,
2022-11-06T22:00:00,3633A,118.4918,31.6809,马鞍山市,雨山,细颗粒物(PM2.5),68,71,61,49,41,136,80,121,104,28,29,11,11,0.6,0.6
2022-11-06T22:00:00,3634A,116.9884,33.6305,宿州市,宿州学院,细颗粒物(PM2.5),104,140,108,78,62,127,43,110,83,53,34,11,11,0.8,0.7
2022-11-06T22:00:00,3635A,112.3677,34.662,洛阳市,河科大西苑校区,细颗粒物(PM2.5),112,145,122,84,84,118,5,94,59,85,59,9,9,1.1,0.9
2022-11-06T22:00:00,3636A,112.4388,34.6781,洛阳市,英才小学,细颗粒物(PM2.5),120,153,128,91,85,123,1,101,63,93,49,10,11,1.4,0.8
2022-11-06T22:00:00,3637A,131.0176,45.7761,七台河市,人民广场,颗粒物(PM10),66,81,59,27,38,65,6,59,32,65,30,13,10,1.7,0.9
2022-11-06T22:00:00,3638A,104.7636,29.3338,自贡市,轻化工大学,细颗粒物(PM2.5),67,81,57,48,35,76,52,66,63,21,27,4,5,0.6,0.6
2022-11-06T22:00:00,3639A,104.4019,31.1244,德阳市,市教育局,"颗粒物(PM10),细颗粒物(PM2.5)",63,76,62,45,32,39,1,31,24,51,32,6,5,0.8,0.7
2022-11-06T22:00:00,3642A,120.3503,36.0736,青岛市,市北区南部,,31,9,59,5,31,131,97,121,112,16,34,4,9,0.5,1.1
2022-11-06T22:00:00,3643A,120.3948,36.1805,青岛市,李沧区北部,,,12,66,5,37,135,90,122,113,,32,5,11,,0.8
2022-11-06T22:00:00,3644A,117.8661,36.805,淄博市,三金集团,细颗粒物(PM2.5),79,92,99,58,63,89,69,74,44,36,48,14,16,0.6,0.7
2022-11-06T22:00:00,3645A,118.0253,36.8406,淄博市,东风化工厂,细颗粒物(PM2.5),82,97,87,60,49,87,19,72,31,70,56,14,17,1.1,0.8
2022-11-06T22:00:00,3646A,118.4978,37.4623,东营市,胜利站,细颗粒物(PM2.5),70,84,85,51,46,104,53,89,78,36,49,11,15,0.7,0.7
2022-11-06T22:00:00,3647A,115.4702,35.2706,菏泽市,菏泽医专,细颗粒物(PM2.5),108,136,104,81,57,125,60,110,102,59,33,20,13,0.7,0.6
2022-11-06T22:00:00,3648A,106.2112,37.9768,吴忠市,文卫南街,细颗粒物(PM2.5),93,134,88,69,39,111,66,103,97,35,20,13,15,0.8,0.5
2022-11-06T22:00:00,3650A,105.1698,37.5162,中卫市,沙坡头区政府站,颗粒物(PM10),64,77,69,33,33,104,35,94,73,47,19,6,7,0.5,0.3
2022-11-06T22:00:00,3651A,108.9543,34.8732,铜川市,旺旺集团,颗粒物(PM10),105,159,102,64,53,93,6,79,53,86,47,10,7,0.8,0.6
2022-11-06T22:00:00,3652A,109.4809,36.5786,延安市,西北局旧址,颗粒物(PM10),78,106,79,36,46,121,9,100,65,81,49,8,12,0.7,0.7
2022-11-06T22:00:00,3653A,111.3119,30.7273,宜昌市,云深路,颗粒物(PM10),68,86,85,32,42,148,55,132,114,38,25,7,6,0.8,0.7
2022-11-06T22:00:00,3654A,114.8094,30.4089,鄂州市,精准医疗中心,颗粒物(PM10),77,104,76,46,30,145,84,127,114,49,41,24,15,2.5,0.9
2022-11-06T22:00:00,3655A,114.3375,29.8683,咸宁市,长江产业园,颗粒物(PM10),78,105,65,52,30,138,3,124,82,89,31,9,10,1.0,0.7
2022-11-06T22:00:00,3656A,120.1556,30.2864,杭州市,消防大队,颗粒物(PM10),63,75,61,42,33,101,36,82,67,59,54,7,6,0.6,0.5
2022-11-06T22:00:00,3658A,120.6153,30.0764,绍兴市,袍江中学,细颗粒物(PM2.5),100,114,61,75,34,101,19,88,62,67,36,7,6,0.8,0.6
2022-11-06T22:00:00,3659A,119.656,29.1131,金华市,气象局,颗粒物(PM10),65,80,60,37,33,104,7,94,66,89,52,11,12,0.5,0.5
2022-11-06T22:00:00,3661A,112.5667,37.8875,太原市,坝陵桥,,,,,,,,,,,,,,,,
2022-11-06T22:00:00,3662A,123.6333,47.2075,齐齐哈尔市,富区青少年活动中心,颗粒物(PM10),51,52,82,34,32,61,41,55,48,24,39,8,23,0.7,1.5
2022-11-06T22:00:00,3663A,124.1164,50.4278,大兴安岭地区,红旗社区,细颗粒物(PM2.5),65,66,27,47,19,62,6,52,28,34,19,10,8,0.7,0.4
2022-11-06T22:00:00,3664A,119.4172,34.7341,连云港市,连云街道,,40,40,67,21,38,108,92,104,93,14,18,4,7,0.4,0.4
2022-11-06T22:00:00,3665A,76.1658,39.7157,克孜勒苏柯尔克孜自治州,克州文化中心,颗粒物(PM10),109,167,113,40,24,83,48,78,73,28,10,11,11,1.1,1
2022-11-06T22:00:00,3667A,111.0283,35.0547,运城市,水利职院,细颗粒物(PM2.5),168,179,109,127,72,118,30,100,82,53,27,13,14,1.5,1.1
2022-11-06T22:00:00,3668A,111.5036,36.0414,临汾市,城南,细颗粒物(PM2.5),132,157,109,100,78,87,6,62,44,71,48,5,6,1.8,1.1
2022-11-06T22:00:00,3669A,114.4705,36.0637,安阳市,左辅环卫站,细颗粒物(PM2.5),142,142,95,108,69,125,33,103,82,59,33,16,19,1.0,0.6
2022-11-06T22:00:00,3670A,111.0522,35.0439,运城市,禹都公园,细颗粒物(PM2.5),150,160,108,115,83,122,35,103,85,45,22,12,16,1.1,0.8
2022-11-06T22:00:00,3671A,116.088,39.9726,北京市,门头沟三家店,细颗粒物(PM2.5),179,178,121,135,78,55,1,40,18,68,46,3,2,0.9,0.6
2022-11-06T22:00:00,3672A,116.1541,39.8204,北京市,丰台云岗,细颗粒物(PM2.5),158,187,130,120,83,61,0,34,10,84,55,1,2,0.9,0.6
2022-11-06T22:00:00,3673A,116.6804,39.9081,北京市,通州东关,细颗粒物(PM2.5),149,186,159,114,102,40,1,21,8,80,72,2,2,1.1,0.8
2022-11-06T22:00:00,3674A,115.9577,39.7603,北京市,房山燕山,细颗粒物(PM2.5),149,154,109,114,77,42,10,39,16,51,40,3,2,0.9,0.6
2022-11-06T22:00:00,3675A,116.4672,39.7733,北京市,大兴旧宫,细颗粒物(PM2.5),138,149,161,105,106,20,1,20,5,49,61,1,2,0.9,0.9
2022-11-06T22:00:00,3676A,113.2802,40.0995,大同市,第二人民医院,细颗粒物(PM2.5),105,111,103,79,74,44,19,34,26,44,49,14,20,1.4,1.3
2022-11-06T22:00:00,3677A,98.5881,24.4368,德宏州,芒市人民政府综合楼,,49,49,28,17,18,88,39,76,65,14,11,5,5,0.7,0.6
2022-11-06T22:00:00,3678A,116.5907,35.4054,济宁市,市第七中学,细颗粒物(PM2.5),134,112,85,102,66,98,68,88,81,38,34,12,12,0.9,0.8
2022-11-06T22:00:00,3682A,116.9814,36.6819,济南市,济南四建,"颗粒物(PM10),细颗粒物(PM2.5)",68,85,70,49,35,101,88,96,84,30,32,7,6,0.6,0.5
2022-11-06T22:00:00,3683A,109.8331,40.6576,包头市,昆区政府,,29,29,56,5,24,86,59,81,68,15,35,9,13,0.4,0.7
2022-11-06T22:00:00,3684A,130.8781,45.8222,七台河市,新建矿广场,颗粒物(PM10),106,161,83,41,42,72,17,61,35,38,29,11,9,0.4,0.5
2022-11-06T22:00:00,3685A,117.897,28.4315,上饶市,双创科技城,颗粒物(PM10),57,64,60,28,28,80,41,70,58,35,26,26,25,0.7,0.6
2022-11-06T22:00:00,3689A,113.9003,35.372,新乡市,行政服务中心,细颗粒物(PM2.5),139,150,108,106,62,115,1,87,55,86,53,8,8,0.8,0.5
2022-11-06T22:00:00,3690A,115.9721,28.7031,南昌市,外国语学校,,50,48,62,35,27,104,49,90,73,27,34,8,9,0.7,0.6
2022-11-06T22:00:00,3692A,118.2059,39.6585,唐山市,消防缸窑路中队,细颗粒物(PM2.5),153,185,155,117,90,57,21,42,34,90,81,29,17,1.5,1.3
2022-11-06T22:00:00,3693A,118.1436,39.6202,唐山市,路南电大,细颗粒物(PM2.5),117,143,124,88,77,53,1,23,9,87,75,9,7,1.2,1.2
2022-11-06T22:00:00,3694A,115.986,40.4563,北京市,延庆石河营,细颗粒物(PM2.5),139,152,82,106,51,75,20,68,51,49,26,3,2,0.8,0.4
2022-11-06T22:00:00,3695A,116.6151,40.3053,北京市,怀柔新城,细颗粒物(PM2.5),133,151,97,101,62,82,10,60,35,72,40,2,3,0.6,0.4
2022-11-06T22:00:00,3696A,116.2545,39.8768,北京市,丰台小屯,细颗粒物(PM2.5),156,187,136,119,87,48,1,34,10,84,66,2,3,1.2,0.7
2022-11-06T22:00:00,3697A,116.84,40.3844,北京市,密云镇,细颗粒物(PM2.5),130,152,98,99,57,73,0,56,35,71,43,3,3,0.9,0.5
2022-11-06T22:00:00,3698A,111.5968,40.8178,呼和浩特市,红旗小学,,,22,45,3,25,97,60,89,76,17,35,,,0.2,0.4
2022-11-06T22:00:00,3699A,111.6518,40.8389,呼和浩特市,海东办,,19,17,43,3,27,100,60,89,76,18,40,5,10,0.2,0.5
2022-11-06T22:00:00,3700A,103.0456,29.9956,雅安市,康养中心(对照点),细颗粒物(PM2.5),77,68,59,56,47,67,39,62,60,16,15,6,6,0.6,0.5
2022-11-06T22:00:00,3701A,116.9648,33.6252,宿州市,皖北煤电集团,细颗粒物(PM2.5),100,136,96,75,58,124,44,109,88,53,33,7,9,0.8,0.7
2022-11-06T22:00:00,3703A,114.2917,36.0949,安阳市,安钢职工学校,细颗粒物(PM2.5),183,183,135,138,76,107,34,86,72,62,45,34,18,3.1,0.8
2022-11-06T22:00:00,3706A,122.2584,43.6333,通辽市,老干部活动中心,颗粒物(PM10),75,100,57,41,25,59,4,49,23,67,37,10,16,0.9,0.3
2022-11-06T22:00:00,3707A,131.0207,45.3073,鸡西市,欧美日汽修厂,颗粒物(PM10),240,378,148,158,86,67,2,52,17,53,35,19,10,1.3,0.8
2022-11-06T22:00:00,3708A,122.2922,43.6189,通辽市,东方明珠社区,细颗粒物(PM2.5),105,73,54,79,39,61,13,50,28,68,37,17,16,1.3,0.5
2022-11-06T22:00:00,3709A,130.9967,45.3106,鸡西市,市政设施管理处,颗粒物(PM10),167,283,115,101,75,77,2,58,19,52,37,11,7,1.0,0.7
2022-11-06T22:00:00,3710A,121.5594,29.8975,宁波市,白沙活动中心,,41,41,61,18,27,84,40,68,55,47,48,6,8,0.4,0.5
2022-11-06T22:00:00,3713A,124.3419,43.1666,四平市,世纪城,细颗粒物(PM2.5),114,138,66,86,38,66,7,57,34,82,41,15,12,1.8,0.7
2022-11-06T22:00:00,3715A,117.3092,32.9314,蚌埠市,蚌埠田家炳中学,颗粒物(PM10),69,88,70,36,42,128,102,114,108,22,22,6,8,0.4,0.4
2022-11-06T22:00:00,3719A,97.1714,31.1406,昌都市,昌都会议中心,,38,38,24,4,8,84,43,75,67,23,12,3,4,0.5,0.3
2022-11-06T22:00:00,3726A,88.8781,29.2426,日喀则市,林业技术推广中心,颗粒物(PM10),51,52,21,11,5,97,47,93,86,16,6,3,3,0.7,0.5
2022-11-06T22:00:00,3728A,104.68,28.8071,宜宾市,白酒学院,细颗粒物(PM2.5),98,94,63,73,46,89,55,70,70,26,32,8,9,0.7,0.6
2022-11-06T22:00:00,3734A,118.35,37.26,东营市,理想之城,细颗粒物(PM2.5),64,75,92,46,48,105,43,94,78,54,60,9,13,0.7,0.8
2022-11-06T22:00:00,3860A,118.3920,35.0300,临沂市,皇山花园小区,颗粒物(PM10),64,78,111,44,74,109,69,86,80,36,67,24,30,0.7,0.9
2022-11-06T22:00:00,3861A,119.2041,36.7699,潍坊市,寒亭区实验一小,颗粒物(PM10),51,51,91,35,57,101,94,86,84,24,47,8,10,0.6,0.9
2022-11-06T22:00:00,3866A,122.2469,40.66302,营口市,三高中,细颗粒物(PM2.5),79,86,71,58,43,97,80,90,81,27,36,12,14,0.8,0.8
2022-11-06T22:00:00,3867A,102.0738,36.5056,海东地区,平安区公安北苑,颗粒物(PM10),60,69,56,33,32,120,82,104,98,20,22,23,15,0.5,0.5
2022-11-06T22:00:00,3981A,113.2449,35.1803,焦作市,原李万街道办（启用20220628）,细颗粒物(PM2.5),122,140,114,92,72,135,53,117,104,42,33,7,15,1.1,0.8
2022-11-06T22:00:00,4004A,115.4202,38.8656,保定市,双鹰农机,细颗粒物(PM2.5),180,141,120,136,116,37,1,22,18,68,59,8,9,1.0,1
2022-11-06T22:00:00,1001A,116.3621,39.8784,北京市,万寿西宫,细颗粒物(PM2.5),165,166,135,125,94,39,10,26,15,81,70,1,3,1.5,0.9
2022-11-06T22:00:00,1002A,116.2202,40.2915,北京市,定陵(对照点),细颗粒物(PM2.5),138,153,108,105,70,81,31,66,54,25,22,1,2,0.7,0.6
2022-11-06T22:00:00,1003A,116.4174,39.9289,北京市,东四,细颗粒物(PM2.5),152,179,146,116,92,38,3,24,12,60,47,2,3,1.2,0.8
2022-11-06T22:00:00,1004A,116.4072,39.8863,北京市,天坛,细颗粒物(PM2.5),145,144,129,111,93,44,2,23,10,46,54,3,3,1.1,0.9
2022-11-06T22:00:00,1005A,116.462,39.9365,北京市,农展馆,细颗粒物(PM2.5),145,176,150,111,90,41,0,25,9,78,67,2,3,1.1,0.9
2022-11-06T22:00:00,1006A,116.3392,39.9295,北京市,官园,细颗粒物(PM2.5),158,169,128,120,85,39,0,25,10,80,67,3,4,1.2,0.8
2022-11-06T22:00:00,1007A,116.2878,39.9611,北京市,海淀万柳,细颗粒物(PM2.5),149,172,125,114,80,51,0,28,12,70,64,3,3,1.1,0.7
2022-11-06T22:00:00,1008A,116.6636,40.135,北京市,顺义新城,细颗粒物(PM2.5),152,186,128,116,70,60,1,44,20,79,55,1,3,0.9,0.6
2022-11-06T22:00:00,1009A,116.6275,40.3275,北京市,怀柔镇,细颗粒物(PM2.5),134,156,96,102,61,72,0,55,30,81,39,1,3,0.9,0.6
2022-11-06T22:00:00,1010A,116.2296,40.217,北京市,昌平镇,细颗粒物(PM2.5),143,162,107,109,70,72,26,51,31,38,41,2,3,0.7,0.6
2022-11-06T22:00:00,1011A,116.3966,39.9821,北京市,奥体中心,细颗粒物(PM2.5),153,177,130,117,81,40,1,25,12,82,68,3,3,1.5,0.8
2022-11-06T22:00:00,1012A,116.184,39.9136,北京市,古城,细颗粒物(PM2.5),155,182,133,118,78,52,1,30,13,88,67,1,2,1.1,0.7
2022-11-06T22:00:00,1015A,117.1444,39.1661,天津市,勤俭道,细颗粒物(PM2.5),130,143,121,99,80,67,1,58,22,74,57,9,11,0.9,0.8
2022-11-06T22:00:00,1017A,117.237,39.1082,天津市,大直沽八号路,细颗粒物(PM2.5),110,141,107,83,62,69,0,60,26,79,59,7,10,1.2,1
2022-11-06T22:00:00,1018A,117.202,39.0927,天津市,前进道,细颗粒物(PM2.5),110,145,111,83,64,72,2,59,28,78,60,9,12,0.9,0.7
2022-11-06T22:00:00,1019A,117.1837,39.2133,天津市,淮河道,细颗粒物(PM2.5),128,149,127,97,78,68,1,58,17,80,63,10,12,0.9,0.8
2022-11-06T22:00:00,1021A,117.307,39.0877,天津市,跃进路,细颗粒物(PM2.5),113,149,121,85,66,71,2,57,25,70,64,8,11,0.9,0.8
2022-11-06T22:00:00,1023A,117.707,39.0343,天津市,第四大街,细颗粒物(PM2.5),128,146,103,97,68,82,0,62,19,74,63,7,11,0.9,0.8
2022-11-06T22:00:00,1024A,117.457,38.8394,天津市,永明路,细颗粒物(PM2.5),110,136,101,83,66,90,0,68,32,75,56,9,12,1.0,0.7
2022-11-06T22:00:00,1026A,117.764,39.1587,天津市,汉北路,细颗粒物(PM2.5),132,161,112,100,70,82,3,66,32,71,62,9,12,1.4,0.9
2022-11-06T22:00:00,1027A,117.157,38.9194,天津市,团泊洼(对照点),,,,,,,,,,,,,,,,
2022-11-06T22:00:00,1029A,114.4422,38.0444,石家庄市,职工医院,细颗粒物(PM2.5),162,174,138,123,112,79,3,55,37,66,47,5,7,0.7,1
2022-11-06T22:00:00,1030A,114.6063,38.0266,石家庄市,高新区,细颗粒物(PM2.5),140,131,146,107,108,61,10,41,30,55,46,4,5,0.8,1.2
2022-11-06T22:00:00,1031A,114.4898,38.1328,石家庄市,西北水源,细颗粒物(PM2.5),143,174,156,109,102,58,2,41,26,69,52,6,7,1.1,1.3
2022-11-06T22:00:00,1032A,114.4586,38.0058,石家庄市,西南高教,细颗粒物(PM2.5),143,125,138,109,115,71,14,53,40,52,50,5,6,0.8,1.2
2022-11-06T22:00:00,1033A,114.5331,38.0178,石家庄市,世纪公园,细颗粒物(PM2.5),137,134,142,104,102,63,20,39,31,40,47,5,5,0.9,1.3
2022-11-06T22:00:00,1034A,114.509,38.0457,石家庄市,人民会堂,细颗粒物(PM2.5),156,150,148,119,126,73,17,51,40,49,46,5,7,0.9,1.2
2022-11-06T22:00:00,1035A,114.3524,37.8911,石家庄市,封龙山(对照点),细颗粒物(PM2.5),148,122,137,113,105,103,84,77,77,29,35,,10,1.2,1.4
2022-11-06T22:00:00,1037A,118.131,39.6363,唐山市,雷达站,细颗粒物(PM2.5),128,148,135,97,91,65,1,28,8,81,70,10,6,1.3,1.2
2022-11-06T22:00:00,1038A,118.1725,39.6334,唐山市,物资局,细颗粒物(PM2.5),134,141,128,102,84,61,4,27,13,93,82,14,12,1.2,1.1
2022-11-06T22:00:00,1040A,118.1705,39.6506,唐山市,十二中,颗粒物(PM10),94,138,139,65,82,60,0,24,9,94,82,12,10,1.3,1.2
2022-11-06T22:00:00,1041A,118.1869,39.622,唐山市,小山,细颗粒物(PM2.5),129,165,141,98,86,61,0,26,11,93,77,17,10,1.1,1.1
2022-11-06T22:00:00,1042A,119.5134,39.8207,秦皇岛市,北戴河环保局,细颗粒物(PM2.5),104,119,104,78,73,121,43,82,81,52,45,12,14,0.6,0.6
2022-11-06T22:00:00,1043A,119.7493,40.0116,秦皇岛市,第一关,细颗粒物(PM2.5),114,106,103,86,67,98,5,72,46,109,67,14,14,1.1,1.1
2022-11-06T22:00:00,1044A,119.5897,39.9499,秦皇岛市,监测站,细颗粒物(PM2.5),129,126,85,98,55,98,17,70,59,69,48,14,15,1.1,0.9
2022-11-06T22:00:00,1046A,119.5251,39.9041,秦皇岛市,建设大厦,细颗粒物(PM2.5),113,126,100,85,56,106,39,74,61,64,55,16,15,1.1,1.1
2022-11-06T22:00:00,1047A,114.5129,36.61763,邯郸市,环保局,,,,,,,,,,,,,,,,
2022-11-06T22:00:00,1048A,114.5302,36.6116,邯郸市,东污水处理厂,细颗粒物(PM2.5),200,172,94,150,73,97,26,84,60,91,38,12,23,0.9,0.5
2022-11-06T22:00:00,1049A,114.4918,36.5713,邯郸市,矿院,细颗粒物(PM2.5),216,174,96,166,76,112,40,91,78,65,41,13,24,1.2,0.6
2022-11-06T22:00:00,1050A,114.484,36.6133,邯郸市,丛台公园,细颗粒物(PM2.5),202,201,98,152,71,102,21,81,61,59,35,7,13,1.2,0.5
2022-11-06T22:00:00,1051A,115.493,38.8632,保定市,游泳馆,细颗粒物(PM2.5),169,147,129,128,114,20,4,14,11,65,67,7,9,0.8,0.9
2022-11-06T22:00:00,1052A,115.5213,38.8959,保定市,华电二区,细颗粒物(PM2.5),178,131,120,134,106,20,11,13,12,62,90,5,5,1.1,1.1
2022-11-06T22:00:00,1053A,115.4713,38.9108,保定市,接待中心,细颗粒物(PM2.5),153,147,135,117,94,25,0,14,11,63,59,6,6,0.9,0.8
2022-11-06T22:00:00,1054A,115.4612,38.8416,保定市,地表水厂,细颗粒物(PM2.5),207,164,139,157,101,23,2,15,11,68,68,6,8,0.7,0.7
2022-11-06T22:00:00,1055A,115.4323,38.8697,保定市,胶片厂,,,,,,,,,,,,,,,,
2022-11-06T22:00:00,1056A,115.5086,38.8639,保定市,监测站,细颗粒物(PM2.5),163,141,136,124,106,22,10,15,13,64,65,6,6,0.9,1
2022-11-06T22:00:00,1057A,114.8883,40.8336,张家口市,人民公园,,23,22,51,9,24,82,72,67,64,11,23,15,19,0.3,0.4
2022-11-06T22:00:00,1059A,114.8687,40.8042,张家口市,五金库,,21,17,45,10,29,70,65,60,57,8,18,35,14,0.1,0.3
2022-11-06T22:00:00,1060A,114.8902,40.762,张家口市,世纪豪园,,26,26,56,10,29,83,68,68,66,8,18,6,7,0.5,0.7
2022-11-06T22:00:00,1061A,114.8916,40.8661,张家口市,北泵房(对照点),,47,47,60,22,29,87,63,72,63,15,21,11,16,0.5,0.7
2022-11-06T22:00:00,1062A,117.9531,40.9081,承德市,铁路,"颗粒物(PM10),细颗粒物(PM2.5)",82,113,62,60,29,67,9,36,26,60,47,8,11,1.0,0.7
2022-11-06T22:00:00,1063A,117.9392,40.9763,承德市,中国银行,细颗粒物(PM2.5),119,124,62,90,36,88,4,51,34,65,42,4,6,1.2,0.8
2022-11-06T22:00:00,1064A,117.9503,40.928,承德市,开发区,细颗粒物(PM2.5),85,105,50,63,27,86,5,53,38,71,45,7,9,1.2,0.8
2022-11-06T22:00:00,1065A,117.8051,40.9655,承德市,文化中心,细颗粒物(PM2.5),108,129,83,81,43,74,3,41,26,66,48,5,8,1.4,0.8
2022-11-06T22:00:00,1066A,117.9268,41.0026,承德市,离宫(对照点),细颗粒物(PM2.5),99,88,47,74,32,103,20,73,58,56,34,9,11,0.9,0.5
2022-11-06T22:00:00,1067A,116.6708,39.5111,廊坊市,药材公司,细颗粒物(PM2.5),114,118,127,86,87,28,1,16,3,47,64,6,9,1.0,0.8
2022-11-06T22:00:00,1068A,116.7214,39.5589,廊坊市,开发区,细颗粒物(PM2.5),103,109,124,77,90,22,2,20,4,60,70,8,9,1.0,1
2022-11-06T22:00:00,1070A,116.7244,39.5269,廊坊市,北华航天学院,,,,135,,96,38,4,17,6,56,69,5,7,1.0,0.9
2022-11-06T22:00:00,1071A,116.8842,38.2991,沧州市,沧县城建局,细颗粒物(PM2.5),144,130,90,110,67,117,12,102,66,68,33,11,10,0.9,0.7
2022-11-06T22:00:00,1072A,116.8584,38.3254,沧州市,电视转播站,细颗粒物(PM2.5),128,134,110,97,59,128,14,114,72,56,25,14,14,0.8,0.7
2022-11-06T22:00:00,1073A,116.8709,38.3228,沧州市,市环保局,细颗粒物(PM2.5),144,134,93,110,61,125,15,111,72,63,28,9,10,0.8,0.6
2022-11-06T22:00:00,1074A,115.6838,37.7541,衡水市,电机北厂,细颗粒物(PM2.5),132,157,108,100,69,103,3,88,62,,35,12,17,0.6,0.6
2022-11-06T22:00:00,1075A,115.6303,37.7316,衡水市,市监测站,细颗粒物(PM2.5),128,144,110,97,70,99,3,85,60,63,34,5,9,0.8,0.6
2022-11-06T22:00:00,1077A,114.4704,37.0886,邢台市,达活泉,细颗粒物(PM2.5),226,201,139,176,120,97,31,81,69,49,48,6,14,1.2,1.2
2022-11-06T22:00:00,1078A,114.5062,37.0349,邢台市,邢师高专,细颗粒物(PM2.5),228,174,121,178,104,94,35,81,68,45,42,9,9,1.2,1.1
2022-11-06T22:00:00,1079A,114.5237,37.0851,邢台市,路桥公司,细颗粒物(PM2.5),220,191,130,170,109,104,28,86,68,52,47,10,12,1.6,1.1
2022-11-06T22:00:00,1080A,114.4725,37.0719,邢台市,市环保局,细颗粒物(PM2.5),223,205,156,173,119,99,34,79,69,42,45,8,11,1.1,1.2
2022-11-06T22:00:00,1081A,112.5139,37.8873,太原市,尖草坪,细颗粒物(PM2.5),103,120,138,77,93,82,11,71,57,83,60,11,12,0.9,1
2022-11-06T22:00:00,1083A,112.434,38.0108,太原市,上兰(对照点),,,,,,,,,,,,,,,,
2022-11-06T22:00:00,1084A,112.469,37.7124,太原市,晋源,颗粒物(PM10),58,66,137,37,86,88,76,75,74,33,54,6,12,0.5,1
2022-11-06T22:00:00,1085A,112.5583,37.7394,太原市,小店,"颗粒物(PM10),细颗粒物(PM2.5)",64,77,141,46,90,83,52,65,61,52,58,6,10,0.7,1
2022-11-06T22:00:00,1086A,112.5369,37.8692,太原市,桃园,细颗粒物(PM2.5),107,128,138,80,90,83,3,69,55,91,58,11,10,1.2,1.1
2022-11-06T22:00:00,1087A,112.57,37.8195,太原市,坞城,细颗粒物(PM2.5),103,113,134,77,87,88,36,72,62,53,50,14,13,1.1,1.1
2022-11-06T22:00:00,1088A,112.549,37.9854,太原市,南寨,细颗粒物(PM2.5),124,168,151,94,92,80,3,59,39,65,59,6,12,1.1,1.2
2022-11-06T22:00:00,1089A,112.4701,37.782,太原市,金胜,,,,,,,,,,,,,,,,
2022-11-06T22:00:00,1090A,111.6507,40.7517,呼和浩特市,呼市一监,,,14,41,4,25,58,32,50,41,,,8,6,0.6,0.8
2022-11-06T22:00:00,1091A,111.6572,40.8033,呼和浩特市,小召,,19,14,39,4,25,105,60,94,84,22,38,18,12,0.4,0.5
2022-11-06T22:00:00,1094A,111.7516,40.8369,呼和浩特市,如意水处理厂,,17,9,41,2,21,83,53,76,68,34,41,3,3,0.6,0.9
2022-11-06T22:00:00,1095A,111.7276,40.8062,呼和浩特市,二十九中,,22,9,42,2,25,99,69,87,81,14,35,9,9,0.7,0.9
2022-11-06T22:00:00,1096A,111.5512,40.7866,呼和浩特市,工大金川校区,,,,,,,,,,,,,,,,
2022-11-06T22:00:00,1097A,111.717,40.7612,呼和浩特市,化肥厂生活区,,,8,46,3,28,98,72,88,81,,,10,11,0.4,0.7
2022-11-06T22:00:00,1098A,123.6836,41.9339,沈阳市,森林路(对照点),,,,,,,,,,,,,,,,
2022-11-06T22:00:00,1099A,123.505,41.7406,沈阳市,浑南东路,细颗粒物(PM2.5),82,85,85,60,53,96,21,76,53,54,40,13,19,0.9,0.9
2022-11-06T22:00:00,1100A,123.4231,41.6989,沈阳市,新秀街,细颗粒物(PM2.5),89,94,102,66,55,92,31,74,56,39,39,47,24,0.9,1
2022-11-06T22:00:00,1102A,123.5903,41.8411,沈阳市,东陵路,细颗粒物(PM2.5),80,84,95,59,56,97,28,75,55,41,38,12,21,1.0,1.3
2022-11-06T22:00:00,1103A,123.4264,41.8467,沈阳市,陵东街,细颗粒物(PM2.5),68,76,103,49,58,93,58,76,69,30,47,14,25,0.8,1.4
2022-11-06T22:00:00,1104A,123.4114,41.7653,沈阳市,文化路,细颗粒物(PM2.5),95,97,105,71,66,96,37,79,65,39,43,23,27,1.0,1.2
2022-11-06T22:00:00,1105A,123.4678,41.7867,沈阳市,小河沿,细颗粒物(PM2.5),82,104,110,60,62,92,36,76,64,33,43,9,17,0.7,1.1
2022-11-06T22:00:00,1106A,123.4017,41.7972,沈阳市,太原街,细颗粒物(PM2.5),88,93,94,65,66,90,44,74,64,44,47,24,27,0.8,1.1
2022-11-06T22:00:00,1108A,123.3783,41.9228,沈阳市,京沈街,细颗粒物(PM2.5),84,68,100,62,66,97,59,77,69,30,48,28,28,0.8,1.2
2022-11-06T22:00:00,1109A,121.612,38.9741,大连市,甘井子,细颗粒物(PM2.5),102,104,86,76,61,93,84,76,67,33,51,11,17,0.9,0.8
2022-11-06T22:00:00,1110A,121.565,38.9511,大连市,周水子,细颗粒物(PM2.5),123,158,93,93,55,102,10,78,47,111,63,26,18,2.0,1.3
2022-11-06T22:00:00,1111A,121.5637,38.8845,大连市,星海三站,细颗粒物(PM2.5),127,127,94,96,82,90,16,79,57,77,45,14,12,1.4,1.1
2022-11-06T22:00:00,1112A,121.6302,38.9117,大连市,青泥洼桥,颗粒物(PM10),92,134,85,49,53,110,50,94,65,70,48,10,11,1.2,1.1
2022-11-06T22:00:00,1113A,121.6251,38.8638,大连市,傅家庄,细颗粒物(PM2.5),65,74,61,47,43,110,90,103,102,26,25,9,10,1.2,1.2
2022-11-06T22:00:00,1114A,121.5213,38.8661,大连市,七贤岭,细颗粒物(PM2.5),84,98,75,62,46,120,40,96,71,40,35,7,10,1.1,1
2022-11-06T22:00:00,1115A,121.2529,38.8061,大连市,旅顺,,45,26,56,31,56,106,97,100,97,15,21,5,7,0.5,0.7
2022-11-06T22:00:00,1116A,121.7485,39.1311,大连市,金州,细颗粒物(PM2.5),80,80,77,59,56,94,94,80,80,28,41,14,14,0.9,0.9
2022-11-06T22:00:00,1117A,121.7811,39.0496,大连市,开发区,细颗粒物(PM2.5),118,114,77,89,58,106,20,97,76,102,61,8,10,1.3,1.1
2022-11-06T22:00:00,1118A,121.9762,39.0631,大连市,双D港,细颗粒物(PM2.5),84,85,63,62,42,102,81,88,86,18,26,10,13,1.2,1.1
2022-11-06T22:00:00,1119A,125.3325,43.9166,长春市,食品厂,细颗粒物(PM2.5),109,123,73,82,43,57,4,46,16,73,51,16,19,1.1,0.7
2022-11-06T22:00:00,1120A,125.2863,43.9027,长春市,客车厂,细颗粒物(PM2.5),92,103,66,68,38,60,4,47,23,68,45,16,15,1.3,0.8
2022-11-06T22:00:00,1121A,125.2841,43.8463,长春市,邮电学院,细颗粒物(PM2.5),133,161,73,101,44,61,3,46,17,86,52,22,14,1.3,0.7
2022-11-06T22:00:00,1122A,125.3716,43.8772,长春市,劳动公园,细颗粒物(PM2.5),102,114,76,76,39,69,6,56,21,76,50,17,12,1.4,1
2022-11-06T22:00:00,1123A,125.3297,43.8805,长春市,园林处,细颗粒物(PM2.5),109,102,67,82,39,64,8,54,22,78,49,14,11,1.1,0.6
2022-11-06T22:00:00,1124A,125.4605,43.79,长春市,净月潭,颗粒物(PM10),67,84,45,47,19,74,18,65,43,45,25,8,7,1.1,0.6
2022-11-06T22:00:00,1125A,125.7194,43.515,长春市,甩湾子(对照点),,,,,,,,,,,,,,,,
2022-11-06T22:00:00,1126A,125.3863,43.8447,长春市,经开区环卫处,,,251,101,111,37,71,6,54,18,90,48,16,10,2.0,0.7
2022-11-06T22:00:00,1127A,125.245,43.7783,长春市,高新区管委会,细颗粒物(PM2.5),183,141,69,138,48,70,6,54,18,62,40,10,7,1.8,0.7
2022-11-06T22:00:00,1128A,125.1761,43.8325,长春市,岱山公园,细颗粒物(PM2.5),138,144,74,105,40,68,8,50,17,82,49,21,12,1.3,0.6
2022-11-06T22:00:00,1129A,126.5422,45.755,哈尔滨市,岭北(对照点),细颗粒物(PM2.5),180,200,123,136,93,53,18,46,36,69,39,19,15,0.9,0.5
2022-11-06T22:00:00,1130A,126.561,45.8167,哈尔滨市,松北商大,细颗粒物(PM2.5),133,,111,101,72,54,11,42,26,70,40,17,12,1.1,0.7
2022-11-06T22:00:00,1131A,126.979,45.5419,哈尔滨市,阿城会宁,颗粒物(PM10),110,169,84,,57,71,19,58,33,57,32,23,18,1.0,0.7
2022-11-06T22:00:00,1132A,126.599,45.7222,哈尔滨市,南岗学府路,细颗粒物(PM2.5),233,180,116,183,79,61,37,52,34,92,47,54,21,1.3,0.7
2022-11-06T22:00:00,1133A,126.689,45.7733,哈尔滨市,太平宏伟公园,细颗粒物(PM2.5),266,238,120,216,89,61,35,50,35,83,54,18,10,1.3,0.8
2022-11-06T22:00:00,1134A,126.635,45.7667,哈尔滨市,道外承德广场,细颗粒物(PM2.5),345,175,95,295,95,57,16,46,30,87,47,35,14,1.4,0.6
2022-11-06T22:00:00,1135A,126.685,45.7319,哈尔滨市,香坊红旗大街,细颗粒物(PM2.5),315,246,125,265,112,56,39,42,33,86,55,36,24,1.6,1
2022-11-06T22:00:00,1136A,126.6411,45.7258,哈尔滨市,动力和平路,细颗粒物(PM2.5),370,251,67,320,114,55,40,46,37,94,51,30,13,1.7,1.2
2022-11-06T22:00:00,1137A,126.593,45.7478,哈尔滨市,道里建国路,细颗粒物(PM2.5),264,210,103,214,82,56,32,43,27,93,51,36,18,3.4,1.3
2022-11-06T22:00:00,1138A,126.615,45.61,哈尔滨市,平房东轻厂,细颗粒物(PM2.5),379,340,110,329,88,65,51,57,46,94,38,31,15,2.0,0.8
2022-11-06T22:00:00,1139A,126.595,45.9855,哈尔滨市,呼兰师专,细颗粒物(PM2.5),112,158,119,84,84,60,5,48,21,71,48,16,15,1.3,0.8
2022-11-06T22:00:00,1140A,126.6206,45.6842,哈尔滨市,省农科院,细颗粒物(PM2.5),231,310,123,181,81,59,16,47,23,89,50,30,17,2.4,1.3
2022-11-06T22:00:00,1141A,121.4,31.238,上海市,普陀,,29,29,33,17,18,84,65,80,75,31,34,4,5,0.6,0.6
2022-11-06T22:00:00,1142A,121.478,31.2036,上海市,十五厂,,35,28,28,24,15,92,50,87,70,50,37,7,8,0.6,0.5
2022-11-06T22:00:00,1143A,121.467,31.3008,上海市,虹口,,29,29,29,14,14,78,52,74,66,41,39,6,7,0.6,0.6
2022-11-06T22:00:00,1144A,121.412,31.1654,上海市,徐汇上师大,,38,38,34,21,14,95,54,87,77,46,41,7,8,0.8,0.7
2022-11-06T22:00:00,1145A,121.536,31.2659,上海市,杨浦四漂,,39,34,32,17,14,88,24,81,60,77,46,7,8,0.7,0.7
2022-11-06T22:00:00,1146A,120.978,31.0935,上海市,青浦淀山湖(对照点),,,,,,,,,,,,,,,,
2022-11-06T22:00:00,1147A,121.425,31.2261,上海市,静安监测站,,29,29,33,15,16,86,61,82,75,36,32,5,6,0.5,0.5
2022-11-06T22:00:00,1148A,121.703,31.1907,上海市,浦东川沙,,34,34,28,16,13,98,52,91,70,38,26,5,6,0.6,0.5
2022-11-06T22:00:00,1149A,121.533,31.2284,上海市,浦东新区监测站,,31,31,26,19,16,79,67,75,72,22,26,6,6,0.5,0.6
2022-11-06T22:00:00,1150A,121.577,31.2071,上海市,浦东张江,,35,35,28,14,15,81,58,77,68,30,32,4,4,0.5,0.5
2022-11-06T22:00:00,1151A,118.8086,32.1065,南京市,迈皋桥,颗粒物(PM10),54,57,65,27,30,126,80,110,103,29,38,5,4,0.3,0.4
2022-11-06T22:00:00,1152A,118.7538,32.0551,南京市,草场门,,46,46,59,29,30,119,75,110,104,42,40,3,4,0.5,0.6
2022-11-06T22:00:00,1153A,118.7794,32.0745,南京市,山西路,,48,48,62,24,32,143,98,132,126,19,23,4,4,0.2,0.3
2022-11-06T22:00:00,1154A,118.7752,32.0023,南京市,中华门,颗粒物(PM10),53,56,66,34,33,129,84,116,109,27,43,4,6,0.2,0.3
2022-11-06T22:00:00,1155A,118.8109,32.0309,南京市,瑞金路,颗粒物(PM10),54,58,72,27,33,134,80,122,114,34,37,4,4,0.3,0.5
2022-11-06T22:00:00,1156A,118.7997,32.0754,南京市,玄武湖,,50,50,60,28,35,136,91,125,120,13,25,5,6,0.4,0.5
2022-11-06T22:00:00,1157A,118.6414,32.0931,南京市,浦口,颗粒物(PM10),53,56,63,27,31,126,77,112,104,38,42,3,4,0.4,0.4
2022-11-06T22:00:00,1158A,118.7356,31.9996,南京市,奥体中心,颗粒物(PM10),51,51,65,34,26,130,80,115,108,36,49,4,5,0.4,0.5
2022-11-06T22:00:00,1159A,118.9125,32.1028,南京市,仙林大学城,颗粒物(PM10),54,58,67,22,26,134,89,124,117,25,40,5,4,0.5,0.6
2022-11-06T22:00:00,1160A,120.561,31.2472,苏州市,上方山(对照点),,37,37,44,22,26,123,49,101,82,42,35,7,6,0.4,0.5
2022-11-06T22:00:00,1161A,120.628,31.2864,苏州市,南门,,,,,,,,,,,,,,,,
2022-11-06T22:00:00,1162A,120.591,31.3019,苏州市,彩香,,38,38,43,18,23,133,67,110,100,30,35,6,6,0.4,0.4
2022-11-06T22:00:00,1163A,120.596,31.3264,苏州市,轧钢厂,,32,32,46,15,21,136,71,114,103,29,42,6,7,0.6,0.7
2022-11-06T22:00:00,1164A,120.613,31.2703,苏州市,吴中区,,38,38,41,17,20,138,62,112,97,34,38,6,8,0.6,0.7
2022-11-06T22:00:00,1165A,120.543,31.2994,苏州市,苏州新区,,34,34,42,16,25,121,67,102,91,30,38,7,7,0.7,0.7
2022-11-06T22:00:00,1166A,120.669,31.3097,苏州市,苏州工业园区,,30,30,41,14,22,127,66,107,100,28,33,6,6,0.6,0.7
2022-11-06T22:00:00,1167A,120.641,31.3708,苏州市,相城区,,31,31,43,14,21,120,58,100,88,39,49,6,7,0.5,0.6
2022-11-06T22:00:00,1168A,120.9098,31.9663,南通市,狼山街道,,32,32,34,9,16,103,57,95,80,21,34,7,7,0.4,0.4
2022-11-06T22:00:00,1169A,120.86,32.0005,南通市,虹桥,,35,34,39,24,17,98,58,90,76,31,35,6,6,0.4,0.4
2022-11-06T22:00:00,1170A,120.87,32.02,南通市,城中,,,27,33,16,20,103,,97,84,27,27,5,5,0.3,0.4
2022-11-06T22:00:00,1171A,120.94,31.93,南通市,星湖花园,,27,27,36,14,15,103,60,95,75,25,33,7,7,0.3,0.4
2022-11-06T22:00:00,1172A,120.81,32.0417,南通市,紫琅学院,,36,36,38,19,15,99,56,93,77,31,36,7,7,0.3,0.3
2022-11-06T22:00:00,1173A,119.176,34.5885,连云港市,市环境监测站,颗粒物(PM10),62,73,80,31,47,102,58,95,81,33,32,7,11,0.5,0.6
2022-11-06T22:00:00,1177A,117.179,34.2761,徐州市,黄河新村,细颗粒物(PM2.5),82,102,102,60,62,138,70,116,106,44,37,10,10,1.0,0.8
2022-11-06T22:00:00,1178A,117.1918,34.2384,徐州市,淮塔,颗粒物(PM10),83,116,113,58,67,148,69,126,110,57,48,9,9,0.9,0.8
2022-11-06T22:00:00,1180A,117.256,34.2153,徐州市,新城区,细颗粒物(PM2.5),83,107,103,61,62,142,67,121,99,54,46,11,11,1.0,0.7
2022-11-06T22:00:00,1181A,117.244,34.2911,徐州市,桃园路,细颗粒物(PM2.5),77,100,108,56,58,148,92,127,120,28,35,6,6,0.9,0.6
2022-11-06T22:00:00,1182A,117.2933,34.2778,徐州市,农科院,"颗粒物(PM10),细颗粒物(PM2.5)",70,90,99,51,51,131,61,107,89,53,46,15,10,0.9,0.7
2022-11-06T22:00:00,1186A,119.389,32.3761,扬州市,邗江监测站,颗粒物(PM10),54,58,71,28,37,122,70,111,100,42,46,7,8,0.6,0.6
2022-11-06T22:00:00,1188A,120.269,31.4867,无锡市,雪浪,,32,27,46,22,20,107,59,93,84,32,36,8,8,0.6,0.7
2022-11-06T22:00:00,1189A,120.275,31.6219,无锡市,黄巷,,42,42,59,12,23,101,60,93,83,40,41,9,10,0.7,0.7
2022-11-06T22:00:00,1190A,120.294,31.56,无锡市,曹张,,50,50,51,17,21,104,39,96,78,59,36,13,12,0.5,0.5
2022-11-06T22:00:00,1191A,120.242,31.5031,无锡市,漆塘,,34,34,43,17,20,126,75,109,102,22,28,12,12,0.7,0.8
2022-11-06T22:00:00,1192A,120.3489,31.5863,无锡市,东亭,,34,34,45,14,22,96,34,87,71,60,42,9,9,0.8,0.9
2022-11-06T22:00:00,1193A,120.354,31.5475,无锡市,旺庄,,41,41,49,17,23,112,60,95,86,39,46,12,12,0.9,1
2022-11-06T22:00:00,1194A,120.245,31.5631,无锡市,荣巷,,31,31,44,17,22,112,60,101,93,48,41,10,10,0.6,0.6
2022-11-06T22:00:00,1195A,120.299,31.6817,无锡市,堰桥,,48,48,50,17,24,104,63,96,86,38,36,7,8,0.6,0.7
2022-11-06T22:00:00,1196A,119.9633,31.762,常州市,市监测站,,38,38,60,22,35,123,71,107,96,33,47,6,8,0.4,0.6
2022-11-06T22:00:00,1200A,119.9468,31.7069,常州市,武进监测站,,33,33,52,15,28,133,82,117,109,23,41,7,8,0.5,0.6
2022-11-06T22:00:00,1201A,119.9255,31.9087,常州市,安家,颗粒物(PM10),64,77,60,43,38,115,31,110,86,66,36,6,7,0.5,0.6
2022-11-06T22:00:00,1203A,119.6707,32.1875,镇江市,新区办事处,颗粒物(PM10),63,76,68,41,40,128,57,114,98,53,51,6,7,0.9,1
2022-11-06T22:00:00,1204A,119.4974,32.1968,镇江市,职教中心,细颗粒物(PM2.5),52,51,64,36,40,129,76,120,111,45,37,6,6,0.9,1.1
2022-11-06T22:00:00,1205A,119.4303,32.1328,镇江市,丹徒区监测站,颗粒物(PM10),51,51,72,28,43,133,53,122,105,60,40,6,7,0.4,0.6
2022-11-06T22:00:00,1206A,119.905,32.4878,泰州市,公园路,颗粒物(PM10),59,68,61,34,35,105,31,96,69,49,32,10,10,0.9,0.8
2022-11-06T22:00:00,1207A,119.9189,32.4625,泰州市,莲花,,,,,,,,,,,,,,,,
2022-11-06T22:00:00,1209A,119.888,32.4639,泰州市,留学生创业园,颗粒物(PM10),68,85,73,37,38,112,37,103,76,52,35,12,10,1.0,0.8
2022-11-06T22:00:00,1210A,119.036,33.5981,淮安市,钵池山,,46,46,62,28,41,113,69,103,94,27,34,10,11,0.7,0.8
2022-11-06T22:00:00,1211A,119.007,33.575,淮安市,北京南路,颗粒物(PM10),69,88,71,30,42,115,58,102,90,38,35,11,12,0.7,0.8
2022-11-06T22:00:00,1212A,118.989,33.6067,淮安市,市监测站,颗粒物(PM10),53,56,64,22,33,115,65,105,98,39,35,10,10,1.0,1
2022-11-06T22:00:00,1213A,119.135,33.5039,淮安市,楚州区监测站,颗粒物(PM10),58,66,80,27,44,108,43,94,74,36,43,9,13,0.6,0.7
2022-11-06T22:00:00,1214A,119.0186,33.6297,淮安市,淮阴区监测站,颗粒物(PM10),54,57,77,27,43,114,71,104,96,31,36,11,11,0.8,0.7
2022-11-06T22:00:00,1215A,120.118,33.4022,盐城市,盐城电厂,,31,24,37,19,27,127,99,118,108,13,20,6,8,0.4,0.5
2022-11-06T22:00:00,1216A,120.156,33.3942,盐城市,市监测站,,,31,59,18,34,113,84,105,91,15,34,,6,0.4,0.6
2022-11-06T22:00:00,1218A,120.2144,33.38,盐城市,开发区管委会,,33,33,59,20,35,123,87,113,97,19,32,5,8,0.4,0.5
2022-11-06T22:00:00,1220A,118.293,33.9528,宿迁市,宿迁学院,细颗粒物(PM2.5),69,82,94,50,56,134,55,113,94,52,47,10,9,0.6,0.7
2022-11-06T22:00:00,1221A,118.2442,33.9592,宿迁市,宿迁中学,颗粒物(PM10),65,79,93,39,45,136,72,119,104,38,35,10,9,0.7,0.7
2022-11-06T22:00:00,1223A,120.2072,30.2111,杭州市,滨江,颗粒物(PM10),88,125,73,60,35,109,28,90,66,69,51,8,7,0.6,0.5
2022-11-06T22:00:00,1224A,120.0633,30.2747,杭州市,西溪,颗粒物(PM10),60,69,48,38,29,108,24,83,63,33,30,8,8,0.7,0.7
2022-11-06T22:00:00,1225A,119.026,29.635,杭州市,千岛湖(对照点),,,,,,,,,,,,,,,,
2022-11-06T22:00:00,1226A,120.3461,30.3153,杭州市,下沙,颗粒物(PM10),51,51,59,31,35,105,49,92,76,46,57,11,11,0.7,0.7
2022-11-06T22:00:00,1227A,120.1269,30.2456,杭州市,卧龙桥,细颗粒物(PM2.5),54,43,46,38,29,111,5,84,52,33,26,6,6,0.5,0.4
2022-11-06T22:00:00,1228A,120.1903,30.2692,杭州市,浙江农大,颗粒物(PM10),67,83,60,47,35,114,41,91,70,51,46,9,8,0.6,0.7
2022-11-06T22:00:00,1229A,120.157,30.2897,杭州市,朝晖五区,,,,,,,,,,,,,,,,
2022-11-06T22:00:00,1230A,120.1197,30.3119,杭州市,和睦小学,颗粒物(PM10),69,88,77,47,40,111,37,88,72,61,50,2,2,0.8,0.7
2022-11-06T22:00:00,1231A,120.3019,30.4183,杭州市,临平镇,颗粒物(PM10),54,57,75,21,37,108,51,95,83,40,49,8,9,0.6,0.7
2022-11-06T22:00:00,1232A,120.2697,30.1819,杭州市,城厢镇,细颗粒物(PM2.5),88,105,69,65,39,106,26,94,66,72,53,8,8,0.7,0.6
2022-11-06T22:00:00,1233A,120.0883,30.1808,杭州市,云栖,,43,43,67,23,24,101,12,82,56,40,33,6,6,0.6,0.5
2022-11-06T22:00:00,1234A,121.8358,29.911,宁波市,区环保大楼,,20,20,34,9,23,91,59,74,68,32,35,5,7,0.4,0.5
2022-11-06T22:00:00,1235A,121.56,29.82,宁波市,万里学院,,41,41,45,27,26,103,50,89,79,37,34,6,11,0.4,0.5
2022-11-06T22:00:00,1236A,121.713,29.9572,宁波市,龙赛医院,,28,28,49,15,33,100,65,80,78,36,47,10,14,0.5,0.6
2022-11-06T22:00:00,1239A,121.633,29.7733,宁波市,钱湖水厂,,19,16,45,13,30,99,54,87,77,16,27,6,8,0.4,0.5
2022-11-06T22:00:00,1240A,121.5856,29.8635,宁波市,太古小学,,34,34,54,17,30,80,46,73,59,43,47,10,14,0.5,0.6
2022-11-06T22:00:00,1241A,121.524,29.8674,宁波市,市环境监测中心,,25,25,45,11,21,86,58,74,66,28,40,7,9,0.2,0.3
2022-11-06T22:00:00,1242A,120.634,28.0089,温州市,瓯海,颗粒物(PM10),56,62,47,39,26,90,24,76,64,56,34,7,8,0.6,0.4
2022-11-06T22:00:00,1243A,120.6748,27.9939,温州市,南浦,,46,46,43,23,23,87,62,74,68,28,28,6,6,0.3,0.3
2022-11-06T22:00:00,1244A,120.76,27.9747,温州市,龙湾,,41,41,46,19,21,94,53,77,70,38,35,7,8,0.4,0.3
2022-11-06T22:00:00,1245A,120.6709,28.0167,温州市,市站,颗粒物(PM10),53,56,45,27,24,84,46,65,57,41,32,6,6,0.4,0.4
2022-11-06T22:00:00,1246A,120.598,30.0911,绍兴市,袍江站,,,,,,,,,,,,,,,,
2022-11-06T22:00:00,1247A,120.6053,29.9928,绍兴市,城东开发委,细颗粒物(PM2.5),65,69,49,47,32,92,10,82,51,56,29,8,9,0.7,0.5
2022-11-06T22:00:00,1250A,120.0751,30.8669,湖州市,城西水厂,,32,32,48,20,29,117,76,104,94,28,42,6,7,0.3,0.4
2022-11-06T22:00:00,1252A,120.7436,30.778,嘉兴市,清河小学,,25,18,30,12,18,118,78,104,94,20,31,7,9,0.5,0.6
2022-11-06T22:00:00,1253A,120.726,30.7478,嘉兴市,嘉兴学院,,28,28,34,11,16,118,74,105,95,26,30,9,7,0.3,0.4
2022-11-06T22:00:00,1255A,121.273,28.6459,台州市,黄岩环保大楼,,30,30,40,15,21,101,43,86,71,28,22,6,6,0.4,0.3
2022-11-06T22:00:00,1256A,121.419,28.6542,台州市,台州环保大楼,,32,31,45,22,26,102,59,90,81,24,22,6,8,0.5,0.4
2022-11-06T22:00:00,1257A,121.377,28.5773,台州市,路桥田洋王,细颗粒物(PM2.5),55,52,49,39,31,102,8,88,68,65,29,6,6,0.7,0.5
2022-11-06T22:00:00,1258A,122.122,30.0203,舟山市,定海檀枫,,20,20,22,9,10,97,51,93,74,25,16,4,5,0.4,0.4
2022-11-06T22:00:00,1259A,122.3094,29.9558,舟山市,普陀东港,,26,13,22,7,13,104,82,101,96,12,9,5,6,0.3,0.3
2022-11-06T22:00:00,1260A,122.19,29.9944,舟山市,临城新区,,34,34,26,15,13,99,41,93,68,26,16,6,6,0.4,0.4
2022-11-06T22:00:00,1261A,119.649,29.1131,金华市,四中(停运161031),,,,,,,,,,,,,,,,
2022-11-06T22:00:00,1262A,119.647,29.077,金华市,十五中,细颗粒物(PM2.5),70,84,60,51,38,104,26,92,70,72,45,13,7,0.6,0.5
2022-11-06T22:00:00,1263A,119.686,29.1029,金华市,监测站,细颗粒物(PM2.5),78,82,64,57,41,108,11,93,65,74,43,23,11,0.5,0.4
2022-11-06T22:00:00,1264A,118.8692,28.9398,衢州市,环保大楼,细颗粒物(PM2.5),74,87,58,54,44,90,5,80,55,54,31,8,9,0.7,0.5
2022-11-06T22:00:00,1265A,118.8709,28.9666,衢州市,实验学校,"颗粒物(PM10),细颗粒物(PM2.5)",62,74,52,44,37,89,7,76,54,77,37,8,8,0.6,0.4
2022-11-06T22:00:00,1266A,118.8621,28.9808,衢州市,衢州学院,颗粒物(PM10),63,75,56,41,37,91,6,83,52,69,27,8,9,0.5,0.4
2022-11-06T22:00:00,1267A,119.914,28.4514,丽水市,监测站大楼,,33,29,31,23,17,90,60,78,71,20,19,6,6,0.3,0.3
2022-11-06T22:00:00,1268A,119.93,28.4586,丽水市,莲都小学,,29,29,33,17,17,91,72,78,74,15,19,6,6,0.4,0.4
2022-11-06T22:00:00,1269A,119.879,28.4231,丽水市,余庄前,,21,21,28,9,14,94,41,82,70,16,16,6,6,0.3,0.3
2022-11-06T22:00:00,1270A,117.1959,31.7848,合肥市,明珠广场,颗粒物(PM10),63,75,68,44,33,127,83,109,98,49,42,9,12,0.6,0.7
2022-11-06T22:00:00,1271A,117.3072,31.8764,合肥市,三里街,颗粒物(PM10),79,107,79,53,34,118,47,100,82,79,65,14,12,1.0,1
2022-11-06T22:00:00,1272A,117.2588,31.8707,合肥市,琥珀山庄,颗粒物(PM10),73,95,65,48,33,123,74,111,99,46,40,12,11,0.5,0.7
2022-11-06T22:00:00,1273A,117.1604,31.9052,合肥市,董铺水库(对照点),颗粒物(PM10),76,102,76,39,29,119,84,106,101,41,46,11,9,0.7,0.7
2022-11-06T22:00:00,1274A,117.25,31.8571,合肥市,长江中路,细颗粒物(PM2.5),77,92,71,56,40,121,85,107,102,38,40,16,12,0.7,0.7
2022-11-06T22:00:00,1275A,117.266,31.9436,合肥市,庐阳区,颗粒物(PM10),73,95,89,46,38,116,55,100,86,69,60,9,6,0.6,0.6
2022-11-06T22:00:00,1276A,117.336,31.8586,合肥市,瑶海区,颗粒物(PM10),84,117,76,59,39,121,35,104,79,84,56,14,14,1.0,1
2022-11-06T22:00:00,1277A,117.3027,31.7964,合肥市,包河区,"颗粒物(PM10),细颗粒物(PM2.5)",70,90,78,51,41,129,90,111,92,36,59,16,13,0.6,0.7
2022-11-06T22:00:00,1278A,117.2776,31.7385,合肥市,滨湖新区,颗粒物(PM10),63,75,62,39,30,134,104,120,118,27,29,16,14,0.6,0.6
2022-11-06T22:00:00,1279A,117.1318,31.8403,合肥市,高新区,颗粒物(PM10),59,68,63,41,32,118,85,107,100,53,41,9,9,0.6,0.6
2022-11-06T22:00:00,1280A,119.3903,26.0543,福州市,鼓山(对照点),,,,,,,,,,,,,,,,
2022-11-06T22:00:00,1282A,119.2681,26.0504,福州市,师大,,32,32,34,13,14,85,75,81,80,8,8,4,6,0.5,0.5
2022-11-06T22:00:00,1283A,119.2984,26.1028,福州市,五四北路,,31,31,29,14,13,86,75,81,79,10,8,4,5,0.7,0.6
2022-11-06T22:00:00,1284A,119.2648,26.0768,福州市,杨桥西路,,36,36,34,14,11,88,70,84,78,11,9,4,5,0.6,0.5
2022-11-06T22:00:00,1285A,119.317,26.0746,福州市,紫阳,,27,25,31,13,14,91,86,88,88,8,8,4,6,0.4,0.5
2022-11-06T22:00:00,1286A,118.1608,24.8169,厦门市,溪东(对照点),,,,,,,,,,,,,,,,
2022-11-06T22:00:00,1287A,118.1514,24.4767,厦门市,洪文,,45,45,36,26,16,114,54,95,74,26,18,7,3,0.4,0.3
2022-11-06T22:00:00,1288A,118.0661,24.4444,厦门市,鼓浪屿,,41,41,31,18,13,114,58,97,78,24,15,5,4,0.2,0.2
2022-11-06T22:00:00,1290A,115.8931,28.6843,南昌市,省外办,颗粒物(PM10),59,67,65,33,27,99,35,86,67,37,31,7,9,0.6,0.6
2022-11-06T22:00:00,1291A,115.8886,28.7003,南昌市,省林业公司,细颗粒物(PM2.5),52,51,59,36,30,101,40,86,67,35,41,8,9,0.8,0.7
2022-11-06T22:00:00,1292A,115.8126,28.7442,南昌市,林科所,,,66,52,29,25,111,2,94,53,84,39,15,11,0.7,0.6
2022-11-06T22:00:00,1294A,115.8518,28.687,南昌市,建工学校,颗粒物(PM10),58,66,61,30,26,109,21,89,67,62,32,12,13,0.9,0.6
2022-11-06T22:00:00,1295A,115.8921,28.6424,南昌市,象湖,颗粒物(PM10),55,59,55,36,29,91,15,77,55,58,37,7,8,0.8,0.6
2022-11-06T22:00:00,1296A,115.7423,28.7996,南昌市,武术学校(对照点),,38,29,30,26,26,64,21,56,42,17,14,10,10,0.3,0.2
2022-11-06T22:00:00,1298A,115.9314,28.6842,南昌市,省站,颗粒物(PM10),63,76,81,39,36,86,27,76,39,53,43,13,10,0.7,0.6
2022-11-06T22:00:00,1299A,116.9862,36.6114,济南市,科干所,颗粒物(PM10),68,85,66,46,33,109,106,106,103,20,17,8,8,0.6,0.6
2022-11-06T22:00:00,1300A,116.9376,36.665,济南市,农科所,颗粒物(PM10),69,88,79,44,32,97,74,92,78,31,27,8,8,0.5,0.4
2022-11-06T22:00:00,1301A,117.1265,36.6734,济南市,开发区,颗粒物(PM10),69,88,68,47,36,109,102,102,83,26,33,10,10,0.6,0.5
2022-11-06T22:00:00,1303A,117.0624,36.6868,济南市,省种子仓库,细颗粒物(PM2.5),74,85,72,54,43,111,101,108,74,23,29,6,5,0.6,0.5
2022-11-06T22:00:00,1304A,116.9489,36.6447,济南市,机床二厂,"颗粒物(PM10),细颗粒物(PM2.5)",74,98,82,54,40,109,87,102,88,32,30,9,8,0.8,0.7
2022-11-06T22:00:00,1305A,117.0495,36.663,济南市,市监测站,颗粒物(PM10),68,85,63,42,29,115,114,112,108,22,20,10,9,0.6,0.5
2022-11-06T22:00:00,1306A,116.7675,36.5484,济南市,长清党校,颗粒物(PM10),75,100,81,46,38,114,106,108,106,30,28,12,12,0.7,0.7
2022-11-06T22:00:00,1307A,120.6659,36.2403,青岛市,仰口(对照点),,34,12,34,7,22,146,107,134,127,6,12,3,5,0.4,0.5
2022-11-06T22:00:00,1308A,120.3905,36.1851,青岛市,李沧区子站,,,,,,,,,,,,,,,,
2022-11-06T22:00:00,1309A,120.3471,36.0699,青岛市,市北区子站,,,,,,,,,,,,,,,,
2022-11-06T22:00:00,1310A,120.4134,36.0658,青岛市,市南区东部子站,,33,19,56,5,29,144,104,133,122,14,32,8,11,0.5,1
2022-11-06T22:00:00,1311A,120.3664,36.1032,青岛市,四方区子站,,30,19,66,12,35,129,94,117,107,12,46,5,8,0.4,0.9
2022-11-06T22:00:00,1312A,120.2994,36.054,青岛市,市南区西部子站,,35,9,60,2,30,153,112,141,132,12,35,7,14,0.5,1.1
2022-11-06T22:00:00,1313A,120.4581,36.0858,青岛市,崂山区子站,,35,24,62,5,28,147,112,136,127,11,27,6,9,0.2,0.6
2022-11-06T22:00:00,1314A,120.1983,35.9608,青岛市,黄岛区子站,,36,12,63,2,36,158,114,144,134,12,29,5,11,0.3,0.9
2022-11-06T22:00:00,1315A,120.3999,36.3083,青岛市,城阳区子站,,30,26,74,10,27,131,93,117,107,17,42,5,8,0.3,0.8
2022-11-06T22:00:00,1316A,113.69031,34.76122,郑州市,烟厂,细颗粒物(PM2.5),103,90,73,77,57,142,66,122,108,43,30,4,11,0.8,0.6
2022-11-06T22:00:00,1317A,113.65724,34.77134,郑州市,郑纺机,细颗粒物(PM2.5),110,104,73,83,56,143,45,123,104,52,30,9,16,1.1,0.8
2022-11-06T22:00:00,1318A,113.67526,34.80246,郑州市,银行学校,细颗粒物(PM2.5),103,85,67,77,58,141,67,123,113,51,30,9,15,1.1,0.9
2022-11-06T22:00:00,1319A,113.56746,34.81334,郑州市,供水公司,细颗粒物(PM2.5),79,84,75,58,52,129,66,111,103,28,30,7,13,1.2,1.1
2022-11-06T22:00:00,1320A,113.7329,34.7178,郑州市,经开区管委,细颗粒物(PM2.5),79,100,79,58,53,145,23,121,96,52,28,6,12,0.9,0.8
2022-11-06T22:00:00,1321A,113.73961,34.77172,郑州市,四十七中,细颗粒物(PM2.5),92,92,75,68,50,144,73,124,114,37,29,10,15,0.9,0.8
2022-11-06T22:00:00,1322A,113.60532,34.74838,郑州市,市监测站,颗粒物(PM10),82,114,80,50,38,136,58,117,102,40,31,10,14,0.7,0.6
2022-11-06T22:00:00,1323A,113.64164,34.7525,郑州市,河医大,细颗粒物(PM2.5),95,93,74,71,54,132,59,116,100,45,33,10,15,1.0,0.8
2022-11-06T22:00:00,1324A,113.51488,34.91089,郑州市,岗李水库(对照点),,,,,,,,,,,,,,,,
2022-11-06T22:00:00,1325A,114.3677,30.5584,武汉市,东湖梨园,细颗粒物(PM2.5),62,72,50,44,28,145,69,136,117,43,31,9,11,0.9,0.8
2022-11-06T22:00:00,1326A,114.2529,30.558,武汉市,汉阳月湖,二氧化氮,59,63,52,34,27,131,8,106,68,117,49,7,10,1.0,0.8
2022-11-06T22:00:00,1327A,114.282,30.6189,武汉市,汉口花桥,颗粒物(PM10),62,74,53,37,26,144,37,120,87,96,37,10,10,1.0,0.8
2022-11-06T22:00:00,1328A,114.3025,30.5332,武汉市,武昌紫阳,颗粒物(PM10),59,68,49,36,23,144,11,124,84,106,43,9,13,1.3,1
2022-11-06T22:00:00,1329A,114.3646,30.6217,武汉市,青山钢花,颗粒物(PM10),98,145,66,63,37,142,23,120,74,102,47,15,15,1.2,0.9
2022-11-06T22:00:00,1330A,114.1566,30.4825,武汉市,沌口新区,颗粒物(PM10),80,109,58,51,35,140,22,129,110,126,51,18,18,1.1,0.8
2022-11-06T22:00:00,1331A,114.3014,30.5944,武汉市,汉口江滩,颗粒物(PM10),59,68,41,36,22,138,41,118,83,89,41,10,11,0.7,0.6
2022-11-06T22:00:00,1333A,114.135,30.6319,武汉市,吴家山,细颗粒物(PM2.5),108,130,58,81,35,142,10,125,80,106,52,9,11,1.4,0.8
2022-11-06T22:00:00,1334A,113.8454,30.2917,武汉市,沉湖七壕(对照点),,44,44,52,20,21,133,34,124,102,46,27,8,10,0.7,0.7
2022-11-06T22:00:00,1335A,113.0833,28.2325,长沙市,经开区环保局,颗粒物(PM10),59,67,85,27,56,145,37,132,108,72,32,9,8,0.9,0.8
2022-11-06T22:00:00,1336A,112.8872,28.2189,长沙市,高开区环保局,颗粒物(PM10),71,92,84,42,68,144,36,132,108,68,32,8,10,1.0,0.7
2022-11-06T22:00:00,1337A,113.0792,28.2053,长沙市,马坡岭,颗粒物(PM10),72,93,89,41,63,142,22,131,98,77,33,9,9,0.8,0.7
2022-11-06T22:00:00,1338A,112.9394,28.19,长沙市,湖南师范大学,,42,42,77,25,68,133,54,117,97,22,20,5,7,0.8,0.9
2022-11-06T22:00:00,1339A,113.0178,28.1322,长沙市,雨花区环保局,颗粒物(PM10),53,56,84,27,55,132,29,116,94,72,38,10,8,0.5,0.5
2022-11-06T22:00:00,1340A,112.9792,28.2597,长沙市,伍家岭,颗粒物(PM10),106,162,95,52,65,159,5,139,98,91,45,6,7,0.9,0.6
2022-11-06T22:00:00,1341A,113.0014,28.1944,长沙市,火车新站,细颗粒物(PM2.5),77,87,91,56,57,133,7,119,89,100,32,7,8,1.0,0.7
2022-11-06T22:00:00,1342A,112.9844,28.1178,长沙市,天心区环保局,颗粒物(PM10),56,61,86,30,54,152,49,133,108,64,45,11,9,0.8,0.6
2022-11-06T22:00:00,1343A,112.8908,28.1308,长沙市,湖南中医药大学,颗粒物(PM10),69,87,102,35,65,136,7,118,72,77,38,4,5,0.6,0.6
2022-11-06T22:00:00,1344A,112.9581,28.3611,长沙市,沙坪(对照点),,39,31,73,27,65,139,72,119,98,29,24,2,3,0.5,0.6
2022-11-06T22:00:00,1345A,113.2347,23.1423,广州市,广雅中学,,33,33,22,22,16,32,5,25,16,45,37,4,3,0.8,0.7
2022-11-06T22:00:00,1346A,113.2612,23.105,广州市,市五中,,32,27,20,22,16,40,20,33,31,33,29,4,4,0.8,0.8
2022-11-06T22:00:00,1348A,113.3478,23.0916,广州市,广东商学院,,28,23,19,19,15,29,14,24,19,26,26,4,5,0.8,0.7
2022-11-06T22:00:00,1349A,113.4332,23.1047,广州市,市八十六中,,28,28,22,19,13,24,6,19,15,42,34,6,6,0.8,0.7
2022-11-06T22:00:00,1350A,113.3505,22.9483,广州市,番禺中学,,23,19,18,16,15,27,17,19,15,35,35,4,4,0.9,0.8
2022-11-06T22:00:00,1351A,113.2146,23.3916,广州市,花都师范,,33,32,18,23,13,47,24,44,33,22,18,5,5,0.7,0.6
2022-11-06T22:00:00,1352A,113.2597,23.1331,广州市,市监测站,,31,31,22,18,14,37,9,29,24,36,30,5,5,0.8,0.7
2022-11-06T22:00:00,1353A,113.5618,23.312,广州市,九龙镇镇龙,,26,26,18,18,14,40,4,30,21,23,19,5,5,0.7,0.6
2022-11-06T22:00:00,1354A,113.2765,23.1544,广州市,麓湖,,25,24,19,17,14,34,7,28,19,22,26,2,2,0.6,0.5
2022-11-06T22:00:00,1355A,113.443,23.3035,广州市,帽峰山森林公园(对照点),,38,38,28,23,17,44,15,35,30,7,11,5,5,0.6,0.5
2022-11-06T22:00:00,1356A,114.1063,22.5545,深圳市,通心岭子站,,27,27,28,17,17,33,16,25,23,31,26,3,3,0.5,0.4
2022-11-06T22:00:00,1357A,114.117,22.5625,深圳市,洪湖,,27,27,29,17,17,35,13,27,24,38,29,6,6,0.8,0.7
2022-11-06T22:00:00,1358A,113.987,22.5417,深圳市,华侨城,,23,23,26,15,15,34,12,25,19,33,26,6,6,0.6,0.5
2022-11-06T22:00:00,1359A,113.9181,22.5171,深圳市,南海子站,,32,30,31,22,21,41,11,29,26,33,27,3,3,0.7,0.6
2022-11-06T22:00:00,1360A,114.2458,22.5689,深圳市,盐田,,13,13,20,8,12,54,38,43,43,13,18,5,5,0.7,0.7
2022-11-06T22:00:00,1361A,114.2283,22.7244,深圳市,龙岗,,24,24,26,13,14,40,24,28,26,24,24,4,4,0.6,0.6
2022-11-06T22:00:00,1362A,113.8953,22.5861,深圳市,西乡,,,,,,,,,,,,,,,,
2022-11-06T22:00:00,1363A,114.494,22.5422,深圳市,南澳,,15,15,22,9,12,91,27,65,42,17,14,6,6,0.6,0.6
2022-11-06T22:00:00,1364A,114.41,22.6342,深圳市,葵涌,,26,23,21,18,14,39,23,31,30,15,11,8,8,0.7,0.6
2022-11-06T22:00:00,1365A,114.297,22.5978,深圳市,梅沙,,23,23,23,13,12,45,38,43,42,12,12,7,7,0.5,0.5
2022-11-06T22:00:00,1366A,114.0678,22.738,深圳市,观澜,,36,32,28,25,17,41,11,28,20,28,22,6,7,0.7,0.6
2022-11-06T22:00:00,1367A,113.5814,22.2618,珠海市,吉大,,25,16,18,17,10,50,20,41,36,34,22,5,5,0.6,0.5
2022-11-06T22:00:00,1368A,113.4881,22.2335,珠海市,前山,,25,16,15,17,12,39,15,29,26,36,34,5,6,0.6,0.5
2022-11-06T22:00:00,1369A,113.628,22.4251,珠海市,唐家,,23,18,21,16,15,42,30,34,33,23,25,6,6,0.6,0.6
2022-11-06T22:00:00,1370A,113.299,22.2281,珠海市,斗门,,33,33,18,20,12,30,6,24,20,46,31,8,7,0.8,0.6
2022-11-06T22:00:00,1371A,113.1294,23.0067,佛山市,湾梁,,41,41,21,16,11,40,4,38,16,50,32,6,6,0.9,0.7
2022-11-06T22:00:00,1372A,113.1083,23.0478,佛山市,华材职中,,38,29,19,26,15,34,2,34,11,46,34,6,5,0.7,0.5
2022-11-06T22:00:00,1373A,113.144,23.0453,佛山市,南海气象局,,38,38,20,21,14,34,0,32,11,53,34,5,5,0.6,0.4
2022-11-06T22:00:00,1374A,113.2881,22.8094,佛山市,顺德苏岗,,21,15,8,14,11,23,10,15,12,41,36,5,5,0.8,0.8
2022-11-06T22:00:00,1375A,113.2544,22.7642,佛山市,容桂街道办,,,,,,,,,,,,,,,,
2022-11-06T22:00:00,1376A,112.8383,22.8678,佛山市,高明孔堂,,34,34,27,22,19,36,6,33,19,53,27,7,7,0.8,0.7
2022-11-06T22:00:00,1377A,112.8836,23.1588,佛山市,三水监测站,颗粒物(PM10),64,78,23,24,18,34,3,29,19,50,30,7,6,0.9,0.7
2022-11-06T22:00:00,1378A,112.867,23.185,佛山市,三水云东海,,32,32,19,15,16,39,2,32,20,30,23,4,5,0.6,0.5
2022-11-06T22:00:00,1379A,113.3769,22.5211,中山市,华柏园,,32,23,19,22,17,32,4,23,15,53,38,5,5,0.7,0.6
2022-11-06T22:00:00,1380A,113.3881,22.5497,中山市,张溪,,35,24,23,24,20,29,3,23,13,48,34,5,5,0.7,0.6
2022-11-06T22:00:00,1381A,113.4075,22.5111,中山市,紫马岭,,28,28,21,16,15,30,1,22,14,46,30,6,6,0.6,0.6
2022-11-06T22:00:00,1382A,113.4411,22.4853,中山市,长江旅游区(对照点),,33,30,18,23,23,30,3,25,19,49,31,6,6,0.7,0.6
2022-11-06T22:00:00,1383A,113.1064,22.6058,江门市,北街,,29,28,18,17,14,36,6,30,14,57,34,6,6,0.7,0.6
2022-11-06T22:00:00,1384A,113.0731,22.5835,江门市,西区,,28,23,21,19,16,33,12,28,12,44,33,6,6,0.7,0.6
2022-11-06T22:00:00,1385A,113.0219,22.5311,江门市,圭峰西,,26,18,17,18,11,41,23,41,25,34,28,5,5,0.7,0.6
2022-11-06T22:00:00,1386A,113.0828,22.5947,江门市,东湖,,34,34,24,16,15,35,8,30,12,42,30,6,6,0.8,0.7
2022-11-06T22:00:00,1387A,113.7875,23.0457,东莞市,东城主山,,,,,,,,,,,,,,,,
2022-11-06T22:00:00,1388A,113.7533,23.0202,东莞市,南城元岭,,,,,,,,,,,,,,,,
2022-11-06T22:00:00,1389A,113.7547,23.0494,东莞市,莞城梨川,,32,31,23,22,15,52,26,40,34,32,25,8,7,0.8,0.8
2022-11-06T22:00:00,1390A,113.7944,23.0128,东莞市,东城石井,,36,33,21,25,15,48,11,37,28,29,18,10,10,0.8,0.7
2022-11-06T22:00:00,1391A,113.7383,22.9658,东莞市,南城西平,,33,33,23,14,13,41,5,33,24,42,29,7,7,0.7,0.6
2022-11-06T22:00:00,1392A,114.4183,23.0528,惠州市,河南岸金山湖子站,,27,27,22,15,12,39,25,35,30,19,17,5,7,0.7,0.6
2022-11-06T22:00:00,1393A,114.4053,23.0822,惠州市,下埔横江三路子站,,23,20,17,16,13,48,29,38,37,20,17,6,6,0.5,0.5
2022-11-06T22:00:00,1394A,114.4103,23.1142,惠州市,江北云山西路子站,,25,17,17,17,13,45,26,38,36,16,12,4,4,0.5,0.5
2022-11-06T22:00:00,1395A,114.4645,22.7833,惠州市,惠阳区承修路船湖子站,,32,26,24,22,16,33,18,32,25,21,18,4,4,0.6,0.5
2022-11-06T22:00:00,1396A,114.5317,22.7422,惠州市,大亚湾管委会子站,,21,21,19,14,15,38,23,32,27,16,15,3,3,0.5,0.5
2022-11-06T22:00:00,1397A,112.4267,23.0706,肇庆市,睦岗子站,,41,41,23,25,15,56,12,44,34,47,27,4,3,0.7,0.6
2022-11-06T22:00:00,1398A,112.4645,23.0475,肇庆市,城中子站,,49,49,24,33,17,55,12,52,38,48,21,15,9,0.8,0.7
2022-11-06T22:00:00,1399A,112.5544,23.1522,肇庆市,坑口子站,细颗粒物(PM2.5),64,69,38,46,26,52,21,50,34,39,24,9,8,0.7,0.6
2022-11-06T22:00:00,1400A,112.4753,23.1,肇庆市,七星岩子站(对照点),,35,35,22,21,15,52,8,46,29,36,15,3,2,0.8,0.7
2022-11-06T22:00:00,1401A,108.3103,22.7881,南宁市,二十一中,,37,37,43,25,28,144,75,124,115,25,17,5,6,0.7,0.8
2022-11-06T22:00:00,1402A,108.3141,22.8528,南宁市,北湖,颗粒物(PM10),53,55,53,28,32,143,52,124,110,37,19,7,8,0.7,0.7
2022-11-06T22:00:00,1403A,108.3206,22.8225,南宁市,市监测站,,41,41,49,27,32,139,70,118,108,34,24,8,10,0.7,0.7
2022-11-06T22:00:00,1404A,108.3829,22.8037,南宁市,大自然花园,,43,43,40,27,28,133,64,115,104,28,18,6,6,0.9,0.9
2022-11-06T22:00:00,1405A,108.4394,22.7904,南宁市,仙葫(对照点),,45,45,36,27,26,125,55,111,103,34,14,8,8,0.8,0.8
2022-11-06T22:00:00,1406A,108.2397,22.8467,南宁市,区农职院,细颗粒物(PM2.5),60,64,52,43,35,165,31,139,118,58,29,6,8,0.7,0.7
2022-11-06T22:00:00,1407A,108.3275,22.735,南宁市,英华嘉园,颗粒物(PM10),65,80,44,40,28,123,6,102,80,88,25,9,7,0.9,0.7
2022-11-06T22:00:00,1408A,108.2257,22.7757,南宁市,沙井镇街道办,颗粒物(PM10),81,111,61,38,33,142,18,113,87,73,37,6,8,0.7,0.7
2022-11-06T22:00:00,1409A,110.576,19.9507,海口市,东寨港(对照点),,,2,9,5,5,59,50,55,51,,,6,6,0.3,0.3
2022-11-06T22:00:00,1410A,110.3232,20.0574,海口市,海南大学,,28,7,10,5,6,98,89,92,90,8,8,3,3,0.6,0.6
2022-11-06T22:00:00,1411A,110.283,20.0053,海口市,秀英海南医院,,25,11,16,7,11,92,80,86,81,10,9,4,4,0.5,0.5
2022-11-06T22:00:00,1412A,110.338,19.9969,海口市,海南师范大学,,24,14,16,8,6,88,74,82,80,10,8,4,4,0.6,0.6
2022-11-06T22:00:00,1413A,110.33,20.0356,海口市,龙华路环保局宿舍,,25,10,15,5,7,90,80,83,80,7,6,3,4,0.7,0.7
2022-11-06T22:00:00,1414A,106.3787,29.8279,重庆市,缙云山(对照点),颗粒物(PM10),70,89,69,47,44,103,100,101,74,13,19,5,3,0.5,0.6
2022-11-06T22:00:00,1416A,106.4213,29.8253,重庆市,天生,细颗粒物(PM2.5),105,101,104,79,76,68,2,46,38,58,37,12,13,1.0,0.9
2022-11-06T22:00:00,1417A,106.6263,29.7228,重庆市,两路,细颗粒物(PM2.5),70,80,72,51,51,73,39,51,49,53,50,8,9,1.0,0.9
2022-11-06T22:00:00,1418A,106.2953,29.5983,重庆市,虎溪,细颗粒物(PM2.5),97,90,92,72,74,70,30,51,46,46,44,9,10,1.1,1.1
2022-11-06T22:00:00,1419A,106.5777,29.5102,重庆市,南坪,细颗粒物(PM2.5),69,78,77,50,56,87,45,62,61,51,44,4,6,0.8,0.8
2022-11-06T22:00:00,1420A,106.6556,29.6277,重庆市,唐家沱,颗粒物(PM10),73,95,77,48,45,81,16,60,54,64,41,10,9,0.6,0.6
2022-11-06T22:00:00,1421A,106.6349,29.4906,重庆市,茶园,颗粒物(PM10),90,130,94,64,55,78,14,57,50,92,60,8,8,0.9,0.7
2022-11-06T22:00:00,1422A,106.3754,29.4572,重庆市,白市驿,细颗粒物(PM2.5),98,101,103,73,71,90,34,65,60,40,41,8,9,0.9,0.9
2022-11-06T22:00:00,1425A,106.6205,29.7166,重庆市,空港,细颗粒物(PM2.5),84,65,77,62,56,75,49,58,57,35,35,7,7,0.8,0.8
2022-11-06T22:00:00,1426A,106.4782,29.4875,重庆市,新山村,细颗粒物(PM2.5),105,143,103,79,62,64,5,48,35,90,65,5,14,1.1,0.8
2022-11-06T22:00:00,1427A,106.5616,29.6453,重庆市,礼嘉,细颗粒物(PM2.5),77,83,75,56,53,62,22,43,41,72,58,11,12,0.7,0.7
2022-11-06T22:00:00,1428A,106.4522,29.7091,重庆市,蔡家,细颗粒物(PM2.5),87,105,100,64,67,54,3,36,27,66,48,6,6,0.9,0.9
2022-11-06T22:00:00,1429A,106.5093,29.3917,重庆市,鱼新街,细颗粒物(PM2.5),84,83,95,62,62,81,19,64,60,65,53,8,15,1.2,1.2
2022-11-06T22:00:00,1431A,103.9728,30.7236,成都市,金泉两河,细颗粒物(PM2.5),92,93,94,68,64,28,6,20,17,40,35,2,3,0.7,0.6
2022-11-06T22:00:00,1432A,104.1419,30.6764,成都市,十里店,细颗粒物(PM2.5),92,96,64,68,47,33,0,21,16,61,44,3,2,0.7,0.6
2022-11-06T22:00:00,1433A,104.0594,30.5767,成都市,三瓦窑,细颗粒物(PM2.5),99,104,62,74,43,52,18,36,32,44,36,2,1,0.5,0.3
2022-11-06T22:00:00,1434A,104.1122,30.6306,成都市,沙河铺,细颗粒物(PM2.5),98,101,68,73,46,34,6,27,21,55,38,4,3,0.7,0.6
2022-11-06T22:00:00,1437A,104.0431,30.6556,成都市,君平街,细颗粒物(PM2.5),109,107,80,82,62,47,4,47,14,57,46,3,2,0.9,0.8
2022-11-06T22:00:00,1438A,103.6202,31.0201,成都市,灵岩寺(对照点),,50,50,30,34,21,59,45,58,41,16,14,3,2,0.8,0.8
2022-11-06T22:00:00,1439A,106.6899,26.5998,贵阳市,马鞍山,细颗粒物(PM2.5),58,53,63,41,47,129,25,109,80,25,21,4,5,0.8,0.8
2022-11-06T22:00:00,1440A,106.6971,26.5694,贵阳市,市环保站,颗粒物(PM10),98,146,84,58,48,126,3,103,63,75,44,7,6,0.9,0.5
2022-11-06T22:00:00,1441A,106.6243,26.6266,贵阳市,鉴湖路,颗粒物(PM10),65,80,71,44,41,122,63,110,93,34,24,9,7,0.6,0.6
2022-11-06T22:00:00,1442A,106.7487,26.6343,贵阳市,燕子冲,细颗粒物(PM2.5),67,63,74,48,57,144,37,122,92,31,21,5,6,0.7,0.6
2022-11-06T22:00:00,1443A,106.6555,26.4365,贵阳市,碧云窝,颗粒物(PM10),76,102,92,53,53,123,35,112,86,35,27,7,7,0.8,0.6
2022-11-06T22:00:00,1444A,106.694,26.5161,贵阳市,中院村,细颗粒物(PM2.5),94,117,81,70,55,121,8,100,58,84,46,14,11,0.9,0.6
2022-11-06T22:00:00,1445A,106.7109,26.6027,贵阳市,红边门,颗粒物(PM10),80,110,80,58,54,137,3,111,68,90,40,19,8,1.6,0.8
2022-11-06T22:00:00,1446A,106.7164,26.5699,贵阳市,新华路,细颗粒物(PM2.5),77,100,87,56,55,136,10,114,79,80,33,8,6,0.8,0.6
2022-11-06T22:00:00,1447A,106.674,26.5424,贵阳市,太慈桥,细颗粒物(PM2.5),62,63,77,44,44,122,18,107,69,38,32,4,6,0.6,0.6
2022-11-06T22:00:00,1450A,102.8204,24.8886,昆明市,呈贡新区,,46,46,32,27,24,115,47,102,89,27,23,7,8,0.4,0.5
2022-11-06T22:00:00,1451A,102.6251,24.9608,昆明市,西山森林公园(对照点),,25,21,31,17,18,102,64,90,85,17,11,13,9,0.5,0.9
2022-11-06T22:00:00,1452A,102.7252,25.0902,昆明市,龙泉镇,颗粒物(PM10),53,55,35,22,22,92,7,79,54,56,26,6,5,1.0,0.8
2022-11-06T22:00:00,1453A,102.7266,25.0375,昆明市,东风东路,,35,35,37,17,24,96,34,82,70,37,30,9,8,0.5,0.7
2022-11-06T22:00:00,1454A,102.6742,25.0669,昆明市,金鼎山,,50,38,47,35,33,91,33,81,66,36,28,5,26,0.6,0.7
2022-11-06T22:00:00,1455A,102.6644,25.0401,昆明市,碧鸡广场,,43,41,40,30,27,94,24,81,63,51,33,10,11,0.7,0.7
2022-11-06T22:00:00,1456A,91.1319,29.6514,拉萨市,八廓街,,,18,12,,,97,81,93,92,10,9,8,8,0,0
2022-11-06T22:00:00,1457A,91.1221,29.6747,拉萨市,市环保局,,27,14,16,7,9,95,84,90,90,9,10,1,1,0.3,0.4
2022-11-06T22:00:00,1458A,91.0874,29.6475,拉萨市,区监测站,,30,16,12,2,4,105,94,102,101,6,9,8,8,0.4,0.5
2022-11-06T22:00:00,1459A,91.1774,29.6541,拉萨市,西藏大学,,28,22,15,4,4,98,88,95,94,8,9,10,10,0,0.1
2022-11-06T22:00:00,1460A,90.9798,29.6588,拉萨市,区辐射站,,25,14,13,9,9,97,78,91,89,11,16,8,9,0.4,0.4
2022-11-06T22:00:00,1461A,91.0834,29.6292,拉萨市,拉萨火车站,,31,16,14,1,5,99,97,97,97,4,13,10,10,0,0
2022-11-06T22:00:00,1462A,108.882,34.2749,西安市,高压开关厂,细颗粒物(PM2.5),135,159,136,103,106,122,5,94,64,114,51,7,8,1.3,0.8
2022-11-06T22:00:00,1463A,108.993,34.2629,西安市,兴庆小区,颗粒物(PM10),86,122,107,59,71,109,9,87,66,99,49,6,6,1.4,1
2022-11-06T22:00:00,1464A,109.06,34.2572,西安市,纺织城,颗粒物(PM10),83,115,135,47,67,99,3,68,47,70,49,8,9,0.9,1
2022-11-06T22:00:00,1465A,108.9356,34.2173,西安市,小寨,颗粒物(PM10),90,129,139,64,77,114,4,83,55,107,55,11,9,1.8,0.8
2022-11-06T22:00:00,1466A,108.954,34.2713,西安市,市人民体育场,细颗粒物(PM2.5),118,140,109,89,97,115,5,89,58,103,46,6,6,1.4,0.8
2022-11-06T22:00:00,1467A,108.8922,34.2322,西安市,高新西区,细颗粒物(PM2.5),100,124,119,75,83,126,14,94,64,115,52,8,8,1.5,1.1
2022-11-06T22:00:00,1468A,108.935,34.3474,西安市,经开区,颗粒物(PM10),103,156,103,76,85,114,3,85,58,118,54,8,7,1.3,0.9
2022-11-06T22:00:00,1469A,108.906,34.1546,西安市,长安区,细颗粒物(PM2.5),83,110,132,61,78,108,5,81,57,70,43,6,6,1.0,0.9
2022-11-06T22:00:00,1470A,109.2,34.6575,西安市,阎良区,,,,,,,,,,,,,,,,
2022-11-06T22:00:00,1471A,109.2186,34.3731,西安市,临潼区,细颗粒物(PM2.5),83,66,125,61,75,113,66,88,78,35,34,6,6,0.7,0.8
2022-11-06T22:00:00,1472A,108.869,34.378,西安市,草滩(对照点),细颗粒物(PM2.5),89,119,117,66,79,113,13,79,60,63,48,8,10,1.1,0.9
2022-11-06T22:00:00,1473A,108.985,34.1978,西安市,曲江文化产业集团,细颗粒物(PM2.5),113,142,141,85,99,108,2,77,51,100,57,6,6,1.2,1
2022-11-06T22:00:00,1474A,109.051,34.3213,西安市,广运潭,颗粒物(PM10),126,201,120,66,81,109,3,86,58,81,51,8,8,1.0,0.9
2022-11-06T22:00:00,1476A,103.631,36.1031,兰州市,兰炼宾馆,细颗粒物(PM2.5),60,61,81,43,52,136,50,102,79,45,50,6,22,0.5,0.8
2022-11-06T22:00:00,1477A,104.1373,35.9454,兰州市,榆中兰大校区(对照点),,,,,,,,,,,,,,,,
2022-11-06T22:00:00,1478A,103.8412,36.0726,兰州市,生物制品所,细颗粒物(PM2.5),58,61,69,41,45,96,6,87,72,79,46,6,12,1.3,1.1
2022-11-06T22:00:00,1479A,103.831,36.0464,兰州市,铁路设计院,颗粒物(PM10),57,64,66,37,41,101,31,87,79,64,46,8,16,0.9,1
2022-11-06T22:00:00,1480A,101.748,36.6428,西宁市,市环境监测站,,,,,,,,,,,,,,,,
2022-11-06T22:00:00,1482A,101.834,36.5819,西宁市,四陆医院,,,,,,,,,,,,,,,,
2022-11-06T22:00:00,1483A,101.524,36.6867,西宁市,第五水厂(对照点),,,,,,,,,,,,,,,,
2022-11-06T22:00:00,1484A,105.9512,38.6016,银川市,贺兰山马莲口(对照点),细颗粒物(PM2.5),67,80,63,48,37,138,106,132,130,23,25,17,23,0.6,0.7
2022-11-06T22:00:00,1488A,106.2328,38.4975,银川市,贺兰山东路,细颗粒物(PM2.5),87,94,112,64,78,124,68,110,100,31,55,15,20,0.8,1.1
2022-11-06T22:00:00,1489A,106.1358,38.5036,银川市,学院路,细颗粒物(PM2.5),104,136,122,78,58,127,33,102,84,67,55,16,21,1.4,1.3
2022-11-06T22:00:00,1490A,87.5801,43.8303,乌鲁木齐市,监测站,细颗粒物(PM2.5),99,109,87,74,57,90,34,78,74,56,44,10,10,1.6,1.3
2022-11-06T22:00:00,1491A,87.6046,43.768,乌鲁木齐市,收费所,细颗粒物(PM2.5),109,112,82,82,59,97,23,82,73,71,43,8,10,0.9,0.7
2022-11-06T22:00:00,1492A,87.4754,43.9469,乌鲁木齐市,新疆农科院农场(对照点),细颗粒物(PM2.5),178,58,32,134,75,67,18,58,53,62,48,10,9,2.1,1.5
2022-11-06T22:00:00,1493A,87.5525,43.8711,乌鲁木齐市,铁路局,细颗粒物(PM2.5),113,123,92,85,65,92,41,78,76,41,36,9,9,1.5,1.3
2022-11-06T22:00:00,1494A,87.6432,43.831,乌鲁木齐市,三十一中学,颗粒物(PM10),108,165,120,,,92,70,82,82,36,34,24,14,0.9,0.7
2022-11-06T22:00:00,1496A,87.7216,44.1747,乌鲁木齐市,米东区环保局,细颗粒物(PM2.5),77,95,139,56,80,131,32,77,74,36,39,11,12,0.8,1
2022-11-06T22:00:00,1508A,112.9433,27.8614,湘潭市,板塘,颗粒物(PM10),55,60,78,29,59,127,58,115,93,55,43,13,6,0.5,0.4
2022-11-06T22:00:00,1511A,112.9118,27.8403,湘潭市,市监测站,,,62,94,28,63,120,,108,92,26,31,16,10,0.8,0.7
2022-11-06T22:00:00,1512A,112.8937,27.8728,湘潭市,江麓,颗粒物(PM10),56,62,88,35,69,132,67,118,91,44,34,16,10,0.7,0.6
2022-11-06T22:00:00,1513A,112.9227,27.8159,湘潭市,岳塘,颗粒物(PM10),56,61,84,30,62,137,77,126,102,38,33,15,9,0.7,0.6
2022-11-06T22:00:00,1514A,112.9074,27.9119,湘潭市,科大,颗粒物(PM10),56,62,78,33,67,135,41,122,88,64,36,10,7,0.6,0.5
2022-11-06T22:00:00,1515A,113.135,27.8244,株洲市,天台山庄,,39,39,52,26,35,125,87,117,110,22,23,13,6,0.5,0.4
2022-11-06T22:00:00,1518A,113.095,27.8867,株洲市,株冶医院,,49,49,68,34,45,123,32,115,88,73,40,10,7,0.6,0.4
2022-11-06T22:00:00,1519A,113.167,27.8667,株洲市,市四中,,41,41,47,26,41,129,102,121,109,20,26,10,6,0.6,0.5
2022-11-06T22:00:00,1520A,113.143,27.8381,株洲市,火车站,,48,48,57,27,41,120,83,112,98,23,24,14,10,0.8,0.7
2022-11-06T22:00:00,1524A,113.13,27.8528,株洲市,市监测站,,44,44,57,30,44,124,94,118,112,22,23,11,7,0.7,0.6
2022-11-06T22:00:00,1552A,106.805,26.3003,贵阳市,桐木岭(对照点),,,,,,,,,,,,,,,,
2022-11-06T22:00:00,1559A,113.251,27.8336,株洲市,大京风景区(对照点),,36,36,51,25,31,115,35,104,79,6,7,6,7,0.6,0.6
2022-11-06T22:00:00,1562A,113.0048,27.9153,湘潭市,昭山,颗粒物(PM10),53,56,100,32,52,123,29,110,70,71,42,9,5,0.5,0.5
2022-11-06T22:00:00,1564A,112.4876,27.9164,湘潭市,韶山(对照点),颗粒物(PM10),51,52,51,21,34,140,58,126,104,19,17,6,7,0.7,0.7
2022-11-06T22:00:00,1585A,109.8756,40.6532,包头市,市环境监测站,,24,24,45,9,23,85,56,81,66,16,31,8,13,0.3,0.9
2022-11-06T22:00:00,1587A,109.9991,40.5842,包头市,包头八中,,43,43,64,10,29,84,20,78,56,50,41,9,19,0.3,0.5
2022-11-06T22:00:00,1588A,109.8538,40.6821,包头市,青山宾馆,,36,36,60,5,28,85,49,81,63,21,37,13,16,0.5,0.8
2022-11-06T22:00:00,1589A,109.8642,40.6288,包头市,惠龙物流,,28,28,55,15,26,86,59,82,68,16,34,8,14,0.3,0.5
2022-11-06T22:00:00,1590A,110.0377,40.5546,包头市,东河鸿龙湾,,28,28,59,4,26,81,12,78,57,55,33,10,14,0.6,0.6
2022-11-06T22:00:00,1591A,110.0023,39.8129,鄂尔多斯市,综合楼,,33,33,57,8,30,81,54,74,65,28,27,8,10,0.5,0.7
2022-11-06T22:00:00,1592A,109.9486,39.8261,鄂尔多斯市,巴音孟克林场办事处,,46,46,61,17,32,85,50,81,67,33,26,10,10,0.6,0.7
2022-11-06T22:00:00,1593A,109.7736,39.5986,鄂尔多斯市,康泽苑,,34,34,49,12,27,92,62,89,78,15,15,4,6,0.4,0.5
2022-11-06T22:00:00,1594A,109.8119,39.5989,鄂尔多斯市,华泰汽车城,,39,39,53,17,35,93,60,90,79,17,19,5,6,0.5,0.6
2022-11-06T22:00:00,1595A,109.9734,39.7884,鄂尔多斯市,奥林花园,,46,46,74,12,36,90,64,86,77,23,28,8,8,0.3,0.6
2022-11-06T22:00:00,1596A,122.2414,40.6592,营口市,学府南路,,,,,,,,,,,,,,,,
2022-11-06T22:00:00,1597A,122.2703,40.7094,营口市,大庆路,细颗粒物(PM2.5),92,78,71,68,58,104,71,91,82,40,42,18,17,1.1,1.3
2022-11-06T22:00:00,1598A,122.215,40.6511,营口市,镜湖西路,细颗粒物(PM2.5),74,90,74,54,45,89,70,84,73,26,33,6,7,1.2,1.1
2022-11-06T22:00:00,1599A,122.167,40.6655,营口市,西炮台,细颗粒物(PM2.5),88,90,74,65,50,96,67,92,79,41,38,14,13,1.1,0.9
2022-11-06T22:00:00,1600A,124.3303,40.0625,丹东市,江湾东路,,49,49,62,25,38,45,43,36,36,10,21,10,14,0.8,1.2
2022-11-06T22:00:00,1601A,124.4256,40.1503,丹东市,临江后街,"颗粒物(PM10),细颗粒物(PM2.5)",69,87,61,50,35,93,48,83,72,24,23,11,17,1.3,1
2022-11-06T22:00:00,1602A,124.3933,40.1461,丹东市,元宝山,颗粒物(PM10),54,57,67,35,44,84,66,78,76,16,30,14,20,1.1,1.3
2022-11-06T22:00:00,1603A,124.3633,40.1092,丹东市,民主桥,颗粒物(PM10),72,94,62,41,33,86,19,78,66,56,26,11,14,1.3,0.9
2022-11-06T22:00:00,1604A,122.0303,41.1489,盘锦市,开发区,细颗粒物(PM2.5),113,67,57,85,60,83,56,70,63,35,40,8,14,1.1,1
2022-11-06T22:00:00,1605A,122.0485,41.0883,盘锦市,兴隆台,细颗粒物(PM2.5),102,72,61,76,57,76,49,67,56,39,42,18,19,1.0,1.1
2022-11-06T22:00:00,1606A,121.8297,41.1028,盘锦市,新生街道,细颗粒物(PM2.5),113,71,48,85,53,100,63,87,76,21,32,9,15,0.9,0.8
2022-11-06T22:00:00,1607A,120.9092,40.7136,葫芦岛市,龙港区,细颗粒物(PM2.5),93,62,70,69,71,85,72,80,78,24,37,17,18,1.0,1.1
2022-11-06T22:00:00,1608A,120.8392,40.7514,葫芦岛市,化工街,细颗粒物(PM2.5),117,117,94,88,54,81,21,76,62,86,53,13,14,1.0,0.9
2022-11-06T22:00:00,1609A,120.8341,40.7073,葫芦岛市,新区,细颗粒物(PM2.5),117,89,73,88,61,89,48,81,76,48,44,18,18,1.3,1.2
2022-11-06T22:00:00,1610A,120.8695,40.7677,葫芦岛市,东城区,细颗粒物(PM2.5),124,104,79,94,55,68,4,61,46,91,48,19,19,1.3,1.1
2022-11-06T22:00:00,1611A,118.5819,24.9117,泉州市,涂山街,,27,27,27,14,10,105,78,96,87,8,8,6,7,0.5,0.5
2022-11-06T22:00:00,1612A,118.5972,24.8978,泉州市,津头埔,,26,26,30,10,12,103,73,92,79,13,12,6,6,0.5,0.5
2022-11-06T22:00:00,1613A,118.6663,24.9424,泉州市,万安,,29,29,33,15,20,113,83,101,88,6,8,6,7,0.5,0.5
2022-11-06T22:00:00,1614A,118.6117,24.9604,泉州市,清源山(对照点),,,,,,,,,,,,,,,,
2022-11-06T22:00:00,1616A,117.6795,36.229,济南市,技术学院,"颗粒物(PM10),细颗粒物(PM2.5)",90,129,110,67,60,98,51,92,82,70,59,10,13,1.3,1.1
2022-11-06T22:00:00,1618A,118.3429,35.0532,临沂市,沂河小区,细颗粒物(PM2.5),68,75,113,49,84,105,89,91,91,38,63,42,22,0.5,0.8
2022-11-06T22:00:00,1619A,118.295,35.0583,临沂市,鲁南制药厂,细颗粒物(PM2.5),68,83,120,49,72,100,80,90,87,38,55,26,23,0.6,0.9
2022-11-06T22:00:00,1620A,118.2794,34.9976,临沂市,新光毛纺厂,细颗粒物(PM2.5),84,112,128,62,83,101,52,84,72,60,68,19,18,0.9,1.1
2022-11-06T22:00:00,1621A,118.3956,35.0888,临沂市,河东保险公司,细颗粒物(PM2.5),78,97,118,57,81,112,30,90,63,70,67,8,17,1.0,1.1
2022-11-06T22:00:00,1622A,116.3032,37.4674,德州市,儿童乐园,细颗粒物(PM2.5),92,128,106,68,52,116,67,106,92,39,32,12,14,0.8,0.7
2022-11-06T22:00:00,1624A,116.2991,37.4451,德州市,监理站,细颗粒物(PM2.5),119,128,103,90,66,119,67,109,94,33,25,14,16,0.8,0.7
2022-11-06T22:00:00,1625A,115.9848,36.4372,聊城市,区政府,颗粒物(PM10),91,132,109,63,52,88,42,78,67,43,32,18,21,0.8,0.7
2022-11-06T22:00:00,1628A,118.0062,37.3803,滨州市,市环保局,细颗粒物(PM2.5),83,110,111,61,59,103,37,84,65,39,44,20,25,0.9,0.9
2022-11-06T22:00:00,1629A,118.0018,37.3617,滨州市,第二水厂,细颗粒物(PM2.5),79,98,100,58,55,107,36,90,69,62,68,17,19,0.8,0.9
2022-11-06T22:00:00,1630A,117.9776,37.393,滨州市,北中新校,细颗粒物(PM2.5),79,83,90,58,54,108,40,86,68,52,58,18,19,0.7,0.7
2022-11-06T22:00:00,1631A,118.0414,36.8103,淄博市,人民公园,细颗粒物(PM2.5),89,114,96,66,57,92,16,76,41,80,52,12,13,1.3,0.8
2022-11-06T22:00:00,1632A,118.0253,36.8406,淄博市,东风化工厂,,,,,,,,,,,,,,,,
2022-11-06T22:00:00,1633A,117.8525,36.4847,淄博市,双山,细颗粒物(PM2.5),87,95,79,64,47,102,78,95,92,28,25,8,12,0.7,0.7
2022-11-06T22:00:00,1634A,117.9592,36.6331,淄博市,气象站,细颗粒物(PM2.5),77,101,73,56,40,100,85,92,61,36,39,13,12,0.6,0.7
2022-11-06T22:00:00,1635A,118.3092,36.8194,淄博市,莆田园,细颗粒物(PM2.5),89,100,83,66,57,95,58,79,74,45,44,12,10,1.6,1.4
2022-11-06T22:00:00,1636A,117.8661,36.805,淄博市,三金集团,,,,,,,,,,,,,,,,
2022-11-06T22:00:00,1637A,117.558,34.8438,枣庄市,市中区政府,细颗粒物(PM2.5),100,144,140,75,79,112,71,103,91,58,52,13,13,0.9,0.9
2022-11-06T22:00:00,1638A,117.2852,34.7837,枣庄市,薛城环保局,细颗粒物(PM2.5),79,95,105,58,62,107,99,97,97,44,46,22,25,1.0,0.9
2022-11-06T22:00:00,1639A,117.5852,34.7745,枣庄市,峄城区政府,颗粒物(PM10),80,110,127,58,74,131,99,110,110,34,44,14,13,1.1,1.1
2022-11-06T22:00:00,1640A,117.7276,34.5578,枣庄市,台儿庄区环保局,细颗粒物(PM2.5),79,97,104,58,64,143,68,101,101,40,45,10,12,1.1,1
2022-11-06T22:00:00,1641A,117.4518,35.0992,枣庄市,山亭区环保局,颗粒物(PM10),62,73,78,42,47,131,127,125,125,30,31,11,13,1.1,1
2022-11-06T22:00:00,1642A,121.2514,37.5639,烟台市,开发区,,29,17,58,14,34,114,90,105,99,15,36,10,11,0.4,0.6
2022-11-06T22:00:00,1643A,121.3719,37.5433,烟台市,轴承厂,,,,54,8,35,137,106,124,116,9,19,9,12,0.2,0.4
2022-11-06T22:00:00,1644A,121.3181,37.5436,烟台市,西郊化工站,,34,24,62,11,34,132,106,124,119,10,19,12,14,0.6,0.9
2022-11-06T22:00:00,1645A,121.4478,37.4822,烟台市,莱山环保局,,,,59,,35,133,103,121,108,8,18,8,11,0.4,0.5
2022-11-06T22:00:00,1646A,121.2611,37.4967,烟台市,福山环保局,,,,74,,38,40,,22,,,43,,8,,0.7
2022-11-06T22:00:00,1648A,119.12,36.7019,潍坊市,仲裁委,,,,,,,,,,,,,,,,
2022-11-06T22:00:00,1650A,119.1437,36.7023,潍坊市,环保局,颗粒物(PM10),52,53,95,33,52,93,93,79,78,23,54,5,7,0.7,0.9
2022-11-06T22:00:00,1652A,119.1936,36.7729,潍坊市,寒亭监测站,,,,,,,,,,,,,,,,
2022-11-06T22:00:00,1653A,116.6251,35.4302,济宁市,火炬城,细颗粒物(PM2.5),119,107,80,90,65,102,82,93,91,34,30,12,11,0.7,0.6
2022-11-06T22:00:00,1655A,116.5491,35.4042,济宁市,电化厂,细颗粒物(PM2.5),125,123,93,95,65,101,80,90,89,35,33,16,13,0.9,0.7
2022-11-06T22:00:00,1656A,117.1437,36.1937,泰安市,监测站,细颗粒物(PM2.5),92,110,86,68,60,113,62,99,86,28,26,11,14,0.7,0.7
2022-11-06T22:00:00,1657A,117.0885,36.2017,泰安市,人口学校,细颗粒物(PM2.5),75,92,79,55,46,104,84,96,93,30,26,13,14,0.5,0.6
2022-11-06T22:00:00,1658A,117.1089,36.1758,泰安市,电力学校,颗粒物(PM10),75,100,79,38,34,111,66,96,88,37,36,11,13,1.0,0.9
2022-11-06T22:00:00,1659A,119.471,35.4209,日照市,监测站,,41,41,77,15,39,136,81,114,101,33,45,10,10,0.7,1.3
2022-11-06T22:00:00,1660A,119.523,35.4216,日照市,市政府广场,,41,41,79,13,43,130,93,118,110,17,44,6,13,0.5,1.1
2022-11-06T22:00:00,1661A,119.5587,35.4044,日照市,港务局,,48,48,83,17,44,134,100,126,119,13,50,6,14,0.6,1.2
2022-11-06T22:00:00,1662A,122.1214,37.4236,威海市,华夏技校,,29,19,38,12,25,123,90,113,105,12,14,6,7,0.1,0.3
2022-11-06T22:00:00,1663A,122.0508,37.5236,威海市,山大分校,,27,20,37,10,16,125,85,114,104,14,18,4,5,0.3,0.5
2022-11-06T22:00:00,1664A,122.1067,37.5072,威海市,市监测站,,30,20,34,7,19,125,96,116,108,10,20,5,6,0.4,0.5
2022-11-06T22:00:00,1665A,118.5019,37.4658,东营市,西城阳光环保公司,,,,,,,,,,,,,,,,
2022-11-06T22:00:00,1666A,118.6614,37.4309,东营市,市环保局,细颗粒物(PM2.5),62,70,89,44,49,104,56,92,81,35,50,30,15,1.0,1
2022-11-06T22:00:00,1669A,113.5824,24.7733,韶关市,市八中,,26,26,17,16,13,61,34,50,45,15,11,7,7,0.6,0.6
2022-11-06T22:00:00,1670A,113.5556,24.8082,韶关市,碧湖山庄,,,,,,,,,,,,,,,,
2022-11-06T22:00:00,1671A,113.5917,24.7972,韶关市,园林处,,,17,13,,10,62,36,54,51,8,6,7,8,0.5,0.4
2022-11-06T22:00:00,1672A,113.6735,24.7791,韶关市,韶关学院,,28,15,16,19,18,55,21,46,42,23,14,6,7,0.5,0.5
2022-11-06T22:00:00,1673A,113.5971,24.6863,韶关市,曲江监测站,,37,37,21,19,16,48,30,42,35,18,15,11,7,0.7,0.7
2022-11-06T22:00:00,1674A,116.6794,23.3667,汕头市,金平子站,,35,35,29,17,13,133,93,120,116,22,18,12,11,0.5,0.4
2022-11-06T22:00:00,1675A,116.7244,23.3633,汕头市,龙湖子站,颗粒物(PM10),54,58,37,13,9,135,95,121,117,22,16,11,10,0.6,0.5
2022-11-06T22:00:00,1676A,116.7258,23.2775,汕头市,濠江子站,,40,31,22,28,15,127,100,111,110,14,13,8,9,0.6,0.6
2022-11-06T22:00:00,1677A,116.7519,23.4714,汕头市,澄海子站,,37,37,27,22,14,135,97,117,113,17,17,5,8,0.6,0.6
2022-11-06T22:00:00,1678A,116.6092,23.2539,汕头市,潮阳子站,,33,32,27,10,9,120,104,112,110,11,13,8,9,0.6,0.6
2022-11-06T22:00:00,1679A,116.4069,23.2533,汕头市,潮南子站,,,,,,,,,,,,,,,,
2022-11-06T22:00:00,1680A,110.3539,21.2706,湛江市,湛江影剧院,,24,18,24,15,15,97,75,95,91,16,18,6,17,0.6,0.7
2022-11-06T22:00:00,1681A,110.3928,21.2228,湛江市,市环境监测站,,28,0,22,19,14,105,78,96,94,10,13,6,12,0.6,0.6
2022-11-06T22:00:00,1682A,110.4019,21.1997,湛江市,环保局宿舍,,24,23,21,15,17,106,76,97,92,12,14,7,11,0.6,0.6
2022-11-06T22:00:00,1683A,110.4111,21.2028,湛江市,霞山游泳场,,26,20,20,14,16,109,81,100,98,9,12,7,12,0.5,0.5
2022-11-06T22:00:00,1684A,110.3316,21.2679,湛江市,麻章区环保局,,28,19,29,19,20,93,76,88,86,12,17,7,21,0.7,0.7
2022-11-06T22:00:00,1685A,110.4558,21.2567,湛江市,坡头区环保局,,25,23,21,17,18,113,76,99,97,8,12,6,12,0.6,0.7
2022-11-06T22:00:00,1686A,111.0286,21.4688,茂名市,电白南海,,27,27,26,12,8,99,47,83,68,14,13,7,9,0.5,0.5
2022-11-06T22:00:00,1687A,110.9294,21.6533,茂名市,茂石化七小,,35,29,19,24,14,93,48,84,72,11,11,11,13,0.6,0.6
2022-11-06T22:00:00,1688A,110.9107,21.6687,茂名市,健康路,,22,22,21,15,10,96,50,88,76,10,11,11,14,0.8,0.8
2022-11-06T22:00:00,1689A,110.8592,21.6828,茂名市,高岭,,32,24,22,22,21,110,45,97,79,19,14,10,20,0.3,0.2
2022-11-06T22:00:00,1690A,116.1231,24.3284,梅州市,梅江月梅,,35,25,20,24,11,62,2,46,29,35,23,4,4,0.5,0.5
2022-11-06T22:00:00,1691A,116.0797,24.2719,梅州市,梅县新城,,29,23,19,20,13,57,18,45,35,26,19,8,8,0.5,0.5
2022-11-06T22:00:00,1692A,116.1248,24.2654,梅州市,环境监控中心,,33,33,21,18,11,61,14,45,35,29,24,7,7,0.5,0.4
2022-11-06T22:00:00,1693A,115.3653,22.775,汕尾市,市环保局,,31,31,29,15,14,101,50,94,87,14,13,8,8,0.8,0.8
2022-11-06T22:00:00,1694A,115.3706,22.7898,汕尾市,市政府,,32,23,25,22,14,103,44,83,68,11,12,8,8,0.6,0.6
2022-11-06T22:00:00,1695A,115.3622,22.7925,汕尾市,新城中学,,29,29,30,16,18,108,43,84,64,8,8,8,9,0.6,0.6
2022-11-06T22:00:00,1696A,114.6778,23.7569,河源市,源西(对照点),,18,17,14,12,10,41,4,36,24,33,16,4,4,0.8,0.7
2022-11-06T22:00:00,1697A,114.6944,23.7586,河源市,东埔,,18,12,13,12,11,44,21,37,29,19,13,4,4,0.7,0.6
2022-11-06T22:00:00,1698A,114.6892,23.7233,河源市,老城,,24,24,17,16,13,43,20,39,31,23,14,4,4,0.8,0.7
2022-11-06T22:00:00,1699A,111.9797,21.8593,阳江市,鸳鸯湖(对照点),,48,28,18,33,19,71,31,57,50,16,12,7,6,0.7,0.7
2022-11-06T22:00:00,1700A,111.9508,21.8536,阳江市,南恩路,,,,,,,,,,,,,,,,
2022-11-06T22:00:00,1701A,111.9491,21.8658,阳江市,马南垌,细颗粒物(PM2.5),63,32,20,45,20,65,29,52,46,26,23,7,6,0.6,0.6
2022-11-06T22:00:00,1702A,113.0426,23.691,清远市,环保大楼(对照点),,25,22,16,17,14,58,38,53,51,16,11,7,3,0.8,0.7
2022-11-06T22:00:00,1703A,113.0208,23.7106,清远市,凤城街办,,29,29,22,20,14,41,27,37,34,22,13,9,7,1.0,0.8
2022-11-06T22:00:00,1705A,116.6367,23.6719,潮州市,西园路(对照点),,40,40,28,19,17,112,79,89,71,11,10,15,11,0.7,0.7
2022-11-06T22:00:00,1706A,116.6447,23.6706,潮州市,档案局,,40,40,28,17,15,110,81,86,67,12,9,11,11,0.6,0.6
2022-11-06T22:00:00,1708A,116.3701,23.5345,揭阳市,新兴,,47,47,39,24,26,117,89,92,79,17,17,16,17,0.6,0.6
2022-11-06T22:00:00,1709A,116.3264,23.5443,揭阳市,西马,,48,48,42,19,24,115,91,98,66,12,15,13,12,0.6,0.6
2022-11-06T22:00:00,1710A,116.3611,23.5626,揭阳市,东兴,,47,47,42,21,26,111,84,84,66,16,19,16,16,0.5,0.5
2022-11-06T22:00:00,1711A,116.4151,23.5294,揭阳市,渔湖,,50,50,44,24,25,108,81,88,81,18,18,13,17,0.6,0.6
2022-11-06T22:00:00,1712A,112.0392,22.9169,云浮市,新市府(对照点),,20,20,13,14,9,49,8,47,29,20,11,5,6,0.7,0.6
2022-11-06T22:00:00,1713A,112.0369,22.9394,云浮市,市监测站,,,,,,,,,,,,,,,,
2022-11-06T22:00:00,1714A,112.0539,22.9539,云浮市,牧羊,,26,26,20,17,11,43,16,28,21,20,20,11,12,0.7,0.7
2022-11-06T22:00:00,1715A,102.575,24.3711,玉溪市,东风水库,,37,37,33,16,25,90,46,81,73,14,12,5,5,0.6,0.7
2022-11-06T22:00:00,1718A,115.4208,35.2464,菏泽市,气象局,颗粒物(PM10),94,138,109,67,58,131,46,116,104,64,30,7,10,1.0,0.6
2022-11-06T22:00:00,1719A,115.4747,35.2375,菏泽市,市政协,细颗粒物(PM2.5),107,145,101,80,59,138,33,117,99,87,38,11,9,0.7,0.5
2022-11-06T22:00:00,1720A,115.455,35.27,菏泽市,菏泽学院,,,,,,,,,,,,,,,,
2022-11-06T22:00:00,1721A,113.3819,40.1097,大同市,果树场(对照点),,,,,,,,,,,,,,,,
2022-11-06T22:00:00,1723A,113.2994,40.0758,大同市,云冈宾馆,,,95,100,,,40,14,28,14,47,48,22,18,2.1,1.7
2022-11-06T22:00:00,1724A,113.3444,40.0917,大同市,大同大学,,,,,57,53,54,34,44,32,31,31,29,29,1.4,1
2022-11-06T22:00:00,1725A,113.2661,40.1269,大同市,安家小村,,,,,,,,,,,,,,,,
2022-11-06T22:00:00,1726A,113.2711,40.0844,大同市,教育学院,细颗粒物(PM2.5),105,104,96,79,66,39,18,30,17,39,45,13,24,0.8,0.8
2022-11-06T22:00:00,1727A,113.1147,36.1547,长治市,清华站,颗粒物(PM10),66,81,56,44,43,102,22,91,62,37,23,8,9,0.6,0.5
2022-11-06T22:00:00,1728A,113.1031,36.1989,长治市,监测站,细颗粒物(PM2.5),77,85,58,56,47,92,22,87,50,47,31,7,9,1.2,0.9
2022-11-06T22:00:00,1730A,113.0886,36.2125,长治市,审计局,细颗粒物(PM2.5),70,58,53,51,51,95,54,82,67,27,25,4,6,0.4,0.4
2022-11-06T22:00:00,1731A,113.0844,36.1856,长治市,长治八中,细颗粒物(PM2.5),79,88,68,58,40,94,18,79,53,50,29,12,12,0.9,0.7
2022-11-06T22:00:00,1733A,111.5531,36.0783,临汾市,临钢医院,细颗粒物(PM2.5),135,132,89,103,81,87,10,66,46,51,50,3,4,1.7,1.2
2022-11-06T22:00:00,1734A,111.5028,36.0714,临汾市,技工学校,细颗粒物(PM2.5),163,176,126,124,85,82,11,62,52,64,44,9,8,1.3,0.9
2022-11-06T22:00:00,1735A,111.5169,36.0822,临汾市,工商学校,,,,,,,,,,,,,,,,
2022-11-06T22:00:00,1736A,111.5018,36.0855,临汾市,市委,细颗粒物(PM2.5),158,173,113,120,80,76,8,60,50,70,45,2,4,1.4,1.1
2022-11-06T22:00:00,1738A,113.5758,37.8572,阳泉市,市中心,细颗粒物(PM2.5),189,197,123,142,76,103,9,74,58,71,45,12,13,1.8,1.2
2022-11-06T22:00:00,1739A,113.4894,37.8731,阳泉市,赛鱼,细颗粒物(PM2.5),160,153,108,122,80,94,2,75,44,64,44,9,14,1.4,0.8
2022-11-06T22:00:00,1740A,113.5819,37.8486,阳泉市,南庄,细颗粒物(PM2.5),160,185,135,122,79,99,26,70,55,38,40,11,14,1.7,1.4
2022-11-06T22:00:00,1741A,113.6292,37.8531,阳泉市,白羊墅,,,,,,,,,,,,,,,,
2022-11-06T22:00:00,1742A,113.5614,37.8703,阳泉市,平坦,细颗粒物(PM2.5),166,194,130,126,81,105,17,81,64,71,49,13,15,1.8,1.3
2022-11-06T22:00:00,1743A,113.5158,37.8392,阳泉市,大阳泉,细颗粒物(PM2.5),172,147,89,130,69,103,57,88,78,40,32,16,13,1.6,1.1
2022-11-06T22:00:00,1744A,118.9233,42.2816,赤峰市,松山一中,颗粒物(PM10),91,132,63,56,22,59,11,45,29,72,52,39,21,1.4,1
2022-11-06T22:00:00,1745A,118.9576,42.2728,赤峰市,哈达街,颗粒物(PM10),87,123,62,55,26,71,17,52,36,72,45,22,19,1.4,0.8
2022-11-06T22:00:00,1746A,118.8788,42.2554,赤峰市,天义路,颗粒物(PM10),84,117,60,42,20,63,10,46,30,63,49,40,22,1.1,0.8
2022-11-06T22:00:00,1748A,123.044,41.1196,鞍山市,深沟寺,细颗粒物(PM2.5),59,56,63,42,44,111,89,99,88,14,19,8,11,0.7,0.8
2022-11-06T22:00:00,1749A,123.011,41.0931,鞍山市,太阳城,颗粒物(PM10),55,59,64,37,43,106,83,93,83,13,17,10,13,0.6,0.6
2022-11-06T22:00:00,1750A,123.0485,41.1442,鞍山市,太平,细颗粒物(PM2.5),58,61,75,41,46,101,84,88,72,14,26,12,17,0.7,0.8
2022-11-06T22:00:00,1751A,122.9642,41.0971,鞍山市,铁西三道街,颗粒物(PM10),61,72,88,40,47,106,58,84,59,40,41,23,21,1.1,1
2022-11-06T22:00:00,1752A,122.9341,41.0833,鞍山市,铁西工业园区,颗粒物(PM10),58,66,92,40,47,102,61,87,72,28,34,12,16,0.9,1
2022-11-06T22:00:00,1753A,123.022,41.0821,鞍山市,明达新区,细颗粒物(PM2.5),55,57,69,39,44,105,82,92,82,13,22,11,15,0.6,0.8
2022-11-06T22:00:00,1754A,123.1289,41.0228,鞍山市,千山(对照点),,,,,,,,,,,,,,,,
2022-11-06T22:00:00,1755A,123.7977,41.8491,抚顺市,望花区,细颗粒物(PM2.5),77,76,117,56,62,96,61,78,70,24,38,16,19,0.5,0.8
2022-11-06T22:00:00,1756A,123.9161,41.8822,抚顺市,顺城区,细颗粒物(PM2.5),69,74,78,50,50,84,58,71,66,28,36,14,15,1.2,1.5
2022-11-06T22:00:00,1757A,124.0436,41.8611,抚顺市,东洲区,细颗粒物(PM2.5),73,71,70,53,45,92,71,82,76,16,25,13,14,1.0,0.8
2022-11-06T22:00:00,1758A,123.9247,41.8642,抚顺市,新抚区,细颗粒物(PM2.5),75,74,90,55,55,84,47,67,60,25,34,9,10,0.8,1
2022-11-06T22:00:00,1759A,124.0972,41.8961,抚顺市,大伙房水库,细颗粒物(PM2.5),67,65,58,48,41,90,72,82,79,13,21,8,9,0.7,0.8
2022-11-06T22:00:00,1760A,123.7086,41.8391,抚顺市,沈抚新城,细颗粒物(PM2.5),75,90,121,55,56,94,39,74,60,31,36,16,34,1.3,1.9
2022-11-06T22:00:00,1761A,123.8275,41.3064,本溪市,大峪,,,33,50,30,35,85,74,79,76,,32,11,13,1.0,1.3
2022-11-06T22:00:00,1762A,123.7567,41.3325,本溪市,溪湖,颗粒物(PM10),60,69,107,35,42,84,46,73,63,44,38,32,16,1.2,1.2
2022-11-06T22:00:00,1763A,123.7169,41.3094,本溪市,彩屯,颗粒物(PM10),74,98,135,52,77,70,48,52,38,39,53,20,35,1.7,3
2022-11-06T22:00:00,1764A,123.7669,41.2864,本溪市,东明,,43,33,60,30,35,87,72,79,75,24,35,14,16,0.5,0.9
2022-11-06T22:00:00,1765A,123.7992,41.2664,本溪市,新立屯,,38,34,40,26,31,86,76,78,76,16,29,10,12,0.7,1.1
2022-11-06T22:00:00,1766A,123.8142,41.3472,本溪市,威宁,颗粒物(PM10),52,53,66,27,34,81,52,71,56,27,34,10,10,0.5,0.8
2022-11-06T22:00:00,1767A,121.1115,41.0879,锦州市,南山,细颗粒物(PM2.5),138,72,56,105,70,75,15,61,49,80,40,16,19,1.1,1.2
2022-11-06T22:00:00,1768A,121.0533,40.8434,锦州市,开发区,细颗粒物(PM2.5),114,78,93,86,69,74,33,64,58,63,45,20,44,1.2,1.5
2022-11-06T22:00:00,1769A,121.1836,41.1119,锦州市,百股街道,细颗粒物(PM2.5),110,86,62,83,50,83,18,70,58,80,42,18,24,1.8,1.2
2022-11-06T22:00:00,1770A,121.1178,41.1222,锦州市,天安街道,细颗粒物(PM2.5),137,84,60,104,60,80,26,66,59,64,44,14,18,1.3,0.9
2022-11-06T22:00:00,1771A,121.1303,41.1386,锦州市,北湖公园,细颗粒物(PM2.5),123,67,50,93,51,79,34,67,61,55,29,16,23,1.2,1
2022-11-06T22:00:00,1772A,126.54,43.8622,吉林市,哈达湾,细颗粒物(PM2.5),54,53,42,38,23,77,44,62,52,37,31,13,12,0.8,0.6
2022-11-06T22:00:00,1773A,126.5844,43.8358,吉林市,东局子,颗粒物(PM10),63,76,42,43,20,74,20,67,52,59,30,13,9,1.0,0.7
2022-11-06T22:00:00,1774A,126.5052,43.8245,吉林市,电力学院,细颗粒物(PM2.5),90,95,48,67,31,73,18,68,36,48,35,13,11,1.4,1
2022-11-06T22:00:00,1775A,126.6133,43.8972,吉林市,江北,,37,37,37,20,22,75,48,66,58,28,25,12,9,0.6,0.7
2022-11-06T22:00:00,1776A,126.555,43.8306,吉林市,江南公园,"颗粒物(PM10),细颗粒物(PM2.5)",57,64,44,40,27,61,30,49,37,40,33,8,7,0.9,0.7
2022-11-06T22:00:00,1778A,126.7061,43.7133,吉林市,丰满(对照点),,,,,,,,,,,,,,,,
2022-11-06T22:00:00,1779A,123.9305,47.3636,齐齐哈尔市,安居小区,颗粒物(PM10),71,92,75,31,40,81,10,62,28,52,29,8,10,0.7,0.8
2022-11-06T22:00:00,1780A,123.9488,47.3386,齐齐哈尔市,中心广场,颗粒物(PM10),62,74,70,27,31,69,29,53,30,35,32,7,9,0.8,0.6
2022-11-06T22:00:00,1781A,123.9483,47.3227,齐齐哈尔市,农牧车辆厂,颗粒物(PM10),58,66,64,25,15,67,25,54,30,34,29,10,11,0.8,0.6
2022-11-06T22:00:00,1783A,123.945,47.2988,齐齐哈尔市,市环境监测站,颗粒物(PM10),62,74,65,40,34,68,15,57,33,47,28,6,8,0.6,0.6
2022-11-06T22:00:00,1784A,129.61,44.561,牡丹江市,环保大楼,颗粒物(PM10),71,91,69,44,51,62,5,50,25,48,33,7,6,1.3,0.6
2022-11-06T22:00:00,1785A,129.6115,44.5782,牡丹江市,文化广场,颗粒物(PM10),60,70,80,40,56,59,4,45,22,47,34,11,7,1.2,0.7
2022-11-06T22:00:00,1786A,129.5904,44.5963,牡丹江市,第一医院,细颗粒物(PM2.5),58,56,83,41,64,55,15,45,23,33,32,19,11,1.0,1.1
2022-11-06T22:00:00,1787A,129.6364,44.6075,牡丹江市,机车工厂,颗粒物(PM10),53,55,95,32,61,61,13,51,29,34,30,2,2,0.7,0.8
2022-11-06T22:00:00,1788A,129.6386,44.5462,牡丹江市,第一中学,,,35,60,13,41,61,4,52,27,,26,4,4,0.6,0.5
2022-11-06T22:00:00,1789A,124.81117,46.03138,大庆市,大同区,细颗粒物(PM2.5),85,101,67,63,40,59,27,50,35,48,26,9,7,0.7,0.6
2022-11-06T22:00:00,1790A,125.129,46.533,大庆市,龙凤区,细颗粒物(PM2.5),168,188,68,127,43,60,5,46,23,66,29,17,9,1.4,0.7
2022-11-06T22:00:00,1791A,124.902,46.408,大庆市,红岗区,细颗粒物(PM2.5),62,63,45,44,23,63,16,50,32,42,23,7,4,0.9,0.6
2022-11-06T22:00:00,1792A,125.153,46.586,大庆市,萨尔图区,细颗粒物(PM2.5),125,151,58,95,37,61,3,46,22,82,40,12,10,1.1,0.5
2022-11-06T22:00:00,1793A,124.9042,46.6215,大庆市,让胡路区,,,100,42,41,19,53,6,43,16,73,39,9,7,1.7,0.7
2022-11-06T22:00:00,1794A,118.3606,31.3519,芜湖市,监测站,颗粒物(PM10),51,52,49,35,36,124,50,106,88,54,37,10,12,0.6,0.6
2022-11-06T22:00:00,1795A,118.3714,31.4134,芜湖市,科创中心,细颗粒物(PM2.5),62,68,59,44,38,136,56,117,90,48,43,8,7,0.5,0.5
2022-11-06T22:00:00,1796A,118.3673,31.3131,芜湖市,四水厂,"颗粒物(PM10),细颗粒物(PM2.5)",52,53,58,36,38,130,55,113,93,44,32,9,11,0.5,0.5
2022-11-06T22:00:00,1797A,118.4022,31.3839,芜湖市,济民医院(对照点),,,,,,,,,,,,,,,,
2022-11-06T22:00:00,1798A,118.5092,31.6837,马鞍山市,湖东路四小,颗粒物(PM10),59,67,55,40,28,130,77,116,98,33,38,10,9,0.6,0.6
2022-11-06T22:00:00,1799A,118.5024,31.6449,马鞍山市,开发区,细颗粒物(PM2.5),73,76,60,53,41,136,46,119,90,62,48,9,9,0.6,0.6
2022-11-06T22:00:00,1800A,118.5228,31.7231,马鞍山市,慈湖,细颗粒物(PM2.5),70,54,61,51,49,134,73,118,103,44,42,13,31,0.6,0.7
2022-11-06T22:00:00,1801A,118.48,31.6928,马鞍山市,马钢动力厂,,,,,,,,,,,,,,,,
2022-11-06T22:00:00,1802A,118.6245,31.7241,马鞍山市,濮塘(对照点),颗粒物(PM10),56,61,51,35,30,138,88,125,114,18,20,6,6,0.5,0.6
2022-11-06T22:00:00,1803A,115.9872,29.6815,九江市,十里,颗粒物(PM10),56,62,60,37,30,132,9,112,79,78,33,8,11,0.9,0.8
2022-11-06T22:00:00,1804A,115.9584,29.7046,九江市,茅山头,,38,38,54,26,33,123,50,104,91,31,28,7,12,0.7,0.8
2022-11-06T22:00:00,1805A,115.9877,29.7295,九江市,西园,颗粒物(PM10),55,59,61,29,34,108,42,94,76,40,32,8,13,0.8,0.7
2022-11-06T22:00:00,1806A,116.0172,29.6547,九江市,五七二七厂,,37,37,46,20,28,131,53,119,105,29,23,6,10,0.6,0.6
2022-11-06T22:00:00,1808A,115.9114,29.6038,九江市,综合工业园,颗粒物(PM10),54,57,54,29,34,118,44,94,79,47,44,8,10,0.0,0.6
2022-11-06T22:00:00,1809A,116.0721,29.7535,九江市,石化总厂,,42,42,53,19,25,122,58,114,98,35,31,13,11,0.6,0.7
2022-11-06T22:00:00,1810A,115.9773,29.5698,九江市,庐山气象台(对照点),,26,6,22,4,16,112,81,102,98,9,17,7,5,0.4,0.4
2022-11-06T22:00:00,1811A,112.3628,34.6692,洛阳市,中信二小,,,,,,,,,,,,,,,,
2022-11-06T22:00:00,1812A,112.3931,34.6516,洛阳市,市委党校,细颗粒物(PM2.5),102,147,128,76,74,126,14,109,69,83,50,8,9,1.0,0.7
2022-11-06T22:00:00,1814A,112.4657,34.6871,洛阳市,豫西宾馆,细颗粒物(PM2.5),113,128,98,85,73,139,2,113,76,88,40,4,6,1.1,0.6
2022-11-06T22:00:00,1815A,112.494,34.6886,洛阳市,河南林校,细颗粒物(PM2.5),102,111,94,76,69,133,9,114,83,72,35,,,0.7,0.4
2022-11-06T22:00:00,1816A,112.3844,34.623,洛阳市,开发区管委会,细颗粒物(PM2.5),87,91,103,64,74,118,28,104,85,54,40,4,6,0.5,0.4
2022-11-06T22:00:00,1817A,112.4267,34.6258,洛阳市,市委新办公区,细颗粒物(PM2.5),89,111,107,66,74,111,4,93,62,81,43,5,6,1.1,0.7
2022-11-06T22:00:00,1818A,114.4839,36.0621,安阳市,棉研所(对照点),,,,,,,,,,,,,,,,
2022-11-06T22:00:00,1819A,114.3551,36.1017,安阳市,红庙街,细颗粒物(PM2.5),173,145,90,131,67,105,34,83,63,54,43,14,13,1.2,0.5
2022-11-06T22:00:00,1820A,114.361,36.0681,安阳市,银杏小区,细颗粒物(PM2.5),159,136,89,121,66,113,37,93,64,52,45,14,12,1.3,0.6
2022-11-06T22:00:00,1824A,114.3389,34.7781,开封市,肿瘤医院,细颗粒物(PM2.5),107,114,98,80,60,135,68,112,100,39,31,5,8,0.8,0.6
2022-11-06T22:00:00,1826A,114.2885,34.7965,开封市,世纪星幼儿园,细颗粒物(PM2.5),104,97,81,78,60,137,68,120,108,31,25,6,11,0.8,0.7
2022-11-06T22:00:00,1828A,113.227,35.2125,焦作市,市环保局,细颗粒物(PM2.5),125,129,102,95,65,129,60,106,92,38,32,12,16,1.7,1.1
2022-11-06T22:00:00,1829A,113.2464,35.1764,焦作市,高新区政府（停运20220628）,,,,,,,,,,,,,,,,
2022-11-06T22:00:00,1830A,113.1992,35.2590,焦作市,影视城(对照点),,,,,,,,,,,,,,,,
2022-11-06T22:00:00,1832A,113.3257,33.742,平顶山市,新华旅馆,细颗粒物(PM2.5),140,135,104,107,68,119,46,110,93,47,39,7,12,0.9,0.6
2022-11-06T22:00:00,1833A,113.2919,33.737,平顶山市,规划设计院,细颗粒物(PM2.5),128,142,105,97,59,134,26,118,95,65,43,6,4,1.1,0.7
2022-11-06T22:00:00,1834A,113.182,33.774,平顶山市,平顶山工学院,,,0,93,,57,138,90,122,111,16,26,11,8,0.7,0.7
2022-11-06T22:00:00,1835A,111.1922,34.7752,三门峡市,市政府,细颗粒物(PM2.5),118,129,81,89,74,106,3,92,55,74,40,8,12,0.8,0.7
2022-11-06T22:00:00,1836A,111.1587,34.7942,三门峡市,开发区,细颗粒物(PM2.5),125,149,108,95,72,109,0,99,73,75,26,5,9,1.0,0.8
2022-11-06T22:00:00,1838A,111.143,34.7955,三门峡市,风景区(对照点),,,,,,,,,,,,,,,,
2022-11-06T22:00:00,1839A,111.3009,30.7157,宜昌市,四零三,,,,,,,,,,,,,,,,
2022-11-06T22:00:00,1840A,111.2992,30.6981,宜昌市,白龙岗,细颗粒物(PM2.5),67,75,84,48,62,136,52,119,110,51,31,4,4,1.0,1
2022-11-06T22:00:00,1841A,111.3549,30.6465,宜昌市,伍家岗,细颗粒物(PM2.5),67,76,92,48,59,140,31,120,106,57,38,5,6,0.7,0.6
2022-11-06T22:00:00,1842A,111.2628,30.6961,宜昌市,点军区,细颗粒物(PM2.5),119,98,85,90,64,130,32,110,93,36,29,5,6,0.9,0.7
2022-11-06T22:00:00,1843A,111.3275,30.7819,宜昌市,夷陵区,细颗粒物(PM2.5),83,95,80,61,59,140,31,119,92,55,34,9,9,0.8,0.7
2022-11-06T22:00:00,1844A,112.2494,30.3197,荆州市,市图书馆,细颗粒物(PM2.5),107,89,81,80,66,143,56,129,108,66,45,7,8,1.1,1
2022-11-06T22:00:00,1845A,112.2008,30.3544,荆州市,市委党校,细颗粒物(PM2.5),92,97,84,68,59,142,56,129,107,63,42,6,7,1.0,0.9
2022-11-06T22:00:00,1847A,113.1094,29.3578,岳阳市,南湖风景区,颗粒物(PM10),69,87,68,48,45,139,8,123,79,91,46,12,14,1.4,0.9
2022-11-06T22:00:00,1848A,113.1493,29.4251,岳阳市,城陵矶,颗粒物(PM10),63,76,70,43,41,118,8,106,64,95,56,7,11,1.0,0.8
2022-11-06T22:00:00,1849A,113.1497,29.3575,岳阳市,开发区,细颗粒物(PM2.5),69,68,60,50,47,134,3,120,86,81,40,8,11,1.0,0.7
2022-11-06T22:00:00,1850A,113.2621,29.4758,岳阳市,云溪区,颗粒物(PM10),67,83,64,46,38,142,45,122,88,40,30,10,8,0.9,0.7
2022-11-06T22:00:00,1851A,112.9943,29.4402,岳阳市,君山区,细颗粒物(PM2.5),65,58,55,47,42,131,3,116,82,111,36,6,7,0.6,0.6
2022-11-06T22:00:00,1852A,113.2117,29.355,岳阳市,金凤水库(对照点),细颗粒物(PM2.5),55,52,54,39,36,141,96,128,118,22,26,6,6,0.8,0.8
2022-11-06T22:00:00,1854A,111.6975,28.9703,常德市,市二中,细颗粒物(PM2.5),69,78,76,50,47,116,52,104,89,57,32,6,6,0.6,0.6
2022-11-06T22:00:00,1857A,111.7158,29.1456,常德市,白鹤山(对照点),颗粒物(PM10),55,59,55,37,40,136,120,118,117,10,11,4,4,0.6,0.6
2022-11-06T22:00:00,1858A,110.5319,29.1217,张家界市,永定新区,细颗粒物(PM2.5),68,69,54,49,37,116,60,108,93,27,26,3,4,0.5,0.5
2022-11-06T22:00:00,1859A,110.4697,29.1242,张家界市,电业局,颗粒物(PM10),55,59,54,35,34,100,31,79,56,52,37,5,5,0.5,0.3
2022-11-06T22:00:00,1860A,110.5594,29.3547,张家界市,未央路,,38,33,44,26,31,120,49,106,82,11,11,4,4,0.1,0.2
2022-11-06T22:00:00,1861A,110.4417,29.315,张家界市,袁家界(对照点),,35,32,33,8,16,125,110,120,115,13,14,10,10,0.6,0.6
2022-11-06T22:00:00,1862A,110.4144,25.3167,桂林市,电子科大尧山校区(对照点),,50,50,56,35,36,157,87,141,126,13,10,7,12,0.7,0.8
2022-11-06T22:00:00,1863A,110.2819,25.2697,桂林市,监测站,颗粒物(PM10),76,102,68,53,41,159,15,144,100,77,23,6,9,1.4,0.7
2022-11-06T22:00:00,1864A,110.3089,25.2708,桂林市,龙隐路小学,,,83,58,,43,146,18,129,101,72,16,6,11,1.1,0.8
2022-11-06T22:00:00,1865A,110.2869,25.2178,桂林市,八中,颗粒物(PM10),79,108,60,50,38,145,14,129,97,82,19,10,9,1.2,0.7
2022-11-06T22:00:00,1866A,109.2262,21.588,北海市,牛尾岭水库(对照点),,39,31,27,27,19,87,29,74,67,9,8,6,6,0.8,0.8
2022-11-06T22:00:00,1867A,109.1436,21.4086,北海市,海滩公园,,27,26,29,10,15,127,86,110,107,11,10,7,9,0.8,0.7
2022-11-06T22:00:00,1868A,109.0981,21.4661,北海市,新市环保局,,35,27,24,24,20,104,82,93,92,18,12,6,6,0.6,0.6
2022-11-06T22:00:00,1869A,109.1778,21.5233,北海市,北海工业园,颗粒物(PM10),63,75,35,34,20,100,18,88,73,51,16,6,7,0.9,0.8
2022-11-06T22:00:00,1870A,109.4856,24.3895,柳州市,柳东小学,,,38,64,40,56,145,96,142,135,,12,7,14,0.7,0.7
2022-11-06T22:00:00,1871A,109.4157,24.3277,柳州市,环保监测站,颗粒物(PM10),63,75,70,38,46,159,93,144,132,25,18,7,12,0.8,0.8
2022-11-06T22:00:00,1872A,109.389,24.341,柳州市,河西水厂,细颗粒物(PM2.5),68,82,71,49,53,147,83,136,124,26,20,9,17,1.0,1
2022-11-06T22:00:00,1873A,109.4311,24.2921,柳州市,市四中,颗粒物(PM10),65,80,77,33,45,161,77,142,125,30,19,9,13,0.9,0.8
2022-11-06T22:00:00,1874A,109.4006,24.3631,柳州市,市九中,细颗粒物(PM2.5),69,77,79,50,52,146,90,132,117,19,21,8,16,0.8,0.9
2022-11-06T22:00:00,1875A,109.4958,24.3134,柳州市,古亭山,,,47,58,33,42,153,39,136,110,,17,8,13,0.8,0.8
2022-11-06T22:00:00,1876A,109.5078,18.2489,三亚市,河东子站,,25,24,12,9,6,106,80,102,98,8,6,1,2,0.5,0.5
2022-11-06T22:00:00,1877A,109.4964,18.2681,三亚市,河西子站,,23,23,12,8,5,99,70,94,90,12,8,3,3,0.5,0.4
2022-11-06T22:00:00,1878A,104.7778,31.4741,绵阳市,富乐山,,,52,44,,34,79,1,64,41,35,13,4,4,0.6,0.5
2022-11-06T22:00:00,1879A,104.7563,31.4535,绵阳市,市人大,细颗粒物(PM2.5),83,85,65,61,56,65,0,48,30,48,25,4,6,0.6,0.6
2022-11-06T22:00:00,1880A,104.6697,31.4668,绵阳市,高新区自来水公司,细颗粒物(PM2.5),74,79,78,54,53,57,11,44,28,42,24,6,7,0.8,0.7
2022-11-06T22:00:00,1881A,104.7287,31.5075,绵阳市,三水厂,细颗粒物(PM2.5),90,93,69,67,56,68,1,47,22,45,28,5,4,0.7,0.6
2022-11-06T22:00:00,1882A,104.563,28.793,宜宾市,石马中学(对照点),细颗粒物(PM2.5),89,85,54,66,41,65,43,55,52,27,31,6,6,0.8,0.8
2022-11-06T22:00:00,1883A,104.6201,28.7728,宜宾市,市委,细颗粒物(PM2.5),85,91,61,63,42,78,13,56,44,62,43,7,10,0.8,0.7
2022-11-06T22:00:00,1884A,104.6055,28.793,宜宾市,宜宾四中,细颗粒物(PM2.5),99,100,65,74,47,74,20,58,52,56,36,6,9,0.8,0.7
2022-11-06T22:00:00,1885A,104.639,28.7562,宜宾市,市政府,细颗粒物(PM2.5),92,91,64,68,46,78,36,65,64,40,35,7,10,0.8,0.7
2022-11-06T22:00:00,1886A,104.5742,28.7199,宜宾市,黄金嘴,细颗粒物(PM2.5),80,83,58,59,41,80,38,52,52,36,34,8,10,0.7,0.6
2022-11-06T22:00:00,1888A,101.6891,26.571,攀枝花市,弄弄坪,颗粒物(PM10),59,68,45,36,24,118,37,94,87,47,32,9,18,1.0,1.5
2022-11-06T22:00:00,1889A,101.5769,26.5928,攀枝花市,河门口,,42,42,19,25,10,126,47,96,87,32,16,19,10,1.2,0.8
2022-11-06T22:00:00,1890A,101.7169,26.585,攀枝花市,炳草岗,颗粒物(PM10),64,77,44,21,16,117,3,91,69,98,42,17,19,1.8,1.4
2022-11-06T22:00:00,1891A,101.7369,26.5008,攀枝花市,仁和,颗粒物(PM10),57,64,37,34,25,135,41,110,92,25,19,10,15,1.0,1
2022-11-06T22:00:00,1893A,105.4324,28.9634,泸州市,九狮山(对照点),细颗粒物(PM2.5),100,119,49,75,41,90,41,72,62,31,30,10,11,0.7,0.6
2022-11-06T22:00:00,1894A,105.4427,28.9063,泸州市,小市上码头,细颗粒物(PM2.5),155,149,99,118,78,114,46,84,79,34,35,12,18,0.9,0.8
2022-11-06T22:00:00,1895A,105.4241,28.8573,泸州市,兰田宪桥,细颗粒物(PM2.5),138,136,97,105,64,111,48,85,80,29,29,14,20,0.9,0.8
2022-11-06T22:00:00,1896A,105.4379,28.8833,泸州市,市环监站,细颗粒物(PM2.5),134,132,95,102,74,93,46,67,65,27,29,14,13,0.9,0.7
2022-11-06T22:00:00,1897A,104.7547,29.3628,自贡市,大塘山(对照点),,,,,,,,,,,,,,,,
2022-11-06T22:00:00,1900A,104.7692,29.3411,自贡市,春华路,,,,,,,,,,,,,,,,
2022-11-06T22:00:00,1901A,104.4239,31.1208,德阳市,东山公园,细颗粒物(PM2.5),73,76,64,53,40,49,12,39,34,39,24,4,4,0.8,0.8
2022-11-06T22:00:00,1902A,104.3826,31.1317,德阳市,西小区,细颗粒物(PM2.5),72,77,68,52,36,37,6,31,26,40,34,6,4,0.7,0.6
2022-11-06T22:00:00,1903A,104.4053,31.1167,德阳市,市检察院,,,,,,,,,,,,,,,,
2022-11-06T22:00:00,1904A,104.3553,31.1091,德阳市,耐火材料厂,细颗粒物(PM2.5),74,84,76,54,43,48,9,36,30,38,32,7,6,0.7,0.6
2022-11-06T22:00:00,1905A,106.056,30.8064,南充市,西山风景区(对照点),细颗粒物(PM2.5),67,54,40,48,44,68,58,56,56,10,10,2,3,0.7,0.7
2022-11-06T22:00:00,1906A,106.0789,30.8023,南充市,南充市委,细颗粒物(PM2.5),74,91,66,54,45,70,6,57,41,52,24,5,5,0.8,0.7
2022-11-06T22:00:00,1907A,106.1031,30.8217,南充市,南充炼油厂,细颗粒物(PM2.5),67,81,70,48,45,72,19,59,53,42,18,6,8,0.7,0.6
2022-11-06T22:00:00,1908A,106.1064,30.7856,南充市,高坪区监测站,细颗粒物(PM2.5),64,68,63,46,48,77,31,55,48,30,21,9,9,0.7,0.6
2022-11-06T22:00:00,1909A,106.0642,30.7636,南充市,嘉陵区环保局,细颗粒物(PM2.5),83,77,61,61,54,75,8,62,46,55,27,8,9,0.9,0.7
2022-11-06T22:00:00,1910A,106.1087,30.8388,南充市,市环境监测站,细颗粒物(PM2.5),64,53,59,46,47,68,28,56,50,32,16,9,11,0.7,0.6
2022-11-06T22:00:00,1911A,106.9222,27.6869,遵义市,丁字口,细颗粒物(PM2.5),85,88,66,63,50,140,22,108,81,66,34,15,12,1.1,0.8
2022-11-06T22:00:00,1912A,106.9242,27.7019,遵义市,凤凰山,细颗粒物(PM2.5),67,64,64,48,42,137,102,129,127,25,20,8,7,0.8,0.7
2022-11-06T22:00:00,1913A,106.8906,27.6486,遵义市,忠庄,细颗粒物(PM2.5),110,132,83,83,48,124,52,113,99,49,24,2,2,1.3,0.7
2022-11-06T22:00:00,1914A,106.9231,27.6506,遵义市,舟水桥,细颗粒物(PM2.5),112,137,74,84,45,136,14,117,87,56,23,5,4,1.1,0.8
2022-11-06T22:00:00,1915A,106.9178,27.72,遵义市,干田坝,细颗粒物(PM2.5),88,108,69,65,51,135,4,115,80,74,30,9,10,0.8,0.5
2022-11-06T22:00:00,1916A,103.7897,25.5035,曲靖市,环境监测站,细颗粒物(PM2.5),57,57,35,40,26,108,62,94,85,23,15,14,8,0.9,0.7
2022-11-06T22:00:00,1917A,103.8,25.5364,曲靖市,烟厂办公区,,42,42,40,28,23,115,72,101,98,22,16,14,12,0.9,0.7
2022-11-06T22:00:00,1918A,108.7197,34.3956,咸阳市,气象站(对照点),细颗粒物(PM2.5),122,161,142,92,97,87,3,58,42,110,56,10,9,1.4,1.3
2022-11-06T22:00:00,1919A,108.673,34.3155,咸阳市,实验中学,颗粒物(PM10),122,193,148,73,76,107,9,80,63,99,48,5,6,1.6,1.1
2022-11-06T22:00:00,1920A,108.7233,34.3617,咸阳市,师范学院,细颗粒物(PM2.5),117,157,142,88,97,105,2,74,60,96,46,7,8,1.1,1.1
2022-11-06T22:00:00,1922A,109.0656,35.0994,铜川市,党校(对照点),细颗粒物(PM2.5),102,149,98,76,56,81,4,64,32,71,55,14,14,1.1,0.8
2022-11-06T22:00:00,1923A,109.0697,35.0697,铜川市,王益区政府,颗粒物(PM10),87,124,88,59,42,85,4,70,42,50,36,7,8,1.2,1
2022-11-06T22:00:00,1924A,108.9344,34.9058,铜川市,新区管委会,颗粒物(PM10),130,209,109,64,52,90,13,80,54,62,36,11,12,1.0,0.9
2022-11-06T22:00:00,1925A,108.9589,34.8731,铜川市,新区兰芝公司,,,,,,,,,,,,,,,,
2022-11-06T22:00:00,1926A,109.4131,36.6275,延安市,枣园(对照点),颗粒物(PM10),55,60,59,18,37,128,8,104,65,62,37,5,6,0.8,1
2022-11-06T22:00:00,1927A,109.4761,36.6028,延安市,延大医附院,颗粒物(PM10),57,64,64,28,39,120,3,92,54,74,43,5,7,1.7,1.3
2022-11-06T22:00:00,1928A,109.4824,36.5767,延安市,市监测站,,,,,,,,,,,,,,,,
2022-11-06T22:00:00,1929A,109.5056,36.6106,延安市,百米大道,颗粒物(PM10),67,83,62,39,46,121,4,93,59,90,45,13,12,1.2,0.8
2022-11-06T22:00:00,1930A,107.185,34.3063,宝鸡市,庙沟村(对照点),细颗粒物(PM2.5),58,64,63,41,45,67,17,51,26,56,32,6,5,0.8,0.9
2022-11-06T22:00:00,1931A,107.0708,34.3017,宝鸡市,竹园沟,,46,46,57,29,47,80,13,62,40,39,23,5,5,0.6,0.8
2022-11-06T22:00:00,1932A,107.1906,34.3672,宝鸡市,三陆医院,细颗粒物(PM2.5),129,116,92,98,70,72,6,51,32,53,33,7,7,1.1,0.9
2022-11-06T22:00:00,1933A,107.1431,34.3547,宝鸡市,监测站,细颗粒物(PM2.5),78,81,70,57,61,72,4,49,26,50,33,6,6,0.9,0.8
2022-11-06T22:00:00,1934A,107.1186,34.3739,宝鸡市,技工学校,细颗粒物(PM2.5),83,76,64,61,60,79,22,57,43,36,28,6,8,0.8,0.8
2022-11-06T22:00:00,1935A,107.3906,34.3528,宝鸡市,陈仓区环保局家属楼,细颗粒物(PM2.5),142,154,115,108,84,87,4,57,32,65,40,8,8,1.5,1.1
2022-11-06T22:00:00,1936A,107.2058,34.3497,宝鸡市,文理学院,颗粒物(PM10),73,96,83,49,62,74,10,54,32,55,37,7,8,0.8,0.8
2022-11-06T22:00:00,1937A,107.2386,34.3622,宝鸡市,三迪小学,细颗粒物(PM2.5),117,152,103,88,72,74,5,49,28,64,40,8,8,1.2,1
2022-11-06T22:00:00,1938A,109.5293,34.5101,渭南市,农科所(对照点),细颗粒物(PM2.5),134,144,150,102,97,118,44,82,62,38,55,6,8,1.0,1.1
2022-11-06T22:00:00,1939A,109.4974,34.4877,渭南市,日报社,细颗粒物(PM2.5),159,149,142,121,113,108,15,79,52,58,59,7,10,0.9,0.9
2022-11-06T22:00:00,1940A,109.4636,34.493,渭南市,体育馆,细颗粒物(PM2.5),165,,150,125,114,124,4,91,57,88,60,7,11,1.0,0.9
2022-11-06T22:00:00,1941A,109.4259,34.5023,渭南市,高新一小,细颗粒物(PM2.5),158,168,147,120,117,120,4,88,58,91,58,6,7,1.1,0.9
2022-11-06T22:00:00,1943A,102.1725,38.5339,金昌市,新川苑,颗粒物(PM10),92,134,91,53,30,107,29,92,76,57,29,17,28,1.3,0.9
2022-11-06T22:00:00,1944A,102.1692,38.5167,金昌市,天庆家园,,,103,70,41,28,108,43,91,74,47,32,10,27,,0.9
2022-11-06T22:00:00,1945A,98.2908,39.7711,嘉峪关市,气象局,颗粒物(PM10),70,90,63,39,20,105,34,93,77,66,38,7,6,0.4,0.3
2022-11-06T22:00:00,1947A,106.3394,38.817,石嘴山市,沙湖旅游区(对照点),细颗粒物(PM2.5),57,51,97,40,62,135,39,116,99,36,36,14,17,0.8,1
2022-11-06T22:00:00,1948A,106.3668,39.0145,石嘴山市,大武口朝阳西街,,21,16,89,10,54,114,66,91,84,15,41,2,16,0.4,1.1
2022-11-06T22:00:00,1949A,106.7704,39.2282,石嘴山市,惠农南大街,颗粒物(PM10),69,88,80,15,30,92,11,82,52,70,39,25,30,1.8,1.6
2022-11-06T22:00:00,1950A,106.7099,39.1325,石嘴山市,红果子镇惠新街,颗粒物(PM10),65,80,110,34,56,102,33,86,70,56,45,23,36,2.6,1.3
2022-11-06T22:00:00,1951A,84.895,45.6094,克拉玛依市,长征新村,,47,47,41,13,8,54,9,39,34,46,26,6,6,0.4,0.3
2022-11-06T22:00:00,1952A,84.8988,45.5893,克拉玛依市,南林小区,颗粒物(PM10),52,54,43,9,15,59,7,43,37,48,29,1,2,0.7,0.5
2022-11-06T22:00:00,1953A,85.1186,45.6886,克拉玛依市,白碱滩区,,,,,,,,,,,,,,,,
2022-11-06T22:00:00,1954A,84.905,44.3396,克拉玛依市,独山子区,颗粒物(PM10),57,64,57,18,18,76,34,70,60,31,19,6,14,0.5,0.4
2022-11-06T22:00:00,1955A,85.6979,46.098,克拉玛依市,乌尔禾区商贸楼,颗粒物(PM10),58,65,42,38,11,65,17,58,51,40,27,5,4,1.1,0.7
2022-11-06T22:00:00,1956A,86.1472,41.7538,巴音郭楞州,孔雀公园,颗粒物(PM10),83,116,102,44,34,110,31,94,81,44,14,5,7,0.6,0.4
2022-11-06T22:00:00,1957A,86.1972,41.7166,巴音郭楞州,棉纺厂,颗粒物(PM10),108,166,126,40,36,95,25,89,78,67,21,6,7,0.5,0.4
2022-11-06T22:00:00,1958A,86.2357,41.7173,巴音郭楞州,经济开发区,颗粒物(PM10),77,103,101,31,29,95,32,91,76,39,17,7,10,0.5,0.4
2022-11-06T22:00:00,1959A,118.746,36.881,寿光市,监测站,,,,,,,,,,,,,,,,
2022-11-06T22:00:00,1960A,118.780,36.864,寿光市,世纪学校,,,,,,,,,,,,,,,,
2022-11-06T22:00:00,1961A,117.532,36.6868,济南市,东山小学,颗粒物(PM10),80,110,88,54,46,101,80,97,86,33,27,7,8,0.8,0.5
2022-11-06T22:00:00,1962A,117.541,36.710,章丘市,明水开发区,,,,,,,,,,,,,,,,
2022-11-06T22:00:00,1963A,120.610,36.440,即墨市,环保局子站,,,,,,,,,,,,,,,,
2022-11-06T22:00:00,1964A,120.470,36.390,即墨市,开发区子站,,,,,,,,,,,,,,,,
2022-11-06T22:00:00,1965A,120.005,35.878,胶南市,JN子站,,,,,,,,,,,,,,,,
2022-11-06T22:00:00,1966A,120.0405,35.8735,青岛市,黄岛区4号,,35,14,60,5,38,148,110,135,127,10,39,5,13,0.5,1.1
2022-11-06T22:00:00,1967A,120.008,36.283,胶州市,胶州环保局,,,,,,,,,,,,,,,,
2022-11-06T22:00:00,1968A,120.014,36.253,胶州市,胶州一中,,,,,,,,,,,,,,,,
2022-11-06T22:00:00,1969A,120.537,36.865,莱西市,环保局子站,,,,,,,,,,,,,,,,
2022-11-06T22:00:00,1970A,120.515,36.885,莱西市,人民广场子站,,,,,,,,,,,,,,,,
2022-11-06T22:00:00,1971A,119.952,36.792,平度市,1号,,,,,,,,,,,,,,,,
2022-11-06T22:00:00,1972A,119.976,36.799,平度市,2号,,,,,,,,,,,,,,,,
2022-11-06T22:00:00,1973A,120.747,37.825,蓬莱市,蓬莱环保局,,,,,,,,,,,,,,,,
2022-11-06T22:00:00,1974A,120.773,37.809,蓬莱市,蓬莱博物馆,,,,,,,,,,,,,,,,
2022-11-06T22:00:00,1975A,120.399,37.374,招远市,招远环保局,,,,,,,,,,,,,,,,
2022-11-06T22:00:00,1976A,120.394,37.364,招远市,招远教育局,,,,,,,,,,,,,,,,
2022-11-06T22:00:00,1977A,119.941,37.177,莱州市,莱州环保局,,,,,,,,,,,,,,,,
2022-11-06T22:00:00,1978A,119.959,37.180,莱州市,莱州外经委,,,,,,,,,,,,,,,,
2022-11-06T22:00:00,1979A,122.471,37.154,荣成市,荣成市环保局办公楼,,,,,,,,,,,,,,,,
2022-11-06T22:00:00,1980A,122.410,37.161,荣成市,山东成山轮胎公司,,,,,,,,,,,,,,,,
2022-11-06T22:00:00,1981A,122.038,37.197,文登市,文登市环保局,,,,,,,,,,,,,,,,
2022-11-06T22:00:00,1982A,122.0693,37.2174,威海市,文登开发区,,30,17,58,9,28,114,96,103,97,12,26,4,5,0.5,0.7
2022-11-06T22:00:00,1983A,121.531,36.913,乳山市,乳山市环保局,,,,,,,,,,,,,,,,
2022-11-06T22:00:00,1984A,121.544,36.907,乳山市,乳山市气象局,,,,,,,,,,,,,,,,
2022-11-06T22:00:00,1985A,120.636,31.155,吴江市,吴江市环保局,,,,,,,,,,,,,,,,
2022-11-06T22:00:00,1986A,120.635,31.170,吴江市,教师进修学校,,,,,,,,,,,,,,,,
2022-11-06T22:00:00,1987A,120.658,31.172,吴江市,吴江开发区,,,,,,,,,,,,,,,,
2022-11-06T22:00:00,1988A,120.953,31.388,昆山市,昆山实验小学,,,,,,,,,,,,,,,,
2022-11-06T22:00:00,1989A,120.999,31.381,昆山市,震川中学,,,,,,,,,,,,,,,,
2022-11-06T22:00:00,1990A,120.758,31.670,常熟市,海虞子站,,,,,,,,,,,,,,,,
2022-11-06T22:00:00,1991A,120.721,31.671,常熟市,兴福子站,,,,,,,,,,,,,,,,
2022-11-06T22:00:00,1992A,120.734,31.656,常熟市,菱塘子站,,,,,,,,,,,,,,,,
2022-11-06T22:00:00,1993A,120.526,31.874,张家港市,张家港市监测站,,,,,,,,,,,,,,,,
2022-11-06T22:00:00,1994A,120.550,31.882,张家港市,城北小学,,,,,,,,,,,,,,,,
2022-11-06T22:00:00,1995A,121.115,31.453,太仓市,太仓市监测站,,,,,,,,,,,,,,,,
2022-11-06T22:00:00,1996A,121.140,31.422,太仓市,科教新城实小,,,,,,,,,,,,,,,,
2022-11-06T22:00:00,1997A,119.146,31.955,句容市,消防指挥中心,,,,,,,,,,,,,,,,
2022-11-06T22:00:00,1998A,119.180,31.955,句容市,房家坝,,,,,,,,,,,,,,,,
2022-11-06T22:00:00,1999A,120.268,31.920,江阴市,虹桥邮政,,,,,,,,,,,,,,,,
2022-11-06T22:00:00,2000A,120.237,31.909,江阴市,五星公园,,,,,,,,,,,,,,,,
2022-11-06T22:00:00,2001A,120.302,31.920,江阴市,第二实验小学,,,,,,,,,,,,,,,,
2022-11-06T22:00:00,2002A,119.818,31.354,宜兴市,宜兴市环保局,,,,,,,,,,,,,,,,
2022-11-06T22:00:00,2003A,119.794,31.371,宜兴市,宜园,,,,,,,,,,,,,,,,
2022-11-06T22:00:00,2004A,119.579,31.751,金坛市,金坛市环境监测站,,,,,,,,,,,,,,,,
2022-11-06T22:00:00,2005A,119.579,31.737,金坛市,金坛市自来水公司,,,,,,,,,,,,,,,,
2022-11-06T22:00:00,2006A,119.460,31.400,溧阳市,溧阳市东门子站,,,,,,,,,,,,,,,,
2022-11-06T22:00:00,2007A,119.438,31.317,溧阳市,燕山子站,,,,,,,,,,,,,,,,
2022-11-06T22:00:00,2008A,121.173,31.896,海门市,海门市监测站,,,,,,,,,,,,,,,,
2022-11-06T22:00:00,2009A,121.1518,31.89708,海门市,社会福利院,,,,,,,,,,,,,,,,
2022-11-06T22:00:00,2010A,119.7183,30.2366,临安市,市政府,,,,,,,,,,,,,,,,
2022-11-06T22:00:00,2011A,119.6942,30.2311,临安市,四中,,,,,,,,,,,,,,,,
2022-11-06T22:00:00,2012A,119.954,30.054,富阳市,监测站,,,,,,,,,,,,,,,,
2022-11-06T22:00:00,2013A,119.946,30.049,富阳市,富春二小,,,,,,,,,,,,,,,,
2022-11-06T22:00:00,2014A,120.091,29.305,义乌市,江东,,,,,,,,,,,,,,,,
2022-11-06T22:00:00,2015A,120.040,29.334,义乌市,北苑,,,,,,,,,,,,,,,,
2022-11-06T22:00:00,2016A,120.251,29.719,诸暨市,图书馆,,,,,,,,,,,,,,,,
2022-11-06T22:00:00,2017A,120.209,29.732,诸暨市,富林印务,,,,,,,,,,,,,,,,
2022-11-06T22:00:00,2018A,121.989,39.625,瓦房店市,抱龙山庄,,,,,,,,,,,,,,,,
2022-11-06T22:00:00,2019A,122.011,39.617,瓦房店市,东山公园,,,,,,,,,,,,,,,,
2022-11-06T22:00:00,2031A,113.1817,27.9958,株洲市,云田中学,,46,46,71,23,41,129,83,120,110,17,23,11,8,0.6,0.6
2022-11-06T22:00:00,2054A,114.1099,32.1059,信阳市,平桥分局,颗粒物(PM10),68,85,61,43,35,135,75,126,115,38,28,10,10,0.9,0.8
2022-11-06T22:00:00,2064A,113.9956,32.1271,信阳市,南湾水厂,颗粒物(PM10),53,55,48,27,27,150,118,139,136,19,19,8,8,0.8,0.8
2022-11-06T22:00:00,2065A,114.0775,32.1195,信阳市,市酿酒公司,颗粒物(PM10),68,85,54,44,30,135,55,121,105,54,30,8,8,1.0,0.8
2022-11-06T22:00:00,2066A,114.0609,32.1399,信阳市,审计局,细颗粒物(PM2.5),65,73,51,47,39,141,101,132,116,32,33,9,9,0.9,0.8
2022-11-06T22:00:00,2067A,114.6613,33.6128,周口市,市环境监测站,细颗粒物(PM2.5),72,85,73,52,44,131,60,116,88,39,24,16,13,0.8,0.8
2022-11-06T22:00:00,2068A,114.6758,33.6347,周口市,周口师范,颗粒物(PM10),64,78,64,39,39,133,81,118,107,34,26,8,12,0.9,0.8
2022-11-06T22:00:00,2069A,114.6546,33.5979,周口市,市运管处,细颗粒物(PM2.5),69,77,73,50,45,126,84,110,102,28,27,5,8,0.6,0.5
2022-11-06T22:00:00,2070A,114.6369,33.6406,周口市,川汇区环保局,细颗粒物(PM2.5),63,73,67,45,42,129,67,112,97,43,27,7,8,0.8,0.6
2022-11-06T22:00:00,2075A,117.6336,24.4674,漳州市,九湖(对照点),,,,,,,,,,,,,,,,
2022-11-06T22:00:00,2160A,112.85,35.5051,晋城市,自来水公司,细颗粒物(PM2.5),89,77,77,66,52,114,62,99,78,34,42,8,9,0.6,0.7
2022-11-06T22:00:00,2161A,112.8318,35.4936,晋城市,白云商贸,细颗粒物(PM2.5),79,83,79,58,47,104,50,91,72,37,39,5,6,0.9,0.9
2022-11-06T22:00:00,2162A,112.8508,35.4887,晋城市,市环保局,细颗粒物(PM2.5),92,97,87,68,57,107,34,93,73,47,47,6,8,0.9,0.9
2022-11-06T22:00:00,2163A,112.8676,35.4897,晋城市,技术学院,细颗粒物(PM2.5),89,106,84,66,59,103,55,89,75,36,46,5,7,0.4,0.6
2022-11-06T22:00:00,2164A,112.8271,35.4828,晋城市,泽州一中,,,,,,,,,,,,,,,,
2022-11-06T22:00:00,2165A,112.8453,35.546,晋城市,白马寺 (对照点),,,,,,,,,,,,,,,,
2022-11-06T22:00:00,2166A,112.4397,39.3522,朔州市,平朔,细颗粒物(PM2.5),114,112,116,86,77,75,19,67,47,40,42,8,19,0.9,0.8
2022-11-06T22:00:00,2167A,112.4575,39.3617,朔州市,朔唯,细颗粒物(PM2.5),103,129,114,77,74,76,3,64,47,61,43,16,22,1.0,0.9
2022-11-06T22:00:00,2168A,112.4258,39.3197,朔州市,区政府,细颗粒物(PM2.5),114,124,119,86,75,80,25,75,59,42,39,10,17,1.1,1
2022-11-06T22:00:00,2169A,112.4072,39.3278,朔州市,市环保局,细颗粒物(PM2.5),123,126,111,93,73,76,24,69,52,37,37,12,19,1.1,0.9
2022-11-06T22:00:00,2170A,112.4272,39.3681,朔州市,市二中,细颗粒物(PM2.5),102,133,127,76,72,79,19,67,48,42,44,9,18,1.3,1.1
2022-11-06T22:00:00,2171A,112.7532,37.6945,晋中市,锦纶小区,细颗粒物(PM2.5),117,145,116,88,81,90,22,73,49,64,46,11,12,0.8,0.7
2022-11-06T22:00:00,2173A,112.7249,37.7067,晋中市,南都小区,颗粒物(PM10),87,123,124,63,70,88,50,75,53,45,46,11,11,0.7,0.8
2022-11-06T22:00:00,2174A,112.6991,37.6982,晋中市,榆次区政府,细颗粒物(PM2.5),93,127,116,69,77,86,24,70,47,69,46,13,13,0.8,0.8
2022-11-06T22:00:00,2175A,110.9956,35.0147,运城市,运城中学,细颗粒物(PM2.5),114,123,97,86,70,109,36,97,88,48,20,9,15,1.1,0.7
2022-11-06T22:00:00,2176A,111.0233,35.0611,运城市,禹都开发区,,,,,,,,,,,,,,,,
2022-11-06T22:00:00,2178A,110.9686,35.0303,运城市,地区技校,细颗粒物(PM2.5),122,159,107,92,63,110,19,95,70,75,31,11,13,1.4,0.5
2022-11-06T22:00:00,2179A,111.0414,35.1147,运城市,空港新区,细颗粒物(PM2.5),175,203,122,132,77,112,40,97,78,50,33,12,14,1.1,1
2022-11-06T22:00:00,2181A,112.7383,38.4519,忻州市,开发区,细颗粒物(PM2.5),144,167,108,110,69,76,7,53,39,69,49,16,21,1.0,0.8
2022-11-06T22:00:00,2182A,112.7003,38.4928,忻州市,会展中心,细颗粒物(PM2.5),138,157,108,105,66,64,7,44,29,67,51,11,18,0.9,0.7
2022-11-06T22:00:00,2183A,111.1406,37.5211,吕梁市,环保局,颗粒物(PM10),88,125,85,45,41,112,6,81,55,78,54,5,7,0.3,0.6
2022-11-06T22:00:00,2185A,111.1297,37.5136,吕梁市,自来水公司,颗粒物(PM10),91,131,101,38,39,104,4,84,65,70,40,18,8,0.7,0.7
2022-11-06T22:00:00,2186A,106.8288,39.6778,乌海市,聚英学校,,,,,,,,,,,,,,,,
2022-11-06T22:00:00,2187A,106.8174,39.6973,乌海市,市林业局,颗粒物(PM10),54,57,63,31,30,106,10,96,64,62,26,11,8,1.0,0.6
2022-11-06T22:00:00,2188A,106.7907,39.6667,乌海市,中海勃湾学校,细颗粒物(PM2.5),59,51,59,42,35,106,13,97,72,83,24,18,5,1.7,0.5
2022-11-06T22:00:00,2191A,122.2532,43.6801,通辽市,艺术职业学校,颗粒物(PM10),59,68,69,30,24,61,25,61,28,50,37,10,16,0.7,0.6
2022-11-06T22:00:00,2192A,119.7594,49.2261,呼伦贝尔市,区环保局,,17,16,23,11,14,67,52,53,51,6,10,5,5,0.5,0.5
2022-11-06T22:00:00,2194A,107.5936,40.916,巴彦淖尔市,秋林养殖基地(对照点),,,,,,,,,,,,,,,,
2022-11-06T22:00:00,2195A,107.4212,40.761,巴彦淖尔市,附二中,颗粒物(PM10),89,128,106,44,47,91,22,81,58,53,34,11,11,0.6,0.7
2022-11-06T22:00:00,2196A,107.37,40.7372,巴彦淖尔市,市环保大楼,颗粒物(PM10),70,90,101,47,52,94,10,83,51,66,34,9,7,0.8,0.7
2022-11-06T22:00:00,2197A,113.1306,40.9923,乌兰察布市,集宁新区,,29,29,59,12,35,87,59,67,67,11,31,7,28,0.3,0.5
2022-11-06T22:00:00,2200A,122.0392,46.0656,兴安盟,胜华新制药厂,细颗粒物(PM2.5),60,63,48,43,28,64,18,50,32,36,28,4,5,0.7,0.6
2022-11-06T22:00:00,2201A,121.9504,46.0741,兴安盟,科右前旗环保局,,44,44,46,29,28,67,8,53,38,50,33,5,6,0.6,0.5
2022-11-06T22:00:00,2202A,116.1042,43.9317,锡林郭勒盟,市环保监测站,,43,43,19,3,5,79,11,64,44,29,11,11,9,0.4,0.3
2022-11-06T22:00:00,2203A,116.0781,43.9311,锡林郭勒盟,市政府,,31,31,16,8,4,80,30,64,46,21,15,13,9,0.3,0.2
2022-11-06T22:00:00,2204A,105.6467,38.8363,阿拉善盟,西城区西花园(对照点),,32,32,44,11,20,101,74,95,81,18,16,8,11,0.3,0.3
2022-11-06T22:00:00,2205A,105.6985,38.8411,阿拉善盟,蒙二幼,,26,23,36,18,29,100,73,98,84,12,12,7,9,0.2,0.3
2022-11-06T22:00:00,2206A,105.724,38.8516,阿拉善盟,环保局新楼,,27,19,30,11,21,103,84,102,86,7,10,8,12,0.3,0.3
2022-11-06T22:00:00,2207A,121.6094,41.998,阜新市,工业园区,细颗粒物(PM2.5),214,275,128,164,74,87,6,54,29,73,46,21,27,2.1,1.1
2022-11-06T22:00:00,2208A,121.6697,42.0279,阜新市,长青街,细颗粒物(PM2.5),166,212,134,126,64,90,8,68,38,77,53,16,30,1.9,1.4
2022-11-06T22:00:00,2209A,121.6673,42.0705,阜新市,农业园区,细颗粒物(PM2.5),144,121,74,110,61,86,49,68,66,33,30,36,44,0.9,0.6
2022-11-06T22:00:00,2210A,121.6717,42.0224,阜新市,东苑,细颗粒物(PM2.5),147,180,149,112,77,84,8,51,34,71,49,36,48,1.7,1.5
2022-11-06T22:00:00,2211A,121.6506,42.0498,阜新市,玉龙新城,细颗粒物(PM2.5),162,195,109,123,65,85,5,52,34,79,57,,24,1.5,1.1
2022-11-06T22:00:00,2212A,123.2,41.1953,辽阳市,宏伟区,,42,30,53,29,37,96,71,82,71,12,18,9,11,0.6,0.7
2022-11-06T22:00:00,2213A,123.1683,41.2495,辽阳市,新华园,细颗粒物(PM2.5),54,37,66,38,48,94,64,78,66,18,32,16,21,0.5,0.7
2022-11-06T22:00:00,2214A,123.2354,41.2639,辽阳市,滨河路,,50,35,54,35,55,110,71,86,71,19,28,7,11,0.7,0.8
2022-11-06T22:00:00,2215A,123.149,41.2991,辽阳市,铁西工业园,细颗粒物(PM2.5),72,39,75,52,75,102,69,85,73,17,34,12,18,0.7,0.9
2022-11-06T22:00:00,2216A,123.8139,42.3022,铁岭市,汇工街西,细颗粒物(PM2.5),69,65,94,50,74,88,55,73,63,32,36,6,13,0.7,0.9
2022-11-06T22:00:00,2217A,123.8649,42.2923,铁岭市,水上乐园,细颗粒物(PM2.5),83,66,117,61,87,85,65,72,65,30,37,14,14,0.5,0.6
2022-11-06T22:00:00,2218A,123.8486,42.2867,铁岭市,银州路东段,细颗粒物(PM2.5),84,88,113,62,80,79,62,64,60,29,34,9,9,0.9,0.9
2022-11-06T22:00:00,2219A,123.7153,42.2217,铁岭市,金沙江路北,细颗粒物(PM2.5),82,71,61,60,45,91,40,76,60,43,38,13,15,1.1,0.7
2022-11-06T22:00:00,2220A,120.4318,41.5881,朝阳市,西梁,,,,,,,,,,,69,30,11,14,1.9,1.1
2022-11-06T22:00:00,2221A,120.4521,41.5646,朝阳市,河畔小区,细颗粒物(PM2.5),109,89,65,82,44,97,10,79,63,63,23,9,14,1.8,1.5
2022-11-06T22:00:00,2222A,120.4176,41.5648,朝阳市,八里堡,细颗粒物(PM2.5),105,121,69,79,42,103,6,83,59,67,31,11,16,1.5,1.1
2022-11-06T22:00:00,2223A,120.3806,41.5969,朝阳市,农业园区,细颗粒物(PM2.5),108,86,66,81,48,105,5,86,60,90,34,7,8,1.3,1.1
2022-11-06T22:00:00,2225A,124.4002,43.1713,四平市,一商场,细颗粒物(PM2.5),102,128,57,76,33,70,10,59,31,74,37,12,11,1.3,0.7
2022-11-06T22:00:00,2226A,124.388,43.193,四平市,境园,颗粒物(PM10),104,158,59,72,28,69,7,68,31,52,39,10,11,1.5,0.6
2022-11-06T22:00:00,2227A,125.1358,42.8845,辽源市,环保局,细颗粒物(PM2.5),98,101,57,73,42,100,81,81,70,11,31,8,10,0.7,0.8
2022-11-06T22:00:00,2229A,125.9358,41.7173,通化市,光明,颗粒物(PM10),56,61,45,23,22,80,30,71,58,57,39,16,16,0.9,0.7
2022-11-06T22:00:00,2230A,125.9446,41.7325,通化市,铁路,,44,44,49,25,23,80,12,70,54,70,40,16,19,1.0,0.8
2022-11-06T22:00:00,2231A,126.4219,41.9171,白山市,喜丰,颗粒物(PM10),74,97,74,27,24,77,7,69,50,55,33,16,15,0.9,0.8
2022-11-06T22:00:00,2232A,126.4077,41.9419,白山市,环保局,颗粒物(PM10),91,132,90,43,31,74,6,51,30,59,42,15,15,1.2,1
2022-11-06T22:00:00,2233A,124.8006,45.1214,松原市,江南,细颗粒物(PM2.5),77,98,45,56,30,70,6,50,20,60,32,16,18,1.0,0.6
2022-11-06T22:00:00,2234A,124.7965,45.1722,松原市,江北,颗粒物(PM10),67,83,41,45,21,71,6,54,29,57,24,4,7,0.7,0.4
2022-11-06T22:00:00,2235A,122.7911,45.6077,白城市,洮北区环保局,细颗粒物(PM2.5),97,110,66,72,37,73,38,63,47,44,31,10,7,0.5,0.3
2022-11-06T22:00:00,2236A,122.8738,45.5725,白城市,市环保局,颗粒物(PM10),84,118,57,46,16,62,15,53,27,64,38,22,12,1.1,0.5
2022-11-06T22:00:00,2237A,129.47,42.8883,延边朝鲜族自治州,妇幼医院,,41,41,37,22,22,74,16,62,35,38,24,8,9,0.7,0.5
2022-11-06T22:00:00,2238A,129.5055,42.9108,延边朝鲜族自治州,延边医院,颗粒物(PM10),98,146,60,33,29,63,10,48,26,47,38,9,14,0.8,0.6
2022-11-06T22:00:00,2239A,129.3964,42.8881,延边朝鲜族自治州,朝阳川镇医院,,45,42,39,31,20,80,11,62,26,32,24,4,8,0.5,0.5
2022-11-06T22:00:00,2240A,130.9762,45.3001,鸡西市,环保局,细颗粒物(PM2.5),137,193,88,104,65,76,9,61,20,50,33,15,6,1.7,0.3
2022-11-06T22:00:00,2243A,130.9429,45.3039,鸡西市,第一中学,颗粒物(PM10),60,69,78,35,53,87,25,75,43,39,18,20,6,0.8,0.5
2022-11-06T22:00:00,2244A,130.2537,47.3416,鹤岗市,哈啤分公司,颗粒物(PM10),84,117,56,45,27,81,45,68,50,18,19,7,11,0.5,0.4
2022-11-06T22:00:00,2245A,130.2684,47.3086,鹤岗市,斯达机电,,49,47,62,34,36,76,50,58,42,22,25,8,8,0.4,0.4
2022-11-06T22:00:00,2246A,130.3114,47.3388,鹤岗市,东山纸板厂,颗粒物(PM10),159,267,74,84,50,78,4,60,21,48,32,14,13,1.7,0.8
2022-11-06T22:00:00,2247A,130.1097,47.3382,鹤岗市,五号水库(对照点),,49,43,33,34,26,85,40,78,58,17,10,7,8,0.4,0.4
2022-11-06T22:00:00,2248A,131.1511,46.6937,双鸭山市,双合村,颗粒物(PM10),79,107,72,52,54,82,44,73,60,26,17,13,10,0.9,0.6
2022-11-06T22:00:00,2249A,131.1652,46.6191,双鸭山市,南小市,颗粒物(PM10),53,56,85,36,60,80,50,68,56,17,16,10,7,0.3,0.4
2022-11-06T22:00:00,2250A,131.1524,46.6554,双鸭山市,环保局,细颗粒物(PM2.5),74,75,77,54,60,89,25,77,59,48,20,6,9,0.5,0.5
2022-11-06T22:00:00,2251A,131.12,46.5656,双鸭山市,苗圃(对照点),细颗粒物(PM2.5),153,53,72,117,78,82,48,71,58,8,10,3,4,0.4,0.4
2022-11-06T22:00:00,2252A,128.5159,47.4311,伊春市,环保局,细颗粒物(PM2.5),77,53,85,56,80,85,38,70,39,23,22,5,6,0.6,0.7
2022-11-06T22:00:00,2253A,128.9102,47.7412,伊春市,电力嘉园,细颗粒物(PM2.5),67,82,80,48,61,90,31,77,45,26,19,4,5,0.6,0.6
2022-11-06T22:00:00,2254A,129.5029,48.471,伊春市,汤旺河国家公园(对照点),细颗粒物(PM2.5),133,117,64,101,52,81,46,69,62,5,4,5,6,0.4,0.3
2022-11-06T22:00:00,2255A,130.2751,46.8028,佳木斯市,佳纺,颗粒物(PM10),74,98,87,41,54,83,35,72,49,22,16,2,4,0.6,0.7
2022-11-06T22:00:00,2256A,130.3995,46.8307,佳木斯市,发电厂,细颗粒物(PM2.5),74,65,64,54,57,81,3,66,43,68,25,4,3,0.9,0.6
2022-11-06T22:00:00,2257A,130.3258,46.7975,佳木斯市,环保局,细颗粒物(PM2.5),80,82,73,59,60,82,4,66,36,67,26,8,6,1.8,0.7
2022-11-06T22:00:00,2258A,130.3648,46.8032,佳木斯市,十一中,细颗粒物(PM2.5),93,80,70,69,63,77,10,64,39,66,31,3,3,1.4,0.7
2022-11-06T22:00:00,2259A,130.3794,46.7588,佳木斯市,四丰(对照点),细颗粒物(PM2.5),69,58,59,50,56,83,64,75,67,10,11,1,1,0.4,0.4
2022-11-06T22:00:00,2262A,131.0518,45.8751,七台河市,新一中(对照点),细颗粒物(PM2.5),75,95,74,55,55,83,32,73,48,22,24,14,20,1.7,1.1
2022-11-06T22:00:00,2263A,127.4833,50.2524,黑河市,交通局,颗粒物(PM10),53,55,27,28,17,58,8,46,23,38,20,9,7,0.4,0.3
2022-11-06T22:00:00,2264A,127.5144,50.2341,黑河市,环保局,,32,24,29,22,15,56,21,47,35,29,17,24,12,0.7,0.4
2022-11-06T22:00:00,2265A,127.5291,50.2472,黑河市,大黑河岛(对照点),,39,39,26,14,27,56,3,46,29,14,6,8,8,0.5,0.3
2022-11-06T22:00:00,2266A,126.9785,46.6365,绥化市,人和东街,细颗粒物(PM2.5),57,60,102,40,89,74,49,60,46,21,28,3,5,0.9,1
2022-11-06T22:00:00,2267A,126.964,46.6528,绥化市,党政办公中心,细颗粒物(PM2.5),57,54,99,40,96,91,68,73,61,16,23,5,8,0.8,0.9
2022-11-06T22:00:00,2269A,124.1069,50.4097,大兴安岭地区,科技局,,28,12,13,19,13,62,27,52,36,12,10,4,4,0.2,0.2
2022-11-06T22:00:00,2270A,117.396,32.939,蚌埠市,工人疗养院,细颗粒物(PM2.5),70,77,72,51,42,125,96,114,108,30,33,9,8,0.4,0.4
2022-11-06T22:00:00,2271A,117.3605,32.9427,蚌埠市,百货大楼,颗粒物(PM10),59,67,70,35,40,121,104,112,110,30,32,10,11,0.5,0.5
2022-11-06T22:00:00,2273A,117.4185,32.8911,蚌埠市,蚌埠学院,颗粒物(PM10),71,92,79,51,41,123,71,109,98,46,37,14,11,0.5,0.4
2022-11-06T22:00:00,2274A,117.3533,32.9673,蚌埠市,淮上区政府,颗粒物(PM10),58,66,81,34,41,121,95,108,104,28,37,10,11,0.4,0.4
2022-11-06T22:00:00,2275A,117.3145,32.8977,蚌埠市,高新区,颗粒物(PM10),63,75,68,39,38,127,104,117,113,27,31,10,11,0.4,0.4
2022-11-06T22:00:00,2277A,116.8305,32.7727,淮南市,潘集区政府,细颗粒物(PM2.5),103,132,101,77,61,137,38,112,89,64,38,12,10,0.6,0.5
2022-11-06T22:00:00,2278A,117.0067,32.6524,淮南市,师范学院,细颗粒物(PM2.5),92,106,91,68,47,122,100,106,102,34,34,12,13,0.5,0.6
2022-11-06T22:00:00,2279A,116.8569,32.5951,淮南市,谢家集区政府,细颗粒物(PM2.5),88,121,78,65,44,120,55,108,90,64,38,14,12,0.4,0.4
2022-11-06T22:00:00,2280A,116.8281,32.633,淮南市,八公山区政府,细颗粒物(PM2.5),72,70,67,52,41,124,79,113,103,39,28,16,14,0.5,0.5
2022-11-06T22:00:00,2281A,116.6325,32.6201,淮南市,焦岗湖风景区管理处(对照点),颗粒物(PM10),54,58,73,23,39,114,62,98,89,9,8,12,14,0.3,0.4
2022-11-06T22:00:00,2282A,116.8004,33.975,淮北市,监测站,"颗粒物(PM10),细颗粒物(PM2.5)",84,118,94,62,55,120,57,108,84,51,34,10,12,0.7,0.7
2022-11-06T22:00:00,2283A,116.8091,33.9007,淮北市,烈山区政府,颗粒物(PM10),91,132,105,64,60,118,36,109,82,83,49,8,10,0.6,0.6
2022-11-06T22:00:00,2284A,116.7856,33.9477,淮北市,职业技术学院,细颗粒物(PM2.5),88,122,105,65,62,117,42,103,75,73,49,10,13,0.7,0.6
2022-11-06T22:00:00,2285A,117.8177,30.9412,铜陵市,市第四中学,颗粒物(PM10),79,108,68,47,35,106,6,87,55,89,47,5,6,1.1,0.7
2022-11-06T22:00:00,2286A,117.8059,30.9273,铜陵市,市公路局,颗粒物(PM10),82,114,72,32,42,86,28,68,45,70,50,7,10,0.7,0.8
2022-11-06T22:00:00,2287A,117.7807,30.9413,铜陵市,市新民污水厂,颗粒物(PM10),71,92,62,44,36,83,3,65,34,69,58,5,9,1.3,0.6
2022-11-06T22:00:00,2288A,117.7439,30.8792,铜陵市,市第九中学,,,,105,73,45,84,8,57,42,86,64,12,17,0.7,0.7
2022-11-06T22:00:00,2289A,117.846,30.9413,铜陵市,车站新区,,,52,43,29,28,109,,92,83,51,38,4,4,0.4,0.3
2022-11-06T22:00:00,2290A,117.8483,30.97,铜陵市,市职教基地,细颗粒物(PM2.5),74,76,54,54,30,132,7,115,94,60,21,6,7,0.7,0.3
2022-11-06T22:00:00,2291A,117.0809,30.5177,安庆市,环科院,颗粒物(PM10),64,78,65,44,39,116,2,89,61,104,45,10,12,0.8,0.7
2022-11-06T22:00:00,2292A,117.0331,30.5119,安庆市,马山宾馆,颗粒物(PM10),70,90,66,46,36,122,5,107,74,93,40,7,10,0.8,0.7
2022-11-06T22:00:00,2294A,116.9896,30.6145,安庆市,安庆大学,颗粒物(PM10),70,90,63,38,35,128,5,108,78,79,36,7,8,0.8,0.7
2022-11-06T22:00:00,2295A,118.2903,29.6963,黄山市,延安路89号,,25,25,21,11,16,108,72,99,91,16,13,6,6,0.4,0.4
2022-11-06T22:00:00,2296A,118.327,29.7178,黄山市,黄山东路89号,,42,32,30,29,15,104,51,96,81,20,17,5,5,0.2,0.1
2022-11-06T22:00:00,2297A,118.1371,30.2756,黄山市,黄山区政府5号楼,细颗粒物(PM2.5),77,83,42,56,17,115,13,98,61,26,16,5,5,0.5,0.3
2022-11-06T22:00:00,2298A,118.3093,32.3153,滁州市,老年大学,颗粒物(PM10),61,71,77,37,43,127,82,104,96,38,48,8,9,0.3,0.4
2022-11-06T22:00:00,2299A,118.3244,32.2786,滁州市,人大宾馆,颗粒物(PM10),62,73,77,30,33,126,69,108,98,45,50,4,5,0.4,0.5
2022-11-06T22:00:00,2301A,115.8277,32.8929,阜阳市,市监测站,颗粒物(PM10),75,100,75,54,49,120,24,104,76,74,35,12,13,0.8,0.6
2022-11-06T22:00:00,2303A,115.8554,32.8605,阜阳市,开发区,颗粒物(PM10),80,110,87,53,44,125,68,109,86,55,41,12,11,0.6,0.6
2022-11-06T22:00:00,2306A,116.989,33.6306,宿州市,火车站,,,,,,,,,,,,,,,,
2022-11-06T22:00:00,2307A,116.5079,31.737,六安市,监测大楼,颗粒物(PM10),61,71,59,27,35,114,79,100,94,28,25,8,8,0.4,0.4
2022-11-06T22:00:00,2308A,116.4738,31.7643,六安市,皖西学院,颗粒物(PM10),55,60,60,28,33,118,89,106,102,24,24,7,8,0.5,0.5
2022-11-06T22:00:00,2309A,116.4996,31.7905,六安市,朝阳厂,颗粒物(PM10),51,52,54,31,33,111,81,99,94,24,18,5,6,0.4,0.5
2022-11-06T22:00:00,2310A,116.5567,31.7886,六安市,开发区,颗粒物(PM10),69,87,85,37,43,115,65,100,86,36,34,19,14,0.4,0.4
2022-11-06T22:00:00,2311A,115.8072,33.8399,亳州市,污水处理厂,颗粒物(PM10),68,85,80,43,49,121,53,106,89,44,31,13,10,0.6,0.6
2022-11-06T22:00:00,2312A,115.7789,33.8518,亳州市,三国揽胜宫,颗粒物(PM10),62,74,80,37,44,126,84,109,102,26,28,6,8,0.6,0.6
2022-11-06T22:00:00,2314A,117.47,30.6618,池州市,池州学院,颗粒物(PM10),58,66,51,39,32,129,36,113,92,56,26,6,7,0.7,0.7
2022-11-06T22:00:00,2315A,117.4974,30.6539,池州市,平天湖(对照点),,,,,,,,,,,,,,,,
2022-11-06T22:00:00,2316A,118.7581,30.9454,宣城市,鳌峰子站,细颗粒物(PM2.5),95,74,61,71,35,116,59,105,89,48,32,7,9,0.6,0.5
2022-11-06T22:00:00,2317A,118.7385,30.9743,宣城市,敬亭山子站,,39,39,52,24,29,127,66,109,90,29,27,6,8,0.4,0.4
2022-11-06T22:00:00,2318A,118.7173,30.9427,宣城市,开发区子站,细颗粒物(PM2.5),60,56,57,43,32,114,67,105,90,35,27,6,9,0.6,0.6
2022-11-06T22:00:00,2319A,119.0141,25.4325,莆田市,荔城区仓后路,,29,29,29,12,12,92,79,87,83,10,9,5,5,0.7,0.6
2022-11-06T22:00:00,2320A,119.0015,25.4553,莆田市,莆田市监测站,,30,30,29,14,13,93,78,88,84,12,8,5,5,0.5,0.5
2022-11-06T22:00:00,2321A,119.1119,25.4561,莆田市,涵江区六中,,27,27,29,13,15,95,81,88,84,7,7,8,7,0.5,0.5
2022-11-06T22:00:00,2322A,119.1013,25.3215,莆田市,秀屿区政府,,28,28,33,14,16,100,88,89,85,5,8,7,7,0.5,0.5
2022-11-06T22:00:00,2323A,118.981,25.4792,莆田市,东圳水库(对照点),,,,,,,,,,,,,,,,
2022-11-06T22:00:00,2324A,117.6211,26.2625,三明市,三钢,,46,28,20,32,17,62,22,56,43,25,15,6,5,0.5,0.5
2022-11-06T22:00:00,2325A,117.635,26.2714,三明市,三明二中,,35,28,18,24,14,60,29,54,43,20,14,9,8,0.6,0.5
2022-11-06T22:00:00,2326A,117.6028,26.2378,三明市,三元区政府,,40,30,20,28,15,61,30,52,42,20,15,4,3,0.8,0.6
2022-11-06T22:00:00,2327A,117.7275,26.3108,三明市,洋溪(对照点),,,,,,,,,,,,,,,,
2022-11-06T22:00:00,2331A,118.0966,26.6761,南平市,茫荡山(对照点),,,,,,,,,,,,,,,,
2022-11-06T22:00:00,2332A,118.1681,26.6369,南平市,南平市监测站,,26,25,20,18,13,60,16,48,41,18,12,7,7,0.5,0.5
2022-11-06T22:00:00,2333A,118.1825,26.6489,南平市,南平铝业有限公司,,28,21,17,19,16,60,18,48,40,15,12,7,5,0.6,0.6
2022-11-06T22:00:00,2334A,118.1756,26.6272,南平市,南平七中,,32,27,19,22,16,70,17,53,42,17,12,5,5,0.6,0.6
2022-11-06T22:00:00,2335A,117.0189,25.1181,龙岩市,龙岩师专(对照点),,,,,,,,,,,,,,,,
2022-11-06T22:00:00,2336A,117.0217,25.1033,龙岩市,龙岩市监测站,,40,28,21,28,16,70,41,66,57,16,13,10,10,0.5,0.4
2022-11-06T22:00:00,2337A,117.0258,25.0661,龙岩市,闽西职业技术学院,,33,29,24,23,14,72,40,66,56,17,11,8,7,0.6,0.5
2022-11-06T22:00:00,2338A,117.0196,25.0306,龙岩市,龙岩学院,,38,26,23,26,14,69,29,60,47,16,12,6,5,0.5,0.4
2022-11-06T22:00:00,2339A,119.5001,26.6946,宁德市,金涵水库(对照点),,,,,,,,,,,,,,,,
2022-11-06T22:00:00,2341A,119.5388,26.6612,宁德市,宁德市监测站,,39,39,29,25,17,78,36,69,54,21,18,7,7,0.8,0.6
2022-11-06T22:00:00,2342A,117.3102,29.3867,景德镇市,王港中学(对照点),,32,32,31,19,18,79,20,70,56,19,8,4,4,0.3,0.3
2022-11-06T22:00:00,2343A,117.2117,29.2933,景德镇市,老干部活动中心,,43,41,54,30,20,107,49,91,77,23,15,12,8,0.7,0.6
2022-11-06T22:00:00,2344A,117.1894,29.2789,景德镇市,兽医站,,39,39,33,13,17,115,59,98,86,16,13,4,6,0.6,0.6
2022-11-06T22:00:00,2345A,117.1547,29.2617,景德镇市,台达陶瓷,,28,28,34,8,17,93,34,84,71,37,17,20,10,0.9,0.8
2022-11-06T22:00:00,2346A,117.2461,29.2956,景德镇市,陶研所,,34,34,38,16,16,102,45,91,78,14,11,9,6,0.8,0.7
2022-11-06T22:00:00,2347A,114.0997,27.5002,萍乡市,武功山(对照点),,28,28,23,18,19,86,35,78,63,14,12,10,11,0.6,0.5
2022-11-06T22:00:00,2348A,113.8385,27.6434,萍乡市,中医院,颗粒物(PM10),56,62,60,33,34,120,70,105,97,26,28,40,25,0.8,0.9
2022-11-06T22:00:00,2349A,113.8493,27.6253,萍乡市,市政府车库,颗粒物(PM10),56,62,59,39,38,125,66,106,96,30,36,42,26,0.7,1.3
2022-11-06T22:00:00,2350A,113.8676,27.6435,萍乡市,市环保局,颗粒物(PM10),54,58,53,36,35,120,69,105,95,20,21,49,28,0.8,0.9
2022-11-06T22:00:00,2351A,113.866,27.6198,萍乡市,安源区政府,颗粒物(PM10),67,84,68,36,37,115,42,100,86,46,33,28,23,1.4,1
2022-11-06T22:00:00,2352A,115.0861,27.9317,新余市,北岗(对照点),颗粒物(PM10),73,95,64,28,33,43,3,38,27,23,24,10,14,0.6,0.7
2022-11-06T22:00:00,2353A,114.9886,27.8431,新余市,飞宇,颗粒物(PM10),58,66,65,29,33,78,31,70,59,42,27,11,33,0.7,0.6
2022-11-06T22:00:00,2354A,114.9231,27.8246,新余市,第二水厂,,,,68,,36,85,11,80,62,71,39,13,23,1.1,0.9
2022-11-06T22:00:00,2355A,114.9308,27.8036,新余市,市气象局,,,,57,,37,92,38,81,71,46,43,10,26,0.8,0.6
2022-11-06T22:00:00,2357A,116.9822,28.1136,鹰潭市,龙虎山(对照点),,34,34,39,11,17,88,31,74,61,14,13,2,6,0.5,0.5
2022-11-06T22:00:00,2358A,117.0564,28.2642,鹰潭市,新监测站,细颗粒物(PM2.5),64,62,56,46,30,77,27,77,42,33,23,7,30,0.5,0.6
2022-11-06T22:00:00,2359A,117.0311,28.2475,鹰潭市,财苑宾馆,颗粒物(PM10),58,65,54,37,29,82,30,81,52,36,21,28,30,0.5,0.5
2022-11-06T22:00:00,2360A,117.0222,28.2264,鹰潭市,体育馆,,50,50,52,29,30,77,49,72,55,16,22,9,23,0.4,0.4
2022-11-06T22:00:00,2361A,117.0017,28.2131,鹰潭市,三川水表,颗粒物(PM10),52,54,57,31,29,74,47,69,50,19,25,7,21,0.8,0.6
2022-11-06T22:00:00,2362A,114.9017,25.9149,赣州市,通天岩(对照点),,18,18,21,12,14,51,24,45,33,15,15,5,5,0.5,0.4
2022-11-06T22:00:00,2363A,114.9367,25.8664,赣州市,地委,,36,36,28,20,18,43,6,36,22,27,16,15,12,1.0,0.9
2022-11-06T22:00:00,2364A,114.9461,25.8481,赣州市,气象台,,27,27,27,18,22,52,11,49,30,27,14,16,10,0.7,0.7
2022-11-06T22:00:00,2365A,114.9322,25.8333,赣州市,市图书馆,,35,27,27,24,22,45,9,40,28,28,16,5,6,0.9,0.9
2022-11-06T22:00:00,2366A,114.8905,25.8471,赣州市,华坚鞋城,,33,33,28,22,20,54,27,50,29,15,14,4,4,0.9,0.8
2022-11-06T22:00:00,2367A,114.9754,27.0803,吉安市,红声器材厂,颗粒物(PM10),55,59,54,38,33,83,37,68,62,19,22,34,11,0.6,0.6
2022-11-06T22:00:00,2368A,114.9658,27.0999,吉安市,市森林工业局,细颗粒物(PM2.5),57,56,49,40,37,79,31,66,59,28,21,25,10,0.7,0.7
2022-11-06T22:00:00,2369A,114.99,27.1312,吉安市,市环境监测站,颗粒物(PM10),52,53,69,33,36,76,26,69,56,36,27,4,6,0.7,0.5
2022-11-06T22:00:00,2370A,115.0093,27.0968,吉安市,青原区法院,颗粒物(PM10),53,55,47,36,33,80,9,64,51,38,26,6,12,0.7,0.7
2022-11-06T22:00:00,2371A,114.3408,27.8064,宜春市,槟榔水业(对照点),,,,,,,,,,,,,,,,
2022-11-06T22:00:00,2373A,114.3956,27.7844,宜春市,市石油公司,颗粒物(PM10),63,75,63,41,32,93,48,82,70,28,31,9,13,0.9,0.9
2022-11-06T22:00:00,2374A,114.3703,27.7914,宜春市,市气象局,颗粒物(PM10),60,69,58,38,33,85,50,76,68,25,29,9,15,1.0,1
2022-11-06T22:00:00,2375A,114.4013,27.8074,宜春市,市广电局,细颗粒物(PM2.5),64,72,59,46,34,88,29,77,67,52,29,16,17,1.4,1
2022-11-06T22:00:00,2376A,116.2127,28.0814,抚州市,桐源党溪(对照点),颗粒物(PM10),56,61,48,31,24,78,7,70,44,38,21,8,16,0.5,0.5
2022-11-06T22:00:00,2377A,116.3544,27.9831,抚州市,市站,颗粒物(PM10),52,54,45,30,24,78,41,70,57,24,18,8,5,0.7,0.7
2022-11-06T22:00:00,2378A,116.3565,27.963,抚州市,血防站,颗粒物(PM10),56,62,46,28,23,76,36,68,52,27,20,7,6,0.7,0.7
2022-11-06T22:00:00,2379A,116.3564,28.0007,抚州市,采茶剧团,颗粒物(PM10),57,63,46,32,25,74,31,65,50,30,24,5,4,0.8,0.7
2022-11-06T22:00:00,2380A,116.385,27.9647,抚州市,医学分院,颗粒物(PM10),53,55,55,25,20,70,30,62,46,36,26,9,6,0.7,0.6
2022-11-06T22:00:00,2381A,118.005,28.4572,上饶市,百草园(对照点),,,,43,,22,61,,55,,,19,,10,,0.8
2022-11-06T22:00:00,2382A,117.9756,28.4436,上饶市,市监测站,颗粒物(PM10),60,69,56,33,27,88,50,82,69,35,25,21,16,0.8,0.5
2022-11-06T22:00:00,2383A,117.9519,28.4628,上饶市,凤凰光学,颗粒物(PM10),53,56,56,31,28,80,52,74,61,31,31,33,35,0.7,0.6
2022-11-06T22:00:00,2385A,114.17,35.9019,鹤壁市,市监测站,细颗粒物(PM2.5),133,139,100,101,66,111,36,87,68,61,46,19,15,2.7,1.1
2022-11-06T22:00:00,2386A,114.2956,35.7511,鹤壁市,市交警支队,细颗粒物(PM2.5),115,147,92,87,56,115,11,99,79,86,46,16,15,1.0,0.5
2022-11-06T22:00:00,2387A,114.2878,35.7306,鹤壁市,迎宾馆,细颗粒物(PM2.5),110,142,85,83,51,114,5,98,77,100,51,12,10,1.3,0.8
2022-11-06T22:00:00,2389A,113.836,35.311,新乡市,环保西院,细颗粒物(PM2.5),110,127,99,83,64,129,17,105,81,61,44,6,12,1.2,0.7
2022-11-06T22:00:00,2390A,113.884,35.272,新乡市,开发区,细颗粒物(PM2.5),98,131,94,73,53,132,12,108,81,77,36,9,14,1.3,0.7
2022-11-06T22:00:00,2391A,113.883,35.303,新乡市,环保东院,细颗粒物(PM2.5),100,110,82,75,48,130,8,105,76,79,43,4,11,1.6,0.6
2022-11-06T22:00:00,2392A,115.0312,35.7636,濮阳市,环保局,细颗粒物(PM2.5),109,107,75,82,64,128,64,102,95,42,31,8,13,0.7,0.5
2022-11-06T22:00:00,2394A,115.0574,35.7609,濮阳市,油田运输公司,细颗粒物(PM2.5),119,148,110,90,68,124,52,104,95,52,28,8,15,0.8,0.6
2022-11-06T22:00:00,2395A,115.0866,35.7754,濮阳市,油田物探公司,细颗粒物(PM2.5),110,98,84,83,70,127,61,101,94,39,30,8,13,0.7,0.5
2022-11-06T22:00:00,2396A,113.8276,34.0159,许昌市,监测站,细颗粒物(PM2.5),87,117,81,64,50,127,71,116,101,31,33,23,11,0.8,0.6
2022-11-06T22:00:00,2398A,113.7906,33.9953,许昌市,开发区,细颗粒物(PM2.5),98,99,73,73,49,128,67,110,94,33,37,22,12,0.6,0.4
2022-11-06T22:00:00,2399A,114.051,33.5699,漯河市,三五一五工厂,颗粒物(PM10),84,117,82,61,45,136,4,113,74,93,45,8,12,1.5,0.8
2022-11-06T22:00:00,2400A,114.0055,33.5698,漯河市,漯河大学,颗粒物(PM10),93,136,85,35,43,142,7,121,76,108,35,8,9,1.1,0.7
2022-11-06T22:00:00,2401A,114.0138,33.5828,漯河市,市水利局,细颗粒物(PM2.5),98,110,76,73,43,142,23,122,88,80,33,10,12,1.2,0.7
2022-11-06T22:00:00,2402A,114.0261,33.5698,漯河市,市广电局,细颗粒物(PM2.5),103,110,78,77,51,138,23,120,85,76,35,6,9,1.6,0.8
2022-11-06T22:00:00,2403A,112.5192,32.9917,南阳市,环保局,细颗粒物(PM2.5),109,123,111,82,69,127,52,108,97,58,44,8,9,0.9,0.7
2022-11-06T22:00:00,2404A,112.5339,33.0086,南阳市,瓦房庄,细颗粒物(PM2.5),132,128,110,100,79,120,32,101,85,78,45,6,7,1.0,0.8
2022-11-06T22:00:00,2405A,112.5003,32.9735,南阳市,汉画馆,细颗粒物(PM2.5),115,116,111,87,78,127,60,110,100,38,42,5,7,0.8,0.8
2022-11-06T22:00:00,2406A,112.5779,33.0144,南阳市,气象站,细颗粒物(PM2.5),142,129,113,108,75,126,87,104,102,34,42,8,9,1.0,0.8
2022-11-06T22:00:00,2407A,112.548,32.9692,南阳市,理工学院,细颗粒物(PM2.5),124,135,120,94,79,123,86,97,95,31,48,7,7,0.9,0.7
2022-11-06T22:00:00,2408A,115.6702,34.4285,商丘市,环境监测站,细颗粒物(PM2.5),74,90,89,54,58,132,78,109,99,33,28,11,12,0.6,0.6
2022-11-06T22:00:00,2409A,115.6458,34.4045,商丘市,粮食局,细颗粒物(PM2.5),87,86,85,64,65,107,69,101,95,28,26,6,7,0.5,0.7
2022-11-06T22:00:00,2410A,115.6293,34.3948,商丘市,睢阳区环保局,细颗粒物(PM2.5),83,84,84,61,59,139,69,111,100,44,34,6,7,0.5,0.5
2022-11-06T22:00:00,2420A,114.0189,32.9656,驻马店市,市一纸厂,颗粒物(PM10),84,117,74,51,39,132,24,114,79,76,41,5,6,1.0,0.5
2022-11-06T22:00:00,2421A,114.0114,33.015,驻马店市,市彩印厂,细颗粒物(PM2.5),73,74,64,53,36,135,97,123,115,24,23,8,10,0.5,0.5
2022-11-06T22:00:00,2422A,113.9976,32.9771,驻马店市,天方二分厂,"颗粒物(PM10),细颗粒物(PM2.5)",70,89,74,51,37,130,13,109,75,69,27,2,3,1.0,0.6
2022-11-06T22:00:00,2423A,115.0601,30.2313,黄石市,沈家营,颗粒物(PM10),60,69,49,41,23,140,76,128,111,41,25,21,15,1.3,0.6
2022-11-06T22:00:00,2424A,115.0817,30.2006,黄石市,陈家湾,颗粒物(PM10),55,59,48,37,28,138,109,124,122,17,20,17,11,0.7,0.8
2022-11-06T22:00:00,2426A,114.8988,30.2019,黄石市,铁山,颗粒物(PM10),55,59,63,31,28,155,113,132,126,18,19,12,16,0.7,0.8
2022-11-06T22:00:00,2427A,115.0307,30.2092,黄石市,团城山,颗粒物(PM10),58,65,50,33,24,140,110,128,125,23,22,10,9,0.5,0.5
2022-11-06T22:00:00,2428A,111.0419,32.395,十堰市,武当山(对照点),,46,35,42,32,32,112,65,106,87,10,12,8,8,0.8,0.8
2022-11-06T22:00:00,2429A,110.78,32.6494,十堰市,滨河新村,细颗粒物(PM2.5),100,135,88,75,58,75,7,64,41,76,38,7,7,0.7,0.5
2022-11-06T22:00:00,2430A,110.7258,32.6389,十堰市,刘家沟,细颗粒物(PM2.5),74,83,75,54,46,79,13,68,44,43,24,7,7,1.0,1
2022-11-06T22:00:00,2431A,110.8839,32.5714,十堰市,铁二处,细颗粒物(PM2.5),62,61,69,44,44,92,32,80,60,24,23,6,7,0.8,0.8
2022-11-06T22:00:00,2432A,112.155,32.0197,襄阳市,襄城运动路,细颗粒物(PM2.5),78,102,124,57,81,130,114,116,116,21,28,14,15,0.8,0.9
2022-11-06T22:00:00,2433A,112.1392,32.0564,襄阳市,樊城新华路,细颗粒物(PM2.5),94,94,120,70,86,130,116,122,121,21,24,16,16,0.8,0.9
2022-11-06T22:00:00,2434A,112.1825,32.1142,襄阳市,高新管委会,细颗粒物(PM2.5),84,109,119,62,85,137,119,122,122,15,26,8,9,0.9,0.9
2022-11-06T22:00:00,2435A,112.2106,32.0903,襄阳市,襄州航空路,细颗粒物(PM2.5),97,123,120,72,82,129,90,117,111,27,24,11,13,0.8,0.9
2022-11-06T22:00:00,2436A,114.8938,30.3994,鄂州市,市政府,细颗粒物(PM2.5),63,72,69,45,33,127,88,110,103,32,40,10,14,0.7,0.9
2022-11-06T22:00:00,2437A,114.8989,30.3714,鄂州市,赵家坝,细颗粒物(PM2.5),64,76,64,46,31,129,74,113,98,44,39,10,14,0.6,0.7
2022-11-06T22:00:00,2438A,114.8131,30.4133,鄂州市,凡口开发区,,,,,,,,,,,,,,,,
2022-11-06T22:00:00,2439A,112.2014,31.0481,荆门市,竹园小学,颗粒物(PM10),85,120,97,62,60,148,12,134,102,77,27,7,10,1.3,0.9
2022-11-06T22:00:00,2440A,112.1969,30.9891,荆门市,掇刀,细颗粒物(PM2.5),93,98,90,69,67,144,79,132,121,51,27,7,7,0.9,0.8
2022-11-06T22:00:00,2441A,112.2213,31.0386,荆门市,石化一小,细颗粒物(PM2.5),85,104,92,63,65,151,47,138,113,71,33,14,13,1.0,0.8
2022-11-06T22:00:00,2443A,113.9153,30.9285,孝感市,文化路,细颗粒物(PM2.5),93,134,81,69,46,133,11,115,84,88,46,8,9,1.5,0.9
2022-11-06T22:00:00,2444A,113.942,30.9075,孝感市,东城区,颗粒物(PM10),89,128,81,65,41,137,27,121,98,75,42,8,9,1.3,0.8
2022-11-06T22:00:00,2446A,114.9028,30.4742,黄冈市,职工中心,颗粒物(PM10),82,114,86,48,33,139,68,121,106,42,32,25,14,0.8,0.8
2022-11-06T22:00:00,2447A,114.3175,29.8142,咸宁市,森林公园(对照点),颗粒物(PM10),51,52,39,26,18,142,116,134,131,10,6,9,8,0.8,0.6
2022-11-06T22:00:00,2448A,114.3107,29.8454,咸宁市,市发改委,颗粒物(PM10),58,66,56,33,22,145,79,134,116,29,18,11,11,0.8,0.5
2022-11-06T22:00:00,2449A,114.2936,29.8566,咸宁市,咸安区政府,"颗粒物(PM10),细颗粒物(PM2.5)",54,57,51,38,21,143,76,128,106,31,18,10,10,0.8,0.5
2022-11-06T22:00:00,2450A,114.3375,29.8683,咸宁市,长江产业园,,,,,,,,,,,,,,,,
2022-11-06T22:00:00,2451A,113.3583,31.7275,随州市,市委党校,颗粒物(PM10),63,75,69,42,49,144,75,126,118,34,25,8,8,0.9,0.8
2022-11-06T22:00:00,2452A,113.3833,31.6908,随州市,市林业局,颗粒物(PM10),55,60,58,36,41,139,107,130,127,22,24,11,10,0.7,0.7
2022-11-06T22:00:00,2453A,113.3983,31.7308,随州市,市立交桥水厂,细颗粒物(PM2.5),70,56,60,51,47,142,80,124,116,28,28,8,8,0.8,0.8
2022-11-06T22:00:00,2454A,109.4978,30.2981,恩施土家族苗族自治州,湖北民院,细颗粒物(PM2.5),95,99,64,71,53,114,44,104,83,23,15,9,9,1.1,1
2022-11-06T22:00:00,2455A,109.4707,30.2798,恩施土家族苗族自治州,州电力总公司,颗粒物(PM10),68,85,64,46,39,117,14,104,76,34,17,12,16,1.2,1
2022-11-06T22:00:00,2456A,112.5003,26.9167,衡阳市,原169医院(对照点),颗粒物(PM10),62,74,73,39,41,131,42,117,94,52,32,10,16,0.9,0.8
2022-11-06T22:00:00,2457A,112.6194,26.9258,衡阳市,衡阳化工总厂,颗粒物(PM10),61,72,85,31,42,139,61,125,101,26,22,6,12,0.8,0.8
2022-11-06T22:00:00,2458A,112.6211,26.8956,衡阳市,珠晖区环保局,,,42,65,,,138,64,123,101,23,27,9,9,0.8,0.8
2022-11-06T22:00:00,2459A,112.6197,26.8733,衡阳市,市委党校,颗粒物(PM10),54,57,68,33,40,134,63,118,101,20,22,13,10,0.8,0.8
2022-11-06T22:00:00,2460A,112.6006,26.8919,衡阳市,市监测站,颗粒物(PM10),57,63,82,23,44,140,60,126,106,28,23,6,10,0.8,0.8
2022-11-06T22:00:00,2461A,112.5664,26.9056,衡阳市,真空机电公司,颗粒物(PM10),51,52,68,26,39,146,54,127,106,32,23,8,11,0.8,0.8
2022-11-06T22:00:00,2462A,111.5239,27.3033,邵阳市,市水土所(对照点),,,,,,,,,,,,,,,,
2022-11-06T22:00:00,2463A,111.4733,27.2317,邵阳市,市一中,细颗粒物(PM2.5),68,68,62,49,42,133,76,125,115,21,18,24,19,0.8,0.7
2022-11-06T22:00:00,2464A,111.5283,27.2442,邵阳市,市化工厂,颗粒物(PM10),64,78,65,38,43,130,75,123,108,29,19,18,16,0.7,0.7
2022-11-06T22:00:00,2465A,111.4503,27.2537,邵阳市,市罐头厂,细颗粒物(PM2.5),99,81,63,74,53,138,99,126,117,16,14,76,24,0.6,0.6
2022-11-06T22:00:00,2466A,111.4328,27.2272,邵阳市,市环保局,细颗粒物(PM2.5),84,72,62,62,55,138,80,129,118,22,16,25,12,0.8,0.7
2022-11-06T22:00:00,2467A,112.4067,28.6428,益阳市,甘溪港(对照点),细颗粒物(PM2.5),84,96,73,62,54,118,59,108,98,32,20,6,6,0.8,0.7
2022-11-06T22:00:00,2468A,112.3458,28.5808,益阳市,市环保局,细颗粒物(PM2.5),67,67,69,48,56,140,122,133,114,26,26,17,11,1.0,0.8
2022-11-06T22:00:00,2469A,112.3437,28.5531,益阳市,市特殊教育学校,细颗粒物(PM2.5),80,71,86,59,63,142,118,128,121,23,21,20,12,0.9,0.7
2022-11-06T22:00:00,2470A,112.3347,28.6047,益阳市,资阳区政务中心,细颗粒物(PM2.5),77,73,74,56,59,139,104,128,114,33,23,12,9,0.9,0.7
2022-11-06T22:00:00,2471A,112.3744,28.5819,益阳市,赫山环保分局,细颗粒物(PM2.5),90,86,80,67,59,140,77,125,90,46,33,10,9,1.1,0.8
2022-11-06T22:00:00,2472A,113.0073,25.9061,郴州市,马头岭(对照点),,35,32,30,24,19,99,33,84,76,45,27,5,5,0.7,0.6
2022-11-06T22:00:00,2473A,113.0116,25.8226,郴州市,市职中,,48,48,32,31,22,79,15,69,49,36,22,4,6,0.7,0.5
2022-11-06T22:00:00,2474A,113.0161,25.8001,郴州市,兴隆步行街,细颗粒物(PM2.5),55,51,33,39,26,75,5,68,44,49,26,5,6,0.9,0.6
2022-11-06T22:00:00,2475A,113.0383,25.8071,郴州市,市审计局,颗粒物(PM10),59,68,34,32,24,88,14,69,51,46,26,7,8,0.8,0.6
2022-11-06T22:00:00,2476A,113.0348,25.7759,郴州市,市环保局,颗粒物(PM10),52,54,33,31,22,74,3,60,41,47,26,5,6,0.7,0.5
2022-11-06T22:00:00,2477A,111.6217,26.2081,永州市,零陵南津渡(对照点),细颗粒物(PM2.5),54,41,49,38,38,130,85,117,113,9,9,7,6,0.6,0.6
2022-11-06T22:00:00,2478A,111.6156,26.4214,永州市,市环境监测站,细颗粒物(PM2.5),58,55,62,41,41,122,90,112,107,21,22,26,17,0.7,0.6
2022-11-06T22:00:00,2479A,111.6236,26.2331,永州市,零陵区环保局,细颗粒物(PM2.5),59,48,57,42,49,125,80,115,109,19,17,11,9,0.7,0.7
2022-11-06T22:00:00,2480A,111.5992,26.4364,永州市,永州市环保局,颗粒物(PM10),51,52,60,35,38,123,88,114,110,23,22,8,9,0.7,0.7
2022-11-06T22:00:00,2481A,111.5989,26.4519,永州市,冷水滩区环保局,"颗粒物(PM10),细颗粒物(PM2.5)",57,64,69,40,46,120,87,113,106,18,20,30,12,0.7,0.6
2022-11-06T22:00:00,2482A,109.5981,27.5721,怀化市,林科所(对照点),细颗粒物(PM2.5),65,77,72,47,48,137,104,126,123,10,11,9,7,0.5,0.5
2022-11-06T22:00:00,2483A,109.9453,27.5444,怀化市,河西地税局,,,68,59,55,47,125,34,106,83,30,21,4,5,,0.3
2022-11-06T22:00:00,2484A,109.9781,27.5342,怀化市,市四医院,,,72,70,54,50,,,,,34,19,8,12,0.8,0.7
2022-11-06T22:00:00,2485A,109.9972,27.5578,怀化市,监测楼,细颗粒物(PM2.5),89,108,79,66,48,139,40,121,104,29,17,8,12,0.8,0.6
2022-11-06T22:00:00,2486A,110.0394,27.583,怀化市,市委党校,细颗粒物(PM2.5),82,84,83,60,61,133,20,116,96,48,21,9,15,0.9,0.9
2022-11-06T22:00:00,2487A,111.9589,27.8901,娄底市,电视发射台(对照点),细颗粒物(PM2.5),60,67,69,43,47,134,86,124,110,18,19,3,6,1.0,0.9
2022-11-06T22:00:00,2488A,111.9975,27.725,娄底市,市监测站,细颗粒物(PM2.5),70,88,88,51,57,145,64,125,112,38,28,8,16,1.2,1.3
2022-11-06T22:00:00,2489A,112.0194,27.7314,娄底市,市委党校,颗粒物(PM10),65,79,79,42,52,154,88,126,108,31,33,5,7,0.9,1
2022-11-06T22:00:00,2490A,111.9561,27.7569,娄底市,涟钢,细颗粒物(PM2.5),88,117,97,65,62,130,42,103,85,59,40,11,15,1.3,1.2
2022-11-06T22:00:00,2491A,111.9892,27.7044,娄底市,市政府,细颗粒物(PM2.5),108,121,86,81,65,142,35,119,93,50,31,6,10,1.0,0.9
2022-11-06T22:00:00,2492A,109.6414,28.2558,湘西州,跃进水库(对照点),,50,44,39,35,32,118,19,98,69,16,11,6,8,0.2,0.3
2022-11-06T22:00:00,2493A,109.7325,28.3169,湘西州,州政府,细颗粒物(PM2.5),65,69,54,47,37,127,45,107,89,24,15,8,8,0.7,0.6
2022-11-06T22:00:00,2494A,109.6958,28.2675,湘西州,吉首市计生局,颗粒物(PM10),61,71,51,38,37,125,49,104,83,27,20,7,8,0.7,0.6
2022-11-06T22:00:00,2495A,111.3014,23.4832,梧州市,市逸夫小学,颗粒物(PM10),51,51,34,24,19,66,0,53,34,51,18,6,5,0.9,0.7
2022-11-06T22:00:00,2496A,111.3239,23.4794,梧州市,市十一中,颗粒物(PM10),52,53,24,17,15,77,11,68,47,39,15,5,5,0.8,0.7
2022-11-06T22:00:00,2497A,111.247,23.4189,梧州市,龙圩,,38,38,28,21,18,75,19,67,50,34,17,5,5,0.9,0.7
2022-11-06T22:00:00,2498A,111.2711,23.4835,梧州市,龙新,,44,44,32,18,20,68,9,60,44,28,9,12,6,0.7,0.6
2022-11-06T22:00:00,2499A,108.3411,21.6158,防城港市,沙万,颗粒物(PM10),52,53,31,30,19,101,49,87,79,34,21,10,11,0.7,0.7
2022-11-06T22:00:00,2500A,108.3514,21.7731,防城港市,防城档案局,颗粒物(PM10),63,75,39,36,24,96,27,87,69,29,18,7,7,0.6,0.5
2022-11-06T22:00:00,2501A,108.3506,21.6414,防城港市,大海花园,,41,41,28,27,18,105,60,90,85,15,12,21,9,0.8,0.7
2022-11-06T22:00:00,2502A,108.6236,21.9667,钦州市,市环保站,,48,48,29,24,16,92,55,82,77,24,13,17,6,0.6,0.6
2022-11-06T22:00:00,2503A,108.6549,21.9481,钦州市,沙埠小学,颗粒物(PM10),84,118,36,46,23,96,2,85,58,63,19,8,6,1.1,0.8
2022-11-06T22:00:00,2504A,108.5989,21.7431,钦州市,港区一小,颗粒物(PM10),63,76,45,34,21,93,11,69,56,82,30,9,8,0.9,0.7
2022-11-06T22:00:00,2505A,109.568,23.1478,贵港市,德智高中(对照点),,32,29,33,22,25,91,56,83,72,18,21,6,7,0.9,0.8
2022-11-06T22:00:00,2506A,109.6047,23.0666,贵港市,江南子站,,36,36,40,22,23,120,58,108,95,21,13,7,7,0.7,0.8
2022-11-06T22:00:00,2507A,109.6014,23.0948,贵港市,贵城子站,,33,29,37,23,28,120,64,108,94,15,15,8,9,0.8,0.8
2022-11-06T22:00:00,2508A,109.5669,23.1065,贵港市,荷城子站,,31,31,38,19,23,107,59,99,86,19,16,8,9,0.7,0.8
2022-11-06T22:00:00,2509A,110.1106,22.7019,玉林市,寒山水库(对照点),,39,39,33,18,15,70,34,57,50,16,12,2,2,1.0,0.9
2022-11-06T22:00:00,2510A,110.1675,22.6411,玉林市,市监测站,,40,40,27,15,18,73,41,65,54,23,18,3,3,0.7,0.7
2022-11-06T22:00:00,2511A,110.1433,22.6164,玉林市,南江一中,,49,49,34,17,18,72,30,65,54,30,16,11,3,0.8,0.8
2022-11-06T22:00:00,2512A,106.6103,23.9011,百色市,市监测站,细颗粒物(PM2.5),72,82,77,52,48,164,79,139,126,25,24,12,19,0.9,0.8
2022-11-06T22:00:00,2513A,106.6538,23.8859,百色市,市中心血站,细颗粒物(PM2.5),124,152,88,94,54,164,37,140,107,40,20,15,18,1.2,0.9
2022-11-06T22:00:00,2514A,111.5264,24.4172,贺州市,环保小区,颗粒物(PM10),53,55,38,32,25,86,11,80,62,31,19,7,7,1.1,0.9
2022-11-06T22:00:00,2515A,111.5608,24.4078,贺州市,政协大楼,颗粒物(PM10),55,59,39,32,26,93,11,82,58,45,24,15,8,0.9,0.8
2022-11-06T22:00:00,2516A,108.2011,24.715,河池市,东仁乐园(对照点),,,,,,,,,128,,,,,,,
2022-11-06T22:00:00,2517A,108.0497,24.6947,河池市,市环保站,细颗粒物(PM2.5),75,84,71,55,49,152,54,142,119,42,25,18,15,0.9,0.8
2022-11-06T22:00:00,2518A,108.0983,24.6989,河池市,市疾控中心,颗粒物(PM10),103,156,99,59,54,161,20,140,99,77,42,10,12,1.1,0.9
2022-11-06T22:00:00,2519A,109.2328,23.7361,来宾市,来宾二中,,,,,,,,,,,,,,,,
2022-11-06T22:00:00,2520A,109.2203,23.7256,来宾市,来宾技工学校,细颗粒物(PM2.5),57,59,51,40,41,140,61,125,108,26,14,25,14,0.8,0.8
2022-11-06T22:00:00,2521A,107.3476,22.4136,崇左市,市环保局江州分局,颗粒物(PM10),78,106,61,40,33,130,39,120,94,34,16,3,5,0.7,0.7
2022-11-06T22:00:00,2522A,107.3702,22.3707,崇左市,城南新区,细颗粒物(PM2.5),58,63,50,41,35,134,45,120,98,35,18,3,4,0.5,0.5
2022-11-06T22:00:00,2523A,105.8945,32.4535,广元市,黑石坡(对照点),,33,33,45,23,29,87,45,76,70,21,13,5,6,0.5,0.5
2022-11-06T22:00:00,2524A,105.821,32.4444,广元市,老城,,44,44,62,25,37,86,6,60,42,49,21,4,6,0.9,0.9
2022-11-06T22:00:00,2525A,105.8153,32.4246,广元市,南坝,,,,,,,,,,,,,,,,
2022-11-06T22:00:00,2526A,105.8628,32.4287,广元市,监测站,,36,36,50,11,34,82,30,66,58,16,16,4,8,0.7,0.8
2022-11-06T22:00:00,2527A,105.5453,30.5678,遂宁市,石溪浩(对照点),颗粒物(PM10),60,69,68,34,45,98,9,67,51,29,20,7,7,0.8,0.8
2022-11-06T22:00:00,2528A,105.5582,30.5232,遂宁市,市监测站,细颗粒物(PM2.5),54,49,55,38,44,87,6,60,43,48,30,9,10,0.7,0.5
2022-11-06T22:00:00,2529A,105.5861,30.5366,遂宁市,行政中心,细颗粒物(PM2.5),58,52,52,41,50,92,18,71,55,42,24,10,10,0.6,0.5
2022-11-06T22:00:00,2530A,105.5918,30.4728,遂宁市,美宁食品公司,颗粒物(PM10),74,97,71,45,52,90,4,61,44,54,32,16,13,0.6,0.5
2022-11-06T22:00:00,2531A,105.0703,29.61,内江市,市监测站,颗粒物(PM10),56,61,41,38,26,78,52,67,61,21,16,8,8,0.6,0.5
2022-11-06T22:00:00,2532A,105.0717,29.5947,内江市,东兴区政府,细颗粒物(PM2.5),102,79,54,76,39,80,64,70,67,22,21,8,6,0.4,0.4
2022-11-06T22:00:00,2533A,105.0653,29.5817,内江市,内江二中,细颗粒物(PM2.5),69,61,47,50,38,80,62,67,64,17,18,5,4,0.6,0.5
2022-11-06T22:00:00,2534A,105.0406,29.5822,内江市,内江日报社,细颗粒物(PM2.5),83,83,69,61,46,82,60,70,66,26,23,4,3,0.5,0.4
2022-11-06T22:00:00,2535A,103.7723,29.5462,乐山市,花湖湾(对照点),细颗粒物(PM2.5),72,64,46,52,37,83,27,71,61,28,16,3,5,0.9,0.7
2022-11-06T22:00:00,2536A,103.7627,29.5844,乐山市,牛耳桥,细颗粒物(PM2.5),68,70,47,49,37,83,15,71,58,51,27,5,6,0.9,0.6
2022-11-06T22:00:00,2537A,103.7508,29.6006,乐山市,市第三水厂,细颗粒物(PM2.5),74,74,52,54,39,86,15,81,58,47,26,5,6,0.8,0.6
2022-11-06T22:00:00,2538A,103.7571,29.5664,乐山市,市监测站,细颗粒物(PM2.5),69,59,46,50,38,80,31,67,60,20,13,6,8,0.9,0.7
2022-11-06T22:00:00,2539A,104.0308,30.0478,眉山市,黑龙滩水库(对照点),,49,35,31,34,27,101,50,88,80,2,2,3,3,0.6,0.6
2022-11-06T22:00:00,2540A,103.8416,30.0874,眉山市,气象局,颗粒物(PM10),51,51,49,35,30,83,12,66,40,58,35,5,6,0.8,0.8
2022-11-06T22:00:00,2543A,106.6308,30.5278,广安市,小平旧居(对照点),,,,,,,,,,,,,,,,
2022-11-06T22:00:00,2544A,106.6303,30.4576,广安市,市委,细颗粒物(PM2.5),110,86,76,83,68,55,36,42,42,23,19,9,11,0.8,0.7
2022-11-06T22:00:00,2545A,106.6271,30.4663,广安市,友谊中学,细颗粒物(PM2.5),73,71,64,53,44,54,37,40,40,22,20,12,15,0.8,0.7
2022-11-06T22:00:00,2547A,106.6388,30.4551,广安市,广电花园,细颗粒物(PM2.5),87,101,79,64,54,50,21,34,32,29,23,7,13,0.9,0.8
2022-11-06T22:00:00,2548A,107.5277,31.2827,达州市,达州职业技术学院(对照点),细颗粒物(PM2.5),64,64,58,46,36,75,3,40,21,29,25,6,10,1.1,1
2022-11-06T22:00:00,2549A,107.5086,31.2186,达州市,市环境监测站,颗粒物(PM10),66,82,63,44,35,42,4,30,18,53,37,5,8,1.1,1
2022-11-06T22:00:00,2550A,107.4988,31.2132,达州市,凤凰小区,细颗粒物(PM2.5),70,58,51,51,41,48,6,34,21,49,37,4,6,1.0,0.9
2022-11-06T22:00:00,2551A,107.5082,31.1986,达州市,达县机关宾馆,颗粒物(PM10),73,95,68,39,41,46,2,29,17,59,44,6,9,0.9,0.9
2022-11-06T22:00:00,2552A,107.4644,31.2124,达州市,市政中心,细颗粒物(PM2.5),67,78,59,48,42,36,4,25,14,51,40,5,8,1.5,1.1
2022-11-06T22:00:00,2554A,103.0475,30.02,雅安市,建安厂,细颗粒物(PM2.5),59,65,55,42,37,57,28,43,37,37,32,9,10,0.6,0.6
2022-11-06T22:00:00,2555A,103.0111,29.9833,雅安市,市政府,细颗粒物(PM2.5),78,78,52,57,37,64,18,49,38,44,25,8,8,0.7,0.6
2022-11-06T22:00:00,2556A,102.9905,29.9775,雅安市,川农大,细颗粒物(PM2.5),67,59,46,48,34,63,24,51,43,28,22,9,9,0.7,0.6
2022-11-06T22:00:00,2561A,104.6617,30.1372,资阳市,莲花山(对照点),细颗粒物(PM2.5),60,54,42,43,24,86,56,71,63,16,19,6,5,0.5,0.5
2022-11-06T22:00:00,2562A,104.6356,30.1506,资阳市,资阳中学,细颗粒物(PM2.5),59,56,35,42,21,98,36,80,65,21,14,7,7,0.6,0.5
2022-11-06T22:00:00,2563A,104.6295,30.1383,资阳市,四三一厂,颗粒物(PM10),59,67,43,35,24,90,8,69,55,54,26,6,6,0.8,0.6
2022-11-06T22:00:00,2564A,104.6463,30.1146,资阳市,师范校,颗粒物(PM10),60,69,41,41,29,92,24,74,64,51,25,5,5,0.8,0.7
2022-11-06T22:00:00,2565A,104.6296,30.1256,资阳市,区法院,细颗粒物(PM2.5),59,63,42,42,25,100,20,78,68,48,21,7,7,0.8,0.6
2022-11-06T22:00:00,2566A,102.1879,31.914,阿坝藏族羌族自治州,州农科所(对照点),,,,,,,82,24,66,51,24,11,2,2,0.4,0.4
2022-11-06T22:00:00,2567A,102.224,31.9037,阿坝藏族羌族自治州,州监测站,,,,,,,,,,,,,,,,
2022-11-06T22:00:00,2568A,102.2502,31.8896,阿坝藏族羌族自治州,马师校,,28,28,25,18,11,72,17,56,35,35,21,4,4,0.4,0.4
2022-11-06T22:00:00,2570A,101.9603,30.0475,甘孜藏族自治州,水桥子,颗粒物(PM10),51,51,29,19,9,79,5,54,40,67,35,7,7,0.4,0.2
2022-11-06T22:00:00,2571A,102.3431,27.8099,凉山彝族自治州,青龙寺(对照点),,33,26,24,23,23,114,61,93,89,9,13,7,10,0.8,1
2022-11-06T22:00:00,2572A,102.2721,27.8415,凉山彝族自治州,邛海宾馆,,34,34,32,23,25,116,59,88,85,14,16,13,17,0.6,0.9
2022-11-06T22:00:00,2573A,102.2625,27.898,凉山彝族自治州,西昌市政府,,30,30,31,18,22,113,57,89,84,16,15,8,11,0.3,0.6
2022-11-06T22:00:00,2574A,102.2685,27.8851,凉山彝族自治州,凉山州政府,,43,43,36,28,25,107,48,89,83,22,18,9,13,0.8,0.9
2022-11-06T22:00:00,2575A,102.237,27.8914,凉山彝族自治州,长安,,38,38,41,21,23,111,54,87,81,14,21,8,11,0.6,0.7
2022-11-06T22:00:00,2576A,104.8,26.5892,六盘水市,窑上(对照点),,,,,,,,,,,,,,,,
2022-11-06T22:00:00,2577A,104.83,26.5917,六盘水市,黄土坡,细颗粒物(PM2.5),62,64,49,44,42,117,93,108,107,22,14,9,8,0.7,0.6
2022-11-06T22:00:00,2578A,104.89,26.5939,六盘水市,水钢,细颗粒物(PM2.5),78,75,75,57,56,115,94,106,105,14,10,3,3,0.8,0.7
2022-11-06T22:00:00,2579A,104.8475,26.5894,六盘水市,民中,颗粒物(PM10),56,61,57,39,40,109,96,102,102,18,15,11,11,0.8,0.7
2022-11-06T22:00:00,2580A,104.9544,26.5506,六盘水市,双水,细颗粒物(PM2.5),72,58,52,52,49,106,100,104,103,13,11,5,5,0.8,0.7
2022-11-06T22:00:00,2585A,109.1839,27.7344,铜仁地区,铜仁卫校,颗粒物(PM10),64,77,68,42,44,161,44,125,101,43,23,1,1,0.9,0.7
2022-11-06T22:00:00,2586A,109.1753,27.6944,铜仁地区,铜仁七中,细颗粒物(PM2.5),77,69,65,56,52,150,58,112,88,26,23,5,5,0.8,0.8
2022-11-06T22:00:00,2587A,105.2864,27.3125,毕节市,八中,细颗粒物(PM2.5),104,98,99,78,84,122,47,102,92,32,23,8,11,0.9,0.9
2022-11-06T22:00:00,2588A,105.31,27.2944,毕节市,师专,细颗粒物(PM2.5),155,94,104,118,94,107,65,107,88,38,24,9,8,0.7,0.8
2022-11-06T22:00:00,2589A,104.9022,25.0925,黔西南布依族苗族自治州,场坝街,细颗粒物(PM2.5),83,75,55,61,43,94,54,91,76,20,13,2,2,0.4,0.3
2022-11-06T22:00:00,2590A,104.8811,25.0992,黔西南布依族苗族自治州,坪东大道,细颗粒物(PM2.5),65,56,48,47,38,94,15,89,59,49,24,5,5,0.7,0.4
2022-11-06T22:00:00,2591A,107.9783,26.5747,黔东南苗族侗族自治州,市环境监测站,细颗粒物(PM2.5),78,78,74,57,55,118,8,86,68,85,44,5,4,1.2,0.6
2022-11-06T22:00:00,2593A,107.5228,26.2403,黔南布依族苗族自治州,小围寨,细颗粒物(PM2.5),62,56,57,44,43,132,62,126,110,25,12,4,5,0.5,0.6
2022-11-06T22:00:00,2594A,99.1678,25.1081,保山市,市环境监测站,,20,18,18,14,10,86,52,76,65,8,9,8,8,0.5,0.5
2022-11-06T22:00:00,2595A,99.1711,25.1328,保山市,市环保局,,19,14,19,13,11,80,58,73,66,5,8,7,6,0.3,0.3
2022-11-06T22:00:00,2596A,103.7667,27.3736,昭通市,监测站,颗粒物(PM10),52,54,47,33,30,104,56,86,74,21,21,15,9,0.5,0.6
2022-11-06T22:00:00,2597A,103.7225,27.3361,昭通市,环保局,细颗粒物(PM2.5),125,150,54,95,40,105,13,83,60,57,26,23,11,1.7,0.7
2022-11-06T22:00:00,2598A,100.2143,26.8576,丽江市,西南郊(对照点),,,,,,,,,,,,,,,,
2022-11-06T22:00:00,2599A,100.2497,26.8802,丽江市,丽江古城,,40,36,25,28,23,80,49,71,68,20,10,6,5,0.6,0.5
2022-11-06T22:00:00,2600A,100.2203,26.8906,丽江市,市中心,,24,24,17,12,7,86,65,78,77,19,12,5,4,0.7,0.6
2022-11-06T22:00:00,2601A,100.98,22.7633,普洱市,市环保局,,36,34,22,25,16,81,33,73,53,20,15,4,4,0.7,0.7
2022-11-06T22:00:00,2602A,100.9817,22.8322,普洱市,普洱第二中学,,34,34,22,16,10,89,26,79,57,24,18,6,9,0.8,0.6
2022-11-06T22:00:00,2603A,100.0781,23.8982,临沧市,市环保局,,48,30,20,33,19,74,46,69,64,8,6,7,7,0.7,0.6
2022-11-06T22:00:00,2604A,100.0894,23.8822,临沧市,市气象局,,35,27,24,24,21,77,45,70,61,8,6,7,6,0.6,0.6
2022-11-06T22:00:00,2605A,101.5482,25.0441,楚雄州,州环境监测站,,40,35,31,28,25,81,17,69,60,37,18,32,16,0.5,0.4
2022-11-06T22:00:00,2606A,101.538,25.0492,楚雄州,市经济开发区,,35,24,30,24,23,78,40,66,60,19,18,33,13,0.5,0.5
2022-11-06T22:00:00,2608A,103.3772,23.3993,红河州,污水处理厂,细颗粒物(PM2.5),60,64,45,43,37,116,82,109,92,10,8,6,6,0.6,0.5
2022-11-06T22:00:00,2609A,103.3861,23.35,红河州,监测站,细颗粒物(PM2.5),75,61,54,55,45,108,91,106,90,8,9,5,5,0.6,0.6
2022-11-06T22:00:00,2610A,104.2533,23.3594,文山州,州水务局,细颗粒物(PM2.5),92,76,53,68,40,106,87,101,92,12,15,10,11,0.3,0.3
2022-11-06T22:00:00,2611A,104.2319,23.3892,文山州,市便民服务中心,细颗粒物(PM2.5),92,63,49,68,42,105,82,100,90,14,13,10,10,0.6,0.5
2022-11-06T22:00:00,2612A,100.7939,22.0019,西双版纳州,景洪市江南,,28,28,37,18,25,87,35,74,61,17,18,7,8,0.6,0.6
2022-11-06T22:00:00,2613A,100.8017,22.0225,西双版纳州,景洪市江北,,22,11,10,15,14,97,33,82,66,21,12,7,6,0.6,0.5
2022-11-06T22:00:00,2614A,100.1542,25.7054,大理州,大理市环境监测站,,31,31,28,10,10,75,64,70,68,10,13,6,6,1.1,1
2022-11-06T22:00:00,2615A,100.2171,25.5811,大理州,大理古城,,34,34,20,9,6,92,49,76,67,18,12,5,7,0.6,0.5
2022-11-06T22:00:00,2616A,98.5842,24.428,德宏州,德宏州监测站,颗粒物(PM10),57,63,36,21,12,85,22,73,58,41,37,5,12,0.8,0.6
2022-11-06T22:00:00,2618A,98.8601,25.8567,怒江州,州监测站,,40,40,32,25,18,78,37,64,57,13,9,6,6,0.5,0.4
2022-11-06T22:00:00,2619A,98.8546,25.8417,怒江州,泸水一中,颗粒物(PM10),56,61,39,26,17,72,0,54,35,44,25,6,6,0.8,0.6
2022-11-06T22:00:00,2621A,99.7056,27.8317,迪庆州,迪庆州站,,22,16,15,15,17,96,68,89,81,15,11,7,7,0.6,0.6
2022-11-06T22:00:00,2622A,97.1806,31.1273,昌都市,昌都监测站,细颗粒物(PM2.5),89,113,36,66,18,84,15,68,47,68,25,14,7,2.2,0.9
2022-11-06T22:00:00,2624A,91.7608,29.2313,山南市,山南监测站,,,20,22,5,7,92,,85,84,3,11,6,6,0.3,0.3
2022-11-06T22:00:00,2625A,91.7706,29.2436,山南市,山南人民医院,,30,30,21,15,9,91,58,84,78,20,8,5,5,0.5,0.3
2022-11-06T22:00:00,2626A,88.8876,29.2718,日喀则市,日喀则监测站,细颗粒物(PM2.5),88,86,27,65,14,93,42,90,77,38,11,9,5,1.1,0.6
2022-11-06T22:00:00,2628A,92.0657,31.4846,那曲地区,那曲监测站,细颗粒物(PM2.5),54,44,38,38,24,89,40,85,76,31,15,12,9,1.7,0.9
2022-11-06T22:00:00,2630A,80.1161,32.5,阿里地区,阿里监测站,,28,8,6,3,3,107,87,103,96,4,5,14,11,0.3,0.3
2022-11-06T22:00:00,2632A,94.3681,29.6376,林芝市,林芝监测站,,18,7,10,8,6,80,56,72,71,7,7,9,9,0.5,0.4
2022-11-06T22:00:00,2633A,94.3616,29.6616,林芝市,林芝人民医院,,19,9,15,5,7,80,60,73,72,6,6,9,10,0.3,0.3
2022-11-06T22:00:00,2634A,106.9893,33.1842,汉中市,汉川机床厂子校(对照点),,33,32,32,23,26,64,16,58,41,19,12,6,7,0.6,0.6
2022-11-06T22:00:00,2635A,107.0154,33.0706,汉中市,市监测站,颗粒物(PM10),69,87,51,47,32,59,8,53,36,36,19,4,5,1.1,0.9
2022-11-06T22:00:00,2636A,107.0089,33.1138,汉中市,鑫源开发区,颗粒物(PM10),56,61,48,37,30,61,8,50,34,46,22,4,4,1.0,0.8
2022-11-06T22:00:00,2637A,107.007,33.0323,汉中市,南郑大河坎水厂,细颗粒物(PM2.5),100,104,67,75,42,56,13,45,31,27,28,5,5,1.2,1
2022-11-06T22:00:00,2638A,109.7414,38.3344,榆林市,红石峡森林公园(对照点),"颗粒物(PM10),细颗粒物(PM2.5)",53,56,47,37,48,115,5,96,53,77,38,5,6,0.7,0.8
2022-11-06T22:00:00,2639A,109.7456,38.2911,榆林市,世纪广场,颗粒物(PM10),60,70,57,30,45,112,6,94,58,98,50,11,10,0.6,0.6
2022-11-06T22:00:00,2640A,109.7289,38.2839,榆林市,实验中学,,49,49,49,22,43,109,5,91,58,91,43,11,11,0.6,0.7
2022-11-06T22:00:00,2641A,109.7336,38.2478,榆林市,环保监测大楼,颗粒物(PM10),55,59,53,20,39,110,4,90,59,99,46,15,12,0.6,0.6
2022-11-06T22:00:00,2642A,109.0318,32.6537,安康市,香溪洞(对照点),细颗粒物(PM2.5),58,56,50,41,35,54,24,48,40,32,15,13,9,1.0,0.7
2022-11-06T22:00:00,2643A,109.0281,32.6939,安康市,安康市监测站,颗粒物(PM10),54,58,68,36,47,50,6,38,22,34,26,8,12,1.0,0.9
2022-11-06T22:00:00,2644A,109.0072,32.6975,安康市,汉滨区检察院,,46,46,50,26,42,54,8,40,29,26,24,5,8,0.6,0.7
2022-11-06T22:00:00,2645A,109.9154,33.8715,商洛市,监测站,颗粒物(PM10),53,55,67,23,37,97,16,85,45,48,28,7,7,0.8,0.8
2022-11-06T22:00:00,2647A,104.1724,36.5446,白银市,第三小学,颗粒物(PM10),66,81,71,29,34,131,27,95,82,62,33,17,70,0.8,0.9
2022-11-06T22:00:00,2648A,104.1465,36.5482,白银市,动力公司,颗粒物(PM10),59,68,66,27,39,104,40,85,73,33,25,16,48,0.9,0.8
2022-11-06T22:00:00,2649A,106.0055,34.343,天水市,麦积山(对照点),,,,,,,,,,,,,,,,
2022-11-06T22:00:00,2650A,105.7205,34.5786,天水市,公园小学,颗粒物(PM10),53,56,48,36,34,59,19,39,36,32,28,18,10,0.6,0.8
2022-11-06T22:00:00,2651A,105.8945,34.5538,天水市,麦积国土局,,,117,74,,44,41,4,24,18,46,35,17,10,1.6,1.2
2022-11-06T22:00:00,2652A,102.6201,37.9251,武威市,监测站,细颗粒物(PM2.5),80,84,78,59,35,104,13,96,78,66,32,10,9,0.8,0.5
2022-11-06T22:00:00,2654A,100.4698,38.9524,张掖市,润泉湖,颗粒物(PM10),51,51,83,29,29,99,50,86,82,34,24,8,11,0.4,0.5
2022-11-06T22:00:00,2655A,100.4154,38.9422,张掖市,区工会,,44,44,72,24,36,97,38,87,80,44,26,9,11,0.4,0.5
2022-11-06T22:00:00,2656A,106.6692,35.5461,平凉市,聚贤嘉苑,"颗粒物(PM10),细颗粒物(PM2.5)",59,68,50,42,32,85,13,67,50,67,33,7,7,0.6,0.5
2022-11-06T22:00:00,2657A,106.7021,35.5307,平凉市,博物馆,细颗粒物(PM2.5),73,73,64,53,34,80,34,65,54,55,40,10,8,1.0,0.8
2022-11-06T22:00:00,2658A,98.5061,39.7443,酒泉市,仓门街子站,颗粒物(PM10),64,78,68,33,23,103,48,89,80,43,28,6,7,0.8,0.5
2022-11-06T22:00:00,2659A,98.4989,39.7256,酒泉市,油田生活基地,颗粒物(PM10),80,110,85,37,29,101,25,93,80,68,31,6,7,0.8,0.6
2022-11-06T22:00:00,2660A,107.6831,35.7289,庆阳市,区环保局(对照点),,,,,,,,,,,,,,,,
2022-11-06T22:00:00,2661A,107.6325,35.7357,庆阳市,庆阳五中,颗粒物(PM10),59,67,63,29,40,94,82,85,83,22,16,14,8,0.6,0.6
2022-11-06T22:00:00,2662A,107.6364,35.7067,庆阳市,市环保局,颗粒物(PM10),55,60,64,26,38,100,70,85,79,38,19,16,8,0.8,0.6
2022-11-06T22:00:00,2663A,104.6241,35.5734,定西市,东关小学,颗粒物(PM10),62,74,46,32,24,89,13,82,61,47,15,11,7,0.9,0.5
2022-11-06T22:00:00,2664A,104.6194,35.5934,定西市,供电公司,细颗粒物(PM2.5),62,68,42,44,29,89,16,79,58,42,19,5,3,0.7,0.4
2022-11-06T22:00:00,2665A,105.0822,33.3261,陇南市,汉王镇固水子(对照点),,,,,,,,,,,,,,,,
2022-11-06T22:00:00,2667A,103.2069,35.5993,临夏回族自治州,环保局,颗粒物(PM10),56,62,48,29,27,114,16,96,82,67,39,16,15,1.3,1.1
2022-11-06T22:00:00,2668A,103.2417,35.6057,临夏回族自治州,建设大厦,,39,36,42,27,19,119,18,98,78,58,29,12,13,1.2,0.9
2022-11-06T22:00:00,2669A,102.9099,34.9841,甘南州,州政府,颗粒物(PM10),67,84,44,39,22,105,99,96,96,14,22,7,10,0.5,0.5
2022-11-06T22:00:00,2671A,100.9048,36.9639,海北藏族自治州,海晏县西海镇,"颗粒物(PM10),细颗粒物(PM2.5)",60,69,28,43,16,116,80,110,105,24,10,19,12,0.7,0.5
2022-11-06T22:00:00,2672A,102.0199,35.5102,黄南藏族自治州,同仁县隆务镇,颗粒物(PM10),54,57,31,28,15,84,80,82,82,8,9,6,7,1.0,0.8
2022-11-06T22:00:00,2673A,100.6188,36.2866,海南藏族自治州,共和县恰卜恰镇,颗粒物(PM10),55,59,24,23,14,97,28,86,66,41,14,23,10,0.8,0.4
2022-11-06T22:00:00,2674A,100.2561,34.4714,果洛藏族自治州,玛沁县大武镇,颗粒物(PM10),59,67,39,28,19,103,39,92,77,22,17,20,24,0.6,0.5
2022-11-06T22:00:00,2675A,97,33.0014,玉树藏族自治州,玉树县结古镇,,20,15,14,10,7,94,63,90,85,14,8,17,13,1.3,1.2
2022-11-06T22:00:00,2676A,97.3731,37.3753,海西蒙古族藏族自治州,德令哈市,,28,22,20,19,12,95,48,85,77,16,7,3,4,0.5,0.4
2022-11-06T22:00:00,2677A,106.1532,37.9648,吴忠市,教育园区,细颗粒物(PM2.5),90,109,64,67,40,104,56,96,88,41,24,12,20,0.9,0.6
2022-11-06T22:00:00,2678A,106.2025,37.9844,吴忠市,高级中学,,,,,,,,,,,,,,,,
2022-11-06T22:00:00,2679A,106.1856,37.9956,吴忠市,新区二泵站,细颗粒物(PM2.5),115,102,71,87,46,98,52,87,78,,41,12,10,0.9,1.1
2022-11-06T22:00:00,2680A,105.0025,37.4635,中卫市,沙坡头消防站(对照点),,49,48,48,34,29,119,84,114,101,19,16,10,11,0.7,0.7
2022-11-06T22:00:00,2681A,105.18,37.0172,中卫市,官桥站,,,,,,,,,,,,,,,,
2022-11-06T22:00:00,2682A,105.1971,37.5002,中卫市,环保局站,颗粒物(PM10),65,79,59,35,28,103,20,95,71,46,18,5,6,0.5,0.4
2022-11-06T22:00:00,2683A,106.2319,36.1417,固原市,马园(对照点),颗粒物(PM10),67,83,62,41,25,92,18,80,59,53,24,6,6,0.8,0.7
2022-11-06T22:00:00,2684A,106.2792,36.0022,固原市,监测站,细颗粒物(PM2.5),72,79,43,52,27,86,8,76,53,65,28,29,9,1.3,0.8
2022-11-06T22:00:00,2685A,106.2375,36.0211,固原市,新区,颗粒物(PM10),60,69,33,31,19,95,6,83,58,59,19,7,6,1.0,0.8
2022-11-06T22:00:00,2686A,89.1904,42.9418,吐鲁番地区,市环保局,,,88,53,34,27,95,43,88,80,,,7,7,1.0,0.9
2022-11-06T22:00:00,2687A,89.1673,42.9559,吐鲁番地区,地区环保局,颗粒物(PM10),66,82,69,23,32,100,51,89,80,33,28,8,8,0.9,0.9
2022-11-06T22:00:00,2688A,93.5128,42.8172,哈密地区,地区监测站,颗粒物(PM10),63,75,71,16,20,99,50,88,83,29,34,7,7,0.2,0.4
2022-11-06T22:00:00,2689A,93.4961,42.8328,哈密地区,哈密师范学校,颗粒物(PM10),57,64,61,28,25,99,39,86,79,32,36,7,6,0.4,0.5
2022-11-06T22:00:00,2690A,88.1236,43.8886,昌吉州,天山天池(对照点),,30,30,16,18,11,82,61,78,71,9,8,3,3,0.9,0.9
2022-11-06T22:00:00,2691A,87.2997,44.0114,昌吉州,州监测站,,,,,,,,,,,,,,,,
2022-11-06T22:00:00,2692A,87.2717,44.0297,昌吉州,新区政务中心,颗粒物(PM10),79,107,85,45,46,106,43,95,90,39,35,6,8,1.4,1.3
2022-11-06T22:00:00,2693A,82.0485,44.8556,博尔塔拉蒙古自治州,市党校,颗粒物(PM10),68,86,62,32,26,69,39,58,56,2,11,10,14,0.2,0.3
2022-11-06T22:00:00,2694A,82.0806,44.8969,博尔塔拉蒙古自治州,市环保局,颗粒物(PM10),60,70,65,30,28,69,32,60,57,36,23,6,8,1.0,0.8
2022-11-06T22:00:00,2695A,80.292,41.1694,阿克苏地区,电视台,颗粒物(PM10),92,133,129,54,54,80,36,73,66,43,33,1,5,1.1,1.2
2022-11-06T22:00:00,2696A,80.2613,41.1551,阿克苏地区,艺术中心,颗粒物(PM10),92,134,116,48,50,74,31,64,60,35,22,4,3,0.5,0.6
2022-11-06T22:00:00,2697A,76.1454,39.7142,克孜勒苏柯尔克孜自治州,市人民政府,颗粒物(PM10),86,122,84,54,40,83,61,77,74,12,7,12,12,0.7,0.8
2022-11-06T22:00:00,2698A,76.0072,39.4467,喀什地区,巡警大队,颗粒物(PM10),113,176,115,45,38,83,64,78,77,23,20,6,5,1.0,0.8
2022-11-06T22:00:00,2699A,75.9755,39.4694,喀什地区,吾办,颗粒物(PM10),94,137,106,50,46,91,66,86,84,20,19,5,5,0.7,0.9
2022-11-06T22:00:00,2700A,75.9538,39.4682,喀什地区,市环境监测站,颗粒物(PM10),104,157,123,40,47,,,,,26,29,5,4,1.0,1.5
2022-11-06T22:00:00,2703A,81.2815,43.9404,伊犁哈萨克州,市环保局,细颗粒物(PM2.5),123,133,123,93,91,90,34,75,74,44,35,22,18,1.4,2.2
2022-11-06T22:00:00,2704A,81.2996,43.9174,伊犁哈萨克州,新政府片区,细颗粒物(PM2.5),113,102,110,85,84,85,42,70,69,43,31,19,17,2.7,2.3
2022-11-06T22:00:00,2705A,81.3364,43.941,伊犁哈萨克州,第二水厂,细颗粒物(PM2.5),144,156,139,110,96,91,25,68,64,53,36,16,18,1.7,2.5
2022-11-06T22:00:00,2706A,82.9994,46.7432,塔城地区,东门外小游园,,50,50,24,30,16,82,33,68,59,35,20,5,7,1.0,0.6
2022-11-06T22:00:00,2707A,88.1214,47.9047,阿勒泰地区,小东沟(对照点),,,,,,,,,,,,,,,,
2022-11-06T22:00:00,2708A,88.1264,47.8517,阿勒泰地区,市站,颗粒物(PM10),74,98,38,26,10,93,28,91,53,32,18,3,4,0.7,0.5
2022-11-06T22:00:00,2709A,86.0497,44.2967,石河子市,艾青诗歌馆,细颗粒物(PM2.5),104,130,103,78,62,109,23,72,64,51,40,12,13,0.9,0.8
2022-11-06T22:00:00,2710A,86.0697,44.3075,石河子市,阳光学校,,,135,106,,,97,34,70,62,23,27,5,7,0.9,0.8
2022-11-06T22:00:00,2711A,87.5475,44.1756,五家渠市,农水大厦,细颗粒物(PM2.5),114,128,135,86,88,72,21,57,54,50,38,11,16,1.2,1.4
2022-11-06T22:00:00,2835A,101.7227,26.567,攀枝花市,四十中小,颗粒物(PM10),54,58,44,30,22,123,23,95,82,81,38,20,16,2.3,1.2
2022-11-06T22:00:00,2842A,118.0936,24.5058,厦门市,湖里中学,,42,42,31,19,13,114,59,98,77,24,17,3,3,0.4,0.5
2022-11-06T22:00:00,2845A,113.1569,36.1911,长治市,德盛苑,细颗粒物(PM2.5),67,54,46,48,40,105,66,95,80,24,21,4,5,0.5,0.4
2022-11-06T22:00:00,2846A,113.3221,23.1322,广州市,体育西,,30,28,21,21,16,36,14,29,26,31,24,3,3,0.8,0.7
2022-11-06T22:00:00,2858A,117.7918,39.2474,天津市,河西一经路,细颗粒物(PM2.5),139,180,114,106,71,83,0,64,36,84,68,11,13,1.2,0.9
2022-11-06T22:00:00,2859A,117.3747,38.9846,天津市,津沽路,细颗粒物(PM2.5),124,145,104,94,69,76,0,60,26,74,66,5,9,0.8,0.7
2022-11-06T22:00:00,2860A,117.1589,39.0845,天津市,宾水西道,细颗粒物(PM2.5),123,137,108,93,74,68,1,56,26,69,50,5,6,1.1,0.9
2022-11-06T22:00:00,2862A,114.5481,38.0378,石家庄市,22中南校区,细颗粒物(PM2.5),140,97,136,107,112,66,24,62,35,47,52,2,3,0.7,1
2022-11-06T22:00:00,2865A,112.7195,37.6828,晋中市,榆次三中,细颗粒物(PM2.5),108,138,123,81,78,87,,73,65,61,42,10,10,0.8,0.8
2022-11-06T22:00:00,2866A,111.0522,35.0439,运城市,外滩首府,,,,,,,,,,,,,,,,
2022-11-06T22:00:00,2867A,111.1283,37.51,吕梁市,马茂庄小学,颗粒物(PM10),88,126,106,45,41,111,2,83,56,83,52,8,11,0.5,0.6
2022-11-06T22:00:00,2868A,126.4739,43.953,吉林市,九站,颗粒物(PM10),57,64,54,31,25,76,30,66,51,45,35,10,12,0.6,0.5
2022-11-06T22:00:00,2869A,119.447,32.4155,扬州市,五台山医院,细颗粒物(PM2.5),58,64,68,41,41,117,54,99,89,50,48,7,9,0.6,0.7
2022-11-06T22:00:00,2870A,119.4424,32.1873,镇江市,市疾控中心,细颗粒物(PM2.5),65,77,70,47,50,140,75,125,113,46,39,12,8,1.0,1
2022-11-06T22:00:00,2871A,121.6147,29.9017,宁波市,万里国际学校,,31,31,56,14,28,70,44,61,50,43,52,6,9,0.2,0.4
2022-11-06T22:00:00,2872A,120.7846,30.7525,嘉兴市,南湖区残联,,26,26,39,16,20,125,81,108,98,20,30,5,6,0.4,0.5
2022-11-06T22:00:00,2873A,120.0875,30.8955,湖州市,仁皇山新区,,35,35,49,14,25,116,77,105,97,26,35,6,6,0.4,0.5
2022-11-06T22:00:00,2875A,115.784,32.8892,阜阳市,阜阳职业技术学院,细颗粒物(PM2.5),60,68,67,43,39,126,52,112,94,60,29,10,10,0.7,0.5
2022-11-06T22:00:00,2877A,119.1641,36.6523,潍坊市,坊子邮政,颗粒物(PM10),54,58,93,36,53,99,97,90,88,18,42,6,8,0.4,0.7
2022-11-06T22:00:00,2878A,116.0072,36.4343,聊城市,聊大东校,细颗粒物(PM2.5),94,130,104,70,58,91,44,84,70,46,30,17,22,0.8,0.7
2022-11-06T22:00:00,2880A,104.0219,30.6558,成都市,大石西路,细颗粒物(PM2.5),117,106,82,88,64,38,11,32,17,52,46,3,3,0.7,0.7
2022-11-06T22:00:00,2881A,107.8908,26.5311,黔东南苗族侗族自治州,凯里学院,细颗粒物(PM2.5),58,58,66,41,47,156,68,133,116,29,24,3,4,0.5,0.6
2022-11-06T22:00:00,2882A,102.5389,24.3703,玉溪市,玉溪一中,颗粒物(PM10),74,97,46,45,28,89,7,78,60,55,23,47,10,4.2,1.2
2022-11-06T22:00:00,2883A,102.5381,24.3389,玉溪市,文体中心,,38,38,43,25,29,90,27,80,69,39,27,10,10,1.1,1.1
2022-11-06T22:00:00,2884A,98.2672,39.7978,嘉峪关市,酒钢宾馆,颗粒物(PM10),56,61,69,27,22,102,54,91,85,38,29,12,15,0.5,0.4
2022-11-06T22:00:00,2885A,104.9339,33.3826,陇南市,滨江中学,,33,33,32,15,14,65,42,56,53,17,17,6,7,0.5,0.5
2022-11-06T22:00:00,2894A,117.0566,32.6531,淮南市,经济技术开发区消防队,颗粒物(PM10),74,98,87,53,49,122,87,103,96,34,38,7,7,0.4,0.5
2022-11-06T22:00:00,2897A,123.2444,41.7347,沈阳市,沈辽西路,细颗粒物(PM2.5),83,106,110,61,56,96,24,80,61,39,40,6,17,0.7,0.9
2022-11-06T22:00:00,2900A,123.5953,41.9086,沈阳市,裕农路,细颗粒物(PM2.5),77,85,84,56,52,102,35,81,67,40,35,9,19,1.0,1.3
2022-11-06T22:00:00,2902A,106.6351,30.4865,广安市,北辰小学,,,,,,,,,,,,,,,,
2022-11-06T22:00:00,2907A,120.1844,30.8596,湖州市,吴兴区站,,41,41,53,21,30,115,71,105,93,30,39,6,7,0.4,0.4
2022-11-06T22:00:00,2914A,106.7677,31.8794,巴中市,苏山坪(对照点),,48,46,45,33,36,75,56,66,50,21,20,4,5,0.5,0.5
2022-11-06T22:00:00,2915A,106.7619,31.84139,巴中市,职业中学,,,,,,,,,,,,,,,,
2022-11-06T22:00:00,2919A,116.7022,39.5453,廊坊市,河北工业大学,细颗粒物(PM2.5),114,125,128,86,92,49,4,31,6,66,68,7,9,0.8,0.9
2022-11-06T22:00:00,2920A,117.7116,24.506,漳州市,蓝田镇,,46,46,36,20,17,123,54,110,88,18,20,11,8,0.4,0.4
2022-11-06T22:00:00,2921A,120.5483,30.0003,绍兴市,树下王站,细颗粒物(PM2.5),74,89,56,54,37,96,2,88,55,60,34,6,6,0.8,0.6
2022-11-06T22:00:00,2922A,117.1941,39.1067,天津市,大理道,细颗粒物(PM2.5),132,136,105,100,77,72,2,61,28,78,55,8,12,0.9,0.7
2022-11-06T22:00:00,2924A,106.2266,38.4418,银川市,水乡路,细颗粒物(PM2.5),83,100,112,61,62,134,64,101,94,32,66,18,21,1.0,1.4
2022-11-06T22:00:00,2925A,106.2757,38.4842,银川市,上海东路,细颗粒物(PM2.5),92,80,98,68,63,120,64,103,97,31,59,19,22,0.7,1
2022-11-06T22:00:00,2926A,106.1015,38.497,银川市,文昌北街,细颗粒物(PM2.5),99,138,130,74,68,128,52,102,93,52,57,10,15,0.9,1
2022-11-06T22:00:00,2929A,114.8858,30.4519,黄冈市,红卫路,颗粒物(PM10),85,120,80,49,35,139,95,122,113,26,31,9,13,0.9,1
2022-11-06T22:00:00,2994A,119.6533,29.1128,金华市,武警支队(启用161031),,,,,,,,,,,,,,,,
2022-11-06T22:00:00,2996A,118.283,33.965,宿迁市,市供电局,细颗粒物(PM2.5),69,79,89,50,42,133,69,116,102,37,39,9,8,0.6,0.6
2022-11-06T22:00:00,2997A,119.8767,32.3289,泰州市,王营,颗粒物(PM10),66,81,71,36,40,118,23,101,72,60,40,14,12,0.8,0.7
2022-11-06T22:00:00,3000A,119.3581,34.6972,连云港市,德源药业,颗粒物(PM10),51,51,72,17,38,105,60,94,69,36,30,3,5,0.6,0.7
2022-11-06T22:00:00,3002A,119.9805,31.8174,常州市,行政中心,,42,42,56,19,31,121,72,110,100,35,42,12,10,0.9,0.7
2022-11-06T22:00:00,3003A,120.0522,31.7748,常州市,经开区,颗粒物(PM10),66,81,68,34,34,118,44,111,94,62,50,9,12,0.6,0.8
2022-11-06T22:00:00,3004A,120.1544,33.3663,盐城市,宝龙广场,,34,34,45,12,23,127,96,114,104,16,18,9,8,0.3,0.4
2022-11-06T22:00:00,3005A,117.1814,34.29,徐州市,鼓楼区政府,颗粒物(PM10),79,108,99,52,51,149,78,122,110,44,37,8,8,0.9,0.8
2022-11-06T22:00:00,3006A,117.1694,34.1781,徐州市,铜山区招生办,细颗粒物(PM2.5),92,122,107,68,61,128,49,112,95,61,54,10,10,0.9,0.8
2022-11-06T22:00:00,3007A,119.178,34.844,连云港市,新城一中,颗粒物(PM10),57,64,80,28,47,106,49,88,59,50,40,4,7,0.6,0.6
2022-11-06T22:00:00,3008A,119.3608,34.7519,连云港市,胡沟管理处,,48,48,58,24,33,98,83,95,90,17,16,10,13,0.4,0.4
2022-11-06T22:00:00,3009A,119.1478,34.5911,连云港市,矿山设计院,颗粒物(PM10),64,78,88,41,50,95,51,86,71,36,37,7,11,0.5,0.5
2022-11-06T22:00:00,3010A,119.9025,31.7964,常州市,钟楼,,36,36,57,17,33,132,84,116,108,32,48,5,8,0.3,0.7
2022-11-06T22:00:00,3012A,112.1849,31.0362,荆门市,西山林语,细颗粒物(PM2.5),78,83,87,57,53,150,89,136,122,23,18,8,9,0.6,0.6
2022-11-06T22:00:00,3014A,106.4958,29.5346,重庆市,歇台子,细颗粒物(PM2.5),119,109,93,90,74,71,5,51,37,83,59,6,6,1.2,1
2022-11-06T22:00:00,3015A,106.4037,29.5728,重庆市,龙井湾,细颗粒物(PM2.5),93,102,86,69,54,78,63,63,61,32,40,11,8,0.9,0.9
2022-11-06T22:00:00,3016A,106.5507,29.4153,重庆市,龙洲湾,细颗粒物(PM2.5),83,74,84,61,56,107,79,82,82,18,41,5,7,0.7,0.7
2022-11-06T22:00:00,3018A,111.505,36.1014,临汾市,唐尧大酒店,细颗粒物(PM2.5),142,178,125,108,75,69,3,58,44,70,46,4,5,1.1,0.8
2022-11-06T22:00:00,3020A,117.2101,39.1699,天津市,中山北路,细颗粒物(PM2.5),135,144,127,103,85,67,1,60,21,72,49,8,11,0.8,0.7
2022-11-06T22:00:00,3021A,115,35.7668,濮阳市,濮水河管理处,细颗粒物(PM2.5),99,93,74,74,62,124,35,96,75,43,28,7,14,0.8,0.5
2022-11-06T22:00:00,3022A,112.4433,34.6686,洛阳市,凯旋路小学,,,,,,,,,,,,,,,,
2022-11-06T22:00:00,3025A,113.0477,23.6344,清远市,技师学院,,29,28,17,20,13,41,22,37,33,17,14,6,6,1.0,0.9
2022-11-06T22:00:00,3026A,116.6183,23.6608,潮州市,市政府,,38,38,31,24,16,109,71,88,67,15,13,12,11,0.7,0.4
2022-11-06T22:00:00,3027A,104.72,29.3427,自贡市,青杠林路,细颗粒物(PM2.5),79,89,59,58,38,69,39,61,58,30,24,4,5,0.6,0.5
2022-11-06T22:00:00,3028A,104.776,29.3627,自贡市,檀木林体育馆,细颗粒物(PM2.5),68,73,53,49,37,78,62,68,67,20,25,7,7,0.5,0.5
2022-11-06T22:00:00,3033A,87.4651,43.4569,乌鲁木齐市,培训基地,"颗粒物(PM10),细颗粒物(PM2.5)",52,53,29,36,16,94,78,87,86,17,11,10,9,1.0,0.7
2022-11-06T22:00:00,3034A,113.1076,41.0385,乌兰察布市,光明街小学,,29,29,56,17,35,80,52,70,65,20,50,13,17,0.3,0.6
2022-11-06T22:00:00,3035A,122.0931,46.0707,兴安盟,北滨河,细颗粒物(PM2.5),82,107,66,60,27,54,4,40,20,52,39,8,7,1.0,0.8
2022-11-06T22:00:00,3036A,118.6904,37.4338,东营市,开发区管委会,细颗粒物(PM2.5),62,68,91,44,53,104,62,91,81,32,47,28,14,0.8,0.8
2022-11-06T22:00:00,3038A,103.3758,23.368,红河州,州图书馆,细颗粒物(PM2.5),57,57,46,40,34,109,94,109,92,7,7,4,4,0.6,0.5
2022-11-06T22:00:00,3039A,111.1911,34.7829,三门峡市,三门峡市第一小学,细颗粒物(PM2.5),123,135,80,93,72,113,5,99,62,74,34,6,11,1.0,0.8
2022-11-06T22:00:00,3045A,109.9643,33.8471,商洛市,商州区中学,颗粒物(PM10),73,96,74,41,51,99,2,79,41,58,31,5,9,0.7,0.5
2022-11-06T22:00:00,3046A,115.9084,28.6062,南昌市,机电学校,颗粒物(PM10),64,77,73,34,29,92,28,84,69,43,42,7,9,0.6,0.8
2022-11-06T22:00:00,3048A,119.5799,26.0936,福州市,九龙,,22,22,33,10,13,89,58,84,79,16,12,2,5,0.3,0.4
2022-11-06T22:00:00,3051A,117.3876,39.1488,天津市,西四道,细颗粒物(PM2.5),113,128,105,85,67,69,0,56,21,74,67,6,9,1.0,0.8
2022-11-06T22:00:00,3054A,113.9194,35.2847,新乡市,市委党校,颗粒物(PM10),87,123,78,61,47,126,4,105,76,94,39,8,12,1.2,0.7
2022-11-06T22:00:00,3055A,101.7775,36.6428,西宁市,城北区政府,,47,47,56,20,34,115,58,98,88,44,30,24,24,0.5,1
2022-11-06T22:00:00,3057A,121.5992,37.4014,烟台市,牟平检察院,,32,24,62,8,31,131,100,121,113,12,29,13,14,0.5,0.8
2022-11-06T22:00:00,3058A,119.2658,42.0353,赤峰市,银河街,颗粒物(PM10),78,105,97,51,48,70,36,54,49,42,45,18,30,1.0,1.3
2022-11-06T22:00:00,3059A,117.7161,36.2049,济南市,泰兴公司,细颗粒物(PM2.5),108,140,109,81,62,103,30,91,73,91,60,12,10,1.2,1.1
2022-11-06T22:00:00,3061A,119.7512,49.1577,呼伦贝尔市,国华电力东,,18,18,16,7,14,68,53,56,52,4,6,3,3,0.2,0.2
2022-11-06T22:00:00,3064A,117.6867,36.2171,济南市,莱芜战役纪念馆,细颗粒物(PM2.5),104,111,98,78,60,93,64,86,79,56,63,8,9,1.4,1.1
2022-11-06T22:00:00,3065A,101.9533,29.9972,甘孜藏族自治州,州环保局,,24,24,29,16,8,84,41,67,60,29,22,9,7,0.3,0.2
2022-11-06T22:00:00,3066A,116.2721,37.4379,德州市,九衢泉纯净水厂,细颗粒物(PM2.5),108,128,98,81,53,109,48,98,78,44,31,11,13,1.1,1
2022-11-06T22:00:00,3109A,115.0093,25.8613,赣州市,赣县区卫计委,,,42,32,13,21,37,0,31,13,28,18,6,9,,0.7
2022-11-06T22:00:00,3122A,105.9606,26.2611,安顺市,伍家关(对照点),,,,,,,,,,,,,,,,
2022-11-06T22:00:00,3123A,105.9408,26.2431,安顺市,凤凰山,细颗粒物(PM2.5),69,61,47,50,37,116,76,113,98,19,13,14,10,0.8,0.7
2022-11-06T22:00:00,3124A,105.9439,26.2564,安顺市,金钟山,细颗粒物(PM2.5),57,53,46,40,37,115,86,113,101,13,8,12,11,0.7,0.6
2022-11-06T22:00:00,3125A,105.8983,26.2481,安顺市,娄家坡,细颗粒物(PM2.5),73,69,50,53,38,113,82,112,100,15,9,9,7,0.7,0.6
2022-11-06T22:00:00,3128A,92.0506,31.4797,那曲地区,那曲会议中心,,27,27,25,13,10,90,50,86,81,27,10,8,8,0.8,0.7
2022-11-06T22:00:00,3129A,102.0306,36.5067,海东地区,平安高铁新区,,,,,,,,,,,,,,,,
2022-11-06T22:00:00,3131A,114.879,40.7993,张家口市,烟厂,,24,22,53,14,25,82,75,69,65,16,27,15,8,0.8,1
2022-11-06T22:00:00,3132A,119.610547,39.943889,秦皇岛市,文明里,细颗粒物(PM2.5),99,114,95,74,56,113,36,79,71,66,54,16,16,0.9,0.9
2022-11-06T22:00:00,3133A,106.5468,29.5654,重庆市,上清寺,细颗粒物(PM2.5),84,107,83,62,53,73,4,52,40,99,63,8,9,1.2,1.1
2022-11-06T22:00:00,3134A,113.8172,34.0339,许昌市,市一中,细颗粒物(PM2.5),92,111,75,68,46,127,61,113,97,40,30,18,13,0.7,0.7
2022-11-06T22:00:00,3136A,104.2725,30.5589,成都市,龙泉驿区区政府,细颗粒物(PM2.5),77,73,42,56,33,84,13,69,49,42,22,4,4,0.8,0.6
2022-11-06T22:00:00,3137A,103.8578,30.0744,眉山市,市委党校,颗粒物(PM10),57,63,47,36,43,81,23,68,54,43,24,5,6,0.7,0.7
2022-11-06T22:00:00,3138A,111.7153,29.0289,常德市,武陵区永安,细颗粒物(PM2.5),69,83,87,50,52,126,90,111,105,21,27,3,5,0.7,0.7
2022-11-06T22:00:00,3139A,111.6892,28.9881,常德市,鼎城区玉霞,,,,70,,49,118,55,107,95,,28,8,8,0.6,0.7
2022-11-06T22:00:00,3140A,111.6625,29.0531,常德市,武陵区长庚,细颗粒物(PM2.5),67,76,78,48,55,127,92,113,108,23,26,7,12,0.6,0.6
2022-11-06T22:00:00,3141A,114.3922,36.0878,安阳市,信访局,细颗粒物(PM2.5),179,147,96,135,65,115,29,88,59,58,41,13,14,1.2,0.6
2022-11-06T22:00:00,3147A,114.3438,34.8106,开封市,龙亭公园,细颗粒物(PM2.5),102,103,85,76,61,149,76,134,120,30,26,4,9,0.7,0.6
2022-11-06T22:00:00,3148A,103.8291,30.0564,眉山市,区人社局,颗粒物(PM10),51,51,47,34,34,86,27,70,58,49,26,5,9,0.7,0.7
2022-11-06T22:00:00,3149A,115.0235,30.1578,黄石市,笔架山北路,细颗粒物(PM2.5),58,64,50,41,26,142,103,125,120,22,18,11,9,0.5,0.5
2022-11-06T22:00:00,3151A,114.375,27.8097,宜春市,宜春学院北校区,颗粒物(PM10),65,80,60,42,31,88,42,77,69,38,27,15,16,1.0,0.8
2022-11-06T22:00:00,3153A,114.3877,30.4908,武汉市,民族大道182号,颗粒物(PM10),63,75,51,36,22,151,89,135,119,50,33,11,14,0.9,0.8
2022-11-06T22:00:00,3164A,119.4686,32.3942,扬州市,广陵建设局,细颗粒物(PM2.5),70,83,81,51,52,116,46,96,82,56,52,6,7,0.7,0.8
2022-11-06T22:00:00,3165A,108.6594,34.2969,咸阳市,两寺渡,细颗粒物(PM2.5),115,175,131,87,92,113,6,90,73,102,44,5,5,1.5,1.2
2022-11-06T22:00:00,3169A,113.2725,35.2067,焦作市,太极体育中心(启用180720),细颗粒物(PM2.5),135,165,116,103,66,136,35,110,91,59,36,9,19,1.4,0.9
2022-11-06T22:00:00,3170A,102.1864,38.5253,金昌市,市委党校,,,,,,,110,22,94,72,68,31,25,39,1.5,0.9
2022-11-06T22:00:00,3171A,115.6071,34.4465,商丘市,梁园区档案局,细颗粒物(PM2.5),87,84,73,64,61,136,64,114,102,38,26,11,13,1.0,0.8
2022-11-06T22:00:00,3173A,117.0598,30.5351,安庆市,市人大,颗粒物(PM10),85,119,65,47,37,120,0,98,65,87,35,9,12,1.3,0.8
2022-11-06T22:00:00,3178A,119.0587,36.721,潍坊市,潍坊七中,颗粒物(PM10),58,66,90,38,53,99,90,90,82,19,37,7,9,0.7,0.8
2022-11-06T22:00:00,3179A,102.7494,25.0119,昆明市,官渡区博物馆,,46,45,45,32,29,99,12,83,63,55,31,6,6,0.7,0.8
2022-11-06T22:00:00,3180A,99.7136,27.8094,迪庆州,质量技术监督局,,30,18,24,21,19,100,75,91,84,6,10,6,7,0.6,0.7
2022-11-06T22:00:00,3182A,106.7656,31.8545,巴中市,丽阳花园,细颗粒物(PM2.5),79,80,60,58,44,43,4,31,22,43,33,4,4,0.9,0.8
2022-11-06T22:00:00,3183A,106.7418,31.8654,巴中市,圣泉水务公司,细颗粒物(PM2.5),68,70,51,49,36,70,4,45,34,42,30,5,4,0.8,0.7
2022-11-06T22:00:00,3185A,112.5628,37.8964,太原市,巨轮,细颗粒物(PM2.5),107,128,151,80,95,89,12,70,45,79,60,14,14,1.0,1.2
2022-11-06T22:00:00,3186A,103.7158,36.1058,兰州市,教育港,细颗粒物(PM2.5),68,75,72,49,46,108,30,98,79,65,49,12,17,1.1,1
2022-11-06T22:00:00,3187A,116.9509,33.666,宿州市,远航博物馆,细颗粒物(PM2.5),84,116,92,62,58,134,31,120,98,78,34,7,8,0.8,0.6
2022-11-06T22:00:00,3188A,115.6683,37.7217,衡水市,市城管局,细颗粒物(PM2.5),132,156,105,100,62,104,2,90,65,66,35,12,15,0.9,0.8
2022-11-06T22:00:00,3190A,116.0254,29.6994,九江市,外国语学校,,40,40,46,26,34,124,31,116,99,53,27,6,12,0.8,0.8
2022-11-06T22:00:00,3191A,118.3225,33.9447,宿迁市,宿豫区政府,颗粒物(PM10),65,80,92,39,60,135,55,113,99,47,48,4,8,0.7,0.7
2022-11-06T22:00:00,3192A,80.0903,32.5028,阿里地区,阿里藏医院,,27,11,10,3,3,105,86,101,93,2,2,8,8,0.5,0.5
2022-11-06T22:00:00,3194A,112.2747,30.3122,荆州市,管委会,细颗粒物(PM2.5),88,104,84,65,60,150,62,135,110,58,42,9,8,1.0,1
2022-11-06T22:00:00,3195A,119.3633,32.3972,扬州市,市体育局,颗粒物(PM10),58,66,79,39,46,125,70,112,100,49,50,7,9,0.7,0.8
2022-11-06T22:00:00,3200A,115.9819,36.4978,聊城市,监控中心,细颗粒物(PM2.5),90,124,103,67,52,90,52,80,70,49,36,18,19,0.5,0.5
2022-11-06T22:00:00,3201A,102.6486,37.9325,武威市,东关招商场,细颗粒物(PM2.5),85,73,77,63,37,109,44,101,90,37,22,10,10,0.7,0.5
2022-11-06T22:00:00,3204A,113.3025,33.73,平顶山市,规划局,细颗粒物(PM2.5),128,146,103,97,59,119,61,111,93,37,37,10,10,1.0,0.7
2022-11-06T22:00:00,3206A,114.9149,27.807,新余市,新钢沁园村,颗粒物(PM10),63,76,65,35,38,82,21,71,60,68,40,13,29,0.9,0.6
2022-11-06T22:00:00,3207A,118.3118,32.3038,滁州市,市政府原办公楼,颗粒物(PM10),62,73,77,32,36,127,72,107,96,40,46,5,6,0.4,0.5
2022-11-06T22:00:00,3208A,112.7283,38.4153,忻州市,市政府,细颗粒物(PM2.5),132,163,105,100,67,60,8,51,32,76,58,13,28,1.1,0.9
2022-11-06T22:00:00,3209A,119.5231,26.6562,宁德市,宁德一中,,28,28,24,16,11,85,44,75,63,16,12,8,8,0.6,0.5
2022-11-06T22:00:00,3210A,114.3644,34.7964,开封市,汴京公园,细颗粒物(PM2.5),103,93,78,77,63,140,57,119,101,43,28,6,11,0.8,0.5
2022-11-06T22:00:00,3216A,114.6622,24.5183,漳州市,漳州党校,颗粒物(PM10),52,53,33,23,16,134,58,116,93,18,20,8,7,0.6,0.6
2022-11-06T22:00:00,3237A,117.4918,30.6617,池州市,展览馆,颗粒物(PM10),59,68,50,27,27,125,7,106,71,67,29,5,7,0.7,0.7
2022-11-06T22:00:00,3239A,125.0764,42.9078,辽源市,银鹰制药,细颗粒物(PM2.5),90,107,72,67,41,96,78,76,61,10,31,8,13,0.8,0.8
2022-11-06T22:00:00,3241A,103.7439,36.0842,兰州市,百合公园,细颗粒物(PM2.5),63,72,69,45,40,98,23,88,74,54,38,10,15,0.6,0.7
2022-11-06T22:00:00,3242A,103.9611,35.998,兰州市,和平,颗粒物(PM10),60,70,55,37,36,104,45,87,80,43,27,9,12,1.2,1.1
2022-11-06T22:00:00,3247A,104.955,33.371,陇南市,市总工会,,29,29,33,8,10,64,51,57,56,12,19,7,9,0.4,0.4
2022-11-06T22:00:00,3248A,98.2643,39.7724,嘉峪关市,雄关区,颗粒物(PM10),60,69,54,33,19,97,36,88,75,53,35,9,10,0.5,0.3
2022-11-06T22:00:00,3265A,121.4316,31.3322,上海市,宝山庙行,,34,34,34,17,16,84,58,76,69,40,50,5,6,0.6,0.6
2022-11-06T22:00:00,3266A,121.8791,31.4662,上海市,崇明上实东滩,,23,9,16,2,9,103,72,100,92,24,14,8,8,0.5,0.5
2022-11-06T22:00:00,3268A,121.3162,31.2838,上海市,嘉定南翔,,22,22,31,12,17,86,62,79,72,28,39,6,7,0.5,0.6
2022-11-06T22:00:00,3269A,121.3359,30.7456,上海市,金山新城,,28,11,24,4,13,102,89,96,93,12,19,5,6,0.4,0.4
2022-11-06T22:00:00,3270A,121.4996,31.0739,上海市,闵行浦江,,42,42,32,22,16,97,41,89,69,48,36,5,6,0.7,0.7
2022-11-06T22:00:00,3271A,121.2886,31.1663,上海市,青浦徐泾,,48,48,40,16,18,104,38,93,78,50,39,9,7,0.8,0.7
2022-11-06T22:00:00,3272A,121.2186,31.0378,上海市,松江图书馆,,33,33,38,21,21,123,42,103,81,54,47,7,7,0.6,0.6
2022-11-06T22:00:00,3273A,121.3902,31.2059,上海市,长宁仙霞,,31,31,35,13,14,79,62,76,72,34,35,6,6,0.6,0.5
2022-11-06T22:00:00,3274A,121.7965,31.0507,上海市,浦东惠南,,24,24,35,9,12,106,68,94,84,19,32,4,5,0.6,0.6
2022-11-06T22:00:00,3281A,115.9718,40.4529,北京市,延庆夏都,细颗粒物(PM2.5),144,153,83,110,53,73,25,63,48,44,26,1,2,0.9,0.5
2022-11-06T22:00:00,3282A,113.3397,40.0597,大同市,大同市卫生学校,细颗粒物(PM2.5),67,78,74,48,59,52,35,48,19,34,36,19,17,1.1,1
2022-11-06T22:00:00,3283A,109.9154,40.5685,包头市,滨河大厦,,17,17,57,9,29,85,51,78,62,21,38,12,19,0.5,0.7
2022-11-06T22:00:00,3284A,106.813,39.7274,乌海市,海北新区,颗粒物(PM10),123,196,91,45,29,101,4,92,58,74,38,18,18,1.1,0.8
2022-11-06T22:00:00,3285A,113.1376,40.9509,乌兰察布市,北京八中,,20,20,69,8,40,72,62,56,56,13,44,15,30,0.2,0.6
2022-11-06T22:00:00,3286A,118.9359,42.3147,赤峰市,桥北物流园区,颗粒物(PM10),73,95,63,42,29,76,11,50,31,45,35,23,18,0.9,0.7
2022-11-06T22:00:00,3287A,119.3842,32.1976,镇江市,富润路1号,颗粒物(PM10),52,53,67,31,39,130,81,121,113,37,40,9,10,0.6,0.7
2022-11-06T22:00:00,3288A,117.4754,34.4422,徐州市,大泉街道,颗粒物(PM10),72,93,95,40,40,140,103,128,126,30,29,9,18,0.8,0.7
2022-11-06T22:00:00,3289A,120.743,31.3188,苏州市,方洲路,,32,32,41,16,22,132,60,109,97,29,33,6,7,0.6,0.6
2022-11-06T22:00:00,3290A,120.5031,31.2774,苏州市,木渎中学,,32,32,36,20,23,129,67,105,94,34,34,9,7,0.5,0.6
2022-11-06T22:00:00,3291A,121.067,32.062,南通市,通州监测站,,32,31,23,22,18,116,75,108,94,20,21,4,4,0.3,0.3
2022-11-06T22:00:00,3293A,120.1501,33.3367,盐城市,月亮广场,,34,34,52,13,22,136,92,121,111,15,19,10,9,0.5,0.5
2022-11-06T22:00:00,3294A,119.5653,32.4222,扬州市,引江管理处,,,,74,,38,123,16,103,89,78,53,8,10,0.7,0.7
2022-11-06T22:00:00,3295A,120.1259,32.5099,泰州市,姜堰区政府广场,颗粒物(PM10),57,63,45,34,22,105,54,100,79,35,25,10,13,0.6,0.6
2022-11-06T22:00:00,3298A,113.5717,23.5491,广州市,从化街口,,33,29,21,23,16,49,2,40,29,26,16,6,6,0.8,0.7
2022-11-06T22:00:00,3299A,113.3472,23.3692,广州市,白云竹料,,44,44,22,30,16,58,6,48,35,40,21,4,4,0.8,0.6
2022-11-06T22:00:00,3300A,113.2981,23.237,广州市,白云嘉禾,,42,42,26,22,16,41,6,31,18,36,33,5,5,0.8,0.7
2022-11-06T22:00:00,3301A,113.4256,23.1716,广州市,黄埔科学城,,27,27,18,17,12,33,4,27,18,28,20,4,4,0.7,0.6
2022-11-06T22:00:00,3302A,113.3942,23.0483,广州市,番禺大学城,,31,31,24,19,13,30,10,27,21,46,35,5,5,0.8,0.7
2022-11-06T22:00:00,3303A,113.4922,22.8168,广州市,南沙黄阁,,26,26,22,18,18,41,5,28,16,46,36,3,3,0.9,0.9
2022-11-06T22:00:00,3304A,113.5342,22.7896,广州市,南沙街,,28,24,22,19,18,35,5,30,21,47,35,7,6,0.8,0.7
2022-11-06T22:00:00,3305A,114.0731,22.559,深圳市,莲花,,23,23,26,16,17,30,11,29,18,27,23,5,5,0.8,0.7
2022-11-06T22:00:00,3306A,114.0261,22.6198,深圳市,民治,,46,46,44,25,21,46,7,31,23,43,26,9,4,0.7,0.6
2022-11-06T22:00:00,3307A,114.1871,22.6451,深圳市,横岗,,32,30,28,22,19,45,12,30,24,42,28,6,6,0.9,0.8
2022-11-06T22:00:00,3308A,113.3494,22.0569,珠海市,金湾,,22,22,16,11,14,63,32,42,42,23,25,6,7,0.5,0.5
2022-11-06T22:00:00,3311A,113.1075,22.5647,江门市,江海富民,,39,39,27,13,9,35,6,30,12,56,38,7,7,0.8,0.7
2022-11-06T22:00:00,3313A,112.4575,23.0166,肇庆市,高要湖西,,44,44,22,30,20,53,20,50,36,37,24,12,7,0.7,0.7
2022-11-06T22:00:00,3314A,114.4338,22.8134,惠州市,惠阳秋长,,22,22,16,12,13,44,28,41,33,17,15,4,4,0.8,0.8
2022-11-06T22:00:00,3315A,116.1233,24.2991,梅州市,梅龙,,27,27,16,17,11,61,4,49,37,27,17,7,7,0.6,0.6
2022-11-06T22:00:00,3317A,111.9765,21.8947,阳江市,两阳中学,,50,40,23,35,20,63,8,44,31,42,31,7,6,0.6,0.5
2022-11-06T22:00:00,3318A,112.9903,23.7403,清远市,清新太和,,18,18,15,11,11,47,19,31,31,17,17,6,5,0.8,0.8
2022-11-06T22:00:00,3319A,113.7338,23.0381,东莞市,万江金泰,,33,30,22,23,16,48,21,34,30,26,22,4,6,0.8,0.7
2022-11-06T22:00:00,3320A,116.403,23.5699,揭阳市,曲溪,颗粒物(PM10),59,68,45,26,24,109,77,97,79,19,18,13,16,0.6,0.6
2022-11-06T22:00:00,3323A,115.2773,40.9724,张家口市,青少年活动中心,,,,26,,15,48,,48,,,12,,3,,0.3
2022-11-06T22:00:00,3324A,116.8136,38.3004,沧州市,河北水利电力学院,细颗粒物(PM2.5),147,,,112,69,115,13,101,65,59,28,14,16,0.5,0.5
2022-11-06T22:00:00,3325A,117.0365,39.3828,天津市,雍阳西道,细颗粒物(PM2.5),138,144,134,105,90,67,9,47,13,70,61,8,10,0.8,0.7
2022-11-06T22:00:00,3326A,117.0296,39.0605,天津市,辛老路,细颗粒物(PM2.5),128,160,129,97,81,62,0,48,17,74,56,9,12,1.0,0.7
2022-11-06T22:00:00,3327A,116.9638,38.9375,天津市,地纬路,细颗粒物(PM2.5),113,148,114,85,67,64,1,51,22,65,44,10,12,1.0,0.8
2022-11-06T22:00:00,3328A,118.4209,31.3707,芜湖市,市气象局,颗粒物(PM10),66,81,61,46,36,129,61,112,92,30,24,9,10,0.5,0.6
2022-11-06T22:00:00,3329A,117.0108,32.5893,淮南市,山南新区,细颗粒物(PM2.5),93,95,79,69,48,125,105,109,106,28,33,6,7,0.4,0.4
2022-11-06T22:00:00,3330A,116.8873,33.9836,淮北市,杜集区检察院,细颗粒物(PM2.5),102,110,83,76,53,127,77,114,105,25,22,13,12,0.7,0.5
2022-11-06T22:00:00,3331A,118.3267,32.2634,滁州市,图书馆,颗粒物(PM10),67,83,87,43,44,126,63,115,99,52,53,8,10,0.5,0.6
2022-11-06T22:00:00,3332A,115.7633,33.8034,亳州市,亳州学院,颗粒物(PM10),62,73,78,38,47,117,80,105,98,15,18,6,7,0.4,0.5
2022-11-06T22:00:00,3333A,117.5627,30.695,池州市,第八中学,颗粒物(PM10),61,72,57,34,31,117,44,103,88,52,30,5,8,0.5,0.6
2022-11-06T22:00:00,3334A,117.5038,30.6243,池州市,第十二中学,颗粒物(PM10),61,72,56,38,30,131,17,109,71,75,42,6,6,0.8,0.7
2022-11-06T22:00:00,3335A,113.3137,35.2641,焦作市,马村街道办(新增191226),细颗粒物(PM2.5),119,155,115,90,64,133,66,112,98,33,29,8,10,1.3,1
2022-11-06T22:00:00,3336A,113.2465,35.2373,焦作市,焦作技师学院(新增200110),细颗粒物(PM2.5),119,131,99,90,64,131,75,109,99,25,24,10,9,1.2,0.7
2022-11-06T22:00:00,3337A,113.8614,34.0442,许昌市,许昌学院,颗粒物(PM10),77,103,78,53,42,130,85,119,110,20,26,24,12,0.8,0.6
2022-11-06T22:00:00,3338A,113.843,34.0823,许昌市,芙蓉广场,细颗粒物(PM2.5),89,89,77,66,46,126,66,113,99,33,21,18,11,0.8,0.7
2022-11-06T22:00:00,3339A,114.0012,33.0412,驻马店市,小管楼,细颗粒物(PM2.5),72,85,71,52,35,134,91,118,110,27,24,8,10,0.6,0.5
2022-11-06T22:00:00,3340A,112.6005,34.6326,洛阳市,伊滨,细颗粒物(PM2.5),97,116,126,72,78,120,2,96,63,60,38,8,10,0.7,0.6
2022-11-06T22:00:00,3341A,112.4951,34.6332,洛阳市,中移产业园,细颗粒物(PM2.5),114,118,105,86,90,118,14,100,70,78,43,8,8,1.3,0.9
2022-11-06T22:00:00,3342A,128.4741,47.4346,伊春市,中心小学,细颗粒物(PM2.5),98,94,115,73,95,83,21,68,29,25,24,4,5,0.8,0.8
2022-11-06T22:00:00,3343A,128.6871,47.7369,伊春市,检察院,细颗粒物(PM2.5),85,79,115,63,101,85,27,71,49,23,22,2,4,0.7,0.7
2022-11-06T22:00:00,3344A,128.8431,47.8474,伊春市,双子河社区,细颗粒物(PM2.5),94,82,138,70,108,97,40,79,55,24,23,7,7,0.8,0.9
2022-11-06T22:00:00,3345A,131.0577,45.7879,七台河市,中波台,细颗粒物(PM2.5),58,54,48,41,38,72,37,68,51,38,25,7,5,0.8,0.6
2022-11-06T22:00:00,3346A,108.3872,31.1628,重庆市,安康,"颗粒物(PM10),细颗粒物(PM2.5)",60,69,51,43,40,105,19,78,54,44,26,8,8,0.5,0.5
2022-11-06T22:00:00,3347A,105.9017,29.3569,重庆市,北山路,细颗粒物(PM2.5),128,105,77,97,69,94,33,78,74,51,33,10,16,1.0,0.8
2022-11-06T22:00:00,3348A,105.839,30.1946,重庆市,春阳街,细颗粒物(PM2.5),65,71,75,47,54,92,50,75,71,22,17,16,16,0.7,0.7
2022-11-06T22:00:00,3349A,107.7983,30.6758,重庆市,人民东路,细颗粒物(PM2.5),73,75,72,53,49,110,25,90,64,54,29,6,7,1.0,0.8
2022-11-06T22:00:00,3350A,106.6479,29.0244,重庆市,滩子口,细颗粒物(PM2.5),123,138,97,93,71,116,41,94,88,44,36,48,33,0.9,0.9
2022-11-06T22:00:00,3351A,105.7167,29.7076,重庆市,棠香,细颗粒物(PM2.5),98,88,70,73,57,73,50,64,62,21,17,6,8,0.8,0.8
2022-11-06T22:00:00,3352A,107.0732,29.8617,重庆市,桃源西路,细颗粒物(PM2.5),93,104,82,69,57,89,58,83,76,26,28,15,16,0.9,0.9
2022-11-06T22:00:00,3353A,107.3535,29.7287,重庆市,迎宾大道,细颗粒物(PM2.5),88,84,80,65,65,124,30,109,88,56,39,5,11,0.8,0.7
2022-11-06T22:00:00,3354A,108.815,29.5081,重庆市,舟白,细颗粒物(PM2.5),70,79,58,51,44,144,43,126,94,45,20,7,7,0.7,0.6
2022-11-06T22:00:00,3355A,108.3679,30.8426,重庆市,周家坝,细颗粒物(PM2.5),100,97,79,75,59,83,5,59,43,84,52,11,10,1.1,0.9
2022-11-06T22:00:00,3356A,108.4319,30.7555,重庆市,百安坝,细颗粒物(PM2.5),85,64,62,63,46,106,72,76,76,29,43,16,15,0.1,0.3
2022-11-06T22:00:00,3357A,104.0106,30.6931,成都市,金博路,细颗粒物(PM2.5),89,94,82,66,59,27,0,14,10,48,36,2,2,0.8,0.7
2022-11-06T22:00:00,3358A,103.8458,30.6994,成都市,临江路,细颗粒物(PM2.5),93,96,88,69,64,45,9,28,24,44,38,3,2,0.5,0.5
2022-11-06T22:00:00,3359A,104.0578,30.5225,成都市,华阳,细颗粒物(PM2.5),73,73,49,53,38,69,11,49,38,53,28,1,2,0.7,0.6
2022-11-06T22:00:00,3360A,104.7894,29.3194,自贡市,南湖救助站,细颗粒物(PM2.5),79,84,59,58,38,73,34,62,56,36,26,8,9,0.6,0.5
2022-11-06T22:00:00,3361A,103.7311,29.5628,乐山市,理工大学,细颗粒物(PM2.5),65,70,55,47,36,84,32,72,59,26,19,5,7,0.6,0.5
2022-11-06T22:00:00,3362A,120.5014,36.4034,青岛市,即墨2号,,,,70,1,40,130,96,116,109,17,36,7,11,0.2,0.6
2022-11-06T22:00:00,3363A,117.9883,36.8372,淄博市,新区,细颗粒物(PM2.5),73,92,84,53,44,91,65,76,44,49,57,16,13,0.8,0.9
2022-11-06T22:00:00,3364A,117.3152,34.8103,枣庄市,市环保局,细颗粒物(PM2.5),70,85,99,51,58,108,102,94,94,32,37,11,13,0.9,0.8
2022-11-06T22:00:00,3365A,118.5719,37.565,东营市,垦利区民丰路,颗粒物(PM10),65,80,87,44,46,118,64,102,92,47,59,11,14,0.7,0.8
2022-11-06T22:00:00,3366A,121.5206,37.4336,烟台市,中国农业大学,,34,22,56,2,21,135,106,126,117,11,23,7,10,0.3,0.6
2022-11-06T22:00:00,3368A,119.1977,36.6872,潍坊市,高新实验学校,,,53,94,33,53,98,90,86,85,,58,8,10,0.5,0.8
2022-11-06T22:00:00,3369A,118.3977,35.0278,临沂市,开发区幼儿园,,,,,,,,,,,,,,,,
2022-11-06T22:00:00,3370A,118.3564,35.0215,临沂市,十里堡居委,颗粒物(PM10),63,75,106,39,68,105,79,93,90,53,56,55,22,0.7,1
2022-11-06T22:00:00,3371A,116.3728,37.4403,德州市,开发区人民医院,细颗粒物(PM2.5),114,124,103,86,61,114,59,102,78,33,28,11,11,0.9,0.8
2022-11-06T22:00:00,3372A,116.3572,37.4094,德州市,太阳城中学,细颗粒物(PM2.5),119,138,106,90,60,116,55,104,86,32,23,11,13,1.0,0.9
2022-11-06T22:00:00,3374A,115.5564,35.0891,菏泽市,定陶老年大学,细颗粒物(PM2.5),92,117,98,68,54,116,52,99,89,55,33,10,12,0.9,0.8
2022-11-06T22:00:00,3375A,102.8017,24.8336,昆明市,青年创业园,颗粒物(PM10),51,52,43,29,29,106,10,95,72,56,32,14,14,0.6,0.6
2022-11-06T22:00:00,3376A,103.7947,25.462,曲靖市,南苑二区,颗粒物(PM10),58,65,36,36,26,109,69,98,94,16,10,18,14,1.1,0.7
2022-11-06T22:00:00,3377A,103.7444,25.5261,曲靖市,曲靖师范学院,细颗粒物(PM2.5),64,73,44,46,30,111,36,97,85,50,26,13,14,0.6,0.5
2022-11-06T22:00:00,3378A,122.371,40.6771,营口市,老边实验中学,细颗粒物(PM2.5),89,86,87,66,53,104,82,86,79,33,47,15,40,1.5,1.9
2022-11-06T22:00:00,3379A,122.1139,40.2278,营口市,鲅鱼圈市民活动中心,细颗粒物(PM2.5),100,106,68,75,44,98,72,84,70,28,24,11,10,1.0,0.7
2022-11-06T22:00:00,3380A,102.8914,34.9617,甘南州,甘肃民族师范学院,细颗粒物(PM2.5),68,49,32,49,16,98,91,91,91,24,24,12,12,0.5,0.5
2022-11-06T22:00:00,3396A,112.0828,32.0067,襄阳市,襄城隆中路,细颗粒物(PM2.5),92,108,116,68,78,127,109,122,120,22,23,23,15,0.9,1
2022-11-06T22:00:00,3397A,112.1214,32.1008,襄阳市,高新台子湾,细颗粒物(PM2.5),99,98,130,74,81,129,106,108,106,23,30,14,12,1.0,1.1
2022-11-06T22:00:00,3398A,114.9136,30.4445,黄冈市,市林业局,颗粒物(PM10),80,109,78,47,33,139,77,120,107,40,36,12,14,0.8,0.8
2022-11-06T22:00:00,3399A,112.6703,26.882,衡阳市,师范学院,细颗粒物(PM2.5),60,61,68,43,49,136,66,123,110,16,18,10,10,0.8,0.8
2022-11-06T22:00:00,3400A,109.1911,21.4415,北海市,龙潭自来水厂,,33,33,26,22,21,119,42,95,88,14,12,6,8,0.8,0.7
2022-11-06T22:00:00,3401A,108.4834,22.7618,南宁市,红星社区,颗粒物(PM10),57,63,38,36,23,115,44,102,94,44,16,6,7,0.8,0.8
2022-11-06T22:00:00,3402A,109.5422,24.3996,柳州市,市二中,颗粒物(PM10),64,78,62,45,43,141,49,126,109,35,16,6,12,0.8,0.7
2022-11-06T22:00:00,3403A,110.1764,25.2381,桂林市,创业大厦,颗粒物(PM10),79,107,71,53,45,165,21,145,105,78,22,18,15,0.7,0.6
2022-11-06T22:00:00,3404A,108.5959,21.9633,钦州市,北职校,,,,28,,22,69,,67,,,12,,10,,0.7
2022-11-06T22:00:00,3405A,109.5886,23.1172,贵港市,新世纪学校,,31,31,41,18,27,123,67,111,99,14,14,9,10,0.8,0.8
2022-11-06T22:00:00,3406A,106.6085,23.8798,百色市,祈福高中,"颗粒物(PM10),细颗粒物(PM2.5)",103,156,93,77,58,166,9,137,106,82,37,11,17,1.2,0.9
2022-11-06T22:00:00,3407A,120.6916,30.7739,嘉兴市,秀洲住建,,25,18,29,10,17,127,80,112,101,25,33,6,5,0.2,0.3
2022-11-06T22:00:00,3408A,120.5683,29.9361,绍兴市,绍兴中专,颗粒物(PM10),67,83,50,47,32,97,4,85,49,53,39,8,8,0.7,0.6
2022-11-06T22:00:00,3409A,120.4906,30.0861,绍兴市,柯桥区政府,细颗粒物(PM2.5),102,146,71,76,34,96,24,84,56,61,46,11,9,0.8,0.7
2022-11-06T22:00:00,3410A,120.8752,30.0249,绍兴市,重华小学,颗粒物(PM10),61,71,58,33,26,94,43,77,64,22,19,8,7,0.7,0.6
2022-11-06T22:00:00,3411A,120.8369,30.0137,绍兴市,上虞中学,颗粒物(PM10),70,89,60,44,29,92,33,78,63,39,30,8,7,0.7,0.6
2022-11-06T22:00:00,3413A,118.1953,28.4401,上饶市,广丰区教体局,细颗粒物(PM2.5),74,88,61,54,39,89,48,80,72,42,32,31,23,1.0,0.8
2022-11-06T22:00:00,3415A,114.4519,28.0828,宜春市,万载县环保局,颗粒物(PM10),71,92,68,35,35,107,7,91,69,62,30,14,17,1.1,1
2022-11-06T22:00:00,3416A,119.1755,36.7149,潍坊市,潍坊学院,颗粒物(PM10),52,53,92,28,47,106,106,96,96,18,39,6,8,0.6,0.7
2022-11-06T22:00:00,3417A,117.0709,40.1465,北京市,平谷新城,细颗粒物(PM2.5),158,171,111,120,74,76,3,54,27,62,34,1,4,0.9,0.6
2022-11-06T22:00:00,3418A,116.8336,40.4095,北京市,密云新城,细颗粒物(PM2.5),132,163,98,100,59,84,6,69,42,69,37,1,3,0.7,0.5
2022-11-06T22:00:00,3419A,109.9447,40.6261,包头市,包头市委党校,颗粒物(PM10),54,58,60,28,30,82,32,77,63,35,43,9,15,0.4,0.6
2022-11-06T22:00:00,3421A,113.1775,40.9779,乌兰察布市,市委党校,,28,27,65,19,32,80,63,64,64,11,42,8,30,0.2,0.6
2022-11-06T22:00:00,3422A,118.8436,31.9198,南京市,江宁彩虹桥,颗粒物(PM10),53,56,61,31,36,137,77,122,112,41,43,5,7,0.4,0.5
2022-11-06T22:00:00,3423A,119.0138,31.6494,南京市,溧水永阳,,,61,64,,47,133,69,119,104,31,35,4,4,0.5,0.6
2022-11-06T22:00:00,3424A,118.879,31.3302,南京市,高淳老职中,,43,30,52,30,28,142,83,122,107,24,26,6,6,0.3,0.3
2022-11-06T22:00:00,3425A,120.624,31.1733,苏州市,越秀幼儿园,,38,38,47,22,23,125,62,108,93,36,39,9,7,0.6,0.6
2022-11-06T22:00:00,3426A,118.8755,33.2894,淮安市,新华书店,颗粒物(PM10),61,71,87,28,45,129,60,110,94,36,36,9,10,1.0,0.8
2022-11-06T22:00:00,3427A,118.8554,32.3578,南京市,六合雄州,颗粒物(PM10),54,58,64,25,28,129,89,116,108,16,26,5,6,0.4,0.5
2022-11-06T22:00:00,3428A,120.3142,31.4753,无锡市,华庄,,42,42,53,23,28,105,61,94,86,26,36,10,11,0.6,0.7
2022-11-06T22:00:00,3429A,119.8598,31.7066,常州市,武进经发区,,30,30,56,19,35,139,88,120,112,21,40,5,7,0.4,0.5
2022-11-06T22:00:00,3430A,119.5826,31.7245,常州市,金坛城区,,38,38,58,21,35,137,82,122,110,24,34,6,7,0.6,0.7
2022-11-06T22:00:00,3431A,120.6505,31.416,苏州市,高铁新城,,30,30,48,14,24,126,68,108,98,29,35,6,8,0.4,0.5
2022-11-06T22:00:00,3432A,120.9348,31.9883,南通市,环境教育馆,,26,24,36,18,26,106,60,96,71,27,39,1,3,0.2,0.4
2022-11-06T22:00:00,3434A,119.2413,34.6539,连云港市,工贸学校,,43,43,59,24,39,110,84,107,101,20,18,5,9,0.4,0.5
2022-11-06T22:00:00,3435A,119.9192,32.4322,泰州市,周山河街区,细颗粒物(PM2.5),69,71,68,50,48,100,24,91,63,46,34,10,10,0.9,0.8
2022-11-06T22:00:00,3436A,120.4279,33.205,盐城市,大丰高级中学,,32,27,38,7,17,130,101,120,109,11,15,5,7,0.4,0.5
2022-11-06T22:00:00,3437A,88.3118,43.3658,乌鲁木齐市,达坂城区环保局,细颗粒物(PM2.5),62,67,42,44,21,111,59,102,93,30,15,4,3,0.6,0.4
2022-11-06T22:00:00,3438A,87.6162,43.8801,乌鲁木齐市,红光山片区,细颗粒物(PM2.5),84,112,94,62,50,92,35,82,78,71,48,13,10,1.4,1
2022-11-06T22:00:00,3439A,87.7024,43.8004,乌鲁木齐市,新师大温泉校区,细颗粒物(PM2.5),99,114,78,74,38,95,57,84,82,31,15,10,8,0.8,0.5
2022-11-06T22:00:00,3440A,87.4921,43.8411,乌鲁木齐市,大绿谷,细颗粒物(PM2.5),100,126,94,75,63,97,54,86,84,48,43,15,13,1.5,1.3
2022-11-06T22:00:00,3441A,87.546,44.1912,五家渠市,经开区管委会,细颗粒物(PM2.5),90,124,147,67,93,73,52,61,61,33,36,17,18,0.8,1.2
2022-11-06T22:00:00,3442A,86.047,44.2331,石河子市,南区管委会,细颗粒物(PM2.5),124,168,114,94,59,99,44,78,74,38,23,22,16,1.9,1.1
2022-11-06T22:00:00,3443A,113.2902,23.5544,广州市,花都梯面,,28,24,17,19,14,51,24,46,40,16,11,5,4,0.6,0.6
2022-11-06T22:00:00,3444A,116.454,23.2684,汕头市,潮南峡山,,32,32,27,15,12,137,100,121,116,11,11,9,9,0.5,0.5
2022-11-06T22:00:00,3445A,113.7858,23.7478,广州市,从化良口,,13,12,11,9,9,42,16,31,24,18,13,2,2,0.6,0.6
2022-11-06T22:00:00,3446A,113.8051,23.2614,广州市,增城荔城,,24,24,15,14,12,48,22,40,36,18,13,6,6,0.6,0.5
2022-11-06T22:00:00,3447A,114.3551,22.7151,深圳市,坪山,,30,30,28,18,15,37,13,37,20,32,23,6,6,0.7,0.7
2022-11-06T22:00:00,3448A,113.5433,22.1163,珠海市,横琴,,26,19,21,18,14,52,30,40,39,26,29,7,8,0.6,0.6
2022-11-06T22:00:00,3449A,113.05,22.4667,江门市,新会银湖,,32,29,18,22,16,29,5,28,11,48,33,5,6,0.8,0.7
2022-11-06T22:00:00,3450A,111.01,21.5165,茂名市,电白水东,,27,27,14,14,9,101,42,84,71,10,9,28,10,0.6,0.6
2022-11-06T22:00:00,3451A,112.5617,23.2083,肇庆市,鼎湖凤凰,,28,28,23,18,17,44,16,40,30,25,19,6,6,0.7,0.7
2022-11-06T22:00:00,3452A,114.6517,22.775,惠州市,大亚湾霞涌,,13,13,15,9,11,39,32,37,34,10,11,4,4,0.4,0.4
2022-11-06T22:00:00,3453A,112.0125,21.8749,阳江市,阳东陶然,细颗粒物(PM2.5),62,42,26,44,23,70,31,58,49,19,14,8,6,0.5,0.5
2022-11-06T22:00:00,3454A,113.3528,22.478,中山市,中山南区,,26,17,15,17,14,40,11,32,25,51,35,1,3,0.7,0.6
2022-11-06T22:00:00,3455A,113.076,23.7198,清远市,清城东城,,26,23,15,18,13,57,32,50,46,17,13,9,6,0.8,0.8
2022-11-06T22:00:00,3456A,114.289,38.0906,石家庄市,鹿泉一中,细颗粒物(PM2.5),130,134,139,99,99,70,6,48,34,36,29,3,5,0.8,1.2
2022-11-06T22:00:00,3457A,118.4359,39.2762,唐山市,冀东油田职工医院,细颗粒物(PM2.5),120,145,94,91,64,99,4,82,48,98,61,10,13,0.9,0.6
2022-11-06T22:00:00,3458A,114.7895,36.5593,邯郸市,香泉濮院小区,细颗粒物(PM2.5),180,169,99,136,72,120,32,95,73,49,35,10,16,0.9,0.7
2022-11-06T22:00:00,3459A,115.5989,37.5491,衡水市,地表水厂,细颗粒物(PM2.5),189,165,80,142,68,111,21,91,76,40,28,10,14,1.1,0.6
2022-11-06T22:00:00,3460A,117.4067,40.0583,天津市,北环路,细颗粒物(PM2.5),132,136,129,100,80,60,49,56,47,32,32,10,11,0.9,0.9
2022-11-06T22:00:00,3461A,117.3045,39.7169,天津市,建设路,细颗粒物(PM2.5),140,155,156,107,116,32,3,16,10,76,75,13,13,1.1,1
2022-11-06T22:00:00,3462A,117.8199,39.3521,天津市,滨水东路,细颗粒物(PM2.5),159,163,129,121,86,75,3,55,21,83,73,10,16,1.0,1.2
2022-11-06T22:00:00,3463A,116.9708,33.591,宿州市,社会福利中心,细颗粒物(PM2.5),123,151,95,93,57,128,30,111,87,80,37,14,7,0.7,0.5
2022-11-06T22:00:00,3464A,117.3803,31.9147,合肥市,高教基地,颗粒物(PM10),80,110,74,51,38,120,33,108,94,88,49,5,5,0.6,0.5
2022-11-06T22:00:00,3465A,118.4781,31.3225,芜湖市,清苑社区,颗粒物(PM10),61,71,63,43,41,136,37,117,83,63,43,7,8,0.6,0.6
2022-11-06T22:00:00,3466A,118.2746,31.2326,芜湖市,扬子职业技术学院,细颗粒物(PM2.5),67,68,62,48,39,135,57,118,99,33,25,6,7,0.5,0.6
2022-11-06T22:00:00,3468A,115.7901,32.8613,阜阳市,市规划展馆,颗粒物(PM10),65,79,73,41,43,130,50,114,98,68,33,14,10,0.7,0.6
2022-11-06T22:00:00,3469A,115.836,32.9183,阜阳市,枣园社区,细颗粒物(PM2.5),58,62,56,41,46,124,50,106,78,62,40,11,12,0.6,0.5
2022-11-06T22:00:00,3470A,118.7724,30.9141,宣城市,夏渡子站,颗粒物(PM10),117,183,65,67,34,118,48,107,85,40,35,9,8,0.6,0.5
2022-11-06T22:00:00,3471A,113.616563,34.86783,郑州市,惠济区政府,细颗粒物(PM2.5),117,122,75,88,61,123,2,100,75,97,54,7,11,1.1,0.7
2022-11-06T22:00:00,3473A,114.2485,34.8306,开封市,技师学院,细颗粒物(PM2.5),105,87,77,79,54,142,93,128,121,23,22,16,12,0.6,0.5
2022-11-06T22:00:00,3474A,114.2617,35.6822,鹤壁市,大新区,细颗粒物(PM2.5),112,94,86,84,61,113,9,96,69,84,52,13,14,1.1,0.9
2022-11-06T22:00:00,3475A,113.9188,35.3045,新乡市,市政府,细颗粒物(PM2.5),112,109,74,84,61,132,4,101,64,77,38,7,11,1.6,0.8
2022-11-06T22:00:00,3476A,113.9135,35.3327,新乡市,河师大,,,201,108,105,63,124,1,103,77,100,52,14,10,1.1,0.7
2022-11-06T22:00:00,3477A,113.1656,35.2539,焦作市,中站许衡医院(新增191226),细颗粒物(PM2.5),114,119,91,86,56,127,82,108,101,48,35,17,13,0.9,0.7
2022-11-06T22:00:00,3478A,113.9749,33.5664,漯河市,市图书馆,细颗粒物(PM2.5),113,122,78,85,45,135,88,118,109,24,38,10,11,1.0,0.7
2022-11-06T22:00:00,3479A,114.0967,33.5906,漯河市,召陵区卫健委,,,,79,,47,133,,116,112,54,28,11,11,1.0,0.7
2022-11-06T22:00:00,3480A,129.1368,47.6417,伊春市,美溪镇,细颗粒物(PM2.5),67,64,60,48,47,91,30,69,46,21,20,2,9,0.9,1
2022-11-06T22:00:00,3481A,125.141,46.634,大庆市,萨区政府监测点,细颗粒物(PM2.5),95,127,48,71,40,61,3,53,30,85,32,12,9,1.2,0.5
2022-11-06T22:00:00,3482A,107.7541,29.3277,重庆市,芙蓉中路,细颗粒物(PM2.5),103,112,74,77,43,116,17,97,69,57,29,14,16,0.7,0.6
2022-11-06T22:00:00,3483A,108.7661,29.5368,重庆市,西山,细颗粒物(PM2.5),70,65,54,51,40,128,44,114,88,36,25,4,8,0.7,0.6
2022-11-06T22:00:00,3484A,106.2628,29.32,重庆市,行政中心,细颗粒物(PM2.5),112,118,101,84,71,62,5,47,34,62,46,13,12,1.2,1
2022-11-06T22:00:00,3485A,107.0944,29.1608,重庆市,高寺路,细颗粒物(PM2.5),73,72,66,53,51,117,42,101,84,26,31,7,8,0.6,0.5
2022-11-06T22:00:00,3486A,124.4036,43.1411,四平市,植物园,细颗粒物(PM2.5),124,154,66,94,30,70,4,59,22,85,46,9,10,1.2,0.6
2022-11-06T22:00:00,3487A,104.2394,30.5319,成都市,车城东七路,细颗粒物(PM2.5),78,89,45,57,30,92,13,74,52,51,20,3,2,0.7,0.5
2022-11-06T22:00:00,3488A,104.3853,30.7453,成都市,青白江技师分院,细颗粒物(PM2.5),87,74,54,64,44,69,0,51,36,42,25,3,2,0.9,0.7
2022-11-06T22:00:00,3489A,104.0789,30.4072,成都市,科学城,,,78,48,62,38,87,21,71,53,,30,6,6,0.7,0.6
2022-11-06T22:00:00,3490A,105.3617,28.7703,泸州市,纳溪区环保局,细颗粒物(PM2.5),144,118,74,110,62,118,59,93,86,26,27,16,15,0.9,0.8
2022-11-06T22:00:00,3491A,104.69,31.5322,绵阳市,西科大附属小学,,,79,70,49,44,55,0,38,23,,35,4,4,0.5,0.4
2022-11-06T22:00:00,3492A,104.5648,31.5343,绵阳市,安州区旅游局,细颗粒物(PM2.5),63,73,64,45,38,46,0,41,30,44,20,5,6,0.6,0.5
2022-11-06T22:00:00,3494A,117.1673,36.9782,济南市,济阳区政府,颗粒物(PM10),90,129,102,66,50,105,16,90,62,89,51,10,10,0.6,0.5
2022-11-06T22:00:00,3495A,117.1171,36.63,济南市,锦屏中学,细颗粒物(PM2.5),68,81,58,49,36,112,111,110,107,23,20,7,7,0.7,0.6
2022-11-06T22:00:00,3496A,118.3604,35.1084,临沂市,南坊新区,"颗粒物(PM10),细颗粒物(PM2.5)",70,90,107,51,73,112,58,97,82,52,56,15,20,0.6,0.7
2022-11-06T22:00:00,3498A,118.5055,37.8612,东营市,河口城区,颗粒物(PM10),69,88,93,46,46,124,70,103,88,29,54,7,14,1.0,0.9
2022-11-06T22:00:00,3500A,116.5814,35.3707,济宁市,北湖一中,细颗粒物(PM2.5),117,111,79,88,60,102,71,90,86,43,37,15,14,0.9,0.9
2022-11-06T22:00:00,3501A,116.8249,35.5593,济宁市,服务中心,细颗粒物(PM2.5),115,139,107,87,62,99,44,87,74,54,38,12,15,1.3,1.2
2022-11-06T22:00:00,3502A,117.1812,36.2275,泰安市,国网新校,,,,,70,61,107,67,97,82,30,31,9,12,0.7,0.7
2022-11-06T22:00:00,3503A,117.0313,36.2018,泰安市,交通技校,细颗粒物(PM2.5),89,85,71,66,50,104,88,96,94,23,22,10,11,0.7,0.7
2022-11-06T22:00:00,3504A,117.0829,36.13,泰安市,山东第一医科大学,细颗粒物(PM2.5),87,105,91,64,58,107,39,96,84,66,42,12,15,0.7,0.7
2022-11-06T22:00:00,3505A,122.1379,37.3414,威海市,临港区管委会,,29,24,44,9,24,121,91,108,98,13,24,3,6,0.3,0.5
2022-11-06T22:00:00,3507A,119.5328,35.4625,日照市,职业技术学院,,39,39,76,12,37,124,96,117,111,16,49,5,12,0.3,0.8
2022-11-06T22:00:00,3511A,116.5652,37.3319,德州市,陵城艺术中心,细颗粒物(PM2.5),84,100,99,62,48,112,62,102,86,39,33,9,10,0.9,0.6
2022-11-06T22:00:00,3512A,116.049,36.4674,聊城市,华润纺织,细颗粒物(PM2.5),99,119,87,74,53,106,51,96,72,49,31,20,14,0.8,0.7
2022-11-06T22:00:00,3513A,116.0445,36.4361,聊城市,九州社区,细颗粒物(PM2.5),89,110,90,66,53,100,42,88,73,50,30,21,11,0.6,0.6
2022-11-06T22:00:00,3514A,117.9378,37.3956,滨州市,中海酒店,细颗粒物(PM2.5),73,88,84,53,50,113,45,92,74,50,60,22,22,0.7,0.8
2022-11-06T22:00:00,3515A,117.9378,37.3553,滨州市,开发区一中,颗粒物(PM10),76,101,107,51,57,112,29,96,65,64,67,16,18,0.9,1
2022-11-06T22:00:00,3516A,118.0917,37.694,滨州市,金海六路,细颗粒物(PM2.5),75,82,105,55,56,107,46,90,68,43,55,10,18,0.5,0.5
2022-11-06T22:00:00,3520A,106.3495,38.9836,石嘴山市,妇女儿童医院,,20,14,91,7,61,118,64,96,90,14,41,2,17,0.2,0.8
2022-11-06T22:00:00,3521A,106.7492,39.2069,石嘴山市,石大公路,颗粒物(PM10),62,73,93,27,47,97,44,80,69,42,38,14,42,1.6,1.3
2022-11-06T22:00:00,3522A,106.2177,35.9959,固原市,原州区十五小,颗粒物(PM10),60,70,36,26,19,84,47,75,65,28,20,2,2,0.7,0.5
2022-11-06T22:00:00,3523A,106.5105,38.3856,银川市,滨河新区,,37,37,76,8,45,133,62,125,112,21,25,14,16,0.5,0.7
2022-11-06T22:00:00,3524A,108.6116,34.1164,西安市,文体局,细颗粒物(PM2.5),92,124,104,68,78,116,9,94,66,62,35,8,9,1.0,0.9
2022-11-06T22:00:00,3525A,108.6396,34.4078,咸阳市,奥体中心,细颗粒物(PM2.5),140,174,160,107,95,99,3,81,53,103,48,6,6,1.3,1.2
2022-11-06T22:00:00,3526A,119.5189,25.9664,福州市,吴航,,24,24,28,13,15,91,71,86,82,12,10,3,5,0.3,0.3
2022-11-06T22:00:00,3527A,118.0958,24.5688,厦门市,集美中学,,41,41,26,19,11,111,65,97,80,16,13,3,2,0.4,0.3
2022-11-06T22:00:00,3528A,118.1493,24.7245,厦门市,同安二实小,,36,36,24,16,11,106,70,96,82,13,10,5,4,0.5,0.4
2022-11-06T22:00:00,3529A,118.6333,24.9264,泉州市,城华南路,,27,27,29,12,13,102,70,92,79,13,10,7,8,0.4,0.4
2022-11-06T22:00:00,3530A,117.6296,24.5314,漳州市,西洋坪路,,44,44,34,24,19,121,51,101,76,18,16,6,5,0.5,0.4
2022-11-06T22:00:00,3531A,110.296,25.1253,桂林市,旅游学院,细颗粒物(PM2.5),70,73,60,51,44,145,48,137,112,49,23,20,15,0.9,0.7
2022-11-06T22:00:00,3532A,110.1945,22.6831,玉林市,玉林师范学院东校区,,29,29,22,11,16,77,38,70,55,24,16,5,5,0.6,0.7
2022-11-06T22:00:00,3533A,110.0527,22.5893,玉林市,福绵环保局,,45,45,27,25,18,80,29,69,57,33,15,12,6,0.9,0.8
2022-11-06T22:00:00,3534A,111.4744,24.4553,贺州市,西湾,颗粒物(PM10),54,58,42,37,31,91,7,81,62,44,22,6,8,1.0,0.9
2022-11-06T22:00:00,3535A,109.1781,23.7297,来宾市,兴宾区政府,颗粒物(PM10),53,56,57,30,39,142,74,129,113,15,12,6,8,0.6,0.6
2022-11-06T22:00:00,3536A,106.8547,27.5919,遵义市,第十二小学,细颗粒物(PM2.5),90,100,86,67,61,136,44,112,100,53,21,12,9,1.0,0.8
2022-11-06T22:00:00,3537A,105.3631,27.3533,毕节市,长征村,细颗粒物(PM2.5),132,105,85,100,77,133,80,114,111,21,17,11,12,0.7,0.6
2022-11-06T22:00:00,3538A,107.5175,26.2978,黔南布依族苗族自治州,沙坝,细颗粒物(PM2.5),62,68,62,44,45,134,34,119,95,41,20,4,4,0.7,0.6
2022-11-06T22:00:00,3539A,110.5111,19.9736,海口市,桂林洋子站,,25,8,12,4,6,88,78,83,80,6,7,4,4,0.6,0.6
2022-11-06T22:00:00,3540A,109.7348,18.3443,三亚市,君悦子站,,25,18,15,9,6,106,77,101,95,8,9,3,3,0.5,0.5
2022-11-06T22:00:00,3541A,109.5726,19.5167,儋州市,第一中学子站,,22,11,12,6,6,92,68,84,80,11,10,4,3,0.5,0.6
2022-11-06T22:00:00,3542A,109.5567,19.5187,儋州市,东坡学校子站,,25,13,16,6,6,105,79,92,90,7,9,4,4,0.5,0.6
2022-11-06T22:00:00,3544A,121.4891,30.925,上海市,奉贤南桥新城,,39,39,38,17,17,104,24,96,71,66,32,7,7,0.6,0.6
2022-11-06T22:00:00,3545A,110.8054,32.8401,十堰市,郧阳区金沙路,细颗粒物(PM2.5),74,72,77,54,55,90,42,75,61,34,22,10,8,1.0,0.8
2022-11-06T22:00:00,3546A,111.4606,30.552,宜昌市,猇亭区张家湾站,细颗粒物(PM2.5),68,79,94,49,60,143,97,128,122,24,26,6,10,0.7,0.7
2022-11-06T22:00:00,3547A,112.1632,31.0138,荆门市,龙泉中学南校,细颗粒物(PM2.5),83,90,87,61,55,149,110,137,129,25,24,8,10,0.9,0.8
2022-11-06T22:00:00,3548A,112.1655,30.3364,荆州市,学苑路,细颗粒物(PM2.5),92,90,86,68,66,143,64,133,114,65,38,10,8,0.8,0.8
2022-11-06T22:00:00,3549A,109.5061,30.3772,恩施土家族苗族自治州,龙凤新区,细颗粒物(PM2.5),79,89,64,58,44,121,49,106,86,13,11,7,7,1.1,1
2022-11-06T22:00:00,3550A,102.7997,24.9786,昆明市,昆明学院,颗粒物(PM10),52,54,49,32,31,109,34,92,80,37,28,7,7,0.5,0.6
2022-11-06T22:00:00,3551A,102.5967,24.6736,昆明市,晋宁区生态环境分局,,32,25,38,22,31,105,71,93,86,8,17,4,7,0.2,0.9
2022-11-06T22:00:00,3552A,102.6678,24.9856,昆明市,云天化总部,,30,30,39,18,27,106,36,92,79,40,33,9,7,0.4,0.6
2022-11-06T22:00:00,3557A,119.9464,30.0494,杭州市,镇二中,细颗粒物(PM2.5),64,76,65,46,36,106,31,87,72,49,46,6,7,0.7,0.7
2022-11-06T22:00:00,3558A,119.7183,30.2367,杭州市,市府大楼,"颗粒物(PM10),细颗粒物(PM2.5)",59,67,55,42,35,100,28,89,68,37,34,8,8,0.9,0.9
2022-11-06T22:00:00,3560A,120.4722,30.0415,绍兴市,柯桥妇保,细颗粒物(PM2.5),80,98,57,59,33,96,12,85,49,49,34,5,5,0.7,0.6
2022-11-06T22:00:00,3561A,120.6985,27.9251,温州市,茶山,,50,50,47,27,23,97,36,83,72,45,25,6,6,0.4,0.4
2022-11-06T22:00:00,3562A,120.4148,30.8538,湖州市,南浔区站,,42,42,59,15,22,111,61,102,89,34,35,4,5,0.3,0.3
2022-11-06T22:00:00,3564A,121.2568,28.6681,台州市,台州科技职业学院,颗粒物(PM10),52,53,53,26,25,96,7,78,58,63,34,8,8,0.5,0.4
2022-11-06T22:00:00,3565A,113.1367,40.1122,大同市,云冈站,颗粒物(PM10),56,62,90,36,51,49,49,39,33,22,33,14,45,0.9,1.1
2022-11-06T22:00:00,3566A,113.1186,40.2556,大同市,图书馆,细颗粒物(PM2.5),110,103,92,83,62,58,8,47,31,32,28,14,20,1.8,1.2
2022-11-06T22:00:00,3567A,113.5931,40.0461,大同市,区一中,细颗粒物(PM2.5),103,122,90,77,48,83,10,73,20,40,30,38,32,,
2022-11-06T22:00:00,3568A,113.06,36.0464,长治市,向阳小学,颗粒物(PM10),58,65,65,40,46,115,58,100,83,20,18,16,13,0.8,0.7
2022-11-06T22:00:00,3569A,112.8792,36.3144,长治市,屯留一中,细颗粒物(PM2.5),67,53,57,48,48,93,67,86,72,25,33,8,9,0.6,0.6
2022-11-06T22:00:00,3570A,113.235,36.3489,长治市,潞城四中,,,151,86,59,60,100,6,85,46,75,42,7,14,1.1,1.2
2022-11-06T22:00:00,3571A,112.2931,39.53,朔州市,一水厂,细颗粒物(PM2.5),77,99,99,56,49,59,45,46,42,36,47,11,15,0.9,0.9
2022-11-06T22:00:00,3572A,114.6419615,37.9001925,石家庄市,栾城区政府,细颗粒物(PM2.5),149,147,148,114,117,62,7,44,27,53,50,5,7,0.9,1.3
2022-11-06T22:00:00,3573A,114.8506765,38.0322033,石家庄市,藁城区实验学校,细颗粒物(PM2.5),143,140,137,109,94,40,0,25,12,66,57,8,8,0.8,0.9
2022-11-06T22:00:00,3574A,114.0504658,38.0591645,石家庄市,井陉矿区区委大楼,细颗粒物(PM2.5),152,144,115,116,95,77,7,52,35,66,53,7,9,1.6,1.2
2022-11-06T22:00:00,3575A,118.09279,39.58089,唐山市,正泰大街热力站,细颗粒物(PM2.5),159,146,126,121,96,70,3,29,11,78,73,10,9,1.5,1.2
2022-11-06T22:00:00,3576A,118.1562,39.8322,唐山市,丰润区政府,细颗粒物(PM2.5),203,224,164,153,94,17,5,9,8,74,74,7,8,2.0,1.3
2022-11-06T22:00:00,3577A,118.43673,39.73809,唐山市,金山小学,细颗粒物(PM2.5),143,175,154,109,88,53,1,21,6,91,83,17,14,2.3,1.6
2022-11-06T22:00:00,3578A,118.24498,39.66941,唐山市,政府服务中心,细颗粒物(PM2.5),180,223,156,136,99,54,2,24,10,90,85,18,16,1.8,1.4
2022-11-06T22:00:00,3579A,114.50634,36.77178,邯郸市,永年区实验高中,细颗粒物(PM2.5),213,212,133,163,85,87,8,68,45,83,52,5,13,1.4,1
2022-11-06T22:00:00,3580A,114.20016,36.44293,邯郸市,峰峰矿区临水派出所,细颗粒物(PM2.5),119,152,106,90,70,92,66,81,73,34,31,14,14,0.9,0.9
2022-11-06T22:00:00,3581A,115.31981,38.95208,保定市,满城区生态环境分局,细颗粒物(PM2.5),176,166,157,133,115,55,4,38,28,58,46,13,14,1.1,1
2022-11-06T22:00:00,3582A,115.47694,38.76408,保定市,清苑区第二中学,细颗粒物(PM2.5),144,151,140,110,99,26,5,16,11,60,64,9,11,0.8,0.8
2022-11-06T22:00:00,3583A,115.62909,39.02311,保定市,徐水物探局,细颗粒物(PM2.5),147,124,112,112,93,19,3,11,7,62,61,10,11,0.9,0.9
2022-11-06T22:00:00,3590A,113.8374,34.5589,郑州市,北区建设指挥部,细颗粒物(PM2.5),107,101,67,80,55,149,42,132,111,77,27,14,15,1.1,0.9
2022-11-06T22:00:00,3591A,113.30952,34.803229,郑州市,上街区政府,细颗粒物(PM2.5),139,125,86,106,74,115,18,100,83,62,37,22,14,1.7,1.2
2022-11-06T22:00:00,3592A,114.4644,34.7556,开封市,祥符区生态环境局,细颗粒物(PM2.5),99,133,111,74,65,131,35,107,86,81,37,10,13,0.7,0.6
2022-11-06T22:00:00,3593A,112.5736,34.8993,洛阳市,吉利监测站,,,100,92,72,72,128,22,116,69,,59,3,6,0.8,0.7
2022-11-06T22:00:00,3594A,112.8867,33.9116,平顶山市,石龙区,细颗粒物(PM2.5),104,136,112,78,65,130,48,119,103,57,47,5,11,0.8,0.7
2022-11-06T22:00:00,3596A,114.1572,35.9603,鹤壁市,南山宾馆,细颗粒物(PM2.5),137,147,104,104,67,116,40,92,83,57,42,26,25,2.0,1.3
2022-11-06T22:00:00,3597A,113.8134,34.1251,许昌市,建安区兴业大厦,细颗粒物(PM2.5),87,111,83,64,40,129,75,121,108,33,25,40,10,0.8,0.6
2022-11-06T22:00:00,3598A,111.1,34.7167,三门峡市,富达温泉假日酒店,细颗粒物(PM2.5),137,137,101,104,74,102,26,83,66,42,27,10,13,1.1,1
2022-11-06T22:00:00,3599A,106.2649,29.9851,重庆市,书院路,细颗粒物(PM2.5),129,127,77,98,71,70,6,52,46,54,28,9,10,1.0,0.7
2022-11-06T22:00:00,3600A,106.2339,29.5559,重庆市,虎峰,细颗粒物(PM2.5),128,147,109,97,81,90,,68,68,47,33,37,22,1.0,0.7
2022-11-06T22:00:00,3601A,106.0499,29.8342,重庆市,龙门街,细颗粒物(PM2.5),115,117,86,87,66,82,10,59,48,54,29,8,12,0.8,0.7
2022-11-06T22:00:00,3604A,119.3266,35.1044,日照市,岚山环保分局,,44,44,79,17,40,113,81,106,99,24,53,8,10,0.8,0.7
2022-11-06T22:00:00,3605A,109.09,34.5236,西安市,无线电监控中心,细颗粒物(PM2.5),180,220,150,136,108,92,5,68,47,103,57,10,10,1.1,0.9
2022-11-06T22:00:00,3610A,105.5933,29.4105,重庆市,昌元,细颗粒物(PM2.5),88,99,69,65,43,99,47,80,77,25,21,7,11,0.8,0.7
2022-11-06T22:00:00,3612A,85.1045,45.6899,克拉玛依市,白碱滩区新站,颗粒物(PM10),53,55,49,10,8,52,8,52,24,45,34,5,6,0.6,0.6
2022-11-06T22:00:00,3613A,87.3095,44.0142,昌吉州,亚心广场,细颗粒物(PM2.5),97,114,94,72,59,95,31,84,75,50,32,10,10,1.0,0.9
2022-11-06T22:00:00,3614A,79.924,37.0877,和田地区,地区环保局,颗粒物(PM10),108,166,152,48,43,88,70,84,81,17,15,8,6,1.3,1.2
2022-11-06T22:00:00,3615A,79.9131,37.113,和田地区,市环保局,颗粒物(PM10),97,143,128,52,39,85,48,79,73,35,19,20,10,1.2,1
2022-11-06T22:00:00,3616A,106.7616,31.8344,巴中市,市中心医院,细颗粒物(PM2.5),79,84,61,58,44,48,2,36,26,41,29,5,5,0.8,0.7
2022-11-06T22:00:00,3617A,105.8047,32.4166,广元市,经开区,,32,30,46,22,36,86,13,59,49,37,21,7,11,0.7,0.8
2022-11-06T22:00:00,3618A,112.4701,37.782,太原市,金胜,颗粒物(PM10),59,68,141,41,91,86,61,71,70,42,57,5,13,0.5,0.9
2022-11-06T22:00:00,3619A,113.617,37.8571,阳泉市,龙柱,细颗粒物(PM2.5),172,182,129,130,87,101,4,66,49,75,47,12,15,1.6,1.4
2022-11-06T22:00:00,3620A,112.8271,35.4828,晋城市,泽州一中,细颗粒物(PM2.5),64,69,73,46,46,102,58,88,78,32,30,4,4,0.7,0.7
2022-11-06T22:00:00,3621A,106.8288,39.6778,乌海市,聚英学校,颗粒物(PM10),157,263,103,29,27,102,5,91,55,63,34,10,13,0.8,0.6
2022-11-06T22:00:00,3622A,113.5556,24.8082,韶关市,碧湖山庄,,18,17,17,12,13,60,30,53,48,9,6,6,6,0.6,0.6
2022-11-06T22:00:00,3623A,113.8953,22.5861,深圳市,西乡,,33,33,28,20,14,42,17,31,27,27,26,6,6,0.6,0.6
2022-11-06T22:00:00,3624A,116.4069,23.2533,汕头市,潮南子站,,38,38,32,21,17,141,98,123,116,15,13,7,9,0.6,0.6
2022-11-06T22:00:00,3625A,113.2544,22.7642,佛山市,容桂街道办,,25,22,12,17,12,28,20,19,14,28,30,3,3,0.9,0.9
2022-11-06T22:00:00,3626A,113.7533,23.0202,东莞市,南城元岭,,32,32,23,22,16,53,24,42,36,29,23,8,9,0.9,0.8
2022-11-06T22:00:00,3627A,113.7875,23.0457,东莞市,东城主山,,33,33,21,23,16,50,10,39,31,37,21,9,9,0.7,0.7
2022-11-06T22:00:00,3628A,112.0336,22.9374,云浮市,文笔,,42,42,20,13,7,47,4,42,27,30,15,7,8,0.9,0.7
2022-11-06T22:00:00,3629A,101.8305,36.5786,西宁市,世纪职校,,49,49,48,23,25,115,72,96,89,36,29,14,11,0.8,0.9
2022-11-06T22:00:00,3630A,101.7413,36.6397,西宁市,师大城西校区,细颗粒物(PM2.5),55,58,52,39,33,117,74,102,89,28,34,17,16,1.1,1.3
2022-11-06T22:00:00,3631A,114.6063,38.0266,石家庄市,高新区,,,,,,,,,,,,,,,,
2022-11-06T22:00:00,3633A,118.4918,31.6809,马鞍山市,雨山,细颗粒物(PM2.5),68,71,61,49,41,136,80,121,104,28,29,11,11,0.6,0.6
2022-11-06T22:00:00,3634A,116.9884,33.6305,宿州市,宿州学院,细颗粒物(PM2.5),104,140,108,78,62,127,43,110,83,53,34,11,11,0.8,0.7
2022-11-06T22:00:00,3635A,112.3677,34.662,洛阳市,河科大西苑校区,细颗粒物(PM2.5),112,145,122,84,84,118,5,94,59,85,59,9,9,1.1,0.9
2022-11-06T22:00:00,3636A,112.4388,34.6781,洛阳市,英才小学,细颗粒物(PM2.5),120,153,128,91,85,123,1,101,63,93,49,10,11,1.4,0.8
2022-11-06T22:00:00,3637A,131.0176,45.7761,七台河市,人民广场,颗粒物(PM10),66,81,59,27,38,65,6,59,32,65,30,13,10,1.7,0.9
2022-11-06T22:00:00,3638A,104.7636,29.3338,自贡市,轻化工大学,细颗粒物(PM2.5),67,81,57,48,35,76,52,66,63,21,27,4,5,0.6,0.6
2022-11-06T22:00:00,3639A,104.4019,31.1244,德阳市,市教育局,"颗粒物(PM10),细颗粒物(PM2.5)",63,76,62,45,32,39,1,31,24,51,32,6,5,0.8,0.7
2022-11-06T22:00:00,3642A,120.3503,36.0736,青岛市,市北区南部,,31,9,59,5,31,131,97,121,112,16,34,4,9,0.5,1.1
2022-11-06T22:00:00,3643A,120.3948,36.1805,青岛市,李沧区北部,,,12,66,5,37,135,90,122,113,,32,5,11,,0.8
2022-11-06T22:00:00,3644A,117.8661,36.805,淄博市,三金集团,细颗粒物(PM2.5),79,92,99,58,63,89,69,74,44,36,48,14,16,0.6,0.7
2022-11-06T22:00:00,3645A,118.0253,36.8406,淄博市,东风化工厂,细颗粒物(PM2.5),82,97,87,60,49,87,19,72,31,70,56,14,17,1.1,0.8
2022-11-06T22:00:00,3646A,118.4978,37.4623,东营市,胜利站,细颗粒物(PM2.5),70,84,85,51,46,104,53,89,78,36,49,11,15,0.7,0.7
2022-11-06T22:00:00,3647A,115.4702,35.2706,菏泽市,菏泽医专,细颗粒物(PM2.5),108,136,104,81,57,125,60,110,102,59,33,20,13,0.7,0.6
2022-11-06T22:00:00,3648A,106.2112,37.9768,吴忠市,文卫南街,细颗粒物(PM2.5),93,134,88,69,39,111,66,103,97,35,20,13,15,0.8,0.5
2022-11-06T22:00:00,3650A,105.1698,37.5162,中卫市,沙坡头区政府站,颗粒物(PM10),64,77,69,33,33,104,35,94,73,47,19,6,7,0.5,0.3
2022-11-06T22:00:00,3651A,108.9543,34.8732,铜川市,旺旺集团,颗粒物(PM10),105,159,102,64,53,93,6,79,53,86,47,10,7,0.8,0.6
2022-11-06T22:00:00,3652A,109.4809,36.5786,延安市,西北局旧址,颗粒物(PM10),78,106,79,36,46,121,9,100,65,81,49,8,12,0.7,0.7
2022-11-06T22:00:00,3653A,111.3119,30.7273,宜昌市,云深路,颗粒物(PM10),68,86,85,32,42,148,55,132,114,38,25,7,6,0.8,0.7
2022-11-06T22:00:00,3654A,114.8094,30.4089,鄂州市,精准医疗中心,颗粒物(PM10),77,104,76,46,30,145,84,127,114,49,41,24,15,2.5,0.9
2022-11-06T22:00:00,3655A,114.3375,29.8683,咸宁市,长江产业园,颗粒物(PM10),78,105,65,52,30,138,3,124,82,89,31,9,10,1.0,0.7
2022-11-06T22:00:00,3656A,120.1556,30.2864,杭州市,消防大队,颗粒物(PM10),63,75,61,42,33,101,36,82,67,59,54,7,6,0.6,0.5
2022-11-06T22:00:00,3658A,120.6153,30.0764,绍兴市,袍江中学,细颗粒物(PM2.5),100,114,61,75,34,101,19,88,62,67,36,7,6,0.8,0.6
2022-11-06T22:00:00,3659A,119.656,29.1131,金华市,气象局,颗粒物(PM10),65,80,60,37,33,104,7,94,66,89,52,11,12,0.5,0.5
2022-11-06T22:00:00,3661A,112.5667,37.8875,太原市,坝陵桥,,,,,,,,,,,,,,,,
2022-11-06T22:00:00,3662A,123.6333,47.2075,齐齐哈尔市,富区青少年活动中心,颗粒物(PM10),51,52,82,34,32,61,41,55,48,24,39,8,23,0.7,1.5
2022-11-06T22:00:00,3663A,124.1164,50.4278,大兴安岭地区,红旗社区,细颗粒物(PM2.5),65,66,27,47,19,62,6,52,28,34,19,10,8,0.7,0.4
2022-11-06T22:00:00,3664A,119.4172,34.7341,连云港市,连云街道,,40,40,67,21,38,108,92,104,93,14,18,4,7,0.4,0.4
2022-11-06T22:00:00,3665A,76.1658,39.7157,克孜勒苏柯尔克孜自治州,克州文化中心,颗粒物(PM10),109,167,113,40,24,83,48,78,73,28,10,11,11,1.1,1
2022-11-06T22:00:00,3667A,111.0283,35.0547,运城市,水利职院,细颗粒物(PM2.5),168,179,109,127,72,118,30,100,82,53,27,13,14,1.5,1.1
2022-11-06T22:00:00,3668A,111.5036,36.0414,临汾市,城南,细颗粒物(PM2.5),132,157,109,100,78,87,6,62,44,71,48,5,6,1.8,1.1
2022-11-06T22:00:00,3669A,114.4705,36.0637,安阳市,左辅环卫站,细颗粒物(PM2.5),142,142,95,108,69,125,33,103,82,59,33,16,19,1.0,0.6
2022-11-06T22:00:00,3670A,111.0522,35.0439,运城市,禹都公园,细颗粒物(PM2.5),150,160,108,115,83,122,35,103,85,45,22,12,16,1.1,0.8
2022-11-06T22:00:00,3671A,116.088,39.9726,北京市,门头沟三家店,细颗粒物(PM2.5),179,178,121,135,78,55,1,40,18,68,46,3,2,0.9,0.6
2022-11-06T22:00:00,3672A,116.1541,39.8204,北京市,丰台云岗,细颗粒物(PM2.5),158,187,130,120,83,61,0,34,10,84,55,1,2,0.9,0.6
2022-11-06T22:00:00,3673A,116.6804,39.9081,北京市,通州东关,细颗粒物(PM2.5),149,186,159,114,102,40,1,21,8,80,72,2,2,1.1,0.8
2022-11-06T22:00:00,3674A,115.9577,39.7603,北京市,房山燕山,细颗粒物(PM2.5),149,154,109,114,77,42,10,39,16,51,40,3,2,0.9,0.6
2022-11-06T22:00:00,3675A,116.4672,39.7733,北京市,大兴旧宫,细颗粒物(PM2.5),138,149,161,105,106,20,1,20,5,49,61,1,2,0.9,0.9
2022-11-06T22:00:00,3676A,113.2802,40.0995,大同市,第二人民医院,细颗粒物(PM2.5),105,111,103,79,74,44,19,34,26,44,49,14,20,1.4,1.3
2022-11-06T22:00:00,3677A,98.5881,24.4368,德宏州,芒市人民政府综合楼,,49,49,28,17,18,88,39,76,65,14,11,5,5,0.7,0.6
2022-11-06T22:00:00,3678A,116.5907,35.4054,济宁市,市第七中学,细颗粒物(PM2.5),134,112,85,102,66,98,68,88,81,38,34,12,12,0.9,0.8
2022-11-06T22:00:00,3682A,116.9814,36.6819,济南市,济南四建,"颗粒物(PM10),细颗粒物(PM2.5)",68,85,70,49,35,101,88,96,84,30,32,7,6,0.6,0.5
2022-11-06T22:00:00,3683A,109.8331,40.6576,包头市,昆区政府,,29,29,56,5,24,86,59,81,68,15,35,9,13,0.4,0.7
2022-11-06T22:00:00,3684A,130.8781,45.8222,七台河市,新建矿广场,颗粒物(PM10),106,161,83,41,42,72,17,61,35,38,29,11,9,0.4,0.5
2022-11-06T22:00:00,3685A,117.897,28.4315,上饶市,双创科技城,颗粒物(PM10),57,64,60,28,28,80,41,70,58,35,26,26,25,0.7,0.6
2022-11-06T22:00:00,3689A,113.9003,35.372,新乡市,行政服务中心,细颗粒物(PM2.5),139,150,108,106,62,115,1,87,55,86,53,8,8,0.8,0.5
2022-11-06T22:00:00,3690A,115.9721,28.7031,南昌市,外国语学校,,50,48,62,35,27,104,49,90,73,27,34,8,9,0.7,0.6
2022-11-06T22:00:00,3692A,118.2059,39.6585,唐山市,消防缸窑路中队,细颗粒物(PM2.5),153,185,155,117,90,57,21,42,34,90,81,29,17,1.5,1.3
2022-11-06T22:00:00,3693A,118.1436,39.6202,唐山市,路南电大,细颗粒物(PM2.5),117,143,124,88,77,53,1,23,9,87,75,9,7,1.2,1.2
2022-11-06T22:00:00,3694A,115.986,40.4563,北京市,延庆石河营,细颗粒物(PM2.5),139,152,82,106,51,75,20,68,51,49,26,3,2,0.8,0.4
2022-11-06T22:00:00,3695A,116.6151,40.3053,北京市,怀柔新城,细颗粒物(PM2.5),133,151,97,101,62,82,10,60,35,72,40,2,3,0.6,0.4
2022-11-06T22:00:00,3696A,116.2545,39.8768,北京市,丰台小屯,细颗粒物(PM2.5),156,187,136,119,87,48,1,34,10,84,66,2,3,1.2,0.7
2022-11-06T22:00:00,3697A,116.84,40.3844,北京市,密云镇,细颗粒物(PM2.5),130,152,98,99,57,73,0,56,35,71,43,3,3,0.9,0.5
2022-11-06T22:00:00,3698A,111.5968,40.8178,呼和浩特市,红旗小学,,,22,45,3,25,97,60,89,76,17,35,,,0.2,0.4
2022-11-06T22:00:00,3699A,111.6518,40.8389,呼和浩特市,海东办,,19,17,43,3,27,100,60,89,76,18,40,5,10,0.2,0.5
2022-11-06T22:00:00,3700A,103.0456,29.9956,雅安市,康养中心(对照点),细颗粒物(PM2.5),77,68,59,56,47,67,39,62,60,16,15,6,6,0.6,0.5
2022-11-06T22:00:00,3701A,116.9648,33.6252,宿州市,皖北煤电集团,细颗粒物(PM2.5),100,136,96,75,58,124,44,109,88,53,33,7,9,0.8,0.7
2022-11-06T22:00:00,3703A,114.2917,36.0949,安阳市,安钢职工学校,细颗粒物(PM2.5),183,183,135,138,76,107,34,86,72,62,45,34,18,3.1,0.8
2022-11-06T22:00:00,3706A,122.2584,43.6333,通辽市,老干部活动中心,颗粒物(PM10),75,100,57,41,25,59,4,49,23,67,37,10,16,0.9,0.3
2022-11-06T22:00:00,3707A,131.0207,45.3073,鸡西市,欧美日汽修厂,颗粒物(PM10),240,378,148,158,86,67,2,52,17,53,35,19,10,1.3,0.8
2022-11-06T22:00:00,3708A,122.2922,43.6189,通辽市,东方明珠社区,细颗粒物(PM2.5),105,73,54,79,39,61,13,50,28,68,37,17,16,1.3,0.5
2022-11-06T22:00:00,3709A,130.9967,45.3106,鸡西市,市政设施管理处,颗粒物(PM10),167,283,115,101,75,77,2,58,19,52,37,11,7,1.0,0.7
2022-11-06T22:00:00,3710A,121.5594,29.8975,宁波市,白沙活动中心,,41,41,61,18,27,84,40,68,55,47,48,6,8,0.4,0.5
2022-11-06T22:00:00,3713A,124.3419,43.1666,四平市,世纪城,细颗粒物(PM2.5),114,138,66,86,38,66,7,57,34,82,41,15,12,1.8,0.7
2022-11-06T22:00:00,3715A,117.3092,32.9314,蚌埠市,蚌埠田家炳中学,颗粒物(PM10),69,88,70,36,42,128,102,114,108,22,22,6,8,0.4,0.4
2022-11-06T22:00:00,3719A,97.1714,31.1406,昌都市,昌都会议中心,,38,38,24,4,8,84,43,75,67,23,12,3,4,0.5,0.3
2022-11-06T22:00:00,3726A,88.8781,29.2426,日喀则市,林业技术推广中心,颗粒物(PM10),51,52,21,11,5,97,47,93,86,16,6,3,3,0.7,0.5
2022-11-06T22:00:00,3728A,104.68,28.8071,宜宾市,白酒学院,细颗粒物(PM2.5),98,94,63,73,46,89,55,70,70,26,32,8,9,0.7,0.6
2022-11-06T22:00:00,3734A,118.35,37.26,东营市,理想之城,细颗粒物(PM2.5),64,75,92,46,48,105,43,94,78,54,60,9,13,0.7,0.8
2022-11-06T22:00:00,3860A,118.3920,35.0300,临沂市,皇山花园小区,颗粒物(PM10),64,78,111,44,74,109,69,86,80,36,67,24,30,0.7,0.9
2022-11-06T22:00:00,3861A,119.2041,36.7699,潍坊市,寒亭区实验一小,颗粒物(PM10),51,51,91,35,57,101,94,86,84,24,47,8,10,0.6,0.9
2022-11-06T22:00:00,3866A,122.2469,40.66302,营口市,三高中,细颗粒物(PM2.5),79,86,71,58,43,97,80,90,81,27,36,12,14,0.8,0.8
2022-11-06T22:00:00,3867A,102.0738,36.5056,海东地区,平安区公安北苑,颗粒物(PM10),60,69,56,33,32,120,82,104,98,20,22,23,15,0.5,0.5
2022-11-06T22:00:00,3981A,113.2449,35.1803,焦作市,原李万街道办（启用20220628）,细颗粒物(PM2.5),122,140,114,92,72,135,53,117,104,42,33,7,15,1.1,0.8
2022-11-06T22:00:00,4004A,115.4202,38.8656,保定市,双鹰农机,细颗粒物(PM2.5),180,141,120,136,116,37,1,22,18,68,59,8,9,1.0,1
