timepoint,stationcode,longitude,latitude,area,positionname,primarypollutant,aqi,pm10,pm10_24h,pm2_5,pm2_5_24h,o3,o3_24h,o3_8h,o3_8h_24h,no2,no2_24h,so2,so2_24h,co,co_24h
2026-04-13T0600,2568A,102.2503,31.8896,阿坝藏族羌族自治州,马师校,NA,NA,NA,20,NA,7,NA,NA,117,NA,NA,6,NA,6,NA,0.3
2026-04-13T0600,3994A,102.2174,31.9016,阿坝藏族羌族自治州,马尔康中学西区,,25,18,12,3,6,80,80,NA,NA,4,6,3,4,0.2,0.3
2026-04-13T0600,2695A,80.2899,41.1684,阿克苏地区,电视台,,37,37,118,23,51,82,82,NA,NA,6,7,2,2,0.5,0.5
2026-04-13T0600,2696A,80.2592,41.1541,阿克苏地区,艺术中心,,39,39,112,17,50,86,86,NA,NA,5,8,5,4,0.4,0.4
2026-04-13T0600,2205A,105.699,38.8409,阿拉善盟,蒙二幼,颗粒物(PM10),90,105,175,21,42,93,93,NA,NA,5,5,9,9,0.5,0.5
2026-04-13T0600,2206A,105.7198,38.8508,阿拉善盟,环保局新楼,NA,NA,92,164,20,45,93,93,NA,NA,5,5,NA,9,0.6,0.6
2026-04-13T0600,2708A,88.1266,47.8515,阿勒泰地区,市站,,27,27,21,3,3,41,41,NA,NA,5,6,6,6,0.3,0.2
2026-04-13T0600,4166A,88.1198,47.7931,阿勒泰地区,阿勒泰路33号,,22,22,24,3,2,56,56,NA,NA,7,4,6,6,0.2,0.2
2026-04-13T0600,2630A,80.1171,32.4999,阿里地区,阿里监测站,,27,17,14,3,7,86,86,NA,NA,10,5,5,6,0.5,0.4
2026-04-13T0600,3192A,80.0906,32.5029,阿里地区,阿里藏医院,,32,20,13,3,3,100,100,NA,NA,7,3,6,7,0.5,0.4
2026-04-13T0600,2644A,109.0088,32.6974,安康市,汉滨区检察院,,32,32,29,14,14,6,6,NA,NA,9,10,4,4,0.4,0.4
2026-04-13T0600,4054A,109.0324,32.6913,安康市,市邮政管理局,,39,39,34,17,17,15,15,NA,NA,11,12,4,5,0.6,0.6
2026-04-13T0600,2291A,117.0806,30.5181,安庆市,环科院,,36,NA,24,25,18,49,49,NA,NA,10,10,5,5,0.7,0.5
2026-04-13T0600,2292A,117.0331,30.5118,安庆市,马山宾馆,,35,NA,24,24,19,49,49,NA,NA,5,5,4,4,0.6,0.5
2026-04-13T0600,2294A,116.9897,30.6146,安庆市,安庆大学,,29,NA,21,20,13,54,54,NA,NA,5,5,3,2,0.6,0.4
2026-04-13T0600,3173A,117.0598,30.5351,安庆市,市人大,,32,NA,25,22,17,47,47,NA,NA,6,8,6,6,0.7,0.5
2026-04-13T0600,3123A,105.9408,26.2431,安顺市,凤凰山,细颗粒物(PM2.5),68,62,48,44,33,78,78,NA,NA,9,8,9,10,0.6,0.5
2026-04-13T0600,3124A,105.9443,26.2567,安顺市,金钟山,细颗粒物(PM2.5),64,55,41,42,35,75,75,NA,NA,6,7,8,9,0.6,0.5
2026-04-13T0600,3125A,105.8983,26.248,安顺市,娄家坡,细颗粒物(PM2.5),58,48,41,39,34,71,71,NA,NA,7,7,24,19,0.7,0.6
2026-04-13T0600,1819A,114.3552,36.1017,安阳市,红庙街,颗粒物(PM10),57,59,60,35,38,70,70,NA,NA,16,15,6,5,0.3,0.2
2026-04-13T0600,1820A,114.361,36.0681,安阳市,银杏小区,,50,43,62,35,41,66,66,NA,NA,15,15,5,5,0.0,0.1
2026-04-13T0600,3141A,114.3921,36.0879,安阳市,信访局,细颗粒物(PM2.5),74,49,62,47,42,60,60,NA,NA,17,13,3,3,0.4,0.4
2026-04-13T0600,3669A,114.4706,36.0634,安阳市,左辅环卫站,细颗粒物(PM2.5),76,68,75,48,44,46,46,NA,NA,21,18,1,2,0.3,0.4
2026-04-13T0600,4117A,114.2918,36.0769,安阳市,钢三路198号,细颗粒物(PM2.5),68,52,64,44,44,63,63,NA,NA,13,15,3,4,0.5,0.5
2026-04-13T0600,1748A,123.0441,41.1201,鞍山市,深沟寺,,29,29,93,6,42,63,63,NA,NA,13,19,11,12,0.5,0.8
2026-04-13T0600,1749A,123.011,41.0931,鞍山市,太阳城,NA,NA,28,88,6,46,70,70,NA,NA,9,14,NA,10,0.5,0.8
2026-04-13T0600,1750A,123.0483,41.1445,鞍山市,太平,,41,41,102,9,44,65,65,NA,NA,13,22,9,13,0.5,0.9
2026-04-13T0600,1751A,122.964,41.0968,鞍山市,铁西三道街,NA,NA,NA,108,NA,54,NA,NA,151,NA,NA,30,NA,16,NA,1.4
2026-04-13T0600,1753A,123.0219,41.0822,鞍山市,明达新区,,28,28,88,3,43,67,67,NA,NA,13,16,12,11,0.5,0.7
2026-04-13T0600,4201A,122.944647,41.082639,鞍山市,兴盛南路290号,,25,25,116,6,53,75,75,NA,NA,11,27,5,17,0.4,1.3
2026-04-13T0600,2195A,107.4206,40.7609,巴彦淖尔市,附二中,颗粒物(PM10),84,97,131,38,35,40,40,NA,NA,31,19,36,13,0.5,0.4
2026-04-13T0600,2196A,107.37,40.7372,巴彦淖尔市,市环保大楼,颗粒物(PM10),75,85,103,31,25,25,25,NA,NA,36,20,8,7,0.4,0.4
2026-04-13T0600,1956A,86.1476,41.7529,巴音郭楞蒙古自治州,孔雀公园,颗粒物(PM10),87,101,77,24,31,74,74,NA,NA,5,11,9,10,0.2,0.2
2026-04-13T0600,1957A,86.1971,41.7166,巴音郭楞蒙古自治州,棉纺厂,颗粒物(PM10),78,88,94,22,20,86,86,NA,NA,2,10,/,/,/,/
2026-04-13T0600,1958A,86.236,41.7172,巴音郭楞蒙古自治州,经济开发区,颗粒物(PM10),85,99,76,36,22,78,78,NA,NA,4,8,7,7,0.2,0.3
2026-04-13T0600,3181A,106.776805,31.852614,巴中市,市五中,,16,16,20,3,10,13,13,NA,NA,8,12,8,8,0.7,0.7
2026-04-13T0600,3183A,106.7419,31.8654,巴中市,圣泉水务公司,,12,12,17,6,9,16,16,NA,NA,7,14,8,8,0.6,0.6
2026-04-13T0600,3616A,106.7617,31.8343,巴中市,市中心医院,NA,NA,15,17,7,9,NA,NA,NA,NA,12,12,8,8,0.5,0.5
2026-04-13T0600,2235A,122.7909,45.608,白城市,洮北区环保局,,23,21,52,12,18,47,47,NA,NA,45,20,4,5,0.1,0.1
2026-04-13T0600,2236A,122.8741,45.5725,白城市,市环保局,,27,27,47,11,14,13,13,NA,NA,43,14,5,4,0,0
2026-04-13T0600,2231A,126.4219,41.9172,白山市,喜丰,颗粒物(PM10),72,80,83,33,19,40,40,NA,NA,26,14,8,8,0.4,0.5
2026-04-13T0600,2232A,126.4082,41.9416,白山市,环保局,,44,44,62,9,16,53,53,NA,NA,11,12,8,8,0.3,0.5
2026-04-13T0600,2647A,104.1727,36.5448,白银市,第三小学,,39,39,56,18,20,83,83,NA,NA,6,7,6,11,0.5,0.4
2026-04-13T0600,2648A,104.1467,36.5482,白银市,动力公司,,45,45,53,15,17,107,107,NA,NA,4,9,6,7,0.3,0.2
2026-04-13T0600,2512A,106.6102,23.901,百色市,市监测站,细颗粒物(PM2.5),110,75,68,70,46,44,44,NA,NA,18,18,12,13,0.9,0.6
2026-04-13T0600,2513A,106.6524,23.8842,百色市,市中心血站,细颗粒物(PM2.5),101,88,83,61,60,34,34,NA,NA,22,16,10,14,1.3,1
2026-04-13T0600,4133A,106.6273,23.8798,百色市,龙景西路,细颗粒物(PM2.5),119,117,86,80,66,27,27,NA,NA,29,25,15,17,0.8,0.7
2026-04-13T0600,2270A,117.396,32.9389,蚌埠市,工人疗养院,,25,25,40,10,20,80,80,NA,NA,12,13,4,4,0.2,0.3
2026-04-13T0600,2271A,117.3606,32.9428,蚌埠市,百货大楼,,25,14,30,9,19,80,80,NA,NA,8,11,4,5,0.4,0.5
2026-04-13T0600,2273A,117.4183,32.8909,蚌埠市,蚌埠学院,,22,9,24,8,19,70,70,NA,NA,22,24,5,6,0.3,0.4
2026-04-13T0600,2274A,117.3534,32.9672,蚌埠市,淮上区政府,,25,22,34,14,20,80,80,NA,NA,9,11,4,4,0.3,0.4
2026-04-13T0600,2275A,117.3143,32.8977,蚌埠市,高新区,,28,9,27,7,18,89,89,NA,NA,5,13,6,7,0.4,0.5
2026-04-13T0600,3715A,117.3091,32.9314,蚌埠市,蚌埠田家炳中学,,30,12,37,8,22,93,93,NA,NA,6,10,4,5,0.2,0.3
2026-04-13T0600,1585A,109.8761,40.6533,包头市,市环境监测站,,27,27,66,13,13,64,64,NA,NA,19,12,11,7,0.5,0.4
2026-04-13T0600,1587A,109.9992,40.5843,包头市,包头八中,,34,34,81,19,21,60,60,NA,NA,19,14,26,14,0.6,0.5
2026-04-13T0600,1589A,109.8641,40.6288,包头市,惠龙物流,,31,31,61,12,13,64,64,NA,NA,16,12,10,8,0.4,0.4
2026-04-13T0600,1590A,110.0376,40.5546,包头市,东河鸿龙湾,NA,NA,24,78,11,19,51,51,NA,NA,25,19,NA,18,0.4,0.4
2026-04-13T0600,3283A,109.9154,40.5684,包头市,滨河大厦,NA,NA,23,66,9,16,50,50,NA,NA,24,13,NA,11,0.5,0.5
2026-04-13T0600,3419A,109.9449,40.6259,包头市,包头市委党校,,42,42,59,13,10,61,61,NA,NA,21,12,41,9,0.7,0.2
2026-04-13T0600,3683A,109.8332,40.6577,包头市,昆区政府,NA,NA,28,54,9,12,71,71,NA,NA,18,14,NA,4,0.6,0.5
2026-04-13T0600,1931A,107.0802,34.3129,宝鸡市,竹园沟,,30,30,44,21,26,20,20,NA,NA,13,15,7,8,0.4,0.5
2026-04-13T0600,1933A,107.1429,34.3549,宝鸡市,监测站,,32,30,53,22,28,34,34,NA,NA,16,19,5,6,0.3,0.3
2026-04-13T0600,1934A,107.1172,34.3759,宝鸡市,技工学校,,32,27,53,22,29,40,40,NA,NA,7,14,3,5,0.5,0.6
2026-04-13T0600,1936A,107.2025,34.3518,宝鸡市,文理学院,,36,31,52,25,29,35,35,NA,NA,13,16,5,6,0.5,0.5
2026-04-13T0600,1937A,107.2396,34.3626,宝鸡市,三迪小学,,43,43,56,22,31,35,35,NA,NA,14,19,5,6,0.5,0.6
2026-04-13T0600,4155A,107.1721,34.3558,宝鸡市,滨河北路,,41,41,54,24,29,35,35,NA,NA,11,15,7,8,0.5,0.6
2026-04-13T0600,4308A,107.3898,34.3601,宝鸡市,陈仓区北开路21号,,50,46,67,35,39,32,32,NA,NA,16,18,13,16,0.5,0.6
2026-04-13T0600,1051A,115.4803,38.8568,保定市,游泳馆,细颗粒物(PM2.5),135,151,122,98,72,35,35,NA,NA,49,29,2,2,0.5,0.4
2026-04-13T0600,1052A,115.509,38.8895,保定市,华电二区,细颗粒物(PM2.5),121,125,111,83,66,21,21,NA,NA,44,28,3,4,0.5,0.4
2026-04-13T0600,1053A,115.4588,38.9037,保定市,接待中心,细颗粒物(PM2.5),130,151,111,92,64,24,24,NA,NA,50,30,1,2,0.4,0.3
2026-04-13T0600,1054A,115.4484,38.8344,保定市,地表水厂,细颗粒物(PM2.5),130,148,128,93,67,36,36,NA,NA,48,36,5,5,0.4,0.4
2026-04-13T0600,3581A,115.3136,38.9511,保定市,满城区生态环境分局,颗粒物(PM10),125,183,138,77,52,33,33,NA,NA,52,34,4,4,0.5,0.4
2026-04-13T0600,3582A,115.4709,38.7628,保定市,清苑区第二中学,细颗粒物(PM2.5),137,211,158,100,71,13,13,NA,NA,78,49,5,7,0.6,0.5
2026-04-13T0600,3583A,115.6231,39.0223,保定市,徐水物探局,细颗粒物(PM2.5),142,196,156,106,66,6,6,NA,NA,74,39,4,4,0.8,0.5
2026-04-13T0600,4004A,115.4199,38.8665,保定市,双鹰农机,细颗粒物(PM2.5),133,155,125,96,68,37,37,NA,NA,46,31,4,5,0.4,0.4
2026-04-13T0600,4034A,115.515,38.8589,保定市,植保所站,细颗粒物(PM2.5),148,172,129,112,64,32,32,NA,NA,60,36,2,5,0.5,0.4
2026-04-13T0600,2594A,99.1589,25.1137,保山市,市环境监测站,细颗粒物(PM2.5),56,49,43,38,29,96,96,NA,NA,6,8,5,6,0.3,0.3
2026-04-13T0600,2595A,99.1616,25.1381,保山市,市环保局,,49,42,44,34,31,103,103,NA,NA,4,5,6,6,0.3,0.3
2026-04-13T0600,1867A,109.1435,21.4085,北海市,海滩公园,,50,45,54,35,34,26,26,NA,NA,15,10,7,7,0.6,0.6
2026-04-13T0600,1868A,109.0983,21.466,北海市,新市环保局,,32,32,48,22,28,29,29,NA,NA,17,12,17,12,0.7,0.6
2026-04-13T0600,1869A,109.1775,21.5232,北海市,北海工业园,颗粒物(PM10),67,73,59,26,32,24,24,NA,NA,13,12,10,10,0.7,0.8
2026-04-13T0600,3400A,109.1844,21.4396,北海市,龙潭自来水厂,,35,33,46,24,26,12,12,NA,NA,13,8,6,5,0.6,0.6
2026-04-13T0600,1001A,116.3611,39.8786,北京市,万寿西宫,颗粒物(PM10),107,138,125,28,51,78,78,NA,NA,11,41,3,5,0.4,0.7
2026-04-13T0600,1003A,116.4174,39.9289,北京市,东四,颗粒物(PM10),104,130,127,38,53,87,87,NA,NA,10,35,3,5,0.3,0.5
2026-04-13T0600,1004A,116.4073,39.8858,北京市,天坛,颗粒物(PM10),103,126,107,32,48,73,73,NA,NA,10,32,4,6,0.6,0.9
2026-04-13T0600,1005A,116.4622,39.9364,北京市,农展馆,颗粒物(PM10),98,116,116,29,49,84,84,NA,NA,9,38,4,6,0.5,0.8
2026-04-13T0600,1006A,116.3399,39.9293,北京市,官园,颗粒物(PM10),104,128,124,36,52,72,72,NA,NA,14,40,4,5,0.4,0.6
2026-04-13T0600,1007A,116.2879,39.9613,北京市,海淀万柳,颗粒物(PM10),102,124,111,33,42,75,75,NA,NA,9,51,5,5,0.4,0.6
2026-04-13T0600,1008A,116.6635,40.1349,北京市,顺义新城,颗粒物(PM10),90,105,121,29,44,75,75,NA,NA,11,26,7,7,0.6,0.7
2026-04-13T0600,1009A,116.6275,40.327,北京市,怀柔镇,细颗粒物(PM2.5),110,131,93,70,37,74,74,NA,NA,15,17,9,7,1.0,0.7
2026-04-13T0600,1010A,116.2295,40.217,北京市,昌平镇,颗粒物(PM10),91,107,82,55,30,93,93,NA,NA,16,28,5,4,0.7,0.6
2026-04-13T0600,1011A,116.3968,39.982,北京市,奥体中心,颗粒物(PM10),90,106,114,28,42,85,85,NA,NA,13,54,5,6,0.6,0.8
2026-04-13T0600,3418A,116.8336,40.4095,北京市,密云新城,颗粒物(PM10),114,155,71,63,23,45,45,NA,NA,34,16,5,4,0.8,0.4
2026-04-13T0600,3671A,116.0879,39.9725,北京市,门头沟三家店,细颗粒物(PM2.5),64,NA,69,42,44,85,85,NA,NA,12,35,4,4,0.5,0.5
2026-04-13T0600,3672A,116.1507,39.8246,北京市,丰台云岗,颗粒物(PM10),105,132,125,33,50,84,84,NA,NA,13,41,3,4,0.5,0.6
2026-04-13T0600,3674A,115.9578,39.7602,北京市,房山燕山,细颗粒物(PM2.5),110,130,112,70,43,88,88,NA,NA,17,27,4,4,0.7,0.6
2026-04-13T0600,3675A,116.4669,39.7734,北京市,大兴旧宫,颗粒物(PM10),101,121,125,31,49,76,76,NA,NA,10,32,5,6,0.5,0.7
2026-04-13T0600,3694A,115.9859,40.4562,北京市,延庆石河营,细颗粒物(PM2.5),102,105,63,62,24,102,102,NA,NA,13,25,4,2,0.7,0.4
2026-04-13T0600,3695A,116.6151,40.3052,北京市,怀柔新城,细颗粒物(PM2.5),110,132,90,70,34,78,78,NA,NA,17,16,8,6,1.0,0.7
2026-04-13T0600,3696A,116.2542,39.8764,北京市,丰台小屯,颗粒物(PM10),96,114,121,36,48,80,80,NA,NA,17,55,4,4,0.3,0.5
2026-04-13T0600,3697A,116.8399,40.3843,北京市,密云镇,细颗粒物(PM2.5),123,160,82,85,31,57,57,NA,NA,29,30,7,6,1.1,0.5
2026-04-13T0600,4057A,115.9423,40.4431,北京市,延庆百泉,细颗粒物(PM2.5),101,113,64,61,25,89,89,NA,NA,19,17,1,2,0.7,0.4
2026-04-13T0600,4058A,116.6598,39.9164,北京市,通州新华,颗粒物(PM10),104,128,130,23,56,67,67,NA,NA,16,34,4,6,0.5,0.7
2026-04-13T0600,4182A,116.1942,39.9158,北京市,石景山八角,颗粒物(PM10),109,142,130,31,44,74,74,NA,NA,16,55,1,3,0.4,0.6
2026-04-13T0600,4194A,117.078628,40.151726,北京市,平谷新城,颗粒物(PM10),93,110,118,54,53,70,70,NA,NA,21,23,7,6,0.7,0.7
2026-04-13T0600,1761A,123.8274146,41.31234549,本溪市,大峪,,35,35,74,3,23,63,63,NA,NA,4,9,6,8,0.5,0.7
2026-04-13T0600,1763A,123.7169,41.3094,本溪市,彩屯,NA,NA,58,74,8,31,60,60,NA,NA,19,20,NA,15,0.6,1.1
2026-04-13T0600,1764A,123.7672166,41.28649327,本溪市,东明,,47,47,99,3,26,67,67,NA,NA,12,16,8,11,0.3,0.5
2026-04-13T0600,1765A,123.799345,41.266614,本溪市,新立屯,,38,38,83,9,25,38,38,NA,NA,28,21,7,9,0.4,0.6
2026-04-13T0600,1766A,123.829144,41.336777,本溪市,威宁,,46,46,99,7,24,47,47,NA,NA,18,15,6,8,0.4,0.6
2026-04-13T0600,2587A,105.287,27.3133,毕节市,八中,,41,41,34,23,20,48,48,NA,NA,5,8,10,11,0.5,0.5
2026-04-13T0600,2588A,105.3079,27.2987,毕节市,师专,,35,34,31,24,19,51,51,NA,NA,3,5,9,9,0.5,0.4
2026-04-13T0600,4263A,105.3688,27.3598,毕节市,工业大道,,21,14,31,13,20,67,67,NA,NA,4,6,10,11,/,/
2026-04-13T0600,1629A,117.9961,37.3604,滨州市,第二水厂,颗粒物(PM10),55,56,49,30,19,40,40,NA,NA,46,30,14,12,0.7,0.5
2026-04-13T0600,1630A,117.9789,37.3931,滨州市,北中新校,颗粒物(PM10),55,56,50,28,20,55,55,NA,NA,30,31,16,16,0.8,0.6
2026-04-13T0600,3514A,117.9379,37.3959,滨州市,中海酒店,NA,NA,51,55,29,24,50,50,NA,NA,40,36,NA,15,0.8,0.5
2026-04-13T0600,3515A,117.9381509,37.35547456,滨州市,开发区一中,细颗粒物(PM2.5),58,58,60,39,22,45,45,NA,NA,40,29,14,13,1.0,0.7
2026-04-13T0600,3516A,118.0914,37.6938,滨州市,金海六路,细颗粒物(PM2.5),66,71,52,43,29,14,14,NA,NA,69,29,10,10,0.5,0.5
2026-04-13T0600,4028A,117.9955,37.3752,滨州市,滨州市西街道办事处,颗粒物(PM10),51,51,52,27,19,40,40,NA,NA,32,22,12,13,0.6,0.5
2026-04-13T0600,2311A,115.8071,33.8399,亳州市,污水处理厂,,30,30,45,20,24,65,65,NA,NA,11,12,4,6,0.0,0
2026-04-13T0600,2312A,115.7789,33.8519,亳州市,三国揽胜宫,,25,19,38,17,22,61,61,NA,NA,10,13,6,7,0.0,0.1
2026-04-13T0600,3332A,115.7631,33.803,亳州市,亳州学院,,38,38,50,18,23,71,71,NA,NA,5,8,6,7,0.1,0.2
2026-04-13T0600,2693A,82.0482,44.8553,博尔塔拉蒙古自治州,市党校,颗粒物(PM10),220,364,187,40,21,47,47,NA,NA,4,3,2,2,0,0.1
2026-04-13T0600,2694A,82.0805,44.8966,博尔塔拉蒙古自治州,市环保局,颗粒物(PM10),145,237,164,41,24,41,41,NA,NA,9,10,2,3,0.2,0.3
2026-04-13T0600,1071A,116.8733,38.2922,沧州市,沧县城建局,细颗粒物(PM2.5),106,93,91,66,60,67,67,NA,NA,22,43,5,6,0.4,0.6
2026-04-13T0600,1072A,116.8462,38.3189,沧州市,电视转播站,细颗粒物(PM2.5),109,106,94,69,62,65,65,NA,NA,20,33,8,7,0.4,0.5
2026-04-13T0600,1073A,116.8588,38.3161,沧州市,市环保局,细颗粒物(PM2.5),101,94,101,61,53,68,68,NA,NA,17,34,7,7,0.5,0.6
2026-04-13T0600,3324A,116.8011,38.294,沧州市,河北水利电力学院,细颗粒物(PM2.5),100,85,91,60,63,73,73,NA,NA,22,30,6,8,0.4,0.5
2026-04-13T0600,2622A,97.1813,31.1289,昌都市,昌都监测站,,34,6,14,3,4,108,108,NA,NA,5,7,8,6,0.2,0.2
2026-04-13T0600,3719A,97.1707,31.1428,昌都市,昌都会议中心,,34,7,14,3,5,107,107,NA,NA,3,4,6,5,0.1,0.1
2026-04-13T0600,2692A,87.2722,44.0298,昌吉回族自治州,新区政务中心,,49,49,38,16,10,78,78,NA,NA,9,11,6,5,0.2,0.2
2026-04-13T0600,3613A,87.3069,44.0093,昌吉回族自治州,亚心广场,颗粒物(PM10),56,58,54,21,11,89,89,NA,NA,4,10,8,6,0.3,0.3
2026-04-13T0600,4164A,87.2057,43.9289,昌吉回族自治州,财政所,颗粒物(PM10),60,63,52,14,7,67,67,NA,NA,4,5,7,7,0.1,0.1
2026-04-13T0600,1120A,125.2874,43.9024,长春市,客车厂,NA,NA,30,83,13,19,15,15,NA,NA,47,16,NA,7,0.4,0.4
2026-04-13T0600,1121A,125.2943,43.8508,长春市,邮电学院,,37,37,95,18,20,30,30,NA,NA,26,10,6,7,0.1,0.1
2026-04-13T0600,1122A,125.3648,43.8745,长春市,劳动公园,,28,28,73,10,20,31,31,NA,NA,23,12,6,7,0.5,0.4
2026-04-13T0600,1123A,125.3233,43.8781,长春市,园林处,,30,30,77,9,20,35,35,NA,NA,26,12,6,7,0.0,0.1
2026-04-13T0600,1124A,125.4604,43.7904,长春市,净月潭,NA,NA,20,77,8,19,35,35,NA,NA,19,11,NA,8,0.3,0.3
2026-04-13T0600,1126A,125.38,43.8422,长春市,经开区环卫处,,24,24,91,10,20,24,24,NA,NA,24,12,5,6,0.3,0.3
2026-04-13T0600,1127A,125.234,43.7761,长春市,高新区管委会,,34,34,93,14,20,18,18,NA,NA,29,10,6,7,0.5,0.5
2026-04-13T0600,1128A,125.1695,43.83,长春市,岱山公园,,24,24,100,15,21,41,41,NA,NA,20,14,4,5,0.3,0.4
2026-04-13T0600,4281A,125.334645,43.916281,长春市,北亚泰大街1068号,,27,27,84,17,20,15,15,NA,NA,50,19,7,8,0.3,0.3
2026-04-13T0600,1335A,113.082,28.2421,长沙市,经开区环保局,,36,36,35,22,22,40,40,NA,NA,16,16,4,4,0.6,0.5
2026-04-13T0600,1336A,112.8873,28.2202,长沙市,高开区环保局,,49,40,37,34,26,46,46,NA,NA,10,10,8,6,0.6,0.6
2026-04-13T0600,1337A,113.0785,28.2012,长沙市,马坡岭,,41,41,39,24,24,41,41,NA,NA,7,11,5,4,0.8,0.8
2026-04-13T0600,1338A,112.9448,28.1894,长沙市,湖南师范大学,,46,46,39,32,24,49,49,NA,NA,13,12,7,5,0.7,0.7
2026-04-13T0600,1339A,113.0177,28.1322,长沙市,雨花区环保局,,33,33,35,22,23,47,47,NA,NA,11,11,4,3,1.0,0.9
2026-04-13T0600,1340A,112.9795,28.2593,长沙市,伍家岭,细颗粒物(PM2.5),52,49,41,36,25,20,20,NA,NA,21,22,5,3,0.4,0.5
2026-04-13T0600,1341A,113.002,28.1944,长沙市,火车新站,,42,38,38,29,26,45,45,NA,NA,13,11,4,3,0.6,0.6
2026-04-13T0600,1342A,112.9846,28.1177,长沙市,天心区环保局,,38,35,38,26,27,56,56,NA,NA,13,16,6,5,0.6,0.6
2026-04-13T0600,1343A,112.8906,28.1307,长沙市,湖南中医药大学,,43,39,38,30,24,53,53,NA,NA,12,17,6,5,0.7,0.7
2026-04-13T0600,1727A,113.1146,36.1547,长治市,清华站,,48,40,46,33,25,86,86,NA,NA,6,6,8,10,0.8,0.6
2026-04-13T0600,1730A,113.0887,36.2126,长治市,审计局,,45,38,46,31,33,103,103,NA,NA,9,14,8,11,0.5,0.5
2026-04-13T0600,1731A,113.0845,36.1856,长治市,长治八中,颗粒物(PM10),53,53,57,33,28,100,100,NA,NA,15,17,10,12,0.9,0.6
2026-04-13T0600,2845A,113.1561,36.1912,长治市,德盛苑,,46,46,41,31,26,98,98,NA,NA,10,12,8,10,0.7,0.7
2026-04-13T0600,3568A,113.0603,36.0464,长治市,向阳小学,颗粒物(PM10),69,76,75,29,26,80,80,NA,NA,20,22,8,10,0.6,0.7
2026-04-13T0600,3569A,112.8788,36.315,长治市,屯留一中,颗粒物(PM10),56,58,50,35,28,101,101,NA,NA,10,21,9,13,0.5,0.4
2026-04-13T0600,4189A,113.113092,36.199482,长治市,英华南巷50号,颗粒物(PM10),53,54,51,33,28,84,84,NA,NA,15,11,7,10,0.8,0.9
2026-04-13T0600,4190A,113.23666,36.33435,长治市,学府街1号,细颗粒物(PM2.5),66,58,53,43,27,56,56,NA,NA,24,19,6,7,0.7,0.7
2026-04-13T0600,1854A,111.696,28.9725,常德市,市二中,细颗粒物(PM2.5),54,44,38,37,27,28,28,NA,NA,12,9,8,8,0.9,0.8
2026-04-13T0600,3138A,111.7152,29.0288,常德市,武陵区永安,,50,40,40,35,26,84,84,NA,NA,5,8,7,6,0.7,0.7
2026-04-13T0600,3139A,111.6891,28.9881,常德市,鼎城区玉霞,,49,44,40,34,27,20,20,NA,NA,18,11,8,9,0.8,0.8
2026-04-13T0600,3140A,111.6651,29.0526,常德市,武陵区长庚,,50,40,39,35,25,50,50,NA,NA,8,7,8,9,0.8,0.7
2026-04-13T0600,1196A,119.9524,31.7586,常州市,市监测站,颗粒物(PM10),58,60,32,22,10,70,70,NA,NA,12,15,9,8,0.8,0.6
2026-04-13T0600,1200A,119.9351,31.703,常州市,武进监测站,,47,47,34,22,12,73,73,NA,NA,10,17,9,7,0.6,0.7
2026-04-13T0600,3002A,119.9701,31.813,常州市,行政中心,颗粒物(PM10),55,57,26,31,11,62,62,NA,NA,18,20,5,5,0.5,0.3
2026-04-13T0600,3003A,120.0434,31.7726,常州市,经开区,颗粒物(PM10),58,60,37,21,10,78,78,NA,NA,4,12,2,2,0.8,0.8
2026-04-13T0600,3010A,119.8919,31.7892,常州市,钟楼,,43,39,25,30,12,68,68,NA,NA,14,18,6,6,0.2,0.2
2026-04-13T0600,3429A,119.8595,31.706,常州市,武进经发区,,31,31,24,21,14,66,66,NA,NA,18,24,4,4,0.7,0.7
2026-04-13T0600,3430A,119.5812,31.7256,常州市,金坛城区,,38,36,27,26,16,59,59,NA,NA,6,13,7,7,0.7,0.6
2026-04-13T0600,4089A,119.9551,31.863,常州市,崇义南街5-H号,颗粒物(PM10),51,51,25,20,11,76,76,NA,NA,12,24,6,5,0.5,0.6
2026-04-13T0600,2220A,120.4318,41.588,朝阳市,西梁,,22,17,50,3,12,70,70,NA,NA,12,12,9,10,0.4,0.4
2026-04-13T0600,2221A,120.452,41.565,朝阳市,河畔小区,,23,15,47,7,13,73,73,NA,NA,8,11,12,12,0.4,0.5
2026-04-13T0600,2222A,120.4176,41.5648,朝阳市,八里堡,,22,17,55,3,14,70,70,NA,NA,12,14,12,12,0.4,0.6
2026-04-13T0600,3026A,116.6179,23.6608,潮州市,市政府,,29,24,30,20,16,11,11,NA,NA,13,10,3,4,0.5,0.4
2026-04-13T0600,4036A,116.646,23.676,潮州市,金山,,25,21,30,17,19,0,0,NA,NA,18,11,2,2,0.4,0.4
2026-04-13T0600,2473A,113.0116,25.8228,郴州市,市职中,,33,NA,14,23,14,21,21,NA,NA,9,12,6,6,0.7,0.7
2026-04-13T0600,2475A,113.0381,25.8074,郴州市,市审计局,,26,21,20,18,13,26,26,NA,NA,6,6,2,2,/,/
2026-04-13T0600,2476A,113.0348,25.7757,郴州市,市环保局,,30,23,22,21,15,22,22,NA,NA,10,14,6,6,0.5,0.5
2026-04-13T0600,4252A,113.0138,25.8011,郴州市,好美居路49号,,22,22,17,12,11,28,28,NA,NA,8,12,8,7,/,/
2026-04-13T0600,1431A,103.9727,30.7242,成都市,金泉两河,,20,20,26,12,22,40,40,NA,NA,11,17,2,2,0.2,0.3
2026-04-13T0600,1432A,104.1423,30.6765,成都市,十里店,,36,36,41,16,28,61,61,NA,NA,8,22,4,4,0.5,0.6
2026-04-13T0600,1433A,104.0594,30.5765,成都市,三瓦窑,,31,31,36,12,29,66,66,NA,NA,2,19,2,2,0.5,0.6
2026-04-13T0600,1434A,104.1122,30.6306,成都市,沙河铺,,37,37,41,12,29,49,49,NA,NA,8,26,2,2,0.4,0.4
2026-04-13T0600,2880A,104.0219,30.6561,成都市,大石西路,,30,30,37,14,29,49,49,NA,NA,10,20,4,4,0.5,0.5
2026-04-13T0600,3136A,104.2724,30.559,成都市,龙泉驿区区政府,,28,NA,31,19,27,56,56,NA,NA,7,18,6,6,0.4,0.5
2026-04-13T0600,3357A,104.0028,30.6891,成都市,金博路,,19,14,23,13,24,37,37,NA,NA,20,23,6,6,0.5,0.6
2026-04-13T0600,3359A,104.056,30.5228,成都市,华阳,NA,NA,14,37,9,26,69,69,NA,NA,10,22,NA,4,0.3,0.3
2026-04-13T0600,3488A,104.387954,30.746684,成都市,青石路225号,,40,38,41,28,28,30,30,NA,NA,21,26,6,7,0.6,0.6
2026-04-13T0600,3489A,104.0788,30.4054,成都市,科学城,,22,17,43,12,36,68,68,NA,NA,11,18,7,7,0.3,0.6
2026-04-13T0600,4011A,103.8505,30.6946,成都市,光华大道三段,,22,22,30,10,22,50,50,NA,NA,14,18,3,3,0.3,0.4
2026-04-13T0600,4144A,104.3257,30.6406,成都市,八角井街185号,,41,41,46,21,26,40,40,NA,NA,10,21,4,4,0.4,0.5
2026-04-13T0600,4224A,104.2433276,30.53529463,成都市,鲸龙路1057号,,42,32,45,29,32,53,53,NA,NA,14,21,6,6,0.7,0.6
2026-04-13T0600,1062A,117.9531,40.908,承德市,铁路,,44,44,52,3,12,57,57,NA,NA,17,16,3,5,0.2,0.3
2026-04-13T0600,1063A,117.9397,40.9763,承德市,中国银行,,31,31,53,3,13,69,69,NA,NA,5,11,1,3,0.2,0.3
2026-04-13T0600,4073A,117.9462,40.95,承德市,杏林街1号,NA,NA,36,52,19,18,NA,NA,NA,NA,4,10,1,3,0.1,0.3
2026-04-13T0600,4274A,117.7994,40.9605,承德市,滨河大街98号,,24,22,42,3,10,74,74,NA,NA,2,8,4,11,0.2,0.3
2026-04-13T0600,2314A,117.4698,30.6617,池州市,池州学院,,48,47,29,33,21,20,20,NA,NA,38,28,5,5,1.0,0.8
2026-04-13T0600,3237A,117.4918,30.6617,池州市,展览馆,,49,49,30,34,20,23,23,NA,NA,32,25,3,3,0.8,0.6
2026-04-13T0600,3333A,117.5626,30.695,池州市,第八中学,,50,47,29,35,19,20,20,NA,NA,34,26,3,4,0.9,0.7
2026-04-13T0600,3334A,117.5037,30.6242,池州市,第十二中学,,45,45,30,31,17,24,24,NA,NA,31,21,2,3,1.1,0.8
2026-04-13T0600,1744A,118.9229,42.2816,赤峰市,松山一中,,24,24,31,14,9,30,30,NA,NA,35,14,8,6,0.5,0.4
2026-04-13T0600,1745A,118.9588,42.2733,赤峰市,哈达街,二氧化硫(SO2),51,33,34,23,12,13,13,NA,NA,65,18,157,24,0.6,0.5
2026-04-13T0600,1746A,118.8792,42.2551,赤峰市,天义路,,26,26,43,3,10,33,33,NA,NA,23,13,12,14,0.3,0.3
2026-04-13T0600,3058A,119.2656,42.0356,赤峰市,银河街,,27,27,52,7,21,28,28,NA,NA,17,10,8,12,0.2,0.3
2026-04-13T0600,3286A,118.9359,42.3146,赤峰市,桥北物流园区,,15,12,32,8,8,42,42,NA,NA,30,9,3,4,0.3,0.3
2026-04-13T0600,2521A,107.3473,22.4137,崇左市,市环保局江州分局,细颗粒物(PM2.5),121,110,112,83,84,59,59,NA,NA,14,15,3,4,1.1,1.1
2026-04-13T0600,4256A,107.375,22.3736,崇左市,石景林东路7号,细颗粒物(PM2.5),109,77,101,69,82,76,76,NA,NA,13,16,4,5,1.0,1.2
2026-04-13T0600,3207A,118.31131,32.3033,滁州市,市政府原办公楼,,35,NA,20,24,23,79,79,NA,NA,5,10,4,4,0.3,0.4
2026-04-13T0600,3331A,118.3268,32.2633,滁州市,图书馆,,27,27,27,18,15,79,79,NA,NA,8,10,9,9,0.3,0.3
2026-04-13T0600,4101A,118.3196,32.3335,滁州市,银山路666号,,29,22,25,20,17,81,81,NA,NA,5,9,4,5,0.4,0.5
2026-04-13T0600,4102A,118.3426,32.2979,滁州市,黄山路555号,,32,28,27,22,16,79,79,NA,NA,8,12,5,5,0.5,0.5
2026-04-13T0600,2606A,101.5379,25.0492,楚雄彝族自治州,市经济开发区,,45,45,33,21,18,79,79,NA,NA,14,8,3,2,0.4,0.4
2026-04-13T0600,4153A,101.5536,25.0343,楚雄彝族自治州,团结路562号,,45,44,29,31,18,110,110,NA,NA,10,6,2,2,0.3,0.3
2026-04-13T0600,2549A,107.5087,31.2186,达州市,市环境监测站,,25,25,32,3,12,7,7,NA,NA,16,22,7,6,0.2,0.3
2026-04-13T0600,2550A,107.4988,31.2132,达州市,凤凰小区,,24,24,29,3,13,8,8,NA,NA,17,22,8,5,0.2,0.3
2026-04-13T0600,2551A,107.5081,31.1987,达州市,达县机关宾馆,,24,24,30,7,16,10,10,NA,NA,19,27,7,5,0.4,0.4
2026-04-13T0600,2552A,107.4644,31.2124,达州市,市政中心,,29,29,39,3,12,4,4,NA,NA,20,27,5,5,0.3,0.4
2026-04-13T0600,2614A,100.2168,25.5818,大理白族自治州,大理市环境监测站,,46,42,33,32,23,79,79,NA,NA,21,12,4,4,0.3,0.2
2026-04-13T0600,2615A,100.1542,25.7055,大理白族自治州,大理古城,,42,42,31,27,20,106,106,NA,NA,6,5,3,2,0.2,0.4
2026-04-13T0600,1109A,121.6119,38.974,大连市,甘井子,细颗粒物(PM2.5),78,76,89,49,45,81,81,NA,NA,28,34,11,9,0.5,0.5
2026-04-13T0600,1110A,121.565,38.9509,大连市,周水子,细颗粒物(PM2.5),192,NA,74,144,96,45,45,NA,NA,51,39,6,7,0.8,0.7
2026-04-13T0600,1111A,121.5637,38.8849,大连市,星海三站,细颗粒物(PM2.5),82,73,75,51,45,88,88,NA,NA,21,34,6,6,0.6,0.5
2026-04-13T0600,1112A,121.6301,38.9117,大连市,青泥洼桥,细颗粒物(PM2.5),84,83,79,52,47,86,86,NA,NA,20,31,7,6,0.8,0.7
2026-04-13T0600,1113A,121.6248,38.8643,大连市,傅家庄,NA,NA,70,82,45,45,98,98,NA,NA,13,24,NA,8,0.7,0.6
2026-04-13T0600,1114A,121.5117,38.8636,大连市,七贤岭,"颗粒物(PM10),细颗粒物(PM2.5)",66,72,72,43,39,92,92,NA,NA,21,23,8,8,0.7,0.5
2026-04-13T0600,1116A,121.7507,39.1339,大连市,金州,细颗粒物(PM2.5),80,80,86,50,42,92,92,NA,NA,13,23,4,4,0.8,0.6
2026-04-13T0600,1117A,121.7811,39.0495,大连市,开发区,颗粒物(PM10),60,64,70,38,46,96,96,NA,NA,14,39,7,10,0.6,0.5
2026-04-13T0600,1118A,121.9762,39.0631,大连市,双D港,颗粒物(PM10),78,89,65,38,47,95,95,NA,NA,14,25,7,6,0.8,0.9
2026-04-13T0600,4082A,121.2548,38.8188,大连市,旅顺,细颗粒物(PM2.5),120,102,69,81,46,61,61,NA,NA,19,22,6,5,0.6,0.5
2026-04-13T0600,1789A,124.8085,46.0381,大庆市,大同区,,25,25,50,7,15,56,56,NA,NA,11,10,3,4,0.3,0.4
2026-04-13T0600,1790A,125.1166,46.5255,大庆市,龙凤区,,28,28,48,12,16,56,56,NA,NA,16,14,5,4,0.2,0.2
2026-04-13T0600,1791A,124.8894,46.4007,大庆市,红岗区,,32,32,43,8,17,44,44,NA,NA,12,7,12,13,0.1,0.2
2026-04-13T0600,1792A,125.1391,46.578,大庆市,萨尔图区,NA,NA,26,44,7,15,64,64,NA,NA,7,9,NA,7,0.4,0.4
2026-04-13T0600,1793A,124.9026,46.6217,大庆市,让胡路区,,32,32,51,12,18,55,55,NA,NA,5,9,6,6,0.3,0.4
2026-04-13T0600,3481A,125.127,46.6277,大庆市,萨区政府监测点,,25,25,38,9,13,55,55,NA,NA,8,4,9,9,0.3,0.3
2026-04-13T0600,1723A,113.2926,40.0759,大同市,云冈宾馆,,45,45,45,22,17,84,84,NA,NA,12,13,6,6,0.3,0.2
2026-04-13T0600,1724A,113.3437,40.0921,大同市,大同大学,,47,47,53,13,8,91,91,NA,NA,14,13,3,4,0.5,0.5
2026-04-13T0600,1725A,113.2637,40.129,大同市,安家小村,,50,50,51,13,9,88,88,NA,NA,13,11,10,10,0.4,0.3
2026-04-13T0600,3282A,113.3399,40.0586,大同市,大同市卫生学校,,40,40,52,11,10,92,92,NA,NA,11,10,5,5,0.3,0.4
2026-04-13T0600,3565A,113.1371,40.1122,大同市,云冈站,颗粒物(PM10),53,53,47,16,10,63,63,NA,NA,17,8,9,7,0.5,0.4
2026-04-13T0600,3566A,113.1186,40.2556,大同市,图书馆,颗粒物(PM10),52,52,54,17,12,46,46,NA,NA,14,12,6,7,0.4,0.3
2026-04-13T0600,3567A,113.5931,40.0459,大同市,区一中,,46,46,57,19,13,78,78,NA,NA,10,10,10,9,0.4,0.4
2026-04-13T0600,4199A,113.2798248,40.09972476,大同市,魏都大道141号,颗粒物(PM10),53,53,58,23,10,73,73,NA,NA,18,11,16,8,0.5,0.5
2026-04-13T0600,2269A,124.1068,50.4091,大兴安岭地区,科技局,,22,13,18,9,8,68,68,NA,NA,3,4,8,8,0.1,0.1
2026-04-13T0600,3663A,124.117,50.4279,大兴安岭地区,红旗社区,,24,NA,14,7,9,75,75,NA,NA,3,7,8,9,0.2,0.2
2026-04-13T0600,1600A,124.33,40.0625,丹东市,江湾东路,NA,NA,61,56,29,26,67,67,NA,NA,12,14,NA,10,0.6,0.7
2026-04-13T0600,1601A,124.4242,40.1513,丹东市,临江后街,NA,NA,48,50,28,25,50,50,NA,NA,15,12,NA,8,0.5,0.6
2026-04-13T0600,1602A,124.3935,40.1461,丹东市,元宝山,颗粒物(PM10),55,56,57,27,25,63,63,NA,NA,15,15,8,10,0.5,0.8
2026-04-13T0600,1603A,124.3634,40.1093,丹东市,民主桥,NA,NA,60,56,34,28,54,54,NA,NA,19,17,NA,9,0.4,0.6
2026-04-13T0600,3541A,109.5726195,19.51688767,儋州市,第一中学子站,细颗粒物(PM2.5),54,48,54,37,37,99,99,NA,NA,5,4,14,10,0.4,0.4
2026-04-13T0600,3542A,109.5567,19.5187,儋州市,东坡学校子站,细颗粒物(PM2.5),56,48,53,38,38,96,96,NA,NA,4,3,7,7,0.6,0.6
2026-04-13T0600,2616A,98.5611,24.4273,德宏傣族景颇族自治州,德宏州监测站,细颗粒物(PM2.5),102,63,49,62,45,42,42,NA,NA,21,17,6,5,0.3,0.3
2026-04-13T0600,3677A,98.5887,24.4366,德宏傣族景颇族自治州,芒市人民政府综合楼,细颗粒物(PM2.5),94,87,77,57,44,44,44,NA,NA,17,13,8,8,0.6,0.5
2026-04-13T0600,1901A,104.424,31.1209,德阳市,东山公园,细颗粒物(PM2.5),54,NA,28,37,25,11,11,NA,NA,18,19,3,5,0.6,0.5
2026-04-13T0600,1902A,104.3827,31.1318,德阳市,西小区,细颗粒物(PM2.5),62,43,43,41,28,10,10,NA,NA,24,22,4,5,0.6,0.5
2026-04-13T0600,1904A,104.3553,31.1091,德阳市,耐火材料厂,细颗粒物(PM2.5),68,NA,44,44,32,9,9,NA,NA,29,24,2,3,0.6,0.4
2026-04-13T0600,4145A,104.4144,31.1495,德阳市,市林业局,细颗粒物(PM2.5),66,NA,34,43,28,8,8,NA,NA,22,24,4,6,0.7,0.5
2026-04-13T0600,1622A,116.3034,37.4675,德州市,儿童乐园,,30,24,85,14,40,93,93,NA,NA,12,18,7,8,0.5,0.8
2026-04-13T0600,1624A,116.2992,37.4449,德州市,监理站,,29,29,84,14,38,89,89,NA,NA,22,26,8,10,0.4,0.6
2026-04-13T0600,3066A,116.2722,37.438,德州市,九衢泉纯净水厂,,34,34,90,17,44,71,71,NA,NA,16,29,7,7,0.6,0.8
2026-04-13T0600,3371A,116.3693,37.44,德州市,开发区人民医院,,44,44,85,20,42,83,83,NA,NA,17,24,11,11,0.4,0.6
2026-04-13T0600,3511A,116.5687,37.3331,德州市,陵城艺术中心,细颗粒物(PM2.5),56,53,81,38,50,56,56,NA,NA,20,22,8,11,0.8,0.9
2026-04-13T0600,4292A,116.352738,37.420875,德州市,新河东路,颗粒物(PM10),56,58,83,26,45,61,61,NA,NA,22,31,9,10,0.6,0.8
2026-04-13T0600,2621A,99.7054,27.8319,迪庆藏族自治州,迪庆州站,,42,20,19,14,9,132,132,NA,NA,7,10,9,9,0.4,0.4
2026-04-13T0600,3180A,99.7122,27.8129,迪庆藏族自治州,质量技术监督局,,45,11,19,11,10,142,142,NA,NA,6,11,6,6,0.4,0.4
2026-04-13T0600,4257A,104.6092,35.5962,定西市,将台街,颗粒物(PM10),63,67,70,27,24,46,46,NA,NA,24,16,7,7,0.2,0.1
2026-04-13T0600,4309A,104.6159,35.5701,定西市,正龙路62号,颗粒物(PM10),60,63,72,31,24,52,52,NA,NA,15,11,3,4,0.3,0.3
2026-04-13T0600,4071A,114.9883,38.5232,定州市,交通局,细颗粒物(PM2.5),138,198,163,101,82,51,51,NA,NA,48,37,8,8,0.7,0.6
2026-04-13T0600,4072A,115.0045,38.5136,定州市,第五中学,细颗粒物(PM2.5),136,196,167,99,78,31,31,NA,NA,63,31,5,5,0.6,0.5
2026-04-13T0600,1390A,113.7943,23.0132,东莞市,东城石井,,34,34,28,19,15,18,18,NA,NA,29,18,2,2,0.5,0.5
2026-04-13T0600,1391A,113.7384,22.9659,东莞市,南城西平,,34,34,25,19,12,14,14,NA,NA,33,12,3,3,0.5,0.5
2026-04-13T0600,3319A,113.7283,23.041,东莞市,万江金泰,,28,28,28,14,16,20,20,NA,NA,22,15,6,6,0.6,0.6
2026-04-13T0600,4129A,113.8666,23.1062,东莞市,裕兴路,,43,43,38,18,16,12,12,NA,NA,26,20,6,5,0.8,0.7
2026-04-13T0600,4130A,114.0076,22.9739,东莞市,教育路1号,,31,31,34,15,16,20,20,NA,NA,24,16,6,6,0.5,0.6
2026-04-13T0600,4131A,113.7981,22.8124,东莞市,长怡路1号,,28,28,32,9,12,29,29,NA,NA,15,15,5,5,0.7,0.7
2026-04-13T0600,1666A,118.6612,37.4313,东营市,市环保局,,31,31,34,20,15,53,53,NA,NA,34,21,10,11,0.4,0.4
2026-04-13T0600,3036A,118.6903,37.4337,东营市,开发区管委会,,34,34,39,22,14,63,63,NA,NA,31,23,13,11,0.6,0.6
2026-04-13T0600,3365A,118.5721,37.5654,东营市,垦利区民丰路,,31,31,32,17,12,55,55,NA,NA,38,26,7,6,0.8,0.6
2026-04-13T0600,3498A,118.5063,37.8606,东营市,河口城区,细颗粒物(PM2.5),54,46,46,37,24,62,62,NA,NA,24,20,10,15,0.8,0.8
2026-04-13T0600,3646A,118.4979,37.4623,东营市,胜利站,NA,NA,NA,37,NA,11,NA,NA,156,NA,NA,22,NA,10,NA,0.6
2026-04-13T0600,3734A,118.5753,37.4405,东营市,理想之城,,31,31,34,16,11,44,44,NA,NA,44,31,5,7,0.5,0.5
2026-04-13T0600,1591A,110.0024,39.8127,鄂尔多斯市,综合楼,,40,36,135,17,28,128,128,NA,NA,10,18,6,8,0.4,0.3
2026-04-13T0600,1592A,109.9485,39.8259,鄂尔多斯市,巴音孟克林场办事处,,41,39,116,20,21,130,130,NA,NA,8,13,4,5,0.3,0.4
2026-04-13T0600,1593A,109.7734,39.5987,鄂尔多斯市,康泽苑,NA,NA,39,116,13,22,120,120,NA,NA,11,15,NA,9,0.3,0.3
2026-04-13T0600,1594A,109.8121,39.5987,鄂尔多斯市,华泰汽车城,颗粒物(PM10),51,51,112,22,23,99,99,NA,NA,17,18,8,8,0.4,0.4
2026-04-13T0600,1595A,109.9734,39.7884,鄂尔多斯市,奥林花园,,39,39,126,18,19,100,100,NA,NA,26,21,5,5,0.5,0.4
2026-04-13T0600,2436A,114.894,30.3989,鄂州市,市政府,,36,36,49,17,25,38,38,NA,NA,29,26,12,10,0.9,0.7
2026-04-13T0600,2437A,114.8986,30.3714,鄂州市,赵家坝,,38,38,46,19,25,31,31,NA,NA,20,12,12,10,0.7,0.6
2026-04-13T0600,3654A,114.8093,30.4091,鄂州市,精准医疗中心,,47,47,43,26,24,21,21,NA,NA,39,14,13,5,1.3,0.8
2026-04-13T0600,2454A,109.4978,30.2979,恩施土家族苗族自治州,湖北民院,,25,23,28,17,16,12,12,NA,NA,9,13,7,7,0.6,0.6
2026-04-13T0600,3549A,109.5061,30.3771,恩施土家族苗族自治州,龙凤新区,,18,18,22,3,13,4,4,NA,NA,1,5,6,7,0.5,0.4
2026-04-13T0600,2499A,108.3411,21.6159,防城港市,沙万,颗粒物(PM10),59,62,67,35,34,54,54,NA,NA,26,17,6,7,0.8,0.8
2026-04-13T0600,2500A,108.3515,21.7733,防城港市,防城档案局,细颗粒物(PM2.5),62,56,55,41,36,24,24,NA,NA,12,6,8,7,0.9,0.8
2026-04-13T0600,2501A,108.3506,21.6414,防城港市,大海花园,颗粒物(PM10),54,55,55,33,39,50,50,NA,NA,28,20,7,8,0.6,0.6
2026-04-13T0600,1371A,113.1293,23.0065,佛山市,湾梁,,19,19,30,13,19,14,14,NA,NA,20,15,/,/,/,/
2026-04-13T0600,1372A,113.1082,23.0477,佛山市,华材职中,,20,14,30,14,20,25,25,NA,NA,16,16,4,5,0.3,0.4
2026-04-13T0600,1373A,113.1439,23.045,佛山市,南海气象局,,24,24,42,13,22,19,19,NA,NA,20,18,/,/,/,/
2026-04-13T0600,1374A,113.2879,22.8094,佛山市,顺德苏岗,,36,36,35,16,17,16,16,NA,NA,17,12,/,/,0.6,0.6
2026-04-13T0600,1376A,112.8384,22.8678,佛山市,高明孔堂,,28,28,30,13,17,41,41,NA,NA,10,8,/,/,/,/
2026-04-13T0600,1377A,112.8835,23.1584,佛山市,三水监测站,,22,17,30,15,22,24,24,NA,NA,20,25,2,4,0.3,0.4
2026-04-13T0600,1378A,112.8668,23.185,佛山市,三水云东海,,37,37,50,13,21,23,23,NA,NA,20,21,/,/,/,/
2026-04-13T0600,3625A,113.2568,22.7629,佛山市,容桂街道办,,22,17,23,15,17,28,28,NA,NA,16,13,/,/,/,/
2026-04-13T0600,1282A,119.2681,26.0506,福州市,师大,NA,NA,23,40,10,18,59,59,NA,NA,9,16,NA,4,0.4,0.4
2026-04-13T0600,1283A,119.2983,26.1028,福州市,五四北路,,20,20,42,10,21,46,46,NA,NA,14,16,4,4,0.4,0.3
2026-04-13T0600,1284A,119.2648,26.0769,福州市,杨桥西路,NA,NA,20,38,10,20,59,59,NA,NA,10,16,NA,4,/,/
2026-04-13T0600,3048A,119.5799,26.0937,福州市,九龙,NA,NA,NA,33,35,22,33,33,NA,NA,16,14,NA,5,0.6,0.4
2026-04-13T0600,3526A,119.5188,25.9666,福州市,吴航,NA,NA,55,37,38,23,23,23,NA,NA,23,16,NA,5,0.7,0.5
2026-04-13T0600,4104A,119.3106,26.0648,福州市,路通桥巷6号,,23,18,32,16,22,60,60,NA,NA,8,13,/,/,/,/
2026-04-13T0600,1755A,123.7974,41.8494,抚顺市,望花区,,48,48,96,18,25,61,61,NA,NA,16,14,7,10,0.6,0.7
2026-04-13T0600,1756A,123.9161,41.8827,抚顺市,顺城区,,41,41,84,25,22,48,48,NA,NA,23,16,11,11,0.5,0.5
2026-04-13T0600,1757A,124.0437,41.8615,抚顺市,东洲区,,37,37,86,14,20,52,52,NA,NA,20,15,9,9,0.4,0.5
2026-04-13T0600,1758A,123.9246,41.8638,抚顺市,新抚区,,39,39,95,3,23,54,54,NA,NA,25,15,7,9,0.5,0.6
2026-04-13T0600,1759A,124.0972,41.8961,抚顺市,大伙房水库,NA,NA,33,82,6,18,69,69,NA,NA,15,9,NA,9,0.2,0.4
2026-04-13T0600,1760A,123.708,41.8386,抚顺市,沈抚新城,,41,41,101,6,24,64,64,NA,NA,13,15,8,10,0.4,0.6
2026-04-13T0600,2377A,116.3544,27.9833,抚州市,市站,,34,34,31,23,23,44,44,NA,NA,11,9,7,6,1.0,1
2026-04-13T0600,2378A,116.3562,27.9631,抚州市,血防站,NA,NA,33,31,15,22,43,43,NA,NA,10,9,NA,8,0.8,0.8
2026-04-13T0600,2379A,116.3561,28.0007,抚州市,采茶剧团,,37,37,33,19,20,41,41,NA,NA,6,4,10,10,0.9,0.9
2026-04-13T0600,2380A,116.3854,27.9648,抚州市,医学分院,,35,35,35,21,18,38,38,NA,NA,10,8,7,10,1.3,1.3
2026-04-13T0600,2207A,121.6095,41.9978,阜新市,工业园区,,35,35,69,7,18,66,66,NA,NA,12,12,24,15,0.3,0.4
2026-04-13T0600,2208A,121.6567,42.0188,阜新市,长青街,,20,14,56,3,16,63,63,NA,NA,15,15,18,11,0.3,0.4
2026-04-13T0600,2209A,121.6672,42.07,阜新市,农业园区,,22,19,68,3,15,70,70,NA,NA,10,13,11,7,0.4,0.4
2026-04-13T0600,2211A,121.6343,42.0455,阜新市,玉龙新城,,32,32,64,3,14,54,54,NA,NA,22,14,14,9,0.3,0.4
2026-04-13T0600,2301A,115.8276,32.8929,阜阳市,市监测站,,26,26,45,16,27,74,74,NA,NA,10,14,5,5,0.2,0.3
2026-04-13T0600,2303A,115.8551,32.8606,阜阳市,开发区,,30,30,53,16,28,70,70,NA,NA,11,13,6,6,0.4,0.5
2026-04-13T0600,2875A,115.783962,32.889217,阜阳市,阜阳职业技术学院,,26,NA,42,16,25,81,81,NA,NA,5,8,6,7,0.4,0.5
2026-04-13T0600,3468A,115.79,32.8614,阜阳市,市规划展馆,,29,NA,48,20,32,76,76,NA,NA,6,10,7,8,0.5,0.6
2026-04-13T0600,3469A,115.835101,32.918568,阜阳市,枣园社区,,30,27,45,21,31,69,69,NA,NA,6,10,7,6,0.3,0.4
2026-04-13T0600,2669A,102.9097,34.9841,甘南藏族自治州,州政府,,30,30,40,17,21,38,38,NA,NA,9,12,1,2,0.4,0.3
2026-04-13T0600,3380A,102.8915,34.9618,甘南藏族自治州,甘肃民族师范学院,,37,37,47,21,18,42,42,NA,NA,13,11,3,2,0.1,0.3
2026-04-13T0600,2570A,101.96,30.048,甘孜藏族自治州,水桥子,,17,6,8,3,2,52,52,NA,NA,10,9,6,6,0.2,0.2
2026-04-13T0600,3065A,101.9534,29.9976,甘孜藏族自治州,州环保局,,22,6,10,3,3,68,68,NA,NA,9,13,4,4,0.3,0.2
2026-04-13T0600,2363A,114.9368,25.8663,赣州市,地委,NA,NA,27,28,22,18,80,80,NA,NA,4,9,NA,2,0.8,0.9
2026-04-13T0600,2364A,114.946,25.8483,赣州市,气象台,,34,34,33,22,19,84,84,NA,NA,7,11,8,5,0.7,0.8
2026-04-13T0600,2365A,114.932,25.8332,赣州市,市图书馆,,28,19,26,18,20,89,89,NA,NA,6,11,3,4,0.7,0.8
2026-04-13T0600,2366A,114.8905,25.8472,赣州市,华坚鞋城,,26,24,28,18,20,81,81,NA,NA,8,13,6,5,0.8,0.9
2026-04-13T0600,3109A,115.0094,25.8614,赣州市,赣县区卫计委,,24,20,24,16,16,76,76,NA,NA,4,7,3,3,0.6,0.7
2026-04-13T0600,2684A,106.2753,36.0057,固原市,监测站,颗粒物(PM10),62,66,45,26,18,49,49,NA,NA,14,12,5,6,0.5,0.4
2026-04-13T0600,2685A,106.2384,36.0189,固原市,新区,,28,28,49,13,16,10,10,NA,NA,22,14,4,5,0.5,0.4
2026-04-13T0600,2544A,106.6307,30.4577,广安市,市委,NA,NA,NA,26,26,23,NA,NA,NA,NA,10,9,6,6,0.4,0.4
2026-04-13T0600,2545A,106.6266,30.4662,广安市,友谊中学,,35,27,25,24,18,51,51,NA,NA,8,10,7,8,0.6,0.5
2026-04-13T0600,2547A,106.6386,30.4551,广安市,广电花园,,35,35,32,24,23,39,39,NA,NA,9,12,6,6,0.4,0.4
2026-04-13T0600,2902A,106.6347,30.4868,广安市,北辰小学,,39,27,29,27,21,51,51,NA,NA,7,9,20,13,0.5,0.4
2026-04-13T0600,2524A,105.8211,32.4444,广元市,老城,,25,13,28,3,8,77,77,NA,NA,8,22,1,2,0.5,0.6
2026-04-13T0600,2526A,105.8629,32.429,广元市,监测站,NA,NA,20,29,3,7,NA,NA,NA,NA,10,15,4,3,0.5,0.5
2026-04-13T0600,3617A,105.8047,32.4167,广元市,经开区,NA,NA,NA,26,NA,13,NA,NA,105,NA,NA,21,NA,5,NA,0.4
2026-04-13T0600,1345A,113.2346,23.1423,广州市,广雅中学,,23,23,30,9,15,21,21,NA,NA,16,18,2,1,0.5,0.6
2026-04-13T0600,1346A,113.2611,23.105,广州市,市五中,,19,19,28,12,19,25,25,NA,NA,18,19,2,2,/,/
2026-04-13T0600,1348A,113.3477,23.0916,广州市,广东商学院,,22,22,28,11,16,16,16,NA,NA,28,20,4,4,0.0,0.2
2026-04-13T0600,1349A,113.4332,23.105,广州市,市八十六中,,19,17,23,9,11,11,11,NA,NA,38,28,6,6,/,/
2026-04-13T0600,1350A,113.3506,22.9488,广州市,番禺中学,,24,24,31,9,14,27,27,NA,NA,15,16,4,4,0.4,0.5
2026-04-13T0600,1351A,113.2147,23.3918,广州市,花都师范,,27,27,34,10,17,24,24,NA,NA,25,24,6,6,0.7,0.7
2026-04-13T0600,1352A,113.2599,23.1329,广州市,市监测站,,22,22,19,10,11,25,25,NA,NA,11,11,2,2,/,/
2026-04-13T0600,1353A,113.5618,23.3119,广州市,九龙镇镇龙,,33,33,36,15,18,8,8,NA,NA,27,25,6,6,0.4,0.4
2026-04-13T0600,1354A,113.2764,23.1544,广州市,麓湖,,22,22,28,10,14,30,30,NA,NA,13,14,4,4,0.5,0.5
2026-04-13T0600,2846A,113.3209,23.1323,广州市,体育西,,23,23,32,10,14,19,19,NA,NA,22,20,5,5,0.5,0.5
2026-04-13T0600,3298A,113.5718,23.5493,广州市,从化街口,,29,29,35,15,20,23,23,NA,NA,16,15,7,7,0.5,0.6
2026-04-13T0600,3299A,113.3463,23.369,广州市,白云竹料,,37,37,38,13,18,22,22,NA,NA,22,22,4,3,0.5,0.6
2026-04-13T0600,3300A,113.2981,23.2365,广州市,白云嘉禾,,25,25,30,10,14,17,17,NA,NA,29,26,10,10,/,/
2026-04-13T0600,3301A,113.4256,23.1716,广州市,黄埔科学城,,28,28,31,11,14,18,18,NA,NA,28,27,9,7,0.7,0.6
2026-04-13T0600,3302A,113.3942,23.0485,广州市,番禺大学城,,20,20,24,9,10,24,24,NA,NA,29,18,5,4,0.5,0.5
2026-04-13T0600,3303A,113.4923,22.8169,广州市,南沙黄阁,,24,24,28,9,11,40,40,NA,NA,8,8,5,5,/,/
2026-04-13T0600,3304A,113.534,22.7893,广州市,南沙街,,21,21,28,9,10,30,30,NA,NA,15,13,5,5,0.3,0.3
2026-04-13T0600,3443A,113.2905,23.5541,广州市,花都梯面,,26,26,30,13,16,24,24,NA,NA,18,16,8,8,/,/
2026-04-13T0600,3445A,113.786,23.7479,广州市,从化良口,,24,24,29,14,19,11,11,NA,NA,15,14,4,4,/,/
2026-04-13T0600,3446A,113.805,23.2614,广州市,增城荔城,,33,33,38,13,18,18,18,NA,NA,20,19,6,5,0.4,0.4
2026-04-13T0600,2506A,109.604387,23.066791,贵港市,江南子站,,39,39,71,21,40,39,39,NA,NA,14,15,8,14,0.7,0.8
2026-04-13T0600,2508A,109.5669,23.1065,贵港市,荷城子站,,41,41,58,24,40,38,38,NA,NA,16,16,10,14,0.9,0.9
2026-04-13T0600,3405A,109.5886,23.1172,贵港市,新世纪学校,,44,44,60,25,40,37,37,NA,NA,16,18,/,/,0.5,0.7
2026-04-13T0600,4260A,109.5933,23.095,贵港市,中山路155-3号,,48,48,70,25,42,37,37,NA,NA,13,14,/,/,0.9,0.8
2026-04-13T0600,1439A,106.6863,26.6035,贵阳市,马鞍山,,26,22,31,18,22,23,23,NA,NA,8,10,3,3,/,/
2026-04-13T0600,1441A,106.6241,26.6266,贵阳市,鉴湖路,,39,39,43,23,22,42,42,NA,NA,8,9,5,5,0.9,0.7
2026-04-13T0600,1442A,106.7468,26.6344,贵阳市,燕子冲,,20,19,38,14,21,40,40,NA,NA,7,8,4,5,1.3,1.1
2026-04-13T0600,1443A,106.6556,26.4362,贵阳市,碧云窝,颗粒物(PM10),68,75,54,38,25,96,96,NA,NA,6,10,7,6,/,/
2026-04-13T0600,1445A,106.6963,26.6063,贵阳市,红边门,,29,29,42,16,25,41,41,NA,NA,7,8,5,5,/,/
2026-04-13T0600,1446A,106.7162383,26.56964667,贵阳市,新华路,,46,46,48,21,24,44,44,NA,NA,8,10,3,16,0.4,0.4
2026-04-13T0600,1447A,106.6742,26.542,贵阳市,太慈桥,,33,31,35,23,23,29,29,NA,NA,11,10,4,3,/,/
2026-04-13T0600,4230A,106.688212,26.56952,贵阳市,花果园大街66号,,26,19,25,18,23,41,41,NA,NA,10,9,2,3,/,/
2026-04-13T0600,4231A,106.687268,26.516892,贵阳市,漓江路57号,,35,NA,27,24,24,36,36,NA,NA,10,11,5,6,0.9,0.8
2026-04-13T0600,1864A,110.3091,25.2705,桂林市,龙隐路小学,,11,11,21,3,11,34,34,NA,NA,6,10,3,3,0.6,0.6
2026-04-13T0600,1865A,110.2849361,25.22909545,桂林市,八中,,12,12,22,3,10,31,31,NA,NA,9,13,3,3,0.7,0.7
2026-04-13T0600,3531A,110.296,25.1254,桂林市,旅游学院,,26,26,33,14,22,27,27,NA,NA,6,12,6,6,0.8,0.8
2026-04-13T0600,4222A,110.1835,25.2444,桂林市,环湖路276号,NA,NA,NA,16,1,11,36,36,NA,NA,7,8,4,5,0.6,0.5
2026-04-13T0600,4301A,110.2803,25.2773,桂林市,信义路13号,,14,6,18,3,10,42,42,NA,NA,8,11,3,4,0.7,0.8
2026-04-13T0600,2674A,100.2262,34.4854,果洛藏族自治州,玛沁县大武镇,,28,28,28,12,13,75,75,NA,NA,3,2,21,20,0.3,0.4
2026-04-13T0600,1130A,126.5557,45.8109,哈尔滨市,松北商大,,23,23,37,7,19,50,50,NA,NA,13,13,9,9,0.3,0.3
2026-04-13T0600,1132A,126.6162,45.719,哈尔滨市,南岗学府路,,20,20,43,3,12,61,61,NA,NA,5,12,2,5,0.5,0.5
2026-04-13T0600,1133A,126.6894,45.7733,哈尔滨市,太平宏伟公园,,20,6,45,3,14,63,63,NA,NA,7,17,5,7,0.2,0.3
2026-04-13T0600,1134A,126.6361,45.7672,哈尔滨市,道外承德广场,,40,40,61,3,12,61,61,NA,NA,8,17,6,8,1.0,0.5
2026-04-13T0600,1136A,126.644,45.7261,哈尔滨市,动力和平路,,24,24,44,3,13,54,54,NA,NA,11,14,4,5,0.6,0.6
2026-04-13T0600,1137A,126.5933,45.7479,哈尔滨市,道里建国路,,19,9,40,3,14,59,59,NA,NA,13,22,1,4,0.1,0.3
2026-04-13T0600,1138A,126.6127,45.6119,哈尔滨市,平房东轻厂,,37,22,32,8,14,30,30,NA,NA,73,71,4,4,0.6,0.5
2026-04-13T0600,1139A,126.5875,45.9827,哈尔滨市,呼兰师专,,24,24,35,12,12,48,48,NA,NA,11,17,8,9,0.1,0.1
2026-04-13T0600,1140A,126.6299,45.6799,哈尔滨市,省农科院,,38,38,80,8,19,40,40,NA,NA,22,21,6,7,0.6,0.4
2026-04-13T0600,4282A,126.6769,45.7379,哈尔滨市,华山路1号,NA,NA,NA,56,NA,11,NA,NA,88,NA,NA,13,NA,5,NA,0.3
2026-04-13T0600,4283A,126.9717,45.5356,哈尔滨市,解放大街52号,,23,23,43,3,11,50,50,NA,NA,10,16,4,8,0.6,0.5
2026-04-13T0600,2688A,93.5124,42.8176,哈密市,地区监测站,细颗粒物(PM2.5),76,NA,25,48,11,90,90,NA,NA,3,5,8,10,0.1,0.2
2026-04-13T0600,2689A,93.5014,42.8312,哈密市,哈密师范学校,,41,41,32,7,8,94,94,NA,NA,4,7,7,8,0.1,0.1
2026-04-13T0600,2671A,100.9016,36.9464,海北藏族自治州,海晏县西海镇,,42,NA,33,29,21,88,88,NA,NA,2,2,7,9,0.5,0.4
2026-04-13T0600,3867A,102.074,36.5056,海东市,平安区公安局北苑,颗粒物(PM10),58,60,55,28,25,45,45,NA,NA,6,12,5,10,0.5,0.5
2026-04-13T0600,4163A,102.0984,36.5119,海东市,滨河路,,48,48,51,31,26,24,24,NA,NA,27,31,9,8,0.6,0.6
2026-04-13T0600,1410A,110.3189,20.0596,海口市,海南大学,,42,42,42,24,25,74,74,NA,NA,5,6,5,5,0.4,0.4
2026-04-13T0600,1411A,110.2827,20.0051,海口市,秀英海南医院,,36,30,35,25,26,65,65,NA,NA,5,8,7,8,0.3,0.3
2026-04-13T0600,1412A,110.3391,19.9979,海口市,海南师范大学,,33,32,42,23,26,66,66,NA,NA,5,7,6,6,0.4,0.4
2026-04-13T0600,1413A,110.3303,20.0359,海口市,龙华路环保局宿舍,,35,35,41,23,26,72,72,NA,NA,6,8,/,/,0.5,0.5
2026-04-13T0600,3539A,110.5111,19.9737,海口市,桂林洋子站,,34,34,37,20,22,67,67,NA,NA,4,8,/,/,/,/
2026-04-13T0600,4134A,110.1952,20.0451,海口市,长滨二路9号,,39,32,48,27,31,73,73,NA,NA,3,7,/,/,/,/
2026-04-13T0600,2673A,100.6158,36.2985,海南藏族自治州,共和县恰卜恰镇,,38,38,42,17,20,105,105,NA,NA,1,3,6,9,0.3,0.3
2026-04-13T0600,2676A,97.373,37.376,海西蒙古族藏族自治州,德令哈市,,35,18,27,13,14,112,112,NA,NA,2,10,10,13,0.4,0.4
2026-04-13T0600,1049A,114.492,36.5712,邯郸市,矿院,细颗粒物(PM2.5),58,59,61,39,35,53,53,NA,NA,17,14,6,8,0.5,0.4
2026-04-13T0600,1050A,114.4839,36.6136,邯郸市,丛台公园,细颗粒物(PM2.5),72,46,55,46,39,73,73,NA,NA,13,12,14,11,0.4,0.4
2026-04-13T0600,3458A,114.7893,36.5592,邯郸市,香泉濮院小区,细颗粒物(PM2.5),56,54,67,38,41,72,72,NA,NA,14,13,4,2,0.3,0.4
2026-04-13T0600,3580A,114.1998,36.4439,邯郸市,峰峰矿区临水派出所,颗粒物(PM10),54,55,55,34,33,75,75,NA,NA,13,12,8,10,0.4,0.5
2026-04-13T0600,4068A,114.5209,36.7697,邯郸市,建安街268号,细颗粒物(PM2.5),54,48,64,37,36,68,68,NA,NA,16,21,2,2,0.3,0.4
2026-04-13T0600,4069A,114.5488,36.6177,邯郸市,丛台东路558号,颗粒物(PM10),60,63,65,36,40,60,60,NA,NA,16,14,3,3,0.4,0.4
2026-04-13T0600,2635A,107.0155,33.0707,汉中市,市监测站,,25,22,32,17,17,25,25,NA,NA,15,7,4,5,0.4,0.4
2026-04-13T0600,2636A,107.0083,33.114,汉中市,鑫源开发区,,33,33,30,20,17,23,23,NA,NA,21,12,5,6,0.3,0.3
2026-04-13T0600,2637A,107.0072,33.0323,汉中市,南郑大河坎水厂,,25,25,29,15,16,12,12,NA,NA,23,12,4,4,0.4,0.5
2026-04-13T0600,1223A,120.2073,30.2111,杭州市,滨江,,49,49,50,30,30,41,41,NA,NA,13,23,6,7,0.8,0.8
2026-04-13T0600,1224A,120.0625,30.2737,杭州市,西溪,,33,30,37,23,23,32,32,NA,NA,8,16,8,8,0.8,0.8
2026-04-13T0600,1226A,120.3417,30.315,杭州市,下沙,颗粒物(PM10),63,68,63,31,29,42,42,NA,NA,14,18,7,7,0.7,0.7
2026-04-13T0600,1227A,120.1252,30.2465,杭州市,卧龙桥,,33,33,43,21,25,17,17,NA,NA,19,24,6,7,0.3,0.3
2026-04-13T0600,1228A,120.1902,30.2691,杭州市,浙江农大,,32,25,37,22,28,39,39,NA,NA,15,28,7,7,0.2,0.2
2026-04-13T0600,1230A,120.1195,30.3121,杭州市,和睦小学,颗粒物(PM10),58,60,56,26,27,45,45,NA,NA,13,21,5,6,0.5,0.5
2026-04-13T0600,1231A,120.3076,30.4146,杭州市,临平镇,NA,NA,48,43,33,26,57,57,NA,NA,13,19,NA,6,0.4,0.4
2026-04-13T0600,1232A,120.2753,30.1839,杭州市,城厢镇,,39,36,43,27,29,35,35,NA,NA,17,26,5,5,0.6,0.6
2026-04-13T0600,1233A,120.0883,30.1808,杭州市,云栖,,25,24,36,17,23,8,8,NA,NA,14,22,7,6,0.6,0.6
2026-04-13T0600,3557A,119.9463,30.0496,杭州市,镇二中,,46,34,36,32,28,50,50,NA,NA,12,17,4,4,0.6,0.6
2026-04-13T0600,3558A,119.7184,30.2367,杭州市,市府大楼,,38,NA,31,26,26,44,44,NA,NA,8,14,6,6,0.6,0.5
2026-04-13T0600,3656A,120.1554,30.2863,杭州市,消防大队,,46,46,52,21,28,41,41,NA,NA,19,26,5,4,0.7,0.7
2026-04-13T0600,1270A,117.1957,31.7845,合肥市,明珠广场,,34,34,29,21,15,60,60,NA,NA,11,16,6,6,0.6,0.6
2026-04-13T0600,1271A,117.307,31.8765,合肥市,三里街,,36,36,28,19,15,58,58,NA,NA,12,19,6,6,0.5,0.6
2026-04-13T0600,1272A,117.2587,31.8703,合肥市,琥珀山庄,,34,34,26,19,14,62,62,NA,NA,14,19,6,6,0.5,0.6
2026-04-13T0600,1275A,117.2593,31.9376,合肥市,庐阳区,,31,31,30,18,14,66,66,NA,NA,10,16,6,5,0.7,0.8
2026-04-13T0600,1276A,117.345251,31.861615,合肥市,瑶海区,,39,39,30,17,14,64,64,NA,NA,8,16,6,6,0.7,0.8
2026-04-13T0600,1277A,117.3033,31.7967,合肥市,包河区,,34,34,32,17,13,51,51,NA,NA,20,34,8,8,0.7,0.8
2026-04-13T0600,1278A,117.278,31.7392,合肥市,滨湖新区,,41,41,33,19,15,58,58,NA,NA,8,13,6,5,0.5,0.6
2026-04-13T0600,1279A,117.1324,31.8395,合肥市,高新区,,34,34,33,18,15,60,60,NA,NA,6,12,4,5,0.5,0.6
2026-04-13T0600,3464A,117.3802,31.9148,合肥市,高教基地,,36,36,27,16,12,68,68,NA,NA,8,12,8,8,0.5,0.5
2026-04-13T0600,4098A,117.2518,31.8404,合肥市,中国科学技术大学,,25,24,25,17,13,64,64,NA,NA,7,11,5,5,0.6,0.7
2026-04-13T0600,3614A,79.9241,37.0878,和田地区,地区环保局,"颗粒物(PM10),细颗粒物(PM2.5)",500,2298,1054,880,466,92,92,NA,NA,2,2,3,3,0.3,0.3
2026-04-13T0600,3615A,79.9132,37.1137,和田地区,市环保局,"颗粒物(PM10),细颗粒物(PM2.5)",500,1994,844,822,276,80,80,NA,NA,3,5,3,4,0.2,0.3
2026-04-13T0600,2517A,108.0496,24.6957,河池市,市环保站,细颗粒物(PM2.5),86,58,67,53,54,47,47,NA,NA,4,8,9,7,0.9,0.9
2026-04-13T0600,4302A,108.0901,24.6945,河池市,上任中路54号,NA,NA,NA,70,NA,48,NA,NA,NA,NA,NA,12,NA,8,NA,0.9
2026-04-13T0600,1697A,114.6962,23.7538,河源市,东埔,,24,24,28,13,18,34,34,NA,NA,7,10,11,6,0.5,0.5
2026-04-13T0600,1698A,114.6895,23.7232,河源市,老城,,28,22,32,19,20,32,32,NA,NA,7,11,12,7,0.5,0.5
2026-04-13T0600,3374A,115.5562,35.089,菏泽市,定陶老年大学,NA,NA,48,58,25,29,58,58,NA,NA,19,20,NA,6,0.4,0.3
2026-04-13T0600,4114A,115.4239,35.2593,菏泽市,黄河路600号,,49,49,60,23,24,78,78,NA,NA,11,12,3,4,0.4,0.4
2026-04-13T0600,4115A,115.5025,35.2727,菏泽市,菏泽市人社局,NA,NA,38,53,22,27,66,66,NA,NA,9,12,NA,8,0.4,0.3
2026-04-13T0600,4184A,115.479691,35.244011,菏泽市,永昌路1号,,45,45,60,25,27,79,79,NA,NA,14,17,4,4,0.4,0.3
2026-04-13T0600,4193A,115.471542,35.280012,菏泽市,长城路999号,,35,35,56,19,25,79,79,NA,NA,10,13,6,6,0.3,0.3
2026-04-13T0600,2514A,111.5264,24.4178,贺州市,环保小区,,36,36,50,21,31,47,47,NA,NA,10,17,8,7,0.3,0.5
2026-04-13T0600,2515A,111.561,24.4074,贺州市,政协大楼,,35,35,40,22,30,53,53,NA,NA,9,12,10,9,0.6,0.7
2026-04-13T0600,3534A,111.4744,24.455,贺州市,西湾,,50,50,57,22,30,40,40,NA,NA,15,15,10,9,0.5,0.7
2026-04-13T0600,2385A,114.17,35.9019,鹤壁市,市监测站,细颗粒物(PM2.5),62,52,65,41,47,70,70,NA,NA,14,16,5,7,0.9,0.6
2026-04-13T0600,2386A,114.2953,35.7512,鹤壁市,市交警支队,颗粒物(PM10),59,62,73,37,45,38,38,NA,NA,27,18,7,8,0.6,0.7
2026-04-13T0600,2387A,114.2877,35.7302,鹤壁市,迎宾馆,颗粒物(PM10),71,79,81,43,47,47,47,NA,NA,14,14,5,6,0.6,0.6
2026-04-13T0600,3474A,114.2616,35.6824,鹤壁市,大新区,细颗粒物(PM2.5),88,NA,67,54,49,53,53,NA,NA,16,20,8,8,0.7,0.7
2026-04-13T0600,3596A,114.1573,35.9607,鹤壁市,南山宾馆,颗粒物(PM10),74,83,96,43,48,71,71,NA,NA,16,16,8,10,0.6,0.6
2026-04-13T0600,2244A,130.2537,47.3416,鹤岗市,哈啤分公司,,28,28,22,10,11,75,75,NA,NA,7,8,8,9,0.1,0.2
2026-04-13T0600,2245A,130.2683,47.3087,鹤岗市,斯达机电,,24,24,26,14,12,75,75,NA,NA,5,7,10,11,0.3,0.3
2026-04-13T0600,2246A,130.3114,47.3388,鹤岗市,东山纸板厂,,31,31,32,8,13,80,80,NA,NA,6,8,6,8,0.3,0.4
2026-04-13T0600,2263A,127.4832,50.2524,黑河市,交通局,,23,NA,18,12,12,71,71,NA,NA,1,6,5,6,0.3,0.3
2026-04-13T0600,2264A,127.5146,50.2339,黑河市,环保局,,24,NA,14,9,10,75,75,NA,NA,7,11,6,8,0.2,0.2
2026-04-13T0600,1074A,115.6839,37.754,衡水市,电机北厂,,45,45,84,23,42,97,97,NA,NA,14,23,4,5,0.3,0.4
2026-04-13T0600,1075A,115.6303,37.7318,衡水市,市监测站,颗粒物(PM10),63,67,81,29,39,79,79,NA,NA,19,21,4,6,0.4,0.5
2026-04-13T0600,3188A,115.6684,37.7216,衡水市,市城管局,,50,50,77,28,41,93,93,NA,NA,16,20,5,5,0.3,0.4
2026-04-13T0600,3459A,115.599,37.5491,衡水市,地表水厂,颗粒物(PM10),65,70,84,40,39,47,47,NA,NA,28,34,5,5,0.3,0.4
2026-04-13T0600,2457A,112.6209,26.9268,衡阳市,衡阳化工总厂,NA,NA,NA,50,20,22,30,30,NA,NA,8,8,4,10,0.7,0.7
2026-04-13T0600,2458A,112.621,26.8957,衡阳市,珠晖区环保局,,25,18,30,17,20,32,32,NA,NA,12,14,7,11,1.0,0.9
2026-04-13T0600,2459A,112.628,26.8654,衡阳市,市委党校,,28,NA,26,19,24,33,33,NA,NA,8,5,8,12,1.1,0.9
2026-04-13T0600,2460A,112.6007,26.8977,衡阳市,市监测站,NA,NA,25,33,18,23,NA,NA,NA,NA,12,13,6,12,0.9,0.9
2026-04-13T0600,2461A,112.5658,26.9013,衡阳市,真空机电公司,,26,NA,33,18,25,41,41,NA,NA,10,13,6,13,1.1,1.1
2026-04-13T0600,3399A,112.6703,26.8817,衡阳市,师范学院,,28,28,32,16,22,37,37,NA,NA,13,11,5,12,0.9,0.8
2026-04-13T0600,3038A,103.3757,23.3679,红河哈尼族彝族自治州,州图书馆,细颗粒物(PM2.5),62,52,51,41,31,99,99,NA,NA,8,9,5,9,0.3,0.3
2026-04-13T0600,4154A,103.401,23.3561,红河哈尼族彝族自治州,蒙自市朝阳路,,50,48,38,35,29,87,87,NA,NA,13,11,4,8,0.4,0.4
2026-04-13T0600,1090A,111.6506,40.7517,呼和浩特市,呼市一监,,44,44,33,15,13,94,94,NA,NA,13,10,6,6,0.5,0.4
2026-04-13T0600,1094A,111.7516,40.8369,呼和浩特市,如意水处理厂,,44,44,36,14,13,88,88,NA,NA,20,13,7,7,0.3,0.3
2026-04-13T0600,1095A,111.727798,40.806187,呼和浩特市,二十九中,,43,43,35,19,11,93,93,NA,NA,8,7,8,8,0.5,0.4
2026-04-13T0600,1097A,111.717,40.7617,呼和浩特市,化肥厂生活区,,48,43,42,33,24,99,99,NA,NA,11,10,7,7,0.4,0.3
2026-04-13T0600,3699A,111.6519,40.8389,呼和浩特市,海东办,,29,29,29,16,8,86,86,NA,NA,12,9,5,4,0.4,0.3
2026-04-13T0600,4275A,111.591512,40.827312,呼和浩特市,成吉思汗西街8号,,34,34,33,11,8,65,65,NA,NA,31,15,5,5,0.4,0.3
2026-04-13T0600,4276A,111.6597,40.8077,呼和浩特市,公园东路75号,NA,NA,31,35,21,12,88,88,NA,NA,NA,11,4,4,0.4,0.3
2026-04-13T0600,4277A,111.5427,40.7846,呼和浩特市,金海路35号,NA,NA,29,32,14,9,76,76,NA,NA,24,14,NA,5,0.3,0.3
2026-04-13T0600,3061A,119.7511,49.1576,呼伦贝尔市,国华电力东,,26,26,19,15,11,42,42,NA,NA,8,7,5,5,0.3,0.2
2026-04-13T0600,4279A,119.7569,49.2222,呼伦贝尔市,伊敏大街东7号,,19,18,25,12,9,59,59,NA,NA,7,6,7,5,0.2,0.3
2026-04-13T0600,1250A,120.075,30.867,湖州市,城西水厂,,25,19,29,16,20,80,80,NA,NA,12,16,4,4,0.4,0.4
2026-04-13T0600,2873A,120.083,30.8929,湖州市,仁皇山新区,,25,20,29,17,19,75,75,NA,NA,8,14,4,4,0.5,0.5
2026-04-13T0600,2907A,120.1846,30.8592,湖州市,吴兴区站,NA,NA,27,34,18,22,73,73,NA,NA,9,15,NA,5,0.3,0.3
2026-04-13T0600,3562A,120.4146,30.8538,湖州市,南浔区站,NA,NA,32,38,23,25,67,67,NA,NA,8,12,NA,4,0.5,0.5
2026-04-13T0600,1607A,120.904878,40.721091,葫芦岛市,龙港区,颗粒物(PM10),68,74,118,11,66,72,72,NA,NA,17,34,15,48,0.4,0.7
2026-04-13T0600,1608A,120.8382,40.7521,葫芦岛市,化工街,,36,36,127,3,71,60,60,NA,NA,18,43,8,16,0.3,0.8
2026-04-13T0600,1609A,120.8339,40.7078,葫芦岛市,新区,,27,27,107,3,76,66,66,NA,NA,14,35,9,24,0.5,1
2026-04-13T0600,1610A,120.8697,40.7679,葫芦岛市,东城区,,21,21,101,10,69,55,55,NA,NA,25,49,10,15,0.5,1
2026-04-13T0600,2483A,109.9297,27.5383,怀化市,河西地税局,,26,26,28,14,14,47,47,NA,NA,6,8,5,5,/,/
2026-04-13T0600,2484A,109.9783,27.5342,怀化市,市四医院,,36,36,34,20,16,42,42,NA,NA,6,7,4,3,0.4,0.4
2026-04-13T0600,2485A,109.9971,27.5579,怀化市,监测楼,NA,NA,NA,NA,NA,NA,NA,NA,NA,NA,NA,NA,NA,NA,NA,NA
2026-04-13T0600,1210A,119.0566,33.5991,淮安市,钵池山,,32,6,26,3,16,101,101,NA,NA,6,10,6,7,0.4,0.5
2026-04-13T0600,1211A,119.0083,33.578,淮安市,北京南路,,30,9,24,3,18,96,96,NA,NA,4,7,6,7,0.4,0.4
2026-04-13T0600,1212A,118.9938,33.6083,淮安市,市监测站,,34,NA,18,3,19,108,108,NA,NA,4,8,5,6,0.5,0.6
2026-04-13T0600,1213A,119.135,33.5038,淮安市,楚州区监测站,,32,6,22,3,18,100,100,NA,NA,5,9,5,5,0.1,0.2
2026-04-13T0600,3426A,118.8757,33.2897,淮安市,新华书店,,28,12,27,3,10,87,87,NA,NA,6,9,6,6,0.4,0.5
2026-04-13T0600,4092A,119.119691,33.550006,淮安市,枚皋中路89号,,33,6,24,3,16,104,104,NA,NA,4,8,10,10,0.6,0.6
2026-04-13T0600,4206A,119.028838,33.631911,淮安市,承德北路606号,,30,7,29,3,17,93,93,NA,NA,5,9,7,8,0.1,0.2
2026-04-13T0600,2282A,116.8005,33.9749,淮北市,监测站,,30,22,36,20,22,94,94,NA,NA,8,11,6,6,0.3,0.4
2026-04-13T0600,2283A,116.8094,33.9008,淮北市,烈山区政府,,34,34,38,20,19,93,93,NA,NA,5,8,4,6,0.4,0.4
2026-04-13T0600,4017A,116.7926,33.9534,淮北市,市博物馆,NA,NA,NA,40,20,21,91,91,NA,NA,NA,8,3,4,0.4,0.5
2026-04-13T0600,4100A,116.8322,33.9884,淮北市,杜集区第一实验学校,,28,28,45,16,18,84,84,NA,NA,10,10,6,6,0.2,0.3
2026-04-13T0600,2277A,116.8304,32.7726,淮南市,潘集区政府,,38,31,30,26,21,66,66,NA,NA,16,17,6,6,0.3,0.4
2026-04-13T0600,2279A,116.8569,32.5949,淮南市,谢家集区政府,,24,NA,24,12,21,76,76,NA,NA,6,11,7,8,0.4,0.4
2026-04-13T0600,2280A,116.8279,32.6333,淮南市,八公山区政府,,25,18,35,17,24,76,76,NA,NA,6,10,6,9,0.4,0.5
2026-04-13T0600,2894A,117.0561,32.6536,淮南市,经济技术开发区消防队,,23,20,26,13,18,72,72,NA,NA,10,14,6,6,0.4,0.4
2026-04-13T0600,3329A,117.011,32.5891,淮南市,山南新区,,25,NA,20,11,18,78,78,NA,NA,8,12,7,7,0.4,0.5
2026-04-13T0600,4209A,117.003137,32.644456,淮南市,国庆中路369号,,29,29,38,13,17,70,70,NA,NA,8,13,4,5,0.1,0.2
2026-04-13T0600,2446A,114.9021,30.474,黄冈市,职工中心,,40,40,45,17,26,43,43,NA,NA,14,12,8,7,0.5,0.6
2026-04-13T0600,2929A,114.8858,30.4519,黄冈市,红卫路,NA,NA,34,42,23,25,NA,NA,NA,NA,16,12,6,6,0.3,0.4
2026-04-13T0600,3398A,114.9134,30.4446,黄冈市,市林业局,,42,42,50,29,29,40,40,NA,NA,20,11,4,4,0.3,0.4
2026-04-13T0600,2672A,102.02,35.5101,黄南藏族自治州,同仁县隆务镇,,26,26,39,11,18,71,71,NA,NA,1,2,9,10,0.3,0.3
2026-04-13T0600,2295A,118.2905,29.6965,黄山市,延安路89号,,32,30,20,22,13,47,47,NA,NA,6,8,4,4,0.6,0.7
2026-04-13T0600,2297A,118.1369,30.2755,黄山市,黄山区政府5号楼,,26,NA,21,18,12,48,48,NA,NA,4,6,3,2,0.6,0.6
2026-04-13T0600,4210A,118.335445,29.720283,黄山市,滨江东路7-2号,,44,44,41,20,14,40,40,NA,NA,6,8,/,/,/,/
2026-04-13T0600,2423A,115.0547,30.2332,黄石市,沈家营,NA,NA,45,60,22,24,NA,NA,NA,NA,22,15,8,9,0.5,0.8
2026-04-13T0600,2426A,114.899,30.211,黄石市,铁山,,29,28,53,20,26,60,60,NA,NA,4,12,6,9,0.8,0.5
2026-04-13T0600,2427A,115.0259,30.2108,黄石市,团城山,NA,NA,37,52,20,30,42,42,NA,NA,9,8,NA,11,0.6,0.8
2026-04-13T0600,3149A,115.0174,30.1591,黄石市,笔架山北路,,40,40,66,18,25,45,45,NA,NA,3,9,12,11,0.9,0.9
2026-04-13T0600,4185A,115.078022,30.21118,黄石市,磁湖东路29号,,37,37,58,14,30,56,56,NA,NA,12,12,7,4,0.9,1
2026-04-13T0600,1392A,114.4181,23.0528,惠州市,河南岸金山湖子站,,28,28,29,13,14,20,20,NA,NA,13,10,6,6,0.6,0.5
2026-04-13T0600,1393A,114.4055,23.0824,惠州市,下埔横江三路子站,,31,31,33,12,14,27,27,NA,NA,9,9,6,4,0.6,0.6
2026-04-13T0600,1395A,114.4645,22.7832,惠州市,惠阳区承修路船湖子站,,28,28,31,10,13,28,28,NA,NA,10,9,5,5,0.4,0.4
2026-04-13T0600,1396A,114.5316,22.7423,惠州市,大亚湾管委会子站,,26,26,27,11,11,28,28,NA,NA,10,9,3,4,0.5,0.5
2026-04-13T0600,3314A,114.4334,22.8134,惠州市,惠阳秋长,,22,22,26,12,12,27,27,NA,NA,13,9,/,/,/,/
2026-04-13T0600,3452A,114.6521,22.7755,惠州市,大亚湾霞涌,NA,NA,17,19,8,10,NA,NA,NA,NA,7,6,/,/,/,/
2026-04-13T0600,4300A,114.4089,23.1147,惠州市,文华一路1号,,27,27,30,13,14,27,27,NA,NA,11,9,/,/,/,/
2026-04-13T0600,2240A,130.9618,45.2926,鸡西市,环保局,,28,24,38,19,22,80,80,NA,NA,4,14,7,7,0.2,0.3
2026-04-13T0600,2243A,130.9294,45.2959,鸡西市,第一中学,NA,NA,18,33,18,20,78,78,NA,NA,4,14,NA,5,0.1,0.2
2026-04-13T0600,3707A,131.0069,45.2988,鸡西市,欧美日汽修厂,,28,28,50,14,26,66,66,NA,NA,12,21,4,4,0.4,0.5
2026-04-13T0600,2367A,114.9753,27.0803,吉安市,红声器材厂,NA,NA,37,33,24,16,41,41,NA,NA,8,13,NA,6,1.2,1.2
2026-04-13T0600,2369A,114.9903,27.1313,吉安市,市环境监测站,,30,30,30,18,18,53,53,NA,NA,6,12,10,11,/,/
2026-04-13T0600,2370A,115.009527,27.096792,吉安市,青原区法院,,36,36,31,20,16,50,50,NA,NA,6,14,8,8,0.8,0.8
2026-04-13T0600,1772A,126.54,43.8622,吉林市,哈达湾,NA,NA,69,78,10,21,60,60,NA,NA,12,9,NA,6,0.2,0.3
2026-04-13T0600,1773A,126.5843,43.8358,吉林市,东局子,,45,45,81,12,20,49,49,NA,NA,18,10,4,4,0.8,0.8
2026-04-13T0600,1774A,126.5051,43.8243,吉林市,电力学院,颗粒物(PM10),64,69,78,16,20,44,44,NA,NA,21,11,6,6,0.7,0.7
2026-04-13T0600,1775A,126.6133,43.8971,吉林市,江北,NA,NA,110,91,26,25,22,22,NA,NA,15,14,NA,11,0.5,0.5
2026-04-13T0600,1776A,126.5549,43.8304,吉林市,江南公园,NA,NA,51,69,10,19,56,56,NA,NA,13,11,NA,7,0.4,0.5
2026-04-13T0600,2868A,126.4737,43.953,吉林市,九站,颗粒物(PM10),57,59,89,10,23,55,55,NA,NA,13,17,8,10,0.4,0.6
2026-04-13T0600,1299A,116.9866,36.6118,济南市,科干所,颗粒物(PM10),53,53,37,26,14,56,56,NA,NA,28,13,10,8,0.3,0.3
2026-04-13T0600,1300A,116.9379,36.6652,济南市,农科所,,42,42,42,28,15,38,38,NA,NA,35,20,6,6,0.3,0.3
2026-04-13T0600,1301A,117.1265,36.6736,济南市,开发区,,37,37,42,20,16,48,48,NA,NA,37,18,6,6,0.4,0.3
2026-04-13T0600,1303A,117.0616,36.6865,济南市,省种子仓库,颗粒物(PM10),68,75,54,26,18,17,17,NA,NA,69,26,8,9,0.7,0.6
2026-04-13T0600,1304A,116.9495185,36.644937,济南市,机床二厂,,49,49,47,32,17,57,57,NA,NA,30,21,8,6,0.5,0.5
2026-04-13T0600,1305A,117.0496,36.6629,济南市,市监测站,颗粒物(PM10),51,51,42,23,14,52,52,NA,NA,34,18,7,5,0.7,0.7
2026-04-13T0600,1306A,116.7674,36.5458,济南市,长清党校,,49,49,42,24,13,53,53,NA,NA,27,12,6,5,0.5,0.5
2026-04-13T0600,1961A,117.5323,36.6865,济南市,东山小学,,27,27,36,11,8,75,75,NA,NA,31,17,4,6,0.5,0.5
2026-04-13T0600,3059A,117.7181,36.205,济南市,泰兴公司,NA,NA,31,34,23,12,NA,NA,NA,NA,24,29,5,8,0.4,0.4
2026-04-13T0600,3064A,117.6861,36.2172,济南市,莱芜战役纪念馆,,34,34,34,21,11,68,68,NA,NA,21,21,4,6,0.5,0.5
2026-04-13T0600,3494A,117.1673,36.9782,济南市,济阳区政府,颗粒物(PM10),58,61,67,35,26,49,49,NA,NA,32,36,9,8,0.6,0.6
2026-04-13T0600,3495A,117.1168,36.6299,济南市,锦屏中学,,29,29,34,19,13,61,61,NA,NA,16,15,5,6,0.2,0.2
2026-04-13T0600,4108A,117.7107,36.2385,济南市,山财大街5号,,27,27,29,18,9,73,73,NA,NA,32,23,3,7,0.5,0.7
2026-04-13T0600,4109A,116.9744,36.6889,济南市,无影山路12号,细颗粒物(PM2.5),56,56,42,38,18,31,31,NA,NA,51,23,6,6,0.7,0.6
2026-04-13T0600,1653A,116.6229,35.4288,济宁市,火炬城,,25,21,37,17,21,52,52,NA,NA,12,10,8,9,0.6,0.6
2026-04-13T0600,3500A,116.5808,35.3703,济宁市,北湖一中,,23,23,41,14,20,62,62,NA,NA,15,14,6,7,0.2,0.3
2026-04-13T0600,3501A,116.8251,35.5592,济宁市,服务中心,细颗粒物(PM2.5),58,50,51,39,24,30,30,NA,NA,31,17,3,3,0.7,0.6
2026-04-13T0600,3678A,116.5907,35.4054,济宁市,市第七中学,,24,24,45,16,18,72,72,NA,NA,14,14,5,6,0.5,0.6
2026-04-13T0600,4111A,116.6075,35.4566,济宁市,任和路,,39,39,51,18,16,30,30,NA,NA,29,13,6,8,0.4,0.4
2026-04-13T0600,4112A,116.5648,35.3921,济宁市,文体南路1号,,35,35,47,11,17,64,64,NA,NA,13,11,5,6,0.5,0.5
2026-04-13T0600,4122A,112.6071,35.1015,济源市,市委党校,NA,NA,NA,88,NA,36,NA,NA,155,NA,NA,16,NA,11,NA,0.6
2026-04-13T0600,4123A,112.596,35.0702,济源市,沁园中路1号,颗粒物(PM10),53,53,67,30,36,71,71,NA,NA,13,15,4,8,0.4,0.6
2026-04-13T0600,2255A,130.2749,46.8028,佳木斯市,佳纺,,22,14,27,12,17,69,69,NA,NA,10,11,6,5,0.4,0.4
2026-04-13T0600,2257A,130.3258,46.7975,佳木斯市,环保局,,20,NA,24,13,18,64,64,NA,NA,10,11,6,6,0.3,0.3
2026-04-13T0600,4285A,130.363,46.806,佳木斯市,顺和街,,21,13,24,13,17,67,67,NA,NA,11,14,2,2,0.3,0.4
2026-04-13T0600,4286A,130.3952,46.8268,佳木斯市,长安路196号,,24,13,20,12,14,75,75,NA,NA,9,10,5,6,0.4,0.4
2026-04-13T0600,1252A,120.7439,30.778,嘉兴市,清河小学,,39,NA,30,27,20,46,46,NA,NA,21,14,6,6,0.5,0.5
2026-04-13T0600,1253A,120.7261,30.7477,嘉兴市,嘉兴学院,,38,27,29,26,21,50,50,NA,NA,19,19,5,5,0.5,0.4
2026-04-13T0600,2872A,120.7845,30.7524,嘉兴市,南湖区残联,,35,26,28,24,20,54,54,NA,NA,16,17,4,3,0.6,0.6
2026-04-13T0600,3407A,120.6915,30.7741,嘉兴市,秀洲住建,,43,NA,30,30,21,48,48,NA,NA,14,14,5,5,0.4,0.3
2026-04-13T0600,1945A,98.291,39.7705,嘉峪关市,气象局,,31,31,31,12,11,76,76,NA,NA,19,12,62,27,0.9,0.9
2026-04-13T0600,2884A,98.2672,39.7978,嘉峪关市,酒钢宾馆,,41,41,40,14,12,79,79,NA,NA,13,11,84,47,1.1,1
2026-04-13T0600,3248A,98.2644,39.7723,嘉峪关市,雄关区,颗粒物(PM10),52,52,46,18,11,81,81,NA,NA,17,14,38,23,0.5,0.5
2026-04-13T0600,1383A,113.1063,22.6058,江门市,北街,,29,29,29,12,15,32,32,NA,NA,14,10,/,/,/,/
2026-04-13T0600,1384A,113.073,22.5835,江门市,西区,NA,NA,23,32,13,15,36,36,NA,NA,NA,11,/,/,/,/
2026-04-13T0600,1385A,113.0218,22.531,江门市,圭峰西,,25,25,28,12,13,36,36,NA,NA,12,9,/,/,/,/
2026-04-13T0600,1386A,113.0826,22.5947,江门市,东湖,,22,22,28,13,14,32,32,NA,NA,9,8,7,6,0.4,0.4
2026-04-13T0600,3311A,113.1077,22.5647,江门市,江海富民,,46,46,44,15,15,32,32,NA,NA,14,8,/,/,0.4,0.4
2026-04-13T0600,3449A,113.0496,22.4669,江门市,新会银湖,,42,42,29,13,12,27,27,NA,NA,19,11,7,7,0.3,0.3
2026-04-13T0600,3335A,113.3137,35.2643,焦作市,马村街道办,NA,NA,64,62,33,34,NA,NA,NA,NA,12,12,8,10,0.4,0.5
2026-04-13T0600,3336A,113.2464,35.2374,焦作市,焦作技师学院,颗粒物(PM10),67,73,63,41,34,63,63,NA,NA,13,13,8,9,0.9,0.8
2026-04-13T0600,3477A,113.1656,35.2536,焦作市,中站许衡医院,颗粒物(PM10),72,80,57,37,34,70,70,NA,NA,9,12,9,11,0.6,0.6
2026-04-13T0600,3981A,113.2456,35.18,焦作市,原李万街道办,颗粒物(PM10),65,70,69,41,37,60,60,NA,NA,12,13,8,9,0.5,0.5
2026-04-13T0600,4264A,113.234,35.219,焦作市,新安路1731号,细颗粒物(PM2.5),74,60,68,47,36,76,76,NA,NA,14,15,11,11,0.8,0.8
2026-04-13T0600,4295A,113.2722,35.2121,焦作市,人民路3066号,NA,NA,63,67,41,37,NA,NA,NA,NA,11,10,6,6,0.5,0.5
2026-04-13T0600,1708A,116.3701,23.5345,揭阳市,新兴,,46,46,34,28,17,2,2,NA,NA,26,9,6,6,0.6,0.5
2026-04-13T0600,1709A,116.3261,23.5442,揭阳市,西马,,49,49,35,33,18,4,4,NA,NA,28,14,7,5,0.7,0.5
2026-04-13T0600,1710A,116.361,23.5627,揭阳市,东兴,,33,25,30,23,17,9,9,NA,NA,22,10,3,2,/,/
2026-04-13T0600,1711A,116.4151,23.5295,揭阳市,渔湖,细颗粒物(PM2.5),84,NA,35,52,24,1,1,NA,NA,33,15,4,3,/,/
2026-04-13T0600,3320A,116.4028,23.5699,揭阳市,曲溪,,45,NA,33,31,17,4,4,NA,NA,23,8,9,9,0.5,0.4
2026-04-13T0600,1944A,102.1691,38.5166,金昌市,天庆家园,,32,24,42,15,16,100,100,NA,NA,4,5,14,19,0.7,0.6
2026-04-13T0600,4022A,102.1648,38.5369,金昌市,金川区人防中心,,36,36,52,8,16,105,105,NA,NA,3,7,4,7,0.3,0.3
2026-04-13T0600,4239A,102.193042,38.531887,金昌市,长春路96号,,32,22,42,19,18,102,102,NA,NA,2,4,6,10,0.3,0.3
2026-04-13T0600,1262A,119.6478,29.0773,金华市,十五中,细颗粒物(PM2.5),92,79,48,56,31,29,29,NA,NA,25,25,3,3,0.8,0.9
2026-04-13T0600,1263A,119.6859,29.1032,金华市,监测站,NA,NA,68,40,52,29,24,24,NA,NA,28,29,NA,4,0.7,0.8
2026-04-13T0600,3659A,119.656,29.1132,金华市,气象局,细颗粒物(PM2.5),102,78,47,62,33,28,28,NA,NA,25,33,3,3,0.7,0.8
2026-04-13T0600,1767A,121.1114,41.0879,锦州市,南山,,33,33,89,3,58,84,84,NA,NA,8,39,8,14,0.3,0.7
2026-04-13T0600,1768A,121.060361,40.842794,锦州市,开发区,,25,25,103,3,67,71,71,NA,NA,9,27,6,11,0.3,0.7
2026-04-13T0600,1769A,121.1836,41.1118,锦州市,百股街道,,40,40,99,3,69,81,81,NA,NA,9,36,5,19,0.5,0.8
2026-04-13T0600,1770A,121.1176,41.1224,锦州市,天安街道,,23,23,91,3,58,61,61,NA,NA,17,38,7,9,0.5,0.9
2026-04-13T0600,1771A,121.1303,41.1385,锦州市,北湖公园,,29,29,88,8,59,64,64,NA,NA,14,32,11,11,0.4,0.6
2026-04-13T0600,2160A,112.8496,35.5051,晋城市,自来水公司,颗粒物(PM10),63,67,68,23,24,106,106,NA,NA,7,10,5,6,0.5,0.7
2026-04-13T0600,2162A,112.8509,35.4886,晋城市,市环保局,颗粒物(PM10),81,93,66,35,29,84,84,NA,NA,6,9,7,8,0.4,0.5
2026-04-13T0600,3620A,112.8258,35.4804,晋城市,泽州一中,颗粒物(PM10),57,59,61,31,28,91,91,NA,NA,10,13,4,5,0.6,0.7
2026-04-13T0600,4078A,112.8246,35.5152,晋城市,前书院路,,42,42,55,23,23,99,99,NA,NA,6,11,5,8,0.4,0.6
2026-04-13T0600,4079A,112.8864,35.4773,晋城市,祥云街666号,,49,49,54,30,29,86,86,NA,NA,8,9,7,9,0.5,0.6
2026-04-13T0600,2174A,112.6992,37.6984,晋中市,榆次区政府,细颗粒物(PM2.5),108,102,80,68,44,91,91,NA,NA,18,20,3,9,0.7,0.6
2026-04-13T0600,2865A,112.7195,37.683,晋中市,榆次三中,细颗粒物(PM2.5),104,107,83,64,40,95,95,NA,NA,15,16,4,8,0.7,0.6
2026-04-13T0600,4080A,112.7375,37.7215,晋中市,广安街188号,细颗粒物(PM2.5),122,114,81,84,44,83,83,NA,NA,20,19,3,7,0.4,0.4
2026-04-13T0600,4200A,112.7478,37.6954,晋中市,迎宾街26号,细颗粒物(PM2.5),98,110,80,59,42,90,90,NA,NA,18,16,3,6,0.5,0.5
2026-04-13T0600,2439A,112.2012,31.048,荆门市,竹园小学,颗粒物(PM10),70,78,68,39,38,19,19,NA,NA,23,19,2,3,0.4,0.3
2026-04-13T0600,2440A,112.1968,30.9892,荆门市,掇刀,颗粒物(PM10),65,70,69,29,37,58,58,NA,NA,16,14,8,8,0.8,0.6
2026-04-13T0600,3012A,112.1849,31.0361,荆门市,西山林语,颗粒物(PM10),67,73,66,29,32,56,56,NA,NA,14,12,6,6,0.5,0.5
2026-04-13T0600,3547A,112.1631,31.0134,荆门市,龙泉中学南校,颗粒物(PM10),67,73,64,37,31,50,50,NA,NA,19,12,5,5,0.6,0.6
2026-04-13T0600,4124A,112.2213,31.0654,荆门市,新台西路6号,颗粒物(PM10),56,58,59,34,38,10,10,NA,NA,25,19,6,8,0.6,0.6
2026-04-13T0600,1844A,112.2493,30.3198,荆州市,市图书馆,,43,30,40,30,31,78,78,NA,NA,12,23,6,6,0.6,0.6
2026-04-13T0600,1845A,112.2009,30.3543,荆州市,市委党校,,50,36,47,35,32,78,78,NA,NA,11,16,7,8,0.8,0.8
2026-04-13T0600,3194A,112.2749,30.3124,荆州市,管委会,,41,41,45,28,33,60,60,NA,NA,14,20,6,7,0.6,0.6
2026-04-13T0600,4268A,112.1722,30.3366,荆州市,学苑路85号,,43,38,42,30,32,88,88,NA,NA,6,8,1,2,0.4,0.5
2026-04-13T0600,2343A,117.2114,29.2931,景德镇市,老干部活动中心,,18,18,17,8,17,28,28,NA,NA,3,7,8,6,0.6,0.7
2026-04-13T0600,2344A,117.1893,29.2789,景德镇市,兽医站,,20,20,31,7,10,31,31,NA,NA,6,10,4,4,0.6,0.6
2026-04-13T0600,2346A,117.246,29.2958,景德镇市,陶研所,,17,17,19,8,13,26,26,NA,NA,10,16,6,5,0.6,0.7
2026-04-13T0600,4289A,117.154766,29.256967,景德镇市,青少年活动中心,,20,20,20,8,12,24,24,NA,NA,11,12,4,14,/,/
2026-04-13T0600,1803A,115.9873,29.6816,九江市,十里,,38,34,39,26,20,66,66,NA,NA,14,18,9,8,1.0,0.9
2026-04-13T0600,1804A,115.9583,29.7047,九江市,茅山头,NA,NA,30,38,26,20,67,67,NA,NA,8,12,NA,4,0.7,0.6
2026-04-13T0600,1805A,115.9877,29.7295,九江市,西园,,35,33,32,24,18,66,66,NA,NA,19,27,5,4,0.7,0.6
2026-04-13T0600,1808A,115.9112,29.6038,九江市,综合工业园,,38,37,36,26,21,66,66,NA,NA,18,28,7,7,0.6,0.6
2026-04-13T0600,3190A,116.0254,29.6995,九江市,外国语学校,NA,NA,39,35,28,21,54,54,NA,NA,14,18,NA,8,0.8,0.8
2026-04-13T0600,4253A,116.010205,29.659402,九江市,莲花大道8号,,42,34,39,29,22,61,61,NA,NA,10,16,9,5,0.8,0.7
2026-04-13T0600,4240A,98.495752,39.733935,酒泉市,玉门东路5号,,34,34,31,13,10,80,80,NA,NA,4,5,6,6,0.1,0.1
2026-04-13T0600,4241A,98.5099,39.7506,酒泉市,北大街108号,,34,34,30,13,14,75,75,NA,NA,3,5,7,7,0.2,0.1
2026-04-13T0600,2698A,76.0071,39.466,喀什地区,巡警大队,颗粒物(PM10),55,56,237,28,68,92,92,NA,NA,2,11,3,3,0.3,0.3
2026-04-13T0600,2699A,75.9756,39.4693,喀什地区,吾办,颗粒物(PM10),60,63,230,33,68,90,90,NA,NA,1,10,5,3,0.3,0.3
2026-04-13T0600,4027A,75.9485,39.4688,喀什地区,老干局,颗粒物(PM10),51,51,227,25,56,88,88,NA,NA,3,8,2,2,0.2,0.2
2026-04-13T0600,1824A,114.3389,34.778,开封市,肿瘤医院,,43,35,49,30,37,72,72,NA,NA,16,17,6,8,0.6,0.7
2026-04-13T0600,1826A,114.2884,34.7966,开封市,世纪星幼儿园,,39,29,49,27,33,72,72,NA,NA,17,18,7,8,0.5,0.6
2026-04-13T0600,3147A,114.3434,34.8101,开封市,龙亭公园,,50,41,51,35,34,55,55,NA,NA,23,17,7,8,0.7,0.8
2026-04-13T0600,3210A,114.3645,34.7955,开封市,汴京公园,NA,NA,41,64,34,35,66,66,NA,NA,16,16,NA,6,0.6,0.7
2026-04-13T0600,3473A,114.2485,34.8306,开封市,技师学院,,36,36,45,21,35,20,20,NA,NA,57,18,4,5,0.5,0.5
2026-04-13T0600,3592A,114.4518,34.7503,开封市,祥符区生态环境局,细颗粒物(PM2.5),72,48,46,46,40,35,35,NA,NA,40,26,6,7,0.6,0.7
2026-04-13T0600,1951A,84.886,45.6029,克拉玛依市,长征新村,,24,15,14,6,7,76,76,NA,NA,4,2,6,6,0.3,0.3
2026-04-13T0600,1952A,84.8894,45.5827,克拉玛依市,南林小区,,25,16,11,3,1,77,77,NA,NA,2,2,5,4,0.8,0.8
2026-04-13T0600,1954A,84.896,44.3328,克拉玛依市,独山子区,颗粒物(PM10),72,80,80,12,15,92,92,NA,NA,5,8,4,5,0.2,0.3
2026-04-13T0600,1955A,85.6888,46.0909,克拉玛依市,乌尔禾区商贸楼,,26,26,30,3,6,58,58,NA,NA,7,8,2,2,0.3,0.3
2026-04-13T0600,3612A,85.1045,45.6895,克拉玛依市,白碱滩区新站,,30,28,50,7,5,94,94,NA,NA,2,2,5,6,0.1,0.1
2026-04-13T0600,2697A,76.1457,39.7143,克孜勒苏柯尔克孜自治州,市人民政府,颗粒物(PM10),100,119,168,49,49,101,101,NA,NA,5,8,6,7,0.1,0.2
2026-04-13T0600,3665A,76.1654,39.7157,克孜勒苏柯尔克孜自治州,克州文化中心,细颗粒物(PM2.5),84,86,177,52,55,106,106,NA,NA,1,4,12,8,0.2,0.2
2026-04-13T0600,1450A,102.8203,24.889,昆明市,呈贡新区,,38,29,30,23,18,119,119,NA,NA,10,9,6,5,0.4,0.4
2026-04-13T0600,1452A,102.7253,25.0904,昆明市,龙泉镇,颗粒物(PM10),53,53,33,23,17,61,61,NA,NA,30,12,5,5,0.5,0.5
2026-04-13T0600,1453A,102.7267,25.0378,昆明市,东风东路,,39,39,33,23,17,117,117,NA,NA,8,11,2,3,0.4,0.5
2026-04-13T0600,1454A,102.6744,25.0671,昆明市,金鼎山,,38,38,35,22,17,121,121,NA,NA,5,8,2,3,0.5,0.5
2026-04-13T0600,1455A,102.6643,25.0401,昆明市,碧鸡广场,,43,43,35,23,18,112,112,NA,NA,7,10,4,5,0.4,0.4
2026-04-13T0600,3179A,102.7491,25.012,昆明市,官渡区博物馆,,39,39,35,22,17,108,108,NA,NA,9,9,4,5,0.5,0.5
2026-04-13T0600,3375A,102.8016,24.8336,昆明市,青年创业园,,42,42,34,22,19,125,125,NA,NA,4,6,6,6,0.4,0.4
2026-04-13T0600,3550A,102.8,24.9787,昆明市,昆明学院,,45,45,35,25,16,115,115,NA,NA,8,8,8,7,0.7,0.6
2026-04-13T0600,3551A,102.5969,24.6738,昆明市,晋宁区生态环境分局,,45,45,29,28,19,114,114,NA,NA,5,5,2,3,0.4,0.4
2026-04-13T0600,3552A,102.6673,24.9861,昆明市,云天化总部,,43,43,33,22,16,117,117,NA,NA,9,10,5,7,0.6,0.5
2026-04-13T0600,1456A,91.132,29.6515,拉萨市,八廓街,,45,9,19,3,7,143,143,NA,NA,5,7,4,5,0.2,0.3
2026-04-13T0600,1457A,91.1221,29.6748,拉萨市,市环保局,,42,13,20,3,9,132,132,NA,NA,4,9,5,6,0.2,0.3
2026-04-13T0600,1458A,91.0874,29.6476,拉萨市,区监测站,,45,8,16,6,7,141,141,NA,NA,6,9,4,6,0.2,0.2
2026-04-13T0600,1459A,91.1774,29.6541,拉萨市,西藏大学,,44,12,17,3,9,139,139,NA,NA,6,8,4,5,0.3,0.2
2026-04-13T0600,1460A,90.9798,29.6586,拉萨市,区辐射站,,41,7,24,6,8,129,129,NA,NA,7,12,4,5,0.3,0.3
2026-04-13T0600,1461A,91.0831,29.6292,拉萨市,拉萨火车站,,44,9,17,6,9,138,138,NA,NA,4,5,4,5,0.2,0.2
2026-04-13T0600,2520A,109.2203,23.7252,来宾市,来宾技工学校,细颗粒物(PM2.5),70,69,75,45,53,54,54,NA,NA,14,9,5,7,0.8,0.8
2026-04-13T0600,3535A,109.1781,23.7293,来宾市,兴宾区政府,细颗粒物(PM2.5),92,69,73,56,54,57,57,NA,NA,14,9,7,10,0.8,0.8
2026-04-13T0600,4002A,109.2312,23.7428,来宾市,中南小学,细颗粒物(PM2.5),101,66,74,61,57,60,60,NA,NA,16,14,6,7,0.9,0.8
2026-04-13T0600,1479A,103.8309,36.0467,兰州市,铁路设计院,颗粒物(PM10),62,66,77,24,32,67,67,NA,NA,18,26,14,8,0.5,0.5
2026-04-13T0600,3241A,103.7439,36.0841,兰州市,百合公园,颗粒物(PM10),64,69,74,30,33,40,40,NA,NA,33,32,5,7,0.5,0.7
2026-04-13T0600,3242A,103.9613,35.9985,兰州市,和平,,50,50,67,27,26,79,79,NA,NA,11,12,11,9,0.3,0.4
2026-04-13T0600,4236A,103.629272,36.093822,兰州市,庄浪东路808号,颗粒物(PM10),67,73,77,26,29,74,74,NA,NA,8,19,36,15,0.4,0.3
2026-04-13T0600,4237A,103.7251,36.104344,兰州市,安宁西路88号,颗粒物(PM10),62,66,81,29,29,62,62,NA,NA,20,24,25,15,0.3,0.4
2026-04-13T0600,4238A,103.846982,36.067567,兰州市,北滨河东路1号,颗粒物(PM10),58,61,71,27,31,50,50,NA,NA,29,35,12,10,0.5,0.6
2026-04-13T0600,1067A,116.6712,39.5109,廊坊市,药材公司,颗粒物(PM10),140,224,138,32,67,78,78,NA,NA,7,37,1,5,0.4,0.7
2026-04-13T0600,1068A,116.7215,39.5592,廊坊市,开发区,颗粒物(PM10),142,229,142,30,67,79,79,NA,NA,1,30,3,4,0.3,0.6
2026-04-13T0600,1070A,116.7246,39.5273,廊坊市,北华航天学院,颗粒物(PM10),152,254,140,30,69,78,78,NA,NA,6,40,3,6,0.3,0.7
2026-04-13T0600,2919A,116.7022,39.5454,廊坊市,河北工业大学,颗粒物(PM10),144,234,139,43,67,79,79,NA,NA,7,38,2,6,0.3,0.7
2026-04-13T0600,2536A,103.7629,29.5844,乐山市,牛耳桥,,26,22,29,18,20,59,59,NA,NA,10,17,5,5,0.5,0.5
2026-04-13T0600,2537A,103.7501,29.6002,乐山市,市第三水厂,,23,20,25,16,19,58,58,NA,NA,12,18,3,3,0.4,0.5
2026-04-13T0600,2538A,103.7571,29.5664,乐山市,市监测站,,33,30,29,23,19,47,47,NA,NA,11,15,2,2,0.5,0.5
2026-04-13T0600,3361A,103.7313,29.563,乐山市,理工大学,,23,23,25,15,19,62,62,NA,NA,8,14,3,3,0.5,0.5
2026-04-13T0600,2599A,100.2497,26.8802,丽江市,丽江古城,,38,21,26,11,9,120,120,NA,NA,7,8,9,8,0.5,0.5
2026-04-13T0600,2600A,100.2203,26.8906,丽江市,市中心,,37,NA,77,11,9,116,116,NA,NA,9,10,7,7,0.4,0.4
2026-04-13T0600,1267A,119.9141,28.4513,丽水市,监测站大楼,,26,24,20,18,10,0,0,NA,NA,22,18,4,4,0.8,0.7
2026-04-13T0600,1268A,119.93,28.4589,丽水市,莲都小学,,32,32,21,16,8,0,0,NA,NA,26,22,/,/,/,/
2026-04-13T0600,1269A,119.8794,28.4232,丽水市,余庄前,,31,31,21,16,9,0,0,NA,NA,10,16,4,5,0.8,0.7
2026-04-13T0600,1173A,119.1759,34.5885,连云港市,市环境监测站,,34,19,26,14,20,107,107,NA,NA,12,14,8,8,0.6,0.5
2026-04-13T0600,3000A,119.3577,34.6971,连云港市,德源药业,NA,NA,12,37,9,20,103,103,NA,NA,16,25,NA,6,0.3,0.4
2026-04-13T0600,3007A,119.178,34.8442,连云港市,新城一中,,36,36,54,20,28,112,112,NA,NA,10,20,4,5,0.4,0.6
2026-04-13T0600,3008A,119.3607,34.7519,连云港市,胡沟管理处,,36,19,22,19,18,115,115,NA,NA,4,27,11,14,0.4,0.4
2026-04-13T0600,3009A,119.1478,34.5913,连云港市,矿山设计院,,28,27,28,19,16,82,82,NA,NA,13,11,8,8,0.5,0.6
2026-04-13T0600,3434A,119.2414,34.6539,连云港市,工贸学校,NA,NA,32,29,23,20,NA,NA,NA,NA,15,12,10,10,0.4,0.4
2026-04-13T0600,3664A,119.4171,34.734,连云港市,连云街道,NA,NA,32,31,18,18,NA,NA,NA,NA,14,13,4,4,0.4,0.5
2026-04-13T0600,2573A,102.2629,27.8981,凉山彝族自治州,西昌市政府,,29,24,27,16,15,91,91,NA,NA,5,7,3,6,0.4,0.5
2026-04-13T0600,2574A,102.2686,27.885,凉山彝族自治州,凉山州政府,,26,26,27,13,14,76,76,NA,NA,7,8,4,6,0.6,0.7
2026-04-13T0600,4229A,102.2342,27.8859,凉山彝族自治州,凯乐南路30号,,25,25,29,9,9,48,48,NA,NA,19,14,3,6,0.3,0.5
2026-04-13T0600,2212A,123.1978,41.2036,辽阳市,宏伟区,颗粒物(PM10),53,54,100,3,39,56,56,NA,NA,17,14,17,9,0.6,0.8
2026-04-13T0600,2213A,123.1684,41.2497,辽阳市,新华园,颗粒物(PM10),55,56,107,3,44,62,62,NA,NA,13,17,6,12,0.3,0.7
2026-04-13T0600,2214A,123.2355,41.2663,辽阳市,滨河路,NA,NA,62,91,3,38,46,46,NA,NA,25,22,NA,10,0.4,0.7
2026-04-13T0600,4083A,123.153,41.2874,辽阳市,铁西路150号,颗粒物(PM10),55,56,104,7,45,56,56,NA,NA,14,19,20,11,0.4,0.7
2026-04-13T0600,2227A,125.1359,42.8845,辽源市,环保局,,39,39,65,11,14,24,24,NA,NA,28,10,6,7,0.3,0.3
2026-04-13T0600,4085A,125.0998,42.9134,辽源市,安宁大街333号,颗粒物(PM10),52,52,101,20,15,41,41,NA,NA,18,10,5,6,0.4,0.3
2026-04-13T0600,1625A,115.9789,36.4372,聊城市,区政府,,38,38,62,12,24,78,78,NA,NA,13,13,9,8,0.6,0.7
2026-04-13T0600,3200A,115.9772,36.4986,聊城市,监控中心,,45,45,63,20,26,70,70,NA,NA,25,18,10,9,0.4,0.5
2026-04-13T0600,3513A,116.0443,36.436,聊城市,九州社区,,44,44,70,19,34,86,86,NA,NA,15,16,10,9,0.4,0.5
2026-04-13T0600,4018A,116.0564,36.4609,聊城市,星美广场,,42,42,64,17,28,77,77,NA,NA,18,16,10,10,0.5,0.6
2026-04-13T0600,4113A,116.0091,36.4495,聊城市,利民路,,25,25,51,17,32,80,80,NA,NA,17,14,8,8,0.4,0.5
2026-04-13T0600,2632A,94.3683,29.6373,林芝市,林芝监测站,,29,6,8,3,4,91,91,NA,NA,3,5,6,5,0.4,0.4
2026-04-13T0600,2633A,94.3616,29.6634,林芝市,林芝人民医院,,26,6,10,3,6,82,82,NA,NA,2,3,4,5,0.4,0.4
2026-04-13T0600,2603A,100.0779,23.8981,临沧市,市环保局,细颗粒物(PM2.5),74,54,49,47,35,68,68,NA,NA,10,8,3,6,0.7,0.6
2026-04-13T0600,2604A,100.0894,23.882,临沧市,市气象局,细颗粒物(PM2.5),76,57,48,48,37,84,84,NA,NA,6,7,6,9,1.0,0.5
2026-04-13T0600,1733A,111.5552,36.0791,临汾市,临钢医院,颗粒物(PM10),80,92,72,44,30,92,92,NA,NA,14,17,6,9,0.9,0.9
2026-04-13T0600,1734A,111.4984,36.0734,临汾市,技工学校,细颗粒物(PM2.5),88,72,66,54,36,94,94,NA,NA,12,19,10,10,0.6,0.7
2026-04-13T0600,1736A,111.5017,36.0857,临汾市,市委,颗粒物(PM10),72,80,71,44,30,102,102,NA,NA,11,18,8,11,0.7,0.8
2026-04-13T0600,3018A,111.5048,36.1015,临汾市,唐尧大酒店,颗粒物(PM10),72,80,84,42,30,100,100,NA,NA,13,19,7,10,0.6,0.7
2026-04-13T0600,4244A,111.4879,36.053,临汾市,启星学校,细颗粒物(PM2.5),74,78,67,47,30,92,92,NA,NA,14,23,7,10,0.7,0.7
2026-04-13T0600,4271A,103.2464,35.6123,临夏回族自治州,滨河东路1号,颗粒物(PM10),69,76,92,35,34,19,19,NA,NA,30,27,8,9,0.5,0.4
2026-04-13T0600,4310A,103.207136,35.599807,临夏回族自治州,新华街21号,颗粒物(PM10),58,60,73,34,31,39,39,NA,NA,11,13,6,7,0.5,0.3
2026-04-13T0600,1618A,118.3429,35.0532,临沂市,沂河小区,颗粒物(PM10),63,68,48,30,27,62,62,NA,NA,20,16,16,11,1.0,0.4
2026-04-13T0600,1619A,118.2962,35.0568,临沂市,鲁南制药厂,颗粒物(PM10),53,53,40,33,26,72,72,NA,NA,19,14,14,11,0.7,0.2
2026-04-13T0600,1620A,118.2793,34.9976,临沂市,新光毛纺厂,,49,46,37,34,24,66,66,NA,NA,20,14,13,9,0.7,0.3
2026-04-13T0600,1621A,118.3955,35.0889,临沂市,河东保险公司,颗粒物(PM10),67,73,61,38,36,46,46,NA,NA,31,27,14,13,1.3,0.6
2026-04-13T0600,3370A,118.3563,35.0215,临沂市,十里堡居委,颗粒物(PM10),58,61,41,37,27,56,56,NA,NA,30,20,15,10,1.4,0.5
2026-04-13T0600,3496A,118.359,35.1067,临沂市,南坊新区,细颗粒物(PM2.5),72,70,53,46,37,42,42,NA,NA,39,25,15,13,1.3,0.6
2026-04-13T0600,3860A,118.3915,35.0297,临沂市,皇山花园小区,颗粒物(PM10),67,73,44,41,29,46,46,NA,NA,38,25,16,11,1.5,0.5
2026-04-13T0600,1870A,109.4854,24.3898,柳州市,柳东小学,,32,24,53,22,43,28,28,NA,NA,12,12,3,4,0.8,0.9
2026-04-13T0600,1871A,109.4109,24.3304,柳州市,环保监测站,,42,42,58,24,43,33,33,NA,NA,11,15,4,6,1.0,1
2026-04-13T0600,1872A,109.3886,24.3408,柳州市,河西水厂,细颗粒物(PM2.5),54,38,80,37,65,30,30,NA,NA,7,15,8,9,0.8,1
2026-04-13T0600,1873A,109.4263,24.2951,柳州市,市四中,,29,NA,58,20,42,36,36,NA,NA,10,13,6,7,0.9,0.9
2026-04-13T0600,1874A,109.396,24.3658,柳州市,市九中,,35,32,73,24,50,32,32,NA,NA,6,12,5,7,0.7,0.8
2026-04-13T0600,1875A,109.4912,24.3164,柳州市,古亭山,,33,27,56,23,46,24,24,NA,NA,14,17,5,7,0.9,0.9
2026-04-13T0600,3402A,109.5422,24.3994,柳州市,市二中,,39,NA,63,27,44,11,11,NA,NA,24,12,17,9,0.9,1
2026-04-13T0600,2307A,116.5078,31.7369,六安市,监测大楼,,36,NA,21,25,21,62,62,NA,NA,8,12,3,4,0.4,0.4
2026-04-13T0600,2308A,116.4738,31.7642,六安市,皖西学院,,35,NA,25,24,21,65,65,NA,NA,6,9,4,4,0.4,0.4
2026-04-13T0600,2309A,116.4997,31.7904,六安市,朝阳厂,,33,NA,19,23,20,57,57,NA,NA,11,14,5,5,0.3,0.3
2026-04-13T0600,2310A,116.5566,31.7885,六安市,开发区,,29,NA,13,20,19,61,61,NA,NA,11,14,4,4,0.5,0.5
2026-04-13T0600,2577A,104.8293,26.592,六盘水市,黄土坡,,38,30,42,26,27,69,69,NA,NA,8,10,5,5,0.4,0.5
2026-04-13T0600,2579A,104.8481,26.5898,六盘水市,民中,,37,37,41,20,26,66,66,NA,NA,15,12,7,5,0.5,0.4
2026-04-13T0600,2580A,104.9541,26.5506,六盘水市,双水,,46,46,39,31,26,73,73,NA,NA,9,8,4,4,0.4,0.3
2026-04-13T0600,4151A,104.8899,26.5685,六盘水市,钟山大道中段564号,颗粒物(PM10),53,54,52,30,27,58,58,NA,NA,13,7,3,2,0.7,0.6
2026-04-13T0600,2336A,117.022,25.1031,龙岩市,龙岩市监测站,,35,28,35,24,27,16,16,NA,NA,18,14,9,7,0.4,0.5
2026-04-13T0600,2337A,117.0257,25.0662,龙岩市,闽西职业技术学院,,40,40,38,18,23,20,20,NA,NA,13,11,12,7,0.5,0.6
2026-04-13T0600,2338A,117.0195,25.0306,龙岩市,龙岩学院,NA,NA,28,31,18,21,35,35,NA,NA,5,6,NA,3,/,/
2026-04-13T0600,2885A,104.9344,33.3827,陇南市,滨江中学,颗粒物(PM10),53,54,62,17,21,38,38,NA,NA,12,15,9,9,0.7,0.7
2026-04-13T0600,3247A,104.9551,33.3709,陇南市,市总工会,,49,49,60,16,22,46,46,NA,NA,8,12,8,8,0.5,0.5
2026-04-13T0600,2488A,111.9984,27.7346,娄底市,市监测站,,40,37,30,28,21,57,57,NA,NA,11,12,3,6,0.7,0.7
2026-04-13T0600,2491A,111.9888,27.7035,娄底市,市政府,,38,34,27,26,21,39,39,NA,NA,6,8,4,3,0.5,0.4
2026-04-13T0600,4127A,111.9812,27.7591,娄底市,涟钢职大,,35,31,28,24,16,54,54,NA,NA,11,9,3,2,0.5,0.6
2026-04-13T0600,4128A,112.0303,27.7457,娄底市,娄底体校,颗粒物(PM10),53,54,33,26,19,36,36,NA,NA,1,2,3,3,0.5,0.5
2026-04-13T0600,1894A,105.4427,28.9063,泸州市,小市上码头,,21,16,28,14,29,65,65,NA,NA,6,11,8,9,0.6,0.7
2026-04-13T0600,1895A,105.4241,28.8573,泸州市,兰田宪桥,,21,21,42,14,27,63,63,NA,NA,6,13,5,6,0.9,1
2026-04-13T0600,1896A,105.4378,28.8833,泸州市,市环监站,,26,26,48,12,27,59,59,NA,NA,12,13,8,8,0.6,0.7
2026-04-13T0600,4272A,105.3689,28.7783,泸州市,纳溪中医医院,NA,NA,25,42,16,36,72,72,NA,NA,6,12,NA,8,0.6,0.7
2026-04-13T0600,2183A,111.1447,37.5212,吕梁市,环保局,颗粒物(PM10),100,120,70,28,18,27,27,NA,NA,44,40,9,9,0.4,0.3
2026-04-13T0600,2185A,111.1285,37.5338,吕梁市,自来水公司,颗粒物(PM10),80,92,64,30,21,26,26,NA,NA,47,33,8,9,0.7,0.5
2026-04-13T0600,2867A,111.1225,37.5093,吕梁市,马茂庄小学,颗粒物(PM10),68,75,71,20,17,18,18,NA,NA,56,42,8,6,0.9,0.5
2026-04-13T0600,1812A,112.3934,34.6517,洛阳市,市委党校,细颗粒物(PM2.5),78,64,62,49,33,70,70,NA,NA,18,18,10,10,0.7,0.7
2026-04-13T0600,1815A,112.494,34.6883,洛阳市,河南林校,细颗粒物(PM2.5),66,66,70,43,34,55,55,NA,NA,24,19,13,13,0.6,0.6
2026-04-13T0600,1816A,112.3843,34.623,洛阳市,开发区管委会,颗粒物(PM10),63,68,67,35,34,56,56,NA,NA,20,15,13,14,0.7,0.7
2026-04-13T0600,1817A,112.4263,34.6249,洛阳市,市委新办公区,细颗粒物(PM2.5),82,64,61,51,42,64,64,NA,NA,20,16,10,11,0.5,0.5
2026-04-13T0600,3340A,112.6005,34.6323,洛阳市,伊滨,颗粒物(PM10),55,56,65,37,36,54,54,NA,NA,22,19,9,10,0.6,0.6
2026-04-13T0600,3341A,112.495,34.6338,洛阳市,中移产业园,细颗粒物(PM2.5),80,70,68,50,38,53,53,NA,NA,25,22,12,12,0.9,0.8
2026-04-13T0600,3593A,112.5736,34.8993,洛阳市,吉利监测站,颗粒物(PM10),58,60,68,34,33,69,69,NA,NA,18,20,11,12,0.4,0.4
2026-04-13T0600,3635A,112.3678,34.6623,洛阳市,河科大西苑校区,细颗粒物(PM2.5),70,69,64,45,35,72,72,NA,NA,19,16,12,11,0.5,0.5
2026-04-13T0600,3636A,112.4387,34.678,洛阳市,英才小学,NA,NA,78,76,42,37,NA,NA,NA,NA,22,24,13,12,0.7,0.7
2026-04-13T0600,4214A,112.460027,34.694929,洛阳市,春都路1号院,NA,NA,60,72,NA,43,61,61,NA,NA,20,22,10,10,0.8,0.8
2026-04-13T0600,2399A,114.051,33.5721,漯河市,三五一五工厂,NA,NA,38,51,35,36,50,50,NA,NA,21,17,NA,5,0.3,0.3
2026-04-13T0600,2400A,114.0055,33.5698,漯河市,漯河大学,细颗粒物(PM2.5),84,NA,49,52,44,58,58,NA,NA,18,16,6,6,0.4,0.5
2026-04-13T0600,2401A,114.0134,33.5826,漯河市,市水利局,细颗粒物(PM2.5),56,46,51,38,37,56,56,NA,NA,17,14,4,5,0.5,0.6
2026-04-13T0600,2402A,114.0261,33.5697,漯河市,市广电局,细颗粒物(PM2.5),72,46,51,46,37,57,57,NA,NA,14,13,5,6,0.5,0.6
2026-04-13T0600,3478A,113.9691,33.568,漯河市,市图书馆,,36,34,50,25,34,62,62,NA,NA,16,16,7,7,0.3,0.4
2026-04-13T0600,4250A,114.089259,33.588274,漯河市,韶山路11号,细颗粒物(PM2.5),52,44,58,36,37,32,32,NA,NA,28,18,6,6,0.6,0.7
2026-04-13T0600,1798A,118.5084,31.6838,马鞍山市,湖东路四小,,38,NA,21,26,18,60,60,NA,NA,8,12,7,7,0.4,0.4
2026-04-13T0600,1799A,118.5019,31.6449,马鞍山市,开发区,,22,NA,17,15,12,58,58,NA,NA,12,15,4,4,0.5,0.5
2026-04-13T0600,3633A,118.4914,31.681,马鞍山市,雨山,,26,NA,15,18,11,60,60,NA,NA,9,13,6,5,0.4,0.5
2026-04-13T0600,4191A,118.527362,31.722269,马鞍山市,慈湖高新区,,28,26,23,19,16,59,59,NA,NA,5,9,8,7,0.3,0.3
2026-04-13T0600,1686A,111.0285,21.469,茂名市,电白南海,,31,31,36,14,13,59,59,NA,NA,4,4,5,4,0.6,0.7
2026-04-13T0600,1687A,110.9294,21.6533,茂名市,茂石化七小,,34,34,37,17,18,54,54,NA,NA,8,8,6,5,0.5,0.6
2026-04-13T0600,1688A,110.9108,21.6688,茂名市,健康路,,25,19,29,17,17,56,56,NA,NA,7,7,4,4,0.6,0.6
2026-04-13T0600,1689A,110.8592,21.6826,茂名市,高岭,,29,29,47,20,20,67,67,NA,NA,4,6,3,3,/,/
2026-04-13T0600,3450A,111.0101,21.5165,茂名市,电白水东,,22,22,28,14,15,63,63,NA,NA,6,6,2,2,/,/
2026-04-13T0600,2540A,103.8414,30.0871,眉山市,气象局,,35,35,37,12,27,39,39,NA,NA,14,19,8,9,0.6,0.7
2026-04-13T0600,3148A,103.829,30.0563,眉山市,区人社局,,40,40,49,23,33,36,36,NA,NA,21,24,7,7,0.5,0.6
2026-04-13T0600,4148A,103.8836,30.0695,眉山市,眉职院,,37,37,61,14,29,43,43,NA,NA,11,15,8,7,0.6,0.7
2026-04-13T0600,1690A,116.1248,24.3307,梅州市,梅江月梅,,34,34,33,13,21,2,2,NA,NA,20,11,/,/,/,/
2026-04-13T0600,1691A,116.0798,24.2719,梅州市,梅县新城,,29,29,32,17,19,5,5,NA,NA,19,10,8,9,0.4,0.4
2026-04-13T0600,3315A,116.1234,24.2994,梅州市,梅龙,细颗粒物(PM2.5),54,NA,30,37,21,15,15,NA,NA,17,12,8,7,0.5,0.5
2026-04-13T0600,1878A,104.7775,31.4741,绵阳市,富乐山,细颗粒物(PM2.5),54,41,32,37,26,19,19,NA,NA,19,17,7,8,0.7,0.7
2026-04-13T0600,1880A,104.6698,31.4668,绵阳市,高新区自来水公司,"颗粒物(PM10),细颗粒物(PM2.5)",60,64,43,40,24,16,16,NA,NA,27,21,6,9,0.8,0.7
2026-04-13T0600,3491A,104.6899,31.5324,绵阳市,西科大附属小学,颗粒物(PM10),58,60,41,38,30,12,12,NA,NA,29,23,6,12,0.7,0.5
2026-04-13T0600,3492A,104.5647,31.5343,绵阳市,安州区旅游局,,46,44,46,32,29,25,25,NA,NA,14,14,6,17,0.5,0.5
2026-04-13T0600,4146A,104.7092,31.4972,绵阳市,科技城新区公安局,颗粒物(PM10),65,70,44,38,26,19,19,NA,NA,32,21,7,12,0.8,0.6
2026-04-13T0600,4226A,104.765114,31.453094,绵阳市,绵阳市气象局,颗粒物(PM10),63,68,41,38,24,18,18,NA,NA,28,24,9,11,0.5,0.5
2026-04-13T0600,1784A,129.61,44.561,牡丹江市,环保大楼,,42,42,48,3,18,68,68,NA,NA,8,19,2,2,0.3,0.4
2026-04-13T0600,1787A,129.6364,44.6075,牡丹江市,机车工厂,,30,30,47,6,20,56,56,NA,NA,17,20,4,7,0.4,0.5
2026-04-13T0600,1788A,129.6386,44.5462,牡丹江市,第一中学,,28,28,38,3,16,62,62,NA,NA,10,18,3,4,0.3,0.4
2026-04-13T0600,4287A,129.5992,44.5964,牡丹江市,东晓云街98号,,33,33,47,11,17,73,73,NA,NA,4,13,2,3,0.4,0.6
2026-04-13T0600,2531A,105.0703,29.61,内江市,市监测站,细颗粒物(PM2.5),56,NA,30,38,23,37,37,NA,NA,12,10,8,8,0.5,0.4
2026-04-13T0600,2533A,105.0657,29.5807,内江市,内江二中,细颗粒物(PM2.5),58,44,38,39,22,34,34,NA,NA,14,12,7,6,0.4,0.3
2026-04-13T0600,2534A,105.0407,29.5828,内江市,内江日报社,NA,NA,NA,31,37,23,NA,NA,NA,NA,15,13,8,7,0.4,0.4
2026-04-13T0600,4147A,105.0433,29.6105,内江市,玉峰路西段888号,细颗粒物(PM2.5),78,NA,28,49,25,36,36,NA,NA,14,11,8,7,0.3,0.2
2026-04-13T0600,2628A,92.0653,31.4846,那曲市,那曲监测站,,40,36,42,28,27,94,94,NA,NA,7,17,2,5,0.7,0.8
2026-04-13T0600,4243A,92.0515,31.4787,那曲市,那曲市委宣传部,,32,27,29,16,19,101,101,NA,NA,3,7,10,10,0.4,0.5
2026-04-13T0600,1291A,115.8887,28.7006,南昌市,省林业公司,,43,NA,28,30,15,53,53,NA,NA,8,12,8,4,0.5,0.4
2026-04-13T0600,1292A,115.813,28.7443,南昌市,林科所,NA,NA,NA,22,28,15,72,72,NA,NA,1,9,NA,8,1.1,0.9
2026-04-13T0600,1294A,115.8518,28.687,南昌市,建工学校,NA,NA,37,33,28,16,58,58,NA,NA,12,12,NA,9,0.9,0.8
2026-04-13T0600,1295A,115.8926,28.6425,南昌市,象湖,NA,NA,NA,25,35,23,63,63,NA,NA,10,10,NA,8,0.9,0.9
2026-04-13T0600,3046A,115.9084,28.6062,南昌市,机电学校,,40,35,41,28,21,66,66,NA,NA,12,15,4,4,0.6,0.6
2026-04-13T0600,3690A,115.9718,28.7032,南昌市,外国语学校,,50,NA,31,35,22,61,61,NA,NA,14,14,10,9,0.6,0.6
2026-04-13T0600,4106A,115.7923,28.6873,南昌市,工业二路,NA,NA,37,39,24,17,67,67,NA,NA,10,13,NA,5,0.7,0.7
2026-04-13T0600,4192A,115.931587,28.686774,南昌市,南京东路235号,,43,39,35,30,18,64,64,NA,NA,8,9,6,5,0.5,0.4
2026-04-13T0600,1906A,106.0791,30.8022,南充市,南充市委,,25,25,25,15,15,36,36,NA,NA,13,16,8,7,0.3,0.3
2026-04-13T0600,1907A,106.1038,30.8215,南充市,南充炼油厂,,28,28,26,16,15,41,41,NA,NA,8,12,6,5,0.2,0.2
2026-04-13T0600,4227A,106.108336,30.788436,南充市,梨树横街98号,,23,20,25,16,17,44,44,NA,NA,9,13,6,6,0.2,0.2
2026-04-13T0600,4304A,106.1172,30.843,南充市,清泉寺北路188号,,22,18,23,15,15,42,42,NA,NA,7,8,6,7,0.2,0.2
2026-04-13T0600,4305A,106.067,30.7616,南充市,同庆路1号,,25,25,24,13,14,43,43,NA,NA,12,16,7,6,0.3,0.3
2026-04-13T0600,1151A,118.8033,32.1085,南京市,迈皋桥,,27,27,19,18,12,62,62,NA,NA,21,25,4,3,1.1,1.1
2026-04-13T0600,1152A,118.7487,32.057,南京市,草场门,,32,31,22,22,14,57,57,NA,NA,25,24,8,8,0.4,0.4
2026-04-13T0600,1154A,118.770105,32.004342,南京市,中华门,,30,27,20,21,12,48,48,NA,NA,14,18,7,6,0.2,0.4
2026-04-13T0600,1155A,118.8059,32.0329,南京市,瑞金路,,36,36,25,25,15,56,56,NA,NA,1,6,4,6,0.5,0.5
2026-04-13T0600,1156A,118.7946,32.0774,南京市,玄武湖,,32,26,24,22,11,49,49,NA,NA,12,14,4,4,0.4,0.5
2026-04-13T0600,1157A,118.6415,32.0964,南京市,浦口,,26,24,21,18,14,53,53,NA,NA,11,16,4,4,0.5,0.6
2026-04-13T0600,1158A,118.730129,32.000956,南京市,奥体中心,NA,NA,26,23,18,11,NA,NA,NA,NA,19,20,6,7,0.3,0.4
2026-04-13T0600,1159A,118.9072,32.1047,南京市,仙林大学城,,39,39,28,20,13,62,62,NA,NA,15,18,8,8,0.5,0.6
2026-04-13T0600,3422A,118.8443,31.919,南京市,江宁彩虹桥,,26,18,16,18,8,71,71,NA,NA,14,21,4,4,0.7,0.7
2026-04-13T0600,3427A,118.8497,32.3599,南京市,六合雄州,,26,17,18,8,11,82,82,NA,NA,12,15,4,4,0.6,0.6
2026-04-13T0600,4086A,118.7641,32.0841,南京市,新模范马路66号,,36,36,24,17,11,61,61,NA,NA,16,18,4,4,0.4,0.4
2026-04-13T0600,4249A,118.8707617,31.34017673,南京市,汶溪路181号,,35,30,23,24,14,55,55,NA,NA,10,15,4,6,0.5,0.4
2026-04-13T0600,4312A,119.019,31.6512,南京市,中山西路1号,,32,NA,12,22,11,55,55,NA,NA,12,16,4,4,0.4,0.4
2026-04-13T0600,1401A,108.3098,22.788,南宁市,二十一中,细颗粒物(PM2.5),68,NA,62,44,46,77,77,NA,NA,8,10,2,2,0.8,0.8
2026-04-13T0600,1402A,108.3135,22.8529,南宁市,北湖,细颗粒物(PM2.5),82,58,64,51,51,76,76,NA,NA,8,8,3,3,0.7,0.8
2026-04-13T0600,1403A,108.3205,22.8222,南宁市,市监测站,细颗粒物(PM2.5),66,53,62,43,44,82,82,NA,NA,4,7,3,3,0.5,0.6
2026-04-13T0600,1404A,108.3828,22.8038,南宁市,大自然花园,细颗粒物(PM2.5),78,54,63,49,45,68,68,NA,NA,8,9,6,6,0.5,0.6
2026-04-13T0600,1406A,108.2397,22.8462,南宁市,区农职院,颗粒物(PM10),56,58,69,35,44,80,80,NA,NA,8,10,4,5,0.5,0.6
2026-04-13T0600,1407A,108.3285,22.7356,南宁市,英华嘉园,细颗粒物(PM2.5),66,56,70,43,44,79,79,NA,NA,8,10,4,5,0.6,0.7
2026-04-13T0600,3401A,108.4829,22.762,南宁市,红星社区,细颗粒物(PM2.5),60,62,64,40,41,58,58,NA,NA,12,12,6,6,0.7,0.8
2026-04-13T0600,4132A,108.2927,23.1477,南宁市,起凤路9号,细颗粒物(PM2.5),78,67,75,49,56,83,83,NA,NA,6,7,5,5,0.6,0.8
2026-04-13T0600,4221A,108.2177,22.7774,南宁市,乐贤路16号,细颗粒物(PM2.5),68,59,66,44,46,60,60,NA,NA,17,15,6,6,0.6,0.6
2026-04-13T0600,2332A,118.1682,26.6371,南平市,南平市监测站,NA,NA,24,26,18,18,57,57,NA,NA,5,7,NA,4,0.5,0.5
2026-04-13T0600,2334A,118.1757,26.6276,南平市,南平七中,NA,NA,21,27,15,18,55,55,NA,NA,6,8,NA,2,0.5,0.5
2026-04-13T0600,1168A,120.9056,31.9669,南通市,狼山街道,,32,17,6,9,2,100,100,NA,NA,5,7,2,3,0.4,0.4
2026-04-13T0600,1170A,120.8635,32.0231,南通市,城中,,30,14,12,7,4,93,93,NA,NA,8,10,3,3,0.3,0.4
2026-04-13T0600,1171A,120.9376,31.9301,南通市,星湖花园,NA,NA,6,5,3,2,101,101,NA,NA,4,7,NA,3,0.4,0.4
2026-04-13T0600,1172A,120.8053,32.046,南通市,紫琅学院,,34,6,5,3,3,107,107,NA,NA,10,14,4,4,0.5,0.6
2026-04-13T0600,3291A,121.0631,32.0644,南通市,通州监测站,,34,7,10,3,4,106,106,NA,NA,2,4,3,3,0.4,0.5
2026-04-13T0600,3432A,120.9348,31.9874,南通市,环境教育馆,,30,19,10,8,3,94,94,NA,NA,14,15,3,3,0.5,0.4
2026-04-13T0600,4091A,120.8692,31.9885,南通市,洪江路,NA,NA,15,9,8,2,97,97,NA,NA,9,11,NA,4,0.7,0.7
2026-04-13T0600,2404A,112.5338,33.0086,南阳市,瓦房庄,,44,44,52,28,26,82,82,NA,NA,12,12,5,4,0.6,0.6
2026-04-13T0600,2405A,112.5002,32.9734,南阳市,汉画馆,颗粒物(PM10),51,51,56,28,23,88,88,NA,NA,10,11,7,6,0.7,0.7
2026-04-13T0600,2406A,112.5778,33.0144,南阳市,气象站,,46,46,52,32,25,78,78,NA,NA,14,13,6,5,0.5,0.5
2026-04-13T0600,2407A,112.548,32.9687,南阳市,理工学院,细颗粒物(PM2.5),64,53,55,42,30,75,75,NA,NA,11,10,6,5,0.5,0.5
2026-04-13T0600,4008A,112.5233,32.9921,南阳市,卧龙区政府,颗粒物(PM10),53,54,51,32,27,85,85,NA,NA,11,11,7,7,0.6,0.6
2026-04-13T0600,1234A,121.8352,29.9111,宁波市,区环保大楼,,42,38,36,29,21,42,42,NA,NA,31,37,8,7,0.5,0.5
2026-04-13T0600,1235A,121.5595,29.8208,宁波市,万里学院,细颗粒物(PM2.5),66,NA,31,43,26,53,53,NA,NA,12,16,8,8,0.6,0.6
2026-04-13T0600,1236A,121.713,29.9564,宁波市,龙赛医院,NA,NA,48,33,33,18,47,47,NA,NA,16,23,NA,6,0.4,0.4
2026-04-13T0600,1240A,121.5855,29.8635,宁波市,太古小学,细颗粒物(PM2.5),56,53,39,38,25,53,53,NA,NA,12,20,4,3,0.6,0.6
2026-04-13T0600,1241A,121.5239,29.8673,宁波市,市环境监测中心,细颗粒物(PM2.5),86,NA,33,53,30,42,42,NA,NA,14,18,7,6,0.5,0.5
2026-04-13T0600,2871A,121.6156,29.9015,宁波市,万里国际学校,细颗粒物(PM2.5),64,43,31,42,26,42,42,NA,NA,20,21,4,4,0.7,0.6
2026-04-13T0600,3710A,121.5593,29.8976,宁波市,白沙活动中心,,49,NA,24,34,21,47,47,NA,NA,14,16,5,5,0.5,0.4
2026-04-13T0600,4095A,121.8962,29.7529,宁波市,中科路88号,,29,25,30,20,20,61,61,NA,NA,10,15,7,6,0.5,0.4
2026-04-13T0600,2341A,119.5387,26.6611,宁德市,宁德市监测站,,28,28,35,19,25,15,15,NA,NA,9,13,7,5,0.8,1
2026-04-13T0600,3209A,119.5231,26.6562,宁德市,宁德一中,NA,NA,26,33,16,23,25,25,NA,NA,10,17,NA,4,0.4,0.7
2026-04-13T0600,2618A,98.859,25.8541,怒江傈僳族自治州,州监测站,,28,28,33,10,23,70,70,NA,NA,14,16,9,9,0.2,0.2
2026-04-13T0600,2619A,98.8607,25.8168,怒江傈僳族自治州,泸水一中,,25,18,29,17,23,67,67,NA,NA,8,18,5,5,0.4,0.5
2026-04-13T0600,1888A,101.6891,26.571,攀枝花市,弄弄坪,,43,43,36,28,21,98,98,NA,NA,7,15,6,22,0.6,1.1
2026-04-13T0600,1889A,101.577,26.5914,攀枝花市,河门口,颗粒物(PM10),53,54,38,24,17,75,75,NA,NA,14,13,12,14,0.6,0.7
2026-04-13T0600,1891A,101.7365,26.4986,攀枝花市,仁和,,49,48,31,34,21,73,73,NA,NA,14,8,9,6,0.7,0.6
2026-04-13T0600,2835A,101.7222,26.567,攀枝花市,四十中小,,30,30,27,21,16,77,77,NA,NA,20,11,12,12,0.7,0.7
2026-04-13T0600,1604A,122.0303,41.1489,盘锦市,开发区,,43,43,81,3,67,73,73,NA,NA,9,14,5,7,0.2,0.4
2026-04-13T0600,1605A,122.0486,41.0883,盘锦市,兴隆台,NA,NA,NA,76,NA,59,NA,NA,122,NA,NA,19,NA,10,NA,0.6
2026-04-13T0600,1606A,121.8297,41.1026,盘锦市,新生街道,,34,34,69,3,48,54,54,NA,NA,12,23,5,7,0.2,0.6
2026-04-13T0600,1832A,113.3257,33.7423,平顶山市,新华旅馆,颗粒物(PM10),66,72,78,35,40,62,62,NA,NA,20,17,6,6,0.5,0.6
2026-04-13T0600,1833A,113.2917,33.737,平顶山市,规划设计院,颗粒物(PM10),60,64,80,37,43,65,65,NA,NA,16,13,7,7,0.6,0.7
2026-04-13T0600,1834A,113.182,33.7738,平顶山市,平顶山工学院,颗粒物(PM10),61,65,68,39,39,59,59,NA,NA,16,14,10,9,0.3,0.4
2026-04-13T0600,3594A,112.8736,33.9068,平顶山市,石龙区,细颗粒物(PM2.5),78,54,72,49,40,61,61,NA,NA,9,15,7,8,0.6,0.6
2026-04-13T0600,4116A,113.284,33.7139,平顶山市,姚电大道23号,颗粒物(PM10),53,54,80,34,42,81,81,NA,NA,15,19,9,8,0.5,0.6
2026-04-13T0600,2656A,106.6633,35.5338,平凉市,聚贤嘉苑,,34,34,50,13,18,61,61,NA,NA,21,15,3,8,0.3,0.3
2026-04-13T0600,2657A,106.7021,35.5307,平凉市,博物馆,,32,32,47,8,15,66,66,NA,NA,12,14,7,10,0.3,0.3
2026-04-13T0600,2348A,113.8384,27.6436,萍乡市,中医院,,28,NA,38,19,26,62,62,NA,NA,7,16,4,5,0.8,1.1
2026-04-13T0600,2350A,113.8677,27.6438,萍乡市,市环保局,,28,21,34,19,29,61,61,NA,NA,10,20,3,2,1.1,1.3
2026-04-13T0600,2351A,113.8663,27.6202,萍乡市,安源区政府,,33,26,35,23,24,47,47,NA,NA,11,11,8,6,2.3,0.7
2026-04-13T0600,4107A,113.8686,27.6668,萍乡市,联洪村委会,NA,NA,23,41,23,26,54,54,NA,NA,4,12,NA,3,0.4,0.7
2026-04-13T0600,2319A,119.0142,25.4324,莆田市,荔城区仓后路,细颗粒物(PM2.5),54,NA,39,37,26,4,4,NA,NA,29,15,/,/,/,/
2026-04-13T0600,2320A,119.0016,25.4553,莆田市,莆田市监测站,,39,33,31,27,17,5,5,NA,NA,13,13,3,4,0.4,0.8
2026-04-13T0600,2321A,119.112,25.4561,莆田市,涵江区六中,,33,28,38,23,23,14,14,NA,NA,20,17,/,/,0.5,0.5
2026-04-13T0600,2322A,119.1014,25.3215,莆田市,秀屿区政府,,40,NA,30,28,23,23,23,NA,NA,12,9,4,4,0.3,0.3
2026-04-13T0600,2392A,115.0312,35.7636,濮阳市,环保局,,35,33,47,24,25,63,63,NA,NA,16,13,5,5,0.5,0.6
2026-04-13T0600,3021A,115,35.7667,濮阳市,濮水河管理处,,41,41,55,21,26,67,67,NA,NA,13,11,4,5,0.7,0.8
2026-04-13T0600,4118A,115.0552,35.7816,濮阳市,中原东路68号,,45,45,60,13,24,71,71,NA,NA,14,13,5,4,0.4,0.5
2026-04-13T0600,4216A,115.0923632,35.76857718,濮阳市,任丘路479号,,48,48,57,16,26,74,74,NA,NA,10,21,5,4,0.7,0.6
2026-04-13T0600,2601A,100.9801,22.7634,普洱市,市环保局,颗粒物(PM10),72,80,74,39,33,87,87,NA,NA,8,9,5,4,0.8,0.7
2026-04-13T0600,2602A,100.9763,22.8237,普洱市,普洱第二中学,"颗粒物(PM10),细颗粒物(PM2.5)",62,66,71,41,35,56,56,NA,NA,29,19,5,6,0.8,0.7
2026-04-13T0600,3345A,131.0413,45.7795,七台河市,中波台,,23,17,25,16,20,69,69,NA,NA,10,15,3,4,0.4,0.4
2026-04-13T0600,3637A,131.0136,45.7688,七台河市,人民广场,,26,25,30,12,16,81,81,NA,NA,8,17,9,10,0.5,0.5
2026-04-13T0600,3684A,130.8639,45.8144,七台河市,新建矿广场,,20,17,28,14,18,57,57,NA,NA,10,15,7,9,0.4,0.4
2026-04-13T0600,1779A,123.9307,47.3641,齐齐哈尔市,安居小区,,20,15,32,7,10,62,62,NA,NA,2,7,2,4,0.2,0.2
2026-04-13T0600,1780A,123.9497,47.3389,齐齐哈尔市,中心广场,,22,22,33,3,7,62,62,NA,NA,1,6,2,3,0.3,0.4
2026-04-13T0600,1781A,123.9483,47.3229,齐齐哈尔市,农牧车辆厂,,22,22,31,3,10,66,66,NA,NA,4,7,6,7,0.3,0.2
2026-04-13T0600,1783A,123.9442,47.2994,齐齐哈尔市,市环境监测站,,24,24,28,6,9,60,60,NA,NA,6,8,3,3,0.2,0.2
2026-04-13T0600,3662A,123.6341,47.2079,齐齐哈尔市,富区青少年活动中心,,25,25,34,3,10,52,52,NA,NA,10,9,3,3,0.2,0.3
2026-04-13T0600,2591A,107.9765,26.5724,黔东南苗族侗族自治州,市环境监测站,,22,18,24,15,16,53,53,NA,NA,2,5,3,2,0.5,0.5
2026-04-13T0600,2881A,107.8909,26.531,黔东南苗族侗族自治州,凯里学院,,31,31,27,17,14,57,57,NA,NA,2,5,3,2,0.6,0.6
2026-04-13T0600,2593A,107.5223,26.2371,黔南布依族苗族自治州,小围寨,,22,22,18,14,15,41,41,NA,NA,5,6,3,4,0.8,0.8
2026-04-13T0600,3538A,107.5175,26.2977,黔南布依族苗族自治州,沙坝,,16,14,22,11,14,39,39,NA,NA,3,5,4,4,1.0,1
2026-04-13T0600,2589A,104.9022,25.0943,黔西南布依族苗族自治州,场坝街,,29,27,34,20,24,86,86,NA,NA,7,9,6,10,0.3,0.3
2026-04-13T0600,2590A,104.8812,25.0994,黔西南布依族苗族自治州,坪东大道,,39,39,32,17,23,65,65,NA,NA,18,13,4,4,0.4,0.4
2026-04-13T0600,2502A,108.6238,21.9667,钦州市,市环保站,,36,34,60,25,36,36,36,NA,NA,9,12,5,7,0.6,0.8
2026-04-13T0600,2503A,108.655,21.9481,钦州市,沙埠小学,,35,35,65,24,39,31,31,NA,NA,11,14,5,5,0.5,0.7
2026-04-13T0600,2504A,108.5989,21.7435,钦州市,港区一小,颗粒物(PM10),60,64,76,30,39,20,20,NA,NA,19,13,5,3,0.6,0.7
2026-04-13T0600,3404A,108.5959,21.9634,钦州市,北职校,,45,44,63,31,38,28,28,NA,NA,12,12,6,7,0.6,0.7
2026-04-13T0600,1046A,119.5247,39.9346,秦皇岛市,建设大厦,颗粒物(PM10),53,53,122,3,67,70,70,NA,NA,8,27,6,10,0.2,0.7
2026-04-13T0600,3132A,119.5979,39.938,秦皇岛市,文明里,颗粒物(PM10),70,77,131,8,66,66,66,NA,NA,12,34,10,13,0.2,0.6
2026-04-13T0600,4066A,119.7458,39.9952,秦皇岛市,南园路157号,,49,49,119,7,69,57,57,NA,NA,17,37,8,11,0.2,0.7
2026-04-13T0600,4067A,119.5131,39.8858,秦皇岛市,翠岛大街1号,颗粒物(PM10),55,56,114,3,65,60,60,NA,NA,11,32,8,12,0.2,0.7
2026-04-13T0600,4198A,119.509013,39.825305,秦皇岛市,北戴河轮滑馆,颗粒物(PM10),65,70,111,7,65,69,69,NA,NA,12,30,9,10,0.2,0.6
2026-04-13T0600,1310A,120.404,36.0625,青岛市,市南区东部子站,,29,27,55,13,42,90,90,NA,NA,22,24,5,7,0.3,0.5
2026-04-13T0600,1311A,120.362344,36.10282,青岛市,四方区子站,,23,19,48,16,35,73,73,NA,NA,27,20,5,6,0.7,0.7
2026-04-13T0600,1312A,120.294373,36.054183,青岛市,市南区西部子站,,36,36,56,25,46,92,92,NA,NA,22,33,7,5,0.5,0.7
2026-04-13T0600,1313A,120.4581,36.0858,青岛市,崂山区子站,,32,14,50,3,34,101,101,NA,NA,16,23,8,9,0.4,0.6
2026-04-13T0600,1315A,120.3945,36.3083,青岛市,城阳区子站,,29,29,49,16,29,70,70,NA,NA,26,24,6,6,0.6,0.7
2026-04-13T0600,3642A,120.3454,36.0735,青岛市,市北区南部,,29,29,48,17,35,76,76,NA,NA,26,17,3,5,0.6,0.7
2026-04-13T0600,3643A,120.3897,36.18,青岛市,李沧区北部,,26,24,41,18,26,82,82,NA,NA,23,21,9,9,0.5,0.5
2026-04-13T0600,4110A,120.5222,36.4089,青岛市,盟旺路653号,,49,NA,33,34,21,86,86,NA,NA,11,10,3,4,0.7,0.7
2026-04-13T0600,4290A,120.196923,35.954556,青岛市,珠江路669号,NA,NA,112,74,56,48,NA,NA,NA,NA,90,22,9,6,0.8,0.7
2026-04-13T0600,4291A,120.0424,35.8656,青岛市,黄岛区人民政府广场,,48,48,56,25,35,36,36,NA,NA,35,20,7,8,0.7,0.7
2026-04-13T0600,1703A,113.0218,23.7086,清远市,凤城街办,,28,28,35,13,19,23,23,NA,NA,20,21,/,/,/,/
2026-04-13T0600,3025A,113.0479,23.6343,清远市,技师学院,,27,27,36,13,19,22,22,NA,NA,25,22,4,4,0.3,0.3
2026-04-13T0600,3318A,112.9898,23.7403,清远市,清新太和,,30,30,39,14,21,34,34,NA,NA,17,20,7,7,0.4,0.5
2026-04-13T0600,3455A,113.076,23.72,清远市,清城东城,,41,41,41,15,18,24,24,NA,NA,19,20,/,/,/,/
2026-04-13T0600,2661A,107.6325,35.7357,庆阳市,庆阳五中,,29,21,33,12,14,92,92,NA,NA,9,10,4,5,0.3,0.3
2026-04-13T0600,2662A,107.6361,35.7067,庆阳市,市环保局,,32,22,32,6,13,102,102,NA,NA,9,12,5,9,0.3,0.3
2026-04-13T0600,1916A,103.7897,25.5036,曲靖市,环境监测站,,38,33,41,18,19,119,119,NA,NA,8,12,6,8,0.5,0.6
2026-04-13T0600,1917A,103.8013,25.5357,曲靖市,烟厂办公区,,42,42,37,23,16,100,100,NA,NA,9,13,9,8,0.7,0.5
2026-04-13T0600,3376A,103.7926,25.4651,曲靖市,南苑二区,,40,40,35,23,17,114,114,NA,NA,6,9,4,4,0.4,0.4
2026-04-13T0600,3377A,103.7442,25.5259,曲靖市,曲靖师范学院,,39,39,38,23,18,112,112,NA,NA,8,10,7,6,0.7,0.3
2026-04-13T0600,1264A,118.8694,28.94,衢州市,环保大楼,,47,47,42,29,29,11,11,NA,NA,27,25,/,/,/,/
2026-04-13T0600,1266A,118.8622,28.9809,衢州市,衢州学院,,46,45,35,32,26,17,17,NA,NA,28,30,6,5,0.6,0.6
2026-04-13T0600,4097A,118.9646,28.9832,衢州市,衢州三中,,46,46,43,30,30,9,9,NA,NA,26,27,8,7,0.7,0.7
2026-04-13T0600,1611A,118.5818,24.9116,泉州市,涂山街,NA,NA,31,32,28,23,16,16,NA,NA,23,13,NA,3,0.6,0.5
2026-04-13T0600,1612A,118.597,24.8976,泉州市,津头埔,,45,NA,30,31,23,13,13,NA,NA,21,13,4,2,0.4,0.4
2026-04-13T0600,1613A,118.6669,24.9422,泉州市,万安,细颗粒物(PM2.5),58,NA,31,39,30,20,20,NA,NA,12,9,4,3,0.4,0.4
2026-04-13T0600,4105A,118.6355,24.9148,泉州市,霞新路6号,,40,30,29,28,22,13,13,NA,NA,21,13,/,/,0.4,0.4
2026-04-13T0600,2626A,88.8873,29.2723,日喀则市,日喀则监测站,,39,12,16,11,5,123,123,NA,NA,3,4,9,8,0.3,0.3
2026-04-13T0600,3726A,88.8775,29.2425,日喀则市,林业技术推广中心,,39,16,20,3,3,123,123,NA,NA,2,4,6,5,0.3,0.3
2026-04-13T0600,1659A,119.4711,35.421,日照市,监测站,,34,34,45,21,25,3,3,NA,NA,66,36,6,8,0.7,0.7
2026-04-13T0600,1660A,119.523,35.4216,日照市,市政府广场,,39,39,47,24,31,43,43,NA,NA,32,21,5,6,0.6,0.6
2026-04-13T0600,1661A,119.5511,35.4113,日照市,港务局,,41,41,51,24,29,44,44,NA,NA,18,18,4,4,0.6,0.7
2026-04-13T0600,3507A,119.5326,35.4627,日照市,职业技术学院,,22,12,37,8,26,70,70,NA,NA,17,19,6,7,0.5,0.6
2026-04-13T0600,3604A,119.3267,35.1043,日照市,岚山环保分局,,30,9,44,3,26,96,96,NA,NA,10,19,18,11,0.7,0.7
2026-04-13T0600,1835A,111.1922,34.7752,三门峡市,市政府,,39,39,56,25,33,87,87,NA,NA,9,13,12,12,0.6,0.6
2026-04-13T0600,1836A,111.1588,34.794,三门峡市,开发区,颗粒物(PM10),64,69,71,35,36,90,90,NA,NA,10,14,13,14,0.6,0.6
2026-04-13T0600,3039A,111.1911,34.7829,三门峡市,三门峡市第一小学,,43,38,61,30,33,89,89,NA,NA,10,13,15,17,0.6,0.6
2026-04-13T0600,3598A,111.1031,34.719,三门峡市,富达温泉假日酒店,颗粒物(PM10),59,62,73,38,37,84,84,NA,NA,10,20,16,18,0.5,0.6
2026-04-13T0600,2324A,117.621,26.2626,三明市,三钢,NA,NA,26,28,26,21,63,63,NA,NA,4,11,NA,9,0.5,1.2
2026-04-13T0600,2325A,117.6352,26.2714,三明市,三明二中,NA,NA,23,28,22,21,54,54,NA,NA,7,12,NA,4,0.4,0.8
2026-04-13T0600,2326A,117.6028,26.2377,三明市,三元区政府,,33,27,30,23,22,53,53,NA,NA,11,14,6,7,1.1,0.7
2026-04-13T0600,1877A,109.4962,18.2682,三亚市,河西子站,,29,29,34,18,19,81,81,NA,NA,3,3,4,4,0.4,0.4
2026-04-13T0600,3540A,109.7348,18.3443,三亚市,君悦子站,,49,49,33,11,13,78,78,NA,NA,3,4,4,3,0.4,0.4
2026-04-13T0600,4135A,109.1714,18.3739,三亚市,城东小学站,,36,36,37,25,22,82,82,NA,NA,4,5,/,/,/,/
2026-04-13T0600,2624A,91.7592,29.234,山南市,山南监测站,,39,11,30,3,5,123,123,NA,NA,2,3,10,9,0.2,0.2
2026-04-13T0600,2625A,91.7701,29.2436,山南市,山南人民医院,,39,12,41,3,9,123,123,NA,NA,1,3,8,8,0.2,0.2
2026-04-13T0600,1674A,116.6795,23.3666,汕头市,金平子站,,30,NA,23,21,15,28,28,NA,NA,10,9,4,4,0.5,0.5
2026-04-13T0600,1675A,116.7248,23.3632,汕头市,龙湖子站,,32,NA,24,22,17,23,23,NA,NA,7,6,5,7,/,/
2026-04-13T0600,1676A,116.7257,23.2774,汕头市,濠江子站,,28,23,27,19,16,21,21,NA,NA,17,18,8,8,/,/
2026-04-13T0600,1677A,116.7518,23.4712,汕头市,澄海子站,,35,NA,30,24,16,19,19,NA,NA,13,7,7,7,0.6,0.6
2026-04-13T0600,1678A,116.6088,23.2539,汕头市,潮阳子站,,33,NA,23,23,19,19,19,NA,NA,11,7,8,6,0.5,0.5
2026-04-13T0600,3444A,116.4539,23.2684,汕头市,潮南峡山,,43,42,22,30,14,15,15,NA,NA,12,3,7,6,0.6,0.5
2026-04-13T0600,3624A,116.4069,23.2533,汕头市,潮南子站,,20,20,27,12,14,30,30,NA,NA,3,3,5,6,/,/
2026-04-13T0600,1693A,115.3653,22.7751,汕尾市,市环保局,,15,14,22,10,12,31,31,NA,NA,6,4,5,5,0.3,0.3
2026-04-13T0600,1695A,115.362,22.7926,汕尾市,新城中学,,15,13,21,10,11,35,35,NA,NA,7,6,6,6,0.1,0.1
2026-04-13T0600,2645A,109.9155,33.8714,商洛市,监测站,,41,41,40,25,19,29,29,NA,NA,15,21,8,7,0.5,0.5
2026-04-13T0600,3045A,109.9647,33.8486,商洛市,商州区中学,,41,41,42,20,18,11,11,NA,NA,22,27,5,5,0.5,0.5
2026-04-13T0600,2408A,115.6701,34.4283,商丘市,环境监测站,,50,43,50,35,31,49,49,NA,NA,16,12,4,4,0.3,0.4
2026-04-13T0600,2409A,115.6458,34.4047,商丘市,粮食局,,48,44,41,33,31,48,48,NA,NA,14,9,8,5,0.3,0.4
2026-04-13T0600,3171A,115.6069,34.4465,商丘市,梁园区档案局,颗粒物(PM10),55,57,41,25,29,52,52,NA,NA,20,13,6,5,0.3,0.4
2026-04-13T0600,4119A,115.6701,34.3767,商丘市,北海东路185号,"颗粒物(PM10),细颗粒物(PM2.5)",52,52,50,36,28,48,48,NA,NA,18,13,7,6,0.3,0.4
2026-04-13T0600,4120A,115.6172,34.3704,商丘市,中山大街3号,颗粒物(PM10),52,52,49,27,30,52,52,NA,NA,15,15,8,6,0.3,0.3
2026-04-13T0600,1141A,121.401,31.2382,上海市,普陀,,26,18,14,14,9,83,83,NA,NA,17,18,5,5,0.3,0.4
2026-04-13T0600,1142A,121.4774,31.2043,上海市,十五厂,,25,22,17,17,11,79,79,NA,NA,18,21,5,5,0.4,0.5
2026-04-13T0600,1143A,121.4673,31.3011,上海市,虹口,,29,11,11,11,10,91,91,NA,NA,8,16,4,4,0.4,0.5
2026-04-13T0600,1147A,121.4253,31.226,上海市,静安监测站,,28,20,13,19,10,79,79,NA,NA,21,22,8,7,0.5,0.5
2026-04-13T0600,1148A,121.7029,31.1905,上海市,浦东川沙,,30,12,9,10,6,95,95,NA,NA,17,20,7,7,0.4,0.4
2026-04-13T0600,1149A,121.5339,31.229,上海市,浦东新区监测站,,25,16,10,14,8,80,80,NA,NA,14,15,5,5,0.4,0.4
2026-04-13T0600,1150A,121.5776,31.2038,上海市,浦东张江,,29,13,8,12,8,90,90,NA,NA,14,15,6,6,0.2,0
2026-04-13T0600,3265A,121.4242,31.3303,上海市,宝山庙行,NA,NA,12,12,11,9,87,87,NA,NA,17,24,NA,6,0.3,0.3
2026-04-13T0600,3266A,121.8789,31.4662,上海市,崇明上实东滩,NA,NA,6,5,3,5,107,107,NA,NA,7,9,NA,8,0.2,0.2
2026-04-13T0600,3268A,121.316,31.2839,上海市,嘉定南翔,,25,17,14,13,10,78,78,NA,NA,11,16,4,4,0.3,0.3
2026-04-13T0600,3269A,121.3357,30.7455,上海市,金山新城,,39,30,24,27,19,58,58,NA,NA,10,13,3,3,0.6,0.5
2026-04-13T0600,3270A,121.4996,31.0741,上海市,闵行浦江,,26,16,13,15,10,82,82,NA,NA,12,16,5,5,0.3,0.3
2026-04-13T0600,3271A,121.2886,31.1663,上海市,青浦徐泾,,35,25,16,24,13,77,77,NA,NA,14,19,4,4,0.4,0.4
2026-04-13T0600,3272A,121.2193,31.0382,上海市,松江图书馆,,35,32,22,24,17,75,75,NA,NA,10,17,6,6,0.5,0.5
2026-04-13T0600,3273A,121.3904,31.206,上海市,长宁仙霞,,30,23,14,21,11,71,71,NA,NA,16,17,4,4,0.2,0.2
2026-04-13T0600,3274A,121.7964,31.0507,上海市,浦东惠南,,27,12,11,12,9,84,84,NA,NA,14,14,6,6,0.5,0.5
2026-04-13T0600,3544A,121.4891,30.925,上海市,奉贤南桥新城,,26,NA,15,17,14,81,81,NA,NA,11,17,3,3,0.4,0.4
2026-04-13T0600,4183A,121.417401,31.16637,上海市,冠生园路458号,,28,19,13,19,12,74,74,NA,NA,10,18,8,8,0.4,0.5
2026-04-13T0600,4205A,121.541914,31.268301,上海市,宁武路151号,,30,15,16,12,10,96,96,NA,NA,9,25,6,6,0.2,0.3
2026-04-13T0600,2382A,117.9758,28.4439,上饶市,市监测站,颗粒物(PM10),57,59,43,34,22,11,11,NA,NA,19,15,13,6,/,/
2026-04-13T0600,2383A,117.9521,28.4637,上饶市,凤凰光学,细颗粒物(PM2.5),66,60,37,43,24,10,10,NA,NA,27,23,8,6,0.9,0.8
2026-04-13T0600,3685A,117.897,28.4316,上饶市,双创科技城,细颗粒物(PM2.5),64,54,36,42,25,17,17,NA,NA,22,18,11,9,0.7,0.7
2026-04-13T0600,4211A,118.190438,28.444845,上饶市,裕丰大道,,43,43,45,30,26,22,22,NA,NA,8,12,11,13,1.0,1
2026-04-13T0600,1669A,113.5821,24.7733,韶关市,市八中,,34,34,45,17,26,47,47,NA,NA,14,19,10,18,0.6,0.7
2026-04-13T0600,1671A,113.5916,24.7973,韶关市,园林处,,30,30,38,20,27,42,42,NA,NA,16,18,10,13,/,/
2026-04-13T0600,1673A,113.5971,24.6864,韶关市,曲江监测站,,29,29,40,20,25,42,42,NA,NA,14,16,13,9,0.5,0.7
2026-04-13T0600,2809A,113.6668,24.7756,韶关市,大学路288号,NA,NA,27,44,19,30,NA,NA,NA,NA,8,12,5,9,/,/
2026-04-13T0600,3622A,113.5556,24.8082,韶关市,碧湖山庄,,36,36,41,18,25,57,57,NA,NA,14,14,17,10,0.5,0.5
2026-04-13T0600,2464A,111.5277,27.2442,邵阳市,市化工厂,细颗粒物(PM2.5),52,44,34,36,28,41,41,NA,NA,11,9,8,9,0.7,0.8
2026-04-13T0600,2466A,111.4327,27.2276,邵阳市,市环保局,,45,39,32,31,26,35,35,NA,NA,9,8,9,9,0.8,0.9
2026-04-13T0600,4218A,111.446,27.2472,邵阳市,北塔二期4-26地块,,40,36,32,28,21,27,27,NA,NA,8,8,6,6,0.7,0.7
2026-04-13T0600,4219A,111.4739,27.2282,邵阳市,邵水西路287号,,46,37,35,32,27,56,56,NA,NA,8,9,6,6,0.6,0.6
2026-04-13T0600,1247A,120.6053,29.9927,绍兴市,城东开发委,"颗粒物(PM10),细颗粒物(PM2.5)",62,66,48,41,30,40,40,NA,NA,17,23,6,7,0.3,0.3
2026-04-13T0600,2921A,120.5482,30.0003,绍兴市,树下王站,细颗粒物(PM2.5),66,NA,39,43,32,38,38,NA,NA,14,20,7,7,0.6,0.6
2026-04-13T0600,3408A,120.5685,29.936,绍兴市,绍兴中专,颗粒物(PM10),60,63,44,39,28,40,40,NA,NA,14,19,8,8,0.3,0.4
2026-04-13T0600,3409A,120.4905,30.086,绍兴市,柯桥区政府,细颗粒物(PM2.5),54,44,45,37,32,45,45,NA,NA,16,23,10,8,0.4,0.3
2026-04-13T0600,3410A,120.8751,30.0249,绍兴市,重华小学,"颗粒物(PM10),细颗粒物(PM2.5)",54,55,40,37,24,50,50,NA,NA,15,19,8,8,0.4,0.4
2026-04-13T0600,3411A,120.837,30.0137,绍兴市,上虞中学,NA,NA,62,40,41,27,32,32,NA,NA,23,14,NA,6,0.5,0.5
2026-04-13T0600,3560A,120.4715,30.0414,绍兴市,柯桥妇保,,50,50,48,32,32,39,39,NA,NA,15,23,6,6,0.5,0.6
2026-04-13T0600,3658A,120.6156,30.0762,绍兴市,袍江中学,,43,43,43,28,27,42,42,NA,NA,18,24,7,6,0.4,0.4
2026-04-13T0600,1356A,114.0948,22.5506,深圳市,通心岭子站,,20,20,23,8,13,24,24,NA,NA,11,10,6,6,0.3,0.4
2026-04-13T0600,1357A,114.1153,22.5713,深圳市,洪湖,,24,24,26,10,11,20,20,NA,NA,15,10,5,5,0.3,0.3
2026-04-13T0600,1358A,113.9823,22.5398,深圳市,华侨城,,21,21,23,9,10,38,38,NA,NA,7,8,/,/,/,/
2026-04-13T0600,1359A,113.9181,22.517,深圳市,南海子站,,23,23,26,12,13,39,39,NA,NA,2,7,3,4,0.6,0.6
2026-04-13T0600,1360A,114.2345,22.565,深圳市,盐田,,30,30,25,10,13,11,11,NA,NA,25,17,6,5,0.3,0.3
2026-04-13T0600,1363A,114.4911,22.5381,深圳市,南澳,,19,19,22,8,8,24,24,NA,NA,4,4,/,/,/,/
2026-04-13T0600,1364A,114.41,22.6346,深圳市,葵涌,,17,17,21,7,8,44,44,NA,NA,5,6,5,5,0.4,0.4
2026-04-13T0600,1365A,114.2967,22.5978,深圳市,梅沙,,18,18,25,3,8,29,29,NA,NA,11,16,/,/,/,/
2026-04-13T0600,1366A,114.0563,22.7353,深圳市,观澜,,39,39,35,14,15,4,4,NA,NA,34,19,5,5,0.7,0.7
2026-04-13T0600,3305A,114.0614,22.556,深圳市,莲花,,19,19,22,10,12,17,17,NA,NA,12,9,/,/,/,/
2026-04-13T0600,3306A,114.0144,22.6163,深圳市,民治,,21,21,24,10,11,40,40,NA,NA,3,4,/,/,/,/
2026-04-13T0600,3307A,114.1756,22.6421,深圳市,横岗,,25,25,27,11,13,14,14,NA,NA,26,17,/,/,/,/
2026-04-13T0600,3447A,114.344,22.7115,深圳市,坪山,,18,18,22,9,10,37,37,NA,NA,7,8,5,5,0.5,0.5
2026-04-13T0600,3623A,113.8952,22.586,深圳市,西乡,,29,22,29,3,9,90,90,NA,NA,9,11,4,6,0.5,0.5
2026-04-13T0600,4220A,114.214113,22.713717,深圳市,黄阁路,,17,17,24,7,11,24,24,NA,NA,12,11,4,4,0.6,0.6
2026-04-13T0600,1099A,123.5058,41.7084,沈阳市,浑南东路,颗粒物(PM10),60,64,75,3,25,65,65,NA,NA,16,17,9,12,0.3,0.5
2026-04-13T0600,1100A,123.4238,41.6992,沈阳市,新秀街,NA,NA,20,91,3,25,78,78,NA,NA,9,14,NA,10,0.3,0.5
2026-04-13T0600,1102A,123.5903,41.8412,沈阳市,东陵路,NA,NA,31,84,3,21,51,51,NA,NA,14,15,NA,10,0.2,0.4
2026-04-13T0600,1103A,123.4267,41.8466,沈阳市,陵东街,NA,NA,86,74,25,23,31,31,NA,NA,36,18,NA,9,0.5,0.6
2026-04-13T0600,1104A,123.4116,41.7654,沈阳市,文化路,NA,NA,49,78,3,23,74,74,NA,NA,11,14,NA,6,0.2,0.4
2026-04-13T0600,1105A,123.4673,41.787,沈阳市,小河沿,颗粒物(PM10),58,60,75,3,22,72,72,NA,NA,12,13,5,7,0.3,0.5
2026-04-13T0600,1106A,123.4019,41.7978,沈阳市,太原街,NA,NA,45,114,3,27,66,66,NA,NA,18,17,NA,6,0.2,0.4
2026-04-13T0600,1108A,123.3778,41.9233,沈阳市,京沈街,NA,NA,52,97,3,22,70,70,NA,NA,11,16,NA,12,0.4,0.6
2026-04-13T0600,2897A,123.2429,41.7341,沈阳市,沈辽西路,,41,41,74,7,28,60,60,NA,NA,22,19,8,10,0.4,0.6
2026-04-13T0600,2900A,123.5951,41.9085,沈阳市,裕农路,颗粒物(PM10),53,54,71,3,22,64,64,NA,NA,12,16,7,10,0.3,0.5
2026-04-13T0600,2429A,110.78,32.6494,十堰市,滨河新村,,46,46,48,32,25,57,57,NA,NA,12,16,/,/,0.7,0.7
2026-04-13T0600,2430A,110.7305,32.6408,十堰市,刘家沟,,41,41,42,23,24,34,34,NA,NA,7,8,/,/,/,/
2026-04-13T0600,2431A,110.8843,32.5712,十堰市,铁二处,,39,38,41,27,24,23,23,NA,NA,11,10,6,6,0.7,0.7
2026-04-13T0600,3545A,110.8053,32.8401,十堰市,郧阳区金沙路,,46,46,57,24,24,46,46,NA,NA,15,18,8,7,0.8,0.7
2026-04-13T0600,2709A,86.0391,44.298,石河子市,艾青诗歌馆,颗粒物(PM10),117,162,84,24,19,77,77,NA,NA,4,8,3,4,0.2,0.2
2026-04-13T0600,3442A,86.047,44.2331,石河子市,南区管委会,颗粒物(PM10),108,140,133,15,9,96,96,NA,NA,4,8,4,4,0.3,0.2
2026-04-13T0600,4051A,86.0791,44.3018,石河子市,世纪广场,颗粒物(PM10),111,148,73,20,12,82,82,NA,NA,2,7,7,8,0.4,0.5
2026-04-13T0600,4167A,86.0126,44.2349,石河子市,城南景苑小区,颗粒物(PM10),54,55,79,18,12,88,88,NA,NA,6,8,8,8,0.2,0.3
2026-04-13T0600,1030A,114.5919,38.0328,石家庄市,高新区,细颗粒物(PM2.5),183,181,112,138,67,16,16,NA,NA,43,25,5,8,0.7,0.6
2026-04-13T0600,1032A,114.4556,38.0136,石家庄市,西南高教,细颗粒物(PM2.5),159,165,129,121,76,NA,NA,NA,NA,23,25,2,3,0.5,0.6
2026-04-13T0600,1033A,114.533,38.0177,石家庄市,世纪公园,细颗粒物(PM2.5),150,148,100,114,61,24,24,NA,NA,37,29,2,4,0.8,0.7
2026-04-13T0600,1034A,114.5105,38.0489,石家庄市,人民会堂,细颗粒物(PM2.5),213,200,125,163,75,NA,NA,NA,NA,34,27,3,3,0.7,0.6
2026-04-13T0600,3456A,114.2887,38.0905,石家庄市,鹿泉一中,细颗粒物(PM2.5),130,146,133,92,77,44,44,NA,NA,16,22,1,3,0.6,0.7
2026-04-13T0600,4024A,114.6491,37.9014,石家庄市,栾城区星河路,细颗粒物(PM2.5),110,104,93,70,54,31,31,NA,NA,33,20,8,6,0.5,0.5
2026-04-13T0600,4059A,114.4563,38.0365,石家庄市,裕华西路63号,细颗粒物(PM2.5),166,171,117,126,75,54,54,NA,NA,29,21,3,3,0.6,0.6
2026-04-13T0600,4060A,114.5586,38.0581,石家庄市,和平路363号,细颗粒物(PM2.5),205,179,124,155,83,26,26,NA,NA,37,25,1,3,0.7,0.6
2026-04-13T0600,4061A,114.8347,38.0213,石家庄市,廉州西路160号,细颗粒物(PM2.5),124,114,98,86,62,35,35,NA,NA,38,25,6,7,0.5,0.6
2026-04-13T0600,4062A,114.4498,38.0729,石家庄市,北城路41号,细颗粒物(PM2.5),150,178,131,115,72,68,68,NA,NA,18,17,2,3,0.6,0.5
2026-04-13T0600,4314A,114.0494,38.059,石家庄市,矿区区委大楼,细颗粒物(PM2.5),120,164,134,82,67,NA,NA,NA,NA,45,30,5,10,0.8,0.7
2026-04-13T0600,1948A,106.3668,39.0145,石嘴山市,大武口朝阳西街,颗粒物(PM10),107,138,215,34,51,91,91,NA,NA,7,12,8,12,0.3,0.4
2026-04-13T0600,1949A,106.7713,39.2278,石嘴山市,惠农南大街,颗粒物(PM10),102,123,231,31,52,71,71,NA,NA,23,27,25,24,1.2,0.7
2026-04-13T0600,1950A,106.7074,39.1332,石嘴山市,红果子镇惠新街,颗粒物(PM10),116,160,255,39,52,70,70,NA,NA,18,15,24,14,0.9,0.5
2026-04-13T0600,3520A,106.3495,38.9837,石嘴山市,妇女儿童医院,颗粒物(PM10),104,130,211,35,56,90,90,NA,NA,6,13,8,14,0.4,0.6
2026-04-13T0600,3521A,106.7495,39.2068,石嘴山市,石大公路,颗粒物(PM10),112,149,234,36,50,70,70,NA,NA,20,20,19,16,1.1,0.8
2026-04-13T0600,2248A,131.1509,46.6936,双鸭山市,双合村,,29,14,17,11,14,90,90,NA,NA,7,7,5,6,0.2,0.3
2026-04-13T0600,2249A,131.1651,46.6191,双鸭山市,南小市,,20,7,20,6,18,61,61,NA,NA,14,9,12,11,0.6,0.6
2026-04-13T0600,2250A,131.1526,46.6554,双鸭山市,环保局,NA,NA,38,33,11,15,67,67,NA,NA,8,9,NA,10,0.2,0.3
2026-04-13T0600,2166A,112.4399,39.3521,朔州市,平朔,细颗粒物(PM2.5),90,79,77,55,25,89,89,NA,NA,14,16,6,6,0.3,0.3
2026-04-13T0600,2167A,112.4574,39.362,朔州市,朔唯,细颗粒物(PM2.5),86,78,79,53,24,90,90,NA,NA,18,17,6,8,/,/
2026-04-13T0600,2168A,112.426,39.3199,朔州市,区政府,细颗粒物(PM2.5),72,79,68,46,26,118,118,NA,NA,13,15,6,6,0.4,0.4
2026-04-13T0600,2169A,112.4075,39.3277,朔州市,市环保局,细颗粒物(PM2.5),74,73,69,47,23,120,120,NA,NA,12,19,3,4,/,/
2026-04-13T0600,2170A,112.4273,39.3682,朔州市,市二中,细颗粒物(PM2.5),88,81,87,54,29,119,119,NA,NA,14,22,5,6,/,/
2026-04-13T0600,3571A,112.2938,39.5296,朔州市,一水厂,颗粒物(PM10),80,92,93,47,18,129,129,NA,NA,12,21,7,6,0.6,0.4
2026-04-13T0600,2226A,124.3744,43.1842,四平市,境园,细颗粒物(PM2.5),60,52,84,40,23,9,9,NA,NA,40,13,2,4,0.4,0.6
2026-04-13T0600,3486A,124.4029,43.1411,四平市,植物园,,42,42,98,15,19,16,16,NA,NA,45,14,6,8,0.3,0.7
2026-04-13T0600,3713A,124.3286,43.1726,四平市,世纪城,细颗粒物(PM2.5),86,61,86,53,21,5,5,NA,NA,59,12,4,3,0.4,0.3
2026-04-13T0600,2233A,124.8007,45.1213,松原市,江南,,20,20,45,7,21,57,57,NA,NA,6,8,1,2,0.3,0.3
2026-04-13T0600,2234A,124.7967,45.1721,松原市,江北,,20,20,50,6,17,57,57,NA,NA,5,6,2,1,0.3,0.3
2026-04-13T0600,1163A,120.5974,31.3247,苏州市,轧钢厂,,28,19,19,13,10,87,87,NA,NA,16,22,6,6,0.4,0.5
2026-04-13T0600,1164A,120.6329,31.2741,苏州市,吴中区,,25,22,22,15,12,80,80,NA,NA,19,23,6,6,0.3,0.4
2026-04-13T0600,1165A,120.5566,31.3049,苏州市,苏州新区,,28,19,20,19,15,74,74,NA,NA,24,21,8,6,0.5,0.5
2026-04-13T0600,1166A,120.668709,31.312523,苏州市,苏州工业园区,,28,21,20,14,12,87,87,NA,NA,13,19,5,5,0.5,0.5
2026-04-13T0600,1167A,120.6408,31.3707,苏州市,相城区,,24,22,17,15,8,74,74,NA,NA,19,15,3,4,0.5,0.5
2026-04-13T0600,3289A,120.7431,31.3188,苏州市,方洲路,,26,18,15,16,11,81,81,NA,NA,16,22,6,6,0.6,0.7
2026-04-13T0600,3290A,120.4979,31.2777,苏州市,木渎中学,,25,17,15,17,14,78,78,NA,NA,15,19,6,6,0.5,0.5
2026-04-13T0600,3425A,120.642,31.1733,苏州市,越秀幼儿园,,28,19,23,16,17,87,87,NA,NA,8,18,3,3,0.6,0.6
2026-04-13T0600,3431A,120.6502,31.4117,苏州市,高铁新城,,28,22,16,16,10,88,88,NA,NA,10,17,4,5,0.5,0.5
2026-04-13T0600,4090A,120.4282,31.3228,苏州市,学森路9号,,26,25,21,18,11,72,72,NA,NA,13,16,5,5,0.5,0.5
2026-04-13T0600,1220A,118.2924,33.933,宿迁市,宿迁学院,,30,13,31,9,25,96,96,NA,NA,3,4,5,6,0.5,0.6
2026-04-13T0600,1221A,118.2321,33.9572,宿迁市,宿迁中学,,29,NA,27,11,27,91,91,NA,NA,9,9,6,7,0.3,0.3
2026-04-13T0600,2996A,118.2781,33.9658,宿迁市,市供电局,,27,NA,26,12,24,84,84,NA,NA,9,9,4,5,0.5,0.6
2026-04-13T0600,3191A,118.3243,33.95,宿迁市,宿豫区政府,,25,17,38,11,25,77,77,NA,NA,10,9,2,3,0.4,0.5
2026-04-13T0600,4094A,118.352,33.7886,宿迁市,春华路,,26,13,32,7,23,81,81,NA,NA,9,10,5,5,0.4,0.4
2026-04-13T0600,3187A,116.9508,33.666,宿州市,远航博物馆,,35,35,37,21,22,81,81,NA,NA,9,9,2,3,0.1,0.1
2026-04-13T0600,3463A,116.9708,33.5911,宿州市,社会福利中心,,29,29,38,19,25,86,86,NA,NA,6,9,5,6,0.1,0.2
2026-04-13T0600,3701A,116.9647,33.6252,宿州市,皖北煤电集团,,34,34,41,21,22,85,85,NA,NA,4,6,3,4,0.2,0.2
2026-04-13T0600,4103A,116.9929,33.6412,宿州市,中兴路,NA,NA,32,36,22,21,NA,NA,NA,NA,7,9,5,6,0.2,0.2
2026-04-13T0600,2266A,126.9783,46.6365,绥化市,人和东街,,17,10,19,3,12,53,53,NA,NA,5,8,7,8,0.3,0.4
2026-04-13T0600,2267A,126.964,46.6527,绥化市,党政办公中心,,16,11,21,3,12,51,51,NA,NA,7,11,4,5,0,0.1
2026-04-13T0600,2451A,113.3587,31.7275,随州市,市委党校,,42,38,41,29,23,57,57,NA,NA,15,15,6,5,0.6,0.6
2026-04-13T0600,2452A,113.3745,31.6926,随州市,市林业局,,34,34,38,20,19,82,82,NA,NA,4,9,4,4,0.7,0.8
2026-04-13T0600,2453A,113.3984,31.7309,随州市,市立交桥水厂,,37,37,39,25,21,52,52,NA,NA,15,12,2,2,0.6,0.6
2026-04-13T0600,2528A,105.5581,30.5231,遂宁市,市监测站,,34,34,30,16,12,28,28,NA,NA,15,20,8,8,0.5,0.5
2026-04-13T0600,2530A,105.5917,30.4727,遂宁市,美宁食品公司,,29,29,35,17,15,26,26,NA,NA,20,21,6,8,0.5,0.4
2026-04-13T0600,4303A,105.5911,30.5368,遂宁市,环岛商务中心9号楼,,35,35,26,20,13,32,32,NA,NA,10,15,4,6,0.6,0.5
2026-04-13T0600,2706A,82.9993,46.7432,塔城地区,东门外小游园,,10,10,24,3,6,27,27,NA,NA,7,8,4,6,0.5,0.2
2026-04-13T0600,4165A,82.9716,46.7464,塔城地区,文化广场,,23,23,16,3,6,25,25,NA,NA,5,5,2,2,0.5,0.4
2026-04-13T0600,1255A,121.2727,28.6461,台州市,黄岩环保大楼,细颗粒物(PM2.5),72,70,35,46,19,1,1,NA,NA,39,31,/,/,/,/
2026-04-13T0600,1256A,121.4188,28.6545,台州市,台州环保大楼,细颗粒物(PM2.5),74,69,40,47,25,3,3,NA,NA,37,31,/,/,0.7,0.6
2026-04-13T0600,1257A,121.3768,28.5772,台州市,路桥田洋王,细颗粒物(PM2.5),80,71,46,50,30,0,0,NA,NA,43,36,5,5,0.6,0.6
2026-04-13T0600,3564A,121.25678,28.66823971,台州市,台州科技职业学院,细颗粒物(PM2.5),56,52,35,38,23,1,1,NA,NA,36,37,4,4,0.8,0.7
2026-04-13T0600,1081A,112.5138,37.8916,太原市,尖草坪,细颗粒物(PM2.5),102,99,78,62,38,118,118,NA,NA,13,20,4,8,0.7,0.7
2026-04-13T0600,1084A,112.4691,37.7125,太原市,晋源,颗粒物(PM10),92,108,72,49,39,83,83,NA,NA,23,23,6,11,0.5,0.6
2026-04-13T0600,1085A,112.5595,37.7391,太原市,小店,细颗粒物(PM2.5),98,102,89,59,42,96,96,NA,NA,28,26,9,12,0.6,0.6
2026-04-13T0600,1087A,112.5705,37.8199,太原市,坞城,细颗粒物(PM2.5),110,110,79,71,38,98,98,NA,NA,23,21,10,14,1.0,0.8
2026-04-13T0600,1088A,112.5495,37.9853,太原市,南寨,细颗粒物(PM2.5),110,92,72,70,43,78,78,NA,NA,17,24,7,15,0.6,0.8
2026-04-13T0600,3618A,112.4702,37.7821,太原市,金胜,细颗粒物(PM2.5),74,80,77,47,36,79,79,NA,NA,20,20,5,11,0.6,0.6
2026-04-13T0600,4010A,112.5608,37.8807,太原市,育英中学,细颗粒物(PM2.5),105,98,79,65,39,90,90,NA,NA,22,21,8,11,0.8,0.8
2026-04-13T0600,4074A,112.449,37.8509,太原市,西矿街336号,颗粒物(PM10),75,84,68,47,33,87,87,NA,NA,17,23,6,9,0.5,0.5
2026-04-13T0600,4075A,112.4792,37.9393,太原市,迎宾北路9号,细颗粒物(PM2.5),103,100,86,63,44,98,98,NA,NA,19,23,9,15,0.6,0.8
2026-04-13T0600,4076A,112.551,37.8575,太原市,迎泽大街248号,细颗粒物(PM2.5),98,95,68,59,35,105,105,NA,NA,19,22,5,8,0.8,0.6
2026-04-13T0600,1656A,117.1436,36.1938,泰安市,监测站,颗粒物(PM10),56,58,46,36,25,64,64,NA,NA,22,16,11,10,0.4,0.3
2026-04-13T0600,1657A,117.0905,36.2002,泰安市,人口学校,颗粒物(PM10),60,63,48,35,21,74,74,NA,NA,17,17,9,9,0.5,0.5
2026-04-13T0600,1658A,117.0992,36.1757,泰安市,电力学校,颗粒物(PM10),51,51,46,32,25,70,70,NA,NA,17,14,9,9,0.4,0.2
2026-04-13T0600,3502A,117.1812,36.2273,泰安市,国网新校,,40,37,36,28,18,62,62,NA,NA,13,12,9,10,0.6,0.5
2026-04-13T0600,3503A,117.0315,36.2017,泰安市,交通技校,细颗粒物(PM2.5),52,49,39,36,22,37,37,NA,NA,36,12,7,8,0.5,0.5
2026-04-13T0600,3504A,117.083,36.13,泰安市,山东第一医科大学,细颗粒物(PM2.5),62,53,47,41,29,68,68,NA,NA,23,18,10,8,0.4,0.2
2026-04-13T0600,1206A,119.9042,32.488,泰州市,公园路,,33,7,13,3,8,103,103,NA,NA,4,7,6,6,0.5,0.6
2026-04-13T0600,1207A,119.9189,32.4626,泰州市,莲花,,33,NA,12,6,8,103,103,NA,NA,7,8,8,7,0.6,0.6
2026-04-13T0600,1209A,119.8877,32.4636,泰州市,留学生创业园,,33,NA,12,11,13,103,103,NA,NA,4,6,8,8,0.5,0.5
2026-04-13T0600,2997A,119.8767,32.3291,泰州市,王营,,31,14,23,3,9,98,98,NA,NA,5,6,8,8,0.4,0.5
2026-04-13T0600,3295A,120.1226,32.515,泰州市,姜堰区政府广场,,34,11,14,9,12,107,107,NA,NA,5,8,8,8,0.4,0.4
2026-04-13T0600,3435A,119.9186,32.4322,泰州市,周山河街区,,31,12,10,11,11,97,97,NA,NA,5,7,9,9,0.5,0.5
2026-04-13T0600,1040A,118.1707,39.6505,唐山市,十二中,颗粒物(PM10),128,191,169,27,69,42,42,NA,NA,11,24,9,13,0.5,0.8
2026-04-13T0600,1041A,118.1868,39.6219,唐山市,小山,颗粒物(PM10),123,179,180,24,76,53,53,NA,NA,16,23,19,17,1.1,0.9
2026-04-13T0600,3457A,118.4357,39.277,唐山市,冀东油田职工医院,颗粒物(PM10),133,204,130,29,75,77,77,NA,NA,2,28,5,9,0.3,0.5
2026-04-13T0600,3575A,118.0927,39.5807,唐山市,正泰大街热力站,颗粒物(PM10),164,278,180,36,70,53,53,NA,NA,5,21,4,5,0.3,0.8
2026-04-13T0600,3576A,118.1561,39.8322,唐山市,丰润区政府,颗粒物(PM10),100,120,147,21,70,31,31,NA,NA,6,28,3,10,0.8,1
2026-04-13T0600,3577A,118.436906,39.73802,唐山市,金山小学,NA,NA,110,142,15,68,34,34,NA,NA,18,25,NA,13,0.7,0.9
2026-04-13T0600,3578A,118.2449,39.6693,唐山市,政府服务中心,颗粒物(PM10),117,162,135,35,72,37,37,NA,NA,11,27,5,12,0.6,0.7
2026-04-13T0600,3692A,118.2043,39.6703,唐山市,消防缸窑路中队,颗粒物(PM10),153,256,177,25,64,58,58,NA,NA,14,28,24,37,0.6,1
2026-04-13T0600,3693A,118.1432,39.6203,唐山市,路南电大,颗粒物(PM10),121,173,175,16,73,15,15,NA,NA,3,17,3,9,0.8,0.9
2026-04-13T0600,4065A,118.1267,39.6579,唐山市,光明北路515号,颗粒物(PM10),124,182,160,16,72,59,59,NA,NA,13,28,10,10,0.3,0.6
2026-04-13T0600,4197A,118.130859,39.636026,唐山市,友谊北路34号,颗粒物(PM10),127,188,177,25,78,40,40,NA,NA,6,20,3,8,1.2,0.9
2026-04-13T0600,1015A,117.1446,39.1659,天津市,勤俭道,颗粒物(PM10),72,80,147,23,87,75,75,NA,NA,10,41,8,9,0.7,1.1
2026-04-13T0600,1018A,117.2016,39.0928,天津市,前进道,颗粒物(PM10),73,81,150,22,91,88,88,NA,NA,9,37,9,12,0.6,1.3
2026-04-13T0600,1019A,117.1837,39.2134,天津市,淮河道,颗粒物(PM10),60,63,153,14,80,81,81,NA,NA,7,42,9,12,0.6,1.1
2026-04-13T0600,1021A,117.308261,39.088386,天津市,跃进路,颗粒物(PM10),63,67,156,18,91,78,78,NA,NA,12,44,8,11,0.6,1.1
2026-04-13T0600,1023A,117.707,39.0344,天津市,第四大街,,48,48,148,12,78,68,68,NA,NA,15,82,7,8,0.3,0.8
2026-04-13T0600,1024A,117.4573,38.8395,天津市,永明路,,48,48,112,14,69,76,76,NA,NA,9,35,8,8,0.6,0.8
2026-04-13T0600,1026A,117.7641,39.1588,天津市,汉北路,,37,37,125,8,70,71,71,NA,NA,11,50,7,10,0.6,1
2026-04-13T0600,2858A,117.7917,39.2473,天津市,河西一经路,,48,48,132,9,76,74,74,NA,NA,6,28,8,10,0.3,0.7
2026-04-13T0600,2859A,117.3747,38.9845,天津市,津沽路,NA,NA,40,128,3,78,81,81,NA,NA,NA,31,8,10,0.6,0.9
2026-04-13T0600,2860A,117.159,39.0844,天津市,宾水西道,颗粒物(PM10),66,72,131,27,85,80,80,NA,NA,9,29,9,10,0.6,1.2
2026-04-13T0600,2922A,117.194,39.1069,天津市,大理道,颗粒物(PM10),67,73,138,3,74,81,81,NA,NA,8,32,8,11,0.4,1
2026-04-13T0600,3020A,117.2096,39.1698,天津市,中山北路,颗粒物(PM10),60,64,155,30,87,71,71,NA,NA,11,43,10,11,0.7,1.2
2026-04-13T0600,3051A,117.385,39.1483,天津市,西四道,,48,48,134,16,78,77,77,NA,NA,11,42,6,10,0.6,1.1
2026-04-13T0600,3325A,117.0362,39.3827,天津市,雍阳西道,颗粒物(PM10),70,78,153,20,72,77,77,NA,NA,7,41,8,11,0.4,0.8
2026-04-13T0600,3326A,117.0291,39.0612,天津市,辛老路,颗粒物(PM10),84,97,160,36,93,94,94,NA,NA,10,35,8,10,0.4,0.7
2026-04-13T0600,3327A,116.9638,38.9374,天津市,地纬路,颗粒物(PM10),65,71,103,38,87,93,93,NA,NA,13,32,7,8,0.4,0.7
2026-04-13T0600,3460A,117.4065,40.0583,天津市,北环路,颗粒物(PM10),83,95,114,35,49,64,64,NA,NA,19,23,6,8,0.8,1.1
2026-04-13T0600,3461A,117.3041,39.7167,天津市,建设路,颗粒物(PM10),102,125,150,23,75,65,65,NA,NA,17,42,9,13,0.5,0.9
2026-04-13T0600,3462A,117.8201,39.3519,天津市,滨水东路,,49,49,141,9,80,63,63,NA,NA,13,44,8,12,0.4,0.8
2026-04-13T0600,4196A,117.24369,39.102911,天津市,光华路,颗粒物(PM10),64,69,156,19,86,75,75,NA,NA,12,41,8,9,0.5,1.1
2026-04-13T0600,2650A,105.72058,34.57859,天水市,公园小学,,49,49,55,23,26,28,28,NA,NA,32,29,10,12,0.5,0.5
2026-04-13T0600,2651A,105.89428,34.55353,天水市,麦积国土局,颗粒物(PM10),53,53,56,22,27,38,38,NA,NA,22,28,14,12,0.5,0.4
2026-04-13T0600,2217A,123.865,42.292,铁岭市,水上乐园,,39,39,85,3,13,32,32,NA,NA,27,10,7,8,0.3,0.4
2026-04-13T0600,2219A,123.7158,42.2218,铁岭市,金沙江路北,,42,42,83,3,18,59,59,NA,NA,14,14,6,7,0.2,0.3
2026-04-13T0600,4084A,123.835,42.2853,铁岭市,新华街20号,,42,42,82,3,16,53,53,NA,NA,27,14,8,9,0.2,0.3
2026-04-13T0600,2229A,125.9359,41.7174,通化市,光明,颗粒物(PM10),56,58,72,12,18,41,41,NA,NA,16,13,12,10,0.4,0.5
2026-04-13T0600,2230A,125.9446,41.7323,通化市,铁路,NA,NA,49,73,7,18,50,50,NA,NA,14,15,NA,7,0.3,0.4
2026-04-13T0600,2191A,122.253,43.6801,通辽市,艺术职业学校,,43,43,95,11,17,41,41,NA,NA,35,8,6,6,0.5,0.4
2026-04-13T0600,3706A,122.2584,43.6333,通辽市,老干部活动中心,,49,46,82,34,18,47,47,NA,NA,18,9,5,6,0.5,0.4
2026-04-13T0600,3708A,122.2923,43.6189,通辽市,东方明珠社区,NA,NA,36,89,15,19,66,66,NA,NA,18,11,8,3,NA,0.3
2026-04-13T0600,1923A,109.0696,35.0699,铜川市,王益区政府,,27,27,50,18,23,34,34,NA,NA,10,20,4,5,0.3,0.5
2026-04-13T0600,1924A,108.9345,34.9059,铜川市,新区管委会,,28,28,41,14,18,59,59,NA,NA,6,15,3,4,0.5,0.6
2026-04-13T0600,4234A,108.949652,34.870529,铜川市,大唐三路,,26,22,41,18,21,56,56,NA,NA,11,16,4,5,0.6,0.6
2026-04-13T0600,2285A,117.8176,30.9412,铜陵市,市第四中学,,39,39,33,24,19,46,46,NA,NA,12,17,6,6,0.5,0.5
2026-04-13T0600,2287A,117.7806,30.9413,铜陵市,市新民污水厂,,46,NA,28,32,21,32,32,NA,NA,29,33,6,6,0.9,0.7
2026-04-13T0600,2289A,117.846,30.9414,铜陵市,车站新区,颗粒物(PM10),53,53,45,21,19,54,54,NA,NA,8,16,7,6,0.5,0.6
2026-04-13T0600,2290A,117.8472,30.9699,铜陵市,市职教基地,,39,39,39,21,17,46,46,NA,NA,10,16,5,6,0.5,0.5
2026-04-13T0600,2585A,109.1839,27.7344,铜仁市,铜仁卫校,,28,28,25,14,10,61,61,NA,NA,6,11,4,3,0.3,0.3
2026-04-13T0600,2586A,109.1752,27.6945,铜仁市,铜仁七中,NA,NA,NA,22,10,10,68,68,NA,NA,8,8,4,4,0.3,0.4
2026-04-13T0600,2686A,89.1905,42.9419,吐鲁番市,市环保局,颗粒物(PM10),102,124,83,46,27,33,33,NA,NA,51,11,2,2,0.5,0.5
2026-04-13T0600,2687A,89.1674,42.9558,吐鲁番市,地区环保局,细颗粒物(PM2.5),114,105,74,75,21,65,65,NA,NA,9,11,5,6,0.4,0.4
2026-04-13T0600,1662A,122.121,37.4231,威海市,华夏技校,,48,34,42,33,24,104,104,NA,NA,14,19,/,/,0.3,0.3
2026-04-13T0600,1663A,122.0508,37.5236,威海市,山大分校,细颗粒物(PM2.5),84,NA,29,52,25,79,79,NA,NA,23,13,/,/,/,/
2026-04-13T0600,1664A,122.1067,37.5067,威海市,市监测站,NA,NA,63,35,50,24,NA,NA,NA,NA,15,12,7,4,0.4,0.3
2026-04-13T0600,1982A,122.0693,37.2175,威海市,文登开发区,细颗粒物(PM2.5),109,76,42,69,36,44,44,NA,NA,26,13,/,/,/,/
2026-04-13T0600,3505A,122.1379,37.3414,威海市,临港区管委会,,44,44,41,29,27,114,114,NA,NA,11,11,4,3,0.3,0.3
2026-04-13T0600,1650A,119.1436,36.7022,潍坊市,环保局,,34,34,36,18,12,74,74,NA,NA,24,16,4,5,0.6,0.5
2026-04-13T0600,2877A,119.1638,36.6524,潍坊市,坊子邮政,,41,41,38,18,15,70,70,NA,NA,20,19,4,4,0.4,0.3
2026-04-13T0600,3178A,119.0587,36.7209,潍坊市,潍坊七中,,29,29,29,16,10,85,85,NA,NA,16,17,6,5,0.6,0.6
2026-04-13T0600,3368A,119.1978,36.6871,潍坊市,高新实验学校,,36,36,44,17,16,52,52,NA,NA,17,12,3,4,0.1,0.1
2026-04-13T0600,3416A,119.1758,36.7139,潍坊市,潍坊学院,,31,31,34,15,12,82,82,NA,NA,16,15,2,3,0.5,0.4
2026-04-13T0600,3861A,119.2046,36.7696,潍坊市,寒亭区实验一小,,34,34,37,20,14,50,50,NA,NA,35,19,4,6,0.6,0.5
2026-04-13T0600,1940A,109.4605,34.4927,渭南市,体育馆,颗粒物(PM10),62,66,81,36,40,15,15,NA,NA,46,39,6,7,0.6,0.6
2026-04-13T0600,1941A,109.4257,34.5067,渭南市,高新一小,细颗粒物(PM2.5),72,71,79,46,43,13,13,NA,NA,41,36,6,8,0.6,0.6
2026-04-13T0600,4159A,110.4531,35.4578,渭南市,桢州大街,细颗粒物(PM2.5),108,NA,67,68,44,86,86,NA,NA,18,22,NA,9,1.0,0.7
2026-04-13T0600,4160A,110.4368,35.4773,渭南市,太史大街,细颗粒物(PM2.5),98,112,87,59,40,88,88,NA,NA,17,24,8,13,1.1,0.8
2026-04-13T0600,4235A,109.5051,34.4921,渭南市,渭花路4号,颗粒物(PM10),51,51,67,34,34,22,22,NA,NA,25,25,6,7,0.6,0.6
2026-04-13T0600,1242A,120.6342,28.0088,温州市,瓯海,细颗粒物(PM2.5),88,64,29,54,22,6,6,NA,NA,40,41,8,7,0.6,0.7
2026-04-13T0600,1243A,120.6747,27.9881,温州市,南浦,细颗粒物(PM2.5),88,57,37,54,28,9,9,NA,NA,32,43,4,4,0.7,0.7
2026-04-13T0600,1244A,120.76,27.9745,温州市,龙湾,细颗粒物(PM2.5),66,NA,31,43,28,8,8,NA,NA,37,51,5,5,0.6,0.7
2026-04-13T0600,3561A,120.6985,27.9252,温州市,茶山,细颗粒物(PM2.5),80,66,30,50,22,6,6,NA,NA,46,43,/,/,/,/
2026-04-13T0600,4096A,120.6935,28.0114,温州市,鹿城惠民路,细颗粒物(PM2.5),56,56,31,38,20,18,18,NA,NA,27,39,/,/,0.5,0.6
2026-04-13T0600,2610A,104.2533,23.3595,文山壮族苗族自治州,州水务局,颗粒物(PM10),68,74,57,36,29,80,80,NA,NA,13,11,4,5,0.3,0.3
2026-04-13T0600,2611A,104.2319,23.3892,文山壮族苗族自治州,市便民服务中心,颗粒物(PM10),53,53,48,35,29,86,86,NA,NA,12,14,5,5,0.5,0.5
2026-04-13T0600,2187A,106.8172,39.6972,乌海市,市林业局,颗粒物(PM10),65,71,154,22,28,62,62,NA,NA,8,9,9,10,0.7,0.5
2026-04-13T0600,2188A,106.7907,39.6666,乌海市,中海勃湾学校,,48,48,155,19,33,76,76,NA,NA,7,11,8,8,0.2,0.2
2026-04-13T0600,3284A,106.8129,39.7274,乌海市,海北新区,颗粒物(PM10),75,84,177,13,21,48,48,NA,NA,16,11,7,11,0.5,0.4
2026-04-13T0600,4278A,106.8212,39.6741,乌海市,海拉北路,颗粒物(PM10),63,68,191,23,27,50,50,NA,NA,12,11,20,20,0.4,0.3
2026-04-13T0600,2197A,113.1306,40.9924,乌兰察布市,集宁新区,,24,19,22,7,9,76,76,NA,NA,11,6,12,7,0.3,0.1
2026-04-13T0600,3034A,113.1076,41.0385,乌兰察布市,光明街小学,,22,22,28,6,9,68,68,NA,NA,13,11,11,12,0.4,0.4
2026-04-13T0600,3285A,113.1383,40.9513,乌兰察布市,北京八中,,31,31,32,8,6,48,48,NA,NA,13,8,10,6,0.4,0.4
2026-04-13T0600,3421A,113.1776,40.9779,乌兰察布市,市委党校,,21,21,24,10,8,58,58,NA,NA,21,8,26,7,0.3,0.2
2026-04-13T0600,1490A,87.5796,43.8299,乌鲁木齐市,监测站,,46,46,41,7,10,91,91,NA,NA,11,19,4,4,0.3,0.4
2026-04-13T0600,1491A,87.6044,43.7679,乌鲁木齐市,收费所,颗粒物(PM10),52,52,46,10,12,92,92,NA,NA,7,21,8,7,0.4,0.3
2026-04-13T0600,1493A,87.5529,43.8704,乌鲁木齐市,铁路局,颗粒物(PM10),58,61,51,10,11,78,78,NA,NA,11,19,5,5,0.2,0.3
2026-04-13T0600,1494A,87.6408,43.8258,乌鲁木齐市,三十一中学,颗粒物(PM10),53,53,47,11,9,92,92,NA,NA,2,10,5,5,0.3,0.3
2026-04-13T0600,1496A,87.7218,44.1747,乌鲁木齐市,米东区环保局,颗粒物(PM10),78,88,57,18,12,64,64,NA,NA,3,8,11,11,0.3,0.3
2026-04-13T0600,3033A,87.4652,43.4569,乌鲁木齐市,培训基地,,27,12,32,3,8,85,85,NA,NA,3,5,5,5,0.4,0.4
2026-04-13T0600,3437A,88.3088,43.3637,乌鲁木齐市,达坂城区环保局,颗粒物(PM10),60,64,57,8,7,74,74,NA,NA,10,6,4,5,0.2,0.2
2026-04-13T0600,3438A,87.6132,43.8791,乌鲁木齐市,红光山片区,颗粒物(PM10),56,58,48,10,12,85,85,NA,NA,13,23,5,5,0.2,0.3
2026-04-13T0600,3439A,87.7008,43.8003,乌鲁木齐市,新师大温泉校区,颗粒物(PM10),58,61,42,14,7,81,81,NA,NA,8,7,6,6,0.2,0.2
2026-04-13T0600,3440A,87.4892,43.84,乌鲁木齐市,大绿谷,颗粒物(PM10),53,53,43,3,11,85,85,NA,NA,12,14,4,4,0.3,0.3
2026-04-13T0600,1188A,120.2693,31.4864,无锡市,雪浪,,25,17,18,14,8,80,80,NA,NA,10,15,5,6,0.5,0.5
2026-04-13T0600,1189A,120.2761,31.621,无锡市,黄巷,,34,34,27,18,10,67,67,NA,NA,14,22,3,3,0.5,0.4
2026-04-13T0600,1191A,120.2422,31.5037,无锡市,漆塘,,25,25,23,12,7,78,78,NA,NA,13,16,4,4,0.3,0.4
2026-04-13T0600,1192A,120.3489,31.5865,无锡市,东亭,,23,17,10,16,7,69,69,NA,NA,23,23,7,7,0.6,0.6
2026-04-13T0600,1193A,120.3538,31.5474,无锡市,旺庄,,26,26,18,17,8,75,75,NA,NA,14,18,4,4,0.5,0.5
2026-04-13T0600,1194A,120.2447,31.5633,无锡市,荣巷,,25,17,15,14,8,77,77,NA,NA,14,20,4,4,0.4,0.4
2026-04-13T0600,1195A,120.2986,31.6816,无锡市,堰桥,,32,22,11,22,10,84,84,NA,NA,15,21,3,3,0.5,0.4
2026-04-13T0600,4087A,120.3138,31.4927,无锡市,清舒道1号,,23,22,17,15,7,71,71,NA,NA,16,19,12,12,0.5,0.5
2026-04-13T0600,4254A,120.2925,31.5685,无锡市,健康路105号,,25,17,13,15,7,80,80,NA,NA,14,20,2,1,0.5,0.5
2026-04-13T0600,2677A,106.1535,37.9648,吴忠市,教育园区,细颗粒物(PM2.5),109,114,214,69,61,76,76,NA,NA,10,13,17,8,0.5,0.3
2026-04-13T0600,2679A,106.1851,37.9957,吴忠市,新区二泵站,颗粒物(PM10),107,137,222,38,62,75,75,NA,NA,12,15,18,9,0.5,0.3
2026-04-13T0600,3648A,106.2176,37.9832,吴忠市,文卫南街,颗粒物(PM10),104,129,206,48,64,77,77,NA,NA,14,15,15,7,0.5,0.4
2026-04-13T0600,1794A,118.3603,31.3515,芜湖市,监测站,,50,NA,21,35,19,39,39,NA,NA,17,16,8,7,0.9,0.6
2026-04-13T0600,1795A,118.3716,31.4135,芜湖市,科创中心,,38,38,22,26,16,44,44,NA,NA,23,26,6,5,0.6,0.5
2026-04-13T0600,1796A,118.3671,31.3132,芜湖市,四水厂,,32,NA,21,22,14,52,52,NA,NA,13,18,6,6,0.5,0.4
2026-04-13T0600,3328A,118.4209,31.3704,芜湖市,市气象局,,33,24,19,23,14,50,50,NA,NA,11,15,4,5,0.5,0.4
2026-04-13T0600,3465A,118.4783,31.3226,芜湖市,清苑社区,,25,22,20,17,14,46,46,NA,NA,16,19,4,4,0.5,0.5
2026-04-13T0600,3466A,118.2746,31.2326,芜湖市,扬子职业技术学院,,29,NA,20,20,14,48,48,NA,NA,17,15,6,6,0.6,0.6
2026-04-13T0600,4099A,118.5726,31.1371,芜湖市,湾沚区人民法院,,40,40,24,28,20,36,36,NA,NA,13,14,6,6,0.7,0.7
2026-04-13T0600,2496A,111.3126,23.4772,梧州市,市十一中,,39,34,43,27,30,26,26,NA,NA,29,22,8,8,0.2,0.3
2026-04-13T0600,2498A,111.26,23.4794,梧州市,龙新,,34,34,46,15,27,40,40,NA,NA,13,13,4,4,0.1,0.2
2026-04-13T0600,4258A,111.2416,23.4155,梧州市,政贤路18号,,28,23,39,19,25,47,47,NA,NA,5,6,6,7,0.3,0.3
2026-04-13T0600,2711A,87.5352,44.1606,五家渠市,农水大厦,颗粒物(PM10),73,82,63,15,10,74,74,NA,NA,3,8,8,8,0.3,0.2
2026-04-13T0600,3441A,87.5461,44.1909,五家渠市,经开区管委会,颗粒物(PM10),90,105,67,15,10,74,74,NA,NA,2,6,14,13,0.6,0.6
2026-04-13T0600,4168A,87.055284,43.999117,五家渠市,建设西街760号,颗粒物(PM10),75,84,74,11,8,73,73,NA,NA,2,5,6,6,0.4,0.4
2026-04-13T0600,1325A,114.3676,30.5584,武汉市,东湖梨园,,32,31,32,22,24,54,54,NA,NA,15,10,8,7,0.8,0.6
2026-04-13T0600,1326A,114.2527,30.5578,武汉市,汉阳月湖,,36,29,39,25,27,57,57,NA,NA,15,15,2,3,0.4,0.8
2026-04-13T0600,1327A,114.2819,30.6189,武汉市,汉口花桥,,24,24,37,16,28,65,65,NA,NA,12,14,3,3,0.5,0.5
2026-04-13T0600,1328A,114.3024,30.5332,武汉市,武昌紫阳,,26,26,39,18,26,56,56,NA,NA,21,19,5,5,0.7,0.6
2026-04-13T0600,1329A,114.3646,30.6217,武汉市,青山钢花,,26,26,36,14,25,59,59,NA,NA,15,17,10,10,0.5,0.5
2026-04-13T0600,1330A,114.156697,30.482592,武汉市,沌口新区,,26,24,44,18,23,60,60,NA,NA,23,24,10,10,0.7,0.7
2026-04-13T0600,1331A,114.3013,30.5944,武汉市,汉口江滩,,28,24,38,19,25,58,58,NA,NA,15,29,5,5,0.4,0.5
2026-04-13T0600,1333A,114.1285,30.6339,武汉市,吴家山,,30,26,38,21,27,54,54,NA,NA,17,13,7,7,0.4,0.5
2026-04-13T0600,3153A,114.3876,30.4908,武汉市,民族大道182号,,43,43,42,21,28,34,34,NA,NA,39,18,7,6,0.9,0.7
2026-04-13T0600,2652A,102.6203,37.925,武威市,监测站,,29,29,60,18,26,89,89,NA,NA,6,13,9,9,0.2,0.3
2026-04-13T0600,4270A,102.6447,37.9293,武威市,钟楼街149号,,30,27,60,16,22,94,94,NA,NA,5,12,8,8,0.2,0.3
2026-04-13T0600,1463A,108.9931,34.2629,西安市,兴庆小区,细颗粒物(PM2.5),52,42,60,36,35,45,45,NA,NA,19,33,6,6,0.5,0.6
2026-04-13T0600,1464A,109.0595,34.2569,西安市,纺织城,颗粒物(PM10),83,96,81,43,36,1,1,NA,NA,57,43,6,6,0.8,0.8
2026-04-13T0600,1465A,108.9377,34.2178,西安市,小寨,NA,NA,48,63,38,44,NA,NA,NA,NA,16,28,5,6,0.5,0.7
2026-04-13T0600,1466A,108.9522,34.2739,西安市,市人民体育场,细颗粒物(PM2.5),54,51,69,37,38,43,43,NA,NA,22,38,5,5,0.7,0.8
2026-04-13T0600,1467A,108.8923,34.2322,西安市,高新西区,颗粒物(PM10),55,57,73,30,37,39,39,NA,NA,15,26,6,6,0.5,0.6
2026-04-13T0600,1468A,108.9386,34.3446,西安市,经开区,NA,NA,66,77,44,40,23,23,NA,NA,36,44,NA,4,0.6,0.7
2026-04-13T0600,1469A,108.894,34.1557,西安市,长安区,,46,46,63,30,31,11,11,NA,NA,24,24,5,5,0.6,0.6
2026-04-13T0600,1471A,109.213,34.3748,西安市,临潼区,颗粒物(PM10),75,85,70,47,41,52,52,NA,NA,18,22,7,6,0.8,0.8
2026-04-13T0600,1474A,109.0508,34.321,西安市,广运潭,NA,NA,87,78,47,37,NA,NA,NA,NA,40,43,2,3,0.7,0.8
2026-04-13T0600,3605A,109.1019,34.5302,西安市,无线电监控中心,,43,43,59,30,39,26,26,NA,NA,22,25,3,4,0.5,0.6
2026-04-13T0600,4055A,108.8869,34.2662,西安市,行知小学,颗粒物(PM10),65,70,76,38,42,21,21,NA,NA,34,40,6,6,0.6,0.7
2026-04-13T0600,4233A,108.596239,34.118792,西安市,西苑北路977号,,32,32,63,18,35,17,17,NA,NA,14,16,8,7,0.6,0.7
2026-04-13T0600,4307A,108.9817,34.2035,西安市,曲江池东路988号,细颗粒物(PM2.5),68,52,66,44,44,48,48,NA,NA,15,27,6,6,0.5,0.6
2026-04-13T0600,3055A,101.7775,36.643,西宁市,城北区政府,,47,47,52,27,22,67,67,NA,NA,8,13,7,8,0.5,0.5
2026-04-13T0600,3629A,101.8304,36.5785,西宁市,世纪职校,,42,42,43,27,25,42,42,NA,NA,7,11,9,9,0.4,0.4
2026-04-13T0600,4162A,101.6769,36.6535,西宁市,海晏路105号,细颗粒物(PM2.5),52,39,44,36,26,47,47,NA,NA,11,17,8,9,0.4,0.6
2026-04-13T0600,2612A,100.8018,21.9995,西双版纳傣族自治州,景洪市江南,细颗粒物(PM2.5),102,88,89,62,53,82,82,NA,NA,14,18,8,9,0.5,0.5
2026-04-13T0600,2613A,100.7995,22.0238,西双版纳傣族自治州,景洪市江北,细颗粒物(PM2.5),68,68,60,44,43,71,71,NA,NA,8,11,13,12,0.5,0.5
2026-04-13T0600,2202A,116.1048,43.9318,锡林郭勒盟,市环保监测站,,21,9,19,3,8,65,65,NA,NA,7,7,6,5,0.2,0.2
2026-04-13T0600,2203A,116.0778,43.9312,锡林郭勒盟,市政府,,22,10,16,7,5,69,69,NA,NA,6,7,6,4,0.2,0.3
2026-04-13T0600,1287A,118.1519,24.4768,厦门市,洪文,,27,27,27,13,17,13,13,NA,NA,8,7,2,3,0.3,0.3
2026-04-13T0600,1288A,118.0671,24.4447,厦门市,鼓浪屿,,29,29,28,17,18,11,11,NA,NA,13,6,2,1,/,/
2026-04-13T0600,2842A,118.0937,24.5054,厦门市,湖里中学,NA,NA,25,27,12,18,14,14,NA,NA,17,10,NA,2,0.2,0.2
2026-04-13T0600,3527A,118.0961,24.5689,厦门市,集美中学,,36,30,28,25,18,1,1,NA,NA,38,20,4,2,0.3,0.3
2026-04-13T0600,3528A,118.1502,24.7246,厦门市,同安二实小,,38,32,27,26,20,11,11,NA,NA,24,16,2,2,0.3,0.2
2026-04-13T0600,3655A,114.3379,29.8683,咸宁市,长江产业园,颗粒物(PM10),58,60,49,34,27,30,30,NA,NA,14,16,6,6,1.0,0.9
2026-04-13T0600,4217A,114.3182,29.8447,咸宁市,双鹤路18号,颗粒物(PM10),59,62,55,13,22,46,46,NA,NA,8,8,5,5,0.6,0.5
2026-04-13T0600,4298A,114.284,29.8595,咸宁市,碧桂路,NA,NA,58,51,28,27,NA,NA,NA,NA,17,17,8,8,0.8,0.7
2026-04-13T0600,1919A,108.6726,34.315,咸阳市,实验中学,"颗粒物(PM10),细颗粒物(PM2.5)",56,58,70,38,41,4,4,NA,NA,43,43,7,8,0.8,0.8
2026-04-13T0600,1920A,108.7226,34.3622,咸阳市,师范学院,颗粒物(PM10),54,55,67,35,38,11,11,NA,NA,33,34,4,5,0.7,0.7
2026-04-13T0600,3525A,108.6394,34.408,咸阳市,奥体中心,颗粒物(PM10),55,56,74,33,41,14,14,NA,NA,19,26,2,4,0.4,0.5
2026-04-13T0600,4056A,108.6601,34.3767,咸阳市,五陵塬路2号,颗粒物(PM10),63,67,76,37,44,17,17,NA,NA,23,34,3,5,0.5,0.6
2026-04-13T0600,4156A,108.6372,34.3031,咸阳市,胭脂路9号,NA,NA,94,86,53,48,9,9,NA,NA,43,40,NA,5,0.8,0.7
2026-04-13T0600,4157A,108.0371,34.3035,咸阳市,杨扶路,,43,38,55,30,43,24,24,NA,NA,24,27,2,3,0.7,0.8
2026-04-13T0600,4158A,108.0895,34.2623,咸阳市,新桥路,细颗粒物(PM2.5),66,46,60,43,52,27,27,NA,NA,32,43,6,6,0.5,0.6
2026-04-13T0600,1508A,112.9508,27.8626,湘潭市,板塘,颗粒物(PM10),55,57,44,32,25,16,16,NA,NA,34,19,5,5,0.5,0.4
2026-04-13T0600,1511A,112.9114,27.8404,湘潭市,市监测站,细颗粒物(PM2.5),56,NA,36,38,28,30,30,NA,NA,23,18,3,3,0.5,0.5
2026-04-13T0600,1512A,112.8935,27.8729,湘潭市,江麓,细颗粒物(PM2.5),60,44,43,40,28,35,35,NA,NA,14,12,7,6,0.5,0.5
2026-04-13T0600,1513A,112.9227,27.8159,湘潭市,岳塘,,49,34,42,34,25,27,27,NA,NA,20,17,4,3,0.5,0.5
2026-04-13T0600,1514A,112.9073,27.9118,湘潭市,科大,细颗粒物(PM2.5),64,56,41,42,29,33,33,NA,NA,20,14,4,2,0.7,0.6
2026-04-13T0600,1562A,113.0048,27.9153,湘潭市,昭山,颗粒物(PM10),51,51,45,34,25,5,5,NA,NA,40,25,4,4,0.7,0.6
2026-04-13T0600,2493A,109.7298,28.3164,湘西土家族苗族自治州,州政府,NA,NA,32,27,18,16,NA,NA,NA,NA,6,6,3,3,0.4,0.4
2026-04-13T0600,2494A,109.6957,28.2676,湘西土家族苗族自治州,吉首市计生局,,28,24,24,19,14,29,29,NA,NA,6,7,6,5,0.4,0.4
2026-04-13T0600,2432A,112.1555,32.0197,襄阳市,襄城运动路,颗粒物(PM10),56,58,63,25,29,66,66,NA,NA,11,9,10,10,0.6,0.7
2026-04-13T0600,2434A,112.1829,32.1146,襄阳市,高新管委会,颗粒物(PM10),54,55,59,25,31,53,53,NA,NA,15,14,7,6,0.7,0.8
2026-04-13T0600,2435A,112.2105,32.0903,襄阳市,襄州航空路,颗粒物(PM10),60,63,60,28,31,51,51,NA,NA,17,11,8,8,0.5,0.6
2026-04-13T0600,3396A,112.0764,32.0089,襄阳市,襄城隆中路,,42,42,53,27,30,66,66,NA,NA,14,12,11,12,0.7,0.7
2026-04-13T0600,3397A,112.1154,32.103,襄阳市,高新台子湾,,44,44,48,26,32,41,41,NA,NA,24,14,10,10,0.6,0.6
2026-04-13T0600,4251A,112.1433,32.0581,襄阳市,铁院东路4号,颗粒物(PM10),51,51,59,22,29,72,72,NA,NA,20,16,9,8,0.4,0.5
2026-04-13T0600,2444A,113.9062,30.9378,孝感市,东城区,NA,NA,35,44,24,25,NA,NA,NA,NA,10,9,4,4,0.4,0.5
2026-04-13T0600,4125A,113.946,30.8999,孝感市,天仙南路1号,,42,42,60,19,29,62,62,NA,NA,10,14,3,4,0.7,0.7
2026-04-13T0600,2181A,112.7313,38.457,忻州市,开发区,细颗粒物(PM2.5),104,100,72,64,50,72,72,NA,NA,30,17,7,10,0.7,0.6
2026-04-13T0600,2182A,112.7023,38.4932,忻州市,会展中心,细颗粒物(PM2.5),126,92,76,88,52,91,91,NA,NA,23,19,7,9,0.5,0.5
2026-04-13T0600,3208A,112.7279,38.4157,忻州市,市政府,细颗粒物(PM2.5),121,103,78,83,51,100,100,NA,NA,21,23,10,11,0.4,0.5
2026-04-13T0600,4063A,115.2124,37.9433,辛集市,市政府,细颗粒物(PM2.5),107,76,81,67,52,68,68,NA,NA,21,17,5,5,0.3,0.3
2026-04-13T0600,4064A,115.2008,37.9338,辛集市,城管大队,细颗粒物(PM2.5),84,63,79,52,51,82,82,NA,NA,17,12,12,10,0.4,0.6
2026-04-13T0600,2389A,113.836,35.3104,新乡市,环保西院,颗粒物(PM10),66,72,81,34,41,67,67,NA,NA,13,14,12,9,0.6,0.6
2026-04-13T0600,2390A,113.8847,35.2724,新乡市,开发区,细颗粒物(PM2.5),60,53,59,40,34,66,66,NA,NA,15,15,8,9,0.7,0.7
2026-04-13T0600,2391A,113.8836,35.3028,新乡市,环保东院,颗粒物(PM10),73,81,75,37,34,56,56,NA,NA,17,14,7,7,0.6,0.6
2026-04-13T0600,3054A,113.9194,35.2847,新乡市,市委党校,细颗粒物(PM2.5),68,57,60,44,36,63,63,NA,NA,16,18,9,8,0.1,0.1
2026-04-13T0600,3475A,113.9189,35.3042,新乡市,市政府,颗粒物(PM10),76,86,76,46,40,48,48,NA,NA,22,14,11,9,0.5,0.4
2026-04-13T0600,3689A,113.9002,35.372,新乡市,行政服务中心,NA,NA,72,74,48,42,57,57,NA,NA,12,17,NA,11,0.4,0.4
2026-04-13T0600,4215A,113.916569,35.331547,新乡市,建设东路46号,细颗粒物(PM2.5),78,76,67,49,45,30,30,NA,NA,30,18,12,9,0.5,0.5
2026-04-13T0600,2353A,114.9887,27.8433,新余市,飞宇,颗粒物(PM10),51,51,45,28,23,21,21,NA,NA,25,15,37,10,0.6,0.8
2026-04-13T0600,2354A,114.9234,27.8248,新余市,第二水厂,,43,43,33,23,22,39,39,NA,NA,18,17,12,11,0.7,0.9
2026-04-13T0600,2355A,114.931,27.8037,新余市,市气象局,,48,48,36,32,26,37,37,NA,NA,18,17,1,1,0.8,1.1
2026-04-13T0600,3206A,114.9148,27.8069,新余市,新钢沁园村,颗粒物(PM10),51,51,39,28,26,43,43,NA,NA,16,15,11,6,0.6,0.8
2026-04-13T0600,2054A,114.1096,32.1059,信阳市,平桥分局,,27,27,43,14,30,75,75,NA,NA,8,11,6,6,0.5,0.4
2026-04-13T0600,2064A,113.9956,32.1272,信阳市,南湾水厂,,41,41,51,16,26,81,81,NA,NA,7,9,4,4,0.5,0.4
2026-04-13T0600,2065A,114.078,32.1194,信阳市,市酿酒公司,,25,24,44,14,28,77,77,NA,NA,9,10,4,4,0.4,0.4
2026-04-13T0600,2066A,114.0712,32.1393,信阳市,审计局,,46,46,56,14,28,81,81,NA,NA,7,9,5,5,0.5,0.5
2026-04-13T0600,4280A,122.0921,46.065,兴安盟,洮儿河南路,,26,26,42,10,14,30,30,NA,NA,23,7,4,6,0.6,0.5
2026-04-13T0600,4311A,122.0383,46.0691,兴安盟,科尔沁北路63号,,32,32,42,6,12,40,40,NA,NA,17,6,6,4,0.5,0.4
2026-04-13T0600,1077A,114.4687,37.0883,邢台市,达活泉,细颗粒物(PM2.5),90,74,82,55,48,59,59,NA,NA,16,13,8,9,0.6,0.7
2026-04-13T0600,1078A,114.4954,37.0309,邢台市,邢师高专,颗粒物(PM10),66,72,78,37,40,46,46,NA,NA,23,25,4,5,0.4,0.5
2026-04-13T0600,1079A,114.5281,37.0857,邢台市,路桥公司,细颗粒物(PM2.5),78,66,73,49,43,51,51,NA,NA,22,19,10,8,0.6,0.6
2026-04-13T0600,1080A,114.4721,37.0713,邢台市,市环保局,NA,NA,64,83,41,43,NA,NA,NA,NA,20,19,5,6,0.4,0.6
2026-04-13T0600,4070A,114.5558,37.0578,邢台市,襄都区政府南院,细颗粒物(PM2.5),74,68,73,47,42,46,46,NA,NA,18,17,12,8,0.3,0.4
2026-04-13T0600,1180A,117.257,34.2161,徐州市,新城区,,39,37,42,27,24,84,84,NA,NA,9,12,5,5,0.4,0.4
2026-04-13T0600,1182A,117.2933,34.2796,徐州市,农科院,,39,NA,36,27,28,79,79,NA,NA,12,17,6,7,0.6,0.6
2026-04-13T0600,3005A,117.1812,34.29,徐州市,鼓楼区政府,NA,NA,29,33,28,26,87,87,NA,NA,13,16,9,9,NA,0.6
2026-04-13T0600,3006A,117.1693,34.1781,徐州市,铜山区招生办,,39,39,38,24,22,87,87,NA,NA,14,16,5,6,0.6,0.5
2026-04-13T0600,3288A,117.4619,34.4368,徐州市,大泉街道,,47,47,56,24,25,67,67,NA,NA,15,18,13,12,0.3,0.4
2026-04-13T0600,4088A,117.1553,34.2567,徐州市,纺织东路16号,,33,23,39,23,22,90,90,NA,NA,7,10,7,7,0.5,0.6
2026-04-13T0600,4186A,117.194237,34.229354,徐州市,解放南路202号,,47,47,49,29,27,85,85,NA,NA,10,13,7,8,0.5,0.5
2026-04-13T0600,4288A,117.2438,34.2844,徐州市,龙潭环路5号,,39,34,42,27,26,83,83,NA,NA,9,10,7,8,0.6,0.6
2026-04-13T0600,2398A,113.7904,33.9949,许昌市,开发区,,45,41,54,31,38,74,74,NA,NA,13,18,5,6,0.4,0.5
2026-04-13T0600,3134A,113.8172,34.0339,许昌市,市一中,,45,NA,47,31,35,72,72,NA,NA,12,14,6,6,0.4,0.5
2026-04-13T0600,3337A,113.8611,34.0443,许昌市,许昌学院,,46,36,51,32,42,53,53,NA,NA,18,16,8,6,0.4,0.5
2026-04-13T0600,3338A,113.8428,34.0825,许昌市,芙蓉广场,,50,NA,48,35,42,52,52,NA,NA,15,15,8,7,0.3,0.4
2026-04-13T0600,4180A,113.8157285,34.126705,许昌市,新元大道996号,NA,NA,33,51,32,36,56,56,NA,NA,17,19,NA,5,0.4,0.5
2026-04-13T0600,4259A,113.835877,34.0155267,许昌市,望田路111号,,40,NA,51,28,40,69,69,NA,NA,12,15,7,8,0.5,0.6
2026-04-13T0600,2316A,118.7578,30.9457,宣城市,鳌峰子站,,45,NA,26,31,21,44,44,NA,NA,11,12,5,5,0.4,0.3
2026-04-13T0600,2317A,118.7384,30.9745,宣城市,敬亭山子站,细颗粒物(PM2.5),58,NA,28,39,27,37,37,NA,NA,14,14,3,3,0.3,0.2
2026-04-13T0600,2318A,118.7172,30.9428,宣城市,开发区子站,,42,32,27,29,21,47,47,NA,NA,11,11,6,6,0.3,0.2
2026-04-13T0600,2555A,103.011,29.9833,雅安市,市政府,,23,8,24,3,18,73,73,NA,NA,3,11,6,7,0.4,0.5
2026-04-13T0600,2556A,102.9907,29.9778,雅安市,川农大,,13,10,24,3,18,41,41,NA,NA,5,13,5,6,0.2,0.3
2026-04-13T0600,4306A,103.0544,30.0133,雅安市,滨江西路,NA,NA,21,33,3,18,NA,NA,NA,NA,3,11,5,5,0.3,0.4
2026-04-13T0600,1642A,121.2517,37.564,烟台市,开发区,细颗粒物(PM2.5),96,68,44,58,30,17,17,NA,NA,60,35,9,7,0.5,0.4
2026-04-13T0600,1644A,121.3181,37.5436,烟台市,西郊化工站,细颗粒物(PM2.5),88,73,47,54,28,39,39,NA,NA,55,29,8,8,0.5,0.5
2026-04-13T0600,1645A,121.4419,37.4858,烟台市,莱山环保局,细颗粒物(PM2.5),54,53,44,37,25,65,65,NA,NA,36,26,7,8,0.5,0.5
2026-04-13T0600,1646A,121.2619,37.4965,烟台市,福山环保局,颗粒物(PM10),122,175,61,56,28,45,45,NA,NA,44,29,5,5,0.5,0.4
2026-04-13T0600,3057A,121.5989,37.4016,烟台市,牟平检察院,细颗粒物(PM2.5),90,63,44,55,30,73,73,NA,NA,28,18,11,10,0.4,0.3
2026-04-13T0600,3366A,121.5202,37.4336,烟台市,中国农业大学,颗粒物(PM10),65,70,47,41,25,61,61,NA,NA,40,18,7,6,0.5,0.4
2026-04-13T0600,4213A,121.364239,37.529648,烟台市,青年南路118号,细颗粒物(PM2.5),78,70,53,49,28,56,56,NA,NA,38,28,3,3,0.6,0.6
2026-04-13T0600,1927A,109.4569,36.6161,延安市,延大医附院,,27,27,37,13,16,45,45,NA,NA,25,15,2,2,0.4,0.4
2026-04-13T0600,1929A,109.5053,36.6105,延安市,百米大道,颗粒物(PM10),58,61,43,19,17,56,56,NA,NA,35,22,4,5,0.5,0.5
2026-04-13T0600,4161A,109.485,36.6347,延安市,志丹路,,30,27,38,11,15,96,96,NA,NA,6,8,2,2,0.5,0.5
2026-04-13T0600,2237A,129.4704,42.8885,延边朝鲜族自治州,妇幼医院,NA,NA,58,50,13,16,59,59,NA,NA,18,11,NA,7,0.3,0.4
2026-04-13T0600,2238A,129.5047,42.9117,延边朝鲜族自治州,延边医院,NA,NA,47,47,12,14,78,78,NA,NA,6,11,NA,7,0.4,0.4
2026-04-13T0600,2239A,129.395,42.8884,延边朝鲜族自治州,朝阳川镇医院,颗粒物(PM10),53,53,52,15,17,73,73,NA,NA,6,11,7,8,0.4,0.5
2026-04-13T0600,1216A,120.1554,33.3941,盐城市,市监测站,,35,9,18,6,22,111,111,NA,NA,10,10,6,7,0.4,0.5
2026-04-13T0600,1218A,120.214332,33.37951,盐城市,开发区管委会,,35,12,31,7,19,109,109,NA,NA,8,9,6,6,0.4,0.5
2026-04-13T0600,3004A,120.1543,33.3664,盐城市,宝龙广场,,35,9,17,3,15,109,109,NA,NA,10,12,6,6,0.4,0.5
2026-04-13T0600,3293A,120.1518,33.3369,盐城市,月亮广场,,35,6,16,3,14,111,111,NA,NA,8,9,5,6,0.4,0.5
2026-04-13T0600,3436A,120.4283,33.2048,盐城市,大丰高级中学,,37,6,23,3,12,116,116,NA,NA,10,12,6,7,0.5,0.7
2026-04-13T0600,4207A,120.12211,33.393982,盐城市,黄海中路88号,,36,12,21,3,12,115,115,NA,NA,9,9,6,6,0.4,0.5
2026-04-13T0600,1186A,119.3895,32.377,扬州市,邗江监测站,,31,22,20,12,10,99,99,NA,NA,6,10,6,6,0.5,0.5
2026-04-13T0600,2869A,119.4472,32.4156,扬州市,五台山医院,,33,17,18,11,11,104,104,NA,NA,4,8,6,6,0.4,0.4
2026-04-13T0600,3164A,119.4682,32.394,扬州市,广陵建设局,,30,17,19,14,12,96,96,NA,NA,8,11,6,6,0.4,0.4
2026-04-13T0600,3195A,119.3649,32.3961,扬州市,市体育局,,31,17,20,9,10,97,97,NA,NA,7,11,5,6,0.3,0.4
2026-04-13T0600,3294A,119.565282,32.422263,扬州市,引江管理处,,30,12,17,12,12,93,93,NA,NA,8,10,5,2,0.5,0.5
2026-04-13T0600,4093A,119.5202,32.3705,扬州市,廖家沟步道,NA,NA,16,16,11,12,NA,NA,NA,NA,6,10,2,2,0.4,0.4
2026-04-13T0600,1701A,111.9491,21.8658,阳江市,马南垌,,26,26,30,12,14,48,48,NA,NA,4,4,4,4,0.4,0.5
2026-04-13T0600,3317A,111.9785,21.8954,阳江市,两阳中学,,27,27,31,11,13,47,47,NA,NA,3,3,/,/,0.5,0.6
2026-04-13T0600,3453A,112.0125,21.8749,阳江市,阳东陶然,,23,23,26,12,12,46,46,NA,NA,5,4,5,5,0.3,0.3
2026-04-13T0600,1739A,113.4894,37.8717,阳泉市,赛鱼,细颗粒物(PM2.5),102,120,92,62,47,3,3,NA,NA,58,36,6,9,0.8,0.7
2026-04-13T0600,1740A,113.582,37.8473,阳泉市,南庄,颗粒物(PM10),117,164,98,74,52,19,19,NA,NA,47,19,18,19,1.3,0.9
2026-04-13T0600,1742A,113.5616,37.8706,阳泉市,平坦,颗粒物(PM10),124,181,110,44,33,23,23,NA,NA,58,34,9,18,0.7,0.7
2026-04-13T0600,1743A,113.5115,37.8391,阳泉市,大阳泉,细颗粒物(PM2.5),102,120,72,62,38,85,85,NA,NA,20,18,6,8,0.9,0.8
2026-04-13T0600,3619A,113.6169,37.8565,阳泉市,龙柱,颗粒物(PM10),133,204,120,81,58,5,5,NA,NA,68,30,32,28,1.9,0.8
2026-04-13T0600,4077A,113.588,37.8712,阳泉市,宁波路,颗粒物(PM10),116,161,108,75,50,29,29,NA,NA,47,24,39,23,1.1,0.8
2026-04-13T0600,2252A,128.8663,47.7199,伊春市,环保局,,29,29,22,13,15,65,65,NA,NA,4,8,3,3,0.3,0.4
2026-04-13T0600,2253A,128.9014,47.732,伊春市,电力嘉园,,28,24,24,19,15,62,62,NA,NA,4,9,4,5,0.5,0.5
2026-04-13T0600,3342A,128.7948,47.7291,伊春市,中心小学,,25,NA,12,17,17,67,67,NA,NA,4,7,2,2,0.4,0.4
2026-04-13T0600,3343A,128.6736,47.729,伊春市,检察院,,23,23,26,9,15,58,58,NA,NA,3,5,5,4,0.3,0.4
2026-04-13T0600,4284A,128.8325,47.8447,伊春市,永安路4-1号,,19,14,19,13,15,59,59,NA,NA,3,6,4,4,0.3,0.4
2026-04-13T0600,2704A,81.3002,43.9177,伊犁哈萨克自治州,新政府片区,,34,34,36,10,15,22,22,NA,NA,24,17,6,7,0.9,0.6
2026-04-13T0600,2705A,81.3364,43.9409,伊犁哈萨克自治州,第二水厂,,35,35,40,9,13,11,11,NA,NA,26,18,6,7,0.4,0.4
2026-04-13T0600,4273A,81.2737,43.9337,伊犁哈萨克自治州,安徽路800号,,39,39,39,16,14,8,8,NA,NA,46,26,5,6,0.7,0.3
2026-04-13T0600,1883A,104.6204,28.7728,宜宾市,市委,,40,35,40,28,31,56,56,NA,NA,10,13,6,6,0.7,0.7
2026-04-13T0600,1884A,104.6056,28.7931,宜宾市,宜宾四中,,46,39,42,32,33,55,55,NA,NA,11,15,4,5,0.8,0.8
2026-04-13T0600,1886A,104.5743,28.7199,宜宾市,黄金嘴,,36,30,39,25,30,52,52,NA,NA,8,11,4,4,0.6,0.6
2026-04-13T0600,3728A,104.6701,28.8053,宜宾市,白酒学院,,43,39,36,30,27,63,63,NA,NA,8,10,6,6,0.6,0.6
2026-04-13T0600,4149A,104.6146,28.7422,宜宾市,宜宾市职业技术学校,,42,36,39,29,33,63,63,NA,NA,10,14,7,7,0.7,0.8
2026-04-13T0600,1840A,111.2991,30.6981,宜昌市,白龙岗,,30,27,28,21,19,12,12,NA,NA,22,20,6,6,0.5,0.5
2026-04-13T0600,1842A,111.263451,30.696754,宜昌市,点军区,,33,33,27,8,12,8,8,NA,NA,12,16,7,7,0.3,0.3
2026-04-13T0600,1843A,111.3276,30.782,宜昌市,夷陵区,,33,33,32,23,15,14,14,NA,NA,15,19,6,6,0.5,0.5
2026-04-13T0600,3546A,111.4606,30.5519,宜昌市,猇亭区张家湾站,NA,NA,NA,64,20,17,24,24,NA,NA,25,23,6,7,0.4,0.4
2026-04-13T0600,4203A,111.3168,30.7203,宜昌市,西陵二路116号,,21,21,29,14,10,28,28,NA,NA,15,17,7,6,0.5,0.5
2026-04-13T0600,4204A,111.3526,30.6374,宜昌市,沈家店路6号,,28,28,23,15,13,11,11,NA,NA,21,24,9,8,0.5,0.5
2026-04-13T0600,2373A,114.3954,27.7843,宜春市,市石油公司,NA,NA,51,37,36,26,57,57,NA,NA,13,16,NA,8,0.7,0.9
2026-04-13T0600,2374A,114.37,27.7916,宜春市,市气象局,,47,47,34,26,22,54,54,NA,NA,10,13,8,8,0.8,1
2026-04-13T0600,2375A,114.401,27.8059,宜春市,市广电局,NA,NA,36,28,28,28,56,56,NA,NA,10,15,NA,8,0.7,1
2026-04-13T0600,3151A,114.375,27.8096,宜春市,宜春学院北校区,,39,39,34,20,27,58,58,NA,NA,8,12,15,9,0.7,1
2026-04-13T0600,2468A,112.3458,28.581,益阳市,市环保局,细颗粒物(PM2.5),54,50,47,37,29,63,63,NA,NA,3,7,7,6,0.8,0.8
2026-04-13T0600,4181A,112.3571,28.5588,益阳市,龙洲站,颗粒物(PM10),53,53,47,35,28,72,72,NA,NA,9,14,8,6,0.8,0.8
2026-04-13T0600,4187A,112.3425,28.611,益阳市,幸福渠东路223号,细颗粒物(PM2.5),56,53,44,38,30,57,57,NA,NA,11,14,6,5,0.9,0.9
2026-04-13T0600,4188A,112.3712,28.5764,益阳市,益鑫泰路85号,NA,NA,57,45,36,29,67,67,NA,NA,9,12,NA,5,1.0,0.9
2026-04-13T0600,1489A,106.1361,38.5039,银川市,学院路,颗粒物(PM10),121,173,232,49,61,55,55,NA,NA,24,20,8,7,0.3,0.3
2026-04-13T0600,2924A,106.2266,38.4417,银川市,水乡路,颗粒物(PM10),110,146,245,52,57,68,68,NA,NA,17,16,13,8,0.6,0.3
2026-04-13T0600,2925A,106.2758,38.4841,银川市,上海东路,颗粒物(PM10),105,131,194,42,54,54,54,NA,NA,17,13,9,6,0.7,0.4
2026-04-13T0600,2926A,106.1016,38.4971,银川市,文昌北街,颗粒物(PM10),118,165,219,68,68,57,57,NA,NA,24,20,7,8,0.4,0.4
2026-04-13T0600,3523A,106.5105,38.3857,银川市,滨河新区,颗粒物(PM10),104,129,232,30,57,58,58,NA,NA,18,12,11,8,0.6,0.4
2026-04-13T0600,4242A,106.226373,38.491976,银川市,广场西路,颗粒物(PM10),112,149,232,37,49,51,51,NA,NA,16,14,11,8,0.7,0.4
2026-04-13T0600,2358A,117.0561,28.2641,鹰潭市,新监测站,,37,37,29,21,20,8,8,NA,NA,21,10,12,9,0.7,0.7
2026-04-13T0600,2359A,117.0312,28.2474,鹰潭市,财苑宾馆,,44,44,31,22,23,10,10,NA,NA,29,12,14,9,/,/
2026-04-13T0600,2360A,117.0221,28.2263,鹰潭市,体育馆,,39,39,32,20,22,9,9,NA,NA,29,16,16,12,0.9,0.8
2026-04-13T0600,1597A,122.2704,40.7093,营口市,大庆路,,29,29,117,3,56,53,53,NA,NA,22,23,5,8,0.9,0.8
2026-04-13T0600,1598A,122.215,40.6511,营口市,镜湖西路,,29,29,102,3,57,54,54,NA,NA,18,19,13,14,0.6,0.7
2026-04-13T0600,1599A,122.1667,40.665,营口市,西炮台,NA,NA,23,103,3,50,56,56,NA,NA,NA,14,8,8,0.8,0.8
2026-04-13T0600,3379A,122.1122,40.2275,营口市,鲅鱼圈市民活动中心,颗粒物(PM10),62,66,107,3,48,68,68,NA,NA,14,29,15,13,0.7,0.9
2026-04-13T0600,3866A,122.2469,40.663,营口市,三高中,,47,47,109,6,55,46,46,NA,NA,19,18,6,7,0.6,0.5
2026-04-13T0600,4006A,122.3622,40.6762,营口市,老边实验小学,颗粒物(PM10),67,73,115,8,61,54,54,NA,NA,23,34,10,13,0.9,0.9
2026-04-13T0600,2478A,111.6126,26.4266,永州市,市环境监测站,,38,29,26,26,20,66,66,NA,NA,6,9,4,5,0.9,0.9
2026-04-13T0600,2480A,111.6248,26.3803,永州市,永州市环保局,,28,28,38,18,21,51,51,NA,NA,10,13,4,4,0.6,0.6
2026-04-13T0600,2481A,111.5989,26.4523,永州市,冷水滩区环保局,,35,30,22,24,16,70,70,NA,NA,4,5,3,4,0.7,0.7
2026-04-13T0600,4299A,111.6195,26.2253,永州市,徐家井路86号,,29,24,27,20,20,53,53,NA,NA,8,9,4,4,0.6,0.6
2026-04-13T0600,2639A,109.7445,38.2919,榆林市,世纪广场,,28,28,56,15,21,85,85,NA,NA,17,24,11,13,0.7,0.8
2026-04-13T0600,2640A,109.729,38.2837,榆林市,实验中学,,34,34,63,14,22,92,92,NA,NA,15,21,14,11,0.4,0.5
2026-04-13T0600,2641A,109.7347,38.2491,榆林市,环保监测大楼,,33,33,58,15,21,89,89,NA,NA,15,21,34,11,0.2,0.3
2026-04-13T0600,2511A,110.1433,22.6162,玉林市,南江一中,,45,NA,46,31,32,42,42,NA,NA,5,9,12,15,0.8,0.8
2026-04-13T0600,3532A,110.1951,22.6832,玉林市,玉林师范学院东校区,,31,31,44,18,28,51,51,NA,NA,10,14,3,4,0.6,0.6
2026-04-13T0600,3533A,110.0527,22.5894,玉林市,福绵环保局,,36,32,46,25,28,34,34,NA,NA,13,14,12,6,1.1,1
2026-04-13T0600,4255A,110.16795,22.640993,玉林市,人民东路196号,,32,32,45,19,29,49,49,NA,NA,6,8,5,6,0.6,0.7
2026-04-13T0600,2675A,97.0386,33.0138,玉树藏族自治州,玉树县结古镇,,33,13,19,3,7,105,105,NA,NA,1,6,9,8,0.3,0.3
2026-04-13T0600,1715A,102.575,24.371,玉溪市,东风水库,,39,37,32,27,18,100,100,NA,NA,8,9,3,4,0.4,0.3
2026-04-13T0600,2882A,102.5388,24.3703,玉溪市,玉溪一中,,35,35,37,20,20,89,89,NA,NA,10,13,2,2,0.4,0.4
2026-04-13T0600,2883A,102.5382,24.339,玉溪市,文体中心,,33,31,33,23,18,76,76,NA,NA,14,10,5,5,0.3,0.3
2026-04-13T0600,1848A,113.1494,29.425,岳阳市,城陵矶,,46,46,34,20,17,51,51,NA,NA,20,25,4,5,0.6,0.7
2026-04-13T0600,1849A,113.1493,29.3575,岳阳市,开发区,细颗粒物(PM2.5),64,48,39,42,27,60,60,NA,NA,9,15,9,5,0.8,0.7
2026-04-13T0600,1850A,113.2672,29.4752,岳阳市,云溪区,,50,50,34,29,21,59,59,NA,NA,12,13,4,4,0.8,0.7
2026-04-13T0600,1851A,112.9944,29.44,岳阳市,君山区,,47,47,38,29,23,59,59,NA,NA,11,9,4,2,0.9,0.7
2026-04-13T0600,4265A,113.108806,29.353066,岳阳市,求索西路365号,颗粒物(PM10),60,64,41,32,24,55,55,NA,NA,10,12,9,8,0.6,0.5
2026-04-13T0600,1714A,112.0281,22.9738,云浮市,牧羊,,33,33,39,17,21,32,32,NA,NA,14,14,8,10,0.3,0.3
2026-04-13T0600,3628A,112.0335,22.9376,云浮市,文笔,,29,29,36,18,21,26,26,NA,NA,16,6,6,5,0.6,0.7
2026-04-13T0600,2175A,110.996,35.0148,运城市,运城中学,,43,43,68,21,28,109,109,NA,NA,6,12,8,8,0.5,0.6
2026-04-13T0600,2178A,110.9685,35.0305,运城市,地区技校,,40,40,62,23,28,105,105,NA,NA,4,10,8,8,0.4,0.5
2026-04-13T0600,3667A,111.0279,35.0543,运城市,水利职院,,39,39,66,22,29,95,95,NA,NA,10,14,9,9,0.7,0.7
2026-04-13T0600,3670A,111.0522,35.0439,运城市,禹都公园,,38,38,66,20,28,103,103,NA,NA,8,12,8,10,0.6,0.7
2026-04-13T0600,4081A,111.0081,35.0748,运城市,学苑北路2555号,NA,NA,40,71,17,29,108,108,NA,NA,7,14,NA,10,0.4,0.5
2026-04-13T0600,1637A,117.5628,34.8379,枣庄市,市中区政府,,27,22,43,15,20,85,85,NA,NA,12,18,10,15,0.5,0.6
2026-04-13T0600,1638A,117.2855,34.7838,枣庄市,薛城环保局,,28,27,38,15,15,89,89,NA,NA,15,17,10,12,0.5,0.4
2026-04-13T0600,1639A,117.5854,34.7744,枣庄市,峄城区政府,,41,41,46,12,21,96,96,NA,NA,11,13,11,13,0.5,0.5
2026-04-13T0600,1641A,117.4516,35.0992,枣庄市,山亭区环保局,,35,NA,25,3,11,109,109,NA,NA,5,11,6,8,0.6,0.5
2026-04-13T0600,3364A,117.316,34.8106,枣庄市,市环保局,,29,29,37,13,15,87,87,NA,NA,15,16,6,10,0.6,0.5
2026-04-13T0600,4266A,117.7325,34.5683,枣庄市,文化路178号,,31,31,44,16,20,83,83,NA,NA,15,16,16,16,0.5,0.5
2026-04-13T0600,1680A,110.3648,21.2697,湛江市,湛江影剧院,,30,30,39,21,22,66,66,NA,NA,6,7,7,6,0.6,0.6
2026-04-13T0600,1681A,110.3907,21.2279,湛江市,市环境监测站,,30,26,36,21,22,55,55,NA,NA,9,9,6,5,0.5,0.6
2026-04-13T0600,1682A,110.3936,21.1943,湛江市,环保局宿舍,,26,25,33,18,19,67,67,NA,NA,8,11,5,5,/,/
2026-04-13T0600,1683A,110.4138,21.2033,湛江市,霞山游泳场,,38,38,40,18,23,69,69,NA,NA,4,10,4,4,/,/
2026-04-13T0600,1685A,110.4512,21.239,湛江市,坡头区环保局,,39,36,34,27,22,63,63,NA,NA,6,7,6,6,0.5,0.5
2026-04-13T0600,1858A,110.532,29.1219,张家界市,永定新区,,39,31,28,27,19,23,23,NA,NA,18,14,/,/,/,/
2026-04-13T0600,1859A,110.4696,29.1244,张家界市,电业局,,40,35,30,28,18,29,29,NA,NA,12,11,10,11,0.5,0.5
2026-04-13T0600,1860A,110.5573,29.3486,张家界市,未央路,,30,22,18,21,16,10,10,NA,NA,6,9,10,10,0.7,0.6
2026-04-13T0600,1057A,114.8884,40.8336,张家口市,人民公园,,19,19,27,3,11,58,58,NA,NA,13,9,2,3,0.1,0.1
2026-04-13T0600,1059A,114.868581,40.804273,张家口市,五金库,,20,20,32,8,13,48,48,NA,NA,22,13,/,/,/,/
2026-04-13T0600,1060A,114.8901,40.762,张家口市,世纪豪园,NA,NA,29,37,13,18,NA,NA,NA,NA,16,13,5,5,0.4,0.5
2026-04-13T0600,3131A,114.878,40.7992,张家口市,烟厂,,24,24,32,12,17,56,56,NA,NA,19,11,/,/,/,/
2026-04-13T0600,3323A,115.2772,40.9723,张家口市,青少年活动中心,颗粒物(PM10),56,58,39,14,9,114,114,NA,NA,7,9,3,3,0.3,0.2
2026-04-13T0600,2654A,100.4699,38.9525,张掖市,润泉湖,,29,20,61,20,26,69,69,NA,NA,8,12,6,7,0.4,0.5
2026-04-13T0600,2655A,100.4155,38.9422,张掖市,区工会,,49,49,60,16,20,61,61,NA,NA,10,11,11,5,0.5,0.4
2026-04-13T0600,2920A,117.71,24.5048,漳州市,蓝田镇,,42,41,35,29,22,4,4,NA,NA,22,8,4,3,0.3,0.3
2026-04-13T0600,3216A,117.662,24.5187,漳州市,漳州党校,,42,42,36,25,22,24,24,NA,NA,15,12,/,/,/,/
2026-04-13T0600,3530A,117.6288,24.5309,漳州市,西洋坪路,,49,41,34,34,21,2,2,NA,NA,20,12,3,3,0.5,0.4
2026-04-13T0600,2596A,103.7668,27.3736,昭通市,监测站,,29,24,31,20,19,54,54,NA,NA,11,12,7,7,0.4,0.3
2026-04-13T0600,4261A,103.7247,27.3415,昭通市,环东路146号,,20,18,27,14,16,63,63,NA,NA,8,9,7,7,0.5,0.5
2026-04-13T0600,1397A,112.426,23.062,肇庆市,睦岗子站,,28,28,35,13,19,38,38,NA,NA,12,10,5,6,/,/
2026-04-13T0600,1398A,112.4645,23.0476,肇庆市,城中子站,,23,NA,30,16,19,33,33,NA,NA,17,10,13,11,0.5,0.5
2026-04-13T0600,1399A,112.5545,23.1525,肇庆市,坑口子站,,23,23,32,11,18,54,54,NA,NA,8,9,5,5,0.2,0.3
2026-04-13T0600,3313A,112.4572,23.0163,肇庆市,高要湖西,,28,28,37,14,19,41,41,NA,NA,8,7,7,6,0.5,0.6
2026-04-13T0600,3451A,112.5617,23.2082,肇庆市,鼎湖凤凰,NA,NA,NA,44,NA,24,NA,NA,77,NA,NA,19,NA,6,NA,NA
2026-04-13T0600,1203A,119.6708,32.187,镇江市,新区办事处,,31,16,16,10,10,97,97,NA,NA,9,15,6,5,0.4,0.5
2026-04-13T0600,1204A,119.497455,32.196732,镇江市,职教中心,,25,NA,12,16,11,80,80,NA,NA,15,16,5,5,0.5,0.5
2026-04-13T0600,1205A,119.43,32.1328,镇江市,丹徒区监测站,,35,35,15,22,13,87,87,NA,NA,10,13,2,2,0.6,0.5
2026-04-13T0600,2870A,119.4369,32.1891,镇江市,市疾控中心,,27,18,13,15,10,86,86,NA,NA,12,12,4,3,0.6,0.6
2026-04-13T0600,3287A,119.3842,32.198,镇江市,富润路1号,,30,20,17,16,15,94,94,NA,NA,12,15,4,5,0.4,0.5
2026-04-13T0600,1316A,113.6843,34.7622,郑州市,烟厂,细颗粒物(PM2.5),54,39,61,37,36,67,67,NA,NA,17,16,5,5,0.4,0.4
2026-04-13T0600,1318A,113.669,34.8034,郑州市,银行学校,细颗粒物(PM2.5),68,72,61,44,37,70,70,NA,NA,12,13,4,5,0.4,0.5
2026-04-13T0600,1319A,113.5612,34.8143,郑州市,供水公司,,39,39,56,25,32,81,81,NA,NA,20,19,4,5,0.3,0.4
2026-04-13T0600,1320A,113.7269,34.7187,郑州市,经开区管委,细颗粒物(PM2.5),60,51,60,40,40,56,56,NA,NA,22,18,4,5,0.5,0.5
2026-04-13T0600,1321A,113.7332,34.7727,郑州市,四十七中,细颗粒物(PM2.5),66,44,60,43,40,64,64,NA,NA,13,16,6,5,0.5,0.5
2026-04-13T0600,1323A,113.6361,34.7537,郑州市,河医大,,49,35,55,34,35,72,72,NA,NA,18,16,3,4,0.4,0.4
2026-04-13T0600,3471A,113.6104,34.8688,郑州市,惠济区政府,细颗粒物(PM2.5),82,NA,60,51,42,62,62,NA,NA,20,16,4,5,0.7,0.7
2026-04-13T0600,3590A,113.8362,34.566,郑州市,北区建设指挥部,"颗粒物(PM10),细颗粒物(PM2.5)",54,55,63,37,40,51,51,NA,NA,24,16,4,5,0.6,0.6
2026-04-13T0600,3591A,113.3029,34.8041,郑州市,上街区政府,细颗粒物(PM2.5),78,NA,68,49,40,58,58,NA,NA,16,13,4,6,0.4,0.4
2026-04-13T0600,4293A,113.605125,34.755221,郑州市,计划路2号,,46,NA,58,32,36,82,82,NA,NA,14,16,2,4,0.6,0.6
2026-04-13T0600,4294A,113.6525645,34.77362682,郑州市,同乐路9号,,49,35,59,34,39,68,68,NA,NA,12,13,3,4,0.5,0.5
2026-04-13T0600,1379A,113.377,22.5211,中山市,华柏园,,16,16,24,10,14,41,41,NA,NA,5,4,/,/,/,/
2026-04-13T0600,1380A,113.3879,22.5499,中山市,张溪,,24,24,28,16,11,38,38,NA,NA,8,5,/,/,/,/
2026-04-13T0600,1381A,113.4071,22.5111,中山市,紫马岭,,14,NA,24,9,13,42,42,NA,NA,4,5,4,4,0.3,0.3
2026-04-13T0600,3454A,113.3527,22.4781,中山市,中山南区,,19,19,19,10,13,40,40,NA,NA,5,4,4,4,0.2,0.2
2026-04-13T0600,2682A,105.1965,37.4996,中卫市,环保局站,颗粒物(PM10),62,66,97,25,36,84,84,NA,NA,5,8,8,9,0.2,0.2
2026-04-13T0600,3650A,105.1696,37.5164,中卫市,沙坡头区政府站,颗粒物(PM10),60,63,97,21,29,83,83,NA,NA,8,8,8,10,0.2,0.2
2026-04-13T0600,1416A,106.4216,29.8256,重庆市,天生,,36,36,39,20,21,27,27,NA,NA,11,15,9,11,0.5,0.6
2026-04-13T0600,1417A,106.6264,29.7226,重庆市,两路,,25,22,38,17,21,44,44,NA,NA,7,18,8,8,0.6,0.6
2026-04-13T0600,1419A,106.5778,29.5103,重庆市,南坪,颗粒物(PM10),56,58,43,22,20,49,49,NA,NA,16,21,9,9,0.3,0.4
2026-04-13T0600,1420A,106.6556,29.6277,重庆市,唐家沱,NA,NA,22,26,15,17,NA,NA,NA,NA,14,16,8,8,0.5,0.5
2026-04-13T0600,3014A,106.4958,29.5347,重庆市,歇台子,,32,32,35,15,21,43,43,NA,NA,12,20,7,8,0.4,0.5
2026-04-13T0600,3015A,106.4067,29.5729,重庆市,龙井湾,,30,23,33,21,21,56,56,NA,NA,9,13,7,7,0.5,0.5
2026-04-13T0600,3016A,106.5506,29.415,重庆市,龙洲湾,,28,28,30,18,22,45,45,NA,NA,8,12,8,8,0.2,0.3
2026-04-13T0600,3133A,106.5469,29.5655,重庆市,上清寺,,29,29,40,16,21,32,32,NA,NA,20,22,7,8,0.3,0.3
2026-04-13T0600,3346A,108.3871,31.1627,重庆市,安康,,36,36,38,13,18,10,10,NA,NA,10,14,7,6,0.4,0.5
2026-04-13T0600,3347A,105.8983,29.36,重庆市,北山路,,42,42,38,25,25,60,60,NA,NA,6,10,7,8,0.4,0.5
2026-04-13T0600,3350A,106.648859,29.023807,重庆市,滩子口,,38,34,46,26,32,57,57,NA,NA,11,14,7,8,0.5,0.5
2026-04-13T0600,3351A,105.7164,29.7077,重庆市,棠香,,31,31,28,17,21,55,55,NA,NA,3,5,4,4,0.5,0.4
2026-04-13T0600,3352A,107.0733,29.8618,重庆市,桃源西路,,30,30,31,20,21,30,30,NA,NA,8,8,18,16,0.5,0.5
2026-04-13T0600,3353A,107.3536,29.7283,重庆市,迎宾大道,,29,29,27,17,17,40,40,NA,NA,9,14,7,7,0.4,0.4
2026-04-13T0600,3354A,108.8152,29.5079,重庆市,舟白,,27,27,26,10,10,26,26,NA,NA,2,6,6,6,0.3,0.4
2026-04-13T0600,3355A,108.3679,30.8429,重庆市,周家坝,NA,NA,55,61,17,25,NA,NA,NA,NA,20,25,7,10,0.5,0.5
2026-04-13T0600,3356A,108.4323,30.7554,重庆市,百安坝,,35,35,52,10,15,27,27,NA,NA,13,18,8,8,0.3,0.4
2026-04-13T0600,3482A,107.754,29.3275,重庆市,芙蓉中路,,19,19,25,3,8,5,5,NA,NA,14,18,7,7,0.2,0.2
2026-04-13T0600,3484A,106.2629,29.3202,重庆市,行政中心,,39,39,45,19,27,35,35,NA,NA,12,17,13,10,0.6,0.6
2026-04-13T0600,3599A,106.2648,29.9853,重庆市,书院路,细颗粒物(PM2.5),56,NA,25,38,25,18,18,NA,NA,17,15,10,7,0.6,0.5
2026-04-13T0600,3600A,106.2334,29.5583,重庆市,虎峰,,49,49,41,16,21,43,43,NA,NA,17,16,21,18,0.6,0.5
2026-04-13T0600,3601A,106.0497,29.8345,重庆市,龙门街,,43,32,39,30,22,44,44,NA,NA,13,15,13,7,0.5,0.5
2026-04-13T0600,3610A,105.5931,29.4105,重庆市,昌元,,29,25,28,20,22,77,77,NA,NA,2,7,7,8,0.4,0.4
2026-04-13T0600,4136A,108.6971,30.9377,重庆市,云师幼儿园,,20,NA,22,14,14,1,1,NA,NA,19,19,8,8,0.6,0.6
2026-04-13T0600,4137A,107.3276,30.3284,重庆市,公安局,,28,28,24,3,14,21,21,NA,NA,11,8,7,7,0.6,0.6
2026-04-13T0600,4138A,108.0575,30.3254,重庆市,忠县中学,,36,36,28,19,19,6,6,NA,NA,16,18,6,5,0.7,0.6
2026-04-13T0600,4139A,109.4542,31.0182,重庆市,竹枝路2号,NA,NA,35,37,26,27,7,7,NA,NA,19,26,NA,6,0.6,0.7
2026-04-13T0600,4140A,107.7422,29.871,重庆市,龙河路,,34,34,38,13,24,13,13,NA,NA,17,13,8,9,0.7,0.6
2026-04-13T0600,4141A,108.7636,28.84,重庆市,桃花源中路,NA,NA,24,33,12,8,50,50,NA,NA,4,8,NA,4,0.3,0.4
2026-04-13T0600,4142A,108.9758,28.4416,重庆市,秀山县高级中学,NA,NA,22,18,20,12,17,17,NA,NA,10,8,NA,6,0.5,0.5
2026-04-13T0600,4143A,108.1558,29.2859,重庆市,河堡街,,19,19,27,11,12,6,6,NA,NA,6,10,4,4,0.5,0.5
2026-04-13T0600,4223A,106.4686218,29.48920871,重庆市,双山路147号,NA,NA,32,42,16,22,NA,NA,NA,NA,13,21,7,7,0.1,0.1
2026-04-13T0600,4246A,105.833962,30.18863087,重庆市,桃园路24号,,34,34,29,23,18,43,43,NA,NA,7,8,8,9,0.6,0.6
2026-04-13T0600,4247A,107.091033,29.153966,重庆市,钟楼街32号,,28,21,32,19,22,27,27,NA,NA,12,10,12,10,0.6,0.4
2026-04-13T0600,4248A,107.8042979,30.67350233,重庆市,人民南路309号,,48,48,40,11,13,12,12,NA,NA,7,12,6,6,0.7,0.8
2026-04-13T0600,1258A,122.1223,30.0203,舟山市,定海檀枫,,18,16,19,11,12,57,57,NA,NA,9,13,6,5,0.5,0.4
2026-04-13T0600,1260A,122.1898,29.9945,舟山市,临城新区,,20,NA,19,14,13,46,46,NA,NA,14,18,5,5,0.6,0.5
2026-04-13T0600,4033A,122.3124,29.9619,舟山市,普陀东港中学,细颗粒物(PM2.5),52,NA,24,36,24,57,57,NA,NA,11,19,6,6,0.5,0.4
2026-04-13T0600,2068A,114.6755,33.6347,周口市,周口师范,,38,NA,37,26,30,61,61,NA,NA,8,10,3,4,0.3,0.4
2026-04-13T0600,4121A,114.8466,33.7333,周口市,羲皇大道,,40,NA,46,28,32,66,66,NA,NA,9,10,6,6,0.6,0.6
2026-04-13T0600,4269A,114.6701,33.6167,周口市,七一路,NA,NA,NA,44,NA,37,NA,NA,124,NA,NA,13,NA,4,NA,0.6
2026-04-13T0600,4296A,114.6421,33.6417,周口市,健康路46号,,50,NA,38,35,32,66,66,NA,NA,4,6,1,3,0.6,0.7
2026-04-13T0600,4297A,114.649,33.596,周口市,太昊路,细颗粒物(PM2.5),54,NA,42,37,32,62,62,NA,NA,10,11,3,4,0.6,0.7
2026-04-13T0600,1515A,113.1265,27.8306,株洲市,天台山庄,颗粒物(PM10),51,51,40,34,27,32,32,NA,NA,22,20,7,7,0.7,0.7
2026-04-13T0600,1518A,113.0937,27.8919,株洲市,株冶医院,,46,45,39,32,26,36,36,NA,NA,18,16,8,6,0.6,0.6
2026-04-13T0600,1519A,113.1709,27.8661,株洲市,市四中,,50,50,40,31,25,24,24,NA,NA,18,17,3,4,0.7,0.6
2026-04-13T0600,1520A,113.1515,27.8265,株洲市,火车站,,50,48,41,35,28,23,23,NA,NA,24,21,5,4,0.9,0.9
2026-04-13T0600,1524A,113.1329,27.8491,株洲市,市监测站,细颗粒物(PM2.5),58,55,41,39,28,28,28,NA,NA,20,20,9,8,0.9,0.8
2026-04-13T0600,2031A,113.1836,27.9959,株洲市,云田中学,,39,39,34,21,20,33,33,NA,NA,11,17,5,5,0.6,0.6
2026-04-13T0600,1367A,113.5811,22.2618,珠海市,吉大,,16,16,18,8,10,42,42,NA,NA,2,2,3,3,0.4,0.4
2026-04-13T0600,1368A,113.4893,22.2323,珠海市,前山,,22,22,24,11,11,48,48,NA,NA,6,5,/,/,/,/
2026-04-13T0600,1369A,113.6284,22.4252,珠海市,唐家,,17,17,20,8,10,32,32,NA,NA,12,8,/,/,/,/
2026-04-13T0600,1370A,113.2986,22.2284,珠海市,斗门,,22,22,26,10,12,44,44,NA,NA,3,3,5,5,0.4,0.5
2026-04-13T0600,3308A,113.3493,22.0572,珠海市,金湾,,21,21,23,10,10,50,50,NA,NA,2,2,/,/,0.4,0.4
2026-04-13T0600,3448A,113.5436,22.1163,珠海市,横琴,,24,24,27,10,11,46,46,NA,NA,5,4,/,/,/,/
2026-04-13T0600,2420A,114.0194,32.9648,驻马店市,市一纸厂,细颗粒物(PM2.5),82,81,71,51,38,60,60,NA,NA,11,12,4,4,0.3,0.4
2026-04-13T0600,2421A,114.0112,33.0149,驻马店市,市彩印厂,颗粒物(PM10),54,55,59,35,34,52,52,NA,NA,17,14,3,4,0.4,0.4
2026-04-13T0600,3339A,114.0002,33.0404,驻马店市,小管楼,颗粒物(PM10),51,51,57,31,31,48,48,NA,NA,17,14,5,6,0.3,0.3
2026-04-13T0600,4202A,113.9856,32.9802,驻马店市,交通路1233号,细颗粒物(PM2.5),60,58,66,40,36,66,66,NA,NA,11,12,4,5,0.4,0.4
2026-04-13T0600,2562A,104.6357,30.1508,资阳市,资阳中学,颗粒物(PM10),67,73,42,42,22,35,35,NA,NA,14,11,3,3,0.6,0.5
2026-04-13T0600,2565A,104.6297,30.1259,资阳市,区法院,细颗粒物(PM2.5),76,NA,23,48,24,24,24,NA,NA,15,11,3,3,0.5,0.4
2026-04-13T0600,4150A,104.6646,30.1116,资阳市,正兴街66号,细颗粒物(PM2.5),62,NA,23,41,22,35,35,NA,NA,11,8,1,1,0.7,0.6
2026-04-13T0600,1631A,118.0413,36.8101,淄博市,人民公园,,29,29,42,16,13,89,89,NA,NA,23,24,10,11,0.5,0.5
2026-04-13T0600,1633A,117.8524,36.4848,淄博市,双山,,27,24,23,14,8,84,84,NA,NA,17,11,9,10,0.3,0.4
2026-04-13T0600,1634A,117.9595,36.6332,淄博市,气象站,,28,18,28,11,10,88,88,NA,NA,23,20,18,15,0.4,0.4
2026-04-13T0600,3363A,117.9883,36.8372,淄博市,新区,,32,27,34,13,10,102,102,NA,NA,19,22,10,9,0.6,0.5
2026-04-13T0600,3644A,117.8662,36.8049,淄博市,三金集团,,29,24,43,18,14,92,92,NA,NA,14,22,14,15,0.5,0.5
2026-04-13T0600,3645A,118.0259,36.8409,淄博市,东风化工厂,NA,NA,37,46,16,11,NA,NA,NA,NA,26,19,14,9,0.6,0.6
2026-04-13T0600,4212A,118.3039243,36.82708161,淄博市,广场路1号,,32,31,32,22,16,63,63,NA,NA,26,25,20,14,1.3,0.8
2026-04-13T0600,3028A,104.7765,29.3623,自贡市,檀木林体育馆,,38,38,31,25,16,46,46,NA,NA,11,9,9,8,0.5,0.4
2026-04-13T0600,3360A,104.7894,29.3197,自贡市,南湖救助站,,44,44,49,28,19,49,49,NA,NA,7,8,8,10,0.6,0.5
2026-04-13T0600,3638A,104.7637,29.3373,自贡市,轻化工大学,,50,NA,27,35,24,43,43,NA,NA,6,6,3,3,0.7,0.6
2026-04-13T0600,4225A,104.714266,29.338571,自贡市,贡兴路74号,,46,36,38,32,23,38,38,NA,NA,5,5,6,6,0.4,0.4
2026-04-13T0600,1911A,106.9218,27.6872,遵义市,丁字口,,18,18,20,7,14,41,41,NA,NA,2,6,6,6,0.8,0.7
2026-04-13T0600,1912A,106.9241,27.7044,遵义市,凤凰山,,23,23,26,8,14,41,41,NA,NA,5,8,7,7,0.5,0.5
2026-04-13T0600,1913A,106.8895,27.648,遵义市,忠庄,,18,18,23,10,15,43,43,NA,NA,2,6,4,4,0.4,0.4
2026-04-13T0600,1915A,106.9225,27.7253,遵义市,干田坝,,26,26,32,12,16,41,41,NA,NA,5,8,13,13,0.8,0.7
2026-04-13T0600,4152A,107.0425,27.7087,遵义市,乌江大道东段1号,NA,NA,14,17,NA,14,36,36,NA,NA,8,8,3,4,0.3,0.4
2026-04-13T0600,4245A,106.8609,27.5969,遵义市,遵南大道1161号,,16,8,24,3,15,50,50,NA,NA,4,8,2,4,0.6,0.7
