timepoint,stationcode,longitude,latitude,area,positionname,primarypollutant,aqi,pm10,pm10_24h,pm2_5,pm2_5_24h,o3,o3_24h,o3_8h,o3_8h_24h,no2,no2_24h,so2,so2_24h,co,co_24h
2025-01-11T0000,2566A,102.1879,31.914,阿坝藏族羌族自治州,州农科所,,28,20,24,13,9,89,,72,72,1,10,5,6,0.7,0.7
2025-01-11T0000,2568A,102.2502,31.8896,阿坝藏族羌族自治州,马师校,,31,31,15,21,14,78,,57,44,3,14,5,5,0.3,0.3
2025-01-11T0000,3994A,102.2165,31.9024,阿坝藏族羌族自治州,马尔康中学西区,,28,24,14,19,14,81,,68,66,3,7,5,5,0.4,0.4
2025-01-11T0000,2695A,80.292,41.1694,阿克苏地区,电视台,细颗粒物(PM2.5),78,83,95,57,70,31,,49,35,40,36,4,3,0.9,0.9
2025-01-11T0000,2696A,80.2613,41.1551,阿克苏地区,艺术中心,细颗粒物(PM2.5),74,83,93,54,68,30,,52,40,35,31,3,4,1.0,1.2
2025-01-11T0000,2204A,105.6467,38.8363,阿拉善盟,西城区西花园,,47,47,40,19,20,80,,90,84,16,12,11,12,0.6,0.6
2025-01-11T0000,2205A,105.6985,38.8411,阿拉善盟,蒙二幼,,34,34,31,11,12,79,,87,83,11,8,4,4,0.6,0.5
2025-01-11T0000,2206A,105.724,38.8516,阿拉善盟,环保局新楼,,33,33,29,14,12,81,,88,84,8,6,7,7,0.6,0.5
2025-01-11T0000,2708A,88.1264,47.8517,阿勒泰地区,市站,,17,14,22,3,12,54,,47,39,12,30,8,9,0.4,0.5
2025-01-11T0000,2630A,80.1161,32.5,阿里地区,阿里监测站,,22,22,10,12,5,40,,87,76,34,8,16,8,0.8,0.5
2025-01-11T0000,3192A,80.0903,32.5028,阿里地区,阿里藏医院,,21,21,13,9,5,56,,89,82,20,8,15,9,0.9,0.7
2025-01-11T0000,2642A,109.0318,32.6537,安康市,香溪洞,细颗粒物(PM2.5),72,61,57,52,42,60,,71,66,20,18,10,10,0.6,0.6
2025-01-11T0000,2644A,109.0072,32.6975,安康市,汉滨区检察院,细颗粒物(PM2.5),75,85,71,55,46,32,,68,42,35,29,6,6,0.7,0.6
2025-01-11T0000,4054A,109.0325,32.6913,安康市,市邮政管理局,细颗粒物(PM2.5),104,105,81,78,57,11,,61,28,54,37,7,6,0.8,0.8
2025-01-11T0000,2291A,117.0809,30.5177,安庆市,环科院,颗粒物(PM10),51,51,44,35,28,40,,70,55,37,22,6,8,0.4,0.4
2025-01-11T0000,2292A,117.0331,30.5119,安庆市,马山宾馆,细颗粒物(PM2.5),54,55,44,38,27,44,,68,50,25,19,10,9,0.5,0.5
2025-01-11T0000,2294A,116.9896,30.6145,安庆市,安庆大学,细颗粒物(PM2.5),53,,39,37,26,39,,75,52,29,17,6,6,0.7,0.6
2025-01-11T0000,3173A,117.0598,30.5351,安庆市,市人大,细颗粒物(PM2.5),65,67,45,47,29,37,,71,48,30,25,7,8,0.7,0.6
2025-01-11T0000,3122A,105.9606,26.2611,安顺市,伍家关,,,,23,,26,,,82,65,,15,,13,,0.5
2025-01-11T0000,3123A,105.9408,26.2431,安顺市,凤凰山,细颗粒物(PM2.5),63,,28,45,28,61,,72,61,14,15,22,18,0.6,0.5
2025-01-11T0000,3124A,105.9439,26.2564,安顺市,金钟山,细颗粒物(PM2.5),64,46,32,46,30,62,,72,62,10,12,22,18,0.6,0.6
2025-01-11T0000,3125A,105.8983,26.2481,安顺市,娄家坡,细颗粒物(PM2.5),67,48,30,48,31,55,,69,60,15,14,22,16,0.5,0.4
2025-01-11T0000,1818A,114.4839,36.0621,安阳市,棉研所,,,,83,,55,,,45,23,,47,,13,,1
2025-01-11T0000,1819A,114.3551,36.1017,安阳市,红庙街,细颗粒物(PM2.5),102,113,70,76,50,8,,50,22,57,37,13,11,1.8,1.1
2025-01-11T0000,1820A,114.361,36.0681,安阳市,银杏小区,细颗粒物(PM2.5),97,109,80,72,49,6,,43,18,58,45,8,8,1.2,0.9
2025-01-11T0000,3141A,114.3922,36.0878,安阳市,信访局,细颗粒物(PM2.5),95,109,72,71,48,7,,41,21,66,43,13,7,1.3,0.7
2025-01-11T0000,3669A,114.4705,36.0637,安阳市,左辅环卫站,细颗粒物(PM2.5),92,100,86,68,55,10,,49,30,60,41,10,10,1.1,0.8
2025-01-11T0000,3703A,114.2917,36.0949,安阳市,安钢职工学校,细颗粒物(PM2.5),99,131,92,74,57,8,,49,23,57,43,10,10,1.3,1
2025-01-11T0000,1748A,123.044,41.1196,鞍山市,深沟寺,颗粒物(PM10),57,64,69,39,39,17,,47,27,41,37,7,14,0.7,1.1
2025-01-11T0000,1749A,123.011,41.0931,鞍山市,太阳城,颗粒物(PM10),63,76,75,41,45,7,,48,37,65,47,7,22,0.8,1.6
2025-01-11T0000,1750A,123.0485,41.1442,鞍山市,太平,颗粒物(PM10),60,70,81,35,44,10,,40,19,52,43,9,14,0.9,1.2
2025-01-11T0000,1751A,122.9642,41.0971,鞍山市,铁西三道街,细颗粒物(PM2.5),124,158,114,94,66,6,,45,22,55,47,8,22,1.4,1.6
2025-01-11T0000,1752A,122.9341,41.0833,鞍山市,铁西工业园区,细颗粒物(PM2.5),127,155,128,96,78,14,,47,24,65,56,10,18,2.2,2
2025-01-11T0000,1753A,123.022,41.0821,鞍山市,明达新区,颗粒物(PM10),72,94,75,48,42,14,,43,31,34,27,9,21,1.0,1.6
2025-01-11T0000,1754A,123.1289,41.0228,鞍山市,千山,,,,62,,40,,,38,,,32,,9,,1.3
2025-01-11T0000,2195A,107.4212,40.761,巴彦淖尔市,附二中,颗粒物(PM10),110,169,70,35,25,64,,70,66,9,14,3,4,0.5,0.5
2025-01-11T0000,2196A,107.37,40.7372,巴彦淖尔市,市环保大楼,颗粒物(PM10),107,163,65,35,22,61,,72,67,10,11,4,5,0.4,0.4
2025-01-11T0000,1956A,86.1472,41.7538,巴音郭楞蒙古自治州,孔雀公园,细颗粒物(PM2.5),53,,41,37,36,71,,69,69,12,25,3,2,0.6,0.6
2025-01-11T0000,1957A,86.1972,41.7166,巴音郭楞蒙古自治州,棉纺厂,,42,42,52,24,27,71,,70,70,17,32,1,1,0.5,0.6
2025-01-11T0000,1958A,86.2357,41.7173,巴音郭楞蒙古自治州,经济开发区,,35,32,39,24,27,77,,72,72,14,28,2,2,0.5,0.6
2025-01-11T0000,2914A,106.7677,31.8794,巴中市,苏山坪,,36,30,41,25,35,61,,62,61,12,11,3,3,0.3,0.4
2025-01-11T0000,3182A,106.7656,31.8545,巴中市,丽阳花园,细颗粒物(PM2.5),54,50,60,38,44,36,,52,45,32,26,3,3,0.6,0.7
2025-01-11T0000,3183A,106.7418,31.8654,巴中市,圣泉水务公司,,46,38,50,32,41,42,,58,52,28,26,3,3,0.4,0.5
2025-01-11T0000,3616A,106.7616,31.8344,巴中市,市中心医院,细颗粒物(PM2.5),62,44,58,44,57,24,,52,43,38,26,3,4,0.7,0.7
2025-01-11T0000,2235A,122.7911,45.6077,白城市,洮北区环保局,细颗粒物(PM2.5),60,,38,43,38,52,,66,54,22,23,7,6,0.7,0.7
2025-01-11T0000,2236A,122.8738,45.5725,白城市,市环保局,,50,46,47,35,37,8,,58,16,62,38,6,4,0.5,0.6
2025-01-11T0000,2231A,126.4219,41.9171,白山市,喜丰,颗粒物(PM10),63,76,48,33,23,24,,59,36,45,27,23,16,0.8,0.6
2025-01-11T0000,2232A,126.4077,41.9419,白山市,环保局,颗粒物(PM10),60,70,60,21,27,47,,54,34,13,17,18,21,0.7,0.7
2025-01-11T0000,2647A,104.1724,36.5446,白银市,第三小学,颗粒物(PM10),76,101,85,14,26,86,,75,64,7,14,7,14,0.6,0.8
2025-01-11T0000,2648A,104.1465,36.5482,白银市,动力公司,颗粒物(PM10),68,86,84,18,25,90,,78,72,9,16,4,9,0.5,0.7
2025-01-11T0000,2512A,106.6103,23.9011,百色市,市监测站,,26,24,20,18,15,62,,76,66,12,12,8,8,0.7,0.8
2025-01-11T0000,2513A,106.6538,23.8859,百色市,市中心血站,,38,,24,26,20,66,,76,66,9,10,7,8,0.5,0.6
2025-01-11T0000,3406A,106.6085,23.8798,百色市,祈福高中,,26,26,27,18,17,69,,78,69,8,11,5,5,0.6,0.6
2025-01-11T0000,2270A,117.396,32.939,蚌埠市,工人疗养院,细颗粒物(PM2.5),83,86,60,61,38,5,,58,26,74,46,6,7,0.8,0.6
2025-01-11T0000,2271A,117.3605,32.9427,蚌埠市,百货大楼,细颗粒物(PM2.5),82,96,59,60,39,3,,61,30,80,42,8,8,1.3,0.7
2025-01-11T0000,2273A,117.4185,32.8911,蚌埠市,蚌埠学院,细颗粒物(PM2.5),74,70,61,54,39,22,,64,35,47,36,9,9,0.4,0.4
2025-01-11T0000,2274A,117.3533,32.9673,蚌埠市,淮上区政府,细颗粒物(PM2.5),82,95,68,60,44,4,,61,27,78,46,11,10,0.8,0.6
2025-01-11T0000,2275A,117.3145,32.8977,蚌埠市,高新区,细颗粒物(PM2.5),99,97,73,74,50,5,,58,21,63,50,13,11,0.7,0.5
2025-01-11T0000,3715A,117.3092,32.9314,蚌埠市,蚌埠田家炳中学,细颗粒物(PM2.5),93,99,69,69,44,2,,59,18,68,48,12,9,0.8,0.6
2025-01-11T0000,1585A,109.8756,40.6532,包头市,市环境监测站,颗粒物(PM10),66,81,66,26,24,6,,56,36,72,40,11,18,1.0,1.1
2025-01-11T0000,1587A,109.9991,40.5842,包头市,包头八中,颗粒物(PM10),81,111,72,32,32,23,,56,42,49,38,10,17,1.0,1.1
2025-01-11T0000,1588A,109.8538,40.6821,包头市,青山宾馆,颗粒物(PM10),52,54,54,25,29,30,,48,22,42,42,11,15,0.8,1
2025-01-11T0000,1589A,109.8642,40.6288,包头市,惠龙物流,颗粒物(PM10),81,112,63,27,26,24,,62,50,56,36,19,21,2.2,1.1
2025-01-11T0000,1590A,110.0377,40.5546,包头市,东河鸿龙湾,颗粒物(PM10),71,91,57,23,23,51,,59,42,24,35,10,18,0.8,1
2025-01-11T0000,3283A,109.9154,40.5685,包头市,滨河大厦,颗粒物(PM10),71,91,57,21,24,42,,61,54,33,33,8,11,0.4,0.6
2025-01-11T0000,3419A,109.9447,40.6261,包头市,包头市委党校,颗粒物(PM10),86,121,77,36,27,12,,56,42,65,37,7,14,1.3,1.2
2025-01-11T0000,3683A,109.8331,40.6576,包头市,昆区政府,颗粒物(PM10),61,71,58,33,30,13,,48,30,61,41,14,20,1.2,1.1
2025-01-11T0000,1930A,107.185,34.3063,宝鸡市,庙沟村,,30,30,45,18,30,46,,78,67,39,25,6,7,0.5,0.5
2025-01-11T0000,1931A,107.0708,34.3017,宝鸡市,竹园沟,,38,38,49,18,35,38,,78,61,31,22,6,6,0.5,0.5
2025-01-11T0000,1932A,107.1906,34.3672,宝鸡市,三陆医院,细颗粒物(PM2.5),110,91,73,83,48,22,,60,33,38,38,5,7,0.7,0.6
2025-01-11T0000,1933A,107.1431,34.3547,宝鸡市,监测站,细颗粒物(PM2.5),54,55,65,38,43,24,,60,37,37,35,7,7,0.6,0.7
2025-01-11T0000,1934A,107.1186,34.3739,宝鸡市,技工学校,细颗粒物(PM2.5),62,62,63,44,42,39,,63,47,20,25,5,6,0.6,0.7
2025-01-11T0000,1935A,107.3906,34.3528,宝鸡市,陈仓区环保局家属楼,细颗粒物(PM2.5),128,120,81,97,55,8,,60,30,66,43,10,35,1.2,1
2025-01-11T0000,1936A,107.2058,34.3497,宝鸡市,文理学院,细颗粒物(PM2.5),62,70,64,44,38,32,,71,42,41,35,6,7,0.4,0.7
2025-01-11T0000,1937A,107.2386,34.3622,宝鸡市,三迪小学,细颗粒物(PM2.5),80,72,63,59,45,20,,65,32,47,40,6,8,0.6,0.6
2025-01-11T0000,1051A,115.493,38.8632,保定市,游泳馆,细颗粒物(PM2.5),78,87,62,57,40,7,,45,22,79,56,7,4,0.8,0.7
2025-01-11T0000,1052A,115.5213,38.8959,保定市,华电二区,细颗粒物(PM2.5),67,59,55,48,42,28,,41,33,42,46,3,4,0.5,0.5
2025-01-11T0000,1053A,115.4713,38.9108,保定市,接待中心,细颗粒物(PM2.5),65,61,57,47,38,28,,46,38,43,44,3,2,0.7,0.7
2025-01-11T0000,1054A,115.4612,38.8416,保定市,地表水厂,细颗粒物(PM2.5),105,100,85,79,52,5,,37,17,75,57,6,3,0.6,0.5
2025-01-11T0000,3581A,115.31981,38.95208,保定市,满城区生态环境分局,细颗粒物(PM2.5),55,56,67,39,36,13,,47,22,63,48,4,3,0.7,0.8
2025-01-11T0000,3582A,115.47694,38.76408,保定市,清苑区第二中学,细颗粒物(PM2.5),77,82,80,56,46,11,,48,36,76,55,8,6,0.6,0.5
2025-01-11T0000,3583A,115.62909,39.02311,保定市,徐水物探局,细颗粒物(PM2.5),94,92,57,70,38,3,,39,15,75,54,5,3,0.7,0.5
2025-01-11T0000,4004A,115.4202,38.8656,保定市,双鹰农机,颗粒物(PM10),78,105,65,53,37,10,,51,30,64,43,6,4,0.6,0.5
2025-01-11T0000,4034A,115.5150,38.8590,保定市,植保所站,细颗粒物(PM2.5),70,68,70,51,44,13,,40,24,63,51,6,6,0.4,0.6
2025-01-11T0000,2594A,99.1678,25.1081,保山市,市环境监测站,,43,,29,30,25,54,,78,67,8,13,4,4,0.5,0.6
2025-01-11T0000,2595A,99.1711,25.1328,保山市,市环保局,,30,24,30,21,23,65,,82,74,4,9,6,6,0.4,0.4
2025-01-11T0000,1866A,109.2262,21.588,北海市,牛尾岭水库,,,,42,,37,,,59,59,,10,,5,,0.6
2025-01-11T0000,1867A,109.1436,21.4086,北海市,海滩公园,颗粒物(PM10),56,61,60,39,36,94,,111,108,16,16,8,8,0.6,0.7
2025-01-11T0000,1868A,109.0981,21.4661,北海市,新市环保局,细颗粒物(PM2.5),62,58,46,44,36,91,,111,107,19,17,10,8,0.8,0.8
2025-01-11T0000,1869A,109.1778,21.5233,北海市,北海工业园,细颗粒物(PM2.5),64,62,60,46,40,86,,110,102,18,16,20,11,0.6,0.7
2025-01-11T0000,3400A,109.1911,21.4415,北海市,龙潭自来水厂,细颗粒物(PM2.5),58,63,57,41,43,87,,106,102,20,20,8,8,0.6,0.6
2025-01-11T0000,1001A,116.3621,39.8784,北京市,万寿西宫,,22,22,25,12,14,39,,46,18,28,37,4,3,0.3,0.4
2025-01-11T0000,1002A,116.2202,40.2915,北京市,定陵,,,,,,,,,,,,,,,,
2025-01-11T0000,1003A,116.4174,39.9289,北京市,东四,,17,15,19,9,11,54,,54,43,15,22,1,2,0.3,0.3
2025-01-11T0000,1004A,116.4072,39.8863,北京市,天坛,,22,22,22,14,14,34,,55,20,30,31,3,3,0.3,0.3
2025-01-11T0000,1005A,116.462,39.9365,北京市,农展馆,,20,12,16,7,8,63,,66,57,16,25,2,2,0.4,0.5
2025-01-11T0000,1006A,116.3392,39.9295,北京市,官园,,24,24,22,13,12,34,,49,30,29,29,5,4,0.6,0.6
2025-01-11T0000,1007A,116.2878,39.9611,北京市,海淀万柳,,29,29,24,12,9,31,,49,29,33,34,3,3,0.5,0.5
2025-01-11T0000,1008A,116.6636,40.135,北京市,顺义新城,,23,23,17,11,9,15,,51,18,42,20,3,3,0.4,0.3
2025-01-11T0000,1009A,116.6275,40.3275,北京市,怀柔镇,,23,23,17,14,11,26,,61,32,25,20,1,2,0.6,0.5
2025-01-11T0000,1010A,116.2296,40.217,北京市,昌平镇,,,,17,,8,,,63,,,11,,3,,0.5
2025-01-11T0000,1011A,116.3966,39.9821,北京市,奥体中心,,16,12,17,6,8,49,,60,52,24,26,3,4,0.2,0.2
2025-01-11T0000,3281A,115.9718,40.4529,北京市,延庆夏都,,32,32,26,21,14,3,,54,32,45,22,2,2,0.4,0.3
2025-01-11T0000,3417A,117.0709,40.1465,北京市,平谷新城,,14,12,13,6,6,42,,65,43,10,8,3,3,0.3,0.3
2025-01-11T0000,3418A,116.8336,40.4095,北京市,密云新城,,18,10,12,3,7,55,,64,44,7,9,1,1,0.2,0.2
2025-01-11T0000,3671A,116.088,39.9726,北京市,门头沟三家店,,26,26,21,11,9,51,,57,52,12,17,7,9,0.4,0.3
2025-01-11T0000,3672A,116.1541,39.8204,北京市,丰台云岗,,31,31,36,14,13,48,,41,38,17,36,5,3,0.3,0.3
2025-01-11T0000,3673A,116.6804,39.9081,北京市,通州东关,,19,19,25,7,10,47,,53,33,16,18,1,1,0.2,0.2
2025-01-11T0000,3674A,115.9577,39.7603,北京市,房山燕山,,28,25,26,19,16,44,,52,48,17,26,6,5,0.4,0.5
2025-01-11T0000,3675A,116.4672,39.7733,北京市,大兴旧宫,颗粒物(PM10),51,52,29,26,13,2,,46,8,64,39,1,2,0.6,0.4
2025-01-11T0000,3694A,115.986,40.4563,北京市,延庆石河营,,27,27,23,18,15,4,,54,28,38,23,3,2,0.4,0.4
2025-01-11T0000,3695A,116.6151,40.3053,北京市,怀柔新城,,17,17,16,11,9,36,,56,38,14,13,3,2,0.3,0.2
2025-01-11T0000,3696A,116.2545,39.8768,北京市,丰台小屯,,32,32,31,15,13,17,,43,17,57,48,5,4,0.4,0.4
2025-01-11T0000,3697A,116.84,40.3844,北京市,密云镇,,26,26,19,13,9,6,,62,16,52,22,3,3,0.4,0.3
2025-01-11T0000,4182A,116.1942,39.91583,北京市,八角,,33,33,28,16,13,33,,40,35,26,32,3,2,0.3,0.4
2025-01-11T0000,1761A,123.8275,41.3064,本溪市,大峪,细颗粒物(PM2.5),100,111,94,75,59,7,,40,17,64,51,5,7,1.9,1.9
2025-01-11T0000,1762A,123.7567,41.3325,本溪市,溪湖,颗粒物(PM10),110,170,140,74,63,6,,38,12,60,47,10,12,1.4,1.5
2025-01-11T0000,1763A,123.7169,41.3094,本溪市,彩屯,细颗粒物(PM2.5),78,76,109,57,81,11,,29,10,52,54,6,10,1.3,2
2025-01-11T0000,1764A,123.7669,41.2864,本溪市,东明,细颗粒物(PM2.5),114,98,96,86,64,7,,33,11,63,57,15,15,1.6,1.6
2025-01-11T0000,1765A,123.7992,41.2664,本溪市,新立屯,细颗粒物(PM2.5),73,71,92,53,50,15,,48,20,58,56,2,5,1.0,2.7
2025-01-11T0000,1766A,123.8142,41.3472,本溪市,威宁,细颗粒物(PM2.5),98,134,96,73,57,11,,45,17,56,44,5,4,1.6,1.3
2025-01-11T0000,2587A,105.2864,27.3125,毕节市,八中,,18,15,26,12,18,39,,56,42,9,13,6,8,0.5,0.5
2025-01-11T0000,2588A,105.31,27.2944,毕节市,师专,,20,16,22,14,20,39,,53,41,11,15,5,10,0.6,0.6
2025-01-11T0000,3537A,105.3631,27.3533,毕节市,长征村,,30,27,20,21,17,39,,58,42,9,8,8,10,0.4,0.4
2025-01-11T0000,1629A,118.0018,37.3617,滨州市,第二水厂,"颗粒物(PM10),细颗粒物(PM2.5)",64,78,59,46,27,6,,54,20,68,43,42,16,0.6,0.5
2025-01-11T0000,1630A,117.9776,37.393,滨州市,北中新校,细颗粒物(PM2.5),83,105,66,61,36,5,,55,17,72,47,13,20,0.9,0.7
2025-01-11T0000,3514A,117.9378,37.3956,滨州市,中海酒店,细颗粒物(PM2.5),98,97,61,73,41,11,,53,18,60,43,17,18,1.2,0.7
2025-01-11T0000,3515A,117.9378,37.3553,滨州市,开发区一中,"颗粒物(PM10),细颗粒物(PM2.5)",64,78,61,46,31,9,,56,25,70,49,17,14,0.6,0.5
2025-01-11T0000,3516A,118.0917,37.694,滨州市,金海六路,细颗粒物(PM2.5),77,85,64,56,38,5,,53,21,74,55,13,16,0.9,0.7
2025-01-11T0000,4028A,117.9956,37.3753,滨州市,滨州市西街道办事处,细颗粒物(PM2.5),73,88,58,53,36,4,,52,18,58,38,12,12,0.9,0.7
2025-01-11T0000,2311A,115.8072,33.8399,亳州市,污水处理厂,细颗粒物(PM2.5),70,82,67,51,42,9,,66,27,59,35,5,7,0.6,0.5
2025-01-11T0000,2312A,115.7789,33.8518,亳州市,三国揽胜宫,细颗粒物(PM2.5),78,88,65,57,39,31,,74,36,46,36,6,7,0.6,0.5
2025-01-11T0000,3332A,115.7633,33.8034,亳州市,亳州学院,细颗粒物(PM2.5),78,87,59,57,32,50,,70,38,24,32,8,5,0.5,0.5
2025-01-11T0000,2693A,82.0485,44.8556,博尔塔拉蒙古自治州,市党校,,35,32,34,24,24,64,,66,58,13,14,6,6,0.8,0.7
2025-01-11T0000,2694A,82.0806,44.8969,博尔塔拉蒙古自治州,市环保局,,49,49,51,24,25,51,,52,46,26,20,5,7,1.1,1
2025-01-11T0000,1071A,116.8842,38.2991,沧州市,沧县城建局,细颗粒物(PM2.5),83,80,66,61,37,6,,43,19,80,50,10,8,0.8,0.5
2025-01-11T0000,1072A,116.8584,38.3254,沧州市,电视转播站,细颗粒物(PM2.5),73,82,55,53,32,2,,49,17,85,52,9,8,0.7,0.5
2025-01-11T0000,1073A,116.8709,38.3228,沧州市,市环保局,细颗粒物(PM2.5),77,71,50,56,35,3,,49,21,81,46,9,6,0.6,0.4
2025-01-11T0000,3324A,116.8136,38.3004,沧州市,河北水利电力学院,细颗粒物(PM2.5),80,105,60,59,40,4,,44,16,80,46,14,9,1.0,0.5
2025-01-11T0000,2622A,97.1806,31.1273,昌都市,昌都监测站,,32,30,19,22,9,38,,88,78,33,12,6,6,0.9,0.5
2025-01-11T0000,3719A,97.1714,31.1406,昌都市,昌都会议中心,,20,12,12,10,8,64,,90,82,6,4,5,5,0.4,0.6
2025-01-11T0000,2690A,88.1236,43.8886,昌吉回族自治州,天山天池,,,,4,7,4,60,,85,48,2,2,5,4,0.4,0.5
2025-01-11T0000,2692A,87.2717,44.0297,昌吉回族自治州,新区政务中心,颗粒物(PM10),68,85,62,45,39,20,,21,20,35,41,1,1,1.1,1.1
2025-01-11T0000,3613A,87.3095,44.0142,昌吉回族自治州,亚心广场,细颗粒物(PM2.5),94,83,62,70,48,24,,31,24,36,42,6,7,1.1,1
2025-01-11T0000,1119A,125.3325,43.9166,长春市,食品厂,细颗粒物(PM2.5),105,80,80,79,68,10,,35,16,55,47,11,14,1.0,0.9
2025-01-11T0000,1120A,125.2863,43.9027,长春市,客车厂,细颗粒物(PM2.5),97,85,77,72,75,17,,41,21,54,46,10,13,0.8,0.8
2025-01-11T0000,1121A,125.2841,43.8463,长春市,邮电学院,细颗粒物(PM2.5),87,76,77,64,64,14,,46,28,59,46,12,20,0.7,0.7
2025-01-11T0000,1122A,125.3716,43.8772,长春市,劳动公园,细颗粒物(PM2.5),90,79,71,67,58,10,,46,26,71,50,15,25,0.5,0.4
2025-01-11T0000,1123A,125.3297,43.8805,长春市,园林处,细颗粒物(PM2.5),89,90,70,66,58,13,,39,22,57,46,12,16,0.8,0.8
2025-01-11T0000,1124A,125.4605,43.79,长春市,净月潭,细颗粒物(PM2.5),130,109,64,99,52,12,,48,22,56,40,6,9,1.0,0.7
2025-01-11T0000,1125A,125.7194,43.515,长春市,甩湾子,,,,,,,,,,,,,,,,
2025-01-11T0000,1126A,125.3863,43.8447,长春市,经开区环卫处,细颗粒物(PM2.5),128,108,69,97,53,6,,40,21,75,48,12,16,1.3,0.7
2025-01-11T0000,1127A,125.245,43.7783,长春市,高新区管委会,细颗粒物(PM2.5),186,,66,140,62,15,,50,22,62,46,8,9,1.6,0.8
2025-01-11T0000,1128A,125.1761,43.8325,长春市,岱山公园,细颗粒物(PM2.5),162,,70,123,68,13,,51,17,65,46,9,9,1.1,0.8
2025-01-11T0000,1335A,113.0833,28.2325,长沙市,经开区环保局,颗粒物(PM10),61,72,69,34,31,34,,74,61,45,34,4,4,0.5,0.5
2025-01-11T0000,1336A,112.8872,28.2189,长沙市,高开区环保局,颗粒物(PM10),60,70,67,40,33,48,,76,68,28,29,7,6,0.6,0.5
2025-01-11T0000,1337A,113.0792,28.2053,长沙市,马坡岭,颗粒物(PM10),59,68,66,40,36,42,,84,70,38,30,6,6,0.6,0.6
2025-01-11T0000,1338A,112.9394,28.19,长沙市,湖南师范大学,颗粒物(PM10),62,73,70,42,40,52,,77,70,29,32,6,10,0.6,0.6
2025-01-11T0000,1339A,113.0178,28.1322,长沙市,雨花区环保局,颗粒物(PM10),58,66,64,35,30,44,,76,67,38,31,8,7,0.6,0.6
2025-01-11T0000,1340A,112.9792,28.2597,长沙市,伍家岭,颗粒物(PM10),61,71,68,35,32,47,,74,64,32,33,5,5,0.4,0.4
2025-01-11T0000,1341A,113.0014,28.1944,长沙市,火车新站,细颗粒物(PM2.5),62,65,66,44,40,51,,78,69,36,33,5,5,0.5,0.5
2025-01-11T0000,1342A,112.9844,28.1178,长沙市,天心区环保局,颗粒物(PM10),58,66,67,38,38,41,,78,68,41,32,4,3,0.6,0.5
2025-01-11T0000,1343A,112.8908,28.1308,长沙市,湖南中医药大学,细颗粒物(PM2.5),64,73,68,46,41,53,,76,68,31,32,8,7,0.6,0.6
2025-01-11T0000,1344A,112.9581,28.3611,长沙市,沙坪,细颗粒物(PM2.5),58,44,47,41,38,52,,76,68,19,19,8,8,0.7,0.7
2025-01-11T0000,1727A,113.1147,36.1547,长治市,清华站,,36,36,49,12,30,36,,55,42,28,30,16,19,0.7,0.9
2025-01-11T0000,1728A,113.1031,36.1989,长治市,监测站,,35,32,51,24,34,39,,58,44,29,30,13,17,0.5,1
2025-01-11T0000,1730A,113.0886,36.2125,长治市,审计局,,35,35,52,22,34,35,,57,40,26,28,15,18,0.7,0.9
2025-01-11T0000,1731A,113.0844,36.1856,长治市,长治八中,,40,36,70,28,40,34,,55,40,25,28,13,17,0.7,0.9
2025-01-11T0000,2845A,113.1569,36.1911,长治市,德盛苑,,36,36,54,22,31,38,,61,48,26,24,13,14,0.9,1
2025-01-11T0000,3568A,113.06,36.0464,长治市,向阳小学,颗粒物(PM10),52,54,70,31,37,33,,60,46,33,25,19,30,0.6,0.7
2025-01-11T0000,3569A,112.8792,36.3144,长治市,屯留一中,,34,34,48,15,28,30,,58,36,49,46,12,20,0.9,1.2
2025-01-11T0000,3570A,113.235,36.3489,长治市,潞城四中,,,,,,,,,,,,,,,,
2025-01-11T0000,1854A,111.6975,28.9703,常德市,市二中,细颗粒物(PM2.5),87,73,86,64,72,54,,85,72,26,22,6,5,0.7,0.8
2025-01-11T0000,1857A,111.7158,29.1456,常德市,白鹤山,,,,,,,,,,,,,,,,
2025-01-11T0000,3138A,111.7153,29.0289,常德市,武陵区永安,细颗粒物(PM2.5),78,79,78,57,54,69,,86,77,13,17,6,5,0.6,0.7
2025-01-11T0000,3139A,111.6892,28.9881,常德市,鼎城区玉霞,细颗粒物(PM2.5),74,87,99,54,68,69,,85,78,12,19,7,6,0.6,0.8
2025-01-11T0000,3140A,111.6625,29.0531,常德市,武陵区长庚,细颗粒物(PM2.5),68,76,96,49,64,68,,85,78,14,20,3,3,0.6,0.7
2025-01-11T0000,1196A,119.9633,31.762,常州市,市监测站,颗粒物(PM10),56,62,49,39,26,19,,59,30,59,33,9,10,0.4,0.4
2025-01-11T0000,1200A,119.9468,31.7069,常州市,武进监测站,颗粒物(PM10),51,51,43,33,25,22,,59,28,57,36,11,13,0.5,0.5
2025-01-11T0000,1201A,119.9255,31.9087,常州市,安家,细颗粒物(PM2.5),59,66,50,42,26,5,,60,17,73,52,11,10,0.6,0.5
2025-01-11T0000,3002A,119.9805,31.8174,常州市,行政中心,颗粒物(PM10),55,59,42,36,25,25,,57,30,48,34,18,7,0.5,0.5
2025-01-11T0000,3003A,120.0522,31.7748,常州市,经开区,颗粒物(PM10),56,62,46,39,23,13,,65,19,74,49,9,11,0.4,0.4
2025-01-11T0000,3010A,119.9025,31.7964,常州市,钟楼,颗粒物(PM10),52,53,48,30,24,19,,54,27,59,39,8,10,0.5,0.4
2025-01-11T0000,3429A,119.8598,31.7066,常州市,武进经发区,细颗粒物(PM2.5),73,90,62,53,31,6,,63,23,85,48,9,8,0.7,0.6
2025-01-11T0000,3430A,119.5826,31.7245,常州市,金坛城区,细颗粒物(PM2.5),72,80,58,52,34,4,,67,32,72,31,8,8,0.8,0.7
2025-01-11T0000,2220A,120.4318,41.5881,朝阳市,西梁,细颗粒物(PM2.5),152,,80,116,50,12,,53,19,62,53,26,19,3.1,1.5
2025-01-11T0000,2221A,120.4521,41.5646,朝阳市,河畔小区,细颗粒物(PM2.5),79,,54,58,32,11,,71,28,49,35,11,8,1.4,1.1
2025-01-11T0000,2222A,120.4176,41.5648,朝阳市,八里堡,细颗粒物(PM2.5),97,,74,72,50,13,,60,22,51,42,13,12,1.3,1.1
2025-01-11T0000,2223A,120.3806,41.5969,朝阳市,农业园区,细颗粒物(PM2.5),59,,47,42,36,11,,55,21,51,39,9,11,1.1,0.9
2025-01-11T0000,1705A,116.6367,23.6719,潮州市,西园路,细颗粒物(PM2.5),64,72,62,46,38,74,,109,100,21,18,6,6,0.4,0.2
2025-01-11T0000,3026A,116.6183,23.6608,潮州市,市政府,颗粒物(PM10),54,57,58,31,30,76,,100,93,20,17,6,6,0.4,0.3
2025-01-11T0000,4036A,116.6461,23.6761,潮州市,金山,细颗粒物(PM2.5),52,47,53,36,33,65,,102,93,21,17,6,7,0.5,0.5
2025-01-11T0000,2472A,113.0073,25.9061,郴州市,马头岭,细颗粒物(PM2.5),60,68,64,43,37,26,,94,72,48,23,9,10,0.8,0.6
2025-01-11T0000,2473A,113.0116,25.8226,郴州市,市职中,"颗粒物(PM10),细颗粒物(PM2.5)",70,90,59,51,44,6,,84,41,55,26,6,6,0.7,0.6
2025-01-11T0000,2474A,113.0161,25.8001,郴州市,兴隆步行街,细颗粒物(PM2.5),83,88,62,61,48,40,,86,68,40,22,6,6,0.6,0.6
2025-01-11T0000,2475A,113.0383,25.8071,郴州市,市审计局,细颗粒物(PM2.5),74,74,55,54,40,8,,85,57,62,20,5,5,0.6,0.5
2025-01-11T0000,2476A,113.0348,25.7759,郴州市,市环保局,细颗粒物(PM2.5),78,67,54,57,48,42,,82,66,33,17,8,8,0.7,0.5
2025-01-11T0000,1431A,103.9728,30.7236,成都市,金泉两河,细颗粒物(PM2.5),58,50,53,41,38,37,,38,23,22,30,2,2,0.7,0.7
2025-01-11T0000,1432A,104.176,30.6872,成都市,十里店,,50,50,56,33,42,13,,32,24,44,34,2,2,0.4,0.4
2025-01-11T0000,1433A,104.079,30.5706,成都市,三瓦窑,,48,33,53,33,42,31,,30,30,24,33,3,3,0.5,0.5
2025-01-11T0000,1434A,104.1114,30.63,成都市,沙河铺,细颗粒物(PM2.5),53,49,54,37,39,20,,30,22,33,29,2,2,0.6,0.5
2025-01-11T0000,1437A,104.0786,30.6531,成都市,君平街,,50,44,50,35,41,24,,40,27,30,30,4,4,0.8,0.8
2025-01-11T0000,1438A,103.613,31.0283,成都市,灵岩寺,,,,,,,,,,,,,,,,
2025-01-11T0000,2880A,104.0239,30.65639,成都市,大石西路,,46,44,51,32,38,23,,38,27,29,28,3,3,0.7,0.7
2025-01-11T0000,3136A,104.2725,30.5589,成都市,龙泉驿区区政府,,45,44,40,31,36,29,,45,38,25,17,3,3,0.5,0.5
2025-01-11T0000,3357A,104.0106,30.6931,成都市,金博路,细颗粒物(PM2.5),58,41,48,41,36,21,,33,22,24,26,2,2,0.6,0.7
2025-01-11T0000,3359A,104.0578,30.5225,成都市,华阳,细颗粒物(PM2.5),55,,51,39,44,29,,38,19,23,30,3,3,0.7,0.7
2025-01-11T0000,3487A,104.2394,30.5319,成都市,车城东七路,,43,35,44,30,37,23,,49,31,29,18,1,1,0.5,0.5
2025-01-11T0000,3488A,104.3853,30.7453,成都市,青白江技师分院,细颗粒物(PM2.5),53,39,43,37,40,38,,46,39,23,24,2,2,0.5,0.6
2025-01-11T0000,3489A,104.0789,30.4072,成都市,科学城,,50,39,52,35,46,26,,36,25,23,21,4,4,0.6,0.6
2025-01-11T0000,4011A,103.8506,30.6947,成都市,光华大道三段,,40,40,50,25,36,44,,45,31,16,23,1,2,0.6,0.6
2025-01-11T0000,1062A,117.9531,40.9081,承德市,铁路,,40,40,27,16,11,44,,71,63,19,16,5,4,0.4,0.3
2025-01-11T0000,1063A,117.9392,40.9763,承德市,中国银行,,41,41,37,28,15,17,,60,32,32,22,2,2,0.5,0.4
2025-01-11T0000,1064A,117.9503,40.928,承德市,开发区,,45,45,33,24,19,19,,76,61,47,23,4,2,0.6,0.3
2025-01-11T0000,1065A,117.8051,40.9655,承德市,文化中心,,20,20,34,12,13,45,,69,56,21,20,2,2,0.4,0.4
2025-01-11T0000,1066A,117.9268,41.0026,承德市,离宫,,26,20,25,18,21,55,,63,61,10,11,3,4,0.2,0.3
2025-01-11T0000,2314A,117.47,30.6618,池州市,池州学院,颗粒物(PM10),60,69,58,42,35,36,,66,41,33,33,7,10,0.6,0.5
2025-01-11T0000,3237A,117.4918,30.6617,池州市,展览馆,细颗粒物(PM2.5),57,57,48,40,28,28,,62,38,38,36,6,8,0.7,0.6
2025-01-11T0000,3333A,117.5627,30.695,池州市,第八中学,细颗粒物(PM2.5),59,65,54,42,31,35,,65,39,34,32,6,6,0.8,0.6
2025-01-11T0000,3334A,117.5038,30.6243,池州市,第十二中学,细颗粒物(PM2.5),62,66,50,44,32,12,,68,39,61,37,5,5,0.6,0.5
2025-01-11T0000,1744A,118.9233,42.2816,赤峰市,松山一中,,22,20,26,8,14,31,,61,45,44,33,18,16,0.6,0.9
2025-01-11T0000,1745A,118.9576,42.2728,赤峰市,哈达街,,43,43,23,26,17,15,,60,35,61,36,10,8,1.1,0.9
2025-01-11T0000,1746A,118.8788,42.2554,赤峰市,天义路,,24,20,21,10,12,22,,57,38,47,27,9,12,0.5,0.5
2025-01-11T0000,3058A,119.2658,42.0353,赤峰市,银河街,颗粒物(PM10),62,73,40,34,24,8,,49,31,55,29,29,23,2.5,1
2025-01-11T0000,3286A,118.9359,42.3147,赤峰市,桥北物流园区,,22,,16,15,15,37,,59,40,36,32,11,11,0.7,0.8
2025-01-11T0000,2521A,107.3476,22.4136,崇左市,市环保局江州分局,,37,37,25,16,14,78,,92,86,9,6,6,5,0.5,0.5
2025-01-11T0000,2522A,107.3702,22.3707,崇左市,城南新区,,30,30,25,18,9,77,,94,87,15,14,7,6,0.5,0.6
2025-01-11T0000,2298A,118.3093,32.3153,滁州市,老年大学,,42,42,45,27,27,15,,69,38,46,31,3,3,0.4,0.4
2025-01-11T0000,2299A,118.3244,32.2786,滁州市,人大宾馆,细颗粒物(PM2.5),67,52,49,48,33,17,,68,35,48,25,11,9,0.6,0.5
2025-01-11T0000,3207A,118.3118,32.3038,滁州市,市政府原办公楼,细颗粒物(PM2.5),54,55,46,38,29,13,,66,34,59,34,8,6,0.5,0.2
2025-01-11T0000,3331A,118.3267,32.2634,滁州市,图书馆,细颗粒物(PM2.5),58,64,51,41,26,11,,68,36,60,29,7,8,0.3,0.2
2025-01-11T0000,2605A,101.5482,25.0441,楚雄彝族自治州,州环境监测站,,39,,30,27,27,70,,77,73,6,17,6,6,0.6,0.6
2025-01-11T0000,2606A,101.538,25.0492,楚雄彝族自治州,市经济开发区,,49,40,34,34,28,65,,72,69,9,18,5,6,0.8,0.6
2025-01-11T0000,2548A,107.5277,31.2827,达州市,达州职业技术学院,细颗粒物(PM2.5),119,112,73,90,58,14,,42,23,33,25,5,5,0.9,0.7
2025-01-11T0000,2549A,107.5086,31.2186,达州市,市环境监测站,细颗粒物(PM2.5),94,102,71,70,49,5,,31,17,46,36,5,6,0.9,0.8
2025-01-11T0000,2550A,107.4988,31.2132,达州市,凤凰小区,细颗粒物(PM2.5),104,97,67,78,52,5,,36,20,46,34,7,7,0.8,0.7
2025-01-11T0000,2551A,107.5082,31.1986,达州市,达县机关宾馆,细颗粒物(PM2.5),90,97,69,67,52,4,,32,15,44,35,6,5,0.9,0.8
2025-01-11T0000,2552A,107.4644,31.2124,达州市,市政中心,细颗粒物(PM2.5),92,107,78,68,49,3,,33,15,56,41,3,3,1.0,0.8
2025-01-11T0000,2614A,100.1542,25.7054,大理白族自治州,大理市环境监测站,,39,,18,27,19,77,,87,82,9,9,7,7,0.5,0.5
2025-01-11T0000,2615A,100.2171,25.5811,大理白族自治州,大理古城,,36,,20,25,15,57,,87,72,15,11,5,5,0.7,0.7
2025-01-11T0000,1109A,121.612,38.9741,大连市,甘井子,,32,31,35,22,14,60,,74,62,24,26,9,8,0.6,0.6
2025-01-11T0000,1110A,121.565,38.9511,大连市,周水子,,35,32,39,24,18,29,,67,45,52,37,13,13,0.7,0.7
2025-01-11T0000,1111A,121.5637,38.8845,大连市,星海三站,,24,24,35,15,17,58,,67,59,11,19,8,10,0.5,0.5
2025-01-11T0000,1112A,121.6302,38.9117,大连市,青泥洼桥,,41,41,29,21,12,21,,60,43,55,22,13,11,0.6,0.6
2025-01-11T0000,1113A,121.6251,38.8638,大连市,傅家庄,,25,25,24,17,10,50,,67,56,15,13,13,11,0.7,0.6
2025-01-11T0000,1114A,121.5213,38.8661,大连市,七贤岭,,22,22,31,11,12,65,,71,67,10,16,7,9,0.6,0.7
2025-01-11T0000,1115A,121.2529,38.8061,大连市,旅顺,,23,18,22,9,10,72,,73,68,7,11,9,10,0.5,0.5
2025-01-11T0000,1116A,121.7485,39.1311,大连市,金州,,39,38,29,27,16,54,,70,57,19,16,8,9,0.6,0.6
2025-01-11T0000,1117A,121.7811,39.0496,大连市,开发区,,45,,22,31,14,49,,66,57,26,22,17,11,0.4,0.2
2025-01-11T0000,1118A,121.9762,39.0631,大连市,双D港,,43,43,26,30,15,53,,76,68,21,10,16,10,0.7,0.7
2025-01-11T0000,1789A,124.81117,46.03138,大庆市,大同区,细颗粒物(PM2.5),102,87,60,76,54,31,,51,28,33,25,9,6,0.8,0.6
2025-01-11T0000,1790A,125.129,46.533,大庆市,龙凤区,细颗粒物(PM2.5),52,49,43,36,30,23,,48,25,54,43,4,6,0.8,0.7
2025-01-11T0000,1791A,124.902,46.408,大庆市,红岗区,细颗粒物(PM2.5),60,52,35,43,26,38,,43,33,26,26,8,8,0.6,0.5
2025-01-11T0000,1792A,125.153,46.586,大庆市,萨尔图区,细颗粒物(PM2.5),77,61,40,56,31,29,,40,24,57,59,4,6,0.6,0.5
2025-01-11T0000,1793A,124.9042,46.6215,大庆市,让胡路区,细颗粒物(PM2.5),69,50,36,50,35,54,,56,38,23,28,6,7,0.5,0.5
2025-01-11T0000,3481A,125.141,46.634,大庆市,萨区政府监测点,细颗粒物(PM2.5),62,64,37,44,22,21,,50,21,56,42,5,6,0.7,0.6
2025-01-11T0000,1721A,113.3819,40.1097,大同市,果树场,,,,56,,32,,,49,33,,40,,18,,1.1
2025-01-11T0000,1723A,113.2994,40.0758,大同市,云冈宾馆,颗粒物(PM10),53,56,55,27,27,18,,46,34,48,39,26,39,1.0,1.3
2025-01-11T0000,1724A,113.3444,40.0917,大同市,大同大学,,50,50,48,24,25,21,,47,34,35,30,28,42,1.0,0.9
2025-01-11T0000,1725A,113.2661,40.1269,大同市,安家小村,颗粒物(PM10),68,86,80,26,29,9,,54,38,52,32,34,36,2.2,2.1
2025-01-11T0000,1726A,113.2711,40.0844,大同市,教育学院,颗粒物(PM10),53,55,82,30,35,13,,38,29,59,47,23,33,1.1,1.7
2025-01-11T0000,3282A,113.3397,40.0597,大同市,大同市卫生学校,颗粒物(PM10),55,60,57,34,27,5,,41,31,65,41,21,39,0.9,1.1
2025-01-11T0000,3565A,113.1367,40.1122,大同市,云冈站,颗粒物(PM10),72,93,70,31,27,6,,52,22,52,38,30,31,0.6,0.7
2025-01-11T0000,3566A,113.1186,40.2556,大同市,图书馆,颗粒物(PM10),52,53,49,24,28,28,,62,46,17,19,12,25,0.6,1
2025-01-11T0000,3567A,113.5931,40.0461,大同市,区一中,颗粒物(PM10),58,66,76,22,30,9,,38,22,59,37,30,39,1.1,1
2025-01-11T0000,3676A,113.2802,40.0995,大同市,第二人民医院,颗粒物(PM10),53,55,72,24,31,15,,46,36,56,42,25,34,1.2,1.6
2025-01-11T0000,2269A,124.1069,50.4097,大兴安岭地区,科技局,,30,22,24,21,19,58,,73,56,6,6,7,10,0.4,0.3
2025-01-11T0000,3663A,124.1164,50.4278,大兴安岭地区,红旗社区,,36,36,37,25,27,27,,64,19,31,20,5,5,0.6,0.5
2025-01-11T0000,1600A,124.3303,40.0625,丹东市,江湾东路,细颗粒物(PM2.5),70,64,39,51,30,38,,63,42,31,23,11,10,1.0,0.8
2025-01-11T0000,1601A,124.4256,40.1503,丹东市,临江后街,细颗粒物(PM2.5),78,77,43,57,30,29,,67,41,39,24,12,9,1.2,0.9
2025-01-11T0000,1602A,124.3933,40.1461,丹东市,元宝山,细颗粒物(PM2.5),62,66,35,44,23,29,,56,36,28,18,8,8,1.3,1
2025-01-11T0000,1603A,124.3633,40.1092,丹东市,民主桥,细颗粒物(PM2.5),59,64,38,42,23,33,,59,35,34,27,10,10,1.1,0.9
2025-01-11T0000,3541A,109.5726,19.5167,儋州市,第一中学子站,颗粒物(PM10),53,55,77,30,47,108,,110,109,13,16,7,7,0.5,0.7
2025-01-11T0000,3542A,109.5567,19.5187,儋州市,东坡学校子站,颗粒物(PM10),55,60,83,32,50,120,,123,117,11,15,7,8,0.6,0.8
2025-01-11T0000,2616A,98.5842,24.428,德宏傣族景颇族自治州,德宏州监测站,颗粒物(PM10),57,63,55,39,34,27,,80,57,32,25,6,9,0.8,0.7
2025-01-11T0000,3677A,98.5881,24.4368,德宏傣族景颇族自治州,芒市人民政府综合楼,颗粒物(PM10),52,54,46,29,30,41,,76,62,12,18,6,7,0.6,0.6
2025-01-11T0000,1901A,104.4239,31.1208,德阳市,东山公园,细颗粒物(PM2.5),55,44,46,39,43,23,,48,42,44,16,1,1,0.5,0.6
2025-01-11T0000,1902A,104.3826,31.1317,德阳市,西小区,细颗粒物(PM2.5),63,53,60,45,48,21,,42,35,35,26,3,3,0.6,0.7
2025-01-11T0000,1904A,104.3553,31.1091,德阳市,耐火材料厂,细颗粒物(PM2.5),59,44,49,42,48,33,,41,37,21,25,3,3,0.6,0.7
2025-01-11T0000,3639A,104.4019,31.1244,德阳市,市教育局,细颗粒物(PM2.5),59,48,49,42,46,33,,43,36,31,26,4,3,0.7,0.8
2025-01-11T0000,1622A,116.3032,37.4674,德州市,儿童乐园,细颗粒物(PM2.5),73,70,64,53,33,19,,56,26,58,39,10,11,1.1,0.9
2025-01-11T0000,1624A,116.2991,37.4451,德州市,监理站,细颗粒物(PM2.5),110,112,69,83,38,14,,61,30,72,49,18,15,1.3,0.9
2025-01-11T0000,3066A,116.2721,37.4379,德州市,九衢泉纯净水厂,细颗粒物(PM2.5),149,134,76,114,47,18,,59,28,70,48,22,16,1.5,0.9
2025-01-11T0000,3371A,116.3728,37.4403,德州市,开发区人民医院,细颗粒物(PM2.5),70,83,63,51,31,10,,60,26,72,41,14,14,1.1,0.8
2025-01-11T0000,3372A,116.3572,37.4094,德州市,太阳城中学,细颗粒物(PM2.5),92,110,74,68,42,15,,61,32,79,50,16,14,1.0,0.8
2025-01-11T0000,3511A,116.5652,37.3319,德州市,陵城艺术中心,细颗粒物(PM2.5),73,92,74,53,37,5,,53,17,71,41,23,14,1.1,0.9
2025-01-11T0000,2621A,99.7056,27.8317,迪庆藏族自治州,迪庆州站,,42,35,27,29,19,59,,90,79,17,11,8,9,0.8,0.5
2025-01-11T0000,3180A,99.7136,27.8094,迪庆藏族自治州,质量技术监督局,,27,27,20,15,12,52,,80,72,20,11,7,7,0.9,0.6
2025-01-11T0000,2663A,104.6241,35.5734,定西市,东关小学,细颗粒物(PM2.5),95,89,79,71,39,11,,64,46,52,18,15,11,1.4,0.6
2025-01-11T0000,2664A,104.6194,35.5934,定西市,供电公司,颗粒物(PM10),61,71,69,41,33,11,,72,49,58,30,10,9,1.2,0.9
2025-01-11T0000,1389A,113.7547,23.0494,东莞市,莞城梨川,,37,37,41,19,20,85,,93,81,20,21,6,7,0.6,0.6
2025-01-11T0000,1390A,113.7944,23.0128,东莞市,东城石井,,39,39,39,18,18,70,,89,78,22,19,7,7,0.5,0.5
2025-01-11T0000,1391A,113.7383,22.9658,东莞市,南城西平,,40,40,38,18,19,52,,93,70,53,30,6,5,0.4,0.4
2025-01-11T0000,3319A,113.7338,23.0381,东莞市,万江金泰,,37,37,40,16,19,78,,89,76,19,18,10,11,0.5,0.6
2025-01-11T0000,3626A,113.7533,23.0202,东莞市,南城元岭,,36,36,38,18,20,88,,96,85,15,16,8,8,0.5,0.5
2025-01-11T0000,3627A,113.7875,23.0457,东莞市,东城主山,,34,34,36,17,18,76,,84,75,15,15,8,9,0.5,0.6
2025-01-11T0000,1666A,118.6614,37.4309,东营市,市环保局,,34,34,43,19,27,17,,51,36,54,44,5,15,0.6,0.6
2025-01-11T0000,3036A,118.6904,37.4338,东营市,开发区管委会,,39,39,47,19,26,19,,54,44,64,47,3,13,0.7,0.7
2025-01-11T0000,3365A,118.5719,37.565,东营市,垦利区民丰路,,34,34,40,22,23,5,,49,23,65,45,11,15,0.5,0.5
2025-01-11T0000,3498A,118.5055,37.8612,东营市,河口城区,,41,41,40,24,18,11,,66,34,64,42,6,6,0.8,0.7
2025-01-11T0000,3646A,118.4978,37.4623,东营市,胜利站,,39,39,52,27,28,9,,45,22,69,48,7,13,0.7,0.8
2025-01-11T0000,3734A,118.35,37.26,东营市,理想之城,颗粒物(PM10),56,61,54,29,30,6,,49,16,78,55,9,10,0.7,0.6
2025-01-11T0000,1591A,110.0023,39.8129,鄂尔多斯市,综合楼,颗粒物(PM10),51,51,43,17,12,73,,73,71,10,21,6,10,0.4,0.6
2025-01-11T0000,1592A,109.9486,39.8261,鄂尔多斯市,巴音孟克林场办事处,,48,48,42,22,16,71,,70,70,11,20,7,9,0.3,0.3
2025-01-11T0000,1593A,109.7736,39.5986,鄂尔多斯市,康泽苑,,36,36,35,14,17,66,,72,71,9,12,6,6,0.5,0.5
2025-01-11T0000,1594A,109.8119,39.5989,鄂尔多斯市,华泰汽车城,,41,41,38,14,16,69,,71,70,10,18,7,8,0.4,0.5
2025-01-11T0000,1595A,109.9734,39.7884,鄂尔多斯市,奥林花园,,48,48,50,12,13,55,,66,59,26,27,10,10,0.5,0.5
2025-01-11T0000,2436A,114.8938,30.3994,鄂州市,市政府,细颗粒物(PM2.5),78,76,44,57,30,26,,68,46,59,34,12,10,0.7,0.4
2025-01-11T0000,2437A,114.8989,30.3714,鄂州市,赵家坝,细颗粒物(PM2.5),69,83,46,50,30,24,,73,48,58,30,8,9,0.6,0.6
2025-01-11T0000,3654A,114.8094,30.4089,鄂州市,精准医疗中心,细颗粒物(PM2.5),77,77,54,56,34,17,,82,53,67,31,20,15,0.6,0.6
2025-01-11T0000,2454A,109.4978,30.2981,恩施土家族苗族自治州,湖北民院,细颗粒物(PM2.5),162,,76,123,70,9,,69,36,34,15,8,8,1.0,0.7
2025-01-11T0000,2455A,109.4707,30.2798,恩施土家族苗族自治州,州电力总公司,细颗粒物(PM2.5),117,96,70,88,58,18,,66,40,33,26,7,8,1.0,0.8
2025-01-11T0000,3549A,109.5061,30.3772,恩施土家族苗族自治州,龙凤新区,细颗粒物(PM2.5),109,100,68,82,53,15,,62,35,19,18,6,6,0.9,0.7
2025-01-11T0000,2499A,108.3411,21.6158,防城港市,沙万,细颗粒物(PM2.5),52,48,35,36,21,88,,102,98,17,15,8,7,0.5,0.5
2025-01-11T0000,2500A,108.3514,21.7731,防城港市,防城档案局,颗粒物(PM10),61,71,59,33,22,81,,98,94,23,20,8,6,0.5,0.5
2025-01-11T0000,2501A,108.3506,21.6414,防城港市,大海花园,,50,50,38,31,22,89,,104,101,15,12,7,5,0.6,0.6
2025-01-11T0000,1371A,113.1294,23.0067,佛山市,湾梁,,39,39,49,15,18,64,,82,75,37,31,7,8,0.4,0.4
2025-01-11T0000,1372A,113.1083,23.0478,佛山市,华材职中,,39,39,58,21,29,77,,88,77,28,31,8,10,0.5,0.6
2025-01-11T0000,1373A,113.144,23.0453,佛山市,南海气象局,,32,32,42,21,25,60,,79,70,32,24,7,9,0.4,0.5
2025-01-11T0000,1374A,113.2881,22.8094,佛山市,顺德苏岗,,35,30,42,24,20,55,,73,65,29,23,9,8,0.4,0.4
2025-01-11T0000,1376A,112.8383,22.8678,佛山市,高明孔堂,,50,50,55,23,30,69,,94,81,26,20,10,10,0.4,0.5
2025-01-11T0000,1377A,112.8836,23.1588,佛山市,三水监测站,,48,48,53,27,33,56,,91,76,45,28,14,12,0.5,0.5
2025-01-11T0000,1378A,112.867,23.185,佛山市,三水云东海,,35,35,45,22,25,48,,92,67,37,26,10,10,0.6,0.5
2025-01-11T0000,3625A,113.2544,22.7642,佛山市,容桂街道办,,39,36,46,27,23,62,,79,71,32,27,8,8,0.5,0.5
2025-01-11T0000,1280A,119.3903,26.0543,福州市,鼓山,,,,30,,19,,,101,,,10,,3,,0.5
2025-01-11T0000,1282A,119.2681,26.0504,福州市,师大,,26,26,38,13,27,73,,87,80,18,20,4,5,0.4,0.5
2025-01-11T0000,1283A,119.2984,26.1028,福州市,五四北路,,26,26,36,11,26,72,,87,78,16,20,1,3,0.3,0.4
2025-01-11T0000,1284A,119.2648,26.0768,福州市,杨桥西路,,30,30,40,11,26,72,,89,82,16,17,2,3,0.4,0.5
2025-01-11T0000,1285A,119.317,26.0746,福州市,紫阳,,29,29,40,12,27,69,,82,76,19,22,4,6,0.4,0.5
2025-01-11T0000,3048A,119.5799,26.0936,福州市,九龙,,27,27,30,11,17,62,,86,79,13,13,1,2,0.3,0.3
2025-01-11T0000,3526A,119.5189,25.9664,福州市,吴航,,23,23,33,13,21,67,,86,79,16,15,2,3,0.3,0.4
2025-01-11T0000,1755A,123.7977,41.8491,抚顺市,望花区,细颗粒物(PM2.5),162,201,118,123,75,11,,39,24,58,46,3,5,2.0,1.2
2025-01-11T0000,1756A,123.9161,41.8822,抚顺市,顺城区,细颗粒物(PM2.5),113,125,91,85,60,13,,46,21,56,46,8,7,1.7,1.1
2025-01-11T0000,1757A,124.0436,41.8611,抚顺市,东洲区,细颗粒物(PM2.5),117,126,86,88,59,24,,56,30,32,24,2,5,1.4,1
2025-01-11T0000,1758A,123.9247,41.8642,抚顺市,新抚区,细颗粒物(PM2.5),137,144,107,104,72,14,,45,23,58,51,4,5,1.5,1.1
2025-01-11T0000,1759A,124.0972,41.8961,抚顺市,大伙房水库,细颗粒物(PM2.5),107,101,89,80,68,24,,56,29,36,32,7,9,1.2,0.9
2025-01-11T0000,1760A,123.7086,41.8391,抚顺市,沈抚新城,细颗粒物(PM2.5),143,156,94,109,71,16,,41,26,51,43,5,7,2.0,1.4
2025-01-11T0000,2376A,116.2127,28.0814,抚州市,桐源党溪,,49,49,48,22,21,36,,71,54,2,3,1,2,0.5,0.5
2025-01-11T0000,2377A,116.3544,27.9831,抚州市,市站,,42,42,43,23,20,57,,85,74,18,16,6,9,1.0,0.9
2025-01-11T0000,2378A,116.3565,27.963,抚州市,血防站,颗粒物(PM10),51,52,49,23,21,58,,86,76,16,13,5,5,0.6,0.6
2025-01-11T0000,2379A,116.3564,28.0007,抚州市,采茶剧团,,37,37,41,25,20,46,,68,60,14,11,6,6,1.0,0.9
2025-01-11T0000,2380A,116.385,27.9647,抚州市,医学分院,,45,45,46,20,19,41,,69,59,15,12,7,7,0.2,0.3
2025-01-11T0000,2207A,121.6094,41.998,阜新市,工业园区,,,,75,42,26,8,,68,26,45,27,28,13,1.3,0.8
2025-01-11T0000,2208A,121.6697,42.0279,阜新市,长青街,细颗粒物(PM2.5),80,91,42,59,24,6,,67,22,50,20,14,8,4.3,0.8
2025-01-11T0000,2209A,121.6673,42.0705,阜新市,农业园区,颗粒物(PM10),58,65,26,24,9,46,,64,53,14,7,27,12,1.1,0.8
2025-01-11T0000,2210A,121.6717,42.0224,阜新市,东苑,细颗粒物(PM2.5),79,100,49,58,27,8,,57,22,40,21,34,16,5.3,1.1
2025-01-11T0000,2211A,121.6506,42.0498,阜新市,玉龙新城,颗粒物(PM10),67,84,64,41,32,13,,69,22,43,30,11,7,2.7,1
2025-01-11T0000,2301A,115.8277,32.8929,阜阳市,市监测站,细颗粒物(PM2.5),90,78,58,67,44,14,,67,28,61,43,7,7,0.7,0.5
2025-01-11T0000,2303A,115.8554,32.8605,阜阳市,开发区,细颗粒物(PM2.5),94,131,85,70,43,12,,66,25,61,41,9,9,0.7,0.7
2025-01-11T0000,2875A,115.784,32.8892,阜阳市,阜阳职业技术学院,细颗粒物(PM2.5),78,83,64,57,40,1,,71,24,72,45,9,8,0.7,0.5
2025-01-11T0000,3468A,115.7901,32.8613,阜阳市,市规划展馆,细颗粒物(PM2.5),94,86,57,70,38,33,,74,48,45,34,10,8,0.5,0.4
2025-01-11T0000,3469A,115.836,32.9183,阜阳市,枣园社区,细颗粒物(PM2.5),92,104,70,68,42,6,,73,28,78,46,5,5,0.7,0.5
2025-01-11T0000,2669A,102.9099,34.9841,甘南藏族自治州,州政府,颗粒物(PM10),70,90,68,16,37,95,,79,79,2,13,4,8,0.2,0.4
2025-01-11T0000,3380A,102.8914,34.9617,甘南藏族自治州,甘肃民族师范学院,颗粒物(PM10),68,85,75,12,37,98,,87,87,4,19,2,5,0.2,0.5
2025-01-11T0000,2570A,101.9603,30.0475,甘孜藏族自治州,水桥子,,21,11,9,9,8,67,,77,70,8,12,2,2,0.3,0.5
2025-01-11T0000,3065A,101.9533,29.9972,甘孜藏族自治州,州环保局,,25,7,13,3,6,77,,79,78,8,10,4,4,0.6,0.6
2025-01-11T0000,3414A,115.8347,28.932,赣江新区,桑海产业园,细颗粒物(PM2.5),65,66,48,47,24,39,,62,42,39,31,11,8,0.6,0.5
2025-01-11T0000,2362A,114.9017,25.9149,赣州市,通天岩,,39,36,36,27,22,48,,83,62,3,4,2,2,0.6,0.6
2025-01-11T0000,2363A,114.9367,25.8664,赣州市,地委,,41,41,42,20,21,59,,72,65,14,14,2,2,0.9,1
2025-01-11T0000,2364A,114.9461,25.8481,赣州市,气象台,,,44,68,14,16,,,82,75,19,20,9,11,0.6,0.6
2025-01-11T0000,2365A,114.9322,25.8333,赣州市,市图书馆,,40,40,39,20,18,64,,79,71,19,20,4,4,0.4,0.5
2025-01-11T0000,2366A,114.8905,25.8471,赣州市,华坚鞋城,,40,40,42,15,18,56,,61,50,5,9,7,7,0.3,0.3
2025-01-11T0000,3109A,115.0093,25.8613,赣州市,赣县区卫计委,,39,39,47,26,32,47,,73,63,25,15,4,5,0.3,0.3
2025-01-11T0000,2683A,106.2319,36.1417,固原市,马园,颗粒物(PM10),59,68,79,22,33,41,,69,46,37,36,7,8,0.9,1
2025-01-11T0000,2684A,106.2792,36.0022,固原市,监测站,,45,45,53,13,18,79,,79,74,11,16,5,7,0.4,0.6
2025-01-11T0000,2685A,106.2375,36.0211,固原市,新区,,44,44,51,11,17,76,,79,74,11,18,5,6,0.3,0.4
2025-01-11T0000,3522A,106.2177,35.9959,固原市,原州区十五小,,42,42,49,13,18,80,,81,78,8,12,6,7,0.4,0.5
2025-01-11T0000,2543A,106.6308,30.5278,广安市,小平旧居,,,,,,,,,,,,,,,,
2025-01-11T0000,2544A,106.6303,30.4576,广安市,市委,细颗粒物(PM2.5),58,43,43,41,39,29,,45,38,21,19,1,2,0.7,0.7
2025-01-11T0000,2545A,106.6271,30.4663,广安市,友谊中学,细颗粒物(PM2.5),52,43,41,36,37,31,,44,39,18,19,2,2,0.7,0.7
2025-01-11T0000,2547A,106.6388,30.4551,广安市,广电花园,细颗粒物(PM2.5),57,45,40,40,35,15,,46,34,27,21,2,2,0.8,0.6
2025-01-11T0000,2902A,106.6351,30.4865,广安市,北辰小学,细颗粒物(PM2.5),59,,39,42,36,31,,48,39,18,17,1,1,0.7,0.8
2025-01-11T0000,2523A,105.8945,32.4535,广元市,黑石坡,颗粒物(PM10),56,62,46,22,38,62,,67,58,8,15,4,5,0.5,0.5
2025-01-11T0000,2524A,105.821,32.4444,广元市,老城,细颗粒物(PM2.5),57,59,63,40,38,18,,68,56,58,35,3,2,0.7,0.8
2025-01-11T0000,2526A,105.8628,32.4287,广元市,监测站,,50,50,52,30,43,52,,75,66,31,27,3,3,0.6,0.9
2025-01-11T0000,3617A,105.8047,32.4166,广元市,经开区,,50,47,57,35,44,40,,66,60,37,32,4,6,0.7,0.8
2025-01-11T0000,1345A,113.2347,23.1423,广州市,广雅中学,,39,39,55,19,24,60,,81,67,38,30,8,10,0.3,0.4
2025-01-11T0000,1346A,113.2612,23.105,广州市,市五中,,37,37,50,22,26,73,,89,76,22,20,4,5,0.5,0.5
2025-01-11T0000,1348A,113.3478,23.0916,广州市,广东商学院,,41,41,40,19,20,67,,89,77,33,21,4,5,0.3,0.4
2025-01-11T0000,1349A,113.4332,23.1047,广州市,市八十六中,,42,42,43,20,19,73,,96,83,28,21,6,6,0.7,0.6
2025-01-11T0000,1350A,113.3505,22.9483,广州市,番禺中学,,45,45,47,22,21,69,,92,82,32,25,3,4,0.6,0.6
2025-01-11T0000,1351A,113.2146,23.3916,广州市,花都师范,,31,31,43,14,21,75,,87,80,20,21,6,8,0.4,0.5
2025-01-11T0000,1352A,113.2597,23.1331,广州市,市监测站,,34,34,50,16,22,75,,90,74,24,22,6,7,0.5,0.5
2025-01-11T0000,1353A,113.5618,23.312,广州市,九龙镇镇龙,,30,30,35,17,17,79,,92,88,15,15,5,6,0.5,0.5
2025-01-11T0000,1354A,113.2765,23.1544,广州市,麓湖,,31,31,46,18,23,63,,87,65,34,25,4,5,0.5,0.5
2025-01-11T0000,1355A,113.443,23.3035,广州市,帽峰山森林公园,,26,24,32,10,10,81,,99,88,10,8,6,6,0.3,0.3
2025-01-11T0000,2846A,113.3221,23.1322,广州市,体育西,,37,37,44,19,20,69,,86,72,19,15,6,6,0.5,0.5
2025-01-11T0000,3298A,113.5717,23.5491,广州市,从化街口,,27,26,34,13,18,85,,96,89,14,13,6,6,0.4,0.4
2025-01-11T0000,3299A,113.3472,23.3692,广州市,白云竹料,,26,26,40,14,21,75,,95,78,16,16,7,8,0.4,0.4
2025-01-11T0000,3300A,113.2981,23.237,广州市,白云嘉禾,,48,48,60,18,22,55,,88,64,45,30,7,8,0.4,0.5
2025-01-11T0000,3301A,113.4256,23.1716,广州市,黄埔科学城,,33,33,38,19,21,79,,94,86,15,12,7,8,0.6,0.6
2025-01-11T0000,3302A,113.3942,23.0483,广州市,番禺大学城,,36,36,44,19,19,73,,98,88,30,23,8,7,0.4,0.5
2025-01-11T0000,3303A,113.4922,22.8168,广州市,南沙黄阁,,46,46,55,21,23,84,,84,68,24,32,8,7,0.4,0.5
2025-01-11T0000,3304A,113.5342,22.7896,广州市,南沙街,颗粒物(PM10),51,51,50,21,21,76,,86,66,26,30,5,7,0.6,0.5
2025-01-11T0000,3443A,113.2902,23.5544,广州市,花都梯面,,26,24,35,9,10,81,,96,90,12,13,6,8,0.3,0.4
2025-01-11T0000,3445A,113.7858,23.7478,广州市,从化良口,,27,27,29,16,16,85,,99,94,14,12,7,7,0.3,0.4
2025-01-11T0000,3446A,113.8051,23.2614,广州市,增城荔城,,34,34,34,20,19,88,,94,86,12,12,6,6,0.6,0.7
2025-01-11T0000,2505A,109.568,23.1478,贵港市,德智高中,,,,,,,,,,,,,,,,
2025-01-11T0000,2506A,109.6047,23.0666,贵港市,江南子站,细颗粒物(PM2.5),62,70,46,44,29,74,,105,96,20,16,8,4,0.7,0.6
2025-01-11T0000,2507A,109.6014,23.0948,贵港市,贵城子站,细颗粒物(PM2.5),67,60,44,48,34,64,,95,86,18,14,13,8,0.8,0.6
2025-01-11T0000,2508A,109.5669,23.1065,贵港市,荷城子站,颗粒物(PM10),59,68,49,41,27,64,,92,84,19,16,14,10,0.7,0.6
2025-01-11T0000,3405A,109.5886,23.1172,贵港市,新世纪学校,细颗粒物(PM2.5),72,75,54,52,32,64,,97,86,18,16,13,9,0.7,0.6
2025-01-11T0000,1439A,106.6899,26.5998,贵阳市,马鞍山,,48,48,32,29,20,74,,76,73,14,13,8,5,0.3,0.3
2025-01-11T0000,1440A,106.6971,26.5694,贵阳市,市环保站,,,,,,,,,,,,,,,,
2025-01-11T0000,1441A,106.6243,26.6266,贵阳市,鉴湖路,,46,46,30,31,19,69,,73,69,11,10,6,6,0.4,0.4
2025-01-11T0000,1442A,106.7487,26.6343,贵阳市,燕子冲,,49,41,28,34,28,72,,78,74,14,10,10,9,0.4,0.3
2025-01-11T0000,1443A,106.6555,26.4365,贵阳市,碧云窝,细颗粒物(PM2.5),55,56,39,39,23,70,,67,67,18,20,19,15,0.4,0.4
2025-01-11T0000,1444A,106.694,26.5161,贵阳市,中院村,细颗粒物(PM2.5),58,48,36,41,26,64,,67,67,15,15,17,12,0.5,0.5
2025-01-11T0000,1445A,106.7109,26.6027,贵阳市,红边门,细颗粒物(PM2.5),64,48,36,46,28,74,,76,74,16,17,13,11,0.5,0.5
2025-01-11T0000,1446A,106.7164,26.5699,贵阳市,新华路,颗粒物(PM10),52,53,34,34,25,68,,78,74,15,12,12,7,0.5,0.4
2025-01-11T0000,1447A,106.674,26.5424,贵阳市,太慈桥,,45,44,29,31,23,70,,73,72,17,13,15,11,0.4,0.4
2025-01-11T0000,1552A,106.805,26.3003,贵阳市,桐木岭,,,,44,,30,,,75,68,,5,,10,,0.3
2025-01-11T0000,1862A,110.4144,25.3167,桂林市,电子科大尧山校区,,34,34,37,23,29,92,,103,99,7,7,8,7,0.7,0.7
2025-01-11T0000,1863A,110.2819,25.2697,桂林市,监测站,,40,40,45,26,35,85,,96,90,20,21,11,11,0.7,0.7
2025-01-11T0000,1864A,110.3089,25.2708,桂林市,龙隐路小学,,,,44,,38,91,,106,100,15,16,12,11,0.6,0.6
2025-01-11T0000,1865A,110.2869,25.2178,桂林市,八中,,46,34,45,32,37,84,,96,90,17,16,10,10,0.7,0.8
2025-01-11T0000,3403A,110.1764,25.2381,桂林市,创业大厦,细颗粒物(PM2.5),52,51,54,36,40,92,,102,97,15,16,9,10,0.7,0.7
2025-01-11T0000,3531A,110.296,25.1253,桂林市,旅游学院,,48,48,44,29,35,84,,96,91,12,15,7,8,0.9,1
2025-01-11T0000,2674A,100.2561,34.4714,果洛藏族自治州,玛沁县大武镇,,34,33,34,15,16,106,,98,98,2,6,11,13,0.4,0.5
2025-01-11T0000,1129A,126.5422,45.755,哈尔滨市,岭北,细颗粒物(PM2.5),234,196,117,184,104,20,,51,31,74,57,20,24,2.5,2
2025-01-11T0000,1130A,126.561,45.8167,哈尔滨市,松北商大,细颗粒物(PM2.5),179,139,87,135,80,15,,46,20,68,52,2,5,1.3,1.1
2025-01-11T0000,1131A,126.979,45.5419,哈尔滨市,阿城会宁,细颗粒物(PM2.5),159,162,128,121,103,26,,57,18,36,36,10,9,1.4,1.2
2025-01-11T0000,1132A,126.599,45.7222,哈尔滨市,南岗学府路,细颗粒物(PM2.5),221,183,123,171,98,12,,41,23,76,57,8,11,1.7,1
2025-01-11T0000,1133A,126.689,45.7733,哈尔滨市,太平宏伟公园,细颗粒物(PM2.5),378,329,149,328,128,6,,14,12,91,67,12,8,3.2,1.5
2025-01-11T0000,1134A,126.635,45.7667,哈尔滨市,道外承德广场,细颗粒物(PM2.5),179,163,115,135,88,8,,28,19,76,58,15,19,1.1,0.9
2025-01-11T0000,1135A,126.685,45.7319,哈尔滨市,香坊红旗大街,细颗粒物(PM2.5),338,320,129,288,118,17,,24,19,91,66,38,33,3.1,1.4
2025-01-11T0000,1136A,126.6411,45.7258,哈尔滨市,动力和平路,细颗粒物(PM2.5),239,,109,189,100,5,,34,18,74,54,15,20,1.7,1.1
2025-01-11T0000,1137A,126.593,45.7478,哈尔滨市,道里建国路,细颗粒物(PM2.5),233,,104,183,96,9,,29,18,78,61,14,20,1.6,1
2025-01-11T0000,1138A,126.615,45.61,哈尔滨市,平房东轻厂,细颗粒物(PM2.5),180,141,102,136,91,6,,44,8,76,58,10,11,1.3,1
2025-01-11T0000,1139A,126.595,45.9855,哈尔滨市,呼兰师专,细颗粒物(PM2.5),278,234,124,228,114,7,,44,16,81,53,14,13,1.9,1.4
2025-01-11T0000,1140A,126.6206,45.6842,哈尔滨市,省农科院,细颗粒物(PM2.5),208,210,137,158,121,7,,34,10,76,66,15,17,1.5,1.4
2025-01-11T0000,2688A,93.5128,42.8172,哈密市,地区监测站,,,94,77,57,36,,,51,39,,30,8,6,1.1,0.6
2025-01-11T0000,2689A,93.4961,42.8328,哈密市,哈密师范学校,颗粒物(PM10),80,109,78,56,37,6,,46,18,80,44,7,6,1.3,0.9
2025-01-11T0000,2671A,100.9048,36.9639,海北藏族自治州,海晏县西海镇,,50,50,70,14,20,92,,98,96,2,8,12,12,0.7,0.8
2025-01-11T0000,3867A,102.0738,36.5056,海东市,平安区公安北苑,细颗粒物(PM2.5),67,70,67,48,32,38,,69,54,32,23,20,20,0.7,0.6
2025-01-11T0000,1409A,110.576,19.9507,海口市,东寨港,,38,38,54,26,37,100,,108,107,7,8,14,12,0.7,0.8
2025-01-11T0000,1410A,110.3232,20.0574,海口市,海南大学,颗粒物(PM10),51,51,70,30,44,121,,124,124,17,19,7,8,0.5,0.6
2025-01-11T0000,1411A,110.283,20.0053,海口市,秀英海南医院,颗粒物(PM10),53,55,74,32,42,116,,124,123,17,18,5,6,0.5,0.5
2025-01-11T0000,1412A,110.338,19.9969,海口市,海南师范大学,颗粒物(PM10),53,55,74,31,40,120,,126,126,14,14,6,8,0.5,0.6
2025-01-11T0000,1413A,110.33,20.0356,海口市,龙华路环保局宿舍,颗粒物(PM10),51,51,71,30,42,122,,126,125,12,14,7,8,0.5,0.6
2025-01-11T0000,3539A,110.5111,19.9736,海口市,桂林洋子站,颗粒物(PM10),51,51,62,33,39,113,,125,122,13,12,6,7,0.4,0.5
2025-01-11T0000,2673A,100.6188,36.2866,海南藏族自治州,共和县恰卜恰镇,颗粒物(PM10),78,105,105,23,29,99,,106,103,1,11,8,8,0.8,0.9
2025-01-11T0000,2676A,97.3731,37.3753,海西蒙古族藏族自治州,德令哈市,,45,45,84,14,14,87,,96,95,11,9,15,15,0.7,0.5
2025-01-11T0000,1048A,114.5302,36.6116,邯郸市,东污水处理厂,细颗粒物(PM2.5),77,91,63,56,45,2,,39,16,70,49,8,9,1.3,1.1
2025-01-11T0000,1049A,114.4918,36.5713,邯郸市,矿院,细颗粒物(PM2.5),85,91,72,63,43,1,,37,17,76,54,6,8,1.3,1
2025-01-11T0000,1050A,114.484,36.6133,邯郸市,丛台公园,颗粒物(PM10),85,120,72,53,38,12,,45,22,69,46,7,8,1.1,1
2025-01-11T0000,3458A,114.7895,36.5593,邯郸市,香泉濮院小区,颗粒物(PM10),54,58,75,36,44,20,,60,38,50,34,13,12,1.1,0.9
2025-01-11T0000,3579A,114.50634,36.77178,邯郸市,永年区实验高中,细颗粒物(PM2.5),77,96,77,56,36,7,,37,16,65,47,15,12,0.9,0.9
2025-01-11T0000,3580A,114.20016,36.44293,邯郸市,峰峰矿区临水派出所,,45,45,53,27,30,46,,45,42,23,27,14,16,0.9,0.8
2025-01-11T0000,2634A,106.9893,33.1842,汉中市,汉川机床厂子校,细颗粒物(PM2.5),57,,47,40,42,54,,70,60,11,13,8,7,0.7,0.6
2025-01-11T0000,2635A,107.0154,33.0706,汉中市,市监测站,细颗粒物(PM2.5),109,98,86,82,71,25,,64,49,53,48,7,7,1.6,1.3
2025-01-11T0000,2636A,107.0089,33.1138,汉中市,鑫源开发区,细颗粒物(PM2.5),107,,77,80,65,27,,69,52,48,42,14,9,1.0,1
2025-01-11T0000,2637A,107.007,33.0323,汉中市,南郑大河坎水厂,细颗粒物(PM2.5),129,128,117,98,83,28,,68,45,39,38,9,10,1.2,1.3
2025-01-11T0000,1223A,120.2072,30.2111,杭州市,滨江,颗粒物(PM10),58,66,53,40,26,41,,56,44,37,33,8,8,0.5,0.5
2025-01-11T0000,1224A,120.0633,30.2747,杭州市,西溪,细颗粒物(PM2.5),67,78,46,48,27,9,,64,38,70,39,7,8,1.0,0.8
2025-01-11T0000,1226A,120.3461,30.3153,杭州市,下沙,颗粒物(PM10),70,90,66,47,32,19,,58,19,67,49,10,9,0.7,0.7
2025-01-11T0000,1227A,120.1269,30.2456,杭州市,卧龙桥,颗粒物(PM10),55,59,41,38,25,17,,63,29,44,31,7,8,0.4,0.3
2025-01-11T0000,1228A,120.1903,30.2692,杭州市,浙江农大,细颗粒物(PM2.5),68,70,48,49,29,16,,56,34,66,40,10,9,0.6,0.5
2025-01-11T0000,1230A,120.1197,30.3119,杭州市,和睦小学,颗粒物(PM10),56,62,43,37,24,36,,59,41,48,34,10,10,0.8,0.7
2025-01-11T0000,1231A,120.3019,30.4183,杭州市,临平镇,细颗粒物(PM2.5),82,96,59,60,34,20,,65,38,58,32,9,8,0.7,0.7
2025-01-11T0000,1232A,120.2697,30.1819,杭州市,城厢镇,细颗粒物(PM2.5),74,84,57,54,30,10,,58,26,72,40,6,7,0.8,0.6
2025-01-11T0000,1233A,120.0883,30.1808,杭州市,云栖,颗粒物(PM10),57,63,43,38,23,16,,68,34,45,27,5,6,0.6,0.5
2025-01-11T0000,3557A,119.9464,30.0494,杭州市,镇二中,细颗粒物(PM2.5),65,76,39,47,24,4,,61,29,66,38,6,7,0.7,0.5
2025-01-11T0000,3558A,119.7183,30.2367,杭州市,市府大楼,细颗粒物(PM2.5),72,78,41,52,28,22,,70,45,52,34,7,8,0.7,0.5
2025-01-11T0000,3656A,120.1556,30.2864,杭州市,消防大队,颗粒物(PM10),65,79,57,45,31,41,,61,38,44,38,10,10,0.4,0.5
2025-01-11T0000,1270A,117.1959,31.7848,合肥市,明珠广场,颗粒物(PM10),59,68,60,39,32,1,,57,23,79,48,11,11,0.8,0.7
2025-01-11T0000,1271A,117.3072,31.8764,合肥市,三里街,颗粒物(PM10),68,85,55,39,31,1,,62,32,100,46,8,7,0.8,0.6
2025-01-11T0000,1272A,117.2588,31.8707,合肥市,琥珀山庄,"颗粒物(PM10),细颗粒物(PM2.5)",65,80,62,47,37,6,,64,34,74,43,7,8,1.0,0.8
2025-01-11T0000,1273A,117.1604,31.9052,合肥市,董铺水库,颗粒物(PM10),59,68,62,34,30,8,,66,35,66,42,5,5,0.3,0.4
2025-01-11T0000,1274A,117.25,31.8571,合肥市,长江中路,颗粒物(PM10),73,95,61,47,37,1,,58,36,82,46,7,8,0.7,0.6
2025-01-11T0000,1275A,117.266,31.9436,合肥市,庐阳区,颗粒物(PM10),69,88,67,48,36,5,,70,31,74,42,5,4,0.9,0.8
2025-01-11T0000,1276A,117.336,31.8586,合肥市,瑶海区,颗粒物(PM10),63,75,57,43,31,4,,60,30,75,42,8,8,0.8,0.6
2025-01-11T0000,1277A,117.3027,31.7964,合肥市,包河区,细颗粒物(PM2.5),83,102,61,61,33,5,,55,14,101,62,14,6,0.7,0.5
2025-01-11T0000,1278A,117.2776,31.7385,合肥市,滨湖新区,颗粒物(PM10),65,80,59,34,28,2,,52,23,82,48,11,9,0.5,0.4
2025-01-11T0000,1279A,117.1318,31.8403,合肥市,高新区,颗粒物(PM10),63,75,57,42,31,2,,62,39,73,41,9,8,1.0,0.5
2025-01-11T0000,3464A,117.3803,31.9147,合肥市,高教基地,细颗粒物(PM2.5),60,66,55,43,31,10,,67,36,51,30,7,8,0.5,0.4
2025-01-11T0000,3614A,79.924,37.0877,和田地区,地区环保局,颗粒物(PM10),246,382,190,170,54,24,,78,64,86,29,67,16,2.5,0.4
2025-01-11T0000,3615A,79.9131,37.113,和田地区,市环保局,颗粒物(PM10),144,238,163,92,50,22,,80,60,81,54,18,15,1.8,1.6
2025-01-11T0000,2516A,108.2011,24.715,河池市,东仁乐园,,43,38,29,30,21,82,,75,,14,13,11,10,0.6,0.6
2025-01-11T0000,2517A,108.0497,24.6947,河池市,市环保站,,46,,25,32,24,78,,80,76,4,3,8,7,0.6,0.5
2025-01-11T0000,2518A,108.0983,24.6989,河池市,市疾控中心,,42,34,27,29,23,84,,77,76,6,5,8,6,0.4,0.4
2025-01-11T0000,1696A,114.6778,23.7569,河源市,源西,,39,33,33,27,23,58,,89,80,24,9,7,6,0.4,0.3
2025-01-11T0000,1697A,114.6944,23.7586,河源市,东埔,,39,39,39,26,24,77,,97,91,23,16,6,6,0.6,0.5
2025-01-11T0000,1698A,114.6892,23.7233,河源市,老城,,41,41,37,25,23,75,,94,88,19,14,5,5,0.6,0.5
2025-01-11T0000,1718A,115.4208,35.2464,菏泽市,气象局,细颗粒物(PM2.5),107,126,102,80,55,32,,65,45,52,42,7,8,0.7,0.6
2025-01-11T0000,3374A,115.5564,35.0891,菏泽市,定陶老年大学,细颗粒物(PM2.5),100,112,86,75,51,39,,70,43,41,45,10,19,0.6,0.5
2025-01-11T0000,4184A,115.4797,35.24401,菏泽市,永昌路1号,细颗粒物(PM2.5),114,135,91,86,50,23,,66,39,67,51,10,10,1.3,1.1
2025-01-11T0000,4193A,115.4715,35.2800,菏泽市,长城路999号,细颗粒物(PM2.5),97,135,90,72,43,13,,64,41,75,46,3,4,0.8,0.6
2025-01-11T0000,2514A,111.5264,24.4172,贺州市,环保小区,细颗粒物(PM2.5),72,63,52,52,37,77,,92,86,18,15,8,7,0.7,0.7
2025-01-11T0000,2515A,111.5608,24.4078,贺州市,政协大楼,"颗粒物(PM10),细颗粒物(PM2.5)",64,77,57,46,32,74,,87,75,17,14,7,6,0.6,0.6
2025-01-11T0000,3534A,111.4744,24.4553,贺州市,西湾,细颗粒物(PM2.5),68,69,53,49,39,82,,97,92,18,16,9,7,0.6,0.6
2025-01-11T0000,2385A,114.17,35.9019,鹤壁市,市监测站,颗粒物(PM10),82,114,97,51,51,4,,44,12,58,40,5,8,0.7,0.6
2025-01-11T0000,2386A,114.2956,35.7511,鹤壁市,市交警支队,细颗粒物(PM2.5),95,112,92,71,47,2,,36,12,63,56,5,9,1.0,0.8
2025-01-11T0000,2387A,114.2878,35.7306,鹤壁市,迎宾馆,颗粒物(PM10),73,95,90,45,43,3,,38,14,56,52,7,7,0.8,0.8
2025-01-11T0000,3474A,114.2617,35.6822,鹤壁市,大新区,细颗粒物(PM2.5),95,89,84,71,55,3,,36,10,61,57,8,10,0.9,0.8
2025-01-11T0000,3596A,114.1572,35.9603,鹤壁市,南山宾馆,细颗粒物(PM2.5),80,93,70,59,51,25,,52,32,38,27,12,9,0.9,0.8
2025-01-11T0000,2244A,130.2537,47.3416,鹤岗市,哈啤分公司,,33,25,23,23,20,61,,66,59,4,5,14,14,0.5,0.5
2025-01-11T0000,2245A,130.2684,47.3086,鹤岗市,斯达机电,,23,23,30,16,22,69,,69,63,2,10,12,12,0.3,0.2
2025-01-11T0000,2246A,130.3114,47.3388,鹤岗市,东山纸板厂,细颗粒物(PM2.5),75,,54,55,36,27,,53,22,35,35,14,15,1.8,0.9
2025-01-11T0000,2247A,130.1097,47.3382,鹤岗市,五号水库,,26,21,19,18,11,73,,89,80,10,8,6,6,0.5,0.4
2025-01-11T0000,2263A,127.4833,50.2524,黑河市,交通局,,26,,21,18,19,58,,67,40,7,15,5,6,0.4,0.5
2025-01-11T0000,2264A,127.5144,50.2341,黑河市,环保局,,39,,26,27,24,54,,70,28,12,18,5,6,0.6,0.5
2025-01-11T0000,2265A,127.5291,50.2472,黑河市,大黑河岛,,,10,14,3,11,7,,6,6,6,9,2,2,,
2025-01-11T0000,1074A,115.6838,37.7541,衡水市,电机北厂,颗粒物(PM10),65,79,55,42,33,1,,54,22,66,42,14,11,0.8,0.6
2025-01-11T0000,1075A,115.6303,37.7316,衡水市,市监测站,细颗粒物(PM2.5),69,69,55,50,33,8,,52,26,65,47,22,17,0.8,0.6
2025-01-11T0000,3188A,115.6683,37.7217,衡水市,市城管局,细颗粒物(PM2.5),73,61,59,53,37,25,,50,23,46,51,21,13,0.7,0.7
2025-01-11T0000,3459A,115.5989,37.5491,衡水市,地表水厂,细颗粒物(PM2.5),55,51,61,39,46,13,,51,23,75,53,39,19,0.7,0.8
2025-01-11T0000,2456A,112.5003,26.9167,衡阳市,原169医院,,49,39,45,34,35,28,,57,47,54,28,10,27,0.4,0.5
2025-01-11T0000,2457A,112.6194,26.9258,衡阳市,衡阳化工总厂,"颗粒物(PM10),细颗粒物(PM2.5)",60,69,64,43,44,56,,70,58,20,27,10,9,0.7,0.8
2025-01-11T0000,2458A,112.6211,26.8956,衡阳市,珠晖区环保局,细颗粒物(PM2.5),57,57,55,40,43,45,,68,53,35,31,10,12,0.6,0.7
2025-01-11T0000,2459A,112.6197,26.8733,衡阳市,市委党校,颗粒物(PM10),53,56,55,35,41,66,,79,68,21,26,10,12,0.6,0.8
2025-01-11T0000,2460A,112.6006,26.8919,衡阳市,市监测站,细颗粒物(PM2.5),68,67,70,49,52,61,,76,68,20,22,10,10,0.6,0.7
2025-01-11T0000,2461A,112.5664,26.9056,衡阳市,真空机电公司,颗粒物(PM10),57,64,69,38,43,52,,76,69,30,25,8,7,0.7,0.7
2025-01-11T0000,3399A,112.6703,26.882,衡阳市,师范学院,细颗粒物(PM2.5),73,69,61,53,49,59,,81,65,24,26,10,12,0.6,0.7
2025-01-11T0000,2608A,103.3772,23.3993,红河哈尼族彝族自治州,污水处理厂,,35,32,38,24,37,42,,38,36,11,13,5,6,0.6,0.6
2025-01-11T0000,2609A,103.3861,23.35,红河哈尼族彝族自治州,监测站,,40,31,40,28,36,34,,34,34,15,14,11,8,0.6,0.6
2025-01-11T0000,3038A,103.3758,23.368,红河哈尼族彝族自治州,州图书馆,,19,,24,13,28,43,,37,37,10,14,7,8,0.6,0.6
2025-01-11T0000,1090A,111.6507,40.7517,呼和浩特市,呼市一监,细颗粒物(PM2.5),75,90,55,55,32,8,,52,20,54,39,13,12,0.8,0.8
2025-01-11T0000,1091A,111.6572,40.8033,呼和浩特市,小召,细颗粒物(PM2.5),74,92,54,54,26,18,,49,30,55,49,10,10,0.9,0.9
2025-01-11T0000,1094A,111.7516,40.8369,呼和浩特市,如意水处理厂,颗粒物(PM10),59,68,49,36,27,4,,46,25,46,37,11,11,0.7,0.6
2025-01-11T0000,1095A,111.7276,40.8062,呼和浩特市,二十九中,"颗粒物(PM10),细颗粒物(PM2.5)",64,77,47,46,25,12,,44,26,46,37,9,9,0.8,0.7
2025-01-11T0000,1096A,111.5512,40.7866,呼和浩特市,工大金川校区,颗粒物(PM10),52,54,50,32,23,5,,44,18,62,49,8,10,0.7,0.7
2025-01-11T0000,1097A,111.717,40.7612,呼和浩特市,化肥厂生活区,颗粒物(PM10),69,88,50,47,27,8,,48,22,55,40,9,8,1.0,0.9
2025-01-11T0000,3698A,111.5968,40.8178,呼和浩特市,红旗小学,,39,39,46,22,23,10,,42,19,53,49,5,8,0.5,0.7
2025-01-11T0000,3699A,111.6518,40.8389,呼和浩特市,海东办,颗粒物(PM10),59,68,46,35,23,5,,46,21,64,48,6,5,0.9,0.8
2025-01-11T0000,2192A,119.7594,49.2261,呼伦贝尔市,区环保局,,26,23,27,18,22,51,,53,38,15,23,6,6,0.4,0.5
2025-01-11T0000,3061A,119.7512,49.1577,呼伦贝尔市,国华电力东,,28,27,33,19,20,57,,65,56,10,8,6,4,0.4,0.3
2025-01-11T0000,1250A,120.0751,30.8669,湖州市,城西水厂,颗粒物(PM10),70,90,66,48,33,9,,68,36,72,45,10,10,0.6,0.6
2025-01-11T0000,2873A,120.0875,30.8955,湖州市,仁皇山新区,颗粒物(PM10),59,67,50,41,28,9,,69,37,78,46,9,9,0.6,0.5
2025-01-11T0000,2907A,120.1844,30.8596,湖州市,吴兴区站,颗粒物(PM10),60,70,51,39,26,4,,67,35,78,39,7,8,0.7,0.6
2025-01-11T0000,3562A,120.4148,30.8538,湖州市,南浔区站,"颗粒物(PM10),细颗粒物(PM2.5)",60,69,53,43,27,10,,68,46,69,32,9,10,0.6,0.4
2025-01-11T0000,1607A,120.9092,40.7136,葫芦岛市,龙港区,,38,26,54,26,32,30,,78,53,48,35,21,28,0.4,0.5
2025-01-11T0000,1608A,120.8392,40.7514,葫芦岛市,化工街,细颗粒物(PM2.5),100,127,73,75,37,8,,60,22,56,42,35,41,1.8,0.9
2025-01-11T0000,1609A,120.8341,40.7073,葫芦岛市,新区,细颗粒物(PM2.5),69,82,54,50,27,6,,64,23,72,52,10,14,1.2,0.8
2025-01-11T0000,1610A,120.8695,40.7677,葫芦岛市,东城区,细颗粒物(PM2.5),79,80,66,58,40,8,,59,18,50,44,97,37,0.6,0.6
2025-01-11T0000,2482A,109.5981,27.5721,怀化市,林科所,,48,38,36,33,34,76,,85,83,12,14,23,13,0.9,0.9
2025-01-11T0000,2483A,109.9453,27.5444,怀化市,河西地税局,细颗粒物(PM2.5),69,65,68,50,51,70,,74,66,12,13,14,8,0.9,0.9
2025-01-11T0000,2484A,109.9781,27.5342,怀化市,市四医院,细颗粒物(PM2.5),103,85,77,77,56,48,,44,44,26,16,28,7,0.8,0.9
2025-01-11T0000,2485A,109.9972,27.5578,怀化市,监测楼,细颗粒物(PM2.5),85,86,66,63,48,36,,75,66,24,19,4,4,0.8,0.6
2025-01-11T0000,2486A,110.0394,27.583,怀化市,市委党校,细颗粒物(PM2.5),79,76,66,58,51,54,,71,64,27,19,22,6,0.7,0.7
2025-01-11T0000,1210A,119.036,33.5981,淮安市,钵池山,颗粒物(PM10),59,68,57,41,28,28,,68,41,48,35,7,8,0.8,0.8
2025-01-11T0000,1211A,119.007,33.575,淮安市,北京南路,颗粒物(PM10),71,92,61,44,26,0,,57,16,74,43,8,10,0.8,0.7
2025-01-11T0000,1212A,118.989,33.6067,淮安市,市监测站,细颗粒物(PM2.5),89,75,55,66,37,5,,61,24,71,45,8,8,0.7,0.7
2025-01-11T0000,1213A,119.135,33.5039,淮安市,楚州区监测站,颗粒物(PM10),73,95,68,46,26,7,,57,25,64,41,7,9,0.6,0.7
2025-01-11T0000,1214A,119.0186,33.6297,淮安市,淮阴区监测站,颗粒物(PM10),70,90,64,46,28,12,,63,29,64,45,7,8,0.9,0.9
2025-01-11T0000,3426A,118.8755,33.2894,淮安市,新华书店,细颗粒物(PM2.5),83,73,60,61,33,27,,63,38,50,40,8,9,0.7,0.6
2025-01-11T0000,2282A,116.8004,33.975,淮北市,监测站,颗粒物(PM10),55,60,64,38,36,30,,58,30,39,38,7,8,0.4,0.4
2025-01-11T0000,2283A,116.8091,33.9007,淮北市,烈山区政府,颗粒物(PM10),83,115,80,59,41,7,,59,28,78,46,7,6,0.7,0.6
2025-01-11T0000,3330A,116.8873,33.9836,淮北市,杜集区检察院,细颗粒物(PM2.5),65,73,77,47,41,27,,62,36,36,35,4,3,0.6,0.4
2025-01-11T0000,4017A,116.7923,33.9535,淮北市,市博物馆,细颗粒物(PM2.5),72,69,68,52,41,17,,60,30,62,45,7,8,0.7,0.6
2025-01-11T0000,2277A,116.8305,32.7727,淮南市,潘集区政府,细颗粒物(PM2.5),97,96,75,72,54,25,,67,35,55,42,10,11,0.6,0.5
2025-01-11T0000,2278A,117.0067,32.6524,淮南市,师范学院,,,,,,,,,,,,,,,,
2025-01-11T0000,2279A,116.8569,32.5951,淮南市,谢家集区政府,细颗粒物(PM2.5),59,62,59,42,26,38,,62,54,35,28,7,8,0.5,0.6
2025-01-11T0000,2280A,116.8281,32.633,淮南市,八公山区政府,细颗粒物(PM2.5),58,59,51,41,31,59,,69,63,17,24,6,6,0.4,0.4
2025-01-11T0000,2281A,116.6325,32.6201,淮南市,焦岗湖风景区管理处,细颗粒物(PM2.5),57,52,48,40,30,5,,52,26,42,22,5,2,0.5,0.3
2025-01-11T0000,2894A,117.0566,32.6531,淮南市,经济技术开发区消防队,颗粒物(PM10),74,98,79,46,43,12,,67,30,59,30,8,9,0.6,0.5
2025-01-11T0000,3329A,117.0108,32.5893,淮南市,山南新区,颗粒物(PM10),80,110,69,54,36,11,,67,33,67,32,9,9,0.7,0.5
2025-01-11T0000,2446A,114.9028,30.4742,黄冈市,职工中心,细颗粒物(PM2.5),65,73,48,47,29,21,,74,47,58,30,9,8,0.8,0.5
2025-01-11T0000,2929A,114.8858,30.4519,黄冈市,红卫路,"颗粒物(PM10),细颗粒物(PM2.5)",63,75,46,45,28,22,,71,46,66,29,8,7,0.9,0.7
2025-01-11T0000,3398A,114.9136,30.4445,黄冈市,市林业局,细颗粒物(PM2.5),70,72,43,51,30,16,,72,44,64,21,11,10,0.8,0.7
2025-01-11T0000,2672A,102.0199,35.5102,黄南藏族自治州,同仁县隆务镇,颗粒物(PM10),79,107,89,3,41,100,,99,99,1,7,6,9,0.3,0.6
2025-01-11T0000,2295A,118.2903,29.6963,黄山市,延安路89号,,32,32,30,17,19,29,,77,50,22,16,4,5,0.2,0.3
2025-01-11T0000,2296A,118.327,29.7178,黄山市,黄山东路89号,,36,36,40,14,18,31,,73,44,19,19,6,7,0.3,0.3
2025-01-11T0000,2297A,118.1371,30.2756,黄山市,黄山区政府5号楼,,46,32,34,32,24,39,,73,48,9,10,7,8,0.4,0.4
2025-01-11T0000,2423A,115.0601,30.2313,黄石市,沈家营,细颗粒物(PM2.5),62,66,53,44,30,27,,66,54,50,30,12,13,0.6,0.6
2025-01-11T0000,2426A,114.8988,30.2019,黄石市,铁山,"颗粒物(PM10),细颗粒物(PM2.5)",74,98,54,54,37,7,,72,40,61,30,9,13,0.6,0.7
2025-01-11T0000,2427A,115.0307,30.2092,黄石市,团城山,细颗粒物(PM2.5),58,59,52,41,29,27,,66,56,49,27,7,8,0.8,0.7
2025-01-11T0000,3149A,115.0235,30.1578,黄石市,笔架山北路,细颗粒物(PM2.5),79,66,46,58,32,25,,71,56,61,26,19,12,1.2,0.8
2025-01-11T0000,4185A,115.0780,30.21118,黄石市,磁湖东路29号,细颗粒物(PM2.5),68,56,56,49,35,45,,68,56,33,27,13,16,0.8,0.8
2025-01-11T0000,1392A,114.4183,23.0528,惠州市,河南岸金山湖子站,,48,48,44,25,21,79,,92,84,16,12,10,8,0.6,0.6
2025-01-11T0000,1393A,114.4053,23.0822,惠州市,下埔横江三路子站,颗粒物(PM10),51,51,43,26,21,81,,96,89,17,14,9,8,0.5,0.6
2025-01-11T0000,1394A,114.4103,23.1142,惠州市,江北云山西路子站,,50,50,47,16,23,86,,97,91,16,16,10,9,0.6,0.6
2025-01-11T0000,1395A,114.4645,22.7833,惠州市,惠阳区承修路船湖子站,颗粒物(PM10),53,55,54,24,22,69,,86,74,14,13,9,9,0.4,0.4
2025-01-11T0000,1396A,114.5317,22.7422,惠州市,大亚湾管委会子站,,35,35,42,17,20,84,,90,84,15,20,12,12,0.4,0.4
2025-01-11T0000,3314A,114.4338,22.8134,惠州市,惠阳秋长,,44,44,50,22,22,82,,92,82,13,14,12,6,0.5,0.5
2025-01-11T0000,3452A,114.6517,22.775,惠州市,大亚湾霞涌,,35,35,51,19,26,75,,88,79,13,13,9,9,0.7,0.7
2025-01-11T0000,2240A,130.9762,45.3001,鸡西市,环保局,,33,28,26,23,23,54,,59,52,8,9,6,6,0.3,0.3
2025-01-11T0000,2243A,130.9429,45.3039,鸡西市,第一中学,,32,28,25,22,21,63,,72,64,8,6,6,6,0.2,0.2
2025-01-11T0000,3707A,131.0207,45.3073,鸡西市,欧美日汽修厂,,46,32,36,32,32,45,,68,52,32,16,9,34,0.3,0.7
2025-01-11T0000,3709A,130.9967,45.3106,鸡西市,市政设施管理处,,33,31,26,23,21,46,,66,49,27,17,6,5,0.3,0.3
2025-01-11T0000,2367A,114.9754,27.0803,吉安市,红声器材厂,颗粒物(PM10),51,52,45,28,22,32,,73,60,38,23,11,12,0.6,0.5
2025-01-11T0000,2368A,114.9658,27.0999,吉安市,市森林工业局,颗粒物(PM10),52,53,42,30,21,43,,75,64,35,26,17,15,0.7,0.6
2025-01-11T0000,2369A,114.99,27.1312,吉安市,市环境监测站,,47,47,37,25,24,39,,78,63,27,18,15,16,0.5,0.5
2025-01-11T0000,2370A,115.0093,27.0968,吉安市,青原区法院,颗粒物(PM10),52,53,48,24,23,38,,76,62,41,33,7,10,0.5,0.4
2025-01-11T0000,1772A,126.54,43.8622,吉林市,哈达湾,细颗粒物(PM2.5),108,86,48,81,41,20,,62,45,55,26,11,10,1.3,0.7
2025-01-11T0000,1773A,126.5844,43.8358,吉林市,东局子,细颗粒物(PM2.5),75,68,52,55,40,18,,61,28,48,30,8,8,1.1,0.8
2025-01-11T0000,1774A,126.5052,43.8245,吉林市,电力学院,细颗粒物(PM2.5),114,94,69,86,72,6,,59,15,51,34,13,13,1.6,1.3
2025-01-11T0000,1775A,126.6133,43.8972,吉林市,江北,细颗粒物(PM2.5),107,100,61,80,54,16,,54,24,56,36,9,16,1.3,0.9
2025-01-11T0000,1776A,126.555,43.8306,吉林市,江南公园,细颗粒物(PM2.5),102,89,59,76,51,12,,60,28,53,33,10,12,1.3,1.1
2025-01-11T0000,1778A,126.7061,43.7133,吉林市,丰满,,,,31,,31,,,55,,,10,,6,,0.6
2025-01-11T0000,2868A,126.4739,43.953,吉林市,九站,细颗粒物(PM2.5),99,86,56,74,46,35,,61,34,44,34,9,6,0.9,0.8
2025-01-11T0000,1299A,116.9862,36.6114,济南市,科干所,颗粒物(PM10),81,112,51,54,22,9,,68,32,67,41,33,18,1.4,0.9
2025-01-11T0000,1300A,116.9376,36.665,济南市,农科所,颗粒物(PM10),84,117,62,51,21,9,,58,19,73,46,27,14,1.1,0.7
2025-01-11T0000,1301A,117.1265,36.6734,济南市,开发区,细颗粒物(PM2.5),68,76,40,49,23,33,,64,34,46,33,10,8,0.8,0.6
2025-01-11T0000,1303A,117.0624,36.6868,济南市,省种子仓库,颗粒物(PM10),73,95,54,51,21,7,,64,25,72,38,12,9,1.0,0.7
2025-01-11T0000,1304A,116.9489,36.6447,济南市,机床二厂,颗粒物(PM10),83,115,69,54,25,9,,58,16,70,45,50,30,1.3,1
2025-01-11T0000,1305A,117.0495,36.663,济南市,市监测站,颗粒物(PM10),67,83,45,44,18,9,,68,27,74,43,8,7,1.0,0.7
2025-01-11T0000,1306A,116.7675,36.5484,济南市,长清党校,颗粒物(PM10),67,83,51,46,25,9,,68,32,73,47,11,8,0.8,0.6
2025-01-11T0000,1616A,117.6795,36.229,济南市,技术学院,细颗粒物(PM2.5),85,92,60,63,36,5,,49,23,65,49,16,17,1.4,1.4
2025-01-11T0000,1961A,117.532,36.6868,济南市,东山小学,颗粒物(PM10),58,66,46,39,17,25,,55,25,50,40,10,8,0.8,0.7
2025-01-11T0000,3059A,117.7161,36.2049,济南市,泰兴公司,细颗粒物(PM2.5),92,112,73,68,42,9,,52,20,69,50,19,15,1.1,0.8
2025-01-11T0000,3064A,117.6867,36.2171,济南市,莱芜战役纪念馆,细颗粒物(PM2.5),92,114,73,68,38,11,,54,26,74,54,17,14,1.2,1.1
2025-01-11T0000,3494A,117.1673,36.9782,济南市,济阳区政府,颗粒物(PM10),80,110,64,56,24,10,,52,24,63,39,19,14,0.8,0.5
2025-01-11T0000,3495A,117.1171,36.63,济南市,锦屏中学,细颗粒物(PM2.5),62,66,33,44,19,33,,69,36,44,29,10,8,0.6,0.4
2025-01-11T0000,3682A,116.9814,36.6819,济南市,济南四建,"颗粒物(PM10),细颗粒物(PM2.5)",80,110,53,59,25,5,,57,18,79,50,37,17,1.0,0.5
2025-01-11T0000,1653A,116.6251,35.4302,济宁市,火炬城,细颗粒物(PM2.5),64,65,50,46,20,21,,59,39,53,36,12,8,0.8,0.6
2025-01-11T0000,1655A,116.5491,35.4042,济宁市,电化厂,颗粒物(PM10),67,84,63,46,30,19,,63,41,60,39,16,11,0.8,0.6
2025-01-11T0000,3500A,116.5814,35.3707,济宁市,北湖一中,细颗粒物(PM2.5),64,62,43,46,19,41,,62,52,43,38,7,5,0.5,0.4
2025-01-11T0000,3501A,116.8249,35.5593,济宁市,服务中心,颗粒物(PM10),75,100,70,54,31,20,,57,34,62,49,19,15,0.9,0.8
2025-01-11T0000,3678A,116.5907,35.4054,济宁市,市第七中学,"颗粒物(PM10),细颗粒物(PM2.5)",67,83,54,48,26,22,,63,34,59,40,6,4,1.0,0.8
2025-01-11T0000,2255A,130.2751,46.8028,佳木斯市,佳纺,细颗粒物(PM2.5),75,,47,55,44,48,,65,41,22,19,6,6,0.8,0.7
2025-01-11T0000,2256A,130.3995,46.8307,佳木斯市,发电厂,细颗粒物(PM2.5),70,,34,51,34,23,,62,34,51,23,6,6,0.8,0.7
2025-01-11T0000,2257A,130.3258,46.7975,佳木斯市,环保局,细颗粒物(PM2.5),64,47,41,46,33,43,,56,34,28,26,10,10,0.9,0.7
2025-01-11T0000,2258A,130.3648,46.8032,佳木斯市,十一中,细颗粒物(PM2.5),67,48,36,48,35,52,,59,42,23,25,5,6,0.6,0.6
2025-01-11T0000,2259A,130.3794,46.7588,佳木斯市,四丰,颗粒物(PM10),57,64,52,26,36,58,,65,60,10,12,1,1,0.7,0.8
2025-01-11T0000,1252A,120.7436,30.778,嘉兴市,清河小学,细颗粒物(PM2.5),60,65,45,43,22,16,,59,31,63,36,12,12,1.0,1
2025-01-11T0000,1253A,120.726,30.7478,嘉兴市,嘉兴学院,颗粒物(PM10),65,79,46,44,24,20,,65,35,58,30,9,9,0.6,0.7
2025-01-11T0000,2872A,120.7846,30.7525,嘉兴市,南湖区残联,细颗粒物(PM2.5),74,72,48,54,30,28,,64,42,50,28,10,10,0.8,0.8
2025-01-11T0000,3407A,120.6916,30.7739,嘉兴市,秀洲住建,颗粒物(PM10),68,86,60,40,15,2,,66,30,75,35,7,8,0.7,0.7
2025-01-11T0000,1945A,98.2908,39.7711,嘉峪关市,气象局,颗粒物(PM10),82,114,124,22,14,77,,89,88,11,8,15,7,0.1,0
2025-01-11T0000,2884A,98.2672,39.7978,嘉峪关市,酒钢宾馆,颗粒物(PM10),100,149,132,22,15,80,,90,89,10,9,13,16,0.7,0.6
2025-01-11T0000,3248A,98.2643,39.7724,嘉峪关市,雄关区,颗粒物(PM10),74,97,102,16,15,84,,90,90,11,13,8,7,0.5,0.5
2025-01-11T0000,1383A,113.1064,22.6058,江门市,北街,,38,38,50,22,22,62,,87,71,37,31,6,6,0.6,0.6
2025-01-11T0000,1384A,113.0731,22.5835,江门市,西区,颗粒物(PM10),52,54,63,23,24,61,,84,72,30,24,9,9,0.5,0.5
2025-01-11T0000,1385A,113.0219,22.5311,江门市,圭峰西,,35,35,48,21,24,61,,90,78,35,29,7,7,0.6,0.6
2025-01-11T0000,1386A,113.0828,22.5947,江门市,东湖,,44,44,50,27,30,63,,87,74,30,25,8,8,0.5,0.5
2025-01-11T0000,3311A,113.1075,22.5647,江门市,江海富民,颗粒物(PM10),53,55,65,21,25,62,,87,71,35,32,8,9,0.5,0.5
2025-01-11T0000,3449A,113.05,22.4667,江门市,新会银湖,,38,38,49,24,25,56,,84,63,40,33,8,8,0.4,0.4
2025-01-11T0000,1828A,113.227,35.2125,焦作市,市环保局,颗粒物(PM10),55,59,83,19,46,40,,48,34,27,31,5,10,0.7,1
2025-01-11T0000,1830A,113.1992,35.2590,焦作市,影视城,,,,70,,40,,,51,49,,26,,14,,1.2
2025-01-11T0000,3169A,113.2725,35.2067,焦作市,太极体育中心,颗粒物(PM10),71,91,95,28,32,27,,48,29,49,43,10,14,0.6,0.7
2025-01-11T0000,3335A,113.3137,35.2641,焦作市,马村街道办,"颗粒物(PM10),细颗粒物(PM2.5)",60,70,86,43,49,33,,45,27,31,32,10,12,0.9,1
2025-01-11T0000,3336A,113.2465,35.2373,焦作市,焦作技师学院,颗粒物(PM10),64,77,83,41,45,30,,49,32,50,42,10,12,0.5,0.5
2025-01-11T0000,3477A,113.1656,35.2539,焦作市,中站许衡医院,,43,43,71,26,42,55,,45,36,13,30,15,13,0.4,0.8
2025-01-11T0000,3981A,113.2449,35.1803,焦作市,原李万街道办,颗粒物(PM10),61,71,88,14,45,44,,48,34,18,33,6,10,0.6,0.9
2025-01-11T0000,1708A,116.3701,23.5345,揭阳市,新兴,颗粒物(PM10),55,59,60,34,36,72,,104,97,27,21,7,8,0.5,0.6
2025-01-11T0000,1709A,116.3264,23.5443,揭阳市,西马,颗粒物(PM10),54,58,62,32,30,82,,106,102,21,18,8,9,0.5,0.5
2025-01-11T0000,1710A,116.3611,23.5626,揭阳市,东兴,颗粒物(PM10),56,62,65,31,31,71,,105,99,29,22,13,11,0.6,0.7
2025-01-11T0000,1711A,116.4151,23.5294,揭阳市,渔湖,,45,45,63,30,33,68,,113,104,31,22,16,14,0.7,0.7
2025-01-11T0000,3320A,116.403,23.5699,揭阳市,曲溪,颗粒物(PM10),57,64,65,36,38,68,,115,107,42,31,4,3,0.7,0.7
2025-01-11T0000,1944A,102.1692,38.5167,金昌市,天庆家园,颗粒物(PM10),74,97,79,25,27,80,,86,84,5,14,12,34,0.6,0.8
2025-01-11T0000,3170A,102.1864,38.5253,金昌市,市委党校,颗粒物(PM10),93,136,93,46,31,83,,81,81,6,16,5,67,0.5,0.7
2025-01-11T0000,4022A,102.1647,38.5371,金昌市,金川区人防中心,颗粒物(PM10),93,136,97,29,28,86,,90,89,6,14,10,16,0.5,0.6
2025-01-11T0000,1262A,119.647,29.077,金华市,十五中,颗粒物(PM10),67,84,50,45,21,4,,62,24,70,42,4,4,0.6,0.6
2025-01-11T0000,1263A,119.686,29.1029,金华市,监测站,颗粒物(PM10),63,75,52,41,26,2,,60,20,78,48,6,6,0.7,0.5
2025-01-11T0000,3659A,119.656,29.1131,金华市,气象局,颗粒物(PM10),66,81,53,46,24,6,,51,18,70,46,5,4,0.6,0.5
2025-01-11T0000,1767A,121.1115,41.0879,锦州市,南山,细颗粒物(PM2.5),152,,64,116,54,16,,68,32,64,40,75,21,2.1,1
2025-01-11T0000,1768A,121.0533,40.8434,锦州市,开发区,颗粒物(PM10),79,108,77,42,32,7,,67,23,92,49,30,46,0.8,0.9
2025-01-11T0000,1769A,121.1836,41.1119,锦州市,百股街道,细颗粒物(PM2.5),107,113,70,80,49,8,,65,21,58,36,18,17,1.6,1
2025-01-11T0000,1770A,121.1178,41.1222,锦州市,天安街道,细颗粒物(PM2.5),160,155,54,122,32,12,,67,26,62,30,39,21,2.6,1
2025-01-11T0000,1771A,121.1303,41.1386,锦州市,北湖公园,细颗粒物(PM2.5),113,138,46,85,31,8,,68,23,52,21,26,19,2.1,0.9
2025-01-11T0000,2160A,112.85,35.5051,晋城市,自来水公司,,49,49,63,12,36,54,,65,58,22,34,9,12,0.4,0.9
2025-01-11T0000,2161A,112.8318,35.4936,晋城市,白云商贸,,48,48,72,7,31,57,,66,59,20,33,8,12,0.4,1
2025-01-11T0000,2162A,112.8508,35.4887,晋城市,市环保局,,41,41,69,19,35,55,,65,59,22,34,8,12,0.5,0.9
2025-01-11T0000,2163A,112.8676,35.4897,晋城市,技术学院,,45,45,65,12,33,58,,70,62,23,35,7,13,0.5,0.9
2025-01-11T0000,2165A,112.8453,35.546,晋城市,白马寺,,38,38,57,14,35,41,,47,44,11,18,13,19,0.4,0.8
2025-01-11T0000,3620A,112.8271,35.4828,晋城市,泽州一中,,30,30,64,7,33,58,,66,60,20,33,6,13,0.4,1
2025-01-11T0000,2171A,112.7532,37.6945,晋中市,锦纶小区,颗粒物(PM10),64,78,63,34,26,9,,44,34,62,33,22,15,0.5,0.5
2025-01-11T0000,2173A,112.7249,37.7067,晋中市,南都小区,颗粒物(PM10),54,57,59,28,28,31,,46,38,41,36,16,17,0.7,0.6
2025-01-11T0000,2174A,112.6991,37.6982,晋中市,榆次区政府,颗粒物(PM10),58,66,62,24,29,19,,43,34,48,34,18,15,0.7,0.7
2025-01-11T0000,2865A,112.7195,37.6828,晋中市,榆次三中,颗粒物(PM10),65,80,65,31,27,15,,43,36,53,35,32,18,0.8,0.7
2025-01-11T0000,2439A,112.2014,31.0481,荆门市,竹园小学,细颗粒物(PM2.5),110,116,95,83,53,8,,73,43,66,36,12,13,0.9,0.7
2025-01-11T0000,2440A,112.1969,30.9891,荆门市,掇刀,细颗粒物(PM2.5),93,112,90,69,49,40,,75,47,48,36,10,12,0.7,0.7
2025-01-11T0000,2441A,112.2213,31.0386,荆门市,石化一小,细颗粒物(PM2.5),119,139,104,90,58,7,,74,39,84,43,12,10,0.8,0.6
2025-01-11T0000,3012A,112.1849,31.0362,荆门市,西山林语,细颗粒物(PM2.5),85,79,73,63,47,57,,78,68,20,23,8,10,0.5,0.6
2025-01-11T0000,3547A,112.1632,31.0138,荆门市,龙泉中学南校,细颗粒物(PM2.5),98,98,82,73,54,47,,74,58,26,21,14,13,0.7,0.8
2025-01-11T0000,1844A,112.2494,30.3197,荆州市,市图书馆,细颗粒物(PM2.5),74,73,72,54,55,7,,76,51,84,37,6,8,0.9,0.7
2025-01-11T0000,1845A,112.2008,30.3544,荆州市,市委党校,细颗粒物(PM2.5),74,79,77,54,55,6,,66,42,74,41,6,8,0.8,0.6
2025-01-11T0000,3194A,112.2747,30.3122,荆州市,管委会,细颗粒物(PM2.5),89,112,81,66,60,6,,76,42,63,31,6,7,0.9,0.8
2025-01-11T0000,3548A,112.1655,30.3364,荆州市,学苑路,细颗粒物(PM2.5),87,80,74,64,58,31,,74,59,78,52,10,12,0.9,0.8
2025-01-11T0000,2342A,117.3102,29.3867,景德镇市,王港中学,,,,,,,,,,,,,,,,
2025-01-11T0000,2343A,117.2117,29.2933,景德镇市,老干部活动中心,颗粒物(PM10),54,57,30,30,22,16,,63,34,40,21,10,7,0.9,0.8
2025-01-11T0000,2344A,117.1894,29.2789,景德镇市,兽医站,颗粒物(PM10),63,76,45,32,16,21,,73,39,45,21,15,7,0.8,0.5
2025-01-11T0000,2345A,117.1547,29.2617,景德镇市,台达陶瓷,颗粒物(PM10),64,78,45,45,22,18,,70,35,96,32,181,42,0.6,0.5
2025-01-11T0000,2346A,117.2461,29.2956,景德镇市,陶研所,,43,43,31,11,15,8,,72,34,37,19,4,5,0.6,0.5
2025-01-11T0000,1803A,115.9872,29.6815,九江市,十里,细颗粒物(PM2.5),64,57,38,46,29,5,,72,34,52,26,7,8,0.7,0.5
2025-01-11T0000,1804A,115.9584,29.7046,九江市,茅山头,细颗粒物(PM2.5),64,69,39,46,27,7,,74,48,77,27,8,9,0.7,0.6
2025-01-11T0000,1805A,115.9877,29.7295,九江市,西园,,49,45,35,34,26,30,,62,44,51,28,7,7,0.4,0.5
2025-01-11T0000,1806A,116.0172,29.6547,九江市,五七二七厂,,40,40,41,24,23,49,,64,55,23,22,7,7,0.6,0.5
2025-01-11T0000,1808A,115.9114,29.6038,九江市,综合工业园,细颗粒物(PM2.5),55,44,38,39,29,32,,68,41,45,32,8,9,0.3,0.4
2025-01-11T0000,1809A,116.0721,29.7535,九江市,石化总厂,细颗粒物(PM2.5),59,52,44,42,33,25,,70,50,43,17,10,11,1.3,0.6
2025-01-11T0000,1810A,115.9773,29.5698,九江市,庐山气象台,,35,35,23,20,16,74,,75,74,8,8,8,9,0.8,0.8
2025-01-11T0000,3190A,116.0254,29.6994,九江市,外国语学校,细颗粒物(PM2.5),59,54,44,42,26,14,,62,33,50,26,8,8,0.6,0.5
2025-01-11T0000,2658A,98.5061,39.7443,酒泉市,仓门街子站,颗粒物(PM10),75,100,217,24,25,78,,90,88,7,7,30,8,0.4,0.3
2025-01-11T0000,2659A,98.4989,39.7256,酒泉市,油田生活基地,颗粒物(PM10),89,127,170,23,19,66,,84,80,12,8,226,19,0.4,0.3
2025-01-11T0000,2698A,76.0072,39.4467,喀什地区,巡警大队,细颗粒物(PM2.5),203,237,126,153,59,15,,76,62,113,54,15,5,5.2,1.9
2025-01-11T0000,2699A,75.9755,39.4694,喀什地区,吾办,细颗粒物(PM2.5),163,214,126,124,79,11,,68,54,108,54,2,3,3.4,1.9
2025-01-11T0000,4027A,75.9483,39.4689,喀什地区,老干局,细颗粒物(PM2.5),185,240,140,139,71,8,,71,51,105,53,8,5,5.5,2.4
2025-01-11T0000,1824A,114.3389,34.7781,开封市,肿瘤医院,细颗粒物(PM2.5),163,161,105,124,69,6,,52,19,70,52,8,6,0.8,0.6
2025-01-11T0000,1826A,114.2885,34.7965,开封市,世纪星幼儿园,细颗粒物(PM2.5),149,129,101,114,73,6,,48,23,75,52,6,5,0.7,0.6
2025-01-11T0000,3147A,114.3438,34.8106,开封市,龙亭公园,细颗粒物(PM2.5),168,154,94,127,64,10,,54,23,76,57,4,5,1.3,1
2025-01-11T0000,3210A,114.3644,34.7964,开封市,汴京公园,细颗粒物(PM2.5),178,177,113,134,73,4,,55,18,80,61,7,7,1.0,0.7
2025-01-11T0000,3473A,114.2485,34.8306,开封市,技师学院,细颗粒物(PM2.5),92,105,83,68,43,23,,51,36,57,48,4,5,0.6,0.6
2025-01-11T0000,3592A,114.4644,34.7556,开封市,祥符区生态环境局,细颗粒物(PM2.5),163,163,113,124,73,11,,56,18,67,55,6,6,0.8,0.5
2025-01-11T0000,1951A,84.895,45.6094,克拉玛依市,长征新村,,50,50,77,28,50,62,,60,60,17,28,5,5,0.8,0.9
2025-01-11T0000,1952A,84.8988,45.5893,克拉玛依市,南林小区,细颗粒物(PM2.5),58,55,74,41,54,56,,63,62,18,19,5,6,1.1,1.1
2025-01-11T0000,1954A,84.905,44.3396,克拉玛依市,独山子区,细颗粒物(PM2.5),77,67,39,56,34,25,,72,42,58,30,4,5,0.7,0.4
2025-01-11T0000,1955A,85.6979,46.098,克拉玛依市,乌尔禾区商贸楼,,26,26,38,15,34,63,,68,64,24,30,3,4,0.8,0.9
2025-01-11T0000,3612A,85.1045,45.6899,克拉玛依市,白碱滩区新站,细颗粒物(PM2.5),64,72,69,46,47,28,,66,57,42,22,4,4,1.3,1.3
2025-01-11T0000,2697A,76.1454,39.7142,克孜勒苏柯尔克孜自治州,市人民政府,细颗粒物(PM2.5),79,87,65,58,39,52,,82,71,26,16,4,4,0.9,0.7
2025-01-11T0000,3665A,76.1658,39.7157,克孜勒苏柯尔克孜自治州,克州文化中心,细颗粒物(PM2.5),77,86,61,56,38,42,,82,65,47,19,7,7,0.8,0.5
2025-01-11T0000,1450A,102.8204,24.8886,昆明市,呈贡新区,,26,19,19,18,14,22,,34,21,12,14,5,4,0.7,0.7
2025-01-11T0000,1451A,102.6251,24.9608,昆明市,西山森林公园,,,,,,,,,,,,,,,,
2025-01-11T0000,1452A,102.7252,25.0902,昆明市,龙泉镇,,29,24,25,20,18,12,,26,14,23,23,5,6,0.8,0.9
2025-01-11T0000,1453A,102.7266,25.0375,昆明市,东风东路,,40,38,27,28,22,5,,19,6,26,25,4,5,0.8,0.8
2025-01-11T0000,1454A,102.6742,25.0669,昆明市,金鼎山,,,5,28,,21,8,,23,9,25,28,7,6,1.0,1
2025-01-11T0000,1455A,102.6644,25.0401,昆明市,碧鸡广场,,40,40,30,28,20,8,,18,7,31,31,4,4,1.0,0.9
2025-01-11T0000,3179A,102.7494,25.0119,昆明市,官渡区博物馆,,39,,28,27,22,6,,18,8,26,27,6,9,0.7,0.8
2025-01-11T0000,3375A,102.8017,24.8336,昆明市,青年创业园,,15,14,16,10,12,20,,30,20,13,14,4,4,0.8,0.8
2025-01-11T0000,3550A,102.7997,24.9786,昆明市,昆明学院,,29,29,26,17,13,10,,25,12,25,22,8,8,0.7,0.6
2025-01-11T0000,3551A,102.5967,24.6736,昆明市,晋宁区生态环境分局,颗粒物(PM10),64,78,44,36,26,35,,37,32,16,14,1,1,0.6,0.6
2025-01-11T0000,3552A,102.6678,24.9856,昆明市,云天化总部,,39,39,29,27,20,6,,24,10,32,26,5,5,0.8,0.8
2025-01-11T0000,1456A,91.1319,29.6514,拉萨市,八廓街,,26,26,23,14,13,66,,97,76,28,21,6,6,0.5,0.4
2025-01-11T0000,1457A,91.1221,29.6747,拉萨市,市环保局,,32,32,41,17,21,72,,97,75,32,32,6,6,0.9,1.1
2025-01-11T0000,1458A,91.0874,29.6475,拉萨市,区监测站,,26,25,20,14,12,81,,100,87,26,31,6,6,0.5,0.5
2025-01-11T0000,1459A,91.1774,29.6541,拉萨市,西藏大学,,29,15,20,8,9,92,,104,100,11,12,5,5,0.3,0.3
2025-01-11T0000,1460A,90.9798,29.6588,拉萨市,区辐射站,细颗粒物(PM2.5),88,79,40,65,20,38,,92,61,64,41,12,9,1.7,0.9
2025-01-11T0000,1461A,91.0834,29.6292,拉萨市,拉萨火车站,,37,9,20,3,13,116,,108,108,3,27,3,4,0.3,0.7
2025-01-11T0000,2520A,109.2203,23.7256,来宾市,来宾技工学校,细颗粒物(PM2.5),68,52,50,49,39,64,,91,79,15,16,6,6,0.6,0.6
2025-01-11T0000,3535A,109.1781,23.7297,来宾市,兴宾区政府,细颗粒物(PM2.5),54,56,42,38,29,53,,93,76,31,16,6,5,0.6,0.7
2025-01-11T0000,4002A,109.2416,23.7461,来宾市,中南小学,细颗粒物(PM2.5),64,,52,46,38,62,,92,76,11,14,5,5,0.6,0.7
2025-01-11T0000,1476A,103.631,36.1031,兰州市,兰炼宾馆,颗粒物(PM10),52,54,85,30,32,58,,68,63,28,28,13,15,0.4,0.5
2025-01-11T0000,1477A,104.1373,35.9454,兰州市,榆中兰大校区,,,,,,,,,,,,,,,,
2025-01-11T0000,1478A,103.8412,36.0726,兰州市,生物制品所,颗粒物(PM10),54,57,82,36,35,47,,68,59,40,35,12,13,0.5,0.5
2025-01-11T0000,1479A,103.831,36.0464,兰州市,铁路设计院,颗粒物(PM10),54,57,85,35,36,57,,60,52,37,43,7,9,0.6,0.7
2025-01-11T0000,3186A,103.7158,36.1058,兰州市,教育港,颗粒物(PM10),56,61,98,34,35,68,,66,57,23,29,14,16,0.5,0.5
2025-01-11T0000,3241A,103.7439,36.0842,兰州市,百合公园,,46,46,80,28,27,63,,66,58,26,29,9,11,0.5,0.6
2025-01-11T0000,3242A,103.9611,35.998,兰州市,和平,,50,50,80,24,31,69,,77,68,19,25,11,14,0.5,0.6
2025-01-11T0000,3245A,103.6633,36.533,兰州新区,新区管委会,颗粒物(PM10),54,57,81,30,37,62,,80,69,23,19,13,10,0.5,0.5
2025-01-11T0000,3246A,103.6975,36.4789,兰州新区,舟曲中学,颗粒物(PM10),58,65,101,28,32,63,,76,70,16,17,9,11,0.4,0.4
2025-01-11T0000,1067A,116.6708,39.5111,廊坊市,药材公司,颗粒物(PM10),51,52,29,27,14,4,,56,17,85,49,5,3,0.7,0.6
2025-01-11T0000,1068A,116.7214,39.5589,廊坊市,开发区,,45,44,23,31,11,8,,62,19,69,45,5,4,0.5,0.4
2025-01-11T0000,1070A,116.7244,39.5269,廊坊市,北华航天学院,颗粒物(PM10),52,54,29,33,13,10,,61,25,82,38,6,3,0.6,0.4
2025-01-11T0000,2919A,116.7022,39.5453,廊坊市,河北工业大学,颗粒物(PM10),53,55,31,32,16,8,,61,23,80,47,7,4,0.6,0.4
2025-01-11T0000,2535A,103.7723,29.5462,乐山市,花湖湾,细颗粒物(PM2.5),78,63,85,57,76,11,,41,24,39,21,5,5,0.6,0.5
2025-01-11T0000,2536A,103.7627,29.5844,乐山市,牛耳桥,细颗粒物(PM2.5),83,65,62,61,56,12,,35,20,38,27,5,5,0.6,0.6
2025-01-11T0000,2537A,103.7508,29.6006,乐山市,市第三水厂,细颗粒物(PM2.5),77,68,62,56,54,17,,37,22,34,26,4,4,0.7,0.6
2025-01-11T0000,2538A,103.7571,29.5664,乐山市,市监测站,细颗粒物(PM2.5),65,55,50,47,44,12,,36,22,31,18,4,4,0.8,0.7
2025-01-11T0000,3361A,103.7311,29.5628,乐山市,理工大学,细颗粒物(PM2.5),85,64,59,63,54,14,,40,18,36,22,8,7,0.5,0.5
2025-01-11T0000,2598A,100.2143,26.8576,丽江市,西南郊,,,,18,,13,,,89,84,,5,,4,,1.3
2025-01-11T0000,2599A,100.2497,26.8802,丽江市,丽江古城,,33,28,26,23,20,70,,84,73,12,11,8,8,0.6,0.7
2025-01-11T0000,2600A,100.2203,26.8906,丽江市,市中心,,24,,13,9,11,74,,82,74,7,10,9,9,0.6,0.6
2025-01-11T0000,1267A,119.914,28.4514,丽水市,监测站大楼,,42,37,33,29,19,14,,68,43,50,24,9,6,0.5,0.4
2025-01-11T0000,1268A,119.93,28.4586,丽水市,莲都小学,,43,43,35,24,17,22,,72,49,44,24,6,7,0.5,0.5
2025-01-11T0000,1269A,119.879,28.4231,丽水市,余庄前,,39,36,29,27,17,21,,75,46,29,22,3,4,0.3,0.3
2025-01-11T0000,1173A,119.176,34.5885,连云港市,市环境监测站,细颗粒物(PM2.5),67,68,43,48,23,29,,65,33,45,35,17,13,0.9,1
2025-01-11T0000,3000A,119.3581,34.6972,连云港市,德源药业,细颗粒物(PM2.5),64,75,48,46,25,9,,55,17,68,46,11,10,0.4,0.5
2025-01-11T0000,3007A,119.178,34.844,连云港市,新城一中,细颗粒物(PM2.5),90,73,49,67,32,16,,63,37,60,40,15,13,1.1,1
2025-01-11T0000,3008A,119.3608,34.7519,连云港市,胡沟管理处,颗粒物(PM10),57,63,35,31,18,11,,53,20,58,34,14,8,0.7,0.7
2025-01-11T0000,3009A,119.1478,34.5911,连云港市,矿山设计院,颗粒物(PM10),69,88,52,46,27,22,,58,27,49,38,16,13,0.7,0.6
2025-01-11T0000,3434A,119.2413,34.6539,连云港市,工贸学校,颗粒物(PM10),71,92,51,44,25,26,,67,40,48,32,15,13,0.7,0.7
2025-01-11T0000,3664A,119.4172,34.7341,连云港市,连云街道,颗粒物(PM10),52,53,40,28,17,54,,63,61,21,22,18,13,0.6,0.7
2025-01-11T0000,2571A,102.3431,27.8099,凉山彝族自治州,青龙寺,,17,17,22,7,9,30,,65,45,13,9,5,5,0.6,0.6
2025-01-11T0000,2572A,102.2721,27.8415,凉山彝族自治州,邛海宾馆,,20,15,19,10,13,64,,58,55,7,12,7,9,0.6,0.7
2025-01-11T0000,2573A,102.2625,27.898,凉山彝族自治州,西昌市政府,,22,16,22,11,17,69,,60,60,6,12,7,8,0.6,0.7
2025-01-11T0000,2574A,102.2685,27.8851,凉山彝族自治州,凉山州政府,,21,11,20,9,15,65,,59,58,5,12,8,9,0.5,0.6
2025-01-11T0000,2575A,102.237,27.8914,凉山彝族自治州,长安,,21,16,23,13,18,66,,58,54,6,16,7,9,0.7,0.8
2025-01-11T0000,2212A,123.2,41.1953,辽阳市,宏伟区,细颗粒物(PM2.5),190,,85,143,57,12,,40,23,45,36,17,16,2.0,0.9
2025-01-11T0000,2213A,123.1683,41.2495,辽阳市,新华园,细颗粒物(PM2.5),109,127,101,82,67,5,,41,23,71,53,36,20,1.8,1.7
2025-01-11T0000,2214A,123.2354,41.2639,辽阳市,滨河路,细颗粒物(PM2.5),102,106,77,76,55,9,,43,26,54,41,6,11,1.1,1
2025-01-11T0000,2215A,123.149,41.2991,辽阳市,铁西工业园,细颗粒物(PM2.5),173,144,109,131,74,3,,38,9,54,45,7,10,2.1,1.5
2025-01-11T0000,2227A,125.1358,42.8845,辽源市,环保局,细颗粒物(PM2.5),117,116,71,88,52,9,,58,21,49,43,8,14,1.8,1.3
2025-01-11T0000,3239A,125.0764,42.9078,辽源市,银鹰制药,细颗粒物(PM2.5),120,101,54,91,46,10,,60,16,48,38,6,7,1.5,0.9
2025-01-11T0000,1625A,115.9848,36.4372,聊城市,区政府,细颗粒物(PM2.5),113,128,71,85,38,9,,63,27,77,41,18,15,1.8,1
2025-01-11T0000,2878A,116.0072,36.4343,聊城市,聊大东校,细颗粒物(PM2.5),99,119,80,74,44,7,,58,23,82,47,11,13,1.2,0.8
2025-01-11T0000,3200A,115.9819,36.4978,聊城市,监控中心,细颗粒物(PM2.5),138,161,88,105,46,10,,57,21,96,57,22,17,1.4,1
2025-01-11T0000,3513A,116.0445,36.4361,聊城市,九州社区,细颗粒物(PM2.5),103,109,72,77,41,6,,63,29,76,42,18,14,0.8,0.6
2025-01-11T0000,4018A,116.0567,36.4608,聊城市,星美广场,细颗粒物(PM2.5),135,161,81,103,44,8,,59,26,67,34,27,16,1.0,0.7
2025-01-11T0000,2632A,94.3681,29.6376,林芝市,林芝监测站,,25,9,11,8,8,77,,90,88,3,2,6,6,0.5,0.4
2025-01-11T0000,2633A,94.3616,29.6616,林芝市,林芝人民医院,,23,23,16,10,6,66,,85,82,7,7,6,6,0.6,0.5
2025-01-11T0000,2603A,100.0781,23.8982,临沧市,市环保局,细颗粒物(PM2.5),55,42,38,39,29,39,,77,58,17,16,10,10,0.5,0.5
2025-01-11T0000,2604A,100.0894,23.8822,临沧市,市气象局,,45,40,37,31,28,38,,73,56,16,17,10,10,0.6,0.6
2025-01-11T0000,1733A,111.5531,36.0783,临汾市,临钢医院,,44,44,58,14,29,26,,53,50,34,29,3,7,0.6,1
2025-01-11T0000,1734A,111.5028,36.0714,临汾市,技工学校,,34,34,65,18,39,30,,51,45,27,30,5,12,0.4,1
2025-01-11T0000,1736A,111.5018,36.0855,临汾市,市委,,43,43,71,13,29,35,,59,56,29,31,6,12,0.4,0.8
2025-01-11T0000,3018A,111.505,36.1014,临汾市,唐尧大酒店,颗粒物(PM10),52,54,74,14,30,29,,55,51,33,30,8,11,0.4,0.8
2025-01-11T0000,3668A,111.5036,36.0414,临汾市,城南,,36,36,63,24,37,17,,51,45,34,33,3,7,0.5,0.9
2025-01-11T0000,2667A,103.2069,35.5993,临夏回族自治州,环保局,颗粒物(PM10),78,105,77,51,34,32,,60,50,24,15,7,9,1.0,0.5
2025-01-11T0000,2668A,103.2417,35.6057,临夏回族自治州,建设大厦,颗粒物(PM10),70,90,83,50,42,38,,67,51,23,16,10,12,0.9,0.7
2025-01-11T0000,1618A,118.3429,35.0532,临沂市,沂河小区,颗粒物(PM10),75,100,57,53,30,9,,59,28,78,46,30,20,1.0,0.7
2025-01-11T0000,1619A,118.295,35.0583,临沂市,鲁南制药厂,颗粒物(PM10),79,107,68,53,31,6,,62,22,78,47,36,22,0.8,0.4
2025-01-11T0000,1620A,118.2794,34.9976,临沂市,新光毛纺厂,颗粒物(PM10),57,63,53,35,31,11,,65,32,61,39,13,16,0.7,0.6
2025-01-11T0000,1621A,118.3956,35.0888,临沂市,河东保险公司,细颗粒物(PM2.5),79,95,54,58,28,5,,59,30,78,41,18,11,1.1,0.8
2025-01-11T0000,3370A,118.3564,35.0215,临沂市,十里堡居委,细颗粒物(PM2.5),77,85,53,56,29,11,,62,30,63,38,21,18,0.8,0.6
2025-01-11T0000,3496A,118.3604,35.1084,临沂市,南坊新区,细颗粒物(PM2.5),73,92,55,53,30,7,,61,28,80,46,15,11,0.6,0.5
2025-01-11T0000,3860A,118.3920,35.0300,临沂市,皇山花园小区,颗粒物(PM10),68,85,51,43,22,5,,61,32,80,43,18,12,0.5,0.2
2025-01-11T0000,1870A,109.4856,24.3895,柳州市,柳东小学,细颗粒物(PM2.5),54,50,43,38,31,74,,83,73,14,13,12,10,0.6,0.6
2025-01-11T0000,1871A,109.4157,24.3277,柳州市,环保监测站,"颗粒物(PM10),细颗粒物(PM2.5)",53,55,46,37,30,76,,79,73,13,15,12,11,0.5,0.5
2025-01-11T0000,1872A,109.389,24.341,柳州市,河西水厂,颗粒物(PM10),61,71,58,38,36,47,,74,57,45,29,37,22,2.1,1.7
2025-01-11T0000,1873A,109.4311,24.2921,柳州市,市四中,,45,42,36,31,32,75,,84,76,14,12,9,8,0.5,0.5
2025-01-11T0000,1874A,109.4006,24.3631,柳州市,市九中,细颗粒物(PM2.5),59,44,36,42,30,73,,79,70,14,16,8,8,0.6,0.6
2025-01-11T0000,1875A,109.4958,24.3134,柳州市,古亭山,,46,34,36,32,26,75,,86,76,10,10,12,11,0.6,0.7
2025-01-11T0000,3402A,109.5422,24.3996,柳州市,市二中,细颗粒物(PM2.5),53,48,39,37,32,65,,80,69,16,15,10,10,0.6,0.6
2025-01-11T0000,2307A,116.5079,31.737,六安市,监测大楼,细颗粒物(PM2.5),69,67,58,50,38,43,,66,53,34,31,6,6,0.6,0.6
2025-01-11T0000,2308A,116.4738,31.7643,六安市,皖西学院,细颗粒物(PM2.5),80,89,68,59,41,15,,70,51,55,31,4,5,0.6,0.7
2025-01-11T0000,2309A,116.4996,31.7905,六安市,朝阳厂,细颗粒物(PM2.5),68,62,53,49,38,18,,70,47,54,31,2,3,0.5,0.4
2025-01-11T0000,2310A,116.5567,31.7886,六安市,开发区,细颗粒物(PM2.5),77,101,72,56,43,9,,71,35,57,38,4,4,0.7,0.6
2025-01-11T0000,2576A,104.8,26.5892,六盘水市,窑上,,,,38,,20,,,70,38,,13,,8,,0.6
2025-01-11T0000,2577A,104.83,26.5917,六盘水市,黄土坡,,26,,24,18,21,46,,65,37,11,16,11,10,0.8,0.8
2025-01-11T0000,2578A,104.89,26.5939,六盘水市,水钢,,36,33,28,25,23,42,,66,42,21,14,10,7,1.0,0.7
2025-01-11T0000,2579A,104.8475,26.5894,六盘水市,民中,,28,28,25,17,17,44,,64,39,14,15,10,10,0.8,0.7
2025-01-11T0000,2580A,104.9544,26.5506,六盘水市,双水,,28,24,24,19,21,57,,65,49,11,12,10,9,0.7,0.7
2025-01-11T0000,2335A,117.0189,25.1181,龙岩市,龙岩师专,,,,,,,,,,,,,,,,
2025-01-11T0000,2336A,117.0217,25.1033,龙岩市,龙岩市监测站,,40,,33,28,22,92,,96,93,14,16,8,8,0.5,0.4
2025-01-11T0000,2337A,117.0258,25.0661,龙岩市,闽西职业技术学院,,36,30,33,25,21,93,,99,98,11,10,6,5,0.5,0.5
2025-01-11T0000,2338A,117.0196,25.0306,龙岩市,龙岩学院,,38,36,35,26,21,74,,94,88,19,12,4,5,0.4,0.4
2025-01-11T0000,2665A,105.0822,33.3261,陇南市,汉王镇固水子,,,,,,,,,,,,,,,,
2025-01-11T0000,2885A,104.9339,33.3826,陇南市,滨江中学,颗粒物(PM10),54,57,56,33,34,53,,76,67,21,20,13,39,0.9,0.7
2025-01-11T0000,3247A,104.955,33.371,陇南市,市总工会,,49,49,58,26,29,69,,79,75,12,16,5,14,0.6,0.7
2025-01-11T0000,2487A,111.9589,27.8901,娄底市,电视发射台,细颗粒物(PM2.5),60,44,40,43,34,86,,88,82,16,16,8,8,0.5,0.5
2025-01-11T0000,2488A,111.9975,27.725,娄底市,市监测站,细颗粒物(PM2.5),78,83,67,57,42,70,,92,82,26,23,20,13,0.5,0.5
2025-01-11T0000,2489A,112.0194,27.7314,娄底市,市委党校,细颗粒物(PM2.5),77,83,65,56,39,80,,82,77,24,26,9,9,0.5,0.6
2025-01-11T0000,2490A,111.9561,27.7569,娄底市,涟钢,细颗粒物(PM2.5),78,89,65,57,43,64,,83,73,21,17,3,6,0.4,0.6
2025-01-11T0000,2491A,111.9892,27.7044,娄底市,市政府,细颗粒物(PM2.5),85,,59,63,43,72,,83,79,22,20,10,7,0.6,0.7
2025-01-11T0000,1893A,105.4324,28.9634,泸州市,九狮山,,,,,,,,,,,,,,,,
2025-01-11T0000,1894A,105.4427,28.9063,泸州市,小市上码头,细颗粒物(PM2.5),57,46,41,40,34,11,,36,23,38,29,3,3,0.6,0.6
2025-01-11T0000,1895A,105.4241,28.8573,泸州市,兰田宪桥,细颗粒物(PM2.5),59,44,33,42,36,14,,39,23,36,26,3,3,0.7,0.7
2025-01-11T0000,1896A,105.4379,28.8833,泸州市,市环监站,细颗粒物(PM2.5),54,47,37,38,31,7,,31,16,40,29,5,4,0.6,0.5
2025-01-11T0000,3490A,105.3617,28.7703,泸州市,纳溪区环保局,细颗粒物(PM2.5),53,46,41,37,34,11,,34,21,31,22,4,4,0.7,0.7
2025-01-11T0000,2183A,111.1406,37.5211,吕梁市,环保局,颗粒物(PM10),75,100,68,32,24,1,,49,21,54,38,2,4,0.5,0.5
2025-01-11T0000,2185A,111.1297,37.5136,吕梁市,自来水公司,颗粒物(PM10),84,118,98,42,31,4,,50,31,52,33,14,11,0.6,0.6
2025-01-11T0000,2867A,111.1283,37.51,吕梁市,马茂庄小学,颗粒物(PM10),78,105,75,24,23,2,,53,24,57,39,5,8,0.6,0.6
2025-01-11T0000,1812A,112.3931,34.6516,洛阳市,市委党校,颗粒物(PM10),60,70,92,31,45,42,,48,45,25,41,8,10,0.6,0.7
2025-01-11T0000,1814A,112.4657,34.6871,洛阳市,豫西宾馆,颗粒物(PM10),74,97,114,47,56,29,,46,36,40,41,10,9,0.9,1
2025-01-11T0000,1815A,112.494,34.6886,洛阳市,河南林校,细颗粒物(PM2.5),84,89,94,62,65,29,,41,36,33,38,9,6,0.7,0.8
2025-01-11T0000,1816A,112.3844,34.623,洛阳市,开发区管委会,颗粒物(PM10),57,64,88,36,60,51,,55,52,16,31,7,8,0.6,0.7
2025-01-11T0000,1817A,112.4267,34.6258,洛阳市,市委新办公区,颗粒物(PM10),64,78,99,41,61,51,,58,55,21,32,8,7,0.4,0.5
2025-01-11T0000,3340A,112.6005,34.6326,洛阳市,伊滨,颗粒物(PM10),65,79,105,33,46,39,,50,47,28,37,9,7,0.7,0.7
2025-01-11T0000,3341A,112.4951,34.6332,洛阳市,中移产业园,颗粒物(PM10),55,60,81,24,42,51,,54,54,18,32,7,8,0.5,0.6
2025-01-11T0000,3593A,112.5736,34.8993,洛阳市,吉利监测站,,39,39,73,18,44,41,,52,46,30,37,8,7,0.4,0.7
2025-01-11T0000,3635A,112.3677,34.662,洛阳市,河科大西苑校区,颗粒物(PM10),62,73,100,39,57,45,,52,48,20,35,6,9,0.6,0.8
2025-01-11T0000,3636A,112.4388,34.6781,洛阳市,英才小学,颗粒物(PM10),63,76,103,41,57,38,,45,41,34,47,8,10,0.6,0.8
2025-01-11T0000,2399A,114.051,33.5699,漯河市,三五一五工厂,细颗粒物(PM2.5),105,105,91,79,58,36,,64,33,34,41,9,10,0.7,0.8
2025-01-11T0000,2400A,114.0055,33.5698,漯河市,漯河大学,细颗粒物(PM2.5),94,106,92,70,56,22,,64,28,50,48,7,8,0.6,0.6
2025-01-11T0000,2401A,114.0138,33.5828,漯河市,市水利局,细颗粒物(PM2.5),85,102,86,63,56,34,,63,35,33,38,9,9,0.6,0.7
2025-01-11T0000,2402A,114.0261,33.5698,漯河市,市广电局,细颗粒物(PM2.5),93,100,88,69,57,38,,64,38,26,37,9,9,0.5,0.7
2025-01-11T0000,3478A,113.9749,33.5664,漯河市,市图书馆,细颗粒物(PM2.5),107,119,94,80,58,30,,63,42,44,45,7,8,0.3,0.3
2025-01-11T0000,3479A,114.0967,33.5906,漯河市,召陵区卫健委,细颗粒物(PM2.5),114,112,94,86,61,33,,62,34,43,48,9,10,0.6,0.5
2025-01-11T0000,1798A,118.5092,31.6837,马鞍山市,湖东路四小,颗粒物(PM10),62,73,57,39,28,6,,61,26,68,46,4,9,0.9,1
2025-01-11T0000,1799A,118.5024,31.6449,马鞍山市,开发区,细颗粒物(PM2.5),70,83,68,51,33,5,,64,24,65,44,6,8,0.9,0.9
2025-01-11T0000,1802A,118.6245,31.7241,马鞍山市,濮塘,,42,39,42,29,26,33,,71,56,31,20,7,8,0.3,0.2
2025-01-11T0000,3633A,118.4918,31.6809,马鞍山市,雨山,颗粒物(PM10),62,74,56,37,33,8,,63,30,64,41,7,10,1.1,1.1
2025-01-11T0000,4191A,118.5274,31.72227,马鞍山市,慈湖高新区,,,50,45,,81,3,,,,59,49,8,9,0.5,0.5
2025-01-11T0000,1686A,111.0286,21.4688,茂名市,电白南海,,,66,87,24,46,74,,108,91,,27,8,10,0.6,0.7
2025-01-11T0000,1687A,110.9294,21.6533,茂名市,茂石化七小,颗粒物(PM10),51,51,78,22,38,84,,108,94,16,17,11,12,0.6,0.7
2025-01-11T0000,1688A,110.9107,21.6687,茂名市,健康路,细颗粒物(PM2.5),67,73,77,48,45,65,,109,93,31,18,28,15,0.9,0.7
2025-01-11T0000,1689A,110.8592,21.6828,茂名市,高岭,颗粒物(PM10),62,73,87,36,48,56,,103,84,37,21,18,26,0.8,0.8
2025-01-11T0000,3450A,111.01,21.5165,茂名市,电白水东,颗粒物(PM10),52,53,83,31,46,75,,108,91,22,19,16,18,0.8,0.8
2025-01-11T0000,2539A,104.0308,30.0478,眉山市,黑龙滩水库,细颗粒物(PM2.5),63,57,57,45,37,30,,50,39,8,7,2,3,0.8,0.8
2025-01-11T0000,2540A,103.8416,30.0874,眉山市,气象局,细颗粒物(PM2.5),79,71,70,58,51,3,,35,10,46,32,5,4,0.7,0.6
2025-01-11T0000,3137A,103.8578,30.0744,眉山市,市委党校,细颗粒物(PM2.5),70,58,49,51,43,3,,40,14,50,28,3,3,0.6,0.4
2025-01-11T0000,3148A,103.8291,30.0564,眉山市,区人社局,,,,45,,42,2,,39,14,47,33,4,4,1.0,0.6
2025-01-11T0000,1690A,116.1231,24.3284,梅州市,梅江月梅,,44,44,38,28,26,67,,90,78,25,16,10,10,0.5,0.4
2025-01-11T0000,1691A,116.0797,24.2719,梅州市,梅县新城,,38,37,37,26,25,84,,96,91,17,14,6,6,0.4,0.5
2025-01-11T0000,1692A,116.1248,24.2654,梅州市,环境监控中心,,43,43,39,25,27,29,,90,74,43,16,6,7,0.6,0.6
2025-01-11T0000,3315A,116.1233,24.2991,梅州市,梅龙,,42,39,41,29,26,68,,89,81,23,17,8,8,0.6,0.6
2025-01-11T0000,1878A,104.7778,31.4741,绵阳市,富乐山,,40,38,45,28,37,43,,60,58,23,16,2,3,0.7,0.7
2025-01-11T0000,1879A,104.7563,31.4535,绵阳市,市人大,,,,57,,40,,,39,,,20,,3,,0.7
2025-01-11T0000,1880A,104.6697,31.4668,绵阳市,高新区自来水公司,,,52,50,36,36,13,,50,40,47,21,2,3,,0.6
2025-01-11T0000,1881A,104.7287,31.5075,绵阳市,三水厂,,45,43,45,31,39,20,,60,52,53,21,4,5,0.7,0.7
2025-01-11T0000,3491A,104.69,31.5322,绵阳市,西科大附属小学,,49,43,51,34,39,10,,58,46,47,21,5,5,0.8,0.8
2025-01-11T0000,3492A,104.5648,31.5343,绵阳市,安州区旅游局,细颗粒物(PM2.5),67,48,48,48,47,8,,32,20,38,23,9,9,0.8,0.7
2025-01-11T0000,1784A,129.61,44.561,牡丹江市,环保大楼,细颗粒物(PM2.5),67,69,52,48,38,24,,52,31,42,28,13,10,0.7,0.6
2025-01-11T0000,1785A,129.6115,44.5782,牡丹江市,文化广场,细颗粒物(PM2.5),74,59,56,54,41,28,,55,38,42,29,11,10,1.1,0.9
2025-01-11T0000,1786A,129.5904,44.5963,牡丹江市,第一医院,细颗粒物(PM2.5),117,,54,88,49,17,,57,37,48,28,9,9,1.0,0.5
2025-01-11T0000,1787A,129.6364,44.6075,牡丹江市,机车工厂,细颗粒物(PM2.5),85,83,58,63,39,25,,54,30,31,27,8,10,1.0,0.7
2025-01-11T0000,1788A,129.6386,44.5462,牡丹江市,第一中学,,50,35,42,35,37,29,,55,32,32,24,6,8,0.6,0.6
2025-01-11T0000,2531A,105.0703,29.61,内江市,市监测站,细颗粒物(PM2.5),55,,31,39,36,22,,20,20,17,18,4,4,0.7,0.7
2025-01-11T0000,2532A,105.0717,29.5947,内江市,东兴区政府,颗粒物(PM10),77,104,37,32,33,27,,22,22,18,22,2,3,0.7,0.8
2025-01-11T0000,2533A,105.0653,29.5817,内江市,内江二中,细颗粒物(PM2.5),53,48,42,37,38,28,,22,22,20,24,7,7,0.7,0.8
2025-01-11T0000,2534A,105.0406,29.5822,内江市,内江日报社,,48,43,36,33,34,22,,18,18,20,25,7,7,0.7,0.9
2025-01-11T0000,2628A,92.0657,31.4846,那曲市,那曲监测站,细颗粒物(PM2.5),54,42,41,38,37,66,,105,90,16,15,8,8,1.4,1
2025-01-11T0000,3128A,92.0506,31.4797,那曲市,那曲会议中心,,39,39,49,23,24,64,,103,91,16,13,4,4,1.0,0.8
2025-01-11T0000,1290A,115.8931,28.6843,南昌市,省外办,细颗粒物(PM2.5),67,67,59,48,30,33,,58,46,50,32,7,7,0.6,0.6
2025-01-11T0000,1291A,115.8886,28.7003,南昌市,省林业公司,细颗粒物(PM2.5),62,63,44,44,26,25,,64,49,57,32,10,10,0.4,0.4
2025-01-11T0000,1292A,115.8126,28.7442,南昌市,林科所,细颗粒物(PM2.5),58,53,39,41,24,70,,68,63,20,22,9,9,0.5,0.5
2025-01-11T0000,1294A,115.8518,28.687,南昌市,建工学校,颗粒物(PM10),55,60,45,31,26,53,,66,57,29,20,11,11,0.6,0.6
2025-01-11T0000,1295A,115.8921,28.6424,南昌市,象湖,颗粒物(PM10),56,61,39,39,26,44,,71,61,39,22,8,8,0.4,0.4
2025-01-11T0000,1296A,115.7423,28.7996,南昌市,武术学校,,31,31,30,21,21,31,,56,45,14,17,1,2,0.6,0.6
2025-01-11T0000,1298A,115.9314,28.6842,南昌市,省站,颗粒物(PM10),53,55,44,36,25,36,,64,54,30,16,9,10,0.5,0.5
2025-01-11T0000,3046A,115.9084,28.6062,南昌市,机电学校,颗粒物(PM10),58,66,53,36,26,36,,64,54,39,20,12,13,0.5,0.5
2025-01-11T0000,3690A,115.9721,28.7031,南昌市,外国语学校,颗粒物(PM10),57,64,49,39,24,35,,63,53,40,21,8,8,0.4,0.5
2025-01-11T0000,1905A,106.056,30.8064,南充市,西山风景区,细颗粒物(PM2.5),60,,37,43,34,24,,24,23,14,17,3,3,0.6,0.7
2025-01-11T0000,1906A,106.0789,30.8023,南充市,南充市委,细颗粒物(PM2.5),68,56,51,49,42,7,,21,13,31,28,3,3,0.6,0.6
2025-01-11T0000,1907A,106.1031,30.8217,南充市,南充炼油厂,细颗粒物(PM2.5),65,49,52,47,42,16,,26,20,26,26,3,3,0.4,0.5
2025-01-11T0000,1908A,106.1064,30.7856,南充市,高坪区监测站,细颗粒物(PM2.5),67,59,52,48,40,19,,21,18,27,28,2,2,0.6,0.5
2025-01-11T0000,1909A,106.0642,30.7636,南充市,嘉陵区环保局,细颗粒物(PM2.5),58,53,53,41,40,11,,20,14,31,28,3,3,0.5,0.6
2025-01-11T0000,1910A,106.1087,30.8388,南充市,市环境监测站,细颗粒物(PM2.5),63,63,53,45,42,11,,29,20,24,18,4,4,0.5,0.5
2025-01-11T0000,1151A,118.8086,32.1065,南京市,迈皋桥,颗粒物(PM10),54,57,42,34,22,5,,61,24,77,49,5,4,0.5,0.4
2025-01-11T0000,1152A,118.7538,32.0551,南京市,草场门,"颗粒物(PM10),细颗粒物(PM2.5)",52,53,43,36,25,8,,59,30,80,48,8,8,0.4,0.3
2025-01-11T0000,1153A,118.7794,32.0745,南京市,山西路,颗粒物(PM10),56,61,50,34,25,19,,68,44,92,56,3,4,0.4,0.3
2025-01-11T0000,1154A,118.7752,32.0023,南京市,中华门,颗粒物(PM10),53,56,44,31,23,3,,50,21,85,52,8,7,0.7,0.6
2025-01-11T0000,1155A,118.8109,32.0309,南京市,瑞金路,颗粒物(PM10),51,51,49,31,26,4,,53,21,77,51,3,4,0.9,0.9
2025-01-11T0000,1156A,118.7997,32.0754,南京市,玄武湖,颗粒物(PM10),52,54,47,26,20,5,,55,22,37,26,8,8,0.9,0.8
2025-01-11T0000,1157A,118.6414,32.0931,南京市,浦口,颗粒物(PM10),55,60,45,32,23,36,,63,46,30,21,9,9,0.5,0.3
2025-01-11T0000,1158A,118.7356,31.9996,南京市,奥体中心,颗粒物(PM10),55,60,48,34,26,5,,60,30,84,49,9,10,0.6,0.4
2025-01-11T0000,1159A,118.9125,32.1028,南京市,仙林大学城,"颗粒物(PM10),细颗粒物(PM2.5)",52,53,47,36,25,1,,56,23,73,43,6,8,0.6,0.6
2025-01-11T0000,3422A,118.8436,31.9198,南京市,江宁彩虹桥,颗粒物(PM10),55,60,52,34,24,4,,56,21,74,49,10,8,0.8,0.5
2025-01-11T0000,3423A,119.0138,31.6494,南京市,溧水永阳,细颗粒物(PM2.5),69,56,43,50,35,2,,58,18,31,35,4,4,0.9,0.5
2025-01-11T0000,3424A,118.879,31.3302,南京市,高淳老职中,细颗粒物(PM2.5),74,57,40,54,33,35,,64,43,34,31,7,6,0.6,0.4
2025-01-11T0000,3427A,118.8554,32.3578,南京市,六合雄州,,44,44,44,28,25,24,,58,31,28,25,3,4,0.7,0.7
2025-01-11T0000,1401A,108.3103,22.7881,南宁市,二十一中,细颗粒物(PM2.5),57,,32,40,20,80,,103,92,23,19,11,4,0.7,0.7
2025-01-11T0000,1402A,108.3141,22.8528,南宁市,北湖,,42,39,31,29,20,70,,94,83,23,17,8,7,0.8,0.8
2025-01-11T0000,1403A,108.3206,22.8225,南宁市,市监测站,,50,48,36,35,28,75,,93,82,22,19,16,10,0.7,0.7
2025-01-11T0000,1404A,108.3829,22.8037,南宁市,大自然花园,细颗粒物(PM2.5),52,43,32,36,25,77,,93,86,20,17,7,5,0.9,0.9
2025-01-11T0000,1405A,108.4394,22.7904,南宁市,仙葫,,49,38,32,34,22,70,,90,80,16,12,7,5,0.6,0.6
2025-01-11T0000,1406A,108.2397,22.8467,南宁市,区农职院,,49,49,35,32,20,51,,96,71,31,17,17,7,0.7,0.7
2025-01-11T0000,1407A,108.3275,22.735,南宁市,英华嘉园,,43,43,35,29,17,78,,95,86,19,16,8,7,0.6,0.7
2025-01-11T0000,1408A,108.2257,22.7757,南宁市,沙井镇街道办,,,,,,,,,,,,,,,,
2025-01-11T0000,3401A,108.4834,22.7618,南宁市,红星社区,,46,37,31,32,23,81,,95,88,17,16,10,8,0.6,0.6
2025-01-11T0000,2331A,118.0966,26.6761,南平市,茫荡山,,,,,,,,,,,,,,,,
2025-01-11T0000,2332A,118.1681,26.6369,南平市,南平市监测站,,39,38,45,27,29,24,,96,60,47,21,4,5,0.4,0.4
2025-01-11T0000,2333A,118.1825,26.6489,南平市,南平铝业有限公司,,38,34,42,26,32,24,,97,61,45,19,5,6,0.5,0.4
2025-01-11T0000,2334A,118.1756,26.6272,南平市,南平七中,,39,,41,27,30,38,,98,71,28,15,2,5,0.6,0.5
2025-01-11T0000,1168A,120.9098,31.9663,南通市,狼山街道,细颗粒物(PM2.5),52,45,37,36,18,40,,69,52,25,15,6,6,0.7,0.5
2025-01-11T0000,1169A,120.86,32.0005,南通市,虹桥,,49,40,36,34,21,38,,68,49,28,18,8,5,0.7,0.5
2025-01-11T0000,1170A,120.87,32.02,南通市,城中,颗粒物(PM10),54,57,44,32,19,42,,70,52,33,21,11,7,1.0,0.8
2025-01-11T0000,1171A,120.94,31.93,南通市,星湖花园,,45,45,36,31,19,38,,60,47,27,20,5,6,0.4,0.3
2025-01-11T0000,1172A,120.81,32.0417,南通市,紫琅学院,细颗粒物(PM2.5),62,66,42,44,21,18,,69,36,53,26,5,4,0.5,0.4
2025-01-11T0000,3291A,121.067,32.062,南通市,通州监测站,颗粒物(PM10),56,61,36,39,18,35,,76,56,40,19,4,3,0.5,0.4
2025-01-11T0000,3432A,120.9348,31.9883,南通市,环境教育馆,颗粒物(PM10),56,61,38,33,16,49,,74,57,26,18,4,4,0.6,0.5
2025-01-11T0000,2404A,112.5224,33.0122,南阳市,瓦房庄,细颗粒物(PM2.5),99,108,89,74,54,31,,65,46,37,31,9,8,0.6,0.6
2025-01-11T0000,2405A,112.5003,32.9735,南阳市,汉画馆,细颗粒物(PM2.5),110,119,87,83,55,13,,66,35,56,38,7,7,0.7,0.6
2025-01-11T0000,2406A,112.5573,33.027,南阳市,气象站,"颗粒物(PM10),细颗粒物(PM2.5)",85,119,97,63,46,36,,68,49,36,32,7,7,0.5,0.6
2025-01-11T0000,2407A,112.5481,32.9689,南阳市,理工学院,细颗粒物(PM2.5),87,99,80,64,52,23,,68,41,48,32,8,7,0.7,0.7
2025-01-11T0000,4008A,112.5234,32.9922,南阳市,卧龙区政府,细颗粒物(PM2.5),97,115,84,72,48,23,,63,41,41,33,6,6,0.7,0.6
2025-01-11T0000,1234A,121.8358,29.911,宁波市,区环保大楼,细颗粒物(PM2.5),63,70,45,45,20,5,,64,27,74,30,9,12,0.7,0.6
2025-01-11T0000,1235A,121.56,29.82,宁波市,万里学院,颗粒物(PM10),73,96,47,46,22,3,,66,34,71,26,5,5,0.6,0.5
2025-01-11T0000,1236A,121.713,29.9572,宁波市,龙赛医院,颗粒物(PM10),64,78,46,31,18,4,,66,24,73,33,8,9,0.6,0.5
2025-01-11T0000,1239A,121.633,29.7733,宁波市,钱湖水厂,颗粒物(PM10),66,81,47,36,19,8,,72,31,62,28,6,5,0.5,0.4
2025-01-11T0000,1240A,121.5856,29.8635,宁波市,太古小学,颗粒物(PM10),61,72,46,31,18,31,,68,40,43,25,9,8,0.6,0.5
2025-01-11T0000,1241A,121.524,29.8674,宁波市,市环境监测中心,颗粒物(PM10),63,76,46,43,21,7,,66,30,65,27,8,7,0.6,0.5
2025-01-11T0000,2871A,121.6147,29.9017,宁波市,万里国际学校,细颗粒物(PM2.5),57,56,38,40,21,8,,65,23,70,32,8,7,0.5,0.4
2025-01-11T0000,3710A,121.5594,29.8975,宁波市,白沙活动中心,颗粒物(PM10),54,58,37,37,19,13,,70,32,65,30,9,9,0.6,0.5
2025-01-11T0000,2339A,119.5001,26.6946,宁德市,金涵水库,,,,,,,,,,,,,,,,
2025-01-11T0000,2341A,119.5388,26.6612,宁德市,宁德市监测站,,33,29,42,23,34,51,,89,69,11,11,6,5,0.7,0.5
2025-01-11T0000,3209A,119.5231,26.6562,宁德市,宁德一中,,30,30,44,17,34,52,,93,74,20,17,5,4,0.5,0.4
2025-01-11T0000,2618A,98.8601,25.8567,怒江傈僳族自治州,州监测站,,35,35,32,21,23,47,,56,49,12,15,3,3,0.4,0.5
2025-01-11T0000,2619A,98.8546,25.8417,怒江傈僳族自治州,泸水一中,,32,28,32,22,24,20,,44,26,20,19,8,7,0.6,0.5
2025-01-11T0000,1888A,101.6891,26.571,攀枝花市,弄弄坪,颗粒物(PM10),65,79,60,45,41,12,,80,51,63,32,19,23,1.2,1.1
2025-01-11T0000,1889A,101.5769,26.5928,攀枝花市,河门口,,48,48,50,30,34,15,,83,63,44,29,10,17,1.1,1.4
2025-01-11T0000,1890A,101.7169,26.585,攀枝花市,炳草岗,颗粒物(PM10),68,86,77,48,44,5,,81,41,66,43,15,16,1.1,1
2025-01-11T0000,1891A,101.7369,26.5008,攀枝花市,仁和,,44,44,52,30,36,30,,57,39,21,26,6,14,0.6,1.1
2025-01-11T0000,2835A,101.7227,26.567,攀枝花市,四十中小,颗粒物(PM10),56,62,68,38,45,52,,71,43,25,46,50,24,0.8,1.3
2025-01-11T0000,1604A,122.0303,41.1489,盘锦市,开发区,细颗粒物(PM2.5),112,98,58,84,45,8,,68,31,65,35,14,13,0.9,0.6
2025-01-11T0000,1605A,122.0485,41.0883,盘锦市,兴隆台,细颗粒物(PM2.5),115,100,62,87,45,8,,64,25,69,43,17,18,1.3,0.8
2025-01-11T0000,1606A,121.8297,41.1028,盘锦市,新生街道,细颗粒物(PM2.5),69,64,43,50,28,9,,71,39,81,46,13,13,0.9,0.8
2025-01-11T0000,1832A,113.3257,33.742,平顶山市,新华旅馆,颗粒物(PM10),66,81,98,40,49,50,,67,52,22,37,10,9,0.6,0.6
2025-01-11T0000,1833A,113.2919,33.737,平顶山市,规划设计院,颗粒物(PM10),74,98,102,41,60,28,,69,42,43,41,8,8,0.5,0.5
2025-01-11T0000,1834A,113.182,33.774,平顶山市,平顶山工学院,颗粒物(PM10),77,104,119,53,61,52,,71,56,18,33,5,5,0.8,0.9
2025-01-11T0000,3204A,113.3025,33.73,平顶山市,规划局,细颗粒物(PM2.5),83,95,96,61,61,25,,63,42,45,39,10,8,0.7,0.6
2025-01-11T0000,3594A,112.8867,33.9116,平顶山市,石龙区,细颗粒物(PM2.5),67,69,93,48,46,63,,69,65,7,23,8,8,0.7,0.8
2025-01-11T0000,2656A,106.6692,35.5461,平凉市,聚贤嘉苑,颗粒物(PM10),58,66,54,25,20,9,,92,58,78,28,16,13,0.7,0.5
2025-01-11T0000,2657A,106.7021,35.5307,平凉市,博物馆,颗粒物(PM10),65,79,58,37,25,30,,93,66,52,22,20,14,1.3,0.7
2025-01-11T0000,2347A,114.0997,27.5002,萍乡市,武功山,细颗粒物(PM2.5),54,,32,38,28,45,,82,63,11,11,8,8,0.6,0.6
2025-01-11T0000,2348A,113.8385,27.6434,萍乡市,中医院,细颗粒物(PM2.5),77,88,74,56,47,30,,76,43,37,27,12,9,1.0,1
2025-01-11T0000,2349A,113.8493,27.6253,萍乡市,市政府车库,细颗粒物(PM2.5),97,88,67,72,57,21,,76,43,47,27,10,10,1.1,1.1
2025-01-11T0000,2350A,113.8676,27.6435,萍乡市,市环保局,细颗粒物(PM2.5),80,81,75,59,53,28,,73,44,49,32,19,12,0.9,1
2025-01-11T0000,2351A,113.866,27.6198,萍乡市,安源区政府,细颗粒物(PM2.5),82,90,72,60,50,15,,76,47,51,22,12,8,1.2,0.9
2025-01-11T0000,2319A,119.0141,25.4325,莆田市,荔城区仓后路,,27,27,46,6,23,77,,87,81,9,14,2,3,0.5,0.6
2025-01-11T0000,2320A,119.0015,25.4553,莆田市,莆田市监测站,,26,15,42,6,25,81,,91,84,9,16,3,4,0.3,0.4
2025-01-11T0000,2321A,119.1119,25.4561,莆田市,涵江区六中,,27,27,46,8,21,78,,90,84,11,16,1,2,0.3,0.4
2025-01-11T0000,2322A,119.1013,25.3215,莆田市,秀屿区政府,,29,29,40,7,20,76,,89,83,11,15,2,2,0.2,0.4
2025-01-11T0000,2323A,118.981,25.4792,莆田市,东圳水库,,,,,,,,,,,,,,,,
2025-01-11T0000,2392A,115.0312,35.7636,濮阳市,环保局,细颗粒物(PM2.5),92,103,67,68,35,9,,49,20,69,40,7,8,1.0,0.7
2025-01-11T0000,2394A,115.0574,35.7609,濮阳市,油田运输公司,细颗粒物(PM2.5),105,142,86,79,40,2,,49,13,73,45,5,6,1.7,0.9
2025-01-11T0000,2395A,115.0866,35.7754,濮阳市,油田物探公司,细颗粒物(PM2.5),108,151,100,81,39,4,,52,15,68,69,7,8,1.3,0.9
2025-01-11T0000,3021A,115,35.7668,濮阳市,濮水河管理处,细颗粒物(PM2.5),99,123,82,74,35,3,,47,17,69,43,7,8,0.9,0.6
2025-01-11T0000,2601A,100.98,22.7633,普洱市,市环保局,颗粒物(PM10),52,53,50,20,17,57,,78,64,6,7,4,4,0.6,0.6
2025-01-11T0000,2602A,100.9817,22.8322,普洱市,普洱第二中学,细颗粒物(PM2.5),55,46,46,39,27,60,,79,66,5,18,5,5,0.6,0.6
2025-01-11T0000,2262A,131.0518,45.8751,七台河市,新一中,细颗粒物(PM2.5),60,49,37,43,30,41,,87,74,41,15,10,12,2.2,1.9
2025-01-11T0000,3345A,131.0577,45.7879,七台河市,中波台,细颗粒物(PM2.5),62,56,47,44,38,40,,62,42,42,31,17,15,0.8,0.8
2025-01-11T0000,3637A,131.0176,45.7761,七台河市,人民广场,细颗粒物(PM2.5),58,58,66,41,47,48,,58,35,34,38,8,10,0.8,0.8
2025-01-11T0000,3684A,130.8781,45.8222,七台河市,新建矿广场,细颗粒物(PM2.5),65,56,48,47,39,29,,41,32,48,37,12,14,0.5,0.6
2025-01-11T0000,1779A,123.9305,47.3636,齐齐哈尔市,安居小区,细颗粒物(PM2.5),65,59,33,47,21,53,,62,31,23,26,13,8,0.6,0.5
2025-01-11T0000,1780A,123.9488,47.3386,齐齐哈尔市,中心广场,颗粒物(PM10),63,75,26,44,19,49,,65,34,26,23,6,3,0.9,0.6
2025-01-11T0000,1781A,123.9483,47.3227,齐齐哈尔市,农牧车辆厂,细颗粒物(PM2.5),68,58,31,49,16,38,,61,22,31,28,8,6,0.7,0.5
2025-01-11T0000,1783A,123.945,47.2988,齐齐哈尔市,市环境监测站,颗粒物(PM10),58,65,44,39,26,45,,65,34,30,27,6,5,0.8,0.7
2025-01-11T0000,3662A,123.6333,47.2075,齐齐哈尔市,富区青少年活动中心,颗粒物(PM10),87,123,43,48,22,28,,65,46,50,21,15,11,1.1,0.7
2025-01-11T0000,2591A,107.9783,26.5747,黔东南苗族侗族自治州,市环境监测站,细颗粒物(PM2.5),52,46,42,36,34,76,,80,79,12,12,4,4,0.4,0.4
2025-01-11T0000,2881A,107.8908,26.5311,黔东南苗族侗族自治州,凯里学院,,46,46,42,32,29,65,,78,74,14,10,5,4,0.4,0.4
2025-01-11T0000,2593A,107.5228,26.2403,黔南布依族苗族自治州,小围寨,,45,41,32,31,25,74,,71,71,12,11,8,6,0.5,0.5
2025-01-11T0000,3538A,107.5175,26.2978,黔南布依族苗族自治州,沙坝,,46,46,37,29,27,72,,70,70,14,11,8,7,0.5,0.4
2025-01-11T0000,2589A,104.9022,25.0925,黔西南布依族苗族自治州,场坝街,颗粒物(PM10),51,51,38,33,30,56,,48,,12,14,5,5,0.4,0.5
2025-01-11T0000,2590A,104.8811,25.0992,黔西南布依族苗族自治州,坪东大道,,49,49,38,28,33,44,,43,41,14,15,4,5,0.6,0.6
2025-01-11T0000,2502A,108.6236,21.9667,钦州市,市环保站,颗粒物(PM10),57,63,52,29,21,83,,93,87,20,19,8,8,0.7,0.8
2025-01-11T0000,2503A,108.6549,21.9481,钦州市,沙埠小学,颗粒物(PM10),55,60,49,32,23,85,,96,91,18,18,8,7,0.5,0.5
2025-01-11T0000,2504A,108.5989,21.7431,钦州市,港区一小,颗粒物(PM10),55,60,76,32,23,85,,92,87,21,22,10,8,0.7,0.6
2025-01-11T0000,3404A,108.5959,21.9633,钦州市,北职校,细颗粒物(PM2.5),58,54,42,41,26,81,,92,86,18,16,9,7,0.8,0.7
2025-01-11T0000,1042A,119.5134,39.8207,秦皇岛市,北戴河环保局,,46,46,27,30,17,6,,67,38,66,36,2,2,0.8,0.5
2025-01-11T0000,1043A,119.7493,40.0116,秦皇岛市,第一关,,42,41,26,29,22,2,,63,33,83,66,7,6,0.4,0.5
2025-01-11T0000,1044A,119.5897,39.9499,秦皇岛市,监测站,,45,45,33,28,18,16,,56,20,60,52,5,4,0.6,0.5
2025-01-11T0000,1046A,119.5251,39.9041,秦皇岛市,建设大厦,细颗粒物(PM2.5),63,50,41,45,29,9,,62,26,54,43,4,3,0.8,0.7
2025-01-11T0000,3132A,119.610547,39.943889,秦皇岛市,文明里,,50,50,36,33,23,12,,60,26,57,38,5,5,0.6,0.4
2025-01-11T0000,1307A,120.6659,36.2403,青岛市,仰口,,35,28,28,24,20,61,,70,64,17,14,5,5,0.8,0.7
2025-01-11T0000,1310A,120.4134,36.0658,青岛市,市南区东部子站,颗粒物(PM10),54,58,44,34,20,34,,58,38,46,33,15,14,0.8,0.7
2025-01-11T0000,1311A,120.3664,36.1032,青岛市,四方区子站,细颗粒物(PM2.5),58,56,36,41,22,28,,62,39,57,37,15,14,0.9,0.8
2025-01-11T0000,1312A,120.2994,36.054,青岛市,市南区西部子站,,48,48,29,27,13,32,,62,52,47,22,13,12,0.9,0.8
2025-01-11T0000,1313A,120.4581,36.0858,青岛市,崂山区子站,,44,44,33,29,17,35,,63,47,43,29,18,11,0.9,0.9
2025-01-11T0000,1314A,120.1983,35.9608,青岛市,黄岛区子站,细颗粒物(PM2.5),59,63,32,42,19,8,,66,17,80,39,14,10,1.0,0.8
2025-01-11T0000,1315A,120.3999,36.3083,青岛市,城阳区子站,颗粒物(PM10),68,85,48,44,24,8,,62,32,76,46,17,14,1.3,1
2025-01-11T0000,1966A,120.0405,35.8735,青岛市,黄岛区4号,"颗粒物(PM10),细颗粒物(PM2.5)",58,66,39,41,19,29,,66,32,52,34,14,11,0.9,0.8
2025-01-11T0000,3362A,120.5014,36.4034,青岛市,即墨2号,细颗粒物(PM2.5),72,71,53,52,30,17,,60,35,59,40,16,15,1.2,0.9
2025-01-11T0000,3642A,120.3503,36.0736,青岛市,市北区南部,,48,48,34,31,17,26,,60,36,59,36,17,11,0.7,0.6
2025-01-11T0000,3643A,120.3948,36.1805,青岛市,李沧区北部,细颗粒物(PM2.5),73,83,48,53,30,8,,57,28,76,42,21,15,1.2,0.9
2025-01-11T0000,1702A,113.0426,23.691,清远市,环保大楼,,25,23,31,17,20,75,,93,86,13,12,8,6,0.6,0.6
2025-01-11T0000,1703A,113.0208,23.7106,清远市,凤城街办,,30,30,33,16,20,71,,93,83,18,15,12,22,0.5,0.6
2025-01-11T0000,3025A,113.0477,23.6344,清远市,技师学院,,31,31,40,14,17,74,,92,85,16,17,9,8,0.8,0.8
2025-01-11T0000,3318A,112.9903,23.7403,清远市,清新太和,,26,22,30,11,17,81,,100,94,14,14,12,10,0.6,0.6
2025-01-11T0000,3455A,113.076,23.7198,清远市,清城东城,,29,29,34,14,18,73,,95,86,14,12,16,12,0.4,0.6
2025-01-11T0000,2661A,107.6325,35.7357,庆阳市,庆阳五中,颗粒物(PM10),57,63,58,22,22,68,,75,71,10,11,4,5,0.4,0.4
2025-01-11T0000,2662A,107.6364,35.7067,庆阳市,市环保局,颗粒物(PM10),56,62,59,20,21,74,,81,76,6,10,4,4,0.3,0.5
2025-01-11T0000,1916A,103.7897,25.5035,曲靖市,环境监测站,,18,18,24,9,13,23,,32,23,14,17,3,5,0.7,0.8
2025-01-11T0000,1917A,103.8,25.5364,曲靖市,烟厂办公区,,20,20,18,11,11,18,,34,27,22,15,4,4,0.6,0.5
2025-01-11T0000,3376A,103.7947,25.462,曲靖市,南苑二区,,25,19,22,17,17,33,,39,31,13,15,4,5,1.0,1
2025-01-11T0000,3377A,103.7444,25.5261,曲靖市,曲靖师范学院,,21,21,22,14,15,14,,37,24,26,16,9,5,0.8,0.8
2025-01-11T0000,1264A,118.8692,28.9398,衢州市,环保大楼,颗粒物(PM10),54,58,45,33,22,27,,64,37,50,35,4,4,0.6,0.5
2025-01-11T0000,1265A,118.8709,28.9666,衢州市,实验学校,,49,49,35,32,15,25,,71,40,46,29,8,8,0.5,0.5
2025-01-11T0000,1266A,118.8621,28.9808,衢州市,衢州学院,,50,50,33,33,21,22,,70,36,58,35,5,5,0.4,0.6
2025-01-11T0000,1611A,118.5819,24.9117,泉州市,涂山街,,26,21,46,6,23,83,,95,86,8,16,3,2,0.2,0.3
2025-01-11T0000,1612A,118.5972,24.8978,泉州市,津头埔,,26,23,44,9,26,81,,94,85,12,19,2,4,0.3,0.4
2025-01-11T0000,1613A,118.6663,24.9424,泉州市,万安,,26,23,48,7,24,81,,99,88,12,18,1,3,0.3,0.4
2025-01-11T0000,1614A,118.6117,24.9604,泉州市,清源山,,,,,,,,,,,,,,,,
2025-01-11T0000,3529A,118.6333,24.9264,泉州市,城华南路,,25,20,49,3,20,80,,91,83,8,21,3,5,0.4,0.5
2025-01-11T0000,2626A,88.8876,29.2718,日喀则市,日喀则监测站,细颗粒物(PM2.5),169,165,33,128,18,18,,107,66,73,26,11,6,1.9,0.6
2025-01-11T0000,3726A,88.8781,29.2426,日喀则市,林业技术推广中心,,28,14,27,3,3,88,,107,100,2,2,7,6,0.2,0.2
2025-01-11T0000,1659A,119.471,35.4209,日照市,监测站,细颗粒物(PM2.5),77,85,50,56,30,4,,57,13,68,49,19,13,1.4,0.8
2025-01-11T0000,1660A,119.523,35.4216,日照市,市政府广场,颗粒物(PM10),62,73,38,37,19,6,,61,20,69,35,13,7,1.2,0.8
2025-01-11T0000,1661A,119.5587,35.4044,日照市,港务局,"颗粒物(PM10),细颗粒物(PM2.5)",63,75,44,45,23,4,,58,16,70,41,20,14,1.1,0.8
2025-01-11T0000,3507A,119.5328,35.4625,日照市,职业技术学院,细颗粒物(PM2.5),64,73,44,46,19,4,,60,12,67,41,12,9,1.1,0.7
2025-01-11T0000,3604A,119.3266,35.1044,日照市,岚山环保分局,细颗粒物(PM2.5),88,119,66,65,33,12,,63,29,79,45,30,16,1.5,1.1
2025-01-11T0000,1835A,111.1922,34.7752,三门峡市,市政府,细颗粒物(PM2.5),75,84,76,55,47,1,,22,9,61,56,13,14,0.8,1.3
2025-01-11T0000,1836A,111.1587,34.7942,三门峡市,开发区,细颗粒物(PM2.5),85,109,100,63,62,2,,23,10,57,48,8,7,0.9,0.9
2025-01-11T0000,1838A,111.143,34.7955,三门峡市,风景区,细颗粒物(PM2.5),99,99,85,74,54,4,,30,18,54,43,10,13,0.8,0.8
2025-01-11T0000,3039A,111.1911,34.7829,三门峡市,三门峡市第一小学,细颗粒物(PM2.5),79,90,81,58,53,2,,23,12,60,49,11,14,1.0,0.9
2025-01-11T0000,3598A,111.1,34.7167,三门峡市,富达温泉假日酒店,细颗粒物(PM2.5),95,96,104,71,63,4,,27,13,60,55,11,14,0.9,0.9
2025-01-11T0000,2324A,117.6211,26.2625,三明市,三钢,颗粒物(PM10),60,70,43,35,35,46,,95,68,26,14,3,3,0.6,0.5
2025-01-11T0000,2325A,117.635,26.2714,三明市,三明二中,,36,25,32,25,26,55,,94,70,19,13,2,3,0.6,0.5
2025-01-11T0000,2326A,117.6028,26.2378,三明市,三元区政府,,42,36,35,29,26,29,,95,63,37,15,3,3,0.5,0.4
2025-01-11T0000,2327A,117.7275,26.3108,三明市,洋溪,,,,,,,,,,,,,,,,
2025-01-11T0000,1876A,109.5078,18.2489,三亚市,河东子站,,50,47,63,35,39,112,,143,118,7,9,4,4,0.8,0.7
2025-01-11T0000,1877A,109.4964,18.2681,三亚市,河西子站,细颗粒物(PM2.5),55,47,57,39,38,103,,136,114,10,12,3,3,0.6,0.6
2025-01-11T0000,3540A,109.7348,18.3443,三亚市,君悦子站,,42,36,71,29,39,112,,143,118,13,12,4,4,0.5,0.6
2025-01-11T0000,2624A,91.7608,29.2313,山南市,山南监测站,,38,38,44,19,12,60,,106,91,29,12,6,5,0.7,0.4
2025-01-11T0000,2625A,91.7706,29.2436,山南市,山南人民医院,,33,33,62,18,20,71,,106,96,25,12,3,2,0.7,0.5
2025-01-11T0000,1674A,116.6794,23.3667,汕头市,金平子站,,30,30,50,18,39,83,,123,105,18,22,6,7,0.8,0.8
2025-01-11T0000,1675A,116.7244,23.3633,汕头市,龙湖子站,,38,38,53,18,31,82,,116,100,14,19,4,5,0.6,0.7
2025-01-11T0000,1676A,116.7258,23.2775,汕头市,濠江子站,,28,26,49,19,45,86,,119,104,13,17,4,5,0.5,0.7
2025-01-11T0000,1677A,116.7519,23.4714,汕头市,澄海子站,,42,42,48,20,37,80,,115,100,19,22,9,10,0.8,1
2025-01-11T0000,1678A,116.6092,23.2539,汕头市,潮阳子站,,30,30,55,9,28,87,,125,109,12,19,7,8,0.5,0.6
2025-01-11T0000,3444A,116.454,23.2684,汕头市,潮南峡山,,32,32,67,12,34,83,,118,105,16,22,8,10,0.6,0.7
2025-01-11T0000,3624A,116.4069,23.2533,汕头市,潮南子站,,42,42,72,16,42,79,,116,102,17,22,10,11,0.6,0.8
2025-01-11T0000,1693A,115.3653,22.775,汕尾市,市环保局,细颗粒物(PM2.5),67,63,48,48,38,88,,115,,15,14,8,10,0.7,0.6
2025-01-11T0000,1694A,115.3706,22.7898,汕尾市,市政府,细颗粒物(PM2.5),58,60,45,41,32,90,,107,106,17,11,10,11,0.7,0.6
2025-01-11T0000,1695A,115.3622,22.7925,汕尾市,新城中学,细颗粒物(PM2.5),62,56,48,44,32,93,,100,100,14,11,8,9,0.7,0.6
2025-01-11T0000,2645A,109.9154,33.8715,商洛市,监测站,颗粒物(PM10),60,70,56,33,32,40,,76,59,35,29,5,3,0.7,0.6
2025-01-11T0000,3045A,109.9643,33.8471,商洛市,商州区中学,颗粒物(PM10),57,64,71,32,32,26,,74,59,46,33,5,5,0.5,0.8
2025-01-11T0000,2408A,115.6702,34.4285,商丘市,环境监测站,细颗粒物(PM2.5),84,82,62,62,43,27,,65,35,55,44,10,10,1.1,1
2025-01-11T0000,2409A,115.6458,34.4045,商丘市,粮食局,细颗粒物(PM2.5),82,91,61,60,40,22,,68,18,52,32,5,7,0.7,0.9
2025-01-11T0000,2410A,115.6293,34.3948,商丘市,睢阳区环保局,细颗粒物(PM2.5),87,95,80,64,49,8,,59,17,75,51,5,5,0.9,0.9
2025-01-11T0000,3171A,115.6071,34.4465,商丘市,梁园区档案局,细颗粒物(PM2.5),74,69,61,54,47,45,,70,46,39,44,6,6,0.7,0.8
2025-01-11T0000,1141A,121.4,31.238,上海市,普陀,颗粒物(PM10),57,64,45,29,16,12,,59,24,68,37,9,8,1.0,0.8
2025-01-11T0000,1142A,121.478,31.2036,上海市,十五厂,颗粒物(PM10),51,51,39,32,17,21,,59,36,63,32,14,12,1.1,0.9
2025-01-11T0000,1143A,121.467,31.3008,上海市,虹口,颗粒物(PM10),57,64,43,34,19,6,,62,27,88,45,10,8,1.4,1.2
2025-01-11T0000,1145A,121.536,31.2659,上海市,杨浦四漂,,41,41,37,27,17,18,,60,34,60,37,9,9,0.7,0.7
2025-01-11T0000,1147A,121.425,31.2261,上海市,静安监测站,颗粒物(PM10),56,61,43,34,18,20,,62,34,66,35,11,10,0.9,0.8
2025-01-11T0000,1148A,121.703,31.1907,上海市,浦东川沙,颗粒物(PM10),58,65,38,24,12,8,,68,34,80,33,7,8,0.6,0.6
2025-01-11T0000,1149A,121.533,31.2284,上海市,浦东新区监测站,,45,45,38,26,17,28,,61,38,55,37,8,8,0.8,0.8
2025-01-11T0000,1150A,121.577,31.2071,上海市,浦东张江,,47,47,37,32,16,22,,63,35,60,35,7,7,0.5,0.6
2025-01-11T0000,3265A,121.4316,31.3322,上海市,宝山庙行,颗粒物(PM10),51,52,42,32,19,17,,65,26,51,32,9,8,0.7,0.7
2025-01-11T0000,3266A,121.8791,31.4662,上海市,崇明上实东滩,细颗粒物(PM2.5),63,64,31,45,15,48,,84,66,16,9,6,6,0.6,0.5
2025-01-11T0000,3268A,121.3162,31.2838,上海市,嘉定南翔,颗粒物(PM10),61,71,46,37,19,2,,60,20,78,44,8,8,1.1,0.8
2025-01-11T0000,3269A,121.3359,30.7456,上海市,金山新城,细颗粒物(PM2.5),59,65,44,42,23,5,,60,28,70,35,6,6,0.5,0.4
2025-01-11T0000,3270A,121.4996,31.0739,上海市,闵行浦江,颗粒物(PM10),57,63,47,38,19,4,,61,24,82,41,9,8,1.1,0.9
2025-01-11T0000,3271A,121.2886,31.1663,上海市,青浦徐泾,颗粒物(PM10),59,68,43,38,20,2,,61,19,84,46,12,11,0.8,0.6
2025-01-11T0000,3272A,121.2186,31.0378,上海市,松江图书馆,颗粒物(PM10),62,73,48,39,21,2,,62,25,80,38,8,9,1.0,0.8
2025-01-11T0000,3273A,121.3902,31.2059,上海市,长宁仙霞,"颗粒物(PM10),细颗粒物(PM2.5)",53,56,44,37,19,14,,63,31,72,39,11,10,0.5,0.4
2025-01-11T0000,3274A,121.7965,31.0507,上海市,浦东惠南,颗粒物(PM10),53,56,41,22,14,5,,66,16,77,38,7,7,0.7,0.7
2025-01-11T0000,3544A,121.4891,30.925,上海市,奉贤南桥新城,颗粒物(PM10),63,75,44,39,19,2,,57,21,87,42,11,9,1.2,0.8
2025-01-11T0000,4183A,121.4174,31.16637,上海市,冠生园路458号,颗粒物(PM10),53,56,43,36,20,21,,54,33,56,37,8,6,0.6,0.6
2025-01-11T0000,2381A,118.005,28.4572,上饶市,百草园,颗粒物(PM10),73,95,40,32,23,37,,73,58,17,7,6,6,0.5,0.4
2025-01-11T0000,2382A,117.9756,28.4436,上饶市,市监测站,,50,50,41,26,20,15,,75,52,48,16,11,9,0.7,0.6
2025-01-11T0000,2383A,117.9519,28.4628,上饶市,凤凰光学,,50,50,42,22,19,29,,77,43,41,28,16,11,0.9,0.8
2025-01-11T0000,3413A,118.1953,28.4401,上饶市,广丰区教体局,颗粒物(PM10),51,51,42,30,22,33,,72,48,16,17,8,8,0.7,0.6
2025-01-11T0000,3685A,117.897,28.4315,上饶市,双创科技城,,48,48,46,30,24,35,,73,47,37,27,11,7,0.7,0.7
2025-01-11T0000,1669A,113.5824,24.7733,韶关市,市八中,,24,24,32,11,16,75,,95,82,11,12,10,10,0.4,0.4
2025-01-11T0000,1671A,113.5917,24.7972,韶关市,园林处,,24,23,28,13,18,74,,101,86,14,14,10,10,0.3,0.4
2025-01-11T0000,1672A,113.6735,24.7791,韶关市,韶关学院,,23,23,33,14,19,32,,84,60,36,19,8,10,0.4,0.4
2025-01-11T0000,1673A,113.5971,24.6863,韶关市,曲江监测站,,26,26,33,11,18,60,,87,74,14,14,10,12,0.3,0.5
2025-01-11T0000,3622A,113.5556,24.8082,韶关市,碧湖山庄,,29,29,31,16,17,59,,83,70,11,11,11,11,0.5,0.5
2025-01-11T0000,2462A,111.5239,27.3033,邵阳市,市水土所,,,,,,,,,,,,,,,,
2025-01-11T0000,2463A,111.4733,27.2317,邵阳市,市一中,细颗粒物(PM2.5),64,54,52,46,46,76,,93,86,14,18,10,8,0.5,0.5
2025-01-11T0000,2464A,111.5283,27.2442,邵阳市,市化工厂,细颗粒物(PM2.5),65,73,61,47,44,70,,90,78,12,12,12,10,0.8,0.8
2025-01-11T0000,2465A,111.4503,27.2537,邵阳市,市罐头厂,细颗粒物(PM2.5),65,52,52,47,46,86,,94,85,21,17,11,9,0.6,0.7
2025-01-11T0000,2466A,111.4328,27.2272,邵阳市,市环保局,细颗粒物(PM2.5),64,49,46,46,37,85,,91,87,14,15,11,9,0.6,0.6
2025-01-11T0000,1247A,120.6053,29.9928,绍兴市,城东开发委,颗粒物(PM10),59,67,55,39,26,4,,65,27,67,39,6,7,0.7,0.7
2025-01-11T0000,2921A,120.5483,30.0003,绍兴市,树下王站,"颗粒物(PM10),细颗粒物(PM2.5)",62,74,47,44,27,6,,61,30,69,38,6,7,0.7,0.6
2025-01-11T0000,3408A,120.5683,29.9361,绍兴市,绍兴中专,颗粒物(PM10),57,64,50,30,24,15,,62,22,47,37,7,8,0.7,0.7
2025-01-11T0000,3409A,120.4906,30.0861,绍兴市,柯桥区政府,颗粒物(PM10),70,90,56,49,27,9,,61,35,67,38,11,12,0.9,0.7
2025-01-11T0000,3410A,120.8752,30.0249,绍兴市,重华小学,颗粒物(PM10),53,56,43,33,21,11,,66,33,56,33,9,11,0.6,0.5
2025-01-11T0000,3411A,120.8369,30.0137,绍兴市,上虞中学,颗粒物(PM10),54,58,43,36,22,1,,65,30,59,28,26,9,0.8,0.6
2025-01-11T0000,3560A,120.4722,30.0415,绍兴市,柯桥妇保,颗粒物(PM10),64,78,62,34,22,8,,58,17,52,39,6,7,0.7,0.6
2025-01-11T0000,3658A,120.6153,30.0764,绍兴市,袍江中学,细颗粒物(PM2.5),53,,47,37,25,20,,60,37,62,39,9,9,0.7,0.6
2025-01-11T0000,1356A,114.1063,22.5545,深圳市,通心岭子站,,40,40,49,18,24,79,,97,80,24,25,8,8,0.6,0.6
2025-01-11T0000,1357A,114.117,22.5625,深圳市,洪湖,,45,45,51,19,22,73,,92,73,29,31,7,7,0.5,0.5
2025-01-11T0000,1358A,113.987,22.5417,深圳市,华侨城,,38,38,50,17,23,65,,93,75,35,32,7,6,0.7,0.6
2025-01-11T0000,1359A,113.9181,22.5171,深圳市,南海子站,,46,46,64,18,25,74,,104,84,34,32,7,7,0.5,0.6
2025-01-11T0000,1360A,114.2458,22.5689,深圳市,盐田,,46,46,52,17,19,84,,84,82,18,26,9,8,0.6,0.6
2025-01-11T0000,1361A,114.2283,22.7244,深圳市,龙岗,,46,46,47,23,22,80,,99,86,26,24,10,9,0.6,0.6
2025-01-11T0000,1363A,114.494,22.5422,深圳市,南澳,,34,34,35,12,17,81,,100,74,12,15,9,10,0.5,0.5
2025-01-11T0000,1364A,114.41,22.6342,深圳市,葵涌,,36,36,42,17,20,67,,90,78,20,18,5,6,0.5,0.6
2025-01-11T0000,1365A,114.297,22.5978,深圳市,梅沙,,47,47,48,24,19,87,,102,92,17,17,9,9,0.6,0.6
2025-01-11T0000,1366A,114.0678,22.738,深圳市,观澜,颗粒物(PM10),51,51,58,23,24,70,,91,78,24,25,6,6,0.6,0.5
2025-01-11T0000,3305A,114.0731,22.559,深圳市,莲花,,37,37,49,19,24,68,,94,74,26,23,9,8,0.4,0.4
2025-01-11T0000,3306A,114.0261,22.6198,深圳市,民治,,43,43,55,20,27,76,,94,81,23,26,8,7,0.6,0.6
2025-01-11T0000,3307A,114.1871,22.6451,深圳市,横岗,,50,50,52,24,24,77,,94,78,23,25,7,7,0.6,0.5
2025-01-11T0000,3447A,114.3551,22.7151,深圳市,坪山,颗粒物(PM10),55,59,57,27,26,75,,95,76,28,25,8,7,0.4,0.5
2025-01-11T0000,3623A,113.8953,22.5861,深圳市,西乡,,46,46,50,3,1,55,,104,80,37,26,8,8,0.5,0.5
2025-01-11T0000,1098A,123.6836,41.9339,沈阳市,森林路,,,,,,,,,,,,,,,,
2025-01-11T0000,1099A,123.505,41.7406,沈阳市,浑南东路,细颗粒物(PM2.5),117,138,89,88,60,17,,32,27,77,56,13,12,2.1,1.3
2025-01-11T0000,1100A,123.4231,41.6989,沈阳市,新秀街,细颗粒物(PM2.5),65,73,90,47,52,8,,26,15,64,51,13,16,1.2,1.2
2025-01-11T0000,1102A,123.5903,41.8411,沈阳市,东陵路,细颗粒物(PM2.5),62,56,74,44,55,6,,33,15,51,45,8,10,0.9,1.2
2025-01-11T0000,1103A,123.4264,41.8467,沈阳市,陵东街,细颗粒物(PM2.5),98,112,90,73,86,5,,30,10,85,59,12,15,1.5,1.4
2025-01-11T0000,1104A,123.4114,41.7653,沈阳市,文化路,,50,50,94,31,62,25,,39,35,57,50,21,14,0.5,1
2025-01-11T0000,1105A,123.4678,41.7867,沈阳市,小河沿,细颗粒物(PM2.5),62,66,81,44,56,21,,35,32,51,47,11,14,0.7,1.1
2025-01-11T0000,1106A,123.4017,41.7972,沈阳市,太原街,细颗粒物(PM2.5),55,55,88,39,62,37,,36,35,42,50,20,23,0.7,1.1
2025-01-11T0000,1108A,123.3783,41.9228,沈阳市,京沈街,"颗粒物(PM10),细颗粒物(PM2.5)",58,66,75,41,56,4,,42,31,73,47,12,15,0.9,1
2025-01-11T0000,2897A,123.2444,41.7347,沈阳市,沈辽西路,细颗粒物(PM2.5),139,194,126,106,63,7,,33,15,77,61,18,18,1.9,1.2
2025-01-11T0000,2900A,123.5953,41.9086,沈阳市,裕农路,,46,41,58,32,44,50,,39,39,20,39,7,9,0.6,1
2025-01-11T0000,2428A,111.0419,32.395,十堰市,武当山,,31,31,30,19,16,90,,92,91,11,10,9,9,0.6,0.6
2025-01-11T0000,2429A,110.78,32.6494,十堰市,滨河新村,细颗粒物(PM2.5),92,100,81,68,52,6,,43,15,55,36,9,9,1.4,1
2025-01-11T0000,2430A,110.7258,32.6389,十堰市,刘家沟,细颗粒物(PM2.5),74,65,72,54,48,18,,45,24,29,26,10,10,0.9,0.7
2025-01-11T0000,2431A,110.8839,32.5714,十堰市,铁二处,细颗粒物(PM2.5),92,75,67,68,58,9,,37,21,45,35,7,7,1.0,0.8
2025-01-11T0000,3545A,110.8054,32.8401,十堰市,郧阳区金沙路,细颗粒物(PM2.5),69,,42,50,43,26,,52,27,49,41,4,6,0.7,0.7
2025-01-11T0000,2709A,86.0497,44.2967,石河子市,艾青诗歌馆,细颗粒物(PM2.5),59,56,91,42,63,50,,38,38,18,33,8,8,0.7,0.8
2025-01-11T0000,3442A,86.047,44.2331,石河子市,南区管委会,细颗粒物(PM2.5),84,89,82,62,61,27,,55,26,36,27,5,6,1.0,0.8
2025-01-11T0000,4051A,86.0791,44.3017,石河子市,世纪广场,颗粒物(PM10),102,154,100,47,64,46,,36,24,29,37,7,6,0.8,0.9
2025-01-11T0000,1029A,114.4422,38.0444,石家庄市,职工医院,颗粒物(PM10),60,70,40,42,29,3,,50,28,66,39,8,12,0.7,0.6
2025-01-11T0000,1030A,114.6063,38.0266,石家庄市,高新区,颗粒物(PM10),53,55,52,36,26,20,,54,33,51,41,8,6,0.6,0.6
2025-01-11T0000,1031A,114.4898,38.1328,石家庄市,西北水源,颗粒物(PM10),72,94,53,41,19,6,,56,24,71,45,6,6,0.9,0.6
2025-01-11T0000,1032A,114.4586,38.0058,石家庄市,西南高教,颗粒物(PM10),66,81,48,34,21,3,,52,28,68,41,8,9,0.7,0.5
2025-01-11T0000,1033A,114.5331,38.0178,石家庄市,世纪公园,颗粒物(PM10),52,54,47,31,25,22,,53,34,44,35,7,9,0.6,0.5
2025-01-11T0000,1034A,114.509,38.0457,石家庄市,人民会堂,,47,47,44,22,14,15,,55,38,53,33,8,11,0.6,0.6
2025-01-11T0000,1035A,114.3524,37.8911,石家庄市,封龙山,,46,46,34,26,17,49,,69,51,24,16,15,11,0.6,0.5
2025-01-11T0000,2862A,114.5481,38.0378,石家庄市,22中南校区,细颗粒物(PM2.5),53,43,42,37,19,26,,53,35,37,30,8,10,0.6,0.6
2025-01-11T0000,3456A,114.289,38.0906,石家庄市,鹿泉一中,颗粒物(PM10),75,99,58,40,33,6,,53,22,57,39,9,13,0.7,0.6
2025-01-11T0000,3573A,114.8506765,38.0322033,石家庄市,藁城区实验学校,,47,47,49,26,20,15,,52,31,57,44,11,7,0.7,0.7
2025-01-11T0000,3574A,114.0504658,38.0591645,石家庄市,井陉矿区区委大楼,颗粒物(PM10),66,81,69,27,20,2,,44,21,65,51,17,19,0.7,0.7
2025-01-11T0000,4024A,114.6549,37.9020,石家庄市,栾城区星河路,细颗粒物(PM2.5),58,63,57,41,32,8,,53,24,53,46,9,8,0.8,0.7
2025-01-11T0000,1947A,106.3394,38.817,石嘴山市,沙湖旅游区,,,,,,,,,,,,,,,,
2025-01-11T0000,1948A,106.3668,39.0145,石嘴山市,大武口朝阳西街,,28,28,56,12,23,86,,69,69,2,14,7,25,0.6,0.8
2025-01-11T0000,1949A,106.7704,39.2282,石嘴山市,惠农南大街,,49,49,53,14,19,74,,78,76,13,16,13,16,0.2,0.4
2025-01-11T0000,1950A,106.7099,39.1325,石嘴山市,红果子镇惠新街,颗粒物(PM10),68,85,68,20,23,61,,69,65,28,22,83,36,0.5,0.8
2025-01-11T0000,3520A,106.3495,38.9836,石嘴山市,妇女儿童医院,,47,47,60,14,24,87,,72,72,8,19,6,16,0.4,0.6
2025-01-11T0000,3521A,106.7492,39.2069,石嘴山市,石大公路,,38,38,49,15,24,78,,85,84,14,17,16,17,0.5,0.5
2025-01-11T0000,2248A,131.1511,46.6937,双鸭山市,双合村,颗粒物(PM10),65,79,76,45,44,52,,52,50,23,29,16,23,0.7,0.8
2025-01-11T0000,2249A,131.1652,46.6191,双鸭山市,南小市,,43,,49,30,47,56,,56,55,22,24,13,12,0.8,0.7
2025-01-11T0000,2250A,131.1524,46.6554,双鸭山市,环保局,细颗粒物(PM2.5),59,42,56,42,54,63,,62,62,15,20,14,12,0.6,0.6
2025-01-11T0000,2251A,131.12,46.5656,双鸭山市,苗圃,,,,,,,,,,,,,,,,
2025-01-11T0000,2166A,112.4397,39.3522,朔州市,平朔,颗粒物(PM10),87,124,133,43,37,4,,46,25,49,41,33,32,1.1,1
2025-01-11T0000,2167A,112.4575,39.3617,朔州市,朔唯,颗粒物(PM10),88,126,121,37,36,9,,44,26,62,46,66,48,0.9,0.9
2025-01-11T0000,2168A,112.4258,39.3197,朔州市,区政府,颗粒物(PM10),66,82,90,26,35,7,,45,29,58,38,32,33,0.9,1
2025-01-11T0000,2169A,112.4072,39.3278,朔州市,市环保局,颗粒物(PM10),76,101,77,52,34,9,,41,28,49,34,30,26,1.2,0.9
2025-01-11T0000,2170A,112.4272,39.3681,朔州市,市二中,颗粒物(PM10),86,121,134,44,37,4,,46,22,53,43,29,33,1.1,0.9
2025-01-11T0000,3571A,112.2931,39.53,朔州市,一水厂,,47,47,63,32,25,12,,54,41,53,34,11,12,0.6,0.5
2025-01-11T0000,2225A,124.4002,43.1713,四平市,一商场,细颗粒物(PM2.5),119,182,82,90,51,15,,53,28,54,42,12,13,1.6,0.7
2025-01-11T0000,2226A,124.388,43.193,四平市,境园,细颗粒物(PM2.5),83,90,83,61,65,7,,49,17,52,48,1,1,0.8,0.7
2025-01-11T0000,3486A,124.4036,43.1411,四平市,植物园,细颗粒物(PM2.5),107,101,74,80,49,7,,53,18,60,51,27,16,0.8,0.7
2025-01-11T0000,3713A,124.3419,43.1666,四平市,世纪城,细颗粒物(PM2.5),119,115,78,90,55,15,,47,24,59,42,9,8,1.3,0.7
2025-01-11T0000,2233A,124.8006,45.1214,松原市,江南,细颗粒物(PM2.5),68,56,59,49,50,30,,55,29,40,38,6,11,0.5,0.7
2025-01-11T0000,2234A,124.7965,45.1722,松原市,江北,细颗粒物(PM2.5),72,57,47,52,45,28,,62,38,39,27,3,3,0.8,0.7
2025-01-11T0000,1160A,120.561,31.2472,苏州市,上方山,,,,,32,19,7,,58,34,71,34,7,8,1.1,1
2025-01-11T0000,1162A,120.591,31.3019,苏州市,彩香,细颗粒物(PM2.5),67,77,58,48,27,2,,58,19,68,34,10,10,0.8,0.7
2025-01-11T0000,1163A,120.596,31.3264,苏州市,轧钢厂,颗粒物(PM10),71,92,61,47,25,2,,57,15,76,46,9,8,0.9,0.8
2025-01-11T0000,1164A,120.613,31.2703,苏州市,吴中区,颗粒物(PM10),59,67,51,37,23,4,,58,27,82,40,8,8,0.9,0.8
2025-01-11T0000,1165A,120.543,31.2994,苏州市,苏州新区,细颗粒物(PM2.5),64,72,60,46,26,4,,60,24,85,45,10,9,0.7,0.7
2025-01-11T0000,1166A,120.669,31.3097,苏州市,苏州工业园区,"颗粒物(PM10),细颗粒物(PM2.5)",68,86,57,49,27,4,,51,18,78,42,9,9,0.8,0.9
2025-01-11T0000,1167A,120.641,31.3708,苏州市,相城区,颗粒物(PM10),60,70,53,37,21,1,,60,22,77,39,10,9,0.8,0.7
2025-01-11T0000,3289A,120.743,31.3188,苏州市,方洲路,颗粒物(PM10),56,62,45,35,20,4,,63,20,75,36,7,8,0.6,0.6
2025-01-11T0000,3290A,120.5031,31.2774,苏州市,木渎中学,颗粒物(PM10),56,62,52,37,25,9,,62,33,62,34,10,9,0.7,0.6
2025-01-11T0000,3425A,120.624,31.1733,苏州市,越秀幼儿园,颗粒物(PM10),58,65,50,35,24,15,,60,28,64,32,8,8,0.7,0.7
2025-01-11T0000,3431A,120.6505,31.416,苏州市,高铁新城,颗粒物(PM10),64,78,57,44,25,4,,61,18,74,42,9,9,0.6,0.6
2025-01-11T0000,1220A,118.293,33.9528,宿迁市,宿迁学院,细颗粒物(PM2.5),68,84,53,49,26,2,,63,25,64,30,4,4,1.0,0.7
2025-01-11T0000,1221A,118.2442,33.9592,宿迁市,宿迁中学,细颗粒物(PM2.5),78,98,51,57,28,4,,58,20,75,38,6,5,0.8,0.6
2025-01-11T0000,2996A,118.283,33.965,宿迁市,市供电局,"颗粒物(PM10),细颗粒物(PM2.5)",65,80,49,47,29,18,,61,28,64,36,3,3,0.9,0.7
2025-01-11T0000,3191A,118.3225,33.9447,宿迁市,宿豫区政府,细颗粒物(PM2.5),77,69,53,56,30,1,,62,23,84,40,3,3,0.9,0.6
2025-01-11T0000,3187A,116.9509,33.666,宿州市,远航博物馆,细颗粒物(PM2.5),72,81,67,52,39,6,,63,32,69,42,5,6,0.6,0.4
2025-01-11T0000,3463A,116.9708,33.591,宿州市,社会福利中心,细颗粒物(PM2.5),84,91,75,62,43,9,,59,28,81,51,10,10,0.7,0.6
2025-01-11T0000,3634A,116.9884,33.6305,宿州市,宿州学院,细颗粒物(PM2.5),94,106,76,70,44,6,,61,26,66,42,10,9,0.9,0.6
2025-01-11T0000,3701A,116.9648,33.6252,宿州市,皖北煤电集团,细颗粒物(PM2.5),87,100,70,64,42,3,,60,24,67,46,7,7,1.0,0.6
2025-01-11T0000,2266A,126.9785,46.6365,绥化市,人和东街,细颗粒物(PM2.5),285,237,144,235,134,13,,45,36,75,54,5,6,1.8,1.4
2025-01-11T0000,2267A,126.964,46.6528,绥化市,党政办公中心,细颗粒物(PM2.5),276,253,184,226,147,14,,33,32,83,64,7,8,2.0,1.6
2025-01-11T0000,2451A,113.3583,31.7275,随州市,市委党校,细颗粒物(PM2.5),89,94,73,66,47,12,,64,30,59,40,7,8,0.7,0.7
2025-01-11T0000,2452A,113.3833,31.6908,随州市,市林业局,细颗粒物(PM2.5),75,68,51,55,40,12,,63,34,50,31,10,10,0.8,0.6
2025-01-11T0000,2453A,113.3983,31.7308,随州市,市立交桥水厂,细颗粒物(PM2.5),89,96,69,66,46,5,,54,18,60,48,12,11,0.9,0.8
2025-01-11T0000,2527A,105.5453,30.5678,遂宁市,石溪浩,细颗粒物(PM2.5),52,36,44,36,37,17,,19,14,14,17,2,3,0.6,0.6
2025-01-11T0000,2528A,105.5582,30.5232,遂宁市,市监测站,,48,41,44,33,38,7,,23,15,22,22,7,7,0.4,0.5
2025-01-11T0000,2529A,105.5861,30.5366,遂宁市,行政中心,,49,42,44,34,33,18,,24,18,21,25,8,9,0.5,0.5
2025-01-11T0000,2530A,105.5918,30.4728,遂宁市,美宁食品公司,,45,41,52,31,34,16,,27,18,11,15,6,7,0.5,0.6
2025-01-11T0000,2706A,82.9994,46.7432,塔城地区,东门外小游园,,13,,15,8,10,40,,39,38,17,19,3,3,0.3,0.2
2025-01-11T0000,1255A,121.273,28.6459,台州市,黄岩环保大楼,,44,44,35,25,17,42,,70,52,31,22,4,4,0.5,0.4
2025-01-11T0000,1256A,121.419,28.6542,台州市,台州环保大楼,,47,47,34,29,21,47,,66,55,21,17,6,5,0.6,0.6
2025-01-11T0000,1257A,121.377,28.5773,台州市,路桥田洋王,,43,43,38,24,20,50,,69,56,29,25,4,4,0.6,0.6
2025-01-11T0000,3564A,121.2568,28.6681,台州市,台州科技职业学院,颗粒物(PM10),54,58,40,22,16,48,,70,58,27,19,7,6,0.6,0.5
2025-01-11T0000,1081A,112.522,37.8873,太原市,尖草坪,,45,45,52,22,23,52,,46,46,19,36,16,16,0.5,0.6
2025-01-11T0000,1083A,112.434,38.0108,太原市,上兰,,43,43,44,30,25,47,,50,50,11,18,9,17,0.6,0.6
2025-01-11T0000,1084A,112.469,37.7124,太原市,晋源,细颗粒物(PM2.5),55,48,59,39,34,19,,48,40,49,44,14,17,0.6,0.7
2025-01-11T0000,1085A,112.5583,37.7394,太原市,小店,颗粒物(PM10),52,54,67,34,36,32,,50,45,41,44,10,15,0.5,0.9
2025-01-11T0000,1086A,112.5369,37.8692,太原市,桃园,,48,48,56,27,28,53,,51,51,21,36,13,14,0.5,0.7
2025-01-11T0000,1087A,112.57,37.8195,太原市,坞城,,47,47,65,29,37,48,,50,49,24,46,15,25,0.4,0.9
2025-01-11T0000,1088A,112.549,37.9854,太原市,南寨,颗粒物(PM10),56,62,58,32,21,5,,39,30,64,40,10,15,0.6,0.5
2025-01-11T0000,3618A,112.4719,37.7831,太原市,金胜,颗粒物(PM10),51,52,64,25,25,33,,60,54,38,33,11,13,0.4,0.5
2025-01-11T0000,4010A,112.5608,37.8807,太原市,育英中学,,47,47,52,23,26,54,,51,51,21,41,16,19,0.5,0.7
2025-01-11T0000,1656A,117.1437,36.1937,泰安市,监测站,细颗粒物(PM2.5),78,85,61,57,35,6,,50,20,66,50,14,10,1.2,0.8
2025-01-11T0000,1657A,117.0885,36.2017,泰安市,人口学校,"颗粒物(PM10),细颗粒物(PM2.5)",58,66,58,41,25,26,,47,31,36,38,7,8,0.7,0.6
2025-01-11T0000,1658A,117.1089,36.1758,泰安市,电力学校,细颗粒物(PM2.5),72,92,68,52,38,4,,49,15,72,54,16,15,1.5,1.1
2025-01-11T0000,3502A,117.1812,36.2275,泰安市,国网新校,细颗粒物(PM2.5),55,44,48,39,28,45,,57,45,19,26,4,6,0.7,0.7
2025-01-11T0000,3503A,117.0313,36.2018,泰安市,交通技校,细颗粒物(PM2.5),79,81,48,58,36,3,,51,18,67,54,7,5,0.9,0.7
2025-01-11T0000,3504A,117.0829,36.13,泰安市,山东第一医科大学,细颗粒物(PM2.5),65,75,57,47,31,12,,60,30,70,48,18,10,1.1,1.1
2025-01-11T0000,1206A,119.905,32.4878,泰州市,公园路,细颗粒物(PM2.5),67,63,38,48,21,2,,71,45,78,29,7,7,0.7,0.5
2025-01-11T0000,1207A,119.9189,32.4625,泰州市,莲花,细颗粒物(PM2.5),62,66,41,44,22,8,,71,46,74,26,5,5,1.1,0.9
2025-01-11T0000,1209A,119.888,32.4639,泰州市,留学生创业园,细颗粒物(PM2.5),132,124,50,100,30,1,,73,34,76,38,8,8,1.0,0.7
2025-01-11T0000,2997A,119.8767,32.3289,泰州市,王营,细颗粒物(PM2.5),62,66,43,44,23,1,,70,28,86,46,4,4,0.8,0.6
2025-01-11T0000,3295A,120.1259,32.5099,泰州市,姜堰区政府广场,细颗粒物(PM2.5),57,44,37,40,24,29,,71,54,57,31,8,7,0.7,0.7
2025-01-11T0000,3435A,119.9192,32.4322,泰州市,周山河街区,细颗粒物(PM2.5),63,72,42,45,21,14,,71,49,54,25,7,7,0.8,0.6
2025-01-11T0000,1037A,118.131,39.6363,唐山市,雷达站,颗粒物(PM10),57,64,38,34,19,5,,63,28,73,42,6,5,0.7,0.6
2025-01-11T0000,1038A,118.1725,39.6334,唐山市,物资局,颗粒物(PM10),57,63,34,27,12,4,,62,28,77,34,10,8,0.8,0.6
2025-01-11T0000,1040A,118.1705,39.6506,唐山市,十二中,,48,44,23,33,16,4,,62,29,76,35,4,4,0.7,0.5
2025-01-11T0000,1041A,118.1869,39.622,唐山市,小山,细颗粒物(PM2.5),82,73,29,60,19,7,,70,29,82,34,12,7,1.0,0.6
2025-01-11T0000,3457A,118.4359,39.2762,唐山市,冀东油田职工医院,,26,,33,18,19,22,,49,20,39,37,4,8,0.4,0.6
2025-01-11T0000,3575A,118.09279,39.58089,唐山市,正泰大街热力站,颗粒物(PM10),63,75,40,37,23,8,,60,20,71,43,4,4,0.7,0.6
2025-01-11T0000,3576A,118.1562,39.8322,唐山市,丰润区政府,细颗粒物(PM2.5),117,161,53,88,32,10,,67,25,61,38,22,9,2.4,1
2025-01-11T0000,3577A,118.43673,39.73809,唐山市,金山小学,颗粒物(PM10),66,82,56,40,22,6,,66,21,72,38,20,10,1.1,0.8
2025-01-11T0000,3578A,118.24498,39.66941,唐山市,政府服务中心,颗粒物(PM10),51,52,33,26,17,7,,66,24,70,37,13,8,0.8,0.5
2025-01-11T0000,3692A,118.2059,39.6585,唐山市,消防缸窑路中队,颗粒物(PM10),57,64,34,28,15,6,,65,32,69,36,6,5,1.0,0.6
2025-01-11T0000,3693A,118.1436,39.6202,唐山市,路南电大,颗粒物(PM10),60,70,43,29,20,8,,66,27,78,41,6,6,0.7,0.6
2025-01-11T0000,1015A,117.1444,39.1661,天津市,勤俭道,细颗粒物(PM2.5),92,115,44,68,24,7,,60,18,77,46,8,5,0.9,0.6
2025-01-11T0000,1017A,117.237,39.1082,天津市,大直沽八号路,颗粒物(PM10),68,85,32,46,16,6,,59,21,69,31,4,2,0.8,0.5
2025-01-11T0000,1018A,117.202,39.0927,天津市,前进道,颗粒物(PM10),67,83,34,47,18,7,,63,21,79,36,6,4,0.7,0.4
2025-01-11T0000,1019A,117.1837,39.2133,天津市,淮河道,颗粒物(PM10),59,67,35,34,16,16,,64,19,66,41,5,4,0.5,0.4
2025-01-11T0000,1021A,117.307,39.0877,天津市,跃进路,颗粒物(PM10),74,97,38,46,16,15,,67,28,64,30,5,3,0.7,0.5
2025-01-11T0000,1023A,117.707,39.0343,天津市,第四大街,颗粒物(PM10),74,97,28,40,14,4,,54,15,82,47,8,4,1.0,0.6
2025-01-11T0000,1024A,117.457,38.8394,天津市,永明路,细颗粒物(PM2.5),79,92,72,58,37,3,,53,15,80,57,8,7,0.7,0.6
2025-01-11T0000,1026A,117.764,39.1587,天津市,汉北路,颗粒物(PM10),84,117,39,44,15,5,,56,18,69,40,5,4,0.8,0.6
2025-01-11T0000,1027A,117.157,38.9194,天津市,团泊洼,,,,,,,,,,,,,,,,
2025-01-11T0000,2858A,117.7918,39.2474,天津市,河西一经路,颗粒物(PM10),59,67,36,32,17,5,,55,18,74,43,6,6,0.6,0.7
2025-01-11T0000,2859A,117.3747,38.9846,天津市,津沽路,颗粒物(PM10),74,98,51,52,30,5,,63,17,77,53,5,2,1.0,0.8
2025-01-11T0000,2860A,117.1589,39.0845,天津市,宾水西道,细颗粒物(PM2.5),72,80,30,52,19,4,,59,17,80,45,6,3,0.7,0.4
2025-01-11T0000,2922A,117.1941,39.1067,天津市,大理道,细颗粒物(PM2.5),75,90,32,55,19,9,,67,24,79,36,6,3,0.4,0.2
2025-01-11T0000,3020A,117.2101,39.1699,天津市,中山北路,颗粒物(PM10),68,86,32,48,16,9,,62,22,82,48,3,2,0.7,0.4
2025-01-11T0000,3051A,117.3876,39.1488,天津市,西四道,细颗粒物(PM2.5),53,,2,37,17,5,,61,13,76,49,6,5,0.6,0.5
2025-01-11T0000,3325A,117.0365,39.3828,天津市,雍阳西道,,50,50,23,27,12,16,,68,34,64,35,4,3,0.4,0.3
2025-01-11T0000,3326A,117.0296,39.0605,天津市,辛老路,颗粒物(PM10),128,206,98,80,44,8,,63,22,78,55,8,5,1.2,0.8
2025-01-11T0000,3327A,116.9638,38.9375,天津市,地纬路,颗粒物(PM10),62,74,64,42,39,14,,53,26,69,55,6,5,0.6,0.7
2025-01-11T0000,3460A,117.4067,40.0583,天津市,北环路,,25,25,14,13,6,44,,68,56,22,11,3,3,0.5,0.4
2025-01-11T0000,3461A,117.3045,39.7169,天津市,建设路,,46,46,25,25,14,8,,67,30,71,26,4,6,0.6,0.5
2025-01-11T0000,3462A,117.8199,39.3521,天津市,滨水东路,颗粒物(PM10),59,67,39,30,18,6,,68,22,80,39,6,5,0.6,0.5
2025-01-11T0000,2649A,106.0055,34.343,天水市,麦积山,,,,,,,,,,,,,,,,
2025-01-11T0000,2650A,105.7205,34.5786,天水市,公园小学,细颗粒物(PM2.5),79,84,68,58,43,10,,70,38,50,34,18,18,1.1,1.1
2025-01-11T0000,2651A,105.8945,34.5538,天水市,麦积国土局,细颗粒物(PM2.5),98,97,73,73,50,23,,71,44,44,35,12,15,1.2,1
2025-01-11T0000,2216A,123.8139,42.3022,铁岭市,汇工街西,细颗粒物(PM2.5),73,64,71,53,56,9,,48,19,45,36,13,20,1.1,1
2025-01-11T0000,2217A,123.8649,42.2923,铁岭市,水上乐园,细颗粒物(PM2.5),70,52,62,51,52,36,,49,33,24,28,7,10,0.7,0.7
2025-01-11T0000,2218A,123.8486,42.2867,铁岭市,银州路东段,细颗粒物(PM2.5),69,67,71,50,44,28,,48,34,26,25,4,6,0.5,0.5
2025-01-11T0000,2219A,123.7153,42.2217,铁岭市,金沙江路北,细颗粒物(PM2.5),90,73,50,67,38,8,,46,22,52,41,8,8,1.1,1
2025-01-11T0000,2229A,125.9358,41.7173,通化市,光明,,36,36,43,20,22,38,,57,48,21,27,7,16,0.7,0.7
2025-01-11T0000,2230A,125.9446,41.7325,通化市,铁路,,26,24,33,18,21,42,,67,57,24,26,17,13,0.7,0.7
2025-01-11T0000,2191A,122.2532,43.6801,通辽市,艺术职业学校,细颗粒物(PM2.5),99,117,45,74,18,5,,50,12,70,28,15,12,1.4,0.5
2025-01-11T0000,3706A,122.2584,43.6333,通辽市,老干部活动中心,细颗粒物(PM2.5),132,155,63,100,35,12,,60,24,,,15,10,2.1,0.6
2025-01-11T0000,3708A,122.2922,43.6189,通辽市,东方明珠社区,细颗粒物(PM2.5),118,105,63,89,35,14,,61,28,55,29,19,15,1.3,0.8
2025-01-11T0000,1922A,109.0656,35.0994,铜川市,党校,,,,,,,,,,,,,,,,
2025-01-11T0000,1923A,109.0697,35.0697,铜川市,王益区政府,细颗粒物(PM2.5),75,93,71,55,42,5,,30,13,30,33,4,4,0.9,0.8
2025-01-11T0000,1924A,108.9344,34.9058,铜川市,新区管委会,颗粒物(PM10),67,84,55,39,32,26,,72,52,40,23,17,11,0.6,0.5
2025-01-11T0000,3651A,108.9543,34.8732,铜川市,旺旺集团,颗粒物(PM10),64,77,65,42,36,29,,78,51,43,25,19,14,0.8,0.6
2025-01-11T0000,2285A,117.8177,30.9412,铜陵市,市第四中学,细颗粒物(PM2.5),67,68,61,48,33,15,,62,40,55,37,8,10,0.6,0.6
2025-01-11T0000,2286A,117.8059,30.9273,铜陵市,市公路局,细颗粒物(PM2.5),63,66,50,45,33,16,,62,37,45,36,5,6,0.7,0.8
2025-01-11T0000,2287A,117.7807,30.9413,铜陵市,市新民污水厂,颗粒物(PM10),71,91,64,37,31,2,,67,25,86,54,12,14,0.8,0.5
2025-01-11T0000,2288A,117.7439,30.8792,铜陵市,市第九中学,细颗粒物(PM2.5),57,59,62,40,30,35,,62,44,42,43,5,4,0.6,0.5
2025-01-11T0000,2289A,117.846,30.9413,铜陵市,车站新区,细颗粒物(PM2.5),60,61,42,43,32,5,,67,39,68,46,6,6,0.5,0.5
2025-01-11T0000,2290A,117.8483,30.97,铜陵市,市职教基地,细颗粒物(PM2.5),70,67,43,51,28,4,,66,42,57,30,7,7,0.6,0.6
2025-01-11T0000,2585A,109.1839,27.7344,铜仁市,铜仁卫校,细颗粒物(PM2.5),62,67,53,44,39,56,,70,64,15,19,1,1,0.6,0.6
2025-01-11T0000,2586A,109.1753,27.6944,铜仁市,铜仁七中,细颗粒物(PM2.5),52,46,41,36,37,44,,71,59,22,19,1,2,0.6,0.6
2025-01-11T0000,2686A,89.1904,42.9418,吐鲁番市,市环保局,细颗粒物(PM2.5),144,157,157,110,86,24,,61,53,77,54,7,8,3.1,2.4
2025-01-11T0000,2687A,89.1673,42.9559,吐鲁番市,地区环保局,细颗粒物(PM2.5),152,214,157,116,89,8,,54,29,74,58,9,8,2.7,2
2025-01-11T0000,1662A,122.1214,37.4236,威海市,华夏技校,,24,17,15,3,9,74,,76,75,6,10,5,4,0.3,0.4
2025-01-11T0000,1663A,122.0508,37.5236,威海市,山大分校,,24,12,19,3,7,75,,75,74,7,9,2,3,0.2,0.2
2025-01-11T0000,1664A,122.1067,37.5072,威海市,市监测站,,23,12,20,3,7,73,,70,70,4,10,3,3,0.5,0.6
2025-01-11T0000,1982A,122.0693,37.2174,威海市,文登开发区,,25,21,24,17,15,64,,69,68,8,13,4,4,0.2,0.2
2025-01-11T0000,3505A,122.1379,37.3414,威海市,临港区管委会,,22,19,20,7,10,68,,72,71,7,10,3,3,0.2,0.3
2025-01-11T0000,1650A,119.1437,36.7023,潍坊市,环保局,细颗粒物(PM2.5),83,100,59,61,34,4,,59,19,73,52,17,13,1.4,1
2025-01-11T0000,2877A,119.1641,36.6523,潍坊市,坊子邮政,细颗粒物(PM2.5),94,105,59,70,30,5,,61,20,70,51,14,11,1.3,0.8
2025-01-11T0000,3178A,119.0587,36.721,潍坊市,潍坊七中,细颗粒物(PM2.5),98,112,58,73,32,4,,57,17,73,51,20,16,1.3,0.8
2025-01-11T0000,3368A,119.1977,36.6872,潍坊市,高新实验学校,颗粒物(PM10),91,132,58,64,31,1,,59,18,78,49,14,11,1.0,0.7
2025-01-11T0000,3416A,119.1755,36.7149,潍坊市,潍坊学院,颗粒物(PM10),56,61,50,32,26,17,,67,30,59,39,18,22,1.0,0.9
2025-01-11T0000,3861A,119.2041,36.7699,潍坊市,寒亭区实验一小,细颗粒物(PM2.5),89,88,53,66,31,11,,55,22,70,45,14,17,1.5,1
2025-01-11T0000,1938A,109.5293,34.5101,渭南市,农科所,,,,,,,,,,,,,,,,
2025-01-11T0000,1939A,109.4974,34.4877,渭南市,日报社,颗粒物(PM10),54,58,86,28,48,37,,53,37,44,51,2,4,0.5,0.8
2025-01-11T0000,1940A,109.4636,34.493,渭南市,体育馆,颗粒物(PM10),63,75,87,27,38,8,,57,35,69,48,5,6,0.6,0.7
2025-01-11T0000,1941A,109.4259,34.5023,渭南市,高新一小,,,,96,,57,,,15,,,54,,8,,0.9
2025-01-11T0000,1242A,120.634,28.0089,温州市,瓯海,颗粒物(PM10),61,71,41,40,22,5,,66,32,73,32,8,8,0.5,0.4
2025-01-11T0000,1243A,120.6748,27.9939,温州市,南浦,细颗粒物(PM2.5),77,83,39,56,23,6,,74,42,70,26,6,6,0.6,0.5
2025-01-11T0000,1244A,120.76,27.9747,温州市,龙湾,颗粒物(PM10),60,70,42,38,20,4,,66,30,69,32,6,7,0.7,0.6
2025-01-11T0000,1245A,120.6709,28.0167,温州市,市站,颗粒物(PM10),64,77,34,36,18,4,,66,40,71,30,8,9,0.5,0.5
2025-01-11T0000,3561A,120.6985,27.9251,温州市,茶山,颗粒物(PM10),58,65,45,35,18,8,,70,40,54,24,6,6,0.8,0.6
2025-01-11T0000,2610A,104.2533,23.3594,文山壮族苗族自治州,州水务局,,43,41,23,30,15,25,,41,30,12,12,2,3,0.7,0.7
2025-01-11T0000,2611A,104.2319,23.3892,文山壮族苗族自治州,市便民服务中心,,39,39,21,26,16,32,,46,34,13,13,10,4,0.7,0.7
2025-01-11T0000,2187A,106.8174,39.6973,乌海市,市林业局,颗粒物(PM10),59,68,58,29,20,83,,82,79,5,9,8,10,0.5,0.5
2025-01-11T0000,2188A,106.7907,39.6667,乌海市,中海勃湾学校,颗粒物(PM10),68,86,52,19,20,87,,87,86,5,6,8,9,0.4,0.4
2025-01-11T0000,3284A,106.813,39.7274,乌海市,海北新区,颗粒物(PM10),75,99,60,14,9,74,,83,74,10,19,13,12,0.4,0.4
2025-01-11T0000,3621A,106.8288,39.6778,乌海市,聚英学校,颗粒物(PM10),61,72,54,17,13,83,,83,80,6,8,10,10,0.4,0.4
2025-01-11T0000,2197A,113.1306,40.9923,乌兰察布市,集宁新区,,29,29,28,20,20,18,,61,49,43,31,7,7,0.5,0.5
2025-01-11T0000,3034A,113.1076,41.0385,乌兰察布市,光明街小学,,46,45,36,32,23,44,,74,55,27,36,10,10,0.5,0.5
2025-01-11T0000,3285A,113.1376,40.9509,乌兰察布市,北京八中,颗粒物(PM10),58,66,41,33,21,4,,55,35,57,39,17,20,0.9,0.8
2025-01-11T0000,3421A,113.1775,40.9779,乌兰察布市,市委党校,,39,39,35,26,23,7,,59,34,57,36,11,10,0.8,0.7
2025-01-11T0000,1490A,87.5801,43.8303,乌鲁木齐市,监测站,细颗粒物(PM2.5),92,91,42,68,27,4,,22,7,78,76,2,3,1.5,1
2025-01-11T0000,1491A,87.6046,43.768,乌鲁木齐市,收费所,细颗粒物(PM2.5),63,52,30,45,27,3,,41,7,76,45,3,3,1.4,0.7
2025-01-11T0000,1492A,87.4754,43.9469,乌鲁木齐市,新疆农科院农场,细颗粒物(PM2.5),103,99,56,77,53,18,,31,28,37,52,5,6,1.1,1.1
2025-01-11T0000,1493A,87.5525,43.8711,乌鲁木齐市,铁路局,细颗粒物(PM2.5),102,85,40,76,31,4,,25,8,70,70,3,2,1.0,0.7
2025-01-11T0000,1494A,87.6432,43.831,乌鲁木齐市,三十一中学,细颗粒物(PM2.5),107,96,39,80,29,2,,35,5,51,37,4,3,1.3,0.7
2025-01-11T0000,1496A,87.7216,44.1747,乌鲁木齐市,米东区环保局,细颗粒物(PM2.5),85,71,67,63,66,30,,42,26,51,69,5,4,0.8,0.9
2025-01-11T0000,3033A,87.4651,43.4569,乌鲁木齐市,培训基地,,23,6,3,3,2,72,,88,76,12,9,3,3,0.5,0.5
2025-01-11T0000,3437A,88.3118,43.3658,乌鲁木齐市,达坂城区环保局,颗粒物(PM10),58,66,31,31,19,72,,76,75,24,16,11,6,0.6,0.5
2025-01-11T0000,3438A,87.6162,43.8801,乌鲁木齐市,红光山片区,细颗粒物(PM2.5),88,73,31,65,32,0,,20,6,72,66,4,4,1.3,1
2025-01-11T0000,3439A,87.7024,43.8004,乌鲁木齐市,新师大温泉校区,细颗粒物(PM2.5),67,65,33,48,26,2,,75,9,74,31,2,1,0.7,0.5
2025-01-11T0000,3440A,87.4921,43.8411,乌鲁木齐市,大绿谷,细颗粒物(PM2.5),93,92,38,69,31,2,,55,7,70,47,2,2,1.3,0.7
2025-01-11T0000,1188A,120.269,31.4867,无锡市,雪浪,颗粒物(PM10),56,61,53,27,22,3,,61,31,73,33,9,11,0.9,0.8
2025-01-11T0000,1189A,120.275,31.6219,无锡市,黄巷,颗粒物(PM10),63,76,59,34,25,6,,54,15,73,40,9,8,1.1,0.9
2025-01-11T0000,1190A,120.294,31.56,无锡市,曹张,颗粒物(PM10),56,62,54,34,22,10,,55,18,69,45,14,14,1.0,0.9
2025-01-11T0000,1191A,120.242,31.5031,无锡市,漆塘,,42,41,50,29,26,4,,58,31,66,34,7,9,0.8,0.8
2025-01-11T0000,1192A,120.3489,31.5863,无锡市,东亭,颗粒物(PM10),58,66,54,39,20,9,,57,20,69,39,9,8,1.1,1
2025-01-11T0000,1193A,120.354,31.5475,无锡市,旺庄,细颗粒物(PM2.5),52,46,43,36,21,8,,55,23,73,43,5,5,0.9,0.9
2025-01-11T0000,1194A,120.245,31.5631,无锡市,荣巷,,39,39,50,27,27,6,,55,18,65,40,5,6,1.0,0.8
2025-01-11T0000,1195A,120.299,31.6817,无锡市,堰桥,颗粒物(PM10),54,58,57,31,25,10,,58,20,70,39,10,11,1.5,1.2
2025-01-11T0000,3428A,120.3142,31.4753,无锡市,华庄,颗粒物(PM10),54,57,50,33,23,4,,57,27,76,36,8,9,0.8,0.7
2025-01-11T0000,2677A,106.1532,37.9648,吴忠市,教育园区,颗粒物(PM10),73,95,56,27,21,68,,81,72,11,9,12,18,0.3,0.3
2025-01-11T0000,2679A,106.1856,37.9956,吴忠市,新区二泵站,颗粒物(PM10),73,96,58,21,18,72,,86,76,14,12,9,14,0.3,0.3
2025-01-11T0000,3648A,106.2112,37.9768,吴忠市,文卫南街,颗粒物(PM10),62,74,69,27,19,48,,82,68,29,9,22,14,0.7,0.5
2025-01-11T0000,1794A,118.3606,31.3519,芜湖市,监测站,细颗粒物(PM2.5),83,81,63,61,38,3,,52,18,82,58,12,12,0.9,0.8
2025-01-11T0000,1795A,118.3714,31.4134,芜湖市,科创中心,颗粒物(PM10),72,94,72,46,40,2,,61,18,85,61,10,12,0.7,0.7
2025-01-11T0000,1796A,118.3673,31.3131,芜湖市,四水厂,细颗粒物(PM2.5),105,,62,79,39,9,,62,32,82,51,14,13,0.7,0.7
2025-01-11T0000,3328A,118.4209,31.3707,芜湖市,市气象局,细颗粒物(PM2.5),88,108,66,65,40,2,,58,18,87,53,14,12,1.2,0.9
2025-01-11T0000,3465A,118.4781,31.3225,芜湖市,清苑社区,细颗粒物(PM2.5),93,131,78,69,43,4,,60,18,67,49,9,10,0.7,0.6
2025-01-11T0000,3466A,118.2746,31.2326,芜湖市,扬子职业技术学院,细颗粒物(PM2.5),74,82,61,54,37,5,,63,23,68,49,10,10,0.9,0.6
2025-01-11T0000,2495A,111.3014,23.4832,梧州市,市逸夫小学,颗粒物(PM10),80,110,66,42,31,70,,92,81,18,10,12,9,0.7,0.8
2025-01-11T0000,2496A,111.3239,23.4794,梧州市,市十一中,颗粒物(PM10),73,96,53,39,25,79,,86,76,19,17,10,9,0.6,0.6
2025-01-11T0000,2497A,111.247,23.4189,梧州市,龙圩,"颗粒物(PM10),细颗粒物(PM2.5)",60,69,44,43,28,65,,86,74,25,14,16,10,0.7,0.7
2025-01-11T0000,2498A,111.2711,23.4835,梧州市,龙新,颗粒物(PM10),66,81,54,33,27,50,,81,72,33,18,14,14,1.0,1
2025-01-11T0000,2711A,87.5475,44.1756,五家渠市,农水大厦,细颗粒物(PM2.5),94,94,69,70,60,32,,46,40,26,48,3,4,0.9,0.9
2025-01-11T0000,3441A,87.546,44.1912,五家渠市,经开区管委会,细颗粒物(PM2.5),94,72,61,70,59,31,,47,40,25,42,5,6,1.0,1
2025-01-11T0000,1325A,114.3677,30.5584,武汉市,东湖梨园,细颗粒物(PM2.5),62,57,41,44,29,31,,65,49,56,32,11,13,0.4,0.7
2025-01-11T0000,1326A,114.2529,30.558,武汉市,汉阳月湖,细颗粒物(PM2.5),58,50,40,41,27,28,,61,42,33,21,7,7,0.6,0.5
2025-01-11T0000,1327A,114.282,30.6189,武汉市,汉口花桥,细颗粒物(PM2.5),62,54,41,44,31,40,,60,46,40,27,10,9,0.7,0.6
2025-01-11T0000,1328A,114.3025,30.5332,武汉市,武昌紫阳,细颗粒物(PM2.5),60,53,45,43,32,27,,61,42,59,35,11,12,0.7,0.9
2025-01-11T0000,1329A,114.3646,30.6217,武汉市,青山钢花,细颗粒物(PM2.5),89,70,46,66,36,30,,65,42,58,39,12,10,0.6,0.5
2025-01-11T0000,1330A,114.1566,30.4825,武汉市,沌口新区,细颗粒物(PM2.5),68,64,43,49,35,15,,52,27,79,35,12,11,0.4,0.4
2025-01-11T0000,1331A,114.3014,30.5944,武汉市,汉口江滩,细颗粒物(PM2.5),59,51,37,42,31,37,,68,46,46,29,8,8,0.6,0.5
2025-01-11T0000,1333A,114.135,30.6319,武汉市,吴家山,颗粒物(PM10),60,70,44,42,26,8,,67,26,81,46,11,10,0.6,0.5
2025-01-11T0000,1334A,113.8454,30.2917,武汉市,沉湖七壕,细颗粒物(PM2.5),70,67,43,51,33,32,,67,54,36,23,5,5,0.5,0.4
2025-01-11T0000,3153A,114.3877,30.4908,武汉市,民族大道182号,细颗粒物(PM2.5),54,46,39,38,32,37,,71,49,38,23,10,12,0.6,0.6
2025-01-11T0000,2652A,102.6201,37.9251,武威市,监测站,颗粒物(PM10),54,57,87,28,25,54,,70,67,13,12,4,4,0.5,0.5
2025-01-11T0000,3201A,102.6486,37.9325,武威市,东关招商场,颗粒物(PM10),76,102,88,32,30,50,,72,67,17,12,6,7,0.6,0.6
2025-01-11T0000,1463A,108.993,34.2629,西安市,兴庆小区,颗粒物(PM10),57,64,82,33,52,17,,63,50,73,51,7,8,0.4,0.5
2025-01-11T0000,1464A,109.06,34.2572,西安市,纺织城,颗粒物(PM10),79,107,105,44,52,5,,58,32,81,52,8,7,0.6,0.8
2025-01-11T0000,1465A,108.9356,34.2173,西安市,小寨,颗粒物(PM10),61,71,83,32,48,30,,66,51,52,42,4,5,0.5,0.5
2025-01-11T0000,1466A,108.954,34.2713,西安市,市人民体育场,颗粒物(PM10),57,64,86,39,58,28,,63,49,57,47,6,7,0.8,0.8
2025-01-11T0000,1467A,108.8922,34.2322,西安市,高新西区,细颗粒物(PM2.5),58,64,79,41,60,27,,62,48,55,43,6,8,0.6,0.8
2025-01-11T0000,1468A,108.935,34.3474,西安市,经开区,颗粒物(PM10),65,80,90,44,52,21,,54,37,62,49,5,8,0.7,0.8
2025-01-11T0000,1469A,108.906,34.1546,西安市,长安区,细颗粒物(PM2.5),77,95,95,56,56,10,,68,38,64,46,10,8,0.9,0.7
2025-01-11T0000,1471A,109.2186,34.3731,西安市,临潼区,颗粒物(PM10),53,55,66,30,40,62,,64,62,26,37,6,8,0.4,0.6
2025-01-11T0000,1472A,108.869,34.378,西安市,草滩,颗粒物(PM10),64,78,87,31,38,0,,49,26,78,50,5,4,0.7,0.7
2025-01-11T0000,1473A,108.985,34.1978,西安市,曲江文化产业集团,颗粒物(PM10),60,69,85,34,49,29,,65,47,57,46,8,9,0.5,0.6
2025-01-11T0000,1474A,109.051,34.3213,西安市,广运潭,颗粒物(PM10),77,103,85,38,47,3,,58,34,72,50,4,4,0.7,0.7
2025-01-11T0000,3524A,108.6116,34.1164,西安市,文体局,颗粒物(PM10),52,54,84,34,52,9,,57,28,66,39,10,11,0.7,0.8
2025-01-11T0000,3605A,109.09,34.5236,西安市,无线电监控中心,颗粒物(PM10),66,82,88,40,52,17,,61,44,58,43,12,12,0.4,0.6
2025-01-11T0000,4055A,108.8869,34.2662,西安市,行知小学,颗粒物(PM10),73,96,98,46,60,15,,58,37,70,50,7,9,0.5,0.6
2025-01-11T0000,1483A,101.524,36.6867,西宁市,第五水厂,,,,,,,,,,,,,,,,
2025-01-11T0000,3055A,101.7775,36.6428,西宁市,城北区政府,颗粒物(PM10),57,64,61,29,29,25,,66,37,50,32,6,11,0.7,0.6
2025-01-11T0000,3629A,101.8305,36.5786,西宁市,世纪职校,颗粒物(PM10),71,92,54,27,26,48,,61,42,47,34,17,16,0.7,0.6
2025-01-11T0000,3630A,101.7413,36.6397,西宁市,师大城西校区,颗粒物(PM10),68,86,66,33,33,16,,64,27,67,40,12,15,0.8,0.7
2025-01-11T0000,2612A,100.7939,22.0019,西双版纳傣族自治州,景洪市江南,细颗粒物(PM2.5),103,101,66,77,52,4,,65,38,49,30,4,4,1.0,0.7
2025-01-11T0000,2613A,100.8017,22.0225,西双版纳傣族自治州,景洪市江北,颗粒物(PM10),56,61,43,38,32,24,,76,53,26,17,6,6,0.8,0.8
2025-01-11T0000,3606A,108.7108,34.46,西咸新区,北杜,细颗粒物(PM2.5),112,,81,84,50,37,,64,36,45,43,9,6,0.8,0.6
2025-01-11T0000,3607A,108.7096,34.2956,西咸新区,同德佳苑,细颗粒物(PM2.5),130,134,104,99,73,6,,58,32,72,46,7,5,1.1,0.9
2025-01-11T0000,3608A,108.8558,34.4978,西咸新区,崇文塔,细颗粒物(PM2.5),75,72,92,55,57,7,,59,42,70,40,4,4,0.7,0.8
2025-01-11T0000,2202A,116.1042,43.9317,锡林郭勒盟,市环保监测站,,19,,10,13,5,52,,65,53,12,16,4,6,0.3,0.4
2025-01-11T0000,2203A,116.0781,43.9311,锡林郭勒盟,市政府,,18,13,11,7,8,55,,64,48,10,15,8,9,0.2,0.3
2025-01-11T0000,1286A,118.1608,24.8169,厦门市,溪东,,,,,,,,,,,,,,,,
2025-01-11T0000,1287A,118.1514,24.4767,厦门市,洪文,,38,38,66,12,30,74,,91,76,12,18,2,3,0.3,0.4
2025-01-11T0000,1288A,118.0661,24.4444,厦门市,鼓浪屿,,36,36,58,15,34,80,,103,84,12,16,2,3,0.2,0.5
2025-01-11T0000,2842A,118.0936,24.5058,厦门市,湖里中学,,37,37,67,12,33,76,,96,76,16,21,2,2,0.3,0.4
2025-01-11T0000,3527A,118.0958,24.5688,厦门市,集美中学,,27,26,51,11,33,86,,106,86,12,17,2,3,0.4,0.5
2025-01-11T0000,3528A,118.1493,24.7245,厦门市,同安二实小,,26,23,47,13,32,82,,97,82,10,14,2,3,0.4,0.5
2025-01-11T0000,2447A,114.3175,29.8142,咸宁市,森林公园,,45,36,41,31,26,64,,60,56,16,17,8,5,1.4,1.3
2025-01-11T0000,2448A,114.3107,29.8454,咸宁市,市发改委,细颗粒物(PM2.5),92,82,61,68,44,30,,67,45,35,28,6,6,0.9,0.8
2025-01-11T0000,2449A,114.2936,29.8566,咸宁市,咸安区政府,细颗粒物(PM2.5),75,66,58,55,40,39,,69,50,31,28,5,6,0.9,0.8
2025-01-11T0000,3655A,114.3375,29.8683,咸宁市,长江产业园,细颗粒物(PM2.5),89,94,65,66,42,4,,72,37,54,29,6,7,1.0,0.9
2025-01-11T0000,1918A,108.7197,34.3956,咸阳市,气象站,,,,,,,,,,,,,,,,
2025-01-11T0000,1919A,108.673,34.3155,咸阳市,实验中学,细颗粒物(PM2.5),97,118,97,72,59,6,,60,34,70,47,5,4,0.9,0.8
2025-01-11T0000,1920A,108.7233,34.3617,咸阳市,师范学院,细颗粒物(PM2.5),89,103,99,66,54,15,,61,35,58,45,4,3,0.7,0.7
2025-01-11T0000,3165A,108.6594,34.2969,咸阳市,两寺渡,细颗粒物(PM2.5),97,124,102,72,63,8,,62,34,74,46,9,9,0.9,0.7
2025-01-11T0000,3525A,108.6396,34.4078,咸阳市,奥体中心,颗粒物(PM10),68,86,83,47,44,51,,70,39,22,35,8,7,0.5,0.5
2025-01-11T0000,1508A,112.9433,27.8614,湘潭市,板塘,细颗粒物(PM2.5),64,73,72,46,42,55,,79,71,24,25,6,5,0.4,0.5
2025-01-11T0000,1511A,112.9118,27.8403,湘潭市,市监测站,颗粒物(PM10),59,68,67,39,36,45,,70,62,31,27,7,6,0.5,0.5
2025-01-11T0000,1512A,112.8937,27.8728,湘潭市,江麓,颗粒物(PM10),53,56,61,36,36,54,,79,70,28,24,16,7,0.9,0.9
2025-01-11T0000,1513A,112.9227,27.8159,湘潭市,岳塘,"颗粒物(PM10),细颗粒物(PM2.5)",52,54,59,36,36,49,,72,64,28,27,8,7,0.7,0.8
2025-01-11T0000,1514A,112.9074,27.9119,湘潭市,科大,细颗粒物(PM2.5),73,63,67,53,41,55,,81,71,36,32,7,6,1.1,1.1
2025-01-11T0000,1562A,113.0048,27.9153,湘潭市,昭山,颗粒物(PM10),64,78,74,38,37,36,,62,54,43,37,6,5,0.7,0.7
2025-01-11T0000,1564A,112.4876,27.9164,湘潭市,韶山,颗粒物(PM10),57,63,61,34,27,77,,86,84,10,12,6,6,0.6,0.5
2025-01-11T0000,2492A,109.6414,28.2558,湘西土家族苗族自治州,跃进水库,细颗粒物(PM2.5),54,46,32,38,25,24,,64,41,5,5,4,4,0.6,0.5
2025-01-11T0000,2493A,109.7325,28.3169,湘西土家族苗族自治州,州政府,细颗粒物(PM2.5),87,80,59,64,46,19,,66,41,24,16,4,5,0.9,0.8
2025-01-11T0000,2494A,109.6958,28.2675,湘西土家族苗族自治州,吉首市计生局,细颗粒物(PM2.5),69,81,54,50,40,34,,68,51,28,22,6,7,0.8,0.7
2025-01-11T0000,2432A,112.155,32.0197,襄阳市,襄城运动路,细颗粒物(PM2.5),83,108,89,61,55,24,,46,31,41,35,14,12,0.7,0.6
2025-01-11T0000,2433A,112.1392,32.0564,襄阳市,樊城新华路,细颗粒物(PM2.5),72,90,85,52,50,19,,38,30,58,43,13,12,1.0,0.8
2025-01-11T0000,2434A,112.1825,32.1142,襄阳市,高新管委会,细颗粒物(PM2.5),90,107,90,67,54,14,,41,24,35,36,8,11,0.8,0.7
2025-01-11T0000,2435A,112.2106,32.0903,襄阳市,襄州航空路,细颗粒物(PM2.5),103,106,88,77,56,17,,41,19,56,48,11,11,0.9,0.9
2025-01-11T0000,3396A,112.0828,32.0067,襄阳市,襄城隆中路,颗粒物(PM10),77,103,87,53,49,21,,46,24,52,40,13,12,0.6,0.5
2025-01-11T0000,3397A,112.1214,32.1008,襄阳市,高新台子湾,颗粒物(PM10),111,172,119,64,53,3,,38,18,79,54,13,12,0.7,0.6
2025-01-11T0000,2443A,113.9153,30.9285,孝感市,文化路,细颗粒物(PM2.5),92,123,68,68,46,39,,65,46,34,30,10,8,0.5,0.5
2025-01-11T0000,2444A,113.942,30.9075,孝感市,东城区,细颗粒物(PM2.5),103,124,69,77,46,33,,74,48,42,33,8,7,0.7,0.6
2025-01-11T0000,2181A,112.7383,38.4519,忻州市,开发区,"颗粒物(PM10),细颗粒物(PM2.5)",60,70,61,43,40,10,,44,24,55,41,6,9,0.8,0.8
2025-01-11T0000,2182A,112.7003,38.4928,忻州市,会展中心,细颗粒物(PM2.5),59,57,65,42,43,7,,36,18,52,41,6,9,0.7,0.7
2025-01-11T0000,3208A,112.7283,38.4153,忻州市,市政府,颗粒物(PM10),54,58,54,25,31,13,,48,26,59,44,10,10,0.9,0.7
2025-01-11T0000,2389A,113.836,35.311,新乡市,环保西院,细颗粒物(PM2.5),104,132,107,78,60,0,,42,12,67,52,12,12,1.2,0.9
2025-01-11T0000,2390A,113.884,35.272,新乡市,开发区,细颗粒物(PM2.5),104,92,85,78,61,4,,45,14,76,54,13,13,1.1,1
2025-01-11T0000,2391A,113.883,35.303,新乡市,环保东院,细颗粒物(PM2.5),98,110,93,73,61,5,,45,15,65,46,10,10,1.0,0.9
2025-01-11T0000,3054A,113.9194,35.2847,新乡市,市委党校,细颗粒物(PM2.5),99,111,92,74,63,5,,44,14,75,55,12,11,1.1,1
2025-01-11T0000,3475A,113.9188,35.3045,新乡市,市政府,细颗粒物(PM2.5),115,122,85,87,63,6,,49,17,75,56,9,10,1.4,1.1
2025-01-11T0000,3476A,113.9135,35.3327,新乡市,河师大,细颗粒物(PM2.5),95,132,119,71,67,2,,44,10,69,52,18,14,0.8,0.8
2025-01-11T0000,3689A,113.9003,35.372,新乡市,行政服务中心,细颗粒物(PM2.5),140,146,113,107,62,0,,40,12,58,49,6,12,1.2,1.2
2025-01-11T0000,2352A,115.0861,27.9317,新余市,北岗,,,,,,,,,,,,,,,,
2025-01-11T0000,2353A,114.9886,27.8431,新余市,飞宇,细颗粒物(PM2.5),52,52,40,36,25,40,,83,57,28,20,13,12,0.5,0.3
2025-01-11T0000,2354A,114.9231,27.8246,新余市,第二水厂,,44,44,37,24,25,43,,81,59,24,14,11,11,0.5,0.3
2025-01-11T0000,2355A,114.9308,27.8036,新余市,市气象局,,49,47,49,34,22,33,,81,56,35,19,9,7,0.7,0.5
2025-01-11T0000,3206A,114.9149,27.807,新余市,新钢沁园村,,48,48,40,28,24,31,,79,57,47,25,12,12,0.5,0.4
2025-01-11T0000,2054A,114.1099,32.1059,信阳市,平桥分局,细颗粒物(PM2.5),80,87,70,59,44,35,,70,38,27,34,4,5,0.8,0.6
2025-01-11T0000,2064A,113.9956,32.1271,信阳市,南湾水厂,细颗粒物(PM2.5),93,86,60,69,40,60,,78,69,24,22,5,5,0.7,0.4
2025-01-11T0000,2065A,114.0775,32.1195,信阳市,市酿酒公司,细颗粒物(PM2.5),94,72,59,70,45,26,,74,46,38,32,4,4,1.0,0.5
2025-01-11T0000,2066A,114.0609,32.1399,信阳市,审计局,细颗粒物(PM2.5),77,76,64,56,45,34,,73,48,39,35,7,7,0.7,0.5
2025-01-11T0000,2200A,122.0392,46.0656,兴安盟,胜华新制药厂,细颗粒物(PM2.5),72,76,55,52,45,8,,56,11,37,25,5,6,1.2,0.8
2025-01-11T0000,2201A,121.9504,46.0741,兴安盟,科右前旗环保局,细颗粒物(PM2.5),98,89,60,73,42,6,,69,16,40,30,8,6,1.7,1
2025-01-11T0000,3035A,122.0931,46.0707,兴安盟,北滨河,细颗粒物(PM2.5),115,142,100,87,59,6,,51,13,,37,10,9,2.2,1.5
2025-01-11T0000,1077A,114.4704,37.0886,邢台市,达活泉,颗粒物(PM10),61,72,51,41,23,2,,56,25,65,42,10,7,0.9,0.6
2025-01-11T0000,1078A,114.5062,37.0349,邢台市,邢师高专,"颗粒物(PM10),细颗粒物(PM2.5)",75,100,74,55,32,4,,56,19,61,45,5,5,1.2,0.9
2025-01-11T0000,1079A,114.5237,37.0851,邢台市,路桥公司,细颗粒物(PM2.5),64,66,52,46,26,3,,52,20,69,45,12,11,1.2,0.9
2025-01-11T0000,1080A,114.4725,37.0719,邢台市,市环保局,颗粒物(PM10),62,73,53,36,21,7,,53,27,62,39,8,6,0.8,0.7
2025-01-11T0000,3584A,115.8844,39.0341,雄安新区,容城县环境保护局,细颗粒物(PM2.5),83,110,80,61,40,8,,53,31,75,51,14,11,0.9,0.5
2025-01-11T0000,3585A,115.8665,39.0645,雄安新区,河北容城中学,细颗粒物(PM2.5),80,76,70,59,43,4,,47,17,74,57,9,7,0.8,0.8
2025-01-11T0000,3586A,115.923,38.9405,雄安新区,安新县民政局,颗粒物(PM10),63,75,81,43,48,21,,51,31,53,47,9,10,0.6,0.6
2025-01-11T0000,3587A,115.9324,38.9338,雄安新区,安新县电力局,细颗粒物(PM2.5),64,72,75,46,52,18,,50,22,54,50,10,10,0.7,0.7
2025-01-11T0000,3588A,116.0901,38.9816,雄安新区,雄县环境保护局,细颗粒物(PM2.5),82,78,76,60,40,30,,52,26,37,50,3,3,0.5,0.6
2025-01-11T0000,3589A,116.1105,39.0046,雄安新区,雄县国土资源局,细颗粒物(PM2.5),59,64,62,42,37,26,,50,33,44,42,4,4,0.6,0.6
2025-01-11T0000,1177A,117.179,34.2761,徐州市,黄河新村,细颗粒物(PM2.5),54,53,54,38,31,16,,59,28,64,50,8,11,0.6,0.5
2025-01-11T0000,1178A,117.1918,34.2384,徐州市,淮塔,"颗粒物(PM10),细颗粒物(PM2.5)",65,80,58,47,32,5,,67,33,75,47,9,11,1.1,0.6
2025-01-11T0000,1180A,117.256,34.2153,徐州市,新城区,细颗粒物(PM2.5),77,98,57,56,30,3,,61,28,80,49,12,11,1.0,0.8
2025-01-11T0000,1181A,117.244,34.2911,徐州市,桃园路,细颗粒物(PM2.5),62,66,59,44,31,4,,58,32,78,48,6,8,1.0,0.7
2025-01-11T0000,1182A,117.2933,34.2778,徐州市,农科院,颗粒物(PM10),60,70,59,37,30,6,,61,26,76,55,9,11,1.0,0.9
2025-01-11T0000,3005A,117.1814,34.29,徐州市,鼓楼区政府,细颗粒物(PM2.5),54,51,44,38,29,5,,60,29,79,51,12,11,1.0,0.7
2025-01-11T0000,3006A,117.1694,34.1781,徐州市,铜山区招生办,颗粒物(PM10),74,97,63,44,35,4,,62,21,70,54,9,9,1.0,0.7
2025-01-11T0000,3288A,117.4754,34.4422,徐州市,大泉街道,细颗粒物(PM2.5),94,107,67,70,36,6,,61,23,51,33,9,11,1.2,0.8
2025-01-11T0000,2396A,113.8276,34.0159,许昌市,监测站,细颗粒物(PM2.5),114,138,93,86,71,16,,56,28,52,49,12,8,1.0,0.9
2025-01-11T0000,2398A,113.7906,33.9953,许昌市,开发区,细颗粒物(PM2.5),94,118,121,70,70,16,,55,27,52,49,12,10,1.0,1.2
2025-01-11T0000,3134A,113.8172,34.0339,许昌市,市一中,细颗粒物(PM2.5),140,151,104,107,74,14,,61,32,59,47,9,6,0.9,0.7
2025-01-11T0000,3337A,113.8614,34.0442,许昌市,许昌学院,细颗粒物(PM2.5),109,134,100,82,60,18,,60,36,59,47,12,9,0.7,0.6
2025-01-11T0000,3338A,113.843,34.0823,许昌市,芙蓉广场,细颗粒物(PM2.5),83,111,103,61,69,35,,53,36,37,50,14,12,0.9,0.9
2025-01-11T0000,4180A,113.8157,34.12670,许昌市,新元大道996号,细颗粒物(PM2.5),94,131,108,70,64,32,,62,42,36,39,10,6,0.8,0.8
2025-01-11T0000,2316A,118.7581,30.9454,宣城市,鳌峰子站,细颗粒物(PM2.5),68,65,48,49,29,3,,65,30,55,35,5,6,0.7,0.7
2025-01-11T0000,2317A,118.7385,30.9743,宣城市,敬亭山子站,颗粒物(PM10),52,53,47,32,30,41,,68,46,23,22,6,6,0.6,0.6
2025-01-11T0000,2318A,118.7173,30.9427,宣城市,开发区子站,细颗粒物(PM2.5),64,74,46,46,27,3,,68,25,54,32,6,6,1.1,0.8
2025-01-11T0000,3470A,118.7724,30.9141,宣城市,夏渡子站,颗粒物(PM10),53,55,43,36,29,40,,70,44,30,31,5,6,0.5,0.5
2025-01-11T0000,2554A,103.0475,30.02,雅安市,建安厂,细颗粒物(PM2.5),59,46,57,42,49,24,,44,30,41,36,5,4,0.6,0.6
2025-01-11T0000,2555A,103.0111,29.9833,雅安市,市政府,细颗粒物(PM2.5),58,45,51,41,44,39,,49,46,17,20,7,7,0.6,0.6
2025-01-11T0000,2556A,102.9905,29.9775,雅安市,川农大,,48,39,52,33,44,42,,47,47,10,22,3,3,0.5,0.6
2025-01-11T0000,3700A,103.0456,29.9956,雅安市,康养中心,,,,45,33,38,,,,,,,,,0.3,0.4
2025-01-11T0000,1642A,121.2514,37.5639,烟台市,开发区,,19,14,20,9,10,58,,70,64,21,20,3,3,0.5,0.6
2025-01-11T0000,1643A,121.3719,37.5433,烟台市,轴承厂,,20,19,23,14,15,51,,64,60,19,17,10,10,0.5,0.5
2025-01-11T0000,1644A,121.3181,37.5436,烟台市,西郊化工站,,35,31,25,24,14,48,,67,57,27,20,11,10,0.7,0.6
2025-01-11T0000,1645A,121.4478,37.4822,烟台市,莱山环保局,,15,14,19,9,13,48,,72,66,25,12,7,4,0.5,0.5
2025-01-11T0000,1646A,121.2611,37.4967,烟台市,福山环保局,,49,,28,34,19,53,,64,57,22,20,6,5,0.8,0.7
2025-01-11T0000,3057A,121.5992,37.4014,烟台市,牟平检察院,,19,17,21,13,15,47,,71,59,26,14,10,8,0.6,0.5
2025-01-11T0000,3366A,121.5206,37.4336,烟台市,中国农业大学,,27,27,29,17,16,52,,73,58,24,11,4,3,0.8,0.6
2025-01-11T0000,1926A,109.4131,36.6275,延安市,枣园,颗粒物(PM10),56,61,45,33,25,4,,66,24,44,30,6,6,0.8,0.8
2025-01-11T0000,1927A,109.4761,36.6028,延安市,延大医附院,颗粒物(PM10),58,65,55,34,29,4,,49,18,52,38,8,8,1.0,0.9
2025-01-11T0000,1929A,109.5056,36.6106,延安市,百米大道,颗粒物(PM10),71,92,63,48,34,4,,60,22,60,40,7,5,1.6,1.2
2025-01-11T0000,3652A,109.4809,36.5786,延安市,西北局旧址,颗粒物(PM10),70,90,68,38,35,8,,60,27,54,43,9,8,1.0,1.1
2025-01-11T0000,2237A,129.47,42.8883,延边朝鲜族自治州,妇幼医院,,25,25,34,14,25,51,,65,48,11,13,6,5,0.6,0.7
2025-01-11T0000,2238A,129.5055,42.9108,延边朝鲜族自治州,延边医院,,22,18,23,15,20,52,,66,55,22,17,5,5,0.4,0.5
2025-01-11T0000,2239A,129.3964,42.8881,延边朝鲜族自治州,朝阳川镇医院,,19,19,28,13,22,52,,68,49,8,10,4,4,0.5,0.5
2025-01-11T0000,1215A,120.118,33.4022,盐城市,盐城电厂,颗粒物(PM10),67,83,49,46,26,10,,70,32,59,31,6,6,1.0,0.8
2025-01-11T0000,1216A,120.156,33.3942,盐城市,市监测站,细颗粒物(PM2.5),70,81,48,51,26,21,,72,38,54,30,4,3,0.7,0.5
2025-01-11T0000,1218A,120.2144,33.38,盐城市,开发区管委会,细颗粒物(PM2.5),64,69,44,46,20,24,,72,45,53,25,5,4,0.9,0.7
2025-01-11T0000,3004A,120.1544,33.3663,盐城市,宝龙广场,细颗粒物(PM2.5),70,66,42,51,27,22,,75,44,56,28,6,6,0.7,0.5
2025-01-11T0000,3293A,120.1501,33.3367,盐城市,月亮广场,细颗粒物(PM2.5),62,72,45,44,24,12,,71,33,64,30,6,7,0.9,0.6
2025-01-11T0000,3436A,120.4279,33.205,盐城市,大丰高级中学,细颗粒物(PM2.5),70,78,45,51,22,6,,73,32,82,37,10,9,1.0,0.8
2025-01-11T0000,1186A,119.389,32.3761,扬州市,邗江监测站,细颗粒物(PM2.5),58,56,54,41,25,15,,60,34,60,29,3,3,0.7,0.6
2025-01-11T0000,2869A,119.447,32.4155,扬州市,五台山医院,细颗粒物(PM2.5),68,72,51,49,28,7,,65,25,65,35,3,2,0.9,0.8
2025-01-11T0000,3164A,119.4686,32.3942,扬州市,广陵建设局,细颗粒物(PM2.5),70,70,52,51,28,5,,59,21,72,46,3,3,0.6,0.5
2025-01-11T0000,3195A,119.3633,32.3972,扬州市,市体育局,细颗粒物(PM2.5),63,56,52,45,25,32,,63,34,46,35,3,3,0.7,0.7
2025-01-11T0000,3294A,119.5653,32.4222,扬州市,引江管理处,细颗粒物(PM2.5),69,72,47,50,28,2,,65,29,78,37,1,3,0.7,0.6
2025-01-11T0000,1699A,111.9797,21.8593,阳江市,鸳鸯湖,,,,,,,,,,,,,,,,
2025-01-11T0000,1701A,111.9491,21.8658,阳江市,马南垌,,45,45,68,24,39,86,,101,96,22,23,9,8,0.2,0.4
2025-01-11T0000,3317A,111.9765,21.8947,阳江市,两阳中学,"颗粒物(PM10),细颗粒物(PM2.5)",59,67,71,42,40,79,,100,91,19,21,9,8,0.5,0.6
2025-01-11T0000,3453A,112.0125,21.8749,阳江市,阳东陶然,颗粒物(PM10),59,67,71,29,37,64,,99,87,38,25,8,8,0.8,0.7
2025-01-11T0000,1738A,113.5758,37.8572,阳泉市,市中心,细颗粒物(PM2.5),65,57,65,47,27,10,,56,28,62,46,12,17,0.8,0.8
2025-01-11T0000,1739A,113.4894,37.8731,阳泉市,赛鱼,颗粒物(PM10),67,83,69,39,30,16,,42,27,65,51,11,14,0.5,0.6
2025-01-11T0000,1740A,113.5819,37.8486,阳泉市,南庄,细颗粒物(PM2.5),62,58,64,44,35,19,,56,34,51,41,12,20,0.7,0.8
2025-01-11T0000,1742A,113.5614,37.8703,阳泉市,平坦,颗粒物(PM10),62,73,64,39,28,7,,55,27,66,46,13,15,0.7,0.7
2025-01-11T0000,1743A,113.5158,37.8392,阳泉市,大阳泉,颗粒物(PM10),52,53,45,32,26,28,,59,39,45,36,9,12,0.7,0.7
2025-01-11T0000,3619A,113.617,37.8571,阳泉市,龙柱,颗粒物(PM10),58,66,66,31,31,13,,56,30,60,45,15,40,0.7,0.8
2025-01-11T0000,2252A,128.5159,47.4311,伊春市,环保局,细颗粒物(PM2.5),53,39,33,37,27,47,,46,45,22,24,5,4,0.6,0.6
2025-01-11T0000,2253A,128.9102,47.7412,伊春市,电力嘉园,颗粒物(PM10),53,56,44,27,22,21,,32,30,36,30,7,7,0.5,0.4
2025-01-11T0000,2254A,129.5029,48.471,伊春市,汤旺河国家公园,,17,6,5,3,4,53,,68,58,5,6,4,4,0.2,0.1
2025-01-11T0000,3342A,128.4741,47.4346,伊春市,中心小学,细颗粒物(PM2.5),115,95,70,87,71,35,,55,49,20,20,3,4,0.9,0.7
2025-01-11T0000,3343A,128.6871,47.7369,伊春市,检察院,细颗粒物(PM2.5),62,,36,44,37,63,,66,65,14,15,9,8,0.6,0.5
2025-01-11T0000,3344A,128.8431,47.8474,伊春市,双子河社区,细颗粒物(PM2.5),120,,56,91,52,33,,57,30,19,24,5,5,1.3,0.8
2025-01-11T0000,3480A,129.1368,47.6417,伊春市,美溪镇,细颗粒物(PM2.5),80,77,70,59,46,13,,47,35,43,25,3,2,0.9,0.9
2025-01-11T0000,2703A,81.2815,43.9404,伊犁哈萨克自治州,市环保局,细颗粒物(PM2.5),97,83,50,72,37,12,,60,36,94,53,27,15,3.2,1.8
2025-01-11T0000,2704A,81.2996,43.9174,伊犁哈萨克自治州,新政府片区,细颗粒物(PM2.5),97,86,43,72,31,8,,70,39,93,39,13,10,2.8,1.4
2025-01-11T0000,2705A,81.3364,43.941,伊犁哈萨克自治州,第二水厂,细颗粒物(PM2.5),128,109,50,97,37,8,,66,39,96,44,16,9,4.7,1.7
2025-01-11T0000,1882A,104.563,28.793,宜宾市,石马中学,,48,36,52,33,45,18,,26,24,20,19,5,5,0.7,0.7
2025-01-11T0000,1883A,104.6201,28.7728,宜宾市,市委,,42,42,61,29,45,25,,22,19,28,31,9,10,0.7,0.8
2025-01-11T0000,1884A,104.6055,28.793,宜宾市,宜宾四中,,50,39,59,35,50,21,,14,13,23,30,7,9,0.7,0.8
2025-01-11T0000,1885A,104.639,28.7562,宜宾市,市政府,,50,,52,35,47,34,,22,22,20,28,8,8,0.6,0.7
2025-01-11T0000,1886A,104.5742,28.7199,宜宾市,黄金嘴,,45,40,58,31,46,22,,25,21,30,33,10,10,0.7,0.7
2025-01-11T0000,3728A,104.68,28.8071,宜宾市,白酒学院,,45,36,51,31,44,28,,24,22,23,24,9,8,0.6,0.8
2025-01-11T0000,1840A,111.2992,30.6981,宜昌市,白龙岗,细颗粒物(PM2.5),128,117,98,97,68,27,,56,43,37,39,7,7,1.0,0.9
2025-01-11T0000,1842A,111.2628,30.6961,宜昌市,点军区,细颗粒物(PM2.5),199,176,103,149,76,13,,66,47,54,32,5,6,1.3,0.7
2025-01-11T0000,1843A,111.3275,30.7819,宜昌市,夷陵区,细颗粒物(PM2.5),140,128,91,107,65,24,,65,47,36,33,8,9,1.0,0.6
2025-01-11T0000,3546A,111.4606,30.552,宜昌市,猇亭区张家湾站,细颗粒物(PM2.5),80,89,92,59,56,44,,73,64,43,34,16,14,0.8,0.8
2025-01-11T0000,3653A,111.3119,30.7273,宜昌市,云深路,细颗粒物(PM2.5),124,118,98,94,71,34,,69,57,54,43,6,7,0.5,0.5
2025-01-11T0000,4204A,111.3526,30.6374,宜昌市,向阳,细颗粒物(PM2.5),125,116,72,95,77,13,,64,41,61,40,8,8,,3.8
2025-01-11T0000,2371A,114.3408,27.8064,宜春市,槟榔水业,,,,,,,,,,,,,,,,
2025-01-11T0000,2373A,114.3956,27.7844,宜春市,市石油公司,颗粒物(PM10),58,66,52,38,29,37,,75,49,18,21,6,7,0.7,0.7
2025-01-11T0000,2374A,114.3703,27.7914,宜春市,市气象局,颗粒物(PM10),55,60,53,35,30,44,,77,59,18,20,6,9,0.4,0.7
2025-01-11T0000,2375A,114.4013,27.8074,宜春市,市广电局,细颗粒物(PM2.5),62,56,53,44,30,25,,55,38,24,22,12,13,0.9,0.8
2025-01-11T0000,3151A,114.375,27.8097,宜春市,宜春学院北校区,细颗粒物(PM2.5),54,56,44,38,29,35,,73,53,28,24,8,19,0.8,0.8
2025-01-11T0000,3415A,114.4519,28.0828,宜春市,万载县环保局,颗粒物(PM10),66,81,63,44,34,3,,78,42,55,30,3,4,0.7,0.6
2025-01-11T0000,2467A,112.4067,28.6428,益阳市,甘溪港,细颗粒物(PM2.5),68,54,65,49,51,61,,75,69,13,19,7,6,0.5,0.6
2025-01-11T0000,2468A,112.3458,28.5808,益阳市,市环保局,细颗粒物(PM2.5),72,67,61,52,51,60,,78,70,24,25,6,5,0.5,0.5
2025-01-11T0000,4181A,112.3571,28.55878,益阳市,龙洲,细颗粒物(PM2.5),90,77,68,67,57,65,,80,74,21,23,4,4,0.5,0.5
2025-01-11T0000,4187A,112.3425,28.6110,益阳市,益阳卫生职业技术学院,细颗粒物(PM2.5),73,61,73,53,60,50,,72,53,32,33,3,3,0.4,0.5
2025-01-11T0000,4188A,112.3712,28.5764,益阳市,益阳师范学院,细颗粒物(PM2.5),73,74,76,53,53,55,,74,64,24,26,4,3,0.4,0.4
2025-01-11T0000,1484A,105.9512,38.6016,银川市,贺兰山马莲口,,,,,,,,,,,,,,,,
2025-01-11T0000,1488A,106.2328,38.4975,银川市,贺兰山东路,,,,74,,41,,,46,,,23,,16,,0.5
2025-01-11T0000,1489A,106.1358,38.5036,银川市,学院路,,42,42,70,26,37,68,,61,61,24,36,1,8,0.5,0.8
2025-01-11T0000,2924A,106.2266,38.4418,银川市,水乡路,颗粒物(PM10),54,58,66,27,27,34,,64,43,57,37,8,17,0.4,0.6
2025-01-11T0000,2925A,106.2757,38.4842,银川市,上海东路,,33,33,52,18,28,47,,65,61,45,28,2,8,0.5,0.6
2025-01-11T0000,2926A,106.1015,38.497,银川市,文昌北街,,40,40,67,23,35,83,,76,76,16,39,2,10,0.2,0.5
2025-01-11T0000,3523A,106.5105,38.3856,银川市,滨河新区,,42,42,44,12,16,73,,72,66,14,19,5,13,0.4,0.6
2025-01-11T0000,2357A,116.9822,28.1136,鹰潭市,龙虎山,,,,,,,,,,,,,,,,
2025-01-11T0000,2358A,117.0564,28.2642,鹰潭市,新监测站,,39,39,44,24,29,59,,86,79,19,22,12,17,0.4,0.5
2025-01-11T0000,2359A,117.0311,28.2475,鹰潭市,财苑宾馆,,48,48,47,32,29,40,,82,74,34,21,23,20,0.3,0.5
2025-01-11T0000,2360A,117.0222,28.2264,鹰潭市,体育馆,细颗粒物(PM2.5),54,56,48,38,32,20,,84,66,53,24,49,19,0.2,0.3
2025-01-11T0000,2361A,117.0017,28.2131,鹰潭市,三川水表,细颗粒物(PM2.5),65,55,58,47,42,10,,73,39,56,33,16,18,0.3,0.4
2025-01-11T0000,1597A,122.2703,40.7094,营口市,大庆路,细颗粒物(PM2.5),219,218,134,169,94,15,,60,21,77,57,35,22,3.8,1.7
2025-01-11T0000,1598A,122.2150,40.6511,营口市,镜湖西路,细颗粒物(PM2.5),134,117,72,102,49,20,,68,43,68,42,11,14,1.1,0.8
2025-01-11T0000,1599A,122.1658,40.6789,营口市,西炮台,细颗粒物(PM2.5),120,104,71,91,53,9,,57,23,60,44,13,14,1.0,0.9
2025-01-11T0000,3379A,122.1139,40.2278,营口市,鲅鱼圈市民活动中心,细颗粒物(PM2.5),113,142,96,85,58,8,,47,21,76,56,40,23,1.5,1.3
2025-01-11T0000,3866A,122.2469,40.66302,营口市,三高中,细颗粒物(PM2.5),132,100,78,100,61,10,,65,37,75,48,13,11,1.0,0.8
2025-01-11T0000,4006A,122.3622,40.6762,营口市,老边实验小学,细颗粒物(PM2.5),172,193,127,130,88,10,,58,26,73,49,47,27,2.2,1.7
2025-01-11T0000,2477A,111.6217,26.2081,永州市,零陵南津渡,颗粒物(PM10),62,74,70,36,42,71,,93,88,22,22,9,9,0.5,0.6
2025-01-11T0000,2478A,111.6156,26.4214,永州市,市环境监测站,,46,43,42,32,35,81,,90,85,14,18,20,10,0.4,0.4
2025-01-11T0000,2479A,111.6236,26.2331,永州市,零陵区环保局,细颗粒物(PM2.5),53,52,54,37,42,71,,90,84,20,19,7,7,0.6,0.7
2025-01-11T0000,2480A,111.5992,26.4364,永州市,永州市环保局,细颗粒物(PM2.5),57,50,40,40,35,69,,85,78,14,14,12,7,0.5,0.5
2025-01-11T0000,2481A,111.5989,26.4519,永州市,冷水滩区环保局,,46,46,45,32,36,80,,92,87,16,20,20,11,0.5,0.6
2025-01-11T0000,2638A,109.7414,38.3344,榆林市,红石峡森林公园,颗粒物(PM10),51,52,44,20,22,7,,71,32,61,36,16,11,0.7,0.7
2025-01-11T0000,2639A,109.7456,38.2911,榆林市,世纪广场,颗粒物(PM10),52,53,51,32,27,4,,60,34,79,43,21,13,0.9,0.8
2025-01-11T0000,2640A,109.7289,38.2839,榆林市,实验中学,颗粒物(PM10),54,57,55,26,22,6,,66,46,74,39,20,12,1.0,0.8
2025-01-11T0000,2641A,109.7336,38.2478,榆林市,环保监测大楼,颗粒物(PM10),51,52,47,28,23,13,,65,40,73,47,26,14,0.7,1
2025-01-11T0000,2509A,110.1106,22.7019,玉林市,寒山水库,,48,48,35,27,25,85,,94,91,11,11,4,2,0.5,0.5
2025-01-11T0000,2510A,110.1675,22.6411,玉林市,市监测站,"颗粒物(PM10),细颗粒物(PM2.5)",59,67,47,42,32,74,,97,87,22,19,3,2,0.5,0.5
2025-01-11T0000,2511A,110.1433,22.6164,玉林市,南江一中,颗粒物(PM10),62,74,51,41,29,67,,88,71,26,20,6,3,0.4,0.4
2025-01-11T0000,3532A,110.1945,22.6831,玉林市,玉林师范学院东校区,细颗粒物(PM2.5),54,44,37,38,30,84,,104,98,18,18,7,4,0.5,0.6
2025-01-11T0000,3533A,110.0527,22.5893,玉林市,福绵环保局,细颗粒物(PM2.5),64,47,37,46,30,66,,97,87,30,19,11,4,0.5,0.4
2025-01-11T0000,2675A,97,33.0014,玉树藏族自治州,玉树县结古镇,,50,50,29,6,7,76,,87,84,5,9,5,11,0.4,0.5
2025-01-11T0000,1715A,102.575,24.3711,玉溪市,东风水库,细颗粒物(PM2.5),52,38,30,36,27,35,,38,36,18,17,10,10,0.8,0.8
2025-01-11T0000,2882A,102.5389,24.3703,玉溪市,玉溪一中,,40,38,31,28,22,33,,37,33,15,15,9,9,1.0,0.9
2025-01-11T0000,2883A,102.5381,24.3389,玉溪市,文体中心,细颗粒物(PM2.5),54,42,34,38,25,30,,39,34,18,17,9,7,1.1,1
2025-01-11T0000,1847A,113.1094,29.3578,岳阳市,南湖风景区,细颗粒物(PM2.5),57,56,51,40,38,34,,69,52,43,33,9,11,0.6,0.7
2025-01-11T0000,1848A,113.1493,29.4251,岳阳市,城陵矶,细颗粒物(PM2.5),78,68,63,57,42,30,,61,44,52,44,13,16,0.5,0.5
2025-01-11T0000,1849A,113.1497,29.3575,岳阳市,开发区,"颗粒物(PM10),细颗粒物(PM2.5)",62,74,68,44,38,46,,67,52,31,30,14,15,0.3,0.3
2025-01-11T0000,1850A,113.2621,29.4758,岳阳市,云溪区,细颗粒物(PM2.5),64,75,64,46,36,27,,70,50,46,31,18,12,0.6,0.6
2025-01-11T0000,1851A,112.9943,29.4402,岳阳市,君山区,细颗粒物(PM2.5),78,72,56,57,36,46,,78,63,36,25,16,10,0.7,0.7
2025-01-11T0000,1852A,113.2117,29.355,岳阳市,金凤水库,颗粒物(PM10),57,63,59,39,32,32,,71,56,42,27,9,6,0.7,0.7
2025-01-11T0000,1712A,112.0392,22.9169,云浮市,新市府,,28,27,34,19,29,45,,78,61,15,15,2,2,0.4,0.5
2025-01-11T0000,1714A,112.0539,22.9539,云浮市,牧羊,,38,38,38,19,27,29,,90,58,61,26,9,8,0.6,0.6
2025-01-11T0000,3628A,112.0336,22.9374,云浮市,文笔,颗粒物(PM10),56,61,53,28,30,16,,67,,59,24,7,6,0.7,0.6
2025-01-11T0000,2175A,110.9956,35.0147,运城市,运城中学,二氧化硫,100,101,105,73,75,27,,48,38,48,44,499,58,1.2,1.4
2025-01-11T0000,2178A,110.9686,35.0303,运城市,地区技校,细颗粒物(PM2.5),87,115,115,64,64,17,,53,38,55,41,17,15,1.4,1.5
2025-01-11T0000,2179A,111.0414,35.1147,运城市,空港新区,细颗粒物(PM2.5),93,116,113,69,72,5,,50,19,62,51,13,14,1.3,1.7
2025-01-11T0000,3667A,111.0283,35.0547,运城市,水利职院,细颗粒物(PM2.5),120,129,109,91,84,9,,49,24,65,51,12,13,1.4,1.6
2025-01-11T0000,3670A,111.0522,35.0439,运城市,禹都公园,细颗粒物(PM2.5),93,112,110,69,75,12,,48,30,55,44,12,13,1.1,1.4
2025-01-11T0000,1637A,117.558,34.8438,枣庄市,市中区政府,细颗粒物(PM2.5),125,141,70,95,36,8,,64,33,74,47,24,14,1.3,0.6
2025-01-11T0000,1638A,117.2852,34.7837,枣庄市,薛城环保局,颗粒物(PM10),52,54,58,30,29,12,,64,22,72,44,6,5,0.6,0.6
2025-01-11T0000,1639A,117.5852,34.7745,枣庄市,峄城区政府,细颗粒物(PM2.5),90,110,59,67,28,8,,65,34,65,40,13,10,0.8,0.5
2025-01-11T0000,1640A,117.7276,34.5578,枣庄市,台儿庄区环保局,细颗粒物(PM2.5),104,107,60,78,33,6,,67,30,59,42,7,7,1.0,0.7
2025-01-11T0000,1641A,117.4518,35.0992,枣庄市,山亭区环保局,细颗粒物(PM2.5),59,63,45,42,31,16,,68,33,48,32,4,5,0.8,0.6
2025-01-11T0000,3364A,117.3152,34.8103,枣庄市,市环保局,,39,39,51,24,23,52,,63,50,24,32,2,5,0.3,0.4
2025-01-11T0000,1680A,110.3539,21.2706,湛江市,湛江影剧院,,48,48,68,33,41,83,,105,94,21,21,23,16,0.8,0.9
2025-01-11T0000,1681A,110.3928,21.2228,湛江市,市环境监测站,,43,42,67,30,46,86,,109,102,18,20,13,10,0.6,0.6
2025-01-11T0000,1682A,110.4019,21.1997,湛江市,环保局宿舍,,48,48,70,32,49,85,,114,107,16,17,14,11,0.6,0.7
2025-01-11T0000,1683A,110.4111,21.2028,湛江市,霞山游泳场,,43,43,70,27,43,91,,116,110,15,18,16,12,0.6,0.7
2025-01-11T0000,1684A,110.3316,21.2679,湛江市,麻章区环保局,颗粒物(PM10),54,57,75,37,51,64,,96,83,31,24,25,16,0.7,0.8
2025-01-11T0000,1685A,110.4558,21.2567,湛江市,坡头区环保局,,42,40,68,29,49,89,,116,110,19,21,9,11,0.6,0.7
2025-01-11T0000,1858A,110.5319,29.1217,张家界市,永定新区,细颗粒物(PM2.5),132,108,89,100,76,44,,81,63,26,22,6,6,0.8,0.6
2025-01-11T0000,1859A,110.4697,29.1242,张家界市,电业局,细颗粒物(PM2.5),100,98,89,75,67,55,,85,72,25,20,8,7,0.7,0.7
2025-01-11T0000,1860A,110.5594,29.3547,张家界市,未央路,细颗粒物(PM2.5),107,102,75,80,54,46,,80,64,8,8,5,5,0.9,0.8
2025-01-11T0000,1861A,110.4417,29.315,张家界市,袁家界,,,,,,,,,,,,,,,,
2025-01-11T0000,1057A,114.8883,40.8336,张家口市,人民公园,细颗粒物(PM2.5),54,49,23,38,17,38,,66,49,21,10,7,6,0.6,0.4
2025-01-11T0000,1059A,114.8687,40.8042,张家口市,五金库,,,23,20,,6,47,,65,48,14,11,6,5,0.6,0.4
2025-01-11T0000,1060A,114.8902,40.762,张家口市,世纪豪园,,36,30,18,25,12,47,,66,52,9,8,8,8,0.5,0.4
2025-01-11T0000,1061A,114.8916,40.8661,张家口市,北泵房,,50,40,24,35,20,43,,71,51,14,10,9,10,0.5,0.4
2025-01-11T0000,3131A,114.879,40.7993,张家口市,烟厂,,40,36,23,28,14,45,,65,52,9,10,6,5,0.6,0.4
2025-01-11T0000,3323A,115.2773,40.9724,张家口市,青少年活动中心,,25,25,11,14,14,45,,91,49,18,13,5,6,0.4,0.2
2025-01-11T0000,2654A,100.4698,38.9524,张掖市,润泉湖,颗粒物(PM10),78,105,67,40,33,69,,74,70,9,15,8,8,0.7,0.7
2025-01-11T0000,2655A,100.4154,38.9422,张掖市,区工会,颗粒物(PM10),66,82,58,31,22,64,,74,66,10,15,6,7,0.8,0.8
2025-01-11T0000,2075A,117.6336,24.4674,漳州市,九湖,,,,,,,,,,,,,,,,
2025-01-11T0000,2920A,117.7116,24.506,漳州市,蓝田镇,,47,47,77,18,42,59,,91,68,22,28,4,5,0.4,0.5
2025-01-11T0000,3216A,114.6622,24.5183,漳州市,漳州党校,颗粒物(PM10),51,52,78,18,41,53,,86,65,24,25,4,4,0.5,0.6
2025-01-11T0000,3530A,117.6296,24.5314,漳州市,西洋坪路,,39,39,60,20,40,52,,94,71,24,24,4,4,0.4,0.5
2025-01-11T0000,2596A,103.7667,27.3736,昭通市,监测站,,40,,29,28,20,69,,68,67,5,11,6,7,0.4,0.4
2025-01-11T0000,2597A,103.7225,27.3361,昭通市,环保局,,28,19,25,19,27,59,,64,62,14,16,6,8,1.0,1.1
2025-01-11T0000,1397A,112.4267,23.0706,肇庆市,睦岗子站,,32,32,46,16,29,65,,98,78,31,21,5,10,0.4,0.4
2025-01-11T0000,1398A,112.4645,23.0475,肇庆市,城中子站,,34,34,47,15,27,83,,101,91,22,17,8,6,0.4,0.5
2025-01-11T0000,1399A,112.5544,23.1522,肇庆市,坑口子站,,32,32,47,16,27,68,,90,76,20,14,4,3,0.6,0.6
2025-01-11T0000,1400A,112.4753,23.1,肇庆市,七星岩子站,,,,42,,27,,,97,80,,22,,6,,0.5
2025-01-11T0000,3313A,112.4575,23.0166,肇庆市,高要湖西,,30,30,51,18,30,85,,100,88,22,19,8,5,0.2,0.4
2025-01-11T0000,3451A,112.5617,23.2083,肇庆市,鼎湖凤凰,,25,24,40,17,29,51,,101,79,10,12,5,6,0.4,0.4
2025-01-11T0000,1203A,119.6707,32.1875,镇江市,新区办事处,颗粒物(PM10),61,72,50,36,21,8,,58,26,68,37,5,6,0.7,0.6
2025-01-11T0000,1204A,119.4974,32.1968,镇江市,职教中心,颗粒物(PM10),60,69,50,38,23,5,,64,31,69,35,5,8,0.6,0.5
2025-01-11T0000,1205A,119.4303,32.1328,镇江市,丹徒区监测站,细颗粒物(PM2.5),80,72,47,59,28,15,,62,33,58,33,9,7,0.6,0.4
2025-01-11T0000,2870A,119.4424,32.1873,镇江市,市疾控中心,颗粒物(PM10),58,65,45,34,20,21,,62,32,44,35,5,6,0.5,0.4
2025-01-11T0000,3287A,119.3842,32.1976,镇江市,富润路1号,颗粒物(PM10),62,74,49,40,24,2,,61,24,67,31,6,6,1.0,0.8
2025-01-11T0000,1316A,113.69031,34.76122,郑州市,烟厂,细颗粒物(PM2.5),84,85,72,62,44,22,,58,33,51,44,11,8,0.9,0.7
2025-01-11T0000,1317A,113.65724,34.77134,郑州市,郑纺机,细颗粒物(PM2.5),78,101,79,57,45,19,,55,30,61,55,10,8,0.6,0.3
2025-01-11T0000,1318A,113.67526,34.80246,郑州市,银行学校,细颗粒物(PM2.5),98,96,77,73,50,14,,52,21,56,43,12,10,0.5,0.5
2025-01-11T0000,1319A,113.56746,34.81334,郑州市,供水公司,细颗粒物(PM2.5),94,104,90,70,60,15,,52,25,52,45,6,8,0.7,0.6
2025-01-11T0000,1320A,113.7329,34.7178,郑州市,经开区管委,细颗粒物(PM2.5),110,101,82,83,52,23,,54,22,50,55,14,10,0.9,0.7
2025-01-11T0000,1321A,113.73961,34.77172,郑州市,四十七中,细颗粒物(PM2.5),87,98,78,64,42,10,,53,20,64,47,8,5,0.9,0.6
2025-01-11T0000,1322A,113.60532,34.74838,郑州市,市监测站,"颗粒物(PM10),细颗粒物(PM2.5)",82,114,87,60,44,20,,52,26,39,35,18,7,0.9,0.7
2025-01-11T0000,1323A,113.64164,34.7525,郑州市,河医大,细颗粒物(PM2.5),80,100,76,59,44,18,,51,32,49,39,16,10,0.9,0.6
2025-01-11T0000,1324A,113.51488,34.91089,郑州市,岗李水库,,,,,,,,,,,,,,,,
2025-01-11T0000,3471A,113.616563,34.86783,郑州市,惠济区政府,细颗粒物(PM2.5),119,129,102,90,64,5,,48,17,62,51,11,9,0.8,0.6
2025-01-11T0000,3590A,113.8374,34.5589,郑州市,北区建设指挥部,细颗粒物(PM2.5),78,95,76,57,44,10,,59,22,59,47,13,12,0.8,0.7
2025-01-11T0000,3591A,113.30952,34.803229,郑州市,上街区政府,颗粒物(PM10),70,90,91,49,56,36,,58,41,36,44,12,10,0.8,0.7
2025-01-11T0000,1379A,113.3769,22.5211,中山市,华柏园,,42,42,51,23,26,40,,82,70,51,30,8,7,0.5,0.4
2025-01-11T0000,1380A,113.3881,22.5497,中山市,张溪,,50,50,51,23,26,41,,93,78,54,30,5,4,0.5,0.4
2025-01-11T0000,1381A,113.4075,22.5111,中山市,紫马岭,,49,49,51,25,22,37,,85,70,55,31,8,7,0.5,0.4
2025-01-11T0000,1382A,113.4411,22.4853,中山市,长江旅游区,,,,50,,21,,,85,67,,25,,7,,0.6
2025-01-11T0000,3454A,113.3528,22.478,中山市,中山南区,,44,44,48,24,23,48,,87,75,46,30,6,6,0.4,0.4
2025-01-11T0000,2680A,105.0025,37.4635,中卫市,沙坡头消防站,,,,,,,,,,,,,,,,
2025-01-11T0000,2682A,105.1971,37.5002,中卫市,环保局站,颗粒物(PM10),190,330,99,30,22,85,,86,81,6,12,5,5,0.2,0.2
2025-01-11T0000,3650A,105.1698,37.5162,中卫市,沙坡头区政府站,颗粒物(PM10),250,385,114,57,24,76,,82,74,7,11,5,6,0.3,0.4
2025-01-11T0000,1414A,106.3787,29.8279,重庆市,缙云山,,40,28,29,28,23,38,,50,49,14,15,2,6,0.5,0.5
2025-01-11T0000,1416A,106.4213,29.8253,重庆市,天生,细颗粒物(PM2.5),58,56,41,41,27,12,,52,33,33,24,12,8,0.7,0.6
2025-01-11T0000,1417A,106.6263,29.7228,重庆市,两路,"颗粒物(PM10),细颗粒物(PM2.5)",53,56,48,37,34,21,,43,26,46,39,5,6,0.7,0.8
2025-01-11T0000,1418A,106.2953,29.5983,重庆市,虎溪,细颗粒物(PM2.5),55,57,46,39,30,7,,39,19,49,42,5,5,0.7,0.7
2025-01-11T0000,1419A,106.5777,29.5102,重庆市,南坪,细颗粒物(PM2.5),53,46,43,37,33,41,,45,40,30,30,8,8,0.5,0.5
2025-01-11T0000,1420A,106.6556,29.6277,重庆市,唐家沱,细颗粒物(PM2.5),57,55,41,40,32,8,,51,34,57,39,6,7,0.7,0.7
2025-01-11T0000,1421A,106.6349,29.4906,重庆市,茶园,细颗粒物(PM2.5),70,80,50,51,35,4,,49,28,65,38,7,7,0.8,0.7
2025-01-11T0000,1422A,106.3754,29.4572,重庆市,白市驿,,41,41,33,26,26,31,,42,32,37,33,6,6,0.4,0.4
2025-01-11T0000,1425A,106.6205,29.7166,重庆市,空港,颗粒物(PM10),51,51,37,35,32,38,,58,42,36,35,6,6,0.6,0.7
2025-01-11T0000,1426A,106.4782,29.4875,重庆市,新山村,颗粒物(PM10),53,56,42,36,26,26,,42,34,61,45,5,5,0.8,0.7
2025-01-11T0000,1427A,106.5616,29.6453,重庆市,礼嘉,细颗粒物(PM2.5),57,53,39,40,32,28,,50,44,45,31,8,7,0.6,0.6
2025-01-11T0000,1428A,106.4522,29.7091,重庆市,蔡家,细颗粒物(PM2.5),53,53,41,37,29,17,,52,32,27,26,6,6,0.6,0.7
2025-01-11T0000,1429A,106.5093,29.3917,重庆市,鱼新街,细颗粒物(PM2.5),54,55,34,38,26,46,,53,49,28,31,6,5,0.8,0.7
2025-01-11T0000,3014A,106.4958,29.5346,重庆市,歇台子,,48,47,37,33,26,14,,46,36,60,31,6,6,0.8,0.7
2025-01-11T0000,3015A,106.4037,29.5728,重庆市,龙井湾,,49,49,39,27,21,41,,48,47,19,29,6,6,0.6,0.6
2025-01-11T0000,3016A,106.5507,29.4153,重庆市,龙洲湾,细颗粒物(PM2.5),55,53,38,39,33,22,,52,42,42,28,5,5,0.6,0.5
2025-01-11T0000,3133A,106.5468,29.5654,重庆市,上清寺,细颗粒物(PM2.5),59,55,42,42,35,16,,49,40,57,28,7,7,0.7,0.7
2025-01-11T0000,3346A,108.3872,31.1628,重庆市,安康,细颗粒物(PM2.5),65,63,71,47,45,4,,39,11,29,24,5,6,0.6,0.6
2025-01-11T0000,3347A,105.9017,29.3569,重庆市,北山路,细颗粒物(PM2.5),58,41,37,41,27,16,,38,24,46,41,2,3,0.8,0.8
2025-01-11T0000,3348A,105.839,30.1946,重庆市,春阳街,,50,35,46,35,37,27,,35,32,21,24,5,10,0.6,0.7
2025-01-11T0000,3349A,107.7983,30.6758,重庆市,人民东路,颗粒物(PM10),67,83,64,45,46,5,,52,23,44,25,6,6,0.8,0.7
2025-01-11T0000,3350A,106.6479,29.0244,重庆市,滩子口,细颗粒物(PM2.5),68,56,38,49,32,8,,68,35,47,25,7,7,0.6,0.4
2025-01-11T0000,3351A,105.7167,29.7076,重庆市,棠香,,49,37,33,34,29,38,,33,33,12,20,6,5,0.7,0.7
2025-01-11T0000,3352A,107.0732,29.8617,重庆市,桃源西路,细颗粒物(PM2.5),73,74,53,53,35,27,,53,43,25,17,4,6,0.4,0.3
2025-01-11T0000,3353A,107.3535,29.7287,重庆市,迎宾大道,颗粒物(PM10),57,64,46,39,38,14,,46,33,40,26,6,8,0.6,0.5
2025-01-11T0000,3354A,108.815,29.5081,重庆市,舟白,细颗粒物(PM2.5),122,100,72,92,66,10,,39,24,38,27,8,8,0.9,0.9
2025-01-11T0000,3355A,108.3679,30.8426,重庆市,周家坝,细颗粒物(PM2.5),93,,55,69,50,3,,44,25,51,36,12,10,0.9,0.7
2025-01-11T0000,3356A,108.4319,30.7555,重庆市,百安坝,细颗粒物(PM2.5),80,66,50,59,46,42,,62,56,23,24,8,8,0.5,0.5
2025-01-11T0000,3482A,107.7541,29.3277,重庆市,芙蓉中路,细颗粒物(PM2.5),77,78,52,56,40,16,,58,36,27,26,5,6,0.7,0.6
2025-01-11T0000,3483A,108.7661,29.5368,重庆市,西山,细颗粒物(PM2.5),89,87,68,66,53,8,,54,26,44,31,3,3,0.7,0.6
2025-01-11T0000,3484A,106.2628,29.32,重庆市,行政中心,,50,50,42,27,24,4,,39,15,61,37,5,5,0.9,0.8
2025-01-11T0000,3485A,107.0944,29.1608,重庆市,高寺路,细颗粒物(PM2.5),54,53,39,38,27,34,,66,53,18,17,4,4,0.5,0.4
2025-01-11T0000,3599A,106.2649,29.9851,重庆市,书院路,细颗粒物(PM2.5),60,45,35,43,31,22,,40,24,18,25,10,11,0.7,0.7
2025-01-11T0000,3600A,106.2339,29.5559,重庆市,虎峰,细颗粒物(PM2.5),57,53,42,40,33,21,,32,28,33,38,9,3,0.7,0.6
2025-01-11T0000,3601A,106.0499,29.8342,重庆市,龙门街,,50,46,37,35,28,14,,26,20,23,29,4,4,0.5,0.6
2025-01-11T0000,3610A,105.5933,29.4105,重庆市,昌元,颗粒物(PM10),52,53,49,32,31,17,,25,19,28,33,5,7,0.6,0.7
2025-01-11T0000,1258A,122.122,30.0203,舟山市,定海檀枫,,32,32,29,18,16,22,,68,39,40,23,8,8,0.5,0.4
2025-01-11T0000,1260A,122.19,29.9944,舟山市,临城新区,,32,32,30,21,14,33,,70,38,36,20,7,6,0.6,0.5
2025-01-11T0000,4033A,122.3123,29.9619,舟山市,普陀东港中学,,32,32,29,15,10,39,,62,45,27,17,10,8,0.5,0.4
2025-01-11T0000,2067A,114.6613,33.6128,周口市,市环境监测站,细颗粒物(PM2.5),129,114,84,98,56,23,,65,31,40,39,11,10,0.6,0.7
2025-01-11T0000,2068A,114.6758,33.6347,周口市,周口师范,细颗粒物(PM2.5),105,104,71,79,50,30,,63,39,47,47,8,8,0.4,0.3
2025-01-11T0000,2069A,114.6546,33.5979,周口市,市运管处,细颗粒物(PM2.5),107,111,73,80,47,22,,68,32,49,43,7,7,0.6,0.4
2025-01-11T0000,2070A,114.6369,33.6406,周口市,川汇区环保局,细颗粒物(PM2.5),105,106,77,79,53,30,,64,36,45,45,9,9,0.8,0.7
2025-01-11T0000,1515A,113.135,27.8244,株洲市,天台山庄,颗粒物(PM10),52,54,63,33,36,46,,77,64,40,39,8,7,0.6,0.8
2025-01-11T0000,1518A,113.095,27.8867,株洲市,株冶医院,颗粒物(PM10),55,60,56,32,34,22,,74,51,55,38,10,10,0.7,0.7
2025-01-11T0000,1519A,113.167,27.8667,株洲市,市四中,颗粒物(PM10),59,68,67,38,42,35,,81,66,51,35,6,5,0.5,0.6
2025-01-11T0000,1520A,113.143,27.8381,株洲市,火车站,颗粒物(PM10),55,60,61,34,40,48,,77,65,35,34,9,8,0.6,0.6
2025-01-11T0000,1524A,113.13,27.8528,株洲市,市监测站,"颗粒物(PM10),细颗粒物(PM2.5)",58,65,67,41,44,47,,76,63,37,37,6,5,0.4,0.5
2025-01-11T0000,1559A,113.251,27.8336,株洲市,大京风景区,颗粒物(PM10),53,55,44,34,33,43,,76,57,29,16,7,5,0.5,0.5
2025-01-11T0000,2031A,113.1817,27.9958,株洲市,云田中学,颗粒物(PM10),58,66,60,35,36,42,,80,67,37,29,10,9,0.5,0.6
2025-01-11T0000,1367A,113.5814,22.2618,珠海市,吉大,,,48,63,18,25,78,,101,78,21,28,6,7,,0.5
2025-01-11T0000,1368A,113.4881,22.2335,珠海市,前山,,50,50,57,24,29,49,,88,62,45,34,8,8,0.4,0.4
2025-01-11T0000,1369A,113.628,22.4251,珠海市,唐家,,39,39,55,16,23,80,,93,82,20,24,6,6,0.3,0.3
2025-01-11T0000,1370A,113.299,22.2281,珠海市,斗门,,47,47,52,21,24,53,,83,68,37,31,8,8,0.4,0.4
2025-01-11T0000,3308A,113.3494,22.0569,珠海市,金湾,颗粒物(PM10),52,54,66,24,29,57,,86,70,32,28,9,8,0.2,0.4
2025-01-11T0000,3448A,113.5433,22.1163,珠海市,横琴,,24,24,39,13,21,73,,107,83,28,28,6,6,0.4,0.4
2025-01-11T0000,2420A,114.0189,32.9656,驻马店市,市一纸厂,细颗粒物(PM2.5),77,96,84,56,43,57,,70,47,16,33,8,7,0.6,0.6
2025-01-11T0000,2421A,114.0114,33.015,驻马店市,市彩印厂,细颗粒物(PM2.5),74,95,73,54,41,51,,72,58,23,27,6,6,0.5,0.5
2025-01-11T0000,2422A,113.9976,32.9771,驻马店市,天方二分厂,,,,,,,,,,,,,,,,
2025-01-11T0000,3339A,114.0012,33.0412,驻马店市,小管楼,细颗粒物(PM2.5),83,101,80,61,43,41,,72,52,26,31,8,7,0.5,0.4
2025-01-11T0000,2561A,104.6617,30.1372,资阳市,莲花山,细颗粒物(PM2.5),72,,59,52,46,20,,21,20,18,24,4,5,0.7,0.8
2025-01-11T0000,2562A,104.6356,30.1506,资阳市,资阳中学,细颗粒物(PM2.5),64,53,54,46,48,20,,25,21,19,23,2,3,0.8,0.8
2025-01-11T0000,2563A,104.6295,30.1383,资阳市,四三一厂,细颗粒物(PM2.5),73,62,70,53,56,21,,24,22,18,23,2,2,0.8,0.8
2025-01-11T0000,2564A,104.6463,30.1146,资阳市,师范校,细颗粒物(PM2.5),74,57,65,54,55,26,,30,26,16,20,2,2,0.7,0.8
2025-01-11T0000,2565A,104.6296,30.1256,资阳市,区法院,细颗粒物(PM2.5),67,56,61,48,53,21,,23,21,18,22,4,2,0.8,0.8
2025-01-11T0000,1631A,118.0414,36.8103,淄博市,人民公园,细颗粒物(PM2.5),94,100,59,70,32,8,,61,23,78,51,37,19,1.1,0.8
2025-01-11T0000,1633A,117.8525,36.4847,淄博市,双山,颗粒物(PM10),56,61,42,34,25,6,,64,26,70,46,16,14,1.0,0.9
2025-01-11T0000,1634A,117.9592,36.6331,淄博市,气象站,"颗粒物(PM10),细颗粒物(PM2.5)",67,84,55,48,29,9,,62,22,70,47,26,20,1.2,1
2025-01-11T0000,1635A,118.3092,36.8194,淄博市,莆田园,,,,62,,27,,,29,,,46,,22,,0.8
2025-01-11T0000,3363A,117.9883,36.8372,淄博市,新区,颗粒物(PM10),69,88,55,39,23,6,,51,15,66,52,19,18,1.0,0.8
2025-01-11T0000,3644A,117.8661,36.805,淄博市,三金集团,颗粒物(PM10),90,130,73,66,30,4,,58,18,85,55,31,21,1.0,0.8
2025-01-11T0000,3645A,118.0253,36.8406,淄博市,东风化工厂,细颗粒物(PM2.5),64,72,53,46,25,7,,54,19,71,46,23,15,1.0,0.9
2025-01-11T0000,3028A,104.776,29.3627,自贡市,檀木林体育馆,,44,44,49,28,34,18,,14,14,19,26,6,6,0.5,0.6
2025-01-11T0000,3360A,104.7894,29.3194,自贡市,南湖救助站,颗粒物(PM10),52,53,55,31,37,13,,9,9,20,27,4,4,0.4,0.6
2025-01-11T0000,3638A,104.7636,29.3338,自贡市,轻化工大学,,47,47,55,31,37,15,,10,10,19,26,1,2,0.5,0.6
2025-01-11T0000,4225A,104.7143,29.3386,自贡市,贡兴路74号,,43,43,50,29,35,8,,7,7,18,23,2,2,0.4,0.4
2025-01-11T0000,1911A,106.9222,27.6869,遵义市,丁字口,细颗粒物(PM2.5),68,53,41,49,31,65,,81,76,25,15,14,10,0.5,0.4
2025-01-11T0000,1912A,106.9242,27.7019,遵义市,凤凰山,细颗粒物(PM2.5),67,55,40,48,34,75,,80,78,15,13,13,8,0.6,0.3
2025-01-11T0000,1913A,106.8906,27.6486,遵义市,忠庄,细颗粒物(PM2.5),58,56,42,41,37,58,,77,68,18,13,6,5,0.5,0.4
2025-01-11T0000,1914A,106.9231,27.6506,遵义市,舟水桥,颗粒物(PM10),63,76,50,42,30,50,,82,73,31,15,14,13,0.7,0.6
2025-01-11T0000,1915A,106.9178,27.72,遵义市,干田坝,细颗粒物(PM2.5),72,,38,52,37,63,,77,72,26,20,14,13,0.5,0.5
2025-01-11T0000,3536A,106.8547,27.5919,遵义市,第十二小学,细颗粒物(PM2.5),82,75,48,60,38,53,,76,68,24,15,32,29,0.8,0.7
