timepoint,stationcode,longitude,latitude,area,positionname,primarypollutant,aqi,pm10,pm10_24h,pm2_5,pm2_5_24h,o3,o3_24h,o3_8h,o3_8h_24h,no2,no2_24h,so2,so2_24h,co,co_24h
2023-12-22T2300,2566A,102.1879,31.914,阿坝藏族羌族自治州,州农科所,,,,102,16,10,16,,55,45,21,15,5,6,0.6,0.5
2023-12-22T2300,2568A,102.2502,31.8896,阿坝藏族羌族自治州,马师校,,26,26,18,14,14,28,,69,53,29,18,3,3,0.5,0.5
2023-12-22T2300,3994A,102.2165,31.9024,阿坝藏族羌族自治州,马尔康中学西区,,32,26,24,22,12,30,,77,67,32,13,4,4,0.6,0.5
2023-12-22T2300,2695A,80.292,41.1694,阿克苏地区,电视台,颗粒物(PM10),500,818,755,158,126,6,,48,38,69,35,8,6,2.3,1.4
2023-12-22T2300,2696A,80.2613,41.1551,阿克苏地区,艺术中心,颗粒物(PM10),500,763,723,158,153,33,,49,45,33,30,4,5,0.8,1.2
2023-12-22T2300,2204A,105.6467,38.8363,阿拉善盟,西城区西花园,颗粒物(PM10),70,89,55,21,21,35,,70,57,49,21,8,10,0.9,0.8
2023-12-22T2300,2205A,105.6985,38.8411,阿拉善盟,蒙二幼,颗粒物(PM10),65,79,51,19,18,70,,75,73,18,18,6,7,0.7,0.7
2023-12-22T2300,2206A,105.724,38.8516,阿拉善盟,环保局新楼,颗粒物(PM10),58,65,41,16,16,82,,83,83,7,12,4,6,0.5,0.7
2023-12-22T2300,2708A,88.1264,47.8517,阿勒泰地区,市站,,26,19,15,18,9,34,,59,27,26,25,4,4,0.4,0.5
2023-12-22T2300,2630A,80.1161,32.5,阿里地区,阿里监测站,,41,41,12,17,6,10,,69,50,50,23,32,13,0.7,0.5
2023-12-22T2300,3192A,80.0903,32.5028,阿里地区,阿里藏医院,颗粒物(PM10),55,59,21,28,10,5,,72,55,73,45,30,16,1.4,0.7
2023-12-22T2300,2642A,109.0318,32.6537,安康市,香溪洞,细颗粒物(PM2.5),102,98,83,76,57,39,,72,63,37,22,7,8,0.8,0.6
2023-12-22T2300,2643A,109.0281,32.6939,安康市,安康市监测站,细颗粒物(PM2.5),102,122,105,76,64,18,,75,45,50,34,10,16,0.9,0.8
2023-12-22T2300,2644A,109.0072,32.6975,安康市,汉滨区检察院,细颗粒物(PM2.5),90,106,97,67,63,21,,74,49,48,30,8,11,0.6,0.6
2023-12-22T2300,2291A,117.0809,30.5177,安庆市,环科院,颗粒物(PM10),52,53,55,35,37,48,,63,55,23,21,10,9,0.6,0.6
2023-12-22T2300,2292A,117.0331,30.5119,安庆市,马山宾馆,,46,46,54,30,33,51,,68,57,30,26,6,7,0.4,0.4
2023-12-22T2300,2294A,116.9896,30.6145,安庆市,安庆大学,,40,40,50,26,31,62,,74,68,22,22,9,10,0.6,0.6
2023-12-22T2300,3173A,117.0598,30.5351,安庆市,市人大,,50,50,56,31,35,43,,64,51,34,28,3,3,0.7,0.7
2023-12-22T2300,3122A,105.9606,26.2611,安顺市,伍家关,,,,,,,,,,,,,,,,
2023-12-22T2300,3123A,105.9408,26.2431,安顺市,凤凰山,细颗粒物(PM2.5),73,66,55,53,44,57,,66,62,18,17,23,21,0.5,0.4
2023-12-22T2300,3124A,105.9439,26.2564,安顺市,金钟山,,,62,59,58,47,57,,64,60,19,16,23,22,,
2023-12-22T2300,3125A,105.8983,26.2481,安顺市,娄家坡,细颗粒物(PM2.5),74,74,62,54,49,57,,54,54,13,14,23,18,0.6,0.6
2023-12-22T2300,1818A,114.4839,36.0621,安阳市,棉研所,,,,,,,,,,,,,,,,
2023-12-22T2300,1819A,114.3551,36.1017,安阳市,红庙街,细颗粒物(PM2.5),84,101,116,62,85,9,,57,40,68,53,9,11,1.5,1.5
2023-12-22T2300,1820A,114.361,36.0681,安阳市,银杏小区,颗粒物(PM10),75,99,121,53,91,12,,63,43,63,51,11,8,0.9,1.5
2023-12-22T2300,3141A,114.3922,36.0878,安阳市,信访局,颗粒物(PM10),68,86,114,43,84,14,,58,38,56,53,6,10,0.9,1.1
2023-12-22T2300,3669A,114.4705,36.0637,安阳市,左辅环卫站,,,91,130,64,104,,,69,46,50,52,20,27,0.7,0.8
2023-12-22T2300,3703A,114.2917,36.0949,安阳市,安钢职工学校,细颗粒物(PM2.5),118,110,141,89,94,14,,56,41,69,51,9,10,1.2,1.2
2023-12-22T2300,1748A,123.044,41.1196,鞍山市,深沟寺,,46,46,54,26,33,37,,52,41,31,36,8,14,1.0,1.2
2023-12-22T2300,1749A,123.011,41.0931,鞍山市,太阳城,,26,26,54,13,32,61,,53,44,15,35,14,17,0.8,1.2
2023-12-22T2300,1750A,123.0485,41.1442,鞍山市,太平,,36,35,55,25,37,34,,48,34,38,47,15,17,1.0,1.5
2023-12-22T2300,1751A,122.9642,41.0971,鞍山市,铁西三道街,,49,49,74,28,44,13,,44,17,65,56,21,22,1.5,1.5
2023-12-22T2300,1752A,122.9341,41.0833,鞍山市,铁西工业园区,,43,43,80,23,53,28,,49,22,54,55,17,19,1.6,1.8
2023-12-22T2300,1753A,123.022,41.0821,鞍山市,明达新区,,40,40,58,19,31,58,,52,45,17,33,12,19,0.5,1
2023-12-22T2300,1754A,123.1289,41.0228,鞍山市,千山,,,,,,,,,,,,,,,,
2023-12-22T2300,2195A,107.4212,40.761,巴彦淖尔市,附二中,颗粒物(PM10),70,90,63,49,33,10,,44,21,50,32,14,13,0.9,0.7
2023-12-22T2300,2196A,107.37,40.7372,巴彦淖尔市,市环保大楼,细颗粒物(PM2.5),65,77,54,47,29,6,,46,21,51,27,9,9,1.0,0.8
2023-12-22T2300,1956A,86.1472,41.7538,巴音郭楞州,孔雀公园,颗粒物(PM10),128,206,190,55,51,1,,59,44,94,57,4,4,1.1,0.9
2023-12-22T2300,1957A,86.1972,41.7166,巴音郭楞州,棉纺厂,颗粒物(PM10),178,306,213,61,50,13,,56,41,67,58,1,3,0.9,0.9
2023-12-22T2300,1958A,86.2357,41.7173,巴音郭楞州,经济开发区,颗粒物(PM10),145,239,191,59,47,6,,56,43,74,55,3,3,0.6,0.6
2023-12-22T2300,2914A,106.7677,31.8794,巴中市,苏山坪,细颗粒物(PM2.5),59,58,55,42,38,46,,54,51,17,16,5,4,0.4,0.5
2023-12-22T2300,3182A,106.7656,31.8545,巴中市,丽阳花园,细颗粒物(PM2.5),88,87,67,65,50,4,,39,18,37,30,4,4,0.8,0.8
2023-12-22T2300,3183A,106.7418,31.8654,巴中市,圣泉水务公司,细颗粒物(PM2.5),90,90,59,67,41,3,,34,13,39,33,3,3,0.7,0.5
2023-12-22T2300,3616A,106.7616,31.8344,巴中市,市中心医院,细颗粒物(PM2.5),112,113,66,84,49,4,,40,18,38,27,5,4,0.9,0.6
2023-12-22T2300,2235A,122.7911,45.6077,白城市,洮北区环保局,,37,37,36,20,19,48,,67,56,18,12,7,7,0.6,0.5
2023-12-22T2300,2236A,122.8738,45.5725,白城市,市环保局,,43,43,41,16,20,51,,64,53,20,16,9,6,0.5,0.5
2023-12-22T2300,2231A,126.4219,41.9171,白山市,喜丰,颗粒物(PM10),79,107,72,53,42,8,,48,27,56,34,20,27,1.3,1
2023-12-22T2300,2232A,126.4077,41.9419,白山市,环保局,细颗粒物(PM2.5),98,130,107,73,49,5,,42,15,64,40,28,22,1.6,1.1
2023-12-22T2300,2647A,104.1724,36.5446,白银市,第三小学,颗粒物(PM10),82,113,103,47,35,9,,57,34,63,47,25,79,1.0,1.6
2023-12-22T2300,2648A,104.1465,36.5482,白银市,动力公司,颗粒物(PM10),78,105,89,52,41,16,,76,49,59,40,14,33,1.1,1.1
2023-12-22T2300,2512A,106.6103,23.9011,百色市,市监测站,颗粒物(PM10),55,60,53,36,29,38,,81,62,33,19,11,8,0.8,0.7
2023-12-22T2300,2513A,106.6538,23.8859,百色市,市中心血站,颗粒物(PM10),63,75,61,38,36,44,,91,66,27,22,12,16,0.7,0.7
2023-12-22T2300,3406A,106.6085,23.8798,百色市,祈福高中,颗粒物(PM10),65,79,54,45,33,12,,88,52,49,22,7,9,0.7,0.6
2023-12-22T2300,2270A,117.396,32.939,蚌埠市,工人疗养院,,46,42,46,32,32,44,,65,43,33,31,9,9,0.6,0.6
2023-12-22T2300,2271A,117.3605,32.9427,蚌埠市,百货大楼,,36,31,46,25,30,51,,65,37,27,30,6,7,0.7,0.7
2023-12-22T2300,2273A,117.4185,32.8911,蚌埠市,蚌埠学院,,42,36,46,29,31,49,,68,50,19,27,3,4,0.4,0.4
2023-12-22T2300,2274A,117.3533,32.9673,蚌埠市,淮上区政府,,48,48,57,31,41,43,,68,42,34,31,6,7,0.6,0.6
2023-12-22T2300,2275A,117.3145,32.8977,蚌埠市,高新区,,44,44,45,30,33,37,,68,48,36,34,6,6,0.4,0.4
2023-12-22T2300,3715A,117.3092,32.9314,蚌埠市,蚌埠田家炳中学,,42,40,57,29,37,39,,65,34,35,38,5,6,0.5,0.5
2023-12-22T2300,1585A,109.8756,40.6532,包头市,市环境监测站,细颗粒物(PM2.5),82,86,76,60,55,5,,30,15,68,56,19,35,1.3,1.2
2023-12-22T2300,1587A,109.9991,40.5842,包头市,包头八中,细颗粒物(PM2.5),107,114,96,80,62,4,,31,14,67,55,19,36,1.5,1.3
2023-12-22T2300,1588A,109.8538,40.6821,包头市,青山宾馆,细颗粒物(PM2.5),109,98,82,82,59,6,,29,14,70,62,16,27,1.7,1.5
2023-12-22T2300,1589A,109.8642,40.6288,包头市,惠龙物流,细颗粒物(PM2.5),104,91,81,78,57,3,,32,13,70,57,16,28,1.4,1.4
2023-12-22T2300,1590A,110.0377,40.5546,包头市,东河鸿龙湾,细颗粒物(PM2.5),104,107,82,78,50,25,,39,22,70,54,19,19,1.9,1
2023-12-22T2300,3283A,109.9154,40.5685,包头市,滨河大厦,细颗粒物(PM2.5),88,86,70,65,52,4,,38,13,62,42,14,17,1.3,0.7
2023-12-22T2300,3419A,109.9447,40.6261,包头市,包头市委党校,细颗粒物(PM2.5),102,118,75,76,53,9,,35,18,73,58,21,33,1.8,1.3
2023-12-22T2300,3683A,109.8331,40.6576,包头市,昆区政府,细颗粒物(PM2.5),109,89,76,82,62,7,,26,11,76,60,21,31,1.8,1.5
2023-12-22T2300,1930A,107.185,34.3063,宝鸡市,庙沟村,细颗粒物(PM2.5),87,98,95,64,63,1,,25,7,46,40,8,8,0.6,0.7
2023-12-22T2300,1931A,107.0708,34.3017,宝鸡市,竹园沟,细颗粒物(PM2.5),90,69,84,67,66,7,,36,19,38,36,3,4,0.8,0.7
2023-12-22T2300,1932A,107.1906,34.3672,宝鸡市,三陆医院,细颗粒物(PM2.5),163,162,112,124,75,7,,27,13,53,53,26,11,1.1,1
2023-12-22T2300,1933A,107.1431,34.3547,宝鸡市,监测站,细颗粒物(PM2.5),115,104,99,87,70,6,,32,13,46,43,4,5,1.1,0.9
2023-12-22T2300,1934A,107.1186,34.3739,宝鸡市,技工学校,细颗粒物(PM2.5),122,117,96,92,64,9,,34,14,42,39,7,9,0.9,0.8
2023-12-22T2300,1935A,107.3906,34.3528,宝鸡市,陈仓区环保局家属楼,细颗粒物(PM2.5),215,181,127,165,91,19,,27,20,70,57,9,8,1.5,0.9
2023-12-22T2300,1936A,107.2058,34.3497,宝鸡市,文理学院,细颗粒物(PM2.5),130,183,109,99,67,4,,26,,55,51,7,9,1.4,1.2
2023-12-22T2300,1937A,107.2386,34.3622,宝鸡市,三迪小学,细颗粒物(PM2.5),124,159,127,94,71,9,,28,15,50,47,8,9,1.1,1
2023-12-22T2300,1051A,115.493,38.8632,保定市,游泳馆,细颗粒物(PM2.5),117,,56,88,52,6,,34,11,72,54,3,3,1.7,1.2
2023-12-22T2300,1052A,115.5213,38.8959,保定市,华电二区,细颗粒物(PM2.5),110,93,66,83,59,4,,25,8,78,58,7,4,1.1,0.7
2023-12-22T2300,1053A,115.4713,38.9108,保定市,接待中心,细颗粒物(PM2.5),73,89,59,53,39,1,,43,13,72,50,1,2,1.0,0.6
2023-12-22T2300,1054A,115.4612,38.8416,保定市,地表水厂,细颗粒物(PM2.5),127,110,69,96,51,4,,33,10,84,65,3,3,0.9,0.5
2023-12-22T2300,1056A,115.5086,38.8639,保定市,监测站,细颗粒物(PM2.5),124,104,72,94,48,1,,20,6,84,68,8,6,0.8,0.5
2023-12-22T2300,3581A,115.31981,38.95208,保定市,满城区生态环境分局,细颗粒物(PM2.5),83,95,56,61,38,2,,44,12,80,54,4,2,1.5,1
2023-12-22T2300,3582A,115.47694,38.76408,保定市,清苑区第二中学,细颗粒物(PM2.5),127,96,62,96,56,7,,34,14,86,66,3,3,1.2,0.9
2023-12-22T2300,3583A,115.62909,39.02311,保定市,徐水物探局,细颗粒物(PM2.5),117,114,73,88,51,2,,35,8,28,44,1,2,1.4,0.9
2023-12-22T2300,4004A,115.4202,38.8656,保定市,双鹰农机,细颗粒物(PM2.5),88,92,62,65,42,3,,44,14,77,56,1,2,0.9,0.6
2023-12-22T2300,2594A,99.1678,25.1081,保山市,市环境监测站,,28,28,26,16,15,43,,68,58,10,13,5,6,0.7,0.6
2023-12-22T2300,2595A,99.1711,25.1328,保山市,市环保局,,24,24,28,13,16,54,,70,65,4,9,6,6,0.3,0.3
2023-12-22T2300,1866A,109.2262,21.588,北海市,牛尾岭水库,,,,,,,,,,,,,,,,
2023-12-22T2300,1867A,109.1436,21.4086,北海市,海滩公园,细颗粒物(PM2.5),62,66,56,44,37,86,,96,95,11,11,9,9,0.5,0.5
2023-12-22T2300,1868A,109.0981,21.4661,北海市,新市环保局,细颗粒物(PM2.5),67,60,51,48,41,91,,104,103,12,10,9,7,0.6,0.6
2023-12-22T2300,1869A,109.1778,21.5233,北海市,北海工业园,细颗粒物(PM2.5),62,63,60,44,41,85,,92,91,11,12,9,9,0.7,0.7
2023-12-22T2300,3400A,109.1911,21.4415,北海市,龙潭自来水厂,细颗粒物(PM2.5),62,59,51,44,38,83,,93,91,12,10,14,9,0.5,0.5
2023-12-22T2300,1001A,116.3621,39.8784,北京市,万寿西宫,颗粒物(PM10),56,62,39,39,20,2,,38,12,83,50,3,2,0.5,0.3
2023-12-22T2300,1002A,116.2202,40.2915,北京市,定陵,,41,41,24,28,13,34,,55,42,21,10,8,4,0.4,0.2
2023-12-22T2300,1003A,116.4174,39.9289,北京市,东四,颗粒物(PM10),57,64,42,37,17,5,,38,16,64,36,2,2,0.9,0.7
2023-12-22T2300,1004A,116.4072,39.8863,北京市,天坛,颗粒物(PM10),51,52,34,31,16,10,,47,21,57,41,3,2,0.5,0.3
2023-12-22T2300,1005A,116.462,39.9365,北京市,农展馆,颗粒物(PM10),62,73,38,37,15,3,,47,14,80,39,3,3,0.7,0.3
2023-12-22T2300,1006A,116.3392,39.9295,北京市,官园,颗粒物(PM10),60,70,42,33,18,1,,45,14,72,39,3,3,0.8,0.5
2023-12-22T2300,1007A,116.2878,39.9611,北京市,海淀万柳,颗粒物(PM10),75,100,54,34,16,8,,43,19,77,47,3,3,0.9,0.6
2023-12-22T2300,1008A,116.6636,40.135,北京市,顺义新城,,50,50,24,21,12,4,,58,28,68,21,1,1,0.6,0.3
2023-12-22T2300,1009A,116.6275,40.3275,北京市,怀柔镇,,40,40,24,23,13,23,,60,43,33,20,4,3,0.6,0.4
2023-12-22T2300,1010A,116.2296,40.217,北京市,昌平镇,,45,45,36,30,23,31,,53,38,25,12,5,3,0.6,0.4
2023-12-22T2300,1011A,116.3966,39.9821,北京市,奥体中心,颗粒物(PM10),62,73,39,32,15,6,,47,17,71,40,3,3,0.8,0.5
2023-12-22T2300,1012A,116.184,39.9136,北京市,古城,颗粒物(PM10),61,72,41,29,18,1,,46,16,68,36,2,2,0.6,0.3
2023-12-22T2300,3281A,115.9718,40.4529,北京市,延庆夏都,颗粒物(PM10),56,62,40,39,20,8,,49,26,50,20,4,5,0.6,0.4
2023-12-22T2300,3417A,117.0709,40.1465,北京市,平谷新城,,43,43,18,25,10,19,,68,36,37,13,1,1,0.6,0.3
2023-12-22T2300,3418A,116.8336,40.4095,北京市,密云新城,,30,30,15,17,8,27,,69,47,27,10,3,3,0.4,0.2
2023-12-22T2300,3671A,116.088,39.9726,北京市,门头沟三家店,,,,,,,,,,,,,,,,
2023-12-22T2300,3672A,116.1541,39.8204,北京市,丰台云岗,,48,48,41,28,21,9,,45,20,54,35,5,2,0.6,0.6
2023-12-22T2300,3673A,116.6804,39.9081,北京市,通州东关,颗粒物(PM10),59,68,38,35,16,2,,48,13,78,36,1,2,0.5,0.3
2023-12-22T2300,3674A,115.9577,39.7603,北京市,房山燕山,,40,40,33,26,19,27,,47,27,29,27,3,2,0.5,0.4
2023-12-22T2300,3675A,116.4672,39.7733,北京市,大兴旧宫,颗粒物(PM10),64,78,47,42,23,2,,40,14,77,58,3,2,0.6,0.4
2023-12-22T2300,3694A,115.986,40.4563,北京市,延庆石河营,细颗粒物(PM2.5),58,62,38,41,19,12,,51,26,47,21,6,5,0.6,0.4
2023-12-22T2300,3695A,116.6151,40.3053,北京市,怀柔新城,,33,33,21,21,10,34,,58,46,22,14,2,2,0.4,0.2
2023-12-22T2300,3696A,116.2545,39.8768,北京市,丰台小屯,颗粒物(PM10),71,92,56,40,22,2,,42,17,91,60,3,2,0.8,0.6
2023-12-22T2300,3697A,116.84,40.3844,北京市,密云镇,,42,42,24,20,12,2,,65,28,57,23,1,1,0.6,0.3
2023-12-22T2300,1761A,123.8275,41.3064,本溪市,大峪,细颗粒物(PM2.5),62,67,72,44,47,14,,39,29,60,52,7,12,1.4,1.7
2023-12-22T2300,1762A,123.7567,41.3325,本溪市,溪湖,细颗粒物(PM2.5),78,92,102,57,53,9,,28,23,67,54,11,14,2.5,1.9
2023-12-22T2300,1763A,123.7169,41.3094,本溪市,彩屯,细颗粒物(PM2.5),59,54,95,42,62,11,,42,24,63,52,11,13,1.8,2.1
2023-12-22T2300,1764A,123.7669,41.2864,本溪市,东明,细颗粒物(PM2.5),69,81,80,50,53,10,,36,21,70,58,10,16,1.8,2
2023-12-22T2300,1765A,123.7992,41.2664,本溪市,新立屯,,38,,50,26,40,8,,42,19,64,51,8,14,0.6,1.4
2023-12-22T2300,1766A,123.8142,41.3472,本溪市,威宁,细颗粒物(PM2.5),78,102,93,57,58,6,,40,17,63,48,6,7,1.7,1.5
2023-12-22T2300,2587A,105.2864,27.3125,毕节市,八中,,20,18,40,14,34,32,,40,32,16,18,7,7,0.6,0.6
2023-12-22T2300,2588A,105.31,27.2944,毕节市,师专,,29,22,41,20,37,33,,45,35,15,16,5,6,0.6,0.6
2023-12-22T2300,3537A,105.3631,27.3533,毕节市,长征村,,48,34,42,33,39,42,,44,35,16,13,8,7,0.5,0.5
2023-12-22T2300,1629A,118.0018,37.3617,滨州市,第二水厂,细颗粒物(PM2.5),97,97,84,72,57,8,,56,27,75,52,16,26,1.2,1.1
2023-12-22T2300,1630A,117.9776,37.393,滨州市,北中新校,细颗粒物(PM2.5),105,114,86,79,58,4,,54,21,87,51,16,25,1.1,0.9
2023-12-22T2300,3514A,117.9378,37.3956,滨州市,中海酒店,细颗粒物(PM2.5),108,105,81,81,66,15,,60,27,94,60,21,31,1.9,1.2
2023-12-22T2300,3515A,117.9378,37.3553,滨州市,开发区一中,细颗粒物(PM2.5),89,83,82,66,58,18,,54,25,69,57,17,21,0.7,0.7
2023-12-22T2300,3516A,118.0917,37.694,滨州市,金海六路,细颗粒物(PM2.5),145,155,101,111,73,2,,53,20,93,61,21,19,1.1,0.9
2023-12-22T2300,4028A,117.9956,37.3753,滨州市,滨州市西街道办事处,细颗粒物(PM2.5),100,118,89,75,61,5,,53,23,75,51,19,36,1.4,1.3
2023-12-22T2300,2311A,115.8072,33.8399,亳州市,污水处理厂,细颗粒物(PM2.5),57,61,63,40,41,52,,62,51,16,25,5,9,0.4,0.4
2023-12-22T2300,2312A,115.7789,33.8518,亳州市,三国揽胜宫,颗粒物(PM10),59,67,70,39,44,49,,60,51,17,22,8,12,0.4,0.6
2023-12-22T2300,3332A,115.7633,33.8034,亳州市,亳州学院,细颗粒物(PM2.5),59,62,71,42,43,50,,66,53,16,21,4,11,0.3,0.4
2023-12-22T2300,2693A,82.0485,44.8556,博尔塔拉蒙古自治州,市党校,细颗粒物(PM2.5),69,81,94,50,61,38,,38,36,20,28,15,17,0.2,0.6
2023-12-22T2300,2694A,82.0806,44.8969,博尔塔拉蒙古自治州,市环保局,,,,88,,45,25,,39,34,39,37,15,14,0.3,1.3
2023-12-22T2300,1071A,116.8842,38.2991,沧州市,沧县城建局,细颗粒物(PM2.5),156,143,87,119,66,11,,46,24,83,62,10,11,1.6,1
2023-12-22T2300,1072A,116.8584,38.3254,沧州市,电视转播站,细颗粒物(PM2.5),144,116,76,110,58,8,,47,20,84,63,10,12,1.1,0.8
2023-12-22T2300,1073A,116.8709,38.3228,沧州市,市环保局,细颗粒物(PM2.5),145,129,74,111,59,16,,47,22,64,53,7,6,1.3,1
2023-12-22T2300,3324A,116.8136,38.3004,沧州市,河北水利电力学院,细颗粒物(PM2.5),153,139,89,117,70,6,,47,15,81,63,10,12,1.3,0.9
2023-12-22T2300,2622A,97.1806,31.1273,昌都市,昌都监测站,,46,45,26,32,11,20,,70,60,58,23,7,6,1.5,0.8
2023-12-22T2300,3719A,97.1714,31.1406,昌都市,昌都会议中心,,20,20,12,7,6,64,,79,76,8,7,4,4,0.4,0.3
2023-12-22T2300,2690A,88.1236,43.8886,昌吉州,天山天池,,22,2,3,0,2,70,,80,71,5,4,6,6,0.3,0.3
2023-12-22T2300,2692A,87.2717,44.0297,昌吉州,新区政务中心,细颗粒物(PM2.5),138,145,186,105,143,14,,46,,81,43,7,7,1.5,1.5
2023-12-22T2300,3613A,87.3095,44.0142,昌吉州,亚心广场,细颗粒物(PM2.5),144,146,184,110,158,50,,54,54,50,43,4,15,1.2,1.5
2023-12-22T2300,1119A,125.3325,43.9166,长春市,食品厂,细颗粒物(PM2.5),83,74,54,61,40,17,,42,23,60,47,17,23,0.9,0.7
2023-12-22T2300,1120A,125.2863,43.9027,长春市,客车厂,细颗粒物(PM2.5),87,80,55,64,47,18,,43,25,58,43,17,16,0.9,0.7
2023-12-22T2300,1121A,125.2841,43.8463,长春市,邮电学院,细颗粒物(PM2.5),82,86,60,60,46,12,,46,23,66,45,19,16,0.8,0.7
2023-12-22T2300,1122A,125.3716,43.8772,长春市,劳动公园,细颗粒物(PM2.5),72,78,58,52,40,11,,44,18,69,49,23,22,0.6,0.4
2023-12-22T2300,1123A,125.3297,43.8805,长春市,园林处,细颗粒物(PM2.5),70,70,51,51,38,11,,40,19,72,51,29,25,0.9,0.8
2023-12-22T2300,1124A,125.4605,43.79,长春市,净月潭,细颗粒物(PM2.5),57,59,49,40,37,30,,49,34,28,23,6,9,0.5,0.4
2023-12-22T2300,1125A,125.7194,43.515,长春市,甩湾子,,,,,,,,,,,,,,,,
2023-12-22T2300,1126A,125.3863,43.8447,长春市,经开区环卫处,细颗粒物(PM2.5),69,76,60,50,42,10,,46,19,57,41,15,11,0.7,0.8
2023-12-22T2300,1127A,125.245,43.7783,长春市,高新区管委会,细颗粒物(PM2.5),70,72,58,51,47,12,,50,20,58,42,12,11,0.7,0.7
2023-12-22T2300,1128A,125.1761,43.8325,长春市,岱山公园,细颗粒物(PM2.5),69,74,59,50,45,29,,58,35,50,42,13,9,1.0,0.8
2023-12-22T2300,1335A,113.0833,28.2325,长沙市,经开区环保局,颗粒物(PM10),57,63,54,33,27,30,,69,55,45,29,6,6,0.5,0.4
2023-12-22T2300,1336A,112.8872,28.2189,长沙市,高开区环保局,,50,50,60,31,34,50,,72,66,19,18,5,7,0.6,0.7
2023-12-22T2300,1337A,113.0792,28.2053,长沙市,马坡岭,颗粒物(PM10),54,57,52,31,28,38,,70,59,34,23,9,8,0.6,0.5
2023-12-22T2300,1338A,112.9394,28.19,长沙市,湖南师范大学,"颗粒物(PM10),细颗粒物(PM2.5)",53,56,57,37,32,49,,74,68,25,22,7,6,0.6,0.7
2023-12-22T2300,1339A,113.0178,28.1322,长沙市,雨花区环保局,颗粒物(PM10),51,51,50,33,32,41,,67,59,35,24,4,2,0.6,0.4
2023-12-22T2300,1340A,112.9792,28.2597,长沙市,伍家岭,颗粒物(PM10),53,56,59,30,29,42,,69,59,29,27,7,6,0.6,0.6
2023-12-22T2300,1341A,113.0014,28.1944,长沙市,火车新站,颗粒物(PM10),51,52,52,31,30,46,,73,64,30,23,6,4,0.4,0.3
2023-12-22T2300,1342A,112.9844,28.1178,长沙市,天心区环保局,颗粒物(PM10),51,52,51,29,23,46,,72,63,34,21,7,6,0.5,0.4
2023-12-22T2300,1343A,112.8908,28.1308,长沙市,湖南中医药大学,颗粒物(PM10),53,55,60,30,36,43,,70,62,28,22,4,4,0.5,0.5
2023-12-22T2300,1344A,112.9581,28.3611,长沙市,沙坪,,38,38,43,26,25,45,,77,65,23,16,6,6,0.5,0.5
2023-12-22T2300,1727A,113.1147,36.1547,长治市,清华站,颗粒物(PM10),59,68,52,31,29,22,,35,12,49,50,19,19,1.2,1
2023-12-22T2300,1728A,113.1031,36.1989,长治市,监测站,颗粒物(PM10),51,52,51,34,26,30,,43,19,44,49,16,17,1.0,0.6
2023-12-22T2300,1730A,113.0886,36.2125,长治市,审计局,,49,46,40,34,26,32,,41,20,36,45,18,21,1.4,1
2023-12-22T2300,1731A,113.0844,36.1856,长治市,长治八中,细颗粒物(PM2.5),52,52,49,36,24,27,,43,17,43,47,21,22,1.3,0.8
2023-12-22T2300,2845A,113.1569,36.1911,长治市,德盛苑,,44,44,40,29,23,36,,50,29,34,33,20,18,1.2,0.9
2023-12-22T2300,3568A,113.06,36.0464,长治市,向阳小学,颗粒物(PM10),62,74,65,43,35,17,,48,21,71,51,24,24,1.2,1.1
2023-12-22T2300,3569A,112.8792,36.3144,长治市,屯留一中,颗粒物(PM10),54,58,45,34,23,40,,48,42,36,38,17,17,1.6,1
2023-12-22T2300,3570A,113.235,36.3489,长治市,潞城四中,颗粒物(PM10),71,92,65,46,38,20,,49,34,47,33,20,18,1.2,0.9
2023-12-22T2300,1854A,111.6975,28.9703,常德市,市二中,细颗粒物(PM2.5),72,75,78,52,55,63,,85,77,22,23,12,7,0.5,0.6
2023-12-22T2300,1857A,111.7158,29.1456,常德市,白鹤山,颗粒物(PM10),73,95,82,35,26,69,,76,74,11,13,8,7,0.2,0.3
2023-12-22T2300,3138A,111.7153,29.0289,常德市,武陵区永安,细颗粒物(PM2.5),65,76,73,47,47,62,,78,72,20,19,12,9,0.5,0.5
2023-12-22T2300,3139A,111.6892,28.9881,常德市,鼎城区玉霞,细颗粒物(PM2.5),69,78,84,50,58,65,,85,79,20,24,12,8,0.5,0.8
2023-12-22T2300,3140A,111.6625,29.0531,常德市,武陵区长庚,细颗粒物(PM2.5),63,72,83,45,52,65,,80,76,18,22,8,7,0.4,0.5
2023-12-22T2300,1196A,119.9633,31.762,常州市,市监测站,,42,42,43,23,29,22,,60,38,53,29,8,8,0.7,0.6
2023-12-22T2300,1200A,119.9468,31.7069,常州市,武进监测站,颗粒物(PM10),52,54,46,34,26,7,,55,29,72,34,5,5,0.8,0.6
2023-12-22T2300,1201A,119.9255,31.9087,常州市,安家,颗粒物(PM10),54,58,42,29,25,5,,59,27,72,40,7,7,0.7,0.7
2023-12-22T2300,3002A,119.9805,31.8174,常州市,行政中心,,42,40,39,29,24,11,,57,32,54,27,6,6,0.7,0.7
2023-12-22T2300,3003A,120.0522,31.7748,常州市,经开区,,38,38,40,21,22,10,,63,40,68,30,8,8,0.8,0.8
2023-12-22T2300,3010A,119.9025,31.7964,常州市,钟楼,,41,41,39,26,27,18,,56,29,61,44,8,8,0.5,0.5
2023-12-22T2300,3429A,119.8598,31.7066,常州市,武进经发区,,50,50,42,32,25,11,,65,42,74,30,9,8,0.8,0.6
2023-12-22T2300,3430A,119.5826,31.7245,常州市,金坛城区,,50,49,42,35,28,31,,68,45,41,22,9,7,0.8,0.8
2023-12-22T2300,2220A,120.4318,41.5881,朝阳市,西梁,细颗粒物(PM2.5),119,101,43,90,27,7,,56,27,65,32,16,15,2.1,1
2023-12-22T2300,2221A,120.4521,41.5646,朝阳市,河畔小区,细颗粒物(PM2.5),59,51,38,42,24,32,,57,36,41,27,10,14,1.2,1
2023-12-22T2300,2222A,120.4176,41.5648,朝阳市,八里堡,细颗粒物(PM2.5),69,68,47,50,23,6,,53,23,63,32,14,18,1.4,1
2023-12-22T2300,2223A,120.3806,41.5969,朝阳市,农业园区,细颗粒物(PM2.5),55,39,30,39,20,12,,62,33,60,22,14,14,1.2,0.8
2023-12-22T2300,1705A,116.6367,23.6719,潮州市,西园路,颗粒物(PM10),55,60,44,33,31,75,,79,78,16,10,9,5,0.3,0.2
2023-12-22T2300,1706A,116.6447,23.6706,潮州市,档案局,颗粒物(PM10),53,56,47,33,29,75,,80,79,18,12,10,6,0.5,0.5
2023-12-22T2300,3026A,116.6183,23.6608,潮州市,市政府,颗粒物(PM10),56,62,46,32,26,74,,83,81,18,13,8,6,0.6,0.6
2023-12-22T2300,2472A,113.0073,25.9061,郴州市,马头岭,颗粒物(PM10),65,79,91,39,40,10,,28,22,49,34,5,5,1.1,1.1
2023-12-22T2300,2473A,113.0116,25.8226,郴州市,市职中,细颗粒物(PM2.5),82,68,74,60,53,30,,79,63,39,23,5,7,0.8,0.7
2023-12-22T2300,2474A,113.0161,25.8001,郴州市,兴隆步行街,细颗粒物(PM2.5),75,75,86,55,59,51,,80,72,32,23,5,7,0.6,0.6
2023-12-22T2300,2475A,113.0383,25.8071,郴州市,市审计局,细颗粒物(PM2.5),74,73,72,54,46,45,,83,72,31,21,8,9,0.9,0.7
2023-12-22T2300,2476A,113.0348,25.7759,郴州市,市环保局,细颗粒物(PM2.5),82,79,77,60,62,54,,74,66,28,21,6,8,0.6,0.6
2023-12-22T2300,1431A,103.9728,30.7236,成都市,金泉两河,细颗粒物(PM2.5),108,108,112,81,88,0,,10,5,43,40,1,5,1.0,0.9
2023-12-22T2300,1432A,104.176,30.6872,成都市,十里店,细颗粒物(PM2.5),127,108,102,96,82,3,,20,5,51,44,1,2,0.7,0.7
2023-12-22T2300,1433A,104.079,30.5706,成都市,三瓦窑,细颗粒物(PM2.5),109,124,117,82,77,0,,24,4,56,44,2,3,0.9,0.7
2023-12-22T2300,1434A,104.1114,30.63,成都市,沙河铺,细颗粒物(PM2.5),134,104,104,102,82,0,,20,2,50,39,3,3,0.9,0.8
2023-12-22T2300,1437A,104.0786,30.6531,成都市,君平街,细颗粒物(PM2.5),134,130,127,102,100,9,,18,4,45,43,4,8,0.8,0.8
2023-12-22T2300,1438A,103.613,31.0283,成都市,灵岩寺,,50,,93,35,46,67,,51,51,9,21,8,11,1.2,1.4
2023-12-22T2300,2880A,104.0239,30.65639,成都市,大石西路,细颗粒物(PM2.5),125,107,116,95,95,2,,16,3,56,49,4,4,0.9,0.9
2023-12-22T2300,3136A,104.2725,30.5589,成都市,龙泉驿区区政府,细颗粒物(PM2.5),122,134,98,92,75,2,,50,19,46,28,2,2,0.9,0.6
2023-12-22T2300,3357A,104.0106,30.6931,成都市,金博路,细颗粒物(PM2.5),139,109,118,106,94,1,,10,3,49,47,3,2,0.8,0.8
2023-12-22T2300,3359A,104.0578,30.5225,成都市,华阳,细颗粒物(PM2.5),117,119,105,88,80,0,,33,10,56,36,2,2,0.7,0.5
2023-12-22T2300,3487A,104.2394,30.5319,成都市,车城东七路,细颗粒物(PM2.5),124,133,101,94,77,2,,51,21,50,30,2,2,0.9,0.6
2023-12-22T2300,3488A,104.3853,30.7453,成都市,青白江技师分院,细颗粒物(PM2.5),118,114,95,89,82,1,,38,8,42,37,4,3,0.8,0.6
2023-12-22T2300,3489A,104.0789,30.4072,成都市,科学城,细颗粒物(PM2.5),113,99,83,85,72,2,,50,26,45,30,2,2,0.9,0.6
2023-12-22T2300,4011A,103.8506,30.6947,成都市,光华大道三段,细颗粒物(PM2.5),92,87,103,68,78,8,,19,10,42,40,3,3,0.6,0.6
2023-12-22T2300,1062A,117.9531,40.9081,承德市,铁路,细颗粒物(PM2.5),58,60,41,41,21,9,,58,24,59,33,10,12,0.9,0.6
2023-12-22T2300,1063A,117.9392,40.9763,承德市,中国银行,颗粒物(PM10),70,89,48,40,18,10,,59,28,62,34,8,6,1.0,0.5
2023-12-22T2300,1064A,117.9503,40.928,承德市,开发区,颗粒物(PM10),72,93,52,46,26,4,,59,24,64,38,9,7,1.1,0.6
2023-12-22T2300,1065A,117.8051,40.9655,承德市,文化中心,颗粒物(PM10),79,108,52,42,21,9,,62,23,67,33,8,8,0.8,0.6
2023-12-22T2300,1066A,117.9268,41.0026,承德市,离宫,,34,34,25,22,20,20,,60,37,36,17,2,2,0.4,0.3
2023-12-22T2300,2314A,117.47,30.6618,池州市,池州学院,细颗粒物(PM2.5),62,64,62,44,41,35,,54,42,29,25,7,9,0.5,0.5
2023-12-22T2300,3237A,117.4918,30.6617,池州市,展览馆,细颗粒物(PM2.5),60,66,65,43,40,40,,52,45,28,27,6,9,0.6,0.6
2023-12-22T2300,3333A,117.5627,30.695,池州市,第八中学,颗粒物(PM10),56,62,62,39,39,29,,58,42,30,26,4,6,0.6,0.5
2023-12-22T2300,3334A,117.5038,30.6243,池州市,第十二中学,细颗粒物(PM2.5),63,63,59,45,41,31,,62,42,36,36,5,6,0.6,0.5
2023-12-22T2300,1744A,118.9233,42.2816,赤峰市,松山一中,,29,26,24,20,16,19,,51,32,57,36,20,17,1.1,0.9
2023-12-22T2300,1745A,118.9576,42.2728,赤峰市,哈达街,,27,27,20,13,12,47,,60,46,27,24,10,9,0.7,0.7
2023-12-22T2300,1746A,118.8788,42.2554,赤峰市,天义路,,19,19,14,13,6,56,,78,55,26,20,10,9,0.6,0.5
2023-12-22T2300,3058A,119.2658,42.0353,赤峰市,银河街,,,147,62,,39,16,,60,32,69,39,42,34,3.3,1.6
2023-12-22T2300,3286A,118.9359,42.3147,赤峰市,桥北物流园区,,34,34,15,11,11,31,,70,37,49,34,13,12,0.9,0.7
2023-12-22T2300,2521A,107.3476,22.4136,崇左市,市环保局江州分局,颗粒物(PM10),61,71,60,42,36,58,,98,84,23,12,7,8,0.6,0.5
2023-12-22T2300,2522A,107.3702,22.3707,崇左市,城南新区,细颗粒物(PM2.5),77,70,53,56,33,57,,95,82,31,12,7,7,0.6,0.5
2023-12-22T2300,2298A,118.3093,32.3153,滁州市,老年大学,,39,39,43,21,26,20,,69,43,47,23,4,5,0.5,0.4
2023-12-22T2300,2299A,118.3244,32.2786,滁州市,人大宾馆,,50,50,43,30,29,13,,69,38,63,27,4,7,0.6,0.4
2023-12-22T2300,3207A,118.3118,32.3038,滁州市,市政府原办公楼,,37,37,38,25,24,21,,70,42,53,26,4,6,0.6,0.5
2023-12-22T2300,3331A,118.3267,32.2634,滁州市,图书馆,,45,45,40,21,20,12,,70,41,64,27,4,6,0.7,0.6
2023-12-22T2300,2605A,101.5482,25.0441,楚雄州,州环境监测站,,22,,16,15,15,39,,50,37,7,8,4,4,0.8,0.7
2023-12-22T2300,2606A,101.538,25.0492,楚雄州,市经济开发区,,28,21,21,19,16,36,,46,34,9,10,5,7,0.8,0.7
2023-12-22T2300,2548A,107.5277,31.2827,达州市,达州职业技术学院,细颗粒物(PM2.5),104,117,87,78,58,9,,39,20,35,26,7,5,0.9,0.7
2023-12-22T2300,2549A,107.5086,31.2186,达州市,市环境监测站,细颗粒物(PM2.5),92,105,83,68,56,2,,29,15,48,34,6,6,1.0,0.8
2023-12-22T2300,2550A,107.4988,31.2132,达州市,凤凰小区,细颗粒物(PM2.5),85,102,81,63,55,7,,39,22,50,34,8,7,0.9,0.8
2023-12-22T2300,2551A,107.5082,31.1986,达州市,达县机关宾馆,细颗粒物(PM2.5),98,114,84,73,56,5,,29,14,50,37,7,5,0.9,0.8
2023-12-22T2300,2552A,107.4644,31.2124,达州市,市政中心,细颗粒物(PM2.5),83,94,89,61,53,4,,32,16,60,40,6,6,1.0,1
2023-12-22T2300,2614A,100.1542,25.7054,大理州,大理市环境监测站,,27,27,20,18,16,53,,71,67,19,10,5,5,0.6,0.6
2023-12-22T2300,2615A,100.2171,25.5811,大理州,大理古城,,30,30,23,15,13,49,,78,60,20,17,6,6,0.8,0.8
2023-12-22T2300,1109A,121.612,38.9741,大连市,甘井子,,24,24,28,15,12,44,,63,36,28,28,10,8,0.7,0.7
2023-12-22T2300,1110A,121.565,38.9511,大连市,周水子,,,27,27,21,16,,,,,40,30,10,10,0.6,0.4
2023-12-22T2300,1111A,121.5637,38.8845,大连市,星海三站,,26,26,27,18,14,9,,61,30,50,24,7,13,0.8,0.4
2023-12-22T2300,1112A,121.6302,38.9117,大连市,青泥洼桥,,42,40,21,29,15,7,,56,34,74,30,14,13,1.2,0.5
2023-12-22T2300,1113A,121.6251,38.8638,大连市,傅家庄,,26,26,24,10,10,54,,65,59,28,22,27,19,0.8,0.6
2023-12-22T2300,1114A,121.5213,38.8661,大连市,七贤岭,,25,24,28,17,13,41,,68,47,27,24,7,17,1.2,0.9
2023-12-22T2300,1115A,121.2529,38.8061,大连市,旅顺,,19,19,20,12,12,58,,72,64,16,16,10,11,1.2,0.9
2023-12-22T2300,1116A,121.7485,39.1311,大连市,金州,,38,38,38,25,19,34,,67,44,35,21,4,6,1.0,0.7
2023-12-22T2300,1117A,121.7811,39.0496,大连市,开发区,,49,44,31,34,20,7,,56,19,74,34,12,9,1.1,0.6
2023-12-22T2300,1118A,121.9762,39.0631,大连市,双D港,,22,22,24,12,10,48,,72,62,23,12,9,9,0.8,0.6
2023-12-22T2300,1789A,124.81117,46.03138,大庆市,大同区,细颗粒物(PM2.5),80,73,57,59,46,26,,41,33,34,20,15,10,0.7,0.6
2023-12-22T2300,1790A,125.129,46.533,大庆市,龙凤区,细颗粒物(PM2.5),64,60,50,46,32,7,,38,18,58,38,5,6,0.9,0.7
2023-12-22T2300,1791A,124.902,46.408,大庆市,红岗区,,41,41,35,28,23,29,,48,43,36,20,5,6,0.5,0.3
2023-12-22T2300,1792A,125.153,46.586,大庆市,萨尔图区,颗粒物(PM10),54,57,46,34,30,16,,33,20,61,39,11,8,0.6,0.6
2023-12-22T2300,1793A,124.9042,46.6215,大庆市,让胡路区,,42,42,37,26,21,36,,40,26,28,26,4,5,0.5,0.5
2023-12-22T2300,3481A,125.141,46.634,大庆市,萨区政府监测点,细颗粒物(PM2.5),55,46,36,39,31,10,,38,17,55,38,9,11,1.1,0.7
2023-12-22T2300,1721A,113.3819,40.1097,大同市,果树场,,,,,,,,,,,,,,,,
2023-12-22T2300,1723A,113.2994,40.0758,大同市,云冈宾馆,细颗粒物(PM2.5),59,62,83,42,50,21,,30,13,56,54,39,31,1.1,1.7
2023-12-22T2300,1724A,113.3444,40.0917,大同市,大同大学,颗粒物(PM10),72,94,78,48,44,11,,34,14,65,45,36,29,1.5,1.5
2023-12-22T2300,1725A,113.2661,40.1269,大同市,安家小村,颗粒物(PM10),65,80,81,33,45,23,,35,15,52,51,33,29,0.9,1.6
2023-12-22T2300,1726A,113.2711,40.0844,大同市,教育学院,颗粒物(PM10),69,88,88,39,44,10,,29,12,68,55,42,31,1.2,1.4
2023-12-22T2300,3282A,113.3397,40.0597,大同市,大同市卫生学校,细颗粒物(PM2.5),83,93,80,61,57,10,,31,12,75,54,38,27,1.2,1.4
2023-12-22T2300,3565A,113.1367,40.1122,大同市,云冈站,细颗粒物(PM2.5),64,75,70,46,47,5,,39,13,69,45,53,52,1.0,0.9
2023-12-22T2300,3566A,113.1186,40.2556,大同市,图书馆,细颗粒物(PM2.5),124,138,88,94,63,8,,44,21,76,42,62,32,2.6,1.4
2023-12-22T2300,3567A,113.5931,40.0461,大同市,区一中,细颗粒物(PM2.5),150,186,76,115,47,8,,45,17,79,50,63,44,1.6,1.1
2023-12-22T2300,3676A,113.2802,40.0995,大同市,第二人民医院,颗粒物(PM10),81,111,91,50,49,14,,34,14,62,53,40,30,1.4,1.7
2023-12-22T2300,2269A,124.1069,50.4097,大兴安岭地区,科技局,,19,14,18,12,16,58,,68,62,6,8,3,4,0.3,0.4
2023-12-22T2300,3663A,124.1164,50.4278,大兴安岭地区,红旗社区,细颗粒物(PM2.5),87,78,38,64,28,10,,60,30,48,38,13,14,1.0,0.6
2023-12-22T2300,1600A,124.3303,40.0625,丹东市,江湾东路,细颗粒物(PM2.5),159,146,76,121,58,9,,56,30,71,35,20,26,2.5,1.9
2023-12-22T2300,1601A,124.4256,40.1503,丹东市,临江后街,细颗粒物(PM2.5),119,119,68,90,48,17,,56,32,62,35,22,19,2.4,1.5
2023-12-22T2300,1602A,124.3933,40.1461,丹东市,元宝山,细颗粒物(PM2.5),109,84,58,82,50,21,,49,37,52,32,15,20,1.9,1.3
2023-12-22T2300,1603A,124.3633,40.1092,丹东市,民主桥,细颗粒物(PM2.5),94,96,75,70,51,13,,49,22,54,40,18,24,1.9,1.6
2023-12-22T2300,3541A,109.5726,19.5167,儋州市,第一中学子站,颗粒物(PM10),52,53,41,28,24,66,,60,60,14,13,4,5,0.6,0.7
2023-12-22T2300,3542A,109.5567,19.5187,儋州市,东坡学校子站,颗粒物(PM10),52,53,42,31,26,63,,58,58,11,12,4,4,0.6,0.6
2023-12-22T2300,2616A,98.5842,24.428,德宏州,德宏州监测站,,48,48,51,8,33,31,,57,45,17,26,11,24,0.4,0.5
2023-12-22T2300,3677A,98.5881,24.4368,德宏州,芒市人民政府综合楼,颗粒物(PM10),57,63,44,39,28,24,,61,51,20,19,8,11,0.7,0.6
2023-12-22T2300,1901A,104.4239,31.1208,德阳市,东山公园,细颗粒物(PM2.5),118,116,99,89,78,3,,37,6,52,35,1,1,0.9,0.7
2023-12-22T2300,1902A,104.3826,31.1317,德阳市,西小区,细颗粒物(PM2.5),133,119,106,101,88,1,,7,4,47,43,4,3,1.0,1
2023-12-22T2300,1904A,104.3553,31.1091,德阳市,耐火材料厂,细颗粒物(PM2.5),135,115,110,103,85,1,,9,5,36,39,2,2,0.9,0.8
2023-12-22T2300,3639A,104.4019,31.1244,德阳市,市教育局,细颗粒物(PM2.5),125,103,92,95,77,1,,9,4,55,46,2,2,0.9,0.7
2023-12-22T2300,1622A,116.3032,37.4674,德州市,儿童乐园,细颗粒物(PM2.5),122,129,94,92,64,5,,56,40,91,48,14,15,1.4,1
2023-12-22T2300,1624A,116.2991,37.4451,德州市,监理站,细颗粒物(PM2.5),117,112,92,88,68,37,,60,52,68,57,16,14,1.2,1.1
2023-12-22T2300,3066A,116.2721,37.4379,德州市,九衢泉纯净水厂,细颗粒物(PM2.5),110,110,95,83,72,16,,53,35,89,70,16,13,1.2,1
2023-12-22T2300,3371A,116.3728,37.4403,德州市,开发区人民医院,细颗粒物(PM2.5),132,139,101,100,67,22,,54,27,67,53,15,10,1.3,1.1
2023-12-22T2300,3372A,116.3572,37.4094,德州市,太阳城中学,细颗粒物(PM2.5),152,143,103,116,83,16,,56,33,78,59,16,13,1.4,1.2
2023-12-22T2300,3511A,116.5652,37.3319,德州市,陵城艺术中心,细颗粒物(PM2.5),203,188,123,153,90,10,,62,37,77,62,46,13,1.8,1.2
2023-12-22T2300,2621A,99.7056,27.8317,迪庆州,迪庆州站,,48,48,28,27,18,55,,87,76,22,14,10,8,1.0,0.6
2023-12-22T2300,3180A,99.7136,27.8094,迪庆州,质量技术监督局,,22,22,26,13,19,69,,87,80,12,13,7,7,0.7,0.6
2023-12-22T2300,2663A,104.6241,35.5734,定西市,东关小学,细颗粒物(PM2.5),112,124,101,84,54,7,,70,44,49,28,21,18,1.3,1
2023-12-22T2300,2664A,104.6194,35.5934,定西市,供电公司,细颗粒物(PM2.5),83,111,94,61,48,8,,71,48,55,35,21,13,1.3,0.9
2023-12-22T2300,1389A,113.7547,23.0494,东莞市,莞城梨川,,46,46,49,29,30,76,,84,74,19,18,10,9,0.6,0.6
2023-12-22T2300,1390A,113.7944,23.0128,东莞市,东城石井,,48,48,49,28,29,67,,78,69,22,18,10,9,0.4,0.4
2023-12-22T2300,1391A,113.7383,22.9658,东莞市,南城西平,颗粒物(PM10),53,55,56,32,30,54,,78,59,37,26,10,9,0.2,0.4
2023-12-22T2300,3319A,113.7338,23.0381,东莞市,万江金泰,,47,47,50,29,31,66,,77,66,17,15,11,10,0.5,0.6
2023-12-22T2300,3626A,113.7533,23.0202,东莞市,南城元岭,,48,48,52,27,28,74,,81,68,15,15,7,6,0.6,0.6
2023-12-22T2300,3627A,113.7875,23.0457,东莞市,东城主山,,50,50,49,25,29,72,,81,68,19,17,10,9,0.6,0.7
2023-12-22T2300,1666A,118.6614,37.4309,东营市,市环保局,细颗粒物(PM2.5),89,85,59,66,39,9,,63,28,79,47,24,17,1.0,0.8
2023-12-22T2300,3036A,118.6904,37.4338,东营市,开发区管委会,细颗粒物(PM2.5),85,89,65,63,39,8,,64,29,85,47,17,12,0.9,0.7
2023-12-22T2300,3365A,118.5719,37.565,东营市,垦利区民丰路,细颗粒物(PM2.5),85,112,65,63,41,5,,58,26,92,50,28,17,1.1,0.8
2023-12-22T2300,3498A,118.5055,37.8612,东营市,河口城区,细颗粒物(PM2.5),117,110,71,88,49,12,,55,34,83,52,8,6,1.1,0.9
2023-12-22T2300,3646A,118.4978,37.4623,东营市,胜利站,细颗粒物(PM2.5),94,102,74,70,50,10,,50,24,84,56,18,16,1.0,0.5
2023-12-22T2300,3734A,118.35,37.26,东营市,理想之城,"颗粒物(PM10),细颗粒物(PM2.5)",73,95,67,53,41,6,,63,24,82,49,10,14,0.9,0.6
2023-12-22T2300,1591A,110.0023,39.8129,鄂尔多斯市,综合楼,,46,46,34,27,15,24,,59,46,62,36,16,15,0.5,0.7
2023-12-22T2300,1592A,109.9486,39.8261,鄂尔多斯市,巴音孟克林场办事处,,39,39,28,27,17,43,,67,54,35,26,15,19,0.6,0.6
2023-12-22T2300,1593A,109.7736,39.5986,鄂尔多斯市,康泽苑,细颗粒物(PM2.5),64,53,31,46,21,8,,60,49,74,31,8,10,0.9,0.7
2023-12-22T2300,1594A,109.8119,39.5989,鄂尔多斯市,华泰汽车城,,49,48,35,34,20,7,,54,35,76,49,9,13,0.8,0.6
2023-12-22T2300,1595A,109.9734,39.7884,鄂尔多斯市,奥林花园,颗粒物(PM10),52,53,39,34,18,19,,59,44,61,43,9,10,1.0,0.6
2023-12-22T2300,2436A,114.8938,30.3994,鄂州市,市政府,细颗粒物(PM2.5),77,73,54,56,40,19,,60,48,53,25,6,8,0.7,0.6
2023-12-22T2300,2437A,114.8989,30.3714,鄂州市,赵家坝,细颗粒物(PM2.5),94,89,58,70,42,3,,60,35,70,32,6,7,0.7,0.5
2023-12-22T2300,3654A,114.8094,30.4089,鄂州市,精准医疗中心,颗粒物(PM10),74,98,79,50,41,31,,60,49,40,29,9,10,0.7,0.7
2023-12-22T2300,2499A,108.3411,21.6158,防城港市,沙万,细颗粒物(PM2.5),75,63,52,55,36,83,,97,94,21,12,7,5,0.6,0.4
2023-12-22T2300,2500A,108.3514,21.7731,防城港市,防城档案局,颗粒物(PM10),82,113,78,53,38,68,,96,87,34,19,9,6,0.6,0.5
2023-12-22T2300,2501A,108.3506,21.6414,防城港市,大海花园,细颗粒物(PM2.5),62,56,52,44,32,85,,97,94,22,14,7,5,0.7,0.6
2023-12-22T2300,1371A,113.1294,23.0067,佛山市,湾梁,,46,46,68,28,30,68,,79,73,16,15,8,7,0.5,0.6
2023-12-22T2300,1372A,113.1083,23.0478,佛山市,华材职中,,49,44,70,34,39,68,,80,72,27,25,3,4,0.7,0.7
2023-12-22T2300,1373A,113.144,23.0453,佛山市,南海气象局,,48,39,58,33,34,69,,79,72,22,21,4,5,0.4,0.5
2023-12-22T2300,1374A,113.2881,22.8094,佛山市,顺德苏岗,细颗粒物(PM2.5),52,42,53,36,34,48,,72,61,36,23,9,8,0.6,0.6
2023-12-22T2300,1376A,112.8383,22.8678,佛山市,高明孔堂,,,54,67,,28,70,,81,75,18,16,12,10,0.6,0.6
2023-12-22T2300,1377A,112.8836,23.1588,佛山市,三水监测站,细颗粒物(PM2.5),58,48,64,41,41,70,,80,75,19,16,6,5,0.4,0.6
2023-12-22T2300,1378A,112.867,23.185,佛山市,三水云东海,,42,42,57,29,38,71,,82,78,20,17,6,6,0.6,0.6
2023-12-22T2300,3625A,113.2544,22.7642,佛山市,容桂街道办,颗粒物(PM10),58,66,66,34,34,50,,74,61,39,25,7,6,0.5,0.5
2023-12-22T2300,1280A,119.3903,26.0543,福州市,鼓山,,,,,,,,,,,,,,,,
2023-12-22T2300,1282A,119.2681,26.0504,福州市,师大,,29,29,36,18,24,73,,84,80,15,13,6,7,0.3,0.4
2023-12-22T2300,1283A,119.2984,26.1028,福州市,五四北路,,30,30,33,18,25,72,,81,78,15,13,4,5,0.5,0.6
2023-12-22T2300,1284A,119.2648,26.0768,福州市,杨桥西路,,30,30,38,15,22,70,,84,79,13,11,4,5,0.4,0.5
2023-12-22T2300,1285A,119.317,26.0746,福州市,紫阳,,30,29,38,21,24,71,,82,79,17,15,6,7,0.4,0.4
2023-12-22T2300,3048A,119.5799,26.0936,福州市,九龙,,24,22,28,9,18,74,,85,82,9,10,4,4,0.3,0.4
2023-12-22T2300,3526A,119.5189,25.9664,福州市,吴航,,24,22,35,9,16,76,,86,83,8,10,4,4,0.3,0.3
2023-12-22T2300,1755A,123.7977,41.8491,抚顺市,望花区,细颗粒物(PM2.5),92,90,108,68,79,10,,42,21,68,56,7,8,1.5,1.4
2023-12-22T2300,1756A,123.9161,41.8822,抚顺市,顺城区,细颗粒物(PM2.5),153,177,110,117,90,6,,38,16,69,56,6,8,2.0,1.5
2023-12-22T2300,1757A,124.0436,41.8611,抚顺市,东洲区,细颗粒物(PM2.5),59,66,81,42,57,39,,52,44,32,39,10,11,1.1,1.1
2023-12-22T2300,1758A,123.9247,41.8642,抚顺市,新抚区,细颗粒物(PM2.5),127,118,105,96,88,10,,45,19,71,60,14,12,2.0,1.3
2023-12-22T2300,1759A,124.0972,41.8961,抚顺市,大伙房水库,细颗粒物(PM2.5),84,,68,62,46,24,,52,44,43,34,8,10,1.1,0.9
2023-12-22T2300,1760A,123.7086,41.8391,抚顺市,沈抚新城,细颗粒物(PM2.5),105,123,126,79,77,16,,47,24,66,56,8,9,1.7,1.4
2023-12-22T2300,2376A,116.2127,28.0814,抚州市,桐源党溪,,49,48,49,34,27,40,,77,61,20,10,4,4,0.8,0.6
2023-12-22T2300,2377A,116.3544,27.9831,抚州市,市站,细颗粒物(PM2.5),57,62,45,40,26,43,,77,67,28,17,6,5,0.9,0.8
2023-12-22T2300,2378A,116.3565,27.963,抚州市,血防站,颗粒物(PM10),57,64,54,37,27,42,,73,64,26,15,5,5,0.9,0.8
2023-12-22T2300,2379A,116.3564,28.0007,抚州市,采茶剧团,,,94,46,42,28,38,,74,,22,14,2,2,,0.5
2023-12-22T2300,2380A,116.385,27.9647,抚州市,医学分院,颗粒物(PM10),56,61,47,35,25,37,,68,59,28,17,25,14,0.9,0.7
2023-12-22T2300,2207A,121.6094,41.998,阜新市,工业园区,,,,92,104,66,2,,53,20,61,47,23,32,1.9,1.5
2023-12-22T2300,2208A,121.6697,42.0279,阜新市,长青街,细颗粒物(PM2.5),206,175,68,156,40,5,,49,19,61,31,13,25,2.3,0.9
2023-12-22T2300,2209A,121.6673,42.0705,阜新市,农业园区,细颗粒物(PM2.5),62,58,55,44,34,41,,55,43,28,22,22,29,1.0,0.9
2023-12-22T2300,2210A,121.6717,42.0224,阜新市,东苑,细颗粒物(PM2.5),198,152,61,148,52,9,,50,22,62,32,27,27,2.2,1.1
2023-12-22T2300,2211A,121.6506,42.0498,阜新市,玉龙新城,细颗粒物(PM2.5),175,,87,132,62,11,,56,25,64,51,14,23,2.6,1.5
2023-12-22T2300,2301A,115.8277,32.8929,阜阳市,市监测站,细颗粒物(PM2.5),54,49,60,38,44,51,,64,56,20,25,6,7,0.4,0.4
2023-12-22T2300,2303A,115.8554,32.8605,阜阳市,开发区,颗粒物(PM10),57,63,80,30,41,54,,68,59,23,32,8,9,0.4,0.6
2023-12-22T2300,2875A,115.784,32.8892,阜阳市,阜阳职业技术学院,,49,45,60,34,41,58,,68,60,16,24,6,6,0.5,0.6
2023-12-22T2300,3468A,115.7901,32.8613,阜阳市,市规划展馆,颗粒物(PM10),51,52,62,33,40,49,,68,58,19,21,4,6,0.3,0.3
2023-12-22T2300,3469A,115.836,32.9183,阜阳市,枣园社区,,49,49,61,32,40,58,,67,59,22,28,2,3,0.4,0.5
2023-12-22T2300,2669A,102.9099,34.9841,甘南州,州政府,,42,42,75,25,39,77,,77,76,5,26,6,15,0.1,0.8
2023-12-22T2300,3380A,102.8914,34.9617,甘南州,甘肃民族师范学院,,,41,69,6,29,78,,72,71,5,29,2,12,,1.4
2023-12-22T2300,2570A,101.9603,30.0475,甘孜藏族自治州,水桥子,,35,31,28,24,17,22,,65,52,38,25,9,9,0.5,0.4
2023-12-22T2300,3065A,101.9533,29.9972,甘孜藏族自治州,州环保局,,31,31,26,11,9,23,,70,51,41,20,8,8,0.4,0.4
2023-12-22T2300,3414A,115.8347,28.932,赣江新区,桑海产业园,颗粒物(PM10),52,53,59,29,31,38,,58,48,40,30,6,6,0.6,0.6
2023-12-22T2300,2362A,114.9017,25.9149,赣州市,通天岩,,,,,,,,,,,,,,,,
2023-12-22T2300,2363A,114.9367,25.8664,赣州市,地委,细颗粒物(PM2.5),58,50,60,41,37,55,,76,,12,12,6,7,0.9,0.7
2023-12-22T2300,2364A,114.9461,25.8481,赣州市,气象台,颗粒物(PM10),52,53,56,34,34,64,,78,72,5,15,8,9,0.6,0.6
2023-12-22T2300,2365A,114.9322,25.8333,赣州市,市图书馆,颗粒物(PM10),53,56,58,33,29,62,,79,72,20,14,13,14,0.7,0.7
2023-12-22T2300,2366A,114.8905,25.8471,赣州市,华坚鞋城,细颗粒物(PM2.5),80,,57,59,33,66,,76,71,14,13,14,10,0.6,0.4
2023-12-22T2300,3109A,115.0093,25.8613,赣州市,赣县区卫计委,,49,48,56,34,37,58,,74,68,21,14,6,5,0.7,0.8
2023-12-22T2300,2683A,106.2319,36.1417,固原市,马园,颗粒物(PM10),84,118,89,22,31,45,,72,60,33,27,5,5,0.7,0.8
2023-12-22T2300,2684A,106.2792,36.0022,固原市,监测站,颗粒物(PM10),76,102,78,11,27,64,,78,75,25,29,5,5,0.5,0.8
2023-12-22T2300,2685A,106.2375,36.0211,固原市,新区,颗粒物(PM10),68,85,75,13,24,63,,73,71,15,19,3,3,0.3,0.5
2023-12-22T2300,3522A,106.2177,35.9959,固原市,原州区十五小,颗粒物(PM10),65,79,76,14,27,76,,77,76,10,20,3,2,0.3,0.5
2023-12-22T2300,2543A,106.6308,30.5278,广安市,小平旧居,,,,,,,,,,,,,,,,
2023-12-22T2300,2544A,106.6303,30.4576,广安市,市委,细颗粒物(PM2.5),124,111,93,94,76,23,,44,28,34,26,7,8,0.8,0.9
2023-12-22T2300,2545A,106.6271,30.4663,广安市,友谊中学,细颗粒物(PM2.5),125,97,88,95,76,22,,45,29,38,28,6,6,0.9,0.9
2023-12-22T2300,2547A,106.6388,30.4551,广安市,广电花园,细颗粒物(PM2.5),129,102,81,98,72,19,,39,23,35,29,7,8,1.0,0.9
2023-12-22T2300,2902A,106.6351,30.4865,广安市,北辰小学,细颗粒物(PM2.5),138,111,89,105,77,29,,41,30,20,21,4,5,0.9,0.9
2023-12-22T2300,2523A,105.8945,32.4535,广元市,黑石坡,颗粒物(PM10),64,78,59,41,40,56,,59,59,17,17,4,4,0.5,0.5
2023-12-22T2300,2524A,105.821,32.4444,广元市,老城,细颗粒物(PM2.5),74,84,74,54,42,5,,40,30,57,38,1,2,0.6,0.6
2023-12-22T2300,2526A,105.8628,32.4287,广元市,监测站,细颗粒物(PM2.5),83,76,68,61,43,27,,44,40,37,32,3,2,0.6,0.8
2023-12-22T2300,3617A,105.8047,32.4166,广元市,经开区,细颗粒物(PM2.5),79,88,77,58,45,4,,44,36,59,38,4,5,0.8,0.8
2023-12-22T2300,1345A,113.2347,23.1423,广州市,广雅中学,颗粒物(PM10),53,56,73,32,42,46,,71,54,49,32,6,6,0.5,0.6
2023-12-22T2300,1346A,113.2612,23.105,广州市,市五中,颗粒物(PM10),51,51,67,34,45,65,,81,68,25,20,8,8,0.6,0.7
2023-12-22T2300,1348A,113.3478,23.0916,广州市,广东商学院,,46,46,58,28,36,72,,82,70,22,24,7,7,0.2,0.3
2023-12-22T2300,1349A,113.4332,23.1047,广州市,市八十六中,,49,49,63,29,37,63,,80,72,22,17,6,6,0.5,0.6
2023-12-22T2300,1350A,113.3505,22.9483,广州市,番禺中学,颗粒物(PM10),56,61,62,31,38,65,,84,78,28,24,5,4,0.5,0.7
2023-12-22T2300,1351A,113.2146,23.3916,广州市,花都师范,,37,37,61,23,35,82,,86,82,13,15,6,6,0.4,0.5
2023-12-22T2300,1352A,113.2597,23.1331,广州市,市监测站,,46,46,66,27,38,70,,85,69,32,28,5,5,0.6,0.6
2023-12-22T2300,1353A,113.5618,23.312,广州市,九龙镇镇龙,,40,40,53,25,33,70,,83,78,15,11,8,6,0.6,0.6
2023-12-22T2300,1354A,113.2765,23.1544,广州市,麓湖,,47,47,64,31,40,60,,84,70,33,20,6,6,0.5,0.6
2023-12-22T2300,1355A,113.443,23.3035,广州市,帽峰山森林公园,,36,35,46,25,34,90,,96,90,9,9,9,8,0.4,0.5
2023-12-22T2300,2846A,113.3221,23.1322,广州市,体育西,,50,50,62,31,38,66,,84,71,17,10,8,8,0.6,0.6
2023-12-22T2300,3298A,113.5717,23.5491,广州市,从化街口,,42,42,52,27,33,91,,93,91,11,11,6,6,0.6,0.6
2023-12-22T2300,3299A,113.3472,23.3692,广州市,白云竹料,,38,38,55,24,36,90,,95,90,17,17,7,7,0.6,0.6
2023-12-22T2300,3300A,113.2981,23.237,广州市,白云嘉禾,颗粒物(PM10),51,51,69,26,37,73,,82,68,29,28,7,7,0.3,0.4
2023-12-22T2300,3301A,113.4256,23.1716,广州市,黄埔科学城,,46,45,58,32,38,71,,81,76,18,15,5,5,0.5,0.6
2023-12-22T2300,3302A,113.3942,23.0483,广州市,番禺大学城,,46,46,54,24,32,61,,83,75,33,24,5,4,0.2,0.3
2023-12-22T2300,3303A,113.4922,22.8168,广州市,南沙黄阁,颗粒物(PM10),55,59,69,31,34,53,,72,53,39,31,11,6,0.6,0.5
2023-12-22T2300,3304A,113.5342,22.7896,广州市,南沙街,颗粒物(PM10),56,61,69,34,34,48,,72,47,40,29,6,6,0.7,0.6
2023-12-22T2300,3443A,113.2902,23.5544,广州市,花都梯面,,36,36,60,22,37,82,,88,86,16,16,6,6,0.4,0.6
2023-12-22T2300,3445A,113.7858,23.7478,广州市,从化良口,,38,38,49,24,31,89,,92,91,11,11,6,6,0.5,0.4
2023-12-22T2300,3446A,113.8051,23.2614,广州市,增城荔城,,44,44,48,27,29,79,,88,80,11,10,10,8,0.6,0.6
2023-12-22T2300,2505A,109.568,23.1478,贵港市,德智高中,,46,46,54,31,40,96,,103,102,16,14,6,6,0.7,0.8
2023-12-22T2300,2506A,109.6047,23.0666,贵港市,江南子站,颗粒物(PM10),57,63,67,35,35,83,,105,101,21,12,8,6,0.8,0.7
2023-12-22T2300,2507A,109.6014,23.0948,贵港市,贵城子站,细颗粒物(PM2.5),52,46,53,36,38,83,,99,96,19,13,10,9,0.8,0.8
2023-12-22T2300,2508A,109.5669,23.1065,贵港市,荷城子站,颗粒物(PM10),57,63,68,31,37,85,,97,94,14,10,10,9,0.7,0.8
2023-12-22T2300,3405A,109.5886,23.1172,贵港市,新世纪学校,颗粒物(PM10),56,61,73,33,40,84,,100,96,14,9,5,5,0.6,0.7
2023-12-22T2300,1439A,106.6899,26.5998,贵阳市,马鞍山,细颗粒物(PM2.5),58,48,47,41,34,75,,83,79,10,11,12,15,0.6,0.6
2023-12-22T2300,1440A,106.6971,26.5694,贵阳市,市环保站,细颗粒物(PM2.5),60,56,52,43,41,84,,95,90,16,15,12,9,0.4,0.4
2023-12-22T2300,1441A,106.6243,26.6266,贵阳市,鉴湖路,颗粒物(PM10),57,63,55,34,32,79,,88,85,13,13,8,6,0.4,0.5
2023-12-22T2300,1442A,106.7487,26.6343,贵阳市,燕子冲,细颗粒物(PM2.5),62,56,53,44,38,79,,95,86,12,10,11,16,0.5,0.5
2023-12-22T2300,1443A,106.6555,26.4365,贵阳市,碧云窝,颗粒物(PM10),57,63,62,39,35,82,,85,83,13,16,18,16,0.5,0.5
2023-12-22T2300,1444A,106.694,26.5161,贵阳市,中院村,颗粒物(PM10),62,73,57,39,37,74,,82,80,14,15,11,10,0.2,0.4
2023-12-22T2300,1445A,106.7109,26.6027,贵阳市,红边门,细颗粒物(PM2.5),62,63,57,44,39,79,,85,78,11,13,12,11,0.6,0.5
2023-12-22T2300,1446A,106.7164,26.5699,贵阳市,新华路,细颗粒物(PM2.5),62,61,54,44,39,74,,90,85,20,14,9,8,0.6,0.5
2023-12-22T2300,1447A,106.674,26.5424,贵阳市,太慈桥,细颗粒物(PM2.5),55,58,52,39,34,77,,88,84,20,18,9,8,0.5,0.5
2023-12-22T2300,1552A,106.805,26.3003,贵阳市,桐木岭,,,,,,,,,,,,,,,,
2023-12-22T2300,1862A,110.4144,25.3167,桂林市,电子科大尧山校区,,,,49,,28,,,89,,,7,,8,,0.4
2023-12-22T2300,1863A,110.2819,25.2697,桂林市,监测站,,43,32,59,30,39,81,,91,84,14,15,11,10,0.3,0.3
2023-12-22T2300,1864A,110.3089,25.2708,桂林市,龙隐路小学,,45,38,54,31,39,82,,91,87,16,17,13,8,0.4,0.5
2023-12-22T2300,1865A,110.2869,25.2178,桂林市,八中,,43,38,55,30,39,81,,90,84,12,13,11,9,0.4,0.5
2023-12-22T2300,3403A,110.1764,25.2381,桂林市,创业大厦,,42,36,65,29,43,80,,95,89,11,12,8,8,0.3,0.3
2023-12-22T2300,3531A,110.296,25.1253,桂林市,旅游学院,,36,36,50,24,32,86,,96,93,9,11,7,7,0.6,0.7
2023-12-22T2300,2674A,100.2561,34.4714,果洛藏族自治州,玛沁县大武镇,,30,30,31,12,14,82,,87,85,7,13,14,14,0.4,0.5
2023-12-22T2300,1129A,126.5422,45.755,哈尔滨市,岭北,细颗粒物(PM2.5),80,89,65,59,49,74,,65,65,46,31,12,14,0.0,0.9
2023-12-22T2300,1130A,126.561,45.8167,哈尔滨市,松北商大,细颗粒物(PM2.5),79,73,75,58,55,31,,51,41,41,32,6,6,0.8,0.7
2023-12-22T2300,1131A,126.979,45.5419,哈尔滨市,阿城会宁,细颗粒物(PM2.5),103,81,82,77,77,42,,46,45,30,29,12,22,0.8,1.1
2023-12-22T2300,1132A,126.599,45.7222,哈尔滨市,南岗学府路,细颗粒物(PM2.5),93,90,81,69,58,12,,42,30,61,38,11,10,1.0,0.8
2023-12-22T2300,1133A,126.689,45.7733,哈尔滨市,太平宏伟公园,细颗粒物(PM2.5),84,75,71,62,50,12,,39,24,61,42,13,12,0.9,0.8
2023-12-22T2300,1134A,126.635,45.7667,哈尔滨市,道外承德广场,细颗粒物(PM2.5),82,83,74,60,51,7,,29,17,67,50,25,17,0.9,0.9
2023-12-22T2300,1135A,126.685,45.7319,哈尔滨市,香坊红旗大街,细颗粒物(PM2.5),123,,81,93,75,14,,34,21,69,53,28,19,1.0,0.9
2023-12-22T2300,1136A,126.6411,45.7258,哈尔滨市,动力和平路,细颗粒物(PM2.5),98,76,77,73,60,9,,37,24,64,44,14,13,0.9,0.8
2023-12-22T2300,1137A,126.593,45.7478,哈尔滨市,道里建国路,细颗粒物(PM2.5),99,82,80,74,64,10,,36,23,56,40,14,12,0.7,0.7
2023-12-22T2300,1138A,126.615,45.61,哈尔滨市,平房东轻厂,细颗粒物(PM2.5),100,92,79,75,65,32,,49,38,36,37,6,6,1.1,1
2023-12-22T2300,1139A,126.595,45.9855,哈尔滨市,呼兰师专,细颗粒物(PM2.5),68,58,66,49,53,42,,52,47,28,27,4,5,0.7,0.7
2023-12-22T2300,1140A,126.6206,45.6842,哈尔滨市,省农科院,细颗粒物(PM2.5),100,92,80,75,63,22,,50,30,66,50,18,16,1.0,0.9
2023-12-22T2300,2688A,93.5128,42.8172,哈密地区,地区监测站,颗粒物(PM10),69,87,83,29,32,48,,50,38,34,39,4,10,0.3,0.6
2023-12-22T2300,2689A,93.4961,42.8328,哈密地区,哈密师范学校,颗粒物(PM10),79,107,97,37,38,18,,45,28,63,51,8,12,0.7,0.9
2023-12-22T2300,2671A,100.9048,36.9639,海北藏族自治州,海晏县西海镇,颗粒物(PM10),70,89,47,22,12,84,,89,88,3,4,12,12,0.2,0.4
2023-12-22T2300,3867A,102.0738,36.5056,海东地区,平安区公安北苑,"颗粒物(PM10),细颗粒物(PM2.5)",64,77,81,46,48,52,,66,60,33,25,29,20,0.8,0.9
2023-12-22T2300,1409A,110.576,19.9507,海口市,东寨港,,,,,,,,,,,,,,,,
2023-12-22T2300,1410A,110.3232,20.0574,海口市,海南大学,细颗粒物(PM2.5),53,53,39,37,25,75,,84,84,10,8,10,9,0.5,0.5
2023-12-22T2300,1411A,110.283,20.0053,海口市,秀英海南医院,细颗粒物(PM2.5),52,52,40,36,24,68,,76,76,17,13,11,10,0.6,0.3
2023-12-22T2300,1412A,110.338,19.9969,海口市,海南师范大学,颗粒物(PM10),54,57,41,35,26,76,,80,80,12,10,8,8,0.5,0.5
2023-12-22T2300,1413A,110.33,20.0356,海口市,龙华路环保局宿舍,颗粒物(PM10),51,52,40,35,25,73,,79,79,15,11,10,8,0.6,0.5
2023-12-22T2300,3539A,110.5111,19.9736,海口市,桂林洋子站,,46,46,31,27,20,79,,87,87,10,8,6,5,0.4,0.4
2023-12-22T2300,2673A,100.6188,36.2866,海南藏族自治州,共和县恰卜恰镇,,43,43,100,15,20,85,,88,86,6,15,17,17,0.7,0.7
2023-12-22T2300,2676A,97.3731,37.3753,海西蒙古族藏族自治州,德令哈市,,33,33,37,21,13,45,,75,66,21,15,15,13,0.9,0.5
2023-12-22T2300,1048A,114.5302,36.6116,邯郸市,东污水处理厂,细颗粒物(PM2.5),153,122,107,117,95,4,,51,35,77,61,1,3,1.1,1.1
2023-12-22T2300,1049A,114.4918,36.5713,邯郸市,矿院,细颗粒物(PM2.5),170,144,111,129,94,5,,43,30,82,65,2,3,1.0,1.1
2023-12-22T2300,1050A,114.484,36.6133,邯郸市,丛台公园,细颗粒物(PM2.5),130,128,106,99,81,26,,59,48,55,57,3,4,1.0,1.1
2023-12-22T2300,3458A,114.7895,36.5593,邯郸市,香泉濮院小区,细颗粒物(PM2.5),130,139,113,99,93,48,,72,60,55,48,8,8,1.0,0.9
2023-12-22T2300,3579A,114.50634,36.77178,邯郸市,永年区实验高中,细颗粒物(PM2.5),156,144,96,119,76,6,,57,41,87,66,6,10,1.0,1.3
2023-12-22T2300,3580A,114.20016,36.44293,邯郸市,峰峰矿区临水派出所,细颗粒物(PM2.5),147,135,73,112,53,27,,58,45,51,36,5,12,0.9,0.9
2023-12-22T2300,2634A,106.9893,33.1842,汉中市,汉川机床厂子校,,,94,93,,367,37,,68,52,15,11,3,3,1.0,1
2023-12-22T2300,2635A,107.0154,33.0706,汉中市,市监测站,细颗粒物(PM2.5),166,165,109,126,76,14,,62,42,59,33,10,9,1.7,0.9
2023-12-22T2300,2636A,107.0089,33.1138,汉中市,鑫源开发区,细颗粒物(PM2.5),207,187,104,157,91,15,,64,40,51,23,10,8,1.9,0.8
2023-12-22T2300,2637A,107.007,33.0323,汉中市,南郑大河坎水厂,细颗粒物(PM2.5),186,173,124,140,91,22,,64,38,32,35,7,8,1.2,0.9
2023-12-22T2300,1223A,120.2072,30.2111,杭州市,滨江,颗粒物(PM10),51,52,45,32,24,29,,54,36,39,23,13,12,0.5,0.4
2023-12-22T2300,1224A,120.0633,30.2747,杭州市,西溪,颗粒物(PM10),52,54,42,34,28,14,,66,41,54,29,8,10,0.7,0.6
2023-12-22T2300,1226A,120.3461,30.3153,杭州市,下沙,颗粒物(PM10),54,57,47,33,27,7,,59,24,72,35,11,13,0.7,0.7
2023-12-22T2300,1227A,120.1269,30.2456,杭州市,卧龙桥,,49,48,44,34,29,10,,61,37,40,21,5,8,0.7,0.6
2023-12-22T2300,1228A,120.1903,30.2692,杭州市,浙江农大,,49,48,42,34,25,10,,55,30,62,30,11,11,0.4,0.4
2023-12-22T2300,1230A,120.1197,30.3119,杭州市,和睦小学,,43,42,42,30,28,14,,58,38,62,24,8,8,0.6,0.5
2023-12-22T2300,1231A,120.3019,30.4183,杭州市,临平镇,,49,49,42,32,24,36,,60,44,34,24,7,9,0.6,0.4
2023-12-22T2300,1232A,120.2697,30.1819,杭州市,城厢镇,细颗粒物(PM2.5),57,58,45,40,29,17,,58,31,56,31,6,6,0.7,0.6
2023-12-22T2300,1233A,120.0883,30.1808,杭州市,云栖,颗粒物(PM10),51,51,42,31,26,18,,65,41,40,21,5,7,0.6,0.6
2023-12-22T2300,3557A,119.9464,30.0494,杭州市,镇二中,,42,36,36,29,28,12,,61,39,52,29,4,6,0.6,0.5
2023-12-22T2300,3558A,119.7183,30.2367,杭州市,市府大楼,细颗粒物(PM2.5),52,52,47,36,35,27,,69,49,40,29,5,6,0.7,0.6
2023-12-22T2300,3656A,120.1556,30.2864,杭州市,消防大队,,46,46,44,29,26,22,,61,33,58,33,10,10,0.5,0.5
2023-12-22T2300,1270A,117.1959,31.7848,合肥市,明珠广场,颗粒物(PM10),53,56,49,29,28,22,,54,34,55,40,8,8,0.6,0.6
2023-12-22T2300,1271A,117.3072,31.8764,合肥市,三里街,细颗粒物(PM2.5),85,83,51,63,29,26,,59,36,52,33,9,9,0.5,0.4
2023-12-22T2300,1272A,117.2588,31.8707,合肥市,琥珀山庄,颗粒物(PM10),60,70,48,41,28,12,,66,38,76,34,8,9,0.7,0.5
2023-12-22T2300,1273A,117.1604,31.9052,合肥市,董铺水库,颗粒物(PM10),55,60,50,29,23,14,,60,35,53,30,5,5,0.4,0.4
2023-12-22T2300,1274A,117.25,31.8571,合肥市,长江中路,细颗粒物(PM2.5),65,78,45,47,31,6,,60,31,77,37,8,9,0.7,0.5
2023-12-22T2300,1275A,117.266,31.9436,合肥市,庐阳区,颗粒物(PM10),62,73,56,34,25,10,,61,24,66,40,7,8,0.6,0.5
2023-12-22T2300,1276A,117.336,31.8586,合肥市,瑶海区,"颗粒物(PM10),细颗粒物(PM2.5)",58,66,53,41,35,16,,62,32,56,34,3,4,0.8,0.7
2023-12-22T2300,1277A,117.3027,31.7964,合肥市,包河区,细颗粒物(PM2.5),58,63,46,41,32,19,,62,41,63,46,5,5,0.6,0.6
2023-12-22T2300,1278A,117.2776,31.7385,合肥市,滨湖新区,,48,48,50,27,29,57,,62,55,22,36,4,4,0.3,0.3
2023-12-22T2300,1279A,117.1318,31.8403,合肥市,高新区,颗粒物(PM10),51,51,50,31,27,20,,54,30,57,38,8,9,0.7,0.7
2023-12-22T2300,3464A,117.3803,31.9147,合肥市,高教基地,颗粒物(PM10),56,62,46,34,28,17,,67,39,49,27,3,4,0.5,0.4
2023-12-22T2300,3614A,79.924,37.0877,和田地区,地区环保局,颗粒物(PM10),465,565,458,135,107,31,,77,62,76,40,78,20,2.2,0.9
2023-12-22T2300,3615A,79.9131,37.113,和田地区,市环保局,颗粒物(PM10),256,389,408,109,106,21,,73,59,86,43,25,18,2.5,1.4
2023-12-22T2300,2516A,108.2011,24.715,河池市,东仁乐园,颗粒物(PM10),56,61,52,39,35,23,,86,56,36,14,8,6,0.5,0.2
2023-12-22T2300,2517A,108.0497,24.6947,河池市,市环保站,细颗粒物(PM2.5),88,84,59,65,40,9,,102,60,65,20,4,6,1.1,0.7
2023-12-22T2300,2518A,108.0983,24.6989,河池市,市疾控中心,细颗粒物(PM2.5),68,79,64,49,41,9,,104,54,68,26,9,8,0.8,0.6
2023-12-22T2300,1696A,114.6778,23.7569,河源市,源西,,32,30,41,22,26,75,,86,84,18,14,7,6,0.6,0.6
2023-12-22T2300,1697A,114.6944,23.7586,河源市,东埔,颗粒物(PM10),53,56,55,26,30,77,,86,83,16,13,9,9,0.4,0.5
2023-12-22T2300,1698A,114.6892,23.7233,河源市,老城,,39,35,48,27,29,77,,88,84,14,11,8,8,0.4,0.5
2023-12-22T2300,1718A,115.4208,35.2464,菏泽市,气象局,细颗粒物(PM2.5),75,84,92,55,60,39,,52,44,31,34,3,7,0.6,0.6
2023-12-22T2300,1719A,115.4747,35.2375,菏泽市,市政协,细颗粒物(PM2.5),67,79,87,48,56,44,,51,47,23,27,5,9,0.6,0.7
2023-12-22T2300,3374A,115.5564,35.0891,菏泽市,定陶老年大学,"颗粒物(PM10),细颗粒物(PM2.5)",67,83,76,48,48,32,,55,41,30,30,5,5,0.5,0.6
2023-12-22T2300,3647A,115.4702,35.2706,菏泽市,菏泽医专,颗粒物(PM10),60,70,83,36,47,50,,53,50,27,32,7,10,0.5,0.6
2023-12-22T2300,2514A,111.5264,24.4172,贺州市,环保小区,细颗粒物(PM2.5),62,66,72,44,43,79,,91,86,18,19,9,8,0.6,0.6
2023-12-22T2300,2515A,111.5608,24.4078,贺州市,政协大楼,细颗粒物(PM2.5),63,66,77,45,49,82,,95,88,14,18,9,8,0.5,0.7
2023-12-22T2300,3534A,111.4744,24.4553,贺州市,西湾,细颗粒物(PM2.5),64,68,77,46,49,82,,94,90,16,18,10,11,0.6,0.6
2023-12-22T2300,2385A,114.17,35.9019,鹤壁市,市监测站,细颗粒物(PM2.5),124,150,114,94,74,2,,48,25,78,55,5,5,1.1,0.9
2023-12-22T2300,2386A,114.2956,35.7511,鹤壁市,市交警支队,细颗粒物(PM2.5),80,98,112,59,75,2,,49,30,73,62,7,9,1.0,0.9
2023-12-22T2300,2387A,114.2878,35.7306,鹤壁市,迎宾馆,颗粒物(PM10),71,92,91,50,67,2,,50,28,73,63,8,8,1.0,1
2023-12-22T2300,3474A,114.2617,35.6822,鹤壁市,大新区,细颗粒物(PM2.5),83,77,94,61,76,4,,52,26,74,60,7,7,1.1,1
2023-12-22T2300,3596A,114.1572,35.9603,鹤壁市,南山宾馆,细颗粒物(PM2.5),139,185,98,106,68,5,,61,28,76,40,6,8,1.4,1.1
2023-12-22T2300,2244A,130.2537,47.3416,鹤岗市,哈啤分公司,,40,35,31,28,26,55,,60,57,11,12,12,14,0.5,0.4
2023-12-22T2300,2245A,130.2684,47.3086,鹤岗市,斯达机电,,50,46,44,35,25,46,,57,44,21,21,13,12,0.3,0.3
2023-12-22T2300,2246A,130.3114,47.3388,鹤岗市,东山纸板厂,细颗粒物(PM2.5),54,39,57,38,33,39,,49,17,24,30,14,15,0.6,0.6
2023-12-22T2300,2247A,130.1097,47.3382,鹤岗市,五号水库,,45,35,29,31,21,59,,65,60,10,10,11,12,0.7,0.6
2023-12-22T2300,2263A,127.4833,50.2524,黑河市,交通局,细颗粒物(PM2.5),53,44,26,37,22,46,,54,42,15,16,6,4,0.6,0.4
2023-12-22T2300,2264A,127.5144,50.2341,黑河市,环保局,细颗粒物(PM2.5),119,115,57,90,47,9,,32,12,55,38,16,8,1.5,0.9
2023-12-22T2300,2265A,127.5291,50.2472,黑河市,大黑河岛,细颗粒物(PM2.5),62,58,31,44,26,39,,30,28,21,21,4,4,0.9,0.8
2023-12-22T2300,1074A,115.6838,37.7541,衡水市,电机北厂,细颗粒物(PM2.5),182,138,79,137,69,3,,55,38,80,37,5,10,1.2,0.9
2023-12-22T2300,1075A,115.6303,37.7316,衡水市,市监测站,细颗粒物(PM2.5),143,145,94,109,65,20,,50,37,67,43,8,11,1.2,0.9
2023-12-22T2300,3188A,115.6683,37.7217,衡水市,市城管局,细颗粒物(PM2.5),158,140,86,120,72,9,,49,30,81,49,8,10,1.2,0.9
2023-12-22T2300,3459A,115.5989,37.5491,衡水市,地表水厂,细颗粒物(PM2.5),186,,80,140,79,6,,52,27,89,59,6,8,1.0,0.9
2023-12-22T2300,2456A,112.5003,26.9167,衡阳市,原169医院,细颗粒物(PM2.5),52,37,49,36,36,53,,73,53,31,25,10,8,0.2,0.3
2023-12-22T2300,2457A,112.6194,26.9258,衡阳市,衡阳化工总厂,细颗粒物(PM2.5),53,54,60,37,35,55,,77,63,24,20,51,13,0.8,0.8
2023-12-22T2300,2458A,112.6211,26.8956,衡阳市,珠晖区环保局,颗粒物(PM10),56,62,56,38,39,39,,69,51,32,23,20,11,0.8,0.9
2023-12-22T2300,2459A,112.6197,26.8733,衡阳市,市委党校,颗粒物(PM10),52,53,57,32,35,68,,83,72,16,18,6,9,0.6,0.6
2023-12-22T2300,2460A,112.6006,26.8919,衡阳市,市监测站,细颗粒物(PM2.5),53,54,66,37,43,63,,82,68,21,19,18,12,0.7,0.8
2023-12-22T2300,2461A,112.5664,26.9056,衡阳市,真空机电公司,,46,44,55,32,36,66,,76,67,19,18,7,10,0.6,0.6
2023-12-22T2300,3399A,112.6703,26.882,衡阳市,师范学院,细颗粒物(PM2.5),59,57,67,42,45,66,,84,70,14,16,8,10,0.5,0.8
2023-12-22T2300,2608A,103.3772,23.3993,红河州,污水处理厂,细颗粒物(PM2.5),54,43,51,38,46,46,,64,51,8,11,4,8,0.5,0.5
2023-12-22T2300,2609A,103.3861,23.35,红河州,监测站,细颗粒物(PM2.5),65,56,54,47,50,46,,63,46,9,12,7,6,0.5,0.5
2023-12-22T2300,3038A,103.3758,23.368,红河州,州图书馆,细颗粒物(PM2.5),58,48,48,41,44,49,,68,50,9,11,7,7,0.5,0.5
2023-12-22T2300,1090A,111.6507,40.7517,呼和浩特市,呼市一监,细颗粒物(PM2.5),113,97,76,85,57,10,,37,17,53,46,16,16,0.9,0.9
2023-12-22T2300,1091A,111.6572,40.8033,呼和浩特市,小召,细颗粒物(PM2.5),87,88,76,64,48,2,,28,10,72,58,12,16,0.9,0.7
2023-12-22T2300,1094A,111.7516,40.8369,呼和浩特市,如意水处理厂,细颗粒物(PM2.5),82,80,71,60,49,7,,33,16,72,59,13,14,0.9,0.8
2023-12-22T2300,1095A,111.7276,40.8062,呼和浩特市,二十九中,细颗粒物(PM2.5),95,96,79,71,52,11,,33,17,58,52,16,15,0.8,0.9
2023-12-22T2300,1096A,111.5512,40.7866,呼和浩特市,工大金川校区,细颗粒物(PM2.5),79,95,80,58,50,0,,29,6,72,54,11,13,0.9,0.8
2023-12-22T2300,1097A,111.717,40.7612,呼和浩特市,化肥厂生活区,细颗粒物(PM2.5),95,95,73,71,49,12,,35,19,58,51,17,14,1.0,1
2023-12-22T2300,3698A,111.5968,40.8178,呼和浩特市,红旗小学,细颗粒物(PM2.5),80,73,71,59,48,7,,35,14,60,44,14,15,0.9,0.8
2023-12-22T2300,3699A,111.6518,40.8389,呼和浩特市,海东办,细颗粒物(PM2.5),88,85,69,65,43,2,,28,9,72,58,21,15,0.9,0.8
2023-12-22T2300,2192A,119.7594,49.2261,呼伦贝尔市,区环保局,,23,23,24,13,19,63,,63,55,14,19,5,5,0.3,0.3
2023-12-22T2300,3061A,119.7512,49.1577,呼伦贝尔市,国华电力东,,24,24,23,15,15,72,,68,68,5,6,4,4,0.2,0.2
2023-12-22T2300,1250A,120.0751,30.8669,湖州市,城西水厂,,42,42,48,22,26,7,,57,38,80,46,8,10,0.4,0.4
2023-12-22T2300,2873A,120.0875,30.8955,湖州市,仁皇山新区,,40,35,40,21,24,3,,59,43,80,35,7,9,0.4,0.4
2023-12-22T2300,2907A,120.1844,30.8596,湖州市,吴兴区站,,,45,37,23,22,2,,60,39,77,32,3,5,,0.5
2023-12-22T2300,3562A,120.4148,30.8538,湖州市,南浔区站,,46,46,39,30,23,36,,65,50,43,25,7,7,0.2,0.2
2023-12-22T2300,1607A,120.9092,40.7136,葫芦岛市,龙港区,,42,42,34,27,21,26,,61,48,47,23,24,16,0.8,0.6
2023-12-22T2300,1608A,120.8392,40.7514,葫芦岛市,化工街,细颗粒物(PM2.5),180,217,74,136,37,8,,58,24,63,50,28,16,2.9,0.9
2023-12-22T2300,1609A,120.8341,40.7073,葫芦岛市,新区,细颗粒物(PM2.5),120,130,40,91,23,9,,62,33,83,38,10,7,2.0,0.7
2023-12-22T2300,1610A,120.8695,40.7677,葫芦岛市,东城区,细颗粒物(PM2.5),117,158,80,88,39,14,,60,30,53,52,14,15,2.2,1.4
2023-12-22T2300,2482A,109.5981,27.5721,怀化市,林科所,细颗粒物(PM2.5),53,48,49,37,35,83,,98,94,4,4,5,6,0.5,0.4
2023-12-22T2300,2483A,109.9453,27.5444,怀化市,河西地税局,细颗粒物(PM2.5),59,49,59,42,42,76,,91,82,12,16,4,5,0.5,0.5
2023-12-22T2300,2484A,109.9781,27.5342,怀化市,市四医院,颗粒物(PM10),57,64,61,38,33,64,,92,79,22,15,6,4,0.6,0.6
2023-12-22T2300,2485A,109.9972,27.5578,怀化市,监测楼,细颗粒物(PM2.5),59,64,62,42,39,61,,85,73,22,18,7,6,0.6,0.6
2023-12-22T2300,2486A,110.0394,27.583,怀化市,市委党校,颗粒物(PM10),68,86,72,37,32,46,,85,75,26,16,12,6,0.7,0.4
2023-12-22T2300,1210A,119.036,33.5981,淮安市,钵池山,,46,46,34,29,20,47,,59,51,25,21,8,8,0.4,0.4
2023-12-22T2300,1211A,119.007,33.575,淮安市,北京南路,,48,48,38,26,22,29,,63,45,46,27,7,8,0.6,0.6
2023-12-22T2300,1212A,118.989,33.6067,淮安市,市监测站,,49,41,35,34,27,40,,66,49,38,28,8,7,0.6,0.6
2023-12-22T2300,1213A,119.135,33.5039,淮安市,楚州区监测站,,34,34,35,23,20,6,,64,38,65,28,6,7,0.5,0.5
2023-12-22T2300,1214A,119.0186,33.6297,淮安市,淮阴区监测站,颗粒物(PM10),58,66,44,28,22,38,,62,45,34,27,6,5,0.7,0.6
2023-12-22T2300,3426A,118.8755,33.2894,淮安市,新华书店,颗粒物(PM10),51,52,36,33,24,10,,64,46,60,22,6,7,0.5,0.6
2023-12-22T2300,2282A,116.8004,33.975,淮北市,监测站,颗粒物(PM10),55,60,70,37,42,54,,67,52,22,31,6,7,0.6,0.7
2023-12-22T2300,2283A,116.8091,33.9007,淮北市,烈山区政府,颗粒物(PM10),55,60,79,35,50,44,,65,47,30,41,6,7,0.4,0.6
2023-12-22T2300,3330A,116.8873,33.9836,淮北市,杜集区检察院,细颗粒物(PM2.5),65,64,76,47,44,46,,72,54,25,28,7,7,0.5,0.6
2023-12-22T2300,4017A,116.7923,33.9535,淮北市,市博物馆,颗粒物(PM10),61,71,77,38,49,53,,66,52,23,35,7,8,0.5,0.7
2023-12-22T2300,2277A,116.8305,32.7727,淮南市,潘集区政府,,49,39,63,34,45,28,,67,48,40,29,7,9,0.5,0.5
2023-12-22T2300,2278A,117.0067,32.6524,淮南市,师范学院,颗粒物(PM10),55,59,60,26,33,26,,63,38,40,29,8,8,0.8,0.8
2023-12-22T2300,2279A,116.8569,32.5951,淮南市,谢家集区政府,,42,40,51,29,33,29,,66,43,41,24,6,8,0.4,0.4
2023-12-22T2300,2280A,116.8281,32.633,淮南市,八公山区政府,颗粒物(PM10),54,58,46,19,27,34,,61,50,30,17,4,8,0.3,0.4
2023-12-22T2300,2281A,116.6325,32.6201,淮南市,焦岗湖风景区管理处,,25,25,45,15,34,27,,57,46,27,18,2,2,0.1,0.2
2023-12-22T2300,2894A,117.0566,32.6531,淮南市,经济技术开发区消防队,颗粒物(PM10),56,62,59,37,30,20,,64,44,45,24,6,7,0.4,0.4
2023-12-22T2300,3329A,117.0108,32.5893,淮南市,山南新区,细颗粒物(PM2.5),59,52,54,42,38,26,,64,46,41,25,6,7,0.5,0.4
2023-12-22T2300,2446A,114.9028,30.4742,黄冈市,职工中心,细颗粒物(PM2.5),64,59,59,46,40,49,,63,56,16,15,9,9,0.4,0.4
2023-12-22T2300,2929A,114.8858,30.4519,黄冈市,红卫路,细颗粒物(PM2.5),62,58,58,44,39,49,,64,56,22,18,6,8,0.5,0.5
2023-12-22T2300,3398A,114.9136,30.4445,黄冈市,市林业局,细颗粒物(PM2.5),60,54,52,43,38,49,,64,56,25,21,6,7,0.5,0.5
2023-12-22T2300,2672A,102.0199,35.5102,黄南藏族自治州,同仁县隆务镇,颗粒物(PM10),90,129,136,54,54,62,,73,70,9,20,8,13,0.4,0.7
2023-12-22T2300,2295A,118.2903,29.6963,黄山市,延安路89号,,39,39,47,25,30,38,,76,55,12,12,5,7,0.2,0.2
2023-12-22T2300,2296A,118.327,29.7178,黄山市,黄山东路89号,细颗粒物(PM2.5),62,51,50,44,32,39,,74,54,17,17,6,7,0.3,0.3
2023-12-22T2300,2297A,118.1371,30.2756,黄山市,黄山区政府5号楼,,29,21,42,20,30,37,,73,52,12,16,4,5,0.6,0.7
2023-12-22T2300,2423A,115.0601,30.2313,黄石市,沈家营,细颗粒物(PM2.5),59,58,52,42,36,19,,69,50,44,24,4,5,0.7,0.6
2023-12-22T2300,2424A,115.0817,30.2006,黄石市,陈家湾,,49,49,52,31,39,46,,74,58,23,21,10,8,0.7,0.5
2023-12-22T2300,2426A,114.8988,30.2019,黄石市,铁山,细颗粒物(PM2.5),58,57,60,41,45,21,,69,44,42,33,4,13,0.8,0.8
2023-12-22T2300,2427A,115.0307,30.2092,黄石市,团城山,颗粒物(PM10),59,67,58,37,35,40,,72,58,32,22,6,7,0.7,0.6
2023-12-22T2300,3149A,115.0235,30.1578,黄石市,笔架山北路,"颗粒物(PM10),细颗粒物(PM2.5)",54,58,52,38,38,40,,64,54,32,23,7,7,0.5,0.5
2023-12-22T2300,1392A,114.4183,23.0528,惠州市,河南岸金山湖子站,,50,50,54,30,29,80,,88,84,13,10,8,7,0.6,0.6
2023-12-22T2300,1393A,114.4053,23.0822,惠州市,下埔横江三路子站,,48,48,51,28,27,75,,85,80,16,13,11,11,0.5,0.5
2023-12-22T2300,1394A,114.4103,23.1142,惠州市,江北云山西路子站,,49,49,54,29,28,76,,86,81,15,12,10,9,0.5,0.5
2023-12-22T2300,1395A,114.4645,22.7833,惠州市,惠阳区承修路船湖子站,,48,48,60,27,28,69,,73,67,15,17,7,8,0.6,0.6
2023-12-22T2300,1396A,114.5317,22.7422,惠州市,大亚湾管委会子站,,41,41,50,24,27,73,,78,75,17,16,6,6,0.6,0.6
2023-12-22T2300,3314A,114.4338,22.8134,惠州市,惠阳秋长,,48,48,58,27,32,78,,85,83,10,9,9,8,0.6,0.7
2023-12-22T2300,3452A,114.6517,22.775,惠州市,大亚湾霞涌,细颗粒物(PM2.5),55,39,53,39,25,70,,72,71,12,10,7,7,0.6,0.8
2023-12-22T2300,2240A,130.9762,45.3001,鸡西市,环保局,,28,24,28,19,23,56,,54,51,10,12,5,5,0.2,0.2
2023-12-22T2300,2243A,130.9429,45.3039,鸡西市,第一中学,,26,21,30,18,23,59,,61,58,10,10,7,7,0.2,0.2
2023-12-22T2300,3707A,131.0207,45.3073,鸡西市,欧美日汽修厂,,32,28,34,22,28,54,,50,48,13,19,7,35,1.5,0.8
2023-12-22T2300,3709A,130.9967,45.3106,鸡西市,市政设施管理处,,27,27,31,18,20,57,,58,53,14,15,2,2,0.3,0.3
2023-12-22T2300,2367A,114.9754,27.0803,吉安市,红声器材厂,颗粒物(PM10),59,67,65,41,33,60,,73,68,25,24,10,9,0.8,0.8
2023-12-22T2300,2368A,114.9658,27.0999,吉安市,市森林工业局,细颗粒物(PM2.5),59,52,55,42,40,48,,72,60,34,26,16,13,0.8,0.7
2023-12-22T2300,2369A,114.99,27.1312,吉安市,市环境监测站,颗粒物(PM10),52,53,54,34,33,53,,76,66,30,24,11,11,0.7,0.7
2023-12-22T2300,2370A,115.0093,27.0968,吉安市,青原区法院,,,56,58,40,36,56,,77,68,,20,14,13,0.9,0.8
2023-12-22T2300,1772A,126.54,43.8622,吉林市,哈达湾,,36,34,42,25,32,56,,61,54,18,21,9,8,0.6,0.7
2023-12-22T2300,1773A,126.5844,43.8358,吉林市,东局子,,36,30,39,25,31,52,,57,49,20,23,12,10,0.6,0.5
2023-12-22T2300,1774A,126.5052,43.8245,吉林市,电力学院,,38,30,41,26,33,50,,57,46,23,26,12,11,0.7,0.8
2023-12-22T2300,1775A,126.6133,43.8972,吉林市,江北,,39,35,43,27,31,54,,54,47,21,26,17,20,0.6,0.8
2023-12-22T2300,1776A,126.555,43.8306,吉林市,江南公园,,42,33,41,29,35,54,,61,56,17,20,11,11,0.7,0.7
2023-12-22T2300,1778A,126.7061,43.7133,吉林市,丰满,,,,,,,,,,,,,,,,
2023-12-22T2300,2868A,126.4739,43.953,吉林市,九站,,45,35,38,31,28,50,,64,56,24,23,6,6,0.8,0.7
2023-12-22T2300,1299A,116.9862,36.6114,济南市,科干所,细颗粒物(PM2.5),55,53,62,39,40,56,,68,42,26,42,11,18,0.6,0.8
2023-12-22T2300,1300A,116.9376,36.665,济南市,农科所,颗粒物(PM10),75,100,70,54,36,4,,52,15,83,53,26,18,1.3,0.9
2023-12-22T2300,1301A,117.1265,36.6734,济南市,开发区,颗粒物(PM10),80,110,70,51,41,3,,55,13,80,48,12,13,1.2,0.9
2023-12-22T2300,1303A,117.0624,36.6868,济南市,省种子仓库,颗粒物(PM10),98,146,76,66,43,6,,61,18,80,40,18,15,1.3,0.9
2023-12-22T2300,1304A,116.9489,36.6447,济南市,机床二厂,细颗粒物(PM2.5),89,117,84,66,42,3,,54,19,79,54,50,24,1.3,0.9
2023-12-22T2300,1305A,117.0495,36.663,济南市,市监测站,颗粒物(PM10),56,61,65,29,41,37,,65,27,44,43,12,16,0.4,0.6
2023-12-22T2300,1306A,116.7675,36.5484,济南市,长清党校,细颗粒物(PM2.5),64,76,66,46,45,39,,66,46,49,45,10,13,0.7,0.8
2023-12-22T2300,1616A,117.6795,36.229,济南市,技术学院,细颗粒物(PM2.5),85,92,59,63,39,6,,54,39,71,45,12,13,1.3,1.2
2023-12-22T2300,1961A,117.532,36.6868,济南市,东山小学,颗粒物(PM10),64,78,63,39,34,6,,52,12,75,57,10,12,0.7,0.6
2023-12-22T2300,3059A,117.7161,36.2049,济南市,泰兴公司,细颗粒物(PM2.5),117,139,74,88,46,6,,47,23,79,61,14,11,1.3,1
2023-12-22T2300,3064A,117.6867,36.2171,济南市,莱芜战役纪念馆,细颗粒物(PM2.5),104,122,68,78,39,5,,50,36,70,46,16,13,1.3,1
2023-12-22T2300,3494A,117.1673,36.9782,济南市,济阳区政府,细颗粒物(PM2.5),89,98,76,66,46,17,,52,28,68,50,20,16,0.8,0.7
2023-12-22T2300,3495A,117.1171,36.63,济南市,锦屏中学,,49,49,44,34,31,36,,72,35,36,29,9,13,0.7,0.8
2023-12-22T2300,3682A,116.9814,36.6819,济南市,济南四建,细颗粒物(PM2.5),98,136,75,73,45,5,,56,17,93,52,31,21,1.5,0.9
2023-12-22T2300,1653A,116.6251,35.4302,济宁市,火炬城,细颗粒物(PM2.5),79,86,65,58,38,15,,57,,54,41,9,6,0.8,0.7
2023-12-22T2300,1655A,116.5491,35.4042,济宁市,电化厂,细颗粒物(PM2.5),73,88,78,53,42,31,,59,46,43,39,7,9,0.5,0.5
2023-12-22T2300,3500A,116.5814,35.3707,济宁市,北湖一中,细颗粒物(PM2.5),62,70,66,44,45,41,,58,46,28,36,3,3,0.4,0.5
2023-12-22T2300,3501A,116.8249,35.5593,济宁市,服务中心,颗粒物(PM10),84,118,82,58,43,20,,56,33,53,46,7,6,0.7,0.7
2023-12-22T2300,3678A,116.5907,35.4054,济宁市,市第七中学,颗粒物(PM10),67,84,70,44,43,34,,57,39,40,40,8,9,0.7,0.7
2023-12-22T2300,2255A,130.2751,46.8028,佳木斯市,佳纺,细颗粒物(PM2.5),78,72,42,57,36,40,,55,47,32,18,13,6,0.8,0.6
2023-12-22T2300,2256A,130.3995,46.8307,佳木斯市,发电厂,,48,37,31,33,28,42,,57,45,28,19,27,11,0.6,0.6
2023-12-22T2300,2257A,130.3258,46.7975,佳木斯市,环保局,细颗粒物(PM2.5),57,48,41,40,34,34,,50,37,30,21,6,6,0.5,0.6
2023-12-22T2300,2258A,130.3648,46.8032,佳木斯市,十一中,,50,44,36,35,29,43,,52,42,23,19,4,3,0.7,0.7
2023-12-22T2300,2259A,130.3794,46.7588,佳木斯市,四丰,,41,41,34,21,22,48,,48,47,12,12,1,1,0.6,0.7
2023-12-22T2300,1252A,120.7436,30.778,嘉兴市,清河小学,颗粒物(PM10),54,58,43,36,22,15,,57,31,56,24,8,8,0.7,0.6
2023-12-22T2300,1253A,120.726,30.7478,嘉兴市,嘉兴学院,颗粒物(PM10),51,51,39,35,23,32,,60,38,38,23,10,9,0.5,0.5
2023-12-22T2300,2872A,120.7846,30.7525,嘉兴市,南湖区残联,颗粒物(PM10),56,62,48,27,20,21,,57,33,55,30,9,8,0.5,0.5
2023-12-22T2300,3407A,120.6916,30.7739,嘉兴市,秀洲住建,细颗粒物(PM2.5),57,41,36,40,25,24,,56,34,45,23,9,9,0.8,0.4
2023-12-22T2300,1945A,98.2908,39.7711,嘉峪关市,气象局,颗粒物(PM10),58,66,80,24,28,78,,62,52,14,28,5,8,0.1,0.2
2023-12-22T2300,2884A,98.2672,39.7978,嘉峪关市,酒钢宾馆,颗粒物(PM10),54,58,83,19,28,73,,69,59,20,26,15,16,0.4,0.5
2023-12-22T2300,3248A,98.2643,39.7724,嘉峪关市,雄关区,颗粒物(PM10),52,54,67,29,26,77,,60,53,12,27,6,8,0.4,0.5
2023-12-22T2300,1383A,113.1064,22.6058,江门市,北街,细颗粒物(PM2.5),53,50,58,37,37,62,,76,66,31,25,10,8,0.6,0.5
2023-12-22T2300,1384A,113.0731,22.5835,江门市,西区,细颗粒物(PM2.5),59,65,76,42,38,61,,74,60,31,27,14,11,0.6,0.7
2023-12-22T2300,1385A,113.0219,22.5311,江门市,圭峰西,细颗粒物(PM2.5),53,48,58,37,38,66,,74,69,28,23,5,4,0.6,0.6
2023-12-22T2300,1386A,113.0828,22.5947,江门市,东湖,颗粒物(PM10),58,65,71,32,34,64,,76,64,34,29,10,7,0.6,0.6
2023-12-22T2300,3311A,113.1075,22.5647,江门市,江海富民,颗粒物(PM10),59,67,68,40,36,59,,71,60,40,33,12,10,0.7,0.6
2023-12-22T2300,3449A,113.05,22.4667,江门市,新会银湖,,50,49,59,35,33,61,,74,61,32,27,10,8,0.6,0.5
2023-12-22T2300,1828A,113.227,35.2125,焦作市,市环保局,颗粒物(PM10),58,65,76,33,42,9,,47,26,63,44,15,16,0.6,0.7
2023-12-22T2300,1830A,113.1992,35.2590,焦作市,影视城,,,,,,,,,,,,,,,,
2023-12-22T2300,3169A,113.2725,35.2067,焦作市,太极体育中心,颗粒物(PM10),66,81,82,36,48,8,,51,26,64,44,12,16,0.5,0.7
2023-12-22T2300,3335A,113.3137,35.2641,焦作市,马村街道办,颗粒物(PM10),68,86,98,42,46,8,,50,29,63,44,18,15,1.1,1
2023-12-22T2300,3336A,113.2465,35.2373,焦作市,焦作技师学院,细颗粒物(PM2.5),62,70,84,44,58,12,,51,27,61,48,28,16,0.7,0.6
2023-12-22T2300,3477A,113.1656,35.2539,焦作市,中站许衡医院,颗粒物(PM10),101,152,71,51,37,12,,44,21,62,40,31,19,1.3,0.7
2023-12-22T2300,3981A,113.2449,35.1803,焦作市,原李万街道办,颗粒物(PM10),68,86,70,36,42,5,,51,23,58,39,8,11,0.8,0.9
2023-12-22T2300,1708A,116.3701,23.5345,揭阳市,新兴,颗粒物(PM10),62,73,56,36,35,67,,85,78,24,17,11,10,0.5,0.6
2023-12-22T2300,1709A,116.3264,23.5443,揭阳市,西马,颗粒物(PM10),60,70,55,33,34,55,,64,57,22,15,9,8,0.6,0.6
2023-12-22T2300,1710A,116.3611,23.5626,揭阳市,东兴,颗粒物(PM10),64,77,62,30,32,67,,80,72,26,20,17,11,0.5,0.5
2023-12-22T2300,1711A,116.4151,23.5294,揭阳市,渔湖,颗粒物(PM10),56,61,54,31,32,70,,79,77,18,12,9,9,0.6,0.6
2023-12-22T2300,3320A,116.403,23.5699,揭阳市,曲溪,颗粒物(PM10),65,80,60,40,33,68,,84,79,22,18,3,3,0.5,0.5
2023-12-22T2300,1944A,102.1692,38.5167,金昌市,天庆家园,,32,32,160,6,26,82,,88,86,10,21,18,41,0.5,0.7
2023-12-22T2300,3170A,102.1864,38.5253,金昌市,市委党校,,50,50,185,12,38,87,,93,90,7,17,13,54,0.4,0.8
2023-12-22T2300,4022A,102.1647,38.5371,金昌市,金川区人防中心,,34,34,228,13,30,78,,93,89,14,18,9,37,0.5,0.8
2023-12-22T2300,1262A,119.647,29.077,金华市,十五中,,46,46,58,26,33,16,,64,39,59,35,2,2,0.5,0.5
2023-12-22T2300,1263A,119.686,29.1029,金华市,监测站,颗粒物(PM10),51,52,58,20,32,10,,64,33,66,38,4,5,0.4,0.5
2023-12-22T2300,3659A,119.656,29.1131,金华市,气象局,,46,46,56,23,32,7,,62,30,70,38,2,4,0.5,0.5
2023-12-22T2300,1767A,121.1115,41.0879,锦州市,南山,细颗粒物(PM2.5),281,238,85,231,77,15,,67,32,72,45,22,19,3.5,1.4
2023-12-22T2300,1768A,121.0533,40.8434,锦州市,开发区,细颗粒物(PM2.5),135,135,96,103,44,5,,38,13,90,56,33,38,1.6,1.1
2023-12-22T2300,1769A,121.1836,41.1119,锦州市,百股街道,细颗粒物(PM2.5),110,126,67,83,49,10,,67,28,56,40,16,15,1.8,1.3
2023-12-22T2300,1770A,121.1178,41.1222,锦州市,天安街道,细颗粒物(PM2.5),189,197,77,142,45,8,,63,27,76,34,22,20,3.2,1.4
2023-12-22T2300,1771A,121.1303,41.1386,锦州市,北湖公园,细颗粒物(PM2.5),142,123,66,108,53,16,,62,32,54,30,20,17,2.1,1.2
2023-12-22T2300,2160A,112.85,35.5051,晋城市,自来水公司,颗粒物(PM10),54,58,65,31,25,51,,62,46,31,34,9,11,1.0,1.3
2023-12-22T2300,2161A,112.8318,35.4936,晋城市,白云商贸,颗粒物(PM10),51,51,56,27,20,54,,56,46,30,33,10,11,1.0,1.3
2023-12-22T2300,2162A,112.8508,35.4887,晋城市,市环保局,颗粒物(PM10),59,67,57,31,25,53,,61,49,32,34,10,11,1.0,1.2
2023-12-22T2300,2163A,112.8676,35.4897,晋城市,技术学院,颗粒物(PM10),59,68,55,31,22,53,,60,48,30,36,10,12,1.0,1.2
2023-12-22T2300,2165A,112.8453,35.546,晋城市,白马寺,,,,,,,,,,,,,,,,
2023-12-22T2300,3620A,112.8271,35.4828,晋城市,泽州一中,,49,49,44,27,17,55,,57,50,25,27,11,11,1.0,1.2
2023-12-22T2300,2171A,112.7532,37.6945,晋中市,锦纶小区,细颗粒物(PM2.5),98,119,102,73,60,4,,40,18,75,55,25,23,1.2,1.1
2023-12-22T2300,2173A,112.7249,37.7067,晋中市,南都小区,颗粒物(PM10),92,134,101,67,60,3,,34,15,74,54,28,28,1.2,1.4
2023-12-22T2300,2174A,112.6991,37.6982,晋中市,榆次区政府,细颗粒物(PM2.5),104,141,113,78,63,5,,35,16,76,61,28,25,1.5,1.4
2023-12-22T2300,2865A,112.7195,37.6828,晋中市,榆次三中,颗粒物(PM10),98,146,110,70,61,3,,42,21,72,59,32,33,1.4,1.3
2023-12-22T2300,2439A,112.2014,31.0481,荆门市,竹园小学,细颗粒物(PM2.5),70,81,71,51,39,36,,60,48,40,33,9,13,0.5,0.5
2023-12-22T2300,2440A,112.1969,30.9891,荆门市,掇刀,颗粒物(PM10),65,79,68,43,40,44,,70,58,36,26,8,9,0.6,0.6
2023-12-22T2300,2441A,112.2213,31.0386,荆门市,石化一小,颗粒物(PM10),63,75,71,40,40,47,,63,56,38,38,14,20,0.5,0.5
2023-12-22T2300,3012A,112.1849,31.0362,荆门市,西山林语,细颗粒物(PM2.5),67,71,64,48,39,40,,64,52,34,27,8,8,0.6,0.6
2023-12-22T2300,3547A,112.1632,31.0138,荆门市,龙泉中学南校,细颗粒物(PM2.5),70,83,71,51,44,38,,70,52,37,22,11,10,0.5,0.4
2023-12-22T2300,1844A,112.2494,30.3197,荆州市,市图书馆,细颗粒物(PM2.5),57,62,60,40,41,40,,72,55,39,29,7,7,0.6,0.6
2023-12-22T2300,1845A,112.2008,30.3544,荆州市,市委党校,细颗粒物(PM2.5),57,60,57,40,38,16,,72,52,66,33,6,7,0.7,0.6
2023-12-22T2300,3194A,112.2747,30.3122,荆州市,管委会,细颗粒物(PM2.5),62,53,55,44,40,26,,74,55,54,31,8,8,0.7,0.7
2023-12-22T2300,3548A,112.1655,30.3364,荆州市,学苑路,细颗粒物(PM2.5),68,67,48,49,37,37,,66,58,36,22,8,8,0.9,0.8
2023-12-22T2300,2342A,117.3102,29.3867,景德镇市,王港中学,,,,,,,,,,,,,,,,
2023-12-22T2300,2343A,117.2117,29.2933,景德镇市,老干部活动中心,细颗粒物(PM2.5),63,,51,45,39,38,,64,53,24,15,6,5,0.4,0.5
2023-12-22T2300,2344A,117.1894,29.2789,景德镇市,兽医站,,29,29,38,20,20,35,,65,53,23,14,8,7,0.4,0.4
2023-12-22T2300,2345A,117.1547,29.2617,景德镇市,台达陶瓷,,39,39,50,20,28,39,,68,48,29,21,18,19,0.6,0.6
2023-12-22T2300,2346A,117.2461,29.2956,景德镇市,陶研所,,38,38,37,22,18,19,,68,44,29,17,8,9,0.8,0.6
2023-12-22T2300,1803A,115.9872,29.6815,九江市,十里,颗粒物(PM10),51,51,40,23,24,28,,70,50,43,24,7,8,0.6,0.5
2023-12-22T2300,1804A,115.9584,29.7046,九江市,茅山头,,40,40,43,28,31,47,,68,55,24,21,12,14,0.5,0.5
2023-12-22T2300,1805A,115.9877,29.7295,九江市,西园,,38,37,36,26,30,51,,71,62,28,22,6,7,0.6,0.6
2023-12-22T2300,1806A,116.0172,29.6547,九江市,五七二七厂,,44,44,43,26,29,53,,69,64,18,17,11,12,0.5,0.5
2023-12-22T2300,1808A,115.9114,29.6038,九江市,综合工业园,细颗粒物(PM2.5),57,,43,40,35,28,,65,41,42,27,10,10,0.6,0.4
2023-12-22T2300,1809A,116.0721,29.7535,九江市,石化总厂,,29,28,40,20,23,55,,71,63,24,20,8,7,0.4,0.4
2023-12-22T2300,1810A,115.9773,29.5698,九江市,庐山气象台,,8,8,18,0,13,6,,42,8,7,8,6,7,0.5,0.7
2023-12-22T2300,3190A,116.0254,29.6994,九江市,外国语学校,,47,47,40,32,32,40,,67,53,38,25,10,12,0.6,0.6
2023-12-22T2300,2658A,98.5061,39.7443,酒泉市,仓门街子站,颗粒物(PM10),69,88,118,45,39,28,,57,43,46,32,5,6,0.9,0.7
2023-12-22T2300,2659A,98.4989,39.7256,酒泉市,油田生活基地,颗粒物(PM10),71,92,115,46,34,20,,48,33,56,38,4,5,0.8,0.6
2023-12-22T2300,2698A,76.0072,39.4467,喀什地区,巡警大队,颗粒物(PM10),500,608,771,141,201,38,,44,44,40,37,3,3,0.8,0.9
2023-12-22T2300,2699A,75.9755,39.4694,喀什地区,吾办,颗粒物(PM10),500,641,783,161,192,30,,47,46,56,41,4,3,1.4,1.4
2023-12-22T2300,4027A,75.9483,39.4689,喀什地区,老干局,颗粒物(PM10),500,706,816,170,173,13,,46,40,74,37,4,4,2.1,1.6
2023-12-22T2300,1824A,114.3389,34.7781,开封市,肿瘤医院,,,71,85,58,54,24,,42,36,,36,2,4,0.5,0.6
2023-12-22T2300,1826A,114.2885,34.7965,开封市,世纪星幼儿园,细颗粒物(PM2.5),64,66,73,46,47,25,,44,39,39,53,3,5,0.7,0.7
2023-12-22T2300,3147A,114.3438,34.8106,开封市,龙亭公园,细颗粒物(PM2.5),75,68,72,55,45,37,,51,46,29,43,3,4,0.8,0.9
2023-12-22T2300,3210A,114.3644,34.7964,开封市,汴京公园,细颗粒物(PM2.5),72,68,84,52,55,26,,42,36,31,46,5,7,0.6,0.7
2023-12-22T2300,3473A,114.2485,34.8306,开封市,技师学院,细颗粒物(PM2.5),73,78,65,53,39,34,,46,44,44,48,1,8,0.5,0.7
2023-12-22T2300,3592A,114.4644,34.7556,开封市,祥符区生态环境局,颗粒物(PM10),65,80,89,44,52,24,,52,36,48,49,3,7,0.5,0.7
2023-12-22T2300,1951A,84.895,45.6094,克拉玛依市,长征新村,细颗粒物(PM2.5),84,104,91,62,70,20,,58,45,64,35,10,11,1.1,0.9
2023-12-22T2300,1952A,84.8988,45.5893,克拉玛依市,南林小区,细颗粒物(PM2.5),107,114,102,80,78,5,,59,38,66,29,2,2,1.5,0.9
2023-12-22T2300,1954A,84.905,44.3396,克拉玛依市,独山子区,细颗粒物(PM2.5),89,75,154,66,123,71,,63,63,21,60,4,4,0.7,0.9
2023-12-22T2300,1955A,85.6979,46.098,克拉玛依市,乌尔禾区商贸楼,细颗粒物(PM2.5),69,69,80,50,61,71,,66,63,17,22,6,8,0.5,0.8
2023-12-22T2300,3612A,85.1045,45.6899,克拉玛依市,白碱滩区新站,细颗粒物(PM2.5),85,96,91,63,71,33,,56,43,48,34,8,9,0.9,0.8
2023-12-22T2300,2697A,76.1454,39.7142,克孜勒苏柯尔克孜自治州,市人民政府,颗粒物(PM10),500,703,761,189,195,24,,52,46,37,20,5,4,1.1,0.8
2023-12-22T2300,3665A,76.1658,39.7157,克孜勒苏柯尔克孜自治州,克州文化中心,颗粒物(PM10),500,769,876,172,194,21,,56,47,43,24,7,6,0.9,0.9
2023-12-22T2300,1450A,102.8204,24.8886,昆明市,呈贡新区,细颗粒物(PM2.5),77,,44,56,48,35,,52,40,20,17,8,5,0.9,0.8
2023-12-22T2300,1451A,102.6251,24.9608,昆明市,西山森林公园,颗粒物(PM10),63,76,42,12,23,45,,45,43,15,17,6,5,1.2,1.1
2023-12-22T2300,1452A,102.7252,25.0902,昆明市,龙泉镇,细颗粒物(PM2.5),69,67,48,50,40,30,,45,36,29,25,9,9,0.8,0.8
2023-12-22T2300,1453A,102.7266,25.0375,昆明市,东风东路,细颗粒物(PM2.5),79,77,65,58,48,17,,40,31,42,30,8,8,1.0,0.9
2023-12-22T2300,1454A,102.6742,25.0669,昆明市,金鼎山,细颗粒物(PM2.5),78,76,52,57,44,30,,46,41,35,25,10,9,0.7,0.6
2023-12-22T2300,1455A,102.6644,25.0401,昆明市,碧鸡广场,细颗粒物(PM2.5),77,68,53,56,42,26,,44,38,39,28,10,8,0.9,0.9
2023-12-22T2300,3179A,102.7494,25.0119,昆明市,官渡区博物馆,细颗粒物(PM2.5),73,63,50,53,42,18,,48,36,43,27,8,8,0.5,0.5
2023-12-22T2300,3375A,102.8017,24.8336,昆明市,青年创业园,细颗粒物(PM2.5),58,51,44,41,35,26,,59,42,30,16,8,8,0.7,0.6
2023-12-22T2300,3550A,102.7997,24.9786,昆明市,昆明学院,细颗粒物(PM2.5),74,73,62,54,45,31,,43,30,32,25,10,10,0.6,0.6
2023-12-22T2300,3551A,102.5967,24.6736,昆明市,晋宁区生态环境分局,细颗粒物(PM2.5),79,97,54,58,36,29,,48,38,29,16,4,4,1.2,0.9
2023-12-22T2300,3552A,102.6678,24.9856,昆明市,云天化总部,细颗粒物(PM2.5),72,64,52,52,41,30,,48,44,31,21,5,4,0.8,0.7
2023-12-22T2300,1456A,91.1319,29.6514,拉萨市,八廓街,,24,24,28,14,16,53,,81,77,34,31,7,12,0.7,1
2023-12-22T2300,1457A,91.1221,29.6747,拉萨市,市环保局,,22,18,42,11,19,69,,75,75,17,26,6,12,0.6,1.1
2023-12-22T2300,1458A,91.0874,29.6475,拉萨市,区监测站,,20,15,21,6,12,62,,82,80,25,32,5,11,0.4,0.6
2023-12-22T2300,1459A,91.1774,29.6541,拉萨市,西藏大学,,24,11,23,7,12,74,,73,72,8,17,5,10,0.6,0.8
2023-12-22T2300,1460A,90.9798,29.6588,拉萨市,区辐射站,,49,46,46,34,25,30,,63,53,61,42,9,9,1.4,0.9
2023-12-22T2300,1461A,91.0834,29.6292,拉萨市,拉萨火车站,,25,7,26,7,16,80,,78,78,3,35,4,8,0.1,0.7
2023-12-22T2300,2520A,109.2203,23.7256,来宾市,来宾技工学校,细颗粒物(PM2.5),54,48,65,38,40,70,,97,91,22,15,8,8,0.7,0.8
2023-12-22T2300,3535A,109.1781,23.7297,来宾市,兴宾区政府,细颗粒物(PM2.5),63,67,78,45,48,66,,102,89,24,17,9,10,0.7,0.8
2023-12-22T2300,4002A,109.2416,23.7461,来宾市,中南小学,细颗粒物(PM2.5),60,56,67,43,45,65,,103,91,29,16,6,6,0.8,0.8
2023-12-22T2300,1476A,103.631,36.1031,兰州市,兰炼宾馆,颗粒物(PM10),101,152,132,73,60,6,,38,20,86,63,27,28,1.6,1.4
2023-12-22T2300,1477A,104.1373,35.9454,兰州市,榆中兰大校区,,,,,,,,,,,,,,,,
2023-12-22T2300,1478A,103.8412,36.0726,兰州市,生物制品所,颗粒物(PM10),95,139,51,67,37,6,,,,78,81,19,18,0.9,1.4
2023-12-22T2300,1479A,103.831,36.0464,兰州市,铁路设计院,细颗粒物(PM2.5),87,122,118,64,55,6,,25,14,93,77,25,26,1.8,1.9
2023-12-22T2300,3186A,103.7158,36.1058,兰州市,教育港,颗粒物(PM10),84,117,114,54,51,5,,34,17,83,67,17,19,1.6,1.4
2023-12-22T2300,3241A,103.7439,36.0842,兰州市,百合公园,细颗粒物(PM2.5),89,121,115,66,53,5,,36,19,83,67,22,21,1.5,1.3
2023-12-22T2300,3242A,103.9611,35.998,兰州市,和平,细颗粒物(PM2.5),89,118,137,66,65,18,,36,21,64,59,14,30,1.1,2
2023-12-22T2300,3245A,103.6633,36.533,兰州新区,新区管委会,颗粒物(PM10),77,104,85,42,42,13,,57,38,48,37,16,22,0.8,0.8
2023-12-22T2300,3246A,103.6975,36.4789,兰州新区,舟曲中学,颗粒物(PM10),75,99,105,33,38,59,,63,54,29,41,72,31,0.4,0.6
2023-12-22T2300,1067A,116.6708,39.5111,廊坊市,药材公司,颗粒物(PM10),70,90,48,48,25,2,,45,20,86,57,3,2,1.0,0.8
2023-12-22T2300,1068A,116.7214,39.5589,廊坊市,开发区,颗粒物(PM10),61,72,34,38,14,0,,40,15,87,59,4,3,0.8,0.5
2023-12-22T2300,1070A,116.7244,39.5269,廊坊市,北华航天学院,细颗粒物(PM2.5),70,81,42,51,18,2,,44,19,89,59,4,3,1.6,0.7
2023-12-22T2300,2919A,116.7022,39.5453,廊坊市,河北工业大学,细颗粒物(PM2.5),83,82,46,61,18,0,,42,22,79,52,4,5,0.8,0.5
2023-12-22T2300,2535A,103.7723,29.5462,乐山市,花湖湾,细颗粒物(PM2.5),107,121,133,80,94,39,,61,56,18,24,3,3,0.4,0.5
2023-12-22T2300,2536A,103.7627,29.5844,乐山市,牛耳桥,细颗粒物(PM2.5),109,104,104,82,84,33,,59,49,33,30,3,3,0.7,0.7
2023-12-22T2300,2537A,103.7508,29.6006,乐山市,市第三水厂,细颗粒物(PM2.5),112,107,102,84,83,40,,64,57,28,29,4,4,0.6,0.8
2023-12-22T2300,2538A,103.7571,29.5664,乐山市,市监测站,细颗粒物(PM2.5),107,99,105,80,85,40,,65,58,25,28,7,6,0.5,0.6
2023-12-22T2300,3361A,103.7311,29.5628,乐山市,理工大学,细颗粒物(PM2.5),115,110,111,87,92,41,,66,59,22,28,6,6,0.6,0.7
2023-12-22T2300,2598A,100.2143,26.8576,丽江市,西南郊,,,,,,,,,,,,,,,,
2023-12-22T2300,2599A,100.2497,26.8802,丽江市,丽江古城,,25,25,44,16,25,67,,86,74,18,22,8,8,0.5,0.6
2023-12-22T2300,2600A,100.2203,26.8906,丽江市,市中心,,21,13,23,1,7,67,,79,66,12,20,5,6,0.4,0.7
2023-12-22T2300,1267A,119.914,28.4514,丽水市,监测站大楼,颗粒物(PM10),52,53,47,31,34,35,,76,60,30,17,5,7,0.5,0.4
2023-12-22T2300,1268A,119.93,28.4586,丽水市,莲都小学,,50,50,52,29,41,36,,73,60,32,17,6,6,0.5,0.4
2023-12-22T2300,1269A,119.879,28.4231,丽水市,余庄前,,46,44,48,32,34,21,,69,48,25,18,4,5,0.3,0.3
2023-12-22T2300,1173A,119.176,34.5885,连云港市,市环境监测站,细颗粒物(PM2.5),83,80,51,61,34,29,,56,39,46,38,14,13,0.9,0.7
2023-12-22T2300,3000A,119.3581,34.6972,连云港市,德源药业,细颗粒物(PM2.5),73,85,62,53,30,2,,54,20,69,45,17,13,0.7,0.5
2023-12-22T2300,3007A,119.178,34.844,连云港市,新城一中,细颗粒物(PM2.5),93,76,45,69,37,6,,64,30,76,41,14,12,0.8,0.9
2023-12-22T2300,3008A,119.3608,34.7519,连云港市,胡沟管理处,颗粒物(PM10),57,63,41,39,23,13,,61,28,68,36,12,8,0.7,0.7
2023-12-22T2300,3009A,119.1478,34.5911,连云港市,矿山设计院,细颗粒物(PM2.5),70,68,56,51,34,40,,54,33,31,41,12,13,0.5,0.6
2023-12-22T2300,3434A,119.2413,34.6539,连云港市,工贸学校,细颗粒物(PM2.5),77,80,55,56,35,39,,64,47,36,35,15,13,0.7,0.6
2023-12-22T2300,3664A,119.4172,34.7341,连云港市,连云街道,,49,49,39,31,26,48,,57,50,13,20,19,18,0.7,0.7
2023-12-22T2300,2571A,102.3431,27.8099,凉山彝族自治州,青龙寺,,38,38,34,18,16,61,,72,65,10,10,5,4,0.8,0.8
2023-12-22T2300,2572A,102.2721,27.8415,凉山彝族自治州,邛海宾馆,,48,37,35,33,24,66,,65,65,12,13,12,10,1.0,0.9
2023-12-22T2300,2573A,102.2625,27.898,凉山彝族自治州,西昌市政府,细颗粒物(PM2.5),77,67,36,56,29,58,,70,69,17,13,13,9,0.8,0.7
2023-12-22T2300,2574A,102.2685,27.8851,凉山彝族自治州,凉山州政府,细颗粒物(PM2.5),53,49,34,37,26,62,,67,67,12,11,7,7,0.7,0.6
2023-12-22T2300,2575A,102.237,27.8914,凉山彝族自治州,长安,细颗粒物(PM2.5),62,62,41,44,30,65,,67,67,14,16,11,11,0.7,0.9
2023-12-22T2300,2212A,123.2,41.1953,辽阳市,宏伟区,,32,,68,22,46,48,,39,37,19,44,15,25,0.4,1.2
2023-12-22T2300,2213A,123.1683,41.2495,辽阳市,新华园,细颗粒物(PM2.5),52,52,86,36,55,20,,36,18,49,52,48,32,1.1,1.5
2023-12-22T2300,2214A,123.2354,41.2639,辽阳市,滨河路,,40,36,65,28,47,42,,40,35,26,41,16,23,0.9,1.2
2023-12-22T2300,2215A,123.149,41.2991,辽阳市,铁西工业园,,45,43,97,31,59,24,,36,18,43,54,40,26,0.8,1.7
2023-12-22T2300,2227A,125.1358,42.8845,辽源市,环保局,细颗粒物(PM2.5),52,49,58,36,42,22,,65,52,48,31,12,9,1.3,1.1
2023-12-22T2300,3239A,125.0764,42.9078,辽源市,银鹰制药,细颗粒物(PM2.5),59,62,60,42,48,20,,66,47,52,33,10,14,1.2,1.1
2023-12-22T2300,1625A,115.9848,36.4372,聊城市,区政府,细颗粒物(PM2.5),80,94,88,59,58,26,,64,41,45,44,6,7,0.7,0.7
2023-12-22T2300,2878A,116.0072,36.4343,聊城市,聊大东校,细颗粒物(PM2.5),78,75,81,57,63,26,,67,40,46,42,6,7,0.5,0.5
2023-12-22T2300,3200A,115.9819,36.4978,聊城市,监控中心,细颗粒物(PM2.5),79,90,85,58,56,24,,63,42,43,42,3,7,0.8,0.6
2023-12-22T2300,3513A,116.0445,36.4361,聊城市,九州社区,细颗粒物(PM2.5),70,73,81,51,55,23,,68,40,50,46,4,4,0.6,0.7
2023-12-22T2300,4018A,116.0567,36.4608,聊城市,星美广场,细颗粒物(PM2.5),65,78,88,47,56,24,,69,35,43,45,3,6,0.6,0.7
2023-12-22T2300,2632A,94.3681,29.6376,林芝市,林芝监测站,,35,34,17,24,10,35,,67,43,24,20,7,7,0.7,0.5
2023-12-22T2300,2633A,94.3616,29.6616,林芝市,林芝人民医院,,24,24,18,14,12,29,,67,54,29,17,8,8,0.9,0.7
2023-12-22T2300,2603A,100.0781,23.8982,临沧市,市环保局,,25,20,25,17,20,14,,33,24,14,15,6,8,0.7,0.6
2023-12-22T2300,2604A,100.0894,23.8822,临沧市,市气象局,,22,,32,15,23,19,,31,25,13,17,5,7,0.6,0.6
2023-12-22T2300,1733A,111.5531,36.0783,临汾市,临钢医院,颗粒物(PM10),68,85,58,46,32,5,,39,19,55,34,12,7,1.2,1
2023-12-22T2300,1734A,111.5028,36.0714,临汾市,技工学校,细颗粒物(PM2.5),77,85,58,56,38,6,,40,20,62,42,16,12,0.9,0.8
2023-12-22T2300,1736A,111.5018,36.0855,临汾市,市委,颗粒物(PM10),79,108,64,45,32,7,,38,20,59,41,14,9,1.0,0.9
2023-12-22T2300,3018A,111.505,36.1014,临汾市,唐尧大酒店,颗粒物(PM10),76,102,70,48,33,5,,36,14,58,41,16,10,0.9,0.7
2023-12-22T2300,3668A,111.5036,36.0414,临汾市,城南,颗粒物(PM10),94,138,65,62,39,2,,41,16,51,40,11,16,1.6,1.1
2023-12-22T2300,2667A,103.2069,35.5993,临夏回族自治州,环保局,颗粒物(PM10),68,86,81,36,36,4,,52,36,59,44,20,21,2.4,2
2023-12-22T2300,2668A,103.2417,35.6057,临夏回族自治州,建设大厦,颗粒物(PM10),87,123,99,48,33,12,,54,36,47,37,12,15,1.9,1.6
2023-12-22T2300,1618A,118.3429,35.0532,临沂市,沂河小区,细颗粒物(PM2.5),83,100,69,61,39,20,,56,38,66,48,24,17,0.7,0.6
2023-12-22T2300,1619A,118.295,35.0583,临沂市,鲁南制药厂,颗粒物(PM10),86,122,76,60,35,6,,60,27,75,50,52,26,1.1,0.8
2023-12-22T2300,1620A,118.2794,34.9976,临沂市,新光毛纺厂,细颗粒物(PM2.5),87,110,59,64,36,8,,62,37,71,41,29,16,0.9,0.6
2023-12-22T2300,1621A,118.3956,35.0888,临沂市,河东保险公司,细颗粒物(PM2.5),127,,60,96,39,25,,54,31,49,39,13,11,1.0,0.9
2023-12-22T2300,3370A,118.3564,35.0215,临沂市,十里堡居委,细颗粒物(PM2.5),89,114,62,66,34,13,,62,37,64,45,22,17,1.3,1
2023-12-22T2300,3496A,118.3604,35.1084,临沂市,南坊新区,细颗粒物(PM2.5),77,92,65,56,38,16,,53,30,64,46,15,13,1.0,1
2023-12-22T2300,3860A,118.3920,35.0300,临沂市,皇山花园小区,颗粒物(PM10),81,112,60,59,29,15,,62,40,59,37,27,14,0.8,0.6
2023-12-22T2300,1870A,109.4856,24.3895,柳州市,柳东小学,,45,45,63,30,45,81,,99,92,15,13,12,11,0.4,0.5
2023-12-22T2300,1871A,109.4157,24.3277,柳州市,环保监测站,,42,42,67,25,40,80,,96,91,14,14,10,10,0.5,0.6
2023-12-22T2300,1872A,109.389,24.341,柳州市,河西水厂,,,46,78,,43,78,,97,90,11,14,6,9,0.8,1
2023-12-22T2300,1873A,109.4311,24.2921,柳州市,市四中,,45,38,56,31,41,79,,96,91,20,15,8,8,0.6,0.7
2023-12-22T2300,1874A,109.4006,24.3631,柳州市,市九中,,50,50,78,32,49,68,,93,86,22,17,5,6,0.6,0.7
2023-12-22T2300,1875A,109.4958,24.3134,柳州市,古亭山,,36,,54,25,37,86,,97,90,11,13,11,11,0.7,0.8
2023-12-22T2300,3402A,109.5422,24.3996,柳州市,市二中,,33,30,59,23,36,92,,104,98,10,11,8,7,0.5,0.6
2023-12-22T2300,2307A,116.5079,31.737,六安市,监测大楼,,48,45,48,33,37,34,,65,50,39,28,6,4,0.5,0.5
2023-12-22T2300,2308A,116.4738,31.7643,六安市,皖西学院,细颗粒物(PM2.5),52,49,55,36,35,42,,68,52,33,23,6,4,0.4,0.4
2023-12-22T2300,2309A,116.4996,31.7905,六安市,朝阳厂,,46,40,49,32,36,39,,64,49,34,23,5,6,0.4,0.4
2023-12-22T2300,2310A,116.5567,31.7886,六安市,开发区,颗粒物(PM10),53,55,64,35,39,40,,66,50,32,28,5,5,0.7,0.6
2023-12-22T2300,2576A,104.8,26.5892,六盘水市,窑上,,,,,,,,,,,,,,,,
2023-12-22T2300,2577A,104.83,26.5917,六盘水市,黄土坡,细颗粒物(PM2.5),72,61,47,52,30,23,,48,24,17,18,8,8,0.8,0.7
2023-12-22T2300,2578A,104.89,26.5939,六盘水市,水钢,细颗粒物(PM2.5),64,,42,46,37,28,,48,32,18,16,6,5,1.0,0.6
2023-12-22T2300,2579A,104.8475,26.5894,六盘水市,民中,,49,45,37,34,32,24,,46,25,15,17,7,7,0.6,0.6
2023-12-22T2300,2580A,104.9544,26.5506,六盘水市,双水,细颗粒物(PM2.5),58,48,43,41,33,33,,57,37,14,13,7,6,0.6,0.3
2023-12-22T2300,2335A,117.0189,25.1181,龙岩市,龙岩师专,,,,,,,,,,,,,,,,
2023-12-22T2300,2336A,117.0217,25.1033,龙岩市,龙岩市监测站,,33,31,36,23,22,71,,86,81,13,9,13,9,0.4,0.4
2023-12-22T2300,2337A,117.0258,25.0661,龙岩市,闽西职业技术学院,,32,31,33,22,22,66,,87,81,14,7,10,6,0.7,0.6
2023-12-22T2300,2338A,117.0196,25.0306,龙岩市,龙岩学院,,28,28,35,19,21,49,,85,72,22,9,8,6,0.7,0.5
2023-12-22T2300,2665A,105.0822,33.3261,陇南市,汉王镇固水子,,,,,,,,,,,,,,,,
2023-12-22T2300,2885A,104.9339,33.3826,陇南市,滨江中学,细颗粒物(PM2.5),68,82,73,49,43,22,,28,22,39,32,10,24,1.4,1.1
2023-12-22T2300,3247A,104.955,33.371,陇南市,市总工会,"颗粒物(PM10),细颗粒物(PM2.5)",62,73,74,44,41,33,,56,50,33,31,1,9,0.9,0.7
2023-12-22T2300,2487A,111.9589,27.8901,娄底市,电视发射台,颗粒物(PM10),58,65,65,40,32,89,,91,91,9,10,4,4,0.8,0.8
2023-12-22T2300,2488A,111.9975,27.725,娄底市,市监测站,细颗粒物(PM2.5),62,64,68,44,42,77,,84,80,23,23,23,8,0.6,0.6
2023-12-22T2300,2489A,112.0194,27.7314,娄底市,市委党校,细颗粒物(PM2.5),58,62,62,41,38,71,,77,73,23,21,7,6,0.5,0.4
2023-12-22T2300,2490A,111.9561,27.7569,娄底市,涟钢,细颗粒物(PM2.5),64,72,74,46,42,64,,75,68,26,22,7,9,0.8,0.8
2023-12-22T2300,2491A,111.9892,27.7044,娄底市,市政府,颗粒物(PM10),56,62,62,39,39,82,,80,80,18,21,8,6,0.5,0.5
2023-12-22T2300,1893A,105.4324,28.9634,泸州市,九狮山,细颗粒物(PM2.5),125,114,113,95,97,0,,47,28,35,24,6,7,0.6,0.6
2023-12-22T2300,1894A,105.4427,28.9063,泸州市,小市上码头,细颗粒物(PM2.5),138,129,124,105,95,,,74,59,52,33,4,6,1.0,0.8
2023-12-22T2300,1895A,105.4241,28.8573,泸州市,兰田宪桥,细颗粒物(PM2.5),99,96,118,74,94,7,,39,30,43,30,4,6,0.8,0.8
2023-12-22T2300,1896A,105.4379,28.8833,泸州市,市环监站,细颗粒物(PM2.5),128,116,116,97,96,7,,36,28,47,29,8,10,0.8,0.7
2023-12-22T2300,3490A,105.3617,28.7703,泸州市,纳溪区环保局,细颗粒物(PM2.5),100,98,126,75,94,7,,45,32,48,32,6,8,0.9,0.8
2023-12-22T2300,2183A,111.1406,37.5211,吕梁市,环保局,颗粒物(PM10),62,74,59,29,29,2,,30,10,66,52,3,4,0.7,0.7
2023-12-22T2300,2185A,111.1297,37.5136,吕梁市,自来水公司,细颗粒物(PM2.5),85,86,65,63,36,6,,33,11,56,47,10,10,1.0,0.8
2023-12-22T2300,2867A,111.1283,37.51,吕梁市,马茂庄小学,颗粒物(PM10),68,85,68,38,36,3,,30,9,65,52,1,5,1.1,1
2023-12-22T2300,1812A,112.3931,34.6516,洛阳市,市委党校,,47,47,38,28,17,49,,56,50,19,19,2,3,0.6,0.5
2023-12-22T2300,1814A,112.4657,34.6871,洛阳市,豫西宾馆,颗粒物(PM10),54,58,52,34,28,42,,45,43,31,34,11,8,0.6,0.6
2023-12-22T2300,1815A,112.494,34.6886,洛阳市,河南林校,,50,50,43,28,24,42,,53,44,28,34,9,5,0.4,0.4
2023-12-22T2300,1816A,112.3844,34.623,洛阳市,开发区管委会,,49,49,32,31,20,40,,61,51,22,13,2,3,0.6,0.5
2023-12-22T2300,1817A,112.4267,34.6258,洛阳市,市委新办公区,,50,45,32,35,22,46,,62,56,26,18,6,5,0.5,0.4
2023-12-22T2300,3340A,112.6005,34.6326,洛阳市,伊滨,颗粒物(PM10),51,51,43,24,20,44,,51,45,24,23,3,3,0.5,0.4
2023-12-22T2300,3341A,112.4951,34.6332,洛阳市,中移产业园,,45,45,33,26,12,48,,59,55,20,15,8,6,0.6,0.4
2023-12-22T2300,3593A,112.5736,34.8993,洛阳市,吉利监测站,颗粒物(PM10),56,62,43,32,20,13,,49,20,52,36,4,6,0.5,0.4
2023-12-22T2300,3635A,112.3677,34.662,洛阳市,河科大西苑校区,颗粒物(PM10),51,52,45,29,27,45,,58,52,24,23,7,5,0.6,0.6
2023-12-22T2300,3636A,112.4388,34.6781,洛阳市,英才小学,,,,44,,30,45,,52,45,21,23,10,7,0.6,0.6
2023-12-22T2300,2399A,114.051,33.5699,漯河市,三五一五工厂,细颗粒物(PM2.5),63,68,60,45,37,37,,65,52,29,29,6,6,0.5,0.5
2023-12-22T2300,2400A,114.0055,33.5698,漯河市,漯河大学,细颗粒物(PM2.5),62,68,60,44,36,27,,67,52,35,31,5,6,0.6,0.5
2023-12-22T2300,2401A,114.0138,33.5828,漯河市,市水利局,细颗粒物(PM2.5),67,73,60,48,36,36,,69,58,28,24,6,8,0.5,0.5
2023-12-22T2300,2402A,114.0261,33.5698,漯河市,市广电局,细颗粒物(PM2.5),63,71,56,45,36,38,,67,58,30,27,3,4,0.4,0.4
2023-12-22T2300,3478A,113.9749,33.5664,漯河市,市图书馆,细颗粒物(PM2.5),67,68,60,48,38,32,,65,51,25,23,3,4,0.6,0.4
2023-12-22T2300,3479A,114.0967,33.5906,漯河市,召陵区卫健委,颗粒物(PM10),57,63,66,38,39,43,,64,55,24,27,6,7,0.5,0.6
2023-12-22T2300,1798A,118.5092,31.6837,马鞍山市,湖东路四小,细颗粒物(PM2.5),58,61,42,41,27,7,,58,30,68,33,8,11,1.0,0.8
2023-12-22T2300,1799A,118.5024,31.6449,马鞍山市,开发区,细颗粒物(PM2.5),58,53,48,41,33,1,,54,25,70,40,10,17,1.0,1.1
2023-12-22T2300,1800A,118.5228,31.7231,马鞍山市,慈湖,细颗粒物(PM2.5),62,64,54,44,33,7,,56,22,64,42,5,8,1.3,1
2023-12-22T2300,1802A,118.6245,31.7241,马鞍山市,濮塘,,44,44,42,29,25,26,,55,42,24,18,4,5,1.2,0.8
2023-12-22T2300,3633A,118.4918,31.6809,马鞍山市,雨山,细颗粒物(PM2.5),70,60,54,51,37,11,,56,28,64,38,9,18,0.7,1.1
2023-12-22T2300,1686A,111.0286,21.4688,茂名市,电白南海,,49,46,48,34,27,72,,83,76,14,11,13,10,0.4,0.5
2023-12-22T2300,1687A,110.9294,21.6533,茂名市,茂石化七小,细颗粒物(PM2.5),62,58,50,44,35,59,,74,68,14,12,15,10,0.8,0.7
2023-12-22T2300,1688A,110.9107,21.6687,茂名市,健康路,颗粒物(PM10),54,58,49,36,28,60,,76,70,16,13,11,9,0.6,0.5
2023-12-22T2300,1689A,110.8592,21.6828,茂名市,高岭,细颗粒物(PM2.5),58,63,51,41,33,55,,68,63,17,15,23,20,0.5,0.5
2023-12-22T2300,3450A,111.01,21.5165,茂名市,电白水东,颗粒物(PM10),52,53,54,29,28,74,,76,70,12,12,7,7,0.5,0.5
2023-12-22T2300,2539A,104.0308,30.0478,眉山市,黑龙滩水库,颗粒物(PM10),70,90,86,49,50,31,,73,61,21,9,2,3,0.5,0.4
2023-12-22T2300,2540A,103.8416,30.0874,眉山市,气象局,细颗粒物(PM2.5),134,116,88,102,78,5,,62,38,54,33,7,7,1.0,0.8
2023-12-22T2300,3137A,103.8578,30.0744,眉山市,市委党校,细颗粒物(PM2.5),140,146,99,107,79,3,,57,39,56,31,7,7,0.8,0.6
2023-12-22T2300,3148A,103.8291,30.0564,眉山市,区人社局,细颗粒物(PM2.5),144,123,91,110,83,2,,59,33,,34,7,8,0.8,0.7
2023-12-22T2300,1690A,116.1231,24.3284,梅州市,梅江月梅,,37,37,41,21,27,39,,77,54,40,23,9,9,0.6,0.7
2023-12-22T2300,1691A,116.0797,24.2719,梅州市,梅县新城,,30,30,39,21,25,63,,78,71,16,12,6,5,0.5,0.5
2023-12-22T2300,1692A,116.1248,24.2654,梅州市,环境监控中心,,40,39,42,28,29,47,,73,44,30,23,6,6,0.5,0.5
2023-12-22T2300,3315A,116.1233,24.2991,梅州市,梅龙,,41,41,44,21,26,41,,75,60,29,16,7,6,0.4,0.4
2023-12-22T2300,1878A,104.7778,31.4741,绵阳市,富乐山,细颗粒物(PM2.5),117,107,78,88,63,3,,32,10,52,32,6,6,1.2,0.7
2023-12-22T2300,1879A,104.7563,31.4535,绵阳市,市人大,细颗粒物(PM2.5),113,112,85,85,63,3,,20,9,54,38,4,4,1.2,0.8
2023-12-22T2300,1880A,104.6697,31.4668,绵阳市,高新区自来水公司,细颗粒物(PM2.5),124,149,120,94,75,3,,16,9,,39,8,9,1.1,0.9
2023-12-22T2300,1881A,104.7287,31.5075,绵阳市,三水厂,细颗粒物(PM2.5),128,124,105,97,74,5,,20,9,50,43,6,6,1.1,0.9
2023-12-22T2300,3491A,104.69,31.5322,绵阳市,西科大附属小学,细颗粒物(PM2.5),103,111,115,77,75,4,,19,9,49,41,4,5,0.8,1
2023-12-22T2300,3492A,104.5648,31.5343,绵阳市,安州区旅游局,细颗粒物(PM2.5),115,117,107,87,79,3,,10,5,53,45,12,11,1.5,1.3
2023-12-22T2300,1784A,129.61,44.561,牡丹江市,环保大楼,,46,43,47,32,31,32,,52,34,38,27,13,13,0.5,0.5
2023-12-22T2300,1785A,129.6115,44.5782,牡丹江市,文化广场,细颗粒物(PM2.5),63,55,53,45,46,30,,45,30,37,28,12,14,0.8,0.7
2023-12-22T2300,1786A,129.5904,44.5963,牡丹江市,第一医院,细颗粒物(PM2.5),68,54,59,49,49,8,,42,18,52,34,10,12,1.0,0.9
2023-12-22T2300,1787A,129.6364,44.6075,牡丹江市,机车工厂,细颗粒物(PM2.5),77,81,52,56,39,8,,46,23,53,31,11,12,1.0,0.7
2023-12-22T2300,1788A,129.6386,44.5462,牡丹江市,第一中学,,40,35,40,28,32,50,,53,41,18,20,11,10,0.4,0.4
2023-12-22T2300,2531A,105.0703,29.61,内江市,市监测站,细颗粒物(PM2.5),138,,86,105,90,19,,38,29,36,29,7,7,0.7,0.7
2023-12-22T2300,2532A,105.0717,29.5947,内江市,东兴区政府,细颗粒物(PM2.5),120,101,93,91,78,20,,42,32,45,33,7,7,0.7,0.7
2023-12-22T2300,2533A,105.0653,29.5817,内江市,内江二中,细颗粒物(PM2.5),128,117,93,97,88,15,,43,31,52,36,6,6,1.0,0.8
2023-12-22T2300,2534A,105.0406,29.5822,内江市,内江日报社,细颗粒物(PM2.5),118,108,102,89,82,16,,42,32,49,40,5,5,0.6,0.7
2023-12-22T2300,1290A,115.8931,28.6843,南昌市,省外办,颗粒物(PM10),51,52,63,31,36,37,,62,49,38,27,7,8,0.4,0.4
2023-12-22T2300,1291A,115.8886,28.7003,南昌市,省林业公司,颗粒物(PM10),51,51,53,34,35,35,,66,47,38,26,8,11,0.6,0.6
2023-12-22T2300,1292A,115.8126,28.7442,南昌市,林科所,,29,29,48,19,31,56,,67,54,23,22,10,9,0.5,0.8
2023-12-22T2300,1294A,115.8518,28.687,南昌市,建工学校,颗粒物(PM10),55,59,62,37,33,48,,67,51,25,22,6,4,0.4,0.4
2023-12-22T2300,1295A,115.8921,28.6424,南昌市,象湖,,50,50,44,33,36,40,,66,52,36,26,10,9,0.6,0.6
2023-12-22T2300,1296A,115.7423,28.7996,南昌市,武术学校,,47,47,39,10,23,36,,64,46,16,15,6,7,0.3,0.3
2023-12-22T2300,1298A,115.9314,28.6842,南昌市,省站,颗粒物(PM10),60,69,59,26,34,34,,67,48,34,20,9,9,0.4,0.4
2023-12-22T2300,3046A,115.9084,28.6062,南昌市,机电学校,颗粒物(PM10),57,64,58,27,35,42,,73,55,34,23,8,7,0.4,0.4
2023-12-22T2300,3690A,115.9721,28.7031,南昌市,外国语学校,细颗粒物(PM2.5),59,59,57,42,35,45,,74,52,31,21,10,10,0.4,0.4
2023-12-22T2300,1905A,106.056,30.8064,南充市,西山风景区,细颗粒物(PM2.5),94,,72,70,65,44,,46,44,17,30,4,4,0.5,0.7
2023-12-22T2300,1906A,106.0789,30.8023,南充市,南充市委,细颗粒物(PM2.5),92,85,84,68,55,16,,40,27,35,31,4,5,0.3,0.5
2023-12-22T2300,1907A,106.1031,30.8217,南充市,南充炼油厂,细颗粒物(PM2.5),104,104,99,78,73,9,,41,26,45,30,6,5,0.5,0.5
2023-12-22T2300,1908A,106.1064,30.7856,南充市,高坪区监测站,细颗粒物(PM2.5),92,108,104,68,71,21,,38,28,32,31,5,6,0.5,0.6
2023-12-22T2300,1909A,106.0642,30.7636,南充市,嘉陵区环保局,细颗粒物(PM2.5),89,92,91,66,61,15,,44,23,39,36,4,5,0.6,0.6
2023-12-22T2300,1910A,106.1087,30.8388,南充市,市环境监测站,细颗粒物(PM2.5),92,103,99,68,68,18,,40,25,37,31,9,6,0.5,0.6
2023-12-22T2300,1151A,118.8086,32.1065,南京市,迈皋桥,,49,49,50,29,28,3,,64,25,67,30,4,9,0.4,0.7
2023-12-22T2300,1152A,118.7538,32.0551,南京市,草场门,,44,44,44,22,23,11,,68,47,75,37,3,7,0.5,0.3
2023-12-22T2300,1153A,118.7794,32.0745,南京市,山西路,,,,48,,25,,,46,,,21,,8,,0.3
2023-12-22T2300,1154A,118.7752,32.0023,南京市,中华门,颗粒物(PM10),52,53,41,31,25,12,,79,45,65,29,9,10,0.9,0.7
2023-12-22T2300,1155A,118.8109,32.0309,南京市,瑞金路,颗粒物(PM10),51,51,48,22,27,12,,80,44,68,25,4,4,0.5,0.7
2023-12-22T2300,1156A,118.7997,32.0754,南京市,玄武湖,,39,39,42,23,23,10,,70,36,58,29,7,11,0.5,0.6
2023-12-22T2300,1157A,118.6414,32.0931,南京市,浦口,,42,34,38,29,24,44,,67,58,28,21,5,6,0.6,0.5
2023-12-22T2300,1158A,118.7356,31.9996,南京市,奥体中心,颗粒物(PM10),60,70,48,36,26,16,,73,48,69,35,10,9,1.0,0.7
2023-12-22T2300,1159A,118.9125,32.1028,南京市,仙林大学城,,29,29,34,17,16,22,,65,35,48,31,2,4,0.7,0.7
2023-12-22T2300,3422A,118.8436,31.9198,南京市,江宁彩虹桥,颗粒物(PM10),56,62,47,29,25,7,,88,42,78,33,7,9,0.6,0.6
2023-12-22T2300,3423A,119.0138,31.6494,南京市,溧水永阳,细颗粒物(PM2.5),52,41,38,36,29,14,,69,40,47,29,4,4,0.6,0.5
2023-12-22T2300,3424A,118.879,31.3302,南京市,高淳老职中,,40,35,38,28,27,40,,64,44,35,26,5,6,0.4,0.4
2023-12-22T2300,3427A,118.8554,32.3578,南京市,六合雄州,,32,32,39,12,13,6,,68,42,47,16,14,13,0.4,0.4
2023-12-22T2300,1401A,108.3103,22.7881,南宁市,二十一中,细颗粒物(PM2.5),68,56,57,49,39,86,,102,100,23,14,14,10,0.9,0.7
2023-12-22T2300,1402A,108.3141,22.8528,南宁市,北湖,颗粒物(PM10),62,74,59,43,36,75,,100,88,22,14,21,10,0.7,0.7
2023-12-22T2300,1403A,108.3206,22.8225,南宁市,市监测站,细颗粒物(PM2.5),67,52,58,48,40,75,,96,86,39,22,17,10,0.9,0.7
2023-12-22T2300,1404A,108.3829,22.8037,南宁市,大自然花园,细颗粒物(PM2.5),68,69,56,49,40,80,,92,89,23,16,12,9,0.7,0.5
2023-12-22T2300,1405A,108.4394,22.7904,南宁市,仙葫,细颗粒物(PM2.5),64,76,64,46,39,87,,90,88,16,15,12,8,0.8,0.7
2023-12-22T2300,1406A,108.2397,22.8467,南宁市,区农职院,细颗粒物(PM2.5),67,72,61,48,37,38,,97,74,47,21,17,12,1.0,0.9
2023-12-22T2300,1407A,108.3275,22.735,南宁市,英华嘉园,细颗粒物(PM2.5),59,60,58,42,33,76,,89,84,24,16,10,8,0.7,0.7
2023-12-22T2300,1408A,108.2257,22.7757,南宁市,沙井镇街道办,"颗粒物(PM10),细颗粒物(PM2.5)",63,76,65,45,38,71,,90,75,32,22,13,11,0.8,0.7
2023-12-22T2300,3401A,108.4834,22.7618,南宁市,红星社区,细颗粒物(PM2.5),78,70,63,57,44,67,,83,78,25,16,9,8,0.7,0.6
2023-12-22T2300,2331A,118.0966,26.6761,南平市,茫荡山,,,,,,,,,,,,,,,,
2023-12-22T2300,2332A,118.1681,26.6369,南平市,南平市监测站,,38,34,44,26,27,11,,78,47,43,18,4,6,0.8,0.7
2023-12-22T2300,2333A,118.1825,26.6489,南平市,南平铝业有限公司,,39,,41,27,32,19,,72,44,33,18,6,7,0.5,0.5
2023-12-22T2300,2334A,118.1756,26.6272,南平市,南平七中,,28,,38,19,24,32,,78,57,24,16,5,8,0.9,0.9
2023-12-22T2300,1168A,120.9098,31.9663,南通市,狼山街道,,46,43,36,32,26,47,,66,55,26,18,8,9,0.4,0.4
2023-12-22T2300,1169A,120.86,32.0005,南通市,虹桥,,48,42,39,33,28,42,,63,50,31,25,3,4,0.7,0.6
2023-12-22T2300,1170A,120.87,32.02,南通市,城中,,42,35,38,29,25,42,,58,47,23,20,7,7,0.5,0.7
2023-12-22T2300,1171A,120.94,31.93,南通市,星湖花园,,39,33,36,27,22,37,,61,47,32,25,6,6,0.3,0.2
2023-12-22T2300,1172A,120.81,32.0417,南通市,紫琅学院,,42,42,38,25,24,33,,60,42,35,24,6,7,0.4,0.3
2023-12-22T2300,3291A,121.067,32.062,南通市,通州监测站,颗粒物(PM10),52,53,45,34,29,30,,68,54,40,21,6,7,0.4,0.3
2023-12-22T2300,3432A,120.9348,31.9883,南通市,环境教育馆,,42,39,33,29,23,47,,69,54,22,16,8,8,0.6,0.5
2023-12-22T2300,2404A,112.5224,33.0122,南阳市,瓦房庄,细颗粒物(PM2.5),95,79,56,71,39,45,,54,47,30,34,4,5,0.7,0.6
2023-12-22T2300,2405A,112.5003,32.9735,南阳市,汉画馆,细颗粒物(PM2.5),113,119,69,85,39,28,,62,42,42,40,6,7,0.7,0.5
2023-12-22T2300,2406A,112.5573,33.027,南阳市,气象站,细颗粒物(PM2.5),83,83,59,61,40,46,,58,48,24,27,5,5,0.6,0.5
2023-12-22T2300,2407A,112.5481,32.9689,南阳市,理工学院,细颗粒物(PM2.5),87,90,65,64,39,38,,62,40,31,38,4,5,0.8,0.8
2023-12-22T2300,4008A,112.5234,32.9922,南阳市,卧龙区政府,细颗粒物(PM2.5),95,90,61,71,38,40,,59,48,34,38,5,6,0.7,0.6
2023-12-22T2300,1234A,121.8358,29.911,宁波市,区环保大楼,颗粒物(PM10),53,56,51,30,27,4,,54,23,69,35,6,8,0.2,0.6
2023-12-22T2300,1235A,121.56,29.82,宁波市,万里学院,,50,50,48,29,26,11,,58,38,62,25,5,5,0.7,0.7
2023-12-22T2300,1236A,121.713,29.9572,宁波市,龙赛医院,颗粒物(PM10),52,53,48,18,17,8,,53,24,68,43,6,8,0.8,0.8
2023-12-22T2300,1239A,121.633,29.7733,宁波市,钱湖水厂,颗粒物(PM10),54,57,46,35,26,26,,57,37,36,25,8,8,0.5,0.5
2023-12-22T2300,1240A,121.5856,29.8635,宁波市,太古小学,,41,41,42,28,27,20,,58,42,49,23,6,7,0.7,0.7
2023-12-22T2300,1241A,121.524,29.8674,宁波市,市环境监测中心,颗粒物(PM10),52,54,49,31,25,3,,57,31,67,28,10,10,0.8,0.7
2023-12-22T2300,2871A,121.6147,29.9017,宁波市,万里国际学校,,45,45,42,16,23,8,,54,28,63,31,7,8,0.8,0.7
2023-12-22T2300,3710A,121.5594,29.8975,宁波市,白沙活动中心,,42,42,40,29,24,16,,59,38,57,29,6,7,0.8,0.8
2023-12-22T2300,2339A,119.5001,26.6946,宁德市,金涵水库,,,,,,,,,,,,,,,,
2023-12-22T2300,2341A,119.5388,26.6612,宁德市,宁德市监测站,,45,38,36,31,30,39,,77,62,37,18,31,8,1.0,0.7
2023-12-22T2300,3209A,119.5231,26.6562,宁德市,宁德一中,,44,44,43,24,27,42,,76,65,30,17,22,4,0.7,0.6
2023-12-22T2300,2618A,98.8601,25.8567,怒江州,州监测站,,45,41,30,31,19,26,,56,41,24,16,8,8,0.4,0.3
2023-12-22T2300,2619A,98.8546,25.8417,怒江州,泸水一中,,48,42,33,33,22,10,,44,22,29,23,8,7,0.5,0.5
2023-12-22T2300,1888A,101.6891,26.571,攀枝花市,弄弄坪,,22,18,77,15,49,38,,73,61,9,35,8,40,0.8,1.7
2023-12-22T2300,1889A,101.5769,26.5928,攀枝花市,河门口,,31,31,68,19,46,34,,78,66,18,30,11,21,1.2,1.3
2023-12-22T2300,1890A,101.7169,26.585,攀枝花市,炳草岗,,34,34,63,17,37,27,,73,57,24,34,6,27,0.5,0.8
2023-12-22T2300,1891A,101.7369,26.5008,攀枝花市,仁和,,20,17,46,14,31,37,,70,59,12,22,5,15,0.7,1
2023-12-22T2300,2835A,101.7227,26.567,攀枝花市,四十中小,,29,26,80,20,43,40,,80,66,13,30,8,78,0.7,1.1
2023-12-22T2300,1604A,122.0303,41.1489,盘锦市,开发区,细颗粒物(PM2.5),59,46,47,42,25,13,,58,24,80,65,14,17,1.3,1.1
2023-12-22T2300,1605A,122.0485,41.0883,盘锦市,兴隆台,,46,41,42,32,27,8,,61,25,74,52,17,12,1.3,1.1
2023-12-22T2300,1606A,121.8297,41.1028,盘锦市,新生街道,,36,36,36,25,17,8,,60,26,68,39,9,20,0.8,0.7
2023-12-22T2300,1832A,113.3257,33.742,平顶山市,新华旅馆,颗粒物(PM10),75,99,64,54,34,44,,63,50,26,21,6,8,0.6,0.6
2023-12-22T2300,1833A,113.2919,33.737,平顶山市,规划设计院,细颗粒物(PM2.5),67,75,48,48,31,41,,69,49,30,26,8,9,0.6,0.6
2023-12-22T2300,1834A,113.182,33.774,平顶山市,平顶山工学院,"颗粒物(PM10),细颗粒物(PM2.5)",58,66,47,41,25,54,,75,60,21,21,5,6,0.5,0.4
2023-12-22T2300,3204A,113.3025,33.73,平顶山市,规划局,细颗粒物(PM2.5),80,88,57,59,31,40,,62,47,26,22,7,8,0.1,0.2
2023-12-22T2300,3594A,112.8867,33.9116,平顶山市,石龙区,细颗粒物(PM2.5),80,78,61,59,32,42,,77,57,33,27,6,5,0.6,0.4
2023-12-22T2300,2656A,106.6692,35.5461,平凉市,聚贤嘉苑,细颗粒物(PM2.5),63,74,87,45,48,18,,54,40,56,48,12,13,0.8,0.8
2023-12-22T2300,2657A,106.7021,35.5307,平凉市,博物馆,细颗粒物(PM2.5),94,129,108,70,60,18,,52,38,73,60,20,10,1.8,1
2023-12-22T2300,2347A,114.0997,27.5002,萍乡市,武功山,细颗粒物(PM2.5),54,41,58,38,46,41,,75,59,12,12,3,2,0.3,0.3
2023-12-22T2300,2348A,113.8385,27.6434,萍乡市,中医院,颗粒物(PM10),65,79,79,46,52,43,,64,54,25,21,38,25,0.5,0.5
2023-12-22T2300,2349A,113.8493,27.6253,萍乡市,市政府车库,细颗粒物(PM2.5),78,67,73,57,53,38,,64,49,30,23,26,20,0.4,0.7
2023-12-22T2300,2350A,113.8676,27.6435,萍乡市,市环保局,细颗粒物(PM2.5),73,70,76,53,53,48,,69,56,26,23,25,20,0.6,0.6
2023-12-22T2300,2351A,113.866,27.6198,萍乡市,安源区政府,细颗粒物(PM2.5),100,96,83,75,70,20,,67,41,41,25,17,20,1.3,1.1
2023-12-22T2300,2319A,119.0141,25.4325,莆田市,荔城区仓后路,,22,21,37,12,21,69,,77,75,12,12,7,7,0.5,0.5
2023-12-22T2300,2320A,119.0015,25.4553,莆田市,莆田市监测站,,25,14,35,12,20,79,,85,84,10,11,7,7,0.5,0.5
2023-12-22T2300,2321A,119.1119,25.4561,莆田市,涵江区六中,,26,20,37,7,17,81,,88,87,10,12,7,8,0.6,0.7
2023-12-22T2300,2322A,119.1013,25.3215,莆田市,秀屿区政府,,24,23,42,6,21,76,,82,80,13,15,8,8,0.4,0.4
2023-12-22T2300,2323A,118.981,25.4792,莆田市,东圳水库,,,,,,,,,,,,,,,,
2023-12-22T2300,2392A,115.0312,35.7636,濮阳市,环保局,颗粒物(PM10),54,57,70,36,47,36,,52,41,34,36,5,6,0.5,0.7
2023-12-22T2300,2394A,115.0574,35.7609,濮阳市,油田运输公司,颗粒物(PM10),58,66,87,38,49,28,,54,40,41,40,7,6,0.7,0.8
2023-12-22T2300,2395A,115.0866,35.7754,濮阳市,油田物探公司,细颗粒物(PM2.5),62,68,90,44,46,25,,51,32,39,40,5,5,0.7,0.8
2023-12-22T2300,3021A,115,35.7668,濮阳市,濮水河管理处,颗粒物(PM10),56,62,74,38,53,36,,55,44,39,38,6,5,0.4,0.6
2023-12-22T2300,2601A,100.98,22.7633,普洱市,市环保局,,46,,18,32,15,42,,43,39,5,6,3,4,0.4,0.4
2023-12-22T2300,2602A,100.9817,22.8322,普洱市,普洱第二中学,,28,26,17,19,11,36,,46,36,8,7,5,5,0.5,0.5
2023-12-22T2300,2262A,131.0518,45.8751,七台河市,新一中,,34,34,41,23,35,66,,71,68,15,16,10,11,0.7,0.7
2023-12-22T2300,3345A,131.0577,45.7879,七台河市,中波台,细颗粒物(PM2.5),52,43,72,36,56,49,,57,52,27,29,11,15,0.6,0.8
2023-12-22T2300,3637A,131.0176,45.7761,七台河市,人民广场,细颗粒物(PM2.5),84,69,72,62,59,43,,55,49,37,34,5,8,0.7,0.7
2023-12-22T2300,3684A,130.8781,45.8222,七台河市,新建矿广场,,50,,46,35,44,54,,61,59,22,26,11,14,0.6,0.6
2023-12-22T2300,1779A,123.9305,47.3636,齐齐哈尔市,安居小区,颗粒物(PM10),56,61,43,39,26,18,,58,24,53,30,15,10,0.9,0.9
2023-12-22T2300,1780A,123.9488,47.3386,齐齐哈尔市,中心广场,,42,42,38,22,24,19,,55,24,52,32,5,5,1.2,1
2023-12-22T2300,1781A,123.9483,47.3227,齐齐哈尔市,农牧车辆厂,细颗粒物(PM2.5),58,,50,41,28,13,,57,18,58,36,11,13,1.0,0.9
2023-12-22T2300,1783A,123.945,47.2988,齐齐哈尔市,市环境监测站,,49,,56,34,37,42,,54,28,28,30,11,8,0.4,0.6
2023-12-22T2300,3662A,123.6333,47.2075,齐齐哈尔市,富区青少年活动中心,细颗粒物(PM2.5),112,110,54,84,30,26,,53,32,46,31,49,23,1.2,0.9
2023-12-22T2300,2591A,107.9783,26.5747,黔东南苗族侗族自治州,市环境监测站,细颗粒物(PM2.5),64,65,67,46,46,88,,86,85,16,17,7,7,0.4,0.4
2023-12-22T2300,2881A,107.8908,26.5311,黔东南苗族侗族自治州,凯里学院,颗粒物(PM10),57,64,66,39,41,96,,101,96,18,17,6,6,0.7,0.7
2023-12-22T2300,2593A,107.5228,26.2403,黔南布依族苗族自治州,小围寨,细颗粒物(PM2.5),55,53,53,39,35,75,,87,83,11,8,10,5,0.8,0.8
2023-12-22T2300,3538A,107.5175,26.2978,黔南布依族苗族自治州,沙坝,颗粒物(PM10),57,63,62,36,40,84,,99,92,11,10,8,6,0.4,0.7
2023-12-22T2300,2589A,104.9022,25.0925,黔西南布依族苗族自治州,场坝街,细颗粒物(PM2.5),83,61,60,61,51,50,,64,62,18,12,6,4,0.5,0.4
2023-12-22T2300,2590A,104.8811,25.0992,黔西南布依族苗族自治州,坪东大道,细颗粒物(PM2.5),84,,59,62,53,58,,75,74,17,13,13,6,0.5,0.5
2023-12-22T2300,2502A,108.6236,21.9667,钦州市,市环保站,颗粒物(PM10),75,100,80,53,38,77,,99,93,31,18,16,8,2.5,0.9
2023-12-22T2300,2503A,108.6549,21.9481,钦州市,沙埠小学,细颗粒物(PM2.5),73,75,67,53,37,76,,100,92,23,15,8,8,0.9,0.8
2023-12-22T2300,2504A,108.5989,21.7431,钦州市,港区一小,颗粒物(PM10),68,85,92,48,41,71,,89,83,38,29,11,10,0.8,0.8
2023-12-22T2300,3404A,108.5959,21.9633,钦州市,北职校,细颗粒物(PM2.5),68,76,61,49,42,82,,102,95,24,15,8,8,1.0,0.9
2023-12-22T2300,1042A,119.5134,39.8207,秦皇岛市,北戴河环保局,颗粒物(PM10),53,56,25,19,12,23,,62,41,55,27,21,11,1.9,0.8
2023-12-22T2300,1043A,119.7493,40.0116,秦皇岛市,第一关,颗粒物(PM10),59,68,47,39,33,6,,43,12,73,55,12,10,0.8,0.6
2023-12-22T2300,1044A,119.5897,39.9499,秦皇岛市,监测站,,48,48,50,32,23,8,,52,25,66,52,12,10,1.1,0.8
2023-12-22T2300,1046A,119.5251,39.9041,秦皇岛市,建设大厦,颗粒物(PM10),57,63,44,34,32,16,,60,38,62,43,12,7,1.3,0.7
2023-12-22T2300,3132A,119.610547,39.943889,秦皇岛市,文明里,颗粒物(PM10),63,75,47,32,21,15,,52,29,64,55,10,7,1.1,0.7
2023-12-22T2300,1307A,120.6659,36.2403,青岛市,仰口,,25,22,28,17,22,61,,74,68,13,14,8,12,0.3,0.2
2023-12-22T2300,1310A,120.4134,36.0658,青岛市,市南区东部子站,,34,34,38,19,21,44,,60,50,38,29,10,11,0.6,0.7
2023-12-22T2300,1311A,120.3664,36.1032,青岛市,四方区子站,,39,36,36,27,24,36,,61,51,49,30,9,11,0.7,0.6
2023-12-22T2300,1312A,120.2994,36.054,青岛市,市南区西部子站,,44,44,35,17,18,35,,62,56,43,23,12,10,0.5,0.6
2023-12-22T2300,1313A,120.4581,36.0858,青岛市,崂山区子站,,39,39,36,24,20,34,,62,51,48,30,10,13,0.6,0.5
2023-12-22T2300,1314A,120.1983,35.9608,青岛市,黄岛区子站,颗粒物(PM10),58,66,37,37,24,5,,60,32,83,34,16,11,0.8,0.7
2023-12-22T2300,1315A,120.3999,36.3083,青岛市,城阳区子站,颗粒物(PM10),51,51,47,29,29,24,,65,43,57,32,15,15,0.9,0.7
2023-12-22T2300,1966A,120.0405,35.8735,青岛市,黄岛区4号,细颗粒物(PM2.5),52,51,41,36,18,40,,65,40,39,30,14,11,0.8,0.7
2023-12-22T2300,3362A,120.5014,36.4034,青岛市,即墨2号,细颗粒物(PM2.5),85,91,57,63,36,54,,58,38,68,42,25,22,1.1,0.6
2023-12-22T2300,3642A,120.3503,36.0736,青岛市,市北区南部,,36,36,44,22,20,33,,51,40,47,35,6,7,0.3,0.4
2023-12-22T2300,3643A,120.3948,36.1805,青岛市,李沧区北部,,42,34,46,29,29,50,,64,43,37,37,13,16,0.9,0.9
2023-12-22T2300,1702A,113.0426,23.691,清远市,环保大楼,,46,38,53,32,36,75,,90,86,14,11,8,5,0.6,0.7
2023-12-22T2300,1703A,113.0208,23.7106,清远市,凤城街办,,49,49,62,29,35,79,,92,88,23,22,8,8,0.4,0.5
2023-12-22T2300,3025A,113.0477,23.6344,清远市,技师学院,颗粒物(PM10),52,54,66,27,35,79,,91,87,14,12,10,8,0.4,0.5
2023-12-22T2300,3318A,112.9903,23.7403,清远市,清新太和,,48,48,56,30,33,81,,97,93,14,12,3,4,0.6,0.6
2023-12-22T2300,3455A,113.076,23.7198,清远市,清城东城,颗粒物(PM10),57,63,66,35,37,75,,95,92,17,15,14,11,0.6,0.8
2023-12-22T2300,2661A,107.6325,35.7357,庆阳市,庆阳五中,细颗粒物(PM2.5),82,101,90,60,50,48,,65,52,21,23,7,9,0.7,0.7
2023-12-22T2300,2662A,107.6364,35.7067,庆阳市,市环保局,细颗粒物(PM2.5),83,83,77,61,49,44,,61,45,25,27,10,13,0.7,0.6
2023-12-22T2300,1916A,103.7897,25.5035,曲靖市,环境监测站,细颗粒物(PM2.5),74,77,59,54,40,35,,43,41,28,21,3,4,0.3,0.3
2023-12-22T2300,1917A,103.8,25.5364,曲靖市,烟厂办公区,细颗粒物(PM2.5),68,81,62,49,40,40,,46,45,20,16,3,6,1.0,1
2023-12-22T2300,3376A,103.7947,25.462,曲靖市,南苑二区,细颗粒物(PM2.5),84,77,64,62,47,45,,47,46,15,14,5,8,0.7,0.7
2023-12-22T2300,3377A,103.7444,25.5261,曲靖市,曲靖师范学院,细颗粒物(PM2.5),89,80,58,66,50,31,,46,43,32,21,4,6,0.8,0.7
2023-12-22T2300,1264A,118.8692,28.9398,衢州市,环保大楼,颗粒物(PM10),52,53,49,34,28,25,,67,42,40,24,6,6,0.6,0.5
2023-12-22T2300,1265A,118.8709,28.9666,衢州市,实验学校,颗粒物(PM10),51,51,47,32,31,24,,63,41,43,28,7,7,0.8,0.7
2023-12-22T2300,1266A,118.8621,28.9808,衢州市,衢州学院,,47,47,48,31,31,21,,52,38,46,36,6,6,0.5,0.6
2023-12-22T2300,1611A,118.5819,24.9117,泉州市,涂山街,,27,27,49,11,24,81,,83,81,10,16,4,5,0.4,0.5
2023-12-22T2300,1612A,118.5972,24.8978,泉州市,津头埔,,24,23,44,11,24,76,,79,76,13,18,3,4,0.4,0.6
2023-12-22T2300,1613A,118.6663,24.9424,泉州市,万安,,28,28,46,10,22,82,,90,86,11,14,2,3,0.5,0.6
2023-12-22T2300,1614A,118.6117,24.9604,泉州市,清源山,,,,,,,,,,,,,,,,
2023-12-22T2300,3529A,118.6333,24.9264,泉州市,城华南路,,31,31,49,14,26,78,,79,76,9,16,6,7,0.5,0.5
2023-12-22T2300,2626A,88.8876,29.2718,日喀则市,日喀则监测站,细颗粒物(PM2.5),74,73,48,54,33,39,,74,62,26,23,4,4,0.9,0.8
2023-12-22T2300,3726A,88.8781,29.2426,日喀则市,林业技术推广中心,,38,30,33,26,21,31,,72,60,33,26,10,9,0.7,0.7
2023-12-22T2300,1659A,119.471,35.4209,日照市,监测站,细颗粒物(PM2.5),113,114,45,85,26,13,,71,32,77,46,40,15,1.9,0.8
2023-12-22T2300,1660A,119.523,35.4216,日照市,市政府广场,颗粒物(PM10),53,56,28,32,14,18,,71,49,58,27,7,7,1.0,0.7
2023-12-22T2300,1661A,119.5587,35.4044,日照市,港务局,,41,41,30,24,15,45,,76,62,32,28,10,10,0.8,0.7
2023-12-22T2300,3507A,119.5328,35.4625,日照市,职业技术学院,,42,41,31,29,15,51,,75,56,18,22,14,10,0.6,0.5
2023-12-22T2300,3604A,119.3266,35.1044,日照市,岚山环保分局,细颗粒物(PM2.5),74,73,60,54,38,20,,60,39,60,48,17,22,0.9,1.1
2023-12-22T2300,1835A,111.1922,34.7752,三门峡市,市政府,颗粒物(PM10),53,56,43,34,23,2,,40,32,57,38,11,14,1.0,0.8
2023-12-22T2300,1836A,111.1587,34.7942,三门峡市,开发区,细颗粒物(PM2.5),69,70,48,50,25,39,,53,44,21,27,4,5,0.8,0.7
2023-12-22T2300,1838A,111.143,34.7955,三门峡市,风景区,,,,,,,,,,,,,,,,
2023-12-22T2300,3039A,111.1911,34.7829,三门峡市,三门峡市第一小学,细颗粒物(PM2.5),58,59,47,41,23,16,,42,36,48,39,12,11,0.9,0.7
2023-12-22T2300,3598A,111.1,34.7167,三门峡市,富达温泉假日酒店,细颗粒物(PM2.5),69,70,55,50,33,7,,45,28,71,46,10,10,1.3,1.1
2023-12-22T2300,2324A,117.6211,26.2625,三明市,三钢,,30,30,43,19,35,19,,74,50,38,16,4,5,0.4,0.4
2023-12-22T2300,2325A,117.635,26.2714,三明市,三明二中,,27,27,39,18,27,20,,77,48,40,21,6,8,0.3,0.3
2023-12-22T2300,2326A,117.6028,26.2378,三明市,三元区政府,,36,36,45,19,26,14,,80,49,45,20,5,7,0.4,0.4
2023-12-22T2300,2327A,117.7275,26.3108,三明市,洋溪,,,,,,,,,,,,,,,,
2023-12-22T2300,1876A,109.5078,18.2489,三亚市,河东子站,,21,16,14,11,9,66,,72,69,7,6,3,3,0.5,0.5
2023-12-22T2300,1877A,109.4964,18.2681,三亚市,河西子站,,20,19,14,13,9,62,,70,67,8,6,2,2,0.5,0.5
2023-12-22T2300,3540A,109.7348,18.3443,三亚市,君悦子站,,21,16,22,10,11,67,,71,65,13,10,2,2,0.4,0.4
2023-12-22T2300,2624A,91.7608,29.2313,山南市,山南监测站,,24,10,32,2,17,74,,75,75,12,16,10,9,0.3,0.4
2023-12-22T2300,2625A,91.7706,29.2436,山南市,山南人民医院,,24,15,31,6,15,76,,73,73,11,22,9,8,0.3,0.5
2023-12-22T2300,1674A,116.6794,23.3667,汕头市,金平子站,,42,42,50,18,30,70,,89,84,13,12,8,10,0.5,0.9
2023-12-22T2300,1675A,116.7244,23.3633,汕头市,龙湖子站,颗粒物(PM10),51,51,49,18,32,70,,88,84,19,18,9,9,0.2,0.4
2023-12-22T2300,1676A,116.7258,23.2775,汕头市,濠江子站,,30,30,44,17,26,80,,99,94,11,13,10,10,0.5,0.7
2023-12-22T2300,1677A,116.7519,23.4714,汕头市,澄海子站,,44,44,46,23,26,64,,79,76,17,14,6,6,0.3,0.4
2023-12-22T2300,1678A,116.6092,23.2539,汕头市,潮阳子站,颗粒物(PM10),53,55,49,12,18,77,,95,92,10,12,10,11,0.7,0.8
2023-12-22T2300,3444A,116.454,23.2684,汕头市,潮南峡山,,46,46,57,16,28,80,,104,96,14,14,11,11,0.5,0.5
2023-12-22T2300,3624A,116.4069,23.2533,汕头市,潮南子站,颗粒物(PM10),52,53,58,19,34,69,,91,84,11,12,9,9,0.6,0.7
2023-12-22T2300,1693A,115.3653,22.775,汕尾市,市环保局,,41,41,42,27,25,71,,82,80,16,9,13,12,0.4,0.4
2023-12-22T2300,1694A,115.3706,22.7898,汕尾市,市政府,颗粒物(PM10),54,57,40,30,28,71,,84,80,11,7,6,6,0.4,0.4
2023-12-22T2300,1695A,115.3622,22.7925,汕尾市,新城中学,颗粒物(PM10),51,51,48,29,24,77,,84,82,13,9,12,11,0.4,0.4
2023-12-22T2300,2645A,109.9154,33.8715,商洛市,监测站,细颗粒物(PM2.5),97,118,68,72,33,12,,58,24,55,35,10,8,1.4,0.7
2023-12-22T2300,3045A,109.9643,33.8471,商洛市,商州区中学,细颗粒物(PM2.5),88,120,75,65,36,14,,55,28,58,40,16,12,0.8,0.4
2023-12-22T2300,2408A,115.6702,34.4285,商丘市,环境监测站,细颗粒物(PM2.5),69,64,56,50,44,38,,55,46,28,26,7,7,0.5,0.6
2023-12-22T2300,2409A,115.6458,34.4045,商丘市,粮食局,细颗粒物(PM2.5),57,59,67,40,47,46,,52,49,20,22,6,8,0.5,0.5
2023-12-22T2300,2410A,115.6293,34.3948,商丘市,睢阳区环保局,细颗粒物(PM2.5),65,67,78,47,52,40,,52,40,23,31,6,7,0.6,0.6
2023-12-22T2300,3171A,115.6071,34.4465,商丘市,梁园区档案局,细颗粒物(PM2.5),64,64,67,46,46,40,,55,41,25,34,8,9,0.6,0.7
2023-12-22T2300,1141A,121.4,31.238,上海市,普陀,颗粒物(PM10),53,56,47,28,26,2,,52,19,74,40,10,9,1.0,0.9
2023-12-22T2300,1142A,121.478,31.2036,上海市,十五厂,颗粒物(PM10),52,53,44,35,31,8,,52,33,74,34,10,12,0.9,0.9
2023-12-22T2300,1143A,121.467,31.3008,上海市,虹口,颗粒物(PM10),54,57,46,32,27,3,,51,22,69,36,11,11,1.1,0.9
2023-12-22T2300,1144A,121.412,31.1654,上海市,徐汇上师大,颗粒物(PM10),54,57,49,34,28,7,,54,31,80,37,8,8,1.3,1.1
2023-12-22T2300,1145A,121.536,31.2659,上海市,杨浦四漂,颗粒物(PM10),54,58,47,27,21,22,,57,30,56,35,6,8,0.7,1
2023-12-22T2300,1147A,121.425,31.2261,上海市,静安监测站,,48,48,42,27,27,5,,56,31,67,34,9,9,1.1,1
2023-12-22T2300,1148A,121.703,31.1907,上海市,浦东川沙,,47,47,45,31,27,32,,58,39,49,38,6,8,0.7,0.7
2023-12-22T2300,1149A,121.533,31.2284,上海市,浦东新区监测站,,48,48,45,26,23,21,,46,25,53,40,8,9,0.7,0.8
2023-12-22T2300,1150A,121.577,31.2071,上海市,浦东张江,,,48,42,28,20,,,50,27,64,42,6,8,0.6,0.6
2023-12-22T2300,3265A,121.4316,31.3322,上海市,宝山庙行,颗粒物(PM10),54,57,46,35,26,4,,54,23,80,42,11,10,1.1,0.9
2023-12-22T2300,3266A,121.8791,31.4662,上海市,崇明上实东滩,,32,32,35,21,23,63,,71,65,13,15,5,6,0.6,0.5
2023-12-22T2300,3268A,121.3162,31.2838,上海市,嘉定南翔,颗粒物(PM10),53,55,46,32,26,2,,54,23,71,36,10,11,1.5,1.2
2023-12-22T2300,3269A,121.3359,30.7456,上海市,金山新城,细颗粒物(PM2.5),55,54,43,39,28,20,,56,30,58,38,10,9,0.6,0.5
2023-12-22T2300,3270A,121.4996,31.0739,上海市,闵行浦江,细颗粒物(PM2.5),63,70,45,45,26,6,,55,30,68,31,11,11,1.0,0.8
2023-12-22T2300,3271A,121.2886,31.1663,上海市,青浦徐泾,细颗粒物(PM2.5),90,,46,67,28,2,,52,24,78,42,9,8,1.3,1
2023-12-22T2300,3272A,121.2186,31.0378,上海市,松江图书馆,颗粒物(PM10),58,65,48,33,25,3,,57,32,77,34,7,7,1.0,0.9
2023-12-22T2300,3273A,121.3902,31.2059,上海市,长宁仙霞,颗粒物(PM10),53,56,48,27,25,5,,53,26,86,45,9,9,0.8,0.7
2023-12-22T2300,3274A,121.7965,31.0507,上海市,浦东惠南,,45,45,44,30,24,34,,51,25,40,39,10,12,0.7,0.8
2023-12-22T2300,3544A,121.4891,30.925,上海市,奉贤南桥新城,颗粒物(PM10),56,61,47,30,23,3,,53,24,65,33,12,13,0.9,0.9
2023-12-22T2300,2381A,118.005,28.4572,上饶市,百草园,,,,,,,,,,,,,,,,
2023-12-22T2300,2382A,117.9756,28.4436,上饶市,市监测站,颗粒物(PM10),51,51,40,27,22,0,,66,30,42,13,43,11,0.7,0.6
2023-12-22T2300,2383A,117.9519,28.4628,上饶市,凤凰光学,,49,49,44,34,24,28,,69,52,47,15,24,15,0.7,0.7
2023-12-22T2300,3413A,118.1953,28.4401,上饶市,广丰区教体局,颗粒物(PM10),55,60,40,38,24,43,,79,66,31,16,19,7,0.6,0.5
2023-12-22T2300,3685A,117.897,28.4315,上饶市,双创科技城,颗粒物(PM10),51,52,45,32,24,30,,68,55,33,14,27,11,0.5,0.5
2023-12-22T2300,1669A,113.5824,24.7733,韶关市,市八中,,36,34,64,25,60,75,,88,81,7,9,9,9,0.4,0.5
2023-12-22T2300,1671A,113.5917,24.7972,韶关市,园林处,,32,30,53,22,40,73,,89,83,9,9,9,9,0.4,0.5
2023-12-22T2300,1672A,113.6735,24.7791,韶关市,韶关学院,,33,33,60,22,41,64,,87,63,14,17,9,10,0.4,0.5
2023-12-22T2300,1673A,113.5971,24.6863,韶关市,曲江监测站,颗粒物(PM10),53,55,78,26,43,74,,88,76,11,14,9,9,0.3,0.5
2023-12-22T2300,3622A,113.5556,24.8082,韶关市,碧湖山庄,,38,38,64,26,42,72,,90,82,11,11,8,9,0.4,0.5
2023-12-22T2300,2462A,111.5239,27.3033,邵阳市,市水土所,细颗粒物(PM2.5),55,40,55,39,42,48,,82,64,13,11,6,8,0.6,0.5
2023-12-22T2300,2463A,111.4733,27.2317,邵阳市,市一中,细颗粒物(PM2.5),52,46,60,36,40,76,,93,85,17,16,8,11,0.6,0.3
2023-12-22T2300,2464A,111.5283,27.2442,邵阳市,市化工厂,细颗粒物(PM2.5),58,60,67,41,40,73,,86,77,18,18,8,11,0.5,0.6
2023-12-22T2300,2465A,111.4503,27.2537,邵阳市,市罐头厂,细颗粒物(PM2.5),70,,62,51,53,71,,92,80,16,16,8,9,0.6,0.7
2023-12-22T2300,2466A,111.4328,27.2272,邵阳市,市环保局,细颗粒物(PM2.5),54,41,57,38,39,73,,87,79,16,16,8,8,0.7,0.6
2023-12-22T2300,1247A,120.6053,29.9928,绍兴市,城东开发委,,43,43,46,27,27,9,,54,37,51,28,8,11,0.7,0.7
2023-12-22T2300,2921A,120.5483,30.0003,绍兴市,树下王站,颗粒物(PM10),53,55,44,34,27,8,,47,41,52,21,6,10,0.5,0.5
2023-12-22T2300,3408A,120.5683,29.9361,绍兴市,绍兴中专,,36,36,42,22,23,13,,62,34,45,26,8,11,0.5,0.6
2023-12-22T2300,3409A,120.4906,30.0861,绍兴市,柯桥区政府,细颗粒物(PM2.5),63,69,51,45,26,23,,58,44,53,28,12,10,0.3,0.6
2023-12-22T2300,3410A,120.8752,30.0249,绍兴市,重华小学,,35,34,39,24,28,13,,55,33,46,30,8,10,0.3,0.2
2023-12-22T2300,3411A,120.8369,30.0137,绍兴市,上虞中学,,38,38,38,24,26,1,,56,34,53,28,6,8,0.5,0.5
2023-12-22T2300,3560A,120.4722,30.0415,绍兴市,柯桥妇保,,39,39,42,26,28,22,,52,36,35,27,6,9,0.3,0.3
2023-12-22T2300,3658A,120.6153,30.0764,绍兴市,袍江中学,颗粒物(PM10),52,53,49,26,23,8,,57,36,69,29,8,9,0.6,0.6
2023-12-22T2300,1356A,114.1063,22.5545,深圳市,通心岭子站,颗粒物(PM10),53,56,56,29,28,57,,70,52,24,19,5,5,0.5,0.5
2023-12-22T2300,1357A,114.117,22.5625,深圳市,洪湖,颗粒物(PM10),54,57,57,32,30,58,,71,49,31,26,7,7,0.5,0.5
2023-12-22T2300,1358A,113.987,22.5417,深圳市,华侨城,颗粒物(PM10),52,54,58,28,30,55,,64,52,28,25,5,4,0.6,0.6
2023-12-22T2300,1359A,113.9181,22.5171,深圳市,南海子站,颗粒物(PM10),69,88,77,43,32,30,,64,41,61,34,5,5,0.8,0.8
2023-12-22T2300,1360A,114.2458,22.5689,深圳市,盐田,颗粒物(PM10),53,55,57,26,26,75,,76,65,17,22,4,4,0.5,0.5
2023-12-22T2300,1361A,114.2283,22.7244,深圳市,龙岗,颗粒物(PM10),52,54,55,28,28,66,,76,71,25,19,4,4,0.4,0.4
2023-12-22T2300,1363A,114.494,22.5422,深圳市,南澳,,42,42,45,26,28,53,,74,62,11,10,6,6,0.5,0.5
2023-12-22T2300,1364A,114.41,22.6342,深圳市,葵涌,颗粒物(PM10),51,51,57,26,25,73,,79,76,13,10,4,4,0.8,0.8
2023-12-22T2300,1365A,114.297,22.5978,深圳市,梅沙,颗粒物(PM10),51,52,55,25,26,76,,77,77,16,14,4,4,0.5,0.5
2023-12-22T2300,1366A,114.0678,22.738,深圳市,观澜,,,73,68,40,44,,,74,,21,19,3,3,0.5,0.8
2023-12-22T2300,3305A,114.0731,22.559,深圳市,莲花,颗粒物(PM10),51,51,58,30,32,62,,72,47,16,18,8,8,0.6,0.6
2023-12-22T2300,3306A,114.0261,22.6198,深圳市,民治,颗粒物(PM10),56,62,64,34,32,59,,65,54,23,23,6,6,0.5,0.5
2023-12-22T2300,3307A,114.1871,22.6451,深圳市,横岗,颗粒物(PM10),53,55,59,30,31,65,,73,55,23,23,5,6,0.4,0.3
2023-12-22T2300,3447A,114.3551,22.7151,深圳市,坪山,颗粒物(PM10),53,56,59,32,30,63,,75,65,26,20,5,4,0.4,0.4
2023-12-22T2300,3623A,113.8953,22.5861,深圳市,西乡,颗粒物(PM10),56,61,61,29,27,52,,74,55,36,25,8,8,0.5,0.5
2023-12-22T2300,1098A,123.6836,41.9339,沈阳市,森林路,,,,,,,,,,,,,,,,
2023-12-22T2300,1099A,123.505,41.7406,沈阳市,浑南东路,细颗粒物(PM2.5),70,72,89,51,65,4,,39,13,77,62,20,14,1.4,1.3
2023-12-22T2300,1100A,123.4231,41.6989,沈阳市,新秀街,,39,39,82,27,56,9,,40,17,71,57,19,17,0.9,1.2
2023-12-22T2300,1102A,123.5903,41.8411,沈阳市,东陵路,细颗粒物(PM2.5),113,104,99,85,75,10,,38,20,64,50,19,12,2.1,1.5
2023-12-22T2300,1103A,123.4264,41.8467,沈阳市,陵东街,细颗粒物(PM2.5),112,111,88,84,69,6,,31,14,79,59,18,21,2.1,1.6
2023-12-22T2300,1104A,123.4114,41.7653,沈阳市,文化路,,48,48,94,31,65,19,,44,24,57,55,23,17,0.9,1.2
2023-12-22T2300,1105A,123.4678,41.7867,沈阳市,小河沿,细颗粒物(PM2.5),102,98,95,76,70,7,,39,15,78,62,14,14,1.6,1.6
2023-12-22T2300,1106A,123.4017,41.7972,沈阳市,太原街,颗粒物(PM10),53,56,77,33,68,7,,29,12,67,59,47,30,1.1,1.4
2023-12-22T2300,1108A,123.3783,41.9228,沈阳市,京沈街,细颗粒物(PM2.5),103,98,94,77,72,6,,36,14,80,63,53,29,1.6,1.3
2023-12-22T2300,2897A,123.2444,41.7347,沈阳市,沈辽西路,细颗粒物(PM2.5),83,97,134,61,95,4,,37,13,80,66,24,16,1.5,1.8
2023-12-22T2300,2900A,123.5953,41.9086,沈阳市,裕农路,细颗粒物(PM2.5),69,67,74,50,57,10,,36,25,62,48,17,14,1.6,1.3
2023-12-22T2300,2428A,111.0419,32.395,十堰市,武当山,,34,34,40,22,20,55,,64,60,13,13,10,11,0.6,0.6
2023-12-22T2300,2429A,110.78,32.6494,十堰市,滨河新村,颗粒物(PM10),62,73,64,35,31,9,,47,40,66,35,7,7,1.0,0.8
2023-12-22T2300,2430A,110.7258,32.6389,十堰市,刘家沟,颗粒物(PM10),58,66,78,36,35,34,,57,48,29,26,8,9,0.8,0.8
2023-12-22T2300,2431A,110.8839,32.5714,十堰市,铁二处,细颗粒物(PM2.5),62,70,57,44,29,32,,62,53,27,27,6,7,0.8,0.7
2023-12-22T2300,3545A,110.8054,32.8401,十堰市,郧阳区金沙路,颗粒物(PM10),55,59,53,31,33,51,,63,54,20,25,29,7,0.9,0.9
2023-12-22T2300,2709A,86.0497,44.2967,石河子市,艾青诗歌馆,细颗粒物(PM2.5),144,145,155,110,116,30,,51,48,61,39,8,10,1.3,1.4
2023-12-22T2300,2710A,86.0697,44.3075,石河子市,阳光学校,细颗粒物(PM2.5),173,145,160,131,135,52,,48,45,48,49,9,11,1.3,1.4
2023-12-22T2300,3442A,86.047,44.2331,石河子市,南区管委会,细颗粒物(PM2.5),172,173,164,130,123,30,,48,44,50,45,4,6,1.5,1.4
2023-12-22T2300,1029A,114.4422,38.0444,石家庄市,职工医院,细颗粒物(PM2.5),107,114,47,80,29,5,,51,21,100,45,11,15,2.0,1
2023-12-22T2300,1030A,114.6063,38.0266,石家庄市,高新区,细颗粒物(PM2.5),117,123,67,88,44,14,,51,32,72,57,3,7,1.3,1.2
2023-12-22T2300,1031A,114.4898,38.1328,石家庄市,西北水源,细颗粒物(PM2.5),93,111,60,69,30,6,,42,20,88,51,5,10,1.9,1
2023-12-22T2300,1032A,114.4586,38.0058,石家庄市,西南高教,细颗粒物(PM2.5),132,126,68,100,48,5,,45,15,57,51,6,11,1.7,1.2
2023-12-22T2300,1033A,114.5331,38.0178,石家庄市,世纪公园,细颗粒物(PM2.5),124,146,63,94,49,16,,48,31,69,54,7,11,1.4,1.2
2023-12-22T2300,1034A,114.509,38.0457,石家庄市,人民会堂,细颗粒物(PM2.5),99,98,50,74,36,8,,50,30,77,42,6,12,1.6,1
2023-12-22T2300,1035A,114.3524,37.8911,石家庄市,封龙山,颗粒物(PM10),62,74,39,27,23,36,,63,52,42,20,35,14,1.2,1
2023-12-22T2300,2862A,114.5481,38.0378,石家庄市,22中南校区,细颗粒物(PM2.5),117,114,56,88,41,11,,48,30,72,48,8,13,1.5,1.1
2023-12-22T2300,3456A,114.289,38.0906,石家庄市,鹿泉一中,细颗粒物(PM2.5),84,86,63,62,35,6,,49,14,70,44,3,17,1.7,1.1
2023-12-22T2300,3573A,114.8506765,38.0322033,石家庄市,藁城区实验学校,,,,91,,68,6,,52,30,90,62,8,11,1.5,1.3
2023-12-22T2300,3574A,114.0504658,38.0591645,石家庄市,井陉矿区区委大楼,颗粒物(PM10),70,89,59,37,23,5,,43,22,64,47,27,18,1.2,0.7
2023-12-22T2300,4024A,114.6549,37.9020,石家庄市,栾城区星河路,细颗粒物(PM2.5),156,132,96,119,80,8,,45,35,90,57,5,10,1.5,1.3
2023-12-22T2300,1947A,106.3394,38.817,石嘴山市,沙湖旅游区,细颗粒物(PM2.5),170,181,178,129,122,10,,51,30,60,42,66,28,2.5,1.8
2023-12-22T2300,1948A,106.3668,39.0145,石嘴山市,大武口朝阳西街,细颗粒物(PM2.5),113,134,138,85,98,14,,38,18,67,53,60,70,1.6,1.6
2023-12-22T2300,1949A,106.7704,39.2282,石嘴山市,惠农南大街,颗粒物(PM10),63,76,65,22,24,41,,38,38,32,38,14,16,0.4,0.4
2023-12-22T2300,1950A,106.7099,39.1325,石嘴山市,红果子镇惠新街,颗粒物(PM10),72,94,57,27,31,36,,45,32,38,34,34,26,0.7,0.7
2023-12-22T2300,3520A,106.3495,38.9836,石嘴山市,妇女儿童医院,细颗粒物(PM2.5),124,136,124,94,89,12,,38,24,62,49,56,51,1.4,1.3
2023-12-22T2300,3521A,106.7492,39.2069,石嘴山市,石大公路,颗粒物(PM10),87,124,71,40,41,44,,45,37,38,38,9,20,0.6,0.6
2023-12-22T2300,2248A,131.1511,46.6937,双鸭山市,双合村,,42,32,57,29,32,64,,64,50,8,19,8,11,0.4,0.7
2023-12-22T2300,2249A,131.1652,46.6191,双鸭山市,南小市,细颗粒物(PM2.5),52,46,58,36,48,44,,52,45,23,23,11,11,0.7,0.7
2023-12-22T2300,2250A,131.1524,46.6554,双鸭山市,环保局,细颗粒物(PM2.5),65,59,63,47,48,42,,55,43,21,22,6,9,0.5,0.6
2023-12-22T2300,2251A,131.12,46.5656,双鸭山市,苗圃,,,,,,,,,,,,,,,,
2023-12-22T2300,2166A,112.4397,39.3522,朔州市,平朔,细颗粒物(PM2.5),149,194,115,114,69,9,,32,12,59,45,52,28,1.3,0.8
2023-12-22T2300,2167A,112.4575,39.3617,朔州市,朔唯,颗粒物(PM10),133,215,140,100,66,6,,21,10,59,53,56,38,1.4,1
2023-12-22T2300,2168A,112.4258,39.3197,朔州市,区政府,细颗粒物(PM2.5),182,200,103,137,66,4,,34,9,58,44,48,35,1.6,1.1
2023-12-22T2300,2169A,112.4072,39.3278,朔州市,市环保局,细颗粒物(PM2.5),159,200,101,121,57,12,,40,15,62,44,58,33,1.6,1.2
2023-12-22T2300,2170A,112.4272,39.3681,朔州市,市二中,颗粒物(PM10),134,217,130,98,68,9,,32,13,62,45,53,29,1.4,1
2023-12-22T2300,3571A,112.2931,39.53,朔州市,一水厂,,50,50,69,26,34,43,,56,52,29,33,14,17,0.6,0.6
2023-12-22T2300,2225A,124.4002,43.1713,四平市,一商场,细颗粒物(PM2.5),67,70,66,48,43,17,,48,25,72,48,19,14,1.0,0.7
2023-12-22T2300,2226A,124.388,43.193,四平市,境园,细颗粒物(PM2.5),87,74,67,64,58,18,,50,24,58,44,27,21,1.1,0.8
2023-12-22T2300,3486A,124.4036,43.1411,四平市,植物园,细颗粒物(PM2.5),84,100,80,62,51,8,,41,19,69,51,18,11,0.8,0.7
2023-12-22T2300,3713A,124.3419,43.1666,四平市,世纪城,细颗粒物(PM2.5),65,63,57,47,50,14,,44,19,59,42,20,11,0.8,0.7
2023-12-22T2300,2233A,124.8006,45.1214,松原市,江南,,38,,43,26,28,41,,48,44,25,21,4,5,0.4,0.4
2023-12-22T2300,2234A,124.7965,45.1722,松原市,江北,,36,33,31,25,26,37,,53,47,25,18,5,5,0.5,0.4
2023-12-22T2300,1160A,120.561,31.2472,苏州市,上方山,,42,40,43,29,26,23,,51,39,34,24,6,7,0.7,0.7
2023-12-22T2300,1162A,120.591,31.3019,苏州市,彩香,颗粒物(PM10),56,62,50,34,28,1,,47,25,71,33,8,8,0.9,0.7
2023-12-22T2300,1163A,120.596,31.3264,苏州市,轧钢厂,颗粒物(PM10),55,60,52,35,29,7,,50,23,61,29,10,11,1.1,1
2023-12-22T2300,1164A,120.613,31.2703,苏州市,吴中区,颗粒物(PM10),54,58,51,32,27,4,,53,30,77,36,8,8,1.0,0.9
2023-12-22T2300,1165A,120.543,31.2994,苏州市,苏州新区,颗粒物(PM10),52,54,50,35,30,16,,54,36,62,36,9,10,0.8,0.8
2023-12-22T2300,1166A,120.669,31.3097,苏州市,苏州工业园区,颗粒物(PM10),54,57,51,35,31,1,,50,21,75,40,8,8,0.7,0.6
2023-12-22T2300,1167A,120.641,31.3708,苏州市,相城区,颗粒物(PM10),51,51,49,28,27,13,,54,26,54,30,5,6,0.5,0.5
2023-12-22T2300,3289A,120.743,31.3188,苏州市,方洲路,,41,41,42,24,24,19,,56,28,50,31,6,7,0.6,0.6
2023-12-22T2300,3290A,120.5031,31.2774,苏州市,木渎中学,,38,37,37,26,27,36,,60,51,34,27,8,9,0.6,0.6
2023-12-22T2300,3425A,120.624,31.1733,苏州市,越秀幼儿园,颗粒物(PM10),51,51,46,31,28,20,,54,37,51,29,6,6,0.6,0.6
2023-12-22T2300,3431A,120.6505,31.416,苏州市,高铁新城,,50,50,50,31,29,19,,55,26,47,34,7,7,0.6,0.6
2023-12-22T2300,1220A,118.293,33.9528,宿迁市,宿迁学院,细颗粒物(PM2.5),73,81,52,53,29,14,,70,37,56,33,2,4,0.5,0.4
2023-12-22T2300,1221A,118.2442,33.9592,宿迁市,宿迁中学,细颗粒物(PM2.5),59,60,50,42,32,43,,63,48,32,33,2,4,0.6,0.6
2023-12-22T2300,2996A,118.283,33.965,宿迁市,市供电局,细颗粒物(PM2.5),63,68,46,45,31,24,,65,41,55,31,2,3,0.7,0.7
2023-12-22T2300,3191A,118.3225,33.9447,宿迁市,宿豫区政府,细颗粒物(PM2.5),67,56,42,48,30,35,,74,48,41,29,8,9,0.7,0.7
2023-12-22T2300,3187A,116.9509,33.666,宿州市,远航博物馆,细颗粒物(PM2.5),53,49,64,37,45,53,,70,61,22,29,7,8,0.3,0.4
2023-12-22T2300,3463A,116.9708,33.591,宿州市,社会福利中心,细颗粒物(PM2.5),58,52,53,41,39,37,,72,47,29,34,5,6,0.4,0.5
2023-12-22T2300,3634A,116.9884,33.6305,宿州市,宿州学院,颗粒物(PM10),59,68,66,41,37,48,,73,59,29,28,5,5,0.5,0.6
2023-12-22T2300,3701A,116.9648,33.6252,宿州市,皖北煤电集团,细颗粒物(PM2.5),57,59,64,40,44,49,,70,56,18,26,6,6,0.3,0.4
2023-12-22T2300,2266A,126.9785,46.6365,绥化市,人和东街,细颗粒物(PM2.5),112,106,76,84,64,35,,48,40,36,31,4,5,1.0,0.8
2023-12-22T2300,2267A,126.964,46.6528,绥化市,党政办公中心,细颗粒物(PM2.5),115,104,76,87,64,39,,50,43,32,27,3,5,0.6,0.5
2023-12-22T2300,2451A,113.3583,31.7275,随州市,市委党校,细颗粒物(PM2.5),55,56,64,39,42,43,,62,38,27,30,8,7,0.4,0.7
2023-12-22T2300,2452A,113.3833,31.6908,随州市,市林业局,颗粒物(PM10),53,55,49,36,34,48,,62,52,10,10,7,7,0.5,0.4
2023-12-22T2300,2453A,113.3983,31.7308,随州市,市立交桥水厂,细颗粒物(PM2.5),60,62,59,43,39,14,,53,31,59,44,9,9,0.5,0.4
2023-12-22T2300,2527A,105.5453,30.5678,遂宁市,石溪浩,细颗粒物(PM2.5),92,97,81,68,54,8,,29,17,48,30,5,5,0.6,0.6
2023-12-22T2300,2528A,105.5582,30.5232,遂宁市,市监测站,细颗粒物(PM2.5),90,92,83,67,62,7,,30,17,49,38,10,11,0.5,0.7
2023-12-22T2300,2529A,105.5861,30.5366,遂宁市,行政中心,细颗粒物(PM2.5),92,96,81,68,58,11,,30,20,40,31,8,9,0.7,0.7
2023-12-22T2300,2530A,105.5918,30.4728,遂宁市,美宁食品公司,细颗粒物(PM2.5),89,93,98,66,65,6,,39,17,50,35,7,8,0.6,0.6
2023-12-22T2300,2706A,82.9994,46.7432,塔城地区,东门外小游园,,30,22,23,21,11,33,,52,45,14,7,3,3,1.2,0.4
2023-12-22T2300,1255A,121.273,28.6459,台州市,黄岩环保大楼,,46,46,42,28,27,36,,62,47,32,25,7,8,0.3,0.3
2023-12-22T2300,1256A,121.419,28.6542,台州市,台州环保大楼,,41,41,45,25,29,46,,58,52,22,21,7,8,0.3,0.3
2023-12-22T2300,1257A,121.377,28.5773,台州市,路桥田洋王,,35,32,39,24,29,47,,63,52,24,22,6,7,0.3,0.3
2023-12-22T2300,3564A,121.2568,28.6681,台州市,台州科技职业学院,,40,40,41,22,24,32,,62,47,35,22,7,8,0.3,0.3
2023-12-22T2300,1081A,112.522,37.8873,太原市,尖草坪,细颗粒物(PM2.5),128,147,91,97,57,3,,25,8,81,62,19,18,1.6,1
2023-12-22T2300,1083A,112.434,38.0108,太原市,上兰,,,,,,,,,,,,,,,,
2023-12-22T2300,1084A,112.469,37.7124,太原市,晋源,细颗粒物(PM2.5),159,188,118,121,94,3,,28,8,82,71,13,19,1.6,1.6
2023-12-22T2300,1085A,112.5583,37.7394,太原市,小店,细颗粒物(PM2.5),125,151,131,95,81,4,,31,14,86,68,19,25,2.0,1.5
2023-12-22T2300,1086A,112.5369,37.8692,太原市,桃园,细颗粒物(PM2.5),128,157,96,97,59,,,29,,82,64,16,17,1.6,1
2023-12-22T2300,1087A,112.57,37.8195,太原市,坞城,细颗粒物(PM2.5),150,180,112,115,66,7,,29,14,87,69,15,22,1.5,1.3
2023-12-22T2300,1088A,112.549,37.9854,太原市,南寨,细颗粒物(PM2.5),118,130,77,89,48,6,,27,10,84,65,12,15,1.7,1
2023-12-22T2300,3618A,112.4719,37.7831,太原市,金胜,细颗粒物(PM2.5),160,155,97,122,67,3,,26,8,78,58,10,16,1.6,1.1
2023-12-22T2300,4010A,112.5608,37.8807,太原市,育英中学,细颗粒物(PM2.5),138,163,93,105,54,5,,28,11,85,63,19,17,1.7,1.1
2023-12-22T2300,1656A,117.1437,36.1937,泰安市,监测站,细颗粒物(PM2.5),79,85,67,58,43,27,,55,41,54,50,16,15,1.2,1.2
2023-12-22T2300,1657A,117.0885,36.2017,泰安市,人口学校,细颗粒物(PM2.5),58,63,50,41,32,36,,50,43,36,38,11,12,0.9,1
2023-12-22T2300,1658A,117.1089,36.1758,泰安市,电力学校,细颗粒物(PM2.5),83,90,66,61,37,13,,59,38,68,45,20,16,1.2,1.1
2023-12-22T2300,3502A,117.1812,36.2275,泰安市,国网新校,细颗粒物(PM2.5),79,73,58,58,37,25,,66,49,54,36,20,15,1.2,1
2023-12-22T2300,3503A,117.0313,36.2018,泰安市,交通技校,细颗粒物(PM2.5),62,68,51,44,36,49,,58,51,28,37,10,10,0.8,0.9
2023-12-22T2300,3504A,117.0829,36.13,泰安市,山东第一医科大学,细颗粒物(PM2.5),67,78,62,48,37,22,,66,39,59,43,12,14,0.8,1
2023-12-22T2300,1206A,119.905,32.4878,泰州市,公园路,,32,24,34,22,21,43,,69,50,31,23,5,5,0.5,0.5
2023-12-22T2300,1207A,119.9189,32.4625,泰州市,莲花,,28,24,33,19,22,46,,69,53,28,23,6,6,0.4,0.3
2023-12-22T2300,1209A,119.888,32.4639,泰州市,留学生创业园,,35,35,41,19,23,23,,68,38,45,25,9,9,0.3,0.3
2023-12-22T2300,2997A,119.8767,32.3289,泰州市,王营,,33,33,34,14,20,14,,65,39,57,35,8,9,0.6,0.7
2023-12-22T2300,3295A,120.1259,32.5099,泰州市,姜堰区政府广场,,45,40,40,31,27,41,,70,55,29,18,14,8,0.5,0.4
2023-12-22T2300,3435A,119.9192,32.4322,泰州市,周山河街区,,28,28,37,17,25,48,,70,57,25,20,8,8,0.4,0.4
2023-12-22T2300,1037A,118.131,39.6363,唐山市,雷达站,颗粒物(PM10),61,72,34,43,20,2,,51,12,66,36,1,3,0.6,0.4
2023-12-22T2300,1038A,118.1725,39.6334,唐山市,物资局,,,71,27,45,13,12,,56,,80,40,,3,0.6,0.4
2023-12-22T2300,1040A,118.1705,39.6506,唐山市,十二中,细颗粒物(PM2.5),54,54,26,38,20,4,,56,19,76,36,2,2,0.6,0.4
2023-12-22T2300,1041A,118.1869,39.622,唐山市,小山,颗粒物(PM10),58,66,25,39,13,3,,55,19,69,33,3,3,0.6,0.5
2023-12-22T2300,3457A,118.4359,39.2762,唐山市,冀东油田职工医院,颗粒物(PM10),57,63,23,30,11,6,,63,28,68,23,14,5,0.6,0.3
2023-12-22T2300,3575A,118.09279,39.58089,唐山市,正泰大街热力站,细颗粒物(PM2.5),70,71,29,51,16,3,,49,17,68,31,3,3,0.5,0.4
2023-12-22T2300,3576A,118.1562,39.8322,唐山市,丰润区政府,颗粒物(PM10),51,51,42,31,25,2,,54,22,61,35,3,4,0.7,0.9
2023-12-22T2300,3577A,118.43673,39.73809,唐山市,金山小学,颗粒物(PM10),54,58,51,32,19,4,,46,20,59,41,2,4,0.6,0.6
2023-12-22T2300,3578A,118.24498,39.66941,唐山市,政府服务中心,,46,46,29,30,14,12,,56,26,53,28,2,3,0.5,0.5
2023-12-22T2300,3692A,118.2059,39.6585,唐山市,消防缸窑路中队,细颗粒物(PM2.5),58,60,30,41,14,10,,58,25,54,25,3,2,0.6,0.5
2023-12-22T2300,3693A,118.1436,39.6202,唐山市,路南电大,细颗粒物(PM2.5),64,69,30,46,18,0,,52,14,68,32,3,3,0.6,0.5
2023-12-22T2300,1015A,117.1444,39.1661,天津市,勤俭道,细颗粒物(PM2.5),112,121,73,84,48,4,,45,21,82,61,7,7,1.1,0.9
2023-12-22T2300,1017A,117.237,39.1082,天津市,大直沽八号路,细颗粒物(PM2.5),113,126,61,85,33,9,,46,25,78,49,6,3,0.9,0.4
2023-12-22T2300,1018A,117.202,39.0927,天津市,前进道,细颗粒物(PM2.5),112,119,68,84,36,8,,47,26,86,56,5,3,1.1,0.6
2023-12-22T2300,1019A,117.1837,39.2133,天津市,淮河道,细颗粒物(PM2.5),112,120,64,84,40,5,,46,18,88,59,8,5,1.0,0.7
2023-12-22T2300,1021A,117.307,39.0877,天津市,跃进路,细颗粒物(PM2.5),120,162,59,91,34,3,,52,30,76,39,8,6,1.0,0.7
2023-12-22T2300,1023A,117.707,39.0343,天津市,第四大街,细颗粒物(PM2.5),110,127,49,83,26,2,,44,11,87,48,6,5,1.6,0.8
2023-12-22T2300,1024A,117.457,38.8394,天津市,永明路,细颗粒物(PM2.5),117,116,74,88,49,4,,36,17,82,60,10,7,0.9,0.8
2023-12-22T2300,1026A,117.764,39.1587,天津市,汉北路,颗粒物(PM10),76,101,42,55,21,2,,46,10,80,50,6,6,0.9,0.6
2023-12-22T2300,1027A,117.157,38.9194,天津市,团泊洼,细颗粒物(PM2.5),132,132,76,100,58,24,,45,29,72,52,7,6,1.4,1
2023-12-22T2300,2858A,117.7918,39.2474,天津市,河西一经路,细颗粒物(PM2.5),79,93,39,58,22,4,,54,13,76,49,7,5,0.8,0.6
2023-12-22T2300,2859A,117.3747,38.9846,天津市,津沽路,细颗粒物(PM2.5),123,142,59,93,33,3,,44,21,88,54,6,5,0.8,0.6
2023-12-22T2300,2860A,117.1589,39.0845,天津市,宾水西道,细颗粒物(PM2.5),117,126,71,88,42,4,,41,20,90,63,4,3,1.1,0.7
2023-12-22T2300,2922A,117.1941,39.1067,天津市,大理道,细颗粒物(PM2.5),110,122,65,83,36,8,,45,26,81,53,8,5,1.0,0.7
2023-12-22T2300,3020A,117.2101,39.1699,天津市,中山北路,细颗粒物(PM2.5),103,109,55,77,35,18,,52,33,76,54,5,4,0.9,0.6
2023-12-22T2300,3051A,117.3876,39.1488,天津市,西四道,细颗粒物(PM2.5),88,106,49,65,25,3,,47,12,83,52,6,4,1.0,0.6
2023-12-22T2300,3325A,117.0365,39.3828,天津市,雍阳西道,细颗粒物(PM2.5),112,121,55,84,31,3,,40,16,86,55,8,5,1.0,0.5
2023-12-22T2300,3326A,117.0296,39.0605,天津市,辛老路,细颗粒物(PM2.5),120,124,91,91,56,2,,45,20,92,66,5,4,1.2,0.9
2023-12-22T2300,3327A,116.9638,38.9375,天津市,地纬路,细颗粒物(PM2.5),127,124,95,96,66,4,,41,17,87,63,11,6,1.2,0.9
2023-12-22T2300,3460A,117.4067,40.0583,天津市,北环路,,38,38,15,23,10,32,,74,48,36,10,4,4,0.5,0.3
2023-12-22T2300,3461A,117.3045,39.7169,天津市,建设路,颗粒物(PM10),66,81,39,46,16,2,,68,20,84,33,9,8,0.7,0.4
2023-12-22T2300,3462A,117.8199,39.3521,天津市,滨水东路,颗粒物(PM10),61,72,32,42,19,5,,63,14,79,39,5,3,0.8,0.4
2023-12-22T2300,2649A,106.0055,34.343,天水市,麦积山,,,,,,,,,,,,,,,,
2023-12-22T2300,2650A,105.7205,34.5786,天水市,公园小学,颗粒物(PM10),94,138,104,68,56,0,,28,6,57,48,16,17,1.9,1
2023-12-22T2300,2651A,105.8945,34.5538,天水市,麦积国土局,细颗粒物(PM2.5),143,173,116,109,67,6,,40,19,57,42,17,10,1.6,0.9
2023-12-22T2300,2216A,123.8139,42.3022,铁岭市,汇工街西,细颗粒物(PM2.5),98,84,90,73,70,5,,36,12,68,54,15,21,1.8,1.3
2023-12-22T2300,2217A,123.8649,42.2923,铁岭市,水上乐园,细颗粒物(PM2.5),67,72,78,48,60,29,,39,24,47,41,12,9,1.5,1.2
2023-12-22T2300,2218A,123.8486,42.2867,铁岭市,银州路东段,细颗粒物(PM2.5),68,70,90,49,62,24,,48,23,56,45,15,12,1.3,1
2023-12-22T2300,2219A,123.7153,42.2217,铁岭市,金沙江路北,颗粒物(PM10),51,51,76,32,76,11,,34,15,66,55,22,12,1.3,1.1
2023-12-22T2300,2229A,125.9358,41.7173,通化市,光明,"颗粒物(PM10),细颗粒物(PM2.5)",53,55,51,37,37,20,,48,28,43,40,12,19,1.2,1.1
2023-12-22T2300,2230A,125.9446,41.7325,通化市,铁路,颗粒物(PM10),54,57,45,37,32,4,,52,38,63,37,13,20,1.1,0.9
2023-12-22T2300,2191A,122.2532,43.6801,通辽市,艺术职业学校,,49,49,31,26,28,67,,71,62,18,22,5,6,0.4,0.5
2023-12-22T2300,3706A,122.2584,43.6333,通辽市,老干部活动中心,颗粒物(PM10),51,52,46,28,27,49,,76,44,30,51,8,9,0.5,0.5
2023-12-22T2300,3708A,122.2922,43.6189,通辽市,东方明珠社区,颗粒物(PM10),52,53,49,35,28,57,,62,46,28,32,12,14,0.8,0.8
2023-12-22T2300,1922A,109.0656,35.0994,铜川市,党校,细颗粒物(PM2.5),107,136,89,80,46,4,,38,13,52,44,10,10,1.0,0.8
2023-12-22T2300,1923A,109.0697,35.0697,铜川市,王益区政府,细颗粒物(PM2.5),97,107,74,72,46,6,,42,19,52,42,9,8,1.0,0.9
2023-12-22T2300,1924A,108.9344,34.9058,铜川市,新区管委会,细颗粒物(PM2.5),72,84,71,52,42,13,,45,27,40,30,9,10,0.7,0.6
2023-12-22T2300,3651A,108.9543,34.8732,铜川市,旺旺集团,细颗粒物(PM2.5),98,113,81,73,46,9,,48,27,58,39,42,15,0.7,0.4
2023-12-22T2300,2285A,117.8177,30.9412,铜陵市,市第四中学,颗粒物(PM10),55,59,60,37,39,29,,63,44,48,32,5,7,0.8,0.8
2023-12-22T2300,2286A,117.8059,30.9273,铜陵市,市公路局,"颗粒物(PM10),细颗粒物(PM2.5)",54,57,55,38,38,28,,57,37,42,33,6,6,0.6,0.6
2023-12-22T2300,2287A,117.7807,30.9413,铜陵市,市新民污水厂,颗粒物(PM10),52,53,54,33,32,28,,60,46,48,41,10,11,0.5,0.5
2023-12-22T2300,2288A,117.7439,30.8792,铜陵市,市第九中学,,48,48,63,32,42,36,,54,35,30,32,5,7,0.4,0.6
2023-12-22T2300,2289A,117.846,30.9413,铜陵市,车站新区,细颗粒物(PM2.5),62,63,55,44,36,16,,60,39,63,41,8,9,0.6,0.6
2023-12-22T2300,2290A,117.8483,30.97,铜陵市,市职教基地,颗粒物(PM10),54,58,56,36,32,24,,55,44,43,30,6,7,0.7,0.8
2023-12-22T2300,2585A,109.1839,27.7344,铜仁地区,铜仁卫校,颗粒物(PM10),61,72,81,36,43,78,,92,78,15,17,2,1,0.3,0.4
2023-12-22T2300,2586A,109.1753,27.6944,铜仁地区,铜仁七中,细颗粒物(PM2.5),74,71,70,54,54,85,,95,84,12,14,4,5,0.3,0.3
2023-12-22T2300,2686A,89.1904,42.9418,吐鲁番地区,市环保局,颗粒物(PM10),142,234,174,99,63,20,,48,39,74,52,7,7,2.7,1.7
2023-12-22T2300,2687A,89.1673,42.9559,吐鲁番地区,地区环保局,颗粒物(PM10),127,203,191,74,80,6,,40,28,72,54,8,8,1.9,1.8
2023-12-22T2300,1662A,122.1214,37.4236,威海市,华夏技校,,30,24,15,21,10,56,,68,61,20,12,2,2,0.4,0.3
2023-12-22T2300,1663A,122.0508,37.5236,威海市,山大分校,,22,22,13,15,6,52,,75,64,20,7,4,5,0.6,0.5
2023-12-22T2300,1664A,122.1067,37.5072,威海市,市监测站,,32,32,16,22,7,50,,63,54,20,15,5,5,0.4,0.3
2023-12-22T2300,1982A,122.0693,37.2174,威海市,文登开发区,,45,36,28,31,20,44,,63,38,26,21,10,8,0.5,0.6
2023-12-22T2300,3505A,122.1379,37.3414,威海市,临港区管委会,,43,36,19,30,13,35,,64,46,35,18,4,4,0.5,0.3
2023-12-22T2300,1650A,119.1437,36.7023,潍坊市,环保局,细颗粒物(PM2.5),65,73,55,47,34,4,,57,26,74,44,12,13,0.8,0.7
2023-12-22T2300,2877A,119.1641,36.6523,潍坊市,坊子邮政,细颗粒物(PM2.5),69,53,48,50,37,22,,64,29,61,47,20,18,0.8,0.7
2023-12-22T2300,3178A,119.0587,36.721,潍坊市,潍坊七中,细颗粒物(PM2.5),87,92,60,64,37,6,,57,25,74,54,25,18,0.9,0.6
2023-12-22T2300,3368A,119.1977,36.6872,潍坊市,高新实验学校,细颗粒物(PM2.5),67,70,58,48,31,2,,60,24,71,39,13,14,0.9,0.7
2023-12-22T2300,3416A,119.1755,36.7149,潍坊市,潍坊学院,颗粒物(PM10),57,63,55,35,31,6,,62,31,74,43,13,17,0.8,0.6
2023-12-22T2300,3861A,119.2041,36.7699,潍坊市,寒亭区实验一小,细颗粒物(PM2.5),70,78,55,51,34,4,,59,27,77,49,20,17,1.0,0.7
2023-12-22T2300,1938A,109.5293,34.5101,渭南市,农科所,,,,,,,,,,,,,,,,
2023-12-22T2300,1939A,109.4974,34.4877,渭南市,日报社,细颗粒物(PM2.5),89,114,72,66,39,4,,29,7,70,48,10,10,1.1,0.9
2023-12-22T2300,1940A,109.4636,34.493,渭南市,体育馆,颗粒物(PM10),86,122,76,61,33,3,,38,6,70,45,9,8,0.9,0.7
2023-12-22T2300,1941A,109.4259,34.5023,渭南市,高新一小,颗粒物(PM10),84,118,82,61,35,3,,40,9,69,38,8,7,0.9,0.8
2023-12-22T2300,1242A,120.634,28.0089,温州市,瓯海,,39,37,43,27,31,38,,66,44,31,22,9,9,0.4,0.5
2023-12-22T2300,1243A,120.6748,27.9939,温州市,南浦,,42,40,42,29,30,40,,69,49,28,21,8,9,0.3,0.4
2023-12-22T2300,1244A,120.76,27.9747,温州市,龙湾,,44,44,38,27,24,40,,66,52,30,21,6,8,0.6,0.5
2023-12-22T2300,1245A,120.6709,28.0167,温州市,市站,,35,34,43,24,26,40,,67,47,27,19,8,9,0.3,0.3
2023-12-22T2300,3561A,120.6985,27.9251,温州市,茶山,,41,41,43,22,25,42,,68,52,24,21,6,6,0.3,0.4
2023-12-22T2300,2610A,104.2533,23.3594,文山州,州水务局,细颗粒物(PM2.5),62,52,53,44,41,70,,94,87,15,10,4,8,0.4,0.6
2023-12-22T2300,2611A,104.2319,23.3892,文山州,市便民服务中心,细颗粒物(PM2.5),52,50,53,36,44,72,,88,84,13,12,6,11,0.2,0.2
2023-12-22T2300,2187A,106.8174,39.6973,乌海市,市林业局,颗粒物(PM10),56,62,87,28,29,56,,72,64,20,26,15,16,0.6,0.7
2023-12-22T2300,2188A,106.7907,39.6667,乌海市,中海勃湾学校,颗粒物(PM10),52,54,71,29,22,60,,74,68,21,21,11,11,0.5,0.7
2023-12-22T2300,3284A,106.813,39.7274,乌海市,海北新区,,40,40,93,13,25,53,,74,60,23,32,15,16,0.4,0.7
2023-12-22T2300,3621A,106.8288,39.6778,乌海市,聚英学校,,50,50,94,24,30,60,,72,67,22,29,16,18,0.6,0.8
2023-12-22T2300,2197A,113.1306,40.9923,乌兰察布市,集宁新区,,46,42,46,32,36,43,,51,50,31,39,11,13,0.6,0.8
2023-12-22T2300,3034A,113.1076,41.0385,乌兰察布市,光明街小学,,50,49,57,35,44,40,,47,45,35,42,16,16,0.7,1
2023-12-22T2300,3285A,113.1376,40.9509,乌兰察布市,北京八中,,35,31,44,24,32,33,,49,47,39,38,23,16,0.5,1
2023-12-22T2300,3421A,113.1775,40.9779,乌兰察布市,市委党校,细颗粒物(PM2.5),58,49,46,41,28,24,,47,42,47,41,15,16,1.0,1
2023-12-22T2300,1490A,87.5801,43.8303,乌鲁木齐市,监测站,细颗粒物(PM2.5),170,211,233,129,149,0,,12,6,88,79,4,4,1.4,1.5
2023-12-22T2300,1491A,87.6046,43.768,乌鲁木齐市,收费所,细颗粒物(PM2.5),254,248,174,204,129,4,,19,9,88,71,7,6,2.0,1.5
2023-12-22T2300,1492A,87.4754,43.9469,乌鲁木齐市,新疆农科院农场,细颗粒物(PM2.5),125,,128,95,136,64,,70,70,16,25,5,6,0.8,1
2023-12-22T2300,1493A,87.5525,43.8711,乌鲁木齐市,铁路局,细颗粒物(PM2.5),252,246,235,202,172,13,,26,23,73,68,2,3,1.2,1.4
2023-12-22T2300,1494A,87.6432,43.831,乌鲁木齐市,三十一中学,细颗粒物(PM2.5),217,238,206,167,148,3,,24,14,81,66,4,4,1.5,1.4
2023-12-22T2300,1496A,87.7216,44.1747,乌鲁木齐市,米东区环保局,细颗粒物(PM2.5),143,133,134,109,111,64,,56,56,35,27,8,9,0.5,0.6
2023-12-22T2300,3033A,87.4651,43.4569,乌鲁木齐市,培训基地,,26,,1,4,3,82,,87,81,8,7,4,4,0.8,0.8
2023-12-22T2300,3437A,88.3118,43.3658,乌鲁木齐市,达坂城区环保局,颗粒物(PM10),86,121,79,34,23,86,,79,77,10,13,1,2,0.4,0.4
2023-12-22T2300,3438A,87.6162,43.8801,乌鲁木齐市,红光山片区,细颗粒物(PM2.5),189,185,206,142,158,14,,34,28,85,69,4,4,1.3,1.4
2023-12-22T2300,3439A,87.7024,43.8004,乌鲁木齐市,新师大温泉校区,细颗粒物(PM2.5),223,252,185,173,129,3,,34,22,79,55,4,4,1.6,1.3
2023-12-22T2300,3440A,87.4921,43.8411,乌鲁木齐市,大绿谷,细颗粒物(PM2.5),209,229,234,159,165,2,,24,17,93,71,2,3,1.5,1.6
2023-12-22T2300,1188A,120.269,31.4867,无锡市,雪浪,,46,46,44,29,21,18,,58,43,54,28,6,7,0.6,0.4
2023-12-22T2300,1189A,120.275,31.6219,无锡市,黄巷,,49,49,47,29,25,8,,52,24,66,40,9,9,0.8,0.7
2023-12-22T2300,1190A,120.294,31.56,无锡市,曹张,颗粒物(PM10),53,55,47,19,24,4,,51,26,77,42,14,14,0.5,0.5
2023-12-22T2300,1191A,120.242,31.5031,无锡市,漆塘,,39,36,40,27,24,18,,51,39,48,21,10,11,0.7,0.7
2023-12-22T2300,1192A,120.3489,31.5863,无锡市,东亭,,39,39,49,17,25,12,,49,26,58,33,8,9,0.8,0.9
2023-12-22T2300,1193A,120.354,31.5475,无锡市,旺庄,,,44,42,22,24,,,48,,67,38,3,4,0.7,1
2023-12-22T2300,1194A,120.245,31.5631,无锡市,荣巷,细颗粒物(PM2.5),52,44,39,36,28,4,,53,30,68,36,7,8,0.7,0.7
2023-12-22T2300,1195A,120.299,31.6817,无锡市,堰桥,,39,39,43,24,25,22,,55,36,48,31,8,9,0.7,0.7
2023-12-22T2300,3428A,120.3142,31.4753,无锡市,华庄,,48,48,42,33,27,15,,55,38,65,35,8,8,0.7,0.6
2023-12-22T2300,2677A,106.1532,37.9648,吴忠市,教育园区,颗粒物(PM10),81,112,94,20,43,71,,75,74,11,28,8,14,0.4,0.7
2023-12-22T2300,2679A,106.1856,37.9956,吴忠市,新区二泵站,颗粒物(PM10),78,105,86,23,42,68,,68,68,17,36,5,12,0.4,0.7
2023-12-22T2300,3648A,106.2112,37.9768,吴忠市,文卫南街,颗粒物(PM10),84,117,107,30,40,76,,74,74,11,26,6,13,0.4,0.7
2023-12-22T2300,1794A,118.3606,31.3519,芜湖市,监测站,颗粒物(PM10),54,58,54,36,31,19,,50,26,68,49,9,10,0.5,0.4
2023-12-22T2300,1795A,118.3714,31.4134,芜湖市,科创中心,细颗粒物(PM2.5),53,52,56,37,35,29,,51,23,54,47,11,13,0.9,0.8
2023-12-22T2300,1796A,118.3673,31.3131,芜湖市,四水厂,颗粒物(PM10),57,64,54,34,32,28,,48,35,46,34,11,12,0.9,0.8
2023-12-22T2300,3328A,118.4209,31.3707,芜湖市,市气象局,颗粒物(PM10),55,60,52,32,32,9,,52,25,70,41,8,10,0.8,0.8
2023-12-22T2300,3465A,118.4781,31.3225,芜湖市,清苑社区,颗粒物(PM10),53,55,57,35,33,6,,53,19,61,45,10,12,0.7,0.7
2023-12-22T2300,3466A,118.2746,31.2326,芜湖市,扬子职业技术学院,颗粒物(PM10),59,67,50,30,27,26,,61,36,45,32,7,9,0.7,0.6
2023-12-22T2300,2495A,111.3014,23.4832,梧州市,市逸夫小学,颗粒物(PM10),62,74,72,33,36,78,,87,82,10,11,9,9,0.4,0.5
2023-12-22T2300,2496A,111.3239,23.4794,梧州市,市十一中,颗粒物(PM10),53,56,64,32,30,82,,86,84,15,10,9,9,0.4,0.6
2023-12-22T2300,2497A,111.247,23.4189,梧州市,龙圩,颗粒物(PM10),56,62,70,35,37,78,,84,80,9,9,11,11,0.6,0.7
2023-12-22T2300,2498A,111.2711,23.4835,梧州市,龙新,颗粒物(PM10),56,61,62,30,29,71,,85,81,10,10,25,19,0.6,0.7
2023-12-22T2300,2711A,87.5475,44.1756,五家渠市,农水大厦,细颗粒物(PM2.5),137,119,128,104,98,73,,68,68,13,21,7,8,1.0,1.1
2023-12-22T2300,3441A,87.546,44.1912,五家渠市,经开区管委会,细颗粒物(PM2.5),133,128,127,101,97,64,,64,64,16,18,2,3,1.1,1.1
2023-12-22T2300,1325A,114.3677,30.5584,武汉市,东湖梨园,细颗粒物(PM2.5),77,66,51,56,44,24,,69,39,45,28,10,12,0.9,0.8
2023-12-22T2300,1326A,114.2529,30.558,武汉市,汉阳月湖,细颗粒物(PM2.5),73,78,52,53,40,16,,64,40,68,36,10,10,0.8,0.7
2023-12-22T2300,1327A,114.282,30.6189,武汉市,汉口花桥,,46,42,48,32,41,37,,55,43,46,32,7,10,0.6,0.8
2023-12-22T2300,1328A,114.3025,30.5332,武汉市,武昌紫阳,细颗粒物(PM2.5),78,62,48,57,39,24,,64,39,62,35,10,9,0.9,0.9
2023-12-22T2300,1329A,114.3646,30.6217,武汉市,青山钢花,细颗粒物(PM2.5),55,48,49,39,45,29,,55,42,53,34,7,9,0.8,1
2023-12-22T2300,1330A,114.1566,30.4825,武汉市,沌口新区,细颗粒物(PM2.5),82,77,52,60,43,16,,58,34,65,37,14,12,1.1,0.9
2023-12-22T2300,1331A,114.3014,30.5944,武汉市,汉口江滩,细颗粒物(PM2.5),62,45,48,44,41,31,,62,46,42,24,13,10,1.0,0.7
2023-12-22T2300,1333A,114.135,30.6319,武汉市,吴家山,细颗粒物(PM2.5),74,59,47,54,38,23,,66,52,62,31,7,8,1.0,1
2023-12-22T2300,1334A,113.8454,30.2917,武汉市,沉湖七壕,,45,45,36,24,24,39,,68,54,31,22,6,6,0.6,0.5
2023-12-22T2300,3153A,114.3877,30.4908,武汉市,民族大道182号,细颗粒物(PM2.5),73,57,48,53,45,30,,64,48,54,29,9,10,0.6,0.7
2023-12-22T2300,2652A,102.6201,37.9251,武威市,监测站,颗粒物(PM10),98,145,132,27,50,50,,69,63,23,39,6,7,0.6,0.9
2023-12-22T2300,3201A,102.6486,37.9325,武威市,东关招商场,颗粒物(PM10),90,130,122,57,60,27,,74,65,41,37,5,5,0.8,1
2023-12-22T2300,1462A,108.882,34.2749,西安市,高压开关厂,细颗粒物(PM2.5),98,138,88,73,44,5,,36,17,73,48,14,8,0.8,0.8
2023-12-22T2300,1463A,108.993,34.2629,西安市,兴庆小区,细颗粒物(PM2.5),93,111,75,69,41,3,,25,13,71,53,9,8,0.8,0.9
2023-12-22T2300,1464A,109.06,34.2572,西安市,纺织城,细颗粒物(PM2.5),97,101,90,72,49,4,,19,10,58,54,4,4,0.9,1
2023-12-22T2300,1465A,108.9356,34.2173,西安市,小寨,细颗粒物(PM2.5),84,101,76,62,42,16,,38,24,66,49,5,5,0.8,0.7
2023-12-22T2300,1466A,108.954,34.2713,西安市,市人民体育场,细颗粒物(PM2.5),97,107,71,72,55,4,,31,16,75,50,10,6,0.7,0.5
2023-12-22T2300,1467A,108.8922,34.2322,西安市,高新西区,细颗粒物(PM2.5),92,105,75,68,44,12,,36,20,65,47,6,6,0.7,0.7
2023-12-22T2300,1468A,108.935,34.3474,西安市,经开区,细颗粒物(PM2.5),97,90,66,72,44,8,,33,16,62,39,6,6,0.8,0.7
2023-12-22T2300,1469A,108.906,34.1546,西安市,长安区,细颗粒物(PM2.5),139,167,87,106,49,1,,37,18,63,47,10,5,1.2,0.7
2023-12-22T2300,1471A,109.2186,34.3731,西安市,临潼区,细颗粒物(PM2.5),74,86,74,54,40,12,,21,15,46,38,6,6,1.0,1
2023-12-22T2300,1472A,108.869,34.378,西安市,草滩,颗粒物(PM10),81,112,63,39,28,2,,40,12,76,42,5,5,0.7,0.8
2023-12-22T2300,1473A,108.985,34.1978,西安市,曲江文化产业集团,"颗粒物(PM10),细颗粒物(PM2.5)",78,106,79,57,41,1,,28,15,70,47,6,6,1.0,0.7
2023-12-22T2300,1474A,109.051,34.3213,西安市,广运潭,细颗粒物(PM2.5),92,106,76,68,45,1,,24,10,57,41,10,7,1.0,0.8
2023-12-22T2300,3524A,108.6116,34.1164,西安市,文体局,细颗粒物(PM2.5),195,150,90,146,68,9,,45,31,49,38,8,8,0.9,1.3
2023-12-22T2300,3605A,109.09,34.5236,西安市,无线电监控中心,细颗粒物(PM2.5),88,95,66,65,37,12,,47,22,64,35,7,6,0.8,0.7
2023-12-22T2300,1483A,101.524,36.6867,西宁市,第五水厂,,,,,,,,,,,,,,,,
2023-12-22T2300,3055A,101.7775,36.6428,西宁市,城北区政府,颗粒物(PM10),80,109,91,40,52,41,,44,32,42,49,22,23,0.8,0.9
2023-12-22T2300,3629A,101.8305,36.5786,西宁市,世纪职校,颗粒物(PM10),57,63,67,39,45,61,,63,58,32,39,27,25,0.7,0.9
2023-12-22T2300,3630A,101.7413,36.6397,西宁市,师大城西校区,颗粒物(PM10),76,101,94,36,44,54,,46,33,38,56,19,21,0.8,1.2
2023-12-22T2300,2612A,100.7939,22.0019,西双版纳州,景洪市江南,,50,50,18,31,13,8,,36,19,28,15,7,7,0.8,0.7
2023-12-22T2300,2613A,100.8017,22.0225,西双版纳州,景洪市江北,,,33,23,19,13,,,34,19,28,17,6,4,0.8,0.7
2023-12-22T2300,3606A,108.7108,34.46,西咸新区,北杜,细颗粒物(PM2.5),88,92,69,65,40,10,,54,28,61,41,5,6,0.8,0.7
2023-12-22T2300,3607A,108.7096,34.2956,西咸新区,同德佳苑,细颗粒物(PM2.5),107,111,68,80,40,10,,44,28,60,39,5,6,0.8,0.6
2023-12-22T2300,3608A,108.8558,34.4978,西咸新区,崇文塔,细颗粒物(PM2.5),104,90,61,78,38,8,,47,21,69,38,6,5,0.9,0.8
2023-12-22T2300,2202A,116.1042,43.9317,锡林郭勒盟,市环保监测站,,22,12,12,7,7,68,,72,70,2,4,5,5,0.4,0.4
2023-12-22T2300,2203A,116.0781,43.9311,锡林郭勒盟,市政府,,21,17,16,8,5,66,,70,66,7,5,10,10,0.3,0.3
2023-12-22T2300,1286A,118.1608,24.8169,厦门市,溪东,,,,,,,,,,,,,,,,
2023-12-22T2300,1287A,118.1514,24.4767,厦门市,洪文,,35,35,60,12,30,71,,72,68,4,9,2,3,0.3,0.4
2023-12-22T2300,1288A,118.0661,24.4444,厦门市,鼓浪屿,,32,32,56,11,30,63,,65,61,8,11,2,3,0.4,0.5
2023-12-22T2300,2842A,118.0936,24.5058,厦门市,湖里中学,,34,34,56,13,29,72,,79,72,13,14,1,2,0.2,0.4
2023-12-22T2300,3527A,118.0958,24.5688,厦门市,集美中学,,31,31,49,13,26,76,,80,74,5,8,1,2,0.2,0.3
2023-12-22T2300,3528A,118.1493,24.7245,厦门市,同安二实小,,22,22,33,14,24,58,,63,56,7,8,2,3,0.3,0.3
2023-12-22T2300,2447A,114.3175,29.8142,咸宁市,森林公园,细颗粒物(PM2.5),54,40,36,38,25,48,,76,61,18,9,12,12,0.3,0.3
2023-12-22T2300,2448A,114.3107,29.8454,咸宁市,市发改委,细颗粒物(PM2.5),65,61,56,47,37,44,,73,55,24,17,5,4,0.6,0.7
2023-12-22T2300,2449A,114.2936,29.8566,咸宁市,咸安区政府,细颗粒物(PM2.5),80,74,57,59,42,30,,72,49,35,25,6,7,0.8,0.6
2023-12-22T2300,3655A,114.3375,29.8683,咸宁市,长江产业园,细颗粒物(PM2.5),65,72,61,47,41,30,,74,50,37,23,8,7,0.9,0.9
2023-12-22T2300,1918A,108.7197,34.3956,咸阳市,气象站,,,,,,,,,,,,,,,,
2023-12-22T2300,1919A,108.673,34.3155,咸阳市,实验中学,细颗粒物(PM2.5),104,97,68,78,42,27,,46,37,48,37,10,11,0.9,0.8
2023-12-22T2300,1920A,108.7233,34.3617,咸阳市,师范学院,细颗粒物(PM2.5),129,116,64,98,51,10,,44,28,64,37,9,9,0.8,0.5
2023-12-22T2300,3165A,108.6594,34.2969,咸阳市,两寺渡,细颗粒物(PM2.5),95,114,70,71,38,12,,44,30,57,36,6,7,0.5,0.4
2023-12-22T2300,3525A,108.6396,34.4078,咸阳市,奥体中心,细颗粒物(PM2.5),110,130,78,83,47,4,,46,22,67,42,8,8,0.9,0.7
2023-12-22T2300,1508A,112.9433,27.8614,湘潭市,板塘,,48,46,58,33,29,51,,72,68,30,26,2,2,0.4,0.3
2023-12-22T2300,1511A,112.9118,27.8403,湘潭市,市监测站,颗粒物(PM10),53,56,56,30,31,54,,69,65,24,28,5,5,0.5,0.5
2023-12-22T2300,1512A,112.8937,27.8728,湘潭市,江麓,,49,46,54,34,33,55,,74,70,24,23,6,7,0.9,1
2023-12-22T2300,1513A,112.9227,27.8159,湘潭市,岳塘,颗粒物(PM10),51,52,52,32,33,53,,68,64,24,24,8,7,0.6,0.5
2023-12-22T2300,1514A,112.9074,27.9119,湘潭市,科大,颗粒物(PM10),54,58,58,36,37,48,,69,63,26,24,3,3,0.5,0.5
2023-12-22T2300,1562A,113.0048,27.9153,湘潭市,昭山,颗粒物(PM10),59,68,62,30,32,41,,71,59,36,30,4,5,0.3,0.5
2023-12-22T2300,1564A,112.4876,27.9164,湘潭市,韶山,颗粒物(PM10),52,54,56,23,24,79,,83,82,14,15,6,6,0.2,0.2
2023-12-22T2300,2492A,109.6414,28.2558,湘西州,跃进水库,,49,38,43,34,34,24,,60,41,13,11,4,4,0.9,0.9
2023-12-22T2300,2493A,109.7325,28.3169,湘西州,州政府,细颗粒物(PM2.5),67,63,62,48,41,65,,80,71,18,14,10,9,0.5,0.5
2023-12-22T2300,2494A,109.6958,28.2675,湘西州,吉首市计生局,颗粒物(PM10),56,62,69,12,39,58,,79,73,19,13,14,7,0.6,0.5
2023-12-22T2300,2432A,112.155,32.0197,襄阳市,襄城运动路,"颗粒物(PM10),细颗粒物(PM2.5)",74,97,72,54,38,36,,64,57,40,26,12,10,0.7,0.6
2023-12-22T2300,2433A,112.1392,32.0564,襄阳市,樊城新华路,细颗粒物(PM2.5),74,80,63,54,40,39,,58,50,38,27,9,9,1.0,0.9
2023-12-22T2300,2434A,112.1825,32.1142,襄阳市,高新管委会,,,,,,,,,,,,,,,,
2023-12-22T2300,2435A,112.2106,32.0903,襄阳市,襄州航空路,细颗粒物(PM2.5),89,94,66,66,41,10,,59,32,61,32,9,9,1.0,0.8
2023-12-22T2300,3396A,112.0828,32.0067,襄阳市,襄城隆中路,颗粒物(PM10),96,141,61,58,43,31,,55,42,40,33,12,14,0.7,0.9
2023-12-22T2300,3397A,112.1214,32.1008,襄阳市,高新台子湾,细颗粒物(PM2.5),89,120,82,66,44,4,,50,28,72,46,11,11,0.9,0.6
2023-12-22T2300,2443A,113.9153,30.9285,孝感市,文化路,细颗粒物(PM2.5),69,52,48,50,41,34,,53,47,46,30,9,9,0.6,0.6
2023-12-22T2300,2444A,113.942,30.9075,孝感市,东城区,颗粒物(PM10),60,70,60,42,35,34,,55,48,44,29,8,9,0.5,0.5
2023-12-22T2300,2181A,112.7383,38.4519,忻州市,开发区,细颗粒物(PM2.5),82,92,64,60,48,11,,39,19,75,54,27,31,1.5,1.2
2023-12-22T2300,2182A,112.7003,38.4928,忻州市,会展中心,细颗粒物(PM2.5),103,87,67,77,56,8,,34,15,63,53,19,27,1.4,1.3
2023-12-22T2300,3208A,112.7283,38.4153,忻州市,市政府,细颗粒物(PM2.5),87,100,75,64,48,10,,37,22,76,58,126,72,1.6,1.4
2023-12-22T2300,2389A,113.836,35.311,新乡市,环保西院,颗粒物(PM10),67,84,105,38,67,3,,39,26,60,56,8,8,0.9,1.1
2023-12-22T2300,2390A,113.884,35.272,新乡市,开发区,细颗粒物(PM2.5),77,89,94,56,73,6,,41,28,64,58,10,10,1.0,1
2023-12-22T2300,2391A,113.883,35.303,新乡市,环保东院,颗粒物(PM10),65,79,103,46,69,1,,35,24,63,57,9,10,1.0,1.1
2023-12-22T2300,3054A,113.9194,35.2847,新乡市,市委党校,细颗粒物(PM2.5),78,58,107,57,81,5,,38,18,57,74,7,7,0.9,1.1
2023-12-22T2300,3475A,113.9188,35.3045,新乡市,市政府,细颗粒物(PM2.5),82,103,116,60,85,4,,33,18,66,68,9,11,1.0,1
2023-12-22T2300,3476A,113.9135,35.3327,新乡市,河师大,颗粒物(PM10),90,130,139,59,79,2,,30,15,71,67,11,11,1.1,1.2
2023-12-22T2300,3689A,113.9003,35.372,新乡市,行政服务中心,颗粒物(PM10),96,141,135,63,74,1,,36,13,74,64,10,9,1.3,1.2
2023-12-22T2300,2352A,115.0861,27.9317,新余市,北岗,,43,35,43,30,31,28,,67,51,21,18,57,26,0.6,0.4
2023-12-22T2300,2353A,114.9886,27.8431,新余市,飞宇,颗粒物(PM10),56,62,61,31,32,35,,62,48,38,29,38,20,0.5,0.3
2023-12-22T2300,2354A,114.9231,27.8246,新余市,第二水厂,颗粒物(PM10),57,64,70,37,48,40,,68,54,27,20,27,16,0.4,0.4
2023-12-22T2300,2355A,114.9308,27.8036,新余市,市气象局,颗粒物(PM10),55,60,53,38,37,41,,69,54,30,23,25,16,0.2,0.4
2023-12-22T2300,3206A,114.9149,27.807,新余市,新钢沁园村,颗粒物(PM10),59,67,68,26,36,44,,71,57,36,25,30,17,0.5,0.4
2023-12-22T2300,2054A,114.1099,32.1059,信阳市,平桥分局,,49,47,36,34,34,37,,65,57,32,25,3,4,0.6,0.5
2023-12-22T2300,2064A,113.9956,32.1271,信阳市,南湾水厂,,47,47,56,31,33,60,,68,61,17,21,2,2,0.5,0.6
2023-12-22T2300,2065A,114.0775,32.1195,信阳市,市酿酒公司,,,51,53,35,45,,,66,60,28,32,2,3,0.8,0.7
2023-12-22T2300,2066A,114.0609,32.1399,信阳市,审计局,,43,43,62,27,38,50,,51,49,30,35,5,6,0.6,0.7
2023-12-22T2300,2200A,122.0392,46.0656,兴安盟,胜华新制药厂,,26,21,23,18,17,73,,68,65,5,9,4,4,0.8,0.8
2023-12-22T2300,2201A,121.9504,46.0741,兴安盟,科右前旗环保局,,24,16,20,13,16,74,,74,74,4,4,3,2,0.4,0.4
2023-12-22T2300,3035A,122.0931,46.0707,兴安盟,北滨河,,24,24,38,12,25,72,,71,71,9,18,4,5,0.3,0.7
2023-12-22T2300,1077A,114.4704,37.0886,邢台市,达活泉,细颗粒物(PM2.5),117,114,78,88,54,8,,52,41,72,52,4,10,1.3,1.3
2023-12-22T2300,1078A,114.5062,37.0349,邢台市,邢师高专,,,,72,,60,5,,49,39,,47,2,8,1.1,1.3
2023-12-22T2300,1079A,114.5237,37.0851,邢台市,路桥公司,细颗粒物(PM2.5),159,,76,121,57,9,,56,38,80,51,7,13,1.0,1.1
2023-12-22T2300,1080A,114.4725,37.0719,邢台市,市环保局,细颗粒物(PM2.5),122,110,73,92,54,21,,49,41,61,48,5,11,1.2,1.4
2023-12-22T2300,3584A,115.8844,39.0341,雄安新区,容城县环境保护局,细颗粒物(PM2.5),119,120,77,90,48,7,,44,18,101,77,10,9,1.3,0.9
2023-12-22T2300,3585A,115.8665,39.0645,雄安新区,河北容城中学,细颗粒物(PM2.5),108,95,59,81,54,8,,42,17,101,74,6,5,1.5,1
2023-12-22T2300,3586A,115.923,38.9405,雄安新区,安新县民政局,细颗粒物(PM2.5),133,122,81,101,59,13,,47,20,90,75,12,9,1.3,0.9
2023-12-22T2300,3587A,115.9324,38.9338,雄安新区,安新县电力局,细颗粒物(PM2.5),120,120,62,91,43,5,,45,18,,68,13,8,1.4,1
2023-12-22T2300,3588A,116.0901,38.9816,雄安新区,雄县环境保护局,细颗粒物(PM2.5),144,158,90,110,54,2,,46,20,94,67,12,9,1.6,1.2
2023-12-22T2300,3589A,116.1105,39.0046,雄安新区,雄县国土资源局,细颗粒物(PM2.5),137,112,78,104,65,3,,43,11,85,70,10,8,1.3,1
2023-12-22T2300,1177A,117.179,34.2761,徐州市,黄河新村,细颗粒物(PM2.5),72,68,69,52,44,35,,60,37,38,43,9,9,0.5,0.6
2023-12-22T2300,1178A,117.1918,34.2384,徐州市,淮塔,细颗粒物(PM2.5),69,81,65,50,38,27,,70,43,42,28,10,10,0.8,0.8
2023-12-22T2300,1180A,117.256,34.2153,徐州市,新城区,细颗粒物(PM2.5),72,81,67,52,41,37,,65,36,36,40,8,10,0.7,0.6
2023-12-22T2300,1181A,117.244,34.2911,徐州市,桃园路,细颗粒物(PM2.5),70,70,67,51,38,30,,63,34,42,40,10,12,0.7,0.8
2023-12-22T2300,1182A,117.2933,34.2778,徐州市,农科院,细颗粒物(PM2.5),67,66,57,48,37,45,,66,39,29,37,8,10,0.7,0.6
2023-12-22T2300,3005A,117.1814,34.29,徐州市,鼓楼区政府,细颗粒物(PM2.5),62,59,50,44,39,45,,69,49,36,34,9,10,0.7,0.8
2023-12-22T2300,3006A,117.1694,34.1781,徐州市,铜山区招生办,细颗粒物(PM2.5),73,90,70,53,40,22,,66,36,52,39,8,9,0.5,0.5
2023-12-22T2300,3288A,117.4754,34.4422,徐州市,大泉街道,细颗粒物(PM2.5),74,94,68,54,35,28,,71,38,40,30,10,11,0.7,1.1
2023-12-22T2300,2396A,113.8276,34.0159,许昌市,监测站,细颗粒物(PM2.5),69,67,68,50,40,40,,60,48,30,35,4,5,0.5,0.6
2023-12-22T2300,2398A,113.7906,33.9953,许昌市,开发区,细颗粒物(PM2.5),64,60,66,46,42,45,,59,43,24,38,5,5,0.5,0.6
2023-12-22T2300,3134A,113.8172,34.0339,许昌市,市一中,细颗粒物(PM2.5),68,52,59,49,39,44,,62,52,25,36,5,6,0.5,0.3
2023-12-22T2300,3337A,113.8614,34.0442,许昌市,许昌学院,细颗粒物(PM2.5),68,68,61,49,36,52,,65,58,16,23,7,7,0.3,0.4
2023-12-22T2300,3338A,113.843,34.0823,许昌市,芙蓉广场,颗粒物(PM10),56,62,63,38,34,40,,59,49,27,32,4,5,0.4,0.5
2023-12-22T2300,3597A,113.8134,34.1251,许昌市,建安区兴业大厦,颗粒物(PM10),62,73,66,39,34,37,,64,54,27,25,5,6,0.4,0.4
2023-12-22T2300,2316A,118.7581,30.9454,宣城市,鳌峰子站,"颗粒物(PM10),细颗粒物(PM2.5)",54,58,56,38,33,19,,67,50,66,32,6,9,0.7,0.7
2023-12-22T2300,2317A,118.7385,30.9743,宣城市,敬亭山子站,,38,32,49,26,32,51,,73,67,28,27,5,14,0.5,0.6
2023-12-22T2300,2318A,118.7173,30.9427,宣城市,开发区子站,细颗粒物(PM2.5),53,52,54,37,35,18,,68,47,63,45,4,9,0.8,0.8
2023-12-22T2300,3470A,118.7724,30.9141,宣城市,夏渡子站,细颗粒物(PM2.5),63,60,56,45,37,6,,55,34,50,34,4,7,0.6,0.6
2023-12-22T2300,2554A,103.0475,30.02,雅安市,建安厂,细颗粒物(PM2.5),140,128,80,107,63,20,,42,36,45,32,7,6,0.6,0.5
2023-12-22T2300,2555A,103.0111,29.9833,雅安市,市政府,细颗粒物(PM2.5),144,134,74,110,59,27,,46,38,40,24,6,5,0.7,0.7
2023-12-22T2300,2556A,102.9905,29.9775,雅安市,川农大,细颗粒物(PM2.5),139,131,65,106,57,25,,47,39,39,21,6,6,0.9,0.7
2023-12-22T2300,3700A,103.0456,29.9956,雅安市,康养中心,细颗粒物(PM2.5),142,132,71,108,57,20,,69,40,27,14,6,6,0.5,0.4
2023-12-22T2300,1642A,121.2514,37.5639,烟台市,开发区,细颗粒物(PM2.5),52,36,20,36,14,32,,60,37,32,17,8,8,0.7,0.5
2023-12-22T2300,1643A,121.3719,37.5433,烟台市,轴承厂,,43,39,28,30,20,47,,64,49,24,18,5,7,0.5,0.4
2023-12-22T2300,1644A,121.3181,37.5436,烟台市,西郊化工站,,45,44,25,31,16,46,,62,45,28,23,5,5,0.8,0.6
2023-12-22T2300,1645A,121.4478,37.4822,烟台市,莱山环保局,,45,34,22,31,17,44,,64,47,21,14,7,9,0.6,0.5
2023-12-22T2300,1646A,121.2611,37.4967,烟台市,福山环保局,,49,44,33,34,27,41,,61,42,27,22,4,6,0.8,0.9
2023-12-22T2300,3057A,121.5992,37.4014,烟台市,牟平检察院,,44,44,28,24,16,52,,66,53,16,15,5,5,0.9,0.7
2023-12-22T2300,3366A,121.5206,37.4336,烟台市,中国农业大学,,,,24,,14,35,,70,,30,16,6,7,,0.7
2023-12-22T2300,1926A,109.4131,36.6275,延安市,枣园,细颗粒物(PM2.5),85,70,42,63,33,5,,33,12,48,39,4,3,0.7,0.4
2023-12-22T2300,1927A,109.4761,36.6028,延安市,延大医附院,颗粒物(PM10),75,100,58,51,33,5,,28,13,53,47,6,6,1.3,0.9
2023-12-22T2300,1929A,109.5056,36.6106,延安市,百米大道,细颗粒物(PM2.5),90,104,60,67,33,6,,24,13,58,50,11,10,1.3,0.8
2023-12-22T2300,3652A,109.4809,36.5786,延安市,西北局旧址,细颗粒物(PM2.5),113,156,63,85,33,10,,23,16,61,56,12,16,1.6,1.1
2023-12-22T2300,1215A,120.118,33.4022,盐城市,盐城电厂,颗粒物(PM10),53,56,48,36,33,37,,63,41,31,22,2,4,0.1,0.5
2023-12-22T2300,1216A,120.156,33.3942,盐城市,市监测站,细颗粒物(PM2.5),59,63,45,42,29,29,,77,,47,22,4,6,0.9,0.8
2023-12-22T2300,1218A,120.2144,33.38,盐城市,开发区管委会,颗粒物(PM10),52,54,41,32,22,37,,71,56,36,24,3,5,0.1,0.2
2023-12-22T2300,3004A,120.1544,33.3663,盐城市,宝龙广场,细颗粒物(PM2.5),58,46,43,41,30,37,,72,57,36,22,4,7,0.7,0.6
2023-12-22T2300,3293A,120.1501,33.3367,盐城市,月亮广场,,49,49,41,34,27,16,,73,49,52,28,8,10,0.6,0.4
2023-12-22T2300,3436A,120.4279,33.205,盐城市,大丰高级中学,颗粒物(PM10),51,51,40,31,24,30,,67,46,47,27,8,8,0.7,0.6
2023-12-22T2300,1186A,119.389,32.3761,扬州市,邗江监测站,,35,34,37,24,22,51,,68,54,28,25,3,3,0.7,0.7
2023-12-22T2300,2869A,119.447,32.4155,扬州市,五台山医院,,27,27,33,18,21,41,,66,53,33,23,2,3,0.3,0.3
2023-12-22T2300,3164A,119.4686,32.3942,扬州市,广陵建设局,,39,39,41,17,21,29,,69,49,47,26,6,4,0.4,0.7
2023-12-22T2300,3195A,119.3633,32.3972,扬州市,市体育局,,44,44,38,24,20,27,,64,39,46,31,3,3,0.5,0.4
2023-12-22T2300,3294A,119.5653,32.4222,扬州市,引江管理处,,32,31,36,22,24,46,,69,57,33,24,8,10,0.6,0.5
2023-12-22T2300,1699A,111.9797,21.8593,阳江市,鸳鸯湖,,,38,40,26,28,,,66,62,23,17,13,10,0.9,0.6
2023-12-22T2300,1701A,111.9491,21.8658,阳江市,马南垌,颗粒物(PM10),57,64,51,37,28,57,,72,63,25,17,7,7,0.5,0.4
2023-12-22T2300,3317A,111.9765,21.8947,阳江市,两阳中学,细颗粒物(PM2.5),62,70,56,44,30,34,,71,53,47,19,9,8,0.6,0.5
2023-12-22T2300,3453A,112.0125,21.8749,阳江市,阳东陶然,细颗粒物(PM2.5),64,75,59,46,32,48,,73,64,35,17,10,8,0.6,0.5
2023-12-22T2300,1738A,113.5758,37.8572,阳泉市,市中心,细颗粒物(PM2.5),100,140,72,75,40,8,,51,32,81,47,52,29,1.4,1
2023-12-22T2300,1739A,113.4894,37.8731,阳泉市,赛鱼,细颗粒物(PM2.5),102,121,71,76,40,6,,51,28,81,47,50,26,1.3,0.8
2023-12-22T2300,1740A,113.5819,37.8486,阳泉市,南庄,颗粒物(PM10),102,153,83,61,36,10,,53,34,77,45,47,42,1.3,0.9
2023-12-22T2300,1742A,113.5614,37.8703,阳泉市,平坦,细颗粒物(PM2.5),104,142,73,78,36,12,,52,32,82,48,51,27,1.4,1
2023-12-22T2300,1743A,113.5158,37.8392,阳泉市,大阳泉,细颗粒物(PM2.5),95,88,43,71,42,17,,57,38,74,39,37,19,1.2,0.7
2023-12-22T2300,3619A,113.617,37.8571,阳泉市,龙柱,细颗粒物(PM2.5),88,115,58,65,33,5,,54,34,82,45,53,29,1.2,0.8
2023-12-22T2300,2252A,128.5159,47.4311,伊春市,环保局,细颗粒物(PM2.5),87,69,53,64,45,37,,41,39,22,20,7,7,0.8,0.7
2023-12-22T2300,2253A,128.9102,47.7412,伊春市,电力嘉园,细颗粒物(PM2.5),72,66,46,52,30,36,,44,43,21,18,6,7,0.7,0.6
2023-12-22T2300,2254A,129.5029,48.471,伊春市,汤旺河国家公园,,40,37,28,28,20,34,,49,42,16,10,5,5,0.4,0.3
2023-12-22T2300,3342A,128.4741,47.4346,伊春市,中心小学,细颗粒物(PM2.5),123,105,79,93,70,36,,47,41,23,23,7,6,0.9,0.8
2023-12-22T2300,3343A,128.6871,47.7369,伊春市,检察院,细颗粒物(PM2.5),99,84,56,74,52,39,,48,42,25,18,10,10,0.7,0.6
2023-12-22T2300,3344A,128.8431,47.8474,伊春市,双子河社区,细颗粒物(PM2.5),99,74,60,74,54,19,,43,28,30,21,4,6,1.3,1.1
2023-12-22T2300,3480A,129.1368,47.6417,伊春市,美溪镇,细颗粒物(PM2.5),117,98,91,88,69,8,,32,12,42,32,7,8,1.0,0.9
2023-12-22T2300,2703A,81.2815,43.9404,伊犁哈萨克州,市环保局,细颗粒物(PM2.5),142,130,66,108,60,8,,52,33,89,69,15,17,3.5,2.7
2023-12-22T2300,2704A,81.2996,43.9174,伊犁哈萨克州,新政府片区,细颗粒物(PM2.5),216,185,99,166,87,16,,48,32,106,66,15,9,8.8,4.1
2023-12-22T2300,2705A,81.3364,43.941,伊犁哈萨克州,第二水厂,细颗粒物(PM2.5),142,123,92,108,86,6,,56,33,95,67,15,12,4.1,3.5
2023-12-22T2300,1882A,104.563,28.793,宜宾市,石马中学,,,,,,,,,,,,,,,,
2023-12-22T2300,1883A,104.6201,28.7728,宜宾市,市委,细颗粒物(PM2.5),120,110,98,91,80,26,,62,54,33,26,11,13,0.6,0.6
2023-12-22T2300,1884A,104.6055,28.793,宜宾市,宜宾四中,细颗粒物(PM2.5),119,111,105,90,81,20,,50,40,40,38,11,11,0.6,0.7
2023-12-22T2300,1885A,104.639,28.7562,宜宾市,市政府,细颗粒物(PM2.5),122,105,98,92,78,31,,58,52,29,32,9,10,0.5,0.5
2023-12-22T2300,1886A,104.5742,28.7199,宜宾市,黄金嘴,细颗粒物(PM2.5),115,106,102,87,80,30,,56,50,32,36,10,11,0.6,0.7
2023-12-22T2300,3728A,104.68,28.8071,宜宾市,白酒学院,细颗粒物(PM2.5),113,109,98,85,75,33,,60,54,26,22,9,9,0.6,0.6
2023-12-22T2300,1840A,111.2992,30.6981,宜昌市,白龙岗,,,,85,63,55,,,52,,24,31,5,11,0.9,0.8
2023-12-22T2300,1841A,111.3549,30.6465,宜昌市,伍家岗,细颗粒物(PM2.5),85,70,73,63,56,44,,64,59,31,25,6,7,0.6,0.6
2023-12-22T2300,1842A,111.2628,30.6961,宜昌市,点军区,细颗粒物(PM2.5),83,69,77,61,56,54,,58,57,31,30,10,9,0.6,0.6
2023-12-22T2300,1843A,111.3275,30.7819,宜昌市,夷陵区,细颗粒物(PM2.5),92,96,91,68,57,42,,61,55,38,29,12,10,0.8,0.8
2023-12-22T2300,3546A,111.4606,30.552,宜昌市,猇亭区张家湾站,细颗粒物(PM2.5),63,64,67,45,39,61,,71,68,27,27,6,7,0.6,0.6
2023-12-22T2300,3653A,111.3119,30.7273,宜昌市,云深路,细颗粒物(PM2.5),94,83,86,70,65,51,,60,58,31,30,7,6,0.9,0.8
2023-12-22T2300,2371A,114.3408,27.8064,宜春市,槟榔水业,,,,,,,,,,,,,,,,
2023-12-22T2300,2373A,114.3956,27.7844,宜春市,市石油公司,细颗粒物(PM2.5),65,76,67,47,40,13,,66,40,37,26,3,5,0.6,0.4
2023-12-22T2300,2374A,114.3703,27.7914,宜春市,市气象局,颗粒物(PM10),66,81,65,43,39,36,,67,50,28,26,8,9,0.8,0.8
2023-12-22T2300,2375A,114.4013,27.8074,宜春市,市广电局,细颗粒物(PM2.5),62,71,68,44,40,17,,66,48,52,32,10,13,0,0.7
2023-12-22T2300,3151A,114.375,27.8097,宜春市,宜春学院北校区,细颗粒物(PM2.5),63,71,65,45,38,9,,67,,58,28,2,6,0.9,0.8
2023-12-22T2300,3415A,114.4519,28.0828,宜春市,万载县环保局,颗粒物(PM10),61,72,74,41,48,6,,64,39,51,29,7,7,0.7,0.7
2023-12-22T2300,2467A,112.4067,28.6428,益阳市,甘溪港,细颗粒物(PM2.5),62,51,58,44,38,54,,76,66,32,31,5,5,0.3,0.3
2023-12-22T2300,2468A,112.3458,28.5808,益阳市,市环保局,细颗粒物(PM2.5),60,59,59,43,45,57,,83,74,27,25,5,5,0.6,0.5
2023-12-22T2300,2469A,112.3437,28.5531,益阳市,市特殊教育学校,细颗粒物(PM2.5),77,68,70,56,52,62,,82,76,24,24,4,4,0.4,0.4
2023-12-22T2300,2470A,112.3347,28.6047,益阳市,资阳区政务中心,细颗粒物(PM2.5),84,80,67,62,49,36,,81,64,40,27,2,3,0.6,0.4
2023-12-22T2300,2471A,112.3744,28.5819,益阳市,赫山环保分局,细颗粒物(PM2.5),64,53,67,46,37,37,,78,59,42,27,4,5,0.5,0.6
2023-12-22T2300,1484A,105.9512,38.6016,银川市,贺兰山马莲口,颗粒物(PM10),52,53,81,33,76,54,,78,76,20,19,16,14,0.7,0.9
2023-12-22T2300,1488A,106.2328,38.4975,银川市,贺兰山东路,细颗粒物(PM2.5),109,135,145,82,92,27,,47,44,50,48,12,10,1.1,1.4
2023-12-22T2300,1489A,106.1358,38.5036,银川市,学院路,细颗粒物(PM2.5),114,128,152,86,91,18,,42,37,55,50,15,15,1.4,1.6
2023-12-22T2300,2924A,106.2266,38.4418,银川市,水乡路,细颗粒物(PM2.5),65,78,105,47,58,22,,52,47,68,52,14,12,0.9,1
2023-12-22T2300,2925A,106.2757,38.4842,银川市,上海东路,细颗粒物(PM2.5),104,128,120,78,84,23,,47,42,51,49,8,8,0.9,1
2023-12-22T2300,2926A,106.1015,38.497,银川市,文昌北街,细颗粒物(PM2.5),99,128,141,74,85,32,,53,49,43,45,16,16,1.1,1.3
2023-12-22T2300,3523A,106.5105,38.3856,银川市,滨河新区,细颗粒物(PM2.5),102,96,78,76,49,6,,52,41,48,35,9,17,1.1,0.9
2023-12-22T2300,2357A,116.9822,28.1136,鹰潭市,龙虎山,,,,,,,,,,,,,,,,
2023-12-22T2300,2358A,117.0564,28.2642,鹰潭市,新监测站,,42,41,35,29,24,55,,72,66,14,13,8,10,0.2,0.3
2023-12-22T2300,2359A,117.0311,28.2475,鹰潭市,财苑宾馆,细颗粒物(PM2.5),53,42,35,37,25,59,,79,73,15,13,8,10,0.2,0.3
2023-12-22T2300,2360A,117.0222,28.2264,鹰潭市,体育馆,,46,41,35,32,25,51,,74,68,21,14,6,9,0.5,0.5
2023-12-22T2300,2361A,117.0017,28.2131,鹰潭市,三川水表,细颗粒物(PM2.5),67,49,44,48,38,23,,69,42,41,24,8,10,0.6,0.4
2023-12-22T2300,1597A,122.2703,40.7094,营口市,大庆路,细颗粒物(PM2.5),104,91,67,78,49,12,,55,25,67,43,17,14,1.5,1.1
2023-12-22T2300,1598A,122.2150,40.6511,营口市,镜湖西路,,42,42,57,24,33,19,,50,27,58,48,12,12,0.9,1.1
2023-12-22T2300,1599A,122.1658,40.6789,营口市,西炮台,细颗粒物(PM2.5),52,47,53,36,30,8,,43,18,67,48,9,11,0.8,0.7
2023-12-22T2300,3379A,122.1139,40.2278,营口市,鲅鱼圈市民活动中心,细颗粒物(PM2.5),54,41,80,38,48,17,,62,40,62,41,12,20,0.8,0.9
2023-12-22T2300,3866A,122.2469,40.66302,营口市,三高中,,42,39,51,29,34,20,,52,27,54,44,15,16,0.8,1
2023-12-22T2300,4006A,122.3622,40.6762,营口市,老边实验小学,细颗粒物(PM2.5),94,107,130,70,76,5,,43,10,75,62,27,26,1.6,1.6
2023-12-22T2300,2477A,111.6217,26.2081,永州市,零陵南津渡,颗粒物(PM10),58,66,72,36,43,63,,90,82,22,16,8,9,0.4,0.5
2023-12-22T2300,2478A,111.6156,26.4214,永州市,市环境监测站,,45,45,60,28,38,77,,94,85,18,20,11,12,0.5,0.5
2023-12-22T2300,2479A,111.6236,26.2331,永州市,零陵区环保局,细颗粒物(PM2.5),52,49,65,36,43,60,,88,77,24,20,6,7,0.6,0.6
2023-12-22T2300,2480A,111.5992,26.4364,永州市,永州市环保局,,43,43,61,25,35,68,,89,80,13,16,8,9,0.5,0.6
2023-12-22T2300,2481A,111.5989,26.4519,永州市,冷水滩区环保局,,47,47,60,31,38,74,,88,81,16,16,10,12,0.4,0.5
2023-12-22T2300,2638A,109.7414,38.3344,榆林市,红石峡森林公园,细颗粒物(PM2.5),87,89,64,64,38,4,,36,17,67,51,9,8,0.3,0.2
2023-12-22T2300,2639A,109.7456,38.2911,榆林市,世纪广场,,45,45,72,30,35,4,,41,19,77,69,9,11,0.7,0.8
2023-12-22T2300,2640A,109.7289,38.2839,榆林市,实验中学,颗粒物(PM10),55,59,73,36,36,5,,44,22,65,60,11,13,1.0,1
2023-12-22T2300,2641A,109.7336,38.2478,榆林市,环保监测大楼,细颗粒物(PM2.5),55,55,64,39,33,6,,45,23,64,61,13,14,0.7,0.8
2023-12-22T2300,2509A,110.1106,22.7019,玉林市,寒山水库,颗粒物(PM10),54,58,55,24,28,68,,88,84,11,9,2,2,0.7,0.7
2023-12-22T2300,2510A,110.1675,22.6411,玉林市,市监测站,颗粒物(PM10),61,72,66,42,38,66,,87,77,18,10,3,1,0.4,0.4
2023-12-22T2300,2511A,110.1433,22.6164,玉林市,南江一中,颗粒物(PM10),63,76,67,40,37,70,,87,79,17,10,2,2,0.5,0.4
2023-12-22T2300,3532A,110.1945,22.6831,玉林市,玉林师范学院东校区,细颗粒物(PM2.5),52,48,45,36,34,70,,94,86,19,13,2,2,0.5,0.4
2023-12-22T2300,3533A,110.0527,22.5893,玉林市,福绵环保局,细颗粒物(PM2.5),58,50,46,41,37,70,,90,84,16,11,2,2,0.5,0.4
2023-12-22T2300,2675A,97,33.0014,玉树藏族自治州,玉树县结古镇,,19,7,18,3,9,58,,86,80,26,19,15,16,0.7,0.7
2023-12-22T2300,1715A,102.575,24.3711,玉溪市,东风水库,细颗粒物(PM2.5),65,53,31,47,35,58,,52,49,16,13,8,6,1.1,0.8
2023-12-22T2300,2882A,102.5389,24.3703,玉溪市,玉溪一中,细颗粒物(PM2.5),57,54,40,40,23,65,,48,43,15,17,10,7,0.9,0.8
2023-12-22T2300,2883A,102.5381,24.3389,玉溪市,文体中心,细颗粒物(PM2.5),53,54,40,37,21,63,,45,43,14,18,9,8,1.0,0.9
2023-12-22T2300,1847A,113.1094,29.3578,岳阳市,南湖风景区,颗粒物(PM10),51,52,43,32,30,37,,62,51,38,30,6,6,0.8,0.8
2023-12-22T2300,1848A,113.1493,29.4251,岳阳市,城陵矶,颗粒物(PM10),53,56,50,30,28,32,,55,46,37,29,11,14,0.6,0.7
2023-12-22T2300,1849A,113.1497,29.3575,岳阳市,开发区,颗粒物(PM10),61,72,58,39,33,34,,67,53,41,31,17,14,0.8,0.7
2023-12-22T2300,1850A,113.2621,29.4758,岳阳市,云溪区,颗粒物(PM10),52,53,43,29,24,37,,67,57,38,26,13,10,0.6,0.6
2023-12-22T2300,1851A,112.9943,29.4402,岳阳市,君山区,,46,46,41,28,26,41,,73,59,29,25,5,6,0.5,0.6
2023-12-22T2300,1852A,113.2117,29.355,岳阳市,金凤水库,细颗粒物(PM2.5),52,52,42,36,26,42,,82,68,63,32,7,6,0.5,0.5
2023-12-22T2300,1712A,112.0392,22.9169,云浮市,新市府,,48,33,40,33,31,40,,68,55,19,13,5,4,0.5,0.5
2023-12-22T2300,1714A,112.0539,22.9539,云浮市,牧羊,,45,45,48,31,29,63,,85,59,26,19,8,8,0.6,0.6
2023-12-22T2300,3628A,112.0336,22.9374,云浮市,文笔,细颗粒物(PM2.5),64,65,57,46,41,50,,76,61,28,16,8,7,0.6,0.7
2023-12-22T2300,2175A,110.9956,35.0147,运城市,运城中学,,43,40,35,30,25,56,,52,50,14,20,7,10,0.6,0.6
2023-12-22T2300,2178A,110.9686,35.0303,运城市,地区技校,颗粒物(PM10),54,57,46,35,24,11,,56,45,58,24,8,10,1.0,0.6
2023-12-22T2300,2179A,111.0414,35.1147,运城市,空港新区,细颗粒物(PM2.5),74,,36,54,38,12,,50,35,52,30,8,8,0.6,0.6
2023-12-22T2300,3667A,111.0283,35.0547,运城市,水利职院,细颗粒物(PM2.5),70,69,50,51,36,8,,57,43,60,26,9,11,0.7,0.6
2023-12-22T2300,3670A,111.0522,35.0439,运城市,禹都公园,细颗粒物(PM2.5),62,57,48,44,26,12,,58,49,57,25,10,13,0.5,0.6
2023-12-22T2300,1637A,117.558,34.8438,枣庄市,市中区政府,细颗粒物(PM2.5),92,100,74,68,42,38,,68,49,47,35,13,12,0.9,0.8
2023-12-22T2300,1638A,117.2852,34.7837,枣庄市,薛城环保局,细颗粒物(PM2.5),100,115,74,75,47,26,,72,46,61,46,10,11,1.2,0.9
2023-12-22T2300,1639A,117.5852,34.7745,枣庄市,峄城区政府,细颗粒物(PM2.5),104,114,75,78,43,26,,69,42,53,36,14,14,0.8,0.7
2023-12-22T2300,1640A,117.7276,34.5578,枣庄市,台儿庄区环保局,细颗粒物(PM2.5),79,83,54,58,35,26,,73,44,52,36,9,10,0.9,0.8
2023-12-22T2300,1641A,117.4518,35.0992,枣庄市,山亭区环保局,细颗粒物(PM2.5),77,70,62,56,44,43,,67,47,42,40,7,10,0.9,0.9
2023-12-22T2300,3364A,117.3152,34.8103,枣庄市,市环保局,细颗粒物(PM2.5),77,81,61,56,36,46,,66,56,39,35,8,9,0.8,0.8
2023-12-22T2300,1680A,110.3539,21.2706,湛江市,湛江影剧院,"颗粒物(PM10),细颗粒物(PM2.5)",65,80,56,47,30,70,,78,74,18,12,29,17,0.6,0.5
2023-12-22T2300,1681A,110.3928,21.2228,湛江市,市环境监测站,细颗粒物(PM2.5),69,62,43,50,33,68,,72,70,18,14,8,6,0.8,0.7
2023-12-22T2300,1682A,110.4019,21.1997,湛江市,环保局宿舍,细颗粒物(PM2.5),75,79,52,55,37,65,,69,67,17,15,10,8,0.7,0.6
2023-12-22T2300,1683A,110.4111,21.2028,湛江市,霞山游泳场,细颗粒物(PM2.5),62,68,48,44,30,76,,80,78,11,11,12,9,0.5,0.5
2023-12-22T2300,1684A,110.3316,21.2679,湛江市,麻章区环保局,细颗粒物(PM2.5),69,75,55,50,35,68,,72,66,20,16,14,11,0.7,0.6
2023-12-22T2300,1685A,110.4558,21.2567,湛江市,坡头区环保局,细颗粒物(PM2.5),69,62,44,50,34,67,,76,74,13,10,9,7,0.7,0.6
2023-12-22T2300,1858A,110.5319,29.1217,张家界市,永定新区,细颗粒物(PM2.5),94,88,96,70,71,75,,88,81,21,24,3,2,0.7,0.7
2023-12-22T2300,1859A,110.4697,29.1242,张家界市,电业局,细颗粒物(PM2.5),83,88,87,61,57,76,,91,87,24,22,4,3,0.5,0.6
2023-12-22T2300,1860A,110.5594,29.3547,张家界市,未央路,细颗粒物(PM2.5),89,96,88,66,57,57,,74,63,13,14,4,3,0.5,0.5
2023-12-22T2300,1861A,110.4417,29.315,张家界市,袁家界,细颗粒物(PM2.5),63,70,68,45,42,70,,78,76,13,12,7,8,0.8,0.8
2023-12-22T2300,1057A,114.8883,40.8336,张家口市,人民公园,,50,45,33,35,18,33,,62,35,33,20,14,9,0.8,0.6
2023-12-22T2300,1059A,114.8687,40.8042,张家口市,五金库,,38,38,34,22,15,48,,75,39,27,21,4,4,0.6,0.6
2023-12-22T2300,1060A,114.8902,40.762,张家口市,世纪豪园,,45,45,36,28,18,38,,69,33,32,22,7,5,0.8,0.6
2023-12-22T2300,1061A,114.8916,40.8661,张家口市,北泵房,,46,46,33,14,6,40,,69,40,24,16,11,10,0.6,0.5
2023-12-22T2300,3131A,114.879,40.7993,张家口市,烟厂,,49,38,33,34,15,41,,68,39,29,19,5,4,0.6,0.4
2023-12-22T2300,3323A,115.2773,40.9724,张家口市,青少年活动中心,,18,,15,12,15,38,,74,58,26,12,5,3,0.7,0.6
2023-12-22T2300,2654A,100.4698,38.9524,张掖市,润泉湖,颗粒物(PM10),56,61,91,32,41,34,,52,49,38,36,5,7,0.4,0.5
2023-12-22T2300,2655A,100.4154,38.9422,张掖市,区工会,颗粒物(PM10),54,58,86,21,38,44,,57,53,34,37,6,5,0.5,0.7
2023-12-22T2300,2075A,117.6336,24.4674,漳州市,九湖,,,,,,,,,,,,,,,,
2023-12-22T2300,2920A,117.7116,24.506,漳州市,蓝田镇,,50,50,56,21,31,55,,74,57,19,20,6,6,0.5,0.5
2023-12-22T2300,3216A,114.6622,24.5183,漳州市,漳州党校,,34,34,50,19,29,56,,77,61,28,22,5,6,0.2,0.4
2023-12-22T2300,3530A,117.6296,24.5314,漳州市,西洋坪路,,40,40,47,19,28,52,,78,61,22,18,6,7,0.4,0.5
2023-12-22T2300,2596A,103.7667,27.3736,昭通市,监测站,,33,27,29,23,26,53,,67,53,15,13,4,4,0.6,0.6
2023-12-22T2300,2597A,103.7225,27.3361,昭通市,环保局,,36,,26,25,29,53,,63,49,14,16,3,6,0.7,0.8
2023-12-22T2300,1397A,112.4267,23.0706,肇庆市,睦岗子站,,41,41,54,26,33,83,,86,80,19,20,7,8,0.4,0.4
2023-12-22T2300,1398A,112.4645,23.0475,肇庆市,城中子站,,47,47,54,28,32,87,,94,90,21,19,7,8,0.3,0.4
2023-12-22T2300,1399A,112.5544,23.1522,肇庆市,坑口子站,,43,43,53,27,34,82,,86,83,19,21,7,8,0.1,0.1
2023-12-22T2300,1400A,112.4753,23.1,肇庆市,七星岩子站,,,,,,,,,,,,,,,,
2023-12-22T2300,3313A,112.4575,23.0166,肇庆市,高要湖西,,50,50,56,29,35,84,,87,85,17,17,8,8,0.4,0.6
2023-12-22T2300,3451A,112.5617,23.2083,肇庆市,鼎湖凤凰,细颗粒物(PM2.5),52,45,50,36,35,90,,94,90,14,15,11,12,0.4,0.3
2023-12-22T2300,1203A,119.6707,32.1875,镇江市,新区办事处,,39,39,38,18,19,22,,60,35,54,31,9,10,0.5,0.5
2023-12-22T2300,1204A,119.4974,32.1968,镇江市,职教中心,,34,34,34,19,19,40,,71,49,34,24,4,4,0.4,0.3
2023-12-22T2300,1205A,119.4303,32.1328,镇江市,丹徒区监测站,,37,37,37,22,21,25,,60,37,47,28,3,5,0.4,0.4
2023-12-22T2300,2870A,119.4424,32.1873,镇江市,市疾控中心,,35,35,37,21,22,26,,61,39,33,28,2,4,0.5,0.5
2023-12-22T2300,3287A,119.3842,32.1976,镇江市,富润路1号,,43,43,36,21,22,39,,63,45,26,22,3,4,0.6,0.5
2023-12-22T2300,1316A,113.69031,34.76122,郑州市,烟厂,细颗粒物(PM2.5),64,64,48,46,23,23,,52,36,49,28,8,10,0.7,0.6
2023-12-22T2300,1317A,113.65724,34.77134,郑州市,郑纺机,颗粒物(PM10),58,65,42,34,21,17,,50,28,58,36,7,8,0.6,0.8
2023-12-22T2300,1318A,113.67526,34.80246,郑州市,银行学校,细颗粒物(PM2.5),58,57,35,41,27,19,,55,34,56,30,7,9,0.6,0.7
2023-12-22T2300,1319A,113.56746,34.81334,郑州市,供水公司,颗粒物(PM10),63,75,40,41,23,23,,53,39,52,29,9,15,0.9,0.9
2023-12-22T2300,1320A,113.7329,34.7178,郑州市,经开区管委,细颗粒物(PM2.5),98,77,40,73,22,20,,48,34,46,29,9,11,0.7,0.6
2023-12-22T2300,1321A,113.73961,34.77172,郑州市,四十七中,颗粒物(PM10),60,70,44,34,21,24,,48,33,54,35,10,13,0.8,0.8
2023-12-22T2300,1322A,113.60532,34.74838,郑州市,市监测站,,,,,,,,,,,,,,,,
2023-12-22T2300,1323A,113.64164,34.7525,郑州市,河医大,颗粒物(PM10),56,62,43,35,23,25,,47,35,44,29,11,10,0.6,0.6
2023-12-22T2300,1324A,113.51488,34.91089,郑州市,岗李水库,,,,,,,,,,,,,,,,
2023-12-22T2300,3471A,113.616563,34.86783,郑州市,惠济区政府,细颗粒物(PM2.5),64,71,51,46,26,19,,50,26,47,34,5,6,0.8,0.8
2023-12-22T2300,3590A,113.8374,34.5589,郑州市,北区建设指挥部,颗粒物(PM10),67,84,48,44,22,16,,57,42,46,33,11,12,1.0,0.8
2023-12-22T2300,3591A,113.30952,34.803229,郑州市,上街区政府,,49,49,42,30,20,50,,54,42,27,31,8,10,0.8,0.8
2023-12-22T2300,1379A,113.3769,22.5211,中山市,华柏园,细颗粒物(PM2.5),60,54,57,43,37,43,,67,55,44,29,4,5,0.5,0.5
2023-12-22T2300,1380A,113.3881,22.5497,中山市,张溪,颗粒物(PM10),54,57,65,35,34,50,,67,58,38,28,6,6,0.4,0.4
2023-12-22T2300,1381A,113.4075,22.5111,中山市,紫马岭,细颗粒物(PM2.5),55,50,54,39,37,52,,65,55,36,30,6,6,0.6,0.6
2023-12-22T2300,1382A,113.4411,22.4853,中山市,长江旅游区,,,,,,,,,,,,,,,,
2023-12-22T2300,3454A,113.3528,22.478,中山市,中山南区,"颗粒物(PM10),细颗粒物(PM2.5)",52,53,60,36,32,42,,64,53,41,26,6,6,0.6,0.5
2023-12-22T2300,2680A,105.0025,37.4635,中卫市,沙坡头消防站,,,,,,,,,,,,,,,,
2023-12-22T2300,2682A,105.1971,37.5002,中卫市,环保局站,颗粒物(PM10),248,383,165,36,43,84,,77,77,9,30,4,10,0.2,0.4
2023-12-22T2300,3650A,105.1698,37.5162,中卫市,沙坡头区政府站,颗粒物(PM10),375,480,191,34,46,85,,80,80,6,24,6,10,0.2,0.3
2023-12-22T2300,1414A,106.3787,29.8279,重庆市,缙云山,细颗粒物(PM2.5),67,80,56,48,40,37,,46,46,22,26,12,9,0.7,0.6
2023-12-22T2300,1416A,106.4213,29.8253,重庆市,天生,细颗粒物(PM2.5),73,75,66,53,50,8,,32,18,46,36,7,7,0.6,0.6
2023-12-22T2300,1417A,106.6263,29.7228,重庆市,两路,细颗粒物(PM2.5),73,69,69,53,49,11,,30,20,37,37,6,8,0.9,1
2023-12-22T2300,1418A,106.2953,29.5983,重庆市,虎溪,细颗粒物(PM2.5),77,83,73,56,57,5,,20,9,51,42,5,5,0.9,0.9
2023-12-22T2300,1419A,106.5777,29.5102,重庆市,南坪,细颗粒物(PM2.5),64,72,65,46,45,13,,34,28,52,46,8,9,0.7,1
2023-12-22T2300,1420A,106.6556,29.6277,重庆市,唐家沱,细颗粒物(PM2.5),75,83,65,55,44,4,,35,22,47,31,6,7,0.5,0.6
2023-12-22T2300,1421A,106.6349,29.4906,重庆市,茶园,"颗粒物(PM10),细颗粒物(PM2.5)",74,98,80,54,49,10,,29,22,50,41,6,7,0.8,0.9
2023-12-22T2300,1422A,106.3754,29.4572,重庆市,白市驿,细颗粒物(PM2.5),70,76,87,51,50,9,,25,17,54,47,8,9,0.7,0.7
2023-12-22T2300,1425A,106.6205,29.7166,重庆市,空港,细颗粒物(PM2.5),69,57,64,50,50,13,,38,28,46,41,7,9,0.8,0.8
2023-12-22T2300,1426A,106.4782,29.4875,重庆市,新山村,细颗粒物(PM2.5),79,74,82,58,56,12,,28,21,53,45,5,8,0.9,1.2
2023-12-22T2300,1427A,106.5616,29.6453,重庆市,礼嘉,颗粒物(PM10),70,90,71,48,42,7,,40,29,63,50,7,8,0.6,0.6
2023-12-22T2300,1428A,106.4522,29.7091,重庆市,蔡家,细颗粒物(PM2.5),78,75,77,57,50,5,,27,19,48,37,4,5,0.7,0.7
2023-12-22T2300,1429A,106.5093,29.3917,重庆市,鱼新街,细颗粒物(PM2.5),72,67,71,52,55,9,,25,21,56,45,7,8,0.8,0.9
2023-12-22T2300,3014A,106.4958,29.5346,重庆市,歇台子,细颗粒物(PM2.5),73,74,75,53,52,13,,34,27,53,44,7,11,1.0,1.1
2023-12-22T2300,3015A,106.4037,29.5728,重庆市,龙井湾,细颗粒物(PM2.5),74,,59,54,57,10,,35,30,44,35,8,10,1.0,1
2023-12-22T2300,3016A,106.5507,29.4153,重庆市,龙洲湾,细颗粒物(PM2.5),73,74,71,53,50,13,,26,24,40,36,8,7,0.8,0.8
2023-12-22T2300,3133A,106.5468,29.5654,重庆市,上清寺,细颗粒物(PM2.5),70,73,65,51,49,6,,32,26,58,40,6,7,0.9,0.9
2023-12-22T2300,3346A,108.3872,31.1628,重庆市,安康,细颗粒物(PM2.5),72,65,65,52,50,14,,38,23,30,26,11,13,0.7,0.7
2023-12-22T2300,3347A,105.9017,29.3569,重庆市,北山路,细颗粒物(PM2.5),82,73,75,60,54,6,,25,20,48,37,4,5,0.8,0.7
2023-12-22T2300,3348A,105.839,30.1946,重庆市,春阳街,细颗粒物(PM2.5),112,90,93,84,81,25,,29,28,28,26,8,13,0.9,1
2023-12-22T2300,3349A,107.7983,30.6758,重庆市,人民东路,细颗粒物(PM2.5),88,81,63,65,47,11,,58,40,48,25,8,8,0.8,0.7
2023-12-22T2300,3350A,106.6479,29.0244,重庆市,滩子口,细颗粒物(PM2.5),98,79,78,73,57,10,,42,22,40,30,7,11,0.9,0.7
2023-12-22T2300,3351A,105.7167,29.7076,重庆市,棠香,细颗粒物(PM2.5),88,79,91,65,75,51,,38,38,18,27,7,7,0.4,0.5
2023-12-22T2300,3352A,107.0732,29.8617,重庆市,桃源西路,,,73,68,61,54,,,34,33,32,26,3,3,0.7,0.7
2023-12-22T2300,3353A,107.3535,29.7287,重庆市,迎宾大道,细颗粒物(PM2.5),62,49,47,44,44,37,,60,56,32,22,14,13,0.5,0.5
2023-12-22T2300,3354A,108.815,29.5081,重庆市,舟白,细颗粒物(PM2.5),89,80,80,66,73,57,,72,68,21,16,6,7,0.8,0.8
2023-12-22T2300,3355A,108.3679,30.8426,重庆市,周家坝,细颗粒物(PM2.5),82,,54,60,40,14,,49,38,58,34,7,9,0.7,0.6
2023-12-22T2300,3356A,108.4319,30.7555,重庆市,百安坝,细颗粒物(PM2.5),97,,49,72,41,39,,51,46,30,21,11,12,0.5,0.3
2023-12-22T2300,3482A,107.7541,29.3277,重庆市,芙蓉中路,细颗粒物(PM2.5),84,87,73,62,59,15,,60,35,29,21,16,14,0.8,0.8
2023-12-22T2300,3483A,108.7661,29.5368,重庆市,西山,细颗粒物(PM2.5),87,65,76,64,70,66,,78,76,17,18,6,6,0.7,0.7
2023-12-22T2300,3484A,106.2628,29.32,重庆市,行政中心,细颗粒物(PM2.5),74,67,73,54,57,5,,19,9,53,41,6,6,0.7,0.6
2023-12-22T2300,3485A,107.0944,29.1608,重庆市,高寺路,细颗粒物(PM2.5),75,72,48,55,36,43,,59,54,20,14,4,4,0.8,0.7
2023-12-22T2300,3599A,106.2649,29.9851,重庆市,书院路,细颗粒物(PM2.5),129,104,92,98,83,15,,24,21,41,32,8,8,0.8,0.8
2023-12-22T2300,3600A,106.2339,29.5559,重庆市,虎峰,细颗粒物(PM2.5),70,80,82,51,55,6,,19,14,55,44,6,6,0.8,0.9
2023-12-22T2300,3601A,106.0499,29.8342,重庆市,龙门街,细颗粒物(PM2.5),90,83,95,67,73,17,,16,16,33,41,10,10,0.7,0.6
2023-12-22T2300,3610A,105.5933,29.4105,重庆市,昌元,细颗粒物(PM2.5),107,93,113,80,86,12,,25,16,40,33,7,9,0.8,0.9
2023-12-22T2300,1258A,122.122,30.0203,舟山市,定海檀枫,,29,29,35,20,23,33,,58,44,34,25,6,7,0.5,0.3
2023-12-22T2300,1259A,122.3094,29.9558,舟山市,普陀东港,,34,34,39,22,22,59,,57,53,14,22,6,7,0.4,0.4
2023-12-22T2300,1260A,122.19,29.9944,舟山市,临城新区,,36,36,38,19,21,56,,55,50,14,20,6,7,0.4,0.4
2023-12-22T2300,2067A,114.6613,33.6128,周口市,市环境监测站,细颗粒物(PM2.5),67,71,71,48,45,37,,55,43,29,31,2,3,0.7,0.7
2023-12-22T2300,2068A,114.6758,33.6347,周口市,周口师范,细颗粒物(PM2.5),58,57,67,41,39,44,,54,45,23,28,4,5,0.4,0.5
2023-12-22T2300,2069A,114.6546,33.5979,周口市,市运管处,细颗粒物(PM2.5),68,71,75,49,46,34,,55,42,36,30,2,3,0.7,0.7
2023-12-22T2300,2070A,114.6369,33.6406,周口市,川汇区环保局,颗粒物(PM10),60,70,74,40,40,48,,52,,23,29,2,3,0.5,0.6
2023-12-22T2300,1515A,113.135,27.8244,株洲市,天台山庄,颗粒物(PM10),57,64,56,34,27,33,,75,60,52,26,9,8,0.7,0.5
2023-12-22T2300,1518A,113.095,27.8867,株洲市,株冶医院,颗粒物(PM10),57,63,54,32,31,35,,74,56,42,23,7,8,0.6,0.5
2023-12-22T2300,1519A,113.167,27.8667,株洲市,市四中,颗粒物(PM10),62,73,62,39,35,22,,77,57,59,26,8,3,0.5,0.4
2023-12-22T2300,1520A,113.143,27.8381,株洲市,火车站,颗粒物(PM10),56,62,57,36,31,44,,77,63,38,26,9,9,0.6,0.6
2023-12-22T2300,1524A,113.13,27.8528,株洲市,市监测站,颗粒物(PM10),57,63,57,38,37,32,,77,57,48,24,5,5,0.6,0.4
2023-12-22T2300,1559A,113.251,27.8336,株洲市,大京风景区,细颗粒物(PM2.5),55,56,54,39,33,31,,76,54,31,15,3,3,0.6,0.5
2023-12-22T2300,2031A,113.1817,27.9958,株洲市,云田中学,颗粒物(PM10),57,64,56,37,30,38,,76,57,36,21,8,6,0.4,0.4
2023-12-22T2300,1367A,113.5814,22.2618,珠海市,吉大,,,71,58,36,27,43,,71,57,,23,,4,0.9,0.9
2023-12-22T2300,1368A,113.4881,22.2335,珠海市,前山,颗粒物(PM10),67,84,70,35,27,29,,58,39,56,33,10,9,0.6,0.5
2023-12-22T2300,1369A,113.628,22.4251,珠海市,唐家,颗粒物(PM10),53,55,49,32,29,60,,67,64,26,21,6,6,0.5,0.5
2023-12-22T2300,1370A,113.299,22.2281,珠海市,斗门,细颗粒物(PM2.5),62,72,55,44,34,35,,62,48,50,29,13,12,0.7,0.6
2023-12-22T2300,3308A,113.3494,22.0569,珠海市,金湾,颗粒物(PM10),70,89,74,30,37,47,,66,51,35,24,11,10,0.4,0.6
2023-12-22T2300,3448A,113.5433,22.1163,珠海市,横琴,颗粒物(PM10),64,77,65,37,32,44,,69,60,45,28,7,7,0.4,0.3
2023-12-22T2300,2420A,114.0189,32.9656,驻马店市,市一纸厂,颗粒物(PM10),61,71,60,43,31,42,,69,52,27,30,5,6,0.5,0.5
2023-12-22T2300,2421A,114.0114,33.015,驻马店市,市彩印厂,颗粒物(PM10),58,65,59,33,30,50,,69,59,27,23,8,8,0.5,0.5
2023-12-22T2300,2422A,113.9976,32.9771,驻马店市,天方二分厂,细颗粒物(PM2.5),65,58,55,47,36,43,,68,56,29,26,8,8,0.5,0.5
2023-12-22T2300,3339A,114.0012,33.0412,驻马店市,小管楼,颗粒物(PM10),54,58,52,31,30,51,,69,58,29,26,5,5,0.4,0.4
2023-12-22T2300,2561A,104.6617,30.1372,资阳市,莲花山,细颗粒物(PM2.5),88,85,90,65,72,9,,47,44,45,31,2,2,0.9,0.9
2023-12-22T2300,2562A,104.6356,30.1506,资阳市,资阳中学,细颗粒物(PM2.5),93,104,97,69,70,4,,39,29,50,32,9,8,0.8,0.8
2023-12-22T2300,2563A,104.6295,30.1383,资阳市,四三一厂,细颗粒物(PM2.5),99,95,100,74,71,12,,37,28,44,32,6,8,0.8,0.9
2023-12-22T2300,2564A,104.6463,30.1146,资阳市,师范校,细颗粒物(PM2.5),98,92,110,73,77,20,,37,35,42,30,5,6,0.8,0.9
2023-12-22T2300,2565A,104.6296,30.1256,资阳市,区法院,细颗粒物(PM2.5),104,85,90,78,72,20,,39,36,43,34,5,6,0.7,0.8
2023-12-22T2300,1631A,118.0414,36.8103,淄博市,人民公园,细颗粒物(PM2.5),100,122,73,75,43,0,,51,14,88,59,26,20,1.1,0.8
2023-12-22T2300,1633A,117.8525,36.4847,淄博市,双山,细颗粒物(PM2.5),75,73,51,55,33,20,,56,28,46,37,10,10,0.9,0.8
2023-12-22T2300,1634A,117.9592,36.6331,淄博市,气象站,细颗粒物(PM2.5),85,89,68,63,44,9,,50,17,58,45,27,16,0.9,0.6
2023-12-22T2300,1635A,118.3092,36.8194,淄博市,莆田园,颗粒物(PM10),112,173,79,70,45,2,,50,15,66,49,39,16,3.2,1.1
2023-12-22T2300,3363A,117.9883,36.8372,淄博市,新区,细颗粒物(PM2.5),89,100,68,66,43,5,,52,16,74,50,29,14,1.3,0.9
2023-12-22T2300,3644A,117.8661,36.805,淄博市,三金集团,细颗粒物(PM2.5),110,114,86,83,53,1,,52,13,80,49,50,31,1.2,1.3
2023-12-22T2300,3645A,118.0253,36.8406,淄博市,东风化工厂,细颗粒物(PM2.5),104,120,77,78,47,5,,48,14,88,59,22,14,1.1,0.8
2023-12-22T2300,3027A,104.72,29.3427,自贡市,青杠林路,细颗粒物(PM2.5),103,93,108,77,88,18,,56,45,41,32,6,3,0.4,0.5
2023-12-22T2300,3028A,104.776,29.3627,自贡市,檀木林体育馆,细颗粒物(PM2.5),103,99,107,77,85,25,,50,41,32,31,7,6,0.3,0.4
2023-12-22T2300,3360A,104.7894,29.3194,自贡市,南湖救助站,细颗粒物(PM2.5),92,88,100,68,76,21,,49,37,37,28,5,12,0.3,0.4
2023-12-22T2300,3638A,104.7636,29.3338,自贡市,轻化工大学,细颗粒物(PM2.5),94,96,110,70,81,27,,52,41,33,34,5,4,0.4,0.5
2023-12-22T2300,1911A,106.9222,27.6869,遵义市,丁字口,细颗粒物(PM2.5),67,66,65,48,42,53,,67,61,25,19,13,11,0.6,0.6
2023-12-22T2300,1912A,106.9242,27.7019,遵义市,凤凰山,细颗粒物(PM2.5),69,68,61,50,47,70,,83,77,13,12,12,9,0.8,0.8
2023-12-22T2300,1913A,106.8906,27.6486,遵义市,忠庄,细颗粒物(PM2.5),67,63,71,48,48,68,,78,72,13,16,6,6,0.6,0.6
2023-12-22T2300,1914A,106.9231,27.6506,遵义市,舟水桥,,,,72,,49,,,68,,,11,,9,,0.4
2023-12-22T2300,1915A,106.9178,27.72,遵义市,干田坝,细颗粒物(PM2.5),74,60,59,54,45,60,,77,68,18,16,15,12,0.7,0.6
2023-12-22T2300,3536A,106.8547,27.5919,遵义市,第十二小学,细颗粒物(PM2.5),93,94,83,69,59,58,,81,71,20,16,11,12,0.6,0.6
2023-12-22T2300,2566A,102.1879,31.914,阿坝藏族羌族自治州,州农科所,,,,102,16,10,16,,55,45,21,15,5,6,0.6,0.5
2023-12-22T2300,2568A,102.2502,31.8896,阿坝藏族羌族自治州,马师校,,26,26,18,14,14,28,,69,53,29,18,3,3,0.5,0.5
2023-12-22T2300,3994A,102.2165,31.9024,阿坝藏族羌族自治州,马尔康中学西区,,32,26,24,22,12,30,,77,67,32,13,4,4,0.6,0.5
2023-12-22T2300,2695A,80.292,41.1694,阿克苏地区,电视台,颗粒物(PM10),500,818,755,158,126,6,,48,38,69,35,8,6,2.3,1.4
2023-12-22T2300,2696A,80.2613,41.1551,阿克苏地区,艺术中心,颗粒物(PM10),500,763,723,158,153,33,,49,45,33,30,4,5,0.8,1.2
2023-12-22T2300,2204A,105.6467,38.8363,阿拉善盟,西城区西花园,颗粒物(PM10),70,89,55,21,21,35,,70,57,49,21,8,10,0.9,0.8
2023-12-22T2300,2205A,105.6985,38.8411,阿拉善盟,蒙二幼,颗粒物(PM10),65,79,51,19,18,70,,75,73,18,18,6,7,0.7,0.7
2023-12-22T2300,2206A,105.724,38.8516,阿拉善盟,环保局新楼,颗粒物(PM10),58,65,41,16,16,82,,83,83,7,12,4,6,0.5,0.7
2023-12-22T2300,2708A,88.1264,47.8517,阿勒泰地区,市站,,26,19,15,18,9,34,,59,27,26,25,4,4,0.4,0.5
2023-12-22T2300,2630A,80.1161,32.5,阿里地区,阿里监测站,,41,41,12,17,6,10,,69,50,50,23,32,13,0.7,0.5
2023-12-22T2300,3192A,80.0903,32.5028,阿里地区,阿里藏医院,颗粒物(PM10),55,59,21,28,10,5,,72,55,73,45,30,16,1.4,0.7
2023-12-22T2300,2642A,109.0318,32.6537,安康市,香溪洞,细颗粒物(PM2.5),102,98,83,76,57,39,,72,63,37,22,7,8,0.8,0.6
2023-12-22T2300,2643A,109.0281,32.6939,安康市,安康市监测站,细颗粒物(PM2.5),102,122,105,76,64,18,,75,45,50,34,10,16,0.9,0.8
2023-12-22T2300,2644A,109.0072,32.6975,安康市,汉滨区检察院,细颗粒物(PM2.5),90,106,97,67,63,21,,74,49,48,30,8,11,0.6,0.6
2023-12-22T2300,2291A,117.0809,30.5177,安庆市,环科院,颗粒物(PM10),52,53,55,35,37,48,,63,55,23,21,10,9,0.6,0.6
2023-12-22T2300,2292A,117.0331,30.5119,安庆市,马山宾馆,,46,46,54,30,33,51,,68,57,30,26,6,7,0.4,0.4
2023-12-22T2300,2294A,116.9896,30.6145,安庆市,安庆大学,,40,40,50,26,31,62,,74,68,22,22,9,10,0.6,0.6
2023-12-22T2300,3173A,117.0598,30.5351,安庆市,市人大,,50,50,56,31,35,43,,64,51,34,28,3,3,0.7,0.7
2023-12-22T2300,3122A,105.9606,26.2611,安顺市,伍家关,,,,,,,,,,,,,,,,
2023-12-22T2300,3123A,105.9408,26.2431,安顺市,凤凰山,细颗粒物(PM2.5),73,66,55,53,44,57,,66,62,18,17,23,21,0.5,0.4
2023-12-22T2300,3124A,105.9439,26.2564,安顺市,金钟山,,,62,59,58,47,57,,64,60,19,16,23,22,,
2023-12-22T2300,3125A,105.8983,26.2481,安顺市,娄家坡,细颗粒物(PM2.5),74,74,62,54,49,57,,54,54,13,14,23,18,0.6,0.6
2023-12-22T2300,1818A,114.4839,36.0621,安阳市,棉研所,,,,,,,,,,,,,,,,
2023-12-22T2300,1819A,114.3551,36.1017,安阳市,红庙街,细颗粒物(PM2.5),84,101,116,62,85,9,,57,40,68,53,9,11,1.5,1.5
2023-12-22T2300,1820A,114.361,36.0681,安阳市,银杏小区,颗粒物(PM10),75,99,121,53,91,12,,63,43,63,51,11,8,0.9,1.5
2023-12-22T2300,3141A,114.3922,36.0878,安阳市,信访局,颗粒物(PM10),68,86,114,43,84,14,,58,38,56,53,6,10,0.9,1.1
2023-12-22T2300,3669A,114.4705,36.0637,安阳市,左辅环卫站,,,91,130,64,104,,,69,46,50,52,20,27,0.7,0.8
2023-12-22T2300,3703A,114.2917,36.0949,安阳市,安钢职工学校,细颗粒物(PM2.5),118,110,141,89,94,14,,56,41,69,51,9,10,1.2,1.2
2023-12-22T2300,1748A,123.044,41.1196,鞍山市,深沟寺,,46,46,54,26,33,37,,52,41,31,36,8,14,1.0,1.2
2023-12-22T2300,1749A,123.011,41.0931,鞍山市,太阳城,,26,26,54,13,32,61,,53,44,15,35,14,17,0.8,1.2
2023-12-22T2300,1750A,123.0485,41.1442,鞍山市,太平,,36,35,55,25,37,34,,48,34,38,47,15,17,1.0,1.5
2023-12-22T2300,1751A,122.9642,41.0971,鞍山市,铁西三道街,,49,49,74,28,44,13,,44,17,65,56,21,22,1.5,1.5
2023-12-22T2300,1752A,122.9341,41.0833,鞍山市,铁西工业园区,,43,43,80,23,53,28,,49,22,54,55,17,19,1.6,1.8
2023-12-22T2300,1753A,123.022,41.0821,鞍山市,明达新区,,40,40,58,19,31,58,,52,45,17,33,12,19,0.5,1
2023-12-22T2300,1754A,123.1289,41.0228,鞍山市,千山,,,,,,,,,,,,,,,,
2023-12-22T2300,2195A,107.4212,40.761,巴彦淖尔市,附二中,颗粒物(PM10),70,90,63,49,33,10,,44,21,50,32,14,13,0.9,0.7
2023-12-22T2300,2196A,107.37,40.7372,巴彦淖尔市,市环保大楼,细颗粒物(PM2.5),65,77,54,47,29,6,,46,21,51,27,9,9,1.0,0.8
2023-12-22T2300,1956A,86.1472,41.7538,巴音郭楞州,孔雀公园,颗粒物(PM10),128,206,190,55,51,1,,59,44,94,57,4,4,1.1,0.9
2023-12-22T2300,1957A,86.1972,41.7166,巴音郭楞州,棉纺厂,颗粒物(PM10),178,306,213,61,50,13,,56,41,67,58,1,3,0.9,0.9
2023-12-22T2300,1958A,86.2357,41.7173,巴音郭楞州,经济开发区,颗粒物(PM10),145,239,191,59,47,6,,56,43,74,55,3,3,0.6,0.6
2023-12-22T2300,2914A,106.7677,31.8794,巴中市,苏山坪,细颗粒物(PM2.5),59,58,55,42,38,46,,54,51,17,16,5,4,0.4,0.5
2023-12-22T2300,3182A,106.7656,31.8545,巴中市,丽阳花园,细颗粒物(PM2.5),88,87,67,65,50,4,,39,18,37,30,4,4,0.8,0.8
2023-12-22T2300,3183A,106.7418,31.8654,巴中市,圣泉水务公司,细颗粒物(PM2.5),90,90,59,67,41,3,,34,13,39,33,3,3,0.7,0.5
2023-12-22T2300,3616A,106.7616,31.8344,巴中市,市中心医院,细颗粒物(PM2.5),112,113,66,84,49,4,,40,18,38,27,5,4,0.9,0.6
2023-12-22T2300,2235A,122.7911,45.6077,白城市,洮北区环保局,,37,37,36,20,19,48,,67,56,18,12,7,7,0.6,0.5
2023-12-22T2300,2236A,122.8738,45.5725,白城市,市环保局,,43,43,41,16,20,51,,64,53,20,16,9,6,0.5,0.5
2023-12-22T2300,2231A,126.4219,41.9171,白山市,喜丰,颗粒物(PM10),79,107,72,53,42,8,,48,27,56,34,20,27,1.3,1
2023-12-22T2300,2232A,126.4077,41.9419,白山市,环保局,细颗粒物(PM2.5),98,130,107,73,49,5,,42,15,64,40,28,22,1.6,1.1
2023-12-22T2300,2647A,104.1724,36.5446,白银市,第三小学,颗粒物(PM10),82,113,103,47,35,9,,57,34,63,47,25,79,1.0,1.6
2023-12-22T2300,2648A,104.1465,36.5482,白银市,动力公司,颗粒物(PM10),78,105,89,52,41,16,,76,49,59,40,14,33,1.1,1.1
2023-12-22T2300,2512A,106.6103,23.9011,百色市,市监测站,颗粒物(PM10),55,60,53,36,29,38,,81,62,33,19,11,8,0.8,0.7
2023-12-22T2300,2513A,106.6538,23.8859,百色市,市中心血站,颗粒物(PM10),63,75,61,38,36,44,,91,66,27,22,12,16,0.7,0.7
2023-12-22T2300,3406A,106.6085,23.8798,百色市,祈福高中,颗粒物(PM10),65,79,54,45,33,12,,88,52,49,22,7,9,0.7,0.6
2023-12-22T2300,2270A,117.396,32.939,蚌埠市,工人疗养院,,46,42,46,32,32,44,,65,43,33,31,9,9,0.6,0.6
2023-12-22T2300,2271A,117.3605,32.9427,蚌埠市,百货大楼,,36,31,46,25,30,51,,65,37,27,30,6,7,0.7,0.7
2023-12-22T2300,2273A,117.4185,32.8911,蚌埠市,蚌埠学院,,42,36,46,29,31,49,,68,50,19,27,3,4,0.4,0.4
2023-12-22T2300,2274A,117.3533,32.9673,蚌埠市,淮上区政府,,48,48,57,31,41,43,,68,42,34,31,6,7,0.6,0.6
2023-12-22T2300,2275A,117.3145,32.8977,蚌埠市,高新区,,44,44,45,30,33,37,,68,48,36,34,6,6,0.4,0.4
2023-12-22T2300,3715A,117.3092,32.9314,蚌埠市,蚌埠田家炳中学,,42,40,57,29,37,39,,65,34,35,38,5,6,0.5,0.5
2023-12-22T2300,1585A,109.8756,40.6532,包头市,市环境监测站,细颗粒物(PM2.5),82,86,76,60,55,5,,30,15,68,56,19,35,1.3,1.2
2023-12-22T2300,1587A,109.9991,40.5842,包头市,包头八中,细颗粒物(PM2.5),107,114,96,80,62,4,,31,14,67,55,19,36,1.5,1.3
2023-12-22T2300,1588A,109.8538,40.6821,包头市,青山宾馆,细颗粒物(PM2.5),109,98,82,82,59,6,,29,14,70,62,16,27,1.7,1.5
2023-12-22T2300,1589A,109.8642,40.6288,包头市,惠龙物流,细颗粒物(PM2.5),104,91,81,78,57,3,,32,13,70,57,16,28,1.4,1.4
2023-12-22T2300,1590A,110.0377,40.5546,包头市,东河鸿龙湾,细颗粒物(PM2.5),104,107,82,78,50,25,,39,22,70,54,19,19,1.9,1
2023-12-22T2300,3283A,109.9154,40.5685,包头市,滨河大厦,细颗粒物(PM2.5),88,86,70,65,52,4,,38,13,62,42,14,17,1.3,0.7
2023-12-22T2300,3419A,109.9447,40.6261,包头市,包头市委党校,细颗粒物(PM2.5),102,118,75,76,53,9,,35,18,73,58,21,33,1.8,1.3
2023-12-22T2300,3683A,109.8331,40.6576,包头市,昆区政府,细颗粒物(PM2.5),109,89,76,82,62,7,,26,11,76,60,21,31,1.8,1.5
2023-12-22T2300,1930A,107.185,34.3063,宝鸡市,庙沟村,细颗粒物(PM2.5),87,98,95,64,63,1,,25,7,46,40,8,8,0.6,0.7
2023-12-22T2300,1931A,107.0708,34.3017,宝鸡市,竹园沟,细颗粒物(PM2.5),90,69,84,67,66,7,,36,19,38,36,3,4,0.8,0.7
2023-12-22T2300,1932A,107.1906,34.3672,宝鸡市,三陆医院,细颗粒物(PM2.5),163,162,112,124,75,7,,27,13,53,53,26,11,1.1,1
2023-12-22T2300,1933A,107.1431,34.3547,宝鸡市,监测站,细颗粒物(PM2.5),115,104,99,87,70,6,,32,13,46,43,4,5,1.1,0.9
2023-12-22T2300,1934A,107.1186,34.3739,宝鸡市,技工学校,细颗粒物(PM2.5),122,117,96,92,64,9,,34,14,42,39,7,9,0.9,0.8
2023-12-22T2300,1935A,107.3906,34.3528,宝鸡市,陈仓区环保局家属楼,细颗粒物(PM2.5),215,181,127,165,91,19,,27,20,70,57,9,8,1.5,0.9
2023-12-22T2300,1936A,107.2058,34.3497,宝鸡市,文理学院,细颗粒物(PM2.5),130,183,109,99,67,4,,26,,55,51,7,9,1.4,1.2
2023-12-22T2300,1937A,107.2386,34.3622,宝鸡市,三迪小学,细颗粒物(PM2.5),124,159,127,94,71,9,,28,15,50,47,8,9,1.1,1
2023-12-22T2300,1051A,115.493,38.8632,保定市,游泳馆,细颗粒物(PM2.5),117,,56,88,52,6,,34,11,72,54,3,3,1.7,1.2
2023-12-22T2300,1052A,115.5213,38.8959,保定市,华电二区,细颗粒物(PM2.5),110,93,66,83,59,4,,25,8,78,58,7,4,1.1,0.7
2023-12-22T2300,1053A,115.4713,38.9108,保定市,接待中心,细颗粒物(PM2.5),73,89,59,53,39,1,,43,13,72,50,1,2,1.0,0.6
2023-12-22T2300,1054A,115.4612,38.8416,保定市,地表水厂,细颗粒物(PM2.5),127,110,69,96,51,4,,33,10,84,65,3,3,0.9,0.5
2023-12-22T2300,1056A,115.5086,38.8639,保定市,监测站,细颗粒物(PM2.5),124,104,72,94,48,1,,20,6,84,68,8,6,0.8,0.5
2023-12-22T2300,3581A,115.31981,38.95208,保定市,满城区生态环境分局,细颗粒物(PM2.5),83,95,56,61,38,2,,44,12,80,54,4,2,1.5,1
2023-12-22T2300,3582A,115.47694,38.76408,保定市,清苑区第二中学,细颗粒物(PM2.5),127,96,62,96,56,7,,34,14,86,66,3,3,1.2,0.9
2023-12-22T2300,3583A,115.62909,39.02311,保定市,徐水物探局,细颗粒物(PM2.5),117,114,73,88,51,2,,35,8,28,44,1,2,1.4,0.9
2023-12-22T2300,4004A,115.4202,38.8656,保定市,双鹰农机,细颗粒物(PM2.5),88,92,62,65,42,3,,44,14,77,56,1,2,0.9,0.6
2023-12-22T2300,2594A,99.1678,25.1081,保山市,市环境监测站,,28,28,26,16,15,43,,68,58,10,13,5,6,0.7,0.6
2023-12-22T2300,2595A,99.1711,25.1328,保山市,市环保局,,24,24,28,13,16,54,,70,65,4,9,6,6,0.3,0.3
2023-12-22T2300,1866A,109.2262,21.588,北海市,牛尾岭水库,,,,,,,,,,,,,,,,
2023-12-22T2300,1867A,109.1436,21.4086,北海市,海滩公园,细颗粒物(PM2.5),62,66,56,44,37,86,,96,95,11,11,9,9,0.5,0.5
2023-12-22T2300,1868A,109.0981,21.4661,北海市,新市环保局,细颗粒物(PM2.5),67,60,51,48,41,91,,104,103,12,10,9,7,0.6,0.6
2023-12-22T2300,1869A,109.1778,21.5233,北海市,北海工业园,细颗粒物(PM2.5),62,63,60,44,41,85,,92,91,11,12,9,9,0.7,0.7
2023-12-22T2300,3400A,109.1911,21.4415,北海市,龙潭自来水厂,细颗粒物(PM2.5),62,59,51,44,38,83,,93,91,12,10,14,9,0.5,0.5
2023-12-22T2300,1001A,116.3621,39.8784,北京市,万寿西宫,颗粒物(PM10),56,62,39,39,20,2,,38,12,83,50,3,2,0.5,0.3
2023-12-22T2300,1002A,116.2202,40.2915,北京市,定陵,,41,41,24,28,13,34,,55,42,21,10,8,4,0.4,0.2
2023-12-22T2300,1003A,116.4174,39.9289,北京市,东四,颗粒物(PM10),57,64,42,37,17,5,,38,16,64,36,2,2,0.9,0.7
2023-12-22T2300,1004A,116.4072,39.8863,北京市,天坛,颗粒物(PM10),51,52,34,31,16,10,,47,21,57,41,3,2,0.5,0.3
2023-12-22T2300,1005A,116.462,39.9365,北京市,农展馆,颗粒物(PM10),62,73,38,37,15,3,,47,14,80,39,3,3,0.7,0.3
2023-12-22T2300,1006A,116.3392,39.9295,北京市,官园,颗粒物(PM10),60,70,42,33,18,1,,45,14,72,39,3,3,0.8,0.5
2023-12-22T2300,1007A,116.2878,39.9611,北京市,海淀万柳,颗粒物(PM10),75,100,54,34,16,8,,43,19,77,47,3,3,0.9,0.6
2023-12-22T2300,1008A,116.6636,40.135,北京市,顺义新城,,50,50,24,21,12,4,,58,28,68,21,1,1,0.6,0.3
2023-12-22T2300,1009A,116.6275,40.3275,北京市,怀柔镇,,40,40,24,23,13,23,,60,43,33,20,4,3,0.6,0.4
2023-12-22T2300,1010A,116.2296,40.217,北京市,昌平镇,,45,45,36,30,23,31,,53,38,25,12,5,3,0.6,0.4
2023-12-22T2300,1011A,116.3966,39.9821,北京市,奥体中心,颗粒物(PM10),62,73,39,32,15,6,,47,17,71,40,3,3,0.8,0.5
2023-12-22T2300,1012A,116.184,39.9136,北京市,古城,颗粒物(PM10),61,72,41,29,18,1,,46,16,68,36,2,2,0.6,0.3
2023-12-22T2300,3281A,115.9718,40.4529,北京市,延庆夏都,颗粒物(PM10),56,62,40,39,20,8,,49,26,50,20,4,5,0.6,0.4
2023-12-22T2300,3417A,117.0709,40.1465,北京市,平谷新城,,43,43,18,25,10,19,,68,36,37,13,1,1,0.6,0.3
2023-12-22T2300,3418A,116.8336,40.4095,北京市,密云新城,,30,30,15,17,8,27,,69,47,27,10,3,3,0.4,0.2
2023-12-22T2300,3671A,116.088,39.9726,北京市,门头沟三家店,,,,,,,,,,,,,,,,
2023-12-22T2300,3672A,116.1541,39.8204,北京市,丰台云岗,,48,48,41,28,21,9,,45,20,54,35,5,2,0.6,0.6
2023-12-22T2300,3673A,116.6804,39.9081,北京市,通州东关,颗粒物(PM10),59,68,38,35,16,2,,48,13,78,36,1,2,0.5,0.3
2023-12-22T2300,3674A,115.9577,39.7603,北京市,房山燕山,,40,40,33,26,19,27,,47,27,29,27,3,2,0.5,0.4
2023-12-22T2300,3675A,116.4672,39.7733,北京市,大兴旧宫,颗粒物(PM10),64,78,47,42,23,2,,40,14,77,58,3,2,0.6,0.4
2023-12-22T2300,3694A,115.986,40.4563,北京市,延庆石河营,细颗粒物(PM2.5),58,62,38,41,19,12,,51,26,47,21,6,5,0.6,0.4
2023-12-22T2300,3695A,116.6151,40.3053,北京市,怀柔新城,,33,33,21,21,10,34,,58,46,22,14,2,2,0.4,0.2
2023-12-22T2300,3696A,116.2545,39.8768,北京市,丰台小屯,颗粒物(PM10),71,92,56,40,22,2,,42,17,91,60,3,2,0.8,0.6
2023-12-22T2300,3697A,116.84,40.3844,北京市,密云镇,,42,42,24,20,12,2,,65,28,57,23,1,1,0.6,0.3
2023-12-22T2300,1761A,123.8275,41.3064,本溪市,大峪,细颗粒物(PM2.5),62,67,72,44,47,14,,39,29,60,52,7,12,1.4,1.7
2023-12-22T2300,1762A,123.7567,41.3325,本溪市,溪湖,细颗粒物(PM2.5),78,92,102,57,53,9,,28,23,67,54,11,14,2.5,1.9
2023-12-22T2300,1763A,123.7169,41.3094,本溪市,彩屯,细颗粒物(PM2.5),59,54,95,42,62,11,,42,24,63,52,11,13,1.8,2.1
2023-12-22T2300,1764A,123.7669,41.2864,本溪市,东明,细颗粒物(PM2.5),69,81,80,50,53,10,,36,21,70,58,10,16,1.8,2
2023-12-22T2300,1765A,123.7992,41.2664,本溪市,新立屯,,38,,50,26,40,8,,42,19,64,51,8,14,0.6,1.4
2023-12-22T2300,1766A,123.8142,41.3472,本溪市,威宁,细颗粒物(PM2.5),78,102,93,57,58,6,,40,17,63,48,6,7,1.7,1.5
2023-12-22T2300,2587A,105.2864,27.3125,毕节市,八中,,20,18,40,14,34,32,,40,32,16,18,7,7,0.6,0.6
2023-12-22T2300,2588A,105.31,27.2944,毕节市,师专,,29,22,41,20,37,33,,45,35,15,16,5,6,0.6,0.6
2023-12-22T2300,3537A,105.3631,27.3533,毕节市,长征村,,48,34,42,33,39,42,,44,35,16,13,8,7,0.5,0.5
2023-12-22T2300,1629A,118.0018,37.3617,滨州市,第二水厂,细颗粒物(PM2.5),97,97,84,72,57,8,,56,27,75,52,16,26,1.2,1.1
2023-12-22T2300,1630A,117.9776,37.393,滨州市,北中新校,细颗粒物(PM2.5),105,114,86,79,58,4,,54,21,87,51,16,25,1.1,0.9
2023-12-22T2300,3514A,117.9378,37.3956,滨州市,中海酒店,细颗粒物(PM2.5),108,105,81,81,66,15,,60,27,94,60,21,31,1.9,1.2
2023-12-22T2300,3515A,117.9378,37.3553,滨州市,开发区一中,细颗粒物(PM2.5),89,83,82,66,58,18,,54,25,69,57,17,21,0.7,0.7
2023-12-22T2300,3516A,118.0917,37.694,滨州市,金海六路,细颗粒物(PM2.5),145,155,101,111,73,2,,53,20,93,61,21,19,1.1,0.9
2023-12-22T2300,4028A,117.9956,37.3753,滨州市,滨州市西街道办事处,细颗粒物(PM2.5),100,118,89,75,61,5,,53,23,75,51,19,36,1.4,1.3
2023-12-22T2300,2311A,115.8072,33.8399,亳州市,污水处理厂,细颗粒物(PM2.5),57,61,63,40,41,52,,62,51,16,25,5,9,0.4,0.4
2023-12-22T2300,2312A,115.7789,33.8518,亳州市,三国揽胜宫,颗粒物(PM10),59,67,70,39,44,49,,60,51,17,22,8,12,0.4,0.6
2023-12-22T2300,3332A,115.7633,33.8034,亳州市,亳州学院,细颗粒物(PM2.5),59,62,71,42,43,50,,66,53,16,21,4,11,0.3,0.4
2023-12-22T2300,2693A,82.0485,44.8556,博尔塔拉蒙古自治州,市党校,细颗粒物(PM2.5),69,81,94,50,61,38,,38,36,20,28,15,17,0.2,0.6
2023-12-22T2300,2694A,82.0806,44.8969,博尔塔拉蒙古自治州,市环保局,,,,88,,45,25,,39,34,39,37,15,14,0.3,1.3
2023-12-22T2300,1071A,116.8842,38.2991,沧州市,沧县城建局,细颗粒物(PM2.5),156,143,87,119,66,11,,46,24,83,62,10,11,1.6,1
2023-12-22T2300,1072A,116.8584,38.3254,沧州市,电视转播站,细颗粒物(PM2.5),144,116,76,110,58,8,,47,20,84,63,10,12,1.1,0.8
2023-12-22T2300,1073A,116.8709,38.3228,沧州市,市环保局,细颗粒物(PM2.5),145,129,74,111,59,16,,47,22,64,53,7,6,1.3,1
2023-12-22T2300,3324A,116.8136,38.3004,沧州市,河北水利电力学院,细颗粒物(PM2.5),153,139,89,117,70,6,,47,15,81,63,10,12,1.3,0.9
2023-12-22T2300,2622A,97.1806,31.1273,昌都市,昌都监测站,,46,45,26,32,11,20,,70,60,58,23,7,6,1.5,0.8
2023-12-22T2300,3719A,97.1714,31.1406,昌都市,昌都会议中心,,20,20,12,7,6,64,,79,76,8,7,4,4,0.4,0.3
2023-12-22T2300,2690A,88.1236,43.8886,昌吉州,天山天池,,22,2,3,0,2,70,,80,71,5,4,6,6,0.3,0.3
2023-12-22T2300,2692A,87.2717,44.0297,昌吉州,新区政务中心,细颗粒物(PM2.5),138,145,186,105,143,14,,46,,81,43,7,7,1.5,1.5
2023-12-22T2300,3613A,87.3095,44.0142,昌吉州,亚心广场,细颗粒物(PM2.5),144,146,184,110,158,50,,54,54,50,43,4,15,1.2,1.5
2023-12-22T2300,1119A,125.3325,43.9166,长春市,食品厂,细颗粒物(PM2.5),83,74,54,61,40,17,,42,23,60,47,17,23,0.9,0.7
2023-12-22T2300,1120A,125.2863,43.9027,长春市,客车厂,细颗粒物(PM2.5),87,80,55,64,47,18,,43,25,58,43,17,16,0.9,0.7
2023-12-22T2300,1121A,125.2841,43.8463,长春市,邮电学院,细颗粒物(PM2.5),82,86,60,60,46,12,,46,23,66,45,19,16,0.8,0.7
2023-12-22T2300,1122A,125.3716,43.8772,长春市,劳动公园,细颗粒物(PM2.5),72,78,58,52,40,11,,44,18,69,49,23,22,0.6,0.4
2023-12-22T2300,1123A,125.3297,43.8805,长春市,园林处,细颗粒物(PM2.5),70,70,51,51,38,11,,40,19,72,51,29,25,0.9,0.8
2023-12-22T2300,1124A,125.4605,43.79,长春市,净月潭,细颗粒物(PM2.5),57,59,49,40,37,30,,49,34,28,23,6,9,0.5,0.4
2023-12-22T2300,1125A,125.7194,43.515,长春市,甩湾子,,,,,,,,,,,,,,,,
2023-12-22T2300,1126A,125.3863,43.8447,长春市,经开区环卫处,细颗粒物(PM2.5),69,76,60,50,42,10,,46,19,57,41,15,11,0.7,0.8
2023-12-22T2300,1127A,125.245,43.7783,长春市,高新区管委会,细颗粒物(PM2.5),70,72,58,51,47,12,,50,20,58,42,12,11,0.7,0.7
2023-12-22T2300,1128A,125.1761,43.8325,长春市,岱山公园,细颗粒物(PM2.5),69,74,59,50,45,29,,58,35,50,42,13,9,1.0,0.8
2023-12-22T2300,1335A,113.0833,28.2325,长沙市,经开区环保局,颗粒物(PM10),57,63,54,33,27,30,,69,55,45,29,6,6,0.5,0.4
2023-12-22T2300,1336A,112.8872,28.2189,长沙市,高开区环保局,,50,50,60,31,34,50,,72,66,19,18,5,7,0.6,0.7
2023-12-22T2300,1337A,113.0792,28.2053,长沙市,马坡岭,颗粒物(PM10),54,57,52,31,28,38,,70,59,34,23,9,8,0.6,0.5
2023-12-22T2300,1338A,112.9394,28.19,长沙市,湖南师范大学,"颗粒物(PM10),细颗粒物(PM2.5)",53,56,57,37,32,49,,74,68,25,22,7,6,0.6,0.7
2023-12-22T2300,1339A,113.0178,28.1322,长沙市,雨花区环保局,颗粒物(PM10),51,51,50,33,32,41,,67,59,35,24,4,2,0.6,0.4
2023-12-22T2300,1340A,112.9792,28.2597,长沙市,伍家岭,颗粒物(PM10),53,56,59,30,29,42,,69,59,29,27,7,6,0.6,0.6
2023-12-22T2300,1341A,113.0014,28.1944,长沙市,火车新站,颗粒物(PM10),51,52,52,31,30,46,,73,64,30,23,6,4,0.4,0.3
2023-12-22T2300,1342A,112.9844,28.1178,长沙市,天心区环保局,颗粒物(PM10),51,52,51,29,23,46,,72,63,34,21,7,6,0.5,0.4
2023-12-22T2300,1343A,112.8908,28.1308,长沙市,湖南中医药大学,颗粒物(PM10),53,55,60,30,36,43,,70,62,28,22,4,4,0.5,0.5
2023-12-22T2300,1344A,112.9581,28.3611,长沙市,沙坪,,38,38,43,26,25,45,,77,65,23,16,6,6,0.5,0.5
2023-12-22T2300,1727A,113.1147,36.1547,长治市,清华站,颗粒物(PM10),59,68,52,31,29,22,,35,12,49,50,19,19,1.2,1
2023-12-22T2300,1728A,113.1031,36.1989,长治市,监测站,颗粒物(PM10),51,52,51,34,26,30,,43,19,44,49,16,17,1.0,0.6
2023-12-22T2300,1730A,113.0886,36.2125,长治市,审计局,,49,46,40,34,26,32,,41,20,36,45,18,21,1.4,1
2023-12-22T2300,1731A,113.0844,36.1856,长治市,长治八中,细颗粒物(PM2.5),52,52,49,36,24,27,,43,17,43,47,21,22,1.3,0.8
2023-12-22T2300,2845A,113.1569,36.1911,长治市,德盛苑,,44,44,40,29,23,36,,50,29,34,33,20,18,1.2,0.9
2023-12-22T2300,3568A,113.06,36.0464,长治市,向阳小学,颗粒物(PM10),62,74,65,43,35,17,,48,21,71,51,24,24,1.2,1.1
2023-12-22T2300,3569A,112.8792,36.3144,长治市,屯留一中,颗粒物(PM10),54,58,45,34,23,40,,48,42,36,38,17,17,1.6,1
2023-12-22T2300,3570A,113.235,36.3489,长治市,潞城四中,颗粒物(PM10),71,92,65,46,38,20,,49,34,47,33,20,18,1.2,0.9
2023-12-22T2300,1854A,111.6975,28.9703,常德市,市二中,细颗粒物(PM2.5),72,75,78,52,55,63,,85,77,22,23,12,7,0.5,0.6
2023-12-22T2300,1857A,111.7158,29.1456,常德市,白鹤山,颗粒物(PM10),73,95,82,35,26,69,,76,74,11,13,8,7,0.2,0.3
2023-12-22T2300,3138A,111.7153,29.0289,常德市,武陵区永安,细颗粒物(PM2.5),65,76,73,47,47,62,,78,72,20,19,12,9,0.5,0.5
2023-12-22T2300,3139A,111.6892,28.9881,常德市,鼎城区玉霞,细颗粒物(PM2.5),69,78,84,50,58,65,,85,79,20,24,12,8,0.5,0.8
2023-12-22T2300,3140A,111.6625,29.0531,常德市,武陵区长庚,细颗粒物(PM2.5),63,72,83,45,52,65,,80,76,18,22,8,7,0.4,0.5
2023-12-22T2300,1196A,119.9633,31.762,常州市,市监测站,,42,42,43,23,29,22,,60,38,53,29,8,8,0.7,0.6
2023-12-22T2300,1200A,119.9468,31.7069,常州市,武进监测站,颗粒物(PM10),52,54,46,34,26,7,,55,29,72,34,5,5,0.8,0.6
2023-12-22T2300,1201A,119.9255,31.9087,常州市,安家,颗粒物(PM10),54,58,42,29,25,5,,59,27,72,40,7,7,0.7,0.7
2023-12-22T2300,3002A,119.9805,31.8174,常州市,行政中心,,42,40,39,29,24,11,,57,32,54,27,6,6,0.7,0.7
2023-12-22T2300,3003A,120.0522,31.7748,常州市,经开区,,38,38,40,21,22,10,,63,40,68,30,8,8,0.8,0.8
2023-12-22T2300,3010A,119.9025,31.7964,常州市,钟楼,,41,41,39,26,27,18,,56,29,61,44,8,8,0.5,0.5
2023-12-22T2300,3429A,119.8598,31.7066,常州市,武进经发区,,50,50,42,32,25,11,,65,42,74,30,9,8,0.8,0.6
2023-12-22T2300,3430A,119.5826,31.7245,常州市,金坛城区,,50,49,42,35,28,31,,68,45,41,22,9,7,0.8,0.8
2023-12-22T2300,2220A,120.4318,41.5881,朝阳市,西梁,细颗粒物(PM2.5),119,101,43,90,27,7,,56,27,65,32,16,15,2.1,1
2023-12-22T2300,2221A,120.4521,41.5646,朝阳市,河畔小区,细颗粒物(PM2.5),59,51,38,42,24,32,,57,36,41,27,10,14,1.2,1
2023-12-22T2300,2222A,120.4176,41.5648,朝阳市,八里堡,细颗粒物(PM2.5),69,68,47,50,23,6,,53,23,63,32,14,18,1.4,1
2023-12-22T2300,2223A,120.3806,41.5969,朝阳市,农业园区,细颗粒物(PM2.5),55,39,30,39,20,12,,62,33,60,22,14,14,1.2,0.8
2023-12-22T2300,1705A,116.6367,23.6719,潮州市,西园路,颗粒物(PM10),55,60,44,33,31,75,,79,78,16,10,9,5,0.3,0.2
2023-12-22T2300,1706A,116.6447,23.6706,潮州市,档案局,颗粒物(PM10),53,56,47,33,29,75,,80,79,18,12,10,6,0.5,0.5
2023-12-22T2300,3026A,116.6183,23.6608,潮州市,市政府,颗粒物(PM10),56,62,46,32,26,74,,83,81,18,13,8,6,0.6,0.6
2023-12-22T2300,2472A,113.0073,25.9061,郴州市,马头岭,颗粒物(PM10),65,79,91,39,40,10,,28,22,49,34,5,5,1.1,1.1
2023-12-22T2300,2473A,113.0116,25.8226,郴州市,市职中,细颗粒物(PM2.5),82,68,74,60,53,30,,79,63,39,23,5,7,0.8,0.7
2023-12-22T2300,2474A,113.0161,25.8001,郴州市,兴隆步行街,细颗粒物(PM2.5),75,75,86,55,59,51,,80,72,32,23,5,7,0.6,0.6
2023-12-22T2300,2475A,113.0383,25.8071,郴州市,市审计局,细颗粒物(PM2.5),74,73,72,54,46,45,,83,72,31,21,8,9,0.9,0.7
2023-12-22T2300,2476A,113.0348,25.7759,郴州市,市环保局,细颗粒物(PM2.5),82,79,77,60,62,54,,74,66,28,21,6,8,0.6,0.6
2023-12-22T2300,1431A,103.9728,30.7236,成都市,金泉两河,细颗粒物(PM2.5),108,108,112,81,88,0,,10,5,43,40,1,5,1.0,0.9
2023-12-22T2300,1432A,104.176,30.6872,成都市,十里店,细颗粒物(PM2.5),127,108,102,96,82,3,,20,5,51,44,1,2,0.7,0.7
2023-12-22T2300,1433A,104.079,30.5706,成都市,三瓦窑,细颗粒物(PM2.5),109,124,117,82,77,0,,24,4,56,44,2,3,0.9,0.7
2023-12-22T2300,1434A,104.1114,30.63,成都市,沙河铺,细颗粒物(PM2.5),134,104,104,102,82,0,,20,2,50,39,3,3,0.9,0.8
2023-12-22T2300,1437A,104.0786,30.6531,成都市,君平街,细颗粒物(PM2.5),134,130,127,102,100,9,,18,4,45,43,4,8,0.8,0.8
2023-12-22T2300,1438A,103.613,31.0283,成都市,灵岩寺,,50,,93,35,46,67,,51,51,9,21,8,11,1.2,1.4
2023-12-22T2300,2880A,104.0239,30.65639,成都市,大石西路,细颗粒物(PM2.5),125,107,116,95,95,2,,16,3,56,49,4,4,0.9,0.9
2023-12-22T2300,3136A,104.2725,30.5589,成都市,龙泉驿区区政府,细颗粒物(PM2.5),122,134,98,92,75,2,,50,19,46,28,2,2,0.9,0.6
2023-12-22T2300,3357A,104.0106,30.6931,成都市,金博路,细颗粒物(PM2.5),139,109,118,106,94,1,,10,3,49,47,3,2,0.8,0.8
2023-12-22T2300,3359A,104.0578,30.5225,成都市,华阳,细颗粒物(PM2.5),117,119,105,88,80,0,,33,10,56,36,2,2,0.7,0.5
2023-12-22T2300,3487A,104.2394,30.5319,成都市,车城东七路,细颗粒物(PM2.5),124,133,101,94,77,2,,51,21,50,30,2,2,0.9,0.6
2023-12-22T2300,3488A,104.3853,30.7453,成都市,青白江技师分院,细颗粒物(PM2.5),118,114,95,89,82,1,,38,8,42,37,4,3,0.8,0.6
2023-12-22T2300,3489A,104.0789,30.4072,成都市,科学城,细颗粒物(PM2.5),113,99,83,85,72,2,,50,26,45,30,2,2,0.9,0.6
2023-12-22T2300,4011A,103.8506,30.6947,成都市,光华大道三段,细颗粒物(PM2.5),92,87,103,68,78,8,,19,10,42,40,3,3,0.6,0.6
2023-12-22T2300,1062A,117.9531,40.9081,承德市,铁路,细颗粒物(PM2.5),58,60,41,41,21,9,,58,24,59,33,10,12,0.9,0.6
2023-12-22T2300,1063A,117.9392,40.9763,承德市,中国银行,颗粒物(PM10),70,89,48,40,18,10,,59,28,62,34,8,6,1.0,0.5
2023-12-22T2300,1064A,117.9503,40.928,承德市,开发区,颗粒物(PM10),72,93,52,46,26,4,,59,24,64,38,9,7,1.1,0.6
2023-12-22T2300,1065A,117.8051,40.9655,承德市,文化中心,颗粒物(PM10),79,108,52,42,21,9,,62,23,67,33,8,8,0.8,0.6
2023-12-22T2300,1066A,117.9268,41.0026,承德市,离宫,,34,34,25,22,20,20,,60,37,36,17,2,2,0.4,0.3
2023-12-22T2300,2314A,117.47,30.6618,池州市,池州学院,细颗粒物(PM2.5),62,64,62,44,41,35,,54,42,29,25,7,9,0.5,0.5
2023-12-22T2300,3237A,117.4918,30.6617,池州市,展览馆,细颗粒物(PM2.5),60,66,65,43,40,40,,52,45,28,27,6,9,0.6,0.6
2023-12-22T2300,3333A,117.5627,30.695,池州市,第八中学,颗粒物(PM10),56,62,62,39,39,29,,58,42,30,26,4,6,0.6,0.5
2023-12-22T2300,3334A,117.5038,30.6243,池州市,第十二中学,细颗粒物(PM2.5),63,63,59,45,41,31,,62,42,36,36,5,6,0.6,0.5
2023-12-22T2300,1744A,118.9233,42.2816,赤峰市,松山一中,,29,26,24,20,16,19,,51,32,57,36,20,17,1.1,0.9
2023-12-22T2300,1745A,118.9576,42.2728,赤峰市,哈达街,,27,27,20,13,12,47,,60,46,27,24,10,9,0.7,0.7
2023-12-22T2300,1746A,118.8788,42.2554,赤峰市,天义路,,19,19,14,13,6,56,,78,55,26,20,10,9,0.6,0.5
2023-12-22T2300,3058A,119.2658,42.0353,赤峰市,银河街,,,147,62,,39,16,,60,32,69,39,42,34,3.3,1.6
2023-12-22T2300,3286A,118.9359,42.3147,赤峰市,桥北物流园区,,34,34,15,11,11,31,,70,37,49,34,13,12,0.9,0.7
2023-12-22T2300,2521A,107.3476,22.4136,崇左市,市环保局江州分局,颗粒物(PM10),61,71,60,42,36,58,,98,84,23,12,7,8,0.6,0.5
2023-12-22T2300,2522A,107.3702,22.3707,崇左市,城南新区,细颗粒物(PM2.5),77,70,53,56,33,57,,95,82,31,12,7,7,0.6,0.5
2023-12-22T2300,2298A,118.3093,32.3153,滁州市,老年大学,,39,39,43,21,26,20,,69,43,47,23,4,5,0.5,0.4
2023-12-22T2300,2299A,118.3244,32.2786,滁州市,人大宾馆,,50,50,43,30,29,13,,69,38,63,27,4,7,0.6,0.4
2023-12-22T2300,3207A,118.3118,32.3038,滁州市,市政府原办公楼,,37,37,38,25,24,21,,70,42,53,26,4,6,0.6,0.5
2023-12-22T2300,3331A,118.3267,32.2634,滁州市,图书馆,,45,45,40,21,20,12,,70,41,64,27,4,6,0.7,0.6
2023-12-22T2300,2605A,101.5482,25.0441,楚雄州,州环境监测站,,22,,16,15,15,39,,50,37,7,8,4,4,0.8,0.7
2023-12-22T2300,2606A,101.538,25.0492,楚雄州,市经济开发区,,28,21,21,19,16,36,,46,34,9,10,5,7,0.8,0.7
2023-12-22T2300,2548A,107.5277,31.2827,达州市,达州职业技术学院,细颗粒物(PM2.5),104,117,87,78,58,9,,39,20,35,26,7,5,0.9,0.7
2023-12-22T2300,2549A,107.5086,31.2186,达州市,市环境监测站,细颗粒物(PM2.5),92,105,83,68,56,2,,29,15,48,34,6,6,1.0,0.8
2023-12-22T2300,2550A,107.4988,31.2132,达州市,凤凰小区,细颗粒物(PM2.5),85,102,81,63,55,7,,39,22,50,34,8,7,0.9,0.8
2023-12-22T2300,2551A,107.5082,31.1986,达州市,达县机关宾馆,细颗粒物(PM2.5),98,114,84,73,56,5,,29,14,50,37,7,5,0.9,0.8
2023-12-22T2300,2552A,107.4644,31.2124,达州市,市政中心,细颗粒物(PM2.5),83,94,89,61,53,4,,32,16,60,40,6,6,1.0,1
2023-12-22T2300,2614A,100.1542,25.7054,大理州,大理市环境监测站,,27,27,20,18,16,53,,71,67,19,10,5,5,0.6,0.6
2023-12-22T2300,2615A,100.2171,25.5811,大理州,大理古城,,30,30,23,15,13,49,,78,60,20,17,6,6,0.8,0.8
2023-12-22T2300,1109A,121.612,38.9741,大连市,甘井子,,24,24,28,15,12,44,,63,36,28,28,10,8,0.7,0.7
2023-12-22T2300,1110A,121.565,38.9511,大连市,周水子,,,27,27,21,16,,,,,40,30,10,10,0.6,0.4
2023-12-22T2300,1111A,121.5637,38.8845,大连市,星海三站,,26,26,27,18,14,9,,61,30,50,24,7,13,0.8,0.4
2023-12-22T2300,1112A,121.6302,38.9117,大连市,青泥洼桥,,42,40,21,29,15,7,,56,34,74,30,14,13,1.2,0.5
2023-12-22T2300,1113A,121.6251,38.8638,大连市,傅家庄,,26,26,24,10,10,54,,65,59,28,22,27,19,0.8,0.6
2023-12-22T2300,1114A,121.5213,38.8661,大连市,七贤岭,,25,24,28,17,13,41,,68,47,27,24,7,17,1.2,0.9
2023-12-22T2300,1115A,121.2529,38.8061,大连市,旅顺,,19,19,20,12,12,58,,72,64,16,16,10,11,1.2,0.9
2023-12-22T2300,1116A,121.7485,39.1311,大连市,金州,,38,38,38,25,19,34,,67,44,35,21,4,6,1.0,0.7
2023-12-22T2300,1117A,121.7811,39.0496,大连市,开发区,,49,44,31,34,20,7,,56,19,74,34,12,9,1.1,0.6
2023-12-22T2300,1118A,121.9762,39.0631,大连市,双D港,,22,22,24,12,10,48,,72,62,23,12,9,9,0.8,0.6
2023-12-22T2300,1789A,124.81117,46.03138,大庆市,大同区,细颗粒物(PM2.5),80,73,57,59,46,26,,41,33,34,20,15,10,0.7,0.6
2023-12-22T2300,1790A,125.129,46.533,大庆市,龙凤区,细颗粒物(PM2.5),64,60,50,46,32,7,,38,18,58,38,5,6,0.9,0.7
2023-12-22T2300,1791A,124.902,46.408,大庆市,红岗区,,41,41,35,28,23,29,,48,43,36,20,5,6,0.5,0.3
2023-12-22T2300,1792A,125.153,46.586,大庆市,萨尔图区,颗粒物(PM10),54,57,46,34,30,16,,33,20,61,39,11,8,0.6,0.6
2023-12-22T2300,1793A,124.9042,46.6215,大庆市,让胡路区,,42,42,37,26,21,36,,40,26,28,26,4,5,0.5,0.5
2023-12-22T2300,3481A,125.141,46.634,大庆市,萨区政府监测点,细颗粒物(PM2.5),55,46,36,39,31,10,,38,17,55,38,9,11,1.1,0.7
2023-12-22T2300,1721A,113.3819,40.1097,大同市,果树场,,,,,,,,,,,,,,,,
2023-12-22T2300,1723A,113.2994,40.0758,大同市,云冈宾馆,细颗粒物(PM2.5),59,62,83,42,50,21,,30,13,56,54,39,31,1.1,1.7
2023-12-22T2300,1724A,113.3444,40.0917,大同市,大同大学,颗粒物(PM10),72,94,78,48,44,11,,34,14,65,45,36,29,1.5,1.5
2023-12-22T2300,1725A,113.2661,40.1269,大同市,安家小村,颗粒物(PM10),65,80,81,33,45,23,,35,15,52,51,33,29,0.9,1.6
2023-12-22T2300,1726A,113.2711,40.0844,大同市,教育学院,颗粒物(PM10),69,88,88,39,44,10,,29,12,68,55,42,31,1.2,1.4
2023-12-22T2300,3282A,113.3397,40.0597,大同市,大同市卫生学校,细颗粒物(PM2.5),83,93,80,61,57,10,,31,12,75,54,38,27,1.2,1.4
2023-12-22T2300,3565A,113.1367,40.1122,大同市,云冈站,细颗粒物(PM2.5),64,75,70,46,47,5,,39,13,69,45,53,52,1.0,0.9
2023-12-22T2300,3566A,113.1186,40.2556,大同市,图书馆,细颗粒物(PM2.5),124,138,88,94,63,8,,44,21,76,42,62,32,2.6,1.4
2023-12-22T2300,3567A,113.5931,40.0461,大同市,区一中,细颗粒物(PM2.5),150,186,76,115,47,8,,45,17,79,50,63,44,1.6,1.1
2023-12-22T2300,3676A,113.2802,40.0995,大同市,第二人民医院,颗粒物(PM10),81,111,91,50,49,14,,34,14,62,53,40,30,1.4,1.7
2023-12-22T2300,2269A,124.1069,50.4097,大兴安岭地区,科技局,,19,14,18,12,16,58,,68,62,6,8,3,4,0.3,0.4
2023-12-22T2300,3663A,124.1164,50.4278,大兴安岭地区,红旗社区,细颗粒物(PM2.5),87,78,38,64,28,10,,60,30,48,38,13,14,1.0,0.6
2023-12-22T2300,1600A,124.3303,40.0625,丹东市,江湾东路,细颗粒物(PM2.5),159,146,76,121,58,9,,56,30,71,35,20,26,2.5,1.9
2023-12-22T2300,1601A,124.4256,40.1503,丹东市,临江后街,细颗粒物(PM2.5),119,119,68,90,48,17,,56,32,62,35,22,19,2.4,1.5
2023-12-22T2300,1602A,124.3933,40.1461,丹东市,元宝山,细颗粒物(PM2.5),109,84,58,82,50,21,,49,37,52,32,15,20,1.9,1.3
2023-12-22T2300,1603A,124.3633,40.1092,丹东市,民主桥,细颗粒物(PM2.5),94,96,75,70,51,13,,49,22,54,40,18,24,1.9,1.6
2023-12-22T2300,3541A,109.5726,19.5167,儋州市,第一中学子站,颗粒物(PM10),52,53,41,28,24,66,,60,60,14,13,4,5,0.6,0.7
2023-12-22T2300,3542A,109.5567,19.5187,儋州市,东坡学校子站,颗粒物(PM10),52,53,42,31,26,63,,58,58,11,12,4,4,0.6,0.6
2023-12-22T2300,2616A,98.5842,24.428,德宏州,德宏州监测站,,48,48,51,8,33,31,,57,45,17,26,11,24,0.4,0.5
2023-12-22T2300,3677A,98.5881,24.4368,德宏州,芒市人民政府综合楼,颗粒物(PM10),57,63,44,39,28,24,,61,51,20,19,8,11,0.7,0.6
2023-12-22T2300,1901A,104.4239,31.1208,德阳市,东山公园,细颗粒物(PM2.5),118,116,99,89,78,3,,37,6,52,35,1,1,0.9,0.7
2023-12-22T2300,1902A,104.3826,31.1317,德阳市,西小区,细颗粒物(PM2.5),133,119,106,101,88,1,,7,4,47,43,4,3,1.0,1
2023-12-22T2300,1904A,104.3553,31.1091,德阳市,耐火材料厂,细颗粒物(PM2.5),135,115,110,103,85,1,,9,5,36,39,2,2,0.9,0.8
2023-12-22T2300,3639A,104.4019,31.1244,德阳市,市教育局,细颗粒物(PM2.5),125,103,92,95,77,1,,9,4,55,46,2,2,0.9,0.7
2023-12-22T2300,1622A,116.3032,37.4674,德州市,儿童乐园,细颗粒物(PM2.5),122,129,94,92,64,5,,56,40,91,48,14,15,1.4,1
2023-12-22T2300,1624A,116.2991,37.4451,德州市,监理站,细颗粒物(PM2.5),117,112,92,88,68,37,,60,52,68,57,16,14,1.2,1.1
2023-12-22T2300,3066A,116.2721,37.4379,德州市,九衢泉纯净水厂,细颗粒物(PM2.5),110,110,95,83,72,16,,53,35,89,70,16,13,1.2,1
2023-12-22T2300,3371A,116.3728,37.4403,德州市,开发区人民医院,细颗粒物(PM2.5),132,139,101,100,67,22,,54,27,67,53,15,10,1.3,1.1
2023-12-22T2300,3372A,116.3572,37.4094,德州市,太阳城中学,细颗粒物(PM2.5),152,143,103,116,83,16,,56,33,78,59,16,13,1.4,1.2
2023-12-22T2300,3511A,116.5652,37.3319,德州市,陵城艺术中心,细颗粒物(PM2.5),203,188,123,153,90,10,,62,37,77,62,46,13,1.8,1.2
2023-12-22T2300,2621A,99.7056,27.8317,迪庆州,迪庆州站,,48,48,28,27,18,55,,87,76,22,14,10,8,1.0,0.6
2023-12-22T2300,3180A,99.7136,27.8094,迪庆州,质量技术监督局,,22,22,26,13,19,69,,87,80,12,13,7,7,0.7,0.6
2023-12-22T2300,2663A,104.6241,35.5734,定西市,东关小学,细颗粒物(PM2.5),112,124,101,84,54,7,,70,44,49,28,21,18,1.3,1
2023-12-22T2300,2664A,104.6194,35.5934,定西市,供电公司,细颗粒物(PM2.5),83,111,94,61,48,8,,71,48,55,35,21,13,1.3,0.9
2023-12-22T2300,1389A,113.7547,23.0494,东莞市,莞城梨川,,46,46,49,29,30,76,,84,74,19,18,10,9,0.6,0.6
2023-12-22T2300,1390A,113.7944,23.0128,东莞市,东城石井,,48,48,49,28,29,67,,78,69,22,18,10,9,0.4,0.4
2023-12-22T2300,1391A,113.7383,22.9658,东莞市,南城西平,颗粒物(PM10),53,55,56,32,30,54,,78,59,37,26,10,9,0.2,0.4
2023-12-22T2300,3319A,113.7338,23.0381,东莞市,万江金泰,,47,47,50,29,31,66,,77,66,17,15,11,10,0.5,0.6
2023-12-22T2300,3626A,113.7533,23.0202,东莞市,南城元岭,,48,48,52,27,28,74,,81,68,15,15,7,6,0.6,0.6
2023-12-22T2300,3627A,113.7875,23.0457,东莞市,东城主山,,50,50,49,25,29,72,,81,68,19,17,10,9,0.6,0.7
2023-12-22T2300,1666A,118.6614,37.4309,东营市,市环保局,细颗粒物(PM2.5),89,85,59,66,39,9,,63,28,79,47,24,17,1.0,0.8
2023-12-22T2300,3036A,118.6904,37.4338,东营市,开发区管委会,细颗粒物(PM2.5),85,89,65,63,39,8,,64,29,85,47,17,12,0.9,0.7
2023-12-22T2300,3365A,118.5719,37.565,东营市,垦利区民丰路,细颗粒物(PM2.5),85,112,65,63,41,5,,58,26,92,50,28,17,1.1,0.8
2023-12-22T2300,3498A,118.5055,37.8612,东营市,河口城区,细颗粒物(PM2.5),117,110,71,88,49,12,,55,34,83,52,8,6,1.1,0.9
2023-12-22T2300,3646A,118.4978,37.4623,东营市,胜利站,细颗粒物(PM2.5),94,102,74,70,50,10,,50,24,84,56,18,16,1.0,0.5
2023-12-22T2300,3734A,118.35,37.26,东营市,理想之城,"颗粒物(PM10),细颗粒物(PM2.5)",73,95,67,53,41,6,,63,24,82,49,10,14,0.9,0.6
2023-12-22T2300,1591A,110.0023,39.8129,鄂尔多斯市,综合楼,,46,46,34,27,15,24,,59,46,62,36,16,15,0.5,0.7
2023-12-22T2300,1592A,109.9486,39.8261,鄂尔多斯市,巴音孟克林场办事处,,39,39,28,27,17,43,,67,54,35,26,15,19,0.6,0.6
2023-12-22T2300,1593A,109.7736,39.5986,鄂尔多斯市,康泽苑,细颗粒物(PM2.5),64,53,31,46,21,8,,60,49,74,31,8,10,0.9,0.7
2023-12-22T2300,1594A,109.8119,39.5989,鄂尔多斯市,华泰汽车城,,49,48,35,34,20,7,,54,35,76,49,9,13,0.8,0.6
2023-12-22T2300,1595A,109.9734,39.7884,鄂尔多斯市,奥林花园,颗粒物(PM10),52,53,39,34,18,19,,59,44,61,43,9,10,1.0,0.6
2023-12-22T2300,2436A,114.8938,30.3994,鄂州市,市政府,细颗粒物(PM2.5),77,73,54,56,40,19,,60,48,53,25,6,8,0.7,0.6
2023-12-22T2300,2437A,114.8989,30.3714,鄂州市,赵家坝,细颗粒物(PM2.5),94,89,58,70,42,3,,60,35,70,32,6,7,0.7,0.5
2023-12-22T2300,3654A,114.8094,30.4089,鄂州市,精准医疗中心,颗粒物(PM10),74,98,79,50,41,31,,60,49,40,29,9,10,0.7,0.7
2023-12-22T2300,2499A,108.3411,21.6158,防城港市,沙万,细颗粒物(PM2.5),75,63,52,55,36,83,,97,94,21,12,7,5,0.6,0.4
2023-12-22T2300,2500A,108.3514,21.7731,防城港市,防城档案局,颗粒物(PM10),82,113,78,53,38,68,,96,87,34,19,9,6,0.6,0.5
2023-12-22T2300,2501A,108.3506,21.6414,防城港市,大海花园,细颗粒物(PM2.5),62,56,52,44,32,85,,97,94,22,14,7,5,0.7,0.6
2023-12-22T2300,1371A,113.1294,23.0067,佛山市,湾梁,,46,46,68,28,30,68,,79,73,16,15,8,7,0.5,0.6
2023-12-22T2300,1372A,113.1083,23.0478,佛山市,华材职中,,49,44,70,34,39,68,,80,72,27,25,3,4,0.7,0.7
2023-12-22T2300,1373A,113.144,23.0453,佛山市,南海气象局,,48,39,58,33,34,69,,79,72,22,21,4,5,0.4,0.5
2023-12-22T2300,1374A,113.2881,22.8094,佛山市,顺德苏岗,细颗粒物(PM2.5),52,42,53,36,34,48,,72,61,36,23,9,8,0.6,0.6
2023-12-22T2300,1376A,112.8383,22.8678,佛山市,高明孔堂,,,54,67,,28,70,,81,75,18,16,12,10,0.6,0.6
2023-12-22T2300,1377A,112.8836,23.1588,佛山市,三水监测站,细颗粒物(PM2.5),58,48,64,41,41,70,,80,75,19,16,6,5,0.4,0.6
2023-12-22T2300,1378A,112.867,23.185,佛山市,三水云东海,,42,42,57,29,38,71,,82,78,20,17,6,6,0.6,0.6
2023-12-22T2300,3625A,113.2544,22.7642,佛山市,容桂街道办,颗粒物(PM10),58,66,66,34,34,50,,74,61,39,25,7,6,0.5,0.5
2023-12-22T2300,1280A,119.3903,26.0543,福州市,鼓山,,,,,,,,,,,,,,,,
2023-12-22T2300,1282A,119.2681,26.0504,福州市,师大,,29,29,36,18,24,73,,84,80,15,13,6,7,0.3,0.4
2023-12-22T2300,1283A,119.2984,26.1028,福州市,五四北路,,30,30,33,18,25,72,,81,78,15,13,4,5,0.5,0.6
2023-12-22T2300,1284A,119.2648,26.0768,福州市,杨桥西路,,30,30,38,15,22,70,,84,79,13,11,4,5,0.4,0.5
2023-12-22T2300,1285A,119.317,26.0746,福州市,紫阳,,30,29,38,21,24,71,,82,79,17,15,6,7,0.4,0.4
2023-12-22T2300,3048A,119.5799,26.0936,福州市,九龙,,24,22,28,9,18,74,,85,82,9,10,4,4,0.3,0.4
2023-12-22T2300,3526A,119.5189,25.9664,福州市,吴航,,24,22,35,9,16,76,,86,83,8,10,4,4,0.3,0.3
2023-12-22T2300,1755A,123.7977,41.8491,抚顺市,望花区,细颗粒物(PM2.5),92,90,108,68,79,10,,42,21,68,56,7,8,1.5,1.4
2023-12-22T2300,1756A,123.9161,41.8822,抚顺市,顺城区,细颗粒物(PM2.5),153,177,110,117,90,6,,38,16,69,56,6,8,2.0,1.5
2023-12-22T2300,1757A,124.0436,41.8611,抚顺市,东洲区,细颗粒物(PM2.5),59,66,81,42,57,39,,52,44,32,39,10,11,1.1,1.1
2023-12-22T2300,1758A,123.9247,41.8642,抚顺市,新抚区,细颗粒物(PM2.5),127,118,105,96,88,10,,45,19,71,60,14,12,2.0,1.3
2023-12-22T2300,1759A,124.0972,41.8961,抚顺市,大伙房水库,细颗粒物(PM2.5),84,,68,62,46,24,,52,44,43,34,8,10,1.1,0.9
2023-12-22T2300,1760A,123.7086,41.8391,抚顺市,沈抚新城,细颗粒物(PM2.5),105,123,126,79,77,16,,47,24,66,56,8,9,1.7,1.4
2023-12-22T2300,2376A,116.2127,28.0814,抚州市,桐源党溪,,49,48,49,34,27,40,,77,61,20,10,4,4,0.8,0.6
2023-12-22T2300,2377A,116.3544,27.9831,抚州市,市站,细颗粒物(PM2.5),57,62,45,40,26,43,,77,67,28,17,6,5,0.9,0.8
2023-12-22T2300,2378A,116.3565,27.963,抚州市,血防站,颗粒物(PM10),57,64,54,37,27,42,,73,64,26,15,5,5,0.9,0.8
2023-12-22T2300,2379A,116.3564,28.0007,抚州市,采茶剧团,,,94,46,42,28,38,,74,,22,14,2,2,,0.5
2023-12-22T2300,2380A,116.385,27.9647,抚州市,医学分院,颗粒物(PM10),56,61,47,35,25,37,,68,59,28,17,25,14,0.9,0.7
2023-12-22T2300,2207A,121.6094,41.998,阜新市,工业园区,,,,92,104,66,2,,53,20,61,47,23,32,1.9,1.5
2023-12-22T2300,2208A,121.6697,42.0279,阜新市,长青街,细颗粒物(PM2.5),206,175,68,156,40,5,,49,19,61,31,13,25,2.3,0.9
2023-12-22T2300,2209A,121.6673,42.0705,阜新市,农业园区,细颗粒物(PM2.5),62,58,55,44,34,41,,55,43,28,22,22,29,1.0,0.9
2023-12-22T2300,2210A,121.6717,42.0224,阜新市,东苑,细颗粒物(PM2.5),198,152,61,148,52,9,,50,22,62,32,27,27,2.2,1.1
2023-12-22T2300,2211A,121.6506,42.0498,阜新市,玉龙新城,细颗粒物(PM2.5),175,,87,132,62,11,,56,25,64,51,14,23,2.6,1.5
2023-12-22T2300,2301A,115.8277,32.8929,阜阳市,市监测站,细颗粒物(PM2.5),54,49,60,38,44,51,,64,56,20,25,6,7,0.4,0.4
2023-12-22T2300,2303A,115.8554,32.8605,阜阳市,开发区,颗粒物(PM10),57,63,80,30,41,54,,68,59,23,32,8,9,0.4,0.6
2023-12-22T2300,2875A,115.784,32.8892,阜阳市,阜阳职业技术学院,,49,45,60,34,41,58,,68,60,16,24,6,6,0.5,0.6
2023-12-22T2300,3468A,115.7901,32.8613,阜阳市,市规划展馆,颗粒物(PM10),51,52,62,33,40,49,,68,58,19,21,4,6,0.3,0.3
2023-12-22T2300,3469A,115.836,32.9183,阜阳市,枣园社区,,49,49,61,32,40,58,,67,59,22,28,2,3,0.4,0.5
2023-12-22T2300,2669A,102.9099,34.9841,甘南州,州政府,,42,42,75,25,39,77,,77,76,5,26,6,15,0.1,0.8
2023-12-22T2300,3380A,102.8914,34.9617,甘南州,甘肃民族师范学院,,,41,69,6,29,78,,72,71,5,29,2,12,,1.4
2023-12-22T2300,2570A,101.9603,30.0475,甘孜藏族自治州,水桥子,,35,31,28,24,17,22,,65,52,38,25,9,9,0.5,0.4
2023-12-22T2300,3065A,101.9533,29.9972,甘孜藏族自治州,州环保局,,31,31,26,11,9,23,,70,51,41,20,8,8,0.4,0.4
2023-12-22T2300,3414A,115.8347,28.932,赣江新区,桑海产业园,颗粒物(PM10),52,53,59,29,31,38,,58,48,40,30,6,6,0.6,0.6
2023-12-22T2300,2362A,114.9017,25.9149,赣州市,通天岩,,,,,,,,,,,,,,,,
2023-12-22T2300,2363A,114.9367,25.8664,赣州市,地委,细颗粒物(PM2.5),58,50,60,41,37,55,,76,,12,12,6,7,0.9,0.7
2023-12-22T2300,2364A,114.9461,25.8481,赣州市,气象台,颗粒物(PM10),52,53,56,34,34,64,,78,72,5,15,8,9,0.6,0.6
2023-12-22T2300,2365A,114.9322,25.8333,赣州市,市图书馆,颗粒物(PM10),53,56,58,33,29,62,,79,72,20,14,13,14,0.7,0.7
2023-12-22T2300,2366A,114.8905,25.8471,赣州市,华坚鞋城,细颗粒物(PM2.5),80,,57,59,33,66,,76,71,14,13,14,10,0.6,0.4
2023-12-22T2300,3109A,115.0093,25.8613,赣州市,赣县区卫计委,,49,48,56,34,37,58,,74,68,21,14,6,5,0.7,0.8
2023-12-22T2300,2683A,106.2319,36.1417,固原市,马园,颗粒物(PM10),84,118,89,22,31,45,,72,60,33,27,5,5,0.7,0.8
2023-12-22T2300,2684A,106.2792,36.0022,固原市,监测站,颗粒物(PM10),76,102,78,11,27,64,,78,75,25,29,5,5,0.5,0.8
2023-12-22T2300,2685A,106.2375,36.0211,固原市,新区,颗粒物(PM10),68,85,75,13,24,63,,73,71,15,19,3,3,0.3,0.5
2023-12-22T2300,3522A,106.2177,35.9959,固原市,原州区十五小,颗粒物(PM10),65,79,76,14,27,76,,77,76,10,20,3,2,0.3,0.5
2023-12-22T2300,2543A,106.6308,30.5278,广安市,小平旧居,,,,,,,,,,,,,,,,
2023-12-22T2300,2544A,106.6303,30.4576,广安市,市委,细颗粒物(PM2.5),124,111,93,94,76,23,,44,28,34,26,7,8,0.8,0.9
2023-12-22T2300,2545A,106.6271,30.4663,广安市,友谊中学,细颗粒物(PM2.5),125,97,88,95,76,22,,45,29,38,28,6,6,0.9,0.9
2023-12-22T2300,2547A,106.6388,30.4551,广安市,广电花园,细颗粒物(PM2.5),129,102,81,98,72,19,,39,23,35,29,7,8,1.0,0.9
2023-12-22T2300,2902A,106.6351,30.4865,广安市,北辰小学,细颗粒物(PM2.5),138,111,89,105,77,29,,41,30,20,21,4,5,0.9,0.9
2023-12-22T2300,2523A,105.8945,32.4535,广元市,黑石坡,颗粒物(PM10),64,78,59,41,40,56,,59,59,17,17,4,4,0.5,0.5
2023-12-22T2300,2524A,105.821,32.4444,广元市,老城,细颗粒物(PM2.5),74,84,74,54,42,5,,40,30,57,38,1,2,0.6,0.6
2023-12-22T2300,2526A,105.8628,32.4287,广元市,监测站,细颗粒物(PM2.5),83,76,68,61,43,27,,44,40,37,32,3,2,0.6,0.8
2023-12-22T2300,3617A,105.8047,32.4166,广元市,经开区,细颗粒物(PM2.5),79,88,77,58,45,4,,44,36,59,38,4,5,0.8,0.8
2023-12-22T2300,1345A,113.2347,23.1423,广州市,广雅中学,颗粒物(PM10),53,56,73,32,42,46,,71,54,49,32,6,6,0.5,0.6
2023-12-22T2300,1346A,113.2612,23.105,广州市,市五中,颗粒物(PM10),51,51,67,34,45,65,,81,68,25,20,8,8,0.6,0.7
2023-12-22T2300,1348A,113.3478,23.0916,广州市,广东商学院,,46,46,58,28,36,72,,82,70,22,24,7,7,0.2,0.3
2023-12-22T2300,1349A,113.4332,23.1047,广州市,市八十六中,,49,49,63,29,37,63,,80,72,22,17,6,6,0.5,0.6
2023-12-22T2300,1350A,113.3505,22.9483,广州市,番禺中学,颗粒物(PM10),56,61,62,31,38,65,,84,78,28,24,5,4,0.5,0.7
2023-12-22T2300,1351A,113.2146,23.3916,广州市,花都师范,,37,37,61,23,35,82,,86,82,13,15,6,6,0.4,0.5
2023-12-22T2300,1352A,113.2597,23.1331,广州市,市监测站,,46,46,66,27,38,70,,85,69,32,28,5,5,0.6,0.6
2023-12-22T2300,1353A,113.5618,23.312,广州市,九龙镇镇龙,,40,40,53,25,33,70,,83,78,15,11,8,6,0.6,0.6
2023-12-22T2300,1354A,113.2765,23.1544,广州市,麓湖,,47,47,64,31,40,60,,84,70,33,20,6,6,0.5,0.6
2023-12-22T2300,1355A,113.443,23.3035,广州市,帽峰山森林公园,,36,35,46,25,34,90,,96,90,9,9,9,8,0.4,0.5
2023-12-22T2300,2846A,113.3221,23.1322,广州市,体育西,,50,50,62,31,38,66,,84,71,17,10,8,8,0.6,0.6
2023-12-22T2300,3298A,113.5717,23.5491,广州市,从化街口,,42,42,52,27,33,91,,93,91,11,11,6,6,0.6,0.6
2023-12-22T2300,3299A,113.3472,23.3692,广州市,白云竹料,,38,38,55,24,36,90,,95,90,17,17,7,7,0.6,0.6
2023-12-22T2300,3300A,113.2981,23.237,广州市,白云嘉禾,颗粒物(PM10),51,51,69,26,37,73,,82,68,29,28,7,7,0.3,0.4
2023-12-22T2300,3301A,113.4256,23.1716,广州市,黄埔科学城,,46,45,58,32,38,71,,81,76,18,15,5,5,0.5,0.6
2023-12-22T2300,3302A,113.3942,23.0483,广州市,番禺大学城,,46,46,54,24,32,61,,83,75,33,24,5,4,0.2,0.3
2023-12-22T2300,3303A,113.4922,22.8168,广州市,南沙黄阁,颗粒物(PM10),55,59,69,31,34,53,,72,53,39,31,11,6,0.6,0.5
2023-12-22T2300,3304A,113.5342,22.7896,广州市,南沙街,颗粒物(PM10),56,61,69,34,34,48,,72,47,40,29,6,6,0.7,0.6
2023-12-22T2300,3443A,113.2902,23.5544,广州市,花都梯面,,36,36,60,22,37,82,,88,86,16,16,6,6,0.4,0.6
2023-12-22T2300,3445A,113.7858,23.7478,广州市,从化良口,,38,38,49,24,31,89,,92,91,11,11,6,6,0.5,0.4
2023-12-22T2300,3446A,113.8051,23.2614,广州市,增城荔城,,44,44,48,27,29,79,,88,80,11,10,10,8,0.6,0.6
2023-12-22T2300,2505A,109.568,23.1478,贵港市,德智高中,,46,46,54,31,40,96,,103,102,16,14,6,6,0.7,0.8
2023-12-22T2300,2506A,109.6047,23.0666,贵港市,江南子站,颗粒物(PM10),57,63,67,35,35,83,,105,101,21,12,8,6,0.8,0.7
2023-12-22T2300,2507A,109.6014,23.0948,贵港市,贵城子站,细颗粒物(PM2.5),52,46,53,36,38,83,,99,96,19,13,10,9,0.8,0.8
2023-12-22T2300,2508A,109.5669,23.1065,贵港市,荷城子站,颗粒物(PM10),57,63,68,31,37,85,,97,94,14,10,10,9,0.7,0.8
2023-12-22T2300,3405A,109.5886,23.1172,贵港市,新世纪学校,颗粒物(PM10),56,61,73,33,40,84,,100,96,14,9,5,5,0.6,0.7
2023-12-22T2300,1439A,106.6899,26.5998,贵阳市,马鞍山,细颗粒物(PM2.5),58,48,47,41,34,75,,83,79,10,11,12,15,0.6,0.6
2023-12-22T2300,1440A,106.6971,26.5694,贵阳市,市环保站,细颗粒物(PM2.5),60,56,52,43,41,84,,95,90,16,15,12,9,0.4,0.4
2023-12-22T2300,1441A,106.6243,26.6266,贵阳市,鉴湖路,颗粒物(PM10),57,63,55,34,32,79,,88,85,13,13,8,6,0.4,0.5
2023-12-22T2300,1442A,106.7487,26.6343,贵阳市,燕子冲,细颗粒物(PM2.5),62,56,53,44,38,79,,95,86,12,10,11,16,0.5,0.5
2023-12-22T2300,1443A,106.6555,26.4365,贵阳市,碧云窝,颗粒物(PM10),57,63,62,39,35,82,,85,83,13,16,18,16,0.5,0.5
2023-12-22T2300,1444A,106.694,26.5161,贵阳市,中院村,颗粒物(PM10),62,73,57,39,37,74,,82,80,14,15,11,10,0.2,0.4
2023-12-22T2300,1445A,106.7109,26.6027,贵阳市,红边门,细颗粒物(PM2.5),62,63,57,44,39,79,,85,78,11,13,12,11,0.6,0.5
2023-12-22T2300,1446A,106.7164,26.5699,贵阳市,新华路,细颗粒物(PM2.5),62,61,54,44,39,74,,90,85,20,14,9,8,0.6,0.5
2023-12-22T2300,1447A,106.674,26.5424,贵阳市,太慈桥,细颗粒物(PM2.5),55,58,52,39,34,77,,88,84,20,18,9,8,0.5,0.5
2023-12-22T2300,1552A,106.805,26.3003,贵阳市,桐木岭,,,,,,,,,,,,,,,,
2023-12-22T2300,1862A,110.4144,25.3167,桂林市,电子科大尧山校区,,,,49,,28,,,89,,,7,,8,,0.4
2023-12-22T2300,1863A,110.2819,25.2697,桂林市,监测站,,43,32,59,30,39,81,,91,84,14,15,11,10,0.3,0.3
2023-12-22T2300,1864A,110.3089,25.2708,桂林市,龙隐路小学,,45,38,54,31,39,82,,91,87,16,17,13,8,0.4,0.5
2023-12-22T2300,1865A,110.2869,25.2178,桂林市,八中,,43,38,55,30,39,81,,90,84,12,13,11,9,0.4,0.5
2023-12-22T2300,3403A,110.1764,25.2381,桂林市,创业大厦,,42,36,65,29,43,80,,95,89,11,12,8,8,0.3,0.3
2023-12-22T2300,3531A,110.296,25.1253,桂林市,旅游学院,,36,36,50,24,32,86,,96,93,9,11,7,7,0.6,0.7
2023-12-22T2300,2674A,100.2561,34.4714,果洛藏族自治州,玛沁县大武镇,,30,30,31,12,14,82,,87,85,7,13,14,14,0.4,0.5
2023-12-22T2300,1129A,126.5422,45.755,哈尔滨市,岭北,细颗粒物(PM2.5),80,89,65,59,49,74,,65,65,46,31,12,14,0.0,0.9
2023-12-22T2300,1130A,126.561,45.8167,哈尔滨市,松北商大,细颗粒物(PM2.5),79,73,75,58,55,31,,51,41,41,32,6,6,0.8,0.7
2023-12-22T2300,1131A,126.979,45.5419,哈尔滨市,阿城会宁,细颗粒物(PM2.5),103,81,82,77,77,42,,46,45,30,29,12,22,0.8,1.1
2023-12-22T2300,1132A,126.599,45.7222,哈尔滨市,南岗学府路,细颗粒物(PM2.5),93,90,81,69,58,12,,42,30,61,38,11,10,1.0,0.8
2023-12-22T2300,1133A,126.689,45.7733,哈尔滨市,太平宏伟公园,细颗粒物(PM2.5),84,75,71,62,50,12,,39,24,61,42,13,12,0.9,0.8
2023-12-22T2300,1134A,126.635,45.7667,哈尔滨市,道外承德广场,细颗粒物(PM2.5),82,83,74,60,51,7,,29,17,67,50,25,17,0.9,0.9
2023-12-22T2300,1135A,126.685,45.7319,哈尔滨市,香坊红旗大街,细颗粒物(PM2.5),123,,81,93,75,14,,34,21,69,53,28,19,1.0,0.9
2023-12-22T2300,1136A,126.6411,45.7258,哈尔滨市,动力和平路,细颗粒物(PM2.5),98,76,77,73,60,9,,37,24,64,44,14,13,0.9,0.8
2023-12-22T2300,1137A,126.593,45.7478,哈尔滨市,道里建国路,细颗粒物(PM2.5),99,82,80,74,64,10,,36,23,56,40,14,12,0.7,0.7
2023-12-22T2300,1138A,126.615,45.61,哈尔滨市,平房东轻厂,细颗粒物(PM2.5),100,92,79,75,65,32,,49,38,36,37,6,6,1.1,1
2023-12-22T2300,1139A,126.595,45.9855,哈尔滨市,呼兰师专,细颗粒物(PM2.5),68,58,66,49,53,42,,52,47,28,27,4,5,0.7,0.7
2023-12-22T2300,1140A,126.6206,45.6842,哈尔滨市,省农科院,细颗粒物(PM2.5),100,92,80,75,63,22,,50,30,66,50,18,16,1.0,0.9
2023-12-22T2300,2688A,93.5128,42.8172,哈密地区,地区监测站,颗粒物(PM10),69,87,83,29,32,48,,50,38,34,39,4,10,0.3,0.6
2023-12-22T2300,2689A,93.4961,42.8328,哈密地区,哈密师范学校,颗粒物(PM10),79,107,97,37,38,18,,45,28,63,51,8,12,0.7,0.9
2023-12-22T2300,2671A,100.9048,36.9639,海北藏族自治州,海晏县西海镇,颗粒物(PM10),70,89,47,22,12,84,,89,88,3,4,12,12,0.2,0.4
2023-12-22T2300,3867A,102.0738,36.5056,海东地区,平安区公安北苑,"颗粒物(PM10),细颗粒物(PM2.5)",64,77,81,46,48,52,,66,60,33,25,29,20,0.8,0.9
2023-12-22T2300,1409A,110.576,19.9507,海口市,东寨港,,,,,,,,,,,,,,,,
2023-12-22T2300,1410A,110.3232,20.0574,海口市,海南大学,细颗粒物(PM2.5),53,53,39,37,25,75,,84,84,10,8,10,9,0.5,0.5
2023-12-22T2300,1411A,110.283,20.0053,海口市,秀英海南医院,细颗粒物(PM2.5),52,52,40,36,24,68,,76,76,17,13,11,10,0.6,0.3
2023-12-22T2300,1412A,110.338,19.9969,海口市,海南师范大学,颗粒物(PM10),54,57,41,35,26,76,,80,80,12,10,8,8,0.5,0.5
2023-12-22T2300,1413A,110.33,20.0356,海口市,龙华路环保局宿舍,颗粒物(PM10),51,52,40,35,25,73,,79,79,15,11,10,8,0.6,0.5
2023-12-22T2300,3539A,110.5111,19.9736,海口市,桂林洋子站,,46,46,31,27,20,79,,87,87,10,8,6,5,0.4,0.4
2023-12-22T2300,2673A,100.6188,36.2866,海南藏族自治州,共和县恰卜恰镇,,43,43,100,15,20,85,,88,86,6,15,17,17,0.7,0.7
2023-12-22T2300,2676A,97.3731,37.3753,海西蒙古族藏族自治州,德令哈市,,33,33,37,21,13,45,,75,66,21,15,15,13,0.9,0.5
2023-12-22T2300,1048A,114.5302,36.6116,邯郸市,东污水处理厂,细颗粒物(PM2.5),153,122,107,117,95,4,,51,35,77,61,1,3,1.1,1.1
2023-12-22T2300,1049A,114.4918,36.5713,邯郸市,矿院,细颗粒物(PM2.5),170,144,111,129,94,5,,43,30,82,65,2,3,1.0,1.1
2023-12-22T2300,1050A,114.484,36.6133,邯郸市,丛台公园,细颗粒物(PM2.5),130,128,106,99,81,26,,59,48,55,57,3,4,1.0,1.1
2023-12-22T2300,3458A,114.7895,36.5593,邯郸市,香泉濮院小区,细颗粒物(PM2.5),130,139,113,99,93,48,,72,60,55,48,8,8,1.0,0.9
2023-12-22T2300,3579A,114.50634,36.77178,邯郸市,永年区实验高中,细颗粒物(PM2.5),156,144,96,119,76,6,,57,41,87,66,6,10,1.0,1.3
2023-12-22T2300,3580A,114.20016,36.44293,邯郸市,峰峰矿区临水派出所,细颗粒物(PM2.5),147,135,73,112,53,27,,58,45,51,36,5,12,0.9,0.9
2023-12-22T2300,2634A,106.9893,33.1842,汉中市,汉川机床厂子校,,,94,93,,367,37,,68,52,15,11,3,3,1.0,1
2023-12-22T2300,2635A,107.0154,33.0706,汉中市,市监测站,细颗粒物(PM2.5),166,165,109,126,76,14,,62,42,59,33,10,9,1.7,0.9
2023-12-22T2300,2636A,107.0089,33.1138,汉中市,鑫源开发区,细颗粒物(PM2.5),207,187,104,157,91,15,,64,40,51,23,10,8,1.9,0.8
2023-12-22T2300,2637A,107.007,33.0323,汉中市,南郑大河坎水厂,细颗粒物(PM2.5),186,173,124,140,91,22,,64,38,32,35,7,8,1.2,0.9
2023-12-22T2300,1223A,120.2072,30.2111,杭州市,滨江,颗粒物(PM10),51,52,45,32,24,29,,54,36,39,23,13,12,0.5,0.4
2023-12-22T2300,1224A,120.0633,30.2747,杭州市,西溪,颗粒物(PM10),52,54,42,34,28,14,,66,41,54,29,8,10,0.7,0.6
2023-12-22T2300,1226A,120.3461,30.3153,杭州市,下沙,颗粒物(PM10),54,57,47,33,27,7,,59,24,72,35,11,13,0.7,0.7
2023-12-22T2300,1227A,120.1269,30.2456,杭州市,卧龙桥,,49,48,44,34,29,10,,61,37,40,21,5,8,0.7,0.6
2023-12-22T2300,1228A,120.1903,30.2692,杭州市,浙江农大,,49,48,42,34,25,10,,55,30,62,30,11,11,0.4,0.4
2023-12-22T2300,1230A,120.1197,30.3119,杭州市,和睦小学,,43,42,42,30,28,14,,58,38,62,24,8,8,0.6,0.5
2023-12-22T2300,1231A,120.3019,30.4183,杭州市,临平镇,,49,49,42,32,24,36,,60,44,34,24,7,9,0.6,0.4
2023-12-22T2300,1232A,120.2697,30.1819,杭州市,城厢镇,细颗粒物(PM2.5),57,58,45,40,29,17,,58,31,56,31,6,6,0.7,0.6
2023-12-22T2300,1233A,120.0883,30.1808,杭州市,云栖,颗粒物(PM10),51,51,42,31,26,18,,65,41,40,21,5,7,0.6,0.6
2023-12-22T2300,3557A,119.9464,30.0494,杭州市,镇二中,,42,36,36,29,28,12,,61,39,52,29,4,6,0.6,0.5
2023-12-22T2300,3558A,119.7183,30.2367,杭州市,市府大楼,细颗粒物(PM2.5),52,52,47,36,35,27,,69,49,40,29,5,6,0.7,0.6
2023-12-22T2300,3656A,120.1556,30.2864,杭州市,消防大队,,46,46,44,29,26,22,,61,33,58,33,10,10,0.5,0.5
2023-12-22T2300,1270A,117.1959,31.7848,合肥市,明珠广场,颗粒物(PM10),53,56,49,29,28,22,,54,34,55,40,8,8,0.6,0.6
2023-12-22T2300,1271A,117.3072,31.8764,合肥市,三里街,细颗粒物(PM2.5),85,83,51,63,29,26,,59,36,52,33,9,9,0.5,0.4
2023-12-22T2300,1272A,117.2588,31.8707,合肥市,琥珀山庄,颗粒物(PM10),60,70,48,41,28,12,,66,38,76,34,8,9,0.7,0.5
2023-12-22T2300,1273A,117.1604,31.9052,合肥市,董铺水库,颗粒物(PM10),55,60,50,29,23,14,,60,35,53,30,5,5,0.4,0.4
2023-12-22T2300,1274A,117.25,31.8571,合肥市,长江中路,细颗粒物(PM2.5),65,78,45,47,31,6,,60,31,77,37,8,9,0.7,0.5
2023-12-22T2300,1275A,117.266,31.9436,合肥市,庐阳区,颗粒物(PM10),62,73,56,34,25,10,,61,24,66,40,7,8,0.6,0.5
2023-12-22T2300,1276A,117.336,31.8586,合肥市,瑶海区,"颗粒物(PM10),细颗粒物(PM2.5)",58,66,53,41,35,16,,62,32,56,34,3,4,0.8,0.7
2023-12-22T2300,1277A,117.3027,31.7964,合肥市,包河区,细颗粒物(PM2.5),58,63,46,41,32,19,,62,41,63,46,5,5,0.6,0.6
2023-12-22T2300,1278A,117.2776,31.7385,合肥市,滨湖新区,,48,48,50,27,29,57,,62,55,22,36,4,4,0.3,0.3
2023-12-22T2300,1279A,117.1318,31.8403,合肥市,高新区,颗粒物(PM10),51,51,50,31,27,20,,54,30,57,38,8,9,0.7,0.7
2023-12-22T2300,3464A,117.3803,31.9147,合肥市,高教基地,颗粒物(PM10),56,62,46,34,28,17,,67,39,49,27,3,4,0.5,0.4
2023-12-22T2300,3614A,79.924,37.0877,和田地区,地区环保局,颗粒物(PM10),465,565,458,135,107,31,,77,62,76,40,78,20,2.2,0.9
2023-12-22T2300,3615A,79.9131,37.113,和田地区,市环保局,颗粒物(PM10),256,389,408,109,106,21,,73,59,86,43,25,18,2.5,1.4
2023-12-22T2300,2516A,108.2011,24.715,河池市,东仁乐园,颗粒物(PM10),56,61,52,39,35,23,,86,56,36,14,8,6,0.5,0.2
2023-12-22T2300,2517A,108.0497,24.6947,河池市,市环保站,细颗粒物(PM2.5),88,84,59,65,40,9,,102,60,65,20,4,6,1.1,0.7
2023-12-22T2300,2518A,108.0983,24.6989,河池市,市疾控中心,细颗粒物(PM2.5),68,79,64,49,41,9,,104,54,68,26,9,8,0.8,0.6
2023-12-22T2300,1696A,114.6778,23.7569,河源市,源西,,32,30,41,22,26,75,,86,84,18,14,7,6,0.6,0.6
2023-12-22T2300,1697A,114.6944,23.7586,河源市,东埔,颗粒物(PM10),53,56,55,26,30,77,,86,83,16,13,9,9,0.4,0.5
2023-12-22T2300,1698A,114.6892,23.7233,河源市,老城,,39,35,48,27,29,77,,88,84,14,11,8,8,0.4,0.5
2023-12-22T2300,1718A,115.4208,35.2464,菏泽市,气象局,细颗粒物(PM2.5),75,84,92,55,60,39,,52,44,31,34,3,7,0.6,0.6
2023-12-22T2300,1719A,115.4747,35.2375,菏泽市,市政协,细颗粒物(PM2.5),67,79,87,48,56,44,,51,47,23,27,5,9,0.6,0.7
2023-12-22T2300,3374A,115.5564,35.0891,菏泽市,定陶老年大学,"颗粒物(PM10),细颗粒物(PM2.5)",67,83,76,48,48,32,,55,41,30,30,5,5,0.5,0.6
2023-12-22T2300,3647A,115.4702,35.2706,菏泽市,菏泽医专,颗粒物(PM10),60,70,83,36,47,50,,53,50,27,32,7,10,0.5,0.6
2023-12-22T2300,2514A,111.5264,24.4172,贺州市,环保小区,细颗粒物(PM2.5),62,66,72,44,43,79,,91,86,18,19,9,8,0.6,0.6
2023-12-22T2300,2515A,111.5608,24.4078,贺州市,政协大楼,细颗粒物(PM2.5),63,66,77,45,49,82,,95,88,14,18,9,8,0.5,0.7
2023-12-22T2300,3534A,111.4744,24.4553,贺州市,西湾,细颗粒物(PM2.5),64,68,77,46,49,82,,94,90,16,18,10,11,0.6,0.6
2023-12-22T2300,2385A,114.17,35.9019,鹤壁市,市监测站,细颗粒物(PM2.5),124,150,114,94,74,2,,48,25,78,55,5,5,1.1,0.9
2023-12-22T2300,2386A,114.2956,35.7511,鹤壁市,市交警支队,细颗粒物(PM2.5),80,98,112,59,75,2,,49,30,73,62,7,9,1.0,0.9
2023-12-22T2300,2387A,114.2878,35.7306,鹤壁市,迎宾馆,颗粒物(PM10),71,92,91,50,67,2,,50,28,73,63,8,8,1.0,1
2023-12-22T2300,3474A,114.2617,35.6822,鹤壁市,大新区,细颗粒物(PM2.5),83,77,94,61,76,4,,52,26,74,60,7,7,1.1,1
2023-12-22T2300,3596A,114.1572,35.9603,鹤壁市,南山宾馆,细颗粒物(PM2.5),139,185,98,106,68,5,,61,28,76,40,6,8,1.4,1.1
2023-12-22T2300,2244A,130.2537,47.3416,鹤岗市,哈啤分公司,,40,35,31,28,26,55,,60,57,11,12,12,14,0.5,0.4
2023-12-22T2300,2245A,130.2684,47.3086,鹤岗市,斯达机电,,50,46,44,35,25,46,,57,44,21,21,13,12,0.3,0.3
2023-12-22T2300,2246A,130.3114,47.3388,鹤岗市,东山纸板厂,细颗粒物(PM2.5),54,39,57,38,33,39,,49,17,24,30,14,15,0.6,0.6
2023-12-22T2300,2247A,130.1097,47.3382,鹤岗市,五号水库,,45,35,29,31,21,59,,65,60,10,10,11,12,0.7,0.6
2023-12-22T2300,2263A,127.4833,50.2524,黑河市,交通局,细颗粒物(PM2.5),53,44,26,37,22,46,,54,42,15,16,6,4,0.6,0.4
2023-12-22T2300,2264A,127.5144,50.2341,黑河市,环保局,细颗粒物(PM2.5),119,115,57,90,47,9,,32,12,55,38,16,8,1.5,0.9
2023-12-22T2300,2265A,127.5291,50.2472,黑河市,大黑河岛,细颗粒物(PM2.5),62,58,31,44,26,39,,30,28,21,21,4,4,0.9,0.8
2023-12-22T2300,1074A,115.6838,37.7541,衡水市,电机北厂,细颗粒物(PM2.5),182,138,79,137,69,3,,55,38,80,37,5,10,1.2,0.9
2023-12-22T2300,1075A,115.6303,37.7316,衡水市,市监测站,细颗粒物(PM2.5),143,145,94,109,65,20,,50,37,67,43,8,11,1.2,0.9
2023-12-22T2300,3188A,115.6683,37.7217,衡水市,市城管局,细颗粒物(PM2.5),158,140,86,120,72,9,,49,30,81,49,8,10,1.2,0.9
2023-12-22T2300,3459A,115.5989,37.5491,衡水市,地表水厂,细颗粒物(PM2.5),186,,80,140,79,6,,52,27,89,59,6,8,1.0,0.9
2023-12-22T2300,2456A,112.5003,26.9167,衡阳市,原169医院,细颗粒物(PM2.5),52,37,49,36,36,53,,73,53,31,25,10,8,0.2,0.3
2023-12-22T2300,2457A,112.6194,26.9258,衡阳市,衡阳化工总厂,细颗粒物(PM2.5),53,54,60,37,35,55,,77,63,24,20,51,13,0.8,0.8
2023-12-22T2300,2458A,112.6211,26.8956,衡阳市,珠晖区环保局,颗粒物(PM10),56,62,56,38,39,39,,69,51,32,23,20,11,0.8,0.9
2023-12-22T2300,2459A,112.6197,26.8733,衡阳市,市委党校,颗粒物(PM10),52,53,57,32,35,68,,83,72,16,18,6,9,0.6,0.6
2023-12-22T2300,2460A,112.6006,26.8919,衡阳市,市监测站,细颗粒物(PM2.5),53,54,66,37,43,63,,82,68,21,19,18,12,0.7,0.8
2023-12-22T2300,2461A,112.5664,26.9056,衡阳市,真空机电公司,,46,44,55,32,36,66,,76,67,19,18,7,10,0.6,0.6
2023-12-22T2300,3399A,112.6703,26.882,衡阳市,师范学院,细颗粒物(PM2.5),59,57,67,42,45,66,,84,70,14,16,8,10,0.5,0.8
2023-12-22T2300,2608A,103.3772,23.3993,红河州,污水处理厂,细颗粒物(PM2.5),54,43,51,38,46,46,,64,51,8,11,4,8,0.5,0.5
2023-12-22T2300,2609A,103.3861,23.35,红河州,监测站,细颗粒物(PM2.5),65,56,54,47,50,46,,63,46,9,12,7,6,0.5,0.5
2023-12-22T2300,3038A,103.3758,23.368,红河州,州图书馆,细颗粒物(PM2.5),58,48,48,41,44,49,,68,50,9,11,7,7,0.5,0.5
2023-12-22T2300,1090A,111.6507,40.7517,呼和浩特市,呼市一监,细颗粒物(PM2.5),113,97,76,85,57,10,,37,17,53,46,16,16,0.9,0.9
2023-12-22T2300,1091A,111.6572,40.8033,呼和浩特市,小召,细颗粒物(PM2.5),87,88,76,64,48,2,,28,10,72,58,12,16,0.9,0.7
2023-12-22T2300,1094A,111.7516,40.8369,呼和浩特市,如意水处理厂,细颗粒物(PM2.5),82,80,71,60,49,7,,33,16,72,59,13,14,0.9,0.8
2023-12-22T2300,1095A,111.7276,40.8062,呼和浩特市,二十九中,细颗粒物(PM2.5),95,96,79,71,52,11,,33,17,58,52,16,15,0.8,0.9
2023-12-22T2300,1096A,111.5512,40.7866,呼和浩特市,工大金川校区,细颗粒物(PM2.5),79,95,80,58,50,0,,29,6,72,54,11,13,0.9,0.8
2023-12-22T2300,1097A,111.717,40.7612,呼和浩特市,化肥厂生活区,细颗粒物(PM2.5),95,95,73,71,49,12,,35,19,58,51,17,14,1.0,1
2023-12-22T2300,3698A,111.5968,40.8178,呼和浩特市,红旗小学,细颗粒物(PM2.5),80,73,71,59,48,7,,35,14,60,44,14,15,0.9,0.8
2023-12-22T2300,3699A,111.6518,40.8389,呼和浩特市,海东办,细颗粒物(PM2.5),88,85,69,65,43,2,,28,9,72,58,21,15,0.9,0.8
2023-12-22T2300,2192A,119.7594,49.2261,呼伦贝尔市,区环保局,,23,23,24,13,19,63,,63,55,14,19,5,5,0.3,0.3
2023-12-22T2300,3061A,119.7512,49.1577,呼伦贝尔市,国华电力东,,24,24,23,15,15,72,,68,68,5,6,4,4,0.2,0.2
2023-12-22T2300,1250A,120.0751,30.8669,湖州市,城西水厂,,42,42,48,22,26,7,,57,38,80,46,8,10,0.4,0.4
2023-12-22T2300,2873A,120.0875,30.8955,湖州市,仁皇山新区,,40,35,40,21,24,3,,59,43,80,35,7,9,0.4,0.4
2023-12-22T2300,2907A,120.1844,30.8596,湖州市,吴兴区站,,,45,37,23,22,2,,60,39,77,32,3,5,,0.5
2023-12-22T2300,3562A,120.4148,30.8538,湖州市,南浔区站,,46,46,39,30,23,36,,65,50,43,25,7,7,0.2,0.2
2023-12-22T2300,1607A,120.9092,40.7136,葫芦岛市,龙港区,,42,42,34,27,21,26,,61,48,47,23,24,16,0.8,0.6
2023-12-22T2300,1608A,120.8392,40.7514,葫芦岛市,化工街,细颗粒物(PM2.5),180,217,74,136,37,8,,58,24,63,50,28,16,2.9,0.9
2023-12-22T2300,1609A,120.8341,40.7073,葫芦岛市,新区,细颗粒物(PM2.5),120,130,40,91,23,9,,62,33,83,38,10,7,2.0,0.7
2023-12-22T2300,1610A,120.8695,40.7677,葫芦岛市,东城区,细颗粒物(PM2.5),117,158,80,88,39,14,,60,30,53,52,14,15,2.2,1.4
2023-12-22T2300,2482A,109.5981,27.5721,怀化市,林科所,细颗粒物(PM2.5),53,48,49,37,35,83,,98,94,4,4,5,6,0.5,0.4
2023-12-22T2300,2483A,109.9453,27.5444,怀化市,河西地税局,细颗粒物(PM2.5),59,49,59,42,42,76,,91,82,12,16,4,5,0.5,0.5
2023-12-22T2300,2484A,109.9781,27.5342,怀化市,市四医院,颗粒物(PM10),57,64,61,38,33,64,,92,79,22,15,6,4,0.6,0.6
2023-12-22T2300,2485A,109.9972,27.5578,怀化市,监测楼,细颗粒物(PM2.5),59,64,62,42,39,61,,85,73,22,18,7,6,0.6,0.6
2023-12-22T2300,2486A,110.0394,27.583,怀化市,市委党校,颗粒物(PM10),68,86,72,37,32,46,,85,75,26,16,12,6,0.7,0.4
2023-12-22T2300,1210A,119.036,33.5981,淮安市,钵池山,,46,46,34,29,20,47,,59,51,25,21,8,8,0.4,0.4
2023-12-22T2300,1211A,119.007,33.575,淮安市,北京南路,,48,48,38,26,22,29,,63,45,46,27,7,8,0.6,0.6
2023-12-22T2300,1212A,118.989,33.6067,淮安市,市监测站,,49,41,35,34,27,40,,66,49,38,28,8,7,0.6,0.6
2023-12-22T2300,1213A,119.135,33.5039,淮安市,楚州区监测站,,34,34,35,23,20,6,,64,38,65,28,6,7,0.5,0.5
2023-12-22T2300,1214A,119.0186,33.6297,淮安市,淮阴区监测站,颗粒物(PM10),58,66,44,28,22,38,,62,45,34,27,6,5,0.7,0.6
2023-12-22T2300,3426A,118.8755,33.2894,淮安市,新华书店,颗粒物(PM10),51,52,36,33,24,10,,64,46,60,22,6,7,0.5,0.6
2023-12-22T2300,2282A,116.8004,33.975,淮北市,监测站,颗粒物(PM10),55,60,70,37,42,54,,67,52,22,31,6,7,0.6,0.7
2023-12-22T2300,2283A,116.8091,33.9007,淮北市,烈山区政府,颗粒物(PM10),55,60,79,35,50,44,,65,47,30,41,6,7,0.4,0.6
2023-12-22T2300,3330A,116.8873,33.9836,淮北市,杜集区检察院,细颗粒物(PM2.5),65,64,76,47,44,46,,72,54,25,28,7,7,0.5,0.6
2023-12-22T2300,4017A,116.7923,33.9535,淮北市,市博物馆,颗粒物(PM10),61,71,77,38,49,53,,66,52,23,35,7,8,0.5,0.7
2023-12-22T2300,2277A,116.8305,32.7727,淮南市,潘集区政府,,49,39,63,34,45,28,,67,48,40,29,7,9,0.5,0.5
2023-12-22T2300,2278A,117.0067,32.6524,淮南市,师范学院,颗粒物(PM10),55,59,60,26,33,26,,63,38,40,29,8,8,0.8,0.8
2023-12-22T2300,2279A,116.8569,32.5951,淮南市,谢家集区政府,,42,40,51,29,33,29,,66,43,41,24,6,8,0.4,0.4
2023-12-22T2300,2280A,116.8281,32.633,淮南市,八公山区政府,颗粒物(PM10),54,58,46,19,27,34,,61,50,30,17,4,8,0.3,0.4
2023-12-22T2300,2281A,116.6325,32.6201,淮南市,焦岗湖风景区管理处,,25,25,45,15,34,27,,57,46,27,18,2,2,0.1,0.2
2023-12-22T2300,2894A,117.0566,32.6531,淮南市,经济技术开发区消防队,颗粒物(PM10),56,62,59,37,30,20,,64,44,45,24,6,7,0.4,0.4
2023-12-22T2300,3329A,117.0108,32.5893,淮南市,山南新区,细颗粒物(PM2.5),59,52,54,42,38,26,,64,46,41,25,6,7,0.5,0.4
2023-12-22T2300,2446A,114.9028,30.4742,黄冈市,职工中心,细颗粒物(PM2.5),64,59,59,46,40,49,,63,56,16,15,9,9,0.4,0.4
2023-12-22T2300,2929A,114.8858,30.4519,黄冈市,红卫路,细颗粒物(PM2.5),62,58,58,44,39,49,,64,56,22,18,6,8,0.5,0.5
2023-12-22T2300,3398A,114.9136,30.4445,黄冈市,市林业局,细颗粒物(PM2.5),60,54,52,43,38,49,,64,56,25,21,6,7,0.5,0.5
2023-12-22T2300,2672A,102.0199,35.5102,黄南藏族自治州,同仁县隆务镇,颗粒物(PM10),90,129,136,54,54,62,,73,70,9,20,8,13,0.4,0.7
2023-12-22T2300,2295A,118.2903,29.6963,黄山市,延安路89号,,39,39,47,25,30,38,,76,55,12,12,5,7,0.2,0.2
2023-12-22T2300,2296A,118.327,29.7178,黄山市,黄山东路89号,细颗粒物(PM2.5),62,51,50,44,32,39,,74,54,17,17,6,7,0.3,0.3
2023-12-22T2300,2297A,118.1371,30.2756,黄山市,黄山区政府5号楼,,29,21,42,20,30,37,,73,52,12,16,4,5,0.6,0.7
2023-12-22T2300,2423A,115.0601,30.2313,黄石市,沈家营,细颗粒物(PM2.5),59,58,52,42,36,19,,69,50,44,24,4,5,0.7,0.6
2023-12-22T2300,2424A,115.0817,30.2006,黄石市,陈家湾,,49,49,52,31,39,46,,74,58,23,21,10,8,0.7,0.5
2023-12-22T2300,2426A,114.8988,30.2019,黄石市,铁山,细颗粒物(PM2.5),58,57,60,41,45,21,,69,44,42,33,4,13,0.8,0.8
2023-12-22T2300,2427A,115.0307,30.2092,黄石市,团城山,颗粒物(PM10),59,67,58,37,35,40,,72,58,32,22,6,7,0.7,0.6
2023-12-22T2300,3149A,115.0235,30.1578,黄石市,笔架山北路,"颗粒物(PM10),细颗粒物(PM2.5)",54,58,52,38,38,40,,64,54,32,23,7,7,0.5,0.5
2023-12-22T2300,1392A,114.4183,23.0528,惠州市,河南岸金山湖子站,,50,50,54,30,29,80,,88,84,13,10,8,7,0.6,0.6
2023-12-22T2300,1393A,114.4053,23.0822,惠州市,下埔横江三路子站,,48,48,51,28,27,75,,85,80,16,13,11,11,0.5,0.5
2023-12-22T2300,1394A,114.4103,23.1142,惠州市,江北云山西路子站,,49,49,54,29,28,76,,86,81,15,12,10,9,0.5,0.5
2023-12-22T2300,1395A,114.4645,22.7833,惠州市,惠阳区承修路船湖子站,,48,48,60,27,28,69,,73,67,15,17,7,8,0.6,0.6
2023-12-22T2300,1396A,114.5317,22.7422,惠州市,大亚湾管委会子站,,41,41,50,24,27,73,,78,75,17,16,6,6,0.6,0.6
2023-12-22T2300,3314A,114.4338,22.8134,惠州市,惠阳秋长,,48,48,58,27,32,78,,85,83,10,9,9,8,0.6,0.7
2023-12-22T2300,3452A,114.6517,22.775,惠州市,大亚湾霞涌,细颗粒物(PM2.5),55,39,53,39,25,70,,72,71,12,10,7,7,0.6,0.8
2023-12-22T2300,2240A,130.9762,45.3001,鸡西市,环保局,,28,24,28,19,23,56,,54,51,10,12,5,5,0.2,0.2
2023-12-22T2300,2243A,130.9429,45.3039,鸡西市,第一中学,,26,21,30,18,23,59,,61,58,10,10,7,7,0.2,0.2
2023-12-22T2300,3707A,131.0207,45.3073,鸡西市,欧美日汽修厂,,32,28,34,22,28,54,,50,48,13,19,7,35,1.5,0.8
2023-12-22T2300,3709A,130.9967,45.3106,鸡西市,市政设施管理处,,27,27,31,18,20,57,,58,53,14,15,2,2,0.3,0.3
2023-12-22T2300,2367A,114.9754,27.0803,吉安市,红声器材厂,颗粒物(PM10),59,67,65,41,33,60,,73,68,25,24,10,9,0.8,0.8
2023-12-22T2300,2368A,114.9658,27.0999,吉安市,市森林工业局,细颗粒物(PM2.5),59,52,55,42,40,48,,72,60,34,26,16,13,0.8,0.7
2023-12-22T2300,2369A,114.99,27.1312,吉安市,市环境监测站,颗粒物(PM10),52,53,54,34,33,53,,76,66,30,24,11,11,0.7,0.7
2023-12-22T2300,2370A,115.0093,27.0968,吉安市,青原区法院,,,56,58,40,36,56,,77,68,,20,14,13,0.9,0.8
2023-12-22T2300,1772A,126.54,43.8622,吉林市,哈达湾,,36,34,42,25,32,56,,61,54,18,21,9,8,0.6,0.7
2023-12-22T2300,1773A,126.5844,43.8358,吉林市,东局子,,36,30,39,25,31,52,,57,49,20,23,12,10,0.6,0.5
2023-12-22T2300,1774A,126.5052,43.8245,吉林市,电力学院,,38,30,41,26,33,50,,57,46,23,26,12,11,0.7,0.8
2023-12-22T2300,1775A,126.6133,43.8972,吉林市,江北,,39,35,43,27,31,54,,54,47,21,26,17,20,0.6,0.8
2023-12-22T2300,1776A,126.555,43.8306,吉林市,江南公园,,42,33,41,29,35,54,,61,56,17,20,11,11,0.7,0.7
2023-12-22T2300,1778A,126.7061,43.7133,吉林市,丰满,,,,,,,,,,,,,,,,
2023-12-22T2300,2868A,126.4739,43.953,吉林市,九站,,45,35,38,31,28,50,,64,56,24,23,6,6,0.8,0.7
2023-12-22T2300,1299A,116.9862,36.6114,济南市,科干所,细颗粒物(PM2.5),55,53,62,39,40,56,,68,42,26,42,11,18,0.6,0.8
2023-12-22T2300,1300A,116.9376,36.665,济南市,农科所,颗粒物(PM10),75,100,70,54,36,4,,52,15,83,53,26,18,1.3,0.9
2023-12-22T2300,1301A,117.1265,36.6734,济南市,开发区,颗粒物(PM10),80,110,70,51,41,3,,55,13,80,48,12,13,1.2,0.9
2023-12-22T2300,1303A,117.0624,36.6868,济南市,省种子仓库,颗粒物(PM10),98,146,76,66,43,6,,61,18,80,40,18,15,1.3,0.9
2023-12-22T2300,1304A,116.9489,36.6447,济南市,机床二厂,细颗粒物(PM2.5),89,117,84,66,42,3,,54,19,79,54,50,24,1.3,0.9
2023-12-22T2300,1305A,117.0495,36.663,济南市,市监测站,颗粒物(PM10),56,61,65,29,41,37,,65,27,44,43,12,16,0.4,0.6
2023-12-22T2300,1306A,116.7675,36.5484,济南市,长清党校,细颗粒物(PM2.5),64,76,66,46,45,39,,66,46,49,45,10,13,0.7,0.8
2023-12-22T2300,1616A,117.6795,36.229,济南市,技术学院,细颗粒物(PM2.5),85,92,59,63,39,6,,54,39,71,45,12,13,1.3,1.2
2023-12-22T2300,1961A,117.532,36.6868,济南市,东山小学,颗粒物(PM10),64,78,63,39,34,6,,52,12,75,57,10,12,0.7,0.6
2023-12-22T2300,3059A,117.7161,36.2049,济南市,泰兴公司,细颗粒物(PM2.5),117,139,74,88,46,6,,47,23,79,61,14,11,1.3,1
2023-12-22T2300,3064A,117.6867,36.2171,济南市,莱芜战役纪念馆,细颗粒物(PM2.5),104,122,68,78,39,5,,50,36,70,46,16,13,1.3,1
2023-12-22T2300,3494A,117.1673,36.9782,济南市,济阳区政府,细颗粒物(PM2.5),89,98,76,66,46,17,,52,28,68,50,20,16,0.8,0.7
2023-12-22T2300,3495A,117.1171,36.63,济南市,锦屏中学,,49,49,44,34,31,36,,72,35,36,29,9,13,0.7,0.8
2023-12-22T2300,3682A,116.9814,36.6819,济南市,济南四建,细颗粒物(PM2.5),98,136,75,73,45,5,,56,17,93,52,31,21,1.5,0.9
2023-12-22T2300,1653A,116.6251,35.4302,济宁市,火炬城,细颗粒物(PM2.5),79,86,65,58,38,15,,57,,54,41,9,6,0.8,0.7
2023-12-22T2300,1655A,116.5491,35.4042,济宁市,电化厂,细颗粒物(PM2.5),73,88,78,53,42,31,,59,46,43,39,7,9,0.5,0.5
2023-12-22T2300,3500A,116.5814,35.3707,济宁市,北湖一中,细颗粒物(PM2.5),62,70,66,44,45,41,,58,46,28,36,3,3,0.4,0.5
2023-12-22T2300,3501A,116.8249,35.5593,济宁市,服务中心,颗粒物(PM10),84,118,82,58,43,20,,56,33,53,46,7,6,0.7,0.7
2023-12-22T2300,3678A,116.5907,35.4054,济宁市,市第七中学,颗粒物(PM10),67,84,70,44,43,34,,57,39,40,40,8,9,0.7,0.7
2023-12-22T2300,2255A,130.2751,46.8028,佳木斯市,佳纺,细颗粒物(PM2.5),78,72,42,57,36,40,,55,47,32,18,13,6,0.8,0.6
2023-12-22T2300,2256A,130.3995,46.8307,佳木斯市,发电厂,,48,37,31,33,28,42,,57,45,28,19,27,11,0.6,0.6
2023-12-22T2300,2257A,130.3258,46.7975,佳木斯市,环保局,细颗粒物(PM2.5),57,48,41,40,34,34,,50,37,30,21,6,6,0.5,0.6
2023-12-22T2300,2258A,130.3648,46.8032,佳木斯市,十一中,,50,44,36,35,29,43,,52,42,23,19,4,3,0.7,0.7
2023-12-22T2300,2259A,130.3794,46.7588,佳木斯市,四丰,,41,41,34,21,22,48,,48,47,12,12,1,1,0.6,0.7
2023-12-22T2300,1252A,120.7436,30.778,嘉兴市,清河小学,颗粒物(PM10),54,58,43,36,22,15,,57,31,56,24,8,8,0.7,0.6
2023-12-22T2300,1253A,120.726,30.7478,嘉兴市,嘉兴学院,颗粒物(PM10),51,51,39,35,23,32,,60,38,38,23,10,9,0.5,0.5
2023-12-22T2300,2872A,120.7846,30.7525,嘉兴市,南湖区残联,颗粒物(PM10),56,62,48,27,20,21,,57,33,55,30,9,8,0.5,0.5
2023-12-22T2300,3407A,120.6916,30.7739,嘉兴市,秀洲住建,细颗粒物(PM2.5),57,41,36,40,25,24,,56,34,45,23,9,9,0.8,0.4
2023-12-22T2300,1945A,98.2908,39.7711,嘉峪关市,气象局,颗粒物(PM10),58,66,80,24,28,78,,62,52,14,28,5,8,0.1,0.2
2023-12-22T2300,2884A,98.2672,39.7978,嘉峪关市,酒钢宾馆,颗粒物(PM10),54,58,83,19,28,73,,69,59,20,26,15,16,0.4,0.5
2023-12-22T2300,3248A,98.2643,39.7724,嘉峪关市,雄关区,颗粒物(PM10),52,54,67,29,26,77,,60,53,12,27,6,8,0.4,0.5
2023-12-22T2300,1383A,113.1064,22.6058,江门市,北街,细颗粒物(PM2.5),53,50,58,37,37,62,,76,66,31,25,10,8,0.6,0.5
2023-12-22T2300,1384A,113.0731,22.5835,江门市,西区,细颗粒物(PM2.5),59,65,76,42,38,61,,74,60,31,27,14,11,0.6,0.7
2023-12-22T2300,1385A,113.0219,22.5311,江门市,圭峰西,细颗粒物(PM2.5),53,48,58,37,38,66,,74,69,28,23,5,4,0.6,0.6
2023-12-22T2300,1386A,113.0828,22.5947,江门市,东湖,颗粒物(PM10),58,65,71,32,34,64,,76,64,34,29,10,7,0.6,0.6
2023-12-22T2300,3311A,113.1075,22.5647,江门市,江海富民,颗粒物(PM10),59,67,68,40,36,59,,71,60,40,33,12,10,0.7,0.6
2023-12-22T2300,3449A,113.05,22.4667,江门市,新会银湖,,50,49,59,35,33,61,,74,61,32,27,10,8,0.6,0.5
2023-12-22T2300,1828A,113.227,35.2125,焦作市,市环保局,颗粒物(PM10),58,65,76,33,42,9,,47,26,63,44,15,16,0.6,0.7
2023-12-22T2300,1830A,113.1992,35.2590,焦作市,影视城,,,,,,,,,,,,,,,,
2023-12-22T2300,3169A,113.2725,35.2067,焦作市,太极体育中心,颗粒物(PM10),66,81,82,36,48,8,,51,26,64,44,12,16,0.5,0.7
2023-12-22T2300,3335A,113.3137,35.2641,焦作市,马村街道办,颗粒物(PM10),68,86,98,42,46,8,,50,29,63,44,18,15,1.1,1
2023-12-22T2300,3336A,113.2465,35.2373,焦作市,焦作技师学院,细颗粒物(PM2.5),62,70,84,44,58,12,,51,27,61,48,28,16,0.7,0.6
2023-12-22T2300,3477A,113.1656,35.2539,焦作市,中站许衡医院,颗粒物(PM10),101,152,71,51,37,12,,44,21,62,40,31,19,1.3,0.7
2023-12-22T2300,3981A,113.2449,35.1803,焦作市,原李万街道办,颗粒物(PM10),68,86,70,36,42,5,,51,23,58,39,8,11,0.8,0.9
2023-12-22T2300,1708A,116.3701,23.5345,揭阳市,新兴,颗粒物(PM10),62,73,56,36,35,67,,85,78,24,17,11,10,0.5,0.6
2023-12-22T2300,1709A,116.3264,23.5443,揭阳市,西马,颗粒物(PM10),60,70,55,33,34,55,,64,57,22,15,9,8,0.6,0.6
2023-12-22T2300,1710A,116.3611,23.5626,揭阳市,东兴,颗粒物(PM10),64,77,62,30,32,67,,80,72,26,20,17,11,0.5,0.5
2023-12-22T2300,1711A,116.4151,23.5294,揭阳市,渔湖,颗粒物(PM10),56,61,54,31,32,70,,79,77,18,12,9,9,0.6,0.6
2023-12-22T2300,3320A,116.403,23.5699,揭阳市,曲溪,颗粒物(PM10),65,80,60,40,33,68,,84,79,22,18,3,3,0.5,0.5
2023-12-22T2300,1944A,102.1692,38.5167,金昌市,天庆家园,,32,32,160,6,26,82,,88,86,10,21,18,41,0.5,0.7
2023-12-22T2300,3170A,102.1864,38.5253,金昌市,市委党校,,50,50,185,12,38,87,,93,90,7,17,13,54,0.4,0.8
2023-12-22T2300,4022A,102.1647,38.5371,金昌市,金川区人防中心,,34,34,228,13,30,78,,93,89,14,18,9,37,0.5,0.8
2023-12-22T2300,1262A,119.647,29.077,金华市,十五中,,46,46,58,26,33,16,,64,39,59,35,2,2,0.5,0.5
2023-12-22T2300,1263A,119.686,29.1029,金华市,监测站,颗粒物(PM10),51,52,58,20,32,10,,64,33,66,38,4,5,0.4,0.5
2023-12-22T2300,3659A,119.656,29.1131,金华市,气象局,,46,46,56,23,32,7,,62,30,70,38,2,4,0.5,0.5
2023-12-22T2300,1767A,121.1115,41.0879,锦州市,南山,细颗粒物(PM2.5),281,238,85,231,77,15,,67,32,72,45,22,19,3.5,1.4
2023-12-22T2300,1768A,121.0533,40.8434,锦州市,开发区,细颗粒物(PM2.5),135,135,96,103,44,5,,38,13,90,56,33,38,1.6,1.1
2023-12-22T2300,1769A,121.1836,41.1119,锦州市,百股街道,细颗粒物(PM2.5),110,126,67,83,49,10,,67,28,56,40,16,15,1.8,1.3
2023-12-22T2300,1770A,121.1178,41.1222,锦州市,天安街道,细颗粒物(PM2.5),189,197,77,142,45,8,,63,27,76,34,22,20,3.2,1.4
2023-12-22T2300,1771A,121.1303,41.1386,锦州市,北湖公园,细颗粒物(PM2.5),142,123,66,108,53,16,,62,32,54,30,20,17,2.1,1.2
2023-12-22T2300,2160A,112.85,35.5051,晋城市,自来水公司,颗粒物(PM10),54,58,65,31,25,51,,62,46,31,34,9,11,1.0,1.3
2023-12-22T2300,2161A,112.8318,35.4936,晋城市,白云商贸,颗粒物(PM10),51,51,56,27,20,54,,56,46,30,33,10,11,1.0,1.3
2023-12-22T2300,2162A,112.8508,35.4887,晋城市,市环保局,颗粒物(PM10),59,67,57,31,25,53,,61,49,32,34,10,11,1.0,1.2
2023-12-22T2300,2163A,112.8676,35.4897,晋城市,技术学院,颗粒物(PM10),59,68,55,31,22,53,,60,48,30,36,10,12,1.0,1.2
2023-12-22T2300,2165A,112.8453,35.546,晋城市,白马寺,,,,,,,,,,,,,,,,
2023-12-22T2300,3620A,112.8271,35.4828,晋城市,泽州一中,,49,49,44,27,17,55,,57,50,25,27,11,11,1.0,1.2
2023-12-22T2300,2171A,112.7532,37.6945,晋中市,锦纶小区,细颗粒物(PM2.5),98,119,102,73,60,4,,40,18,75,55,25,23,1.2,1.1
2023-12-22T2300,2173A,112.7249,37.7067,晋中市,南都小区,颗粒物(PM10),92,134,101,67,60,3,,34,15,74,54,28,28,1.2,1.4
2023-12-22T2300,2174A,112.6991,37.6982,晋中市,榆次区政府,细颗粒物(PM2.5),104,141,113,78,63,5,,35,16,76,61,28,25,1.5,1.4
2023-12-22T2300,2865A,112.7195,37.6828,晋中市,榆次三中,颗粒物(PM10),98,146,110,70,61,3,,42,21,72,59,32,33,1.4,1.3
2023-12-22T2300,2439A,112.2014,31.0481,荆门市,竹园小学,细颗粒物(PM2.5),70,81,71,51,39,36,,60,48,40,33,9,13,0.5,0.5
2023-12-22T2300,2440A,112.1969,30.9891,荆门市,掇刀,颗粒物(PM10),65,79,68,43,40,44,,70,58,36,26,8,9,0.6,0.6
2023-12-22T2300,2441A,112.2213,31.0386,荆门市,石化一小,颗粒物(PM10),63,75,71,40,40,47,,63,56,38,38,14,20,0.5,0.5
2023-12-22T2300,3012A,112.1849,31.0362,荆门市,西山林语,细颗粒物(PM2.5),67,71,64,48,39,40,,64,52,34,27,8,8,0.6,0.6
2023-12-22T2300,3547A,112.1632,31.0138,荆门市,龙泉中学南校,细颗粒物(PM2.5),70,83,71,51,44,38,,70,52,37,22,11,10,0.5,0.4
2023-12-22T2300,1844A,112.2494,30.3197,荆州市,市图书馆,细颗粒物(PM2.5),57,62,60,40,41,40,,72,55,39,29,7,7,0.6,0.6
2023-12-22T2300,1845A,112.2008,30.3544,荆州市,市委党校,细颗粒物(PM2.5),57,60,57,40,38,16,,72,52,66,33,6,7,0.7,0.6
2023-12-22T2300,3194A,112.2747,30.3122,荆州市,管委会,细颗粒物(PM2.5),62,53,55,44,40,26,,74,55,54,31,8,8,0.7,0.7
2023-12-22T2300,3548A,112.1655,30.3364,荆州市,学苑路,细颗粒物(PM2.5),68,67,48,49,37,37,,66,58,36,22,8,8,0.9,0.8
2023-12-22T2300,2342A,117.3102,29.3867,景德镇市,王港中学,,,,,,,,,,,,,,,,
2023-12-22T2300,2343A,117.2117,29.2933,景德镇市,老干部活动中心,细颗粒物(PM2.5),63,,51,45,39,38,,64,53,24,15,6,5,0.4,0.5
2023-12-22T2300,2344A,117.1894,29.2789,景德镇市,兽医站,,29,29,38,20,20,35,,65,53,23,14,8,7,0.4,0.4
2023-12-22T2300,2345A,117.1547,29.2617,景德镇市,台达陶瓷,,39,39,50,20,28,39,,68,48,29,21,18,19,0.6,0.6
2023-12-22T2300,2346A,117.2461,29.2956,景德镇市,陶研所,,38,38,37,22,18,19,,68,44,29,17,8,9,0.8,0.6
2023-12-22T2300,1803A,115.9872,29.6815,九江市,十里,颗粒物(PM10),51,51,40,23,24,28,,70,50,43,24,7,8,0.6,0.5
2023-12-22T2300,1804A,115.9584,29.7046,九江市,茅山头,,40,40,43,28,31,47,,68,55,24,21,12,14,0.5,0.5
2023-12-22T2300,1805A,115.9877,29.7295,九江市,西园,,38,37,36,26,30,51,,71,62,28,22,6,7,0.6,0.6
2023-12-22T2300,1806A,116.0172,29.6547,九江市,五七二七厂,,44,44,43,26,29,53,,69,64,18,17,11,12,0.5,0.5
2023-12-22T2300,1808A,115.9114,29.6038,九江市,综合工业园,细颗粒物(PM2.5),57,,43,40,35,28,,65,41,42,27,10,10,0.6,0.4
2023-12-22T2300,1809A,116.0721,29.7535,九江市,石化总厂,,29,28,40,20,23,55,,71,63,24,20,8,7,0.4,0.4
2023-12-22T2300,1810A,115.9773,29.5698,九江市,庐山气象台,,8,8,18,0,13,6,,42,8,7,8,6,7,0.5,0.7
2023-12-22T2300,3190A,116.0254,29.6994,九江市,外国语学校,,47,47,40,32,32,40,,67,53,38,25,10,12,0.6,0.6
2023-12-22T2300,2658A,98.5061,39.7443,酒泉市,仓门街子站,颗粒物(PM10),69,88,118,45,39,28,,57,43,46,32,5,6,0.9,0.7
2023-12-22T2300,2659A,98.4989,39.7256,酒泉市,油田生活基地,颗粒物(PM10),71,92,115,46,34,20,,48,33,56,38,4,5,0.8,0.6
2023-12-22T2300,2698A,76.0072,39.4467,喀什地区,巡警大队,颗粒物(PM10),500,608,771,141,201,38,,44,44,40,37,3,3,0.8,0.9
2023-12-22T2300,2699A,75.9755,39.4694,喀什地区,吾办,颗粒物(PM10),500,641,783,161,192,30,,47,46,56,41,4,3,1.4,1.4
2023-12-22T2300,4027A,75.9483,39.4689,喀什地区,老干局,颗粒物(PM10),500,706,816,170,173,13,,46,40,74,37,4,4,2.1,1.6
2023-12-22T2300,1824A,114.3389,34.7781,开封市,肿瘤医院,,,71,85,58,54,24,,42,36,,36,2,4,0.5,0.6
2023-12-22T2300,1826A,114.2885,34.7965,开封市,世纪星幼儿园,细颗粒物(PM2.5),64,66,73,46,47,25,,44,39,39,53,3,5,0.7,0.7
2023-12-22T2300,3147A,114.3438,34.8106,开封市,龙亭公园,细颗粒物(PM2.5),75,68,72,55,45,37,,51,46,29,43,3,4,0.8,0.9
2023-12-22T2300,3210A,114.3644,34.7964,开封市,汴京公园,细颗粒物(PM2.5),72,68,84,52,55,26,,42,36,31,46,5,7,0.6,0.7
2023-12-22T2300,3473A,114.2485,34.8306,开封市,技师学院,细颗粒物(PM2.5),73,78,65,53,39,34,,46,44,44,48,1,8,0.5,0.7
2023-12-22T2300,3592A,114.4644,34.7556,开封市,祥符区生态环境局,颗粒物(PM10),65,80,89,44,52,24,,52,36,48,49,3,7,0.5,0.7
2023-12-22T2300,1951A,84.895,45.6094,克拉玛依市,长征新村,细颗粒物(PM2.5),84,104,91,62,70,20,,58,45,64,35,10,11,1.1,0.9
2023-12-22T2300,1952A,84.8988,45.5893,克拉玛依市,南林小区,细颗粒物(PM2.5),107,114,102,80,78,5,,59,38,66,29,2,2,1.5,0.9
2023-12-22T2300,1954A,84.905,44.3396,克拉玛依市,独山子区,细颗粒物(PM2.5),89,75,154,66,123,71,,63,63,21,60,4,4,0.7,0.9
2023-12-22T2300,1955A,85.6979,46.098,克拉玛依市,乌尔禾区商贸楼,细颗粒物(PM2.5),69,69,80,50,61,71,,66,63,17,22,6,8,0.5,0.8
2023-12-22T2300,3612A,85.1045,45.6899,克拉玛依市,白碱滩区新站,细颗粒物(PM2.5),85,96,91,63,71,33,,56,43,48,34,8,9,0.9,0.8
2023-12-22T2300,2697A,76.1454,39.7142,克孜勒苏柯尔克孜自治州,市人民政府,颗粒物(PM10),500,703,761,189,195,24,,52,46,37,20,5,4,1.1,0.8
2023-12-22T2300,3665A,76.1658,39.7157,克孜勒苏柯尔克孜自治州,克州文化中心,颗粒物(PM10),500,769,876,172,194,21,,56,47,43,24,7,6,0.9,0.9
2023-12-22T2300,1450A,102.8204,24.8886,昆明市,呈贡新区,细颗粒物(PM2.5),77,,44,56,48,35,,52,40,20,17,8,5,0.9,0.8
2023-12-22T2300,1451A,102.6251,24.9608,昆明市,西山森林公园,颗粒物(PM10),63,76,42,12,23,45,,45,43,15,17,6,5,1.2,1.1
2023-12-22T2300,1452A,102.7252,25.0902,昆明市,龙泉镇,细颗粒物(PM2.5),69,67,48,50,40,30,,45,36,29,25,9,9,0.8,0.8
2023-12-22T2300,1453A,102.7266,25.0375,昆明市,东风东路,细颗粒物(PM2.5),79,77,65,58,48,17,,40,31,42,30,8,8,1.0,0.9
2023-12-22T2300,1454A,102.6742,25.0669,昆明市,金鼎山,细颗粒物(PM2.5),78,76,52,57,44,30,,46,41,35,25,10,9,0.7,0.6
2023-12-22T2300,1455A,102.6644,25.0401,昆明市,碧鸡广场,细颗粒物(PM2.5),77,68,53,56,42,26,,44,38,39,28,10,8,0.9,0.9
2023-12-22T2300,3179A,102.7494,25.0119,昆明市,官渡区博物馆,细颗粒物(PM2.5),73,63,50,53,42,18,,48,36,43,27,8,8,0.5,0.5
2023-12-22T2300,3375A,102.8017,24.8336,昆明市,青年创业园,细颗粒物(PM2.5),58,51,44,41,35,26,,59,42,30,16,8,8,0.7,0.6
2023-12-22T2300,3550A,102.7997,24.9786,昆明市,昆明学院,细颗粒物(PM2.5),74,73,62,54,45,31,,43,30,32,25,10,10,0.6,0.6
2023-12-22T2300,3551A,102.5967,24.6736,昆明市,晋宁区生态环境分局,细颗粒物(PM2.5),79,97,54,58,36,29,,48,38,29,16,4,4,1.2,0.9
2023-12-22T2300,3552A,102.6678,24.9856,昆明市,云天化总部,细颗粒物(PM2.5),72,64,52,52,41,30,,48,44,31,21,5,4,0.8,0.7
2023-12-22T2300,1456A,91.1319,29.6514,拉萨市,八廓街,,24,24,28,14,16,53,,81,77,34,31,7,12,0.7,1
2023-12-22T2300,1457A,91.1221,29.6747,拉萨市,市环保局,,22,18,42,11,19,69,,75,75,17,26,6,12,0.6,1.1
2023-12-22T2300,1458A,91.0874,29.6475,拉萨市,区监测站,,20,15,21,6,12,62,,82,80,25,32,5,11,0.4,0.6
2023-12-22T2300,1459A,91.1774,29.6541,拉萨市,西藏大学,,24,11,23,7,12,74,,73,72,8,17,5,10,0.6,0.8
2023-12-22T2300,1460A,90.9798,29.6588,拉萨市,区辐射站,,49,46,46,34,25,30,,63,53,61,42,9,9,1.4,0.9
2023-12-22T2300,1461A,91.0834,29.6292,拉萨市,拉萨火车站,,25,7,26,7,16,80,,78,78,3,35,4,8,0.1,0.7
2023-12-22T2300,2520A,109.2203,23.7256,来宾市,来宾技工学校,细颗粒物(PM2.5),54,48,65,38,40,70,,97,91,22,15,8,8,0.7,0.8
2023-12-22T2300,3535A,109.1781,23.7297,来宾市,兴宾区政府,细颗粒物(PM2.5),63,67,78,45,48,66,,102,89,24,17,9,10,0.7,0.8
2023-12-22T2300,4002A,109.2416,23.7461,来宾市,中南小学,细颗粒物(PM2.5),60,56,67,43,45,65,,103,91,29,16,6,6,0.8,0.8
2023-12-22T2300,1476A,103.631,36.1031,兰州市,兰炼宾馆,颗粒物(PM10),101,152,132,73,60,6,,38,20,86,63,27,28,1.6,1.4
2023-12-22T2300,1477A,104.1373,35.9454,兰州市,榆中兰大校区,,,,,,,,,,,,,,,,
2023-12-22T2300,1478A,103.8412,36.0726,兰州市,生物制品所,颗粒物(PM10),95,139,51,67,37,6,,,,78,81,19,18,0.9,1.4
2023-12-22T2300,1479A,103.831,36.0464,兰州市,铁路设计院,细颗粒物(PM2.5),87,122,118,64,55,6,,25,14,93,77,25,26,1.8,1.9
2023-12-22T2300,3186A,103.7158,36.1058,兰州市,教育港,颗粒物(PM10),84,117,114,54,51,5,,34,17,83,67,17,19,1.6,1.4
2023-12-22T2300,3241A,103.7439,36.0842,兰州市,百合公园,细颗粒物(PM2.5),89,121,115,66,53,5,,36,19,83,67,22,21,1.5,1.3
2023-12-22T2300,3242A,103.9611,35.998,兰州市,和平,细颗粒物(PM2.5),89,118,137,66,65,18,,36,21,64,59,14,30,1.1,2
2023-12-22T2300,3245A,103.6633,36.533,兰州新区,新区管委会,颗粒物(PM10),77,104,85,42,42,13,,57,38,48,37,16,22,0.8,0.8
2023-12-22T2300,3246A,103.6975,36.4789,兰州新区,舟曲中学,颗粒物(PM10),75,99,105,33,38,59,,63,54,29,41,72,31,0.4,0.6
2023-12-22T2300,1067A,116.6708,39.5111,廊坊市,药材公司,颗粒物(PM10),70,90,48,48,25,2,,45,20,86,57,3,2,1.0,0.8
2023-12-22T2300,1068A,116.7214,39.5589,廊坊市,开发区,颗粒物(PM10),61,72,34,38,14,0,,40,15,87,59,4,3,0.8,0.5
2023-12-22T2300,1070A,116.7244,39.5269,廊坊市,北华航天学院,细颗粒物(PM2.5),70,81,42,51,18,2,,44,19,89,59,4,3,1.6,0.7
2023-12-22T2300,2919A,116.7022,39.5453,廊坊市,河北工业大学,细颗粒物(PM2.5),83,82,46,61,18,0,,42,22,79,52,4,5,0.8,0.5
2023-12-22T2300,2535A,103.7723,29.5462,乐山市,花湖湾,细颗粒物(PM2.5),107,121,133,80,94,39,,61,56,18,24,3,3,0.4,0.5
2023-12-22T2300,2536A,103.7627,29.5844,乐山市,牛耳桥,细颗粒物(PM2.5),109,104,104,82,84,33,,59,49,33,30,3,3,0.7,0.7
2023-12-22T2300,2537A,103.7508,29.6006,乐山市,市第三水厂,细颗粒物(PM2.5),112,107,102,84,83,40,,64,57,28,29,4,4,0.6,0.8
2023-12-22T2300,2538A,103.7571,29.5664,乐山市,市监测站,细颗粒物(PM2.5),107,99,105,80,85,40,,65,58,25,28,7,6,0.5,0.6
2023-12-22T2300,3361A,103.7311,29.5628,乐山市,理工大学,细颗粒物(PM2.5),115,110,111,87,92,41,,66,59,22,28,6,6,0.6,0.7
2023-12-22T2300,2598A,100.2143,26.8576,丽江市,西南郊,,,,,,,,,,,,,,,,
2023-12-22T2300,2599A,100.2497,26.8802,丽江市,丽江古城,,25,25,44,16,25,67,,86,74,18,22,8,8,0.5,0.6
2023-12-22T2300,2600A,100.2203,26.8906,丽江市,市中心,,21,13,23,1,7,67,,79,66,12,20,5,6,0.4,0.7
2023-12-22T2300,1267A,119.914,28.4514,丽水市,监测站大楼,颗粒物(PM10),52,53,47,31,34,35,,76,60,30,17,5,7,0.5,0.4
2023-12-22T2300,1268A,119.93,28.4586,丽水市,莲都小学,,50,50,52,29,41,36,,73,60,32,17,6,6,0.5,0.4
2023-12-22T2300,1269A,119.879,28.4231,丽水市,余庄前,,46,44,48,32,34,21,,69,48,25,18,4,5,0.3,0.3
2023-12-22T2300,1173A,119.176,34.5885,连云港市,市环境监测站,细颗粒物(PM2.5),83,80,51,61,34,29,,56,39,46,38,14,13,0.9,0.7
2023-12-22T2300,3000A,119.3581,34.6972,连云港市,德源药业,细颗粒物(PM2.5),73,85,62,53,30,2,,54,20,69,45,17,13,0.7,0.5
2023-12-22T2300,3007A,119.178,34.844,连云港市,新城一中,细颗粒物(PM2.5),93,76,45,69,37,6,,64,30,76,41,14,12,0.8,0.9
2023-12-22T2300,3008A,119.3608,34.7519,连云港市,胡沟管理处,颗粒物(PM10),57,63,41,39,23,13,,61,28,68,36,12,8,0.7,0.7
2023-12-22T2300,3009A,119.1478,34.5911,连云港市,矿山设计院,细颗粒物(PM2.5),70,68,56,51,34,40,,54,33,31,41,12,13,0.5,0.6
2023-12-22T2300,3434A,119.2413,34.6539,连云港市,工贸学校,细颗粒物(PM2.5),77,80,55,56,35,39,,64,47,36,35,15,13,0.7,0.6
2023-12-22T2300,3664A,119.4172,34.7341,连云港市,连云街道,,49,49,39,31,26,48,,57,50,13,20,19,18,0.7,0.7
2023-12-22T2300,2571A,102.3431,27.8099,凉山彝族自治州,青龙寺,,38,38,34,18,16,61,,72,65,10,10,5,4,0.8,0.8
2023-12-22T2300,2572A,102.2721,27.8415,凉山彝族自治州,邛海宾馆,,48,37,35,33,24,66,,65,65,12,13,12,10,1.0,0.9
2023-12-22T2300,2573A,102.2625,27.898,凉山彝族自治州,西昌市政府,细颗粒物(PM2.5),77,67,36,56,29,58,,70,69,17,13,13,9,0.8,0.7
2023-12-22T2300,2574A,102.2685,27.8851,凉山彝族自治州,凉山州政府,细颗粒物(PM2.5),53,49,34,37,26,62,,67,67,12,11,7,7,0.7,0.6
2023-12-22T2300,2575A,102.237,27.8914,凉山彝族自治州,长安,细颗粒物(PM2.5),62,62,41,44,30,65,,67,67,14,16,11,11,0.7,0.9
2023-12-22T2300,2212A,123.2,41.1953,辽阳市,宏伟区,,32,,68,22,46,48,,39,37,19,44,15,25,0.4,1.2
2023-12-22T2300,2213A,123.1683,41.2495,辽阳市,新华园,细颗粒物(PM2.5),52,52,86,36,55,20,,36,18,49,52,48,32,1.1,1.5
2023-12-22T2300,2214A,123.2354,41.2639,辽阳市,滨河路,,40,36,65,28,47,42,,40,35,26,41,16,23,0.9,1.2
2023-12-22T2300,2215A,123.149,41.2991,辽阳市,铁西工业园,,45,43,97,31,59,24,,36,18,43,54,40,26,0.8,1.7
2023-12-22T2300,2227A,125.1358,42.8845,辽源市,环保局,细颗粒物(PM2.5),52,49,58,36,42,22,,65,52,48,31,12,9,1.3,1.1
2023-12-22T2300,3239A,125.0764,42.9078,辽源市,银鹰制药,细颗粒物(PM2.5),59,62,60,42,48,20,,66,47,52,33,10,14,1.2,1.1
2023-12-22T2300,1625A,115.9848,36.4372,聊城市,区政府,细颗粒物(PM2.5),80,94,88,59,58,26,,64,41,45,44,6,7,0.7,0.7
2023-12-22T2300,2878A,116.0072,36.4343,聊城市,聊大东校,细颗粒物(PM2.5),78,75,81,57,63,26,,67,40,46,42,6,7,0.5,0.5
2023-12-22T2300,3200A,115.9819,36.4978,聊城市,监控中心,细颗粒物(PM2.5),79,90,85,58,56,24,,63,42,43,42,3,7,0.8,0.6
2023-12-22T2300,3513A,116.0445,36.4361,聊城市,九州社区,细颗粒物(PM2.5),70,73,81,51,55,23,,68,40,50,46,4,4,0.6,0.7
2023-12-22T2300,4018A,116.0567,36.4608,聊城市,星美广场,细颗粒物(PM2.5),65,78,88,47,56,24,,69,35,43,45,3,6,0.6,0.7
2023-12-22T2300,2632A,94.3681,29.6376,林芝市,林芝监测站,,35,34,17,24,10,35,,67,43,24,20,7,7,0.7,0.5
2023-12-22T2300,2633A,94.3616,29.6616,林芝市,林芝人民医院,,24,24,18,14,12,29,,67,54,29,17,8,8,0.9,0.7
2023-12-22T2300,2603A,100.0781,23.8982,临沧市,市环保局,,25,20,25,17,20,14,,33,24,14,15,6,8,0.7,0.6
2023-12-22T2300,2604A,100.0894,23.8822,临沧市,市气象局,,22,,32,15,23,19,,31,25,13,17,5,7,0.6,0.6
2023-12-22T2300,1733A,111.5531,36.0783,临汾市,临钢医院,颗粒物(PM10),68,85,58,46,32,5,,39,19,55,34,12,7,1.2,1
2023-12-22T2300,1734A,111.5028,36.0714,临汾市,技工学校,细颗粒物(PM2.5),77,85,58,56,38,6,,40,20,62,42,16,12,0.9,0.8
2023-12-22T2300,1736A,111.5018,36.0855,临汾市,市委,颗粒物(PM10),79,108,64,45,32,7,,38,20,59,41,14,9,1.0,0.9
2023-12-22T2300,3018A,111.505,36.1014,临汾市,唐尧大酒店,颗粒物(PM10),76,102,70,48,33,5,,36,14,58,41,16,10,0.9,0.7
2023-12-22T2300,3668A,111.5036,36.0414,临汾市,城南,颗粒物(PM10),94,138,65,62,39,2,,41,16,51,40,11,16,1.6,1.1
2023-12-22T2300,2667A,103.2069,35.5993,临夏回族自治州,环保局,颗粒物(PM10),68,86,81,36,36,4,,52,36,59,44,20,21,2.4,2
2023-12-22T2300,2668A,103.2417,35.6057,临夏回族自治州,建设大厦,颗粒物(PM10),87,123,99,48,33,12,,54,36,47,37,12,15,1.9,1.6
2023-12-22T2300,1618A,118.3429,35.0532,临沂市,沂河小区,细颗粒物(PM2.5),83,100,69,61,39,20,,56,38,66,48,24,17,0.7,0.6
2023-12-22T2300,1619A,118.295,35.0583,临沂市,鲁南制药厂,颗粒物(PM10),86,122,76,60,35,6,,60,27,75,50,52,26,1.1,0.8
2023-12-22T2300,1620A,118.2794,34.9976,临沂市,新光毛纺厂,细颗粒物(PM2.5),87,110,59,64,36,8,,62,37,71,41,29,16,0.9,0.6
2023-12-22T2300,1621A,118.3956,35.0888,临沂市,河东保险公司,细颗粒物(PM2.5),127,,60,96,39,25,,54,31,49,39,13,11,1.0,0.9
2023-12-22T2300,3370A,118.3564,35.0215,临沂市,十里堡居委,细颗粒物(PM2.5),89,114,62,66,34,13,,62,37,64,45,22,17,1.3,1
2023-12-22T2300,3496A,118.3604,35.1084,临沂市,南坊新区,细颗粒物(PM2.5),77,92,65,56,38,16,,53,30,64,46,15,13,1.0,1
2023-12-22T2300,3860A,118.3920,35.0300,临沂市,皇山花园小区,颗粒物(PM10),81,112,60,59,29,15,,62,40,59,37,27,14,0.8,0.6
2023-12-22T2300,1870A,109.4856,24.3895,柳州市,柳东小学,,45,45,63,30,45,81,,99,92,15,13,12,11,0.4,0.5
2023-12-22T2300,1871A,109.4157,24.3277,柳州市,环保监测站,,42,42,67,25,40,80,,96,91,14,14,10,10,0.5,0.6
2023-12-22T2300,1872A,109.389,24.341,柳州市,河西水厂,,,46,78,,43,78,,97,90,11,14,6,9,0.8,1
2023-12-22T2300,1873A,109.4311,24.2921,柳州市,市四中,,45,38,56,31,41,79,,96,91,20,15,8,8,0.6,0.7
2023-12-22T2300,1874A,109.4006,24.3631,柳州市,市九中,,50,50,78,32,49,68,,93,86,22,17,5,6,0.6,0.7
2023-12-22T2300,1875A,109.4958,24.3134,柳州市,古亭山,,36,,54,25,37,86,,97,90,11,13,11,11,0.7,0.8
2023-12-22T2300,3402A,109.5422,24.3996,柳州市,市二中,,33,30,59,23,36,92,,104,98,10,11,8,7,0.5,0.6
2023-12-22T2300,2307A,116.5079,31.737,六安市,监测大楼,,48,45,48,33,37,34,,65,50,39,28,6,4,0.5,0.5
2023-12-22T2300,2308A,116.4738,31.7643,六安市,皖西学院,细颗粒物(PM2.5),52,49,55,36,35,42,,68,52,33,23,6,4,0.4,0.4
2023-12-22T2300,2309A,116.4996,31.7905,六安市,朝阳厂,,46,40,49,32,36,39,,64,49,34,23,5,6,0.4,0.4
2023-12-22T2300,2310A,116.5567,31.7886,六安市,开发区,颗粒物(PM10),53,55,64,35,39,40,,66,50,32,28,5,5,0.7,0.6
2023-12-22T2300,2576A,104.8,26.5892,六盘水市,窑上,,,,,,,,,,,,,,,,
2023-12-22T2300,2577A,104.83,26.5917,六盘水市,黄土坡,细颗粒物(PM2.5),72,61,47,52,30,23,,48,24,17,18,8,8,0.8,0.7
2023-12-22T2300,2578A,104.89,26.5939,六盘水市,水钢,细颗粒物(PM2.5),64,,42,46,37,28,,48,32,18,16,6,5,1.0,0.6
2023-12-22T2300,2579A,104.8475,26.5894,六盘水市,民中,,49,45,37,34,32,24,,46,25,15,17,7,7,0.6,0.6
2023-12-22T2300,2580A,104.9544,26.5506,六盘水市,双水,细颗粒物(PM2.5),58,48,43,41,33,33,,57,37,14,13,7,6,0.6,0.3
2023-12-22T2300,2335A,117.0189,25.1181,龙岩市,龙岩师专,,,,,,,,,,,,,,,,
2023-12-22T2300,2336A,117.0217,25.1033,龙岩市,龙岩市监测站,,33,31,36,23,22,71,,86,81,13,9,13,9,0.4,0.4
2023-12-22T2300,2337A,117.0258,25.0661,龙岩市,闽西职业技术学院,,32,31,33,22,22,66,,87,81,14,7,10,6,0.7,0.6
2023-12-22T2300,2338A,117.0196,25.0306,龙岩市,龙岩学院,,28,28,35,19,21,49,,85,72,22,9,8,6,0.7,0.5
2023-12-22T2300,2665A,105.0822,33.3261,陇南市,汉王镇固水子,,,,,,,,,,,,,,,,
2023-12-22T2300,2885A,104.9339,33.3826,陇南市,滨江中学,细颗粒物(PM2.5),68,82,73,49,43,22,,28,22,39,32,10,24,1.4,1.1
2023-12-22T2300,3247A,104.955,33.371,陇南市,市总工会,"颗粒物(PM10),细颗粒物(PM2.5)",62,73,74,44,41,33,,56,50,33,31,1,9,0.9,0.7
2023-12-22T2300,2487A,111.9589,27.8901,娄底市,电视发射台,颗粒物(PM10),58,65,65,40,32,89,,91,91,9,10,4,4,0.8,0.8
2023-12-22T2300,2488A,111.9975,27.725,娄底市,市监测站,细颗粒物(PM2.5),62,64,68,44,42,77,,84,80,23,23,23,8,0.6,0.6
2023-12-22T2300,2489A,112.0194,27.7314,娄底市,市委党校,细颗粒物(PM2.5),58,62,62,41,38,71,,77,73,23,21,7,6,0.5,0.4
2023-12-22T2300,2490A,111.9561,27.7569,娄底市,涟钢,细颗粒物(PM2.5),64,72,74,46,42,64,,75,68,26,22,7,9,0.8,0.8
2023-12-22T2300,2491A,111.9892,27.7044,娄底市,市政府,颗粒物(PM10),56,62,62,39,39,82,,80,80,18,21,8,6,0.5,0.5
2023-12-22T2300,1893A,105.4324,28.9634,泸州市,九狮山,细颗粒物(PM2.5),125,114,113,95,97,0,,47,28,35,24,6,7,0.6,0.6
2023-12-22T2300,1894A,105.4427,28.9063,泸州市,小市上码头,细颗粒物(PM2.5),138,129,124,105,95,,,74,59,52,33,4,6,1.0,0.8
2023-12-22T2300,1895A,105.4241,28.8573,泸州市,兰田宪桥,细颗粒物(PM2.5),99,96,118,74,94,7,,39,30,43,30,4,6,0.8,0.8
2023-12-22T2300,1896A,105.4379,28.8833,泸州市,市环监站,细颗粒物(PM2.5),128,116,116,97,96,7,,36,28,47,29,8,10,0.8,0.7
2023-12-22T2300,3490A,105.3617,28.7703,泸州市,纳溪区环保局,细颗粒物(PM2.5),100,98,126,75,94,7,,45,32,48,32,6,8,0.9,0.8
2023-12-22T2300,2183A,111.1406,37.5211,吕梁市,环保局,颗粒物(PM10),62,74,59,29,29,2,,30,10,66,52,3,4,0.7,0.7
2023-12-22T2300,2185A,111.1297,37.5136,吕梁市,自来水公司,细颗粒物(PM2.5),85,86,65,63,36,6,,33,11,56,47,10,10,1.0,0.8
2023-12-22T2300,2867A,111.1283,37.51,吕梁市,马茂庄小学,颗粒物(PM10),68,85,68,38,36,3,,30,9,65,52,1,5,1.1,1
2023-12-22T2300,1812A,112.3931,34.6516,洛阳市,市委党校,,47,47,38,28,17,49,,56,50,19,19,2,3,0.6,0.5
2023-12-22T2300,1814A,112.4657,34.6871,洛阳市,豫西宾馆,颗粒物(PM10),54,58,52,34,28,42,,45,43,31,34,11,8,0.6,0.6
2023-12-22T2300,1815A,112.494,34.6886,洛阳市,河南林校,,50,50,43,28,24,42,,53,44,28,34,9,5,0.4,0.4
2023-12-22T2300,1816A,112.3844,34.623,洛阳市,开发区管委会,,49,49,32,31,20,40,,61,51,22,13,2,3,0.6,0.5
2023-12-22T2300,1817A,112.4267,34.6258,洛阳市,市委新办公区,,50,45,32,35,22,46,,62,56,26,18,6,5,0.5,0.4
2023-12-22T2300,3340A,112.6005,34.6326,洛阳市,伊滨,颗粒物(PM10),51,51,43,24,20,44,,51,45,24,23,3,3,0.5,0.4
2023-12-22T2300,3341A,112.4951,34.6332,洛阳市,中移产业园,,45,45,33,26,12,48,,59,55,20,15,8,6,0.6,0.4
2023-12-22T2300,3593A,112.5736,34.8993,洛阳市,吉利监测站,颗粒物(PM10),56,62,43,32,20,13,,49,20,52,36,4,6,0.5,0.4
2023-12-22T2300,3635A,112.3677,34.662,洛阳市,河科大西苑校区,颗粒物(PM10),51,52,45,29,27,45,,58,52,24,23,7,5,0.6,0.6
2023-12-22T2300,3636A,112.4388,34.6781,洛阳市,英才小学,,,,44,,30,45,,52,45,21,23,10,7,0.6,0.6
2023-12-22T2300,2399A,114.051,33.5699,漯河市,三五一五工厂,细颗粒物(PM2.5),63,68,60,45,37,37,,65,52,29,29,6,6,0.5,0.5
2023-12-22T2300,2400A,114.0055,33.5698,漯河市,漯河大学,细颗粒物(PM2.5),62,68,60,44,36,27,,67,52,35,31,5,6,0.6,0.5
2023-12-22T2300,2401A,114.0138,33.5828,漯河市,市水利局,细颗粒物(PM2.5),67,73,60,48,36,36,,69,58,28,24,6,8,0.5,0.5
2023-12-22T2300,2402A,114.0261,33.5698,漯河市,市广电局,细颗粒物(PM2.5),63,71,56,45,36,38,,67,58,30,27,3,4,0.4,0.4
2023-12-22T2300,3478A,113.9749,33.5664,漯河市,市图书馆,细颗粒物(PM2.5),67,68,60,48,38,32,,65,51,25,23,3,4,0.6,0.4
2023-12-22T2300,3479A,114.0967,33.5906,漯河市,召陵区卫健委,颗粒物(PM10),57,63,66,38,39,43,,64,55,24,27,6,7,0.5,0.6
2023-12-22T2300,1798A,118.5092,31.6837,马鞍山市,湖东路四小,细颗粒物(PM2.5),58,61,42,41,27,7,,58,30,68,33,8,11,1.0,0.8
2023-12-22T2300,1799A,118.5024,31.6449,马鞍山市,开发区,细颗粒物(PM2.5),58,53,48,41,33,1,,54,25,70,40,10,17,1.0,1.1
2023-12-22T2300,1800A,118.5228,31.7231,马鞍山市,慈湖,细颗粒物(PM2.5),62,64,54,44,33,7,,56,22,64,42,5,8,1.3,1
2023-12-22T2300,1802A,118.6245,31.7241,马鞍山市,濮塘,,44,44,42,29,25,26,,55,42,24,18,4,5,1.2,0.8
2023-12-22T2300,3633A,118.4918,31.6809,马鞍山市,雨山,细颗粒物(PM2.5),70,60,54,51,37,11,,56,28,64,38,9,18,0.7,1.1
2023-12-22T2300,1686A,111.0286,21.4688,茂名市,电白南海,,49,46,48,34,27,72,,83,76,14,11,13,10,0.4,0.5
2023-12-22T2300,1687A,110.9294,21.6533,茂名市,茂石化七小,细颗粒物(PM2.5),62,58,50,44,35,59,,74,68,14,12,15,10,0.8,0.7
2023-12-22T2300,1688A,110.9107,21.6687,茂名市,健康路,颗粒物(PM10),54,58,49,36,28,60,,76,70,16,13,11,9,0.6,0.5
2023-12-22T2300,1689A,110.8592,21.6828,茂名市,高岭,细颗粒物(PM2.5),58,63,51,41,33,55,,68,63,17,15,23,20,0.5,0.5
2023-12-22T2300,3450A,111.01,21.5165,茂名市,电白水东,颗粒物(PM10),52,53,54,29,28,74,,76,70,12,12,7,7,0.5,0.5
2023-12-22T2300,2539A,104.0308,30.0478,眉山市,黑龙滩水库,颗粒物(PM10),70,90,86,49,50,31,,73,61,21,9,2,3,0.5,0.4
2023-12-22T2300,2540A,103.8416,30.0874,眉山市,气象局,细颗粒物(PM2.5),134,116,88,102,78,5,,62,38,54,33,7,7,1.0,0.8
2023-12-22T2300,3137A,103.8578,30.0744,眉山市,市委党校,细颗粒物(PM2.5),140,146,99,107,79,3,,57,39,56,31,7,7,0.8,0.6
2023-12-22T2300,3148A,103.8291,30.0564,眉山市,区人社局,细颗粒物(PM2.5),144,123,91,110,83,2,,59,33,,34,7,8,0.8,0.7
2023-12-22T2300,1690A,116.1231,24.3284,梅州市,梅江月梅,,37,37,41,21,27,39,,77,54,40,23,9,9,0.6,0.7
2023-12-22T2300,1691A,116.0797,24.2719,梅州市,梅县新城,,30,30,39,21,25,63,,78,71,16,12,6,5,0.5,0.5
2023-12-22T2300,1692A,116.1248,24.2654,梅州市,环境监控中心,,40,39,42,28,29,47,,73,44,30,23,6,6,0.5,0.5
2023-12-22T2300,3315A,116.1233,24.2991,梅州市,梅龙,,41,41,44,21,26,41,,75,60,29,16,7,6,0.4,0.4
2023-12-22T2300,1878A,104.7778,31.4741,绵阳市,富乐山,细颗粒物(PM2.5),117,107,78,88,63,3,,32,10,52,32,6,6,1.2,0.7
2023-12-22T2300,1879A,104.7563,31.4535,绵阳市,市人大,细颗粒物(PM2.5),113,112,85,85,63,3,,20,9,54,38,4,4,1.2,0.8
2023-12-22T2300,1880A,104.6697,31.4668,绵阳市,高新区自来水公司,细颗粒物(PM2.5),124,149,120,94,75,3,,16,9,,39,8,9,1.1,0.9
2023-12-22T2300,1881A,104.7287,31.5075,绵阳市,三水厂,细颗粒物(PM2.5),128,124,105,97,74,5,,20,9,50,43,6,6,1.1,0.9
2023-12-22T2300,3491A,104.69,31.5322,绵阳市,西科大附属小学,细颗粒物(PM2.5),103,111,115,77,75,4,,19,9,49,41,4,5,0.8,1
2023-12-22T2300,3492A,104.5648,31.5343,绵阳市,安州区旅游局,细颗粒物(PM2.5),115,117,107,87,79,3,,10,5,53,45,12,11,1.5,1.3
2023-12-22T2300,1784A,129.61,44.561,牡丹江市,环保大楼,,46,43,47,32,31,32,,52,34,38,27,13,13,0.5,0.5
2023-12-22T2300,1785A,129.6115,44.5782,牡丹江市,文化广场,细颗粒物(PM2.5),63,55,53,45,46,30,,45,30,37,28,12,14,0.8,0.7
2023-12-22T2300,1786A,129.5904,44.5963,牡丹江市,第一医院,细颗粒物(PM2.5),68,54,59,49,49,8,,42,18,52,34,10,12,1.0,0.9
2023-12-22T2300,1787A,129.6364,44.6075,牡丹江市,机车工厂,细颗粒物(PM2.5),77,81,52,56,39,8,,46,23,53,31,11,12,1.0,0.7
2023-12-22T2300,1788A,129.6386,44.5462,牡丹江市,第一中学,,40,35,40,28,32,50,,53,41,18,20,11,10,0.4,0.4
2023-12-22T2300,2531A,105.0703,29.61,内江市,市监测站,细颗粒物(PM2.5),138,,86,105,90,19,,38,29,36,29,7,7,0.7,0.7
2023-12-22T2300,2532A,105.0717,29.5947,内江市,东兴区政府,细颗粒物(PM2.5),120,101,93,91,78,20,,42,32,45,33,7,7,0.7,0.7
2023-12-22T2300,2533A,105.0653,29.5817,内江市,内江二中,细颗粒物(PM2.5),128,117,93,97,88,15,,43,31,52,36,6,6,1.0,0.8
2023-12-22T2300,2534A,105.0406,29.5822,内江市,内江日报社,细颗粒物(PM2.5),118,108,102,89,82,16,,42,32,49,40,5,5,0.6,0.7
2023-12-22T2300,1290A,115.8931,28.6843,南昌市,省外办,颗粒物(PM10),51,52,63,31,36,37,,62,49,38,27,7,8,0.4,0.4
2023-12-22T2300,1291A,115.8886,28.7003,南昌市,省林业公司,颗粒物(PM10),51,51,53,34,35,35,,66,47,38,26,8,11,0.6,0.6
2023-12-22T2300,1292A,115.8126,28.7442,南昌市,林科所,,29,29,48,19,31,56,,67,54,23,22,10,9,0.5,0.8
2023-12-22T2300,1294A,115.8518,28.687,南昌市,建工学校,颗粒物(PM10),55,59,62,37,33,48,,67,51,25,22,6,4,0.4,0.4
2023-12-22T2300,1295A,115.8921,28.6424,南昌市,象湖,,50,50,44,33,36,40,,66,52,36,26,10,9,0.6,0.6
2023-12-22T2300,1296A,115.7423,28.7996,南昌市,武术学校,,47,47,39,10,23,36,,64,46,16,15,6,7,0.3,0.3
2023-12-22T2300,1298A,115.9314,28.6842,南昌市,省站,颗粒物(PM10),60,69,59,26,34,34,,67,48,34,20,9,9,0.4,0.4
2023-12-22T2300,3046A,115.9084,28.6062,南昌市,机电学校,颗粒物(PM10),57,64,58,27,35,42,,73,55,34,23,8,7,0.4,0.4
2023-12-22T2300,3690A,115.9721,28.7031,南昌市,外国语学校,细颗粒物(PM2.5),59,59,57,42,35,45,,74,52,31,21,10,10,0.4,0.4
2023-12-22T2300,1905A,106.056,30.8064,南充市,西山风景区,细颗粒物(PM2.5),94,,72,70,65,44,,46,44,17,30,4,4,0.5,0.7
2023-12-22T2300,1906A,106.0789,30.8023,南充市,南充市委,细颗粒物(PM2.5),92,85,84,68,55,16,,40,27,35,31,4,5,0.3,0.5
2023-12-22T2300,1907A,106.1031,30.8217,南充市,南充炼油厂,细颗粒物(PM2.5),104,104,99,78,73,9,,41,26,45,30,6,5,0.5,0.5
2023-12-22T2300,1908A,106.1064,30.7856,南充市,高坪区监测站,细颗粒物(PM2.5),92,108,104,68,71,21,,38,28,32,31,5,6,0.5,0.6
2023-12-22T2300,1909A,106.0642,30.7636,南充市,嘉陵区环保局,细颗粒物(PM2.5),89,92,91,66,61,15,,44,23,39,36,4,5,0.6,0.6
2023-12-22T2300,1910A,106.1087,30.8388,南充市,市环境监测站,细颗粒物(PM2.5),92,103,99,68,68,18,,40,25,37,31,9,6,0.5,0.6
2023-12-22T2300,1151A,118.8086,32.1065,南京市,迈皋桥,,49,49,50,29,28,3,,64,25,67,30,4,9,0.4,0.7
2023-12-22T2300,1152A,118.7538,32.0551,南京市,草场门,,44,44,44,22,23,11,,68,47,75,37,3,7,0.5,0.3
2023-12-22T2300,1153A,118.7794,32.0745,南京市,山西路,,,,48,,25,,,46,,,21,,8,,0.3
2023-12-22T2300,1154A,118.7752,32.0023,南京市,中华门,颗粒物(PM10),52,53,41,31,25,12,,79,45,65,29,9,10,0.9,0.7
2023-12-22T2300,1155A,118.8109,32.0309,南京市,瑞金路,颗粒物(PM10),51,51,48,22,27,12,,80,44,68,25,4,4,0.5,0.7
2023-12-22T2300,1156A,118.7997,32.0754,南京市,玄武湖,,39,39,42,23,23,10,,70,36,58,29,7,11,0.5,0.6
2023-12-22T2300,1157A,118.6414,32.0931,南京市,浦口,,42,34,38,29,24,44,,67,58,28,21,5,6,0.6,0.5
2023-12-22T2300,1158A,118.7356,31.9996,南京市,奥体中心,颗粒物(PM10),60,70,48,36,26,16,,73,48,69,35,10,9,1.0,0.7
2023-12-22T2300,1159A,118.9125,32.1028,南京市,仙林大学城,,29,29,34,17,16,22,,65,35,48,31,2,4,0.7,0.7
2023-12-22T2300,3422A,118.8436,31.9198,南京市,江宁彩虹桥,颗粒物(PM10),56,62,47,29,25,7,,88,42,78,33,7,9,0.6,0.6
2023-12-22T2300,3423A,119.0138,31.6494,南京市,溧水永阳,细颗粒物(PM2.5),52,41,38,36,29,14,,69,40,47,29,4,4,0.6,0.5
2023-12-22T2300,3424A,118.879,31.3302,南京市,高淳老职中,,40,35,38,28,27,40,,64,44,35,26,5,6,0.4,0.4
2023-12-22T2300,3427A,118.8554,32.3578,南京市,六合雄州,,32,32,39,12,13,6,,68,42,47,16,14,13,0.4,0.4
2023-12-22T2300,1401A,108.3103,22.7881,南宁市,二十一中,细颗粒物(PM2.5),68,56,57,49,39,86,,102,100,23,14,14,10,0.9,0.7
2023-12-22T2300,1402A,108.3141,22.8528,南宁市,北湖,颗粒物(PM10),62,74,59,43,36,75,,100,88,22,14,21,10,0.7,0.7
2023-12-22T2300,1403A,108.3206,22.8225,南宁市,市监测站,细颗粒物(PM2.5),67,52,58,48,40,75,,96,86,39,22,17,10,0.9,0.7
2023-12-22T2300,1404A,108.3829,22.8037,南宁市,大自然花园,细颗粒物(PM2.5),68,69,56,49,40,80,,92,89,23,16,12,9,0.7,0.5
2023-12-22T2300,1405A,108.4394,22.7904,南宁市,仙葫,细颗粒物(PM2.5),64,76,64,46,39,87,,90,88,16,15,12,8,0.8,0.7
2023-12-22T2300,1406A,108.2397,22.8467,南宁市,区农职院,细颗粒物(PM2.5),67,72,61,48,37,38,,97,74,47,21,17,12,1.0,0.9
2023-12-22T2300,1407A,108.3275,22.735,南宁市,英华嘉园,细颗粒物(PM2.5),59,60,58,42,33,76,,89,84,24,16,10,8,0.7,0.7
2023-12-22T2300,1408A,108.2257,22.7757,南宁市,沙井镇街道办,"颗粒物(PM10),细颗粒物(PM2.5)",63,76,65,45,38,71,,90,75,32,22,13,11,0.8,0.7
2023-12-22T2300,3401A,108.4834,22.7618,南宁市,红星社区,细颗粒物(PM2.5),78,70,63,57,44,67,,83,78,25,16,9,8,0.7,0.6
2023-12-22T2300,2331A,118.0966,26.6761,南平市,茫荡山,,,,,,,,,,,,,,,,
2023-12-22T2300,2332A,118.1681,26.6369,南平市,南平市监测站,,38,34,44,26,27,11,,78,47,43,18,4,6,0.8,0.7
2023-12-22T2300,2333A,118.1825,26.6489,南平市,南平铝业有限公司,,39,,41,27,32,19,,72,44,33,18,6,7,0.5,0.5
2023-12-22T2300,2334A,118.1756,26.6272,南平市,南平七中,,28,,38,19,24,32,,78,57,24,16,5,8,0.9,0.9
2023-12-22T2300,1168A,120.9098,31.9663,南通市,狼山街道,,46,43,36,32,26,47,,66,55,26,18,8,9,0.4,0.4
2023-12-22T2300,1169A,120.86,32.0005,南通市,虹桥,,48,42,39,33,28,42,,63,50,31,25,3,4,0.7,0.6
2023-12-22T2300,1170A,120.87,32.02,南通市,城中,,42,35,38,29,25,42,,58,47,23,20,7,7,0.5,0.7
2023-12-22T2300,1171A,120.94,31.93,南通市,星湖花园,,39,33,36,27,22,37,,61,47,32,25,6,6,0.3,0.2
2023-12-22T2300,1172A,120.81,32.0417,南通市,紫琅学院,,42,42,38,25,24,33,,60,42,35,24,6,7,0.4,0.3
2023-12-22T2300,3291A,121.067,32.062,南通市,通州监测站,颗粒物(PM10),52,53,45,34,29,30,,68,54,40,21,6,7,0.4,0.3
2023-12-22T2300,3432A,120.9348,31.9883,南通市,环境教育馆,,42,39,33,29,23,47,,69,54,22,16,8,8,0.6,0.5
2023-12-22T2300,2404A,112.5224,33.0122,南阳市,瓦房庄,细颗粒物(PM2.5),95,79,56,71,39,45,,54,47,30,34,4,5,0.7,0.6
2023-12-22T2300,2405A,112.5003,32.9735,南阳市,汉画馆,细颗粒物(PM2.5),113,119,69,85,39,28,,62,42,42,40,6,7,0.7,0.5
2023-12-22T2300,2406A,112.5573,33.027,南阳市,气象站,细颗粒物(PM2.5),83,83,59,61,40,46,,58,48,24,27,5,5,0.6,0.5
2023-12-22T2300,2407A,112.5481,32.9689,南阳市,理工学院,细颗粒物(PM2.5),87,90,65,64,39,38,,62,40,31,38,4,5,0.8,0.8
2023-12-22T2300,4008A,112.5234,32.9922,南阳市,卧龙区政府,细颗粒物(PM2.5),95,90,61,71,38,40,,59,48,34,38,5,6,0.7,0.6
2023-12-22T2300,1234A,121.8358,29.911,宁波市,区环保大楼,颗粒物(PM10),53,56,51,30,27,4,,54,23,69,35,6,8,0.2,0.6
2023-12-22T2300,1235A,121.56,29.82,宁波市,万里学院,,50,50,48,29,26,11,,58,38,62,25,5,5,0.7,0.7
2023-12-22T2300,1236A,121.713,29.9572,宁波市,龙赛医院,颗粒物(PM10),52,53,48,18,17,8,,53,24,68,43,6,8,0.8,0.8
2023-12-22T2300,1239A,121.633,29.7733,宁波市,钱湖水厂,颗粒物(PM10),54,57,46,35,26,26,,57,37,36,25,8,8,0.5,0.5
2023-12-22T2300,1240A,121.5856,29.8635,宁波市,太古小学,,41,41,42,28,27,20,,58,42,49,23,6,7,0.7,0.7
2023-12-22T2300,1241A,121.524,29.8674,宁波市,市环境监测中心,颗粒物(PM10),52,54,49,31,25,3,,57,31,67,28,10,10,0.8,0.7
2023-12-22T2300,2871A,121.6147,29.9017,宁波市,万里国际学校,,45,45,42,16,23,8,,54,28,63,31,7,8,0.8,0.7
2023-12-22T2300,3710A,121.5594,29.8975,宁波市,白沙活动中心,,42,42,40,29,24,16,,59,38,57,29,6,7,0.8,0.8
2023-12-22T2300,2339A,119.5001,26.6946,宁德市,金涵水库,,,,,,,,,,,,,,,,
2023-12-22T2300,2341A,119.5388,26.6612,宁德市,宁德市监测站,,45,38,36,31,30,39,,77,62,37,18,31,8,1.0,0.7
2023-12-22T2300,3209A,119.5231,26.6562,宁德市,宁德一中,,44,44,43,24,27,42,,76,65,30,17,22,4,0.7,0.6
2023-12-22T2300,2618A,98.8601,25.8567,怒江州,州监测站,,45,41,30,31,19,26,,56,41,24,16,8,8,0.4,0.3
2023-12-22T2300,2619A,98.8546,25.8417,怒江州,泸水一中,,48,42,33,33,22,10,,44,22,29,23,8,7,0.5,0.5
2023-12-22T2300,1888A,101.6891,26.571,攀枝花市,弄弄坪,,22,18,77,15,49,38,,73,61,9,35,8,40,0.8,1.7
2023-12-22T2300,1889A,101.5769,26.5928,攀枝花市,河门口,,31,31,68,19,46,34,,78,66,18,30,11,21,1.2,1.3
2023-12-22T2300,1890A,101.7169,26.585,攀枝花市,炳草岗,,34,34,63,17,37,27,,73,57,24,34,6,27,0.5,0.8
2023-12-22T2300,1891A,101.7369,26.5008,攀枝花市,仁和,,20,17,46,14,31,37,,70,59,12,22,5,15,0.7,1
2023-12-22T2300,2835A,101.7227,26.567,攀枝花市,四十中小,,29,26,80,20,43,40,,80,66,13,30,8,78,0.7,1.1
2023-12-22T2300,1604A,122.0303,41.1489,盘锦市,开发区,细颗粒物(PM2.5),59,46,47,42,25,13,,58,24,80,65,14,17,1.3,1.1
2023-12-22T2300,1605A,122.0485,41.0883,盘锦市,兴隆台,,46,41,42,32,27,8,,61,25,74,52,17,12,1.3,1.1
2023-12-22T2300,1606A,121.8297,41.1028,盘锦市,新生街道,,36,36,36,25,17,8,,60,26,68,39,9,20,0.8,0.7
2023-12-22T2300,1832A,113.3257,33.742,平顶山市,新华旅馆,颗粒物(PM10),75,99,64,54,34,44,,63,50,26,21,6,8,0.6,0.6
2023-12-22T2300,1833A,113.2919,33.737,平顶山市,规划设计院,细颗粒物(PM2.5),67,75,48,48,31,41,,69,49,30,26,8,9,0.6,0.6
2023-12-22T2300,1834A,113.182,33.774,平顶山市,平顶山工学院,"颗粒物(PM10),细颗粒物(PM2.5)",58,66,47,41,25,54,,75,60,21,21,5,6,0.5,0.4
2023-12-22T2300,3204A,113.3025,33.73,平顶山市,规划局,细颗粒物(PM2.5),80,88,57,59,31,40,,62,47,26,22,7,8,0.1,0.2
2023-12-22T2300,3594A,112.8867,33.9116,平顶山市,石龙区,细颗粒物(PM2.5),80,78,61,59,32,42,,77,57,33,27,6,5,0.6,0.4
2023-12-22T2300,2656A,106.6692,35.5461,平凉市,聚贤嘉苑,细颗粒物(PM2.5),63,74,87,45,48,18,,54,40,56,48,12,13,0.8,0.8
2023-12-22T2300,2657A,106.7021,35.5307,平凉市,博物馆,细颗粒物(PM2.5),94,129,108,70,60,18,,52,38,73,60,20,10,1.8,1
2023-12-22T2300,2347A,114.0997,27.5002,萍乡市,武功山,细颗粒物(PM2.5),54,41,58,38,46,41,,75,59,12,12,3,2,0.3,0.3
2023-12-22T2300,2348A,113.8385,27.6434,萍乡市,中医院,颗粒物(PM10),65,79,79,46,52,43,,64,54,25,21,38,25,0.5,0.5
2023-12-22T2300,2349A,113.8493,27.6253,萍乡市,市政府车库,细颗粒物(PM2.5),78,67,73,57,53,38,,64,49,30,23,26,20,0.4,0.7
2023-12-22T2300,2350A,113.8676,27.6435,萍乡市,市环保局,细颗粒物(PM2.5),73,70,76,53,53,48,,69,56,26,23,25,20,0.6,0.6
2023-12-22T2300,2351A,113.866,27.6198,萍乡市,安源区政府,细颗粒物(PM2.5),100,96,83,75,70,20,,67,41,41,25,17,20,1.3,1.1
2023-12-22T2300,2319A,119.0141,25.4325,莆田市,荔城区仓后路,,22,21,37,12,21,69,,77,75,12,12,7,7,0.5,0.5
2023-12-22T2300,2320A,119.0015,25.4553,莆田市,莆田市监测站,,25,14,35,12,20,79,,85,84,10,11,7,7,0.5,0.5
2023-12-22T2300,2321A,119.1119,25.4561,莆田市,涵江区六中,,26,20,37,7,17,81,,88,87,10,12,7,8,0.6,0.7
2023-12-22T2300,2322A,119.1013,25.3215,莆田市,秀屿区政府,,24,23,42,6,21,76,,82,80,13,15,8,8,0.4,0.4
2023-12-22T2300,2323A,118.981,25.4792,莆田市,东圳水库,,,,,,,,,,,,,,,,
2023-12-22T2300,2392A,115.0312,35.7636,濮阳市,环保局,颗粒物(PM10),54,57,70,36,47,36,,52,41,34,36,5,6,0.5,0.7
2023-12-22T2300,2394A,115.0574,35.7609,濮阳市,油田运输公司,颗粒物(PM10),58,66,87,38,49,28,,54,40,41,40,7,6,0.7,0.8
2023-12-22T2300,2395A,115.0866,35.7754,濮阳市,油田物探公司,细颗粒物(PM2.5),62,68,90,44,46,25,,51,32,39,40,5,5,0.7,0.8
2023-12-22T2300,3021A,115,35.7668,濮阳市,濮水河管理处,颗粒物(PM10),56,62,74,38,53,36,,55,44,39,38,6,5,0.4,0.6
2023-12-22T2300,2601A,100.98,22.7633,普洱市,市环保局,,46,,18,32,15,42,,43,39,5,6,3,4,0.4,0.4
2023-12-22T2300,2602A,100.9817,22.8322,普洱市,普洱第二中学,,28,26,17,19,11,36,,46,36,8,7,5,5,0.5,0.5
2023-12-22T2300,2262A,131.0518,45.8751,七台河市,新一中,,34,34,41,23,35,66,,71,68,15,16,10,11,0.7,0.7
2023-12-22T2300,3345A,131.0577,45.7879,七台河市,中波台,细颗粒物(PM2.5),52,43,72,36,56,49,,57,52,27,29,11,15,0.6,0.8
2023-12-22T2300,3637A,131.0176,45.7761,七台河市,人民广场,细颗粒物(PM2.5),84,69,72,62,59,43,,55,49,37,34,5,8,0.7,0.7
2023-12-22T2300,3684A,130.8781,45.8222,七台河市,新建矿广场,,50,,46,35,44,54,,61,59,22,26,11,14,0.6,0.6
2023-12-22T2300,1779A,123.9305,47.3636,齐齐哈尔市,安居小区,颗粒物(PM10),56,61,43,39,26,18,,58,24,53,30,15,10,0.9,0.9
2023-12-22T2300,1780A,123.9488,47.3386,齐齐哈尔市,中心广场,,42,42,38,22,24,19,,55,24,52,32,5,5,1.2,1
2023-12-22T2300,1781A,123.9483,47.3227,齐齐哈尔市,农牧车辆厂,细颗粒物(PM2.5),58,,50,41,28,13,,57,18,58,36,11,13,1.0,0.9
2023-12-22T2300,1783A,123.945,47.2988,齐齐哈尔市,市环境监测站,,49,,56,34,37,42,,54,28,28,30,11,8,0.4,0.6
2023-12-22T2300,3662A,123.6333,47.2075,齐齐哈尔市,富区青少年活动中心,细颗粒物(PM2.5),112,110,54,84,30,26,,53,32,46,31,49,23,1.2,0.9
2023-12-22T2300,2591A,107.9783,26.5747,黔东南苗族侗族自治州,市环境监测站,细颗粒物(PM2.5),64,65,67,46,46,88,,86,85,16,17,7,7,0.4,0.4
2023-12-22T2300,2881A,107.8908,26.5311,黔东南苗族侗族自治州,凯里学院,颗粒物(PM10),57,64,66,39,41,96,,101,96,18,17,6,6,0.7,0.7
2023-12-22T2300,2593A,107.5228,26.2403,黔南布依族苗族自治州,小围寨,细颗粒物(PM2.5),55,53,53,39,35,75,,87,83,11,8,10,5,0.8,0.8
2023-12-22T2300,3538A,107.5175,26.2978,黔南布依族苗族自治州,沙坝,颗粒物(PM10),57,63,62,36,40,84,,99,92,11,10,8,6,0.4,0.7
2023-12-22T2300,2589A,104.9022,25.0925,黔西南布依族苗族自治州,场坝街,细颗粒物(PM2.5),83,61,60,61,51,50,,64,62,18,12,6,4,0.5,0.4
2023-12-22T2300,2590A,104.8811,25.0992,黔西南布依族苗族自治州,坪东大道,细颗粒物(PM2.5),84,,59,62,53,58,,75,74,17,13,13,6,0.5,0.5
2023-12-22T2300,2502A,108.6236,21.9667,钦州市,市环保站,颗粒物(PM10),75,100,80,53,38,77,,99,93,31,18,16,8,2.5,0.9
2023-12-22T2300,2503A,108.6549,21.9481,钦州市,沙埠小学,细颗粒物(PM2.5),73,75,67,53,37,76,,100,92,23,15,8,8,0.9,0.8
2023-12-22T2300,2504A,108.5989,21.7431,钦州市,港区一小,颗粒物(PM10),68,85,92,48,41,71,,89,83,38,29,11,10,0.8,0.8
2023-12-22T2300,3404A,108.5959,21.9633,钦州市,北职校,细颗粒物(PM2.5),68,76,61,49,42,82,,102,95,24,15,8,8,1.0,0.9
2023-12-22T2300,1042A,119.5134,39.8207,秦皇岛市,北戴河环保局,颗粒物(PM10),53,56,25,19,12,23,,62,41,55,27,21,11,1.9,0.8
2023-12-22T2300,1043A,119.7493,40.0116,秦皇岛市,第一关,颗粒物(PM10),59,68,47,39,33,6,,43,12,73,55,12,10,0.8,0.6
2023-12-22T2300,1044A,119.5897,39.9499,秦皇岛市,监测站,,48,48,50,32,23,8,,52,25,66,52,12,10,1.1,0.8
2023-12-22T2300,1046A,119.5251,39.9041,秦皇岛市,建设大厦,颗粒物(PM10),57,63,44,34,32,16,,60,38,62,43,12,7,1.3,0.7
2023-12-22T2300,3132A,119.610547,39.943889,秦皇岛市,文明里,颗粒物(PM10),63,75,47,32,21,15,,52,29,64,55,10,7,1.1,0.7
2023-12-22T2300,1307A,120.6659,36.2403,青岛市,仰口,,25,22,28,17,22,61,,74,68,13,14,8,12,0.3,0.2
2023-12-22T2300,1310A,120.4134,36.0658,青岛市,市南区东部子站,,34,34,38,19,21,44,,60,50,38,29,10,11,0.6,0.7
2023-12-22T2300,1311A,120.3664,36.1032,青岛市,四方区子站,,39,36,36,27,24,36,,61,51,49,30,9,11,0.7,0.6
2023-12-22T2300,1312A,120.2994,36.054,青岛市,市南区西部子站,,44,44,35,17,18,35,,62,56,43,23,12,10,0.5,0.6
2023-12-22T2300,1313A,120.4581,36.0858,青岛市,崂山区子站,,39,39,36,24,20,34,,62,51,48,30,10,13,0.6,0.5
2023-12-22T2300,1314A,120.1983,35.9608,青岛市,黄岛区子站,颗粒物(PM10),58,66,37,37,24,5,,60,32,83,34,16,11,0.8,0.7
2023-12-22T2300,1315A,120.3999,36.3083,青岛市,城阳区子站,颗粒物(PM10),51,51,47,29,29,24,,65,43,57,32,15,15,0.9,0.7
2023-12-22T2300,1966A,120.0405,35.8735,青岛市,黄岛区4号,细颗粒物(PM2.5),52,51,41,36,18,40,,65,40,39,30,14,11,0.8,0.7
2023-12-22T2300,3362A,120.5014,36.4034,青岛市,即墨2号,细颗粒物(PM2.5),85,91,57,63,36,54,,58,38,68,42,25,22,1.1,0.6
2023-12-22T2300,3642A,120.3503,36.0736,青岛市,市北区南部,,36,36,44,22,20,33,,51,40,47,35,6,7,0.3,0.4
2023-12-22T2300,3643A,120.3948,36.1805,青岛市,李沧区北部,,42,34,46,29,29,50,,64,43,37,37,13,16,0.9,0.9
2023-12-22T2300,1702A,113.0426,23.691,清远市,环保大楼,,46,38,53,32,36,75,,90,86,14,11,8,5,0.6,0.7
2023-12-22T2300,1703A,113.0208,23.7106,清远市,凤城街办,,49,49,62,29,35,79,,92,88,23,22,8,8,0.4,0.5
2023-12-22T2300,3025A,113.0477,23.6344,清远市,技师学院,颗粒物(PM10),52,54,66,27,35,79,,91,87,14,12,10,8,0.4,0.5
2023-12-22T2300,3318A,112.9903,23.7403,清远市,清新太和,,48,48,56,30,33,81,,97,93,14,12,3,4,0.6,0.6
2023-12-22T2300,3455A,113.076,23.7198,清远市,清城东城,颗粒物(PM10),57,63,66,35,37,75,,95,92,17,15,14,11,0.6,0.8
2023-12-22T2300,2661A,107.6325,35.7357,庆阳市,庆阳五中,细颗粒物(PM2.5),82,101,90,60,50,48,,65,52,21,23,7,9,0.7,0.7
2023-12-22T2300,2662A,107.6364,35.7067,庆阳市,市环保局,细颗粒物(PM2.5),83,83,77,61,49,44,,61,45,25,27,10,13,0.7,0.6
2023-12-22T2300,1916A,103.7897,25.5035,曲靖市,环境监测站,细颗粒物(PM2.5),74,77,59,54,40,35,,43,41,28,21,3,4,0.3,0.3
2023-12-22T2300,1917A,103.8,25.5364,曲靖市,烟厂办公区,细颗粒物(PM2.5),68,81,62,49,40,40,,46,45,20,16,3,6,1.0,1
2023-12-22T2300,3376A,103.7947,25.462,曲靖市,南苑二区,细颗粒物(PM2.5),84,77,64,62,47,45,,47,46,15,14,5,8,0.7,0.7
2023-12-22T2300,3377A,103.7444,25.5261,曲靖市,曲靖师范学院,细颗粒物(PM2.5),89,80,58,66,50,31,,46,43,32,21,4,6,0.8,0.7
2023-12-22T2300,1264A,118.8692,28.9398,衢州市,环保大楼,颗粒物(PM10),52,53,49,34,28,25,,67,42,40,24,6,6,0.6,0.5
2023-12-22T2300,1265A,118.8709,28.9666,衢州市,实验学校,颗粒物(PM10),51,51,47,32,31,24,,63,41,43,28,7,7,0.8,0.7
2023-12-22T2300,1266A,118.8621,28.9808,衢州市,衢州学院,,47,47,48,31,31,21,,52,38,46,36,6,6,0.5,0.6
2023-12-22T2300,1611A,118.5819,24.9117,泉州市,涂山街,,27,27,49,11,24,81,,83,81,10,16,4,5,0.4,0.5
2023-12-22T2300,1612A,118.5972,24.8978,泉州市,津头埔,,24,23,44,11,24,76,,79,76,13,18,3,4,0.4,0.6
2023-12-22T2300,1613A,118.6663,24.9424,泉州市,万安,,28,28,46,10,22,82,,90,86,11,14,2,3,0.5,0.6
2023-12-22T2300,1614A,118.6117,24.9604,泉州市,清源山,,,,,,,,,,,,,,,,
2023-12-22T2300,3529A,118.6333,24.9264,泉州市,城华南路,,31,31,49,14,26,78,,79,76,9,16,6,7,0.5,0.5
2023-12-22T2300,2626A,88.8876,29.2718,日喀则市,日喀则监测站,细颗粒物(PM2.5),74,73,48,54,33,39,,74,62,26,23,4,4,0.9,0.8
2023-12-22T2300,3726A,88.8781,29.2426,日喀则市,林业技术推广中心,,38,30,33,26,21,31,,72,60,33,26,10,9,0.7,0.7
2023-12-22T2300,1659A,119.471,35.4209,日照市,监测站,细颗粒物(PM2.5),113,114,45,85,26,13,,71,32,77,46,40,15,1.9,0.8
2023-12-22T2300,1660A,119.523,35.4216,日照市,市政府广场,颗粒物(PM10),53,56,28,32,14,18,,71,49,58,27,7,7,1.0,0.7
2023-12-22T2300,1661A,119.5587,35.4044,日照市,港务局,,41,41,30,24,15,45,,76,62,32,28,10,10,0.8,0.7
2023-12-22T2300,3507A,119.5328,35.4625,日照市,职业技术学院,,42,41,31,29,15,51,,75,56,18,22,14,10,0.6,0.5
2023-12-22T2300,3604A,119.3266,35.1044,日照市,岚山环保分局,细颗粒物(PM2.5),74,73,60,54,38,20,,60,39,60,48,17,22,0.9,1.1
2023-12-22T2300,1835A,111.1922,34.7752,三门峡市,市政府,颗粒物(PM10),53,56,43,34,23,2,,40,32,57,38,11,14,1.0,0.8
2023-12-22T2300,1836A,111.1587,34.7942,三门峡市,开发区,细颗粒物(PM2.5),69,70,48,50,25,39,,53,44,21,27,4,5,0.8,0.7
2023-12-22T2300,1838A,111.143,34.7955,三门峡市,风景区,,,,,,,,,,,,,,,,
2023-12-22T2300,3039A,111.1911,34.7829,三门峡市,三门峡市第一小学,细颗粒物(PM2.5),58,59,47,41,23,16,,42,36,48,39,12,11,0.9,0.7
2023-12-22T2300,3598A,111.1,34.7167,三门峡市,富达温泉假日酒店,细颗粒物(PM2.5),69,70,55,50,33,7,,45,28,71,46,10,10,1.3,1.1
2023-12-22T2300,2324A,117.6211,26.2625,三明市,三钢,,30,30,43,19,35,19,,74,50,38,16,4,5,0.4,0.4
2023-12-22T2300,2325A,117.635,26.2714,三明市,三明二中,,27,27,39,18,27,20,,77,48,40,21,6,8,0.3,0.3
2023-12-22T2300,2326A,117.6028,26.2378,三明市,三元区政府,,36,36,45,19,26,14,,80,49,45,20,5,7,0.4,0.4
2023-12-22T2300,2327A,117.7275,26.3108,三明市,洋溪,,,,,,,,,,,,,,,,
2023-12-22T2300,1876A,109.5078,18.2489,三亚市,河东子站,,21,16,14,11,9,66,,72,69,7,6,3,3,0.5,0.5
2023-12-22T2300,1877A,109.4964,18.2681,三亚市,河西子站,,20,19,14,13,9,62,,70,67,8,6,2,2,0.5,0.5
2023-12-22T2300,3540A,109.7348,18.3443,三亚市,君悦子站,,21,16,22,10,11,67,,71,65,13,10,2,2,0.4,0.4
2023-12-22T2300,2624A,91.7608,29.2313,山南市,山南监测站,,24,10,32,2,17,74,,75,75,12,16,10,9,0.3,0.4
2023-12-22T2300,2625A,91.7706,29.2436,山南市,山南人民医院,,24,15,31,6,15,76,,73,73,11,22,9,8,0.3,0.5
2023-12-22T2300,1674A,116.6794,23.3667,汕头市,金平子站,,42,42,50,18,30,70,,89,84,13,12,8,10,0.5,0.9
2023-12-22T2300,1675A,116.7244,23.3633,汕头市,龙湖子站,颗粒物(PM10),51,51,49,18,32,70,,88,84,19,18,9,9,0.2,0.4
2023-12-22T2300,1676A,116.7258,23.2775,汕头市,濠江子站,,30,30,44,17,26,80,,99,94,11,13,10,10,0.5,0.7
2023-12-22T2300,1677A,116.7519,23.4714,汕头市,澄海子站,,44,44,46,23,26,64,,79,76,17,14,6,6,0.3,0.4
2023-12-22T2300,1678A,116.6092,23.2539,汕头市,潮阳子站,颗粒物(PM10),53,55,49,12,18,77,,95,92,10,12,10,11,0.7,0.8
2023-12-22T2300,3444A,116.454,23.2684,汕头市,潮南峡山,,46,46,57,16,28,80,,104,96,14,14,11,11,0.5,0.5
2023-12-22T2300,3624A,116.4069,23.2533,汕头市,潮南子站,颗粒物(PM10),52,53,58,19,34,69,,91,84,11,12,9,9,0.6,0.7
2023-12-22T2300,1693A,115.3653,22.775,汕尾市,市环保局,,41,41,42,27,25,71,,82,80,16,9,13,12,0.4,0.4
2023-12-22T2300,1694A,115.3706,22.7898,汕尾市,市政府,颗粒物(PM10),54,57,40,30,28,71,,84,80,11,7,6,6,0.4,0.4
2023-12-22T2300,1695A,115.3622,22.7925,汕尾市,新城中学,颗粒物(PM10),51,51,48,29,24,77,,84,82,13,9,12,11,0.4,0.4
2023-12-22T2300,2645A,109.9154,33.8715,商洛市,监测站,细颗粒物(PM2.5),97,118,68,72,33,12,,58,24,55,35,10,8,1.4,0.7
2023-12-22T2300,3045A,109.9643,33.8471,商洛市,商州区中学,细颗粒物(PM2.5),88,120,75,65,36,14,,55,28,58,40,16,12,0.8,0.4
2023-12-22T2300,2408A,115.6702,34.4285,商丘市,环境监测站,细颗粒物(PM2.5),69,64,56,50,44,38,,55,46,28,26,7,7,0.5,0.6
2023-12-22T2300,2409A,115.6458,34.4045,商丘市,粮食局,细颗粒物(PM2.5),57,59,67,40,47,46,,52,49,20,22,6,8,0.5,0.5
2023-12-22T2300,2410A,115.6293,34.3948,商丘市,睢阳区环保局,细颗粒物(PM2.5),65,67,78,47,52,40,,52,40,23,31,6,7,0.6,0.6
2023-12-22T2300,3171A,115.6071,34.4465,商丘市,梁园区档案局,细颗粒物(PM2.5),64,64,67,46,46,40,,55,41,25,34,8,9,0.6,0.7
2023-12-22T2300,1141A,121.4,31.238,上海市,普陀,颗粒物(PM10),53,56,47,28,26,2,,52,19,74,40,10,9,1.0,0.9
2023-12-22T2300,1142A,121.478,31.2036,上海市,十五厂,颗粒物(PM10),52,53,44,35,31,8,,52,33,74,34,10,12,0.9,0.9
2023-12-22T2300,1143A,121.467,31.3008,上海市,虹口,颗粒物(PM10),54,57,46,32,27,3,,51,22,69,36,11,11,1.1,0.9
2023-12-22T2300,1144A,121.412,31.1654,上海市,徐汇上师大,颗粒物(PM10),54,57,49,34,28,7,,54,31,80,37,8,8,1.3,1.1
2023-12-22T2300,1145A,121.536,31.2659,上海市,杨浦四漂,颗粒物(PM10),54,58,47,27,21,22,,57,30,56,35,6,8,0.7,1
2023-12-22T2300,1147A,121.425,31.2261,上海市,静安监测站,,48,48,42,27,27,5,,56,31,67,34,9,9,1.1,1
2023-12-22T2300,1148A,121.703,31.1907,上海市,浦东川沙,,47,47,45,31,27,32,,58,39,49,38,6,8,0.7,0.7
2023-12-22T2300,1149A,121.533,31.2284,上海市,浦东新区监测站,,48,48,45,26,23,21,,46,25,53,40,8,9,0.7,0.8
2023-12-22T2300,1150A,121.577,31.2071,上海市,浦东张江,,,48,42,28,20,,,50,27,64,42,6,8,0.6,0.6
2023-12-22T2300,3265A,121.4316,31.3322,上海市,宝山庙行,颗粒物(PM10),54,57,46,35,26,4,,54,23,80,42,11,10,1.1,0.9
2023-12-22T2300,3266A,121.8791,31.4662,上海市,崇明上实东滩,,32,32,35,21,23,63,,71,65,13,15,5,6,0.6,0.5
2023-12-22T2300,3268A,121.3162,31.2838,上海市,嘉定南翔,颗粒物(PM10),53,55,46,32,26,2,,54,23,71,36,10,11,1.5,1.2
2023-12-22T2300,3269A,121.3359,30.7456,上海市,金山新城,细颗粒物(PM2.5),55,54,43,39,28,20,,56,30,58,38,10,9,0.6,0.5
2023-12-22T2300,3270A,121.4996,31.0739,上海市,闵行浦江,细颗粒物(PM2.5),63,70,45,45,26,6,,55,30,68,31,11,11,1.0,0.8
2023-12-22T2300,3271A,121.2886,31.1663,上海市,青浦徐泾,细颗粒物(PM2.5),90,,46,67,28,2,,52,24,78,42,9,8,1.3,1
2023-12-22T2300,3272A,121.2186,31.0378,上海市,松江图书馆,颗粒物(PM10),58,65,48,33,25,3,,57,32,77,34,7,7,1.0,0.9
2023-12-22T2300,3273A,121.3902,31.2059,上海市,长宁仙霞,颗粒物(PM10),53,56,48,27,25,5,,53,26,86,45,9,9,0.8,0.7
2023-12-22T2300,3274A,121.7965,31.0507,上海市,浦东惠南,,45,45,44,30,24,34,,51,25,40,39,10,12,0.7,0.8
2023-12-22T2300,3544A,121.4891,30.925,上海市,奉贤南桥新城,颗粒物(PM10),56,61,47,30,23,3,,53,24,65,33,12,13,0.9,0.9
2023-12-22T2300,2381A,118.005,28.4572,上饶市,百草园,,,,,,,,,,,,,,,,
2023-12-22T2300,2382A,117.9756,28.4436,上饶市,市监测站,颗粒物(PM10),51,51,40,27,22,0,,66,30,42,13,43,11,0.7,0.6
2023-12-22T2300,2383A,117.9519,28.4628,上饶市,凤凰光学,,49,49,44,34,24,28,,69,52,47,15,24,15,0.7,0.7
2023-12-22T2300,3413A,118.1953,28.4401,上饶市,广丰区教体局,颗粒物(PM10),55,60,40,38,24,43,,79,66,31,16,19,7,0.6,0.5
2023-12-22T2300,3685A,117.897,28.4315,上饶市,双创科技城,颗粒物(PM10),51,52,45,32,24,30,,68,55,33,14,27,11,0.5,0.5
2023-12-22T2300,1669A,113.5824,24.7733,韶关市,市八中,,36,34,64,25,60,75,,88,81,7,9,9,9,0.4,0.5
2023-12-22T2300,1671A,113.5917,24.7972,韶关市,园林处,,32,30,53,22,40,73,,89,83,9,9,9,9,0.4,0.5
2023-12-22T2300,1672A,113.6735,24.7791,韶关市,韶关学院,,33,33,60,22,41,64,,87,63,14,17,9,10,0.4,0.5
2023-12-22T2300,1673A,113.5971,24.6863,韶关市,曲江监测站,颗粒物(PM10),53,55,78,26,43,74,,88,76,11,14,9,9,0.3,0.5
2023-12-22T2300,3622A,113.5556,24.8082,韶关市,碧湖山庄,,38,38,64,26,42,72,,90,82,11,11,8,9,0.4,0.5
2023-12-22T2300,2462A,111.5239,27.3033,邵阳市,市水土所,细颗粒物(PM2.5),55,40,55,39,42,48,,82,64,13,11,6,8,0.6,0.5
2023-12-22T2300,2463A,111.4733,27.2317,邵阳市,市一中,细颗粒物(PM2.5),52,46,60,36,40,76,,93,85,17,16,8,11,0.6,0.3
2023-12-22T2300,2464A,111.5283,27.2442,邵阳市,市化工厂,细颗粒物(PM2.5),58,60,67,41,40,73,,86,77,18,18,8,11,0.5,0.6
2023-12-22T2300,2465A,111.4503,27.2537,邵阳市,市罐头厂,细颗粒物(PM2.5),70,,62,51,53,71,,92,80,16,16,8,9,0.6,0.7
2023-12-22T2300,2466A,111.4328,27.2272,邵阳市,市环保局,细颗粒物(PM2.5),54,41,57,38,39,73,,87,79,16,16,8,8,0.7,0.6
2023-12-22T2300,1247A,120.6053,29.9928,绍兴市,城东开发委,,43,43,46,27,27,9,,54,37,51,28,8,11,0.7,0.7
2023-12-22T2300,2921A,120.5483,30.0003,绍兴市,树下王站,颗粒物(PM10),53,55,44,34,27,8,,47,41,52,21,6,10,0.5,0.5
2023-12-22T2300,3408A,120.5683,29.9361,绍兴市,绍兴中专,,36,36,42,22,23,13,,62,34,45,26,8,11,0.5,0.6
2023-12-22T2300,3409A,120.4906,30.0861,绍兴市,柯桥区政府,细颗粒物(PM2.5),63,69,51,45,26,23,,58,44,53,28,12,10,0.3,0.6
2023-12-22T2300,3410A,120.8752,30.0249,绍兴市,重华小学,,35,34,39,24,28,13,,55,33,46,30,8,10,0.3,0.2
2023-12-22T2300,3411A,120.8369,30.0137,绍兴市,上虞中学,,38,38,38,24,26,1,,56,34,53,28,6,8,0.5,0.5
2023-12-22T2300,3560A,120.4722,30.0415,绍兴市,柯桥妇保,,39,39,42,26,28,22,,52,36,35,27,6,9,0.3,0.3
2023-12-22T2300,3658A,120.6153,30.0764,绍兴市,袍江中学,颗粒物(PM10),52,53,49,26,23,8,,57,36,69,29,8,9,0.6,0.6
2023-12-22T2300,1356A,114.1063,22.5545,深圳市,通心岭子站,颗粒物(PM10),53,56,56,29,28,57,,70,52,24,19,5,5,0.5,0.5
2023-12-22T2300,1357A,114.117,22.5625,深圳市,洪湖,颗粒物(PM10),54,57,57,32,30,58,,71,49,31,26,7,7,0.5,0.5
2023-12-22T2300,1358A,113.987,22.5417,深圳市,华侨城,颗粒物(PM10),52,54,58,28,30,55,,64,52,28,25,5,4,0.6,0.6
2023-12-22T2300,1359A,113.9181,22.5171,深圳市,南海子站,颗粒物(PM10),69,88,77,43,32,30,,64,41,61,34,5,5,0.8,0.8
2023-12-22T2300,1360A,114.2458,22.5689,深圳市,盐田,颗粒物(PM10),53,55,57,26,26,75,,76,65,17,22,4,4,0.5,0.5
2023-12-22T2300,1361A,114.2283,22.7244,深圳市,龙岗,颗粒物(PM10),52,54,55,28,28,66,,76,71,25,19,4,4,0.4,0.4
2023-12-22T2300,1363A,114.494,22.5422,深圳市,南澳,,42,42,45,26,28,53,,74,62,11,10,6,6,0.5,0.5
2023-12-22T2300,1364A,114.41,22.6342,深圳市,葵涌,颗粒物(PM10),51,51,57,26,25,73,,79,76,13,10,4,4,0.8,0.8
2023-12-22T2300,1365A,114.297,22.5978,深圳市,梅沙,颗粒物(PM10),51,52,55,25,26,76,,77,77,16,14,4,4,0.5,0.5
2023-12-22T2300,1366A,114.0678,22.738,深圳市,观澜,,,73,68,40,44,,,74,,21,19,3,3,0.5,0.8
2023-12-22T2300,3305A,114.0731,22.559,深圳市,莲花,颗粒物(PM10),51,51,58,30,32,62,,72,47,16,18,8,8,0.6,0.6
2023-12-22T2300,3306A,114.0261,22.6198,深圳市,民治,颗粒物(PM10),56,62,64,34,32,59,,65,54,23,23,6,6,0.5,0.5
2023-12-22T2300,3307A,114.1871,22.6451,深圳市,横岗,颗粒物(PM10),53,55,59,30,31,65,,73,55,23,23,5,6,0.4,0.3
2023-12-22T2300,3447A,114.3551,22.7151,深圳市,坪山,颗粒物(PM10),53,56,59,32,30,63,,75,65,26,20,5,4,0.4,0.4
2023-12-22T2300,3623A,113.8953,22.5861,深圳市,西乡,颗粒物(PM10),56,61,61,29,27,52,,74,55,36,25,8,8,0.5,0.5
2023-12-22T2300,1098A,123.6836,41.9339,沈阳市,森林路,,,,,,,,,,,,,,,,
2023-12-22T2300,1099A,123.505,41.7406,沈阳市,浑南东路,细颗粒物(PM2.5),70,72,89,51,65,4,,39,13,77,62,20,14,1.4,1.3
2023-12-22T2300,1100A,123.4231,41.6989,沈阳市,新秀街,,39,39,82,27,56,9,,40,17,71,57,19,17,0.9,1.2
2023-12-22T2300,1102A,123.5903,41.8411,沈阳市,东陵路,细颗粒物(PM2.5),113,104,99,85,75,10,,38,20,64,50,19,12,2.1,1.5
2023-12-22T2300,1103A,123.4264,41.8467,沈阳市,陵东街,细颗粒物(PM2.5),112,111,88,84,69,6,,31,14,79,59,18,21,2.1,1.6
2023-12-22T2300,1104A,123.4114,41.7653,沈阳市,文化路,,48,48,94,31,65,19,,44,24,57,55,23,17,0.9,1.2
2023-12-22T2300,1105A,123.4678,41.7867,沈阳市,小河沿,细颗粒物(PM2.5),102,98,95,76,70,7,,39,15,78,62,14,14,1.6,1.6
2023-12-22T2300,1106A,123.4017,41.7972,沈阳市,太原街,颗粒物(PM10),53,56,77,33,68,7,,29,12,67,59,47,30,1.1,1.4
2023-12-22T2300,1108A,123.3783,41.9228,沈阳市,京沈街,细颗粒物(PM2.5),103,98,94,77,72,6,,36,14,80,63,53,29,1.6,1.3
2023-12-22T2300,2897A,123.2444,41.7347,沈阳市,沈辽西路,细颗粒物(PM2.5),83,97,134,61,95,4,,37,13,80,66,24,16,1.5,1.8
2023-12-22T2300,2900A,123.5953,41.9086,沈阳市,裕农路,细颗粒物(PM2.5),69,67,74,50,57,10,,36,25,62,48,17,14,1.6,1.3
2023-12-22T2300,2428A,111.0419,32.395,十堰市,武当山,,34,34,40,22,20,55,,64,60,13,13,10,11,0.6,0.6
2023-12-22T2300,2429A,110.78,32.6494,十堰市,滨河新村,颗粒物(PM10),62,73,64,35,31,9,,47,40,66,35,7,7,1.0,0.8
2023-12-22T2300,2430A,110.7258,32.6389,十堰市,刘家沟,颗粒物(PM10),58,66,78,36,35,34,,57,48,29,26,8,9,0.8,0.8
2023-12-22T2300,2431A,110.8839,32.5714,十堰市,铁二处,细颗粒物(PM2.5),62,70,57,44,29,32,,62,53,27,27,6,7,0.8,0.7
2023-12-22T2300,3545A,110.8054,32.8401,十堰市,郧阳区金沙路,颗粒物(PM10),55,59,53,31,33,51,,63,54,20,25,29,7,0.9,0.9
2023-12-22T2300,2709A,86.0497,44.2967,石河子市,艾青诗歌馆,细颗粒物(PM2.5),144,145,155,110,116,30,,51,48,61,39,8,10,1.3,1.4
2023-12-22T2300,2710A,86.0697,44.3075,石河子市,阳光学校,细颗粒物(PM2.5),173,145,160,131,135,52,,48,45,48,49,9,11,1.3,1.4
2023-12-22T2300,3442A,86.047,44.2331,石河子市,南区管委会,细颗粒物(PM2.5),172,173,164,130,123,30,,48,44,50,45,4,6,1.5,1.4
2023-12-22T2300,1029A,114.4422,38.0444,石家庄市,职工医院,细颗粒物(PM2.5),107,114,47,80,29,5,,51,21,100,45,11,15,2.0,1
2023-12-22T2300,1030A,114.6063,38.0266,石家庄市,高新区,细颗粒物(PM2.5),117,123,67,88,44,14,,51,32,72,57,3,7,1.3,1.2
2023-12-22T2300,1031A,114.4898,38.1328,石家庄市,西北水源,细颗粒物(PM2.5),93,111,60,69,30,6,,42,20,88,51,5,10,1.9,1
2023-12-22T2300,1032A,114.4586,38.0058,石家庄市,西南高教,细颗粒物(PM2.5),132,126,68,100,48,5,,45,15,57,51,6,11,1.7,1.2
2023-12-22T2300,1033A,114.5331,38.0178,石家庄市,世纪公园,细颗粒物(PM2.5),124,146,63,94,49,16,,48,31,69,54,7,11,1.4,1.2
2023-12-22T2300,1034A,114.509,38.0457,石家庄市,人民会堂,细颗粒物(PM2.5),99,98,50,74,36,8,,50,30,77,42,6,12,1.6,1
2023-12-22T2300,1035A,114.3524,37.8911,石家庄市,封龙山,颗粒物(PM10),62,74,39,27,23,36,,63,52,42,20,35,14,1.2,1
2023-12-22T2300,2862A,114.5481,38.0378,石家庄市,22中南校区,细颗粒物(PM2.5),117,114,56,88,41,11,,48,30,72,48,8,13,1.5,1.1
2023-12-22T2300,3456A,114.289,38.0906,石家庄市,鹿泉一中,细颗粒物(PM2.5),84,86,63,62,35,6,,49,14,70,44,3,17,1.7,1.1
2023-12-22T2300,3573A,114.8506765,38.0322033,石家庄市,藁城区实验学校,,,,91,,68,6,,52,30,90,62,8,11,1.5,1.3
2023-12-22T2300,3574A,114.0504658,38.0591645,石家庄市,井陉矿区区委大楼,颗粒物(PM10),70,89,59,37,23,5,,43,22,64,47,27,18,1.2,0.7
2023-12-22T2300,4024A,114.6549,37.9020,石家庄市,栾城区星河路,细颗粒物(PM2.5),156,132,96,119,80,8,,45,35,90,57,5,10,1.5,1.3
2023-12-22T2300,1947A,106.3394,38.817,石嘴山市,沙湖旅游区,细颗粒物(PM2.5),170,181,178,129,122,10,,51,30,60,42,66,28,2.5,1.8
2023-12-22T2300,1948A,106.3668,39.0145,石嘴山市,大武口朝阳西街,细颗粒物(PM2.5),113,134,138,85,98,14,,38,18,67,53,60,70,1.6,1.6
2023-12-22T2300,1949A,106.7704,39.2282,石嘴山市,惠农南大街,颗粒物(PM10),63,76,65,22,24,41,,38,38,32,38,14,16,0.4,0.4
2023-12-22T2300,1950A,106.7099,39.1325,石嘴山市,红果子镇惠新街,颗粒物(PM10),72,94,57,27,31,36,,45,32,38,34,34,26,0.7,0.7
2023-12-22T2300,3520A,106.3495,38.9836,石嘴山市,妇女儿童医院,细颗粒物(PM2.5),124,136,124,94,89,12,,38,24,62,49,56,51,1.4,1.3
2023-12-22T2300,3521A,106.7492,39.2069,石嘴山市,石大公路,颗粒物(PM10),87,124,71,40,41,44,,45,37,38,38,9,20,0.6,0.6
2023-12-22T2300,2248A,131.1511,46.6937,双鸭山市,双合村,,42,32,57,29,32,64,,64,50,8,19,8,11,0.4,0.7
2023-12-22T2300,2249A,131.1652,46.6191,双鸭山市,南小市,细颗粒物(PM2.5),52,46,58,36,48,44,,52,45,23,23,11,11,0.7,0.7
2023-12-22T2300,2250A,131.1524,46.6554,双鸭山市,环保局,细颗粒物(PM2.5),65,59,63,47,48,42,,55,43,21,22,6,9,0.5,0.6
2023-12-22T2300,2251A,131.12,46.5656,双鸭山市,苗圃,,,,,,,,,,,,,,,,
2023-12-22T2300,2166A,112.4397,39.3522,朔州市,平朔,细颗粒物(PM2.5),149,194,115,114,69,9,,32,12,59,45,52,28,1.3,0.8
2023-12-22T2300,2167A,112.4575,39.3617,朔州市,朔唯,颗粒物(PM10),133,215,140,100,66,6,,21,10,59,53,56,38,1.4,1
2023-12-22T2300,2168A,112.4258,39.3197,朔州市,区政府,细颗粒物(PM2.5),182,200,103,137,66,4,,34,9,58,44,48,35,1.6,1.1
2023-12-22T2300,2169A,112.4072,39.3278,朔州市,市环保局,细颗粒物(PM2.5),159,200,101,121,57,12,,40,15,62,44,58,33,1.6,1.2
2023-12-22T2300,2170A,112.4272,39.3681,朔州市,市二中,颗粒物(PM10),134,217,130,98,68,9,,32,13,62,45,53,29,1.4,1
2023-12-22T2300,3571A,112.2931,39.53,朔州市,一水厂,,50,50,69,26,34,43,,56,52,29,33,14,17,0.6,0.6
2023-12-22T2300,2225A,124.4002,43.1713,四平市,一商场,细颗粒物(PM2.5),67,70,66,48,43,17,,48,25,72,48,19,14,1.0,0.7
2023-12-22T2300,2226A,124.388,43.193,四平市,境园,细颗粒物(PM2.5),87,74,67,64,58,18,,50,24,58,44,27,21,1.1,0.8
2023-12-22T2300,3486A,124.4036,43.1411,四平市,植物园,细颗粒物(PM2.5),84,100,80,62,51,8,,41,19,69,51,18,11,0.8,0.7
2023-12-22T2300,3713A,124.3419,43.1666,四平市,世纪城,细颗粒物(PM2.5),65,63,57,47,50,14,,44,19,59,42,20,11,0.8,0.7
2023-12-22T2300,2233A,124.8006,45.1214,松原市,江南,,38,,43,26,28,41,,48,44,25,21,4,5,0.4,0.4
2023-12-22T2300,2234A,124.7965,45.1722,松原市,江北,,36,33,31,25,26,37,,53,47,25,18,5,5,0.5,0.4
2023-12-22T2300,1160A,120.561,31.2472,苏州市,上方山,,42,40,43,29,26,23,,51,39,34,24,6,7,0.7,0.7
2023-12-22T2300,1162A,120.591,31.3019,苏州市,彩香,颗粒物(PM10),56,62,50,34,28,1,,47,25,71,33,8,8,0.9,0.7
2023-12-22T2300,1163A,120.596,31.3264,苏州市,轧钢厂,颗粒物(PM10),55,60,52,35,29,7,,50,23,61,29,10,11,1.1,1
2023-12-22T2300,1164A,120.613,31.2703,苏州市,吴中区,颗粒物(PM10),54,58,51,32,27,4,,53,30,77,36,8,8,1.0,0.9
2023-12-22T2300,1165A,120.543,31.2994,苏州市,苏州新区,颗粒物(PM10),52,54,50,35,30,16,,54,36,62,36,9,10,0.8,0.8
2023-12-22T2300,1166A,120.669,31.3097,苏州市,苏州工业园区,颗粒物(PM10),54,57,51,35,31,1,,50,21,75,40,8,8,0.7,0.6
2023-12-22T2300,1167A,120.641,31.3708,苏州市,相城区,颗粒物(PM10),51,51,49,28,27,13,,54,26,54,30,5,6,0.5,0.5
2023-12-22T2300,3289A,120.743,31.3188,苏州市,方洲路,,41,41,42,24,24,19,,56,28,50,31,6,7,0.6,0.6
2023-12-22T2300,3290A,120.5031,31.2774,苏州市,木渎中学,,38,37,37,26,27,36,,60,51,34,27,8,9,0.6,0.6
2023-12-22T2300,3425A,120.624,31.1733,苏州市,越秀幼儿园,颗粒物(PM10),51,51,46,31,28,20,,54,37,51,29,6,6,0.6,0.6
2023-12-22T2300,3431A,120.6505,31.416,苏州市,高铁新城,,50,50,50,31,29,19,,55,26,47,34,7,7,0.6,0.6
2023-12-22T2300,1220A,118.293,33.9528,宿迁市,宿迁学院,细颗粒物(PM2.5),73,81,52,53,29,14,,70,37,56,33,2,4,0.5,0.4
2023-12-22T2300,1221A,118.2442,33.9592,宿迁市,宿迁中学,细颗粒物(PM2.5),59,60,50,42,32,43,,63,48,32,33,2,4,0.6,0.6
2023-12-22T2300,2996A,118.283,33.965,宿迁市,市供电局,细颗粒物(PM2.5),63,68,46,45,31,24,,65,41,55,31,2,3,0.7,0.7
2023-12-22T2300,3191A,118.3225,33.9447,宿迁市,宿豫区政府,细颗粒物(PM2.5),67,56,42,48,30,35,,74,48,41,29,8,9,0.7,0.7
2023-12-22T2300,3187A,116.9509,33.666,宿州市,远航博物馆,细颗粒物(PM2.5),53,49,64,37,45,53,,70,61,22,29,7,8,0.3,0.4
2023-12-22T2300,3463A,116.9708,33.591,宿州市,社会福利中心,细颗粒物(PM2.5),58,52,53,41,39,37,,72,47,29,34,5,6,0.4,0.5
2023-12-22T2300,3634A,116.9884,33.6305,宿州市,宿州学院,颗粒物(PM10),59,68,66,41,37,48,,73,59,29,28,5,5,0.5,0.6
2023-12-22T2300,3701A,116.9648,33.6252,宿州市,皖北煤电集团,细颗粒物(PM2.5),57,59,64,40,44,49,,70,56,18,26,6,6,0.3,0.4
2023-12-22T2300,2266A,126.9785,46.6365,绥化市,人和东街,细颗粒物(PM2.5),112,106,76,84,64,35,,48,40,36,31,4,5,1.0,0.8
2023-12-22T2300,2267A,126.964,46.6528,绥化市,党政办公中心,细颗粒物(PM2.5),115,104,76,87,64,39,,50,43,32,27,3,5,0.6,0.5
2023-12-22T2300,2451A,113.3583,31.7275,随州市,市委党校,细颗粒物(PM2.5),55,56,64,39,42,43,,62,38,27,30,8,7,0.4,0.7
2023-12-22T2300,2452A,113.3833,31.6908,随州市,市林业局,颗粒物(PM10),53,55,49,36,34,48,,62,52,10,10,7,7,0.5,0.4
2023-12-22T2300,2453A,113.3983,31.7308,随州市,市立交桥水厂,细颗粒物(PM2.5),60,62,59,43,39,14,,53,31,59,44,9,9,0.5,0.4
2023-12-22T2300,2527A,105.5453,30.5678,遂宁市,石溪浩,细颗粒物(PM2.5),92,97,81,68,54,8,,29,17,48,30,5,5,0.6,0.6
2023-12-22T2300,2528A,105.5582,30.5232,遂宁市,市监测站,细颗粒物(PM2.5),90,92,83,67,62,7,,30,17,49,38,10,11,0.5,0.7
2023-12-22T2300,2529A,105.5861,30.5366,遂宁市,行政中心,细颗粒物(PM2.5),92,96,81,68,58,11,,30,20,40,31,8,9,0.7,0.7
2023-12-22T2300,2530A,105.5918,30.4728,遂宁市,美宁食品公司,细颗粒物(PM2.5),89,93,98,66,65,6,,39,17,50,35,7,8,0.6,0.6
2023-12-22T2300,2706A,82.9994,46.7432,塔城地区,东门外小游园,,30,22,23,21,11,33,,52,45,14,7,3,3,1.2,0.4
2023-12-22T2300,1255A,121.273,28.6459,台州市,黄岩环保大楼,,46,46,42,28,27,36,,62,47,32,25,7,8,0.3,0.3
2023-12-22T2300,1256A,121.419,28.6542,台州市,台州环保大楼,,41,41,45,25,29,46,,58,52,22,21,7,8,0.3,0.3
2023-12-22T2300,1257A,121.377,28.5773,台州市,路桥田洋王,,35,32,39,24,29,47,,63,52,24,22,6,7,0.3,0.3
2023-12-22T2300,3564A,121.2568,28.6681,台州市,台州科技职业学院,,40,40,41,22,24,32,,62,47,35,22,7,8,0.3,0.3
2023-12-22T2300,1081A,112.522,37.8873,太原市,尖草坪,细颗粒物(PM2.5),128,147,91,97,57,3,,25,8,81,62,19,18,1.6,1
2023-12-22T2300,1083A,112.434,38.0108,太原市,上兰,,,,,,,,,,,,,,,,
2023-12-22T2300,1084A,112.469,37.7124,太原市,晋源,细颗粒物(PM2.5),159,188,118,121,94,3,,28,8,82,71,13,19,1.6,1.6
2023-12-22T2300,1085A,112.5583,37.7394,太原市,小店,细颗粒物(PM2.5),125,151,131,95,81,4,,31,14,86,68,19,25,2.0,1.5
2023-12-22T2300,1086A,112.5369,37.8692,太原市,桃园,细颗粒物(PM2.5),128,157,96,97,59,,,29,,82,64,16,17,1.6,1
2023-12-22T2300,1087A,112.57,37.8195,太原市,坞城,细颗粒物(PM2.5),150,180,112,115,66,7,,29,14,87,69,15,22,1.5,1.3
2023-12-22T2300,1088A,112.549,37.9854,太原市,南寨,细颗粒物(PM2.5),118,130,77,89,48,6,,27,10,84,65,12,15,1.7,1
2023-12-22T2300,3618A,112.4719,37.7831,太原市,金胜,细颗粒物(PM2.5),160,155,97,122,67,3,,26,8,78,58,10,16,1.6,1.1
2023-12-22T2300,4010A,112.5608,37.8807,太原市,育英中学,细颗粒物(PM2.5),138,163,93,105,54,5,,28,11,85,63,19,17,1.7,1.1
2023-12-22T2300,1656A,117.1437,36.1937,泰安市,监测站,细颗粒物(PM2.5),79,85,67,58,43,27,,55,41,54,50,16,15,1.2,1.2
2023-12-22T2300,1657A,117.0885,36.2017,泰安市,人口学校,细颗粒物(PM2.5),58,63,50,41,32,36,,50,43,36,38,11,12,0.9,1
2023-12-22T2300,1658A,117.1089,36.1758,泰安市,电力学校,细颗粒物(PM2.5),83,90,66,61,37,13,,59,38,68,45,20,16,1.2,1.1
2023-12-22T2300,3502A,117.1812,36.2275,泰安市,国网新校,细颗粒物(PM2.5),79,73,58,58,37,25,,66,49,54,36,20,15,1.2,1
2023-12-22T2300,3503A,117.0313,36.2018,泰安市,交通技校,细颗粒物(PM2.5),62,68,51,44,36,49,,58,51,28,37,10,10,0.8,0.9
2023-12-22T2300,3504A,117.0829,36.13,泰安市,山东第一医科大学,细颗粒物(PM2.5),67,78,62,48,37,22,,66,39,59,43,12,14,0.8,1
2023-12-22T2300,1206A,119.905,32.4878,泰州市,公园路,,32,24,34,22,21,43,,69,50,31,23,5,5,0.5,0.5
2023-12-22T2300,1207A,119.9189,32.4625,泰州市,莲花,,28,24,33,19,22,46,,69,53,28,23,6,6,0.4,0.3
2023-12-22T2300,1209A,119.888,32.4639,泰州市,留学生创业园,,35,35,41,19,23,23,,68,38,45,25,9,9,0.3,0.3
2023-12-22T2300,2997A,119.8767,32.3289,泰州市,王营,,33,33,34,14,20,14,,65,39,57,35,8,9,0.6,0.7
2023-12-22T2300,3295A,120.1259,32.5099,泰州市,姜堰区政府广场,,45,40,40,31,27,41,,70,55,29,18,14,8,0.5,0.4
2023-12-22T2300,3435A,119.9192,32.4322,泰州市,周山河街区,,28,28,37,17,25,48,,70,57,25,20,8,8,0.4,0.4
2023-12-22T2300,1037A,118.131,39.6363,唐山市,雷达站,颗粒物(PM10),61,72,34,43,20,2,,51,12,66,36,1,3,0.6,0.4
2023-12-22T2300,1038A,118.1725,39.6334,唐山市,物资局,,,71,27,45,13,12,,56,,80,40,,3,0.6,0.4
2023-12-22T2300,1040A,118.1705,39.6506,唐山市,十二中,细颗粒物(PM2.5),54,54,26,38,20,4,,56,19,76,36,2,2,0.6,0.4
2023-12-22T2300,1041A,118.1869,39.622,唐山市,小山,颗粒物(PM10),58,66,25,39,13,3,,55,19,69,33,3,3,0.6,0.5
2023-12-22T2300,3457A,118.4359,39.2762,唐山市,冀东油田职工医院,颗粒物(PM10),57,63,23,30,11,6,,63,28,68,23,14,5,0.6,0.3
2023-12-22T2300,3575A,118.09279,39.58089,唐山市,正泰大街热力站,细颗粒物(PM2.5),70,71,29,51,16,3,,49,17,68,31,3,3,0.5,0.4
2023-12-22T2300,3576A,118.1562,39.8322,唐山市,丰润区政府,颗粒物(PM10),51,51,42,31,25,2,,54,22,61,35,3,4,0.7,0.9
2023-12-22T2300,3577A,118.43673,39.73809,唐山市,金山小学,颗粒物(PM10),54,58,51,32,19,4,,46,20,59,41,2,4,0.6,0.6
2023-12-22T2300,3578A,118.24498,39.66941,唐山市,政府服务中心,,46,46,29,30,14,12,,56,26,53,28,2,3,0.5,0.5
2023-12-22T2300,3692A,118.2059,39.6585,唐山市,消防缸窑路中队,细颗粒物(PM2.5),58,60,30,41,14,10,,58,25,54,25,3,2,0.6,0.5
2023-12-22T2300,3693A,118.1436,39.6202,唐山市,路南电大,细颗粒物(PM2.5),64,69,30,46,18,0,,52,14,68,32,3,3,0.6,0.5
2023-12-22T2300,1015A,117.1444,39.1661,天津市,勤俭道,细颗粒物(PM2.5),112,121,73,84,48,4,,45,21,82,61,7,7,1.1,0.9
2023-12-22T2300,1017A,117.237,39.1082,天津市,大直沽八号路,细颗粒物(PM2.5),113,126,61,85,33,9,,46,25,78,49,6,3,0.9,0.4
2023-12-22T2300,1018A,117.202,39.0927,天津市,前进道,细颗粒物(PM2.5),112,119,68,84,36,8,,47,26,86,56,5,3,1.1,0.6
2023-12-22T2300,1019A,117.1837,39.2133,天津市,淮河道,细颗粒物(PM2.5),112,120,64,84,40,5,,46,18,88,59,8,5,1.0,0.7
2023-12-22T2300,1021A,117.307,39.0877,天津市,跃进路,细颗粒物(PM2.5),120,162,59,91,34,3,,52,30,76,39,8,6,1.0,0.7
2023-12-22T2300,1023A,117.707,39.0343,天津市,第四大街,细颗粒物(PM2.5),110,127,49,83,26,2,,44,11,87,48,6,5,1.6,0.8
2023-12-22T2300,1024A,117.457,38.8394,天津市,永明路,细颗粒物(PM2.5),117,116,74,88,49,4,,36,17,82,60,10,7,0.9,0.8
2023-12-22T2300,1026A,117.764,39.1587,天津市,汉北路,颗粒物(PM10),76,101,42,55,21,2,,46,10,80,50,6,6,0.9,0.6
2023-12-22T2300,1027A,117.157,38.9194,天津市,团泊洼,细颗粒物(PM2.5),132,132,76,100,58,24,,45,29,72,52,7,6,1.4,1
2023-12-22T2300,2858A,117.7918,39.2474,天津市,河西一经路,细颗粒物(PM2.5),79,93,39,58,22,4,,54,13,76,49,7,5,0.8,0.6
2023-12-22T2300,2859A,117.3747,38.9846,天津市,津沽路,细颗粒物(PM2.5),123,142,59,93,33,3,,44,21,88,54,6,5,0.8,0.6
2023-12-22T2300,2860A,117.1589,39.0845,天津市,宾水西道,细颗粒物(PM2.5),117,126,71,88,42,4,,41,20,90,63,4,3,1.1,0.7
2023-12-22T2300,2922A,117.1941,39.1067,天津市,大理道,细颗粒物(PM2.5),110,122,65,83,36,8,,45,26,81,53,8,5,1.0,0.7
2023-12-22T2300,3020A,117.2101,39.1699,天津市,中山北路,细颗粒物(PM2.5),103,109,55,77,35,18,,52,33,76,54,5,4,0.9,0.6
2023-12-22T2300,3051A,117.3876,39.1488,天津市,西四道,细颗粒物(PM2.5),88,106,49,65,25,3,,47,12,83,52,6,4,1.0,0.6
2023-12-22T2300,3325A,117.0365,39.3828,天津市,雍阳西道,细颗粒物(PM2.5),112,121,55,84,31,3,,40,16,86,55,8,5,1.0,0.5
2023-12-22T2300,3326A,117.0296,39.0605,天津市,辛老路,细颗粒物(PM2.5),120,124,91,91,56,2,,45,20,92,66,5,4,1.2,0.9
2023-12-22T2300,3327A,116.9638,38.9375,天津市,地纬路,细颗粒物(PM2.5),127,124,95,96,66,4,,41,17,87,63,11,6,1.2,0.9
2023-12-22T2300,3460A,117.4067,40.0583,天津市,北环路,,38,38,15,23,10,32,,74,48,36,10,4,4,0.5,0.3
2023-12-22T2300,3461A,117.3045,39.7169,天津市,建设路,颗粒物(PM10),66,81,39,46,16,2,,68,20,84,33,9,8,0.7,0.4
2023-12-22T2300,3462A,117.8199,39.3521,天津市,滨水东路,颗粒物(PM10),61,72,32,42,19,5,,63,14,79,39,5,3,0.8,0.4
2023-12-22T2300,2649A,106.0055,34.343,天水市,麦积山,,,,,,,,,,,,,,,,
2023-12-22T2300,2650A,105.7205,34.5786,天水市,公园小学,颗粒物(PM10),94,138,104,68,56,0,,28,6,57,48,16,17,1.9,1
2023-12-22T2300,2651A,105.8945,34.5538,天水市,麦积国土局,细颗粒物(PM2.5),143,173,116,109,67,6,,40,19,57,42,17,10,1.6,0.9
2023-12-22T2300,2216A,123.8139,42.3022,铁岭市,汇工街西,细颗粒物(PM2.5),98,84,90,73,70,5,,36,12,68,54,15,21,1.8,1.3
2023-12-22T2300,2217A,123.8649,42.2923,铁岭市,水上乐园,细颗粒物(PM2.5),67,72,78,48,60,29,,39,24,47,41,12,9,1.5,1.2
2023-12-22T2300,2218A,123.8486,42.2867,铁岭市,银州路东段,细颗粒物(PM2.5),68,70,90,49,62,24,,48,23,56,45,15,12,1.3,1
2023-12-22T2300,2219A,123.7153,42.2217,铁岭市,金沙江路北,颗粒物(PM10),51,51,76,32,76,11,,34,15,66,55,22,12,1.3,1.1
2023-12-22T2300,2229A,125.9358,41.7173,通化市,光明,"颗粒物(PM10),细颗粒物(PM2.5)",53,55,51,37,37,20,,48,28,43,40,12,19,1.2,1.1
2023-12-22T2300,2230A,125.9446,41.7325,通化市,铁路,颗粒物(PM10),54,57,45,37,32,4,,52,38,63,37,13,20,1.1,0.9
2023-12-22T2300,2191A,122.2532,43.6801,通辽市,艺术职业学校,,49,49,31,26,28,67,,71,62,18,22,5,6,0.4,0.5
2023-12-22T2300,3706A,122.2584,43.6333,通辽市,老干部活动中心,颗粒物(PM10),51,52,46,28,27,49,,76,44,30,51,8,9,0.5,0.5
2023-12-22T2300,3708A,122.2922,43.6189,通辽市,东方明珠社区,颗粒物(PM10),52,53,49,35,28,57,,62,46,28,32,12,14,0.8,0.8
2023-12-22T2300,1922A,109.0656,35.0994,铜川市,党校,细颗粒物(PM2.5),107,136,89,80,46,4,,38,13,52,44,10,10,1.0,0.8
2023-12-22T2300,1923A,109.0697,35.0697,铜川市,王益区政府,细颗粒物(PM2.5),97,107,74,72,46,6,,42,19,52,42,9,8,1.0,0.9
2023-12-22T2300,1924A,108.9344,34.9058,铜川市,新区管委会,细颗粒物(PM2.5),72,84,71,52,42,13,,45,27,40,30,9,10,0.7,0.6
2023-12-22T2300,3651A,108.9543,34.8732,铜川市,旺旺集团,细颗粒物(PM2.5),98,113,81,73,46,9,,48,27,58,39,42,15,0.7,0.4
2023-12-22T2300,2285A,117.8177,30.9412,铜陵市,市第四中学,颗粒物(PM10),55,59,60,37,39,29,,63,44,48,32,5,7,0.8,0.8
2023-12-22T2300,2286A,117.8059,30.9273,铜陵市,市公路局,"颗粒物(PM10),细颗粒物(PM2.5)",54,57,55,38,38,28,,57,37,42,33,6,6,0.6,0.6
2023-12-22T2300,2287A,117.7807,30.9413,铜陵市,市新民污水厂,颗粒物(PM10),52,53,54,33,32,28,,60,46,48,41,10,11,0.5,0.5
2023-12-22T2300,2288A,117.7439,30.8792,铜陵市,市第九中学,,48,48,63,32,42,36,,54,35,30,32,5,7,0.4,0.6
2023-12-22T2300,2289A,117.846,30.9413,铜陵市,车站新区,细颗粒物(PM2.5),62,63,55,44,36,16,,60,39,63,41,8,9,0.6,0.6
2023-12-22T2300,2290A,117.8483,30.97,铜陵市,市职教基地,颗粒物(PM10),54,58,56,36,32,24,,55,44,43,30,6,7,0.7,0.8
2023-12-22T2300,2585A,109.1839,27.7344,铜仁地区,铜仁卫校,颗粒物(PM10),61,72,81,36,43,78,,92,78,15,17,2,1,0.3,0.4
2023-12-22T2300,2586A,109.1753,27.6944,铜仁地区,铜仁七中,细颗粒物(PM2.5),74,71,70,54,54,85,,95,84,12,14,4,5,0.3,0.3
2023-12-22T2300,2686A,89.1904,42.9418,吐鲁番地区,市环保局,颗粒物(PM10),142,234,174,99,63,20,,48,39,74,52,7,7,2.7,1.7
2023-12-22T2300,2687A,89.1673,42.9559,吐鲁番地区,地区环保局,颗粒物(PM10),127,203,191,74,80,6,,40,28,72,54,8,8,1.9,1.8
2023-12-22T2300,1662A,122.1214,37.4236,威海市,华夏技校,,30,24,15,21,10,56,,68,61,20,12,2,2,0.4,0.3
2023-12-22T2300,1663A,122.0508,37.5236,威海市,山大分校,,22,22,13,15,6,52,,75,64,20,7,4,5,0.6,0.5
2023-12-22T2300,1664A,122.1067,37.5072,威海市,市监测站,,32,32,16,22,7,50,,63,54,20,15,5,5,0.4,0.3
2023-12-22T2300,1982A,122.0693,37.2174,威海市,文登开发区,,45,36,28,31,20,44,,63,38,26,21,10,8,0.5,0.6
2023-12-22T2300,3505A,122.1379,37.3414,威海市,临港区管委会,,43,36,19,30,13,35,,64,46,35,18,4,4,0.5,0.3
2023-12-22T2300,1650A,119.1437,36.7023,潍坊市,环保局,细颗粒物(PM2.5),65,73,55,47,34,4,,57,26,74,44,12,13,0.8,0.7
2023-12-22T2300,2877A,119.1641,36.6523,潍坊市,坊子邮政,细颗粒物(PM2.5),69,53,48,50,37,22,,64,29,61,47,20,18,0.8,0.7
2023-12-22T2300,3178A,119.0587,36.721,潍坊市,潍坊七中,细颗粒物(PM2.5),87,92,60,64,37,6,,57,25,74,54,25,18,0.9,0.6
2023-12-22T2300,3368A,119.1977,36.6872,潍坊市,高新实验学校,细颗粒物(PM2.5),67,70,58,48,31,2,,60,24,71,39,13,14,0.9,0.7
2023-12-22T2300,3416A,119.1755,36.7149,潍坊市,潍坊学院,颗粒物(PM10),57,63,55,35,31,6,,62,31,74,43,13,17,0.8,0.6
2023-12-22T2300,3861A,119.2041,36.7699,潍坊市,寒亭区实验一小,细颗粒物(PM2.5),70,78,55,51,34,4,,59,27,77,49,20,17,1.0,0.7
2023-12-22T2300,1938A,109.5293,34.5101,渭南市,农科所,,,,,,,,,,,,,,,,
2023-12-22T2300,1939A,109.4974,34.4877,渭南市,日报社,细颗粒物(PM2.5),89,114,72,66,39,4,,29,7,70,48,10,10,1.1,0.9
2023-12-22T2300,1940A,109.4636,34.493,渭南市,体育馆,颗粒物(PM10),86,122,76,61,33,3,,38,6,70,45,9,8,0.9,0.7
2023-12-22T2300,1941A,109.4259,34.5023,渭南市,高新一小,颗粒物(PM10),84,118,82,61,35,3,,40,9,69,38,8,7,0.9,0.8
2023-12-22T2300,1242A,120.634,28.0089,温州市,瓯海,,39,37,43,27,31,38,,66,44,31,22,9,9,0.4,0.5
2023-12-22T2300,1243A,120.6748,27.9939,温州市,南浦,,42,40,42,29,30,40,,69,49,28,21,8,9,0.3,0.4
2023-12-22T2300,1244A,120.76,27.9747,温州市,龙湾,,44,44,38,27,24,40,,66,52,30,21,6,8,0.6,0.5
2023-12-22T2300,1245A,120.6709,28.0167,温州市,市站,,35,34,43,24,26,40,,67,47,27,19,8,9,0.3,0.3
2023-12-22T2300,3561A,120.6985,27.9251,温州市,茶山,,41,41,43,22,25,42,,68,52,24,21,6,6,0.3,0.4
2023-12-22T2300,2610A,104.2533,23.3594,文山州,州水务局,细颗粒物(PM2.5),62,52,53,44,41,70,,94,87,15,10,4,8,0.4,0.6
2023-12-22T2300,2611A,104.2319,23.3892,文山州,市便民服务中心,细颗粒物(PM2.5),52,50,53,36,44,72,,88,84,13,12,6,11,0.2,0.2
2023-12-22T2300,2187A,106.8174,39.6973,乌海市,市林业局,颗粒物(PM10),56,62,87,28,29,56,,72,64,20,26,15,16,0.6,0.7
2023-12-22T2300,2188A,106.7907,39.6667,乌海市,中海勃湾学校,颗粒物(PM10),52,54,71,29,22,60,,74,68,21,21,11,11,0.5,0.7
2023-12-22T2300,3284A,106.813,39.7274,乌海市,海北新区,,40,40,93,13,25,53,,74,60,23,32,15,16,0.4,0.7
2023-12-22T2300,3621A,106.8288,39.6778,乌海市,聚英学校,,50,50,94,24,30,60,,72,67,22,29,16,18,0.6,0.8
2023-12-22T2300,2197A,113.1306,40.9923,乌兰察布市,集宁新区,,46,42,46,32,36,43,,51,50,31,39,11,13,0.6,0.8
2023-12-22T2300,3034A,113.1076,41.0385,乌兰察布市,光明街小学,,50,49,57,35,44,40,,47,45,35,42,16,16,0.7,1
2023-12-22T2300,3285A,113.1376,40.9509,乌兰察布市,北京八中,,35,31,44,24,32,33,,49,47,39,38,23,16,0.5,1
2023-12-22T2300,3421A,113.1775,40.9779,乌兰察布市,市委党校,细颗粒物(PM2.5),58,49,46,41,28,24,,47,42,47,41,15,16,1.0,1
2023-12-22T2300,1490A,87.5801,43.8303,乌鲁木齐市,监测站,细颗粒物(PM2.5),170,211,233,129,149,0,,12,6,88,79,4,4,1.4,1.5
2023-12-22T2300,1491A,87.6046,43.768,乌鲁木齐市,收费所,细颗粒物(PM2.5),254,248,174,204,129,4,,19,9,88,71,7,6,2.0,1.5
2023-12-22T2300,1492A,87.4754,43.9469,乌鲁木齐市,新疆农科院农场,细颗粒物(PM2.5),125,,128,95,136,64,,70,70,16,25,5,6,0.8,1
2023-12-22T2300,1493A,87.5525,43.8711,乌鲁木齐市,铁路局,细颗粒物(PM2.5),252,246,235,202,172,13,,26,23,73,68,2,3,1.2,1.4
2023-12-22T2300,1494A,87.6432,43.831,乌鲁木齐市,三十一中学,细颗粒物(PM2.5),217,238,206,167,148,3,,24,14,81,66,4,4,1.5,1.4
2023-12-22T2300,1496A,87.7216,44.1747,乌鲁木齐市,米东区环保局,细颗粒物(PM2.5),143,133,134,109,111,64,,56,56,35,27,8,9,0.5,0.6
2023-12-22T2300,3033A,87.4651,43.4569,乌鲁木齐市,培训基地,,26,,1,4,3,82,,87,81,8,7,4,4,0.8,0.8
2023-12-22T2300,3437A,88.3118,43.3658,乌鲁木齐市,达坂城区环保局,颗粒物(PM10),86,121,79,34,23,86,,79,77,10,13,1,2,0.4,0.4
2023-12-22T2300,3438A,87.6162,43.8801,乌鲁木齐市,红光山片区,细颗粒物(PM2.5),189,185,206,142,158,14,,34,28,85,69,4,4,1.3,1.4
2023-12-22T2300,3439A,87.7024,43.8004,乌鲁木齐市,新师大温泉校区,细颗粒物(PM2.5),223,252,185,173,129,3,,34,22,79,55,4,4,1.6,1.3
2023-12-22T2300,3440A,87.4921,43.8411,乌鲁木齐市,大绿谷,细颗粒物(PM2.5),209,229,234,159,165,2,,24,17,93,71,2,3,1.5,1.6
2023-12-22T2300,1188A,120.269,31.4867,无锡市,雪浪,,46,46,44,29,21,18,,58,43,54,28,6,7,0.6,0.4
2023-12-22T2300,1189A,120.275,31.6219,无锡市,黄巷,,49,49,47,29,25,8,,52,24,66,40,9,9,0.8,0.7
2023-12-22T2300,1190A,120.294,31.56,无锡市,曹张,颗粒物(PM10),53,55,47,19,24,4,,51,26,77,42,14,14,0.5,0.5
2023-12-22T2300,1191A,120.242,31.5031,无锡市,漆塘,,39,36,40,27,24,18,,51,39,48,21,10,11,0.7,0.7
2023-12-22T2300,1192A,120.3489,31.5863,无锡市,东亭,,39,39,49,17,25,12,,49,26,58,33,8,9,0.8,0.9
2023-12-22T2300,1193A,120.354,31.5475,无锡市,旺庄,,,44,42,22,24,,,48,,67,38,3,4,0.7,1
2023-12-22T2300,1194A,120.245,31.5631,无锡市,荣巷,细颗粒物(PM2.5),52,44,39,36,28,4,,53,30,68,36,7,8,0.7,0.7
2023-12-22T2300,1195A,120.299,31.6817,无锡市,堰桥,,39,39,43,24,25,22,,55,36,48,31,8,9,0.7,0.7
2023-12-22T2300,3428A,120.3142,31.4753,无锡市,华庄,,48,48,42,33,27,15,,55,38,65,35,8,8,0.7,0.6
2023-12-22T2300,2677A,106.1532,37.9648,吴忠市,教育园区,颗粒物(PM10),81,112,94,20,43,71,,75,74,11,28,8,14,0.4,0.7
2023-12-22T2300,2679A,106.1856,37.9956,吴忠市,新区二泵站,颗粒物(PM10),78,105,86,23,42,68,,68,68,17,36,5,12,0.4,0.7
2023-12-22T2300,3648A,106.2112,37.9768,吴忠市,文卫南街,颗粒物(PM10),84,117,107,30,40,76,,74,74,11,26,6,13,0.4,0.7
2023-12-22T2300,1794A,118.3606,31.3519,芜湖市,监测站,颗粒物(PM10),54,58,54,36,31,19,,50,26,68,49,9,10,0.5,0.4
2023-12-22T2300,1795A,118.3714,31.4134,芜湖市,科创中心,细颗粒物(PM2.5),53,52,56,37,35,29,,51,23,54,47,11,13,0.9,0.8
2023-12-22T2300,1796A,118.3673,31.3131,芜湖市,四水厂,颗粒物(PM10),57,64,54,34,32,28,,48,35,46,34,11,12,0.9,0.8
2023-12-22T2300,3328A,118.4209,31.3707,芜湖市,市气象局,颗粒物(PM10),55,60,52,32,32,9,,52,25,70,41,8,10,0.8,0.8
2023-12-22T2300,3465A,118.4781,31.3225,芜湖市,清苑社区,颗粒物(PM10),53,55,57,35,33,6,,53,19,61,45,10,12,0.7,0.7
2023-12-22T2300,3466A,118.2746,31.2326,芜湖市,扬子职业技术学院,颗粒物(PM10),59,67,50,30,27,26,,61,36,45,32,7,9,0.7,0.6
2023-12-22T2300,2495A,111.3014,23.4832,梧州市,市逸夫小学,颗粒物(PM10),62,74,72,33,36,78,,87,82,10,11,9,9,0.4,0.5
2023-12-22T2300,2496A,111.3239,23.4794,梧州市,市十一中,颗粒物(PM10),53,56,64,32,30,82,,86,84,15,10,9,9,0.4,0.6
2023-12-22T2300,2497A,111.247,23.4189,梧州市,龙圩,颗粒物(PM10),56,62,70,35,37,78,,84,80,9,9,11,11,0.6,0.7
2023-12-22T2300,2498A,111.2711,23.4835,梧州市,龙新,颗粒物(PM10),56,61,62,30,29,71,,85,81,10,10,25,19,0.6,0.7
2023-12-22T2300,2711A,87.5475,44.1756,五家渠市,农水大厦,细颗粒物(PM2.5),137,119,128,104,98,73,,68,68,13,21,7,8,1.0,1.1
2023-12-22T2300,3441A,87.546,44.1912,五家渠市,经开区管委会,细颗粒物(PM2.5),133,128,127,101,97,64,,64,64,16,18,2,3,1.1,1.1
2023-12-22T2300,1325A,114.3677,30.5584,武汉市,东湖梨园,细颗粒物(PM2.5),77,66,51,56,44,24,,69,39,45,28,10,12,0.9,0.8
2023-12-22T2300,1326A,114.2529,30.558,武汉市,汉阳月湖,细颗粒物(PM2.5),73,78,52,53,40,16,,64,40,68,36,10,10,0.8,0.7
2023-12-22T2300,1327A,114.282,30.6189,武汉市,汉口花桥,,46,42,48,32,41,37,,55,43,46,32,7,10,0.6,0.8
2023-12-22T2300,1328A,114.3025,30.5332,武汉市,武昌紫阳,细颗粒物(PM2.5),78,62,48,57,39,24,,64,39,62,35,10,9,0.9,0.9
2023-12-22T2300,1329A,114.3646,30.6217,武汉市,青山钢花,细颗粒物(PM2.5),55,48,49,39,45,29,,55,42,53,34,7,9,0.8,1
2023-12-22T2300,1330A,114.1566,30.4825,武汉市,沌口新区,细颗粒物(PM2.5),82,77,52,60,43,16,,58,34,65,37,14,12,1.1,0.9
2023-12-22T2300,1331A,114.3014,30.5944,武汉市,汉口江滩,细颗粒物(PM2.5),62,45,48,44,41,31,,62,46,42,24,13,10,1.0,0.7
2023-12-22T2300,1333A,114.135,30.6319,武汉市,吴家山,细颗粒物(PM2.5),74,59,47,54,38,23,,66,52,62,31,7,8,1.0,1
2023-12-22T2300,1334A,113.8454,30.2917,武汉市,沉湖七壕,,45,45,36,24,24,39,,68,54,31,22,6,6,0.6,0.5
2023-12-22T2300,3153A,114.3877,30.4908,武汉市,民族大道182号,细颗粒物(PM2.5),73,57,48,53,45,30,,64,48,54,29,9,10,0.6,0.7
2023-12-22T2300,2652A,102.6201,37.9251,武威市,监测站,颗粒物(PM10),98,145,132,27,50,50,,69,63,23,39,6,7,0.6,0.9
2023-12-22T2300,3201A,102.6486,37.9325,武威市,东关招商场,颗粒物(PM10),90,130,122,57,60,27,,74,65,41,37,5,5,0.8,1
2023-12-22T2300,1462A,108.882,34.2749,西安市,高压开关厂,细颗粒物(PM2.5),98,138,88,73,44,5,,36,17,73,48,14,8,0.8,0.8
2023-12-22T2300,1463A,108.993,34.2629,西安市,兴庆小区,细颗粒物(PM2.5),93,111,75,69,41,3,,25,13,71,53,9,8,0.8,0.9
2023-12-22T2300,1464A,109.06,34.2572,西安市,纺织城,细颗粒物(PM2.5),97,101,90,72,49,4,,19,10,58,54,4,4,0.9,1
2023-12-22T2300,1465A,108.9356,34.2173,西安市,小寨,细颗粒物(PM2.5),84,101,76,62,42,16,,38,24,66,49,5,5,0.8,0.7
2023-12-22T2300,1466A,108.954,34.2713,西安市,市人民体育场,细颗粒物(PM2.5),97,107,71,72,55,4,,31,16,75,50,10,6,0.7,0.5
2023-12-22T2300,1467A,108.8922,34.2322,西安市,高新西区,细颗粒物(PM2.5),92,105,75,68,44,12,,36,20,65,47,6,6,0.7,0.7
2023-12-22T2300,1468A,108.935,34.3474,西安市,经开区,细颗粒物(PM2.5),97,90,66,72,44,8,,33,16,62,39,6,6,0.8,0.7
2023-12-22T2300,1469A,108.906,34.1546,西安市,长安区,细颗粒物(PM2.5),139,167,87,106,49,1,,37,18,63,47,10,5,1.2,0.7
2023-12-22T2300,1471A,109.2186,34.3731,西安市,临潼区,细颗粒物(PM2.5),74,86,74,54,40,12,,21,15,46,38,6,6,1.0,1
2023-12-22T2300,1472A,108.869,34.378,西安市,草滩,颗粒物(PM10),81,112,63,39,28,2,,40,12,76,42,5,5,0.7,0.8
2023-12-22T2300,1473A,108.985,34.1978,西安市,曲江文化产业集团,"颗粒物(PM10),细颗粒物(PM2.5)",78,106,79,57,41,1,,28,15,70,47,6,6,1.0,0.7
2023-12-22T2300,1474A,109.051,34.3213,西安市,广运潭,细颗粒物(PM2.5),92,106,76,68,45,1,,24,10,57,41,10,7,1.0,0.8
2023-12-22T2300,3524A,108.6116,34.1164,西安市,文体局,细颗粒物(PM2.5),195,150,90,146,68,9,,45,31,49,38,8,8,0.9,1.3
2023-12-22T2300,3605A,109.09,34.5236,西安市,无线电监控中心,细颗粒物(PM2.5),88,95,66,65,37,12,,47,22,64,35,7,6,0.8,0.7
2023-12-22T2300,1483A,101.524,36.6867,西宁市,第五水厂,,,,,,,,,,,,,,,,
2023-12-22T2300,3055A,101.7775,36.6428,西宁市,城北区政府,颗粒物(PM10),80,109,91,40,52,41,,44,32,42,49,22,23,0.8,0.9
2023-12-22T2300,3629A,101.8305,36.5786,西宁市,世纪职校,颗粒物(PM10),57,63,67,39,45,61,,63,58,32,39,27,25,0.7,0.9
2023-12-22T2300,3630A,101.7413,36.6397,西宁市,师大城西校区,颗粒物(PM10),76,101,94,36,44,54,,46,33,38,56,19,21,0.8,1.2
2023-12-22T2300,2612A,100.7939,22.0019,西双版纳州,景洪市江南,,50,50,18,31,13,8,,36,19,28,15,7,7,0.8,0.7
2023-12-22T2300,2613A,100.8017,22.0225,西双版纳州,景洪市江北,,,33,23,19,13,,,34,19,28,17,6,4,0.8,0.7
2023-12-22T2300,3606A,108.7108,34.46,西咸新区,北杜,细颗粒物(PM2.5),88,92,69,65,40,10,,54,28,61,41,5,6,0.8,0.7
2023-12-22T2300,3607A,108.7096,34.2956,西咸新区,同德佳苑,细颗粒物(PM2.5),107,111,68,80,40,10,,44,28,60,39,5,6,0.8,0.6
2023-12-22T2300,3608A,108.8558,34.4978,西咸新区,崇文塔,细颗粒物(PM2.5),104,90,61,78,38,8,,47,21,69,38,6,5,0.9,0.8
2023-12-22T2300,2202A,116.1042,43.9317,锡林郭勒盟,市环保监测站,,22,12,12,7,7,68,,72,70,2,4,5,5,0.4,0.4
2023-12-22T2300,2203A,116.0781,43.9311,锡林郭勒盟,市政府,,21,17,16,8,5,66,,70,66,7,5,10,10,0.3,0.3
2023-12-22T2300,1286A,118.1608,24.8169,厦门市,溪东,,,,,,,,,,,,,,,,
2023-12-22T2300,1287A,118.1514,24.4767,厦门市,洪文,,35,35,60,12,30,71,,72,68,4,9,2,3,0.3,0.4
2023-12-22T2300,1288A,118.0661,24.4444,厦门市,鼓浪屿,,32,32,56,11,30,63,,65,61,8,11,2,3,0.4,0.5
2023-12-22T2300,2842A,118.0936,24.5058,厦门市,湖里中学,,34,34,56,13,29,72,,79,72,13,14,1,2,0.2,0.4
2023-12-22T2300,3527A,118.0958,24.5688,厦门市,集美中学,,31,31,49,13,26,76,,80,74,5,8,1,2,0.2,0.3
2023-12-22T2300,3528A,118.1493,24.7245,厦门市,同安二实小,,22,22,33,14,24,58,,63,56,7,8,2,3,0.3,0.3
2023-12-22T2300,2447A,114.3175,29.8142,咸宁市,森林公园,细颗粒物(PM2.5),54,40,36,38,25,48,,76,61,18,9,12,12,0.3,0.3
2023-12-22T2300,2448A,114.3107,29.8454,咸宁市,市发改委,细颗粒物(PM2.5),65,61,56,47,37,44,,73,55,24,17,5,4,0.6,0.7
2023-12-22T2300,2449A,114.2936,29.8566,咸宁市,咸安区政府,细颗粒物(PM2.5),80,74,57,59,42,30,,72,49,35,25,6,7,0.8,0.6
2023-12-22T2300,3655A,114.3375,29.8683,咸宁市,长江产业园,细颗粒物(PM2.5),65,72,61,47,41,30,,74,50,37,23,8,7,0.9,0.9
2023-12-22T2300,1918A,108.7197,34.3956,咸阳市,气象站,,,,,,,,,,,,,,,,
2023-12-22T2300,1919A,108.673,34.3155,咸阳市,实验中学,细颗粒物(PM2.5),104,97,68,78,42,27,,46,37,48,37,10,11,0.9,0.8
2023-12-22T2300,1920A,108.7233,34.3617,咸阳市,师范学院,细颗粒物(PM2.5),129,116,64,98,51,10,,44,28,64,37,9,9,0.8,0.5
2023-12-22T2300,3165A,108.6594,34.2969,咸阳市,两寺渡,细颗粒物(PM2.5),95,114,70,71,38,12,,44,30,57,36,6,7,0.5,0.4
2023-12-22T2300,3525A,108.6396,34.4078,咸阳市,奥体中心,细颗粒物(PM2.5),110,130,78,83,47,4,,46,22,67,42,8,8,0.9,0.7
2023-12-22T2300,1508A,112.9433,27.8614,湘潭市,板塘,,48,46,58,33,29,51,,72,68,30,26,2,2,0.4,0.3
2023-12-22T2300,1511A,112.9118,27.8403,湘潭市,市监测站,颗粒物(PM10),53,56,56,30,31,54,,69,65,24,28,5,5,0.5,0.5
2023-12-22T2300,1512A,112.8937,27.8728,湘潭市,江麓,,49,46,54,34,33,55,,74,70,24,23,6,7,0.9,1
2023-12-22T2300,1513A,112.9227,27.8159,湘潭市,岳塘,颗粒物(PM10),51,52,52,32,33,53,,68,64,24,24,8,7,0.6,0.5
2023-12-22T2300,1514A,112.9074,27.9119,湘潭市,科大,颗粒物(PM10),54,58,58,36,37,48,,69,63,26,24,3,3,0.5,0.5
2023-12-22T2300,1562A,113.0048,27.9153,湘潭市,昭山,颗粒物(PM10),59,68,62,30,32,41,,71,59,36,30,4,5,0.3,0.5
2023-12-22T2300,1564A,112.4876,27.9164,湘潭市,韶山,颗粒物(PM10),52,54,56,23,24,79,,83,82,14,15,6,6,0.2,0.2
2023-12-22T2300,2492A,109.6414,28.2558,湘西州,跃进水库,,49,38,43,34,34,24,,60,41,13,11,4,4,0.9,0.9
2023-12-22T2300,2493A,109.7325,28.3169,湘西州,州政府,细颗粒物(PM2.5),67,63,62,48,41,65,,80,71,18,14,10,9,0.5,0.5
2023-12-22T2300,2494A,109.6958,28.2675,湘西州,吉首市计生局,颗粒物(PM10),56,62,69,12,39,58,,79,73,19,13,14,7,0.6,0.5
2023-12-22T2300,2432A,112.155,32.0197,襄阳市,襄城运动路,"颗粒物(PM10),细颗粒物(PM2.5)",74,97,72,54,38,36,,64,57,40,26,12,10,0.7,0.6
2023-12-22T2300,2433A,112.1392,32.0564,襄阳市,樊城新华路,细颗粒物(PM2.5),74,80,63,54,40,39,,58,50,38,27,9,9,1.0,0.9
2023-12-22T2300,2434A,112.1825,32.1142,襄阳市,高新管委会,,,,,,,,,,,,,,,,
2023-12-22T2300,2435A,112.2106,32.0903,襄阳市,襄州航空路,细颗粒物(PM2.5),89,94,66,66,41,10,,59,32,61,32,9,9,1.0,0.8
2023-12-22T2300,3396A,112.0828,32.0067,襄阳市,襄城隆中路,颗粒物(PM10),96,141,61,58,43,31,,55,42,40,33,12,14,0.7,0.9
2023-12-22T2300,3397A,112.1214,32.1008,襄阳市,高新台子湾,细颗粒物(PM2.5),89,120,82,66,44,4,,50,28,72,46,11,11,0.9,0.6
2023-12-22T2300,2443A,113.9153,30.9285,孝感市,文化路,细颗粒物(PM2.5),69,52,48,50,41,34,,53,47,46,30,9,9,0.6,0.6
2023-12-22T2300,2444A,113.942,30.9075,孝感市,东城区,颗粒物(PM10),60,70,60,42,35,34,,55,48,44,29,8,9,0.5,0.5
2023-12-22T2300,2181A,112.7383,38.4519,忻州市,开发区,细颗粒物(PM2.5),82,92,64,60,48,11,,39,19,75,54,27,31,1.5,1.2
2023-12-22T2300,2182A,112.7003,38.4928,忻州市,会展中心,细颗粒物(PM2.5),103,87,67,77,56,8,,34,15,63,53,19,27,1.4,1.3
2023-12-22T2300,3208A,112.7283,38.4153,忻州市,市政府,细颗粒物(PM2.5),87,100,75,64,48,10,,37,22,76,58,126,72,1.6,1.4
2023-12-22T2300,2389A,113.836,35.311,新乡市,环保西院,颗粒物(PM10),67,84,105,38,67,3,,39,26,60,56,8,8,0.9,1.1
2023-12-22T2300,2390A,113.884,35.272,新乡市,开发区,细颗粒物(PM2.5),77,89,94,56,73,6,,41,28,64,58,10,10,1.0,1
2023-12-22T2300,2391A,113.883,35.303,新乡市,环保东院,颗粒物(PM10),65,79,103,46,69,1,,35,24,63,57,9,10,1.0,1.1
2023-12-22T2300,3054A,113.9194,35.2847,新乡市,市委党校,细颗粒物(PM2.5),78,58,107,57,81,5,,38,18,57,74,7,7,0.9,1.1
2023-12-22T2300,3475A,113.9188,35.3045,新乡市,市政府,细颗粒物(PM2.5),82,103,116,60,85,4,,33,18,66,68,9,11,1.0,1
2023-12-22T2300,3476A,113.9135,35.3327,新乡市,河师大,颗粒物(PM10),90,130,139,59,79,2,,30,15,71,67,11,11,1.1,1.2
2023-12-22T2300,3689A,113.9003,35.372,新乡市,行政服务中心,颗粒物(PM10),96,141,135,63,74,1,,36,13,74,64,10,9,1.3,1.2
2023-12-22T2300,2352A,115.0861,27.9317,新余市,北岗,,43,35,43,30,31,28,,67,51,21,18,57,26,0.6,0.4
2023-12-22T2300,2353A,114.9886,27.8431,新余市,飞宇,颗粒物(PM10),56,62,61,31,32,35,,62,48,38,29,38,20,0.5,0.3
2023-12-22T2300,2354A,114.9231,27.8246,新余市,第二水厂,颗粒物(PM10),57,64,70,37,48,40,,68,54,27,20,27,16,0.4,0.4
2023-12-22T2300,2355A,114.9308,27.8036,新余市,市气象局,颗粒物(PM10),55,60,53,38,37,41,,69,54,30,23,25,16,0.2,0.4
2023-12-22T2300,3206A,114.9149,27.807,新余市,新钢沁园村,颗粒物(PM10),59,67,68,26,36,44,,71,57,36,25,30,17,0.5,0.4
2023-12-22T2300,2054A,114.1099,32.1059,信阳市,平桥分局,,49,47,36,34,34,37,,65,57,32,25,3,4,0.6,0.5
2023-12-22T2300,2064A,113.9956,32.1271,信阳市,南湾水厂,,47,47,56,31,33,60,,68,61,17,21,2,2,0.5,0.6
2023-12-22T2300,2065A,114.0775,32.1195,信阳市,市酿酒公司,,,51,53,35,45,,,66,60,28,32,2,3,0.8,0.7
2023-12-22T2300,2066A,114.0609,32.1399,信阳市,审计局,,43,43,62,27,38,50,,51,49,30,35,5,6,0.6,0.7
2023-12-22T2300,2200A,122.0392,46.0656,兴安盟,胜华新制药厂,,26,21,23,18,17,73,,68,65,5,9,4,4,0.8,0.8
2023-12-22T2300,2201A,121.9504,46.0741,兴安盟,科右前旗环保局,,24,16,20,13,16,74,,74,74,4,4,3,2,0.4,0.4
2023-12-22T2300,3035A,122.0931,46.0707,兴安盟,北滨河,,24,24,38,12,25,72,,71,71,9,18,4,5,0.3,0.7
2023-12-22T2300,1077A,114.4704,37.0886,邢台市,达活泉,细颗粒物(PM2.5),117,114,78,88,54,8,,52,41,72,52,4,10,1.3,1.3
2023-12-22T2300,1078A,114.5062,37.0349,邢台市,邢师高专,,,,72,,60,5,,49,39,,47,2,8,1.1,1.3
2023-12-22T2300,1079A,114.5237,37.0851,邢台市,路桥公司,细颗粒物(PM2.5),159,,76,121,57,9,,56,38,80,51,7,13,1.0,1.1
2023-12-22T2300,1080A,114.4725,37.0719,邢台市,市环保局,细颗粒物(PM2.5),122,110,73,92,54,21,,49,41,61,48,5,11,1.2,1.4
2023-12-22T2300,3584A,115.8844,39.0341,雄安新区,容城县环境保护局,细颗粒物(PM2.5),119,120,77,90,48,7,,44,18,101,77,10,9,1.3,0.9
2023-12-22T2300,3585A,115.8665,39.0645,雄安新区,河北容城中学,细颗粒物(PM2.5),108,95,59,81,54,8,,42,17,101,74,6,5,1.5,1
2023-12-22T2300,3586A,115.923,38.9405,雄安新区,安新县民政局,细颗粒物(PM2.5),133,122,81,101,59,13,,47,20,90,75,12,9,1.3,0.9
2023-12-22T2300,3587A,115.9324,38.9338,雄安新区,安新县电力局,细颗粒物(PM2.5),120,120,62,91,43,5,,45,18,,68,13,8,1.4,1
2023-12-22T2300,3588A,116.0901,38.9816,雄安新区,雄县环境保护局,细颗粒物(PM2.5),144,158,90,110,54,2,,46,20,94,67,12,9,1.6,1.2
2023-12-22T2300,3589A,116.1105,39.0046,雄安新区,雄县国土资源局,细颗粒物(PM2.5),137,112,78,104,65,3,,43,11,85,70,10,8,1.3,1
2023-12-22T2300,1177A,117.179,34.2761,徐州市,黄河新村,细颗粒物(PM2.5),72,68,69,52,44,35,,60,37,38,43,9,9,0.5,0.6
2023-12-22T2300,1178A,117.1918,34.2384,徐州市,淮塔,细颗粒物(PM2.5),69,81,65,50,38,27,,70,43,42,28,10,10,0.8,0.8
2023-12-22T2300,1180A,117.256,34.2153,徐州市,新城区,细颗粒物(PM2.5),72,81,67,52,41,37,,65,36,36,40,8,10,0.7,0.6
2023-12-22T2300,1181A,117.244,34.2911,徐州市,桃园路,细颗粒物(PM2.5),70,70,67,51,38,30,,63,34,42,40,10,12,0.7,0.8
2023-12-22T2300,1182A,117.2933,34.2778,徐州市,农科院,细颗粒物(PM2.5),67,66,57,48,37,45,,66,39,29,37,8,10,0.7,0.6
2023-12-22T2300,3005A,117.1814,34.29,徐州市,鼓楼区政府,细颗粒物(PM2.5),62,59,50,44,39,45,,69,49,36,34,9,10,0.7,0.8
2023-12-22T2300,3006A,117.1694,34.1781,徐州市,铜山区招生办,细颗粒物(PM2.5),73,90,70,53,40,22,,66,36,52,39,8,9,0.5,0.5
2023-12-22T2300,3288A,117.4754,34.4422,徐州市,大泉街道,细颗粒物(PM2.5),74,94,68,54,35,28,,71,38,40,30,10,11,0.7,1.1
2023-12-22T2300,2396A,113.8276,34.0159,许昌市,监测站,细颗粒物(PM2.5),69,67,68,50,40,40,,60,48,30,35,4,5,0.5,0.6
2023-12-22T2300,2398A,113.7906,33.9953,许昌市,开发区,细颗粒物(PM2.5),64,60,66,46,42,45,,59,43,24,38,5,5,0.5,0.6
2023-12-22T2300,3134A,113.8172,34.0339,许昌市,市一中,细颗粒物(PM2.5),68,52,59,49,39,44,,62,52,25,36,5,6,0.5,0.3
2023-12-22T2300,3337A,113.8614,34.0442,许昌市,许昌学院,细颗粒物(PM2.5),68,68,61,49,36,52,,65,58,16,23,7,7,0.3,0.4
2023-12-22T2300,3338A,113.843,34.0823,许昌市,芙蓉广场,颗粒物(PM10),56,62,63,38,34,40,,59,49,27,32,4,5,0.4,0.5
2023-12-22T2300,3597A,113.8134,34.1251,许昌市,建安区兴业大厦,颗粒物(PM10),62,73,66,39,34,37,,64,54,27,25,5,6,0.4,0.4
2023-12-22T2300,2316A,118.7581,30.9454,宣城市,鳌峰子站,"颗粒物(PM10),细颗粒物(PM2.5)",54,58,56,38,33,19,,67,50,66,32,6,9,0.7,0.7
2023-12-22T2300,2317A,118.7385,30.9743,宣城市,敬亭山子站,,38,32,49,26,32,51,,73,67,28,27,5,14,0.5,0.6
2023-12-22T2300,2318A,118.7173,30.9427,宣城市,开发区子站,细颗粒物(PM2.5),53,52,54,37,35,18,,68,47,63,45,4,9,0.8,0.8
2023-12-22T2300,3470A,118.7724,30.9141,宣城市,夏渡子站,细颗粒物(PM2.5),63,60,56,45,37,6,,55,34,50,34,4,7,0.6,0.6
2023-12-22T2300,2554A,103.0475,30.02,雅安市,建安厂,细颗粒物(PM2.5),140,128,80,107,63,20,,42,36,45,32,7,6,0.6,0.5
2023-12-22T2300,2555A,103.0111,29.9833,雅安市,市政府,细颗粒物(PM2.5),144,134,74,110,59,27,,46,38,40,24,6,5,0.7,0.7
2023-12-22T2300,2556A,102.9905,29.9775,雅安市,川农大,细颗粒物(PM2.5),139,131,65,106,57,25,,47,39,39,21,6,6,0.9,0.7
2023-12-22T2300,3700A,103.0456,29.9956,雅安市,康养中心,细颗粒物(PM2.5),142,132,71,108,57,20,,69,40,27,14,6,6,0.5,0.4
2023-12-22T2300,1642A,121.2514,37.5639,烟台市,开发区,细颗粒物(PM2.5),52,36,20,36,14,32,,60,37,32,17,8,8,0.7,0.5
2023-12-22T2300,1643A,121.3719,37.5433,烟台市,轴承厂,,43,39,28,30,20,47,,64,49,24,18,5,7,0.5,0.4
2023-12-22T2300,1644A,121.3181,37.5436,烟台市,西郊化工站,,45,44,25,31,16,46,,62,45,28,23,5,5,0.8,0.6
2023-12-22T2300,1645A,121.4478,37.4822,烟台市,莱山环保局,,45,34,22,31,17,44,,64,47,21,14,7,9,0.6,0.5
2023-12-22T2300,1646A,121.2611,37.4967,烟台市,福山环保局,,49,44,33,34,27,41,,61,42,27,22,4,6,0.8,0.9
2023-12-22T2300,3057A,121.5992,37.4014,烟台市,牟平检察院,,44,44,28,24,16,52,,66,53,16,15,5,5,0.9,0.7
2023-12-22T2300,3366A,121.5206,37.4336,烟台市,中国农业大学,,,,24,,14,35,,70,,30,16,6,7,,0.7
2023-12-22T2300,1926A,109.4131,36.6275,延安市,枣园,细颗粒物(PM2.5),85,70,42,63,33,5,,33,12,48,39,4,3,0.7,0.4
2023-12-22T2300,1927A,109.4761,36.6028,延安市,延大医附院,颗粒物(PM10),75,100,58,51,33,5,,28,13,53,47,6,6,1.3,0.9
2023-12-22T2300,1929A,109.5056,36.6106,延安市,百米大道,细颗粒物(PM2.5),90,104,60,67,33,6,,24,13,58,50,11,10,1.3,0.8
2023-12-22T2300,3652A,109.4809,36.5786,延安市,西北局旧址,细颗粒物(PM2.5),113,156,63,85,33,10,,23,16,61,56,12,16,1.6,1.1
2023-12-22T2300,1215A,120.118,33.4022,盐城市,盐城电厂,颗粒物(PM10),53,56,48,36,33,37,,63,41,31,22,2,4,0.1,0.5
2023-12-22T2300,1216A,120.156,33.3942,盐城市,市监测站,细颗粒物(PM2.5),59,63,45,42,29,29,,77,,47,22,4,6,0.9,0.8
2023-12-22T2300,1218A,120.2144,33.38,盐城市,开发区管委会,颗粒物(PM10),52,54,41,32,22,37,,71,56,36,24,3,5,0.1,0.2
2023-12-22T2300,3004A,120.1544,33.3663,盐城市,宝龙广场,细颗粒物(PM2.5),58,46,43,41,30,37,,72,57,36,22,4,7,0.7,0.6
2023-12-22T2300,3293A,120.1501,33.3367,盐城市,月亮广场,,49,49,41,34,27,16,,73,49,52,28,8,10,0.6,0.4
2023-12-22T2300,3436A,120.4279,33.205,盐城市,大丰高级中学,颗粒物(PM10),51,51,40,31,24,30,,67,46,47,27,8,8,0.7,0.6
2023-12-22T2300,1186A,119.389,32.3761,扬州市,邗江监测站,,35,34,37,24,22,51,,68,54,28,25,3,3,0.7,0.7
2023-12-22T2300,2869A,119.447,32.4155,扬州市,五台山医院,,27,27,33,18,21,41,,66,53,33,23,2,3,0.3,0.3
2023-12-22T2300,3164A,119.4686,32.3942,扬州市,广陵建设局,,39,39,41,17,21,29,,69,49,47,26,6,4,0.4,0.7
2023-12-22T2300,3195A,119.3633,32.3972,扬州市,市体育局,,44,44,38,24,20,27,,64,39,46,31,3,3,0.5,0.4
2023-12-22T2300,3294A,119.5653,32.4222,扬州市,引江管理处,,32,31,36,22,24,46,,69,57,33,24,8,10,0.6,0.5
2023-12-22T2300,1699A,111.9797,21.8593,阳江市,鸳鸯湖,,,38,40,26,28,,,66,62,23,17,13,10,0.9,0.6
2023-12-22T2300,1701A,111.9491,21.8658,阳江市,马南垌,颗粒物(PM10),57,64,51,37,28,57,,72,63,25,17,7,7,0.5,0.4
2023-12-22T2300,3317A,111.9765,21.8947,阳江市,两阳中学,细颗粒物(PM2.5),62,70,56,44,30,34,,71,53,47,19,9,8,0.6,0.5
2023-12-22T2300,3453A,112.0125,21.8749,阳江市,阳东陶然,细颗粒物(PM2.5),64,75,59,46,32,48,,73,64,35,17,10,8,0.6,0.5
2023-12-22T2300,1738A,113.5758,37.8572,阳泉市,市中心,细颗粒物(PM2.5),100,140,72,75,40,8,,51,32,81,47,52,29,1.4,1
2023-12-22T2300,1739A,113.4894,37.8731,阳泉市,赛鱼,细颗粒物(PM2.5),102,121,71,76,40,6,,51,28,81,47,50,26,1.3,0.8
2023-12-22T2300,1740A,113.5819,37.8486,阳泉市,南庄,颗粒物(PM10),102,153,83,61,36,10,,53,34,77,45,47,42,1.3,0.9
2023-12-22T2300,1742A,113.5614,37.8703,阳泉市,平坦,细颗粒物(PM2.5),104,142,73,78,36,12,,52,32,82,48,51,27,1.4,1
2023-12-22T2300,1743A,113.5158,37.8392,阳泉市,大阳泉,细颗粒物(PM2.5),95,88,43,71,42,17,,57,38,74,39,37,19,1.2,0.7
2023-12-22T2300,3619A,113.617,37.8571,阳泉市,龙柱,细颗粒物(PM2.5),88,115,58,65,33,5,,54,34,82,45,53,29,1.2,0.8
2023-12-22T2300,2252A,128.5159,47.4311,伊春市,环保局,细颗粒物(PM2.5),87,69,53,64,45,37,,41,39,22,20,7,7,0.8,0.7
2023-12-22T2300,2253A,128.9102,47.7412,伊春市,电力嘉园,细颗粒物(PM2.5),72,66,46,52,30,36,,44,43,21,18,6,7,0.7,0.6
2023-12-22T2300,2254A,129.5029,48.471,伊春市,汤旺河国家公园,,40,37,28,28,20,34,,49,42,16,10,5,5,0.4,0.3
2023-12-22T2300,3342A,128.4741,47.4346,伊春市,中心小学,细颗粒物(PM2.5),123,105,79,93,70,36,,47,41,23,23,7,6,0.9,0.8
2023-12-22T2300,3343A,128.6871,47.7369,伊春市,检察院,细颗粒物(PM2.5),99,84,56,74,52,39,,48,42,25,18,10,10,0.7,0.6
2023-12-22T2300,3344A,128.8431,47.8474,伊春市,双子河社区,细颗粒物(PM2.5),99,74,60,74,54,19,,43,28,30,21,4,6,1.3,1.1
2023-12-22T2300,3480A,129.1368,47.6417,伊春市,美溪镇,细颗粒物(PM2.5),117,98,91,88,69,8,,32,12,42,32,7,8,1.0,0.9
2023-12-22T2300,2703A,81.2815,43.9404,伊犁哈萨克州,市环保局,细颗粒物(PM2.5),142,130,66,108,60,8,,52,33,89,69,15,17,3.5,2.7
2023-12-22T2300,2704A,81.2996,43.9174,伊犁哈萨克州,新政府片区,细颗粒物(PM2.5),216,185,99,166,87,16,,48,32,106,66,15,9,8.8,4.1
2023-12-22T2300,2705A,81.3364,43.941,伊犁哈萨克州,第二水厂,细颗粒物(PM2.5),142,123,92,108,86,6,,56,33,95,67,15,12,4.1,3.5
2023-12-22T2300,1882A,104.563,28.793,宜宾市,石马中学,,,,,,,,,,,,,,,,
2023-12-22T2300,1883A,104.6201,28.7728,宜宾市,市委,细颗粒物(PM2.5),120,110,98,91,80,26,,62,54,33,26,11,13,0.6,0.6
2023-12-22T2300,1884A,104.6055,28.793,宜宾市,宜宾四中,细颗粒物(PM2.5),119,111,105,90,81,20,,50,40,40,38,11,11,0.6,0.7
2023-12-22T2300,1885A,104.639,28.7562,宜宾市,市政府,细颗粒物(PM2.5),122,105,98,92,78,31,,58,52,29,32,9,10,0.5,0.5
2023-12-22T2300,1886A,104.5742,28.7199,宜宾市,黄金嘴,细颗粒物(PM2.5),115,106,102,87,80,30,,56,50,32,36,10,11,0.6,0.7
2023-12-22T2300,3728A,104.68,28.8071,宜宾市,白酒学院,细颗粒物(PM2.5),113,109,98,85,75,33,,60,54,26,22,9,9,0.6,0.6
2023-12-22T2300,1840A,111.2992,30.6981,宜昌市,白龙岗,,,,85,63,55,,,52,,24,31,5,11,0.9,0.8
2023-12-22T2300,1841A,111.3549,30.6465,宜昌市,伍家岗,细颗粒物(PM2.5),85,70,73,63,56,44,,64,59,31,25,6,7,0.6,0.6
2023-12-22T2300,1842A,111.2628,30.6961,宜昌市,点军区,细颗粒物(PM2.5),83,69,77,61,56,54,,58,57,31,30,10,9,0.6,0.6
2023-12-22T2300,1843A,111.3275,30.7819,宜昌市,夷陵区,细颗粒物(PM2.5),92,96,91,68,57,42,,61,55,38,29,12,10,0.8,0.8
2023-12-22T2300,3546A,111.4606,30.552,宜昌市,猇亭区张家湾站,细颗粒物(PM2.5),63,64,67,45,39,61,,71,68,27,27,6,7,0.6,0.6
2023-12-22T2300,3653A,111.3119,30.7273,宜昌市,云深路,细颗粒物(PM2.5),94,83,86,70,65,51,,60,58,31,30,7,6,0.9,0.8
2023-12-22T2300,2371A,114.3408,27.8064,宜春市,槟榔水业,,,,,,,,,,,,,,,,
2023-12-22T2300,2373A,114.3956,27.7844,宜春市,市石油公司,细颗粒物(PM2.5),65,76,67,47,40,13,,66,40,37,26,3,5,0.6,0.4
2023-12-22T2300,2374A,114.3703,27.7914,宜春市,市气象局,颗粒物(PM10),66,81,65,43,39,36,,67,50,28,26,8,9,0.8,0.8
2023-12-22T2300,2375A,114.4013,27.8074,宜春市,市广电局,细颗粒物(PM2.5),62,71,68,44,40,17,,66,48,52,32,10,13,0,0.7
2023-12-22T2300,3151A,114.375,27.8097,宜春市,宜春学院北校区,细颗粒物(PM2.5),63,71,65,45,38,9,,67,,58,28,2,6,0.9,0.8
2023-12-22T2300,3415A,114.4519,28.0828,宜春市,万载县环保局,颗粒物(PM10),61,72,74,41,48,6,,64,39,51,29,7,7,0.7,0.7
2023-12-22T2300,2467A,112.4067,28.6428,益阳市,甘溪港,细颗粒物(PM2.5),62,51,58,44,38,54,,76,66,32,31,5,5,0.3,0.3
2023-12-22T2300,2468A,112.3458,28.5808,益阳市,市环保局,细颗粒物(PM2.5),60,59,59,43,45,57,,83,74,27,25,5,5,0.6,0.5
2023-12-22T2300,2469A,112.3437,28.5531,益阳市,市特殊教育学校,细颗粒物(PM2.5),77,68,70,56,52,62,,82,76,24,24,4,4,0.4,0.4
2023-12-22T2300,2470A,112.3347,28.6047,益阳市,资阳区政务中心,细颗粒物(PM2.5),84,80,67,62,49,36,,81,64,40,27,2,3,0.6,0.4
2023-12-22T2300,2471A,112.3744,28.5819,益阳市,赫山环保分局,细颗粒物(PM2.5),64,53,67,46,37,37,,78,59,42,27,4,5,0.5,0.6
2023-12-22T2300,1484A,105.9512,38.6016,银川市,贺兰山马莲口,颗粒物(PM10),52,53,81,33,76,54,,78,76,20,19,16,14,0.7,0.9
2023-12-22T2300,1488A,106.2328,38.4975,银川市,贺兰山东路,细颗粒物(PM2.5),109,135,145,82,92,27,,47,44,50,48,12,10,1.1,1.4
2023-12-22T2300,1489A,106.1358,38.5036,银川市,学院路,细颗粒物(PM2.5),114,128,152,86,91,18,,42,37,55,50,15,15,1.4,1.6
2023-12-22T2300,2924A,106.2266,38.4418,银川市,水乡路,细颗粒物(PM2.5),65,78,105,47,58,22,,52,47,68,52,14,12,0.9,1
2023-12-22T2300,2925A,106.2757,38.4842,银川市,上海东路,细颗粒物(PM2.5),104,128,120,78,84,23,,47,42,51,49,8,8,0.9,1
2023-12-22T2300,2926A,106.1015,38.497,银川市,文昌北街,细颗粒物(PM2.5),99,128,141,74,85,32,,53,49,43,45,16,16,1.1,1.3
2023-12-22T2300,3523A,106.5105,38.3856,银川市,滨河新区,细颗粒物(PM2.5),102,96,78,76,49,6,,52,41,48,35,9,17,1.1,0.9
2023-12-22T2300,2357A,116.9822,28.1136,鹰潭市,龙虎山,,,,,,,,,,,,,,,,
2023-12-22T2300,2358A,117.0564,28.2642,鹰潭市,新监测站,,42,41,35,29,24,55,,72,66,14,13,8,10,0.2,0.3
2023-12-22T2300,2359A,117.0311,28.2475,鹰潭市,财苑宾馆,细颗粒物(PM2.5),53,42,35,37,25,59,,79,73,15,13,8,10,0.2,0.3
2023-12-22T2300,2360A,117.0222,28.2264,鹰潭市,体育馆,,46,41,35,32,25,51,,74,68,21,14,6,9,0.5,0.5
2023-12-22T2300,2361A,117.0017,28.2131,鹰潭市,三川水表,细颗粒物(PM2.5),67,49,44,48,38,23,,69,42,41,24,8,10,0.6,0.4
2023-12-22T2300,1597A,122.2703,40.7094,营口市,大庆路,细颗粒物(PM2.5),104,91,67,78,49,12,,55,25,67,43,17,14,1.5,1.1
2023-12-22T2300,1598A,122.2150,40.6511,营口市,镜湖西路,,42,42,57,24,33,19,,50,27,58,48,12,12,0.9,1.1
2023-12-22T2300,1599A,122.1658,40.6789,营口市,西炮台,细颗粒物(PM2.5),52,47,53,36,30,8,,43,18,67,48,9,11,0.8,0.7
2023-12-22T2300,3379A,122.1139,40.2278,营口市,鲅鱼圈市民活动中心,细颗粒物(PM2.5),54,41,80,38,48,17,,62,40,62,41,12,20,0.8,0.9
2023-12-22T2300,3866A,122.2469,40.66302,营口市,三高中,,42,39,51,29,34,20,,52,27,54,44,15,16,0.8,1
2023-12-22T2300,4006A,122.3622,40.6762,营口市,老边实验小学,细颗粒物(PM2.5),94,107,130,70,76,5,,43,10,75,62,27,26,1.6,1.6
2023-12-22T2300,2477A,111.6217,26.2081,永州市,零陵南津渡,颗粒物(PM10),58,66,72,36,43,63,,90,82,22,16,8,9,0.4,0.5
2023-12-22T2300,2478A,111.6156,26.4214,永州市,市环境监测站,,45,45,60,28,38,77,,94,85,18,20,11,12,0.5,0.5
2023-12-22T2300,2479A,111.6236,26.2331,永州市,零陵区环保局,细颗粒物(PM2.5),52,49,65,36,43,60,,88,77,24,20,6,7,0.6,0.6
2023-12-22T2300,2480A,111.5992,26.4364,永州市,永州市环保局,,43,43,61,25,35,68,,89,80,13,16,8,9,0.5,0.6
2023-12-22T2300,2481A,111.5989,26.4519,永州市,冷水滩区环保局,,47,47,60,31,38,74,,88,81,16,16,10,12,0.4,0.5
2023-12-22T2300,2638A,109.7414,38.3344,榆林市,红石峡森林公园,细颗粒物(PM2.5),87,89,64,64,38,4,,36,17,67,51,9,8,0.3,0.2
2023-12-22T2300,2639A,109.7456,38.2911,榆林市,世纪广场,,45,45,72,30,35,4,,41,19,77,69,9,11,0.7,0.8
2023-12-22T2300,2640A,109.7289,38.2839,榆林市,实验中学,颗粒物(PM10),55,59,73,36,36,5,,44,22,65,60,11,13,1.0,1
2023-12-22T2300,2641A,109.7336,38.2478,榆林市,环保监测大楼,细颗粒物(PM2.5),55,55,64,39,33,6,,45,23,64,61,13,14,0.7,0.8
2023-12-22T2300,2509A,110.1106,22.7019,玉林市,寒山水库,颗粒物(PM10),54,58,55,24,28,68,,88,84,11,9,2,2,0.7,0.7
2023-12-22T2300,2510A,110.1675,22.6411,玉林市,市监测站,颗粒物(PM10),61,72,66,42,38,66,,87,77,18,10,3,1,0.4,0.4
2023-12-22T2300,2511A,110.1433,22.6164,玉林市,南江一中,颗粒物(PM10),63,76,67,40,37,70,,87,79,17,10,2,2,0.5,0.4
2023-12-22T2300,3532A,110.1945,22.6831,玉林市,玉林师范学院东校区,细颗粒物(PM2.5),52,48,45,36,34,70,,94,86,19,13,2,2,0.5,0.4
2023-12-22T2300,3533A,110.0527,22.5893,玉林市,福绵环保局,细颗粒物(PM2.5),58,50,46,41,37,70,,90,84,16,11,2,2,0.5,0.4
2023-12-22T2300,2675A,97,33.0014,玉树藏族自治州,玉树县结古镇,,19,7,18,3,9,58,,86,80,26,19,15,16,0.7,0.7
2023-12-22T2300,1715A,102.575,24.3711,玉溪市,东风水库,细颗粒物(PM2.5),65,53,31,47,35,58,,52,49,16,13,8,6,1.1,0.8
2023-12-22T2300,2882A,102.5389,24.3703,玉溪市,玉溪一中,细颗粒物(PM2.5),57,54,40,40,23,65,,48,43,15,17,10,7,0.9,0.8
2023-12-22T2300,2883A,102.5381,24.3389,玉溪市,文体中心,细颗粒物(PM2.5),53,54,40,37,21,63,,45,43,14,18,9,8,1.0,0.9
2023-12-22T2300,1847A,113.1094,29.3578,岳阳市,南湖风景区,颗粒物(PM10),51,52,43,32,30,37,,62,51,38,30,6,6,0.8,0.8
2023-12-22T2300,1848A,113.1493,29.4251,岳阳市,城陵矶,颗粒物(PM10),53,56,50,30,28,32,,55,46,37,29,11,14,0.6,0.7
2023-12-22T2300,1849A,113.1497,29.3575,岳阳市,开发区,颗粒物(PM10),61,72,58,39,33,34,,67,53,41,31,17,14,0.8,0.7
2023-12-22T2300,1850A,113.2621,29.4758,岳阳市,云溪区,颗粒物(PM10),52,53,43,29,24,37,,67,57,38,26,13,10,0.6,0.6
2023-12-22T2300,1851A,112.9943,29.4402,岳阳市,君山区,,46,46,41,28,26,41,,73,59,29,25,5,6,0.5,0.6
2023-12-22T2300,1852A,113.2117,29.355,岳阳市,金凤水库,细颗粒物(PM2.5),52,52,42,36,26,42,,82,68,63,32,7,6,0.5,0.5
2023-12-22T2300,1712A,112.0392,22.9169,云浮市,新市府,,48,33,40,33,31,40,,68,55,19,13,5,4,0.5,0.5
2023-12-22T2300,1714A,112.0539,22.9539,云浮市,牧羊,,45,45,48,31,29,63,,85,59,26,19,8,8,0.6,0.6
2023-12-22T2300,3628A,112.0336,22.9374,云浮市,文笔,细颗粒物(PM2.5),64,65,57,46,41,50,,76,61,28,16,8,7,0.6,0.7
2023-12-22T2300,2175A,110.9956,35.0147,运城市,运城中学,,43,40,35,30,25,56,,52,50,14,20,7,10,0.6,0.6
2023-12-22T2300,2178A,110.9686,35.0303,运城市,地区技校,颗粒物(PM10),54,57,46,35,24,11,,56,45,58,24,8,10,1.0,0.6
2023-12-22T2300,2179A,111.0414,35.1147,运城市,空港新区,细颗粒物(PM2.5),74,,36,54,38,12,,50,35,52,30,8,8,0.6,0.6
2023-12-22T2300,3667A,111.0283,35.0547,运城市,水利职院,细颗粒物(PM2.5),70,69,50,51,36,8,,57,43,60,26,9,11,0.7,0.6
2023-12-22T2300,3670A,111.0522,35.0439,运城市,禹都公园,细颗粒物(PM2.5),62,57,48,44,26,12,,58,49,57,25,10,13,0.5,0.6
2023-12-22T2300,1637A,117.558,34.8438,枣庄市,市中区政府,细颗粒物(PM2.5),92,100,74,68,42,38,,68,49,47,35,13,12,0.9,0.8
2023-12-22T2300,1638A,117.2852,34.7837,枣庄市,薛城环保局,细颗粒物(PM2.5),100,115,74,75,47,26,,72,46,61,46,10,11,1.2,0.9
2023-12-22T2300,1639A,117.5852,34.7745,枣庄市,峄城区政府,细颗粒物(PM2.5),104,114,75,78,43,26,,69,42,53,36,14,14,0.8,0.7
2023-12-22T2300,1640A,117.7276,34.5578,枣庄市,台儿庄区环保局,细颗粒物(PM2.5),79,83,54,58,35,26,,73,44,52,36,9,10,0.9,0.8
2023-12-22T2300,1641A,117.4518,35.0992,枣庄市,山亭区环保局,细颗粒物(PM2.5),77,70,62,56,44,43,,67,47,42,40,7,10,0.9,0.9
2023-12-22T2300,3364A,117.3152,34.8103,枣庄市,市环保局,细颗粒物(PM2.5),77,81,61,56,36,46,,66,56,39,35,8,9,0.8,0.8
2023-12-22T2300,1680A,110.3539,21.2706,湛江市,湛江影剧院,"颗粒物(PM10),细颗粒物(PM2.5)",65,80,56,47,30,70,,78,74,18,12,29,17,0.6,0.5
2023-12-22T2300,1681A,110.3928,21.2228,湛江市,市环境监测站,细颗粒物(PM2.5),69,62,43,50,33,68,,72,70,18,14,8,6,0.8,0.7
2023-12-22T2300,1682A,110.4019,21.1997,湛江市,环保局宿舍,细颗粒物(PM2.5),75,79,52,55,37,65,,69,67,17,15,10,8,0.7,0.6
2023-12-22T2300,1683A,110.4111,21.2028,湛江市,霞山游泳场,细颗粒物(PM2.5),62,68,48,44,30,76,,80,78,11,11,12,9,0.5,0.5
2023-12-22T2300,1684A,110.3316,21.2679,湛江市,麻章区环保局,细颗粒物(PM2.5),69,75,55,50,35,68,,72,66,20,16,14,11,0.7,0.6
2023-12-22T2300,1685A,110.4558,21.2567,湛江市,坡头区环保局,细颗粒物(PM2.5),69,62,44,50,34,67,,76,74,13,10,9,7,0.7,0.6
2023-12-22T2300,1858A,110.5319,29.1217,张家界市,永定新区,细颗粒物(PM2.5),94,88,96,70,71,75,,88,81,21,24,3,2,0.7,0.7
2023-12-22T2300,1859A,110.4697,29.1242,张家界市,电业局,细颗粒物(PM2.5),83,88,87,61,57,76,,91,87,24,22,4,3,0.5,0.6
2023-12-22T2300,1860A,110.5594,29.3547,张家界市,未央路,细颗粒物(PM2.5),89,96,88,66,57,57,,74,63,13,14,4,3,0.5,0.5
2023-12-22T2300,1861A,110.4417,29.315,张家界市,袁家界,细颗粒物(PM2.5),63,70,68,45,42,70,,78,76,13,12,7,8,0.8,0.8
2023-12-22T2300,1057A,114.8883,40.8336,张家口市,人民公园,,50,45,33,35,18,33,,62,35,33,20,14,9,0.8,0.6
2023-12-22T2300,1059A,114.8687,40.8042,张家口市,五金库,,38,38,34,22,15,48,,75,39,27,21,4,4,0.6,0.6
2023-12-22T2300,1060A,114.8902,40.762,张家口市,世纪豪园,,45,45,36,28,18,38,,69,33,32,22,7,5,0.8,0.6
2023-12-22T2300,1061A,114.8916,40.8661,张家口市,北泵房,,46,46,33,14,6,40,,69,40,24,16,11,10,0.6,0.5
2023-12-22T2300,3131A,114.879,40.7993,张家口市,烟厂,,49,38,33,34,15,41,,68,39,29,19,5,4,0.6,0.4
2023-12-22T2300,3323A,115.2773,40.9724,张家口市,青少年活动中心,,18,,15,12,15,38,,74,58,26,12,5,3,0.7,0.6
2023-12-22T2300,2654A,100.4698,38.9524,张掖市,润泉湖,颗粒物(PM10),56,61,91,32,41,34,,52,49,38,36,5,7,0.4,0.5
2023-12-22T2300,2655A,100.4154,38.9422,张掖市,区工会,颗粒物(PM10),54,58,86,21,38,44,,57,53,34,37,6,5,0.5,0.7
2023-12-22T2300,2075A,117.6336,24.4674,漳州市,九湖,,,,,,,,,,,,,,,,
2023-12-22T2300,2920A,117.7116,24.506,漳州市,蓝田镇,,50,50,56,21,31,55,,74,57,19,20,6,6,0.5,0.5
2023-12-22T2300,3216A,114.6622,24.5183,漳州市,漳州党校,,34,34,50,19,29,56,,77,61,28,22,5,6,0.2,0.4
2023-12-22T2300,3530A,117.6296,24.5314,漳州市,西洋坪路,,40,40,47,19,28,52,,78,61,22,18,6,7,0.4,0.5
2023-12-22T2300,2596A,103.7667,27.3736,昭通市,监测站,,33,27,29,23,26,53,,67,53,15,13,4,4,0.6,0.6
2023-12-22T2300,2597A,103.7225,27.3361,昭通市,环保局,,36,,26,25,29,53,,63,49,14,16,3,6,0.7,0.8
2023-12-22T2300,1397A,112.4267,23.0706,肇庆市,睦岗子站,,41,41,54,26,33,83,,86,80,19,20,7,8,0.4,0.4
2023-12-22T2300,1398A,112.4645,23.0475,肇庆市,城中子站,,47,47,54,28,32,87,,94,90,21,19,7,8,0.3,0.4
2023-12-22T2300,1399A,112.5544,23.1522,肇庆市,坑口子站,,43,43,53,27,34,82,,86,83,19,21,7,8,0.1,0.1
2023-12-22T2300,1400A,112.4753,23.1,肇庆市,七星岩子站,,,,,,,,,,,,,,,,
2023-12-22T2300,3313A,112.4575,23.0166,肇庆市,高要湖西,,50,50,56,29,35,84,,87,85,17,17,8,8,0.4,0.6
2023-12-22T2300,3451A,112.5617,23.2083,肇庆市,鼎湖凤凰,细颗粒物(PM2.5),52,45,50,36,35,90,,94,90,14,15,11,12,0.4,0.3
2023-12-22T2300,1203A,119.6707,32.1875,镇江市,新区办事处,,39,39,38,18,19,22,,60,35,54,31,9,10,0.5,0.5
2023-12-22T2300,1204A,119.4974,32.1968,镇江市,职教中心,,34,34,34,19,19,40,,71,49,34,24,4,4,0.4,0.3
2023-12-22T2300,1205A,119.4303,32.1328,镇江市,丹徒区监测站,,37,37,37,22,21,25,,60,37,47,28,3,5,0.4,0.4
2023-12-22T2300,2870A,119.4424,32.1873,镇江市,市疾控中心,,35,35,37,21,22,26,,61,39,33,28,2,4,0.5,0.5
2023-12-22T2300,3287A,119.3842,32.1976,镇江市,富润路1号,,43,43,36,21,22,39,,63,45,26,22,3,4,0.6,0.5
2023-12-22T2300,1316A,113.69031,34.76122,郑州市,烟厂,细颗粒物(PM2.5),64,64,48,46,23,23,,52,36,49,28,8,10,0.7,0.6
2023-12-22T2300,1317A,113.65724,34.77134,郑州市,郑纺机,颗粒物(PM10),58,65,42,34,21,17,,50,28,58,36,7,8,0.6,0.8
2023-12-22T2300,1318A,113.67526,34.80246,郑州市,银行学校,细颗粒物(PM2.5),58,57,35,41,27,19,,55,34,56,30,7,9,0.6,0.7
2023-12-22T2300,1319A,113.56746,34.81334,郑州市,供水公司,颗粒物(PM10),63,75,40,41,23,23,,53,39,52,29,9,15,0.9,0.9
2023-12-22T2300,1320A,113.7329,34.7178,郑州市,经开区管委,细颗粒物(PM2.5),98,77,40,73,22,20,,48,34,46,29,9,11,0.7,0.6
2023-12-22T2300,1321A,113.73961,34.77172,郑州市,四十七中,颗粒物(PM10),60,70,44,34,21,24,,48,33,54,35,10,13,0.8,0.8
2023-12-22T2300,1322A,113.60532,34.74838,郑州市,市监测站,,,,,,,,,,,,,,,,
2023-12-22T2300,1323A,113.64164,34.7525,郑州市,河医大,颗粒物(PM10),56,62,43,35,23,25,,47,35,44,29,11,10,0.6,0.6
2023-12-22T2300,1324A,113.51488,34.91089,郑州市,岗李水库,,,,,,,,,,,,,,,,
2023-12-22T2300,3471A,113.616563,34.86783,郑州市,惠济区政府,细颗粒物(PM2.5),64,71,51,46,26,19,,50,26,47,34,5,6,0.8,0.8
2023-12-22T2300,3590A,113.8374,34.5589,郑州市,北区建设指挥部,颗粒物(PM10),67,84,48,44,22,16,,57,42,46,33,11,12,1.0,0.8
2023-12-22T2300,3591A,113.30952,34.803229,郑州市,上街区政府,,49,49,42,30,20,50,,54,42,27,31,8,10,0.8,0.8
2023-12-22T2300,1379A,113.3769,22.5211,中山市,华柏园,细颗粒物(PM2.5),60,54,57,43,37,43,,67,55,44,29,4,5,0.5,0.5
2023-12-22T2300,1380A,113.3881,22.5497,中山市,张溪,颗粒物(PM10),54,57,65,35,34,50,,67,58,38,28,6,6,0.4,0.4
2023-12-22T2300,1381A,113.4075,22.5111,中山市,紫马岭,细颗粒物(PM2.5),55,50,54,39,37,52,,65,55,36,30,6,6,0.6,0.6
2023-12-22T2300,1382A,113.4411,22.4853,中山市,长江旅游区,,,,,,,,,,,,,,,,
2023-12-22T2300,3454A,113.3528,22.478,中山市,中山南区,"颗粒物(PM10),细颗粒物(PM2.5)",52,53,60,36,32,42,,64,53,41,26,6,6,0.6,0.5
2023-12-22T2300,2680A,105.0025,37.4635,中卫市,沙坡头消防站,,,,,,,,,,,,,,,,
2023-12-22T2300,2682A,105.1971,37.5002,中卫市,环保局站,颗粒物(PM10),248,383,165,36,43,84,,77,77,9,30,4,10,0.2,0.4
2023-12-22T2300,3650A,105.1698,37.5162,中卫市,沙坡头区政府站,颗粒物(PM10),375,480,191,34,46,85,,80,80,6,24,6,10,0.2,0.3
2023-12-22T2300,1414A,106.3787,29.8279,重庆市,缙云山,细颗粒物(PM2.5),67,80,56,48,40,37,,46,46,22,26,12,9,0.7,0.6
2023-12-22T2300,1416A,106.4213,29.8253,重庆市,天生,细颗粒物(PM2.5),73,75,66,53,50,8,,32,18,46,36,7,7,0.6,0.6
2023-12-22T2300,1417A,106.6263,29.7228,重庆市,两路,细颗粒物(PM2.5),73,69,69,53,49,11,,30,20,37,37,6,8,0.9,1
2023-12-22T2300,1418A,106.2953,29.5983,重庆市,虎溪,细颗粒物(PM2.5),77,83,73,56,57,5,,20,9,51,42,5,5,0.9,0.9
2023-12-22T2300,1419A,106.5777,29.5102,重庆市,南坪,细颗粒物(PM2.5),64,72,65,46,45,13,,34,28,52,46,8,9,0.7,1
2023-12-22T2300,1420A,106.6556,29.6277,重庆市,唐家沱,细颗粒物(PM2.5),75,83,65,55,44,4,,35,22,47,31,6,7,0.5,0.6
2023-12-22T2300,1421A,106.6349,29.4906,重庆市,茶园,"颗粒物(PM10),细颗粒物(PM2.5)",74,98,80,54,49,10,,29,22,50,41,6,7,0.8,0.9
2023-12-22T2300,1422A,106.3754,29.4572,重庆市,白市驿,细颗粒物(PM2.5),70,76,87,51,50,9,,25,17,54,47,8,9,0.7,0.7
2023-12-22T2300,1425A,106.6205,29.7166,重庆市,空港,细颗粒物(PM2.5),69,57,64,50,50,13,,38,28,46,41,7,9,0.8,0.8
2023-12-22T2300,1426A,106.4782,29.4875,重庆市,新山村,细颗粒物(PM2.5),79,74,82,58,56,12,,28,21,53,45,5,8,0.9,1.2
2023-12-22T2300,1427A,106.5616,29.6453,重庆市,礼嘉,颗粒物(PM10),70,90,71,48,42,7,,40,29,63,50,7,8,0.6,0.6
2023-12-22T2300,1428A,106.4522,29.7091,重庆市,蔡家,细颗粒物(PM2.5),78,75,77,57,50,5,,27,19,48,37,4,5,0.7,0.7
2023-12-22T2300,1429A,106.5093,29.3917,重庆市,鱼新街,细颗粒物(PM2.5),72,67,71,52,55,9,,25,21,56,45,7,8,0.8,0.9
2023-12-22T2300,3014A,106.4958,29.5346,重庆市,歇台子,细颗粒物(PM2.5),73,74,75,53,52,13,,34,27,53,44,7,11,1.0,1.1
2023-12-22T2300,3015A,106.4037,29.5728,重庆市,龙井湾,细颗粒物(PM2.5),74,,59,54,57,10,,35,30,44,35,8,10,1.0,1
2023-12-22T2300,3016A,106.5507,29.4153,重庆市,龙洲湾,细颗粒物(PM2.5),73,74,71,53,50,13,,26,24,40,36,8,7,0.8,0.8
2023-12-22T2300,3133A,106.5468,29.5654,重庆市,上清寺,细颗粒物(PM2.5),70,73,65,51,49,6,,32,26,58,40,6,7,0.9,0.9
2023-12-22T2300,3346A,108.3872,31.1628,重庆市,安康,细颗粒物(PM2.5),72,65,65,52,50,14,,38,23,30,26,11,13,0.7,0.7
2023-12-22T2300,3347A,105.9017,29.3569,重庆市,北山路,细颗粒物(PM2.5),82,73,75,60,54,6,,25,20,48,37,4,5,0.8,0.7
2023-12-22T2300,3348A,105.839,30.1946,重庆市,春阳街,细颗粒物(PM2.5),112,90,93,84,81,25,,29,28,28,26,8,13,0.9,1
2023-12-22T2300,3349A,107.7983,30.6758,重庆市,人民东路,细颗粒物(PM2.5),88,81,63,65,47,11,,58,40,48,25,8,8,0.8,0.7
2023-12-22T2300,3350A,106.6479,29.0244,重庆市,滩子口,细颗粒物(PM2.5),98,79,78,73,57,10,,42,22,40,30,7,11,0.9,0.7
2023-12-22T2300,3351A,105.7167,29.7076,重庆市,棠香,细颗粒物(PM2.5),88,79,91,65,75,51,,38,38,18,27,7,7,0.4,0.5
2023-12-22T2300,3352A,107.0732,29.8617,重庆市,桃源西路,,,73,68,61,54,,,34,33,32,26,3,3,0.7,0.7
2023-12-22T2300,3353A,107.3535,29.7287,重庆市,迎宾大道,细颗粒物(PM2.5),62,49,47,44,44,37,,60,56,32,22,14,13,0.5,0.5
2023-12-22T2300,3354A,108.815,29.5081,重庆市,舟白,细颗粒物(PM2.5),89,80,80,66,73,57,,72,68,21,16,6,7,0.8,0.8
2023-12-22T2300,3355A,108.3679,30.8426,重庆市,周家坝,细颗粒物(PM2.5),82,,54,60,40,14,,49,38,58,34,7,9,0.7,0.6
2023-12-22T2300,3356A,108.4319,30.7555,重庆市,百安坝,细颗粒物(PM2.5),97,,49,72,41,39,,51,46,30,21,11,12,0.5,0.3
2023-12-22T2300,3482A,107.7541,29.3277,重庆市,芙蓉中路,细颗粒物(PM2.5),84,87,73,62,59,15,,60,35,29,21,16,14,0.8,0.8
2023-12-22T2300,3483A,108.7661,29.5368,重庆市,西山,细颗粒物(PM2.5),87,65,76,64,70,66,,78,76,17,18,6,6,0.7,0.7
2023-12-22T2300,3484A,106.2628,29.32,重庆市,行政中心,细颗粒物(PM2.5),74,67,73,54,57,5,,19,9,53,41,6,6,0.7,0.6
2023-12-22T2300,3485A,107.0944,29.1608,重庆市,高寺路,细颗粒物(PM2.5),75,72,48,55,36,43,,59,54,20,14,4,4,0.8,0.7
2023-12-22T2300,3599A,106.2649,29.9851,重庆市,书院路,细颗粒物(PM2.5),129,104,92,98,83,15,,24,21,41,32,8,8,0.8,0.8
2023-12-22T2300,3600A,106.2339,29.5559,重庆市,虎峰,细颗粒物(PM2.5),70,80,82,51,55,6,,19,14,55,44,6,6,0.8,0.9
2023-12-22T2300,3601A,106.0499,29.8342,重庆市,龙门街,细颗粒物(PM2.5),90,83,95,67,73,17,,16,16,33,41,10,10,0.7,0.6
2023-12-22T2300,3610A,105.5933,29.4105,重庆市,昌元,细颗粒物(PM2.5),107,93,113,80,86,12,,25,16,40,33,7,9,0.8,0.9
2023-12-22T2300,1258A,122.122,30.0203,舟山市,定海檀枫,,29,29,35,20,23,33,,58,44,34,25,6,7,0.5,0.3
2023-12-22T2300,1259A,122.3094,29.9558,舟山市,普陀东港,,34,34,39,22,22,59,,57,53,14,22,6,7,0.4,0.4
2023-12-22T2300,1260A,122.19,29.9944,舟山市,临城新区,,36,36,38,19,21,56,,55,50,14,20,6,7,0.4,0.4
2023-12-22T2300,2067A,114.6613,33.6128,周口市,市环境监测站,细颗粒物(PM2.5),67,71,71,48,45,37,,55,43,29,31,2,3,0.7,0.7
2023-12-22T2300,2068A,114.6758,33.6347,周口市,周口师范,细颗粒物(PM2.5),58,57,67,41,39,44,,54,45,23,28,4,5,0.4,0.5
2023-12-22T2300,2069A,114.6546,33.5979,周口市,市运管处,细颗粒物(PM2.5),68,71,75,49,46,34,,55,42,36,30,2,3,0.7,0.7
2023-12-22T2300,2070A,114.6369,33.6406,周口市,川汇区环保局,颗粒物(PM10),60,70,74,40,40,48,,52,,23,29,2,3,0.5,0.6
2023-12-22T2300,1515A,113.135,27.8244,株洲市,天台山庄,颗粒物(PM10),57,64,56,34,27,33,,75,60,52,26,9,8,0.7,0.5
2023-12-22T2300,1518A,113.095,27.8867,株洲市,株冶医院,颗粒物(PM10),57,63,54,32,31,35,,74,56,42,23,7,8,0.6,0.5
2023-12-22T2300,1519A,113.167,27.8667,株洲市,市四中,颗粒物(PM10),62,73,62,39,35,22,,77,57,59,26,8,3,0.5,0.4
2023-12-22T2300,1520A,113.143,27.8381,株洲市,火车站,颗粒物(PM10),56,62,57,36,31,44,,77,63,38,26,9,9,0.6,0.6
2023-12-22T2300,1524A,113.13,27.8528,株洲市,市监测站,颗粒物(PM10),57,63,57,38,37,32,,77,57,48,24,5,5,0.6,0.4
2023-12-22T2300,1559A,113.251,27.8336,株洲市,大京风景区,细颗粒物(PM2.5),55,56,54,39,33,31,,76,54,31,15,3,3,0.6,0.5
2023-12-22T2300,2031A,113.1817,27.9958,株洲市,云田中学,颗粒物(PM10),57,64,56,37,30,38,,76,57,36,21,8,6,0.4,0.4
2023-12-22T2300,1367A,113.5814,22.2618,珠海市,吉大,,,71,58,36,27,43,,71,57,,23,,4,0.9,0.9
2023-12-22T2300,1368A,113.4881,22.2335,珠海市,前山,颗粒物(PM10),67,84,70,35,27,29,,58,39,56,33,10,9,0.6,0.5
2023-12-22T2300,1369A,113.628,22.4251,珠海市,唐家,颗粒物(PM10),53,55,49,32,29,60,,67,64,26,21,6,6,0.5,0.5
2023-12-22T2300,1370A,113.299,22.2281,珠海市,斗门,细颗粒物(PM2.5),62,72,55,44,34,35,,62,48,50,29,13,12,0.7,0.6
2023-12-22T2300,3308A,113.3494,22.0569,珠海市,金湾,颗粒物(PM10),70,89,74,30,37,47,,66,51,35,24,11,10,0.4,0.6
2023-12-22T2300,3448A,113.5433,22.1163,珠海市,横琴,颗粒物(PM10),64,77,65,37,32,44,,69,60,45,28,7,7,0.4,0.3
2023-12-22T2300,2420A,114.0189,32.9656,驻马店市,市一纸厂,颗粒物(PM10),61,71,60,43,31,42,,69,52,27,30,5,6,0.5,0.5
2023-12-22T2300,2421A,114.0114,33.015,驻马店市,市彩印厂,颗粒物(PM10),58,65,59,33,30,50,,69,59,27,23,8,8,0.5,0.5
2023-12-22T2300,2422A,113.9976,32.9771,驻马店市,天方二分厂,细颗粒物(PM2.5),65,58,55,47,36,43,,68,56,29,26,8,8,0.5,0.5
2023-12-22T2300,3339A,114.0012,33.0412,驻马店市,小管楼,颗粒物(PM10),54,58,52,31,30,51,,69,58,29,26,5,5,0.4,0.4
2023-12-22T2300,2561A,104.6617,30.1372,资阳市,莲花山,细颗粒物(PM2.5),88,85,90,65,72,9,,47,44,45,31,2,2,0.9,0.9
2023-12-22T2300,2562A,104.6356,30.1506,资阳市,资阳中学,细颗粒物(PM2.5),93,104,97,69,70,4,,39,29,50,32,9,8,0.8,0.8
2023-12-22T2300,2563A,104.6295,30.1383,资阳市,四三一厂,细颗粒物(PM2.5),99,95,100,74,71,12,,37,28,44,32,6,8,0.8,0.9
2023-12-22T2300,2564A,104.6463,30.1146,资阳市,师范校,细颗粒物(PM2.5),98,92,110,73,77,20,,37,35,42,30,5,6,0.8,0.9
2023-12-22T2300,2565A,104.6296,30.1256,资阳市,区法院,细颗粒物(PM2.5),104,85,90,78,72,20,,39,36,43,34,5,6,0.7,0.8
2023-12-22T2300,1631A,118.0414,36.8103,淄博市,人民公园,细颗粒物(PM2.5),100,122,73,75,43,0,,51,14,88,59,26,20,1.1,0.8
2023-12-22T2300,1633A,117.8525,36.4847,淄博市,双山,细颗粒物(PM2.5),75,73,51,55,33,20,,56,28,46,37,10,10,0.9,0.8
2023-12-22T2300,1634A,117.9592,36.6331,淄博市,气象站,细颗粒物(PM2.5),85,89,68,63,44,9,,50,17,58,45,27,16,0.9,0.6
2023-12-22T2300,1635A,118.3092,36.8194,淄博市,莆田园,颗粒物(PM10),112,173,79,70,45,2,,50,15,66,49,39,16,3.2,1.1
2023-12-22T2300,3363A,117.9883,36.8372,淄博市,新区,细颗粒物(PM2.5),89,100,68,66,43,5,,52,16,74,50,29,14,1.3,0.9
2023-12-22T2300,3644A,117.8661,36.805,淄博市,三金集团,细颗粒物(PM2.5),110,114,86,83,53,1,,52,13,80,49,50,31,1.2,1.3
2023-12-22T2300,3645A,118.0253,36.8406,淄博市,东风化工厂,细颗粒物(PM2.5),104,120,77,78,47,5,,48,14,88,59,22,14,1.1,0.8
2023-12-22T2300,3027A,104.72,29.3427,自贡市,青杠林路,细颗粒物(PM2.5),103,93,108,77,88,18,,56,45,41,32,6,3,0.4,0.5
2023-12-22T2300,3028A,104.776,29.3627,自贡市,檀木林体育馆,细颗粒物(PM2.5),103,99,107,77,85,25,,50,41,32,31,7,6,0.3,0.4
2023-12-22T2300,3360A,104.7894,29.3194,自贡市,南湖救助站,细颗粒物(PM2.5),92,88,100,68,76,21,,49,37,37,28,5,12,0.3,0.4
2023-12-22T2300,3638A,104.7636,29.3338,自贡市,轻化工大学,细颗粒物(PM2.5),94,96,110,70,81,27,,52,41,33,34,5,4,0.4,0.5
2023-12-22T2300,1911A,106.9222,27.6869,遵义市,丁字口,细颗粒物(PM2.5),67,66,65,48,42,53,,67,61,25,19,13,11,0.6,0.6
2023-12-22T2300,1912A,106.9242,27.7019,遵义市,凤凰山,细颗粒物(PM2.5),69,68,61,50,47,70,,83,77,13,12,12,9,0.8,0.8
2023-12-22T2300,1913A,106.8906,27.6486,遵义市,忠庄,细颗粒物(PM2.5),67,63,71,48,48,68,,78,72,13,16,6,6,0.6,0.6
2023-12-22T2300,1914A,106.9231,27.6506,遵义市,舟水桥,,,,72,,49,,,68,,,11,,9,,0.4
2023-12-22T2300,1915A,106.9178,27.72,遵义市,干田坝,细颗粒物(PM2.5),74,60,59,54,45,60,,77,68,18,16,15,12,0.7,0.6
2023-12-22T2300,3536A,106.8547,27.5919,遵义市,第十二小学,细颗粒物(PM2.5),93,94,83,69,59,58,,81,71,20,16,11,12,0.6,0.6
