timepoint,stationcode,longitude,latitude,area,positionname,primarypollutant,aqi,pm10,pm10_24h,pm2_5,pm2_5_24h,o3,o3_24h,o3_8h,o3_8h_24h,no2,no2_24h,so2,so2_24h,co,co_24h
2023-05-05T22:00:00,1001A,116.3621,39.8784,北京市,万寿西宫,,28,28,25,8,11,70,46,67,64,21,12,3,3,0.4,0.5
2023-05-05T22:00:00,1002A,116.2202,40.2915,北京市,定陵,,25,13,18,5,7,79,79,70,70,3,6,3,3,0.2,0.3
2023-05-05T22:00:00,1003A,116.4174,39.9289,北京市,东四,,26,26,24,8,11,82,75,81,80,16,16,3,3,0.3,0.4
2023-05-05T22:00:00,1004A,116.4072,39.8863,北京市,天坛,,23,23,22,7,10,80,68,79,77,19,13,3,3,0.3,0.4
2023-05-05T22:00:00,1005A,116.462,39.9365,北京市,农展馆,,22,21,23,6,11,77,70,74,74,13,15,3,3,0.3,0.4
2023-05-05T22:00:00,1006A,116.3392,39.9295,北京市,官园,,22,22,23,8,11,69,38,66,59,21,15,1,1,0.3,0.4
2023-05-05T22:00:00,1007A,116.2878,39.9611,北京市,海淀万柳,,18,18,21,6,9,69,52,64,57,15,15,3,3,0.2,0.3
2023-05-05T22:00:00,1008A,116.6636,40.135,北京市,顺义新城,,36,36,32,6,13,86,86,80,80,8,13,3,3,0.2,0.3
2023-05-05T22:00:00,1009A,116.6275,40.3275,北京市,怀柔镇,,29,27,29,6,11,90,90,84,84,7,10,3,3,0.2,0.3
2023-05-05T22:00:00,1010A,116.2296,40.217,北京市,昌平镇,,21,15,20,6,10,72,67,65,62,4,9,3,3,0.1,0.2
2023-05-05T22:00:00,1011A,116.3966,39.9821,北京市,奥体中心,,30,30,22,8,10,69,53,68,64,24,24,3,3,0.2,0.3
2023-05-05T22:00:00,1012A,116.184,39.9136,北京市,古城,,20,19,21,6,8,77,62,66,61,7,11,3,3,0.3,0.4
2023-05-05T22:00:00,1015A,117.1444,39.1661,天津市,勤俭道,,34,34,18,10,10,103,44,94,80,36,14,7,7,0.4,0.4
2023-05-05T22:00:00,1017A,117.237,39.1082,天津市,大直沽八号路,,32,32,19,11,11,99,67,88,80,21,13,7,8,0.3,0.4
2023-05-05T22:00:00,1018A,117.202,39.0927,天津市,前进道,,34,34,20,12,9,103,65,93,86,27,15,4,4,0.1,0.2
2023-05-05T22:00:00,1019A,117.1837,39.2133,天津市,淮河道,,34,34,18,13,9,99,26,89,72,53,18,6,6,0.5,0.5
2023-05-05T22:00:00,1021A,117.307,39.0877,天津市,跃进路,,49,49,24,10,9,107,66,96,85,24,14,6,6,0.4,0.5
2023-05-05T22:00:00,1023A,117.707,39.0343,天津市,第四大街,,33,33,19,11,9,99,72,89,85,19,17,5,5,0.5,0.7
2023-05-05T22:00:00,1024A,117.457,38.8394,天津市,永明路,,34,34,20,13,13,104,68,92,87,27,17,7,6,0.7,0.8
2023-05-05T22:00:00,1026A,117.764,39.1587,天津市,汉北路,,37,37,23,8,8,107,82,97,93,14,12,7,7,0.4,0.7
2023-05-05T22:00:00,1027A,117.157,38.9194,天津市,团泊洼,,,26,15,9,8,110,77,98,93,22,17,3,2,,0.4
2023-05-05T22:00:00,1029A,114.4422,38.0444,石家庄市,职工医院,颗粒物(PM10),54,58,37,31,23,84,46,78,65,24,12,5,5,0.5,0.5
2023-05-05T22:00:00,1030A,114.6063,38.0266,石家庄市,高新区,,49,49,25,34,28,88,51,81,72,19,9,4,4,0.4,0.6
2023-05-05T22:00:00,1031A,114.4898,38.1328,石家庄市,西北水源,,48,48,27,30,17,87,54,81,68,24,16,4,4,0.5,0.5
2023-05-05T22:00:00,1032A,114.4586,38.0058,石家庄市,西南高教,,46,46,29,24,21,85,56,79,72,24,15,4,5,0.6,0.6
2023-05-05T22:00:00,1033A,114.5331,38.0178,石家庄市,世纪公园,,44,44,27,20,15,76,48,69,60,16,9,5,4,0.7,0.7
2023-05-05T22:00:00,1034A,114.509,38.0457,石家庄市,人民会堂,,50,50,27,19,16,90,49,81,71,29,15,6,6,0.6,0.6
2023-05-05T22:00:00,1035A,114.3524,37.8911,石家庄市,封龙山,,32,32,17,10,15,103,84,98,94,12,7,9,14,0.4,0.5
2023-05-05T22:00:00,1037A,118.131,39.6363,唐山市,雷达站,,30,30,30,7,10,102,84,96,93,7,9,2,2,0.2,0.3
2023-05-05T22:00:00,1038A,118.1725,39.6334,唐山市,物资局,,36,32,30,25,20,99,82,90,86,1,6,2,3,0.2,0.3
2023-05-05T22:00:00,1040A,118.1705,39.6506,唐山市,十二中,,29,21,23,20,15,96,78,88,85,5,8,1,2,0.2,0.3
2023-05-05T22:00:00,1041A,118.1869,39.622,唐山市,小山,,35,35,32,7,6,105,86,97,93,9,15,3,2,0.2,0.3
2023-05-05T22:00:00,1042A,119.5134,39.8207,秦皇岛市,北戴河环保局,,23,23,28,8,7,85,71,82,81,4,4,2,2,0.1,0.2
2023-05-05T22:00:00,1043A,119.7493,40.0116,秦皇岛市,第一关,,,52,24,17,13,96,71,92,90,11,9,,3,,0.2
2023-05-05T22:00:00,1044A,119.5897,39.9499,秦皇岛市,监测站,,33,33,28,16,12,99,79,94,92,4,2,3,2,0.2,0.2
2023-05-05T22:00:00,1046A,119.5251,39.9041,秦皇岛市,建设大厦,,35,35,23,6,7,103,80,97,94,3,4,4,4,0.1,0.2
2023-05-05T22:00:00,1048A,114.5302,36.6116,邯郸市,东污水处理厂,,45,45,27,14,12,92,72,86,78,12,12,1,1,0.4,0.4
2023-05-05T22:00:00,1049A,114.4918,36.5713,邯郸市,矿院,,37,37,22,22,16,96,78,90,84,9,9,2,2,0.4,0.4
2023-05-05T22:00:00,1050A,114.484,36.6133,邯郸市,丛台公园,,39,39,26,20,15,96,74,88,81,10,10,6,6,0.4,0.4
2023-05-05T22:00:00,1051A,115.493,38.8632,保定市,游泳馆,,43,43,31,13,11,98,59,89,80,22,12,5,7,0.1,0.1
2023-05-05T22:00:00,1052A,115.5213,38.8959,保定市,华电二区,,36,36,24,11,13,90,54,83,72,18,9,6,5,0.2,0.3
2023-05-05T22:00:00,1053A,115.4713,38.9108,保定市,接待中心,,41,41,31,16,12,90,43,84,68,24,6,6,6,0.3,0.4
2023-05-05T22:00:00,1054A,115.4612,38.8416,保定市,地表水厂,,40,40,36,24,15,90,54,83,74,23,10,9,8,0.4,0.3
2023-05-05T22:00:00,1056A,115.5086,38.8639,保定市,监测站,,42,42,34,18,16,98,53,89,78,26,11,8,6,0.2,0.4
2023-05-05T22:00:00,1057A,114.8883,40.8336,张家口市,人民公园,,,12,30,,8,76,76,69,69,4,7,2,3,0.3,0.3
2023-05-05T22:00:00,1059A,114.8687,40.8042,张家口市,五金库,,25,25,33,2,15,71,71,71,64,9,12,1,2,0.2,0.2
2023-05-05T22:00:00,1060A,114.8902,40.762,张家口市,世纪豪园,,23,10,33,6,18,74,71,68,64,6,9,2,2,0.2,0.2
2023-05-05T22:00:00,1061A,114.8916,40.8661,张家口市,北泵房,,26,16,34,12,17,81,81,73,73,5,8,7,8,0.4,0.5
2023-05-05T22:00:00,1062A,117.9531,40.9081,承德市,铁路,,28,8,29,17,19,98,88,92,92,4,6,7,8,0.1,0.2
2023-05-05T22:00:00,1063A,117.9392,40.9763,承德市,中国银行,,28,20,32,3,11,100,87,95,94,6,6,7,7,0.0,0.1
2023-05-05T22:00:00,1064A,117.9503,40.928,承德市,开发区,,29,21,34,13,16,102,92,98,97,7,9,5,6,0.2,0.2
2023-05-05T22:00:00,1065A,117.8051,40.9655,承德市,文化中心,,27,14,28,10,15,97,86,92,91,7,7,5,6,0.2,0.2
2023-05-05T22:00:00,1066A,117.9268,41.0026,承德市,离宫,,28,9,21,13,16,102,89,97,96,4,5,4,4,0.2,0.2
2023-05-05T22:00:00,1067A,116.6708,39.5111,廊坊市,药材公司,,36,36,33,3,15,89,70,83,81,23,21,1,2,0.3,0.4
2023-05-05T22:00:00,1068A,116.7214,39.5589,廊坊市,开发区,,38,38,33,19,20,88,73,82,80,23,26,4,5,0.3,0.4
2023-05-05T22:00:00,1070A,116.7244,39.5269,廊坊市,北华航天学院,,31,31,40,13,20,84,68,78,76,24,24,4,4,0.2,0.4
2023-05-05T22:00:00,1071A,116.8842,38.2991,沧州市,沧县城建局,,44,44,22,20,12,103,58,92,87,36,20,3,2,0.4,0.4
2023-05-05T22:00:00,1072A,116.8584,38.3254,沧州市,电视转播站,,48,48,31,14,11,101,57,89,84,27,17,4,7,0.2,0.3
2023-05-05T22:00:00,1073A,116.8709,38.3228,沧州市,市环保局,,48,48,30,25,18,113,57,98,92,40,24,4,5,0.2,0.2
2023-05-05T22:00:00,1074A,115.6838,37.7541,衡水市,电机北厂,,36,36,21,12,16,91,53,85,76,30,13,2,2,0.4,0.4
2023-05-05T22:00:00,1075A,115.6303,37.7316,衡水市,市监测站,细颗粒物(PM2.5),53,40,32,37,24,97,56,92,83,38,13,6,5,0.5,0.5
2023-05-05T22:00:00,1077A,114.4704,37.0886,邢台市,达活泉,,26,26,13,18,12,92,55,84,74,10,5,4,7,0.6,0.5
2023-05-05T22:00:00,1078A,114.5062,37.0349,邢台市,邢师高专,,27,27,21,16,10,91,64,85,76,12,7,2,2,0.5,0.5
2023-05-05T22:00:00,1079A,114.5237,37.0851,邢台市,路桥公司,,27,27,23,13,13,88,60,81,74,10,8,2,3,0.5,0.5
2023-05-05T22:00:00,1080A,114.4725,37.0719,邢台市,市环保局,,42,26,17,29,19,97,68,90,81,5,3,5,5,0.4,0.4
2023-05-05T22:00:00,1081A,112.522,37.8873,太原市,尖草坪,,27,27,56,18,36,63,12,60,34,47,32,5,4,1.3,0.8
2023-05-05T22:00:00,1083A,112.434,38.0108,太原市,上兰,,19,18,46,13,27,52,30,41,40,20,19,6,6,0.8,0.9
2023-05-05T22:00:00,1084A,112.469,37.7124,太原市,晋源,,32,32,48,20,31,70,19,37,28,38,37,6,8,1.0,0.8
2023-05-05T22:00:00,1085A,112.5583,37.7394,太原市,小店,颗粒物(PM10),57,64,56,36,32,72,24,56,53,43,40,2,4,0.6,0.6
2023-05-05T22:00:00,1086A,112.5369,37.8692,太原市,桃园,,23,23,53,16,33,47,42,43,40,22,37,2,4,0.6,0.6
2023-05-05T22:00:00,1087A,112.57,37.8195,太原市,坞城,,35,35,52,24,34,61,26,44,37,33,40,3,4,0.6,0.6
2023-05-05T22:00:00,1088A,112.549,37.9854,太原市,南寨,,20,20,46,14,36,47,16,43,39,26,38,3,4,0.5,0.7
2023-05-05T22:00:00,1090A,111.6507,40.7517,呼和浩特市,呼市一监,,25,9,12,8,7,95,78,86,81,10,8,6,5,0.4,0.5
2023-05-05T22:00:00,1091A,111.6572,40.8033,呼和浩特市,小召,,23,12,16,10,8,93,71,84,78,15,12,7,7,0.4,0.3
2023-05-05T22:00:00,1094A,111.7516,40.8369,呼和浩特市,如意水处理厂,,,17,10,8,5,94,65,88,78,16,7,6,6,,0.3
2023-05-05T22:00:00,1095A,111.7276,40.8062,呼和浩特市,二十九中,,24,20,14,9,6,96,74,91,83,13,10,6,6,0.5,0.5
2023-05-05T22:00:00,1096A,111.5512,40.7866,呼和浩特市,工大金川校区,,24,11,17,6,6,100,74,90,77,14,10,4,4,0.4,0.4
2023-05-05T22:00:00,1097A,111.717,40.7612,呼和浩特市,化肥厂生活区,,25,16,12,6,4,96,78,91,84,8,7,6,6,0.3,0.3
2023-05-05T22:00:00,1098A,123.6836,41.9339,沈阳市,森林路,,,,,,,,,,,,,,,,
2023-05-05T22:00:00,1099A,123.505,41.7406,沈阳市,浑南东路,,35,35,43,18,22,119,86,106,104,17,21,10,12,0.4,0.6
2023-05-05T22:00:00,1100A,123.4231,41.6989,沈阳市,新秀街,,39,39,43,9,21,114,79,98,96,16,19,5,7,0.4,0.6
2023-05-05T22:00:00,1102A,123.5903,41.8411,沈阳市,东陵路,,36,36,43,10,22,102,72,91,89,15,19,7,8,0.4,0.5
2023-05-05T22:00:00,1103A,123.4264,41.8467,沈阳市,陵东街,,39,39,47,7,21,105,82,92,92,16,22,6,7,0.4,0.6
2023-05-05T22:00:00,1104A,123.4114,41.7653,沈阳市,文化路,,47,47,50,7,25,110,84,95,94,14,20,6,7,0.4,0.5
2023-05-05T22:00:00,1105A,123.4678,41.7867,沈阳市,小河沿,,27,27,43,6,24,101,76,90,89,20,24,8,9,0.4,0.6
2023-05-05T22:00:00,1106A,123.4017,41.7972,沈阳市,太原街,,37,37,46,9,23,104,80,88,87,17,25,8,10,0.4,0.5
2023-05-05T22:00:00,1108A,123.3783,41.9228,沈阳市,京沈街,颗粒物(PM10),53,55,53,10,25,102,84,92,91,13,19,7,8,0.4,0.5
2023-05-05T22:00:00,1109A,121.612,38.9741,大连市,甘井子,,50,50,28,9,17,107,86,102,99,17,17,4,4,0.3,0.5
2023-05-05T22:00:00,1110A,121.565,38.9511,大连市,周水子,,45,45,22,10,15,116,86,113,98,19,19,6,6,0.4,0.6
2023-05-05T22:00:00,1111A,121.5637,38.8845,大连市,星海三站,颗粒物(PM10),51,52,34,9,14,115,83,108,93,17,14,6,5,0.5,0.6
2023-05-05T22:00:00,1112A,121.6302,38.9117,大连市,青泥洼桥,,44,44,24,10,14,120,85,116,95,16,15,6,5,0.5,0.7
2023-05-05T22:00:00,1113A,121.6251,38.8638,大连市,傅家庄,,37,37,17,10,14,121,90,113,100,16,12,9,7,0.6,0.7
2023-05-05T22:00:00,1114A,121.5213,38.8661,大连市,七贤岭,,,44,19,11,14,126,97,117,111,10,10,,5,0.3,0.3
2023-05-05T22:00:00,1115A,121.2529,38.8061,大连市,旅顺,颗粒物(PM10),51,51,16,14,13,116,89,109,107,7,8,6,6,0.4,0.4
2023-05-05T22:00:00,1116A,121.7485,39.1311,大连市,金州,,29,29,22,9,16,114,85,105,102,18,11,7,6,0.5,0.5
2023-05-05T22:00:00,1117A,121.7811,39.0496,大连市,开发区,,37,37,25,12,14,108,82,104,94,20,14,5,4,0.5,0.5
2023-05-05T22:00:00,1118A,121.9762,39.0631,大连市,双D港,颗粒物(PM10),58,65,27,11,17,110,91,105,100,16,11,10,6,0.7,0.7
2023-05-05T22:00:00,1119A,125.3325,43.9166,长春市,食品厂,,33,33,53,18,14,104,70,93,85,24,18,8,8,0.3,0.3
2023-05-05T22:00:00,1120A,125.2863,43.9027,长春市,客车厂,,29,29,52,9,14,106,72,93,90,22,22,5,5,0.3,0.3
2023-05-05T22:00:00,1121A,125.2841,43.8463,长春市,邮电学院,,30,30,42,14,22,102,73,90,88,19,16,6,6,0.3,0.3
2023-05-05T22:00:00,1122A,125.3716,43.8772,长春市,劳动公园,,29,29,48,11,12,106,76,96,94,21,21,8,6,0.3,0.3
2023-05-05T22:00:00,1123A,125.3297,43.8805,长春市,园林处,,31,31,39,12,11,102,75,90,89,18,18,3,3,0.3,0.4
2023-05-05T22:00:00,1124A,125.4605,43.79,长春市,净月潭,,26,26,33,12,8,105,76,98,95,10,10,4,4,0.3,0.3
2023-05-05T22:00:00,1125A,125.7194,43.515,长春市,甩湾子,,31,23,24,8,11,114,97,107,106,5,8,4,5,0.3,0.6
2023-05-05T22:00:00,1126A,125.3863,43.8447,长春市,经开区环卫处,,36,36,43,11,13,105,67,93,89,24,17,7,7,0.3,0.4
2023-05-05T22:00:00,1127A,125.245,43.7783,长春市,高新区管委会,,31,31,45,10,13,103,74,91,88,28,24,3,4,0.4,0.3
2023-05-05T22:00:00,1128A,125.1761,43.8325,长春市,岱山公园,,38,38,51,14,16,96,56,83,76,29,25,5,5,0.9,0.6
2023-05-05T22:00:00,1129A,126.5422,45.755,哈尔滨市,岭北,,29,29,15,11,6,107,80,103,98,12,9,8,10,0.6,0.2
2023-05-05T22:00:00,1130A,126.561,45.8167,哈尔滨市,松北商大,,25,25,22,12,8,103,68,98,89,22,14,5,5,0.4,0.4
2023-05-05T22:00:00,1131A,126.979,45.5419,哈尔滨市,阿城会宁,,23,23,28,11,12,96,68,93,83,17,20,13,11,0.2,0.3
2023-05-05T22:00:00,1132A,126.599,45.7222,哈尔滨市,南岗学府路,,38,38,27,12,5,100,68,96,88,21,10,6,6,0.4,0.4
2023-05-05T22:00:00,1133A,126.689,45.7733,哈尔滨市,太平宏伟公园,,36,36,33,11,9,96,68,92,83,21,17,5,5,0.3,0.3
2023-05-05T22:00:00,1134A,126.635,45.7667,哈尔滨市,道外承德广场,,28,28,27,13,9,98,76,92,88,18,17,6,6,0.4,0.4
2023-05-05T22:00:00,1135A,126.685,45.7319,哈尔滨市,香坊红旗大街,,29,29,25,10,8,101,82,96,92,15,16,9,11,0.3,0.2
2023-05-05T22:00:00,1136A,126.6411,45.7258,哈尔滨市,动力和平路,,25,23,23,9,5,102,79,97,92,19,16,13,13,0.3,0.3
2023-05-05T22:00:00,1137A,126.593,45.7478,哈尔滨市,道里建国路,,31,31,23,11,9,101,70,96,90,22,13,12,12,0.2,0.2
2023-05-05T22:00:00,1138A,126.615,45.61,哈尔滨市,平房东轻厂,,28,28,29,11,11,97,61,95,84,32,20,5,5,0.5,0.4
2023-05-05T22:00:00,1139A,126.595,45.9855,哈尔滨市,呼兰师专,,22,21,26,14,11,104,70,99,90,16,14,10,11,0.4,0.4
2023-05-05T22:00:00,1140A,126.6206,45.6842,哈尔滨市,省农科院,,27,27,27,12,12,103,75,99,93,25,17,11,11,0.4,0.4
2023-05-05T22:00:00,1141A,121.4,31.238,上海市,普陀,,43,29,24,30,20,112,31,93,77,36,28,4,6,1.2,0.7
2023-05-05T22:00:00,1142A,121.478,31.2036,上海市,十五厂,细颗粒物(PM2.5),57,33,23,40,24,96,32,82,72,32,31,7,7,1.4,0.8
2023-05-05T22:00:00,1143A,121.467,31.3008,上海市,虹口,,36,29,28,25,22,97,34,80,68,36,29,7,8,1.0,0.7
2023-05-05T22:00:00,1144A,121.412,31.1654,上海市,徐汇上师大,,,,23,,20,117,35,98,84,,34,7,8,1.4,0.8
2023-05-05T22:00:00,1145A,121.536,31.2659,上海市,杨浦四漂,,40,24,25,28,19,108,36,91,79,35,32,6,6,1.1,0.8
2023-05-05T22:00:00,1147A,121.425,31.2261,上海市,静安监测站,,42,41,31,29,17,106,35,90,77,36,32,5,6,1.3,0.8
2023-05-05T22:00:00,1148A,121.703,31.1907,上海市,浦东川沙,,39,36,34,27,21,104,40,83,67,27,23,6,6,0.9,0.6
2023-05-05T22:00:00,1149A,121.533,31.2284,上海市,浦东新区监测站,,,51,32,,7,113,41,94,84,29,21,7,6,1.2,0.6
2023-05-05T22:00:00,1150A,121.577,31.2071,上海市,浦东张江,,,37,35,29,23,107,,88,83,27,22,4,4,1.0,0.8
2023-05-05T22:00:00,1151A,118.8086,32.1065,南京市,迈皋桥,,42,42,20,29,13,68,46,54,52,13,20,5,15,0.4,0.5
2023-05-05T22:00:00,1152A,118.7538,32.0551,南京市,草场门,,39,36,19,27,14,65,43,54,51,12,16,4,4,0.7,0.8
2023-05-05T22:00:00,1153A,118.7794,32.0745,南京市,山西路,,,,21,36,15,65,42,53,51,8,15,5,4,0.4,0.4
2023-05-05T22:00:00,1154A,118.7752,32.0023,南京市,中华门,,39,39,16,22,9,55,42,49,48,18,23,3,4,0.7,0.9
2023-05-05T22:00:00,1155A,118.8109,32.0309,南京市,瑞金路,,45,38,18,31,16,68,44,52,50,9,10,5,8,0.4,0.4
2023-05-05T22:00:00,1156A,118.7997,32.0754,南京市,玄武湖,,46,46,25,32,14,62,44,49,47,12,21,3,4,0.6,1
2023-05-05T22:00:00,1157A,118.6414,32.0931,南京市,浦口,,49,33,16,34,14,63,48,57,55,11,9,4,4,0.6,0.6
2023-05-05T22:00:00,1158A,118.7356,31.9996,南京市,奥体中心,,49,32,20,34,16,58,46,52,51,11,16,6,6,0.5,0.6
2023-05-05T22:00:00,1159A,118.9125,32.1028,南京市,仙林大学城,,42,36,19,29,14,67,46,57,55,17,19,8,9,0.7,0.8
2023-05-05T22:00:00,1160A,120.561,31.2472,苏州市,上方山,,33,32,25,23,24,65,38,52,49,12,18,7,6,0.6,0.6
2023-05-05T22:00:00,1162A,120.591,31.3019,苏州市,彩香,细颗粒物(PM2.5),52,49,35,36,23,94,54,83,69,10,17,4,5,0.9,0.8
2023-05-05T22:00:00,1163A,120.596,31.3264,苏州市,轧钢厂,细颗粒物(PM2.5),53,51,36,37,23,94,48,84,66,21,22,5,5,0.9,0.9
2023-05-05T22:00:00,1164A,120.613,31.2703,苏州市,吴中区,细颗粒物(PM2.5),53,50,36,37,23,91,55,82,71,15,24,6,7,1.0,0.9
2023-05-05T22:00:00,1165A,120.543,31.2994,苏州市,苏州新区,细颗粒物(PM2.5),54,53,36,38,24,88,54,77,67,8,17,4,4,0.8,0.7
2023-05-05T22:00:00,1166A,120.669,31.3097,苏州市,苏州工业园区,细颗粒物(PM2.5),63,50,38,45,25,81,41,74,60,24,19,8,8,0.9,0.7
2023-05-05T22:00:00,1167A,120.641,31.3708,苏州市,相城区,细颗粒物(PM2.5),60,43,29,43,26,88,26,81,60,24,22,6,6,1.0,0.9
2023-05-05T22:00:00,1168A,120.9098,31.9663,南通市,狼山街道,,17,17,17,11,10,64,34,59,54,13,21,6,6,0.8,0.7
2023-05-05T22:00:00,1169A,120.86,32.0005,南通市,虹桥,,23,17,18,16,15,72,37,64,54,18,30,6,7,0.8,0.7
2023-05-05T22:00:00,1170A,120.87,32.02,南通市,城中,,18,18,19,12,11,75,35,69,56,17,21,6,6,0.4,0.6
2023-05-05T22:00:00,1171A,120.94,31.93,南通市,星湖花园,,25,17,19,17,15,67,38,54,48,15,29,2,3,0.8,0.8
2023-05-05T22:00:00,1172A,120.81,32.0417,南通市,紫琅学院,,18,13,17,12,12,74,32,61,49,18,27,7,6,0.8,0.7
2023-05-05T22:00:00,1173A,119.176,34.5885,连云港市,市环境监测站,,41,41,52,14,24,76,76,57,57,9,24,5,6,0.4,0.8
2023-05-05T22:00:00,1177A,117.179,34.2761,徐州市,黄河新村,,31,31,42,18,24,64,56,61,60,16,13,6,6,0.8,0.6
2023-05-05T22:00:00,1178A,117.1918,34.2384,徐州市,淮塔,,40,40,37,22,24,75,46,70,66,20,11,8,7,0.9,0.5
2023-05-05T22:00:00,1180A,117.256,34.2153,徐州市,新城区,,49,29,28,34,31,75,51,68,65,16,10,5,4,0.7,0.7
2023-05-05T22:00:00,1181A,117.244,34.2911,徐州市,桃园路,,39,39,43,14,25,72,47,62,56,18,15,7,6,0.9,0.7
2023-05-05T22:00:00,1182A,117.2933,34.2778,徐州市,农科院,,34,34,36,19,22,74,49,66,60,21,16,9,6,0.7,0.6
2023-05-05T22:00:00,1186A,119.389,32.3761,扬州市,邗江监测站,,31,31,19,17,32,68,37,47,46,13,17,6,6,0.8,1
2023-05-05T22:00:00,1188A,120.269,31.4867,无锡市,雪浪,,41,41,24,27,19,156,49,88,66,22,23,8,8,0.9,0.9
2023-05-05T22:00:00,1189A,120.275,31.6219,无锡市,黄巷,,45,41,39,31,25,66,31,52,40,35,38,4,4,1.0,1.2
2023-05-05T22:00:00,1190A,120.294,31.56,无锡市,曹张,细颗粒物(PM2.5),55,33,21,39,24,68,33,60,50,27,28,2,3,0.9,1
2023-05-05T22:00:00,1191A,120.242,31.5031,无锡市,漆塘,,49,41,26,34,22,78,42,70,58,18,21,4,4,0.7,0.7
2023-05-05T22:00:00,1192A,120.3489,31.5863,无锡市,东亭,,45,41,31,31,23,75,41,67,54,22,27,8,8,0.9,1
2023-05-05T22:00:00,1193A,120.354,31.5475,无锡市,旺庄,,36,36,24,24,17,80,42,71,58,27,30,4,4,0.8,0.8
2023-05-05T22:00:00,1194A,120.245,31.5631,无锡市,荣巷,,,34,23,31,20,73,41,66,56,,25,,10,0.8,0.9
2023-05-05T22:00:00,1195A,120.299,31.6817,无锡市,堰桥,,42,31,26,29,23,78,40,61,53,22,28,9,10,0.7,1
2023-05-05T22:00:00,1196A,119.9633,31.762,常州市,市监测站,颗粒物(PM10),52,53,41,24,18,67,43,58,54,16,23,4,4,0.5,0.8
2023-05-05T22:00:00,1200A,119.9468,31.7069,常州市,武进监测站,颗粒物(PM10),58,66,41,28,21,87,41,69,54,20,19,1,4,0.6,0.9
2023-05-05T22:00:00,1201A,119.9255,31.9087,常州市,安家,颗粒物(PM10),57,63,41,31,22,80,30,61,50,28,25,5,5,0.7,1
2023-05-05T22:00:00,1203A,119.6707,32.1875,镇江市,新区办事处,,49,35,20,34,20,82,6,59,28,45,23,3,3,0.5,0.9
2023-05-05T22:00:00,1204A,119.4974,32.1968,镇江市,职教中心,,38,30,19,26,20,65,40,50,49,15,16,3,3,0.5,0.5
2023-05-05T22:00:00,1205A,119.4303,32.1328,镇江市,丹徒区监测站,,46,29,21,32,24,68,40,49,46,19,18,1,2,0.5,0.6
2023-05-05T22:00:00,1206A,119.905,32.4878,泰州市,公园路,,39,24,12,27,17,76,42,72,42,12,11,8,8,0.7,0.9
2023-05-05T22:00:00,1207A,119.9189,32.4625,泰州市,莲花,,45,29,14,31,19,74,44,74,42,15,14,6,6,0.6,0.7
2023-05-05T22:00:00,1209A,119.888,32.4639,泰州市,留学生创业园,,25,25,17,15,17,74,39,73,38,17,10,5,4,0.6,0.9
2023-05-05T22:00:00,1210A,119.036,33.5981,淮安市,钵池山,,28,24,28,19,29,52,52,44,33,17,19,7,8,0.7,0.9
2023-05-05T22:00:00,1211A,119.007,33.575,淮安市,北京南路,,24,24,29,16,32,55,55,46,32,16,20,7,6,0.6,0.8
2023-05-05T22:00:00,1212A,118.989,33.6067,淮安市,市监测站,,20,19,38,14,30,61,61,45,34,14,20,5,5,0.8,1
2023-05-05T22:00:00,1213A,119.135,33.5039,淮安市,楚州区监测站,,26,22,30,18,23,51,51,33,27,15,20,7,7,0.7,0.9
2023-05-05T22:00:00,1214A,119.0186,33.6297,淮安市,淮阴区监测站,,23,23,41,14,32,59,59,43,32,14,20,6,6,0.4,0.6
2023-05-05T22:00:00,1215A,120.118,33.4022,盐城市,盐城电厂,,22,22,20,12,14,77,69,68,68,8,10,6,6,0.5,0.6
2023-05-05T22:00:00,1216A,120.156,33.3942,盐城市,市监测站,,30,30,16,9,15,75,64,62,62,10,11,7,10,0.4,0.4
2023-05-05T22:00:00,1218A,120.2144,33.38,盐城市,开发区管委会,,30,30,12,14,13,74,62,67,59,11,11,6,7,0.5,0.6
2023-05-05T22:00:00,1220A,118.293,33.9528,宿迁市,宿迁学院,,19,11,24,9,27,71,59,52,52,17,15,8,7,0.6,0.8
2023-05-05T22:00:00,1221A,118.2442,33.9592,宿迁市,宿迁中学,,22,12,25,8,23,80,70,57,57,11,13,7,6,0.4,0.6
2023-05-05T22:00:00,1223A,120.2072,30.2111,杭州市,滨江,颗粒物(PM10),53,56,23,27,13,102,45,90,71,25,17,6,6,0.9,0.6
2023-05-05T22:00:00,1224A,120.0633,30.2747,杭州市,西溪,,39,36,22,27,9,89,29,68,42,23,17,8,8,0.8,0.6
2023-05-05T22:00:00,1226A,120.3461,30.3153,杭州市,下沙,,45,45,29,31,14,105,46,84,67,35,20,5,5,0.8,0.6
2023-05-05T22:00:00,1227A,120.1269,30.2456,杭州市,卧龙桥,,40,28,18,28,12,84,18,82,53,20,12,5,5,1.0,0.7
2023-05-05T22:00:00,1228A,120.1903,30.2692,杭州市,浙江农大,,49,39,21,34,14,88,57,83,65,23,15,6,6,0.6,0.5
2023-05-05T22:00:00,1230A,120.1197,30.3119,杭州市,和睦小学,,41,41,25,25,15,100,44,79,61,34,15,5,5,0.7,0.5
2023-05-05T22:00:00,1231A,120.3019,30.4183,杭州市,临平镇,细颗粒物(PM2.5),64,46,31,46,18,104,70,89,79,12,12,4,4,0.7,0.6
2023-05-05T22:00:00,1232A,120.2697,30.1819,杭州市,城厢镇,,50,36,30,35,17,120,36,95,74,33,20,3,3,1.0,0.7
2023-05-05T22:00:00,1233A,120.0883,30.1808,杭州市,云栖,,30,30,18,14,7,74,16,64,50,17,16,6,6,1.0,0.7
2023-05-05T22:00:00,1234A,121.8358,29.911,宁波市,区环保大楼,,47,47,24,24,15,108,40,80,38,61,24,5,4,0.6,0.5
2023-05-05T22:00:00,1235A,121.56,29.82,宁波市,万里学院,,39,39,25,23,13,120,91,102,92,15,10,4,3,1.0,0.6
2023-05-05T22:00:00,1236A,121.713,29.9572,宁波市,龙赛医院,颗粒物(PM10),56,61,30,32,14,121,74,90,65,45,24,5,5,0.4,0.4
2023-05-05T22:00:00,1239A,121.633,29.7733,宁波市,钱湖水厂,,45,45,19,31,13,102,92,87,85,20,6,4,3,0.4,0.2
2023-05-05T22:00:00,1240A,121.5856,29.8635,宁波市,太古小学,,42,32,19,29,14,122,88,103,96,18,13,4,4,1.0,0.6
2023-05-05T22:00:00,1241A,121.524,29.8674,宁波市,市环境监测中心,,28,28,25,18,10,112,80,94,87,14,12,4,4,0.8,0.4
2023-05-05T22:00:00,1242A,120.634,28.0089,温州市,瓯海,,37,37,36,16,18,101,14,72,60,52,28,6,6,0.7,0.5
2023-05-05T22:00:00,1243A,120.6748,27.9939,温州市,南浦,颗粒物(PM10),52,53,38,27,21,105,16,77,67,68,30,4,4,0.7,0.5
2023-05-05T22:00:00,1244A,120.76,27.9747,温州市,龙湾,,43,43,48,18,19,92,25,59,53,66,44,6,7,0.5,0.5
2023-05-05T22:00:00,1245A,120.6709,28.0167,温州市,市站,颗粒物(PM10),51,52,42,26,21,110,4,78,65,88,38,5,5,0.8,0.5
2023-05-05T22:00:00,1247A,120.6053,29.9928,绍兴市,城东开发委,细颗粒物(PM2.5),53,45,21,37,13,109,52,103,85,21,14,5,5,1.0,0.7
2023-05-05T22:00:00,1250A,120.0751,30.8669,湖州市,城西水厂,,32,19,26,22,19,81,56,72,64,26,32,5,5,0.7,0.6
2023-05-05T22:00:00,1252A,120.7436,30.778,嘉兴市,清河小学,细颗粒物(PM2.5),54,47,33,38,20,99,58,83,78,15,22,5,5,0.8,0.7
2023-05-05T22:00:00,1253A,120.726,30.7478,嘉兴市,嘉兴学院,,50,39,29,35,23,102,60,84,79,13,22,4,4,0.7,0.5
2023-05-05T22:00:00,1255A,121.273,28.6459,台州市,黄岩环保大楼,,33,33,31,12,15,67,26,55,48,24,14,4,5,0.5,0.4
2023-05-05T22:00:00,1256A,121.419,28.6542,台州市,台州环保大楼,颗粒物(PM10),62,74,50,36,27,78,57,64,64,24,13,5,4,0.6,0.4
2023-05-05T22:00:00,1257A,121.377,28.5773,台州市,路桥田洋王,,40,40,35,27,21,86,56,67,67,30,18,13,8,0.7,0.5
2023-05-05T22:00:00,1258A,122.122,30.0203,舟山市,定海檀枫,,42,41,45,29,19,63,12,48,30,52,24,6,5,0.6,0.6
2023-05-05T22:00:00,1259A,122.3094,29.9558,舟山市,普陀东港,细颗粒物(PM2.5),54,52,35,38,24,60,11,50,31,37,12,5,5,0.5,0.4
2023-05-05T22:00:00,1260A,122.19,29.9944,舟山市,临城新区,,46,46,27,28,13,57,19,50,35,39,23,5,6,0.4,0.3
2023-05-05T22:00:00,1262A,119.647,29.077,金华市,十五中,,45,40,34,31,21,120,67,105,94,23,19,14,7,0.6,0.5
2023-05-05T22:00:00,1263A,119.686,29.1029,金华市,监测站,,31,31,32,15,15,114,58,99,88,27,23,15,6,0.7,0.5
2023-05-05T22:00:00,1264A,118.8692,28.9398,衢州市,环保大楼,,46,46,28,24,14,100,40,88,75,29,17,5,6,0.5,0.5
2023-05-05T22:00:00,1265A,118.8709,28.9666,衢州市,实验学校,,40,40,30,12,8,96,53,80,74,23,18,4,5,0.6,0.5
2023-05-05T22:00:00,1266A,118.8621,28.9808,衢州市,衢州学院,,41,41,25,26,15,91,48,78,71,26,20,5,6,0.5,0.4
2023-05-05T22:00:00,1267A,119.914,28.4514,丽水市,监测站大楼,,25,25,26,11,11,116,36,87,77,22,15,5,5,0.5,0.3
2023-05-05T22:00:00,1268A,119.93,28.4586,丽水市,莲都小学,,17,17,26,8,10,119,41,88,76,18,16,4,5,0.4,0.4
2023-05-05T22:00:00,1269A,119.879,28.4231,丽水市,余庄前,,23,23,22,11,13,103,8,68,53,18,17,6,6,0.4,0.4
2023-05-05T22:00:00,1270A,117.1959,31.7848,合肥市,明珠广场,,34,34,26,19,18,65,49,65,53,12,13,4,4,0.5,0.6
2023-05-05T22:00:00,1271A,117.3072,31.8764,合肥市,三里街,,42,39,30,29,22,55,44,55,46,17,16,5,4,0.5,0.6
2023-05-05T22:00:00,1272A,117.2588,31.8707,合肥市,琥珀山庄,,39,34,28,27,19,71,50,64,53,12,12,3,3,0.5,0.6
2023-05-05T22:00:00,1273A,117.1604,31.9052,合肥市,董铺水库,,29,29,19,17,13,78,50,74,53,6,5,3,2,0.3,0.4
2023-05-05T22:00:00,1274A,117.25,31.8571,合肥市,长江中路,,36,36,33,25,19,73,49,62,50,7,8,8,8,0.5,0.6
2023-05-05T22:00:00,1275A,117.266,31.9436,合肥市,庐阳区,,32,27,25,22,20,75,44,70,49,15,10,6,7,0.5,0.5
2023-05-05T22:00:00,1276A,117.336,31.8586,合肥市,瑶海区,,,39,38,22,18,51,,50,45,14,15,6,6,0.5,0.6
2023-05-05T22:00:00,1277A,117.3027,31.7964,合肥市,包河区,,45,39,25,31,19,58,34,56,46,21,13,4,4,0.5,0.5
2023-05-05T22:00:00,1278A,117.2776,31.7385,合肥市,滨湖新区,,44,44,25,19,14,56,45,56,49,16,15,5,5,0.6,0.7
2023-05-05T22:00:00,1279A,117.1318,31.8403,合肥市,高新区,,34,34,26,17,17,79,48,64,53,14,10,5,7,0.3,0.4
2023-05-05T22:00:00,1280A,119.3903,26.0543,福州市,鼓山,,,,,,,,,,,,,,,,
2023-05-05T22:00:00,1282A,119.2681,26.0504,福州市,师大,,34,34,30,12,10,88,33,76,60,21,11,4,4,0.4,0.3
2023-05-05T22:00:00,1283A,119.2984,26.1028,福州市,五四北路,,50,50,29,21,11,88,18,76,56,34,12,3,2,0.5,0.3
2023-05-05T22:00:00,1284A,119.2648,26.0768,福州市,杨桥西路,,37,37,28,17,9,78,25,70,55,26,11,3,3,0.5,0.4
2023-05-05T22:00:00,1285A,119.317,26.0746,福州市,紫阳,,45,45,34,24,11,82,15,70,51,38,13,2,2,0.6,0.3
2023-05-05T22:00:00,1286A,118.1608,24.8169,厦门市,溪东,,,,,,,,,,,,,,,,
2023-05-05T22:00:00,1287A,118.1514,24.4767,厦门市,洪文,,21,21,22,13,2,58,54,54,54,3,3,1,3,0.2,0.3
2023-05-05T22:00:00,1288A,118.0661,24.4444,厦门市,鼓浪屿,,29,29,21,14,9,66,54,58,55,6,5,3,3,0.4,0.4
2023-05-05T22:00:00,1290A,115.8931,28.6843,南昌市,省外办,,20,14,18,12,10,130,63,113,103,13,9,4,4,0.5,0.4
2023-05-05T22:00:00,1291A,115.8886,28.7003,南昌市,省林业公司,,28,14,10,12,9,124,34,108,94,56,17,4,4,0.3,0.3
2023-05-05T22:00:00,1292A,115.8126,28.7442,南昌市,林科所,,17,9,5,9,4,121,40,107,91,34,18,6,6,0.7,0.6
2023-05-05T22:00:00,1294A,115.8518,28.687,南昌市,建工学校,,25,25,21,11,7,125,61,107,98,14,10,8,8,0.6,0.5
2023-05-05T22:00:00,1295A,115.8921,28.6424,南昌市,象湖,,18,18,16,9,7,119,54,104,95,21,13,5,5,0.9,0.7
2023-05-05T22:00:00,1296A,115.7423,28.7996,南昌市,武术学校,,28,28,16,11,12,93,21,73,47,7,5,8,10,0.7,0.6
2023-05-05T22:00:00,1298A,115.9314,28.6842,南昌市,省站,,25,25,23,9,8,124,75,111,102,8,8,6,6,0.8,0.7
2023-05-05T22:00:00,1299A,116.9862,36.6114,济南市,科干所,,46,46,15,20,10,89,53,79,78,38,16,8,7,0.4,0.4
2023-05-05T22:00:00,1300A,116.9376,36.665,济南市,农科所,,49,49,20,22,11,77,31,68,61,54,21,3,2,0.3,0.2
2023-05-05T22:00:00,1301A,117.1265,36.6734,济南市,开发区,,39,39,19,17,11,82,63,78,77,32,14,11,8,0.5,0.4
2023-05-05T22:00:00,1303A,117.0624,36.6868,济南市,省种子仓库,颗粒物(PM10),54,58,23,24,18,83,40,72,67,43,18,10,7,0.6,0.5
2023-05-05T22:00:00,1304A,116.9489,36.6447,济南市,机床二厂,颗粒物(PM10),51,51,18,20,8,80,42,72,67,43,13,4,2,0.4,0.2
2023-05-05T22:00:00,1305A,117.0495,36.663,济南市,市监测站,,49,49,23,15,14,86,65,80,78,38,20,9,7,0.6,0.6
2023-05-05T22:00:00,1306A,116.7675,36.5484,济南市,长清党校,,49,49,19,29,12,93,48,82,79,43,15,10,9,0.7,0.7
2023-05-05T22:00:00,1307A,120.6659,36.2403,青岛市,仰口,,45,44,10,31,10,83,83,66,66,13,9,5,5,0.4,0.3
2023-05-05T22:00:00,1310A,120.4134,36.0658,青岛市,市南区东部子站,,48,48,25,24,15,71,71,60,56,25,24,6,7,0.5,0.5
2023-05-05T22:00:00,1311A,120.3664,36.1032,青岛市,四方区子站,,39,39,23,22,15,72,72,59,59,29,30,7,7,0.6,0.6
2023-05-05T22:00:00,1312A,120.2994,36.054,青岛市,市南区西部子站,,39,39,21,22,13,93,93,68,66,14,24,5,5,0.6,0.6
2023-05-05T22:00:00,1313A,120.4581,36.0858,青岛市,崂山区子站,,,51,28,34,16,82,82,63,60,,21,7,7,0.4,0.4
2023-05-05T22:00:00,1314A,120.1983,35.9608,青岛市,黄岛区子站,颗粒物(PM10),51,51,25,0,16,68,53,58,51,42,26,6,5,0.5,0.6
2023-05-05T22:00:00,1315A,120.3999,36.3083,青岛市,城阳区子站,,44,44,26,20,14,85,85,67,67,23,23,5,5,0.4,0.4
2023-05-05T22:00:00,1316A,113.69031,34.76122,郑州市,烟厂,,,21,28,18,17,113,,98,98,15,17,5,5,,0.9
2023-05-05T22:00:00,1317A,113.65724,34.77134,郑州市,郑纺机,,26,20,29,3,10,108,82,96,96,13,15,5,5,0.7,0.8
2023-05-05T22:00:00,1318A,113.67526,34.80246,郑州市,银行学校,,26,14,25,6,15,107,83,96,96,6,7,5,5,0.7,0.8
2023-05-05T22:00:00,1319A,113.56746,34.81334,郑州市,供水公司,,45,45,29,8,15,84,72,78,78,14,7,6,6,0.6,0.8
2023-05-05T22:00:00,1320A,113.7329,34.7178,郑州市,经开区管委,,27,21,24,11,19,112,84,102,100,13,14,2,2,0.6,0.8
2023-05-05T22:00:00,1321A,113.73961,34.77172,郑州市,四十七中,,27,14,25,11,21,113,84,100,98,11,12,4,4,0.6,0.7
2023-05-05T22:00:00,1322A,113.60532,34.74838,郑州市,市监测站,,28,14,33,8,16,108,88,99,98,11,13,13,10,0.7,0.9
2023-05-05T22:00:00,1323A,113.64164,34.7525,郑州市,河医大,,24,20,33,8,17,96,76,86,86,17,18,5,5,0.6,0.8
2023-05-05T22:00:00,1324A,113.51488,34.91089,郑州市,岗李水库,,29,10,32,7,15,100,90,87,87,11,15,6,6,0.7,0.9
2023-05-05T22:00:00,1325A,114.3677,30.5584,武汉市,东湖梨园,,26,24,18,12,8,105,82,97,92,11,13,6,5,0.5,0.7
2023-05-05T22:00:00,1326A,114.2529,30.558,武汉市,汉阳月湖,,23,23,18,7,8,96,73,90,83,14,16,6,6,0.6,0.7
2023-05-05T22:00:00,1327A,114.282,30.6189,武汉市,汉口花桥,,25,24,19,15,13,103,77,96,88,9,10,6,6,0.5,0.6
2023-05-05T22:00:00,1328A,114.3025,30.5332,武汉市,武昌紫阳,,25,25,19,12,12,105,74,98,88,14,15,5,5,0.6,0.7
2023-05-05T22:00:00,1329A,114.3646,30.6217,武汉市,青山钢花,,25,24,18,17,17,109,80,99,86,17,20,6,5,0.6,0.8
2023-05-05T22:00:00,1330A,114.1566,30.4825,武汉市,沌口新区,,21,21,25,14,14,98,64,84,75,12,15,6,6,0.5,0.6
2023-05-05T22:00:00,1331A,114.3014,30.5944,武汉市,汉口江滩,,26,22,15,9,11,102,82,98,92,11,15,6,6,0.6,0.7
2023-05-05T22:00:00,1333A,114.135,30.6319,武汉市,吴家山,,31,31,33,12,6,90,69,85,79,13,13,5,5,0.6,0.7
2023-05-05T22:00:00,1334A,113.8454,30.2917,武汉市,沉湖七壕,,25,21,25,8,10,114,78,107,98,9,8,12,12,0.5,0.6
2023-05-05T22:00:00,1335A,113.0833,28.2325,长沙市,经开区环保局,,25,11,8,17,13,97,68,87,77,11,6,3,3,0.8,0.6
2023-05-05T22:00:00,1336A,112.8872,28.2189,长沙市,高开区环保局,,27,7,10,14,19,96,86,88,84,4,4,6,6,0.6,0.3
2023-05-05T22:00:00,1337A,113.0792,28.2053,长沙市,马坡岭,,28,21,16,19,14,87,63,75,66,14,11,3,3,0.5,0.4
2023-05-05T22:00:00,1338A,112.9394,28.19,长沙市,湖南师范大学,,29,18,22,15,19,95,92,88,88,5,6,4,3,0.8,0.7
2023-05-05T22:00:00,1339A,113.0178,28.1322,长沙市,雨花区环保局,,23,10,13,13,12,97,73,90,79,14,13,4,5,0.6,0.5
2023-05-05T22:00:00,1340A,112.9792,28.2597,长沙市,伍家岭,,35,12,21,24,15,84,79,76,74,6,8,3,3,0.5,0.4
2023-05-05T22:00:00,1341A,113.0014,28.1944,长沙市,火车新站,,25,9,12,17,15,91,76,81,74,11,11,5,5,0.7,0.6
2023-05-05T22:00:00,1342A,112.9844,28.1178,长沙市,天心区环保局,,24,24,24,10,16,88,75,80,73,7,7,1,1,0.6,0.5
2023-05-05T22:00:00,1343A,112.8908,28.1308,长沙市,湖南中医药大学,,30,9,15,14,13,101,95,92,89,8,10,2,2,0.9,0.8
2023-05-05T22:00:00,1344A,112.9581,28.3611,长沙市,沙坪,,50,24,20,35,23,99,80,85,82,4,5,3,3,0.5,0.4
2023-05-05T22:00:00,1345A,113.2347,23.1423,广州市,广雅中学,,30,30,30,14,14,96,33,74,62,23,21,3,3,0.7,0.6
2023-05-05T22:00:00,1346A,113.2612,23.105,广州市,市五中,,31,31,30,16,18,100,37,81,66,18,17,8,7,0.5,0.5
2023-05-05T22:00:00,1348A,113.3478,23.0916,广州市,广东商学院,,33,33,30,16,13,79,23,61,49,25,21,3,3,0.5,0.5
2023-05-05T22:00:00,1349A,113.4332,23.1047,广州市,市八十六中,,26,26,30,12,9,104,20,71,45,27,23,4,3,0.6,0.7
2023-05-05T22:00:00,1350A,113.3505,22.9483,广州市,番禺中学,,27,27,26,11,13,92,22,77,59,28,17,6,6,0.5,0.5
2023-05-05T22:00:00,1351A,113.2146,23.3916,广州市,花都师范,,45,45,36,19,16,111,17,82,65,38,24,6,6,0.4,0.3
2023-05-05T22:00:00,1352A,113.2597,23.1331,广州市,市监测站,,22,22,33,11,17,87,34,70,56,18,19,6,6,0.8,1
2023-05-05T22:00:00,1353A,113.5618,23.312,广州市,九龙镇镇龙,,28,28,38,10,15,94,29,76,61,20,27,5,6,0.4,0.4
2023-05-05T22:00:00,1354A,113.2765,23.1544,广州市,麓湖,,,32,28,13,13,104,20,77,62,,16,6,5,0.6,0.6
2023-05-05T22:00:00,1355A,113.443,23.3035,广州市,帽峰山森林公园,,28,28,27,12,12,91,25,74,62,28,21,4,4,0.3,0.3
2023-05-05T22:00:00,1356A,114.1063,22.5545,深圳市,通心岭子站,,12,12,17,7,7,55,33,51,44,13,9,3,3,0.4,0.4
2023-05-05T22:00:00,1357A,114.117,22.5625,深圳市,洪湖,,21,21,20,8,8,67,40,62,53,15,11,8,8,0.5,0.5
2023-05-05T22:00:00,1358A,113.987,22.5417,深圳市,华侨城,,19,19,20,8,9,57,43,54,51,13,17,6,6,0.5,0.4
2023-05-05T22:00:00,1359A,113.9181,22.5171,深圳市,南海子站,,24,24,24,10,8,54,42,49,46,13,13,4,4,0.5,0.5
2023-05-05T22:00:00,1360A,114.2458,22.5689,深圳市,盐田,,20,20,25,8,10,85,45,57,45,1,19,4,5,0.5,0.5
2023-05-05T22:00:00,1361A,114.2283,22.7244,深圳市,龙岗,,19,19,21,8,8,80,44,66,54,16,15,3,3,0.5,0.5
2023-05-05T22:00:00,1363A,114.494,22.5422,深圳市,南澳,,20,20,17,10,5,59,45,52,51,10,8,8,6,0.3,0.4
2023-05-05T22:00:00,1364A,114.41,22.6342,深圳市,葵涌,,18,18,31,10,8,62,57,52,52,3,7,5,5,0.4,0.5
2023-05-05T22:00:00,1365A,114.297,22.5978,深圳市,梅沙,,26,22,26,18,29,79,55,65,55,13,17,5,5,0.3,0.4
2023-05-05T22:00:00,1366A,114.0678,22.738,深圳市,观澜,,33,33,45,9,9,60,36,53,47,20,23,5,4,0.9,0.6
2023-05-05T22:00:00,1367A,113.5814,22.2618,珠海市,吉大,,18,18,20,7,10,61,44,56,51,6,5,6,6,0.4,0.4
2023-05-05T22:00:00,1368A,113.4881,22.2335,珠海市,前山,,15,14,17,10,4,56,44,52,49,7,7,3,3,0.3,0.3
2023-05-05T22:00:00,1369A,113.628,22.4251,珠海市,唐家,,19,19,23,10,11,68,43,58,53,9,10,4,5,0.2,0.2
2023-05-05T22:00:00,1370A,113.299,22.2281,珠海市,斗门,,14,14,18,8,8,57,42,52,48,4,7,5,5,0.4,0.4
2023-05-05T22:00:00,1371A,113.1294,23.0067,佛山市,湾梁,,29,29,30,11,12,98,42,84,70,10,12,10,10,0.5,0.5
2023-05-05T22:00:00,1372A,113.1083,23.0478,佛山市,华材职中,,22,22,24,12,12,95,42,83,70,14,14,7,8,0.4,0.4
2023-05-05T22:00:00,1373A,113.144,23.0453,佛山市,南海气象局,,18,16,32,12,13,79,28,64,52,20,19,5,5,0.5,0.5
2023-05-05T22:00:00,1374A,113.2881,22.8094,佛山市,顺德苏岗,,14,14,14,7,11,67,33,57,46,8,11,4,4,0.5,0.5
2023-05-05T22:00:00,1376A,112.8383,22.8678,佛山市,高明孔堂,,22,22,23,9,11,67,48,63,58,6,8,3,4,0.5,0.5
2023-05-05T22:00:00,1377A,112.8836,23.1588,佛山市,三水监测站,,22,22,25,13,14,79,36,65,53,18,21,5,6,0.5,0.5
2023-05-05T22:00:00,1378A,112.867,23.185,佛山市,三水云东海,,29,29,30,10,11,85,41,70,59,15,18,5,4,0.4,0.4
2023-05-05T22:00:00,1379A,113.3769,22.5211,中山市,华柏园,,16,11,19,7,10,68,50,62,58,7,8,4,5,0.5,0.5
2023-05-05T22:00:00,1380A,113.3881,22.5497,中山市,张溪,,15,11,22,5,10,68,47,65,57,3,5,2,2,0.4,0.4
2023-05-05T22:00:00,1381A,113.4075,22.5111,中山市,紫马岭,,15,14,20,8,9,70,45,65,57,6,5,4,4,0.2,0.2
2023-05-05T22:00:00,1382A,113.4411,22.4853,中山市,长江旅游区,,17,17,17,8,9,69,47,64,57,5,5,7,7,0.3,0.3
2023-05-05T22:00:00,1383A,113.1064,22.6058,江门市,北街,,20,20,24,7,8,63,41,60,53,10,9,6,5,0.5,0.4
2023-05-05T22:00:00,1384A,113.0731,22.5835,江门市,西区,,27,27,23,12,12,65,41,62,54,10,8,7,6,0.4,0.4
2023-05-05T22:00:00,1385A,113.0219,22.5311,江门市,圭峰西,,26,26,26,8,11,65,38,60,51,10,6,1,2,0.5,0.5
2023-05-05T22:00:00,1386A,113.0828,22.5947,江门市,东湖,,22,22,23,8,10,67,42,64,56,9,8,7,6,0.5,0.4
2023-05-05T22:00:00,1389A,113.7547,23.0494,东莞市,莞城梨川,,20,20,25,8,10,88,45,78,66,11,16,7,8,0.5,0.5
2023-05-05T22:00:00,1390A,113.7944,23.0128,东莞市,东城石井,,18,18,24,7,10,90,48,80,67,10,18,9,9,0.4,0.5
2023-05-05T22:00:00,1391A,113.7383,22.9658,东莞市,南城西平,,35,20,22,24,9,89,61,81,69,11,16,6,6,0.6,0.5
2023-05-05T22:00:00,1392A,114.4183,23.0528,惠州市,河南岸金山湖子站,,18,14,32,12,11,98,39,83,69,10,11,3,3,0.4,0.4
2023-05-05T22:00:00,1393A,114.4053,23.0822,惠州市,下埔横江三路子站,,15,14,27,9,11,108,46,93,78,9,10,4,4,0.4,0.5
2023-05-05T22:00:00,1394A,114.4103,23.1142,惠州市,江北云山西路子站,,31,31,28,11,12,121,43,100,88,7,7,6,6,0.4,0.4
2023-05-05T22:00:00,1395A,114.4645,22.7833,惠州市,惠阳区承修路船湖子站,,17,17,29,9,10,78,44,68,59,9,11,4,4,0.4,0.4
2023-05-05T22:00:00,1396A,114.5317,22.7422,惠州市,大亚湾管委会子站,,23,9,42,16,14,70,46,66,57,14,14,8,8,0.4,0.4
2023-05-05T22:00:00,1397A,112.4267,23.0706,肇庆市,睦岗子站,,27,27,23,10,10,68,39,64,58,15,11,13,10,0.4,0.3
2023-05-05T22:00:00,1398A,112.4645,23.0475,肇庆市,城中子站,,25,25,22,12,11,68,38,62,55,17,14,16,13,0.4,0.4
2023-05-05T22:00:00,1399A,112.5544,23.1522,肇庆市,坑口子站,,20,20,20,9,10,81,54,74,67,10,11,8,7,0.2,0.2
2023-05-05T22:00:00,1400A,112.4753,23.1,肇庆市,七星岩子站,,,,,,,,,,,,,,,,
2023-05-05T22:00:00,1401A,108.3103,22.7881,南宁市,二十一中,,46,46,37,28,21,100,74,94,87,10,8,5,5,0.8,0.7
2023-05-05T22:00:00,1402A,108.3141,22.8528,南宁市,北湖,颗粒物(PM10),54,58,41,27,17,97,69,90,80,10,8,7,7,0.7,0.5
2023-05-05T22:00:00,1403A,108.3206,22.8225,南宁市,市监测站,,46,32,36,32,22,98,71,91,83,17,14,8,8,0.8,0.7
2023-05-05T22:00:00,1404A,108.3829,22.8037,南宁市,大自然花园,,41,41,38,23,20,81,66,75,72,11,9,5,5,0.8,0.7
2023-05-05T22:00:00,1405A,108.4394,22.7904,南宁市,仙葫,,47,47,35,25,16,83,74,82,80,14,11,5,5,0.6,0.5
2023-05-05T22:00:00,1406A,108.2397,22.8467,南宁市,区农职院,颗粒物(PM10),54,57,46,34,25,104,66,95,84,18,15,7,7,0.7,0.6
2023-05-05T22:00:00,1407A,108.3275,22.735,南宁市,英华嘉园,,49,36,44,34,22,82,67,76,74,13,14,6,6,0.7,0.6
2023-05-05T22:00:00,1408A,108.2257,22.7757,南宁市,沙井镇街道办,颗粒物(PM10),51,52,48,30,20,91,51,86,76,27,21,5,5,0.6,0.7
2023-05-05T22:00:00,1409A,110.576,19.9507,海口市,东寨港,,,17,18,14,10,35,18,30,23,,,6,7,0.5,0.5
2023-05-05T22:00:00,1410A,110.3232,20.0574,海口市,海南大学,,39,39,30,16,12,88,44,81,67,6,6,6,6,0.3,0.3
2023-05-05T22:00:00,1411A,110.283,20.0053,海口市,秀英海南医院,,33,33,29,21,14,84,32,75,50,18,14,4,4,0.5,0.3
2023-05-05T22:00:00,1412A,110.338,19.9969,海口市,海南师范大学,,30,30,28,17,13,79,35,71,57,8,7,4,4,0.3,0.3
2023-05-05T22:00:00,1413A,110.33,20.0356,海口市,龙华路环保局宿舍,,35,35,29,16,13,57,28,52,41,7,7,5,5,0.3,0.3
2023-05-05T22:00:00,1414A,106.3787,29.8279,重庆市,缙云山,,30,21,23,8,10,136,94,121,119,10,9,10,9,0.5,0.5
2023-05-05T22:00:00,1416A,106.4213,29.8253,重庆市,天生,,28,24,38,19,24,133,76,118,111,13,23,7,7,0.8,0.8
2023-05-05T22:00:00,1417A,106.6263,29.7228,重庆市,两路,,42,42,33,19,20,142,63,114,108,30,30,6,7,0.7,0.9
2023-05-05T22:00:00,1418A,106.2953,29.5983,重庆市,虎溪,,45,45,38,31,23,160,81,142,136,22,23,4,6,0.7,0.7
2023-05-05T22:00:00,1419A,106.5777,29.5102,重庆市,南坪,,48,42,35,33,24,157,62,123,120,25,29,8,7,0.6,0.6
2023-05-05T22:00:00,1420A,106.6556,29.6277,重庆市,唐家沱,,42,42,31,27,23,162,76,125,121,14,21,8,7,0.7,0.8
2023-05-05T22:00:00,1421A,106.6349,29.4906,重庆市,茶园,,40,40,37,25,20,162,71,125,122,24,28,6,5,0.8,0.8
2023-05-05T22:00:00,1422A,106.3754,29.4572,重庆市,白市驿,,43,43,38,20,22,138,71,120,116,24,21,10,9,0.9,0.8
2023-05-05T22:00:00,1425A,106.6205,29.7166,重庆市,空港,,43,43,36,25,20,159,72,127,123,21,19,6,8,0.6,0.7
2023-05-05T22:00:00,1426A,106.4782,29.4875,重庆市,新山村,颗粒物(PM10),55,59,43,34,21,141,59,108,107,31,34,8,7,0.7,0.6
2023-05-05T22:00:00,1427A,106.5616,29.6453,重庆市,礼嘉,,35,35,38,21,19,149,70,121,119,21,28,6,7,0.7,0.8
2023-05-05T22:00:00,1428A,106.4522,29.7091,重庆市,蔡家,,35,35,43,23,15,152,82,134,128,14,19,6,8,0.6,0.7
2023-05-05T22:00:00,1429A,106.5093,29.3917,重庆市,鱼新街,,49,49,33,25,17,168,82,138,138,21,20,7,6,1.0,0.9
2023-05-05T22:00:00,1431A,103.9728,30.7236,成都市,金泉两河,颗粒物(PM10),86,121,78,52,36,128,83,120,114,19,21,3,2,0.3,0.4
2023-05-05T22:00:00,1432A,104.176,30.6872,成都市,十里店,颗粒物(PM10),76,102,90,37,41,131,81,108,106,17,24,3,3,0.4,0.5
2023-05-05T22:00:00,1433A,104.079,30.5706,成都市,三瓦窑,颗粒物(PM10),69,88,84,39,40,119,80,95,95,25,31,4,2,0.4,0.4
2023-05-05T22:00:00,1434A,104.1114,30.63,成都市,沙河铺,颗粒物(PM10),81,112,81,54,36,129,78,100,99,20,22,3,2,0.5,0.5
2023-05-05T22:00:00,1437A,104.0786,30.6531,成都市,君平街,,,115,84,64,40,128,,117,112,29,30,1,3,0.4,0.5
2023-05-05T22:00:00,1438A,103.613,31.0283,成都市,灵岩寺,颗粒物(PM10),61,72,54,14,18,132,89,120,117,11,7,7,4,0.7,0.6
2023-05-05T22:00:00,1439A,106.6899,26.5998,贵阳市,马鞍山,,48,48,33,27,21,140,99,127,118,12,10,5,4,0.5,0.5
2023-05-05T22:00:00,1440A,106.6971,26.5694,贵阳市,市环保站,细颗粒物(PM2.5),57,53,41,40,31,144,102,125,119,14,17,5,4,0.3,0.3
2023-05-05T22:00:00,1441A,106.6243,26.6266,贵阳市,鉴湖路,颗粒物(PM10),53,56,42,27,23,145,95,130,121,11,8,4,4,0.2,0.2
2023-05-05T22:00:00,1442A,106.7487,26.6343,贵阳市,燕子冲,颗粒物(PM10),53,56,43,36,31,151,96,137,126,14,13,7,6,0.7,0.7
2023-05-05T22:00:00,1443A,106.6555,26.4365,贵阳市,碧云窝,颗粒物(PM10),53,56,44,29,20,130,98,122,118,6,8,5,5,0.4,0.4
2023-05-05T22:00:00,1444A,106.694,26.5161,贵阳市,中院村,颗粒物(PM10),51,51,45,27,23,132,84,116,108,17,16,6,7,0.4,0.5
2023-05-05T22:00:00,1445A,106.7109,26.6027,贵阳市,红边门,,,66,44,34,30,146,65,128,114,33,20,,5,0.8,0.5
2023-05-05T22:00:00,1446A,106.7164,26.5699,贵阳市,新华路,颗粒物(PM10),53,56,45,29,26,144,96,128,119,13,13,6,4,0.4,0.5
2023-05-05T22:00:00,1447A,106.674,26.5424,贵阳市,太慈桥,,46,46,41,27,20,140,98,126,120,11,9,6,5,0.5,0.4
2023-05-05T22:00:00,1450A,102.8204,24.8886,昆明市,呈贡新区,,28,24,21,11,13,120,88,114,103,13,8,6,7,0.6,0.5
2023-05-05T22:00:00,1451A,102.6251,24.9608,昆明市,西山森林公园,,35,17,19,0,12,126,109,120,115,12,13,5,10,0.6,0.8
2023-05-05T22:00:00,1452A,102.7252,25.0902,昆明市,龙泉镇,,29,20,20,13,10,110,90,107,101,13,9,6,8,0.3,0.3
2023-05-05T22:00:00,1453A,102.7266,25.0375,昆明市,东风东路,,27,22,24,4,15,104,84,97,88,12,10,9,7,0.6,0.6
2023-05-05T22:00:00,1454A,102.6742,25.0669,昆明市,金鼎山,,30,15,22,19,12,114,96,106,100,14,14,4,3,0.6,0.5
2023-05-05T22:00:00,1455A,102.6644,25.0401,昆明市,碧鸡广场,,29,24,21,19,12,113,90,106,99,16,11,9,6,0.6,0.4
2023-05-05T22:00:00,1456A,91.1319,29.6514,拉萨市,八廓街,,44,32,18,9,7,160,139,156,153,11,12,6,6,0.3,0.2
2023-05-05T22:00:00,1457A,91.1221,29.6747,拉萨市,市环保局,,36,29,15,13,6,168,115,164,156,37,10,6,5,0.6,0.4
2023-05-05T22:00:00,1458A,91.0874,29.6475,拉萨市,区监测站,,45,20,15,6,6,159,142,155,152,9,12,6,7,0.1,0.2
2023-05-05T22:00:00,1459A,91.1774,29.6541,拉萨市,西藏大学,,46,23,16,1,7,164,145,161,159,6,9,8,8,0.3,0.5
2023-05-05T22:00:00,1460A,90.9798,29.6588,拉萨市,区辐射站,,39,37,22,9,8,152,122,146,142,17,15,7,8,0.5,0.5
2023-05-05T22:00:00,1461A,91.0834,29.6292,拉萨市,拉萨火车站,,45,22,16,18,6,158,143,155,152,5,8,8,8,0.2,0.3
2023-05-05T22:00:00,1462A,108.882,34.2749,西安市,高压开关厂,颗粒物(PM10),58,66,99,30,35,96,53,78,61,24,26,7,8,0.3,0.3
2023-05-05T22:00:00,1463A,108.993,34.2629,西安市,兴庆小区,,39,39,90,24,37,83,37,69,52,20,18,5,5,0.5,0.8
2023-05-05T22:00:00,1464A,109.06,34.2572,西安市,纺织城,,49,49,102,32,42,96,28,82,54,34,24,4,5,0.4,0.4
2023-05-05T22:00:00,1465A,108.9356,34.2173,西安市,小寨,颗粒物(PM10),59,67,89,30,32,89,46,75,56,22,18,7,7,0.6,0.5
2023-05-05T22:00:00,1466A,108.954,34.2713,西安市,市人民体育场,,49,49,95,28,32,88,40,73,51,18,19,6,6,0.6,0.4
2023-05-05T22:00:00,1467A,108.8922,34.2322,西安市,高新西区,,50,50,92,28,36,98,50,81,62,24,18,6,7,0.6,0.4
2023-05-05T22:00:00,1468A,108.935,34.3474,西安市,经开区,颗粒物(PM10),52,53,94,32,36,81,50,70,56,20,23,2,3,0.3,0.3
2023-05-05T22:00:00,1469A,108.906,34.1546,西安市,长安区,,44,44,93,29,38,96,62,84,70,18,18,6,6,0.4,0.4
2023-05-05T22:00:00,1471A,109.2186,34.3731,西安市,临潼区,,43,43,98,21,44,91,75,80,74,13,18,6,7,0.6,0.5
2023-05-05T22:00:00,1472A,108.869,34.378,西安市,草滩,,47,47,86,22,34,83,23,70,45,43,30,3,9,2.6,2.5
2023-05-05T22:00:00,1473A,108.985,34.1978,西安市,曲江文化产业集团,颗粒物(PM10),53,55,100,29,36,100,50,86,66,33,21,4,5,0.5,0.3
2023-05-05T22:00:00,1474A,109.051,34.3213,西安市,广运潭,,47,47,96,29,36,78,39,71,51,28,26,5,6,0.5,0.4
2023-05-05T22:00:00,1476A,103.631,36.1031,兰州市,兰炼宾馆,细颗粒物(PM2.5),65,61,72,47,42,109,82,104,96,24,18,6,7,0.4,0.4
2023-05-05T22:00:00,1477A,104.1373,35.9454,兰州市,榆中兰大校区,,,,,,,,,,,,,,,,
2023-05-05T22:00:00,1478A,103.8412,36.0726,兰州市,生物制品所,颗粒物(PM10),59,68,70,30,36,107,73,101,91,35,20,5,9,0.5,0.5
2023-05-05T22:00:00,1479A,103.831,36.0464,兰州市,铁路设计院,细颗粒物(PM2.5),55,51,64,39,37,115,69,104,95,39,24,3,6,0.5,0.5
2023-05-05T22:00:00,1483A,101.524,36.6867,西宁市,第五水厂,,,,,,,,,,,,,,,,
2023-05-05T22:00:00,1484A,105.9512,38.6016,银川市,贺兰山马莲口,,37,37,72,19,34,124,94,110,109,10,13,12,16,0.5,0.7
2023-05-05T22:00:00,1488A,106.2328,38.4975,银川市,贺兰山东路,,50,50,124,24,61,113,94,98,98,14,26,4,10,0.2,0.6
2023-05-05T22:00:00,1489A,106.1358,38.5036,银川市,学院路,,34,34,128,18,58,110,69,96,93,26,29,8,12,0.3,0.7
2023-05-05T22:00:00,1490A,87.5801,43.8303,乌鲁木齐市,监测站,,28,28,32,6,9,93,80,89,88,20,24,4,4,0.3,0.5
2023-05-05T22:00:00,1491A,87.6046,43.768,乌鲁木齐市,收费所,,32,32,45,14,14,87,71,82,81,20,22,4,4,0.3,0.4
2023-05-05T22:00:00,1492A,87.4754,43.9469,乌鲁木齐市,新疆农科院农场,细颗粒物(PM2.5),69,36,58,50,52,90,80,86,86,15,33,5,5,0.4,0.5
2023-05-05T22:00:00,1493A,87.5525,43.8711,乌鲁木齐市,铁路局,,28,28,32,12,14,95,79,90,89,17,25,4,4,0.3,0.4
2023-05-05T22:00:00,1494A,87.6432,43.831,乌鲁木齐市,三十一中学,颗粒物(PM10),53,56,30,6,11,100,84,94,94,17,20,8,8,0.3,0.3
2023-05-05T22:00:00,1496A,87.7216,44.1747,乌鲁木齐市,米东区环保局,,30,28,44,10,15,106,96,102,102,4,16,8,9,0.2,0.2
2023-05-05T22:00:00,1508A,112.9433,27.8614,湘潭市,板塘,,21,12,23,6,14,81,65,73,60,17,19,4,4,0.2,0.1
2023-05-05T22:00:00,1511A,112.9118,27.8403,湘潭市,市监测站,,24,7,20,8,15,87,76,82,71,13,16,6,6,0.5,0.1
2023-05-05T22:00:00,1512A,112.8937,27.8728,湘潭市,江麓,,26,10,25,7,17,93,81,87,72,4,6,5,5,0.5,0.2
2023-05-05T22:00:00,1513A,112.9227,27.8159,湘潭市,岳塘,,21,8,26,10,19,92,65,84,66,11,11,8,7,0.6,0.4
2023-05-05T22:00:00,1514A,112.9074,27.9119,湘潭市,科大,,25,8,21,6,15,89,80,83,68,11,12,4,4,0.4,0.2
2023-05-05T22:00:00,1515A,113.135,27.8244,株洲市,天台山庄,,,,22,,19,114,,90,83,,9,,6,,0.5
2023-05-05T22:00:00,1518A,113.095,27.8867,株洲市,株冶医院,,20,12,27,14,16,110,57,86,75,22,16,4,4,0.7,0.4
2023-05-05T22:00:00,1519A,113.167,27.8667,株洲市,市四中,,19,7,15,8,16,110,59,84,71,9,9,8,8,0.8,0.6
2023-05-05T22:00:00,1520A,113.143,27.8381,株洲市,火车站,,20,12,23,11,17,115,62,92,80,16,13,6,6,0.7,0.5
2023-05-05T22:00:00,1524A,113.13,27.8528,株洲市,市监测站,,20,9,21,9,20,118,61,95,81,14,12,1,2,0.7,0.6
2023-05-05T22:00:00,1552A,106.805,26.3003,贵阳市,桐木岭,颗粒物(PM10),53,55,51,34,30,119,91,110,105,2,2,1,2,0.3,0.2
2023-05-05T22:00:00,1559A,113.251,27.8336,株洲市,大京风景区,,16,14,19,6,12,102,51,86,73,13,7,5,4,0.6,0.5
2023-05-05T22:00:00,1562A,113.0048,27.9153,湘潭市,昭山,,23,12,25,12,15,95,73,82,69,10,12,2,2,0.8,0.7
2023-05-05T22:00:00,1564A,112.4876,27.9164,湘潭市,韶山,,20,8,17,6,8,66,63,55,47,12,14,4,4,1.0,0.8
2023-05-05T22:00:00,1585A,109.8756,40.6532,包头市,市环境监测站,,28,28,19,9,10,103,81,100,86,12,8,9,9,0.4,0.4
2023-05-05T22:00:00,1587A,109.9991,40.5842,包头市,包头八中,,38,38,21,17,8,127,62,121,88,24,13,13,10,0.7,0.5
2023-05-05T22:00:00,1588A,109.8538,40.6821,包头市,青山宾馆,,25,23,16,11,7,97,79,93,82,12,9,7,7,0.4,0.5
2023-05-05T22:00:00,1589A,109.8642,40.6288,包头市,惠龙物流,,28,28,18,14,10,102,82,99,85,13,11,7,7,0.4,0.5
2023-05-05T22:00:00,1590A,110.0377,40.5546,包头市,东河鸿龙湾,,46,46,22,14,9,104,60,100,85,18,10,5,5,0.6,0.5
2023-05-05T22:00:00,1591A,110.0023,39.8129,鄂尔多斯市,综合楼,,39,39,30,7,12,114,61,107,94,26,16,6,10,0.5,0.7
2023-05-05T22:00:00,1592A,109.9486,39.8261,鄂尔多斯市,巴音孟克林场办事处,,34,34,31,9,15,118,79,109,100,13,14,17,9,0.6,0.7
2023-05-05T22:00:00,1593A,109.7736,39.5986,鄂尔多斯市,康泽苑,,34,34,35,14,17,110,73,106,98,16,11,8,9,0.4,0.6
2023-05-05T22:00:00,1594A,109.8119,39.5989,鄂尔多斯市,华泰汽车城,,34,34,33,17,18,110,69,106,98,18,10,7,8,0.4,0.5
2023-05-05T22:00:00,1595A,109.9734,39.7884,鄂尔多斯市,奥林花园,,39,39,34,12,15,120,69,110,101,19,13,6,7,0.6,0.7
2023-05-05T22:00:00,1597A,122.2703,40.7094,营口市,大庆路,颗粒物(PM10),61,72,39,4,22,114,79,101,98,19,17,4,5,0.4,0.6
2023-05-05T22:00:00,1598A,122.2150,40.6511,营口市,镜湖西路,颗粒物(PM10),63,75,42,7,18,101,72,90,88,15,16,6,7,0.2,0.5
2023-05-05T22:00:00,1599A,122.1658,40.6789,营口市,西炮台,颗粒物(PM10),69,87,41,17,19,112,81,101,98,18,17,9,8,0.3,0.5
2023-05-05T22:00:00,1600A,124.3303,40.0625,丹东市,江湾东路,,40,28,21,28,15,94,83,91,90,4,7,6,7,0.4,0.6
2023-05-05T22:00:00,1601A,124.4256,40.1503,丹东市,临江后街,,28,22,16,19,11,90,77,84,83,5,7,11,11,0.5,0.6
2023-05-05T22:00:00,1602A,124.3933,40.1461,丹东市,元宝山,颗粒物(PM10),52,53,34,34,16,84,71,79,78,5,6,7,8,0.7,0.6
2023-05-05T22:00:00,1603A,124.3633,40.1092,丹东市,民主桥,,26,24,19,18,14,85,79,80,80,6,16,4,5,0.6,0.7
2023-05-05T22:00:00,1604A,122.0303,41.1489,盘锦市,开发区,颗粒物(PM10),89,128,84,13,21,102,88,97,94,9,12,5,5,0.6,0.8
2023-05-05T22:00:00,1605A,122.0485,41.0883,盘锦市,兴隆台,颗粒物(PM10),94,137,67,9,18,102,87,93,91,14,17,6,6,0.4,0.7
2023-05-05T22:00:00,1606A,121.8297,41.1028,盘锦市,新生街道,颗粒物(PM10),89,127,99,14,18,98,82,94,89,16,16,5,5,0.5,0.6
2023-05-05T22:00:00,1607A,120.9092,40.7136,葫芦岛市,龙港区,颗粒物(PM10),64,77,50,13,17,106,79,99,94,24,17,25,19,0.3,0.4
2023-05-05T22:00:00,1608A,120.8392,40.7514,葫芦岛市,化工街,颗粒物(PM10),75,100,44,9,11,106,92,98,96,6,5,10,8,0.3,0.4
2023-05-05T22:00:00,1609A,120.8341,40.7073,葫芦岛市,新区,颗粒物(PM10),64,78,41,10,13,109,96,101,98,11,11,14,12,0.3,0.5
2023-05-05T22:00:00,1610A,120.8695,40.7677,葫芦岛市,东城区,颗粒物(PM10),61,72,29,7,9,111,95,101,99,9,7,14,11,0.3,0.5
2023-05-05T22:00:00,1611A,118.5819,24.9117,泉州市,涂山街,,23,23,22,16,9,77,44,66,55,21,11,7,6,0.5,0.5
2023-05-05T22:00:00,1612A,118.5972,24.8978,泉州市,津头埔,,27,27,23,18,13,73,40,63,52,24,14,7,8,0.5,0.4
2023-05-05T22:00:00,1613A,118.6663,24.9424,泉州市,万安,,27,27,23,7,12,81,50,70,58,10,4,7,7,0.5,0.5
2023-05-05T22:00:00,1614A,118.6117,24.9604,泉州市,清源山,,,,,,,,,,,,,,,,
2023-05-05T22:00:00,1616A,117.6795,36.229,济南市,技术学院,颗粒物(PM10),56,61,19,10,7,95,88,86,86,25,18,9,7,0.4,0.5
2023-05-05T22:00:00,1618A,118.3429,35.0532,临沂市,沂河小区,颗粒物(PM10),51,51,34,28,20,86,86,74,74,9,14,6,7,0.2,0.4
2023-05-05T22:00:00,1619A,118.295,35.0583,临沂市,鲁南制药厂,,44,44,30,14,18,93,93,80,80,15,26,8,9,0.2,0.5
2023-05-05T22:00:00,1620A,118.2794,34.9976,临沂市,新光毛纺厂,,48,48,30,12,17,82,82,69,69,13,23,4,5,0.3,0.6
2023-05-05T22:00:00,1621A,118.3956,35.0888,临沂市,河东保险公司,,48,48,34,14,19,96,96,80,80,14,23,8,8,0.4,0.6
2023-05-05T22:00:00,1622A,116.3032,37.4674,德州市,儿童乐园,,48,48,18,29,15,95,24,82,74,54,13,3,4,0.5,0.5
2023-05-05T22:00:00,1624A,116.2991,37.4451,德州市,监理站,颗粒物(PM10),57,63,25,27,12,106,53,92,86,42,16,8,9,0.6,0.6
2023-05-05T22:00:00,1625A,115.9848,36.4372,聊城市,区政府,,42,42,19,22,14,88,78,80,79,23,13,6,5,0.6,0.7
2023-05-05T22:00:00,1628A,118.0062,37.3803,滨州市,市环保局,颗粒物(PM10),51,51,25,23,15,98,77,87,86,18,9,5,4,0.4,0.4
2023-05-05T22:00:00,1629A,118.0018,37.3617,滨州市,第二水厂,,46,46,24,18,13,97,80,88,87,26,14,3,2,0.4,0.4
2023-05-05T22:00:00,1630A,117.9776,37.393,滨州市,北中新校,,50,50,28,23,15,89,60,82,79,28,11,4,4,0.3,0.3
2023-05-05T22:00:00,1631A,118.0414,36.8103,淄博市,人民公园,,36,36,25,18,29,88,36,75,70,36,10,7,8,0.5,0.3
2023-05-05T22:00:00,1633A,117.8525,36.4847,淄博市,双山,,39,39,16,13,9,86,67,77,77,32,18,8,7,0.2,0.3
2023-05-05T22:00:00,1634A,117.9592,36.6331,淄博市,气象站,,47,47,26,17,16,83,53,74,70,32,17,8,7,0.5,0.4
2023-05-05T22:00:00,1635A,118.3092,36.8194,淄博市,莆田园,颗粒物(PM10),51,51,25,22,17,92,37,80,71,42,13,12,8,0.3,0.2
2023-05-05T22:00:00,1637A,117.558,34.8438,枣庄市,市中区政府,,24,19,32,12,21,82,76,74,74,17,18,7,7,0.4,0.5
2023-05-05T22:00:00,1638A,117.2852,34.7837,枣庄市,薛城环保局,,27,27,33,7,23,76,73,71,71,19,19,8,8,0.4,0.5
2023-05-05T22:00:00,1639A,117.5852,34.7745,枣庄市,峄城区政府,,27,27,40,5,20,73,68,64,64,16,18,11,10,0.4,0.5
2023-05-05T22:00:00,1640A,117.7276,34.5578,枣庄市,台儿庄区环保局,,26,22,31,12,24,82,82,56,56,17,19,8,9,0.6,0.8
2023-05-05T22:00:00,1641A,117.4518,35.0992,枣庄市,山亭区环保局,,28,27,23,15,17,90,87,80,80,15,17,6,6,0.2,0.3
2023-05-05T22:00:00,1642A,121.2514,37.5639,烟台市,开发区,颗粒物(PM10),64,78,23,17,13,102,94,90,90,15,17,4,7,0.4,0.5
2023-05-05T22:00:00,1643A,121.3719,37.5433,烟台市,轴承厂,颗粒物(PM10),54,58,22,37,21,90,90,79,79,16,15,7,7,0.5,0.5
2023-05-05T22:00:00,1644A,121.3181,37.5436,烟台市,西郊化工站,颗粒物(PM10),57,63,21,12,12,105,101,93,93,12,15,5,4,0.3,0.4
2023-05-05T22:00:00,1645A,121.4478,37.4822,烟台市,莱山环保局,,,,13,,12,103,103,90,90,10,8,12,9,0.4,0.4
2023-05-05T22:00:00,1646A,121.2611,37.4967,烟台市,福山环保局,颗粒物(PM10),60,70,23,19,11,100,94,90,90,18,18,9,9,0.1,0.1
2023-05-05T22:00:00,1650A,119.1437,36.7023,潍坊市,环保局,颗粒物(PM10),74,97,38,19,17,110,105,102,102,13,15,8,7,0.5,0.6
2023-05-05T22:00:00,1653A,116.6251,35.4302,济宁市,火炬城,,38,38,29,12,13,88,85,78,77,15,10,10,10,0.6,0.7
2023-05-05T22:00:00,1655A,116.5491,35.4042,济宁市,电化厂,颗粒物(PM10),52,54,36,22,14,87,85,75,74,7,9,6,7,0.5,0.6
2023-05-05T22:00:00,1656A,117.1437,36.1937,泰安市,监测站,颗粒物(PM10),78,105,25,7,11,113,113,97,97,6,11,5,4,0.4,0.4
2023-05-05T22:00:00,1657A,117.0885,36.2017,泰安市,人口学校,颗粒物(PM10),91,132,31,14,8,108,107,92,92,1,8,6,4,0.3,0.3
2023-05-05T22:00:00,1658A,117.1089,36.1758,泰安市,电力学校,颗粒物(PM10),71,92,21,9,8,117,117,100,100,7,10,8,7,0.2,0.3
2023-05-05T22:00:00,1659A,119.471,35.4209,日照市,监测站,,36,36,22,15,16,84,84,69,69,16,23,3,3,0.2,0.4
2023-05-05T22:00:00,1660A,119.523,35.4216,日照市,市政府广场,,48,48,26,17,16,92,92,78,78,9,15,4,4,0.3,0.4
2023-05-05T22:00:00,1661A,119.5587,35.4044,日照市,港务局,颗粒物(PM10),52,53,25,19,14,95,95,82,82,14,20,5,6,0.3,0.4
2023-05-05T22:00:00,1662A,122.1214,37.4236,威海市,华夏技校,,29,27,4,20,8,88,86,83,83,11,11,4,3,0.5,0.4
2023-05-05T22:00:00,1663A,122.0508,37.5236,威海市,山大分校,细颗粒物(PM2.5),53,54,12,37,11,84,71,71,66,21,14,2,2,0.6,0.4
2023-05-05T22:00:00,1664A,122.1067,37.5072,威海市,市监测站,,49,44,11,34,9,87,87,75,75,13,16,5,4,0.6,0.5
2023-05-05T22:00:00,1666A,118.6614,37.4309,东营市,市环保局,,48,48,23,7,10,106,101,101,101,11,10,8,7,0.6,0.7
2023-05-05T22:00:00,1669A,113.5824,24.7733,韶关市,市八中,,50,50,35,22,16,78,26,72,52,30,19,12,11,0.7,0.5
2023-05-05T22:00:00,1671A,113.5917,24.7972,韶关市,园林处,,38,38,33,18,16,74,46,72,63,17,13,10,8,0.8,0.6
2023-05-05T22:00:00,1672A,113.6735,24.7791,韶关市,韶关学院,,40,36,35,28,22,78,24,66,53,22,16,9,11,0.6,0.5
2023-05-05T22:00:00,1673A,113.5971,24.6863,韶关市,曲江监测站,颗粒物(PM10),54,58,38,31,18,94,36,75,60,28,15,31,11,0.9,0.5
2023-05-05T22:00:00,1674A,116.6794,23.3667,汕头市,金平子站,,21,21,23,10,12,66,43,57,53,21,14,9,7,0.7,0.7
2023-05-05T22:00:00,1675A,116.7244,23.3633,汕头市,龙湖子站,,21,21,22,8,11,70,56,68,66,11,9,3,3,0.4,0.5
2023-05-05T22:00:00,1676A,116.7258,23.2775,汕头市,濠江子站,,18,16,22,12,10,78,49,66,65,13,10,7,7,0.5,0.5
2023-05-05T22:00:00,1677A,116.7519,23.4714,汕头市,澄海子站,,25,25,29,8,13,86,43,74,61,26,14,13,6,0.7,0.5
2023-05-05T22:00:00,1678A,116.6092,23.2539,汕头市,潮阳子站,,19,15,23,6,13,75,60,68,67,9,7,9,9,0.4,0.4
2023-05-05T22:00:00,1680A,110.3539,21.2706,湛江市,湛江影剧院,,38,38,33,14,13,100,36,82,61,13,8,6,6,0.4,0.4
2023-05-05T22:00:00,1681A,110.3928,21.2228,湛江市,市环境监测站,,37,37,29,16,13,89,33,72,54,12,8,7,7,0.5,0.4
2023-05-05T22:00:00,1682A,110.4019,21.1997,湛江市,环保局宿舍,,34,34,28,16,13,94,31,75,59,18,9,8,5,0.6,0.4
2023-05-05T22:00:00,1683A,110.4111,21.2028,湛江市,霞山游泳场,,41,41,30,17,18,89,39,72,58,10,9,6,6,0.4,0.4
2023-05-05T22:00:00,1684A,110.3316,21.2679,湛江市,麻章区环保局,,40,40,35,15,14,121,31,94,69,17,11,6,6,0.6,0.5
2023-05-05T22:00:00,1685A,110.4558,21.2567,湛江市,坡头区环保局,,25,25,25,12,12,81,40,72,59,7,6,6,7,0.4,0.5
2023-05-05T22:00:00,1686A,111.0286,21.4688,茂名市,电白南海,,31,31,25,12,13,55,46,52,48,5,4,4,5,0.4,0.4
2023-05-05T22:00:00,1687A,110.9294,21.6533,茂名市,茂石化七小,,24,24,26,13,11,57,47,54,52,6,6,4,4,0.4,0.5
2023-05-05T22:00:00,1688A,110.9107,21.6687,茂名市,健康路,,17,17,20,6,7,61,49,58,54,4,5,5,5,0.5,0.5
2023-05-05T22:00:00,1689A,110.8592,21.6828,茂名市,高岭,,29,29,30,17,15,66,48,59,55,7,6,3,4,0.5,0.5
2023-05-05T22:00:00,1690A,116.1231,24.3284,梅州市,梅江月梅,,37,37,24,16,13,83,66,74,73,14,11,8,6,0.5,0.4
2023-05-05T22:00:00,1691A,116.0797,24.2719,梅州市,梅县新城,,30,30,25,17,14,74,43,68,62,23,13,7,6,0.4,0.4
2023-05-05T22:00:00,1692A,116.1248,24.2654,梅州市,环境监控中心,,36,36,27,17,15,76,55,67,58,20,19,4,3,0.5,0.4
2023-05-05T22:00:00,1693A,115.3653,22.775,汕尾市,市环保局,,18,18,19,6,8,68,45,54,52,7,4,8,8,0.5,0.5
2023-05-05T22:00:00,1694A,115.3706,22.7898,汕尾市,市政府,,16,13,18,8,9,72,49,55,54,9,6,5,4,0.7,0.7
2023-05-05T22:00:00,1695A,115.3622,22.7925,汕尾市,新城中学,,,22,21,7,10,72,,55,54,6,4,6,6,0.6,0.7
2023-05-05T22:00:00,1696A,114.6778,23.7569,河源市,源西,,29,28,23,20,14,116,57,98,93,13,9,4,4,0.7,0.6
2023-05-05T22:00:00,1697A,114.6944,23.7586,河源市,东埔,,26,26,26,13,12,123,58,103,98,13,9,5,5,0.4,0.4
2023-05-05T22:00:00,1698A,114.6892,23.7233,河源市,老城,,35,35,37,12,12,121,55,105,99,16,9,4,4,0.6,0.6
2023-05-05T22:00:00,1699A,111.9797,21.8593,阳江市,鸳鸯湖,,18,18,20,8,9,57,51,55,54,1,2,6,6,0.6,0.6
2023-05-05T22:00:00,1701A,111.9491,21.8658,阳江市,马南垌,,23,23,21,9,11,56,49,54,52,3,4,5,5,0.5,0.4
2023-05-05T22:00:00,1702A,113.0426,23.691,清远市,环保大楼,,38,38,35,20,19,116,25,84,75,29,18,6,6,0.6,0.6
2023-05-05T22:00:00,1703A,113.0208,23.7106,清远市,凤城街办,,46,46,40,17,16,116,26,83,77,26,15,5,5,0.5,0.5
2023-05-05T22:00:00,1705A,116.6367,23.6719,潮州市,西园路,,31,31,33,16,14,78,34,62,54,16,11,5,4,0.5,0.4
2023-05-05T22:00:00,1706A,116.6447,23.6706,潮州市,档案局,,29,26,33,20,10,114,46,94,72,12,6,10,6,0.5,0.4
2023-05-05T22:00:00,1708A,116.3701,23.5345,揭阳市,新兴,,27,27,37,14,14,95,45,86,67,9,9,6,7,0.5,0.5
2023-05-05T22:00:00,1709A,116.3264,23.5443,揭阳市,西马,,36,36,38,7,13,92,47,76,65,9,10,5,5,0.5,0.5
2023-05-05T22:00:00,1710A,116.3611,23.5626,揭阳市,东兴,,33,33,37,14,11,95,48,86,70,5,5,3,4,0.5,0.6
2023-05-05T22:00:00,1711A,116.4151,23.5294,揭阳市,渔湖,,15,1,44,0,22,104,48,92,71,6,7,5,6,0.4,0.5
2023-05-05T22:00:00,1712A,112.0392,22.9169,云浮市,新市府,,25,25,19,12,11,76,51,68,67,4,3,2,2,0.6,0.5
2023-05-05T22:00:00,1714A,112.0539,22.9539,云浮市,牧羊,,32,32,28,14,13,72,43,62,61,20,13,12,8,0.4,0.4
2023-05-05T22:00:00,1715A,102.575,24.3711,玉溪市,东风水库,,34,34,29,11,13,100,92,97,97,7,11,6,7,0.4,0.5
2023-05-05T22:00:00,1718A,115.4208,35.2464,菏泽市,气象局,,22,22,21,9,11,99,70,83,80,14,11,3,4,0.4,0.4
2023-05-05T22:00:00,1719A,115.4747,35.2375,菏泽市,市政协,,,,,,,,,,,,,,,,
2023-05-05T22:00:00,1721A,113.3819,40.1097,大同市,果树场,,25,11,19,17,22,123,62,68,62,9,9,17,11,0.4,0.4
2023-05-05T22:00:00,1723A,113.2994,40.0758,大同市,云冈宾馆,,,17,23,13,11,98,65,76,68,,10,7,6,0,0.4
2023-05-05T22:00:00,1724A,113.3444,40.0917,大同市,大同大学,,21,20,27,12,12,102,66,68,64,13,13,10,10,0.5,0.7
2023-05-05T22:00:00,1725A,113.2661,40.1269,大同市,安家小村,,24,14,18,10,10,99,75,80,74,9,8,6,6,0.3,0.4
2023-05-05T22:00:00,1726A,113.2711,40.0844,大同市,教育学院,,23,10,22,5,14,91,71,74,67,10,10,6,7,0.4,0.5
2023-05-05T22:00:00,1727A,113.1147,36.1547,长治市,清华站,,27,19,26,9,19,118,86,96,88,10,19,9,8,0.7,0.8
2023-05-05T22:00:00,1728A,113.1031,36.1989,长治市,监测站,,28,28,29,12,20,111,81,94,87,8,16,7,7,0.7,0.8
2023-05-05T22:00:00,1730A,113.0886,36.2125,长治市,审计局,,27,16,24,14,24,117,85,95,88,7,17,9,10,0.6,0.7
2023-05-05T22:00:00,1731A,113.0844,36.1856,长治市,长治八中,,28,21,26,18,18,121,87,102,92,4,13,7,6,0.6,0.7
2023-05-05T22:00:00,1733A,111.5531,36.0783,临汾市,临钢医院,细颗粒物(PM2.5),87,88,134,64,80,102,56,91,84,28,26,2,5,1.2,1.4
2023-05-05T22:00:00,1734A,111.5028,36.0714,临汾市,技工学校,细颗粒物(PM2.5),67,73,104,48,56,102,77,92,87,15,22,5,7,1.2,1
2023-05-05T22:00:00,1736A,111.5018,36.0855,临汾市,市委,颗粒物(PM10),71,92,120,50,66,103,75,94,85,17,20,2,6,1.4,1
2023-05-05T22:00:00,1738A,113.5758,37.8572,阳泉市,市中心,,28,19,35,9,25,88,88,79,79,18,21,8,9,0.7,0.9
2023-05-05T22:00:00,1739A,113.4894,37.8731,阳泉市,赛鱼,,28,24,47,10,24,88,88,76,76,18,23,7,7,0.5,0.7
2023-05-05T22:00:00,1740A,113.5819,37.8486,阳泉市,南庄,,32,12,40,22,30,93,93,83,83,11,18,8,11,0.7,0.9
2023-05-05T22:00:00,1742A,113.5614,37.8703,阳泉市,平坦,,29,14,36,10,28,90,90,81,76,15,23,7,10,0.5,0.7
2023-05-05T22:00:00,1743A,113.5158,37.8392,阳泉市,大阳泉,,30,16,28,16,22,103,94,84,84,14,16,7,8,0.6,0.7
2023-05-05T22:00:00,1744A,118.9233,42.2816,赤峰市,松山一中,,23,17,49,7,9,91,72,88,81,20,18,10,10,0.4,0.4
2023-05-05T22:00:00,1745A,118.9576,42.2728,赤峰市,哈达街,,22,15,49,11,10,92,70,87,79,19,16,13,13,0.4,0.4
2023-05-05T22:00:00,1746A,118.8788,42.2554,赤峰市,天义路,,23,23,47,9,11,98,46,93,79,43,19,12,12,0.4,0.4
2023-05-05T22:00:00,1748A,123.044,41.1196,鞍山市,深沟寺,,31,31,40,8,27,101,77,87,86,14,16,8,9,0.4,0.6
2023-05-05T22:00:00,1749A,123.011,41.0931,鞍山市,太阳城,,27,23,41,7,30,104,84,93,93,18,18,7,9,0.4,0.7
2023-05-05T22:00:00,1750A,123.0485,41.1442,鞍山市,太平,,34,34,53,7,33,101,79,88,88,16,21,10,13,0.4,0.6
2023-05-05T22:00:00,1751A,122.9642,41.0971,鞍山市,铁西三道街,颗粒物(PM10),59,68,61,23,41,105,27,71,60,69,41,65,28,3.0,2.2
2023-05-05T22:00:00,1752A,122.9341,41.0833,鞍山市,铁西工业园区,,45,45,61,11,37,100,52,83,79,52,41,33,18,1.9,1.9
2023-05-05T22:00:00,1753A,123.022,41.0821,鞍山市,明达新区,,34,34,37,8,29,106,79,91,91,19,18,6,8,0.3,0.5
2023-05-05T22:00:00,1754A,123.1289,41.0228,鞍山市,千山,,,,,,,,,,,,,,,,
2023-05-05T22:00:00,1755A,123.7977,41.8491,抚顺市,望花区,,39,39,47,13,23,126,98,116,115,14,19,5,8,0.3,0.4
2023-05-05T22:00:00,1756A,123.9161,41.8822,抚顺市,顺城区,,33,29,45,6,24,118,105,110,110,7,19,4,8,0.3,0.4
2023-05-05T22:00:00,1757A,124.0436,41.8611,抚顺市,东洲区,,33,33,43,7,23,124,103,114,113,10,12,8,8,0.2,0.4
2023-05-05T22:00:00,1758A,123.9247,41.8642,抚顺市,新抚区,,34,34,45,10,28,122,108,113,113,10,16,6,10,0.2,0.4
2023-05-05T22:00:00,1759A,124.0972,41.8961,抚顺市,大伙房水库,,37,23,36,7,24,142,117,129,129,8,10,6,8,0.3,0.5
2023-05-05T22:00:00,1760A,123.7086,41.8391,抚顺市,沈抚新城,,40,40,44,9,25,129,94,121,113,15,19,7,8,0.3,0.5
2023-05-05T22:00:00,1761A,123.8275,41.3064,本溪市,大峪,,23,17,38,7,24,78,71,71,71,11,19,3,5,0.5,0.8
2023-05-05T22:00:00,1762A,123.7567,41.3325,本溪市,溪湖,,29,26,43,6,22,93,91,90,90,8,14,7,13,0.3,0.7
2023-05-05T22:00:00,1763A,123.7169,41.3094,本溪市,彩屯,,25,14,56,6,23,92,80,85,85,19,21,10,13,0.4,0.7
2023-05-05T22:00:00,1764A,123.7669,41.2864,本溪市,东明,,35,35,37,12,23,88,70,81,77,23,29,6,8,0.5,0.7
2023-05-05T22:00:00,1765A,123.7992,41.2664,本溪市,新立屯,,33,33,39,8,28,90,82,81,80,13,19,6,7,0.4,0.6
2023-05-05T22:00:00,1766A,123.8142,41.3472,本溪市,威宁,,29,20,41,7,27,92,90,84,77,10,23,5,7,0.6,0.9
2023-05-05T22:00:00,1767A,121.1115,41.0879,锦州市,南山,颗粒物(PM10),72,94,49,13,17,107,92,99,96,12,11,11,6,0.7,0.7
2023-05-05T22:00:00,1768A,121.0533,40.8434,锦州市,开发区,颗粒物(PM10),66,82,52,9,14,109,93,104,95,8,9,9,9,0.4,0.5
2023-05-05T22:00:00,1769A,121.1836,41.1119,锦州市,百股街道,颗粒物(PM10),69,88,51,12,15,109,87,102,97,14,11,9,5,0.7,0.7
2023-05-05T22:00:00,1770A,121.1178,41.1222,锦州市,天安街道,颗粒物(PM10),73,96,50,10,14,114,100,106,105,11,9,14,10,0.6,0.6
2023-05-05T22:00:00,1771A,121.1303,41.1386,锦州市,北湖公园,颗粒物(PM10),66,81,44,13,17,110,95,102,100,11,10,9,5,0.4,0.4
2023-05-05T22:00:00,1772A,126.54,43.8622,吉林市,哈达湾,,27,25,30,8,12,103,84,98,94,13,15,4,8,0.4,0.6
2023-05-05T22:00:00,1773A,126.5844,43.8358,吉林市,东局子,,27,20,24,8,11,104,84,99,95,12,12,5,6,0.5,0.5
2023-05-05T22:00:00,1774A,126.5052,43.8245,吉林市,电力学院,,31,31,36,11,13,113,94,106,102,13,15,11,13,0.6,0.5
2023-05-05T22:00:00,1775A,126.6133,43.8972,吉林市,江北,,26,22,31,9,12,105,83,98,93,9,16,6,6,0.5,0.5
2023-05-05T22:00:00,1776A,126.555,43.8306,吉林市,江南公园,,25,25,30,8,12,98,74,94,88,27,20,5,6,0.5,0.5
2023-05-05T22:00:00,1778A,126.7061,43.7133,吉林市,丰满,,26,20,33,11,20,93,81,89,88,5,8,4,5,0.4,0.5
2023-05-05T22:00:00,1779A,123.9305,47.3636,齐齐哈尔市,安居小区,,46,46,31,14,10,91,31,87,68,46,13,3,2,0.6,0.3
2023-05-05T22:00:00,1780A,123.9488,47.3386,齐齐哈尔市,中心广场,,42,42,25,14,5,91,26,87,71,52,13,6,5,0.7,0.3
2023-05-05T22:00:00,1781A,123.9483,47.3227,齐齐哈尔市,农牧车辆厂,,46,46,34,12,8,97,30,93,78,50,12,5,4,0.5,0.4
2023-05-05T22:00:00,1783A,123.945,47.2988,齐齐哈尔市,市环境监测站,颗粒物(PM10),58,65,37,26,16,96,31,93,77,43,10,6,3,0.7,0.4
2023-05-05T22:00:00,1784A,129.61,44.561,牡丹江市,环保大楼,,43,43,34,18,20,99,31,90,70,36,13,4,5,0.5,0.3
2023-05-05T22:00:00,1785A,129.6115,44.5782,牡丹江市,文化广场,颗粒物(PM10),60,69,38,33,22,87,27,79,56,44,20,6,4,0.8,0.5
2023-05-05T22:00:00,1786A,129.5904,44.5963,牡丹江市,第一医院,,40,36,35,28,23,95,37,86,67,32,15,4,4,0.6,0.5
2023-05-05T22:00:00,1787A,129.6364,44.6075,牡丹江市,机车工厂,,38,38,53,21,16,96,44,86,69,12,10,4,3,0.3,0.3
2023-05-05T22:00:00,1788A,129.6386,44.5462,牡丹江市,第一中学,,34,34,35,23,20,96,40,89,65,22,14,1,2,0.4,0.4
2023-05-05T22:00:00,1789A,124.81117,46.03138,大庆市,大同区,,24,24,22,9,6,101,76,97,90,10,7,3,3,0.2,0.2
2023-05-05T22:00:00,1790A,125.129,46.533,大庆市,龙凤区,,29,19,16,7,10,101,90,99,96,8,8,1,5,0.3,0.3
2023-05-05T22:00:00,1791A,124.902,46.408,大庆市,红岗区,,25,25,20,12,11,101,76,100,93,14,8,5,5,0.4,0.3
2023-05-05T22:00:00,1792A,125.153,46.586,大庆市,萨尔图区,,27,20,22,10,10,92,86,90,89,5,6,6,5,0.3,0.3
2023-05-05T22:00:00,1793A,124.9042,46.6215,大庆市,让胡路区,,26,25,23,18,11,98,67,96,88,18,8,6,6,0.3,0.2
2023-05-05T22:00:00,1794A,118.3606,31.3519,芜湖市,监测站,,29,25,23,20,16,89,46,89,59,19,27,5,6,0.6,0.8
2023-05-05T22:00:00,1795A,118.3714,31.4134,芜湖市,科创中心,,35,26,21,24,16,81,42,79,56,19,24,4,5,0.9,1.2
2023-05-05T22:00:00,1796A,118.3673,31.3131,芜湖市,四水厂,,26,23,21,18,16,101,40,90,61,27,22,6,7,0.7,0.8
2023-05-05T22:00:00,1798A,118.5092,31.6837,马鞍山市,湖东路四小,,39,30,19,27,21,76,35,69,47,26,17,12,8,0.8,0.9
2023-05-05T22:00:00,1799A,118.5024,31.6449,马鞍山市,开发区,,35,35,23,24,16,71,36,64,48,21,17,7,5,0.7,0.7
2023-05-05T22:00:00,1800A,118.5228,31.7231,马鞍山市,慈湖,,,,25,25,18,89,40,75,48,20,21,14,10,0.7,0.9
2023-05-05T22:00:00,1802A,118.6245,31.7241,马鞍山市,濮塘,,35,29,13,24,16,82,41,69,52,14,11,5,5,1.2,1.3
2023-05-05T22:00:00,1803A,115.9872,29.6815,九江市,十里,,41,41,27,28,14,144,78,122,118,27,17,12,11,0.8,0.9
2023-05-05T22:00:00,1804A,115.9584,29.7046,九江市,茅山头,,45,45,24,29,16,143,90,118,115,24,17,11,9,0.8,0.7
2023-05-05T22:00:00,1805A,115.9877,29.7295,九江市,西园,,39,31,20,27,17,125,74,101,97,41,30,7,9,0.8,0.7
2023-05-05T22:00:00,1806A,116.0172,29.6547,九江市,五七二七厂,,33,33,18,16,14,142,85,121,116,16,12,8,8,0.6,0.5
2023-05-05T22:00:00,1808A,115.9114,29.6038,九江市,综合工业园,,34,34,22,17,12,148,82,121,113,26,22,12,10,1.0,0.9
2023-05-05T22:00:00,1809A,116.0721,29.7535,九江市,石化总厂,,48,48,32,27,14,124,32,103,85,64,24,12,9,0.9,0.8
2023-05-05T22:00:00,1810A,115.9773,29.5698,九江市,庐山气象台,,29,11,8,10,10,125,90,116,97,5,5,7,7,0.8,0.9
2023-05-05T22:00:00,1812A,112.3931,34.6516,洛阳市,市委党校,细颗粒物(PM2.5),57,51,70,40,49,95,54,78,64,20,19,1,1,1.0,1
2023-05-05T22:00:00,1814A,112.4657,34.6871,洛阳市,豫西宾馆,,48,38,61,33,42,92,52,76,65,22,19,2,2,1.1,1.1
2023-05-05T22:00:00,1815A,112.494,34.6886,洛阳市,河南林校,细颗粒物(PM2.5),52,47,53,36,37,94,39,70,59,29,19,8,8,0.8,0.8
2023-05-05T22:00:00,1816A,112.3844,34.623,洛阳市,开发区管委会,,49,49,66,33,40,102,63,88,76,15,12,5,4,0.6,0.6
2023-05-05T22:00:00,1817A,112.4267,34.6258,洛阳市,市委新办公区,细颗粒物(PM2.5),55,48,62,39,46,105,56,85,68,21,16,6,5,0.6,0.7
2023-05-05T22:00:00,1818A,114.4839,36.0621,安阳市,棉研所,,25,16,17,11,10,97,80,93,87,4,5,7,6,0.5,0.6
2023-05-05T22:00:00,1819A,114.3551,36.1017,安阳市,红庙街,,39,35,30,27,20,99,79,92,88,10,12,3,3,0.5,0.8
2023-05-05T22:00:00,1820A,114.361,36.0681,安阳市,银杏小区,,25,20,18,8,8,97,77,89,85,10,12,6,6,0.7,0.8
2023-05-05T22:00:00,1824A,114.3389,34.7781,开封市,肿瘤医院,,25,18,22,13,15,97,77,92,87,5,4,4,5,0.7,0.7
2023-05-05T22:00:00,1826A,114.2885,34.7965,开封市,世纪星幼儿园,,24,18,23,9,11,93,74,88,84,8,7,3,4,0.6,0.7
2023-05-05T22:00:00,1828A,113.227,35.2125,焦作市,市环保局,,39,39,36,19,18,78,68,65,65,15,12,6,5,0.6,0.8
2023-05-05T22:00:00,1830A,113.1992,35.2590,焦作市,影视城,,33,17,33,23,25,66,49,49,49,10,10,8,9,0.8,1
2023-05-05T22:00:00,1832A,113.3257,33.742,平顶山市,新华旅馆,,32,32,33,9,17,92,79,87,87,13,16,3,4,0.5,0.6
2023-05-05T22:00:00,1833A,113.2919,33.737,平顶山市,规划设计院,,29,29,35,16,22,96,83,91,91,13,13,4,5,0.6,0.7
2023-05-05T22:00:00,1834A,113.182,33.774,平顶山市,平顶山工学院,,32,32,29,9,17,91,80,83,83,12,11,3,3,0.5,0.6
2023-05-05T22:00:00,1835A,111.1922,34.7752,三门峡市,市政府,颗粒物(PM10),72,94,103,42,42,106,58,92,82,30,18,9,9,0.5,0.5
2023-05-05T22:00:00,1836A,111.1587,34.7942,三门峡市,开发区,,,,11,47,40,104,65,95,89,21,13,6,6,0.5,0.6
2023-05-05T22:00:00,1838A,111.143,34.7955,三门峡市,风景区,细颗粒物(PM2.5),94,73,89,70,49,112,69,100,95,24,16,8,9,0.4,0.4
2023-05-05T22:00:00,1840A,111.2992,30.6981,宜昌市,白龙岗,,39,39,30,19,16,95,26,63,48,25,24,7,7,0.8,0.7
2023-05-05T22:00:00,1841A,111.3549,30.6465,宜昌市,伍家岗,,36,36,30,24,17,97,33,70,63,26,27,5,5,0.8,0.8
2023-05-05T22:00:00,1842A,111.2628,30.6961,宜昌市,点军区,,46,46,30,12,11,79,28,48,44,15,24,6,6,0.8,0.7
2023-05-05T22:00:00,1843A,111.3275,30.7819,宜昌市,夷陵区,,34,34,20,17,11,64,9,46,37,37,24,5,5,0.8,0.7
2023-05-05T22:00:00,1844A,112.2494,30.3197,荆州市,市图书馆,,27,18,29,16,18,122,85,114,104,12,12,6,6,0.8,0.8
2023-05-05T22:00:00,1845A,112.2008,30.3544,荆州市,市委党校,,36,30,33,25,21,128,91,119,110,11,13,6,6,0.8,0.8
2023-05-05T22:00:00,1847A,113.1094,29.3578,岳阳市,南湖风景区,,36,36,22,21,17,128,91,113,110,21,13,11,9,0.7,0.7
2023-05-05T22:00:00,1848A,113.1493,29.4251,岳阳市,城陵矶,,32,24,20,22,13,123,77,108,101,33,18,5,5,0.8,0.7
2023-05-05T22:00:00,1849A,113.1497,29.3575,岳阳市,开发区,,33,30,20,19,10,126,105,118,117,17,12,6,6,0.7,0.7
2023-05-05T22:00:00,1850A,113.2621,29.4758,岳阳市,云溪区,,35,26,16,24,12,133,107,123,123,12,9,7,6,0.8,0.7
2023-05-05T22:00:00,1851A,112.9943,29.4402,岳阳市,君山区,,33,20,19,19,17,123,103,118,114,12,11,6,6,0.7,0.6
2023-05-05T22:00:00,1852A,113.2117,29.355,岳阳市,金凤水库,,36,25,17,19,11,126,115,115,115,11,7,2,2,0.7,0.6
2023-05-05T22:00:00,1854A,111.6975,28.9703,常德市,市二中,,35,27,24,24,19,92,65,82,80,11,6,6,6,0.7,0.5
2023-05-05T22:00:00,1857A,111.7158,29.1456,常德市,白鹤山,,26,14,21,17,16,104,82,86,86,3,3,6,7,0.7,0.7
2023-05-05T22:00:00,1858A,110.5319,29.1217,张家界市,永定新区,,39,25,20,27,23,89,39,67,62,21,13,3,4,0.5,0.3
2023-05-05T22:00:00,1859A,110.4697,29.1242,张家界市,电业局,,29,23,23,20,17,78,43,66,61,22,13,3,3,0.6,0.5
2023-05-05T22:00:00,1860A,110.5594,29.3547,张家界市,未央路,,,24,24,24,15,88,,65,63,9,8,3,3,0.5,0.5
2023-05-05T22:00:00,1861A,110.4417,29.315,张家界市,袁家界,,34,13,12,13,9,107,107,99,99,5,5,7,7,0.8,0.7
2023-05-05T22:00:00,1862A,110.4144,25.3167,桂林市,电子科大尧山校区,,47,47,38,29,23,91,41,82,70,10,9,5,4,0.7,0.7
2023-05-05T22:00:00,1863A,110.2819,25.2697,桂林市,监测站,颗粒物(PM10),67,83,40,24,12,93,36,85,76,33,12,14,7,1.0,0.7
2023-05-05T22:00:00,1864A,110.3089,25.2708,桂林市,龙隐路小学,颗粒物(PM10),58,65,39,40,23,86,54,78,72,19,12,11,6,0.6,0.4
2023-05-05T22:00:00,1865A,110.2869,25.2178,桂林市,八中,细颗粒物(PM2.5),62,59,36,44,24,80,25,72,63,37,13,6,4,0.6,0.4
2023-05-05T22:00:00,1866A,109.2262,21.588,北海市,牛尾岭水库,,,28,26,20,14,35,25,32,32,,12,14,9,0.6,0.6
2023-05-05T22:00:00,1867A,109.1436,21.4086,北海市,海滩公园,,30,27,36,12,10,98,93,92,92,5,6,3,3,0.6,0.6
2023-05-05T22:00:00,1868A,109.0981,21.4661,北海市,新市环保局,,33,33,35,9,12,106,100,102,102,6,8,2,3,0.5,0.5
2023-05-05T22:00:00,1869A,109.1778,21.5233,北海市,北海工业园,,39,37,37,27,19,103,63,98,94,17,12,4,6,0.6,0.6
2023-05-05T22:00:00,1870A,109.4856,24.3895,柳州市,柳东小学,细颗粒物(PM2.5),55,52,38,39,28,129,95,111,111,13,10,12,7,0.6,0.5
2023-05-05T22:00:00,1871A,109.4157,24.3277,柳州市,环保监测站,颗粒物(PM10),53,56,45,31,24,110,70,95,94,23,14,4,4,0.8,0.7
2023-05-05T22:00:00,1872A,109.389,24.341,柳州市,河西水厂,颗粒物(PM10),55,59,42,34,24,101,60,85,84,26,17,4,4,1.0,0.8
2023-05-05T22:00:00,1873A,109.4311,24.2921,柳州市,市四中,颗粒物(PM10),56,61,43,26,21,109,63,94,92,24,14,6,7,0.9,0.7
2023-05-05T22:00:00,1874A,109.4006,24.3631,柳州市,市九中,颗粒物(PM10),62,74,52,35,22,103,58,88,86,27,16,6,7,0.8,0.6
2023-05-05T22:00:00,1875A,109.4958,24.3134,柳州市,古亭山,,46,38,42,32,27,115,89,97,97,9,9,2,2,0.7,0.6
2023-05-05T22:00:00,1876A,109.5078,18.2489,三亚市,河东子站,,23,23,22,11,11,49,48,46,45,4,3,2,3,0.4,0.4
2023-05-05T22:00:00,1877A,109.4964,18.2681,三亚市,河西子站,,26,26,23,11,12,49,44,45,45,7,7,2,2,0.4,0.4
2023-05-05T22:00:00,1878A,104.7778,31.4741,绵阳市,富乐山,颗粒物(PM10),56,62,87,28,40,125,90,118,109,9,12,3,4,0.4,0.4
2023-05-05T22:00:00,1879A,104.7563,31.4535,绵阳市,市人大,细颗粒物(PM2.5),57,60,89,40,38,112,73,101,90,18,25,5,7,0.3,0.2
2023-05-05T22:00:00,1880A,104.6697,31.4668,绵阳市,高新区自来水公司,颗粒物(PM10),53,55,91,27,32,126,83,116,104,9,16,6,6,0.5,0.5
2023-05-05T22:00:00,1881A,104.7287,31.5075,绵阳市,三水厂,颗粒物(PM10),56,62,93,28,40,124,88,113,104,8,28,4,5,0.3,0.4
2023-05-05T22:00:00,1882A,104.563,28.793,宜宾市,石马中学,,40,40,56,23,37,113,82,101,99,8,17,3,4,0.5,0.6
2023-05-05T22:00:00,1883A,104.6201,28.7728,宜宾市,市委,颗粒物(PM10),51,52,72,26,42,111,78,96,93,12,23,7,7,0.5,0.6
2023-05-05T22:00:00,1884A,104.6055,28.793,宜宾市,宜宾四中,颗粒物(PM10),53,55,69,31,49,110,79,98,95,13,24,4,6,0.5,0.6
2023-05-05T22:00:00,1885A,104.639,28.7562,宜宾市,市政府,,47,47,62,29,45,126,83,107,103,14,28,7,7,0.5,0.6
2023-05-05T22:00:00,1886A,104.5742,28.7199,宜宾市,黄金嘴,,48,48,61,25,41,121,87,104,102,10,23,7,7,0.3,0.4
2023-05-05T22:00:00,1888A,101.6891,26.571,攀枝花市,弄弄坪,细颗粒物(PM2.5),69,74,39,50,20,115,96,103,96,27,21,54,35,1.4,1.7
2023-05-05T22:00:00,1889A,101.5769,26.5928,攀枝花市,河门口,,34,26,29,10,12,119,107,115,111,9,12,9,9,0.5,0.6
2023-05-05T22:00:00,1890A,101.7169,26.585,攀枝花市,炳草岗,细颗粒物(PM2.5),74,93,35,54,17,120,102,114,107,29,20,15,18,1.0,0.9
2023-05-05T22:00:00,1891A,101.7369,26.5008,攀枝花市,仁和,,37,10,15,10,13,121,118,118,118,6,9,6,7,0.6,0.6
2023-05-05T22:00:00,1893A,105.4324,28.9634,泸州市,九狮山,,46,46,28,28,21,120,69,109,103,17,13,5,7,0.4,0.3
2023-05-05T22:00:00,1894A,105.4427,28.9063,泸州市,小市上码头,颗粒物(PM10),61,72,43,38,26,116,85,108,106,17,13,8,10,0.6,0.6
2023-05-05T22:00:00,1895A,105.4241,28.8573,泸州市,兰田宪桥,颗粒物(PM10),68,85,48,42,29,124,84,115,108,16,15,8,8,0.7,0.7
2023-05-05T22:00:00,1896A,105.4379,28.8833,泸州市,市环监站,颗粒物(PM10),53,56,42,19,23,114,80,104,101,26,19,5,7,0.5,0.6
2023-05-05T22:00:00,1901A,104.4239,31.1208,德阳市,东山公园,颗粒物(PM10),76,102,100,40,44,120,80,113,101,14,24,2,4,0.4,0.5
2023-05-05T22:00:00,1902A,104.3826,31.1317,德阳市,西小区,颗粒物(PM10),73,95,100,52,49,126,67,112,100,19,26,2,5,0.4,0.5
2023-05-05T22:00:00,1904A,104.3553,31.1091,德阳市,耐火材料厂,颗粒物(PM10),62,74,105,40,46,131,67,119,107,20,22,3,5,0.4,0.4
2023-05-05T22:00:00,1905A,106.056,30.8064,南充市,西山风景区,细颗粒物(PM2.5),69,77,44,50,30,123,75,113,106,9,7,8,6,0.5,0.4
2023-05-05T22:00:00,1906A,106.0789,30.8023,南充市,南充市委,,,82,61,42,30,128,,116,114,16,18,12,9,0.5,0.5
2023-05-05T22:00:00,1907A,106.1031,30.8217,南充市,南充炼油厂,颗粒物(PM10),72,93,62,47,29,122,67,108,98,14,13,10,10,0.5,0.5
2023-05-05T22:00:00,1908A,106.1064,30.7856,南充市,高坪区监测站,颗粒物(PM10),68,85,55,45,31,119,70,110,101,15,17,11,10,0.6,0.5
2023-05-05T22:00:00,1909A,106.0642,30.7636,南充市,嘉陵区环保局,颗粒物(PM10),67,83,53,44,29,139,75,126,113,18,19,10,8,0.7,0.6
2023-05-05T22:00:00,1910A,106.1087,30.8388,南充市,市环境监测站,颗粒物(PM10),67,83,60,40,36,123,68,108,99,15,16,9,10,0.7,0.6
2023-05-05T22:00:00,1911A,106.9222,27.6869,遵义市,丁字口,,49,22,43,34,45,157,76,136,120,11,20,6,8,0.6,0.7
2023-05-05T22:00:00,1912A,106.9242,27.7019,遵义市,凤凰山,,28,23,49,15,34,172,88,154,137,9,16,6,9,0.3,0.4
2023-05-05T22:00:00,1913A,106.8906,27.6486,遵义市,忠庄,,43,43,65,14,33,152,56,132,113,11,14,3,4,0.2,0.3
2023-05-05T22:00:00,1914A,106.9231,27.6506,遵义市,舟水桥,,26,22,54,18,31,162,69,140,123,6,17,1,3,0.3,0.4
2023-05-05T22:00:00,1915A,106.9178,27.72,遵义市,干田坝,,27,25,51,15,27,166,84,150,129,10,15,6,8,0.6,0.7
2023-05-05T22:00:00,1916A,103.7897,25.5035,曲靖市,环境监测站,,,34,43,16,18,145,,128,124,9,9,3,10,0.3,0.7
2023-05-05T22:00:00,1917A,103.8,25.5364,曲靖市,烟厂办公区,,39,39,45,13,20,139,97,129,122,12,10,21,8,0.7,0.9
2023-05-05T22:00:00,1918A,108.7197,34.3956,咸阳市,气象站,颗粒物(PM10),51,52,101,29,37,86,35,71,48,28,24,4,4,0.5,0.4
2023-05-05T22:00:00,1919A,108.673,34.3155,咸阳市,实验中学,,48,47,93,33,37,88,37,70,52,24,21,3,4,0.8,0.7
2023-05-05T22:00:00,1920A,108.7233,34.3617,咸阳市,师范学院,颗粒物(PM10),51,51,97,31,33,91,44,77,55,24,22,6,6,0.5,0.5
2023-05-05T22:00:00,1922A,109.0656,35.0994,铜川市,党校,颗粒物(PM10),51,51,84,25,30,91,10,69,38,42,25,9,9,0.9,0.6
2023-05-05T22:00:00,1923A,109.0697,35.0697,铜川市,王益区政府,颗粒物(PM10),58,66,81,32,33,94,18,76,51,43,22,8,9,0.7,0.4
2023-05-05T22:00:00,1924A,108.9344,34.9058,铜川市,新区管委会,颗粒物(PM10),62,73,86,42,39,92,13,80,56,54,19,6,6,0.8,0.4
2023-05-05T22:00:00,1926A,109.4131,36.6275,延安市,枣园,,32,28,61,22,28,107,30,97,70,32,18,9,9,0.4,0.4
2023-05-05T22:00:00,1927A,109.4761,36.6028,延安市,延大医附院,,38,30,65,26,29,111,28,100,70,45,21,4,4,0.5,0.4
2023-05-05T22:00:00,1929A,109.5056,36.6106,延安市,百米大道,,36,32,67,25,31,99,48,90,66,33,25,6,6,0.5,0.4
2023-05-05T22:00:00,1930A,107.185,34.3063,宝鸡市,庙沟村,颗粒物(PM10),51,51,65,26,29,91,66,86,59,12,9,6,6,0.5,0.4
2023-05-05T22:00:00,1931A,107.0708,34.3017,宝鸡市,竹园沟,,42,42,59,24,27,80,50,63,58,20,19,6,6,0.3,0.3
2023-05-05T22:00:00,1932A,107.1906,34.3672,宝鸡市,三陆医院,颗粒物(PM10),57,64,85,33,31,62,27,50,38,27,32,6,8,0.5,0.5
2023-05-05T22:00:00,1933A,107.1431,34.3547,宝鸡市,监测站,颗粒物(PM10),56,62,75,31,30,52,22,46,36,21,19,5,6,0.3,0.3
2023-05-05T22:00:00,1934A,107.1186,34.3739,宝鸡市,技工学校,颗粒物(PM10),57,63,74,36,33,67,22,61,47,30,16,5,5,0.4,0.3
2023-05-05T22:00:00,1935A,107.3906,34.3528,宝鸡市,陈仓区环保局家属楼,颗粒物(PM10),58,66,91,34,37,72,28,55,38,38,31,4,5,0.5,0.5
2023-05-05T22:00:00,1936A,107.2058,34.3497,宝鸡市,文理学院,颗粒物(PM10),57,64,84,39,28,57,22,51,38,40,25,8,8,0.6,0.5
2023-05-05T22:00:00,1937A,107.2386,34.3622,宝鸡市,三迪小学,颗粒物(PM10),57,64,85,30,32,60,32,54,44,29,27,9,9,0.6,0.5
2023-05-05T22:00:00,1938A,109.5293,34.5101,渭南市,农科所,细颗粒物(PM2.5),58,63,102,41,53,84,44,75,58,24,21,7,7,0.5,0.4
2023-05-05T22:00:00,1939A,109.4974,34.4877,渭南市,日报社,细颗粒物(PM2.5),54,48,99,38,43,79,30,70,49,44,30,6,6,0.4,0.4
2023-05-05T22:00:00,1940A,109.4636,34.493,渭南市,体育馆,细颗粒物(PM2.5),52,48,93,36,48,84,30,73,47,40,27,6,7,0.4,0.4
2023-05-05T22:00:00,1941A,109.4259,34.5023,渭南市,高新一小,颗粒物(PM10),52,54,108,24,38,77,49,67,53,25,23,3,4,0.5,0.4
2023-05-05T22:00:00,1943A,102.1725,38.5339,金昌市,新川苑,颗粒物(PM10),118,185,152,44,37,118,100,113,109,12,21,18,35,0.5,0.6
2023-05-05T22:00:00,1944A,102.1692,38.5167,金昌市,天庆家园,颗粒物(PM10),101,152,115,43,40,125,104,120,114,14,21,170,36,0.7,0.6
2023-05-05T22:00:00,1945A,98.2908,39.7711,嘉峪关市,气象局,颗粒物(PM10),96,141,95,48,32,114,89,110,104,22,9,26,4,0.4,0.1
2023-05-05T22:00:00,1947A,106.3394,38.817,石嘴山市,沙湖旅游区,细颗粒物(PM2.5),58,46,141,41,70,123,88,108,107,15,26,17,22,0.5,0.8
2023-05-05T22:00:00,1948A,106.3668,39.0145,石嘴山市,大武口朝阳西街,颗粒物(PM10),60,70,140,10,72,111,68,95,91,26,33,19,17,0.5,0.6
2023-05-05T22:00:00,1949A,106.7704,39.2282,石嘴山市,惠农南大街,颗粒物(PM10),76,102,112,17,47,96,57,87,75,40,37,74,28,0.9,1.1
2023-05-05T22:00:00,1950A,106.7099,39.1325,石嘴山市,红果子镇惠新街,颗粒物(PM10),64,78,97,16,44,114,70,99,91,22,25,18,16,0.7,0.6
2023-05-05T22:00:00,1951A,84.895,45.6094,克拉玛依市,长征新村,,29,17,16,15,6,100,91,97,96,4,4,6,6,0.2,0.2
2023-05-05T22:00:00,1952A,84.8988,45.5893,克拉玛依市,南林小区,,28,20,17,8,11,97,88,94,93,6,6,4,4,0.2,0.2
2023-05-05T22:00:00,1954A,84.905,44.3396,克拉玛依市,独山子区,,32,22,15,10,10,107,101,104,104,5,5,6,6,0.3,0.3
2023-05-05T22:00:00,1955A,85.6979,46.098,克拉玛依市,乌尔禾区商贸楼,,29,24,20,10,7,99,90,96,95,4,7,5,6,0.2,0.3
2023-05-05T22:00:00,1956A,86.1472,41.7538,巴音郭楞州,孔雀公园,,43,43,48,18,12,107,79,105,90,19,7,3,3,0.4,0.3
2023-05-05T22:00:00,1957A,86.1972,41.7166,巴音郭楞州,棉纺厂,,,,54,,14,103,,102,91,21,7,,3,,0.2
2023-05-05T22:00:00,1958A,86.2357,41.7173,巴音郭楞州,经济开发区,,31,21,35,5,10,108,98,106,102,7,3,5,5,0.2,0.2
2023-05-05T22:00:00,1961A,117.532,36.6868,济南市,东山小学,颗粒物(PM10),55,59,19,17,9,97,79,86,86,20,12,7,4,0.4,0.4
2023-05-05T22:00:00,1966A,120.0405,35.8735,青岛市,黄岛区4号,颗粒物(PM10),51,51,28,22,14,77,77,66,66,18,18,6,6,0.7,0.7
2023-05-05T22:00:00,1982A,122.0693,37.2174,威海市,文登开发区,,28,22,9,14,5,89,87,79,79,7,10,4,4,0.6,0.5
2023-05-05T22:00:00,2031A,113.1817,27.9958,株洲市,云田中学,,21,7,18,10,15,113,67,89,76,16,13,4,4,0.7,0.5
2023-05-05T22:00:00,2054A,114.1099,32.1059,信阳市,平桥分局,,25,23,28,17,27,90,75,87,85,13,13,6,6,0.6,0.8
2023-05-05T22:00:00,2064A,113.9956,32.1271,信阳市,南湾水厂,,40,40,43,9,17,87,76,80,79,6,6,5,5,0.5,0.6
2023-05-05T22:00:00,2065A,114.0775,32.1195,信阳市,市酿酒公司,,41,41,32,19,25,91,78,88,86,11,13,7,6,0.5,0.7
2023-05-05T22:00:00,2066A,114.0609,32.1399,信阳市,审计局,,34,34,46,18,25,90,78,88,85,10,12,6,6,0.5,0.7
2023-05-05T22:00:00,2067A,114.6613,33.6128,周口市,市环境监测站,,30,14,28,19,18,96,94,92,90,6,6,8,3,0.7,0.7
2023-05-05T22:00:00,2068A,114.6758,33.6347,周口市,周口师范,,28,22,18,19,15,90,88,85,84,8,7,13,6,0.6,0.7
2023-05-05T22:00:00,2069A,114.6546,33.5979,周口市,市运管处,,29,17,20,17,14,95,92,92,90,7,6,8,5,0.7,0.7
2023-05-05T22:00:00,2070A,114.6369,33.6406,周口市,川汇区环保局,,27,16,23,17,13,93,86,89,87,8,7,7,6,0.8,0.7
2023-05-05T22:00:00,2075A,117.6336,24.4674,漳州市,九湖,,,,,,,,,,,,,,,,
2023-05-05T22:00:00,2160A,112.85,35.5051,晋城市,自来水公司,,40,40,46,22,26,91,80,82,82,10,16,5,6,0.9,0.9
2023-05-05T22:00:00,2161A,112.8318,35.4936,晋城市,白云商贸,,36,36,38,24,28,89,77,78,78,12,16,5,6,0.9,0.9
2023-05-05T22:00:00,2162A,112.8508,35.4887,晋城市,市环保局,,36,36,38,17,31,87,76,77,77,14,20,6,7,0.8,0.9
2023-05-05T22:00:00,2163A,112.8676,35.4897,晋城市,技术学院,,35,17,30,24,30,90,72,77,74,11,15,6,7,0.5,0.6
2023-05-05T22:00:00,2165A,112.8453,35.546,晋城市,白马寺,,,,,,,,,,,,,,,,
2023-05-05T22:00:00,2166A,112.4397,39.3522,朔州市,平朔,细颗粒物(PM2.5),54,24,21,38,22,63,30,56,38,23,28,5,6,0.6,0.5
2023-05-05T22:00:00,2167A,112.4575,39.3617,朔州市,朔唯,细颗粒物(PM2.5),55,44,24,39,25,60,28,54,39,34,30,7,9,0.6,0.6
2023-05-05T22:00:00,2168A,112.4258,39.3197,朔州市,区政府,,45,45,30,24,21,65,38,59,42,16,20,4,5,0.7,0.7
2023-05-05T22:00:00,2169A,112.4072,39.3278,朔州市,市环保局,,49,42,29,34,22,71,42,64,43,23,32,3,5,0.6,0.6
2023-05-05T22:00:00,2170A,112.4272,39.3681,朔州市,市二中,细颗粒物(PM2.5),53,45,33,37,21,63,29,57,34,20,28,5,5,0.5,0.5
2023-05-05T22:00:00,2171A,112.7532,37.6945,晋中市,锦纶小区,,29,2,27,2,22,110,90,95,91,16,18,7,9,0.4,0.5
2023-05-05T22:00:00,2173A,112.7249,37.7067,晋中市,南都小区,,26,6,33,8,24,105,81,92,86,17,18,6,8,0.6,0.7
2023-05-05T22:00:00,2174A,112.6991,37.6982,晋中市,榆次区政府,,24,7,44,9,24,99,76,86,80,18,24,8,10,0.6,0.7
2023-05-05T22:00:00,2175A,110.9956,35.0147,运城市,运城中学,颗粒物(PM10),63,76,81,37,39,105,70,98,91,12,8,6,6,0.5,0.4
2023-05-05T22:00:00,2178A,110.9686,35.0303,运城市,地区技校,颗粒物(PM10),67,84,82,30,34,108,66,98,91,12,8,4,4,0.6,0.5
2023-05-05T22:00:00,2179A,111.0414,35.1147,运城市,空港新区,颗粒物(PM10),70,89,96,41,43,111,73,97,93,21,15,6,7,0.4,0.5
2023-05-05T22:00:00,2181A,112.7383,38.4519,忻州市,开发区,,18,9,39,8,28,74,55,74,58,17,27,5,9,0.5,0.7
2023-05-05T22:00:00,2182A,112.7003,38.4928,忻州市,会展中心,,26,15,41,18,28,58,52,54,53,16,31,4,7,0.2,0.4
2023-05-05T22:00:00,2183A,111.1406,37.5211,吕梁市,环保局,,20,20,70,10,22,68,24,60,46,37,26,10,8,0.6,0.5
2023-05-05T22:00:00,2185A,111.1297,37.5136,吕梁市,自来水公司,,26,26,73,11,23,69,38,62,49,23,23,4,4,0.5,0.5
2023-05-05T22:00:00,2187A,106.8174,39.6973,乌海市,市林业局,,46,46,92,17,29,111,101,106,105,6,24,9,16,0.6,1
2023-05-05T22:00:00,2188A,106.7907,39.6667,乌海市,中海勃湾学校,,38,38,90,21,28,110,94,105,101,13,29,8,16,0.3,0.8
2023-05-05T22:00:00,2191A,122.2532,43.6801,通辽市,艺术职业学校,颗粒物(PM10),51,51,62,1,10,101,88,96,95,11,12,5,5,0.1,0.1
2023-05-05T22:00:00,2192A,119.7594,49.2261,呼伦贝尔市,区环保局,,49,49,37,29,18,99,39,95,80,49,19,5,5,0.4,0.3
2023-05-05T22:00:00,2195A,107.4212,40.761,巴彦淖尔市,附二中,颗粒物(PM10),51,52,68,24,19,104,73,98,91,14,10,4,4,0.5,0.5
2023-05-05T22:00:00,2196A,107.37,40.7372,巴彦淖尔市,市环保大楼,颗粒物(PM10),54,58,81,23,27,108,78,102,95,13,9,5,6,0.4,0.4
2023-05-05T22:00:00,2197A,113.1306,40.9923,乌兰察布市,集宁新区,,32,24,23,22,16,86,79,84,74,10,7,9,10,0.4,0.4
2023-05-05T22:00:00,2200A,122.0392,46.0656,兴安盟,胜华新制药厂,,45,45,24,26,14,97,63,93,82,20,13,6,4,0.6,0.4
2023-05-05T22:00:00,2201A,121.9504,46.0741,兴安盟,科右前旗环保局,,43,43,22,22,16,101,57,97,88,39,16,6,3,0.6,0.5
2023-05-05T22:00:00,2202A,116.1042,43.9317,锡林郭勒盟,市环保监测站,,21,10,13,9,6,105,66,103,90,7,4,14,11,0.2,0.2
2023-05-05T22:00:00,2203A,116.0781,43.9311,锡林郭勒盟,市政府,,24,24,16,2,6,104,58,101,90,21,7,11,8,0.3,0.2
2023-05-05T22:00:00,2204A,105.6467,38.8363,阿拉善盟,西城区西花园,颗粒物(PM10),67,83,115,40,40,128,78,110,105,25,16,8,7,0.6,0.6
2023-05-05T22:00:00,2205A,105.6985,38.8411,阿拉善盟,蒙二幼,细颗粒物(PM2.5),94,109,138,70,48,129,74,109,105,31,15,9,9,0.7,0.5
2023-05-05T22:00:00,2206A,105.724,38.8516,阿拉善盟,环保局新楼,细颗粒物(PM2.5),82,108,94,60,43,124,80,111,108,27,10,8,7,0.7,0.5
2023-05-05T22:00:00,2207A,121.6094,41.998,阜新市,工业园区,颗粒物(PM10),63,75,93,8,18,105,103,102,102,5,7,9,10,0.6,0.4
2023-05-05T22:00:00,2208A,121.6697,42.0279,阜新市,长青街,颗粒物(PM10),51,51,77,15,20,98,95,96,96,10,11,6,10,0.4,0.5
2023-05-05T22:00:00,2209A,121.6673,42.0705,阜新市,农业园区,颗粒物(PM10),51,52,57,9,17,99,97,97,97,12,12,11,10,0.7,0.3
2023-05-05T22:00:00,2210A,121.6717,42.0224,阜新市,东苑,颗粒物(PM10),58,66,82,7,17,99,96,97,97,8,9,7,18,0.5,0.7
2023-05-05T22:00:00,2211A,121.6506,42.0498,阜新市,玉龙新城,颗粒物(PM10),60,70,67,17,16,97,93,94,94,7,6,12,8,1.2,0.6
2023-05-05T22:00:00,2212A,123.2,41.1953,辽阳市,宏伟区,,34,34,41,11,25,99,71,84,84,22,21,15,14,0.4,0.6
2023-05-05T22:00:00,2213A,123.1683,41.2495,辽阳市,新华园,,45,45,48,13,26,93,70,80,80,12,23,11,13,0.4,0.6
2023-05-05T22:00:00,2214A,123.2354,41.2639,辽阳市,滨河路,,39,39,41,11,29,93,67,79,78,20,22,10,8,0.4,0.6
2023-05-05T22:00:00,2215A,123.149,41.2991,辽阳市,铁西工业园,,44,44,44,9,24,102,79,86,86,15,19,6,8,0.3,0.5
2023-05-05T22:00:00,2216A,123.8139,42.3022,铁岭市,汇工街西,,,,44,14,24,107,81,96,93,10,14,13,17,0.3,0.6
2023-05-05T22:00:00,2217A,123.8649,42.2923,铁岭市,水上乐园,,33,33,42,12,22,102,56,90,85,34,20,5,5,0.3,0.3
2023-05-05T22:00:00,2218A,123.8486,42.2867,铁岭市,银州路东段,,33,33,43,14,26,101,74,92,90,20,18,7,8,0.5,0.5
2023-05-05T22:00:00,2219A,123.7153,42.2217,铁岭市,金沙江路北,,36,36,44,8,22,106,82,96,94,12,15,5,6,0.3,0.4
2023-05-05T22:00:00,2220A,120.4318,41.5881,朝阳市,西梁,,29,29,28,6,8,101,80,92,88,14,10,8,7,0.5,0.5
2023-05-05T22:00:00,2221A,120.4521,41.5646,朝阳市,河畔小区,,32,32,35,6,8,107,85,97,93,12,11,8,8,0.5,0.5
2023-05-05T22:00:00,2222A,120.4176,41.5648,朝阳市,八里堡,,33,33,38,9,9,108,66,99,91,29,13,11,7,0.5,0.6
2023-05-05T22:00:00,2223A,120.3806,41.5969,朝阳市,农业园区,,49,49,36,7,8,109,76,99,93,18,10,10,9,0.5,0.5
2023-05-05T22:00:00,2225A,124.4002,43.1713,四平市,一商场,,29,29,65,6,17,108,80,100,97,11,16,7,7,0.1,0.2
2023-05-05T22:00:00,2226A,124.388,43.193,四平市,境园,,40,40,59,7,27,104,72,97,94,9,13,9,7,0.1,0.2
2023-05-05T22:00:00,2227A,125.1358,42.8845,辽源市,环保局,,29,18,30,15,16,102,91,97,95,10,12,7,7,0.4,0.4
2023-05-05T22:00:00,2229A,125.9358,41.7173,通化市,光明,,23,15,31,13,20,77,73,74,74,7,21,11,19,0.2,0.4
2023-05-05T22:00:00,2230A,125.9446,41.7325,通化市,铁路,,23,21,27,16,18,78,72,73,73,5,19,4,11,0.2,0.5
2023-05-05T22:00:00,2231A,126.4219,41.9171,白山市,喜丰,,24,24,53,11,20,73,62,68,58,15,24,10,13,1.4,1.7
2023-05-05T22:00:00,2232A,126.4077,41.9419,白山市,环保局,,28,28,55,12,22,83,79,76,75,6,23,9,10,0.8,0.8
2023-05-05T22:00:00,2233A,124.8006,45.1214,松原市,江南,,42,42,37,12,11,108,84,104,97,10,5,5,6,0.3,0.3
2023-05-05T22:00:00,2234A,124.7965,45.1722,松原市,江北,,27,27,39,12,13,105,77,99,95,8,10,2,4,0.3,0.3
2023-05-05T22:00:00,2235A,122.7911,45.6077,白城市,洮北区环保局,,,24,16,13,8,113,78,108,101,,9,5,6,0.2,0.1
2023-05-05T22:00:00,2236A,122.8738,45.5725,白城市,市环保局,颗粒物(PM10),52,53,32,15,11,115,78,109,102,17,10,3,4,0.2,0.2
2023-05-05T22:00:00,2237A,129.47,42.8883,延边朝鲜族自治州,妇幼医院,,25,22,33,17,20,116,32,116,64,12,12,7,7,0.5,0.6
2023-05-05T22:00:00,2238A,129.5055,42.9108,延边朝鲜族自治州,延边医院,,29,29,35,15,20,115,48,115,68,12,13,7,8,0.6,0.6
2023-05-05T22:00:00,2239A,129.3964,42.8881,延边朝鲜族自治州,朝阳川镇医院,,24,24,35,10,20,116,36,107,68,10,14,8,9,0.5,0.6
2023-05-05T22:00:00,2240A,130.9762,45.3001,鸡西市,环保局,颗粒物(PM10),54,57,36,21,16,93,42,86,74,40,20,5,6,0.4,0.2
2023-05-05T22:00:00,2243A,130.9429,45.3039,鸡西市,第一中学,颗粒物(PM10),51,52,28,25,13,97,65,89,81,16,10,5,4,0.4,0.4
2023-05-05T22:00:00,2244A,130.2537,47.3416,鹤岗市,哈啤分公司,,29,22,18,15,10,93,91,91,90,6,6,9,10,0.2,0.2
2023-05-05T22:00:00,2245A,130.2684,47.3086,鹤岗市,斯达机电,,30,30,18,16,14,93,93,88,87,5,6,5,6,0.2,0.2
2023-05-05T22:00:00,2246A,130.3114,47.3388,鹤岗市,东山纸板厂,颗粒物(PM10),63,76,31,18,10,91,81,90,86,11,6,11,9,0.3,0.2
2023-05-05T22:00:00,2247A,130.1097,47.3382,鹤岗市,五号水库,,27,14,12,9,9,100,85,97,90,6,5,8,8,0.0,0
2023-05-05T22:00:00,2248A,131.1511,46.6937,双鸭山市,双合村,颗粒物(PM10),54,57,25,20,12,100,48,96,84,18,9,6,6,0.6,0.6
2023-05-05T22:00:00,2249A,131.1652,46.6191,双鸭山市,南小市,细颗粒物(PM2.5),57,56,27,40,15,103,37,98,83,29,9,5,5,0.7,0.5
2023-05-05T22:00:00,2250A,131.1524,46.6554,双鸭山市,环保局,颗粒物(PM10),69,88,24,43,20,95,29,91,78,43,8,8,6,1.1,0.4
2023-05-05T22:00:00,2251A,131.12,46.5656,双鸭山市,苗圃,,37,37,25,25,15,113,68,108,94,8,8,3,4,0.3,0.3
2023-05-05T22:00:00,2252A,128.5159,47.4311,伊春市,环保局,,23,22,15,16,10,86,52,83,76,21,9,5,5,0.4,0.3
2023-05-05T22:00:00,2253A,128.9102,47.7412,伊春市,电力嘉园,,26,26,21,15,12,101,64,99,88,13,6,5,5,0.5,0.5
2023-05-05T22:00:00,2254A,129.5029,48.471,伊春市,汤旺河国家公园,,30,25,18,21,18,112,75,98,88,3,3,5,5,0.7,0.8
2023-05-05T22:00:00,2255A,130.2751,46.8028,佳木斯市,佳纺,,30,30,23,16,12,98,73,94,78,12,9,2,3,0.4,0.3
2023-05-05T22:00:00,2256A,130.3995,46.8307,佳木斯市,发电厂,,26,26,20,12,9,94,75,91,80,6,6,6,6,0.4,0.4
2023-05-05T22:00:00,2257A,130.3258,46.7975,佳木斯市,环保局,,27,27,23,14,12,90,63,84,67,25,15,4,3,0.4,0.3
2023-05-05T22:00:00,2258A,130.3648,46.8032,佳木斯市,十一中,,29,29,23,20,13,89,77,87,77,11,9,5,6,0.4,0.3
2023-05-05T22:00:00,2259A,130.3794,46.7588,佳木斯市,四丰,臭氧1小时,108,28,15,13,10,225,215,215,215,27,11,1,1,0.4,0.2
2023-05-05T22:00:00,2262A,131.0518,45.8751,七台河市,新一中,,28,24,21,15,15,108,89,101,97,6,8,6,7,0.7,0.7
2023-05-05T22:00:00,2263A,127.4833,50.2524,黑河市,交通局,,44,44,20,23,11,104,42,96,82,27,10,5,5,0.5,0.4
2023-05-05T22:00:00,2264A,127.5144,50.2341,黑河市,环保局,颗粒物(PM10),57,64,32,34,23,106,51,97,80,30,14,6,5,0.6,0.4
2023-05-05T22:00:00,2265A,127.5291,50.2472,黑河市,大黑河岛,,44,44,21,23,18,120,67,116,100,8,5,1,4,0.4,0.3
2023-05-05T22:00:00,2266A,126.9785,46.6365,绥化市,人和东街,,26,24,21,10,9,102,81,98,92,6,8,5,6,0.3,0.3
2023-05-05T22:00:00,2267A,126.964,46.6528,绥化市,党政办公中心,,29,19,17,10,12,113,92,108,103,2,4,5,5,0.3,0.3
2023-05-05T22:00:00,2269A,124.1069,50.4097,大兴安岭地区,科技局,,24,20,12,10,9,112,75,109,98,7,5,6,5,0.1,0.1
2023-05-05T22:00:00,2270A,117.396,32.939,蚌埠市,工人疗养院,颗粒物(PM10),51,52,39,29,21,64,51,54,52,20,18,6,6,0.5,0.6
2023-05-05T22:00:00,2271A,117.3605,32.9427,蚌埠市,百货大楼,,46,32,29,32,28,66,51,56,52,10,9,2,3,0.5,0.5
2023-05-05T22:00:00,2273A,117.4185,32.8911,蚌埠市,蚌埠学院,,41,41,31,22,21,69,52,58,55,11,8,4,5,0.5,0.6
2023-05-05T22:00:00,2274A,117.3533,32.9673,蚌埠市,淮上区政府,,39,36,35,27,21,65,45,55,50,6,4,5,5,0.4,0.5
2023-05-05T22:00:00,2275A,117.3145,32.8977,蚌埠市,高新区,,41,41,34,27,27,58,44,51,48,18,15,5,5,0.6,0.7
2023-05-05T22:00:00,2277A,116.8305,32.7727,淮南市,潘集区政府,,39,39,30,21,23,58,46,53,51,16,6,4,4,0.2,0.3
2023-05-05T22:00:00,2278A,117.0067,32.6524,淮南市,师范学院,,44,44,39,18,23,50,45,45,44,12,9,4,5,0.3,0.3
2023-05-05T22:00:00,2279A,116.8569,32.5951,淮南市,谢家集区政府,,34,34,28,11,15,65,56,54,52,13,11,6,4,0.3,0.3
2023-05-05T22:00:00,2280A,116.8281,32.633,淮南市,八公山区政府,,40,40,43,23,28,55,47,46,45,8,5,5,4,0.3,0.3
2023-05-05T22:00:00,2281A,116.6325,32.6201,淮南市,焦岗湖风景区管理处,,,,,,,,,,,,,,,,
2023-05-05T22:00:00,2282A,116.8004,33.975,淮北市,监测站,,28,28,18,9,15,74,60,68,68,16,7,2,2,0.6,0.5
2023-05-05T22:00:00,2283A,116.8091,33.9007,淮北市,烈山区政府,,30,30,20,9,17,76,68,71,71,11,8,4,4,0.6,0.6
2023-05-05T22:00:00,2284A,116.7856,33.9477,淮北市,职业技术学院,,30,30,21,10,16,74,62,69,69,14,7,5,5,0.7,0.6
2023-05-05T22:00:00,2285A,117.8177,30.9412,铜陵市,市第四中学,,34,34,25,22,19,101,33,101,59,29,16,3,5,0.4,0.5
2023-05-05T22:00:00,2286A,117.8059,30.9273,铜陵市,市公路局,,43,43,27,24,8,101,42,101,66,21,12,6,6,0.7,0.7
2023-05-05T22:00:00,2287A,117.7807,30.9413,铜陵市,市新民污水厂,,46,46,26,18,12,100,54,100,70,10,17,9,8,0.5,0.5
2023-05-05T22:00:00,2288A,117.7439,30.8792,铜陵市,市第九中学,,33,33,25,19,10,82,43,80,61,24,28,10,11,0.6,0.6
2023-05-05T22:00:00,2289A,117.846,30.9413,铜陵市,车站新区,,34,34,25,23,11,87,47,87,63,10,14,4,5,0.5,0.6
2023-05-05T22:00:00,2290A,117.8483,30.97,铜陵市,市职教基地,,36,36,17,17,9,93,47,93,63,9,11,2,2,0.4,0.4
2023-05-05T22:00:00,2291A,117.0809,30.5177,安庆市,环科院,,26,19,13,18,11,100,64,98,67,8,18,6,6,0.5,0.5
2023-05-05T22:00:00,2292A,117.0331,30.5119,安庆市,马山宾馆,,30,19,15,21,12,92,62,92,66,10,19,6,7,0.6,0.6
2023-05-05T22:00:00,2294A,116.9896,30.6145,安庆市,安庆大学,,30,19,12,21,11,96,62,94,61,4,9,7,8,0.5,0.4
2023-05-05T22:00:00,2295A,118.2903,29.6963,黄山市,延安路89号,,25,24,18,17,8,94,55,91,80,9,6,5,4,0.6,0.3
2023-05-05T22:00:00,2296A,118.327,29.7178,黄山市,黄山东路89号,,17,17,14,7,5,90,49,88,74,9,7,4,4,0.8,0.6
2023-05-05T22:00:00,2297A,118.1371,30.2756,黄山市,黄山区政府5号楼,,27,27,16,16,7,77,29,65,48,9,8,6,6,0.9,0.7
2023-05-05T22:00:00,2298A,118.3093,32.3153,滁州市,老年大学,,42,39,29,29,16,54,49,51,51,11,10,6,7,0.4,0.5
2023-05-05T22:00:00,2299A,118.3244,32.2786,滁州市,人大宾馆,,48,36,18,33,20,62,52,57,56,15,17,5,5,0.6,0.6
2023-05-05T22:00:00,2301A,115.8277,32.8929,阜阳市,市监测站,,21,21,20,11,11,64,57,62,61,15,11,5,5,0.6,0.6
2023-05-05T22:00:00,2303A,115.8554,32.8605,阜阳市,开发区,,37,37,22,9,7,69,60,67,66,14,10,6,6,0.5,0.5
2023-05-05T22:00:00,2307A,116.5079,31.737,六安市,监测大楼,,28,28,21,16,10,63,56,60,60,4,4,3,3,0.3,0.4
2023-05-05T22:00:00,2308A,116.4738,31.7643,六安市,皖西学院,,22,21,24,15,10,66,57,62,62,6,5,4,4,0.3,0.4
2023-05-05T22:00:00,2309A,116.4996,31.7905,六安市,朝阳厂,,31,31,17,14,10,68,53,62,62,5,4,4,4,0.3,0.5
2023-05-05T22:00:00,2310A,116.5567,31.7886,六安市,开发区,,43,43,28,22,17,66,45,58,57,17,8,8,5,0.3,0.5
2023-05-05T22:00:00,2311A,115.8072,33.8399,亳州市,污水处理厂,,24,24,20,16,15,78,73,75,75,6,5,4,3,0.6,0.5
2023-05-05T22:00:00,2312A,115.7789,33.8518,亳州市,三国揽胜宫,,23,23,17,12,14,73,68,70,70,8,7,4,3,0.6,0.5
2023-05-05T22:00:00,2314A,117.47,30.6618,池州市,池州学院,,36,32,18,25,12,104,48,104,63,14,8,5,4,0.5,0.5
2023-05-05T22:00:00,2316A,118.7581,30.9454,宣城市,鳌峰子站,,36,29,19,25,14,77,59,72,71,7,12,5,4,0.8,0.6
2023-05-05T22:00:00,2317A,118.7385,30.9743,宣城市,敬亭山子站,,43,27,18,30,16,79,51,69,67,16,13,8,6,0.7,0.5
2023-05-05T22:00:00,2318A,118.7173,30.9427,宣城市,开发区子站,,36,29,19,25,15,79,51,71,69,17,13,10,6,0.7,0.6
2023-05-05T22:00:00,2319A,119.0141,25.4325,莆田市,荔城区仓后路,,36,36,30,14,12,78,23,68,52,22,10,6,6,0.7,0.5
2023-05-05T22:00:00,2320A,119.0015,25.4553,莆田市,莆田市监测站,,33,33,30,12,12,83,26,74,58,13,8,5,6,0.4,0.4
2023-05-05T22:00:00,2321A,119.1119,25.4561,莆田市,涵江区六中,,38,38,32,18,17,78,20,64,47,25,12,8,8,0.5,0.5
2023-05-05T22:00:00,2322A,119.1013,25.3215,莆田市,秀屿区政府,,24,24,28,5,9,69,31,57,48,22,7,8,6,0.7,0.6
2023-05-05T22:00:00,2323A,118.981,25.4792,莆田市,东圳水库,,,,,,,,,,,,,,,,
2023-05-05T22:00:00,2324A,117.6211,26.2625,三明市,三钢,颗粒物(PM10),54,58,36,22,19,77,32,69,58,32,23,12,12,0.5,0.7
2023-05-05T22:00:00,2325A,117.635,26.2714,三明市,三明二中,,,41,31,19,17,79,,72,68,27,20,8,8,0.7,0.7
2023-05-05T22:00:00,2326A,117.6028,26.2378,三明市,三元区政府,颗粒物(PM10),51,52,37,25,22,83,17,75,58,29,17,7,9,0.7,0.6
2023-05-05T22:00:00,2327A,117.7275,26.3108,三明市,洋溪,,,,,,,,,,,,,,,,
2023-05-05T22:00:00,2331A,118.0966,26.6761,南平市,茫荡山,,,,,,,,,,,,,,,,
2023-05-05T22:00:00,2332A,118.1681,26.6369,南平市,南平市监测站,,25,25,20,13,13,81,24,68,55,16,16,5,3,0.6,0.7
2023-05-05T22:00:00,2333A,118.1825,26.6489,南平市,南平铝业有限公司,颗粒物(PM10),84,118,28,16,15,81,21,71,56,20,14,6,6,0.7,0.6
2023-05-05T22:00:00,2334A,118.1756,26.6272,南平市,南平七中,,27,27,21,14,11,78,19,62,53,17,16,5,4,0.4,0.3
2023-05-05T22:00:00,2335A,117.0189,25.1181,龙岩市,龙岩师专,,,,,,,,,,,,,,,,
2023-05-05T22:00:00,2336A,117.0217,25.1033,龙岩市,龙岩市监测站,,34,34,20,18,12,69,12,59,48,26,11,6,8,0.6,0.4
2023-05-05T22:00:00,2337A,117.0258,25.0661,龙岩市,闽西职业技术学院,,44,44,26,14,8,68,2,54,37,35,12,42,11,0.4,0.3
2023-05-05T22:00:00,2338A,117.0196,25.0306,龙岩市,龙岩学院,,26,20,19,18,10,71,24,57,50,17,9,4,4,0.3,0.2
2023-05-05T22:00:00,2339A,119.5001,26.6946,宁德市,金涵水库,,,,,,,,,,,,,,,,
2023-05-05T22:00:00,2341A,119.5388,26.6612,宁德市,宁德市监测站,,28,28,30,16,12,85,20,77,64,37,16,3,4,0.5,0.5
2023-05-05T22:00:00,2342A,117.3102,29.3867,景德镇市,王港中学,,33,27,13,23,13,80,69,76,75,5,5,14,6,0.4,0.3
2023-05-05T22:00:00,2343A,117.2117,29.2933,景德镇市,老干部活动中心,,37,37,45,21,17,98,45,93,78,9,11,6,6,0.4,0.3
2023-05-05T22:00:00,2344A,117.1894,29.2789,景德镇市,兽医站,,33,26,17,23,12,109,43,101,84,10,14,10,9,0.4,0.4
2023-05-05T22:00:00,2345A,117.1547,29.2617,景德镇市,台达陶瓷,,38,38,24,26,15,95,36,88,76,29,20,28,44,0.6,0.5
2023-05-05T22:00:00,2346A,117.2461,29.2956,景德镇市,陶研所,,36,36,26,3,7,104,56,95,85,4,4,6,6,0.4,0.3
2023-05-05T22:00:00,2347A,114.0997,27.5002,萍乡市,武功山,,16,15,9,11,7,62,10,40,18,4,5,23,22,0.5,0.8
2023-05-05T22:00:00,2348A,113.8385,27.6434,萍乡市,中医院,,46,38,34,32,23,112,38,86,73,11,13,6,14,0.7,0.9
2023-05-05T22:00:00,2349A,113.8493,27.6253,萍乡市,市政府车库,,36,18,36,25,21,102,36,81,66,10,11,12,19,0.7,0.7
2023-05-05T22:00:00,2350A,113.8676,27.6435,萍乡市,市环保局,,41,41,37,26,23,108,37,83,68,15,13,13,19,0.6,0.7
2023-05-05T22:00:00,2351A,113.866,27.6198,萍乡市,安源区政府,,43,43,33,21,21,84,40,68,60,17,13,15,19,0.6,0.7
2023-05-05T22:00:00,2352A,115.0861,27.9317,新余市,北岗,,27,5,16,5,13,94,84,85,82,3,10,3,7,0.5,0.7
2023-05-05T22:00:00,2353A,114.9886,27.8431,新余市,飞宇,,30,22,43,9,18,117,96,100,96,11,17,4,4,0.6,0.8
2023-05-05T22:00:00,2354A,114.9231,27.8246,新余市,第二水厂,,28,14,40,5,18,102,89,84,83,9,12,5,6,0.3,0.5
2023-05-05T22:00:00,2355A,114.9308,27.8036,新余市,市气象局,,,,60,9,30,106,89,90,90,8,13,6,12,0.3,0.9
2023-05-05T22:00:00,2357A,116.9822,28.1136,鹰潭市,龙虎山,,23,13,34,10,8,118,71,104,89,1,2,1,2,0.6,0.6
2023-05-05T22:00:00,2358A,117.0564,28.2642,鹰潭市,新监测站,,26,26,35,18,10,114,68,104,90,6,6,1,2,0.5,0.4
2023-05-05T22:00:00,2359A,117.0311,28.2475,鹰潭市,财苑宾馆,,25,18,36,9,7,117,78,106,98,5,7,5,6,0.5,0.4
2023-05-05T22:00:00,2360A,117.0222,28.2264,鹰潭市,体育馆,,23,17,19,15,9,116,71,111,96,12,9,4,3,0.5,0.3
2023-05-05T22:00:00,2361A,117.0017,28.2131,鹰潭市,三川水表,,20,20,20,8,4,113,64,109,90,14,7,2,2,0.5,0.5
2023-05-05T22:00:00,2362A,114.9017,25.9149,赣州市,通天岩,,35,34,32,24,17,80,44,72,63,26,15,28,9,1.6,1.5
2023-05-05T22:00:00,2363A,114.9367,25.8664,赣州市,地委,,40,36,32,28,17,92,58,92,56,6,10,16,12,1.2,1.2
2023-05-05T22:00:00,2364A,114.9461,25.8481,赣州市,气象台,,33,33,27,15,14,91,73,90,70,8,8,6,6,0.7,0.6
2023-05-05T22:00:00,2365A,114.9322,25.8333,赣州市,市图书馆,,37,37,30,17,14,88,54,88,51,15,12,4,5,1.0,1
2023-05-05T22:00:00,2366A,114.8905,25.8471,赣州市,华坚鞋城,颗粒物(PM10),52,53,41,31,16,73,44,68,56,15,7,6,12,0.7,0.6
2023-05-05T22:00:00,2367A,114.9754,27.0803,吉安市,红声器材厂,,49,49,39,30,22,97,50,82,54,9,11,10,9,0.5,0.5
2023-05-05T22:00:00,2368A,114.9658,27.0999,吉安市,市森林工业局,,49,49,38,31,21,95,39,80,47,13,9,10,8,0.6,0.6
2023-05-05T22:00:00,2369A,114.99,27.1312,吉安市,市环境监测站,,39,39,35,20,18,104,42,83,49,12,11,10,10,0.5,0.4
2023-05-05T22:00:00,2370A,115.0093,27.0968,吉安市,青原区法院,颗粒物(PM10),51,51,38,33,23,103,61,86,56,11,12,12,11,0.5,0.6
2023-05-05T22:00:00,2371A,114.3408,27.8064,宜春市,槟榔水业,,20,18,30,14,20,41,8,29,17,6,8,9,8,0.8,0.7
2023-05-05T22:00:00,2373A,114.3956,27.7844,宜春市,市石油公司,,26,26,33,13,21,110,61,90,79,12,12,1,3,0.8,0.6
2023-05-05T22:00:00,2374A,114.3703,27.7914,宜春市,市气象局,,29,21,34,20,23,114,71,96,87,16,16,3,6,0.8,0.7
2023-05-05T22:00:00,2375A,114.4013,27.8074,宜春市,市广电局,,28,28,35,18,24,108,64,92,82,11,10,6,7,0.4,0.5
2023-05-05T22:00:00,2376A,116.2127,28.0814,抚州市,桐源党溪,,27,17,28,13,10,128,85,113,105,5,3,3,4,0.5,0.5
2023-05-05T22:00:00,2377A,116.3544,27.9831,抚州市,市站,,28,25,24,15,11,102,87,97,90,6,6,2,2,0.9,0.6
2023-05-05T22:00:00,2378A,116.3565,27.963,抚州市,血防站,,32,32,26,18,10,106,85,95,88,7,6,4,4,0.7,0.7
2023-05-05T22:00:00,2379A,116.3564,28.0007,抚州市,采茶剧团,,28,23,21,17,11,102,89,98,92,8,8,6,6,0.6,0.7
2023-05-05T22:00:00,2380A,116.385,27.9647,抚州市,医学分院,,29,17,19,10,8,100,92,89,86,7,8,4,5,0.5,0.5
2023-05-05T22:00:00,2381A,118.005,28.4572,上饶市,百草园,,23,23,24,2,11,110,55,92,66,6,9,9,16,0.8,0.9
2023-05-05T22:00:00,2382A,117.9756,28.4436,上饶市,市监测站,,31,31,26,14,13,110,40,97,72,19,18,7,15,0.5,0.5
2023-05-05T22:00:00,2383A,117.9519,28.4628,上饶市,凤凰光学,,34,34,39,15,14,111,44,96,74,18,16,12,15,0.6,0.6
2023-05-05T22:00:00,2385A,114.17,35.9019,鹤壁市,市监测站,,41,41,39,25,19,98,80,93,89,14,17,7,6,0.5,0.9
2023-05-05T22:00:00,2386A,114.2956,35.7511,鹤壁市,市交警支队,,46,33,26,32,22,94,69,88,80,15,17,3,3,0.7,0.8
2023-05-05T22:00:00,2387A,114.2878,35.7306,鹤壁市,迎宾馆,,38,31,21,26,23,99,71,92,84,13,16,6,8,0.8,0.9
2023-05-05T22:00:00,2389A,113.836,35.311,新乡市,环保西院,,30,30,38,7,13,105,72,94,90,10,12,3,5,0.6,0.7
2023-05-05T22:00:00,2390A,113.884,35.272,新乡市,开发区,,28,28,38,7,13,108,74,98,93,9,10,6,8,0.5,0.6
2023-05-05T22:00:00,2391A,113.883,35.303,新乡市,环保东院,,32,32,40,19,20,113,76,102,96,14,14,2,3,0.2,0.3
2023-05-05T22:00:00,2392A,115.0312,35.7636,濮阳市,环保局,,28,23,16,12,13,90,87,86,82,9,8,6,6,0.3,0.4
2023-05-05T22:00:00,2394A,115.0574,35.7609,濮阳市,油田运输公司,,37,37,20,14,16,100,92,90,87,7,6,9,9,0.3,0.5
2023-05-05T22:00:00,2395A,115.0866,35.7754,濮阳市,油田物探公司,,,28,18,15,17,95,,85,82,9,8,5,5,0.3,0.4
2023-05-05T22:00:00,2396A,113.8276,34.0159,许昌市,监测站,,,,27,9,13,105,,95,94,13,12,5,5,,0.9
2023-05-05T22:00:00,2398A,113.7906,33.9953,许昌市,开发区,,28,28,29,7,8,111,80,101,98,9,8,2,3,0.6,0.7
2023-05-05T22:00:00,2399A,114.051,33.5699,漯河市,三五一五工厂,,26,17,24,12,17,104,82,95,91,6,5,12,8,0.6,0.6
2023-05-05T22:00:00,2400A,114.0055,33.5698,漯河市,漯河大学,,27,22,25,12,15,107,84,98,94,4,4,8,9,0.5,0.6
2023-05-05T22:00:00,2401A,114.0138,33.5828,漯河市,市水利局,,25,19,26,12,16,104,80,95,92,8,7,7,8,0.5,0.6
2023-05-05T22:00:00,2402A,114.0261,33.5698,漯河市,市广电局,,27,22,24,8,14,108,84,95,91,8,7,7,7,0.6,0.6
2023-05-05T22:00:00,2404A,112.5224,33.0122,南阳市,瓦房庄,,48,48,40,14,15,92,74,81,81,15,15,6,6,0.6,0.7
2023-05-05T22:00:00,2405A,112.5003,32.9735,南阳市,汉画馆,,48,48,42,26,23,96,79,85,84,8,6,6,6,0.9,0.9
2023-05-05T22:00:00,2406A,112.5573,33.027,南阳市,气象站,,35,32,22,24,20,98,71,86,84,15,12,3,3,0.6,0.7
2023-05-05T22:00:00,2407A,112.5481,32.9689,南阳市,理工学院,,41,41,31,26,24,101,75,89,84,13,10,4,4,0.7,0.8
2023-05-05T22:00:00,2408A,115.6702,34.4285,商丘市,环境监测站,,32,32,15,10,10,80,68,74,73,12,8,8,8,0.5,0.5
2023-05-05T22:00:00,2409A,115.6458,34.4045,商丘市,粮食局,,29,29,16,9,9,79,69,76,75,14,8,6,6,0.7,0.7
2023-05-05T22:00:00,2410A,115.6293,34.3948,商丘市,睢阳区环保局,,27,27,17,10,7,85,73,78,78,12,6,3,2,0.6,0.6
2023-05-05T22:00:00,2420A,114.0189,32.9656,驻马店市,市一纸厂,,29,25,23,20,18,105,77,92,88,8,6,2,2,0.4,0.5
2023-05-05T22:00:00,2421A,114.0114,33.015,驻马店市,市彩印厂,,26,26,27,15,17,101,72,89,85,5,4,3,3,0.3,0.4
2023-05-05T22:00:00,2422A,113.9976,32.9771,驻马店市,天方二分厂,,26,12,23,18,22,100,78,89,86,5,4,6,6,0.4,0.6
2023-05-05T22:00:00,2423A,115.0601,30.2313,黄石市,沈家营,,23,23,23,8,8,101,56,91,82,10,8,6,6,0.3,0.4
2023-05-05T22:00:00,2424A,115.0817,30.2006,黄石市,陈家湾,,22,22,23,8,9,107,64,98,88,9,6,4,4,0.3,0.5
2023-05-05T22:00:00,2426A,114.8988,30.2019,黄石市,铁山,,29,29,26,10,11,104,60,94,85,11,8,4,5,0.8,0.8
2023-05-05T22:00:00,2427A,115.0307,30.2092,黄石市,团城山,,24,24,21,16,6,107,63,97,88,9,6,6,6,0.6,0.7
2023-05-05T22:00:00,2428A,111.0419,32.395,十堰市,武当山,,29,20,30,15,15,91,90,85,85,7,7,7,7,1.1,1
2023-05-05T22:00:00,2429A,110.78,32.6494,十堰市,滨河新村,,37,37,39,23,18,95,76,89,87,4,6,4,4,0.6,0.5
2023-05-05T22:00:00,2430A,110.7258,32.6389,十堰市,刘家沟,细颗粒物(PM2.5),54,37,40,38,19,117,88,104,98,6,7,5,6,1.0,0.9
2023-05-05T22:00:00,2431A,110.8839,32.5714,十堰市,铁二处,,36,36,33,20,12,108,81,102,98,10,7,6,7,1.1,1
2023-05-05T22:00:00,2432A,112.155,32.0197,襄阳市,襄城运动路,颗粒物(PM10),56,61,49,28,42,129,81,111,94,12,12,7,7,0.8,1
2023-05-05T22:00:00,2433A,112.1392,32.0564,襄阳市,樊城新华路,颗粒物(PM10),54,57,53,24,28,128,81,108,93,9,10,6,6,0.8,1
2023-05-05T22:00:00,2434A,112.1825,32.1142,襄阳市,高新管委会,颗粒物(PM10),59,67,58,34,56,115,66,100,86,14,13,7,7,0.8,0.9
2023-05-05T22:00:00,2435A,112.2106,32.0903,襄阳市,襄州航空路,颗粒物(PM10),54,58,58,18,24,110,68,94,81,13,13,6,7,0.9,1
2023-05-05T22:00:00,2436A,114.8938,30.3994,鄂州市,市政府,,20,16,18,6,7,97,63,85,78,12,10,9,9,0.4,0.6
2023-05-05T22:00:00,2437A,114.8989,30.3714,鄂州市,赵家坝,,23,23,16,11,8,103,70,96,88,9,7,7,8,0.5,0.7
2023-05-05T22:00:00,2439A,112.2014,31.0481,荆门市,竹园小学,颗粒物(PM10),53,56,41,32,35,124,80,114,101,13,12,8,9,0.8,0.8
2023-05-05T22:00:00,2440A,112.1969,30.9891,荆门市,掇刀,,40,40,39,26,31,117,83,106,95,10,11,9,9,0.7,0.8
2023-05-05T22:00:00,2441A,112.2213,31.0386,荆门市,石化一小,颗粒物(PM10),51,51,36,20,18,122,76,112,100,14,9,8,7,0.7,0.7
2023-05-05T22:00:00,2443A,113.9153,30.9285,孝感市,文化路,,32,32,23,19,16,102,65,95,85,12,5,8,8,0.7,0.8
2023-05-05T22:00:00,2444A,113.942,30.9075,孝感市,东城区,,37,37,19,17,17,101,63,95,84,10,8,9,8,0.7,0.8
2023-05-05T22:00:00,2446A,114.9028,30.4742,黄冈市,职工中心,,24,23,21,13,14,101,74,96,89,2,3,3,4,0.5,0.7
2023-05-05T22:00:00,2447A,114.3175,29.8142,咸宁市,森林公园,,26,24,27,8,7,119,83,113,106,2,2,4,4,0.5,0.6
2023-05-05T22:00:00,2448A,114.3107,29.8454,咸宁市,市发改委,,38,28,24,26,19,130,80,120,113,8,6,4,3,0.3,0.4
2023-05-05T22:00:00,2449A,114.2936,29.8566,咸宁市,咸安区政府,,23,20,21,13,14,129,72,115,104,12,11,5,4,0.5,0.6
2023-05-05T22:00:00,2451A,113.3583,31.7275,随州市,市委党校,,29,29,34,16,23,83,74,77,76,4,5,5,5,0.5,0.6
2023-05-05T22:00:00,2452A,113.3833,31.6908,随州市,市林业局,,26,26,30,18,23,87,77,82,81,7,9,5,5,0.5,0.6
2023-05-05T22:00:00,2453A,113.3983,31.7308,随州市,市立交桥水厂,,26,25,27,18,21,88,75,82,79,10,11,4,4,0.6,0.7
2023-05-05T22:00:00,2454A,109.4978,30.2981,恩施土家族苗族自治州,湖北民院,,22,22,34,11,9,70,30,49,46,13,10,8,8,0.8,0.8
2023-05-05T22:00:00,2455A,109.4707,30.2798,恩施土家族苗族自治州,州电力总公司,,23,12,29,16,20,54,26,41,38,18,14,7,8,0.8,0.9
2023-05-05T22:00:00,2456A,112.5003,26.9167,衡阳市,原169医院,,40,40,40,25,25,81,57,69,68,12,12,3,13,0.5,0.6
2023-05-05T22:00:00,2457A,112.6194,26.9258,衡阳市,衡阳化工总厂,颗粒物(PM10),52,53,44,33,27,94,53,83,77,16,12,15,16,0.7,0.6
2023-05-05T22:00:00,2458A,112.6211,26.8956,衡阳市,珠晖区环保局,,,51,37,,19,94,54,83,79,24,13,23,15,0.8,0.6
2023-05-05T22:00:00,2459A,112.6197,26.8733,衡阳市,市委党校,,,42,38,,,102,81,93,92,10,8,13,10,0.8,0.8
2023-05-05T22:00:00,2460A,112.6006,26.8919,衡阳市,市监测站,,48,48,37,26,26,101,51,90,84,20,11,11,21,0.8,0.7
2023-05-05T22:00:00,2461A,112.5664,26.9056,衡阳市,真空机电公司,细颗粒物(PM2.5),60,62,43,43,28,96,47,83,76,18,13,7,18,0.9,1
2023-05-05T22:00:00,2462A,111.5239,27.3033,邵阳市,市水土所,,33,8,29,23,14,69,64,60,60,6,7,3,3,0.7,0.6
2023-05-05T22:00:00,2463A,111.4733,27.2317,邵阳市,市一中,,19,13,41,9,21,68,60,61,60,8,14,6,12,0.5,0.5
2023-05-05T22:00:00,2464A,111.5283,27.2442,邵阳市,市化工厂,,23,22,40,16,24,65,55,58,58,9,14,16,14,0.7,0.7
2023-05-05T22:00:00,2465A,111.4503,27.2537,邵阳市,市罐头厂,,,,34,16,26,71,63,62,62,8,11,2,5,0.5,0.4
2023-05-05T22:00:00,2466A,111.4328,27.2272,邵阳市,市环保局,,19,11,36,5,29,70,59,62,61,12,12,2,7,0.5,0.5
2023-05-05T22:00:00,2467A,112.4067,28.6428,益阳市,甘溪港,,26,26,17,7,6,99,68,85,84,8,7,3,4,0.8,0.7
2023-05-05T22:00:00,2468A,112.3458,28.5808,益阳市,市环保局,细颗粒物(PM2.5),57,36,28,40,16,97,71,83,83,5,4,6,6,0.9,0.8
2023-05-05T22:00:00,2469A,112.3437,28.5531,益阳市,市特殊教育学校,颗粒物(PM10),51,52,30,34,18,94,71,82,82,13,8,5,5,0.9,0.8
2023-05-05T22:00:00,2470A,112.3347,28.6047,益阳市,资阳区政务中心,,49,47,28,34,18,89,64,76,76,9,7,5,5,1.0,0.8
2023-05-05T22:00:00,2471A,112.3744,28.5819,益阳市,赫山环保分局,,40,33,21,28,12,96,73,81,81,5,5,4,5,1.0,0.9
2023-05-05T22:00:00,2472A,113.0073,25.9061,郴州市,马头岭,,27,27,32,6,14,98,66,96,64,14,16,4,7,0.4,0.5
2023-05-05T22:00:00,2473A,113.0116,25.8226,郴州市,市职中,,25,20,25,17,19,100,67,98,62,10,9,4,10,0.4,0.4
2023-05-05T22:00:00,2474A,113.0161,25.8001,郴州市,兴隆步行街,,23,22,33,16,18,98,66,95,60,10,11,5,13,0.4,0.5
2023-05-05T22:00:00,2475A,113.0383,25.8071,郴州市,市审计局,,23,19,23,16,19,106,46,102,59,18,8,16,10,0.4,0.4
2023-05-05T22:00:00,2476A,113.0348,25.7759,郴州市,市环保局,,25,24,31,17,20,100,40,96,54,23,12,17,15,0.5,0.4
2023-05-05T22:00:00,2477A,111.6217,26.2081,永州市,零陵南津渡,细颗粒物(PM2.5),99,86,47,74,24,80,39,68,62,17,8,8,6,0.9,0.6
2023-05-05T22:00:00,2478A,111.6156,26.4214,永州市,市环境监测站,细颗粒物(PM2.5),72,74,50,52,27,78,44,70,66,14,12,10,8,0.7,0.6
2023-05-05T22:00:00,2479A,111.6236,26.2331,永州市,零陵区环保局,细颗粒物(PM2.5),75,93,49,55,29,91,61,77,72,19,12,18,10,0.8,0.6
2023-05-05T22:00:00,2480A,111.5992,26.4364,永州市,永州市环保局,细颗粒物(PM2.5),84,96,56,62,37,73,47,68,66,8,10,6,7,0.8,0.7
2023-05-05T22:00:00,2481A,111.5989,26.4519,永州市,冷水滩区环保局,细颗粒物(PM2.5),64,65,48,46,29,85,49,72,68,10,14,7,11,0.8,0.7
2023-05-05T22:00:00,2482A,109.5981,27.5721,怀化市,林科所,,18,3,24,7,17,85,57,83,53,4,4,4,20,0.9,0.9
2023-05-05T22:00:00,2483A,109.9453,27.5444,怀化市,河西地税局,,15,11,25,9,17,78,47,77,41,6,9,9,5,0.8,0.7
2023-05-05T22:00:00,2484A,109.9781,27.5342,怀化市,市四医院,,14,9,29,7,19,76,42,72,45,5,5,5,12,0.8,0.7
2023-05-05T22:00:00,2485A,109.9972,27.5578,怀化市,监测楼,,16,7,27,2,15,80,50,72,49,4,5,2,7,0.7,0.7
2023-05-05T22:00:00,2486A,110.0394,27.583,怀化市,市委党校,,35,21,40,24,31,80,52,54,47,5,6,5,24,0.8,0.7
2023-05-05T22:00:00,2487A,111.9589,27.8901,娄底市,电视发射台,,,17,22,,17,81,52,72,58,4,4,3,3,0.9,0.9
2023-05-05T22:00:00,2488A,111.9975,27.725,娄底市,市监测站,,14,12,23,6,13,84,44,79,55,26,9,6,4,0.6,0.6
2023-05-05T22:00:00,2489A,112.0194,27.7314,娄底市,市委党校,,20,14,21,6,13,72,61,70,53,7,8,5,4,0.7,0.6
2023-05-05T22:00:00,2490A,111.9561,27.7569,娄底市,涟钢,,26,25,31,18,18,89,33,89,47,21,17,13,12,0.7,1
2023-05-05T22:00:00,2491A,111.9892,27.7044,娄底市,市政府,,20,9,22,8,16,82,61,75,63,12,9,5,7,0.6,0.7
2023-05-05T22:00:00,2492A,109.6414,28.2558,湘西州,跃进水库,,9,9,14,4,10,57,23,40,35,3,3,2,2,0.9,0.8
2023-05-05T22:00:00,2493A,109.7325,28.3169,湘西州,州政府,,15,14,18,10,13,83,35,76,56,12,8,6,6,0.9,0.9
2023-05-05T22:00:00,2494A,109.6958,28.2675,湘西州,吉首市计生局,,15,12,14,9,10,79,48,76,58,13,9,6,6,0.9,0.6
2023-05-05T22:00:00,2495A,111.3014,23.4832,梧州市,市逸夫小学,,42,42,40,22,21,71,27,62,55,23,17,7,8,0.7,0.7
2023-05-05T22:00:00,2496A,111.3239,23.4794,梧州市,市十一中,,47,47,39,24,18,84,36,74,68,29,23,5,5,0.6,0.5
2023-05-05T22:00:00,2497A,111.247,23.4189,梧州市,龙圩,,44,44,41,16,19,71,51,63,58,10,18,6,6,0.8,0.7
2023-05-05T22:00:00,2498A,111.2711,23.4835,梧州市,龙新,,37,37,43,19,22,78,48,69,64,13,20,5,5,0.6,0.5
2023-05-05T22:00:00,2499A,108.3411,21.6158,防城港市,沙万,,40,40,37,16,15,58,49,52,52,16,17,4,5,0.7,0.6
2023-05-05T22:00:00,2500A,108.3514,21.7731,防城港市,防城档案局,颗粒物(PM10),51,51,38,16,17,71,50,62,62,9,7,6,8,0.5,0.5
2023-05-05T22:00:00,2501A,108.3506,21.6414,防城港市,大海花园,,30,30,42,14,14,60,55,57,57,8,11,6,7,0.5,0.4
2023-05-05T22:00:00,2502A,108.6236,21.9667,钦州市,市环保站,,41,41,34,12,12,77,68,70,70,7,12,5,7,0.5,0.6
2023-05-05T22:00:00,2503A,108.6549,21.9481,钦州市,沙埠小学,,39,39,39,21,17,79,49,72,68,24,14,7,8,0.5,0.5
2023-05-05T22:00:00,2504A,108.5989,21.7431,钦州市,港区一小,,46,46,45,18,16,70,69,58,58,7,15,6,8,0.5,0.5
2023-05-05T22:00:00,2505A,109.568,23.1478,贵港市,德智高中,颗粒物(PM10),52,53,51,28,24,96,72,88,87,34,25,5,5,0.6,0.5
2023-05-05T22:00:00,2506A,109.6047,23.0666,贵港市,江南子站,,45,45,60,29,32,120,97,108,108,12,20,5,6,0.6,0.6
2023-05-05T22:00:00,2507A,109.6014,23.0948,贵港市,贵城子站,,42,38,48,29,30,121,101,113,113,12,20,7,8,0.6,0.7
2023-05-05T22:00:00,2508A,109.5669,23.1065,贵港市,荷城子站,颗粒物(PM10),52,53,49,24,26,110,91,106,105,16,17,9,10,0.8,0.8
2023-05-05T22:00:00,2509A,110.1106,22.7019,玉林市,寒山水库,,,,,,,,,,,,,,,,
2023-05-05T22:00:00,2510A,110.1675,22.6411,玉林市,市监测站,,49,49,39,28,25,96,61,85,81,6,6,13,14,0.5,0.5
2023-05-05T22:00:00,2511A,110.1433,22.6164,玉林市,南江一中,颗粒物(PM10),61,71,58,27,23,90,48,83,77,16,10,62,26,0.6,0.5
2023-05-05T22:00:00,2512A,106.6103,23.9011,百色市,市监测站,,44,44,54,28,31,158,101,146,132,16,12,19,17,0.7,0.7
2023-05-05T22:00:00,2513A,106.6538,23.8859,百色市,市中心血站,,32,20,55,19,32,149,100,137,126,10,11,10,17,0.7,0.8
2023-05-05T22:00:00,2514A,111.5264,24.4172,贺州市,环保小区,颗粒物(PM10),51,52,42,25,24,58,37,50,48,22,19,6,6,0.6,0.6
2023-05-05T22:00:00,2515A,111.5608,24.4078,贺州市,政协大楼,,49,43,35,34,24,62,27,55,50,23,15,7,8,0.6,0.6
2023-05-05T22:00:00,2516A,108.2011,24.715,河池市,东仁乐园,,43,41,39,30,25,100,80,89,89,8,9,6,12,0.4,0.4
2023-05-05T22:00:00,2517A,108.0497,24.6947,河池市,市环保站,颗粒物(PM10),52,54,43,29,27,109,80,96,96,16,12,9,9,0.7,0.6
2023-05-05T22:00:00,2518A,108.0983,24.6989,河池市,市疾控中心,,49,49,49,33,29,112,75,100,98,26,14,6,7,0.7,0.7
2023-05-05T22:00:00,2520A,109.2203,23.7256,来宾市,来宾技工学校,,,,40,,25,105,,98,96,9,9,2,10,0.7,0.6
2023-05-05T22:00:00,2521A,107.3476,22.4136,崇左市,市环保局江州分局,"颗粒物(PM10),细颗粒物(PM2.5)",65,79,53,47,34,137,120,132,132,8,10,5,5,0.7,0.5
2023-05-05T22:00:00,2522A,107.3702,22.3707,崇左市,城南新区,细颗粒物(PM2.5),83,61,56,61,37,139,130,133,133,10,13,7,6,0.7,0.5
2023-05-05T22:00:00,2523A,105.8945,32.4535,广元市,黑石坡,颗粒物(PM10),94,138,92,12,25,102,88,96,91,8,7,6,6,0.2,0.3
2023-05-05T22:00:00,2524A,105.821,32.4444,广元市,老城,,33,33,76,14,29,97,86,89,86,12,24,4,4,0.5,0.5
2023-05-05T22:00:00,2526A,105.8628,32.4287,广元市,监测站,,37,37,60,9,29,100,92,97,94,6,7,5,5,0.4,0.5
2023-05-05T22:00:00,2527A,105.5453,30.5678,遂宁市,石溪浩,颗粒物(PM10),59,67,84,22,30,126,85,118,114,7,15,7,8,0.7,0.7
2023-05-05T22:00:00,2528A,105.5582,30.5232,遂宁市,市监测站,颗粒物(PM10),62,74,69,27,34,131,86,121,112,17,22,7,7,0.4,0.4
2023-05-05T22:00:00,2529A,105.5861,30.5366,遂宁市,行政中心,颗粒物(PM10),51,51,53,34,33,126,85,117,111,13,18,5,5,0.5,0.5
2023-05-05T22:00:00,2530A,105.5918,30.4728,遂宁市,美宁食品公司,颗粒物(PM10),60,69,71,23,34,130,92,117,114,10,24,8,7,0.4,0.5
2023-05-05T22:00:00,2531A,105.0703,29.61,内江市,市监测站,颗粒物(PM10),66,82,59,42,43,129,98,119,114,23,14,6,10,0.4,0.4
2023-05-05T22:00:00,2532A,105.0717,29.5947,内江市,东兴区政府,细颗粒物(PM2.5),102,117,57,76,35,134,104,126,121,21,11,5,5,0.5,0.6
2023-05-05T22:00:00,2533A,105.0653,29.5817,内江市,内江二中,颗粒物(PM10),81,112,54,52,35,138,90,128,121,33,16,6,6,0.5,0.5
2023-05-05T22:00:00,2534A,105.0406,29.5822,内江市,内江日报社,细颗粒物(PM2.5),82,92,55,60,42,137,84,126,119,27,13,8,9,0.6,0.6
2023-05-05T22:00:00,2535A,103.7723,29.5462,乐山市,花湖湾,,47,47,38,24,28,84,50,68,42,23,23,5,5,0.7,0.6
2023-05-05T22:00:00,2536A,103.7627,29.5844,乐山市,牛耳桥,,42,42,39,17,22,90,50,72,40,28,28,6,6,0.5,0.6
2023-05-05T22:00:00,2537A,103.7508,29.6006,乐山市,市第三水厂,颗粒物(PM10),54,57,40,26,27,91,59,71,45,24,27,5,6,0.5,0.6
2023-05-05T22:00:00,2538A,103.7571,29.5664,乐山市,市监测站,,50,50,36,21,23,93,64,72,48,18,20,3,4,0.5,0.6
2023-05-05T22:00:00,2539A,104.0308,30.0478,眉山市,黑龙滩水库,,,76,47,,15,99,15,98,68,36,14,4,5,0.6,0.5
2023-05-05T22:00:00,2540A,103.8416,30.0874,眉山市,气象局,颗粒物(PM10),56,61,59,21,21,92,30,70,55,36,29,9,9,0.5,0.5
2023-05-05T22:00:00,2543A,106.6308,30.5278,广安市,小平旧居,,,,,,,,,,,,,,,,
2023-05-05T22:00:00,2544A,106.6303,30.4576,广安市,市委,,32,22,16,22,15,137,85,122,117,6,6,11,11,0.4,0.4
2023-05-05T22:00:00,2545A,106.6271,30.4663,广安市,友谊中学,,42,42,25,19,15,136,88,125,120,13,12,8,9,0.5,0.5
2023-05-05T22:00:00,2547A,106.6388,30.4551,广安市,广电花园,,27,22,15,18,17,138,86,124,117,10,10,7,7,0.5,0.6
2023-05-05T22:00:00,2548A,107.5277,31.2827,达州市,达州职业技术学院,,34,34,28,21,10,83,32,62,48,21,20,27,12,0.6,0.6
2023-05-05T22:00:00,2549A,107.5086,31.2186,达州市,市环境监测站,,22,22,24,7,7,76,43,66,62,21,27,16,9,0.4,0.4
2023-05-05T22:00:00,2550A,107.4988,31.2132,达州市,凤凰小区,,19,19,25,12,10,82,49,71,65,15,27,15,12,0.4,0.5
2023-05-05T22:00:00,2551A,107.5082,31.1986,达州市,达县机关宾馆,,29,29,26,1,6,79,26,65,56,32,30,21,13,0.4,0.5
2023-05-05T22:00:00,2552A,107.4644,31.2124,达州市,市政中心,,32,32,31,9,8,75,42,63,59,17,29,31,10,0.5,0.5
2023-05-05T22:00:00,2554A,103.0475,30.02,雅安市,建安厂,颗粒物(PM10),58,65,52,31,32,92,60,92,39,21,24,4,4,0.5,0.5
2023-05-05T22:00:00,2555A,103.0111,29.9833,雅安市,市政府,颗粒物(PM10),58,66,50,27,28,110,67,98,67,16,14,4,5,0.5,0.5
2023-05-05T22:00:00,2556A,102.9905,29.9775,雅安市,川农大,颗粒物(PM10),55,59,46,26,27,86,58,80,56,11,9,5,5,0.4,0.4
2023-05-05T22:00:00,2561A,104.6617,30.1372,资阳市,莲花山,颗粒物(PM10),76,102,63,41,32,156,101,143,138,30,13,4,4,0.6,0.6
2023-05-05T22:00:00,2562A,104.6356,30.1506,资阳市,资阳中学,颗粒物(PM10),82,113,64,42,30,148,92,138,132,38,15,10,10,0.5,0.4
2023-05-05T22:00:00,2563A,104.6295,30.1383,资阳市,四三一厂,颗粒物(PM10),90,130,70,42,30,150,92,135,129,40,18,7,5,0.6,0.5
2023-05-05T22:00:00,2564A,104.6463,30.1146,资阳市,师范校,颗粒物(PM10),82,113,65,51,36,150,90,135,128,40,18,9,9,0.6,0.5
2023-05-05T22:00:00,2565A,104.6296,30.1256,资阳市,区法院,颗粒物(PM10),82,114,70,47,28,157,96,143,136,38,16,11,11,0.6,0.5
2023-05-05T22:00:00,2566A,102.1879,31.914,阿坝藏族羌族自治州,州农科所,,24,21,24,9,8,124,76,108,98,11,17,3,3,0,0
2023-05-05T22:00:00,2568A,102.2502,31.8896,阿坝藏族羌族自治州,马师校,颗粒物(PM10),51,51,24,25,15,110,51,105,90,24,10,5,5,0.4,0.4
2023-05-05T22:00:00,2570A,101.9603,30.0475,甘孜藏族自治州,水桥子,,19,10,11,8,8,119,60,110,83,36,16,2,3,0.3,0.3
2023-05-05T22:00:00,2571A,102.3431,27.8099,凉山彝族自治州,青龙寺,,37,11,14,8,7,127,118,125,122,2,3,5,8,0.3,0.4
2023-05-05T22:00:00,2572A,102.2721,27.8415,凉山彝族自治州,邛海宾馆,,36,20,18,10,10,133,114,128,123,6,6,7,9,0.7,0.8
2023-05-05T22:00:00,2573A,102.2625,27.898,凉山彝族自治州,西昌市政府,,34,18,20,10,9,130,108,124,117,6,6,5,8,0.6,0.6
2023-05-05T22:00:00,2574A,102.2685,27.8851,凉山彝族自治州,凉山州政府,,32,20,22,10,15,122,102,117,111,7,7,11,9,1.0,0.6
2023-05-05T22:00:00,2575A,102.237,27.8914,凉山彝族自治州,长安,,34,27,23,11,14,130,107,124,116,7,8,3,7,0.6,0.9
2023-05-05T22:00:00,2576A,104.8,26.5892,六盘水市,窑上,,,,,,,,,,,,,,,,
2023-05-05T22:00:00,2577A,104.83,26.5917,六盘水市,黄土坡,,43,41,46,22,23,139,136,136,136,14,16,8,6,0.4,0.4
2023-05-05T22:00:00,2578A,104.89,26.5939,六盘水市,水钢,细颗粒物(PM2.5),52,48,53,36,36,158,134,148,146,15,13,13,10,0.8,0.7
2023-05-05T22:00:00,2579A,104.8475,26.5894,六盘水市,民中,颗粒物(PM10),51,52,52,31,30,142,124,134,132,19,18,8,7,0.5,0.5
2023-05-05T22:00:00,2580A,104.9544,26.5506,六盘水市,双水,,38,31,45,22,31,156,120,148,146,13,10,9,7,0.5,0.5
2023-05-05T22:00:00,2585A,109.1839,27.7344,铜仁地区,铜仁卫校,,18,11,29,3,14,69,56,60,60,4,10,5,5,0.4,0.4
2023-05-05T22:00:00,2586A,109.1753,27.6944,铜仁地区,铜仁七中,,20,12,22,3,12,73,62,66,66,5,9,4,4,0.5,0.4
2023-05-05T22:00:00,2587A,105.2864,27.3125,毕节市,八中,细颗粒物(PM2.5),87,91,68,64,52,157,117,152,144,9,8,6,6,0.6,0.6
2023-05-05T22:00:00,2588A,105.31,27.2944,毕节市,师专,细颗粒物(PM2.5),90,87,65,67,49,160,117,154,144,6,6,5,5,0.7,0.7
2023-05-05T22:00:00,2589A,104.9022,25.0925,黔西南布依族苗族自治州,场坝街,,31,29,21,19,13,134,99,129,119,9,9,1,2,0.1,0.1
2023-05-05T22:00:00,2590A,104.8811,25.0992,黔西南布依族苗族自治州,坪东大道,,,13,20,16,11,137,,135,127,6,7,4,4,0.2,0.2
2023-05-05T22:00:00,2591A,107.9783,26.5747,黔东南苗族侗族自治州,市环境监测站,,23,22,32,16,24,116,52,108,87,13,11,2,3,0.6,0.5
2023-05-05T22:00:00,2593A,107.5228,26.2403,黔南布依族苗族自治州,小围寨,,45,39,30,31,22,117,98,111,108,4,4,4,5,0.7,0.7
2023-05-05T22:00:00,2594A,99.1678,25.1081,保山市,市环境监测站,,32,22,19,13,8,104,102,100,100,5,6,7,7,0.5,0.4
2023-05-05T22:00:00,2595A,99.1711,25.1328,保山市,市环保局,,32,24,20,22,13,101,90,94,94,6,7,4,4,0.3,0.3
2023-05-05T22:00:00,2596A,103.7667,27.3736,昭通市,监测站,细颗粒物(PM2.5),64,62,57,46,43,133,75,124,105,14,10,17,12,0.5,0.4
2023-05-05T22:00:00,2597A,103.7225,27.3361,昭通市,环保局,颗粒物(PM10),71,92,59,43,40,144,83,137,113,12,11,8,10,0.5,0.3
2023-05-05T22:00:00,2598A,100.2143,26.8576,丽江市,西南郊,,37,10,11,5,6,122,118,120,116,3,3,5,6,0.6,0.6
2023-05-05T22:00:00,2599A,100.2497,26.8802,丽江市,丽江古城,,32,21,21,12,11,111,100,109,106,9,7,7,7,0.5,0.5
2023-05-05T22:00:00,2600A,100.2203,26.8906,丽江市,市中心,,32,8,10,8,5,110,102,108,104,10,8,7,7,0.5,0.5
2023-05-05T22:00:00,2601A,100.98,22.7633,普洱市,市环保局,细颗粒物(PM2.5),59,58,39,42,23,96,86,92,92,17,14,8,6,0.7,0.6
2023-05-05T22:00:00,2602A,100.9817,22.8322,普洱市,普洱第二中学,颗粒物(PM10),55,59,35,30,16,96,64,91,88,20,15,9,8,0.8,0.5
2023-05-05T22:00:00,2603A,100.0781,23.8982,临沧市,市环保局,,43,27,24,30,19,98,75,93,87,14,11,4,5,0.6,0.5
2023-05-05T22:00:00,2604A,100.0894,23.8822,临沧市,市气象局,,28,26,26,19,18,98,81,92,87,8,11,1,2,0.4,0.5
2023-05-05T22:00:00,2605A,101.5482,25.0441,楚雄州,州环境监测站,,33,16,19,14,14,106,103,105,104,6,9,7,8,0.4,0.4
2023-05-05T22:00:00,2606A,101.538,25.0492,楚雄州,市经济开发区,,37,37,21,14,12,106,98,104,101,7,8,5,6,0.5,0.5
2023-05-05T22:00:00,2608A,103.3772,23.3993,红河州,污水处理厂,,39,39,34,24,26,116,82,105,93,4,6,7,14,0.3,0.4
2023-05-05T22:00:00,2609A,103.3861,23.35,红河州,监测站,,40,40,35,28,22,112,87,104,93,6,9,8,12,0.3,0.4
2023-05-05T22:00:00,2610A,104.2533,23.3594,文山州,州水务局,,39,30,35,27,19,114,92,109,104,6,11,10,10,0.4,0.5
2023-05-05T22:00:00,2611A,104.2319,23.3892,文山州,市便民服务中心,,27,21,29,18,20,116,85,109,100,10,12,4,3,0.4,0.4
2023-05-05T22:00:00,2612A,100.7939,22.0019,西双版纳州,景洪市江南,细颗粒物(PM2.5),58,61,43,41,32,110,35,98,79,47,18,6,6,1.3,1
2023-05-05T22:00:00,2613A,100.8017,22.0225,西双版纳州,景洪市江北,细颗粒物(PM2.5),52,47,29,36,17,113,45,105,86,35,16,11,10,0.9,0.7
2023-05-05T22:00:00,2614A,100.1542,25.7054,大理州,大理市环境监测站,,31,24,27,15,18,107,97,105,102,7,6,7,8,0.4,0.4
2023-05-05T22:00:00,2615A,100.2171,25.5811,大理州,大理古城,,31,24,19,12,11,110,99,105,105,6,6,8,8,0.5,0.5
2023-05-05T22:00:00,2616A,98.5842,24.428,德宏州,德宏州监测站,,43,43,45,21,27,128,71,111,98,29,17,15,9,0.7,0.6
2023-05-05T22:00:00,2618A,98.8601,25.8567,怒江州,州监测站,,28,24,25,19,16,78,57,73,71,6,6,10,10,0.5,0.5
2023-05-05T22:00:00,2619A,98.8546,25.8417,怒江州,泸水一中,,29,24,23,20,15,76,57,69,68,8,9,8,8,0.4,0.4
2023-05-05T22:00:00,2621A,99.7056,27.8317,迪庆州,迪庆州站,,26,21,15,14,9,122,82,114,102,20,10,12,11,0.8,0.4
2023-05-05T22:00:00,2622A,97.1806,31.1273,昌都市,昌都监测站,,38,25,12,11,7,144,120,139,133,9,11,5,5,0.5,0.6
2023-05-05T22:00:00,2624A,91.7608,29.2313,山南市,山南监测站,颗粒物(PM10),51,52,15,10,6,143,118,136,132,2,4,5,5,0.3,0.3
2023-05-05T22:00:00,2625A,91.7706,29.2436,山南市,山南人民医院,,42,42,18,14,8,136,116,130,128,2,4,6,6,0.3,0.3
2023-05-05T22:00:00,2626A,88.8876,29.2718,日喀则市,日喀则监测站,,38,35,11,14,5,132,120,129,126,5,6,5,3,0.4,0.4
2023-05-05T22:00:00,2628A,92.0657,31.4846,那曲地区,那曲监测站,颗粒物(PM10),52,54,31,24,17,155,105,154,126,26,7,13,7,1.1,0.8
2023-05-05T22:00:00,2630A,80.1161,32.5,阿里地区,阿里监测站,,34,21,22,7,8,116,108,112,112,6,9,7,8,0.3,0.3
2023-05-05T22:00:00,2632A,94.3681,29.6376,林芝市,林芝监测站,,34,7,4,4,2,130,108,118,118,7,4,9,9,0.4,0.4
2023-05-05T22:00:00,2633A,94.3616,29.6616,林芝市,林芝人民医院,,32,6,8,7,4,129,101,116,115,8,6,10,10,0.4,0.3
2023-05-05T22:00:00,2634A,106.9893,33.1842,汉中市,汉川机床厂子校,颗粒物(PM10),59,68,97,34,35,103,40,70,57,14,16,6,7,0.5,0.5
2023-05-05T22:00:00,2635A,107.0154,33.0706,汉中市,市监测站,颗粒物(PM10),59,67,86,31,40,80,71,74,74,10,16,5,8,0.5,0.6
2023-05-05T22:00:00,2636A,107.0089,33.1138,汉中市,鑫源开发区,颗粒物(PM10),61,72,95,31,37,90,70,69,67,13,23,7,13,0.4,0.5
2023-05-05T22:00:00,2637A,107.007,33.0323,汉中市,南郑大河坎水厂,颗粒物(PM10),58,66,82,29,35,81,72,72,72,8,15,5,6,0.4,0.5
2023-05-05T22:00:00,2638A,109.7414,38.3344,榆林市,红石峡森林公园,,42,23,30,29,18,69,22,50,48,19,11,4,3,0.7,0.6
2023-05-05T22:00:00,2639A,109.7456,38.2911,榆林市,世纪广场,,28,21,32,19,18,113,67,104,89,24,16,8,9,0.8,0.7
2023-05-05T22:00:00,2640A,109.7289,38.2839,榆林市,实验中学,,30,20,33,21,18,116,71,107,92,24,13,6,6,0.6,0.5
2023-05-05T22:00:00,2641A,109.7336,38.2478,榆林市,环保监测大楼,,35,24,31,24,20,108,57,101,84,31,16,8,8,0.7,0.6
2023-05-05T22:00:00,2642A,109.0318,32.6537,安康市,香溪洞,,20,15,26,10,15,70,64,64,64,5,6,5,5,0.5,0.7
2023-05-05T22:00:00,2643A,109.0281,32.6939,安康市,安康市监测站,,38,38,40,23,26,76,56,62,58,8,11,5,10,0.4,0.6
2023-05-05T22:00:00,2644A,109.0072,32.6975,安康市,汉滨区检察院,,41,41,40,24,23,68,60,58,56,8,10,3,5,0.4,0.5
2023-05-05T22:00:00,2645A,109.9154,33.8715,商洛市,监测站,颗粒物(PM10),52,53,100,26,44,95,52,90,75,18,15,5,5,0.5,0.4
2023-05-05T22:00:00,2647A,104.1724,36.5446,白银市,第三小学,颗粒物(PM10),54,57,76,22,30,232,90,174,101,18,17,15,48,0.6,0.7
2023-05-05T22:00:00,2648A,104.1465,36.5482,白银市,动力公司,颗粒物(PM10),53,56,71,22,33,148,94,124,111,12,14,24,32,0.5,0.6
2023-05-05T22:00:00,2649A,106.0055,34.343,天水市,麦积山,,,,,,,,,,,,,,,,
2023-05-05T22:00:00,2650A,105.7205,34.5786,天水市,公园小学,细颗粒物(PM2.5),54,45,80,38,31,63,34,50,48,32,33,13,13,0.6,0.5
2023-05-05T22:00:00,2651A,105.8945,34.5538,天水市,麦积国土局,颗粒物(PM10),58,66,86,33,35,59,21,51,46,36,30,8,10,0.6,0.6
2023-05-05T22:00:00,2652A,102.6201,37.9251,武威市,监测站,颗粒物(PM10),85,120,157,44,51,123,91,119,113,24,20,5,5,0.4,0.4
2023-05-05T22:00:00,2654A,100.4698,38.9524,张掖市,润泉湖,颗粒物(PM10),83,115,145,39,47,134,114,120,120,10,9,7,7,0.3,0.3
2023-05-05T22:00:00,2655A,100.4154,38.9422,张掖市,区工会,颗粒物(PM10),105,159,174,71,63,138,115,123,123,15,11,6,6,0.3,0.3
2023-05-05T22:00:00,2656A,106.6692,35.5461,平凉市,聚贤嘉苑,颗粒物(PM10),60,70,73,32,29,109,31,105,78,56,14,8,7,0.4,0.3
2023-05-05T22:00:00,2657A,106.7021,35.5307,平凉市,博物馆,颗粒物(PM10),71,92,84,35,27,107,53,104,88,34,19,5,5,0.5,0.3
2023-05-05T22:00:00,2658A,98.5061,39.7443,酒泉市,仓门街子站,颗粒物(PM10),109,168,101,44,25,112,78,108,102,34,12,10,4,0.6,0.3
2023-05-05T22:00:00,2659A,98.4989,39.7256,酒泉市,油田生活基地,颗粒物(PM10),111,171,98,38,24,111,63,106,100,48,10,11,4,0.5,0.4
2023-05-05T22:00:00,2661A,107.6325,35.7357,庆阳市,庆阳五中,颗粒物(PM10),57,63,72,32,35,92,78,84,71,9,12,5,4,0.3,0.3
2023-05-05T22:00:00,2662A,107.6364,35.7067,庆阳市,市环保局,,,,70,,38,94,78,89,82,,12,4,6,,0.3
2023-05-05T22:00:00,2663A,104.6241,35.5734,定西市,东关小学,颗粒物(PM10),54,58,68,30,31,116,88,112,102,11,6,6,6,0.3,0.2
2023-05-05T22:00:00,2664A,104.6194,35.5934,定西市,供电公司,颗粒物(PM10),56,61,75,31,28,108,55,104,90,33,13,5,5,0.1,0.1
2023-05-05T22:00:00,2665A,105.0822,33.3261,陇南市,汉王镇固水子,,,,,,,,,,,,,,,,
2023-05-05T22:00:00,2667A,103.2069,35.5993,临夏回族自治州,环保局,,36,36,48,23,20,113,87,104,94,12,16,6,4,0.6,0.6
2023-05-05T22:00:00,2668A,103.2417,35.6057,临夏回族自治州,建设大厦,,28,28,43,17,18,107,66,97,82,21,18,4,5,0.6,0.6
2023-05-05T22:00:00,2669A,102.9099,34.9841,甘南州,州政府,,33,24,50,23,31,106,96,98,97,15,14,4,4,0.3,0.2
2023-05-05T22:00:00,2671A,100.9048,36.9639,海北藏族自治州,海晏县西海镇,,41,41,36,26,24,128,111,125,123,8,7,8,6,0.4,0.4
2023-05-05T22:00:00,2672A,102.0199,35.5102,黄南藏族自治州,同仁县隆务镇,,45,45,68,25,34,109,97,101,100,3,6,3,4,0.7,0.7
2023-05-05T22:00:00,2673A,100.6188,36.2866,海南藏族自治州,共和县恰卜恰镇,,40,33,32,28,24,125,111,120,116,8,9,10,11,0.3,0.4
2023-05-05T22:00:00,2674A,100.2561,34.4714,果洛藏族自治州,玛沁县大武镇,,46,36,22,32,15,124,88,105,98,7,9,13,13,0.4,0.4
2023-05-05T22:00:00,2675A,97,33.0014,玉树藏族自治州,玉树县结古镇,,,10,8,3,4,151,,142,130,14,6,9,8,0.4,0.4
2023-05-05T22:00:00,2676A,97.3731,37.3753,海西蒙古族藏族自治州,德令哈市,,34,9,25,15,18,116,106,111,111,7,6,10,14,0.3,0.6
2023-05-05T22:00:00,2677A,106.1532,37.9648,吴忠市,教育园区,,48,48,92,17,52,93,63,87,85,28,24,5,9,0.4,0.5
2023-05-05T22:00:00,2679A,106.1856,37.9956,吴忠市,新区二泵站,,42,42,103,16,52,91,66,81,80,20,22,5,11,0.5,0.7
2023-05-05T22:00:00,2680A,105.0025,37.4635,中卫市,沙坡头消防站,颗粒物(PM10),98,145,119,48,48,117,87,103,100,23,36,69,22,0.8,0.8
2023-05-05T22:00:00,2682A,105.1971,37.5002,中卫市,环保局站,细颗粒物(PM2.5),89,104,115,66,50,107,78,96,90,25,28,19,9,0.7,0.5
2023-05-05T22:00:00,2683A,106.2319,36.1417,固原市,马园,颗粒物(PM10),73,95,108,50,41,100,30,95,75,44,22,5,5,0.6,0.5
2023-05-05T22:00:00,2684A,106.2792,36.0022,固原市,监测站,细颗粒物(PM2.5),68,83,88,49,35,90,39,83,69,41,20,6,7,0.5,0.4
2023-05-05T22:00:00,2685A,106.2375,36.0211,固原市,新区,颗粒物(PM10),65,79,91,45,35,101,54,93,75,36,23,5,5,0.5,0.4
2023-05-05T22:00:00,2686A,89.1904,42.9418,吐鲁番地区,市环保局,颗粒物(PM10),63,75,130,19,29,104,82,95,94,17,14,7,7,0.4,0.4
2023-05-05T22:00:00,2687A,89.1673,42.9559,吐鲁番地区,地区环保局,颗粒物(PM10),60,69,121,21,40,111,78,103,102,29,17,7,7,0.4,0.3
2023-05-05T22:00:00,2688A,93.5128,42.8172,哈密地区,地区监测站,颗粒物(PM10),51,52,57,20,19,94,83,90,90,19,12,3,4,0.3,0.3
2023-05-05T22:00:00,2689A,93.4961,42.8328,哈密地区,哈密师范学校,,43,43,57,18,20,94,87,92,92,15,13,5,5,0.4,0.4
2023-05-05T22:00:00,2690A,88.1236,43.8886,昌吉州,天山天池,,31,31,19,15,10,106,99,101,101,8,7,4,4,0.5,0.5
2023-05-05T22:00:00,2692A,87.2717,44.0297,昌吉州,新区政务中心,,37,37,33,18,17,106,95,101,101,4,10,6,6,0.5,0.5
2023-05-05T22:00:00,2693A,82.0485,44.8556,博尔塔拉蒙古自治州,市党校,,33,32,31,11,13,108,105,105,105,6,8,4,4,0.3,0.5
2023-05-05T22:00:00,2694A,82.0806,44.8969,博尔塔拉蒙古自治州,市环保局,,,26,31,15,14,105,52,102,95,,11,3,5,0.2,0.4
2023-05-05T22:00:00,2695A,80.292,41.1694,阿克苏地区,电视台,细颗粒物(PM2.5),58,36,54,41,22,116,103,108,108,13,9,12,9,0.4,0.3
2023-05-05T22:00:00,2696A,80.2613,41.1551,阿克苏地区,艺术中心,,39,39,48,19,22,114,102,108,108,17,8,6,5,0.4,0.2
2023-05-05T22:00:00,2697A,76.1454,39.7142,克孜勒苏柯尔克孜自治州,市人民政府,颗粒物(PM10),206,354,302,92,78,133,115,125,125,4,5,4,4,0.5,0.5
2023-05-05T22:00:00,2698A,76.0072,39.4467,喀什地区,巡警大队,细颗粒物(PM2.5),108,,352,81,78,142,102,125,124,9,9,4,7,,0.3
2023-05-05T22:00:00,2699A,75.9755,39.4694,喀什地区,吾办,颗粒物(PM10),500,625,230,147,67,141,101,127,124,12,11,4,5,0.4,0.4
2023-05-05T22:00:00,2700A,75.9538,39.4682,喀什地区,市环境监测站,颗粒物(PM10),500,661,365,166,75,139,96,125,123,16,11,5,5,0.4,0.3
2023-05-05T22:00:00,2703A,81.2815,43.9404,伊犁哈萨克州,市环保局,,30,22,36,8,17,117,95,108,108,19,20,5,6,0.4,0.5
2023-05-05T22:00:00,2704A,81.2996,43.9174,伊犁哈萨克州,新政府片区,,34,34,34,8,19,110,88,103,103,11,14,6,7,0.4,0.4
2023-05-05T22:00:00,2705A,81.3364,43.941,伊犁哈萨克州,第二水厂,,26,26,39,13,21,114,83,107,105,20,18,5,6,0.5,0.5
2023-05-05T22:00:00,2706A,82.9994,46.7432,塔城地区,东门外小游园,,27,21,25,5,15,108,85,101,99,7,7,1,1,0.4,0.3
2023-05-05T22:00:00,2708A,88.1264,47.8517,阿勒泰地区,市站,,34,34,23,1,4,92,83,88,87,14,11,2,2,0.2,0.3
2023-05-05T22:00:00,2709A,86.0497,44.2967,石河子市,艾青诗歌馆,,26,18,20,11,11,104,83,100,98,7,6,7,8,0.5,0.4
2023-05-05T22:00:00,2710A,86.0697,44.3075,石河子市,阳光学校,,29,27,24,10,11,105,90,102,101,7,7,4,5,0.3,0.3
2023-05-05T22:00:00,2711A,87.5475,44.1756,五家渠市,农水大厦,,32,32,36,11,12,101,88,96,96,2,7,5,5,0.4,0.4
2023-05-05T22:00:00,2835A,101.7227,26.567,攀枝花市,四十中小,,33,29,23,20,13,130,104,122,114,21,16,18,13,0.8,0.7
2023-05-05T22:00:00,2842A,118.0936,24.5058,厦门市,湖里中学,,32,32,23,16,9,53,33,45,38,9,5,2,3,0.2,0.1
2023-05-05T22:00:00,2845A,113.1569,36.1911,长治市,德盛苑,,25,18,23,9,16,106,80,94,88,6,11,10,9,0.7,0.8
2023-05-05T22:00:00,2846A,113.3221,23.1322,广州市,体育西,,37,37,33,17,16,90,22,66,53,21,17,4,4,0.6,0.5
2023-05-05T22:00:00,2858A,117.7918,39.2474,天津市,河西一经路,,34,34,23,10,11,110,85,100,95,15,17,7,8,0.4,0.9
2023-05-05T22:00:00,2859A,117.3747,38.9846,天津市,津沽路,,30,30,19,10,9,106,79,96,90,15,12,4,4,0.4,0.5
2023-05-05T22:00:00,2860A,117.1589,39.0845,天津市,宾水西道,,44,44,21,9,9,100,62,91,84,23,12,5,5,0.5,0.5
2023-05-05T22:00:00,2862A,114.5481,38.0378,石家庄市,22中南校区,颗粒物(PM10),60,69,35,27,17,89,57,82,73,24,15,3,3,0.3,0.4
2023-05-05T22:00:00,2865A,112.7195,37.6828,晋中市,榆次三中,,27,5,41,0,19,101,84,90,86,14,20,4,7,0.6,0.6
2023-05-05T22:00:00,2867A,111.1283,37.51,吕梁市,马茂庄小学,,36,33,84,25,28,59,6,48,29,54,34,6,6,0.4,0.4
2023-05-05T22:00:00,2868A,126.4739,43.953,吉林市,九站,颗粒物(PM10),52,54,46,18,16,113,31,99,81,57,26,24,26,0.6,0.5
2023-05-05T22:00:00,2869A,119.447,32.4155,扬州市,五台山医院,,35,24,20,24,16,71,43,48,48,10,16,4,4,0.5,0.6
2023-05-05T22:00:00,2870A,119.4424,32.1873,镇江市,市疾控中心,,42,36,21,29,17,58,37,46,46,21,20,4,3,0.5,0.7
2023-05-05T22:00:00,2871A,121.6147,29.9017,宁波市,万里国际学校,颗粒物(PM10),57,64,30,34,14,126,87,110,102,18,8,5,4,1.2,0.7
2023-05-05T22:00:00,2872A,120.7846,30.7525,嘉兴市,南湖区残联,颗粒物(PM10),52,53,30,33,21,111,65,95,86,13,19,4,4,0.9,0.7
2023-05-05T22:00:00,2873A,120.0875,30.8955,湖州市,仁皇山新区,细颗粒物(PM2.5),52,39,32,36,26,79,60,75,70,13,21,4,4,0.7,0.7
2023-05-05T22:00:00,2875A,115.784,32.8892,阜阳市,阜阳职业技术学院,,22,22,19,11,10,72,63,70,69,14,10,4,4,0.4,0.3
2023-05-05T22:00:00,2877A,119.1641,36.6523,潍坊市,坊子邮政,颗粒物(PM10),76,102,37,14,13,106,101,97,97,10,12,8,8,0.2,0.3
2023-05-05T22:00:00,2878A,116.0072,36.4343,聊城市,聊大东校,,46,46,24,29,18,94,83,83,82,14,9,9,9,0.6,0.7
2023-05-05T22:00:00,2880A,104.0239,30.65639,成都市,大石西路,颗粒物(PM10),76,102,86,45,37,130,82,118,109,25,28,3,3,0.6,0.7
2023-05-05T22:00:00,2881A,107.8908,26.5311,黔东南苗族侗族自治州,凯里学院,,25,25,27,16,20,124,54,113,93,8,6,3,3,0.6,0.5
2023-05-05T22:00:00,2882A,102.5389,24.3703,玉溪市,玉溪一中,,27,14,23,7,12,104,85,100,98,13,14,6,8,0.5,0.8
2023-05-05T22:00:00,2883A,102.5381,24.3389,玉溪市,文体中心,,28,17,18,9,10,105,87,102,100,10,7,6,7,0.5,0.6
2023-05-05T22:00:00,2884A,98.2672,39.7978,嘉峪关市,酒钢宾馆,颗粒物(PM10),102,153,95,41,27,113,95,110,107,18,11,28,19,0.6,0.6
2023-05-05T22:00:00,2885A,104.9339,33.3826,陇南市,滨江中学,颗粒物(PM10),57,64,93,25,28,89,48,82,63,20,16,9,10,0.5,0.5
2023-05-05T22:00:00,2894A,117.0566,32.6531,淮南市,经济技术开发区消防队,,33,33,27,17,19,58,51,54,51,8,9,3,3,0.4,0.5
2023-05-05T22:00:00,2897A,123.2444,41.7347,沈阳市,沈辽西路,,41,41,47,11,25,100,85,89,89,17,24,6,7,0.4,0.6
2023-05-05T22:00:00,2900A,123.5953,41.9086,沈阳市,裕农路,,28,28,41,9,22,105,74,94,92,14,18,5,7,0.4,0.5
2023-05-05T22:00:00,2902A,106.6351,30.4865,广安市,北辰小学,,37,37,26,24,18,134,82,121,118,6,6,11,8,0.5,0.5
2023-05-05T22:00:00,2907A,120.1844,30.8596,湖州市,吴兴区站,,47,47,30,30,21,90,66,78,69,8,20,4,4,0.6,0.6
2023-05-05T22:00:00,2914A,106.7677,31.8794,巴中市,苏山坪,,34,34,51,17,25,83,70,82,70,6,9,5,5,0.4,0.4
2023-05-05T22:00:00,2919A,116.7022,39.5453,廊坊市,河北工业大学,,43,43,44,9,14,87,68,81,78,21,24,3,3,0.2,0.3
2023-05-05T22:00:00,2920A,117.7116,24.506,漳州市,蓝田镇,,31,31,21,11,7,78,45,68,56,11,5,6,4,0.4,0.3
2023-05-05T22:00:00,2921A,120.5483,30.0003,绍兴市,树下王站,细颗粒物(PM2.5),53,32,19,37,14,112,56,106,87,18,12,5,5,1.0,0.7
2023-05-05T22:00:00,2922A,117.1941,39.1067,天津市,大理道,,34,34,18,10,8,105,61,96,88,27,12,7,6,0.2,0.2
2023-05-05T22:00:00,2924A,106.2266,38.4418,银川市,水乡路,颗粒物(PM10),51,52,108,22,47,101,86,88,88,20,30,4,6,0.5,0.6
2023-05-05T22:00:00,2925A,106.2757,38.4842,银川市,上海东路,,35,28,95,24,49,105,84,92,92,18,27,6,10,0.3,0.5
2023-05-05T22:00:00,2926A,106.1015,38.497,银川市,文昌北街,,48,48,135,24,61,114,90,102,102,16,33,6,10,0.3,0.6
2023-05-05T22:00:00,2929A,114.8858,30.4519,黄冈市,红卫路,,39,39,21,11,8,97,72,91,85,2,2,5,6,0.7,0.8
2023-05-05T22:00:00,2996A,118.283,33.965,宿迁市,市供电局,,20,11,23,8,25,73,61,51,51,12,14,9,8,0.5,0.7
2023-05-05T22:00:00,2997A,119.8767,32.3289,泰州市,王营,,39,36,14,27,13,62,29,52,35,20,17,6,6,0.6,0.8
2023-05-05T22:00:00,3000A,119.3581,34.6972,连云港市,德源药业,,35,34,38,24,26,69,63,62,62,21,32,7,9,0.6,1.1
2023-05-05T22:00:00,3002A,119.9805,31.8174,常州市,行政中心,颗粒物(PM10),61,72,70,25,18,72,38,56,48,18,24,5,7,0.5,0.8
2023-05-05T22:00:00,3003A,120.0522,31.7748,常州市,经开区,,50,50,40,21,22,90,45,71,60,20,28,3,3,0.3,0.6
2023-05-05T22:00:00,3004A,120.1544,33.3663,盐城市,宝龙广场,,24,24,14,14,8,83,63,71,62,9,10,6,7,0.4,0.6
2023-05-05T22:00:00,3005A,117.1814,34.29,徐州市,鼓楼区政府,,18,17,29,10,23,72,55,68,66,15,9,5,5,0.7,0.5
2023-05-05T22:00:00,3006A,117.1694,34.1781,徐州市,铜山区招生办,,44,44,34,29,22,75,51,72,69,24,15,6,5,1.0,0.8
2023-05-05T22:00:00,3007A,119.178,34.844,连云港市,新城一中,,30,30,45,17,23,83,83,68,68,14,19,6,7,0.6,0.9
2023-05-05T22:00:00,3008A,119.3608,34.7519,连云港市,胡沟管理处,,31,31,33,17,22,84,84,74,74,11,22,8,12,0.6,1.2
2023-05-05T22:00:00,3009A,119.1478,34.5911,连云港市,矿山设计院,,29,29,40,19,31,75,75,58,58,10,25,4,5,0.5,0.9
2023-05-05T22:00:00,3010A,119.9025,31.7964,常州市,钟楼,,43,18,31,30,23,80,41,60,52,14,21,1,2,0.5,0.8
2023-05-05T22:00:00,3012A,112.1849,31.0362,荆门市,西山林语,颗粒物(PM10),51,51,38,28,23,121,79,112,99,11,7,9,8,0.7,0.7
2023-05-05T22:00:00,3014A,106.4958,29.5346,重庆市,歇台子,细颗粒物(PM2.5),57,43,31,40,27,117,52,93,92,29,31,10,9,0.9,0.9
2023-05-05T22:00:00,3015A,106.4037,29.5728,重庆市,龙井湾,颗粒物(PM10),51,51,32,30,17,154,87,136,133,17,16,8,8,0.8,0.9
2023-05-05T22:00:00,3016A,106.5507,29.4153,重庆市,龙洲湾,颗粒物(PM10),52,53,41,31,23,150,64,121,120,18,14,5,5,0.7,0.6
2023-05-05T22:00:00,3018A,111.505,36.1014,临汾市,唐尧大酒店,细颗粒物(PM2.5),74,68,108,54,64,101,77,92,80,18,24,3,5,1.1,0.9
2023-05-05T22:00:00,3020A,117.2101,39.1699,天津市,中山北路,,36,36,18,13,9,100,32,90,73,42,16,6,5,0.4,0.4
2023-05-05T22:00:00,3021A,115,35.7668,濮阳市,濮水河管理处,,29,24,22,13,17,91,91,84,84,10,9,6,6,0.1,0.3
2023-05-05T22:00:00,3025A,113.0477,23.6344,清远市,技师学院,,37,37,36,15,16,117,32,86,74,17,16,6,7,0.5,0.5
2023-05-05T22:00:00,3026A,116.6183,23.6608,潮州市,市政府,,39,39,35,16,13,111,42,92,71,17,9,7,5,0.6,0.5
2023-05-05T22:00:00,3027A,104.72,29.3427,自贡市,青杠林路,颗粒物(PM10),57,64,56,36,33,124,75,113,107,15,14,4,6,0.4,0.5
2023-05-05T22:00:00,3028A,104.776,29.3627,自贡市,檀木林体育馆,颗粒物(PM10),63,75,57,37,29,118,77,110,105,16,13,4,6,0.4,0.6
2023-05-05T22:00:00,3033A,87.4651,43.4569,乌鲁木齐市,培训基地,,30,12,16,5,5,99,94,98,95,4,4,2,2,0.3,0.2
2023-05-05T22:00:00,3034A,113.1076,41.0385,乌兰察布市,光明街小学,,32,22,19,22,18,83,74,79,72,11,6,12,13,0.4,0.4
2023-05-05T22:00:00,3035A,122.0931,46.0707,兴安盟,北滨河,,46,46,27,17,15,101,47,97,83,28,12,3,3,0.5,0.3
2023-05-05T22:00:00,3036A,118.6904,37.4338,东营市,开发区管委会,,43,43,27,14,11,104,100,100,100,4,4,3,3,0.1,0.1
2023-05-05T22:00:00,3038A,103.3758,23.368,红河州,州图书馆,,29,25,25,20,24,106,83,98,89,5,8,5,9,0.5,0.4
2023-05-05T22:00:00,3039A,111.1911,34.7829,三门峡市,三门峡市第一小学,颗粒物(PM10),76,102,107,38,36,106,62,91,82,25,18,9,10,0.5,0.5
2023-05-05T22:00:00,3045A,109.9643,33.8471,商洛市,商州区中学,颗粒物(PM10),53,56,104,23,50,105,61,98,84,19,19,4,4,0.5,0.3
2023-05-05T22:00:00,3046A,115.9084,28.6062,南昌市,机电学校,,20,9,19,5,9,117,63,104,95,16,14,8,9,0.3,0.5
2023-05-05T22:00:00,3048A,119.5799,26.0936,福州市,九龙,,21,21,24,6,4,90,36,79,61,14,9,3,3,0.3,0.3
2023-05-05T22:00:00,3051A,117.3876,39.1488,天津市,西四道,,30,30,19,9,9,106,85,98,90,15,13,4,7,0.6,0.7
2023-05-05T22:00:00,3054A,113.9194,35.2847,新乡市,市委党校,,35,21,30,24,31,116,78,103,96,7,7,3,4,0.2,0.4
2023-05-05T22:00:00,3055A,101.7775,36.6428,西宁市,城北区政府,颗粒物(PM10),51,52,79,25,31,96,55,86,75,31,19,6,8,0.4,0.4
2023-05-05T22:00:00,3057A,121.5992,37.4014,烟台市,牟平检察院,颗粒物(PM10),52,53,20,29,11,100,94,85,85,20,16,8,7,0.4,0.3
2023-05-05T22:00:00,3058A,119.2658,42.0353,赤峰市,银河街,,26,26,42,11,15,92,67,87,81,24,17,17,10,0.6,0.5
2023-05-05T22:00:00,3059A,117.7161,36.2049,济南市,泰兴公司,,48,48,20,24,11,97,87,86,86,22,18,9,6,0.3,0.3
2023-05-05T22:00:00,3061A,119.7512,49.1577,呼伦贝尔市,国华电力东,,36,36,26,13,14,102,56,100,89,16,9,2,2,0.2,0.1
2023-05-05T22:00:00,3064A,117.6867,36.2171,济南市,莱芜战役纪念馆,,46,46,20,12,9,94,88,85,85,20,17,7,5,0.4,0.6
2023-05-05T22:00:00,3065A,101.9533,29.9972,甘孜藏族自治州,州环保局,,34,4,14,4,6,121,107,110,92,10,17,4,4,0.2,0.3
2023-05-05T22:00:00,3066A,116.2721,37.4379,德州市,九衢泉纯净水厂,,39,39,19,23,16,99,60,81,78,31,17,3,3,0.6,0.7
2023-05-05T22:00:00,3109A,115.0093,25.8613,赣州市,赣县区卫计委,,19,19,27,12,12,94,55,94,60,14,11,10,10,0.5,0.5
2023-05-05T22:00:00,3122A,105.9606,26.2611,安顺市,伍家关,,,,,,,,,,,,,,,,
2023-05-05T22:00:00,3123A,105.9408,26.2431,安顺市,凤凰山,细颗粒物(PM2.5),67,61,33,48,25,137,106,129,126,10,6,13,8,0.9,0.7
2023-05-05T22:00:00,3124A,105.9439,26.2564,安顺市,金钟山,细颗粒物(PM2.5),79,64,34,58,27,142,110,134,131,8,4,12,8,0.6,0.4
2023-05-05T22:00:00,3125A,105.8983,26.2481,安顺市,娄家坡,细颗粒物(PM2.5),69,62,36,50,27,142,109,131,128,10,5,15,9,0.7,0.5
2023-05-05T22:00:00,3128A,92.0506,31.4797,那曲地区,那曲会议中心,,39,39,22,21,10,158,107,158,123,19,10,9,7,0.7,0.5
2023-05-05T22:00:00,3131A,114.879,40.7993,张家口市,烟厂,,23,17,35,13,16,77,72,76,67,9,11,2,3,0.3,0.3
2023-05-05T22:00:00,3132A,119.610547,39.943889,秦皇岛市,文明里,,42,42,23,16,10,97,76,92,90,2,2,5,4,0.2,0.2
2023-05-05T22:00:00,3133A,106.5468,29.5654,重庆市,上清寺,,49,49,45,25,25,159,63,122,120,28,30,10,9,1.0,1
2023-05-05T22:00:00,3134A,113.8172,34.0339,许昌市,市一中,,26,26,21,10,12,107,76,98,94,13,11,2,2,0.9,1
2023-05-05T22:00:00,3136A,104.2725,30.5589,成都市,龙泉驿区区政府,颗粒物(PM10),85,119,69,36,31,83,58,75,60,42,26,2,2,0.6,0.5
2023-05-05T22:00:00,3137A,103.8578,30.0744,眉山市,市委党校,颗粒物(PM10),57,63,67,24,31,92,41,71,61,28,27,8,11,0.4,0.4
2023-05-05T22:00:00,3138A,111.7153,29.0289,常德市,武陵区永安,,37,37,26,22,18,93,72,86,84,10,7,5,6,0.7,0.6
2023-05-05T22:00:00,3139A,111.6892,28.9881,常德市,鼎城区玉霞,,36,29,26,25,20,93,62,80,77,14,8,2,3,1.0,0.7
2023-05-05T22:00:00,3140A,111.6625,29.0531,常德市,武陵区长庚,,40,29,24,28,19,90,61,83,79,12,8,3,4,0.7,0.4
2023-05-05T22:00:00,3141A,114.3922,36.0878,安阳市,信访局,,25,21,20,16,13,102,80,94,89,10,12,2,3,0.6,0.7
2023-05-05T22:00:00,3147A,114.3438,34.8106,开封市,龙亭公园,,26,14,24,8,10,99,81,95,90,20,16,3,4,0.6,0.7
2023-05-05T22:00:00,3148A,103.8291,30.0564,眉山市,区人社局,颗粒物(PM10),68,85,65,22,28,88,48,70,58,23,27,8,11,0.3,0.4
2023-05-05T22:00:00,3149A,115.0235,30.1578,黄石市,笔架山北路,,22,20,19,2,5,120,68,106,94,2,3,5,4,0.6,0.8
2023-05-05T22:00:00,3151A,114.375,27.8097,宜春市,宜春学院北校区,,,,36,,23,102,,88,80,9,13,4,6,0.9,0.6
2023-05-05T22:00:00,3153A,114.3877,30.4908,武汉市,民族大道182号,,39,39,23,21,16,113,63,106,91,26,14,13,5,1.2,0.7
2023-05-05T22:00:00,3164A,119.4686,32.3942,扬州市,广陵建设局,,29,22,16,20,16,58,44,50,50,10,19,3,6,0.6,0.7
2023-05-05T22:00:00,3165A,108.6594,34.2969,咸阳市,两寺渡,颗粒物(PM10),57,63,102,35,37,74,27,61,41,33,32,3,4,0.7,0.7
2023-05-05T22:00:00,3169A,113.2725,35.2067,焦作市,太极体育中心,,45,45,49,18,27,81,66,66,66,14,9,4,4,0.4,0.6
2023-05-05T22:00:00,3170A,102.1864,38.5253,金昌市,市委党校,,,,,,,105,93,100,94,11,17,83,67,0.6,0.6
2023-05-05T22:00:00,3171A,115.6071,34.4465,商丘市,梁园区档案局,,24,22,15,8,9,86,75,77,77,9,7,5,4,0.4,0.4
2023-05-05T22:00:00,3173A,117.0598,30.5351,安庆市,市人大,,25,22,14,17,10,102,59,98,64,6,11,8,7,0.7,0.7
2023-05-05T22:00:00,3178A,119.0587,36.721,潍坊市,潍坊七中,,,,31,,12,102,,94,94,12,10,7,6,0.3,0.4
2023-05-05T22:00:00,3179A,102.7494,25.0119,昆明市,官渡区博物馆,,42,42,24,12,11,116,87,106,98,18,13,6,7,0.5,0.5
2023-05-05T22:00:00,3180A,99.7136,27.8094,迪庆州,质量技术监督局,,31,12,14,16,8,122,98,115,104,9,6,8,8,0.5,0.4
2023-05-05T22:00:00,3182A,106.7656,31.8545,巴中市,丽阳花园,,40,40,50,19,24,71,56,63,63,16,23,4,4,0.5,0.6
2023-05-05T22:00:00,3183A,106.7418,31.8654,巴中市,圣泉水务公司,,33,33,51,13,24,73,70,69,69,8,19,4,5,0.4,0.5
2023-05-05T22:00:00,3186A,103.7158,36.1058,兰州市,教育港,颗粒物(PM10),57,64,71,33,34,122,88,116,107,24,14,4,10,0.4,0.4
2023-05-05T22:00:00,3187A,116.9509,33.666,宿州市,远航博物馆,,38,38,33,20,23,66,59,64,63,13,7,4,4,0.3,0.3
2023-05-05T22:00:00,3188A,115.6683,37.7217,衡水市,市城管局,,49,49,28,22,11,90,54,84,79,29,10,10,8,0.3,0.3
2023-05-05T22:00:00,3190A,116.0254,29.6994,九江市,外国语学校,,37,37,23,24,16,134,64,117,108,42,19,10,11,0.8,0.8
2023-05-05T22:00:00,3191A,118.3225,33.9447,宿迁市,宿豫区政府,,21,14,29,11,30,73,66,52,52,12,16,12,12,0.5,0.7
2023-05-05T22:00:00,3192A,80.0903,32.5028,阿里地区,阿里藏医院,,36,36,35,4,8,109,104,106,106,2,6,8,9,0.4,0.5
2023-05-05T22:00:00,3194A,112.2747,30.3122,荆州市,管委会,,32,32,30,18,18,125,84,117,106,15,12,7,7,0.8,0.8
2023-05-05T22:00:00,3195A,119.3633,32.3972,扬州市,市体育局,,31,31,19,21,14,71,35,48,47,14,16,9,9,0.7,0.8
2023-05-05T22:00:00,3200A,115.9819,36.4978,聊城市,监控中心,,49,47,21,34,16,87,58,80,77,24,8,7,5,0.5,0.5
2023-05-05T22:00:00,3201A,102.6486,37.9325,武威市,东关招商场,颗粒物(PM10),91,131,165,60,57,119,84,114,109,21,20,6,6,0.3,0.3
2023-05-05T22:00:00,3204A,113.3025,33.73,平顶山市,规划局,,33,31,37,23,25,103,82,94,93,16,17,4,4,0.5,0.6
2023-05-05T22:00:00,3206A,114.9149,27.807,新余市,新钢沁园村,,26,19,49,6,17,92,83,78,78,11,14,5,8,0.2,0.3
2023-05-05T22:00:00,3207A,118.3118,32.3038,滁州市,市政府原办公楼,,49,36,23,34,27,62,54,56,56,8,10,3,4,0.5,0.6
2023-05-05T22:00:00,3208A,112.7283,38.4153,忻州市,市政府,,16,16,42,7,26,67,41,61,57,20,28,6,11,0.4,0.5
2023-05-05T22:00:00,3209A,119.5231,26.6562,宁德市,宁德一中,,42,42,32,14,12,92,27,81,63,9,12,5,5,0.6,0.7
2023-05-05T22:00:00,3210A,114.3644,34.7964,开封市,汴京公园,,25,17,22,11,16,100,80,96,92,10,8,2,3,0.5,0.5
2023-05-05T22:00:00,3216A,114.6622,24.5183,漳州市,漳州党校,,28,23,11,19,13,86,57,78,70,8,5,6,4,0.5,0.5
2023-05-05T22:00:00,3237A,117.4918,30.6617,池州市,展览馆,,32,30,19,22,11,101,49,101,62,12,7,4,4,0.5,0.5
2023-05-05T22:00:00,3239A,125.0764,42.9078,辽源市,银鹰制药,,28,22,39,8,14,97,87,89,89,8,13,6,7,0.4,0.4
2023-05-05T22:00:00,3241A,103.7439,36.0842,兰州市,百合公园,,47,47,62,30,30,116,70,111,99,33,22,5,7,0.4,0.4
2023-05-05T22:00:00,3242A,103.9611,35.998,兰州市,和平,颗粒物(PM10),51,51,96,24,39,116,70,110,96,18,19,6,10,0.5,0.6
2023-05-05T22:00:00,3245A,103.6633,36.533,兰州新区,新区管委会,颗粒物(PM10),65,79,81,35,37,116,76,106,101,22,13,8,25,0.3,0.3
2023-05-05T22:00:00,3246A,103.6975,36.4789,兰州新区,舟曲中学,颗粒物(PM10),55,60,88,27,32,117,86,109,104,17,14,6,28,0.3,0.3
2023-05-05T22:00:00,3247A,104.955,33.371,陇南市,市总工会,,46,46,80,25,29,92,50,83,58,18,18,5,5,0.4,0.3
2023-05-05T22:00:00,3248A,98.2643,39.7724,嘉峪关市,雄关区,颗粒物(PM10),82,113,69,31,19,111,74,107,102,35,12,29,10,0.7,0.4
2023-05-05T22:00:00,3265A,121.4316,31.3322,上海市,宝山庙行,,41,41,36,27,22,89,35,74,63,20,14,6,6,0.9,0.7
2023-05-05T22:00:00,3266A,121.8791,31.4662,上海市,崇明上实东滩,,17,7,20,8,15,105,53,84,79,8,18,6,7,0.6,0.6
2023-05-05T22:00:00,3268A,121.3162,31.2838,上海市,嘉定南翔,,43,26,27,30,20,92,30,79,66,28,33,5,6,1.2,0.7
2023-05-05T22:00:00,3269A,121.3359,30.7456,上海市,金山新城,,29,28,29,20,20,125,52,108,93,25,21,5,6,0.9,0.6
2023-05-05T22:00:00,3270A,121.4996,31.0739,上海市,闵行浦江,,49,42,26,34,23,100,37,85,74,40,27,6,6,1.0,0.6
2023-05-05T22:00:00,3271A,121.2886,31.1663,上海市,青浦徐泾,,50,31,22,35,22,108,25,89,72,40,33,7,7,1.3,0.7
2023-05-05T22:00:00,3272A,121.2186,31.0378,上海市,松江图书馆,,37,37,29,22,21,110,38,94,80,32,27,8,8,1.0,0.7
2023-05-05T22:00:00,3273A,121.3902,31.2059,上海市,长宁仙霞,,49,36,28,34,20,92,29,80,68,38,32,8,8,1.4,0.8
2023-05-05T22:00:00,3274A,121.7965,31.0507,上海市,浦东惠南,,43,38,29,30,22,117,18,89,66,52,22,6,5,1.2,0.8
2023-05-05T22:00:00,3281A,115.9718,40.4529,北京市,延庆夏都,,20,20,24,8,13,70,52,66,57,8,10,3,3,0.3,0.4
2023-05-05T22:00:00,3282A,113.3397,40.0597,大同市,大同市卫生学校,,24,24,27,10,16,104,69,71,67,14,13,9,10,0.5,0.9
2023-05-05T22:00:00,3283A,109.9154,40.5685,包头市,滨河大厦,,21,21,19,14,8,102,66,97,80,13,7,10,10,0.5,0.5
2023-05-05T22:00:00,3284A,106.813,39.7274,乌海市,海北新区,颗粒物(PM10),51,51,111,22,30,113,96,106,105,10,32,10,21,0.3,0.7
2023-05-05T22:00:00,3285A,113.1376,40.9509,乌兰察布市,北京八中,,26,13,20,8,8,86,81,84,72,6,5,14,12,0.4,0.3
2023-05-05T22:00:00,3286A,118.9359,42.3147,赤峰市,桥北物流园区,,29,29,61,6,12,100,68,94,84,26,9,5,4,0.4,0.3
2023-05-05T22:00:00,3287A,119.3842,32.1976,镇江市,富润路1号,细颗粒物(PM2.5),54,36,22,38,24,68,29,52,44,25,17,3,3,0.7,0.8
2023-05-05T22:00:00,3288A,117.4754,34.4422,徐州市,大泉街道,,20,19,34,10,30,78,62,68,67,17,16,11,8,0.6,0.8
2023-05-05T22:00:00,3289A,120.743,31.3188,苏州市,方洲路,细颗粒物(PM2.5),57,54,31,40,23,90,30,81,62,25,21,6,6,1.0,0.8
2023-05-05T22:00:00,3290A,120.5031,31.2774,苏州市,木渎中学,,45,44,23,31,17,96,61,82,72,10,16,7,7,0.9,0.9
2023-05-05T22:00:00,3291A,121.067,32.062,南通市,通州监测站,,16,9,16,7,8,98,49,78,53,8,16,5,5,0.6,0.8
2023-05-05T22:00:00,3293A,120.1501,33.3367,盐城市,月亮广场,,30,17,12,21,12,70,66,65,65,11,11,4,4,0.4,0.5
2023-05-05T22:00:00,3294A,119.5653,32.4222,扬州市,引江管理处,,32,26,17,22,16,63,42,50,47,11,20,9,8,0.7,0.9
2023-05-05T22:00:00,3295A,120.1259,32.5099,泰州市,姜堰区政府广场,,23,20,12,16,9,85,40,71,44,14,13,11,6,0.8,0.8
2023-05-05T22:00:00,3298A,113.5717,23.5491,广州市,从化街口,,24,24,28,11,13,103,34,86,75,18,17,8,7,0.4,0.4
2023-05-05T22:00:00,3299A,113.3472,23.3692,广州市,白云竹料,,37,37,34,14,15,99,29,78,68,27,23,6,6,0.6,0.6
2023-05-05T22:00:00,3300A,113.2981,23.237,广州市,白云嘉禾,,34,34,32,14,13,79,21,63,52,36,29,6,6,0.6,0.5
2023-05-05T22:00:00,3301A,113.4256,23.1716,广州市,黄埔科学城,,30,30,32,11,11,80,19,61,49,28,25,6,10,0.3,0.4
2023-05-05T22:00:00,3302A,113.3942,23.0483,广州市,番禺大学城,,31,31,30,11,11,82,33,63,52,20,19,7,7,0.6,0.6
2023-05-05T22:00:00,3303A,113.4922,22.8168,广州市,南沙黄阁,,17,17,25,9,11,76,41,66,55,8,7,4,4,0.6,0.5
2023-05-05T22:00:00,3304A,113.5342,22.7896,广州市,南沙街,,20,20,24,8,9,72,42,61,53,9,10,4,3,0.4,0.4
2023-05-05T22:00:00,3305A,114.0731,22.559,深圳市,莲花,,14,14,18,9,9,55,37,50,45,11,12,6,6,0.4,0.4
2023-05-05T22:00:00,3306A,114.0261,22.6198,深圳市,民治,,16,16,18,8,8,51,33,48,43,16,13,7,7,0.6,0.6
2023-05-05T22:00:00,3307A,114.1871,22.6451,深圳市,横岗,,17,17,19,8,8,76,41,66,55,18,20,6,6,0.5,0.5
2023-05-05T22:00:00,3308A,113.3494,22.0569,珠海市,金湾,,15,15,17,6,12,56,47,51,50,3,4,8,8,0.3,0.3
2023-05-05T22:00:00,3311A,113.1075,22.5647,江门市,江海富民,,36,36,40,10,14,70,43,65,56,8,9,7,6,0.5,0.4
2023-05-05T22:00:00,3313A,112.4575,23.0166,肇庆市,高要湖西,,29,29,23,12,10,69,43,66,58,16,12,12,6,0.3,0.3
2023-05-05T22:00:00,3314A,114.4338,22.8134,惠州市,惠阳秋长,,17,17,20,10,10,97,51,83,71,5,7,5,6,0.4,0.4
2023-05-05T22:00:00,3315A,116.1233,24.2991,梅州市,梅龙,,46,46,25,18,14,75,54,66,64,19,12,10,9,0.7,0.5
2023-05-05T22:00:00,3317A,111.9765,21.8947,阳江市,两阳中学,,,31,22,3,6,58,,57,55,2,2,6,6,0.3,0.3
2023-05-05T22:00:00,3318A,112.9903,23.7403,清远市,清新太和,,49,49,40,22,16,107,33,81,77,30,23,10,10,0.4,0.3
2023-05-05T22:00:00,3319A,113.7338,23.0381,东莞市,万江金泰,,22,22,27,9,11,83,44,74,61,8,16,5,5,0.4,0.4
2023-05-05T22:00:00,3320A,116.403,23.5699,揭阳市,曲溪,,47,47,44,8,13,103,45,89,70,6,6,1,2,0.5,0.6
2023-05-05T22:00:00,3323A,115.2773,40.9724,张家口市,青少年活动中心,,26,3,20,10,13,93,82,79,66,3,4,3,4,0.3,0.3
2023-05-05T22:00:00,3324A,116.8136,38.3004,沧州市,河北水利电力学院,颗粒物(PM10),51,52,42,23,14,112,65,99,95,31,20,6,6,0.1,0.3
2023-05-05T22:00:00,3325A,117.0365,39.3828,天津市,雍阳西道,,30,30,19,9,10,91,51,81,70,30,13,8,7,0.2,0.2
2023-05-05T22:00:00,3326A,117.0296,39.0605,天津市,辛老路,,34,34,17,12,9,95,38,86,74,39,14,8,8,0.3,0.4
2023-05-05T22:00:00,3327A,116.9638,38.9375,天津市,地纬路,,29,29,17,11,10,97,40,90,80,31,10,10,10,0.2,0.2
2023-05-05T22:00:00,3328A,118.4209,31.3707,芜湖市,市气象局,,28,26,18,19,15,97,47,91,62,17,21,10,10,0.6,0.7
2023-05-05T22:00:00,3329A,117.0108,32.5893,淮南市,山南新区,,28,28,31,9,14,61,54,55,54,14,14,4,4,0.5,0.5
2023-05-05T22:00:00,3330A,116.8873,33.9836,淮北市,杜集区检察院,,29,29,26,13,18,73,63,68,68,12,7,7,6,0.6,0.5
2023-05-05T22:00:00,3331A,118.3267,32.2634,滁州市,图书馆,,40,40,24,26,22,65,54,58,58,12,15,5,5,0.7,0.7
2023-05-05T22:00:00,3332A,115.7633,33.8034,亳州市,亳州学院,,26,26,21,15,14,75,71,72,72,8,7,4,3,0.6,0.5
2023-05-05T22:00:00,3333A,117.5627,30.695,池州市,第八中学,,30,28,19,21,11,106,55,106,64,10,11,3,4,0.5,0.5
2023-05-05T22:00:00,3334A,117.5038,30.6243,池州市,第十二中学,,29,29,17,20,11,105,48,105,62,14,10,3,4,0.6,0.6
2023-05-05T22:00:00,3335A,113.3137,35.2641,焦作市,马村街道办,,42,42,38,24,26,75,63,61,61,10,9,5,7,0.5,0.8
2023-05-05T22:00:00,3336A,113.2465,35.2373,焦作市,焦作技师学院,,35,35,40,14,26,81,66,65,65,12,9,4,3,0.6,0.8
2023-05-05T22:00:00,3337A,113.8614,34.0442,许昌市,许昌学院,,25,20,33,9,12,108,78,98,93,9,8,2,2,0.6,0.7
2023-05-05T22:00:00,3338A,113.843,34.0823,许昌市,芙蓉广场,,23,17,19,15,18,107,73,96,91,13,13,5,5,0.6,0.7
2023-05-05T22:00:00,3339A,114.0012,33.0412,驻马店市,小管楼,,23,22,25,7,16,101,72,88,84,7,6,6,7,0.3,0.3
2023-05-05T22:00:00,3340A,112.6005,34.6326,洛阳市,伊滨,,46,30,48,32,39,83,78,68,64,11,17,5,5,0.7,1
2023-05-05T22:00:00,3341A,112.4951,34.6332,洛阳市,中移产业园,细颗粒物(PM2.5),57,52,60,40,47,85,40,72,58,25,16,5,6,0.5,0.5
2023-05-05T22:00:00,3342A,128.4741,47.4346,伊春市,中心小学,,31,31,18,9,10,99,52,97,89,18,7,4,4,0.5,0.4
2023-05-05T22:00:00,3343A,128.6871,47.7369,伊春市,检察院,,44,44,20,28,13,100,74,97,89,16,5,8,8,0.2,0.2
2023-05-05T22:00:00,3344A,128.8431,47.8474,伊春市,双子河社区,颗粒物(PM10),60,69,20,10,7,100,62,98,90,16,9,6,6,0.7,0.6
2023-05-05T22:00:00,3345A,131.0577,45.7879,七台河市,中波台,,24,24,22,14,11,90,66,86,82,12,14,10,11,0.5,0.5
2023-05-05T22:00:00,3346A,108.3872,31.1628,重庆市,安康,,35,33,21,24,15,39,18,33,26,19,17,6,6,0.5,0.5
2023-05-05T22:00:00,3347A,105.9017,29.3569,重庆市,北山路,,42,41,38,29,28,111,97,106,106,14,14,7,6,0.7,0.7
2023-05-05T22:00:00,3348A,105.839,30.1946,重庆市,春阳街,细颗粒物(PM2.5),75,61,53,55,34,129,86,117,115,9,8,9,14,0.8,0.7
2023-05-05T22:00:00,3349A,107.7983,30.6758,重庆市,人民东路,,30,30,29,10,11,74,60,68,66,10,8,18,18,0.6,0.6
2023-05-05T22:00:00,3350A,106.6479,29.0244,重庆市,滩子口,细颗粒物(PM2.5),64,55,64,46,43,140,81,106,105,21,22,9,19,0.7,1.1
2023-05-05T22:00:00,3351A,105.7167,29.7076,重庆市,棠香,颗粒物(PM10),60,69,43,38,27,100,82,93,92,13,11,12,12,0.5,0.4
2023-05-05T22:00:00,3352A,107.0732,29.8617,重庆市,桃源西路,,39,26,28,27,27,100,71,91,87,9,10,12,13,0.7,0.9
2023-05-05T22:00:00,3353A,107.3535,29.7287,重庆市,迎宾大道,,38,32,38,26,38,104,52,73,72,20,22,5,6,0.9,0.8
2023-05-05T22:00:00,3354A,108.815,29.5081,重庆市,舟白,,29,7,8,20,18,81,81,71,71,7,8,7,7,0.6,0.5
2023-05-05T22:00:00,3355A,108.3679,30.8426,重庆市,周家坝,,24,24,21,15,16,58,56,44,44,14,31,9,9,0.6,0.5
2023-05-05T22:00:00,3356A,108.4319,30.7555,重庆市,百安坝,,22,10,17,15,14,48,22,34,33,27,27,13,13,0.5,0.5
2023-05-05T22:00:00,3357A,104.0106,30.6931,成都市,金博路,颗粒物(PM10),56,62,82,16,39,127,71,112,101,20,22,1,2,0.5,0.5
2023-05-05T22:00:00,3359A,104.0578,30.5225,成都市,华阳,颗粒物(PM10),78,105,80,51,45,109,72,84,82,32,27,3,3,0.5,0.5
2023-05-05T22:00:00,3360A,104.7894,29.3194,自贡市,南湖救助站,颗粒物(PM10),63,75,53,29,31,117,79,105,98,14,16,5,7,0.5,0.6
2023-05-05T22:00:00,3361A,103.7311,29.5628,乐山市,理工大学,颗粒物(PM10),51,52,38,24,27,90,68,72,45,19,24,5,5,0.5,0.6
2023-05-05T22:00:00,3362A,120.5014,36.4034,青岛市,即墨2号,,47,47,18,29,11,93,91,77,77,19,22,6,6,0.5,0.5
2023-05-05T22:00:00,3363A,117.9883,36.8372,淄博市,新区,,36,36,23,12,14,79,18,67,50,65,25,7,8,0.7,0.7
2023-05-05T22:00:00,3364A,117.3152,34.8103,枣庄市,市环保局,,22,17,28,14,25,90,69,78,78,23,19,8,8,0.5,0.4
2023-05-05T22:00:00,3365A,118.5719,37.565,东营市,垦利区民丰路,,39,39,25,9,12,109,106,105,105,8,8,10,8,0.6,0.6
2023-05-05T22:00:00,3366A,121.5206,37.4336,烟台市,中国农业大学,颗粒物(PM10),51,51,18,19,10,108,99,90,90,17,14,8,8,0.2,0.1
2023-05-05T22:00:00,3368A,119.1977,36.6872,潍坊市,高新实验学校,颗粒物(PM10),81,112,42,19,15,102,97,90,90,9,12,8,7,0.5,0.5
2023-05-05T22:00:00,3370A,118.3564,35.0215,临沂市,十里堡居委,颗粒物(PM10),51,51,26,14,17,100,100,84,84,11,20,6,7,0.3,0.6
2023-05-05T22:00:00,3371A,116.3728,37.4403,德州市,开发区人民医院,,48,48,25,29,15,99,32,84,72,57,14,4,2,0.6,0.6
2023-05-05T22:00:00,3372A,116.3572,37.4094,德州市,太阳城中学,,47,47,19,25,17,100,62,88,83,21,10,5,5,0.6,0.6
2023-05-05T22:00:00,3374A,115.5564,35.0891,菏泽市,定陶老年大学,,21,17,19,12,7,94,67,82,79,16,12,4,4,0.5,0.5
2023-05-05T22:00:00,3375A,102.8017,24.8336,昆明市,青年创业园,,28,19,20,13,11,111,87,104,97,6,6,8,9,0.9,0.6
2023-05-05T22:00:00,3376A,103.7947,25.462,曲靖市,南苑二区,,,23,25,34,22,130,,121,116,5,4,3,7,0.4,0.4
2023-05-05T22:00:00,3377A,103.7444,25.5261,曲靖市,曲靖师范学院,,31,31,38,17,24,125,83,116,108,14,8,11,16,0.5,0.7
2023-05-05T22:00:00,3379A,122.1139,40.2278,营口市,鲅鱼圈市民活动中心,颗粒物(PM10),59,68,52,9,26,109,75,97,95,21,17,12,10,0.9,0.9
2023-05-05T22:00:00,3380A,102.8914,34.9617,甘南州,甘肃民族师范学院,,29,17,45,4,17,140,91,112,105,18,11,5,13,0.3,0.3
2023-05-05T22:00:00,3396A,112.0828,32.0067,襄阳市,襄城隆中路,,,68,58,34,35,130,,112,102,,12,9,9,1.0,1.1
2023-05-05T22:00:00,3397A,112.1214,32.1008,襄阳市,高新台子湾,颗粒物(PM10),53,56,44,34,30,131,54,105,87,20,11,8,7,0.9,1
2023-05-05T22:00:00,3398A,114.9136,30.4445,黄冈市,市林业局,,26,26,17,4,4,103,75,98,91,2,2,7,7,0.6,0.6
2023-05-05T22:00:00,3399A,112.6703,26.882,衡阳市,师范学院,,46,42,38,32,28,100,71,91,89,12,10,6,8,0.8,0.8
2023-05-05T22:00:00,3400A,109.1911,21.4415,北海市,龙潭自来水厂,,28,28,28,16,16,98,83,93,92,7,7,3,4,0.4,0.4
2023-05-05T22:00:00,3401A,108.4834,22.7618,南宁市,红星社区,,48,48,37,29,23,79,72,77,76,12,9,6,7,0.7,0.6
2023-05-05T22:00:00,3402A,109.5422,24.3996,柳州市,市二中,颗粒物(PM10),62,74,45,35,25,121,26,97,93,51,12,6,9,1.0,0.6
2023-05-05T22:00:00,3403A,110.1764,25.2381,桂林市,创业大厦,细颗粒物(PM2.5),73,66,35,53,28,86,38,77,70,19,8,37,8,0.5,0.3
2023-05-05T22:00:00,3404A,108.5959,21.9633,钦州市,北职校,,43,43,39,20,16,73,61,64,64,10,12,6,9,0.5,0.6
2023-05-05T22:00:00,3405A,109.5886,23.1172,贵港市,新世纪学校,颗粒物(PM10),54,58,49,34,27,116,95,110,109,14,19,7,8,0.7,0.8
2023-05-05T22:00:00,3406A,106.6085,23.8798,百色市,祈福高中,,40,29,56,28,38,154,100,144,126,11,13,10,19,0.7,0.9
2023-05-05T22:00:00,3407A,120.6916,30.7739,嘉兴市,秀洲住建,,41,41,26,26,16,95,56,81,76,14,21,6,6,0.9,0.8
2023-05-05T22:00:00,3408A,120.5683,29.9361,绍兴市,绍兴中专,,39,39,20,18,12,115,63,110,96,18,12,5,5,0.8,0.5
2023-05-05T22:00:00,3409A,120.4906,30.0861,绍兴市,柯桥区政府,颗粒物(PM10),56,61,28,36,15,116,63,103,79,19,12,4,3,0.9,0.7
2023-05-05T22:00:00,3410A,120.8752,30.0249,绍兴市,重华小学,,50,50,29,30,15,104,62,98,85,16,12,5,5,1.2,0.8
2023-05-05T22:00:00,3411A,120.8369,30.0137,绍兴市,上虞中学,,47,47,27,32,17,109,64,100,88,17,14,6,8,0.9,0.6
2023-05-05T22:00:00,3413A,118.1953,28.4401,上饶市,广丰区教体局,,18,18,15,12,11,117,30,100,68,14,11,10,10,0.7,0.7
2023-05-05T22:00:00,3414A,115.8347,28.932,赣江新区,桑海产业园,,36,36,28,17,6,121,75,121,87,38,14,6,6,0.8,0.7
2023-05-05T22:00:00,3415A,114.4519,28.0828,宜春市,万载县环保局,,,2,24,,16,91,74,84,83,16,10,4,8,0.7,0.7
2023-05-05T22:00:00,3416A,119.1755,36.7149,潍坊市,潍坊学院,颗粒物(PM10),76,102,43,17,14,105,99,96,96,7,8,5,4,0.3,0.4
2023-05-05T22:00:00,3417A,117.0709,40.1465,北京市,平谷新城,,26,19,24,5,12,91,81,85,85,8,10,3,3,0.2,0.3
2023-05-05T22:00:00,3418A,116.8336,40.4095,北京市,密云新城,,28,20,26,5,12,91,88,88,88,5,7,3,3,0.2,0.3
2023-05-05T22:00:00,3419A,109.9447,40.6261,包头市,包头市委党校,,29,29,20,13,9,97,68,91,81,17,10,9,9,0.3,0.3
2023-05-05T22:00:00,3421A,113.1775,40.9779,乌兰察布市,市委党校,,23,21,22,15,14,82,73,81,70,10,8,15,12,0.3,0.3
2023-05-05T22:00:00,3422A,118.8436,31.9198,南京市,江宁彩虹桥,,37,37,19,19,11,71,51,60,57,15,15,4,3,0.8,0.8
2023-05-05T22:00:00,3423A,119.0138,31.6494,南京市,溧水永阳,,30,24,13,21,14,94,44,85,57,15,13,5,4,0.6,0.7
2023-05-05T22:00:00,3424A,118.879,31.3302,南京市,高淳老职中,,38,32,18,26,12,91,49,82,60,9,10,4,4,0.7,0.8
2023-05-05T22:00:00,3425A,120.624,31.1733,苏州市,越秀幼儿园,,45,27,31,31,23,98,58,86,70,17,21,5,6,0.9,0.8
2023-05-05T22:00:00,3426A,118.8755,33.2894,淮安市,新华书店,,32,29,27,22,26,60,52,51,51,20,14,4,4,0.5,0.5
2023-05-05T22:00:00,3427A,118.8554,32.3578,南京市,六合雄州,,35,35,24,20,17,61,41,49,48,2,7,2,3,0.7,0.8
2023-05-05T22:00:00,3428A,120.3142,31.4753,无锡市,华庄,细颗粒物(PM2.5),107,43,28,80,32,82,48,74,64,18,23,4,4,0.8,0.7
2023-05-05T22:00:00,3429A,119.8598,31.7066,常州市,武进经发区,,50,38,23,35,19,88,42,70,58,13,15,2,2,0.7,0.9
2023-05-05T22:00:00,3430A,119.5826,31.7245,常州市,金坛城区,,48,48,24,27,16,89,49,70,55,8,13,5,5,0.5,0.7
2023-05-05T22:00:00,3431A,120.6505,31.416,苏州市,高铁新城,细颗粒物(PM2.5),54,51,30,38,20,82,31,68,53,21,31,6,6,1.0,0.9
2023-05-05T22:00:00,3432A,120.9348,31.9883,南通市,环境教育馆,,17,17,20,11,10,78,46,64,60,12,24,2,2,0.5,0.5
2023-05-05T22:00:00,3434A,119.2413,34.6539,连云港市,工贸学校,,38,38,28,16,20,79,79,65,65,11,22,7,9,0.5,1
2023-05-05T22:00:00,3435A,119.9192,32.4322,泰州市,周山河街区,,32,23,14,22,13,71,43,71,42,12,12,6,6,0.5,0.7
2023-05-05T22:00:00,3436A,120.4279,33.205,盐城市,大丰高级中学,,22,22,12,14,8,72,64,72,62,9,11,4,4,0.3,0.4
2023-05-05T22:00:00,3437A,88.3118,43.3658,乌鲁木齐市,达坂城区环保局,,37,37,63,12,17,101,93,98,98,4,3,3,4,0.2,0.2
2023-05-05T22:00:00,3438A,87.6162,43.8801,乌鲁木齐市,红光山片区,,38,38,32,6,10,100,81,95,94,27,28,3,4,0.3,0.2
2023-05-05T22:00:00,3439A,87.7024,43.8004,乌鲁木齐市,新师大温泉校区,,31,31,35,6,14,98,82,92,92,6,7,7,7,0.3,0.2
2023-05-05T22:00:00,3440A,87.4921,43.8411,乌鲁木齐市,大绿谷,,27,27,34,12,10,97,83,91,91,21,22,6,6,0.4,0.5
2023-05-05T22:00:00,3441A,87.546,44.1912,五家渠市,经开区管委会,,39,39,37,11,15,98,82,95,94,4,6,6,6,0.5,0.5
2023-05-05T22:00:00,3442A,86.047,44.2331,石河子市,南区管委会,,29,20,20,9,14,104,91,100,99,3,2,7,7,0.4,0.3
2023-05-05T22:00:00,3443A,113.2902,23.5544,广州市,花都梯面,,35,35,32,15,14,110,28,82,76,26,22,8,6,0.4,0.4
2023-05-05T22:00:00,3444A,116.454,23.2684,汕头市,潮南峡山,,30,14,27,21,13,88,62,80,72,6,7,9,9,0.5,0.6
2023-05-05T22:00:00,3445A,113.7858,23.7478,广州市,从化良口,,20,20,19,10,10,97,52,88,83,15,11,4,4,0.5,0.5
2023-05-05T22:00:00,3446A,113.8051,23.2614,广州市,增城荔城,,21,21,28,9,11,92,39,83,68,9,15,5,6,0.4,0.4
2023-05-05T22:00:00,3447A,114.3551,22.7151,深圳市,坪山,,18,14,18,9,9,78,57,71,67,10,9,6,6,0.6,0.6
2023-05-05T22:00:00,3448A,113.5433,22.1163,珠海市,横琴,,45,20,20,31,21,66,42,59,52,9,20,6,6,0.4,0.4
2023-05-05T22:00:00,3449A,113.05,22.4667,江门市,新会银湖,,19,19,24,7,9,61,42,59,53,8,8,2,2,0.5,0.5
2023-05-05T22:00:00,3450A,111.01,21.5165,茂名市,电白水东,,27,27,20,7,6,55,49,53,51,4,4,7,7,0.4,0.4
2023-05-05T22:00:00,3451A,112.5617,23.2083,肇庆市,鼎湖凤凰,,22,22,24,10,12,83,52,74,71,6,9,10,9,0.4,0.5
2023-05-05T22:00:00,3452A,114.6517,22.775,惠州市,大亚湾霞涌,,14,10,18,6,8,71,43,65,55,8,6,4,4,0.4,0.3
2023-05-05T22:00:00,3453A,112.0125,21.8749,阳江市,阳东陶然,,18,18,21,4,5,60,50,56,54,2,2,5,5,0.4,0.4
2023-05-05T22:00:00,3454A,113.3528,22.478,中山市,中山南区,,17,17,18,7,8,69,49,65,58,6,7,2,2,0.2,0.3
2023-05-05T22:00:00,3455A,113.076,23.7198,清远市,清城东城,,39,39,36,15,15,107,30,82,75,28,24,7,7,0.6,0.5
2023-05-05T22:00:00,3456A,114.289,38.0906,石家庄市,鹿泉一中,,45,45,28,28,23,92,59,88,73,24,18,5,6,0.6,0.7
2023-05-05T22:00:00,3457A,118.4359,39.2762,唐山市,冀东油田职工医院,颗粒物(PM10),53,55,30,18,16,103,76,94,88,11,9,11,10,0.6,0.4
2023-05-05T22:00:00,3458A,114.7895,36.5593,邯郸市,香泉濮院小区,,36,36,19,25,19,98,74,90,87,13,8,5,5,0.5,0.5
2023-05-05T22:00:00,3459A,115.5989,37.5491,衡水市,地表水厂,,31,31,14,16,12,89,55,80,73,19,5,7,8,0.2,0.3
2023-05-05T22:00:00,3460A,117.4067,40.0583,天津市,北环路,,32,32,16,10,7,87,38,78,62,26,11,6,7,0.4,0.4
2023-05-05T22:00:00,3461A,117.3045,39.7169,天津市,建设路,,30,30,21,10,12,86,49,81,67,48,19,9,8,0.4,0.4
2023-05-05T22:00:00,3462A,117.8199,39.3521,天津市,滨水东路,,32,32,18,8,8,106,88,99,96,13,11,10,10,0.2,0.4
2023-05-05T22:00:00,3463A,116.9708,33.591,宿州市,社会福利中心,,40,40,31,21,17,70,62,63,63,11,6,2,2,0.4,0.4
2023-05-05T22:00:00,3464A,117.3803,31.9147,合肥市,高教基地,,31,31,26,16,18,48,48,45,45,10,11,3,3,0.4,0.4
2023-05-05T22:00:00,3465A,118.4781,31.3225,芜湖市,清苑社区,,32,25,23,22,18,95,42,95,61,19,13,7,7,0.5,0.5
2023-05-05T22:00:00,3466A,118.2746,31.2326,芜湖市,扬子职业技术学院,,29,29,21,20,17,101,58,94,72,6,8,5,6,0.5,0.6
2023-05-05T22:00:00,3468A,115.7901,32.8613,阜阳市,市规划展馆,,28,28,24,14,17,71,64,69,69,11,8,5,5,0.6,0.5
2023-05-05T22:00:00,3469A,115.836,32.9183,阜阳市,枣园社区,,27,27,20,14,16,68,57,66,65,12,7,4,4,0.5,0.5
2023-05-05T22:00:00,3470A,118.7724,30.9141,宣城市,夏渡子站,细颗粒物(PM2.5),55,27,17,39,16,82,50,76,73,12,10,5,4,0.6,0.5
2023-05-05T22:00:00,3471A,113.616563,34.86783,郑州市,惠济区政府,,,,28,9,17,115,93,102,102,8,11,2,2,0.8,1
2023-05-05T22:00:00,3473A,114.2485,34.8306,开封市,技师学院,,,,22,,11,104,,99,94,14,10,4,4,,0.9
2023-05-05T22:00:00,3474A,114.2617,35.6822,鹤壁市,大新区,,27,27,30,18,15,101,71,91,83,14,17,3,4,0.7,0.8
2023-05-05T22:00:00,3475A,113.9188,35.3045,新乡市,市政府,,29,29,31,13,20,118,75,105,97,11,9,6,7,0.7,0.8
2023-05-05T22:00:00,3476A,113.9135,35.3327,新乡市,河师大,,33,33,41,18,20,115,76,102,95,13,15,4,5,0.3,0.3
2023-05-05T22:00:00,3477A,113.1656,35.2539,焦作市,中站许衡医院,,44,44,46,23,25,72,51,58,58,29,14,7,7,0.5,1
2023-05-05T22:00:00,3478A,113.9749,33.5664,漯河市,市图书馆,,28,23,22,13,11,114,88,104,101,7,5,7,7,0.6,0.6
2023-05-05T22:00:00,3479A,114.0967,33.5906,漯河市,召陵区卫健委,,,,24,,11,104,69,95,89,7,7,7,6,0.4,0.4
2023-05-05T22:00:00,3480A,129.1368,47.6417,伊春市,美溪镇,,23,23,18,14,9,96,63,93,86,6,6,3,2,0.6,0.6
2023-05-05T22:00:00,3481A,125.141,46.634,大庆市,萨区政府监测点,,28,15,15,10,9,102,89,100,97,3,7,6,6,0.1,0.3
2023-05-05T22:00:00,3482A,107.7541,29.3277,重庆市,芙蓉中路,,33,33,46,16,32,87,9,67,39,32,32,10,14,0.7,0.8
2023-05-05T22:00:00,3483A,108.7661,29.5368,重庆市,西山,,23,12,14,16,27,73,73,66,66,3,8,7,7,0.4,0.5
2023-05-05T22:00:00,3484A,106.2628,29.32,重庆市,行政中心,颗粒物(PM10),54,57,49,35,30,153,84,132,127,28,32,3,7,0.7,0.7
2023-05-05T22:00:00,3485A,107.0944,29.1608,重庆市,高寺路,,48,48,66,32,63,104,70,84,80,12,25,7,8,0.6,0.8
2023-05-05T22:00:00,3486A,124.4036,43.1411,四平市,植物园,,44,44,62,3,16,108,77,100,96,15,19,3,4,0.1,0.2
2023-05-05T22:00:00,3487A,104.2394,30.5319,成都市,车城东七路,颗粒物(PM10),78,105,75,40,37,80,57,68,66,48,28,4,4,0.6,0.5
2023-05-05T22:00:00,3488A,104.3853,30.7453,成都市,青白江技师分院,细颗粒物(PM2.5),100,121,85,75,48,118,70,79,77,32,37,5,4,0.5,0.5
2023-05-05T22:00:00,3489A,104.0789,30.4072,成都市,科学城,颗粒物(PM10),78,105,71,46,38,86,31,74,63,46,21,3,3,0.5,0.5
2023-05-05T22:00:00,3490A,105.3617,28.7703,泸州市,纳溪区环保局,颗粒物(PM10),57,64,53,34,32,130,82,114,110,15,24,7,12,0.5,0.6
2023-05-05T22:00:00,3491A,104.69,31.5322,绵阳市,西科大附属小学,颗粒物(PM10),58,66,89,31,40,118,70,103,90,15,20,3,4,0.4,0.4
2023-05-05T22:00:00,3492A,104.5648,31.5343,绵阳市,安州区旅游局,细颗粒物(PM2.5),62,69,97,44,41,128,78,117,106,10,14,6,6,0.3,0.5
2023-05-05T22:00:00,3494A,117.1673,36.9782,济南市,济阳区政府,,49,49,24,29,14,70,40,61,57,32,11,6,6,0.5,0.5
2023-05-05T22:00:00,3495A,117.1171,36.63,济南市,锦屏中学,,37,37,15,10,6,102,95,96,96,14,12,8,2,0.3,0.3
2023-05-05T22:00:00,3496A,118.3604,35.1084,临沂市,南坊新区,颗粒物(PM10),52,53,34,17,18,94,92,82,82,15,23,8,8,0.3,0.6
2023-05-05T22:00:00,3498A,118.5055,37.8612,东营市,河口城区,,44,44,24,14,10,120,110,115,115,12,12,5,5,0.2,0.3
2023-05-05T22:00:00,3500A,116.5814,35.3707,济宁市,北湖一中,,37,37,24,19,13,91,90,80,78,14,11,8,8,0.5,0.6
2023-05-05T22:00:00,3501A,116.8249,35.5593,济宁市,服务中心,,36,36,20,12,9,96,92,86,86,11,8,7,7,0.6,0.8
2023-05-05T22:00:00,3502A,117.1812,36.2275,泰安市,国网新校,颗粒物(PM10),68,85,20,12,4,116,115,100,100,7,9,5,3,0.2,0.4
2023-05-05T22:00:00,3503A,117.0313,36.2018,泰安市,交通技校,,,39,13,13,8,86,,76,75,14,13,8,7,0.4,0.5
2023-05-05T22:00:00,3504A,117.0829,36.13,泰安市,山东第一医科大学,颗粒物(PM10),69,88,19,8,7,106,106,93,93,8,17,11,10,0.4,0.3
2023-05-05T22:00:00,3505A,122.1379,37.3414,威海市,临港区管委会,,35,34,5,24,5,79,77,75,75,10,9,4,4,0.6,0.4
2023-05-05T22:00:00,3507A,119.5328,35.4625,日照市,职业技术学院,,,48,27,14,16,88,88,76,76,15,18,5,5,,0.5
2023-05-05T22:00:00,3511A,116.5652,37.3319,德州市,陵城艺术中心,,36,36,18,24,10,94,57,89,82,28,16,5,5,0.6,0.5
2023-05-05T22:00:00,3512A,116.049,36.4674,聊城市,华润纺织,,42,42,23,24,15,78,61,70,68,30,13,6,5,0.6,0.6
2023-05-05T22:00:00,3513A,116.0445,36.4361,聊城市,九州社区,,39,39,18,22,12,88,73,79,78,11,6,7,5,0.2,0.3
2023-05-05T22:00:00,3514A,117.9378,37.3956,滨州市,中海酒店,颗粒物(PM10),52,53,23,20,13,96,56,82,79,35,11,4,4,0.2,0.2
2023-05-05T22:00:00,3515A,117.9378,37.3553,滨州市,开发区一中,颗粒物(PM10),53,56,23,19,9,98,70,88,87,29,13,5,5,0.3,0.3
2023-05-05T22:00:00,3516A,118.0917,37.694,滨州市,金海六路,,39,39,20,12,8,101,59,92,90,44,10,3,2,0.3,0.3
2023-05-05T22:00:00,3520A,106.3495,38.9836,石嘴山市,妇女儿童医院,颗粒物(PM10),51,52,114,15,56,105,71,95,91,20,27,14,14,0.5,0.7
2023-05-05T22:00:00,3521A,106.7492,39.2069,石嘴山市,石大公路,颗粒物(PM10),65,79,112,25,47,103,68,92,83,33,36,44,22,0.6,0.6
2023-05-05T22:00:00,3522A,106.2177,35.9959,固原市,原州区十五小,颗粒物(PM10),80,110,106,44,38,97,62,90,78,23,13,4,4,0.4,0.3
2023-05-05T22:00:00,3523A,106.5105,38.3856,银川市,滨河新区,,28,28,79,11,43,105,86,94,94,6,15,6,14,0.3,0.5
2023-05-05T22:00:00,3524A,108.6116,34.1164,西安市,文体局,颗粒物(PM10),54,57,95,31,34,103,48,92,75,21,10,5,6,0.4,0.4
2023-05-05T22:00:00,3525A,108.6396,34.4078,咸阳市,奥体中心,颗粒物(PM10),51,51,88,31,38,88,24,72,44,28,15,4,4,0.7,0.6
2023-05-05T22:00:00,3526A,119.5189,25.9664,福州市,吴航,,26,26,22,10,9,87,27,70,50,13,9,4,4,0.4,0.4
2023-05-05T22:00:00,3527A,118.0958,24.5688,厦门市,集美中学,,30,30,23,16,9,59,35,47,39,18,16,2,3,0.2,0.2
2023-05-05T22:00:00,3528A,118.1493,24.7245,厦门市,同安二实小,颗粒物(PM10),56,61,31,20,11,56,11,42,28,33,10,2,3,0.2,0.1
2023-05-05T22:00:00,3529A,118.6333,24.9264,泉州市,城华南路,,27,27,23,9,7,71,41,61,50,17,10,8,7,0.5,0.5
2023-05-05T22:00:00,3530A,117.6296,24.5314,漳州市,西洋坪路,,30,30,24,15,12,82,50,74,65,7,4,3,2,0.6,0.5
2023-05-05T22:00:00,3531A,110.296,25.1253,桂林市,旅游学院,颗粒物(PM10),52,53,29,34,19,81,52,76,73,18,11,9,9,0.6,0.5
2023-05-05T22:00:00,3532A,110.1945,22.6831,玉林市,玉林师范学院东校区,,42,42,35,22,23,99,59,88,84,12,13,4,4,0.6,0.6
2023-05-05T22:00:00,3533A,110.0527,22.5893,玉林市,福绵环保局,,40,40,42,18,26,99,62,91,85,8,10,4,10,0.4,0.4
2023-05-05T22:00:00,3534A,111.4744,24.4553,贺州市,西湾,,48,48,46,28,25,64,30,54,48,27,21,9,8,0.7,0.7
2023-05-05T22:00:00,3535A,109.1781,23.7297,来宾市,兴宾区政府,颗粒物(PM10),52,54,41,29,24,119,71,104,99,15,10,4,4,0.5,0.5
2023-05-05T22:00:00,3536A,106.8547,27.5919,遵义市,第十二小学,,25,24,74,17,49,150,69,128,114,7,16,6,8,0.3,0.4
2023-05-05T22:00:00,3537A,105.3631,27.3533,毕节市,长征村,,,87,69,60,45,157,,154,154,8,9,6,7,0.5,0.6
2023-05-05T22:00:00,3538A,107.5175,26.2978,黔南布依族苗族自治州,沙坝,,,39,32,29,24,120,92,112,106,,6,4,4,0.3,0.4
2023-05-05T22:00:00,3539A,110.5111,19.9736,海口市,桂林洋子站,,27,27,24,18,13,72,37,62,49,6,6,7,7,0.2,0.3
2023-05-05T22:00:00,3540A,109.7348,18.3443,三亚市,君悦子站,,30,30,27,11,12,50,50,47,46,3,8,2,2,0.3,0.3
2023-05-05T22:00:00,3541A,109.5726,19.5167,儋州市,第一中学子站,,44,44,32,20,19,118,76,96,92,5,6,5,6,0.6,0.5
2023-05-05T22:00:00,3542A,109.5567,19.5187,儋州市,东坡学校子站,,41,41,31,20,20,133,84,117,111,5,4,5,5,0.5,0.5
2023-05-05T22:00:00,3543A,112.3466,16.8396,三沙市,永兴岛子站,,,,,,,,,,,,,,,,
2023-05-05T22:00:00,3544A,121.4891,30.925,上海市,奉贤南桥新城,,44,44,29,26,18,118,41,100,85,43,24,7,7,1.3,0.8
2023-05-05T22:00:00,3545A,110.8054,32.8401,十堰市,郧阳区金沙路,,50,31,25,35,16,102,77,91,88,5,6,6,6,0.9,0.8
2023-05-05T22:00:00,3546A,111.4606,30.552,宜昌市,猇亭区张家湾站,细颗粒物(PM2.5),72,63,29,52,20,116,20,95,75,48,28,6,7,0.9,0.8
2023-05-05T22:00:00,3547A,112.1632,31.0138,荆门市,龙泉中学南校,,39,39,29,23,18,120,81,112,100,12,9,8,8,0.7,0.8
2023-05-05T22:00:00,3548A,112.1655,30.3364,荆州市,学苑路,,36,35,32,25,26,140,96,131,120,13,14,6,7,0.8,0.9
2023-05-05T22:00:00,3549A,109.5061,30.3772,恩施土家族苗族自治州,龙凤新区,,18,18,24,7,7,55,19,37,32,12,11,7,6,0.6,0.5
2023-05-05T22:00:00,3550A,102.7997,24.9786,昆明市,昆明学院,,30,21,24,9,11,120,96,111,103,8,8,4,7,0.3,0.4
2023-05-05T22:00:00,3551A,102.5967,24.6736,昆明市,晋宁区生态环境分局,,33,16,16,12,10,115,103,111,108,8,9,4,5,0.3,0.3
2023-05-05T22:00:00,3552A,102.6678,24.9856,昆明市,云天化总部,,32,17,19,10,11,122,100,115,108,11,10,8,9,0.4,0.5
2023-05-05T22:00:00,3557A,119.9464,30.0494,杭州市,镇二中,,43,34,17,30,11,107,43,93,71,22,18,5,5,0.8,0.5
2023-05-05T22:00:00,3558A,119.7183,30.2367,杭州市,市府大楼,,43,17,20,30,14,96,49,86,65,17,9,6,6,0.8,0.6
2023-05-05T22:00:00,3560A,120.4722,30.0415,绍兴市,柯桥妇保,颗粒物(PM10),68,86,28,42,15,125,62,116,86,15,11,5,4,0.9,0.7
2023-05-05T22:00:00,3561A,120.6985,27.9251,温州市,茶山,,33,33,39,14,18,110,31,84,78,24,29,4,4,0.6,0.5
2023-05-05T22:00:00,3562A,120.4148,30.8538,湖州市,南浔区站,,43,43,45,28,24,101,66,89,84,12,17,5,5,0.7,0.8
2023-05-05T22:00:00,3564A,121.2568,28.6681,台州市,台州科技职业学院,,50,50,34,20,17,67,12,55,50,50,16,5,5,0.7,0.5
2023-05-05T22:00:00,3565A,113.1367,40.1122,大同市,云冈站,,22,19,19,14,11,88,68,77,72,14,10,6,6,0.6,0.5
2023-05-05T22:00:00,3566A,113.1186,40.2556,大同市,图书馆,,43,40,20,30,15,77,68,75,72,15,13,10,9,0.5,0.6
2023-05-05T22:00:00,3567A,113.5931,40.0461,大同市,区一中,,24,24,31,15,13,106,70,81,70,9,11,3,3,0.6,0.6
2023-05-05T22:00:00,3568A,113.06,36.0464,长治市,向阳小学,,39,32,44,27,34,123,76,102,88,12,20,12,15,1.0,1
2023-05-05T22:00:00,3569A,112.8792,36.3144,长治市,屯留一中,,30,30,26,9,16,102,78,79,75,11,17,9,11,0.2,0.3
2023-05-05T22:00:00,3570A,113.235,36.3489,长治市,潞城四中,,25,22,37,17,30,94,67,82,77,17,24,7,8,0.5,0.8
2023-05-05T22:00:00,3571A,112.2931,39.53,朔州市,一水厂,,46,42,50,32,33,79,49,75,57,22,21,8,18,0.5,0.6
2023-05-05T22:00:00,3572A,114.6419615,37.9001925,石家庄市,栾城区政府,,,44,26,,11,89,49,86,68,33,16,1,2,0.6,0.7
2023-05-05T22:00:00,3573A,114.8506765,38.0322033,石家庄市,藁城区实验学校,,50,50,28,19,10,93,35,87,71,35,15,4,4,0.4,0.4
2023-05-05T22:00:00,3574A,114.0504658,38.0591645,石家庄市,井陉矿区区委大楼,,38,35,23,26,18,83,64,81,75,22,21,5,6,0.4,0.4
2023-05-05T22:00:00,3575A,118.09279,39.58089,唐山市,正泰大街热力站,,45,45,29,10,10,97,80,91,88,5,9,3,3,0,0.1
2023-05-05T22:00:00,3576A,118.1562,39.8322,唐山市,丰润区政府,,26,24,28,9,13,90,81,88,86,4,8,2,3,0.2,0.3
2023-05-05T22:00:00,3577A,118.43673,39.73809,唐山市,金山小学,,48,48,48,4,10,102,78,96,92,12,11,8,8,0.9,0.8
2023-05-05T22:00:00,3578A,118.24498,39.66941,唐山市,政府服务中心,,28,28,30,8,12,104,74,98,91,5,6,5,6,0.2,0.3
2023-05-05T22:00:00,3579A,114.50634,36.77178,邯郸市,永年区实验高中,,46,28,44,32,20,102,82,95,86,11,11,1,2,0.4,0.4
2023-05-05T22:00:00,3580A,114.20016,36.44293,邯郸市,峰峰矿区临水派出所,颗粒物(PM10),76,102,24,14,10,108,83,98,92,6,4,3,2,0.6,0.7
2023-05-05T22:00:00,3581A,115.31981,38.95208,保定市,满城区生态环境分局,,46,46,36,2,1,94,49,86,73,25,8,9,9,0.3,0.3
2023-05-05T22:00:00,3582A,115.47694,38.76408,保定市,清苑区第二中学,颗粒物(PM10),58,65,45,15,17,97,63,89,80,26,18,6,7,0.2,0.3
2023-05-05T22:00:00,3583A,115.62909,39.02311,保定市,徐水物探局,颗粒物(PM10),51,51,28,9,9,95,34,90,74,35,9,6,6,0.3,0.3
2023-05-05T22:00:00,3584A,115.8844,39.0341,雄安新区,容城县环境保护局,,38,36,38,26,26,97,67,85,80,22,15,6,7,0.0,0.2
2023-05-05T22:00:00,3585A,115.8665,39.0645,雄安新区,河北容城中学,,48,48,39,12,19,103,71,94,87,15,9,5,7,0.1,0.3
2023-05-05T22:00:00,3586A,115.923,38.9405,雄安新区,安新县民政局,,36,36,29,8,15,93,64,81,78,15,8,5,5,0.2,0.3
2023-05-05T22:00:00,3587A,115.9324,38.9338,雄安新区,安新县电力局,,32,32,27,9,11,85,66,80,75,16,9,7,9,0.3,0.4
2023-05-05T22:00:00,3588A,116.0901,38.9816,雄安新区,雄县环境保护局,,44,44,34,8,8,96,47,84,79,41,14,5,5,0.1,0.4
2023-05-05T22:00:00,3589A,116.1105,39.0046,雄安新区,雄县国土资源局,颗粒物(PM10),58,65,36,10,9,95,40,82,76,41,13,7,9,0.2,0.3
2023-05-05T22:00:00,3590A,113.8374,34.5589,郑州市,北区建设指挥部,,29,15,25,9,12,116,90,108,103,11,15,4,5,0.5,0.6
2023-05-05T22:00:00,3591A,113.30952,34.803229,郑州市,上街区政府,,27,19,39,9,25,101,86,93,93,15,14,3,3,0.6,0.8
2023-05-05T22:00:00,3592A,114.4644,34.7556,开封市,祥符区生态环境局,,23,23,23,11,14,92,62,86,79,25,12,15,9,0.9,0.6
2023-05-05T22:00:00,3593A,112.5736,34.8993,洛阳市,吉利监测站,,39,39,39,27,37,78,66,69,64,14,16,4,4,0.9,1
2023-05-05T22:00:00,3594A,112.8867,33.9116,平顶山市,石龙区,,38,38,38,24,30,90,66,73,71,20,16,9,6,0.5,0.6
2023-05-05T22:00:00,3596A,114.1572,35.9603,鹤壁市,南山宾馆,,,71,37,45,24,102,79,96,93,10,14,,5,0.7,1
2023-05-05T22:00:00,3597A,113.8134,34.1251,许昌市,建安区兴业大厦,,29,29,22,19,11,107,78,96,92,7,8,2,2,0.5,0.5
2023-05-05T22:00:00,3598A,111.1,34.7167,三门峡市,富达温泉假日酒店,颗粒物(PM10),75,100,109,46,51,118,72,106,99,27,17,14,15,0.5,0.5
2023-05-05T22:00:00,3599A,106.2649,29.9851,重庆市,书院路,细颗粒物(PM2.5),84,44,31,62,31,143,89,129,125,21,15,11,11,0.5,0.4
2023-05-05T22:00:00,3600A,106.2339,29.5559,重庆市,虎峰,细颗粒物(PM2.5),53,50,51,37,26,164,101,142,140,15,17,8,13,0.8,0.7
2023-05-05T22:00:00,3601A,106.0499,29.8342,重庆市,龙门街,细颗粒物(PM2.5),55,51,35,39,30,118,85,113,110,33,19,7,7,0.8,0.7
2023-05-05T22:00:00,3604A,119.3266,35.1044,日照市,岚山环保分局,,41,41,31,20,19,75,75,68,68,14,23,5,7,0.4,0.7
2023-05-05T22:00:00,3605A,109.09,34.5236,西安市,无线电监控中心,,50,50,108,29,42,83,36,69,58,27,24,6,7,0.4,0.3
2023-05-05T22:00:00,3606A,108.7108,34.46,西咸新区,北杜,,49,49,89,27,32,76,12,59,36,44,21,6,6,0.5,0.4
2023-05-05T22:00:00,3607A,108.7096,34.2956,西咸新区,同德佳苑,,49,49,88,25,32,94,46,78,64,22,22,4,5,0.4,0.4
2023-05-05T22:00:00,3608A,108.8558,34.4978,西咸新区,崇文塔,,48,48,95,31,35,86,29,74,57,37,23,6,7,0.6,0.5
2023-05-05T22:00:00,3610A,105.5933,29.4105,重庆市,昌元,颗粒物(PM10),60,70,45,35,27,98,71,87,86,14,16,8,7,0.6,0.6
2023-05-05T22:00:00,3612A,85.1045,45.6899,克拉玛依市,白碱滩区新站,,30,17,21,8,10,100,94,96,96,2,6,9,8,0.1,0.1
2023-05-05T22:00:00,3613A,87.3095,44.0142,昌吉州,亚心广场,,31,31,30,6,9,99,86,93,93,13,14,5,6,0.5,0.5
2023-05-05T22:00:00,3614A,79.924,37.0877,和田地区,地区环保局,颗粒物(PM10),387,489,1447,73,278,111,90,105,102,10,8,2,3,0.6,0.6
2023-05-05T22:00:00,3615A,79.9131,37.113,和田地区,市环保局,颗粒物(PM10),416,516,1531,64,334,114,81,106,102,6,14,4,4,0.6,0.5
2023-05-05T22:00:00,3616A,106.7616,31.8344,巴中市,市中心医院,,43,43,53,22,26,72,58,65,65,12,22,2,3,0.4,0.6
2023-05-05T22:00:00,3617A,105.8047,32.4166,广元市,经开区,,42,42,92,21,38,96,84,90,87,9,22,6,6,0.4,0.4
2023-05-05T22:00:00,3618A,112.4719,37.7831,太原市,金胜,,40,40,53,27,36,78,25,59,31,34,29,7,6,1.0,0.7
2023-05-05T22:00:00,3619A,113.617,37.8571,阳泉市,龙柱,,29,9,27,7,17,90,90,75,75,12,21,7,9,0.6,0.8
2023-05-05T22:00:00,3620A,112.8271,35.4828,晋城市,泽州一中,颗粒物(PM10),68,86,41,17,28,96,75,79,79,17,18,5,5,1.0,0.8
2023-05-05T22:00:00,3621A,106.8288,39.6778,乌海市,聚英学校,,49,49,112,10,42,111,97,105,102,12,33,18,37,0.4,1
2023-05-05T22:00:00,3622A,113.5556,24.8082,韶关市,碧湖山庄,颗粒物(PM10),53,56,37,28,20,84,8,84,43,17,12,8,9,0.6,0.5
2023-05-05T22:00:00,3623A,113.8953,22.5861,深圳市,西乡,,27,27,27,8,7,50,36,47,43,22,20,8,8,0.5,0.5
2023-05-05T22:00:00,3624A,116.4069,23.2533,汕头市,潮南子站,,18,17,28,6,13,85,57,79,69,6,7,8,8,0.4,0.5
2023-05-05T22:00:00,3625A,113.2544,22.7642,佛山市,容桂街道办,,17,17,20,7,7,68,37,59,49,11,12,6,6,0.6,0.6
2023-05-05T22:00:00,3626A,113.7533,23.0202,东莞市,南城元岭,,20,20,25,6,9,85,46,75,65,13,19,8,8,0.4,0.4
2023-05-05T22:00:00,3627A,113.7875,23.0457,东莞市,东城主山,,17,17,23,6,10,92,47,81,68,6,14,10,10,0.3,0.3
2023-05-05T22:00:00,3628A,112.0336,22.9374,云浮市,文笔,,25,25,32,13,14,75,58,67,67,5,6,3,3,0.4,0.4
2023-05-05T22:00:00,3629A,101.8305,36.5786,西宁市,世纪职校,"颗粒物(PM10),细颗粒物(PM2.5)",57,64,89,40,40,106,47,100,85,48,20,6,7,0.5,0.4
2023-05-05T22:00:00,3630A,101.7413,36.6397,西宁市,师大城西校区,颗粒物(PM10),59,68,88,35,45,100,56,94,84,40,18,4,6,0.3,0.3
2023-05-05T22:00:00,3633A,118.4918,31.6809,马鞍山市,雨山,,35,35,20,23,15,73,36,65,48,22,14,26,9,1.6,1.2
2023-05-05T22:00:00,3634A,116.9884,33.6305,宿州市,宿州学院,,39,39,36,17,17,70,61,66,65,7,3,4,4,0.2,0.3
2023-05-05T22:00:00,3635A,112.3677,34.662,洛阳市,河科大西苑校区,,48,48,69,30,37,94,56,80,68,19,17,8,8,1.0,1
2023-05-05T22:00:00,3636A,112.4388,34.6781,洛阳市,英才小学,颗粒物(PM10),57,64,88,36,44,83,48,70,59,16,13,3,3,0.9,1
2023-05-05T22:00:00,3637A,131.0176,45.7761,七台河市,人民广场,,40,40,36,24,22,101,55,96,88,28,21,5,8,0.6,0.6
2023-05-05T22:00:00,3638A,104.7636,29.3338,自贡市,轻化工大学,颗粒物(PM10),63,76,57,28,25,120,78,111,105,13,14,4,5,0.4,0.6
2023-05-05T22:00:00,3639A,104.4019,31.1244,德阳市,市教育局,颗粒物(PM10),72,94,93,48,45,130,74,117,106,16,24,4,5,0.4,0.4
2023-05-05T22:00:00,3642A,120.3503,36.0736,青岛市,市北区南部,,45,38,22,31,16,78,78,58,57,22,29,7,6,0.5,0.6
2023-05-05T22:00:00,3643A,120.3948,36.1805,青岛市,李沧区北部,,41,41,18,24,14,77,77,61,60,22,26,4,4,0.4,0.4
2023-05-05T22:00:00,3644A,117.8661,36.805,淄博市,三金集团,颗粒物(PM10),56,62,37,14,14,87,56,71,66,22,11,11,5,0.3,0.4
2023-05-05T22:00:00,3645A,118.0253,36.8406,淄博市,东风化工厂,,47,47,38,17,16,87,15,75,60,69,21,9,9,0.2,0.1
2023-05-05T22:00:00,3646A,118.4978,37.4623,东营市,胜利站,,44,44,25,7,11,98,96,95,95,11,10,9,8,0.4,0.5
2023-05-05T22:00:00,3647A,115.4702,35.2706,菏泽市,菏泽医专,,22,22,22,13,11,93,66,78,75,12,8,4,3,0.4,0.4
2023-05-05T22:00:00,3648A,106.2112,37.9768,吴忠市,文卫南街,"颗粒物(PM10),细颗粒物(PM2.5)",54,58,102,38,46,93,63,84,82,28,25,10,10,0.5,0.6
2023-05-05T22:00:00,3650A,105.1698,37.5162,中卫市,沙坡头区政府站,颗粒物(PM10),78,106,127,52,61,109,81,99,93,29,32,24,11,0.7,0.5
2023-05-05T22:00:00,3651A,108.9543,34.8732,铜川市,旺旺集团,颗粒物(PM10),55,59,85,34,46,74,13,65,45,41,19,3,3,0.6,0.4
2023-05-05T22:00:00,3652A,109.4809,36.5786,延安市,西北局旧址,,39,31,63,27,32,101,45,90,67,29,19,6,6,0.6,0.5
2023-05-05T22:00:00,3653A,111.3119,30.7273,宜昌市,云深路,,38,26,22,26,16,82,22,58,40,36,26,6,6,0.8,0.8
2023-05-05T22:00:00,3654A,114.8094,30.4089,鄂州市,精准医疗中心,,29,29,15,12,5,94,69,91,84,6,6,9,7,0.4,0.5
2023-05-05T22:00:00,3655A,114.3375,29.8683,咸宁市,长江产业园,,26,23,22,18,19,132,78,121,109,4,5,6,6,0.4,0.4
2023-05-05T22:00:00,3656A,120.1556,30.2864,杭州市,消防大队,,49,32,22,34,14,98,54,77,64,28,20,4,4,0.9,0.6
2023-05-05T22:00:00,3658A,120.6153,30.0764,绍兴市,袍江中学,,43,43,20,24,12,122,72,114,92,14,12,5,5,0.8,0.6
2023-05-05T22:00:00,3659A,119.656,29.1131,金华市,气象局,,36,36,35,18,14,110,59,94,83,23,26,12,7,0.7,0.6
2023-05-05T22:00:00,3662A,123.6333,47.2075,齐齐哈尔市,富区青少年活动中心,,45,45,39,11,15,101,34,99,83,38,11,6,7,0.6,0.3
2023-05-05T22:00:00,3663A,124.1164,50.4278,大兴安岭地区,红旗社区,,20,5,5,13,6,105,64,104,94,10,4,4,4,0.4,0.3
2023-05-05T22:00:00,3664A,119.4172,34.7341,连云港市,连云街道,,20,20,25,11,17,66,58,58,58,27,29,6,12,0.6,1.1
2023-05-05T22:00:00,3665A,76.1658,39.7157,克孜勒苏柯尔克孜自治州,克州文化中心,颗粒物(PM10),263,394,294,82,49,142,114,131,129,7,4,4,4,0.6,0.6
2023-05-05T22:00:00,3667A,111.0283,35.0547,运城市,水利职院,颗粒物(PM10),70,89,89,41,43,106,66,99,94,12,9,6,6,0.6,0.6
2023-05-05T22:00:00,3668A,111.5036,36.0414,临汾市,城南,颗粒物(PM10),69,87,121,40,62,104,65,93,84,16,26,3,5,0.6,0.6
2023-05-05T22:00:00,3669A,114.4705,36.0637,安阳市,左辅环卫站,,48,48,34,16,16,97,81,91,87,13,14,12,5,0.5,0.5
2023-05-05T22:00:00,3670A,111.0522,35.0439,运城市,禹都公园,颗粒物(PM10),67,83,86,39,48,111,70,103,98,14,10,5,5,0.7,0.6
2023-05-05T22:00:00,3671A,116.088,39.9726,北京市,门头沟三家店,,11,9,10,4,6,57,34,50,42,22,12,3,3,0.3,0.4
2023-05-05T22:00:00,3672A,116.1541,39.8204,北京市,丰台云岗,,16,16,17,6,8,67,51,61,53,3,4,3,2,0.2,0.3
2023-05-05T22:00:00,3673A,116.6804,39.9081,北京市,通州东关,,39,39,30,7,13,88,84,83,83,12,13,3,3,0.2,0.3
2023-05-05T22:00:00,3674A,115.9577,39.7603,北京市,房山燕山,,18,18,9,9,5,85,47,78,56,10,5,3,3,0.2,0.3
2023-05-05T22:00:00,3675A,116.4672,39.7733,北京市,大兴旧宫,,26,24,25,5,11,87,82,84,84,13,14,3,3,0.2,0.3
2023-05-05T22:00:00,3676A,113.2802,40.0995,大同市,第二人民医院,,23,18,23,6,12,93,72,75,69,12,11,6,7,0.4,0.5
2023-05-05T22:00:00,3677A,98.5881,24.4368,德宏州,芒市人民政府综合楼,,43,43,44,25,26,127,71,114,100,22,14,14,9,0.6,0.5
2023-05-05T22:00:00,3678A,116.5907,35.4054,济宁市,市第七中学,,34,34,28,12,13,93,89,84,82,12,9,10,10,0.5,0.6
2023-05-05T22:00:00,3682A,116.9814,36.6819,济南市,济南四建,,46,46,17,22,14,70,42,66,58,44,21,7,6,0.3,0.2
2023-05-05T22:00:00,3683A,109.8331,40.6576,包头市,昆区政府,,29,29,18,13,8,95,79,92,82,14,10,9,9,0.4,0.4
2023-05-05T22:00:00,3684A,130.8781,45.8222,七台河市,新建矿广场,,36,36,51,24,16,76,54,73,67,20,18,30,18,0.7,0.6
2023-05-05T22:00:00,3685A,117.897,28.4315,上饶市,双创科技城,,30,30,27,17,13,110,62,97,80,12,14,15,13,0.6,0.5
2023-05-05T22:00:00,3689A,113.9003,35.372,新乡市,行政服务中心,,49,32,37,34,21,111,78,100,95,13,14,9,7,0.6,0.6
2023-05-05T22:00:00,3690A,115.9721,28.7031,南昌市,外国语学校,,24,6,12,12,8,122,76,110,102,9,11,3,4,0.6,2.1
2023-05-05T22:00:00,3692A,118.2059,39.6585,唐山市,消防缸窑路中队,,36,36,35,19,15,104,81,98,93,11,9,4,5,0.1,0.2
2023-05-05T22:00:00,3693A,118.1436,39.6202,唐山市,路南电大,,39,39,35,24,17,96,80,88,86,5,8,3,1,0.1,0.3
2023-05-05T22:00:00,3694A,115.986,40.4563,北京市,延庆石河营,,18,18,22,8,14,63,47,61,52,11,13,3,3,0.3,0.3
2023-05-05T22:00:00,3695A,116.6151,40.3053,北京市,怀柔新城,,30,20,23,5,11,95,95,90,90,8,8,3,3,0.1,0.3
2023-05-05T22:00:00,3696A,116.2545,39.8768,北京市,丰台小屯,,19,19,22,7,9,70,50,62,54,10,14,3,3,0.2,0.3
2023-05-05T22:00:00,3697A,116.84,40.3844,北京市,密云镇,,28,14,21,4,12,90,88,86,86,6,9,3,3,0.2,0.3
2023-05-05T22:00:00,3698A,111.5968,40.8178,呼和浩特市,红旗小学,,23,9,9,6,6,95,73,84,70,12,9,3,3,0.4,0.6
2023-05-05T22:00:00,3699A,111.6518,40.8389,呼和浩特市,海东办,,29,29,16,12,7,104,63,94,82,24,9,4,5,0.4,0.3
2023-05-05T22:00:00,3700A,103.0456,29.9956,雅安市,康养中心,颗粒物(PM10),56,61,58,30,30,114,81,114,78,10,8,7,7,0.3,0.3
2023-05-05T22:00:00,3701A,116.9648,33.6252,宿州市,皖北煤电集团,,43,43,37,14,15,70,60,65,64,12,8,4,4,0.4,0.5
2023-05-05T22:00:00,3703A,114.2917,36.0949,安阳市,安钢职工学校,,38,38,31,15,12,95,82,91,88,8,17,4,10,0.5,1.4
2023-05-05T22:00:00,3706A,122.2584,43.6333,通辽市,老干部活动中心,,43,43,54,14,19,96,88,91,91,10,10,4,5,0.2,0.3
2023-05-05T22:00:00,3707A,131.0207,45.3073,鸡西市,欧美日汽修厂,颗粒物(PM10),61,72,75,31,21,86,49,78,70,17,15,3,4,0.3,0.3
2023-05-05T22:00:00,3708A,122.2922,43.6189,通辽市,东方明珠社区,,45,45,67,24,20,97,86,92,92,12,13,6,6,0.4,0.5
2023-05-05T22:00:00,3709A,130.9967,45.3106,鸡西市,市政设施管理处,颗粒物(PM10),95,139,86,41,22,90,36,82,69,30,18,5,5,0.5,0.4
2023-05-05T22:00:00,3710A,121.5594,29.8975,宁波市,白沙活动中心,,39,39,22,16,11,112,69,94,86,18,9,4,4,0.9,0.5
2023-05-05T22:00:00,3713A,124.3419,43.1666,四平市,世纪城,,30,28,48,2,22,117,94,110,108,6,10,5,5,0.3,0.3
2023-05-05T22:00:00,3715A,117.3092,32.9314,蚌埠市,蚌埠田家炳中学,,50,50,45,29,22,69,44,57,50,15,11,4,5,0.4,0.5
2023-05-05T22:00:00,3719A,97.1714,31.1406,昌都市,昌都会议中心,,,,11,,13,132,,126,124,4,8,7,6,0.4,0.3
2023-05-05T22:00:00,3726A,88.8781,29.2426,日喀则市,林业技术推广中心,,42,42,11,14,2,136,129,134,133,4,4,5,5,0.4,0.4
2023-05-05T22:00:00,3728A,104.68,28.8071,宜宾市,白酒学院,颗粒物(PM10),56,62,62,36,41,118,86,105,104,9,15,3,2,0.5,0.5
2023-05-05T22:00:00,3734A,118.35,37.26,东营市,理想之城,,36,36,31,7,14,100,93,96,96,14,11,8,7,0.4,0.4
2023-05-05T22:00:00,3860A,118.3920,35.0300,临沂市,皇山花园小区,颗粒物(PM10),57,63,33,14,17,101,101,83,83,7,21,5,5,0.4,0.7
2023-05-05T22:00:00,3861A,119.2041,36.7699,潍坊市,寒亭区实验一小,颗粒物(PM10),69,88,38,17,14,104,99,98,98,11,11,7,6,0.4,0.4
2023-05-05T22:00:00,3866A,122.2469,40.66302,营口市,三高中,颗粒物(PM10),59,68,36,7,20,107,78,96,94,17,18,6,7,0.3,0.6
2023-05-05T22:00:00,3867A,102.0738,36.5056,海东地区,平安区公安北苑,细颗粒物(PM2.5),59,64,97,42,48,108,59,103,84,34,20,8,8,0.4,0.4
2023-05-05T22:00:00,3981A,113.2449,35.1803,焦作市,原李万街道办,,46,46,40,14,24,79,68,66,64,13,9,11,8,0.7,0.9
2023-05-05T22:00:00,3994A,102.2165,31.9024,阿坝藏族羌族自治州,马尔康中学西区,,20,0,20,0,11,113,63,109,97,11,6,4,4,0.3,0.4
2023-05-05T22:00:00,4002A,109.2416,23.7461,来宾市,中南小学,,47,47,47,27,24,110,71,101,96,12,10,1,2,0.7,0.6
2023-05-05T22:00:00,4004A,115.4202,38.8656,保定市,双鹰农机,,38,38,30,25,16,105,65,99,87,21,9,3,4,0.2,0.2
2023-05-05T22:00:00,4006A,122.3622,40.6762,营口市,老边实验小学,颗粒物(PM10),55,59,58,15,31,106,74,96,92,23,21,5,6,0.3,0.7
2023-05-05T22:00:00,4008A,112.5234,32.9922,南阳市,卧龙区政府,,38,38,30,25,26,94,76,83,82,12,12,5,5,0.5,0.6
2023-05-05T22:00:00,4010A,112.5608,37.8807,太原市,育英中学,,23,23,55,15,32,50,39,45,38,22,36,3,4,0.7,0.8
2023-05-05T22:00:00,4011A,103.8506,30.6947,成都市,光华大道三段,颗粒物(PM10),74,98,76,46,38,113,74,104,100,23,17,1,2,0.5,0.5
2023-05-05T22:00:00,1001A,116.3621,39.8784,北京市,万寿西宫,,28,28,25,8,11,70,46,67,64,21,12,3,3,0.4,0.5
2023-05-05T22:00:00,1002A,116.2202,40.2915,北京市,定陵,,25,13,18,5,7,79,79,70,70,3,6,3,3,0.2,0.3
2023-05-05T22:00:00,1003A,116.4174,39.9289,北京市,东四,,26,26,24,8,11,82,75,81,80,16,16,3,3,0.3,0.4
2023-05-05T22:00:00,1004A,116.4072,39.8863,北京市,天坛,,23,23,22,7,10,80,68,79,77,19,13,3,3,0.3,0.4
2023-05-05T22:00:00,1005A,116.462,39.9365,北京市,农展馆,,22,21,23,6,11,77,70,74,74,13,15,3,3,0.3,0.4
2023-05-05T22:00:00,1006A,116.3392,39.9295,北京市,官园,,22,22,23,8,11,69,38,66,59,21,15,1,1,0.3,0.4
2023-05-05T22:00:00,1007A,116.2878,39.9611,北京市,海淀万柳,,18,18,21,6,9,69,52,64,57,15,15,3,3,0.2,0.3
2023-05-05T22:00:00,1008A,116.6636,40.135,北京市,顺义新城,,36,36,32,6,13,86,86,80,80,8,13,3,3,0.2,0.3
2023-05-05T22:00:00,1009A,116.6275,40.3275,北京市,怀柔镇,,29,27,29,6,11,90,90,84,84,7,10,3,3,0.2,0.3
2023-05-05T22:00:00,1010A,116.2296,40.217,北京市,昌平镇,,21,15,20,6,10,72,67,65,62,4,9,3,3,0.1,0.2
2023-05-05T22:00:00,1011A,116.3966,39.9821,北京市,奥体中心,,30,30,22,8,10,69,53,68,64,24,24,3,3,0.2,0.3
2023-05-05T22:00:00,1012A,116.184,39.9136,北京市,古城,,20,19,21,6,8,77,62,66,61,7,11,3,3,0.3,0.4
2023-05-05T22:00:00,1015A,117.1444,39.1661,天津市,勤俭道,,34,34,18,10,10,103,44,94,80,36,14,7,7,0.4,0.4
2023-05-05T22:00:00,1017A,117.237,39.1082,天津市,大直沽八号路,,32,32,19,11,11,99,67,88,80,21,13,7,8,0.3,0.4
2023-05-05T22:00:00,1018A,117.202,39.0927,天津市,前进道,,34,34,20,12,9,103,65,93,86,27,15,4,4,0.1,0.2
2023-05-05T22:00:00,1019A,117.1837,39.2133,天津市,淮河道,,34,34,18,13,9,99,26,89,72,53,18,6,6,0.5,0.5
2023-05-05T22:00:00,1021A,117.307,39.0877,天津市,跃进路,,49,49,24,10,9,107,66,96,85,24,14,6,6,0.4,0.5
2023-05-05T22:00:00,1023A,117.707,39.0343,天津市,第四大街,,33,33,19,11,9,99,72,89,85,19,17,5,5,0.5,0.7
2023-05-05T22:00:00,1024A,117.457,38.8394,天津市,永明路,,34,34,20,13,13,104,68,92,87,27,17,7,6,0.7,0.8
2023-05-05T22:00:00,1026A,117.764,39.1587,天津市,汉北路,,37,37,23,8,8,107,82,97,93,14,12,7,7,0.4,0.7
2023-05-05T22:00:00,1027A,117.157,38.9194,天津市,团泊洼,,,26,15,9,8,110,77,98,93,22,17,3,2,,0.4
2023-05-05T22:00:00,1029A,114.4422,38.0444,石家庄市,职工医院,颗粒物(PM10),54,58,37,31,23,84,46,78,65,24,12,5,5,0.5,0.5
2023-05-05T22:00:00,1030A,114.6063,38.0266,石家庄市,高新区,,49,49,25,34,28,88,51,81,72,19,9,4,4,0.4,0.6
2023-05-05T22:00:00,1031A,114.4898,38.1328,石家庄市,西北水源,,48,48,27,30,17,87,54,81,68,24,16,4,4,0.5,0.5
2023-05-05T22:00:00,1032A,114.4586,38.0058,石家庄市,西南高教,,46,46,29,24,21,85,56,79,72,24,15,4,5,0.6,0.6
2023-05-05T22:00:00,1033A,114.5331,38.0178,石家庄市,世纪公园,,44,44,27,20,15,76,48,69,60,16,9,5,4,0.7,0.7
2023-05-05T22:00:00,1034A,114.509,38.0457,石家庄市,人民会堂,,50,50,27,19,16,90,49,81,71,29,15,6,6,0.6,0.6
2023-05-05T22:00:00,1035A,114.3524,37.8911,石家庄市,封龙山,,32,32,17,10,15,103,84,98,94,12,7,9,14,0.4,0.5
2023-05-05T22:00:00,1037A,118.131,39.6363,唐山市,雷达站,,30,30,30,7,10,102,84,96,93,7,9,2,2,0.2,0.3
2023-05-05T22:00:00,1038A,118.1725,39.6334,唐山市,物资局,,36,32,30,25,20,99,82,90,86,1,6,2,3,0.2,0.3
2023-05-05T22:00:00,1040A,118.1705,39.6506,唐山市,十二中,,29,21,23,20,15,96,78,88,85,5,8,1,2,0.2,0.3
2023-05-05T22:00:00,1041A,118.1869,39.622,唐山市,小山,,35,35,32,7,6,105,86,97,93,9,15,3,2,0.2,0.3
2023-05-05T22:00:00,1042A,119.5134,39.8207,秦皇岛市,北戴河环保局,,23,23,28,8,7,85,71,82,81,4,4,2,2,0.1,0.2
2023-05-05T22:00:00,1043A,119.7493,40.0116,秦皇岛市,第一关,,,52,24,17,13,96,71,92,90,11,9,,3,,0.2
2023-05-05T22:00:00,1044A,119.5897,39.9499,秦皇岛市,监测站,,33,33,28,16,12,99,79,94,92,4,2,3,2,0.2,0.2
2023-05-05T22:00:00,1046A,119.5251,39.9041,秦皇岛市,建设大厦,,35,35,23,6,7,103,80,97,94,3,4,4,4,0.1,0.2
2023-05-05T22:00:00,1048A,114.5302,36.6116,邯郸市,东污水处理厂,,45,45,27,14,12,92,72,86,78,12,12,1,1,0.4,0.4
2023-05-05T22:00:00,1049A,114.4918,36.5713,邯郸市,矿院,,37,37,22,22,16,96,78,90,84,9,9,2,2,0.4,0.4
2023-05-05T22:00:00,1050A,114.484,36.6133,邯郸市,丛台公园,,39,39,26,20,15,96,74,88,81,10,10,6,6,0.4,0.4
2023-05-05T22:00:00,1051A,115.493,38.8632,保定市,游泳馆,,43,43,31,13,11,98,59,89,80,22,12,5,7,0.1,0.1
2023-05-05T22:00:00,1052A,115.5213,38.8959,保定市,华电二区,,36,36,24,11,13,90,54,83,72,18,9,6,5,0.2,0.3
2023-05-05T22:00:00,1053A,115.4713,38.9108,保定市,接待中心,,41,41,31,16,12,90,43,84,68,24,6,6,6,0.3,0.4
2023-05-05T22:00:00,1054A,115.4612,38.8416,保定市,地表水厂,,40,40,36,24,15,90,54,83,74,23,10,9,8,0.4,0.3
2023-05-05T22:00:00,1056A,115.5086,38.8639,保定市,监测站,,42,42,34,18,16,98,53,89,78,26,11,8,6,0.2,0.4
2023-05-05T22:00:00,1057A,114.8883,40.8336,张家口市,人民公园,,,12,30,,8,76,76,69,69,4,7,2,3,0.3,0.3
2023-05-05T22:00:00,1059A,114.8687,40.8042,张家口市,五金库,,25,25,33,2,15,71,71,71,64,9,12,1,2,0.2,0.2
2023-05-05T22:00:00,1060A,114.8902,40.762,张家口市,世纪豪园,,23,10,33,6,18,74,71,68,64,6,9,2,2,0.2,0.2
2023-05-05T22:00:00,1061A,114.8916,40.8661,张家口市,北泵房,,26,16,34,12,17,81,81,73,73,5,8,7,8,0.4,0.5
2023-05-05T22:00:00,1062A,117.9531,40.9081,承德市,铁路,,28,8,29,17,19,98,88,92,92,4,6,7,8,0.1,0.2
2023-05-05T22:00:00,1063A,117.9392,40.9763,承德市,中国银行,,28,20,32,3,11,100,87,95,94,6,6,7,7,0.0,0.1
2023-05-05T22:00:00,1064A,117.9503,40.928,承德市,开发区,,29,21,34,13,16,102,92,98,97,7,9,5,6,0.2,0.2
2023-05-05T22:00:00,1065A,117.8051,40.9655,承德市,文化中心,,27,14,28,10,15,97,86,92,91,7,7,5,6,0.2,0.2
2023-05-05T22:00:00,1066A,117.9268,41.0026,承德市,离宫,,28,9,21,13,16,102,89,97,96,4,5,4,4,0.2,0.2
2023-05-05T22:00:00,1067A,116.6708,39.5111,廊坊市,药材公司,,36,36,33,3,15,89,70,83,81,23,21,1,2,0.3,0.4
2023-05-05T22:00:00,1068A,116.7214,39.5589,廊坊市,开发区,,38,38,33,19,20,88,73,82,80,23,26,4,5,0.3,0.4
2023-05-05T22:00:00,1070A,116.7244,39.5269,廊坊市,北华航天学院,,31,31,40,13,20,84,68,78,76,24,24,4,4,0.2,0.4
2023-05-05T22:00:00,1071A,116.8842,38.2991,沧州市,沧县城建局,,44,44,22,20,12,103,58,92,87,36,20,3,2,0.4,0.4
2023-05-05T22:00:00,1072A,116.8584,38.3254,沧州市,电视转播站,,48,48,31,14,11,101,57,89,84,27,17,4,7,0.2,0.3
2023-05-05T22:00:00,1073A,116.8709,38.3228,沧州市,市环保局,,48,48,30,25,18,113,57,98,92,40,24,4,5,0.2,0.2
2023-05-05T22:00:00,1074A,115.6838,37.7541,衡水市,电机北厂,,36,36,21,12,16,91,53,85,76,30,13,2,2,0.4,0.4
2023-05-05T22:00:00,1075A,115.6303,37.7316,衡水市,市监测站,细颗粒物(PM2.5),53,40,32,37,24,97,56,92,83,38,13,6,5,0.5,0.5
2023-05-05T22:00:00,1077A,114.4704,37.0886,邢台市,达活泉,,26,26,13,18,12,92,55,84,74,10,5,4,7,0.6,0.5
2023-05-05T22:00:00,1078A,114.5062,37.0349,邢台市,邢师高专,,27,27,21,16,10,91,64,85,76,12,7,2,2,0.5,0.5
2023-05-05T22:00:00,1079A,114.5237,37.0851,邢台市,路桥公司,,27,27,23,13,13,88,60,81,74,10,8,2,3,0.5,0.5
2023-05-05T22:00:00,1080A,114.4725,37.0719,邢台市,市环保局,,42,26,17,29,19,97,68,90,81,5,3,5,5,0.4,0.4
2023-05-05T22:00:00,1081A,112.522,37.8873,太原市,尖草坪,,27,27,56,18,36,63,12,60,34,47,32,5,4,1.3,0.8
2023-05-05T22:00:00,1083A,112.434,38.0108,太原市,上兰,,19,18,46,13,27,52,30,41,40,20,19,6,6,0.8,0.9
2023-05-05T22:00:00,1084A,112.469,37.7124,太原市,晋源,,32,32,48,20,31,70,19,37,28,38,37,6,8,1.0,0.8
2023-05-05T22:00:00,1085A,112.5583,37.7394,太原市,小店,颗粒物(PM10),57,64,56,36,32,72,24,56,53,43,40,2,4,0.6,0.6
2023-05-05T22:00:00,1086A,112.5369,37.8692,太原市,桃园,,23,23,53,16,33,47,42,43,40,22,37,2,4,0.6,0.6
2023-05-05T22:00:00,1087A,112.57,37.8195,太原市,坞城,,35,35,52,24,34,61,26,44,37,33,40,3,4,0.6,0.6
2023-05-05T22:00:00,1088A,112.549,37.9854,太原市,南寨,,20,20,46,14,36,47,16,43,39,26,38,3,4,0.5,0.7
2023-05-05T22:00:00,1090A,111.6507,40.7517,呼和浩特市,呼市一监,,25,9,12,8,7,95,78,86,81,10,8,6,5,0.4,0.5
2023-05-05T22:00:00,1091A,111.6572,40.8033,呼和浩特市,小召,,23,12,16,10,8,93,71,84,78,15,12,7,7,0.4,0.3
2023-05-05T22:00:00,1094A,111.7516,40.8369,呼和浩特市,如意水处理厂,,,17,10,8,5,94,65,88,78,16,7,6,6,,0.3
2023-05-05T22:00:00,1095A,111.7276,40.8062,呼和浩特市,二十九中,,24,20,14,9,6,96,74,91,83,13,10,6,6,0.5,0.5
2023-05-05T22:00:00,1096A,111.5512,40.7866,呼和浩特市,工大金川校区,,24,11,17,6,6,100,74,90,77,14,10,4,4,0.4,0.4
2023-05-05T22:00:00,1097A,111.717,40.7612,呼和浩特市,化肥厂生活区,,25,16,12,6,4,96,78,91,84,8,7,6,6,0.3,0.3
2023-05-05T22:00:00,1098A,123.6836,41.9339,沈阳市,森林路,,,,41,,21,65,,63,,,15,,3,,0.4
2023-05-05T22:00:00,1099A,123.505,41.7406,沈阳市,浑南东路,,35,35,43,18,22,119,86,106,104,17,21,10,12,0.4,0.6
2023-05-05T22:00:00,1100A,123.4231,41.6989,沈阳市,新秀街,,39,39,43,9,21,114,79,98,96,16,19,5,7,0.4,0.6
2023-05-05T22:00:00,1102A,123.5903,41.8411,沈阳市,东陵路,,36,36,43,10,22,102,72,91,89,15,19,7,8,0.4,0.5
2023-05-05T22:00:00,1103A,123.4264,41.8467,沈阳市,陵东街,,39,39,47,7,21,105,82,92,92,16,22,6,7,0.4,0.6
2023-05-05T22:00:00,1104A,123.4114,41.7653,沈阳市,文化路,,47,47,50,7,25,110,84,95,94,14,20,6,7,0.4,0.5
2023-05-05T22:00:00,1105A,123.4678,41.7867,沈阳市,小河沿,,27,27,43,6,24,101,76,90,89,20,24,8,9,0.4,0.6
2023-05-05T22:00:00,1106A,123.4017,41.7972,沈阳市,太原街,,37,37,46,9,23,104,80,88,87,17,25,8,10,0.4,0.5
2023-05-05T22:00:00,1108A,123.3783,41.9228,沈阳市,京沈街,颗粒物(PM10),53,55,53,10,25,102,84,92,91,13,19,7,8,0.4,0.5
2023-05-05T22:00:00,1109A,121.612,38.9741,大连市,甘井子,,50,50,28,9,17,107,86,102,99,17,17,4,4,0.3,0.5
2023-05-05T22:00:00,1110A,121.565,38.9511,大连市,周水子,,45,45,22,10,15,116,86,113,98,19,19,6,6,0.4,0.6
2023-05-05T22:00:00,1111A,121.5637,38.8845,大连市,星海三站,颗粒物(PM10),51,52,34,9,14,115,83,108,93,17,14,6,5,0.5,0.6
2023-05-05T22:00:00,1112A,121.6302,38.9117,大连市,青泥洼桥,,44,44,24,10,14,120,85,116,95,16,15,6,5,0.5,0.7
2023-05-05T22:00:00,1113A,121.6251,38.8638,大连市,傅家庄,,37,37,17,10,14,121,90,113,100,16,12,9,7,0.6,0.7
2023-05-05T22:00:00,1114A,121.5213,38.8661,大连市,七贤岭,,,44,19,11,14,126,97,117,111,10,10,,5,0.3,0.3
2023-05-05T22:00:00,1115A,121.2529,38.8061,大连市,旅顺,颗粒物(PM10),51,51,16,14,13,116,89,109,107,7,8,6,6,0.4,0.4
2023-05-05T22:00:00,1116A,121.7485,39.1311,大连市,金州,,29,29,22,9,16,114,85,105,102,18,11,7,6,0.5,0.5
2023-05-05T22:00:00,1117A,121.7811,39.0496,大连市,开发区,,37,37,25,12,14,108,82,104,94,20,14,5,4,0.5,0.5
2023-05-05T22:00:00,1118A,121.9762,39.0631,大连市,双D港,颗粒物(PM10),58,65,27,11,17,110,91,105,100,16,11,10,6,0.7,0.7
2023-05-05T22:00:00,1119A,125.3325,43.9166,长春市,食品厂,,33,33,53,18,14,104,70,93,85,24,18,8,8,0.3,0.3
2023-05-05T22:00:00,1120A,125.2863,43.9027,长春市,客车厂,,29,29,52,9,14,106,72,93,90,22,22,5,5,0.3,0.3
2023-05-05T22:00:00,1121A,125.2841,43.8463,长春市,邮电学院,,30,30,42,14,22,102,73,90,88,19,16,6,6,0.3,0.3
2023-05-05T22:00:00,1122A,125.3716,43.8772,长春市,劳动公园,,29,29,48,11,12,106,76,96,94,21,21,8,6,0.3,0.3
2023-05-05T22:00:00,1123A,125.3297,43.8805,长春市,园林处,,31,31,39,12,11,102,75,90,89,18,18,3,3,0.3,0.4
2023-05-05T22:00:00,1124A,125.4605,43.79,长春市,净月潭,,26,26,33,12,8,105,76,98,95,10,10,4,4,0.3,0.3
2023-05-05T22:00:00,1125A,125.7194,43.515,长春市,甩湾子,,31,23,24,8,11,114,97,107,106,5,8,4,5,0.3,0.6
2023-05-05T22:00:00,1126A,125.3863,43.8447,长春市,经开区环卫处,,36,36,43,11,13,105,67,93,89,24,17,7,7,0.3,0.4
2023-05-05T22:00:00,1127A,125.245,43.7783,长春市,高新区管委会,,31,31,45,10,13,103,74,91,88,28,24,3,4,0.4,0.3
2023-05-05T22:00:00,1128A,125.1761,43.8325,长春市,岱山公园,,38,38,51,14,16,96,56,83,76,29,25,5,5,0.9,0.6
2023-05-05T22:00:00,1129A,126.5422,45.755,哈尔滨市,岭北,,29,29,15,11,6,107,80,103,98,12,9,8,10,0.6,0.2
2023-05-05T22:00:00,1130A,126.561,45.8167,哈尔滨市,松北商大,,25,25,22,12,8,103,68,98,89,22,14,5,5,0.4,0.4
2023-05-05T22:00:00,1131A,126.979,45.5419,哈尔滨市,阿城会宁,,23,23,28,11,12,96,68,93,83,17,20,13,11,0.2,0.3
2023-05-05T22:00:00,1132A,126.599,45.7222,哈尔滨市,南岗学府路,,38,38,27,12,5,100,68,96,88,21,10,6,6,0.4,0.4
2023-05-05T22:00:00,1133A,126.689,45.7733,哈尔滨市,太平宏伟公园,,36,36,33,11,9,96,68,92,83,21,17,5,5,0.3,0.3
2023-05-05T22:00:00,1134A,126.635,45.7667,哈尔滨市,道外承德广场,,28,28,27,13,9,98,76,92,88,18,17,6,6,0.4,0.4
2023-05-05T22:00:00,1135A,126.685,45.7319,哈尔滨市,香坊红旗大街,,29,29,25,10,8,101,82,96,92,15,16,9,11,0.3,0.2
2023-05-05T22:00:00,1136A,126.6411,45.7258,哈尔滨市,动力和平路,,25,23,23,9,5,102,79,97,92,19,16,13,13,0.3,0.3
2023-05-05T22:00:00,1137A,126.593,45.7478,哈尔滨市,道里建国路,,31,31,23,11,9,101,70,96,90,22,13,12,12,0.2,0.2
2023-05-05T22:00:00,1138A,126.615,45.61,哈尔滨市,平房东轻厂,,28,28,29,11,11,97,61,95,84,32,20,5,5,0.5,0.4
2023-05-05T22:00:00,1139A,126.595,45.9855,哈尔滨市,呼兰师专,,22,21,26,14,11,104,70,99,90,16,14,10,11,0.4,0.4
2023-05-05T22:00:00,1140A,126.6206,45.6842,哈尔滨市,省农科院,,27,27,27,12,12,103,75,99,93,25,17,11,11,0.4,0.4
2023-05-05T22:00:00,1141A,121.4,31.238,上海市,普陀,,43,29,24,30,20,112,31,93,77,36,28,4,6,1.2,0.7
2023-05-05T22:00:00,1142A,121.478,31.2036,上海市,十五厂,细颗粒物(PM2.5),57,33,23,40,24,96,32,82,72,32,31,7,7,1.4,0.8
2023-05-05T22:00:00,1143A,121.467,31.3008,上海市,虹口,,36,29,28,25,22,97,34,80,68,36,29,7,8,1.0,0.7
2023-05-05T22:00:00,1144A,121.412,31.1654,上海市,徐汇上师大,,,,23,,20,117,35,98,84,,34,7,8,1.4,0.8
2023-05-05T22:00:00,1145A,121.536,31.2659,上海市,杨浦四漂,,40,24,25,28,19,108,36,91,79,35,32,6,6,1.1,0.8
2023-05-05T22:00:00,1147A,121.425,31.2261,上海市,静安监测站,,42,41,31,29,17,106,35,90,77,36,32,5,6,1.3,0.8
2023-05-05T22:00:00,1148A,121.703,31.1907,上海市,浦东川沙,,39,36,34,27,21,104,40,83,67,27,23,6,6,0.9,0.6
2023-05-05T22:00:00,1149A,121.533,31.2284,上海市,浦东新区监测站,,,51,32,,7,113,41,94,84,29,21,7,6,1.2,0.6
2023-05-05T22:00:00,1150A,121.577,31.2071,上海市,浦东张江,,,37,35,29,23,107,,88,83,27,22,4,4,1.0,0.8
2023-05-05T22:00:00,1151A,118.8086,32.1065,南京市,迈皋桥,,42,42,20,29,13,68,46,54,52,13,20,5,15,0.4,0.5
2023-05-05T22:00:00,1152A,118.7538,32.0551,南京市,草场门,,39,36,19,27,14,65,43,54,51,12,16,4,4,0.7,0.8
2023-05-05T22:00:00,1153A,118.7794,32.0745,南京市,山西路,,,,21,36,15,65,42,53,51,8,15,5,4,0.4,0.4
2023-05-05T22:00:00,1154A,118.7752,32.0023,南京市,中华门,,39,39,16,22,9,55,42,49,48,18,23,3,4,0.7,0.9
2023-05-05T22:00:00,1155A,118.8109,32.0309,南京市,瑞金路,,45,38,18,31,16,68,44,52,50,9,10,5,8,0.4,0.4
2023-05-05T22:00:00,1156A,118.7997,32.0754,南京市,玄武湖,,46,46,25,32,14,62,44,49,47,12,21,3,4,0.6,1
2023-05-05T22:00:00,1157A,118.6414,32.0931,南京市,浦口,,49,33,16,34,14,63,48,57,55,11,9,4,4,0.6,0.6
2023-05-05T22:00:00,1158A,118.7356,31.9996,南京市,奥体中心,,49,32,20,34,16,58,46,52,51,11,16,6,6,0.5,0.6
2023-05-05T22:00:00,1159A,118.9125,32.1028,南京市,仙林大学城,,42,36,19,29,14,67,46,57,55,17,19,8,9,0.7,0.8
2023-05-05T22:00:00,1160A,120.561,31.2472,苏州市,上方山,,33,32,25,23,24,65,38,52,49,12,18,7,6,0.6,0.6
2023-05-05T22:00:00,1162A,120.591,31.3019,苏州市,彩香,细颗粒物(PM2.5),52,49,35,36,23,94,54,83,69,10,17,4,5,0.9,0.8
2023-05-05T22:00:00,1163A,120.596,31.3264,苏州市,轧钢厂,细颗粒物(PM2.5),53,51,36,37,23,94,48,84,66,21,22,5,5,0.9,0.9
2023-05-05T22:00:00,1164A,120.613,31.2703,苏州市,吴中区,细颗粒物(PM2.5),53,50,36,37,23,91,55,82,71,15,24,6,7,1.0,0.9
2023-05-05T22:00:00,1165A,120.543,31.2994,苏州市,苏州新区,细颗粒物(PM2.5),54,53,36,38,24,88,54,77,67,8,17,4,4,0.8,0.7
2023-05-05T22:00:00,1166A,120.669,31.3097,苏州市,苏州工业园区,细颗粒物(PM2.5),63,50,38,45,25,81,41,74,60,24,19,8,8,0.9,0.7
2023-05-05T22:00:00,1167A,120.641,31.3708,苏州市,相城区,细颗粒物(PM2.5),60,43,29,43,26,88,26,81,60,24,22,6,6,1.0,0.9
2023-05-05T22:00:00,1168A,120.9098,31.9663,南通市,狼山街道,,17,17,17,11,10,64,34,59,54,13,21,6,6,0.8,0.7
2023-05-05T22:00:00,1169A,120.86,32.0005,南通市,虹桥,,23,17,18,16,15,72,37,64,54,18,30,6,7,0.8,0.7
2023-05-05T22:00:00,1170A,120.87,32.02,南通市,城中,,18,18,19,12,11,75,35,69,56,17,21,6,6,0.4,0.6
2023-05-05T22:00:00,1171A,120.94,31.93,南通市,星湖花园,,25,17,19,17,15,67,38,54,48,15,29,2,3,0.8,0.8
2023-05-05T22:00:00,1172A,120.81,32.0417,南通市,紫琅学院,,18,13,17,12,12,74,32,61,49,18,27,7,6,0.8,0.7
2023-05-05T22:00:00,1173A,119.176,34.5885,连云港市,市环境监测站,,41,41,52,14,24,76,76,57,57,9,24,5,6,0.4,0.8
2023-05-05T22:00:00,1177A,117.179,34.2761,徐州市,黄河新村,,31,31,42,18,24,64,56,61,60,16,13,6,6,0.8,0.6
2023-05-05T22:00:00,1178A,117.1918,34.2384,徐州市,淮塔,,40,40,37,22,24,75,46,70,66,20,11,8,7,0.9,0.5
2023-05-05T22:00:00,1180A,117.256,34.2153,徐州市,新城区,,49,29,28,34,31,75,51,68,65,16,10,5,4,0.7,0.7
2023-05-05T22:00:00,1181A,117.244,34.2911,徐州市,桃园路,,39,39,43,14,25,72,47,62,56,18,15,7,6,0.9,0.7
2023-05-05T22:00:00,1182A,117.2933,34.2778,徐州市,农科院,,34,34,36,19,22,74,49,66,60,21,16,9,6,0.7,0.6
2023-05-05T22:00:00,1186A,119.389,32.3761,扬州市,邗江监测站,,31,31,19,17,32,68,37,47,46,13,17,6,6,0.8,1
2023-05-05T22:00:00,1188A,120.269,31.4867,无锡市,雪浪,,41,41,24,27,19,156,49,88,66,22,23,8,8,0.9,0.9
2023-05-05T22:00:00,1189A,120.275,31.6219,无锡市,黄巷,,45,41,39,31,25,66,31,52,40,35,38,4,4,1.0,1.2
2023-05-05T22:00:00,1190A,120.294,31.56,无锡市,曹张,细颗粒物(PM2.5),55,33,21,39,24,68,33,60,50,27,28,2,3,0.9,1
2023-05-05T22:00:00,1191A,120.242,31.5031,无锡市,漆塘,,49,41,26,34,22,78,42,70,58,18,21,4,4,0.7,0.7
2023-05-05T22:00:00,1192A,120.3489,31.5863,无锡市,东亭,,45,41,31,31,23,75,41,67,54,22,27,8,8,0.9,1
2023-05-05T22:00:00,1193A,120.354,31.5475,无锡市,旺庄,,36,36,24,24,17,80,42,71,58,27,30,4,4,0.8,0.8
2023-05-05T22:00:00,1194A,120.245,31.5631,无锡市,荣巷,,,34,23,31,20,73,41,66,56,,25,,10,0.8,0.9
2023-05-05T22:00:00,1195A,120.299,31.6817,无锡市,堰桥,,42,31,26,29,23,78,40,61,53,22,28,9,10,0.7,1
2023-05-05T22:00:00,1196A,119.9633,31.762,常州市,市监测站,颗粒物(PM10),52,53,41,24,18,67,43,58,54,16,23,4,4,0.5,0.8
2023-05-05T22:00:00,1200A,119.9468,31.7069,常州市,武进监测站,颗粒物(PM10),58,66,41,28,21,87,41,69,54,20,19,1,4,0.6,0.9
2023-05-05T22:00:00,1201A,119.9255,31.9087,常州市,安家,颗粒物(PM10),57,63,41,31,22,80,30,61,50,28,25,5,5,0.7,1
2023-05-05T22:00:00,1203A,119.6707,32.1875,镇江市,新区办事处,,49,35,20,34,20,82,6,59,28,45,23,3,3,0.5,0.9
2023-05-05T22:00:00,1204A,119.4974,32.1968,镇江市,职教中心,,38,30,19,26,20,65,40,50,49,15,16,3,3,0.5,0.5
2023-05-05T22:00:00,1205A,119.4303,32.1328,镇江市,丹徒区监测站,,46,29,21,32,24,68,40,49,46,19,18,1,2,0.5,0.6
2023-05-05T22:00:00,1206A,119.905,32.4878,泰州市,公园路,,39,24,12,27,17,76,42,72,42,12,11,8,8,0.7,0.9
2023-05-05T22:00:00,1207A,119.9189,32.4625,泰州市,莲花,,45,29,14,31,19,74,44,74,42,15,14,6,6,0.6,0.7
2023-05-05T22:00:00,1209A,119.888,32.4639,泰州市,留学生创业园,,25,25,17,15,17,74,39,73,38,17,10,5,4,0.6,0.9
2023-05-05T22:00:00,1210A,119.036,33.5981,淮安市,钵池山,,28,24,28,19,29,52,52,44,33,17,19,7,8,0.7,0.9
2023-05-05T22:00:00,1211A,119.007,33.575,淮安市,北京南路,,24,24,29,16,32,55,55,46,32,16,20,7,6,0.6,0.8
2023-05-05T22:00:00,1212A,118.989,33.6067,淮安市,市监测站,,20,19,38,14,30,61,61,45,34,14,20,5,5,0.8,1
2023-05-05T22:00:00,1213A,119.135,33.5039,淮安市,楚州区监测站,,26,22,30,18,23,51,51,33,27,15,20,7,7,0.7,0.9
2023-05-05T22:00:00,1214A,119.0186,33.6297,淮安市,淮阴区监测站,,23,23,41,14,32,59,59,43,32,14,20,6,6,0.4,0.6
2023-05-05T22:00:00,1215A,120.118,33.4022,盐城市,盐城电厂,,22,22,20,12,14,77,69,68,68,8,10,6,6,0.5,0.6
2023-05-05T22:00:00,1216A,120.156,33.3942,盐城市,市监测站,,30,30,16,9,15,75,64,62,62,10,11,7,10,0.4,0.4
2023-05-05T22:00:00,1218A,120.2144,33.38,盐城市,开发区管委会,,30,30,12,14,13,74,62,67,59,11,11,6,7,0.5,0.6
2023-05-05T22:00:00,1220A,118.293,33.9528,宿迁市,宿迁学院,,19,11,24,9,27,71,59,52,52,17,15,8,7,0.6,0.8
2023-05-05T22:00:00,1221A,118.2442,33.9592,宿迁市,宿迁中学,,22,12,25,8,23,80,70,57,57,11,13,7,6,0.4,0.6
2023-05-05T22:00:00,1223A,120.2072,30.2111,杭州市,滨江,颗粒物(PM10),53,56,23,27,13,102,45,90,71,25,17,6,6,0.9,0.6
2023-05-05T22:00:00,1224A,120.0633,30.2747,杭州市,西溪,,39,36,22,27,9,89,29,68,42,23,17,8,8,0.8,0.6
2023-05-05T22:00:00,1226A,120.3461,30.3153,杭州市,下沙,,45,45,29,31,14,105,46,84,67,35,20,5,5,0.8,0.6
2023-05-05T22:00:00,1227A,120.1269,30.2456,杭州市,卧龙桥,,40,28,18,28,12,84,18,82,53,20,12,5,5,1.0,0.7
2023-05-05T22:00:00,1228A,120.1903,30.2692,杭州市,浙江农大,,49,39,21,34,14,88,57,83,65,23,15,6,6,0.6,0.5
2023-05-05T22:00:00,1230A,120.1197,30.3119,杭州市,和睦小学,,41,41,25,25,15,100,44,79,61,34,15,5,5,0.7,0.5
2023-05-05T22:00:00,1231A,120.3019,30.4183,杭州市,临平镇,细颗粒物(PM2.5),64,46,31,46,18,104,70,89,79,12,12,4,4,0.7,0.6
2023-05-05T22:00:00,1232A,120.2697,30.1819,杭州市,城厢镇,,50,36,30,35,17,120,36,95,74,33,20,3,3,1.0,0.7
2023-05-05T22:00:00,1233A,120.0883,30.1808,杭州市,云栖,,30,30,18,14,7,74,16,64,50,17,16,6,6,1.0,0.7
2023-05-05T22:00:00,1234A,121.8358,29.911,宁波市,区环保大楼,,47,47,24,24,15,108,40,80,38,61,24,5,4,0.6,0.5
2023-05-05T22:00:00,1235A,121.56,29.82,宁波市,万里学院,,39,39,25,23,13,120,91,102,92,15,10,4,3,1.0,0.6
2023-05-05T22:00:00,1236A,121.713,29.9572,宁波市,龙赛医院,颗粒物(PM10),56,61,30,32,14,121,74,90,65,45,24,5,5,0.4,0.4
2023-05-05T22:00:00,1239A,121.633,29.7733,宁波市,钱湖水厂,,45,45,19,31,13,102,92,87,85,20,6,4,3,0.4,0.2
2023-05-05T22:00:00,1240A,121.5856,29.8635,宁波市,太古小学,,42,32,19,29,14,122,88,103,96,18,13,4,4,1.0,0.6
2023-05-05T22:00:00,1241A,121.524,29.8674,宁波市,市环境监测中心,,28,28,25,18,10,112,80,94,87,14,12,4,4,0.8,0.4
2023-05-05T22:00:00,1242A,120.634,28.0089,温州市,瓯海,,37,37,36,16,18,101,14,72,60,52,28,6,6,0.7,0.5
2023-05-05T22:00:00,1243A,120.6748,27.9939,温州市,南浦,颗粒物(PM10),52,53,38,27,21,105,16,77,67,68,30,4,4,0.7,0.5
2023-05-05T22:00:00,1244A,120.76,27.9747,温州市,龙湾,,43,43,48,18,19,92,25,59,53,66,44,6,7,0.5,0.5
2023-05-05T22:00:00,1245A,120.6709,28.0167,温州市,市站,颗粒物(PM10),51,52,42,26,21,110,4,78,65,88,38,5,5,0.8,0.5
2023-05-05T22:00:00,1247A,120.6053,29.9928,绍兴市,城东开发委,细颗粒物(PM2.5),53,45,21,37,13,109,52,103,85,21,14,5,5,1.0,0.7
2023-05-05T22:00:00,1250A,120.0751,30.8669,湖州市,城西水厂,,32,19,26,22,19,81,56,72,64,26,32,5,5,0.7,0.6
2023-05-05T22:00:00,1252A,120.7436,30.778,嘉兴市,清河小学,细颗粒物(PM2.5),54,47,33,38,20,99,58,83,78,15,22,5,5,0.8,0.7
2023-05-05T22:00:00,1253A,120.726,30.7478,嘉兴市,嘉兴学院,,50,39,29,35,23,102,60,84,79,13,22,4,4,0.7,0.5
2023-05-05T22:00:00,1255A,121.273,28.6459,台州市,黄岩环保大楼,,33,33,31,12,15,67,26,55,48,24,14,4,5,0.5,0.4
2023-05-05T22:00:00,1256A,121.419,28.6542,台州市,台州环保大楼,颗粒物(PM10),62,74,50,36,27,78,57,64,64,24,13,5,4,0.6,0.4
2023-05-05T22:00:00,1257A,121.377,28.5773,台州市,路桥田洋王,,40,40,35,27,21,86,56,67,67,30,18,13,8,0.7,0.5
2023-05-05T22:00:00,1258A,122.122,30.0203,舟山市,定海檀枫,,42,41,45,29,19,63,12,48,30,52,24,6,5,0.6,0.6
2023-05-05T22:00:00,1259A,122.3094,29.9558,舟山市,普陀东港,细颗粒物(PM2.5),54,52,35,38,24,60,11,50,31,37,12,5,5,0.5,0.4
2023-05-05T22:00:00,1260A,122.19,29.9944,舟山市,临城新区,,46,46,27,28,13,57,19,50,35,39,23,5,6,0.4,0.3
2023-05-05T22:00:00,1262A,119.647,29.077,金华市,十五中,,45,40,34,31,21,120,67,105,94,23,19,14,7,0.6,0.5
2023-05-05T22:00:00,1263A,119.686,29.1029,金华市,监测站,,31,31,32,15,15,114,58,99,88,27,23,15,6,0.7,0.5
2023-05-05T22:00:00,1264A,118.8692,28.9398,衢州市,环保大楼,,46,46,28,24,14,100,40,88,75,29,17,5,6,0.5,0.5
2023-05-05T22:00:00,1265A,118.8709,28.9666,衢州市,实验学校,,40,40,30,12,8,96,53,80,74,23,18,4,5,0.6,0.5
2023-05-05T22:00:00,1266A,118.8621,28.9808,衢州市,衢州学院,,41,41,25,26,15,91,48,78,71,26,20,5,6,0.5,0.4
2023-05-05T22:00:00,1267A,119.914,28.4514,丽水市,监测站大楼,,25,25,26,11,11,116,36,87,77,22,15,5,5,0.5,0.3
2023-05-05T22:00:00,1268A,119.93,28.4586,丽水市,莲都小学,,17,17,26,8,10,119,41,88,76,18,16,4,5,0.4,0.4
2023-05-05T22:00:00,1269A,119.879,28.4231,丽水市,余庄前,,23,23,22,11,13,103,8,68,53,18,17,6,6,0.4,0.4
2023-05-05T22:00:00,1270A,117.1959,31.7848,合肥市,明珠广场,,34,34,26,19,18,65,49,65,53,12,13,4,4,0.5,0.6
2023-05-05T22:00:00,1271A,117.3072,31.8764,合肥市,三里街,,42,39,30,29,22,55,44,55,46,17,16,5,4,0.5,0.6
2023-05-05T22:00:00,1272A,117.2588,31.8707,合肥市,琥珀山庄,,39,34,28,27,19,71,50,64,53,12,12,3,3,0.5,0.6
2023-05-05T22:00:00,1273A,117.1604,31.9052,合肥市,董铺水库,,29,29,19,17,13,78,50,74,53,6,5,3,2,0.3,0.4
2023-05-05T22:00:00,1274A,117.25,31.8571,合肥市,长江中路,,36,36,33,25,19,73,49,62,50,7,8,8,8,0.5,0.6
2023-05-05T22:00:00,1275A,117.266,31.9436,合肥市,庐阳区,,32,27,25,22,20,75,44,70,49,15,10,6,7,0.5,0.5
2023-05-05T22:00:00,1276A,117.336,31.8586,合肥市,瑶海区,,,39,38,22,18,51,,50,45,14,15,6,6,0.5,0.6
2023-05-05T22:00:00,1277A,117.3027,31.7964,合肥市,包河区,,45,39,25,31,19,58,34,56,46,21,13,4,4,0.5,0.5
2023-05-05T22:00:00,1278A,117.2776,31.7385,合肥市,滨湖新区,,44,44,25,19,14,56,45,56,49,16,15,5,5,0.6,0.7
2023-05-05T22:00:00,1279A,117.1318,31.8403,合肥市,高新区,,34,34,26,17,17,79,48,64,53,14,10,5,7,0.3,0.4
2023-05-05T22:00:00,1280A,119.3903,26.0543,福州市,鼓山,,,18,18,10,11,,,,,8,7,3,3,,
2023-05-05T22:00:00,1282A,119.2681,26.0504,福州市,师大,,34,34,30,12,10,88,33,76,60,21,11,4,4,0.4,0.3
2023-05-05T22:00:00,1283A,119.2984,26.1028,福州市,五四北路,,50,50,29,21,11,88,18,76,56,34,12,3,2,0.5,0.3
2023-05-05T22:00:00,1284A,119.2648,26.0768,福州市,杨桥西路,,37,37,28,17,9,78,25,70,55,26,11,3,3,0.5,0.4
2023-05-05T22:00:00,1285A,119.317,26.0746,福州市,紫阳,,45,45,34,24,11,82,15,70,51,38,13,2,2,0.6,0.3
2023-05-05T22:00:00,1286A,118.1608,24.8169,厦门市,溪东,,,18,25,12,8,,,,,16,12,5,5,,
2023-05-05T22:00:00,1287A,118.1514,24.4767,厦门市,洪文,,21,21,22,13,2,58,54,54,54,3,3,1,3,0.2,0.3
2023-05-05T22:00:00,1288A,118.0661,24.4444,厦门市,鼓浪屿,,29,29,21,14,9,66,54,58,55,6,5,3,3,0.4,0.4
2023-05-05T22:00:00,1290A,115.8931,28.6843,南昌市,省外办,,20,14,18,12,10,130,63,113,103,13,9,4,4,0.5,0.4
2023-05-05T22:00:00,1291A,115.8886,28.7003,南昌市,省林业公司,,28,14,10,12,9,124,34,108,94,56,17,4,4,0.3,0.3
2023-05-05T22:00:00,1292A,115.8126,28.7442,南昌市,林科所,,17,9,5,9,4,121,40,107,91,34,18,6,6,0.7,0.6
2023-05-05T22:00:00,1294A,115.8518,28.687,南昌市,建工学校,,25,25,21,11,7,125,61,107,98,14,10,8,8,0.6,0.5
2023-05-05T22:00:00,1295A,115.8921,28.6424,南昌市,象湖,,18,18,16,9,7,119,54,104,95,21,13,5,5,0.9,0.7
2023-05-05T22:00:00,1296A,115.7423,28.7996,南昌市,武术学校,,28,28,16,11,12,93,21,73,47,7,5,8,10,0.7,0.6
2023-05-05T22:00:00,1298A,115.9314,28.6842,南昌市,省站,,25,25,23,9,8,124,75,111,102,8,8,6,6,0.8,0.7
2023-05-05T22:00:00,1299A,116.9862,36.6114,济南市,科干所,,46,46,15,20,10,89,53,79,78,38,16,8,7,0.4,0.4
2023-05-05T22:00:00,1300A,116.9376,36.665,济南市,农科所,,49,49,20,22,11,77,31,68,61,54,21,3,2,0.3,0.2
2023-05-05T22:00:00,1301A,117.1265,36.6734,济南市,开发区,,39,39,19,17,11,82,63,78,77,32,14,11,8,0.5,0.4
2023-05-05T22:00:00,1303A,117.0624,36.6868,济南市,省种子仓库,颗粒物(PM10),54,58,23,24,18,83,40,72,67,43,18,10,7,0.6,0.5
2023-05-05T22:00:00,1304A,116.9489,36.6447,济南市,机床二厂,颗粒物(PM10),51,51,18,20,8,80,42,72,67,43,13,4,2,0.4,0.2
2023-05-05T22:00:00,1305A,117.0495,36.663,济南市,市监测站,,49,49,23,15,14,86,65,80,78,38,20,9,7,0.6,0.6
2023-05-05T22:00:00,1306A,116.7675,36.5484,济南市,长清党校,,49,49,19,29,12,93,48,82,79,43,15,10,9,0.7,0.7
2023-05-05T22:00:00,1307A,120.6659,36.2403,青岛市,仰口,,45,44,10,31,10,83,83,66,66,13,9,5,5,0.4,0.3
2023-05-05T22:00:00,1310A,120.4134,36.0658,青岛市,市南区东部子站,,48,48,25,24,15,71,71,60,56,25,24,6,7,0.5,0.5
2023-05-05T22:00:00,1311A,120.3664,36.1032,青岛市,四方区子站,,39,39,23,22,15,72,72,59,59,29,30,7,7,0.6,0.6
2023-05-05T22:00:00,1312A,120.2994,36.054,青岛市,市南区西部子站,,39,39,21,22,13,93,93,68,66,14,24,5,5,0.6,0.6
2023-05-05T22:00:00,1313A,120.4581,36.0858,青岛市,崂山区子站,,,51,28,34,16,82,82,63,60,,21,7,7,0.4,0.4
2023-05-05T22:00:00,1314A,120.1983,35.9608,青岛市,黄岛区子站,颗粒物(PM10),51,51,25,0,16,68,53,58,51,42,26,6,5,0.5,0.6
2023-05-05T22:00:00,1315A,120.3999,36.3083,青岛市,城阳区子站,,44,44,26,20,14,85,85,67,67,23,23,5,5,0.4,0.4
2023-05-05T22:00:00,1316A,113.69031,34.76122,郑州市,烟厂,,,21,28,18,17,113,,98,98,15,17,5,5,,0.9
2023-05-05T22:00:00,1317A,113.65724,34.77134,郑州市,郑纺机,,26,20,29,3,10,108,82,96,96,13,15,5,5,0.7,0.8
2023-05-05T22:00:00,1318A,113.67526,34.80246,郑州市,银行学校,,26,14,25,6,15,107,83,96,96,6,7,5,5,0.7,0.8
2023-05-05T22:00:00,1319A,113.56746,34.81334,郑州市,供水公司,,45,45,29,8,15,84,72,78,78,14,7,6,6,0.6,0.8
2023-05-05T22:00:00,1320A,113.7329,34.7178,郑州市,经开区管委,,27,21,24,11,19,112,84,102,100,13,14,2,2,0.6,0.8
2023-05-05T22:00:00,1321A,113.73961,34.77172,郑州市,四十七中,,27,14,25,11,21,113,84,100,98,11,12,4,4,0.6,0.7
2023-05-05T22:00:00,1322A,113.60532,34.74838,郑州市,市监测站,,28,14,33,8,16,108,88,99,98,11,13,13,10,0.7,0.9
2023-05-05T22:00:00,1323A,113.64164,34.7525,郑州市,河医大,,24,20,33,8,17,96,76,86,86,17,18,5,5,0.6,0.8
2023-05-05T22:00:00,1324A,113.51488,34.91089,郑州市,岗李水库,,29,10,32,7,15,100,90,87,87,11,15,6,6,0.7,0.9
2023-05-05T22:00:00,1325A,114.3677,30.5584,武汉市,东湖梨园,,26,24,18,12,8,105,82,97,92,11,13,6,5,0.5,0.7
2023-05-05T22:00:00,1326A,114.2529,30.558,武汉市,汉阳月湖,,23,23,18,7,8,96,73,90,83,14,16,6,6,0.6,0.7
2023-05-05T22:00:00,1327A,114.282,30.6189,武汉市,汉口花桥,,25,24,19,15,13,103,77,96,88,9,10,6,6,0.5,0.6
2023-05-05T22:00:00,1328A,114.3025,30.5332,武汉市,武昌紫阳,,25,25,19,12,12,105,74,98,88,14,15,5,5,0.6,0.7
2023-05-05T22:00:00,1329A,114.3646,30.6217,武汉市,青山钢花,,25,24,18,17,17,109,80,99,86,17,20,6,5,0.6,0.8
2023-05-05T22:00:00,1330A,114.1566,30.4825,武汉市,沌口新区,,21,21,25,14,14,98,64,84,75,12,15,6,6,0.5,0.6
2023-05-05T22:00:00,1331A,114.3014,30.5944,武汉市,汉口江滩,,26,22,15,9,11,102,82,98,92,11,15,6,6,0.6,0.7
2023-05-05T22:00:00,1333A,114.135,30.6319,武汉市,吴家山,,31,31,33,12,6,90,69,85,79,13,13,5,5,0.6,0.7
2023-05-05T22:00:00,1334A,113.8454,30.2917,武汉市,沉湖七壕,,25,21,25,8,10,114,78,107,98,9,8,12,12,0.5,0.6
2023-05-05T22:00:00,1335A,113.0833,28.2325,长沙市,经开区环保局,,25,11,8,17,13,97,68,87,77,11,6,3,3,0.8,0.6
2023-05-05T22:00:00,1336A,112.8872,28.2189,长沙市,高开区环保局,,27,7,10,14,19,96,86,88,84,4,4,6,6,0.6,0.3
2023-05-05T22:00:00,1337A,113.0792,28.2053,长沙市,马坡岭,,28,21,16,19,14,87,63,75,66,14,11,3,3,0.5,0.4
2023-05-05T22:00:00,1338A,112.9394,28.19,长沙市,湖南师范大学,,29,18,22,15,19,95,92,88,88,5,6,4,3,0.8,0.7
2023-05-05T22:00:00,1339A,113.0178,28.1322,长沙市,雨花区环保局,,23,10,13,13,12,97,73,90,79,14,13,4,5,0.6,0.5
2023-05-05T22:00:00,1340A,112.9792,28.2597,长沙市,伍家岭,,35,12,21,24,15,84,79,76,74,6,8,3,3,0.5,0.4
2023-05-05T22:00:00,1341A,113.0014,28.1944,长沙市,火车新站,,25,9,12,17,15,91,76,81,74,11,11,5,5,0.7,0.6
2023-05-05T22:00:00,1342A,112.9844,28.1178,长沙市,天心区环保局,,24,24,24,10,16,88,75,80,73,7,7,1,1,0.6,0.5
2023-05-05T22:00:00,1343A,112.8908,28.1308,长沙市,湖南中医药大学,,30,9,15,14,13,101,95,92,89,8,10,2,2,0.9,0.8
2023-05-05T22:00:00,1344A,112.9581,28.3611,长沙市,沙坪,,50,24,20,35,23,99,80,85,82,4,5,3,3,0.5,0.4
2023-05-05T22:00:00,1345A,113.2347,23.1423,广州市,广雅中学,,30,30,30,14,14,96,33,74,62,23,21,3,3,0.7,0.6
2023-05-05T22:00:00,1346A,113.2612,23.105,广州市,市五中,,31,31,30,16,18,100,37,81,66,18,17,8,7,0.5,0.5
2023-05-05T22:00:00,1348A,113.3478,23.0916,广州市,广东商学院,,33,33,30,16,13,79,23,61,49,25,21,3,3,0.5,0.5
2023-05-05T22:00:00,1349A,113.4332,23.1047,广州市,市八十六中,,26,26,30,12,9,104,20,71,45,27,23,4,3,0.6,0.7
2023-05-05T22:00:00,1350A,113.3505,22.9483,广州市,番禺中学,,27,27,26,11,13,92,22,77,59,28,17,6,6,0.5,0.5
2023-05-05T22:00:00,1351A,113.2146,23.3916,广州市,花都师范,,45,45,36,19,16,111,17,82,65,38,24,6,6,0.4,0.3
2023-05-05T22:00:00,1352A,113.2597,23.1331,广州市,市监测站,,22,22,33,11,17,87,34,70,56,18,19,6,6,0.8,1
2023-05-05T22:00:00,1353A,113.5618,23.312,广州市,九龙镇镇龙,,28,28,38,10,15,94,29,76,61,20,27,5,6,0.4,0.4
2023-05-05T22:00:00,1354A,113.2765,23.1544,广州市,麓湖,,,32,28,13,13,104,20,77,62,,16,6,5,0.6,0.6
2023-05-05T22:00:00,1355A,113.443,23.3035,广州市,帽峰山森林公园,,28,28,27,12,12,91,25,74,62,28,21,4,4,0.3,0.3
2023-05-05T22:00:00,1356A,114.1063,22.5545,深圳市,通心岭子站,,12,12,17,7,7,55,33,51,44,13,9,3,3,0.4,0.4
2023-05-05T22:00:00,1357A,114.117,22.5625,深圳市,洪湖,,21,21,20,8,8,67,40,62,53,15,11,8,8,0.5,0.5
2023-05-05T22:00:00,1358A,113.987,22.5417,深圳市,华侨城,,19,19,20,8,9,57,43,54,51,13,17,6,6,0.5,0.4
2023-05-05T22:00:00,1359A,113.9181,22.5171,深圳市,南海子站,,24,24,24,10,8,54,42,49,46,13,13,4,4,0.5,0.5
2023-05-05T22:00:00,1360A,114.2458,22.5689,深圳市,盐田,,20,20,25,8,10,85,45,57,45,1,19,4,5,0.5,0.5
2023-05-05T22:00:00,1361A,114.2283,22.7244,深圳市,龙岗,,19,19,21,8,8,80,44,66,54,16,15,3,3,0.5,0.5
2023-05-05T22:00:00,1363A,114.494,22.5422,深圳市,南澳,,20,20,17,10,5,59,45,52,51,10,8,8,6,0.3,0.4
2023-05-05T22:00:00,1364A,114.41,22.6342,深圳市,葵涌,,18,18,31,10,8,62,57,52,52,3,7,5,5,0.4,0.5
2023-05-05T22:00:00,1365A,114.297,22.5978,深圳市,梅沙,,26,22,26,18,29,79,55,65,55,13,17,5,5,0.3,0.4
2023-05-05T22:00:00,1366A,114.0678,22.738,深圳市,观澜,,33,33,45,9,9,60,36,53,47,20,23,5,4,0.9,0.6
2023-05-05T22:00:00,1367A,113.5814,22.2618,珠海市,吉大,,18,18,20,7,10,61,44,56,51,6,5,6,6,0.4,0.4
2023-05-05T22:00:00,1368A,113.4881,22.2335,珠海市,前山,,15,14,17,10,4,56,44,52,49,7,7,3,3,0.3,0.3
2023-05-05T22:00:00,1369A,113.628,22.4251,珠海市,唐家,,19,19,23,10,11,68,43,58,53,9,10,4,5,0.2,0.2
2023-05-05T22:00:00,1370A,113.299,22.2281,珠海市,斗门,,14,14,18,8,8,57,42,52,48,4,7,5,5,0.4,0.4
2023-05-05T22:00:00,1371A,113.1294,23.0067,佛山市,湾梁,,29,29,30,11,12,98,42,84,70,10,12,10,10,0.5,0.5
2023-05-05T22:00:00,1372A,113.1083,23.0478,佛山市,华材职中,,22,22,24,12,12,95,42,83,70,14,14,7,8,0.4,0.4
2023-05-05T22:00:00,1373A,113.144,23.0453,佛山市,南海气象局,,18,16,32,12,13,79,28,64,52,20,19,5,5,0.5,0.5
2023-05-05T22:00:00,1374A,113.2881,22.8094,佛山市,顺德苏岗,,14,14,14,7,11,67,33,57,46,8,11,4,4,0.5,0.5
2023-05-05T22:00:00,1376A,112.8383,22.8678,佛山市,高明孔堂,,22,22,23,9,11,67,48,63,58,6,8,3,4,0.5,0.5
2023-05-05T22:00:00,1377A,112.8836,23.1588,佛山市,三水监测站,,22,22,25,13,14,79,36,65,53,18,21,5,6,0.5,0.5
2023-05-05T22:00:00,1378A,112.867,23.185,佛山市,三水云东海,,29,29,30,10,11,85,41,70,59,15,18,5,4,0.4,0.4
2023-05-05T22:00:00,1379A,113.3769,22.5211,中山市,华柏园,,16,11,19,7,10,68,50,62,58,7,8,4,5,0.5,0.5
2023-05-05T22:00:00,1380A,113.3881,22.5497,中山市,张溪,,15,11,22,5,10,68,47,65,57,3,5,2,2,0.4,0.4
2023-05-05T22:00:00,1381A,113.4075,22.5111,中山市,紫马岭,,15,14,20,8,9,70,45,65,57,6,5,4,4,0.2,0.2
2023-05-05T22:00:00,1382A,113.4411,22.4853,中山市,长江旅游区,,17,17,17,8,9,69,47,64,57,5,5,7,7,0.3,0.3
2023-05-05T22:00:00,1383A,113.1064,22.6058,江门市,北街,,20,20,24,7,8,63,41,60,53,10,9,6,5,0.5,0.4
2023-05-05T22:00:00,1384A,113.0731,22.5835,江门市,西区,,27,27,23,12,12,65,41,62,54,10,8,7,6,0.4,0.4
2023-05-05T22:00:00,1385A,113.0219,22.5311,江门市,圭峰西,,26,26,26,8,11,65,38,60,51,10,6,1,2,0.5,0.5
2023-05-05T22:00:00,1386A,113.0828,22.5947,江门市,东湖,,22,22,23,8,10,67,42,64,56,9,8,7,6,0.5,0.4
2023-05-05T22:00:00,1389A,113.7547,23.0494,东莞市,莞城梨川,,20,20,25,8,10,88,45,78,66,11,16,7,8,0.5,0.5
2023-05-05T22:00:00,1390A,113.7944,23.0128,东莞市,东城石井,,18,18,24,7,10,90,48,80,67,10,18,9,9,0.4,0.5
2023-05-05T22:00:00,1391A,113.7383,22.9658,东莞市,南城西平,,35,20,22,24,9,89,61,81,69,11,16,6,6,0.6,0.5
2023-05-05T22:00:00,1392A,114.4183,23.0528,惠州市,河南岸金山湖子站,,18,14,32,12,11,98,39,83,69,10,11,3,3,0.4,0.4
2023-05-05T22:00:00,1393A,114.4053,23.0822,惠州市,下埔横江三路子站,,15,14,27,9,11,108,46,93,78,9,10,4,4,0.4,0.5
2023-05-05T22:00:00,1394A,114.4103,23.1142,惠州市,江北云山西路子站,,31,31,28,11,12,121,43,100,88,7,7,6,6,0.4,0.4
2023-05-05T22:00:00,1395A,114.4645,22.7833,惠州市,惠阳区承修路船湖子站,,17,17,29,9,10,78,44,68,59,9,11,4,4,0.4,0.4
2023-05-05T22:00:00,1396A,114.5317,22.7422,惠州市,大亚湾管委会子站,,23,9,42,16,14,70,46,66,57,14,14,8,8,0.4,0.4
2023-05-05T22:00:00,1397A,112.4267,23.0706,肇庆市,睦岗子站,,27,27,23,10,10,68,39,64,58,15,11,13,10,0.4,0.3
2023-05-05T22:00:00,1398A,112.4645,23.0475,肇庆市,城中子站,,25,25,22,12,11,68,38,62,55,17,14,16,13,0.4,0.4
2023-05-05T22:00:00,1399A,112.5544,23.1522,肇庆市,坑口子站,,20,20,20,9,10,81,54,74,67,10,11,8,7,0.2,0.2
2023-05-05T22:00:00,1400A,112.4753,23.1,肇庆市,七星岩子站,,,,,,,,,74,,,,,,,
2023-05-05T22:00:00,1401A,108.3103,22.7881,南宁市,二十一中,,46,46,37,28,21,100,74,94,87,10,8,5,5,0.8,0.7
2023-05-05T22:00:00,1402A,108.3141,22.8528,南宁市,北湖,颗粒物(PM10),54,58,41,27,17,97,69,90,80,10,8,7,7,0.7,0.5
2023-05-05T22:00:00,1403A,108.3206,22.8225,南宁市,市监测站,,46,32,36,32,22,98,71,91,83,17,14,8,8,0.8,0.7
2023-05-05T22:00:00,1404A,108.3829,22.8037,南宁市,大自然花园,,41,41,38,23,20,81,66,75,72,11,9,5,5,0.8,0.7
2023-05-05T22:00:00,1405A,108.4394,22.7904,南宁市,仙葫,,47,47,35,25,16,83,74,82,80,14,11,5,5,0.6,0.5
2023-05-05T22:00:00,1406A,108.2397,22.8467,南宁市,区农职院,颗粒物(PM10),54,57,46,34,25,104,66,95,84,18,15,7,7,0.7,0.6
2023-05-05T22:00:00,1407A,108.3275,22.735,南宁市,英华嘉园,,49,36,44,34,22,82,67,76,74,13,14,6,6,0.7,0.6
2023-05-05T22:00:00,1408A,108.2257,22.7757,南宁市,沙井镇街道办,颗粒物(PM10),51,52,48,30,20,91,51,86,76,27,21,5,5,0.6,0.7
2023-05-05T22:00:00,1409A,110.576,19.9507,海口市,东寨港,,,17,18,14,10,35,18,30,23,,,6,7,0.5,0.5
2023-05-05T22:00:00,1410A,110.3232,20.0574,海口市,海南大学,,39,39,30,16,12,88,44,81,67,6,6,6,6,0.3,0.3
2023-05-05T22:00:00,1411A,110.283,20.0053,海口市,秀英海南医院,,33,33,29,21,14,84,32,75,50,18,14,4,4,0.5,0.3
2023-05-05T22:00:00,1412A,110.338,19.9969,海口市,海南师范大学,,30,30,28,17,13,79,35,71,57,8,7,4,4,0.3,0.3
2023-05-05T22:00:00,1413A,110.33,20.0356,海口市,龙华路环保局宿舍,,35,35,29,16,13,57,28,52,41,7,7,5,5,0.3,0.3
2023-05-05T22:00:00,1414A,106.3787,29.8279,重庆市,缙云山,,30,21,23,8,10,136,94,121,119,10,9,10,9,0.5,0.5
2023-05-05T22:00:00,1416A,106.4213,29.8253,重庆市,天生,,28,24,38,19,24,133,76,118,111,13,23,7,7,0.8,0.8
2023-05-05T22:00:00,1417A,106.6263,29.7228,重庆市,两路,,42,42,33,19,20,142,63,114,108,30,30,6,7,0.7,0.9
2023-05-05T22:00:00,1418A,106.2953,29.5983,重庆市,虎溪,,45,45,38,31,23,160,81,142,136,22,23,4,6,0.7,0.7
2023-05-05T22:00:00,1419A,106.5777,29.5102,重庆市,南坪,,48,42,35,33,24,157,62,123,120,25,29,8,7,0.6,0.6
2023-05-05T22:00:00,1420A,106.6556,29.6277,重庆市,唐家沱,,42,42,31,27,23,162,76,125,121,14,21,8,7,0.7,0.8
2023-05-05T22:00:00,1421A,106.6349,29.4906,重庆市,茶园,,40,40,37,25,20,162,71,125,122,24,28,6,5,0.8,0.8
2023-05-05T22:00:00,1422A,106.3754,29.4572,重庆市,白市驿,,43,43,38,20,22,138,71,120,116,24,21,10,9,0.9,0.8
2023-05-05T22:00:00,1425A,106.6205,29.7166,重庆市,空港,,43,43,36,25,20,159,72,127,123,21,19,6,8,0.6,0.7
2023-05-05T22:00:00,1426A,106.4782,29.4875,重庆市,新山村,颗粒物(PM10),55,59,43,34,21,141,59,108,107,31,34,8,7,0.7,0.6
2023-05-05T22:00:00,1427A,106.5616,29.6453,重庆市,礼嘉,,35,35,38,21,19,149,70,121,119,21,28,6,7,0.7,0.8
2023-05-05T22:00:00,1428A,106.4522,29.7091,重庆市,蔡家,,35,35,43,23,15,152,82,134,128,14,19,6,8,0.6,0.7
2023-05-05T22:00:00,1429A,106.5093,29.3917,重庆市,鱼新街,,49,49,33,25,17,168,82,138,138,21,20,7,6,1.0,0.9
2023-05-05T22:00:00,1431A,103.9728,30.7236,成都市,金泉两河,颗粒物(PM10),86,121,78,52,36,128,83,120,114,19,21,3,2,0.3,0.4
2023-05-05T22:00:00,1432A,104.176,30.6872,成都市,十里店,颗粒物(PM10),76,102,90,37,41,131,81,108,106,17,24,3,3,0.4,0.5
2023-05-05T22:00:00,1433A,104.079,30.5706,成都市,三瓦窑,颗粒物(PM10),69,88,84,39,40,119,80,95,95,25,31,4,2,0.4,0.4
2023-05-05T22:00:00,1434A,104.1114,30.63,成都市,沙河铺,颗粒物(PM10),81,112,81,54,36,129,78,100,99,20,22,3,2,0.5,0.5
2023-05-05T22:00:00,1437A,104.0786,30.6531,成都市,君平街,,,115,84,64,40,128,,117,112,29,30,1,3,0.4,0.5
2023-05-05T22:00:00,1438A,103.613,31.0283,成都市,灵岩寺,颗粒物(PM10),61,72,54,14,18,132,89,120,117,11,7,7,4,0.7,0.6
2023-05-05T22:00:00,1439A,106.6899,26.5998,贵阳市,马鞍山,,48,48,33,27,21,140,99,127,118,12,10,5,4,0.5,0.5
2023-05-05T22:00:00,1440A,106.6971,26.5694,贵阳市,市环保站,细颗粒物(PM2.5),57,53,41,40,31,144,102,125,119,14,17,5,4,0.3,0.3
2023-05-05T22:00:00,1441A,106.6243,26.6266,贵阳市,鉴湖路,颗粒物(PM10),53,56,42,27,23,145,95,130,121,11,8,4,4,0.2,0.2
2023-05-05T22:00:00,1442A,106.7487,26.6343,贵阳市,燕子冲,颗粒物(PM10),53,56,43,36,31,151,96,137,126,14,13,7,6,0.7,0.7
2023-05-05T22:00:00,1443A,106.6555,26.4365,贵阳市,碧云窝,颗粒物(PM10),53,56,44,29,20,130,98,122,118,6,8,5,5,0.4,0.4
2023-05-05T22:00:00,1444A,106.694,26.5161,贵阳市,中院村,颗粒物(PM10),51,51,45,27,23,132,84,116,108,17,16,6,7,0.4,0.5
2023-05-05T22:00:00,1445A,106.7109,26.6027,贵阳市,红边门,,,66,44,34,30,146,65,128,114,33,20,,5,0.8,0.5
2023-05-05T22:00:00,1446A,106.7164,26.5699,贵阳市,新华路,颗粒物(PM10),53,56,45,29,26,144,96,128,119,13,13,6,4,0.4,0.5
2023-05-05T22:00:00,1447A,106.674,26.5424,贵阳市,太慈桥,,46,46,41,27,20,140,98,126,120,11,9,6,5,0.5,0.4
2023-05-05T22:00:00,1450A,102.8204,24.8886,昆明市,呈贡新区,,28,24,21,11,13,120,88,114,103,13,8,6,7,0.6,0.5
2023-05-05T22:00:00,1451A,102.6251,24.9608,昆明市,西山森林公园,,35,17,19,0,12,126,109,120,115,12,13,5,10,0.6,0.8
2023-05-05T22:00:00,1452A,102.7252,25.0902,昆明市,龙泉镇,,29,20,20,13,10,110,90,107,101,13,9,6,8,0.3,0.3
2023-05-05T22:00:00,1453A,102.7266,25.0375,昆明市,东风东路,,27,22,24,4,15,104,84,97,88,12,10,9,7,0.6,0.6
2023-05-05T22:00:00,1454A,102.6742,25.0669,昆明市,金鼎山,,30,15,22,19,12,114,96,106,100,14,14,4,3,0.6,0.5
2023-05-05T22:00:00,1455A,102.6644,25.0401,昆明市,碧鸡广场,,29,24,21,19,12,113,90,106,99,16,11,9,6,0.6,0.4
2023-05-05T22:00:00,1456A,91.1319,29.6514,拉萨市,八廓街,,44,32,18,9,7,160,139,156,153,11,12,6,6,0.3,0.2
2023-05-05T22:00:00,1457A,91.1221,29.6747,拉萨市,市环保局,,36,29,15,13,6,168,115,164,156,37,10,6,5,0.6,0.4
2023-05-05T22:00:00,1458A,91.0874,29.6475,拉萨市,区监测站,,45,20,15,6,6,159,142,155,152,9,12,6,7,0.1,0.2
2023-05-05T22:00:00,1459A,91.1774,29.6541,拉萨市,西藏大学,,46,23,16,1,7,164,145,161,159,6,9,8,8,0.3,0.5
2023-05-05T22:00:00,1460A,90.9798,29.6588,拉萨市,区辐射站,,39,37,22,9,8,152,122,146,142,17,15,7,8,0.5,0.5
2023-05-05T22:00:00,1461A,91.0834,29.6292,拉萨市,拉萨火车站,,45,22,16,18,6,158,143,155,152,5,8,8,8,0.2,0.3
2023-05-05T22:00:00,1462A,108.882,34.2749,西安市,高压开关厂,颗粒物(PM10),58,66,99,30,35,96,53,78,61,24,26,7,8,0.3,0.3
2023-05-05T22:00:00,1463A,108.993,34.2629,西安市,兴庆小区,,39,39,90,24,37,83,37,69,52,20,18,5,5,0.5,0.8
2023-05-05T22:00:00,1464A,109.06,34.2572,西安市,纺织城,,49,49,102,32,42,96,28,82,54,34,24,4,5,0.4,0.4
2023-05-05T22:00:00,1465A,108.9356,34.2173,西安市,小寨,颗粒物(PM10),59,67,89,30,32,89,46,75,56,22,18,7,7,0.6,0.5
2023-05-05T22:00:00,1466A,108.954,34.2713,西安市,市人民体育场,,49,49,95,28,32,88,40,73,51,18,19,6,6,0.6,0.4
2023-05-05T22:00:00,1467A,108.8922,34.2322,西安市,高新西区,,50,50,92,28,36,98,50,81,62,24,18,6,7,0.6,0.4
2023-05-05T22:00:00,1468A,108.935,34.3474,西安市,经开区,颗粒物(PM10),52,53,94,32,36,81,50,70,56,20,23,2,3,0.3,0.3
2023-05-05T22:00:00,1469A,108.906,34.1546,西安市,长安区,,44,44,93,29,38,96,62,84,70,18,18,6,6,0.4,0.4
2023-05-05T22:00:00,1471A,109.2186,34.3731,西安市,临潼区,,43,43,98,21,44,91,75,80,74,13,18,6,7,0.6,0.5
2023-05-05T22:00:00,1472A,108.869,34.378,西安市,草滩,,47,47,86,22,34,83,23,70,45,43,30,3,9,2.6,2.5
2023-05-05T22:00:00,1473A,108.985,34.1978,西安市,曲江文化产业集团,颗粒物(PM10),53,55,100,29,36,100,50,86,66,33,21,4,5,0.5,0.3
2023-05-05T22:00:00,1474A,109.051,34.3213,西安市,广运潭,,47,47,96,29,36,78,39,71,51,28,26,5,6,0.5,0.4
2023-05-05T22:00:00,1476A,103.631,36.1031,兰州市,兰炼宾馆,细颗粒物(PM2.5),65,61,72,47,42,109,82,104,96,24,18,6,7,0.4,0.4
2023-05-05T22:00:00,1477A,104.1373,35.9454,兰州市,榆中兰大校区,,,,,,,,,,,,,,,,
2023-05-05T22:00:00,1478A,103.8412,36.0726,兰州市,生物制品所,颗粒物(PM10),59,68,70,30,36,107,73,101,91,35,20,5,9,0.5,0.5
2023-05-05T22:00:00,1479A,103.831,36.0464,兰州市,铁路设计院,细颗粒物(PM2.5),55,51,64,39,37,115,69,104,95,39,24,3,6,0.5,0.5
2023-05-05T22:00:00,1483A,101.524,36.6867,西宁市,第五水厂,,,,,,,,,,,,,,,,
2023-05-05T22:00:00,1484A,105.9512,38.6016,银川市,贺兰山马莲口,,37,37,72,19,34,124,94,110,109,10,13,12,16,0.5,0.7
2023-05-05T22:00:00,1488A,106.2328,38.4975,银川市,贺兰山东路,,50,50,124,24,61,113,94,98,98,14,26,4,10,0.2,0.6
2023-05-05T22:00:00,1489A,106.1358,38.5036,银川市,学院路,,34,34,128,18,58,110,69,96,93,26,29,8,12,0.3,0.7
2023-05-05T22:00:00,1490A,87.5801,43.8303,乌鲁木齐市,监测站,,28,28,32,6,9,93,80,89,88,20,24,4,4,0.3,0.5
2023-05-05T22:00:00,1491A,87.6046,43.768,乌鲁木齐市,收费所,,32,32,45,14,14,87,71,82,81,20,22,4,4,0.3,0.4
2023-05-05T22:00:00,1492A,87.4754,43.9469,乌鲁木齐市,新疆农科院农场,细颗粒物(PM2.5),69,36,58,50,52,90,80,86,86,15,33,5,5,0.4,0.5
2023-05-05T22:00:00,1493A,87.5525,43.8711,乌鲁木齐市,铁路局,,28,28,32,12,14,95,79,90,89,17,25,4,4,0.3,0.4
2023-05-05T22:00:00,1494A,87.6432,43.831,乌鲁木齐市,三十一中学,颗粒物(PM10),53,56,30,6,11,100,84,94,94,17,20,8,8,0.3,0.3
2023-05-05T22:00:00,1496A,87.7216,44.1747,乌鲁木齐市,米东区环保局,,30,28,44,10,15,106,96,102,102,4,16,8,9,0.2,0.2
2023-05-05T22:00:00,1508A,112.9433,27.8614,湘潭市,板塘,,21,12,23,6,14,81,65,73,60,17,19,4,4,0.2,0.1
2023-05-05T22:00:00,1511A,112.9118,27.8403,湘潭市,市监测站,,24,7,20,8,15,87,76,82,71,13,16,6,6,0.5,0.1
2023-05-05T22:00:00,1512A,112.8937,27.8728,湘潭市,江麓,,26,10,25,7,17,93,81,87,72,4,6,5,5,0.5,0.2
2023-05-05T22:00:00,1513A,112.9227,27.8159,湘潭市,岳塘,,21,8,26,10,19,92,65,84,66,11,11,8,7,0.6,0.4
2023-05-05T22:00:00,1514A,112.9074,27.9119,湘潭市,科大,,25,8,21,6,15,89,80,83,68,11,12,4,4,0.4,0.2
2023-05-05T22:00:00,1515A,113.135,27.8244,株洲市,天台山庄,,,,22,,19,114,,90,83,,9,,6,,0.5
2023-05-05T22:00:00,1518A,113.095,27.8867,株洲市,株冶医院,,20,12,27,14,16,110,57,86,75,22,16,4,4,0.7,0.4
2023-05-05T22:00:00,1519A,113.167,27.8667,株洲市,市四中,,19,7,15,8,16,110,59,84,71,9,9,8,8,0.8,0.6
2023-05-05T22:00:00,1520A,113.143,27.8381,株洲市,火车站,,20,12,23,11,17,115,62,92,80,16,13,6,6,0.7,0.5
2023-05-05T22:00:00,1524A,113.13,27.8528,株洲市,市监测站,,20,9,21,9,20,118,61,95,81,14,12,1,2,0.7,0.6
2023-05-05T22:00:00,1552A,106.805,26.3003,贵阳市,桐木岭,颗粒物(PM10),53,55,51,34,30,119,91,110,105,2,2,1,2,0.3,0.2
2023-05-05T22:00:00,1559A,113.251,27.8336,株洲市,大京风景区,,16,14,19,6,12,102,51,86,73,13,7,5,4,0.6,0.5
2023-05-05T22:00:00,1562A,113.0048,27.9153,湘潭市,昭山,,23,12,25,12,15,95,73,82,69,10,12,2,2,0.8,0.7
2023-05-05T22:00:00,1564A,112.4876,27.9164,湘潭市,韶山,,20,8,17,6,8,66,63,55,47,12,14,4,4,1.0,0.8
2023-05-05T22:00:00,1585A,109.8756,40.6532,包头市,市环境监测站,,28,28,19,9,10,103,81,100,86,12,8,9,9,0.4,0.4
2023-05-05T22:00:00,1587A,109.9991,40.5842,包头市,包头八中,,38,38,21,17,8,127,62,121,88,24,13,13,10,0.7,0.5
2023-05-05T22:00:00,1588A,109.8538,40.6821,包头市,青山宾馆,,25,23,16,11,7,97,79,93,82,12,9,7,7,0.4,0.5
2023-05-05T22:00:00,1589A,109.8642,40.6288,包头市,惠龙物流,,28,28,18,14,10,102,82,99,85,13,11,7,7,0.4,0.5
2023-05-05T22:00:00,1590A,110.0377,40.5546,包头市,东河鸿龙湾,,46,46,22,14,9,104,60,100,85,18,10,5,5,0.6,0.5
2023-05-05T22:00:00,1591A,110.0023,39.8129,鄂尔多斯市,综合楼,,39,39,30,7,12,114,61,107,94,26,16,6,10,0.5,0.7
2023-05-05T22:00:00,1592A,109.9486,39.8261,鄂尔多斯市,巴音孟克林场办事处,,34,34,31,9,15,118,79,109,100,13,14,17,9,0.6,0.7
2023-05-05T22:00:00,1593A,109.7736,39.5986,鄂尔多斯市,康泽苑,,34,34,35,14,17,110,73,106,98,16,11,8,9,0.4,0.6
2023-05-05T22:00:00,1594A,109.8119,39.5989,鄂尔多斯市,华泰汽车城,,34,34,33,17,18,110,69,106,98,18,10,7,8,0.4,0.5
2023-05-05T22:00:00,1595A,109.9734,39.7884,鄂尔多斯市,奥林花园,,39,39,34,12,15,120,69,110,101,19,13,6,7,0.6,0.7
2023-05-05T22:00:00,1597A,122.2703,40.7094,营口市,大庆路,颗粒物(PM10),61,72,39,4,22,114,79,101,98,19,17,4,5,0.4,0.6
2023-05-05T22:00:00,1598A,122.2150,40.6511,营口市,镜湖西路,颗粒物(PM10),63,75,42,7,18,101,72,90,88,15,16,6,7,0.2,0.5
2023-05-05T22:00:00,1599A,122.1658,40.6789,营口市,西炮台,颗粒物(PM10),69,87,41,17,19,112,81,101,98,18,17,9,8,0.3,0.5
2023-05-05T22:00:00,1600A,124.3303,40.0625,丹东市,江湾东路,,40,28,21,28,15,94,83,91,90,4,7,6,7,0.4,0.6
2023-05-05T22:00:00,1601A,124.4256,40.1503,丹东市,临江后街,,28,22,16,19,11,90,77,84,83,5,7,11,11,0.5,0.6
2023-05-05T22:00:00,1602A,124.3933,40.1461,丹东市,元宝山,颗粒物(PM10),52,53,34,34,16,84,71,79,78,5,6,7,8,0.7,0.6
2023-05-05T22:00:00,1603A,124.3633,40.1092,丹东市,民主桥,,26,24,19,18,14,85,79,80,80,6,16,4,5,0.6,0.7
2023-05-05T22:00:00,1604A,122.0303,41.1489,盘锦市,开发区,颗粒物(PM10),89,128,84,13,21,102,88,97,94,9,12,5,5,0.6,0.8
2023-05-05T22:00:00,1605A,122.0485,41.0883,盘锦市,兴隆台,颗粒物(PM10),94,137,67,9,18,102,87,93,91,14,17,6,6,0.4,0.7
2023-05-05T22:00:00,1606A,121.8297,41.1028,盘锦市,新生街道,颗粒物(PM10),89,127,99,14,18,98,82,94,89,16,16,5,5,0.5,0.6
2023-05-05T22:00:00,1607A,120.9092,40.7136,葫芦岛市,龙港区,颗粒物(PM10),64,77,50,13,17,106,79,99,94,24,17,25,19,0.3,0.4
2023-05-05T22:00:00,1608A,120.8392,40.7514,葫芦岛市,化工街,颗粒物(PM10),75,100,44,9,11,106,92,98,96,6,5,10,8,0.3,0.4
2023-05-05T22:00:00,1609A,120.8341,40.7073,葫芦岛市,新区,颗粒物(PM10),64,78,41,10,13,109,96,101,98,11,11,14,12,0.3,0.5
2023-05-05T22:00:00,1610A,120.8695,40.7677,葫芦岛市,东城区,颗粒物(PM10),61,72,29,7,9,111,95,101,99,9,7,14,11,0.3,0.5
2023-05-05T22:00:00,1611A,118.5819,24.9117,泉州市,涂山街,,23,23,22,16,9,77,44,66,55,21,11,7,6,0.5,0.5
2023-05-05T22:00:00,1612A,118.5972,24.8978,泉州市,津头埔,,27,27,23,18,13,73,40,63,52,24,14,7,8,0.5,0.4
2023-05-05T22:00:00,1613A,118.6663,24.9424,泉州市,万安,,27,27,23,7,12,81,50,70,58,10,4,7,7,0.5,0.5
2023-05-05T22:00:00,1614A,118.6117,24.9604,泉州市,清源山,,,19,13,6,7,,,,,13,7,3,3,,
2023-05-05T22:00:00,1616A,117.6795,36.229,济南市,技术学院,颗粒物(PM10),56,61,19,10,7,95,88,86,86,25,18,9,7,0.4,0.5
2023-05-05T22:00:00,1618A,118.3429,35.0532,临沂市,沂河小区,颗粒物(PM10),51,51,34,28,20,86,86,74,74,9,14,6,7,0.2,0.4
2023-05-05T22:00:00,1619A,118.295,35.0583,临沂市,鲁南制药厂,,44,44,30,14,18,93,93,80,80,15,26,8,9,0.2,0.5
2023-05-05T22:00:00,1620A,118.2794,34.9976,临沂市,新光毛纺厂,,48,48,30,12,17,82,82,69,69,13,23,4,5,0.3,0.6
2023-05-05T22:00:00,1621A,118.3956,35.0888,临沂市,河东保险公司,,48,48,34,14,19,96,96,80,80,14,23,8,8,0.4,0.6
2023-05-05T22:00:00,1622A,116.3032,37.4674,德州市,儿童乐园,,48,48,18,29,15,95,24,82,74,54,13,3,4,0.5,0.5
2023-05-05T22:00:00,1624A,116.2991,37.4451,德州市,监理站,颗粒物(PM10),57,63,25,27,12,106,53,92,86,42,16,8,9,0.6,0.6
2023-05-05T22:00:00,1625A,115.9848,36.4372,聊城市,区政府,,42,42,19,22,14,88,78,80,79,23,13,6,5,0.6,0.7
2023-05-05T22:00:00,1628A,118.0062,37.3803,滨州市,市环保局,颗粒物(PM10),51,51,25,23,15,98,77,87,86,18,9,5,4,0.4,0.4
2023-05-05T22:00:00,1629A,118.0018,37.3617,滨州市,第二水厂,,46,46,24,18,13,97,80,88,87,26,14,3,2,0.4,0.4
2023-05-05T22:00:00,1630A,117.9776,37.393,滨州市,北中新校,,50,50,28,23,15,89,60,82,79,28,11,4,4,0.3,0.3
2023-05-05T22:00:00,1631A,118.0414,36.8103,淄博市,人民公园,,36,36,25,18,29,88,36,75,70,36,10,7,8,0.5,0.3
2023-05-05T22:00:00,1633A,117.8525,36.4847,淄博市,双山,,39,39,16,13,9,86,67,77,77,32,18,8,7,0.2,0.3
2023-05-05T22:00:00,1634A,117.9592,36.6331,淄博市,气象站,,47,47,26,17,16,83,53,74,70,32,17,8,7,0.5,0.4
2023-05-05T22:00:00,1635A,118.3092,36.8194,淄博市,莆田园,颗粒物(PM10),51,51,25,22,17,92,37,80,71,42,13,12,8,0.3,0.2
2023-05-05T22:00:00,1637A,117.558,34.8438,枣庄市,市中区政府,,24,19,32,12,21,82,76,74,74,17,18,7,7,0.4,0.5
2023-05-05T22:00:00,1638A,117.2852,34.7837,枣庄市,薛城环保局,,27,27,33,7,23,76,73,71,71,19,19,8,8,0.4,0.5
2023-05-05T22:00:00,1639A,117.5852,34.7745,枣庄市,峄城区政府,,27,27,40,5,20,73,68,64,64,16,18,11,10,0.4,0.5
2023-05-05T22:00:00,1640A,117.7276,34.5578,枣庄市,台儿庄区环保局,,26,22,31,12,24,82,82,56,56,17,19,8,9,0.6,0.8
2023-05-05T22:00:00,1641A,117.4518,35.0992,枣庄市,山亭区环保局,,28,27,23,15,17,90,87,80,80,15,17,6,6,0.2,0.3
2023-05-05T22:00:00,1642A,121.2514,37.5639,烟台市,开发区,颗粒物(PM10),64,78,23,17,13,102,94,90,90,15,17,4,7,0.4,0.5
2023-05-05T22:00:00,1643A,121.3719,37.5433,烟台市,轴承厂,颗粒物(PM10),54,58,22,37,21,90,90,79,79,16,15,7,7,0.5,0.5
2023-05-05T22:00:00,1644A,121.3181,37.5436,烟台市,西郊化工站,颗粒物(PM10),57,63,21,12,12,105,101,93,93,12,15,5,4,0.3,0.4
2023-05-05T22:00:00,1645A,121.4478,37.4822,烟台市,莱山环保局,,,,13,,12,103,103,90,90,10,8,12,9,0.4,0.4
2023-05-05T22:00:00,1646A,121.2611,37.4967,烟台市,福山环保局,颗粒物(PM10),60,70,23,19,11,100,94,90,90,18,18,9,9,0.1,0.1
2023-05-05T22:00:00,1650A,119.1437,36.7023,潍坊市,环保局,颗粒物(PM10),74,97,38,19,17,110,105,102,102,13,15,8,7,0.5,0.6
2023-05-05T22:00:00,1653A,116.6251,35.4302,济宁市,火炬城,,38,38,29,12,13,88,85,78,77,15,10,10,10,0.6,0.7
2023-05-05T22:00:00,1655A,116.5491,35.4042,济宁市,电化厂,颗粒物(PM10),52,54,36,22,14,87,85,75,74,7,9,6,7,0.5,0.6
2023-05-05T22:00:00,1656A,117.1437,36.1937,泰安市,监测站,颗粒物(PM10),78,105,25,7,11,113,113,97,97,6,11,5,4,0.4,0.4
2023-05-05T22:00:00,1657A,117.0885,36.2017,泰安市,人口学校,颗粒物(PM10),91,132,31,14,8,108,107,92,92,1,8,6,4,0.3,0.3
2023-05-05T22:00:00,1658A,117.1089,36.1758,泰安市,电力学校,颗粒物(PM10),71,92,21,9,8,117,117,100,100,7,10,8,7,0.2,0.3
2023-05-05T22:00:00,1659A,119.471,35.4209,日照市,监测站,,36,36,22,15,16,84,84,69,69,16,23,3,3,0.2,0.4
2023-05-05T22:00:00,1660A,119.523,35.4216,日照市,市政府广场,,48,48,26,17,16,92,92,78,78,9,15,4,4,0.3,0.4
2023-05-05T22:00:00,1661A,119.5587,35.4044,日照市,港务局,颗粒物(PM10),52,53,25,19,14,95,95,82,82,14,20,5,6,0.3,0.4
2023-05-05T22:00:00,1662A,122.1214,37.4236,威海市,华夏技校,,29,27,4,20,8,88,86,83,83,11,11,4,3,0.5,0.4
2023-05-05T22:00:00,1663A,122.0508,37.5236,威海市,山大分校,细颗粒物(PM2.5),53,54,12,37,11,84,71,71,66,21,14,2,2,0.6,0.4
2023-05-05T22:00:00,1664A,122.1067,37.5072,威海市,市监测站,,49,44,11,34,9,87,87,75,75,13,16,5,4,0.6,0.5
2023-05-05T22:00:00,1666A,118.6614,37.4309,东营市,市环保局,,48,48,23,7,10,106,101,101,101,11,10,8,7,0.6,0.7
2023-05-05T22:00:00,1669A,113.5824,24.7733,韶关市,市八中,,50,50,35,22,16,78,26,72,52,30,19,12,11,0.7,0.5
2023-05-05T22:00:00,1671A,113.5917,24.7972,韶关市,园林处,,38,38,33,18,16,74,46,72,63,17,13,10,8,0.8,0.6
2023-05-05T22:00:00,1672A,113.6735,24.7791,韶关市,韶关学院,,40,36,35,28,22,78,24,66,53,22,16,9,11,0.6,0.5
2023-05-05T22:00:00,1673A,113.5971,24.6863,韶关市,曲江监测站,颗粒物(PM10),54,58,38,31,18,94,36,75,60,28,15,31,11,0.9,0.5
2023-05-05T22:00:00,1674A,116.6794,23.3667,汕头市,金平子站,,21,21,23,10,12,66,43,57,53,21,14,9,7,0.7,0.7
2023-05-05T22:00:00,1675A,116.7244,23.3633,汕头市,龙湖子站,,21,21,22,8,11,70,56,68,66,11,9,3,3,0.4,0.5
2023-05-05T22:00:00,1676A,116.7258,23.2775,汕头市,濠江子站,,18,16,22,12,10,78,49,66,65,13,10,7,7,0.5,0.5
2023-05-05T22:00:00,1677A,116.7519,23.4714,汕头市,澄海子站,,25,25,29,8,13,86,43,74,61,26,14,13,6,0.7,0.5
2023-05-05T22:00:00,1678A,116.6092,23.2539,汕头市,潮阳子站,,19,15,23,6,13,75,60,68,67,9,7,9,9,0.4,0.4
2023-05-05T22:00:00,1680A,110.3539,21.2706,湛江市,湛江影剧院,,38,38,33,14,13,100,36,82,61,13,8,6,6,0.4,0.4
2023-05-05T22:00:00,1681A,110.3928,21.2228,湛江市,市环境监测站,,37,37,29,16,13,89,33,72,54,12,8,7,7,0.5,0.4
2023-05-05T22:00:00,1682A,110.4019,21.1997,湛江市,环保局宿舍,,34,34,28,16,13,94,31,75,59,18,9,8,5,0.6,0.4
2023-05-05T22:00:00,1683A,110.4111,21.2028,湛江市,霞山游泳场,,41,41,30,17,18,89,39,72,58,10,9,6,6,0.4,0.4
2023-05-05T22:00:00,1684A,110.3316,21.2679,湛江市,麻章区环保局,,40,40,35,15,14,121,31,94,69,17,11,6,6,0.6,0.5
2023-05-05T22:00:00,1685A,110.4558,21.2567,湛江市,坡头区环保局,,25,25,25,12,12,81,40,72,59,7,6,6,7,0.4,0.5
2023-05-05T22:00:00,1686A,111.0286,21.4688,茂名市,电白南海,,31,31,25,12,13,55,46,52,48,5,4,4,5,0.4,0.4
2023-05-05T22:00:00,1687A,110.9294,21.6533,茂名市,茂石化七小,,24,24,26,13,11,57,47,54,52,6,6,4,4,0.4,0.5
2023-05-05T22:00:00,1688A,110.9107,21.6687,茂名市,健康路,,17,17,20,6,7,61,49,58,54,4,5,5,5,0.5,0.5
2023-05-05T22:00:00,1689A,110.8592,21.6828,茂名市,高岭,,29,29,30,17,15,66,48,59,55,7,6,3,4,0.5,0.5
2023-05-05T22:00:00,1690A,116.1231,24.3284,梅州市,梅江月梅,,37,37,24,16,13,83,66,74,73,14,11,8,6,0.5,0.4
2023-05-05T22:00:00,1691A,116.0797,24.2719,梅州市,梅县新城,,30,30,25,17,14,74,43,68,62,23,13,7,6,0.4,0.4
2023-05-05T22:00:00,1692A,116.1248,24.2654,梅州市,环境监控中心,,36,36,27,17,15,76,55,67,58,20,19,4,3,0.5,0.4
2023-05-05T22:00:00,1693A,115.3653,22.775,汕尾市,市环保局,,18,18,19,6,8,68,45,54,52,7,4,8,8,0.5,0.5
2023-05-05T22:00:00,1694A,115.3706,22.7898,汕尾市,市政府,,16,13,18,8,9,72,49,55,54,9,6,5,4,0.7,0.7
2023-05-05T22:00:00,1695A,115.3622,22.7925,汕尾市,新城中学,,,22,21,7,10,72,,55,54,6,4,6,6,0.6,0.7
2023-05-05T22:00:00,1696A,114.6778,23.7569,河源市,源西,,29,28,23,20,14,116,57,98,93,13,9,4,4,0.7,0.6
2023-05-05T22:00:00,1697A,114.6944,23.7586,河源市,东埔,,26,26,26,13,12,123,58,103,98,13,9,5,5,0.4,0.4
2023-05-05T22:00:00,1698A,114.6892,23.7233,河源市,老城,,35,35,37,12,12,121,55,105,99,16,9,4,4,0.6,0.6
2023-05-05T22:00:00,1699A,111.9797,21.8593,阳江市,鸳鸯湖,,18,18,20,8,9,57,51,55,54,1,2,6,6,0.6,0.6
2023-05-05T22:00:00,1701A,111.9491,21.8658,阳江市,马南垌,,23,23,21,9,11,56,49,54,52,3,4,5,5,0.5,0.4
2023-05-05T22:00:00,1702A,113.0426,23.691,清远市,环保大楼,,38,38,35,20,19,116,25,84,75,29,18,6,6,0.6,0.6
2023-05-05T22:00:00,1703A,113.0208,23.7106,清远市,凤城街办,,46,46,40,17,16,116,26,83,77,26,15,5,5,0.5,0.5
2023-05-05T22:00:00,1705A,116.6367,23.6719,潮州市,西园路,,31,31,33,16,14,78,34,62,54,16,11,5,4,0.5,0.4
2023-05-05T22:00:00,1706A,116.6447,23.6706,潮州市,档案局,,29,26,33,20,10,114,46,94,72,12,6,10,6,0.5,0.4
2023-05-05T22:00:00,1708A,116.3701,23.5345,揭阳市,新兴,,27,27,37,14,14,95,45,86,67,9,9,6,7,0.5,0.5
2023-05-05T22:00:00,1709A,116.3264,23.5443,揭阳市,西马,,36,36,38,7,13,92,47,76,65,9,10,5,5,0.5,0.5
2023-05-05T22:00:00,1710A,116.3611,23.5626,揭阳市,东兴,,33,33,37,14,11,95,48,86,70,5,5,3,4,0.5,0.6
2023-05-05T22:00:00,1711A,116.4151,23.5294,揭阳市,渔湖,,15,1,44,0,22,104,48,92,71,6,7,5,6,0.4,0.5
2023-05-05T22:00:00,1712A,112.0392,22.9169,云浮市,新市府,,25,25,19,12,11,76,51,68,67,4,3,2,2,0.6,0.5
2023-05-05T22:00:00,1714A,112.0539,22.9539,云浮市,牧羊,,32,32,28,14,13,72,43,62,61,20,13,12,8,0.4,0.4
2023-05-05T22:00:00,1715A,102.575,24.3711,玉溪市,东风水库,,34,34,29,11,13,100,92,97,97,7,11,6,7,0.4,0.5
2023-05-05T22:00:00,1718A,115.4208,35.2464,菏泽市,气象局,,22,22,21,9,11,99,70,83,80,14,11,3,4,0.4,0.4
2023-05-05T22:00:00,1719A,115.4747,35.2375,菏泽市,市政协,,,,,,,,,,,,,,,,
2023-05-05T22:00:00,1721A,113.3819,40.1097,大同市,果树场,,25,11,19,17,22,123,62,68,62,9,9,17,11,0.4,0.4
2023-05-05T22:00:00,1723A,113.2994,40.0758,大同市,云冈宾馆,,,17,24,13,11,98,65,76,68,,10,7,6,0,0.4
2023-05-05T22:00:00,1724A,113.3444,40.0917,大同市,大同大学,,21,20,27,12,12,102,66,68,64,13,13,10,10,0.5,0.7
2023-05-05T22:00:00,1725A,113.2661,40.1269,大同市,安家小村,,24,14,18,10,10,99,75,80,74,9,8,6,6,0.3,0.4
2023-05-05T22:00:00,1726A,113.2711,40.0844,大同市,教育学院,,23,10,22,5,14,91,71,74,67,10,10,6,7,0.4,0.5
2023-05-05T22:00:00,1727A,113.1147,36.1547,长治市,清华站,,27,19,26,9,19,118,86,96,88,10,19,9,8,0.7,0.8
2023-05-05T22:00:00,1728A,113.1031,36.1989,长治市,监测站,,28,28,29,12,20,111,81,94,87,8,16,7,7,0.7,0.8
2023-05-05T22:00:00,1730A,113.0886,36.2125,长治市,审计局,,27,16,24,14,24,117,85,95,88,7,17,9,10,0.6,0.7
2023-05-05T22:00:00,1731A,113.0844,36.1856,长治市,长治八中,,28,21,26,18,18,121,87,102,92,4,13,7,6,0.6,0.7
2023-05-05T22:00:00,1733A,111.5531,36.0783,临汾市,临钢医院,细颗粒物(PM2.5),87,88,134,64,80,102,56,91,84,28,26,2,5,1.2,1.4
2023-05-05T22:00:00,1734A,111.5028,36.0714,临汾市,技工学校,细颗粒物(PM2.5),67,73,104,48,56,102,77,92,87,15,22,5,7,1.2,1
2023-05-05T22:00:00,1736A,111.5018,36.0855,临汾市,市委,颗粒物(PM10),71,92,120,50,66,103,75,94,85,17,20,2,6,1.4,1
2023-05-05T22:00:00,1738A,113.5758,37.8572,阳泉市,市中心,,28,19,35,9,25,88,88,79,79,18,21,8,9,0.7,0.9
2023-05-05T22:00:00,1739A,113.4894,37.8731,阳泉市,赛鱼,,28,24,47,10,24,88,88,76,76,18,23,7,7,0.5,0.7
2023-05-05T22:00:00,1740A,113.5819,37.8486,阳泉市,南庄,,32,12,40,22,30,93,93,83,83,11,18,8,11,0.7,0.9
2023-05-05T22:00:00,1742A,113.5614,37.8703,阳泉市,平坦,,29,14,36,10,28,90,90,81,76,15,23,7,10,0.5,0.7
2023-05-05T22:00:00,1743A,113.5158,37.8392,阳泉市,大阳泉,,30,16,28,16,22,103,94,84,84,14,16,7,8,0.6,0.7
2023-05-05T22:00:00,1744A,118.9233,42.2816,赤峰市,松山一中,,23,17,49,7,9,91,72,88,81,20,18,10,10,0.4,0.4
2023-05-05T22:00:00,1745A,118.9576,42.2728,赤峰市,哈达街,,22,15,49,11,10,92,70,87,79,19,16,13,13,0.4,0.4
2023-05-05T22:00:00,1746A,118.8788,42.2554,赤峰市,天义路,,23,23,47,9,11,98,46,93,79,43,19,12,12,0.4,0.4
2023-05-05T22:00:00,1748A,123.044,41.1196,鞍山市,深沟寺,,31,31,40,8,27,101,77,87,86,14,16,8,9,0.4,0.6
2023-05-05T22:00:00,1749A,123.011,41.0931,鞍山市,太阳城,,27,23,41,7,30,104,84,93,93,18,18,7,9,0.4,0.7
2023-05-05T22:00:00,1750A,123.0485,41.1442,鞍山市,太平,,34,34,53,7,33,101,79,88,88,16,21,10,13,0.4,0.6
2023-05-05T22:00:00,1751A,122.9642,41.0971,鞍山市,铁西三道街,颗粒物(PM10),59,68,61,23,41,105,27,71,60,69,41,65,28,3.0,2.2
2023-05-05T22:00:00,1752A,122.9341,41.0833,鞍山市,铁西工业园区,,45,45,61,11,37,100,52,83,79,52,41,33,18,1.9,1.9
2023-05-05T22:00:00,1753A,123.022,41.0821,鞍山市,明达新区,,34,34,37,8,29,106,79,91,91,19,18,6,8,0.3,0.5
2023-05-05T22:00:00,1754A,123.1289,41.0228,鞍山市,千山,,,,31,,26,53,,51,,,17,,12,,0.7
2023-05-05T22:00:00,1755A,123.7977,41.8491,抚顺市,望花区,,39,39,47,13,23,126,98,116,115,14,19,5,8,0.3,0.4
2023-05-05T22:00:00,1756A,123.9161,41.8822,抚顺市,顺城区,,33,29,45,6,24,118,105,110,110,7,19,4,8,0.3,0.4
2023-05-05T22:00:00,1757A,124.0436,41.8611,抚顺市,东洲区,,33,33,43,7,23,124,103,114,113,10,12,8,8,0.2,0.4
2023-05-05T22:00:00,1758A,123.9247,41.8642,抚顺市,新抚区,,34,34,45,10,28,122,108,113,113,10,16,6,10,0.2,0.4
2023-05-05T22:00:00,1759A,124.0972,41.8961,抚顺市,大伙房水库,,37,23,36,7,24,142,117,129,129,8,10,6,8,0.3,0.5
2023-05-05T22:00:00,1760A,123.7086,41.8391,抚顺市,沈抚新城,,40,40,44,9,25,129,94,121,113,15,19,7,8,0.3,0.5
2023-05-05T22:00:00,1761A,123.8275,41.3064,本溪市,大峪,,23,17,38,7,24,78,71,71,71,11,19,3,5,0.5,0.8
2023-05-05T22:00:00,1762A,123.7567,41.3325,本溪市,溪湖,,29,26,43,6,22,93,91,90,90,8,14,7,13,0.3,0.7
2023-05-05T22:00:00,1763A,123.7169,41.3094,本溪市,彩屯,,25,14,56,6,23,92,80,85,85,19,21,10,13,0.4,0.7
2023-05-05T22:00:00,1764A,123.7669,41.2864,本溪市,东明,,35,35,37,12,23,88,70,81,77,23,29,6,8,0.5,0.7
2023-05-05T22:00:00,1765A,123.7992,41.2664,本溪市,新立屯,,33,33,39,8,28,90,82,81,80,13,19,6,7,0.4,0.6
2023-05-05T22:00:00,1766A,123.8142,41.3472,本溪市,威宁,,29,20,41,7,27,92,90,84,77,10,23,5,7,0.6,0.9
2023-05-05T22:00:00,1767A,121.1115,41.0879,锦州市,南山,颗粒物(PM10),72,94,49,13,17,107,92,99,96,12,11,11,6,0.7,0.7
2023-05-05T22:00:00,1768A,121.0533,40.8434,锦州市,开发区,颗粒物(PM10),66,82,52,9,14,109,93,104,95,8,9,9,9,0.4,0.5
2023-05-05T22:00:00,1769A,121.1836,41.1119,锦州市,百股街道,颗粒物(PM10),69,88,51,12,15,109,87,102,97,14,11,9,5,0.7,0.7
2023-05-05T22:00:00,1770A,121.1178,41.1222,锦州市,天安街道,颗粒物(PM10),73,96,50,10,14,114,100,106,105,11,9,14,10,0.6,0.6
2023-05-05T22:00:00,1771A,121.1303,41.1386,锦州市,北湖公园,颗粒物(PM10),66,81,44,13,17,110,95,102,100,11,10,9,5,0.4,0.4
2023-05-05T22:00:00,1772A,126.54,43.8622,吉林市,哈达湾,,27,25,30,8,12,103,84,98,94,13,15,4,8,0.4,0.6
2023-05-05T22:00:00,1773A,126.5844,43.8358,吉林市,东局子,,27,20,24,8,11,104,84,99,95,12,12,5,6,0.5,0.5
2023-05-05T22:00:00,1774A,126.5052,43.8245,吉林市,电力学院,,31,31,36,11,13,113,94,106,102,13,15,11,13,0.6,0.5
2023-05-05T22:00:00,1775A,126.6133,43.8972,吉林市,江北,,26,22,31,9,12,105,83,98,93,9,16,6,6,0.5,0.5
2023-05-05T22:00:00,1776A,126.555,43.8306,吉林市,江南公园,,25,25,30,8,12,98,74,94,88,27,20,5,6,0.5,0.5
2023-05-05T22:00:00,1778A,126.7061,43.7133,吉林市,丰满,,26,20,33,11,20,93,81,89,88,5,8,4,5,0.4,0.5
2023-05-05T22:00:00,1779A,123.9305,47.3636,齐齐哈尔市,安居小区,,46,46,31,14,10,91,31,87,68,46,13,3,2,0.6,0.3
2023-05-05T22:00:00,1780A,123.9488,47.3386,齐齐哈尔市,中心广场,,42,42,25,14,5,91,26,87,71,52,13,6,5,0.7,0.3
2023-05-05T22:00:00,1781A,123.9483,47.3227,齐齐哈尔市,农牧车辆厂,,46,46,34,12,8,97,30,93,78,50,12,5,4,0.5,0.4
2023-05-05T22:00:00,1783A,123.945,47.2988,齐齐哈尔市,市环境监测站,颗粒物(PM10),58,65,37,26,16,96,31,93,77,43,10,6,3,0.7,0.4
2023-05-05T22:00:00,1784A,129.61,44.561,牡丹江市,环保大楼,,43,43,34,18,20,99,31,90,70,36,13,4,5,0.5,0.3
2023-05-05T22:00:00,1785A,129.6115,44.5782,牡丹江市,文化广场,颗粒物(PM10),60,69,38,33,22,87,27,79,56,44,20,6,4,0.8,0.5
2023-05-05T22:00:00,1786A,129.5904,44.5963,牡丹江市,第一医院,,40,36,35,28,23,95,37,86,67,32,15,4,4,0.6,0.5
2023-05-05T22:00:00,1787A,129.6364,44.6075,牡丹江市,机车工厂,,38,38,53,21,16,96,44,86,69,12,10,4,3,0.3,0.3
2023-05-05T22:00:00,1788A,129.6386,44.5462,牡丹江市,第一中学,,34,34,35,23,20,96,40,89,65,22,14,1,2,0.4,0.4
2023-05-05T22:00:00,1789A,124.81117,46.03138,大庆市,大同区,,24,24,22,9,6,101,76,97,90,10,7,3,3,0.2,0.2
2023-05-05T22:00:00,1790A,125.129,46.533,大庆市,龙凤区,,29,19,16,7,10,101,90,99,96,8,8,1,5,0.3,0.3
2023-05-05T22:00:00,1791A,124.902,46.408,大庆市,红岗区,,25,25,20,12,11,101,76,100,93,14,8,5,5,0.4,0.3
2023-05-05T22:00:00,1792A,125.153,46.586,大庆市,萨尔图区,,27,20,22,10,10,92,86,90,89,5,6,6,5,0.3,0.3
2023-05-05T22:00:00,1793A,124.9042,46.6215,大庆市,让胡路区,,26,25,23,18,11,98,67,96,88,18,8,6,6,0.3,0.2
2023-05-05T22:00:00,1794A,118.3606,31.3519,芜湖市,监测站,,29,25,23,20,16,89,46,89,59,19,27,5,6,0.6,0.8
2023-05-05T22:00:00,1795A,118.3714,31.4134,芜湖市,科创中心,,35,26,21,24,16,81,42,79,56,19,24,4,5,0.9,1.2
2023-05-05T22:00:00,1796A,118.3673,31.3131,芜湖市,四水厂,,26,23,21,18,16,101,40,90,61,27,22,6,7,0.7,0.8
2023-05-05T22:00:00,1798A,118.5092,31.6837,马鞍山市,湖东路四小,,39,30,19,27,21,76,35,69,47,26,17,12,8,0.8,0.9
2023-05-05T22:00:00,1799A,118.5024,31.6449,马鞍山市,开发区,,35,35,23,24,16,71,36,64,48,21,17,7,5,0.7,0.7
2023-05-05T22:00:00,1800A,118.5228,31.7231,马鞍山市,慈湖,,,,25,25,18,89,40,75,48,20,21,14,10,0.7,0.9
2023-05-05T22:00:00,1802A,118.6245,31.7241,马鞍山市,濮塘,,35,29,13,24,16,82,41,69,52,14,11,5,5,1.2,1.3
2023-05-05T22:00:00,1803A,115.9872,29.6815,九江市,十里,,41,41,27,28,14,144,78,122,118,27,17,12,11,0.8,0.9
2023-05-05T22:00:00,1804A,115.9584,29.7046,九江市,茅山头,,45,45,24,29,16,143,90,118,115,24,17,11,9,0.8,0.7
2023-05-05T22:00:00,1805A,115.9877,29.7295,九江市,西园,,39,31,20,27,17,125,74,101,97,41,30,7,9,0.8,0.7
2023-05-05T22:00:00,1806A,116.0172,29.6547,九江市,五七二七厂,,33,33,18,16,14,142,85,121,116,16,12,8,8,0.6,0.5
2023-05-05T22:00:00,1808A,115.9114,29.6038,九江市,综合工业园,,34,34,22,17,12,148,82,121,113,26,22,12,10,1.0,0.9
2023-05-05T22:00:00,1809A,116.0721,29.7535,九江市,石化总厂,,48,48,32,27,14,124,32,103,85,64,24,12,9,0.9,0.8
2023-05-05T22:00:00,1810A,115.9773,29.5698,九江市,庐山气象台,,29,11,8,10,10,125,90,116,97,5,5,7,7,0.8,0.9
2023-05-05T22:00:00,1812A,112.3931,34.6516,洛阳市,市委党校,细颗粒物(PM2.5),57,51,70,40,49,95,54,78,64,20,19,1,1,1.0,1
2023-05-05T22:00:00,1814A,112.4657,34.6871,洛阳市,豫西宾馆,,48,38,61,33,42,92,52,76,65,22,19,2,2,1.1,1.1
2023-05-05T22:00:00,1815A,112.494,34.6886,洛阳市,河南林校,细颗粒物(PM2.5),52,47,53,36,37,94,39,70,59,29,19,8,8,0.8,0.8
2023-05-05T22:00:00,1816A,112.3844,34.623,洛阳市,开发区管委会,,49,49,66,33,40,102,63,88,76,15,12,5,4,0.6,0.6
2023-05-05T22:00:00,1817A,112.4267,34.6258,洛阳市,市委新办公区,细颗粒物(PM2.5),55,48,62,39,46,105,56,85,68,21,16,6,5,0.6,0.7
2023-05-05T22:00:00,1818A,114.4839,36.0621,安阳市,棉研所,,25,16,17,11,10,97,80,93,87,4,5,7,6,0.5,0.6
2023-05-05T22:00:00,1819A,114.3551,36.1017,安阳市,红庙街,,39,35,30,27,20,99,79,92,88,10,12,3,3,0.5,0.8
2023-05-05T22:00:00,1820A,114.361,36.0681,安阳市,银杏小区,,25,20,18,8,8,97,77,89,85,10,12,6,6,0.7,0.8
2023-05-05T22:00:00,1824A,114.3389,34.7781,开封市,肿瘤医院,,25,18,22,13,15,97,77,92,87,5,4,4,5,0.7,0.7
2023-05-05T22:00:00,1826A,114.2885,34.7965,开封市,世纪星幼儿园,,24,18,23,9,11,93,74,88,84,8,7,3,4,0.6,0.7
2023-05-05T22:00:00,1828A,113.227,35.2125,焦作市,市环保局,,39,39,36,19,18,78,68,65,65,15,12,6,5,0.6,0.8
2023-05-05T22:00:00,1830A,113.1992,35.2590,焦作市,影视城,,33,17,33,23,25,66,49,49,49,10,10,8,9,0.8,1
2023-05-05T22:00:00,1832A,113.3257,33.742,平顶山市,新华旅馆,,32,32,33,9,17,92,79,87,87,13,16,3,4,0.5,0.6
2023-05-05T22:00:00,1833A,113.2919,33.737,平顶山市,规划设计院,,29,29,35,16,22,96,83,91,91,13,13,4,5,0.6,0.7
2023-05-05T22:00:00,1834A,113.182,33.774,平顶山市,平顶山工学院,,32,32,29,9,17,91,80,83,83,12,11,3,3,0.5,0.6
2023-05-05T22:00:00,1835A,111.1922,34.7752,三门峡市,市政府,颗粒物(PM10),72,94,103,42,42,106,58,92,82,30,18,9,9,0.5,0.5
2023-05-05T22:00:00,1836A,111.1587,34.7942,三门峡市,开发区,,,,11,47,40,104,65,95,89,21,13,6,6,0.5,0.6
2023-05-05T22:00:00,1838A,111.143,34.7955,三门峡市,风景区,细颗粒物(PM2.5),94,73,89,70,49,112,69,100,95,24,16,8,9,0.4,0.4
2023-05-05T22:00:00,1840A,111.2992,30.6981,宜昌市,白龙岗,,39,39,30,19,16,95,26,63,48,25,24,7,7,0.8,0.7
2023-05-05T22:00:00,1841A,111.3549,30.6465,宜昌市,伍家岗,,36,36,30,24,17,97,33,70,63,26,27,5,5,0.8,0.8
2023-05-05T22:00:00,1842A,111.2628,30.6961,宜昌市,点军区,,46,46,30,12,11,79,28,48,44,15,24,6,6,0.8,0.7
2023-05-05T22:00:00,1843A,111.3275,30.7819,宜昌市,夷陵区,,34,34,20,17,11,64,9,46,37,37,24,5,5,0.8,0.7
2023-05-05T22:00:00,1844A,112.2494,30.3197,荆州市,市图书馆,,27,18,29,16,18,122,85,114,104,12,12,6,6,0.8,0.8
2023-05-05T22:00:00,1845A,112.2008,30.3544,荆州市,市委党校,,36,30,33,25,21,128,91,119,110,11,13,6,6,0.8,0.8
2023-05-05T22:00:00,1847A,113.1094,29.3578,岳阳市,南湖风景区,,36,36,22,21,17,128,91,113,110,21,13,11,9,0.7,0.7
2023-05-05T22:00:00,1848A,113.1493,29.4251,岳阳市,城陵矶,,32,24,20,22,13,123,77,108,101,33,18,5,5,0.8,0.7
2023-05-05T22:00:00,1849A,113.1497,29.3575,岳阳市,开发区,,33,30,20,19,10,126,105,118,117,17,12,6,6,0.7,0.7
2023-05-05T22:00:00,1850A,113.2621,29.4758,岳阳市,云溪区,,35,26,16,24,12,133,107,123,123,12,9,7,6,0.8,0.7
2023-05-05T22:00:00,1851A,112.9943,29.4402,岳阳市,君山区,,33,20,19,19,17,123,103,118,114,12,11,6,6,0.7,0.6
2023-05-05T22:00:00,1852A,113.2117,29.355,岳阳市,金凤水库,,36,25,17,19,11,126,115,115,115,11,7,2,2,0.7,0.6
2023-05-05T22:00:00,1854A,111.6975,28.9703,常德市,市二中,,35,27,24,24,19,92,65,82,80,11,6,6,6,0.7,0.5
2023-05-05T22:00:00,1857A,111.7158,29.1456,常德市,白鹤山,,26,14,21,17,16,104,82,86,86,3,3,6,7,0.7,0.7
2023-05-05T22:00:00,1858A,110.5319,29.1217,张家界市,永定新区,,39,25,20,27,23,89,39,67,62,21,13,3,4,0.5,0.3
2023-05-05T22:00:00,1859A,110.4697,29.1242,张家界市,电业局,,29,23,23,20,17,78,43,66,61,22,13,3,3,0.6,0.5
2023-05-05T22:00:00,1860A,110.5594,29.3547,张家界市,未央路,,,24,24,24,15,88,,65,63,9,8,3,3,0.5,0.5
2023-05-05T22:00:00,1861A,110.4417,29.315,张家界市,袁家界,,34,13,12,13,9,107,107,99,99,5,5,7,7,0.8,0.7
2023-05-05T22:00:00,1862A,110.4144,25.3167,桂林市,电子科大尧山校区,,47,47,38,29,23,91,41,82,70,10,9,5,4,0.7,0.7
2023-05-05T22:00:00,1863A,110.2819,25.2697,桂林市,监测站,颗粒物(PM10),67,83,40,24,12,93,36,85,76,33,12,14,7,1.0,0.7
2023-05-05T22:00:00,1864A,110.3089,25.2708,桂林市,龙隐路小学,颗粒物(PM10),58,65,39,40,23,86,54,78,72,19,12,11,6,0.6,0.4
2023-05-05T22:00:00,1865A,110.2869,25.2178,桂林市,八中,细颗粒物(PM2.5),62,59,36,44,24,80,25,72,63,37,13,6,4,0.6,0.4
2023-05-05T22:00:00,1866A,109.2262,21.588,北海市,牛尾岭水库,,,28,26,20,14,35,25,32,32,,12,14,9,0.6,0.6
2023-05-05T22:00:00,1867A,109.1436,21.4086,北海市,海滩公园,,30,27,36,12,10,98,93,92,92,5,6,3,3,0.6,0.6
2023-05-05T22:00:00,1868A,109.0981,21.4661,北海市,新市环保局,,33,33,35,9,12,106,100,102,102,6,8,2,3,0.5,0.5
2023-05-05T22:00:00,1869A,109.1778,21.5233,北海市,北海工业园,,39,37,37,27,19,103,63,98,94,17,12,4,6,0.6,0.6
2023-05-05T22:00:00,1870A,109.4856,24.3895,柳州市,柳东小学,细颗粒物(PM2.5),55,52,38,39,28,129,95,111,111,13,10,12,7,0.6,0.5
2023-05-05T22:00:00,1871A,109.4157,24.3277,柳州市,环保监测站,颗粒物(PM10),53,56,45,31,24,110,70,95,94,23,14,4,4,0.8,0.7
2023-05-05T22:00:00,1872A,109.389,24.341,柳州市,河西水厂,颗粒物(PM10),55,59,42,34,24,101,60,85,84,26,17,4,4,1.0,0.8
2023-05-05T22:00:00,1873A,109.4311,24.2921,柳州市,市四中,颗粒物(PM10),56,61,43,26,21,109,63,94,92,24,14,6,7,0.9,0.7
2023-05-05T22:00:00,1874A,109.4006,24.3631,柳州市,市九中,颗粒物(PM10),62,74,52,35,22,103,58,88,86,27,16,6,7,0.8,0.6
2023-05-05T22:00:00,1875A,109.4958,24.3134,柳州市,古亭山,,46,38,42,32,27,115,89,97,97,9,9,2,2,0.7,0.6
2023-05-05T22:00:00,1876A,109.5078,18.2489,三亚市,河东子站,,23,23,22,11,11,49,48,46,45,4,3,2,3,0.4,0.4
2023-05-05T22:00:00,1877A,109.4964,18.2681,三亚市,河西子站,,26,26,23,11,12,49,44,45,45,7,7,2,2,0.4,0.4
2023-05-05T22:00:00,1878A,104.7778,31.4741,绵阳市,富乐山,颗粒物(PM10),56,62,87,28,40,125,90,118,109,9,12,3,4,0.4,0.4
2023-05-05T22:00:00,1879A,104.7563,31.4535,绵阳市,市人大,细颗粒物(PM2.5),57,60,89,40,38,112,73,101,90,18,25,5,7,0.3,0.2
2023-05-05T22:00:00,1880A,104.6697,31.4668,绵阳市,高新区自来水公司,颗粒物(PM10),53,55,91,27,32,126,83,116,104,9,16,6,6,0.5,0.5
2023-05-05T22:00:00,1881A,104.7287,31.5075,绵阳市,三水厂,颗粒物(PM10),56,62,93,28,40,124,88,113,104,8,28,4,5,0.3,0.4
2023-05-05T22:00:00,1882A,104.563,28.793,宜宾市,石马中学,,40,40,56,23,37,113,82,101,99,8,17,3,4,0.5,0.6
2023-05-05T22:00:00,1883A,104.6201,28.7728,宜宾市,市委,颗粒物(PM10),51,52,72,26,42,111,78,96,93,12,23,7,7,0.5,0.6
2023-05-05T22:00:00,1884A,104.6055,28.793,宜宾市,宜宾四中,颗粒物(PM10),53,55,69,31,49,110,79,98,95,13,24,4,6,0.5,0.6
2023-05-05T22:00:00,1885A,104.639,28.7562,宜宾市,市政府,,47,47,62,29,45,126,83,107,103,14,28,7,7,0.5,0.6
2023-05-05T22:00:00,1886A,104.5742,28.7199,宜宾市,黄金嘴,,48,48,61,25,41,121,87,104,102,10,23,7,7,0.3,0.4
2023-05-05T22:00:00,1888A,101.6891,26.571,攀枝花市,弄弄坪,细颗粒物(PM2.5),69,74,39,50,20,115,96,103,96,27,21,54,35,1.4,1.7
2023-05-05T22:00:00,1889A,101.5769,26.5928,攀枝花市,河门口,,34,26,29,10,12,119,107,115,111,9,12,9,9,0.5,0.6
2023-05-05T22:00:00,1890A,101.7169,26.585,攀枝花市,炳草岗,细颗粒物(PM2.5),74,93,35,54,17,120,102,114,107,29,20,15,18,1.0,0.9
2023-05-05T22:00:00,1891A,101.7369,26.5008,攀枝花市,仁和,,37,10,15,10,13,121,118,118,118,6,9,6,7,0.6,0.6
2023-05-05T22:00:00,1893A,105.4324,28.9634,泸州市,九狮山,,46,46,28,28,21,120,69,109,103,17,13,5,7,0.4,0.3
2023-05-05T22:00:00,1894A,105.4427,28.9063,泸州市,小市上码头,颗粒物(PM10),61,72,43,38,26,116,85,108,106,17,13,8,10,0.6,0.6
2023-05-05T22:00:00,1895A,105.4241,28.8573,泸州市,兰田宪桥,颗粒物(PM10),68,85,48,42,29,124,84,115,108,16,15,8,8,0.7,0.7
2023-05-05T22:00:00,1896A,105.4379,28.8833,泸州市,市环监站,颗粒物(PM10),53,56,42,19,23,114,80,104,101,26,19,5,7,0.5,0.6
2023-05-05T22:00:00,1901A,104.4239,31.1208,德阳市,东山公园,颗粒物(PM10),76,102,100,40,44,120,80,113,101,14,24,2,4,0.4,0.5
2023-05-05T22:00:00,1902A,104.3826,31.1317,德阳市,西小区,颗粒物(PM10),73,95,100,52,49,126,67,112,100,19,26,2,5,0.4,0.5
2023-05-05T22:00:00,1904A,104.3553,31.1091,德阳市,耐火材料厂,颗粒物(PM10),62,74,105,40,46,131,67,119,107,20,22,3,5,0.4,0.4
2023-05-05T22:00:00,1905A,106.056,30.8064,南充市,西山风景区,细颗粒物(PM2.5),69,77,44,50,30,123,75,113,106,9,7,8,6,0.5,0.4
2023-05-05T22:00:00,1906A,106.0789,30.8023,南充市,南充市委,,,82,61,42,30,128,,116,114,16,18,12,9,0.5,0.5
2023-05-05T22:00:00,1907A,106.1031,30.8217,南充市,南充炼油厂,颗粒物(PM10),72,93,62,47,29,122,67,108,98,14,13,10,10,0.5,0.5
2023-05-05T22:00:00,1908A,106.1064,30.7856,南充市,高坪区监测站,颗粒物(PM10),68,85,55,45,31,119,70,110,101,15,17,11,10,0.6,0.5
2023-05-05T22:00:00,1909A,106.0642,30.7636,南充市,嘉陵区环保局,颗粒物(PM10),67,83,53,44,29,139,75,126,113,18,19,10,8,0.7,0.6
2023-05-05T22:00:00,1910A,106.1087,30.8388,南充市,市环境监测站,颗粒物(PM10),67,83,60,40,36,123,68,108,99,15,16,9,10,0.7,0.6
2023-05-05T22:00:00,1911A,106.9222,27.6869,遵义市,丁字口,,49,22,43,34,45,157,76,136,120,11,20,6,8,0.6,0.7
2023-05-05T22:00:00,1912A,106.9242,27.7019,遵义市,凤凰山,,28,23,49,15,34,172,88,154,137,9,16,6,9,0.3,0.4
2023-05-05T22:00:00,1913A,106.8906,27.6486,遵义市,忠庄,,43,43,65,14,33,152,56,132,113,11,14,3,4,0.2,0.3
2023-05-05T22:00:00,1914A,106.9231,27.6506,遵义市,舟水桥,,26,22,54,18,31,162,69,140,123,6,17,1,3,0.3,0.4
2023-05-05T22:00:00,1915A,106.9178,27.72,遵义市,干田坝,,27,25,51,15,27,166,84,150,129,10,15,6,8,0.6,0.7
2023-05-05T22:00:00,1916A,103.7897,25.5035,曲靖市,环境监测站,,,34,43,16,18,145,,128,124,9,9,3,10,0.3,0.7
2023-05-05T22:00:00,1917A,103.8,25.5364,曲靖市,烟厂办公区,,39,39,45,13,20,139,97,129,122,12,10,21,8,0.7,0.9
2023-05-05T22:00:00,1918A,108.7197,34.3956,咸阳市,气象站,颗粒物(PM10),51,52,101,29,37,86,35,71,48,28,24,4,4,0.5,0.4
2023-05-05T22:00:00,1919A,108.673,34.3155,咸阳市,实验中学,,48,47,93,33,37,88,37,70,52,24,21,3,4,0.8,0.7
2023-05-05T22:00:00,1920A,108.7233,34.3617,咸阳市,师范学院,颗粒物(PM10),51,51,97,31,33,91,44,77,55,24,22,6,6,0.5,0.5
2023-05-05T22:00:00,1922A,109.0656,35.0994,铜川市,党校,颗粒物(PM10),51,51,84,25,30,91,10,69,38,42,25,9,9,0.9,0.6
2023-05-05T22:00:00,1923A,109.0697,35.0697,铜川市,王益区政府,颗粒物(PM10),58,66,81,32,33,94,18,76,51,43,22,8,9,0.7,0.4
2023-05-05T22:00:00,1924A,108.9344,34.9058,铜川市,新区管委会,颗粒物(PM10),62,73,86,42,39,92,13,80,56,54,19,6,6,0.8,0.4
2023-05-05T22:00:00,1926A,109.4131,36.6275,延安市,枣园,,32,28,61,22,28,107,30,97,70,32,18,9,9,0.4,0.4
2023-05-05T22:00:00,1927A,109.4761,36.6028,延安市,延大医附院,,38,30,65,26,29,111,28,100,70,45,21,4,4,0.5,0.4
2023-05-05T22:00:00,1929A,109.5056,36.6106,延安市,百米大道,,36,32,67,25,31,99,48,90,66,33,25,6,6,0.5,0.4
2023-05-05T22:00:00,1930A,107.185,34.3063,宝鸡市,庙沟村,颗粒物(PM10),51,51,65,26,29,91,66,86,59,12,9,6,6,0.5,0.4
2023-05-05T22:00:00,1931A,107.0708,34.3017,宝鸡市,竹园沟,,42,42,59,24,27,80,50,63,58,20,19,6,6,0.3,0.3
2023-05-05T22:00:00,1932A,107.1906,34.3672,宝鸡市,三陆医院,颗粒物(PM10),57,64,85,33,31,62,27,50,38,27,32,6,8,0.5,0.5
2023-05-05T22:00:00,1933A,107.1431,34.3547,宝鸡市,监测站,颗粒物(PM10),56,62,75,31,30,52,22,46,36,21,19,5,6,0.3,0.3
2023-05-05T22:00:00,1934A,107.1186,34.3739,宝鸡市,技工学校,颗粒物(PM10),57,63,74,36,33,67,22,61,47,30,16,5,5,0.4,0.3
2023-05-05T22:00:00,1935A,107.3906,34.3528,宝鸡市,陈仓区环保局家属楼,颗粒物(PM10),58,66,91,34,37,72,28,55,38,38,31,4,5,0.5,0.5
2023-05-05T22:00:00,1936A,107.2058,34.3497,宝鸡市,文理学院,颗粒物(PM10),57,64,84,39,28,57,22,51,38,40,25,8,8,0.6,0.5
2023-05-05T22:00:00,1937A,107.2386,34.3622,宝鸡市,三迪小学,颗粒物(PM10),57,64,85,30,32,60,32,54,44,29,27,9,9,0.6,0.5
2023-05-05T22:00:00,1938A,109.5293,34.5101,渭南市,农科所,细颗粒物(PM2.5),58,63,102,41,53,84,44,75,58,24,21,7,7,0.5,0.4
2023-05-05T22:00:00,1939A,109.4974,34.4877,渭南市,日报社,细颗粒物(PM2.5),54,48,99,38,43,79,30,70,49,44,30,6,6,0.4,0.4
2023-05-05T22:00:00,1940A,109.4636,34.493,渭南市,体育馆,细颗粒物(PM2.5),52,48,93,36,48,84,30,73,47,40,27,6,7,0.4,0.4
2023-05-05T22:00:00,1941A,109.4259,34.5023,渭南市,高新一小,颗粒物(PM10),52,54,108,24,38,77,49,67,53,25,23,3,4,0.5,0.4
2023-05-05T22:00:00,1943A,102.1725,38.5339,金昌市,新川苑,颗粒物(PM10),118,185,152,44,37,118,100,113,109,12,21,18,35,0.5,0.6
2023-05-05T22:00:00,1944A,102.1692,38.5167,金昌市,天庆家园,颗粒物(PM10),101,152,115,43,40,125,104,120,114,14,21,170,36,0.7,0.6
2023-05-05T22:00:00,1945A,98.2908,39.7711,嘉峪关市,气象局,颗粒物(PM10),96,141,95,48,32,114,89,110,104,22,9,26,4,0.4,0.1
2023-05-05T22:00:00,1947A,106.3394,38.817,石嘴山市,沙湖旅游区,细颗粒物(PM2.5),58,46,141,41,70,123,88,108,107,15,26,17,22,0.5,0.8
2023-05-05T22:00:00,1948A,106.3668,39.0145,石嘴山市,大武口朝阳西街,颗粒物(PM10),60,70,140,10,72,111,68,95,91,26,33,19,17,0.5,0.6
2023-05-05T22:00:00,1949A,106.7704,39.2282,石嘴山市,惠农南大街,颗粒物(PM10),76,102,112,17,47,96,57,87,75,40,37,74,28,0.9,1.1
2023-05-05T22:00:00,1950A,106.7099,39.1325,石嘴山市,红果子镇惠新街,颗粒物(PM10),64,78,97,16,44,114,70,99,91,22,25,18,16,0.7,0.6
2023-05-05T22:00:00,1951A,84.895,45.6094,克拉玛依市,长征新村,,29,17,16,15,6,100,91,97,96,4,4,6,6,0.2,0.2
2023-05-05T22:00:00,1952A,84.8988,45.5893,克拉玛依市,南林小区,,28,20,17,8,11,97,88,94,93,6,6,4,4,0.2,0.2
2023-05-05T22:00:00,1954A,84.905,44.3396,克拉玛依市,独山子区,,32,22,15,10,10,107,101,104,104,5,5,6,6,0.3,0.3
2023-05-05T22:00:00,1955A,85.6979,46.098,克拉玛依市,乌尔禾区商贸楼,,29,24,20,10,7,99,90,96,95,4,7,5,6,0.2,0.3
2023-05-05T22:00:00,1956A,86.1472,41.7538,巴音郭楞州,孔雀公园,,43,43,48,18,12,107,79,105,90,19,7,3,3,0.4,0.3
2023-05-05T22:00:00,1957A,86.1972,41.7166,巴音郭楞州,棉纺厂,,,,54,,14,103,,102,91,21,7,,3,,0.2
2023-05-05T22:00:00,1958A,86.2357,41.7173,巴音郭楞州,经济开发区,,31,21,35,5,10,108,98,106,102,7,3,5,5,0.2,0.2
2023-05-05T22:00:00,1961A,117.532,36.6868,济南市,东山小学,颗粒物(PM10),55,59,19,17,9,97,79,86,86,20,12,7,4,0.4,0.4
2023-05-05T22:00:00,1966A,120.0405,35.8735,青岛市,黄岛区4号,颗粒物(PM10),51,51,28,22,14,77,77,66,66,18,18,6,6,0.7,0.7
2023-05-05T22:00:00,1982A,122.0693,37.2174,威海市,文登开发区,,28,22,9,14,5,89,87,79,79,7,10,4,4,0.6,0.5
2023-05-05T22:00:00,2031A,113.1817,27.9958,株洲市,云田中学,,21,7,18,10,15,113,67,89,76,16,13,4,4,0.7,0.5
2023-05-05T22:00:00,2054A,114.1099,32.1059,信阳市,平桥分局,,25,23,28,17,27,90,75,87,85,13,13,6,6,0.6,0.8
2023-05-05T22:00:00,2064A,113.9956,32.1271,信阳市,南湾水厂,,40,40,43,9,17,87,76,80,79,6,6,5,5,0.5,0.6
2023-05-05T22:00:00,2065A,114.0775,32.1195,信阳市,市酿酒公司,,41,41,32,19,25,91,78,88,86,11,13,7,6,0.5,0.7
2023-05-05T22:00:00,2066A,114.0609,32.1399,信阳市,审计局,,34,34,46,18,25,90,78,88,85,10,12,6,6,0.5,0.7
2023-05-05T22:00:00,2067A,114.6613,33.6128,周口市,市环境监测站,,30,14,28,19,18,96,94,92,90,6,6,8,3,0.7,0.7
2023-05-05T22:00:00,2068A,114.6758,33.6347,周口市,周口师范,,28,22,18,19,15,90,88,85,84,8,7,13,6,0.6,0.7
2023-05-05T22:00:00,2069A,114.6546,33.5979,周口市,市运管处,,29,17,20,17,14,95,92,92,90,7,6,8,5,0.7,0.7
2023-05-05T22:00:00,2070A,114.6369,33.6406,周口市,川汇区环保局,,27,16,23,17,13,93,86,89,87,8,7,7,6,0.8,0.7
2023-05-05T22:00:00,2075A,117.6336,24.4674,漳州市,九湖,,,44,36,18,13,,,,,10,6,4,2,,
2023-05-05T22:00:00,2160A,112.85,35.5051,晋城市,自来水公司,,40,40,46,22,26,91,80,82,82,10,16,5,6,0.9,0.9
2023-05-05T22:00:00,2161A,112.8318,35.4936,晋城市,白云商贸,,36,36,38,24,28,89,77,78,78,12,16,5,6,0.9,0.9
2023-05-05T22:00:00,2162A,112.8508,35.4887,晋城市,市环保局,,36,36,38,17,31,87,76,77,77,14,20,6,7,0.8,0.9
2023-05-05T22:00:00,2163A,112.8676,35.4897,晋城市,技术学院,,35,17,30,24,30,90,72,77,74,11,15,6,7,0.5,0.6
2023-05-05T22:00:00,2165A,112.8453,35.546,晋城市,白马寺,,43,37,35,30,31,73,53,65,62,14,14,4,4,1.1,1
2023-05-05T22:00:00,2166A,112.4397,39.3522,朔州市,平朔,细颗粒物(PM2.5),54,24,21,38,22,63,30,56,38,23,28,5,6,0.6,0.5
2023-05-05T22:00:00,2167A,112.4575,39.3617,朔州市,朔唯,细颗粒物(PM2.5),55,44,24,39,25,60,28,54,39,34,30,7,9,0.6,0.6
2023-05-05T22:00:00,2168A,112.4258,39.3197,朔州市,区政府,,45,45,30,24,21,65,38,59,42,16,20,4,5,0.7,0.7
2023-05-05T22:00:00,2169A,112.4072,39.3278,朔州市,市环保局,,49,42,29,34,22,71,42,64,43,23,32,3,5,0.6,0.6
2023-05-05T22:00:00,2170A,112.4272,39.3681,朔州市,市二中,细颗粒物(PM2.5),53,45,33,37,21,63,29,57,34,20,28,5,5,0.5,0.5
2023-05-05T22:00:00,2171A,112.7532,37.6945,晋中市,锦纶小区,,29,2,27,2,22,110,90,95,91,16,18,7,9,0.4,0.5
2023-05-05T22:00:00,2173A,112.7249,37.7067,晋中市,南都小区,,26,6,33,8,24,105,81,92,86,17,18,6,8,0.6,0.7
2023-05-05T22:00:00,2174A,112.6991,37.6982,晋中市,榆次区政府,,24,7,44,9,24,99,76,86,80,18,24,8,10,0.6,0.7
2023-05-05T22:00:00,2175A,110.9956,35.0147,运城市,运城中学,颗粒物(PM10),63,76,81,37,39,105,70,98,91,12,8,6,6,0.5,0.4
2023-05-05T22:00:00,2178A,110.9686,35.0303,运城市,地区技校,颗粒物(PM10),67,84,82,30,34,108,66,98,91,12,8,4,4,0.6,0.5
2023-05-05T22:00:00,2179A,111.0414,35.1147,运城市,空港新区,颗粒物(PM10),70,89,96,41,43,111,73,97,93,21,15,6,7,0.4,0.5
2023-05-05T22:00:00,2181A,112.7383,38.4519,忻州市,开发区,,18,9,39,8,28,74,55,74,58,17,27,5,9,0.5,0.7
2023-05-05T22:00:00,2182A,112.7003,38.4928,忻州市,会展中心,,26,15,41,18,28,58,52,54,53,16,31,4,7,0.2,0.4
2023-05-05T22:00:00,2183A,111.1406,37.5211,吕梁市,环保局,,20,20,70,10,22,68,24,60,46,37,26,10,8,0.6,0.5
2023-05-05T22:00:00,2185A,111.1297,37.5136,吕梁市,自来水公司,,26,26,73,11,23,69,38,62,49,23,23,4,4,0.5,0.5
2023-05-05T22:00:00,2187A,106.8174,39.6973,乌海市,市林业局,,46,46,92,17,29,111,101,106,105,6,24,9,16,0.6,1
2023-05-05T22:00:00,2188A,106.7907,39.6667,乌海市,中海勃湾学校,,38,38,90,21,28,110,94,105,101,13,29,8,16,0.3,0.8
2023-05-05T22:00:00,2191A,122.2532,43.6801,通辽市,艺术职业学校,颗粒物(PM10),51,51,62,1,10,101,88,96,95,11,12,5,5,0.1,0.1
2023-05-05T22:00:00,2192A,119.7594,49.2261,呼伦贝尔市,区环保局,,49,49,37,29,18,99,39,95,80,49,19,5,5,0.4,0.3
2023-05-05T22:00:00,2195A,107.4212,40.761,巴彦淖尔市,附二中,颗粒物(PM10),51,52,68,24,19,104,73,98,91,14,10,4,4,0.5,0.5
2023-05-05T22:00:00,2196A,107.37,40.7372,巴彦淖尔市,市环保大楼,颗粒物(PM10),54,58,81,23,27,108,78,102,95,13,9,5,6,0.4,0.4
2023-05-05T22:00:00,2197A,113.1306,40.9923,乌兰察布市,集宁新区,,32,24,23,22,16,86,79,84,74,10,7,9,10,0.4,0.4
2023-05-05T22:00:00,2200A,122.0392,46.0656,兴安盟,胜华新制药厂,,45,45,24,26,14,97,63,93,82,20,13,6,4,0.6,0.4
2023-05-05T22:00:00,2201A,121.9504,46.0741,兴安盟,科右前旗环保局,,43,43,22,22,16,101,57,97,88,39,16,6,3,0.6,0.5
2023-05-05T22:00:00,2202A,116.1042,43.9317,锡林郭勒盟,市环保监测站,,21,10,13,9,6,105,66,103,90,7,4,14,11,0.2,0.2
2023-05-05T22:00:00,2203A,116.0781,43.9311,锡林郭勒盟,市政府,,24,24,16,2,6,104,58,101,90,21,7,11,8,0.3,0.2
2023-05-05T22:00:00,2204A,105.6467,38.8363,阿拉善盟,西城区西花园,颗粒物(PM10),67,83,115,40,40,128,78,110,105,25,16,8,7,0.6,0.6
2023-05-05T22:00:00,2205A,105.6985,38.8411,阿拉善盟,蒙二幼,细颗粒物(PM2.5),94,109,138,70,48,129,74,109,105,31,15,9,9,0.7,0.5
2023-05-05T22:00:00,2206A,105.724,38.8516,阿拉善盟,环保局新楼,细颗粒物(PM2.5),82,108,94,60,43,124,80,111,108,27,10,8,7,0.7,0.5
2023-05-05T22:00:00,2207A,121.6094,41.998,阜新市,工业园区,颗粒物(PM10),63,75,93,8,18,105,103,102,102,5,7,9,10,0.6,0.4
2023-05-05T22:00:00,2208A,121.6697,42.0279,阜新市,长青街,颗粒物(PM10),51,51,77,15,20,98,95,96,96,10,11,6,10,0.4,0.5
2023-05-05T22:00:00,2209A,121.6673,42.0705,阜新市,农业园区,颗粒物(PM10),51,52,57,9,17,99,97,97,97,12,12,11,10,0.7,0.3
2023-05-05T22:00:00,2210A,121.6717,42.0224,阜新市,东苑,颗粒物(PM10),58,66,82,7,17,99,96,97,97,8,9,7,18,0.5,0.7
2023-05-05T22:00:00,2211A,121.6506,42.0498,阜新市,玉龙新城,颗粒物(PM10),60,70,67,17,16,97,93,94,94,7,6,12,8,1.2,0.6
2023-05-05T22:00:00,2212A,123.2,41.1953,辽阳市,宏伟区,,34,34,41,11,25,99,71,84,84,22,21,15,14,0.4,0.6
2023-05-05T22:00:00,2213A,123.1683,41.2495,辽阳市,新华园,,45,45,48,13,26,93,70,80,80,12,23,11,13,0.4,0.6
2023-05-05T22:00:00,2214A,123.2354,41.2639,辽阳市,滨河路,,39,39,41,11,29,93,67,79,78,20,22,10,8,0.4,0.6
2023-05-05T22:00:00,2215A,123.149,41.2991,辽阳市,铁西工业园,,44,44,44,9,24,102,79,86,86,15,19,6,8,0.3,0.5
2023-05-05T22:00:00,2216A,123.8139,42.3022,铁岭市,汇工街西,,,,44,14,24,107,81,96,93,10,14,13,17,0.3,0.6
2023-05-05T22:00:00,2217A,123.8649,42.2923,铁岭市,水上乐园,,33,33,42,12,22,102,56,90,85,34,20,5,5,0.3,0.3
2023-05-05T22:00:00,2218A,123.8486,42.2867,铁岭市,银州路东段,,33,33,43,14,26,101,74,92,90,20,18,7,8,0.5,0.5
2023-05-05T22:00:00,2219A,123.7153,42.2217,铁岭市,金沙江路北,,36,36,44,8,22,106,82,96,94,12,15,5,6,0.3,0.4
2023-05-05T22:00:00,2220A,120.4318,41.5881,朝阳市,西梁,,29,29,28,6,8,101,80,92,88,14,10,8,7,0.5,0.5
2023-05-05T22:00:00,2221A,120.4521,41.5646,朝阳市,河畔小区,,32,32,35,6,8,107,85,97,93,12,11,8,8,0.5,0.5
2023-05-05T22:00:00,2222A,120.4176,41.5648,朝阳市,八里堡,,33,33,38,9,9,108,66,99,91,29,13,11,7,0.5,0.6
2023-05-05T22:00:00,2223A,120.3806,41.5969,朝阳市,农业园区,,49,49,36,7,8,109,76,99,93,18,10,10,9,0.5,0.5
2023-05-05T22:00:00,2225A,124.4002,43.1713,四平市,一商场,,29,29,65,6,17,108,80,100,97,11,16,7,7,0.1,0.2
2023-05-05T22:00:00,2226A,124.388,43.193,四平市,境园,,40,40,59,7,27,104,72,97,94,9,13,9,7,0.1,0.2
2023-05-05T22:00:00,2227A,125.1358,42.8845,辽源市,环保局,,29,18,30,15,16,102,91,97,95,10,12,7,7,0.4,0.4
2023-05-05T22:00:00,2229A,125.9358,41.7173,通化市,光明,,23,15,31,13,20,77,73,74,74,7,21,11,19,0.2,0.4
2023-05-05T22:00:00,2230A,125.9446,41.7325,通化市,铁路,,23,21,27,16,18,78,72,73,73,5,19,4,11,0.2,0.5
2023-05-05T22:00:00,2231A,126.4219,41.9171,白山市,喜丰,,24,24,53,11,20,73,62,68,58,15,24,10,13,1.4,1.7
2023-05-05T22:00:00,2232A,126.4077,41.9419,白山市,环保局,,28,28,55,12,22,83,79,76,75,6,23,9,10,0.8,0.8
2023-05-05T22:00:00,2233A,124.8006,45.1214,松原市,江南,,42,42,37,12,11,108,84,104,97,10,5,5,6,0.3,0.3
2023-05-05T22:00:00,2234A,124.7965,45.1722,松原市,江北,,27,27,39,12,13,105,77,99,95,8,10,2,4,0.3,0.3
2023-05-05T22:00:00,2235A,122.7911,45.6077,白城市,洮北区环保局,,,24,16,13,8,113,78,108,101,,9,5,6,0.2,0.1
2023-05-05T22:00:00,2236A,122.8738,45.5725,白城市,市环保局,颗粒物(PM10),52,53,32,15,11,115,78,109,102,17,10,3,4,0.2,0.2
2023-05-05T22:00:00,2237A,129.47,42.8883,延边朝鲜族自治州,妇幼医院,,25,22,33,17,20,116,32,116,64,12,12,7,7,0.5,0.6
2023-05-05T22:00:00,2238A,129.5055,42.9108,延边朝鲜族自治州,延边医院,,29,29,35,15,20,115,48,115,68,12,13,7,8,0.6,0.6
2023-05-05T22:00:00,2239A,129.3964,42.8881,延边朝鲜族自治州,朝阳川镇医院,,24,24,35,10,20,116,36,107,68,10,14,8,9,0.5,0.6
2023-05-05T22:00:00,2240A,130.9762,45.3001,鸡西市,环保局,颗粒物(PM10),54,57,36,21,16,93,42,86,74,40,20,5,6,0.4,0.2
2023-05-05T22:00:00,2243A,130.9429,45.3039,鸡西市,第一中学,颗粒物(PM10),51,52,28,25,13,97,65,89,81,16,10,5,4,0.4,0.4
2023-05-05T22:00:00,2244A,130.2537,47.3416,鹤岗市,哈啤分公司,,29,22,18,15,10,93,91,91,90,6,6,9,10,0.2,0.2
2023-05-05T22:00:00,2245A,130.2684,47.3086,鹤岗市,斯达机电,,30,30,18,16,14,93,93,88,87,5,6,5,6,0.2,0.2
2023-05-05T22:00:00,2246A,130.3114,47.3388,鹤岗市,东山纸板厂,颗粒物(PM10),63,76,31,18,10,91,81,90,86,11,6,11,9,0.3,0.2
2023-05-05T22:00:00,2247A,130.1097,47.3382,鹤岗市,五号水库,,27,14,12,9,9,100,85,97,90,6,5,8,8,0.0,0
2023-05-05T22:00:00,2248A,131.1511,46.6937,双鸭山市,双合村,颗粒物(PM10),54,57,25,20,12,100,48,96,84,18,9,6,6,0.6,0.6
2023-05-05T22:00:00,2249A,131.1652,46.6191,双鸭山市,南小市,细颗粒物(PM2.5),57,56,27,40,15,103,37,98,83,29,9,5,5,0.7,0.5
2023-05-05T22:00:00,2250A,131.1524,46.6554,双鸭山市,环保局,颗粒物(PM10),69,88,24,43,20,95,29,91,78,43,8,8,6,1.1,0.4
2023-05-05T22:00:00,2251A,131.12,46.5656,双鸭山市,苗圃,,37,37,25,25,15,113,68,108,94,8,8,3,4,0.3,0.3
2023-05-05T22:00:00,2252A,128.5159,47.4311,伊春市,环保局,,23,22,15,16,10,86,52,83,76,21,9,5,5,0.4,0.3
2023-05-05T22:00:00,2253A,128.9102,47.7412,伊春市,电力嘉园,,26,26,21,15,12,101,64,99,88,13,6,5,5,0.5,0.5
2023-05-05T22:00:00,2254A,129.5029,48.471,伊春市,汤旺河国家公园,,30,25,18,21,18,112,75,98,88,3,3,5,5,0.7,0.8
2023-05-05T22:00:00,2255A,130.2751,46.8028,佳木斯市,佳纺,,30,30,23,16,12,98,73,94,78,12,9,2,3,0.4,0.3
2023-05-05T22:00:00,2256A,130.3995,46.8307,佳木斯市,发电厂,,26,26,20,12,9,94,75,91,80,6,6,6,6,0.4,0.4
2023-05-05T22:00:00,2257A,130.3258,46.7975,佳木斯市,环保局,,27,27,23,14,12,90,63,84,67,25,15,4,3,0.4,0.3
2023-05-05T22:00:00,2258A,130.3648,46.8032,佳木斯市,十一中,,29,29,23,20,13,89,77,87,77,11,9,5,6,0.4,0.3
2023-05-05T22:00:00,2259A,130.3794,46.7588,佳木斯市,四丰,臭氧1小时,108,28,15,13,10,225,215,215,215,27,11,1,1,0.4,0.2
2023-05-05T22:00:00,2262A,131.0518,45.8751,七台河市,新一中,,28,24,21,15,15,108,89,101,97,6,8,6,7,0.7,0.7
2023-05-05T22:00:00,2263A,127.4833,50.2524,黑河市,交通局,,44,44,20,23,11,104,42,96,82,27,10,5,5,0.5,0.4
2023-05-05T22:00:00,2264A,127.5144,50.2341,黑河市,环保局,颗粒物(PM10),57,64,32,34,23,106,51,97,80,30,14,6,5,0.6,0.4
2023-05-05T22:00:00,2265A,127.5291,50.2472,黑河市,大黑河岛,,44,44,21,23,18,120,67,116,100,8,5,1,4,0.4,0.3
2023-05-05T22:00:00,2266A,126.9785,46.6365,绥化市,人和东街,,26,24,21,10,9,102,81,98,92,6,8,5,6,0.3,0.3
2023-05-05T22:00:00,2267A,126.964,46.6528,绥化市,党政办公中心,,29,19,17,10,12,113,92,108,103,2,4,5,5,0.3,0.3
2023-05-05T22:00:00,2269A,124.1069,50.4097,大兴安岭地区,科技局,,24,20,12,10,9,112,75,109,98,7,5,6,5,0.1,0.1
2023-05-05T22:00:00,2270A,117.396,32.939,蚌埠市,工人疗养院,颗粒物(PM10),51,52,39,29,21,64,51,54,52,20,18,6,6,0.5,0.6
2023-05-05T22:00:00,2271A,117.3605,32.9427,蚌埠市,百货大楼,,46,32,29,32,28,66,51,56,52,10,9,2,3,0.5,0.5
2023-05-05T22:00:00,2273A,117.4185,32.8911,蚌埠市,蚌埠学院,,41,41,31,22,21,69,52,58,55,11,8,4,5,0.5,0.6
2023-05-05T22:00:00,2274A,117.3533,32.9673,蚌埠市,淮上区政府,,39,36,35,27,21,65,45,55,50,6,4,5,5,0.4,0.5
2023-05-05T22:00:00,2275A,117.3145,32.8977,蚌埠市,高新区,,41,41,34,27,27,58,44,51,48,18,15,5,5,0.6,0.7
2023-05-05T22:00:00,2277A,116.8305,32.7727,淮南市,潘集区政府,,39,39,30,21,23,58,46,53,51,16,6,4,4,0.2,0.3
2023-05-05T22:00:00,2278A,117.0067,32.6524,淮南市,师范学院,,44,44,39,18,23,50,45,45,44,12,9,4,5,0.3,0.3
2023-05-05T22:00:00,2279A,116.8569,32.5951,淮南市,谢家集区政府,,34,34,28,11,15,65,56,54,52,13,11,6,4,0.3,0.3
2023-05-05T22:00:00,2280A,116.8281,32.633,淮南市,八公山区政府,,40,40,43,23,28,55,47,46,45,8,5,5,4,0.3,0.3
2023-05-05T22:00:00,2281A,116.6325,32.6201,淮南市,焦岗湖风景区管理处,,,,,,,,,,,,,,,,
2023-05-05T22:00:00,2282A,116.8004,33.975,淮北市,监测站,,28,28,18,9,15,74,60,68,68,16,7,2,2,0.6,0.5
2023-05-05T22:00:00,2283A,116.8091,33.9007,淮北市,烈山区政府,,30,30,20,9,17,76,68,71,71,11,8,4,4,0.6,0.6
2023-05-05T22:00:00,2284A,116.7856,33.9477,淮北市,职业技术学院,,30,30,21,10,16,74,62,69,69,14,7,5,5,0.7,0.6
2023-05-05T22:00:00,2285A,117.8177,30.9412,铜陵市,市第四中学,,34,34,25,22,19,101,33,101,59,29,16,3,5,0.4,0.5
2023-05-05T22:00:00,2286A,117.8059,30.9273,铜陵市,市公路局,,43,43,27,24,8,101,42,101,66,21,12,6,6,0.7,0.7
2023-05-05T22:00:00,2287A,117.7807,30.9413,铜陵市,市新民污水厂,,46,46,26,18,12,100,54,100,70,10,17,9,8,0.5,0.5
2023-05-05T22:00:00,2288A,117.7439,30.8792,铜陵市,市第九中学,,33,33,25,19,10,82,43,80,61,24,28,10,11,0.6,0.6
2023-05-05T22:00:00,2289A,117.846,30.9413,铜陵市,车站新区,,34,34,25,23,11,87,47,87,63,10,14,4,5,0.5,0.6
2023-05-05T22:00:00,2290A,117.8483,30.97,铜陵市,市职教基地,,36,36,17,17,9,93,47,93,63,9,11,2,2,0.4,0.4
2023-05-05T22:00:00,2291A,117.0809,30.5177,安庆市,环科院,,26,19,13,18,11,100,64,98,67,8,18,6,6,0.5,0.5
2023-05-05T22:00:00,2292A,117.0331,30.5119,安庆市,马山宾馆,,30,19,15,21,12,92,62,92,66,10,19,6,7,0.6,0.6
2023-05-05T22:00:00,2294A,116.9896,30.6145,安庆市,安庆大学,,30,19,12,21,11,96,62,94,61,4,9,7,8,0.5,0.4
2023-05-05T22:00:00,2295A,118.2903,29.6963,黄山市,延安路89号,,25,24,18,17,8,94,55,91,80,9,6,5,4,0.6,0.3
2023-05-05T22:00:00,2296A,118.327,29.7178,黄山市,黄山东路89号,,17,17,14,7,5,90,49,88,74,9,7,4,4,0.8,0.6
2023-05-05T22:00:00,2297A,118.1371,30.2756,黄山市,黄山区政府5号楼,,27,27,16,16,7,77,29,65,48,9,8,6,6,0.9,0.7
2023-05-05T22:00:00,2298A,118.3093,32.3153,滁州市,老年大学,,42,39,29,29,16,54,49,51,51,11,10,6,7,0.4,0.5
2023-05-05T22:00:00,2299A,118.3244,32.2786,滁州市,人大宾馆,,48,36,18,33,20,62,52,57,56,15,17,5,5,0.6,0.6
2023-05-05T22:00:00,2301A,115.8277,32.8929,阜阳市,市监测站,,21,21,20,11,11,64,57,62,61,15,11,5,5,0.6,0.6
2023-05-05T22:00:00,2303A,115.8554,32.8605,阜阳市,开发区,,37,37,22,9,7,69,60,67,66,14,10,6,6,0.5,0.5
2023-05-05T22:00:00,2307A,116.5079,31.737,六安市,监测大楼,,28,28,21,16,10,63,56,60,60,4,4,3,3,0.3,0.4
2023-05-05T22:00:00,2308A,116.4738,31.7643,六安市,皖西学院,,22,21,24,15,10,66,57,62,62,6,5,4,4,0.3,0.4
2023-05-05T22:00:00,2309A,116.4996,31.7905,六安市,朝阳厂,,31,31,17,14,10,68,53,62,62,5,4,4,4,0.3,0.5
2023-05-05T22:00:00,2310A,116.5567,31.7886,六安市,开发区,,43,43,28,22,17,66,45,58,57,17,8,8,5,0.3,0.5
2023-05-05T22:00:00,2311A,115.8072,33.8399,亳州市,污水处理厂,,24,24,20,16,15,78,73,75,75,6,5,4,3,0.6,0.5
2023-05-05T22:00:00,2312A,115.7789,33.8518,亳州市,三国揽胜宫,,23,23,17,12,14,73,68,70,70,8,7,4,3,0.6,0.5
2023-05-05T22:00:00,2314A,117.47,30.6618,池州市,池州学院,,36,32,18,25,12,104,48,104,63,14,8,5,4,0.5,0.5
2023-05-05T22:00:00,2316A,118.7581,30.9454,宣城市,鳌峰子站,,36,29,19,25,14,77,59,72,71,7,12,5,4,0.8,0.6
2023-05-05T22:00:00,2317A,118.7385,30.9743,宣城市,敬亭山子站,,43,27,18,30,16,79,51,69,67,16,13,8,6,0.7,0.5
2023-05-05T22:00:00,2318A,118.7173,30.9427,宣城市,开发区子站,,36,29,19,25,15,79,51,71,69,17,13,10,6,0.7,0.6
2023-05-05T22:00:00,2319A,119.0141,25.4325,莆田市,荔城区仓后路,,36,36,30,14,12,78,23,68,52,22,10,6,6,0.7,0.5
2023-05-05T22:00:00,2320A,119.0015,25.4553,莆田市,莆田市监测站,,33,33,30,12,12,83,26,74,58,13,8,5,6,0.4,0.4
2023-05-05T22:00:00,2321A,119.1119,25.4561,莆田市,涵江区六中,,38,38,32,18,17,78,20,64,47,25,12,8,8,0.5,0.5
2023-05-05T22:00:00,2322A,119.1013,25.3215,莆田市,秀屿区政府,,24,24,28,5,9,69,31,57,48,22,7,8,6,0.7,0.6
2023-05-05T22:00:00,2323A,118.981,25.4792,莆田市,东圳水库,,,,,,,,,,,,,,,,
2023-05-05T22:00:00,2324A,117.6211,26.2625,三明市,三钢,颗粒物(PM10),54,58,36,22,19,77,32,69,58,32,23,12,12,0.5,0.7
2023-05-05T22:00:00,2325A,117.635,26.2714,三明市,三明二中,,,41,31,19,17,79,,72,68,27,20,8,8,0.7,0.7
2023-05-05T22:00:00,2326A,117.6028,26.2378,三明市,三元区政府,颗粒物(PM10),51,52,37,25,22,83,17,75,58,29,17,7,9,0.7,0.6
2023-05-05T22:00:00,2327A,117.7275,26.3108,三明市,洋溪,,,43,35,20,20,,,,,29,23,16,11,,
2023-05-05T22:00:00,2331A,118.0966,26.6761,南平市,茫荡山,,,,,10,10,,,,,2,2,5,6,,
2023-05-05T22:00:00,2332A,118.1681,26.6369,南平市,南平市监测站,,25,25,20,13,13,81,24,68,55,16,16,5,3,0.6,0.7
2023-05-05T22:00:00,2333A,118.1825,26.6489,南平市,南平铝业有限公司,颗粒物(PM10),84,118,28,16,15,81,21,71,56,20,14,6,6,0.7,0.6
2023-05-05T22:00:00,2334A,118.1756,26.6272,南平市,南平七中,,27,27,21,14,11,78,19,62,53,17,16,5,4,0.4,0.3
2023-05-05T22:00:00,2335A,117.0189,25.1181,龙岩市,龙岩师专,,,38,24,16,13,,,,,19,6,2,4,,
2023-05-05T22:00:00,2336A,117.0217,25.1033,龙岩市,龙岩市监测站,,34,34,20,18,12,69,12,59,48,26,11,6,8,0.6,0.4
2023-05-05T22:00:00,2337A,117.0258,25.0661,龙岩市,闽西职业技术学院,,44,44,26,14,8,68,2,54,37,35,12,42,11,0.4,0.3
2023-05-05T22:00:00,2338A,117.0196,25.0306,龙岩市,龙岩学院,,26,20,19,18,10,71,24,57,50,17,9,4,4,0.3,0.2
2023-05-05T22:00:00,2339A,119.5001,26.6946,宁德市,金涵水库,,,15,26,7,9,,,,,13,13,1,1,,
2023-05-05T22:00:00,2341A,119.5388,26.6612,宁德市,宁德市监测站,,28,28,30,16,12,85,20,77,64,37,16,3,4,0.5,0.5
2023-05-05T22:00:00,2342A,117.3102,29.3867,景德镇市,王港中学,,33,27,13,23,13,80,69,76,75,5,5,14,6,0.4,0.3
2023-05-05T22:00:00,2343A,117.2117,29.2933,景德镇市,老干部活动中心,,37,37,45,21,17,98,45,93,78,9,11,6,6,0.4,0.3
2023-05-05T22:00:00,2344A,117.1894,29.2789,景德镇市,兽医站,,33,26,17,23,12,109,43,101,84,10,14,10,9,0.4,0.4
2023-05-05T22:00:00,2345A,117.1547,29.2617,景德镇市,台达陶瓷,,38,38,24,26,15,95,36,88,76,29,20,28,44,0.6,0.5
2023-05-05T22:00:00,2346A,117.2461,29.2956,景德镇市,陶研所,,36,36,26,3,7,104,56,95,85,4,4,6,6,0.4,0.3
2023-05-05T22:00:00,2347A,114.0997,27.5002,萍乡市,武功山,,16,15,9,11,7,62,10,40,18,4,5,23,22,0.5,0.8
2023-05-05T22:00:00,2348A,113.8385,27.6434,萍乡市,中医院,,46,38,34,32,23,112,38,86,73,11,13,6,14,0.7,0.9
2023-05-05T22:00:00,2349A,113.8493,27.6253,萍乡市,市政府车库,,36,18,36,25,21,102,36,81,66,10,11,12,19,0.7,0.7
2023-05-05T22:00:00,2350A,113.8676,27.6435,萍乡市,市环保局,,41,41,37,26,23,108,37,83,68,15,13,13,19,0.6,0.7
2023-05-05T22:00:00,2351A,113.866,27.6198,萍乡市,安源区政府,,43,43,33,21,21,84,40,68,60,17,13,15,19,0.6,0.7
2023-05-05T22:00:00,2352A,115.0861,27.9317,新余市,北岗,,27,5,16,5,13,94,84,85,82,3,10,3,7,0.5,0.7
2023-05-05T22:00:00,2353A,114.9886,27.8431,新余市,飞宇,,30,22,43,9,18,117,96,100,96,11,17,4,4,0.6,0.8
2023-05-05T22:00:00,2354A,114.9231,27.8246,新余市,第二水厂,,28,14,40,5,18,102,89,84,83,9,12,5,6,0.3,0.5
2023-05-05T22:00:00,2355A,114.9308,27.8036,新余市,市气象局,,,,60,9,30,106,89,90,90,8,13,6,12,0.3,0.9
2023-05-05T22:00:00,2357A,116.9822,28.1136,鹰潭市,龙虎山,,23,13,34,10,8,118,71,104,89,1,2,1,2,0.6,0.6
2023-05-05T22:00:00,2358A,117.0564,28.2642,鹰潭市,新监测站,,26,26,35,18,10,114,68,104,90,6,6,1,2,0.5,0.4
2023-05-05T22:00:00,2359A,117.0311,28.2475,鹰潭市,财苑宾馆,,25,18,36,9,7,117,78,106,98,5,7,5,6,0.5,0.4
2023-05-05T22:00:00,2360A,117.0222,28.2264,鹰潭市,体育馆,,23,17,19,15,9,116,71,111,96,12,9,4,3,0.5,0.3
2023-05-05T22:00:00,2361A,117.0017,28.2131,鹰潭市,三川水表,,20,20,20,8,4,113,64,109,90,14,7,2,2,0.5,0.5
2023-05-05T22:00:00,2362A,114.9017,25.9149,赣州市,通天岩,,35,34,32,24,17,80,44,72,63,26,15,28,9,1.6,1.5
2023-05-05T22:00:00,2363A,114.9367,25.8664,赣州市,地委,,40,36,32,28,17,92,58,92,56,6,10,16,12,1.2,1.2
2023-05-05T22:00:00,2364A,114.9461,25.8481,赣州市,气象台,,33,33,27,15,14,91,73,90,70,8,8,6,6,0.7,0.6
2023-05-05T22:00:00,2365A,114.9322,25.8333,赣州市,市图书馆,,37,37,30,17,14,88,54,88,51,15,12,4,5,1.0,1
2023-05-05T22:00:00,2366A,114.8905,25.8471,赣州市,华坚鞋城,颗粒物(PM10),52,53,41,31,16,73,44,68,56,15,7,6,12,0.7,0.6
2023-05-05T22:00:00,2367A,114.9754,27.0803,吉安市,红声器材厂,,49,49,39,30,22,97,50,82,54,9,11,10,9,0.5,0.5
2023-05-05T22:00:00,2368A,114.9658,27.0999,吉安市,市森林工业局,,49,49,38,31,21,95,39,80,47,13,9,10,8,0.6,0.6
2023-05-05T22:00:00,2369A,114.99,27.1312,吉安市,市环境监测站,,39,39,35,20,18,104,42,83,49,12,11,10,10,0.5,0.4
2023-05-05T22:00:00,2370A,115.0093,27.0968,吉安市,青原区法院,颗粒物(PM10),51,51,38,33,23,103,61,86,56,11,12,12,11,0.5,0.6
2023-05-05T22:00:00,2371A,114.3408,27.8064,宜春市,槟榔水业,,20,18,30,14,20,41,8,29,17,6,8,9,8,0.8,0.7
2023-05-05T22:00:00,2373A,114.3956,27.7844,宜春市,市石油公司,,26,26,33,13,21,110,61,90,79,12,12,1,3,0.8,0.6
2023-05-05T22:00:00,2374A,114.3703,27.7914,宜春市,市气象局,,29,21,34,20,23,114,71,96,87,16,16,3,6,0.8,0.7
2023-05-05T22:00:00,2375A,114.4013,27.8074,宜春市,市广电局,,28,28,35,18,24,108,64,92,82,11,10,6,7,0.4,0.5
2023-05-05T22:00:00,2376A,116.2127,28.0814,抚州市,桐源党溪,,27,17,28,13,10,128,85,113,105,5,3,3,4,0.5,0.5
2023-05-05T22:00:00,2377A,116.3544,27.9831,抚州市,市站,,28,25,24,15,11,102,87,97,90,6,6,2,2,0.9,0.6
2023-05-05T22:00:00,2378A,116.3565,27.963,抚州市,血防站,,32,32,26,18,10,106,85,95,88,7,6,4,4,0.7,0.7
2023-05-05T22:00:00,2379A,116.3564,28.0007,抚州市,采茶剧团,,28,23,21,17,11,102,89,98,92,8,8,6,6,0.6,0.7
2023-05-05T22:00:00,2380A,116.385,27.9647,抚州市,医学分院,,29,17,19,10,8,100,92,89,86,7,8,4,5,0.5,0.5
2023-05-05T22:00:00,2381A,118.005,28.4572,上饶市,百草园,,23,23,24,2,11,110,55,92,66,6,9,9,16,0.8,0.9
2023-05-05T22:00:00,2382A,117.9756,28.4436,上饶市,市监测站,,31,31,26,14,13,110,40,97,72,19,18,7,15,0.5,0.5
2023-05-05T22:00:00,2383A,117.9519,28.4628,上饶市,凤凰光学,,34,34,39,15,14,111,44,96,74,18,16,12,15,0.6,0.6
2023-05-05T22:00:00,2385A,114.17,35.9019,鹤壁市,市监测站,,41,41,39,25,19,98,80,93,89,14,17,7,6,0.5,0.9
2023-05-05T22:00:00,2386A,114.2956,35.7511,鹤壁市,市交警支队,,46,33,26,32,22,94,69,88,80,15,17,3,3,0.7,0.8
2023-05-05T22:00:00,2387A,114.2878,35.7306,鹤壁市,迎宾馆,,38,31,21,26,23,99,71,92,84,13,16,6,8,0.8,0.9
2023-05-05T22:00:00,2389A,113.836,35.311,新乡市,环保西院,,30,30,38,7,13,105,72,94,90,10,12,3,5,0.6,0.7
2023-05-05T22:00:00,2390A,113.884,35.272,新乡市,开发区,,28,28,38,7,13,108,74,98,93,9,10,6,8,0.5,0.6
2023-05-05T22:00:00,2391A,113.883,35.303,新乡市,环保东院,,32,32,40,19,20,113,76,102,96,14,14,2,3,0.2,0.3
2023-05-05T22:00:00,2392A,115.0312,35.7636,濮阳市,环保局,,28,23,16,12,13,90,87,86,82,9,8,6,6,0.3,0.4
2023-05-05T22:00:00,2394A,115.0574,35.7609,濮阳市,油田运输公司,,37,37,20,14,16,100,92,90,87,7,6,9,9,0.3,0.5
2023-05-05T22:00:00,2395A,115.0866,35.7754,濮阳市,油田物探公司,,,28,18,15,17,95,,85,82,9,8,5,5,0.3,0.4
2023-05-05T22:00:00,2396A,113.8276,34.0159,许昌市,监测站,,,,27,9,13,105,,95,94,13,12,5,5,,0.9
2023-05-05T22:00:00,2398A,113.7906,33.9953,许昌市,开发区,,28,28,29,7,8,111,80,101,98,9,8,2,3,0.6,0.7
2023-05-05T22:00:00,2399A,114.051,33.5699,漯河市,三五一五工厂,,26,17,24,12,17,104,82,95,91,6,5,12,8,0.6,0.6
2023-05-05T22:00:00,2400A,114.0055,33.5698,漯河市,漯河大学,,27,22,25,12,15,107,84,98,94,4,4,8,9,0.5,0.6
2023-05-05T22:00:00,2401A,114.0138,33.5828,漯河市,市水利局,,25,19,26,12,16,104,80,95,92,8,7,7,8,0.5,0.6
2023-05-05T22:00:00,2402A,114.0261,33.5698,漯河市,市广电局,,27,22,24,8,14,108,84,95,91,8,7,7,7,0.6,0.6
2023-05-05T22:00:00,2404A,112.5224,33.0122,南阳市,瓦房庄,,48,48,40,14,15,92,74,81,81,15,15,6,6,0.6,0.7
2023-05-05T22:00:00,2405A,112.5003,32.9735,南阳市,汉画馆,,48,48,42,26,23,96,79,85,84,8,6,6,6,0.9,0.9
2023-05-05T22:00:00,2406A,112.5573,33.027,南阳市,气象站,,35,32,22,24,20,98,71,86,84,15,12,3,3,0.6,0.7
2023-05-05T22:00:00,2407A,112.5481,32.9689,南阳市,理工学院,,41,41,31,26,24,101,75,89,84,13,10,4,4,0.7,0.8
2023-05-05T22:00:00,2408A,115.6702,34.4285,商丘市,环境监测站,,32,32,15,10,10,80,68,74,73,12,8,8,8,0.5,0.5
2023-05-05T22:00:00,2409A,115.6458,34.4045,商丘市,粮食局,,29,29,16,9,9,79,69,76,75,14,8,6,6,0.7,0.7
2023-05-05T22:00:00,2410A,115.6293,34.3948,商丘市,睢阳区环保局,,27,27,17,10,7,85,73,78,78,12,6,3,2,0.6,0.6
2023-05-05T22:00:00,2420A,114.0189,32.9656,驻马店市,市一纸厂,,29,25,23,20,18,105,77,92,88,8,6,2,2,0.4,0.5
2023-05-05T22:00:00,2421A,114.0114,33.015,驻马店市,市彩印厂,,26,26,27,15,17,101,72,89,85,5,4,3,3,0.3,0.4
2023-05-05T22:00:00,2422A,113.9976,32.9771,驻马店市,天方二分厂,,26,12,23,18,22,100,78,89,86,5,4,6,6,0.4,0.6
2023-05-05T22:00:00,2423A,115.0601,30.2313,黄石市,沈家营,,23,23,23,8,8,101,56,91,82,10,8,6,6,0.3,0.4
2023-05-05T22:00:00,2424A,115.0817,30.2006,黄石市,陈家湾,,22,22,23,8,9,107,64,98,88,9,6,4,4,0.3,0.5
2023-05-05T22:00:00,2426A,114.8988,30.2019,黄石市,铁山,,29,29,26,10,11,104,60,94,85,11,8,4,5,0.8,0.8
2023-05-05T22:00:00,2427A,115.0307,30.2092,黄石市,团城山,,24,24,21,16,6,107,63,97,88,9,6,6,6,0.6,0.7
2023-05-05T22:00:00,2428A,111.0419,32.395,十堰市,武当山,,29,20,30,15,15,91,90,85,85,7,7,7,7,1.1,1
2023-05-05T22:00:00,2429A,110.78,32.6494,十堰市,滨河新村,,37,37,39,23,18,95,76,89,87,4,6,4,4,0.6,0.5
2023-05-05T22:00:00,2430A,110.7258,32.6389,十堰市,刘家沟,细颗粒物(PM2.5),54,37,40,38,19,117,88,104,98,6,7,5,6,1.0,0.9
2023-05-05T22:00:00,2431A,110.8839,32.5714,十堰市,铁二处,,36,36,33,20,12,108,81,102,98,10,7,6,7,1.1,1
2023-05-05T22:00:00,2432A,112.155,32.0197,襄阳市,襄城运动路,颗粒物(PM10),56,61,49,28,42,129,81,111,94,12,12,7,7,0.8,1
2023-05-05T22:00:00,2433A,112.1392,32.0564,襄阳市,樊城新华路,颗粒物(PM10),54,57,53,24,28,128,81,108,93,9,10,6,6,0.8,1
2023-05-05T22:00:00,2434A,112.1825,32.1142,襄阳市,高新管委会,颗粒物(PM10),59,67,58,34,56,115,66,100,86,14,13,7,7,0.8,0.9
2023-05-05T22:00:00,2435A,112.2106,32.0903,襄阳市,襄州航空路,颗粒物(PM10),54,58,58,18,24,110,68,94,81,13,13,6,7,0.9,1
2023-05-05T22:00:00,2436A,114.8938,30.3994,鄂州市,市政府,,20,16,18,6,7,97,63,85,78,12,10,9,9,0.4,0.6
2023-05-05T22:00:00,2437A,114.8989,30.3714,鄂州市,赵家坝,,23,23,16,11,8,103,70,96,88,9,7,7,8,0.5,0.7
2023-05-05T22:00:00,2439A,112.2014,31.0481,荆门市,竹园小学,颗粒物(PM10),53,56,41,32,35,124,80,114,101,13,12,8,9,0.8,0.8
2023-05-05T22:00:00,2440A,112.1969,30.9891,荆门市,掇刀,,40,40,39,26,31,117,83,106,95,10,11,9,9,0.7,0.8
2023-05-05T22:00:00,2441A,112.2213,31.0386,荆门市,石化一小,颗粒物(PM10),51,51,36,20,18,122,76,112,100,14,9,8,7,0.7,0.7
2023-05-05T22:00:00,2443A,113.9153,30.9285,孝感市,文化路,,32,32,23,19,16,102,65,95,85,12,5,8,8,0.7,0.8
2023-05-05T22:00:00,2444A,113.942,30.9075,孝感市,东城区,,37,37,19,17,17,101,63,95,84,10,8,9,8,0.7,0.8
2023-05-05T22:00:00,2446A,114.9028,30.4742,黄冈市,职工中心,,24,23,21,13,14,101,74,96,89,2,3,3,4,0.5,0.7
2023-05-05T22:00:00,2447A,114.3175,29.8142,咸宁市,森林公园,,26,24,27,8,7,119,83,113,106,2,2,4,4,0.5,0.6
2023-05-05T22:00:00,2448A,114.3107,29.8454,咸宁市,市发改委,,38,28,24,26,19,130,80,120,113,8,6,4,3,0.3,0.4
2023-05-05T22:00:00,2449A,114.2936,29.8566,咸宁市,咸安区政府,,23,20,21,13,14,129,72,115,104,12,11,5,4,0.5,0.6
2023-05-05T22:00:00,2451A,113.3583,31.7275,随州市,市委党校,,29,29,34,16,23,83,74,77,76,4,5,5,5,0.5,0.6
2023-05-05T22:00:00,2452A,113.3833,31.6908,随州市,市林业局,,26,26,30,18,23,87,77,82,81,7,9,5,5,0.5,0.6
2023-05-05T22:00:00,2453A,113.3983,31.7308,随州市,市立交桥水厂,,26,25,27,18,21,88,75,82,79,10,11,4,4,0.6,0.7
2023-05-05T22:00:00,2454A,109.4978,30.2981,恩施土家族苗族自治州,湖北民院,,22,22,34,11,9,70,30,49,46,13,10,8,8,0.8,0.8
2023-05-05T22:00:00,2455A,109.4707,30.2798,恩施土家族苗族自治州,州电力总公司,,23,12,29,16,20,54,26,41,38,18,14,7,8,0.8,0.9
2023-05-05T22:00:00,2456A,112.5003,26.9167,衡阳市,原169医院,,40,40,40,25,25,81,57,69,68,12,12,3,13,0.5,0.6
2023-05-05T22:00:00,2457A,112.6194,26.9258,衡阳市,衡阳化工总厂,颗粒物(PM10),52,53,44,33,27,94,53,83,77,16,12,15,16,0.7,0.6
2023-05-05T22:00:00,2458A,112.6211,26.8956,衡阳市,珠晖区环保局,,,51,37,,19,94,54,83,79,24,13,23,15,0.8,0.6
2023-05-05T22:00:00,2459A,112.6197,26.8733,衡阳市,市委党校,,,42,38,,,102,81,93,92,10,8,13,10,0.8,0.8
2023-05-05T22:00:00,2460A,112.6006,26.8919,衡阳市,市监测站,,48,48,37,26,26,101,51,90,84,20,11,11,21,0.8,0.7
2023-05-05T22:00:00,2461A,112.5664,26.9056,衡阳市,真空机电公司,细颗粒物(PM2.5),60,62,43,43,28,96,47,83,76,18,13,7,18,0.9,1
2023-05-05T22:00:00,2462A,111.5239,27.3033,邵阳市,市水土所,,33,8,29,23,14,69,64,60,60,6,7,3,3,0.7,0.6
2023-05-05T22:00:00,2463A,111.4733,27.2317,邵阳市,市一中,,19,13,41,9,21,68,60,61,60,8,14,6,12,0.5,0.5
2023-05-05T22:00:00,2464A,111.5283,27.2442,邵阳市,市化工厂,,23,22,40,16,24,65,55,58,58,9,14,16,14,0.7,0.7
2023-05-05T22:00:00,2465A,111.4503,27.2537,邵阳市,市罐头厂,,,,34,16,26,71,63,62,62,8,11,2,5,0.5,0.4
2023-05-05T22:00:00,2466A,111.4328,27.2272,邵阳市,市环保局,,19,11,36,5,29,70,59,62,61,12,12,2,7,0.5,0.5
2023-05-05T22:00:00,2467A,112.4067,28.6428,益阳市,甘溪港,,26,26,17,7,6,99,68,85,84,8,7,3,4,0.8,0.7
2023-05-05T22:00:00,2468A,112.3458,28.5808,益阳市,市环保局,细颗粒物(PM2.5),57,36,28,40,16,97,71,83,83,5,4,6,6,0.9,0.8
2023-05-05T22:00:00,2469A,112.3437,28.5531,益阳市,市特殊教育学校,颗粒物(PM10),51,52,30,34,18,94,71,82,82,13,8,5,5,0.9,0.8
2023-05-05T22:00:00,2470A,112.3347,28.6047,益阳市,资阳区政务中心,,49,47,28,34,18,89,64,76,76,9,7,5,5,1.0,0.8
2023-05-05T22:00:00,2471A,112.3744,28.5819,益阳市,赫山环保分局,,40,33,21,28,12,96,73,81,81,5,5,4,5,1.0,0.9
2023-05-05T22:00:00,2472A,113.0073,25.9061,郴州市,马头岭,,27,27,32,6,14,98,66,96,64,14,16,4,7,0.4,0.5
2023-05-05T22:00:00,2473A,113.0116,25.8226,郴州市,市职中,,25,20,25,17,19,100,67,98,62,10,9,4,10,0.4,0.4
2023-05-05T22:00:00,2474A,113.0161,25.8001,郴州市,兴隆步行街,,23,22,33,16,18,98,66,95,60,10,11,5,13,0.4,0.5
2023-05-05T22:00:00,2475A,113.0383,25.8071,郴州市,市审计局,,23,19,23,16,19,106,46,102,59,18,8,16,10,0.4,0.4
2023-05-05T22:00:00,2476A,113.0348,25.7759,郴州市,市环保局,,25,24,31,17,20,100,40,96,54,23,12,17,15,0.5,0.4
2023-05-05T22:00:00,2477A,111.6217,26.2081,永州市,零陵南津渡,细颗粒物(PM2.5),99,86,47,74,24,80,39,68,62,17,8,8,6,0.9,0.6
2023-05-05T22:00:00,2478A,111.6156,26.4214,永州市,市环境监测站,细颗粒物(PM2.5),72,74,50,52,27,78,44,70,66,14,12,10,8,0.7,0.6
2023-05-05T22:00:00,2479A,111.6236,26.2331,永州市,零陵区环保局,细颗粒物(PM2.5),75,93,49,55,29,91,61,77,72,19,12,18,10,0.8,0.6
2023-05-05T22:00:00,2480A,111.5992,26.4364,永州市,永州市环保局,细颗粒物(PM2.5),84,96,56,62,37,73,47,68,66,8,10,6,7,0.8,0.7
2023-05-05T22:00:00,2481A,111.5989,26.4519,永州市,冷水滩区环保局,细颗粒物(PM2.5),64,65,48,46,29,85,49,72,68,10,14,7,11,0.8,0.7
2023-05-05T22:00:00,2482A,109.5981,27.5721,怀化市,林科所,,18,3,24,7,17,85,57,83,53,4,4,4,20,0.9,0.9
2023-05-05T22:00:00,2483A,109.9453,27.5444,怀化市,河西地税局,,15,11,25,9,17,78,47,77,41,6,9,9,5,0.8,0.7
2023-05-05T22:00:00,2484A,109.9781,27.5342,怀化市,市四医院,,14,9,29,7,19,76,42,72,45,5,5,5,12,0.8,0.7
2023-05-05T22:00:00,2485A,109.9972,27.5578,怀化市,监测楼,,16,7,27,2,15,80,50,72,49,4,5,2,7,0.7,0.7
2023-05-05T22:00:00,2486A,110.0394,27.583,怀化市,市委党校,,35,21,40,24,31,80,52,54,47,5,6,5,24,0.8,0.7
2023-05-05T22:00:00,2487A,111.9589,27.8901,娄底市,电视发射台,,,17,22,,17,81,52,72,58,4,4,3,3,0.9,0.9
2023-05-05T22:00:00,2488A,111.9975,27.725,娄底市,市监测站,,14,12,23,6,13,84,44,79,55,26,9,6,4,0.6,0.6
2023-05-05T22:00:00,2489A,112.0194,27.7314,娄底市,市委党校,,20,14,21,6,13,72,61,70,53,7,8,5,4,0.7,0.6
2023-05-05T22:00:00,2490A,111.9561,27.7569,娄底市,涟钢,,26,25,31,18,18,89,33,89,47,21,17,13,12,0.7,1
2023-05-05T22:00:00,2491A,111.9892,27.7044,娄底市,市政府,,20,9,22,8,16,82,61,75,63,12,9,5,7,0.6,0.7
2023-05-05T22:00:00,2492A,109.6414,28.2558,湘西州,跃进水库,,9,9,14,4,10,57,23,40,35,3,3,2,2,0.9,0.8
2023-05-05T22:00:00,2493A,109.7325,28.3169,湘西州,州政府,,15,14,18,10,13,83,35,76,56,12,8,6,6,0.9,0.9
2023-05-05T22:00:00,2494A,109.6958,28.2675,湘西州,吉首市计生局,,15,12,14,9,10,79,48,76,58,13,9,6,6,0.9,0.6
2023-05-05T22:00:00,2495A,111.3014,23.4832,梧州市,市逸夫小学,,42,42,40,22,21,71,27,62,55,23,17,7,8,0.7,0.7
2023-05-05T22:00:00,2496A,111.3239,23.4794,梧州市,市十一中,,47,47,39,24,18,84,36,74,68,29,23,5,5,0.6,0.5
2023-05-05T22:00:00,2497A,111.247,23.4189,梧州市,龙圩,,44,44,41,16,19,71,51,63,58,10,18,6,6,0.8,0.7
2023-05-05T22:00:00,2498A,111.2711,23.4835,梧州市,龙新,,37,37,43,19,22,78,48,69,64,13,20,5,5,0.6,0.5
2023-05-05T22:00:00,2499A,108.3411,21.6158,防城港市,沙万,,40,40,37,16,15,58,49,52,52,16,17,4,5,0.7,0.6
2023-05-05T22:00:00,2500A,108.3514,21.7731,防城港市,防城档案局,颗粒物(PM10),51,51,38,16,17,71,50,62,62,9,7,6,8,0.5,0.5
2023-05-05T22:00:00,2501A,108.3506,21.6414,防城港市,大海花园,,30,30,42,14,14,60,55,57,57,8,11,6,7,0.5,0.4
2023-05-05T22:00:00,2502A,108.6236,21.9667,钦州市,市环保站,,41,41,34,12,12,77,68,70,70,7,12,5,7,0.5,0.6
2023-05-05T22:00:00,2503A,108.6549,21.9481,钦州市,沙埠小学,,39,39,39,21,17,79,49,72,68,24,14,7,8,0.5,0.5
2023-05-05T22:00:00,2504A,108.5989,21.7431,钦州市,港区一小,,46,46,45,18,16,70,69,58,58,7,15,6,8,0.5,0.5
2023-05-05T22:00:00,2505A,109.568,23.1478,贵港市,德智高中,颗粒物(PM10),52,53,51,28,24,96,72,88,87,34,25,5,5,0.6,0.5
2023-05-05T22:00:00,2506A,109.6047,23.0666,贵港市,江南子站,,45,45,60,29,32,120,97,108,108,12,20,5,6,0.6,0.6
2023-05-05T22:00:00,2507A,109.6014,23.0948,贵港市,贵城子站,,42,38,48,29,30,121,101,113,113,12,20,7,8,0.6,0.7
2023-05-05T22:00:00,2508A,109.5669,23.1065,贵港市,荷城子站,颗粒物(PM10),52,53,49,24,26,110,91,106,105,16,17,9,10,0.8,0.8
2023-05-05T22:00:00,2509A,110.1106,22.7019,玉林市,寒山水库,,,,,,,,,,,,,,,,
2023-05-05T22:00:00,2510A,110.1675,22.6411,玉林市,市监测站,,49,49,39,28,25,96,61,85,81,6,6,13,14,0.5,0.5
2023-05-05T22:00:00,2511A,110.1433,22.6164,玉林市,南江一中,颗粒物(PM10),61,71,58,27,23,90,48,83,77,16,10,62,26,0.6,0.5
2023-05-05T22:00:00,2512A,106.6103,23.9011,百色市,市监测站,,44,44,54,28,31,158,101,146,132,16,12,19,17,0.7,0.7
2023-05-05T22:00:00,2513A,106.6538,23.8859,百色市,市中心血站,,32,20,55,19,32,149,100,137,126,10,11,10,17,0.7,0.8
2023-05-05T22:00:00,2514A,111.5264,24.4172,贺州市,环保小区,颗粒物(PM10),51,52,42,25,24,58,37,50,48,22,19,6,6,0.6,0.6
2023-05-05T22:00:00,2515A,111.5608,24.4078,贺州市,政协大楼,,49,43,35,34,24,62,27,55,50,23,15,7,8,0.6,0.6
2023-05-05T22:00:00,2516A,108.2011,24.715,河池市,东仁乐园,,43,41,39,30,25,100,80,89,89,8,9,6,12,0.4,0.4
2023-05-05T22:00:00,2517A,108.0497,24.6947,河池市,市环保站,颗粒物(PM10),52,54,43,29,27,109,80,96,96,16,12,9,9,0.7,0.6
2023-05-05T22:00:00,2518A,108.0983,24.6989,河池市,市疾控中心,,49,49,49,33,29,112,75,100,98,26,14,6,7,0.7,0.7
2023-05-05T22:00:00,2520A,109.2203,23.7256,来宾市,来宾技工学校,,,,40,,25,105,,98,96,9,9,2,10,0.7,0.6
2023-05-05T22:00:00,2521A,107.3476,22.4136,崇左市,市环保局江州分局,"颗粒物(PM10),细颗粒物(PM2.5)",65,79,53,47,34,137,120,132,132,8,10,5,5,0.7,0.5
2023-05-05T22:00:00,2522A,107.3702,22.3707,崇左市,城南新区,细颗粒物(PM2.5),83,61,56,61,37,139,130,133,133,10,13,7,6,0.7,0.5
2023-05-05T22:00:00,2523A,105.8945,32.4535,广元市,黑石坡,颗粒物(PM10),94,138,92,12,25,102,88,96,91,8,7,6,6,0.2,0.3
2023-05-05T22:00:00,2524A,105.821,32.4444,广元市,老城,,33,33,76,14,29,97,86,89,86,12,24,4,4,0.5,0.5
2023-05-05T22:00:00,2526A,105.8628,32.4287,广元市,监测站,,37,37,60,9,29,100,92,97,94,6,7,5,5,0.4,0.5
2023-05-05T22:00:00,2527A,105.5453,30.5678,遂宁市,石溪浩,颗粒物(PM10),59,67,84,22,30,126,85,118,114,7,15,7,8,0.7,0.7
2023-05-05T22:00:00,2528A,105.5582,30.5232,遂宁市,市监测站,颗粒物(PM10),62,74,69,27,34,131,86,121,112,17,22,7,7,0.4,0.4
2023-05-05T22:00:00,2529A,105.5861,30.5366,遂宁市,行政中心,颗粒物(PM10),51,51,53,34,33,126,85,117,111,13,18,5,5,0.5,0.5
2023-05-05T22:00:00,2530A,105.5918,30.4728,遂宁市,美宁食品公司,颗粒物(PM10),60,69,71,23,34,130,92,117,114,10,24,8,7,0.4,0.5
2023-05-05T22:00:00,2531A,105.0703,29.61,内江市,市监测站,颗粒物(PM10),66,82,59,42,43,129,98,119,114,23,14,6,10,0.4,0.4
2023-05-05T22:00:00,2532A,105.0717,29.5947,内江市,东兴区政府,细颗粒物(PM2.5),102,117,57,76,35,134,104,126,121,21,11,5,5,0.5,0.6
2023-05-05T22:00:00,2533A,105.0653,29.5817,内江市,内江二中,颗粒物(PM10),81,112,54,52,35,138,90,128,121,33,16,6,6,0.5,0.5
2023-05-05T22:00:00,2534A,105.0406,29.5822,内江市,内江日报社,细颗粒物(PM2.5),82,92,55,60,42,137,84,126,119,27,13,8,9,0.6,0.6
2023-05-05T22:00:00,2535A,103.7723,29.5462,乐山市,花湖湾,,47,47,38,24,28,84,50,68,42,23,23,5,5,0.7,0.6
2023-05-05T22:00:00,2536A,103.7627,29.5844,乐山市,牛耳桥,,42,42,39,17,22,90,50,72,40,28,28,6,6,0.5,0.6
2023-05-05T22:00:00,2537A,103.7508,29.6006,乐山市,市第三水厂,颗粒物(PM10),54,57,40,26,27,91,59,71,45,24,27,5,6,0.5,0.6
2023-05-05T22:00:00,2538A,103.7571,29.5664,乐山市,市监测站,,50,50,36,21,23,93,64,72,48,18,20,3,4,0.5,0.6
2023-05-05T22:00:00,2539A,104.0308,30.0478,眉山市,黑龙滩水库,,,76,47,,15,99,15,98,68,36,14,4,5,0.6,0.5
2023-05-05T22:00:00,2540A,103.8416,30.0874,眉山市,气象局,颗粒物(PM10),56,61,59,21,21,92,30,70,55,36,29,9,9,0.5,0.5
2023-05-05T22:00:00,2543A,106.6308,30.5278,广安市,小平旧居,,,,,,,,,,,,,,,,
2023-05-05T22:00:00,2544A,106.6303,30.4576,广安市,市委,,32,22,16,22,15,137,85,122,117,6,6,11,11,0.4,0.4
2023-05-05T22:00:00,2545A,106.6271,30.4663,广安市,友谊中学,,42,42,25,19,15,136,88,125,120,13,12,8,9,0.5,0.5
2023-05-05T22:00:00,2547A,106.6388,30.4551,广安市,广电花园,,27,22,15,18,17,138,86,124,117,10,10,7,7,0.5,0.6
2023-05-05T22:00:00,2548A,107.5277,31.2827,达州市,达州职业技术学院,,34,34,28,21,10,83,32,62,48,21,20,27,12,0.6,0.6
2023-05-05T22:00:00,2549A,107.5086,31.2186,达州市,市环境监测站,,22,22,24,7,7,76,43,66,62,21,27,16,9,0.4,0.4
2023-05-05T22:00:00,2550A,107.4988,31.2132,达州市,凤凰小区,,19,19,25,12,10,82,49,71,65,15,27,15,12,0.4,0.5
2023-05-05T22:00:00,2551A,107.5082,31.1986,达州市,达县机关宾馆,,29,29,26,1,6,79,26,65,56,32,30,21,13,0.4,0.5
2023-05-05T22:00:00,2552A,107.4644,31.2124,达州市,市政中心,,32,32,31,9,8,75,42,63,59,17,29,31,10,0.5,0.5
2023-05-05T22:00:00,2554A,103.0475,30.02,雅安市,建安厂,颗粒物(PM10),58,65,52,31,32,92,60,92,39,21,24,4,4,0.5,0.5
2023-05-05T22:00:00,2555A,103.0111,29.9833,雅安市,市政府,颗粒物(PM10),58,66,50,27,28,110,67,98,67,16,14,4,5,0.5,0.5
2023-05-05T22:00:00,2556A,102.9905,29.9775,雅安市,川农大,颗粒物(PM10),55,59,46,26,27,86,58,80,56,11,9,5,5,0.4,0.4
2023-05-05T22:00:00,2561A,104.6617,30.1372,资阳市,莲花山,颗粒物(PM10),76,102,63,41,32,156,101,143,138,30,13,4,4,0.6,0.6
2023-05-05T22:00:00,2562A,104.6356,30.1506,资阳市,资阳中学,颗粒物(PM10),82,113,64,42,30,148,92,138,132,38,15,10,10,0.5,0.4
2023-05-05T22:00:00,2563A,104.6295,30.1383,资阳市,四三一厂,颗粒物(PM10),90,130,70,42,30,150,92,135,129,40,18,7,5,0.6,0.5
2023-05-05T22:00:00,2564A,104.6463,30.1146,资阳市,师范校,颗粒物(PM10),82,113,65,51,36,150,90,135,128,40,18,9,9,0.6,0.5
2023-05-05T22:00:00,2565A,104.6296,30.1256,资阳市,区法院,颗粒物(PM10),82,114,70,47,28,157,96,143,136,38,16,11,11,0.6,0.5
2023-05-05T22:00:00,2566A,102.1879,31.914,阿坝藏族羌族自治州,州农科所,,24,21,24,9,8,124,76,108,98,11,17,3,3,0,0
2023-05-05T22:00:00,2568A,102.2502,31.8896,阿坝藏族羌族自治州,马师校,颗粒物(PM10),51,51,24,25,15,110,51,105,90,24,10,5,5,0.4,0.4
2023-05-05T22:00:00,2570A,101.9603,30.0475,甘孜藏族自治州,水桥子,,19,10,11,8,8,119,60,110,83,36,16,2,3,0.3,0.3
2023-05-05T22:00:00,2571A,102.3431,27.8099,凉山彝族自治州,青龙寺,,37,11,14,8,7,127,118,125,122,2,3,5,8,0.3,0.4
2023-05-05T22:00:00,2572A,102.2721,27.8415,凉山彝族自治州,邛海宾馆,,36,20,18,10,10,133,114,128,123,6,6,7,9,0.7,0.8
2023-05-05T22:00:00,2573A,102.2625,27.898,凉山彝族自治州,西昌市政府,,34,18,20,10,9,130,108,124,117,6,6,5,8,0.6,0.6
2023-05-05T22:00:00,2574A,102.2685,27.8851,凉山彝族自治州,凉山州政府,,32,20,22,10,15,122,102,117,111,7,7,11,9,1.0,0.6
2023-05-05T22:00:00,2575A,102.237,27.8914,凉山彝族自治州,长安,,34,27,23,11,14,130,107,124,116,7,8,3,7,0.6,0.9
2023-05-05T22:00:00,2576A,104.8,26.5892,六盘水市,窑上,,,,,,,,,,,,,,,,
2023-05-05T22:00:00,2577A,104.83,26.5917,六盘水市,黄土坡,,43,41,46,22,23,139,136,136,136,14,16,8,6,0.4,0.4
2023-05-05T22:00:00,2578A,104.89,26.5939,六盘水市,水钢,细颗粒物(PM2.5),52,48,53,36,36,158,134,148,146,15,13,13,10,0.8,0.7
2023-05-05T22:00:00,2579A,104.8475,26.5894,六盘水市,民中,颗粒物(PM10),51,52,52,31,30,142,124,134,132,19,18,8,7,0.5,0.5
2023-05-05T22:00:00,2580A,104.9544,26.5506,六盘水市,双水,,38,31,45,22,31,156,120,148,146,13,10,9,7,0.5,0.5
2023-05-05T22:00:00,2585A,109.1839,27.7344,铜仁地区,铜仁卫校,,18,11,29,3,14,69,56,60,60,4,10,5,5,0.4,0.4
2023-05-05T22:00:00,2586A,109.1753,27.6944,铜仁地区,铜仁七中,,20,12,22,3,12,73,62,66,66,5,9,4,4,0.5,0.4
2023-05-05T22:00:00,2587A,105.2864,27.3125,毕节市,八中,细颗粒物(PM2.5),87,91,68,64,52,157,117,152,144,9,8,6,6,0.6,0.6
2023-05-05T22:00:00,2588A,105.31,27.2944,毕节市,师专,细颗粒物(PM2.5),90,87,65,67,49,160,117,154,144,6,6,5,5,0.7,0.7
2023-05-05T22:00:00,2589A,104.9022,25.0925,黔西南布依族苗族自治州,场坝街,,31,29,21,19,13,134,99,129,119,9,9,1,2,0.1,0.1
2023-05-05T22:00:00,2590A,104.8811,25.0992,黔西南布依族苗族自治州,坪东大道,,,13,20,16,11,137,,135,127,6,7,4,4,0.2,0.2
2023-05-05T22:00:00,2591A,107.9783,26.5747,黔东南苗族侗族自治州,市环境监测站,,23,22,32,16,24,116,52,108,87,13,11,2,3,0.6,0.5
2023-05-05T22:00:00,2593A,107.5228,26.2403,黔南布依族苗族自治州,小围寨,,45,39,30,31,22,117,98,111,108,4,4,4,5,0.7,0.7
2023-05-05T22:00:00,2594A,99.1678,25.1081,保山市,市环境监测站,,32,22,19,13,8,104,102,100,100,5,6,7,7,0.5,0.4
2023-05-05T22:00:00,2595A,99.1711,25.1328,保山市,市环保局,,32,24,20,22,13,101,90,94,94,6,7,4,4,0.3,0.3
2023-05-05T22:00:00,2596A,103.7667,27.3736,昭通市,监测站,细颗粒物(PM2.5),64,62,57,46,43,133,75,124,105,14,10,17,12,0.5,0.4
2023-05-05T22:00:00,2597A,103.7225,27.3361,昭通市,环保局,颗粒物(PM10),71,92,59,43,40,144,83,137,113,12,11,8,10,0.5,0.3
2023-05-05T22:00:00,2598A,100.2143,26.8576,丽江市,西南郊,,37,10,11,5,6,122,118,120,116,3,3,5,6,0.6,0.6
2023-05-05T22:00:00,2599A,100.2497,26.8802,丽江市,丽江古城,,32,21,21,12,11,111,100,109,106,9,7,7,7,0.5,0.5
2023-05-05T22:00:00,2600A,100.2203,26.8906,丽江市,市中心,,32,8,10,8,5,110,102,108,104,10,8,7,7,0.5,0.5
2023-05-05T22:00:00,2601A,100.98,22.7633,普洱市,市环保局,细颗粒物(PM2.5),59,58,39,42,23,96,86,92,92,17,14,8,6,0.7,0.6
2023-05-05T22:00:00,2602A,100.9817,22.8322,普洱市,普洱第二中学,颗粒物(PM10),55,59,35,30,16,96,64,91,88,20,15,9,8,0.8,0.5
2023-05-05T22:00:00,2603A,100.0781,23.8982,临沧市,市环保局,,43,27,24,30,19,98,75,93,87,14,11,4,5,0.6,0.5
2023-05-05T22:00:00,2604A,100.0894,23.8822,临沧市,市气象局,,28,26,26,19,18,98,81,92,87,8,11,1,2,0.4,0.5
2023-05-05T22:00:00,2605A,101.5482,25.0441,楚雄州,州环境监测站,,33,16,19,14,14,106,103,105,104,6,9,7,8,0.4,0.4
2023-05-05T22:00:00,2606A,101.538,25.0492,楚雄州,市经济开发区,,37,37,21,14,12,106,98,104,101,7,8,5,6,0.5,0.5
2023-05-05T22:00:00,2608A,103.3772,23.3993,红河州,污水处理厂,,39,39,34,24,26,116,82,105,93,4,6,7,14,0.3,0.4
2023-05-05T22:00:00,2609A,103.3861,23.35,红河州,监测站,,40,40,35,28,22,112,87,104,93,6,9,8,12,0.3,0.4
2023-05-05T22:00:00,2610A,104.2533,23.3594,文山州,州水务局,,39,30,35,27,19,114,92,109,104,6,11,10,10,0.4,0.5
2023-05-05T22:00:00,2611A,104.2319,23.3892,文山州,市便民服务中心,,27,21,29,18,20,116,85,109,100,10,12,4,3,0.4,0.4
2023-05-05T22:00:00,2612A,100.7939,22.0019,西双版纳州,景洪市江南,细颗粒物(PM2.5),58,61,43,41,32,110,35,98,79,47,18,6,6,1.3,1
2023-05-05T22:00:00,2613A,100.8017,22.0225,西双版纳州,景洪市江北,细颗粒物(PM2.5),52,47,29,36,17,113,45,105,86,35,16,11,10,0.9,0.7
2023-05-05T22:00:00,2614A,100.1542,25.7054,大理州,大理市环境监测站,,31,24,27,15,18,107,97,105,102,7,6,7,8,0.4,0.4
2023-05-05T22:00:00,2615A,100.2171,25.5811,大理州,大理古城,,31,24,19,12,11,110,99,105,105,6,6,8,8,0.5,0.5
2023-05-05T22:00:00,2616A,98.5842,24.428,德宏州,德宏州监测站,,43,43,45,21,27,128,71,111,98,29,17,15,9,0.7,0.6
2023-05-05T22:00:00,2618A,98.8601,25.8567,怒江州,州监测站,,28,24,25,19,16,78,57,73,71,6,6,10,10,0.5,0.5
2023-05-05T22:00:00,2619A,98.8546,25.8417,怒江州,泸水一中,,29,24,23,20,15,76,57,69,68,8,9,8,8,0.4,0.4
2023-05-05T22:00:00,2621A,99.7056,27.8317,迪庆州,迪庆州站,,26,21,15,14,9,122,82,114,102,20,10,12,11,0.8,0.4
2023-05-05T22:00:00,2622A,97.1806,31.1273,昌都市,昌都监测站,,38,25,12,11,7,144,120,139,133,9,11,5,5,0.5,0.6
2023-05-05T22:00:00,2624A,91.7608,29.2313,山南市,山南监测站,颗粒物(PM10),51,52,15,10,6,143,118,136,132,2,4,5,5,0.3,0.3
2023-05-05T22:00:00,2625A,91.7706,29.2436,山南市,山南人民医院,,42,42,18,14,8,136,116,130,128,2,4,6,6,0.3,0.3
2023-05-05T22:00:00,2626A,88.8876,29.2718,日喀则市,日喀则监测站,,38,35,11,14,5,132,120,129,126,5,6,5,3,0.4,0.4
2023-05-05T22:00:00,2628A,92.0657,31.4846,那曲地区,那曲监测站,颗粒物(PM10),52,54,31,24,17,155,105,154,126,26,7,13,7,1.1,0.8
2023-05-05T22:00:00,2630A,80.1161,32.5,阿里地区,阿里监测站,,34,21,22,7,8,116,108,112,112,6,9,7,8,0.3,0.3
2023-05-05T22:00:00,2632A,94.3681,29.6376,林芝市,林芝监测站,,34,7,4,4,2,130,108,118,118,7,4,9,9,0.4,0.4
2023-05-05T22:00:00,2633A,94.3616,29.6616,林芝市,林芝人民医院,,32,6,8,7,4,129,101,116,115,8,6,10,10,0.4,0.3
2023-05-05T22:00:00,2634A,106.9893,33.1842,汉中市,汉川机床厂子校,颗粒物(PM10),59,68,97,34,35,103,40,70,57,14,16,6,7,0.5,0.5
2023-05-05T22:00:00,2635A,107.0154,33.0706,汉中市,市监测站,颗粒物(PM10),59,67,86,31,40,80,71,74,74,10,16,5,8,0.5,0.6
2023-05-05T22:00:00,2636A,107.0089,33.1138,汉中市,鑫源开发区,颗粒物(PM10),61,72,95,31,37,90,70,69,67,13,23,7,13,0.4,0.5
2023-05-05T22:00:00,2637A,107.007,33.0323,汉中市,南郑大河坎水厂,颗粒物(PM10),58,66,82,29,35,81,72,72,72,8,15,5,6,0.4,0.5
2023-05-05T22:00:00,2638A,109.7414,38.3344,榆林市,红石峡森林公园,,42,23,30,29,18,69,22,50,48,19,11,4,3,0.7,0.6
2023-05-05T22:00:00,2639A,109.7456,38.2911,榆林市,世纪广场,,28,21,32,19,18,113,67,104,89,24,16,8,9,0.8,0.7
2023-05-05T22:00:00,2640A,109.7289,38.2839,榆林市,实验中学,,30,20,33,21,18,116,71,107,92,24,13,6,6,0.6,0.5
2023-05-05T22:00:00,2641A,109.7336,38.2478,榆林市,环保监测大楼,,35,24,31,24,20,108,57,101,84,31,16,8,8,0.7,0.6
2023-05-05T22:00:00,2642A,109.0318,32.6537,安康市,香溪洞,,20,15,26,10,15,70,64,64,64,5,6,5,5,0.5,0.7
2023-05-05T22:00:00,2643A,109.0281,32.6939,安康市,安康市监测站,,38,38,40,23,26,76,56,62,58,8,11,5,10,0.4,0.6
2023-05-05T22:00:00,2644A,109.0072,32.6975,安康市,汉滨区检察院,,41,41,40,24,23,68,60,58,56,8,10,3,5,0.4,0.5
2023-05-05T22:00:00,2645A,109.9154,33.8715,商洛市,监测站,颗粒物(PM10),52,53,100,26,44,95,52,90,75,18,15,5,5,0.5,0.4
2023-05-05T22:00:00,2647A,104.1724,36.5446,白银市,第三小学,颗粒物(PM10),54,57,76,22,30,232,90,174,101,18,17,15,48,0.6,0.7
2023-05-05T22:00:00,2648A,104.1465,36.5482,白银市,动力公司,颗粒物(PM10),53,56,71,22,33,148,94,124,111,12,14,24,32,0.5,0.6
2023-05-05T22:00:00,2649A,106.0055,34.343,天水市,麦积山,,,,,,,,,,,,,,,,
2023-05-05T22:00:00,2650A,105.7205,34.5786,天水市,公园小学,细颗粒物(PM2.5),54,45,80,38,31,63,34,50,48,32,33,13,13,0.6,0.5
2023-05-05T22:00:00,2651A,105.8945,34.5538,天水市,麦积国土局,颗粒物(PM10),58,66,86,33,35,59,21,51,46,36,30,8,10,0.6,0.6
2023-05-05T22:00:00,2652A,102.6201,37.9251,武威市,监测站,颗粒物(PM10),85,120,157,44,51,123,91,119,113,24,20,5,5,0.4,0.4
2023-05-05T22:00:00,2654A,100.4698,38.9524,张掖市,润泉湖,颗粒物(PM10),83,115,145,39,47,134,114,120,120,10,9,7,7,0.3,0.3
2023-05-05T22:00:00,2655A,100.4154,38.9422,张掖市,区工会,颗粒物(PM10),105,159,174,71,63,138,115,123,123,15,11,6,6,0.3,0.3
2023-05-05T22:00:00,2656A,106.6692,35.5461,平凉市,聚贤嘉苑,颗粒物(PM10),60,70,73,32,29,109,31,105,78,56,14,8,7,0.4,0.3
2023-05-05T22:00:00,2657A,106.7021,35.5307,平凉市,博物馆,颗粒物(PM10),71,92,84,35,27,107,53,104,88,34,19,5,5,0.5,0.3
2023-05-05T22:00:00,2658A,98.5061,39.7443,酒泉市,仓门街子站,颗粒物(PM10),109,168,101,44,25,112,78,108,102,34,12,10,4,0.6,0.3
2023-05-05T22:00:00,2659A,98.4989,39.7256,酒泉市,油田生活基地,颗粒物(PM10),111,171,98,38,24,111,63,106,100,48,10,11,4,0.5,0.4
2023-05-05T22:00:00,2661A,107.6325,35.7357,庆阳市,庆阳五中,颗粒物(PM10),57,63,72,32,35,92,78,84,71,9,12,5,4,0.3,0.3
2023-05-05T22:00:00,2662A,107.6364,35.7067,庆阳市,市环保局,,,,70,,38,94,78,89,82,,12,4,6,,0.3
2023-05-05T22:00:00,2663A,104.6241,35.5734,定西市,东关小学,颗粒物(PM10),54,58,68,30,31,116,88,112,102,11,6,6,6,0.3,0.2
2023-05-05T22:00:00,2664A,104.6194,35.5934,定西市,供电公司,颗粒物(PM10),56,61,75,31,28,108,55,104,90,33,13,5,5,0.1,0.1
2023-05-05T22:00:00,2665A,105.0822,33.3261,陇南市,汉王镇固水子,,,,,,,,,,,,,,,,
2023-05-05T22:00:00,2667A,103.2069,35.5993,临夏回族自治州,环保局,,36,36,48,23,20,113,87,104,94,12,16,6,4,0.6,0.6
2023-05-05T22:00:00,2668A,103.2417,35.6057,临夏回族自治州,建设大厦,,28,28,43,17,18,107,66,97,82,21,18,4,5,0.6,0.6
2023-05-05T22:00:00,2669A,102.9099,34.9841,甘南州,州政府,,33,24,50,23,31,106,96,98,97,15,14,4,4,0.3,0.2
2023-05-05T22:00:00,2671A,100.9048,36.9639,海北藏族自治州,海晏县西海镇,,41,41,36,26,24,128,111,125,123,8,7,8,6,0.4,0.4
2023-05-05T22:00:00,2672A,102.0199,35.5102,黄南藏族自治州,同仁县隆务镇,,45,45,68,25,34,109,97,101,100,3,6,3,4,0.7,0.7
2023-05-05T22:00:00,2673A,100.6188,36.2866,海南藏族自治州,共和县恰卜恰镇,,40,33,32,28,24,125,111,120,116,8,9,10,11,0.3,0.4
2023-05-05T22:00:00,2674A,100.2561,34.4714,果洛藏族自治州,玛沁县大武镇,,46,36,22,32,15,124,88,105,98,7,9,13,13,0.4,0.4
2023-05-05T22:00:00,2675A,97,33.0014,玉树藏族自治州,玉树县结古镇,,,10,8,3,4,151,,142,130,14,6,9,8,0.4,0.4
2023-05-05T22:00:00,2676A,97.3731,37.3753,海西蒙古族藏族自治州,德令哈市,,34,9,25,15,18,116,106,111,111,7,6,10,14,0.3,0.6
2023-05-05T22:00:00,2677A,106.1532,37.9648,吴忠市,教育园区,,48,48,92,17,52,93,63,87,85,28,24,5,9,0.4,0.5
2023-05-05T22:00:00,2679A,106.1856,37.9956,吴忠市,新区二泵站,,42,42,103,16,52,91,66,81,80,20,22,5,11,0.5,0.7
2023-05-05T22:00:00,2680A,105.0025,37.4635,中卫市,沙坡头消防站,颗粒物(PM10),98,145,119,48,48,117,87,103,100,23,36,69,22,0.8,0.8
2023-05-05T22:00:00,2682A,105.1971,37.5002,中卫市,环保局站,细颗粒物(PM2.5),89,104,115,66,50,107,78,96,90,25,28,19,9,0.7,0.5
2023-05-05T22:00:00,2683A,106.2319,36.1417,固原市,马园,颗粒物(PM10),73,95,108,50,41,100,30,95,75,44,22,5,5,0.6,0.5
2023-05-05T22:00:00,2684A,106.2792,36.0022,固原市,监测站,细颗粒物(PM2.5),68,83,88,49,35,90,39,83,69,41,20,6,7,0.5,0.4
2023-05-05T22:00:00,2685A,106.2375,36.0211,固原市,新区,颗粒物(PM10),65,79,91,45,35,101,54,93,75,36,23,5,5,0.5,0.4
2023-05-05T22:00:00,2686A,89.1904,42.9418,吐鲁番地区,市环保局,颗粒物(PM10),63,75,130,19,29,104,82,95,94,17,14,7,7,0.4,0.4
2023-05-05T22:00:00,2687A,89.1673,42.9559,吐鲁番地区,地区环保局,颗粒物(PM10),60,69,121,21,40,111,78,103,102,29,17,7,7,0.4,0.3
2023-05-05T22:00:00,2688A,93.5128,42.8172,哈密地区,地区监测站,颗粒物(PM10),51,52,57,20,19,94,83,90,90,19,12,3,4,0.3,0.3
2023-05-05T22:00:00,2689A,93.4961,42.8328,哈密地区,哈密师范学校,,43,43,57,18,20,94,87,92,92,15,13,5,5,0.4,0.4
2023-05-05T22:00:00,2690A,88.1236,43.8886,昌吉州,天山天池,,31,31,19,15,10,106,99,101,101,8,7,4,4,0.5,0.5
2023-05-05T22:00:00,2692A,87.2717,44.0297,昌吉州,新区政务中心,,37,37,33,18,17,106,95,101,101,4,10,6,6,0.5,0.5
2023-05-05T22:00:00,2693A,82.0485,44.8556,博尔塔拉蒙古自治州,市党校,,33,32,31,11,13,108,105,105,105,6,8,4,4,0.3,0.5
2023-05-05T22:00:00,2694A,82.0806,44.8969,博尔塔拉蒙古自治州,市环保局,,,26,31,15,14,105,52,102,95,,11,3,5,0.2,0.4
2023-05-05T22:00:00,2695A,80.292,41.1694,阿克苏地区,电视台,细颗粒物(PM2.5),58,36,54,41,22,116,103,108,108,13,9,12,9,0.4,0.3
2023-05-05T22:00:00,2696A,80.2613,41.1551,阿克苏地区,艺术中心,,39,39,48,19,22,114,102,108,108,17,8,6,5,0.4,0.2
2023-05-05T22:00:00,2697A,76.1454,39.7142,克孜勒苏柯尔克孜自治州,市人民政府,颗粒物(PM10),206,354,302,92,78,133,115,125,125,4,5,4,4,0.5,0.5
2023-05-05T22:00:00,2698A,76.0072,39.4467,喀什地区,巡警大队,细颗粒物(PM2.5),108,,352,81,78,142,102,125,124,9,9,4,7,,0.3
2023-05-05T22:00:00,2699A,75.9755,39.4694,喀什地区,吾办,颗粒物(PM10),500,625,230,147,67,141,101,127,124,12,11,4,5,0.4,0.4
2023-05-05T22:00:00,2700A,75.9538,39.4682,喀什地区,市环境监测站,颗粒物(PM10),500,661,365,166,75,139,96,125,123,16,11,5,5,0.4,0.3
2023-05-05T22:00:00,2703A,81.2815,43.9404,伊犁哈萨克州,市环保局,,30,22,36,8,17,117,95,108,108,19,20,5,6,0.4,0.5
2023-05-05T22:00:00,2704A,81.2996,43.9174,伊犁哈萨克州,新政府片区,,34,34,34,8,19,110,88,103,103,11,14,6,7,0.4,0.4
2023-05-05T22:00:00,2705A,81.3364,43.941,伊犁哈萨克州,第二水厂,,26,26,39,13,21,114,83,107,105,20,18,5,6,0.5,0.5
2023-05-05T22:00:00,2706A,82.9994,46.7432,塔城地区,东门外小游园,,27,21,25,5,15,108,85,101,99,7,7,1,1,0.4,0.3
2023-05-05T22:00:00,2708A,88.1264,47.8517,阿勒泰地区,市站,,34,34,23,1,4,92,83,88,87,14,11,2,2,0.2,0.3
2023-05-05T22:00:00,2709A,86.0497,44.2967,石河子市,艾青诗歌馆,,26,18,20,11,11,104,83,100,98,7,6,7,8,0.5,0.4
2023-05-05T22:00:00,2710A,86.0697,44.3075,石河子市,阳光学校,,29,27,24,10,11,105,90,102,101,7,7,4,5,0.3,0.3
2023-05-05T22:00:00,2711A,87.5475,44.1756,五家渠市,农水大厦,,32,32,36,11,12,101,88,96,96,2,7,5,5,0.4,0.4
2023-05-05T22:00:00,2835A,101.7227,26.567,攀枝花市,四十中小,,33,29,23,20,13,130,104,122,114,21,16,18,13,0.8,0.7
2023-05-05T22:00:00,2842A,118.0936,24.5058,厦门市,湖里中学,,32,32,23,16,9,53,33,45,38,9,5,2,3,0.2,0.1
2023-05-05T22:00:00,2845A,113.1569,36.1911,长治市,德盛苑,,25,18,23,9,16,106,80,94,88,6,11,10,9,0.7,0.8
2023-05-05T22:00:00,2846A,113.3221,23.1322,广州市,体育西,,37,37,33,17,16,90,22,66,53,21,17,4,4,0.6,0.5
2023-05-05T22:00:00,2858A,117.7918,39.2474,天津市,河西一经路,,34,34,23,10,11,110,85,100,95,15,17,7,8,0.4,0.9
2023-05-05T22:00:00,2859A,117.3747,38.9846,天津市,津沽路,,30,30,19,10,9,106,79,96,90,15,12,4,4,0.4,0.5
2023-05-05T22:00:00,2860A,117.1589,39.0845,天津市,宾水西道,,44,44,21,9,9,100,62,91,84,23,12,5,5,0.5,0.5
2023-05-05T22:00:00,2862A,114.5481,38.0378,石家庄市,22中南校区,颗粒物(PM10),60,69,35,27,17,89,57,82,73,24,15,3,3,0.3,0.4
2023-05-05T22:00:00,2865A,112.7195,37.6828,晋中市,榆次三中,,27,5,41,0,19,101,84,90,86,14,20,4,7,0.6,0.6
2023-05-05T22:00:00,2867A,111.1283,37.51,吕梁市,马茂庄小学,,36,33,84,25,28,59,6,48,29,54,34,6,6,0.4,0.4
2023-05-05T22:00:00,2868A,126.4739,43.953,吉林市,九站,颗粒物(PM10),52,54,46,18,16,113,31,99,81,57,26,24,26,0.6,0.5
2023-05-05T22:00:00,2869A,119.447,32.4155,扬州市,五台山医院,,35,24,20,24,16,71,43,48,48,10,16,4,4,0.5,0.6
2023-05-05T22:00:00,2870A,119.4424,32.1873,镇江市,市疾控中心,,42,36,21,29,17,58,37,46,46,21,20,4,3,0.5,0.7
2023-05-05T22:00:00,2871A,121.6147,29.9017,宁波市,万里国际学校,颗粒物(PM10),57,64,30,34,14,126,87,110,102,18,8,5,4,1.2,0.7
2023-05-05T22:00:00,2872A,120.7846,30.7525,嘉兴市,南湖区残联,颗粒物(PM10),52,53,30,33,21,111,65,95,86,13,19,4,4,0.9,0.7
2023-05-05T22:00:00,2873A,120.0875,30.8955,湖州市,仁皇山新区,细颗粒物(PM2.5),52,39,32,36,26,79,60,75,70,13,21,4,4,0.7,0.7
2023-05-05T22:00:00,2875A,115.784,32.8892,阜阳市,阜阳职业技术学院,,22,22,19,11,10,72,63,70,69,14,10,4,4,0.4,0.3
2023-05-05T22:00:00,2877A,119.1641,36.6523,潍坊市,坊子邮政,颗粒物(PM10),76,102,37,14,13,106,101,97,97,10,12,8,8,0.2,0.3
2023-05-05T22:00:00,2878A,116.0072,36.4343,聊城市,聊大东校,,46,46,24,29,18,94,83,83,82,14,9,9,9,0.6,0.7
2023-05-05T22:00:00,2880A,104.0239,30.65639,成都市,大石西路,颗粒物(PM10),76,102,86,45,37,130,82,118,109,25,28,3,3,0.6,0.7
2023-05-05T22:00:00,2881A,107.8908,26.5311,黔东南苗族侗族自治州,凯里学院,,25,25,27,16,20,124,54,113,93,8,6,3,3,0.6,0.5
2023-05-05T22:00:00,2882A,102.5389,24.3703,玉溪市,玉溪一中,,27,14,23,7,12,104,85,100,98,13,14,6,8,0.5,0.8
2023-05-05T22:00:00,2883A,102.5381,24.3389,玉溪市,文体中心,,28,17,18,9,10,105,87,102,100,10,7,6,7,0.5,0.6
2023-05-05T22:00:00,2884A,98.2672,39.7978,嘉峪关市,酒钢宾馆,颗粒物(PM10),102,153,95,41,27,113,95,110,107,18,11,28,19,0.6,0.6
2023-05-05T22:00:00,2885A,104.9339,33.3826,陇南市,滨江中学,颗粒物(PM10),57,64,93,25,28,89,48,82,63,20,16,9,10,0.5,0.5
2023-05-05T22:00:00,2894A,117.0566,32.6531,淮南市,经济技术开发区消防队,,33,33,27,17,19,58,51,54,51,8,9,3,3,0.4,0.5
2023-05-05T22:00:00,2897A,123.2444,41.7347,沈阳市,沈辽西路,,41,41,47,11,25,100,85,89,89,17,24,6,7,0.4,0.6
2023-05-05T22:00:00,2900A,123.5953,41.9086,沈阳市,裕农路,,28,28,41,9,22,105,74,94,92,14,18,5,7,0.4,0.5
2023-05-05T22:00:00,2902A,106.6351,30.4865,广安市,北辰小学,,37,37,26,24,18,134,82,121,118,6,6,11,8,0.5,0.5
2023-05-05T22:00:00,2907A,120.1844,30.8596,湖州市,吴兴区站,,47,47,30,30,21,90,66,78,69,8,20,4,4,0.6,0.6
2023-05-05T22:00:00,2914A,106.7677,31.8794,巴中市,苏山坪,,34,34,51,17,25,83,70,82,70,6,9,5,5,0.4,0.4
2023-05-05T22:00:00,2919A,116.7022,39.5453,廊坊市,河北工业大学,,43,43,44,9,14,87,68,81,78,21,24,3,3,0.2,0.3
2023-05-05T22:00:00,2920A,117.7116,24.506,漳州市,蓝田镇,,31,31,21,11,7,78,45,68,56,11,5,6,4,0.4,0.3
2023-05-05T22:00:00,2921A,120.5483,30.0003,绍兴市,树下王站,细颗粒物(PM2.5),53,32,19,37,14,112,56,106,87,18,12,5,5,1.0,0.7
2023-05-05T22:00:00,2922A,117.1941,39.1067,天津市,大理道,,34,34,18,10,8,105,61,96,88,27,12,7,6,0.2,0.2
2023-05-05T22:00:00,2924A,106.2266,38.4418,银川市,水乡路,颗粒物(PM10),51,52,108,22,47,101,86,88,88,20,30,4,6,0.5,0.6
2023-05-05T22:00:00,2925A,106.2757,38.4842,银川市,上海东路,,35,28,95,24,49,105,84,92,92,18,27,6,10,0.3,0.5
2023-05-05T22:00:00,2926A,106.1015,38.497,银川市,文昌北街,,48,48,135,24,61,114,90,102,102,16,33,6,10,0.3,0.6
2023-05-05T22:00:00,2929A,114.8858,30.4519,黄冈市,红卫路,,39,39,21,11,8,97,72,91,85,2,2,5,6,0.7,0.8
2023-05-05T22:00:00,2996A,118.283,33.965,宿迁市,市供电局,,20,11,23,8,25,73,61,51,51,12,14,9,8,0.5,0.7
2023-05-05T22:00:00,2997A,119.8767,32.3289,泰州市,王营,,39,36,14,27,13,62,29,52,35,20,17,6,6,0.6,0.8
2023-05-05T22:00:00,3000A,119.3581,34.6972,连云港市,德源药业,,35,34,38,24,26,69,63,62,62,21,32,7,9,0.6,1.1
2023-05-05T22:00:00,3002A,119.9805,31.8174,常州市,行政中心,颗粒物(PM10),61,72,70,25,18,72,38,56,48,18,24,5,7,0.5,0.8
2023-05-05T22:00:00,3003A,120.0522,31.7748,常州市,经开区,,50,50,40,21,22,90,45,71,60,20,28,3,3,0.3,0.6
2023-05-05T22:00:00,3004A,120.1544,33.3663,盐城市,宝龙广场,,24,24,14,14,8,83,63,71,62,9,10,6,7,0.4,0.6
2023-05-05T22:00:00,3005A,117.1814,34.29,徐州市,鼓楼区政府,,18,17,29,10,23,72,55,68,66,15,9,5,5,0.7,0.5
2023-05-05T22:00:00,3006A,117.1694,34.1781,徐州市,铜山区招生办,,44,44,34,29,22,75,51,72,69,24,15,6,5,1.0,0.8
2023-05-05T22:00:00,3007A,119.178,34.844,连云港市,新城一中,,30,30,45,17,23,83,83,68,68,14,19,6,7,0.6,0.9
2023-05-05T22:00:00,3008A,119.3608,34.7519,连云港市,胡沟管理处,,31,31,33,17,22,84,84,74,74,11,22,8,12,0.6,1.2
2023-05-05T22:00:00,3009A,119.1478,34.5911,连云港市,矿山设计院,,29,29,40,19,31,75,75,58,58,10,25,4,5,0.5,0.9
2023-05-05T22:00:00,3010A,119.9025,31.7964,常州市,钟楼,,43,18,31,30,23,80,41,60,52,14,21,1,2,0.5,0.8
2023-05-05T22:00:00,3012A,112.1849,31.0362,荆门市,西山林语,颗粒物(PM10),51,51,38,28,23,121,79,112,99,11,7,9,8,0.7,0.7
2023-05-05T22:00:00,3014A,106.4958,29.5346,重庆市,歇台子,细颗粒物(PM2.5),57,43,31,40,27,117,52,93,92,29,31,10,9,0.9,0.9
2023-05-05T22:00:00,3015A,106.4037,29.5728,重庆市,龙井湾,颗粒物(PM10),51,51,32,30,17,154,87,136,133,17,16,8,8,0.8,0.9
2023-05-05T22:00:00,3016A,106.5507,29.4153,重庆市,龙洲湾,颗粒物(PM10),52,53,41,31,23,150,64,121,120,18,14,5,5,0.7,0.6
2023-05-05T22:00:00,3018A,111.505,36.1014,临汾市,唐尧大酒店,细颗粒物(PM2.5),74,68,108,54,64,101,77,92,80,18,24,3,5,1.1,0.9
2023-05-05T22:00:00,3020A,117.2101,39.1699,天津市,中山北路,,36,36,18,13,9,100,32,90,73,42,16,6,5,0.4,0.4
2023-05-05T22:00:00,3021A,115,35.7668,濮阳市,濮水河管理处,,29,24,22,13,17,91,91,84,84,10,9,6,6,0.1,0.3
2023-05-05T22:00:00,3025A,113.0477,23.6344,清远市,技师学院,,37,37,36,15,16,117,32,86,74,17,16,6,7,0.5,0.5
2023-05-05T22:00:00,3026A,116.6183,23.6608,潮州市,市政府,,39,39,35,16,13,111,42,92,71,17,9,7,5,0.6,0.5
2023-05-05T22:00:00,3027A,104.72,29.3427,自贡市,青杠林路,颗粒物(PM10),57,64,56,36,33,124,75,113,107,15,14,4,6,0.4,0.5
2023-05-05T22:00:00,3028A,104.776,29.3627,自贡市,檀木林体育馆,颗粒物(PM10),63,75,57,37,29,118,77,110,105,16,13,4,6,0.4,0.6
2023-05-05T22:00:00,3033A,87.4651,43.4569,乌鲁木齐市,培训基地,,30,12,16,5,5,99,94,98,95,4,4,2,2,0.3,0.2
2023-05-05T22:00:00,3034A,113.1076,41.0385,乌兰察布市,光明街小学,,32,22,19,22,18,83,74,79,72,11,6,12,13,0.4,0.4
2023-05-05T22:00:00,3035A,122.0931,46.0707,兴安盟,北滨河,,46,46,27,17,15,101,47,97,83,28,12,3,3,0.5,0.3
2023-05-05T22:00:00,3036A,118.6904,37.4338,东营市,开发区管委会,,43,43,27,14,11,104,100,100,100,4,4,3,3,0.1,0.1
2023-05-05T22:00:00,3038A,103.3758,23.368,红河州,州图书馆,,29,25,25,20,24,106,83,98,89,5,8,5,9,0.5,0.4
2023-05-05T22:00:00,3039A,111.1911,34.7829,三门峡市,三门峡市第一小学,颗粒物(PM10),76,102,107,38,36,106,62,91,82,25,18,9,10,0.5,0.5
2023-05-05T22:00:00,3045A,109.9643,33.8471,商洛市,商州区中学,颗粒物(PM10),53,56,104,23,50,105,61,98,84,19,19,4,4,0.5,0.3
2023-05-05T22:00:00,3046A,115.9084,28.6062,南昌市,机电学校,,20,9,19,5,9,117,63,104,95,16,14,8,9,0.3,0.5
2023-05-05T22:00:00,3048A,119.5799,26.0936,福州市,九龙,,21,21,24,6,4,90,36,79,61,14,9,3,3,0.3,0.3
2023-05-05T22:00:00,3051A,117.3876,39.1488,天津市,西四道,,30,30,19,9,9,106,85,98,90,15,13,4,7,0.6,0.7
2023-05-05T22:00:00,3054A,113.9194,35.2847,新乡市,市委党校,,35,21,30,24,31,116,78,103,96,7,7,3,4,0.2,0.4
2023-05-05T22:00:00,3055A,101.7775,36.6428,西宁市,城北区政府,颗粒物(PM10),51,52,79,25,31,96,55,86,75,31,19,6,8,0.4,0.4
2023-05-05T22:00:00,3057A,121.5992,37.4014,烟台市,牟平检察院,颗粒物(PM10),52,53,20,29,11,100,94,85,85,20,16,8,7,0.4,0.3
2023-05-05T22:00:00,3058A,119.2658,42.0353,赤峰市,银河街,,26,26,42,11,15,92,67,87,81,24,17,17,10,0.6,0.5
2023-05-05T22:00:00,3059A,117.7161,36.2049,济南市,泰兴公司,,48,48,20,24,11,97,87,86,86,22,18,9,6,0.3,0.3
2023-05-05T22:00:00,3061A,119.7512,49.1577,呼伦贝尔市,国华电力东,,36,36,26,13,14,102,56,100,89,16,9,2,2,0.2,0.1
2023-05-05T22:00:00,3064A,117.6867,36.2171,济南市,莱芜战役纪念馆,,46,46,20,12,9,94,88,85,85,20,17,7,5,0.4,0.6
2023-05-05T22:00:00,3065A,101.9533,29.9972,甘孜藏族自治州,州环保局,,34,4,14,4,6,121,107,110,92,10,17,4,4,0.2,0.3
2023-05-05T22:00:00,3066A,116.2721,37.4379,德州市,九衢泉纯净水厂,,39,39,19,23,16,99,60,81,78,31,17,3,3,0.6,0.7
2023-05-05T22:00:00,3109A,115.0093,25.8613,赣州市,赣县区卫计委,,19,19,27,12,12,94,55,94,60,14,11,10,10,0.5,0.5
2023-05-05T22:00:00,3122A,105.9606,26.2611,安顺市,伍家关,,,,25,,22,67,,61,,,7,,3,,0.4
2023-05-05T22:00:00,3123A,105.9408,26.2431,安顺市,凤凰山,细颗粒物(PM2.5),67,61,33,48,25,137,106,129,126,10,6,13,8,0.9,0.7
2023-05-05T22:00:00,3124A,105.9439,26.2564,安顺市,金钟山,细颗粒物(PM2.5),79,64,34,58,27,142,110,134,131,8,4,12,8,0.6,0.4
2023-05-05T22:00:00,3125A,105.8983,26.2481,安顺市,娄家坡,细颗粒物(PM2.5),69,62,36,50,27,142,109,131,128,10,5,15,9,0.7,0.5
2023-05-05T22:00:00,3128A,92.0506,31.4797,那曲地区,那曲会议中心,,39,39,22,21,10,158,107,158,123,19,10,9,7,0.7,0.5
2023-05-05T22:00:00,3131A,114.879,40.7993,张家口市,烟厂,,23,17,35,13,16,77,72,76,67,9,11,2,3,0.3,0.3
2023-05-05T22:00:00,3132A,119.610547,39.943889,秦皇岛市,文明里,,42,42,23,16,10,97,76,92,90,2,2,5,4,0.2,0.2
2023-05-05T22:00:00,3133A,106.5468,29.5654,重庆市,上清寺,,49,49,45,25,25,159,63,122,120,28,30,10,9,1.0,1
2023-05-05T22:00:00,3134A,113.8172,34.0339,许昌市,市一中,,26,26,21,10,12,107,76,98,94,13,11,2,2,0.9,1
2023-05-05T22:00:00,3136A,104.2725,30.5589,成都市,龙泉驿区区政府,颗粒物(PM10),85,119,69,36,31,83,58,75,60,42,26,2,2,0.6,0.5
2023-05-05T22:00:00,3137A,103.8578,30.0744,眉山市,市委党校,颗粒物(PM10),57,63,67,24,31,92,41,71,61,28,27,8,11,0.4,0.4
2023-05-05T22:00:00,3138A,111.7153,29.0289,常德市,武陵区永安,,37,37,26,22,18,93,72,86,84,10,7,5,6,0.7,0.6
2023-05-05T22:00:00,3139A,111.6892,28.9881,常德市,鼎城区玉霞,,36,29,26,25,20,93,62,80,77,14,8,2,3,1.0,0.7
2023-05-05T22:00:00,3140A,111.6625,29.0531,常德市,武陵区长庚,,40,29,24,28,19,90,61,83,79,12,8,3,4,0.7,0.4
2023-05-05T22:00:00,3141A,114.3922,36.0878,安阳市,信访局,,25,21,20,16,13,102,80,94,89,10,12,2,3,0.6,0.7
2023-05-05T22:00:00,3147A,114.3438,34.8106,开封市,龙亭公园,,26,14,24,8,10,99,81,95,90,20,16,3,4,0.6,0.7
2023-05-05T22:00:00,3148A,103.8291,30.0564,眉山市,区人社局,颗粒物(PM10),68,85,65,22,28,88,48,70,58,23,27,8,11,0.3,0.4
2023-05-05T22:00:00,3149A,115.0235,30.1578,黄石市,笔架山北路,,22,20,19,2,5,120,68,106,94,2,3,5,4,0.6,0.8
2023-05-05T22:00:00,3151A,114.375,27.8097,宜春市,宜春学院北校区,,,,36,,23,102,,88,80,9,13,4,6,0.9,0.6
2023-05-05T22:00:00,3153A,114.3877,30.4908,武汉市,民族大道182号,,39,39,23,21,16,113,63,106,91,26,14,13,5,1.2,0.7
2023-05-05T22:00:00,3164A,119.4686,32.3942,扬州市,广陵建设局,,29,22,16,20,16,58,44,50,50,10,19,3,6,0.6,0.7
2023-05-05T22:00:00,3165A,108.6594,34.2969,咸阳市,两寺渡,颗粒物(PM10),57,63,102,35,37,74,27,61,41,33,32,3,4,0.7,0.7
2023-05-05T22:00:00,3169A,113.2725,35.2067,焦作市,太极体育中心,,45,45,49,18,27,81,66,66,66,14,9,4,4,0.4,0.6
2023-05-05T22:00:00,3170A,102.1864,38.5253,金昌市,市委党校,,,,,,,105,93,100,94,11,17,83,67,0.6,0.6
2023-05-05T22:00:00,3171A,115.6071,34.4465,商丘市,梁园区档案局,,24,22,15,8,9,86,75,77,77,9,7,5,4,0.4,0.4
2023-05-05T22:00:00,3173A,117.0598,30.5351,安庆市,市人大,,25,22,14,17,10,102,59,98,64,6,11,8,7,0.7,0.7
2023-05-05T22:00:00,3178A,119.0587,36.721,潍坊市,潍坊七中,,,,31,,12,102,,94,94,12,10,7,6,0.3,0.4
2023-05-05T22:00:00,3179A,102.7494,25.0119,昆明市,官渡区博物馆,,42,42,24,12,11,116,87,106,98,18,13,6,7,0.5,0.5
2023-05-05T22:00:00,3180A,99.7136,27.8094,迪庆州,质量技术监督局,,31,12,14,16,8,122,98,115,104,9,6,8,8,0.5,0.4
2023-05-05T22:00:00,3182A,106.7656,31.8545,巴中市,丽阳花园,,40,40,50,19,24,71,56,63,63,16,23,4,4,0.5,0.6
2023-05-05T22:00:00,3183A,106.7418,31.8654,巴中市,圣泉水务公司,,33,33,51,13,24,73,70,69,69,8,19,4,5,0.4,0.5
2023-05-05T22:00:00,3186A,103.7158,36.1058,兰州市,教育港,颗粒物(PM10),57,64,71,33,34,122,88,116,107,24,14,4,10,0.4,0.4
2023-05-05T22:00:00,3187A,116.9509,33.666,宿州市,远航博物馆,,38,38,33,20,23,66,59,64,63,13,7,4,4,0.3,0.3
2023-05-05T22:00:00,3188A,115.6683,37.7217,衡水市,市城管局,,49,49,28,22,11,90,54,84,79,29,10,10,8,0.3,0.3
2023-05-05T22:00:00,3190A,116.0254,29.6994,九江市,外国语学校,,37,37,23,24,16,134,64,117,108,42,19,10,11,0.8,0.8
2023-05-05T22:00:00,3191A,118.3225,33.9447,宿迁市,宿豫区政府,,21,14,29,11,30,73,66,52,52,12,16,12,12,0.5,0.7
2023-05-05T22:00:00,3192A,80.0903,32.5028,阿里地区,阿里藏医院,,36,36,35,4,8,109,104,106,106,2,6,8,9,0.4,0.5
2023-05-05T22:00:00,3194A,112.2747,30.3122,荆州市,管委会,,32,32,30,18,18,125,84,117,106,15,12,7,7,0.8,0.8
2023-05-05T22:00:00,3195A,119.3633,32.3972,扬州市,市体育局,,31,31,19,21,14,71,35,48,47,14,16,9,9,0.7,0.8
2023-05-05T22:00:00,3200A,115.9819,36.4978,聊城市,监控中心,,49,47,21,34,16,87,58,80,77,24,8,7,5,0.5,0.5
2023-05-05T22:00:00,3201A,102.6486,37.9325,武威市,东关招商场,颗粒物(PM10),91,131,165,60,57,119,84,114,109,21,20,6,6,0.3,0.3
2023-05-05T22:00:00,3204A,113.3025,33.73,平顶山市,规划局,,33,31,37,23,25,103,82,94,93,16,17,4,4,0.5,0.6
2023-05-05T22:00:00,3206A,114.9149,27.807,新余市,新钢沁园村,,26,19,49,6,17,92,83,78,78,11,14,5,8,0.2,0.3
2023-05-05T22:00:00,3207A,118.3118,32.3038,滁州市,市政府原办公楼,,49,36,23,34,27,62,54,56,56,8,10,3,4,0.5,0.6
2023-05-05T22:00:00,3208A,112.7283,38.4153,忻州市,市政府,,16,16,42,7,26,67,41,61,57,20,28,6,11,0.4,0.5
2023-05-05T22:00:00,3209A,119.5231,26.6562,宁德市,宁德一中,,42,42,32,14,12,92,27,81,63,9,12,5,5,0.6,0.7
2023-05-05T22:00:00,3210A,114.3644,34.7964,开封市,汴京公园,,25,17,22,11,16,100,80,96,92,10,8,2,3,0.5,0.5
2023-05-05T22:00:00,3216A,114.6622,24.5183,漳州市,漳州党校,,28,23,11,19,13,86,57,78,70,8,5,6,4,0.5,0.5
2023-05-05T22:00:00,3237A,117.4918,30.6617,池州市,展览馆,,32,30,19,22,11,101,49,101,62,12,7,4,4,0.5,0.5
2023-05-05T22:00:00,3239A,125.0764,42.9078,辽源市,银鹰制药,,28,22,39,8,14,97,87,89,89,8,13,6,7,0.4,0.4
2023-05-05T22:00:00,3241A,103.7439,36.0842,兰州市,百合公园,,47,47,62,30,30,116,70,111,99,33,22,5,7,0.4,0.4
2023-05-05T22:00:00,3242A,103.9611,35.998,兰州市,和平,颗粒物(PM10),51,51,96,24,39,116,70,110,96,18,19,6,10,0.5,0.6
2023-05-05T22:00:00,3245A,103.6633,36.533,兰州新区,新区管委会,颗粒物(PM10),65,79,81,35,37,116,76,106,101,22,13,8,25,0.3,0.3
2023-05-05T22:00:00,3246A,103.6975,36.4789,兰州新区,舟曲中学,颗粒物(PM10),55,60,88,27,32,117,86,109,104,17,14,6,28,0.3,0.3
2023-05-05T22:00:00,3247A,104.955,33.371,陇南市,市总工会,,46,46,80,25,29,92,50,83,58,18,18,5,5,0.4,0.3
2023-05-05T22:00:00,3248A,98.2643,39.7724,嘉峪关市,雄关区,颗粒物(PM10),82,113,69,31,19,111,74,107,102,35,12,29,10,0.7,0.4
2023-05-05T22:00:00,3265A,121.4316,31.3322,上海市,宝山庙行,,41,41,36,27,22,89,35,74,63,20,14,6,6,0.9,0.7
2023-05-05T22:00:00,3266A,121.8791,31.4662,上海市,崇明上实东滩,,17,7,20,8,15,105,53,84,79,8,18,6,7,0.6,0.6
2023-05-05T22:00:00,3268A,121.3162,31.2838,上海市,嘉定南翔,,43,26,27,30,20,92,30,79,66,28,33,5,6,1.2,0.7
2023-05-05T22:00:00,3269A,121.3359,30.7456,上海市,金山新城,,29,28,29,20,20,125,52,108,93,25,21,5,6,0.9,0.6
2023-05-05T22:00:00,3270A,121.4996,31.0739,上海市,闵行浦江,,49,42,26,34,23,100,37,85,74,40,27,6,6,1.0,0.6
2023-05-05T22:00:00,3271A,121.2886,31.1663,上海市,青浦徐泾,,50,31,22,35,22,108,25,89,72,40,33,7,7,1.3,0.7
2023-05-05T22:00:00,3272A,121.2186,31.0378,上海市,松江图书馆,,37,37,29,22,21,110,38,94,80,32,27,8,8,1.0,0.7
2023-05-05T22:00:00,3273A,121.3902,31.2059,上海市,长宁仙霞,,49,36,28,34,20,92,29,80,68,38,32,8,8,1.4,0.8
2023-05-05T22:00:00,3274A,121.7965,31.0507,上海市,浦东惠南,,43,38,29,30,22,117,18,89,66,52,22,6,5,1.2,0.8
2023-05-05T22:00:00,3281A,115.9718,40.4529,北京市,延庆夏都,,20,20,24,8,13,70,52,66,57,8,10,3,3,0.3,0.4
2023-05-05T22:00:00,3282A,113.3397,40.0597,大同市,大同市卫生学校,,24,24,27,10,16,104,69,71,67,14,13,9,10,0.5,0.9
2023-05-05T22:00:00,3283A,109.9154,40.5685,包头市,滨河大厦,,21,21,19,14,8,102,66,97,80,13,7,10,10,0.5,0.5
2023-05-05T22:00:00,3284A,106.813,39.7274,乌海市,海北新区,颗粒物(PM10),51,51,111,22,30,113,96,106,105,10,32,10,21,0.3,0.7
2023-05-05T22:00:00,3285A,113.1376,40.9509,乌兰察布市,北京八中,,26,13,20,8,8,86,81,84,72,6,5,14,12,0.4,0.3
2023-05-05T22:00:00,3286A,118.9359,42.3147,赤峰市,桥北物流园区,,29,29,61,6,12,100,68,94,84,26,9,5,4,0.4,0.3
2023-05-05T22:00:00,3287A,119.3842,32.1976,镇江市,富润路1号,细颗粒物(PM2.5),54,36,22,38,24,68,29,52,44,25,17,3,3,0.7,0.8
2023-05-05T22:00:00,3288A,117.4754,34.4422,徐州市,大泉街道,,20,19,34,10,30,78,62,68,67,17,16,11,8,0.6,0.8
2023-05-05T22:00:00,3289A,120.743,31.3188,苏州市,方洲路,细颗粒物(PM2.5),57,54,31,40,23,90,30,81,62,25,21,6,6,1.0,0.8
2023-05-05T22:00:00,3290A,120.5031,31.2774,苏州市,木渎中学,,45,44,23,31,17,96,61,82,72,10,16,7,7,0.9,0.9
2023-05-05T22:00:00,3291A,121.067,32.062,南通市,通州监测站,,16,9,16,7,8,98,49,78,53,8,16,5,5,0.6,0.8
2023-05-05T22:00:00,3293A,120.1501,33.3367,盐城市,月亮广场,,30,17,12,21,12,70,66,65,65,11,11,4,4,0.4,0.5
2023-05-05T22:00:00,3294A,119.5653,32.4222,扬州市,引江管理处,,32,26,17,22,16,63,42,50,47,11,20,9,8,0.7,0.9
2023-05-05T22:00:00,3295A,120.1259,32.5099,泰州市,姜堰区政府广场,,23,20,12,16,9,85,40,71,44,14,13,11,6,0.8,0.8
2023-05-05T22:00:00,3298A,113.5717,23.5491,广州市,从化街口,,24,24,28,11,13,103,34,86,75,18,17,8,7,0.4,0.4
2023-05-05T22:00:00,3299A,113.3472,23.3692,广州市,白云竹料,,37,37,34,14,15,99,29,78,68,27,23,6,6,0.6,0.6
2023-05-05T22:00:00,3300A,113.2981,23.237,广州市,白云嘉禾,,34,34,32,14,13,79,21,63,52,36,29,6,6,0.6,0.5
2023-05-05T22:00:00,3301A,113.4256,23.1716,广州市,黄埔科学城,,30,30,32,11,11,80,19,61,49,28,25,6,10,0.3,0.4
2023-05-05T22:00:00,3302A,113.3942,23.0483,广州市,番禺大学城,,31,31,30,11,11,82,33,63,52,20,19,7,7,0.6,0.6
2023-05-05T22:00:00,3303A,113.4922,22.8168,广州市,南沙黄阁,,17,17,25,9,11,76,41,66,55,8,7,4,4,0.6,0.5
2023-05-05T22:00:00,3304A,113.5342,22.7896,广州市,南沙街,,20,20,24,8,9,72,42,61,53,9,10,4,3,0.4,0.4
2023-05-05T22:00:00,3305A,114.0731,22.559,深圳市,莲花,,14,14,18,9,9,55,37,50,45,11,12,6,6,0.4,0.4
2023-05-05T22:00:00,3306A,114.0261,22.6198,深圳市,民治,,16,16,18,8,8,51,33,48,43,16,13,7,7,0.6,0.6
2023-05-05T22:00:00,3307A,114.1871,22.6451,深圳市,横岗,,17,17,19,8,8,76,41,66,55,18,20,6,6,0.5,0.5
2023-05-05T22:00:00,3308A,113.3494,22.0569,珠海市,金湾,,15,15,17,6,12,56,47,51,50,3,4,8,8,0.3,0.3
2023-05-05T22:00:00,3311A,113.1075,22.5647,江门市,江海富民,,36,36,40,10,14,70,43,65,56,8,9,7,6,0.5,0.4
2023-05-05T22:00:00,3313A,112.4575,23.0166,肇庆市,高要湖西,,29,29,23,12,10,69,43,66,58,16,12,12,6,0.3,0.3
2023-05-05T22:00:00,3314A,114.4338,22.8134,惠州市,惠阳秋长,,17,17,20,10,10,97,51,83,71,5,7,5,6,0.4,0.4
2023-05-05T22:00:00,3315A,116.1233,24.2991,梅州市,梅龙,,46,46,25,18,14,75,54,66,64,19,12,10,9,0.7,0.5
2023-05-05T22:00:00,3317A,111.9765,21.8947,阳江市,两阳中学,,,31,22,3,6,58,,57,55,2,2,6,6,0.3,0.3
2023-05-05T22:00:00,3318A,112.9903,23.7403,清远市,清新太和,,49,49,40,22,16,107,33,81,77,30,23,10,10,0.4,0.3
2023-05-05T22:00:00,3319A,113.7338,23.0381,东莞市,万江金泰,,22,22,27,9,11,83,44,74,61,8,16,5,5,0.4,0.4
2023-05-05T22:00:00,3320A,116.403,23.5699,揭阳市,曲溪,,47,47,44,8,13,103,45,89,70,6,6,1,2,0.5,0.6
2023-05-05T22:00:00,3323A,115.2773,40.9724,张家口市,青少年活动中心,,26,3,20,10,13,93,82,79,66,3,4,3,4,0.3,0.3
2023-05-05T22:00:00,3324A,116.8136,38.3004,沧州市,河北水利电力学院,颗粒物(PM10),51,52,42,23,14,112,65,99,95,31,20,6,6,0.1,0.3
2023-05-05T22:00:00,3325A,117.0365,39.3828,天津市,雍阳西道,,30,30,19,9,10,91,51,81,70,30,13,8,7,0.2,0.2
2023-05-05T22:00:00,3326A,117.0296,39.0605,天津市,辛老路,,34,34,17,12,9,95,38,86,74,39,14,8,8,0.3,0.4
2023-05-05T22:00:00,3327A,116.9638,38.9375,天津市,地纬路,,29,29,17,11,10,97,40,90,80,31,10,10,10,0.2,0.2
2023-05-05T22:00:00,3328A,118.4209,31.3707,芜湖市,市气象局,,28,26,18,19,15,97,47,91,62,17,21,10,10,0.6,0.7
2023-05-05T22:00:00,3329A,117.0108,32.5893,淮南市,山南新区,,28,28,31,9,14,61,54,55,54,14,14,4,4,0.5,0.5
2023-05-05T22:00:00,3330A,116.8873,33.9836,淮北市,杜集区检察院,,29,29,26,13,18,73,63,68,68,12,7,7,6,0.6,0.5
2023-05-05T22:00:00,3331A,118.3267,32.2634,滁州市,图书馆,,40,40,24,26,22,65,54,58,58,12,15,5,5,0.7,0.7
2023-05-05T22:00:00,3332A,115.7633,33.8034,亳州市,亳州学院,,26,26,21,15,14,75,71,72,72,8,7,4,3,0.6,0.5
2023-05-05T22:00:00,3333A,117.5627,30.695,池州市,第八中学,,30,28,19,21,11,106,55,106,64,10,11,3,4,0.5,0.5
2023-05-05T22:00:00,3334A,117.5038,30.6243,池州市,第十二中学,,29,29,17,20,11,105,48,105,62,14,10,3,4,0.6,0.6
2023-05-05T22:00:00,3335A,113.3137,35.2641,焦作市,马村街道办,,42,42,38,24,26,75,63,61,61,10,9,5,7,0.5,0.8
2023-05-05T22:00:00,3336A,113.2465,35.2373,焦作市,焦作技师学院,,35,35,40,14,26,81,66,65,65,12,9,4,3,0.6,0.8
2023-05-05T22:00:00,3337A,113.8614,34.0442,许昌市,许昌学院,,25,20,33,9,12,108,78,98,93,9,8,2,2,0.6,0.7
2023-05-05T22:00:00,3338A,113.843,34.0823,许昌市,芙蓉广场,,23,17,19,15,18,107,73,96,91,13,13,5,5,0.6,0.7
2023-05-05T22:00:00,3339A,114.0012,33.0412,驻马店市,小管楼,,23,22,25,7,16,101,72,88,84,7,6,6,7,0.3,0.3
2023-05-05T22:00:00,3340A,112.6005,34.6326,洛阳市,伊滨,,46,30,48,32,39,83,78,68,64,11,17,5,5,0.7,1
2023-05-05T22:00:00,3341A,112.4951,34.6332,洛阳市,中移产业园,细颗粒物(PM2.5),57,52,60,40,47,85,40,72,58,25,16,5,6,0.5,0.5
2023-05-05T22:00:00,3342A,128.4741,47.4346,伊春市,中心小学,,31,31,18,9,10,99,52,97,89,18,7,4,4,0.5,0.4
2023-05-05T22:00:00,3343A,128.6871,47.7369,伊春市,检察院,,44,44,20,28,13,100,74,97,89,16,5,8,8,0.2,0.2
2023-05-05T22:00:00,3344A,128.8431,47.8474,伊春市,双子河社区,颗粒物(PM10),60,69,20,10,7,100,62,98,90,16,9,6,6,0.7,0.6
2023-05-05T22:00:00,3345A,131.0577,45.7879,七台河市,中波台,,24,24,22,14,11,90,66,86,82,12,14,10,11,0.5,0.5
2023-05-05T22:00:00,3346A,108.3872,31.1628,重庆市,安康,,35,33,21,24,15,39,18,33,26,19,17,6,6,0.5,0.5
2023-05-05T22:00:00,3347A,105.9017,29.3569,重庆市,北山路,,42,41,38,29,28,111,97,106,106,14,14,7,6,0.7,0.7
2023-05-05T22:00:00,3348A,105.839,30.1946,重庆市,春阳街,细颗粒物(PM2.5),75,61,53,55,34,129,86,117,115,9,8,9,14,0.8,0.7
2023-05-05T22:00:00,3349A,107.7983,30.6758,重庆市,人民东路,,30,30,29,10,11,74,60,68,66,10,8,18,18,0.6,0.6
2023-05-05T22:00:00,3350A,106.6479,29.0244,重庆市,滩子口,细颗粒物(PM2.5),64,55,64,46,43,140,81,106,105,21,22,9,19,0.7,1.1
2023-05-05T22:00:00,3351A,105.7167,29.7076,重庆市,棠香,颗粒物(PM10),60,69,43,38,27,100,82,93,92,13,11,12,12,0.5,0.4
2023-05-05T22:00:00,3352A,107.0732,29.8617,重庆市,桃源西路,,39,26,28,27,27,100,71,91,87,9,10,12,13,0.7,0.9
2023-05-05T22:00:00,3353A,107.3535,29.7287,重庆市,迎宾大道,,38,32,38,26,38,104,52,73,72,20,22,5,6,0.9,0.8
2023-05-05T22:00:00,3354A,108.815,29.5081,重庆市,舟白,,29,7,8,20,18,81,81,71,71,7,8,7,7,0.6,0.5
2023-05-05T22:00:00,3355A,108.3679,30.8426,重庆市,周家坝,,24,24,21,15,16,58,56,44,44,14,31,9,9,0.6,0.5
2023-05-05T22:00:00,3356A,108.4319,30.7555,重庆市,百安坝,,22,10,17,15,14,48,22,34,33,27,27,13,13,0.5,0.5
2023-05-05T22:00:00,3357A,104.0106,30.6931,成都市,金博路,颗粒物(PM10),56,62,82,16,39,127,71,112,101,20,22,1,2,0.5,0.5
2023-05-05T22:00:00,3359A,104.0578,30.5225,成都市,华阳,颗粒物(PM10),78,105,80,51,45,109,72,84,82,32,27,3,3,0.5,0.5
2023-05-05T22:00:00,3360A,104.7894,29.3194,自贡市,南湖救助站,颗粒物(PM10),63,75,53,29,31,117,79,105,98,14,16,5,7,0.5,0.6
2023-05-05T22:00:00,3361A,103.7311,29.5628,乐山市,理工大学,颗粒物(PM10),51,52,38,24,27,90,68,72,45,19,24,5,5,0.5,0.6
2023-05-05T22:00:00,3362A,120.5014,36.4034,青岛市,即墨2号,,47,47,18,29,11,93,91,77,77,19,22,6,6,0.5,0.5
2023-05-05T22:00:00,3363A,117.9883,36.8372,淄博市,新区,,36,36,23,12,14,79,18,67,50,65,25,7,8,0.7,0.7
2023-05-05T22:00:00,3364A,117.3152,34.8103,枣庄市,市环保局,,22,17,28,14,25,90,69,78,78,23,19,8,8,0.5,0.4
2023-05-05T22:00:00,3365A,118.5719,37.565,东营市,垦利区民丰路,,39,39,25,9,12,109,106,105,105,8,8,10,8,0.6,0.6
2023-05-05T22:00:00,3366A,121.5206,37.4336,烟台市,中国农业大学,颗粒物(PM10),51,51,18,19,10,108,99,90,90,17,14,8,8,0.2,0.1
2023-05-05T22:00:00,3368A,119.1977,36.6872,潍坊市,高新实验学校,颗粒物(PM10),81,112,42,19,15,102,97,90,90,9,12,8,7,0.5,0.5
2023-05-05T22:00:00,3370A,118.3564,35.0215,临沂市,十里堡居委,颗粒物(PM10),51,51,26,14,17,100,100,84,84,11,20,6,7,0.3,0.6
2023-05-05T22:00:00,3371A,116.3728,37.4403,德州市,开发区人民医院,,48,48,25,29,15,99,32,84,72,57,14,4,2,0.6,0.6
2023-05-05T22:00:00,3372A,116.3572,37.4094,德州市,太阳城中学,,47,47,19,25,17,100,62,88,83,21,10,5,5,0.6,0.6
2023-05-05T22:00:00,3374A,115.5564,35.0891,菏泽市,定陶老年大学,,21,17,19,12,7,94,67,82,79,16,12,4,4,0.5,0.5
2023-05-05T22:00:00,3375A,102.8017,24.8336,昆明市,青年创业园,,28,19,20,13,11,111,87,104,97,6,6,8,9,0.9,0.6
2023-05-05T22:00:00,3376A,103.7947,25.462,曲靖市,南苑二区,,,23,25,34,22,130,,121,116,5,4,3,7,0.4,0.4
2023-05-05T22:00:00,3377A,103.7444,25.5261,曲靖市,曲靖师范学院,,31,31,38,17,24,125,83,116,108,14,8,11,16,0.5,0.7
2023-05-05T22:00:00,3379A,122.1139,40.2278,营口市,鲅鱼圈市民活动中心,颗粒物(PM10),59,68,52,9,26,109,75,97,95,21,17,12,10,0.9,0.9
2023-05-05T22:00:00,3380A,102.8914,34.9617,甘南州,甘肃民族师范学院,,29,17,45,4,17,140,91,112,105,18,11,5,13,0.3,0.3
2023-05-05T22:00:00,3396A,112.0828,32.0067,襄阳市,襄城隆中路,,,68,58,34,35,130,,112,102,,12,9,9,1.0,1.1
2023-05-05T22:00:00,3397A,112.1214,32.1008,襄阳市,高新台子湾,颗粒物(PM10),53,56,44,34,30,131,54,105,87,20,11,8,7,0.9,1
2023-05-05T22:00:00,3398A,114.9136,30.4445,黄冈市,市林业局,,26,26,17,4,4,103,75,98,91,2,2,7,7,0.6,0.6
2023-05-05T22:00:00,3399A,112.6703,26.882,衡阳市,师范学院,,46,42,38,32,28,100,71,91,89,12,10,6,8,0.8,0.8
2023-05-05T22:00:00,3400A,109.1911,21.4415,北海市,龙潭自来水厂,,28,28,28,16,16,98,83,93,92,7,7,3,4,0.4,0.4
2023-05-05T22:00:00,3401A,108.4834,22.7618,南宁市,红星社区,,48,48,37,29,23,79,72,77,76,12,9,6,7,0.7,0.6
2023-05-05T22:00:00,3402A,109.5422,24.3996,柳州市,市二中,颗粒物(PM10),62,74,45,35,25,121,26,97,93,51,12,6,9,1.0,0.6
2023-05-05T22:00:00,3403A,110.1764,25.2381,桂林市,创业大厦,细颗粒物(PM2.5),73,66,35,53,28,86,38,77,70,19,8,37,8,0.5,0.3
2023-05-05T22:00:00,3404A,108.5959,21.9633,钦州市,北职校,,43,43,39,20,16,73,61,64,64,10,12,6,9,0.5,0.6
2023-05-05T22:00:00,3405A,109.5886,23.1172,贵港市,新世纪学校,颗粒物(PM10),54,58,49,34,27,116,95,110,109,14,19,7,8,0.7,0.8
2023-05-05T22:00:00,3406A,106.6085,23.8798,百色市,祈福高中,,40,29,56,28,38,154,100,144,126,11,13,10,19,0.7,0.9
2023-05-05T22:00:00,3407A,120.6916,30.7739,嘉兴市,秀洲住建,,41,41,26,26,16,95,56,81,76,14,21,6,6,0.9,0.8
2023-05-05T22:00:00,3408A,120.5683,29.9361,绍兴市,绍兴中专,,39,39,20,18,12,115,63,110,96,18,12,5,5,0.8,0.5
2023-05-05T22:00:00,3409A,120.4906,30.0861,绍兴市,柯桥区政府,颗粒物(PM10),56,61,28,36,15,116,63,103,79,19,12,4,3,0.9,0.7
2023-05-05T22:00:00,3410A,120.8752,30.0249,绍兴市,重华小学,,50,50,29,30,15,104,62,98,85,16,12,5,5,1.2,0.8
2023-05-05T22:00:00,3411A,120.8369,30.0137,绍兴市,上虞中学,,47,47,27,32,17,109,64,100,88,17,14,6,8,0.9,0.6
2023-05-05T22:00:00,3413A,118.1953,28.4401,上饶市,广丰区教体局,,18,18,15,12,11,117,30,100,68,14,11,10,10,0.7,0.7
2023-05-05T22:00:00,3414A,115.8347,28.932,赣江新区,桑海产业园,,36,36,28,17,6,121,75,121,87,38,14,6,6,0.8,0.7
2023-05-05T22:00:00,3415A,114.4519,28.0828,宜春市,万载县环保局,,,2,24,,16,91,74,84,83,16,10,4,8,0.7,0.7
2023-05-05T22:00:00,3416A,119.1755,36.7149,潍坊市,潍坊学院,颗粒物(PM10),76,102,43,17,14,105,99,96,96,7,8,5,4,0.3,0.4
2023-05-05T22:00:00,3417A,117.0709,40.1465,北京市,平谷新城,,26,19,24,5,12,91,81,85,85,8,10,3,3,0.2,0.3
2023-05-05T22:00:00,3418A,116.8336,40.4095,北京市,密云新城,,28,20,26,5,12,91,88,88,88,5,7,3,3,0.2,0.3
2023-05-05T22:00:00,3419A,109.9447,40.6261,包头市,包头市委党校,,29,29,20,13,9,97,68,91,81,17,10,9,9,0.3,0.3
2023-05-05T22:00:00,3421A,113.1775,40.9779,乌兰察布市,市委党校,,23,21,22,15,14,82,73,81,70,10,8,15,12,0.3,0.3
2023-05-05T22:00:00,3422A,118.8436,31.9198,南京市,江宁彩虹桥,,37,37,19,19,11,71,51,60,57,15,15,4,3,0.8,0.8
2023-05-05T22:00:00,3423A,119.0138,31.6494,南京市,溧水永阳,,30,24,13,21,14,94,44,85,57,15,13,5,4,0.6,0.7
2023-05-05T22:00:00,3424A,118.879,31.3302,南京市,高淳老职中,,38,32,18,26,12,91,49,82,60,9,10,4,4,0.7,0.8
2023-05-05T22:00:00,3425A,120.624,31.1733,苏州市,越秀幼儿园,,45,27,31,31,23,98,58,86,70,17,21,5,6,0.9,0.8
2023-05-05T22:00:00,3426A,118.8755,33.2894,淮安市,新华书店,,32,29,27,22,26,60,52,51,51,20,14,4,4,0.5,0.5
2023-05-05T22:00:00,3427A,118.8554,32.3578,南京市,六合雄州,,35,35,24,20,17,61,41,49,48,2,7,2,3,0.7,0.8
2023-05-05T22:00:00,3428A,120.3142,31.4753,无锡市,华庄,细颗粒物(PM2.5),107,43,28,80,32,82,48,74,64,18,23,4,4,0.8,0.7
2023-05-05T22:00:00,3429A,119.8598,31.7066,常州市,武进经发区,,50,38,23,35,19,88,42,70,58,13,15,2,2,0.7,0.9
2023-05-05T22:00:00,3430A,119.5826,31.7245,常州市,金坛城区,,48,48,24,27,16,89,49,70,55,8,13,5,5,0.5,0.7
2023-05-05T22:00:00,3431A,120.6505,31.416,苏州市,高铁新城,细颗粒物(PM2.5),54,51,30,38,20,82,31,68,53,21,31,6,6,1.0,0.9
2023-05-05T22:00:00,3432A,120.9348,31.9883,南通市,环境教育馆,,17,17,20,11,10,78,46,64,60,12,24,2,2,0.5,0.5
2023-05-05T22:00:00,3434A,119.2413,34.6539,连云港市,工贸学校,,38,38,28,16,20,79,79,65,65,11,22,7,9,0.5,1
2023-05-05T22:00:00,3435A,119.9192,32.4322,泰州市,周山河街区,,32,23,14,22,13,71,43,71,42,12,12,6,6,0.5,0.7
2023-05-05T22:00:00,3436A,120.4279,33.205,盐城市,大丰高级中学,,22,22,12,14,8,72,64,72,62,9,11,4,4,0.3,0.4
2023-05-05T22:00:00,3437A,88.3118,43.3658,乌鲁木齐市,达坂城区环保局,,37,37,63,12,17,101,93,98,98,4,3,3,4,0.2,0.2
2023-05-05T22:00:00,3438A,87.6162,43.8801,乌鲁木齐市,红光山片区,,38,38,32,6,10,100,81,95,94,27,28,3,4,0.3,0.2
2023-05-05T22:00:00,3439A,87.7024,43.8004,乌鲁木齐市,新师大温泉校区,,31,31,35,6,14,98,82,92,92,6,7,7,7,0.3,0.2
2023-05-05T22:00:00,3440A,87.4921,43.8411,乌鲁木齐市,大绿谷,,27,27,34,12,10,97,83,91,91,21,22,6,6,0.4,0.5
2023-05-05T22:00:00,3441A,87.546,44.1912,五家渠市,经开区管委会,,39,39,37,11,15,98,82,95,94,4,6,6,6,0.5,0.5
2023-05-05T22:00:00,3442A,86.047,44.2331,石河子市,南区管委会,,29,20,20,9,14,104,91,100,99,3,2,7,7,0.4,0.3
2023-05-05T22:00:00,3443A,113.2902,23.5544,广州市,花都梯面,,35,35,32,15,14,110,28,82,76,26,22,8,6,0.4,0.4
2023-05-05T22:00:00,3444A,116.454,23.2684,汕头市,潮南峡山,,30,14,27,21,13,88,62,80,72,6,7,9,9,0.5,0.6
2023-05-05T22:00:00,3445A,113.7858,23.7478,广州市,从化良口,,20,20,19,10,10,97,52,88,83,15,11,4,4,0.5,0.5
2023-05-05T22:00:00,3446A,113.8051,23.2614,广州市,增城荔城,,21,21,28,9,11,92,39,83,68,9,15,5,6,0.4,0.4
2023-05-05T22:00:00,3447A,114.3551,22.7151,深圳市,坪山,,18,14,18,9,9,78,57,71,67,10,9,6,6,0.6,0.6
2023-05-05T22:00:00,3448A,113.5433,22.1163,珠海市,横琴,,45,20,20,31,21,66,42,59,52,9,20,6,6,0.4,0.4
2023-05-05T22:00:00,3449A,113.05,22.4667,江门市,新会银湖,,19,19,24,7,9,61,42,59,53,8,8,2,2,0.5,0.5
2023-05-05T22:00:00,3450A,111.01,21.5165,茂名市,电白水东,,27,27,20,7,6,55,49,53,51,4,4,7,7,0.4,0.4
2023-05-05T22:00:00,3451A,112.5617,23.2083,肇庆市,鼎湖凤凰,,22,22,24,10,12,83,52,74,71,6,9,10,9,0.4,0.5
2023-05-05T22:00:00,3452A,114.6517,22.775,惠州市,大亚湾霞涌,,14,10,18,6,8,71,43,65,55,8,6,4,4,0.4,0.3
2023-05-05T22:00:00,3453A,112.0125,21.8749,阳江市,阳东陶然,,18,18,21,4,5,60,50,56,54,2,2,5,5,0.4,0.4
2023-05-05T22:00:00,3454A,113.3528,22.478,中山市,中山南区,,17,17,18,7,8,69,49,65,58,6,7,2,2,0.2,0.3
2023-05-05T22:00:00,3455A,113.076,23.7198,清远市,清城东城,,39,39,36,15,15,107,30,82,75,28,24,7,7,0.6,0.5
2023-05-05T22:00:00,3456A,114.289,38.0906,石家庄市,鹿泉一中,,45,45,28,28,23,92,59,88,73,24,18,5,6,0.6,0.7
2023-05-05T22:00:00,3457A,118.4359,39.2762,唐山市,冀东油田职工医院,颗粒物(PM10),53,55,30,18,16,103,76,94,88,11,9,11,10,0.6,0.4
2023-05-05T22:00:00,3458A,114.7895,36.5593,邯郸市,香泉濮院小区,,36,36,19,25,19,98,74,90,87,13,8,5,5,0.5,0.5
2023-05-05T22:00:00,3459A,115.5989,37.5491,衡水市,地表水厂,,31,31,14,16,12,89,55,80,73,19,5,7,8,0.2,0.3
2023-05-05T22:00:00,3460A,117.4067,40.0583,天津市,北环路,,32,32,16,10,7,87,38,78,62,26,11,6,7,0.4,0.4
2023-05-05T22:00:00,3461A,117.3045,39.7169,天津市,建设路,,30,30,21,10,12,86,49,81,67,48,19,9,8,0.4,0.4
2023-05-05T22:00:00,3462A,117.8199,39.3521,天津市,滨水东路,,32,32,18,8,8,106,88,99,96,13,11,10,10,0.2,0.4
2023-05-05T22:00:00,3463A,116.9708,33.591,宿州市,社会福利中心,,40,40,31,21,17,70,62,63,63,11,6,2,2,0.4,0.4
2023-05-05T22:00:00,3464A,117.3803,31.9147,合肥市,高教基地,,31,31,26,16,18,48,48,45,45,10,11,3,3,0.4,0.4
2023-05-05T22:00:00,3465A,118.4781,31.3225,芜湖市,清苑社区,,32,25,23,22,18,95,42,95,61,19,13,7,7,0.5,0.5
2023-05-05T22:00:00,3466A,118.2746,31.2326,芜湖市,扬子职业技术学院,,29,29,21,20,17,101,58,94,72,6,8,5,6,0.5,0.6
2023-05-05T22:00:00,3468A,115.7901,32.8613,阜阳市,市规划展馆,,28,28,24,14,17,71,64,69,69,11,8,5,5,0.6,0.5
2023-05-05T22:00:00,3469A,115.836,32.9183,阜阳市,枣园社区,,27,27,20,14,16,68,57,66,65,12,7,4,4,0.5,0.5
2023-05-05T22:00:00,3470A,118.7724,30.9141,宣城市,夏渡子站,细颗粒物(PM2.5),55,27,17,39,16,82,50,76,73,12,10,5,4,0.6,0.5
2023-05-05T22:00:00,3471A,113.616563,34.86783,郑州市,惠济区政府,,,,28,9,17,115,93,102,102,8,11,2,2,0.8,1
2023-05-05T22:00:00,3473A,114.2485,34.8306,开封市,技师学院,,,,22,,11,104,,99,94,14,10,4,4,,0.9
2023-05-05T22:00:00,3474A,114.2617,35.6822,鹤壁市,大新区,,27,27,30,18,15,101,71,91,83,14,17,3,4,0.7,0.8
2023-05-05T22:00:00,3475A,113.9188,35.3045,新乡市,市政府,,29,29,31,13,20,118,75,105,97,11,9,6,7,0.7,0.8
2023-05-05T22:00:00,3476A,113.9135,35.3327,新乡市,河师大,,33,33,41,18,20,115,76,102,95,13,15,4,5,0.3,0.3
2023-05-05T22:00:00,3477A,113.1656,35.2539,焦作市,中站许衡医院,,44,44,46,23,25,72,51,58,58,29,14,7,7,0.5,1
2023-05-05T22:00:00,3478A,113.9749,33.5664,漯河市,市图书馆,,28,23,22,13,11,114,88,104,101,7,5,7,7,0.6,0.6
2023-05-05T22:00:00,3479A,114.0967,33.5906,漯河市,召陵区卫健委,,,,24,,11,104,69,95,89,7,7,7,6,0.4,0.4
2023-05-05T22:00:00,3480A,129.1368,47.6417,伊春市,美溪镇,,23,23,18,14,9,96,63,93,86,6,6,3,2,0.6,0.6
2023-05-05T22:00:00,3481A,125.141,46.634,大庆市,萨区政府监测点,,28,15,15,10,9,102,89,100,97,3,7,6,6,0.1,0.3
2023-05-05T22:00:00,3482A,107.7541,29.3277,重庆市,芙蓉中路,,33,33,46,16,32,87,9,67,39,32,32,10,14,0.7,0.8
2023-05-05T22:00:00,3483A,108.7661,29.5368,重庆市,西山,,23,12,14,16,27,73,73,66,66,3,8,7,7,0.4,0.5
2023-05-05T22:00:00,3484A,106.2628,29.32,重庆市,行政中心,颗粒物(PM10),54,57,49,35,30,153,84,132,127,28,32,3,7,0.7,0.7
2023-05-05T22:00:00,3485A,107.0944,29.1608,重庆市,高寺路,,48,48,66,32,63,104,70,84,80,12,25,7,8,0.6,0.8
2023-05-05T22:00:00,3486A,124.4036,43.1411,四平市,植物园,,44,44,62,3,16,108,77,100,96,15,19,3,4,0.1,0.2
2023-05-05T22:00:00,3487A,104.2394,30.5319,成都市,车城东七路,颗粒物(PM10),78,105,75,40,37,80,57,68,66,48,28,4,4,0.6,0.5
2023-05-05T22:00:00,3488A,104.3853,30.7453,成都市,青白江技师分院,细颗粒物(PM2.5),100,121,85,75,48,118,70,79,77,32,37,5,4,0.5,0.5
2023-05-05T22:00:00,3489A,104.0789,30.4072,成都市,科学城,颗粒物(PM10),78,105,71,46,38,86,31,74,63,46,21,3,3,0.5,0.5
2023-05-05T22:00:00,3490A,105.3617,28.7703,泸州市,纳溪区环保局,颗粒物(PM10),57,64,53,34,32,130,82,114,110,15,24,7,12,0.5,0.6
2023-05-05T22:00:00,3491A,104.69,31.5322,绵阳市,西科大附属小学,颗粒物(PM10),58,66,89,31,40,118,70,103,90,15,20,3,4,0.4,0.4
2023-05-05T22:00:00,3492A,104.5648,31.5343,绵阳市,安州区旅游局,细颗粒物(PM2.5),62,69,97,44,41,128,78,117,106,10,14,6,6,0.3,0.5
2023-05-05T22:00:00,3494A,117.1673,36.9782,济南市,济阳区政府,,49,49,24,29,14,70,40,61,57,32,11,6,6,0.5,0.5
2023-05-05T22:00:00,3495A,117.1171,36.63,济南市,锦屏中学,,37,37,15,10,6,102,95,96,96,14,12,8,2,0.3,0.3
2023-05-05T22:00:00,3496A,118.3604,35.1084,临沂市,南坊新区,颗粒物(PM10),52,53,34,17,18,94,92,82,82,15,23,8,8,0.3,0.6
2023-05-05T22:00:00,3498A,118.5055,37.8612,东营市,河口城区,,44,44,24,14,10,120,110,115,115,12,12,5,5,0.2,0.3
2023-05-05T22:00:00,3500A,116.5814,35.3707,济宁市,北湖一中,,37,37,24,19,13,91,90,80,78,14,11,8,8,0.5,0.6
2023-05-05T22:00:00,3501A,116.8249,35.5593,济宁市,服务中心,,36,36,20,12,9,96,92,86,86,11,8,7,7,0.6,0.8
2023-05-05T22:00:00,3502A,117.1812,36.2275,泰安市,国网新校,颗粒物(PM10),68,85,20,12,4,116,115,100,100,7,9,5,3,0.2,0.4
2023-05-05T22:00:00,3503A,117.0313,36.2018,泰安市,交通技校,,,39,13,13,8,86,,76,75,14,13,8,7,0.4,0.5
2023-05-05T22:00:00,3504A,117.0829,36.13,泰安市,山东第一医科大学,颗粒物(PM10),69,88,19,8,7,106,106,93,93,8,17,11,10,0.4,0.3
2023-05-05T22:00:00,3505A,122.1379,37.3414,威海市,临港区管委会,,35,34,5,24,5,79,77,75,75,10,9,4,4,0.6,0.4
2023-05-05T22:00:00,3507A,119.5328,35.4625,日照市,职业技术学院,,,48,27,14,16,88,88,76,76,15,18,5,5,,0.5
2023-05-05T22:00:00,3511A,116.5652,37.3319,德州市,陵城艺术中心,,36,36,18,24,10,94,57,89,82,28,16,5,5,0.6,0.5
2023-05-05T22:00:00,3512A,116.049,36.4674,聊城市,华润纺织,,42,42,23,24,15,78,61,70,68,30,13,6,5,0.6,0.6
2023-05-05T22:00:00,3513A,116.0445,36.4361,聊城市,九州社区,,39,39,18,22,12,88,73,79,78,11,6,7,5,0.2,0.3
2023-05-05T22:00:00,3514A,117.9378,37.3956,滨州市,中海酒店,颗粒物(PM10),52,53,23,20,13,96,56,82,79,35,11,4,4,0.2,0.2
2023-05-05T22:00:00,3515A,117.9378,37.3553,滨州市,开发区一中,颗粒物(PM10),53,56,23,19,9,98,70,88,87,29,13,5,5,0.3,0.3
2023-05-05T22:00:00,3516A,118.0917,37.694,滨州市,金海六路,,39,39,20,12,8,101,59,92,90,44,10,3,2,0.3,0.3
2023-05-05T22:00:00,3520A,106.3495,38.9836,石嘴山市,妇女儿童医院,颗粒物(PM10),51,52,114,15,56,105,71,95,91,20,27,14,14,0.5,0.7
2023-05-05T22:00:00,3521A,106.7492,39.2069,石嘴山市,石大公路,颗粒物(PM10),65,79,112,25,47,103,68,92,83,33,36,44,22,0.6,0.6
2023-05-05T22:00:00,3522A,106.2177,35.9959,固原市,原州区十五小,颗粒物(PM10),80,110,106,44,38,97,62,90,78,23,13,4,4,0.4,0.3
2023-05-05T22:00:00,3523A,106.5105,38.3856,银川市,滨河新区,,28,28,79,11,43,105,86,94,94,6,15,6,14,0.3,0.5
2023-05-05T22:00:00,3524A,108.6116,34.1164,西安市,文体局,颗粒物(PM10),54,57,95,31,34,103,48,92,75,21,10,5,6,0.4,0.4
2023-05-05T22:00:00,3525A,108.6396,34.4078,咸阳市,奥体中心,颗粒物(PM10),51,51,88,31,38,88,24,72,44,28,15,4,4,0.7,0.6
2023-05-05T22:00:00,3526A,119.5189,25.9664,福州市,吴航,,26,26,22,10,9,87,27,70,50,13,9,4,4,0.4,0.4
2023-05-05T22:00:00,3527A,118.0958,24.5688,厦门市,集美中学,,30,30,23,16,9,59,35,47,39,18,16,2,3,0.2,0.2
2023-05-05T22:00:00,3528A,118.1493,24.7245,厦门市,同安二实小,颗粒物(PM10),56,61,31,20,11,56,11,42,28,33,10,2,3,0.2,0.1
2023-05-05T22:00:00,3529A,118.6333,24.9264,泉州市,城华南路,,27,27,23,9,7,71,41,61,50,17,10,8,7,0.5,0.5
2023-05-05T22:00:00,3530A,117.6296,24.5314,漳州市,西洋坪路,,30,30,24,15,12,82,50,74,65,7,4,3,2,0.6,0.5
2023-05-05T22:00:00,3531A,110.296,25.1253,桂林市,旅游学院,颗粒物(PM10),52,53,29,34,19,81,52,76,73,18,11,9,9,0.6,0.5
2023-05-05T22:00:00,3532A,110.1945,22.6831,玉林市,玉林师范学院东校区,,42,42,35,22,23,99,59,88,84,12,13,4,4,0.6,0.6
2023-05-05T22:00:00,3533A,110.0527,22.5893,玉林市,福绵环保局,,40,40,42,18,26,99,62,91,85,8,10,4,10,0.4,0.4
2023-05-05T22:00:00,3534A,111.4744,24.4553,贺州市,西湾,,48,48,46,28,25,64,30,54,48,27,21,9,8,0.7,0.7
2023-05-05T22:00:00,3535A,109.1781,23.7297,来宾市,兴宾区政府,颗粒物(PM10),52,54,41,29,24,119,71,104,99,15,10,4,4,0.5,0.5
2023-05-05T22:00:00,3536A,106.8547,27.5919,遵义市,第十二小学,,25,24,74,17,49,150,69,128,114,7,16,6,8,0.3,0.4
2023-05-05T22:00:00,3537A,105.3631,27.3533,毕节市,长征村,,,87,69,60,45,157,,154,154,8,9,6,7,0.5,0.6
2023-05-05T22:00:00,3538A,107.5175,26.2978,黔南布依族苗族自治州,沙坝,,,39,32,29,24,120,92,112,106,,6,4,4,0.3,0.4
2023-05-05T22:00:00,3539A,110.5111,19.9736,海口市,桂林洋子站,,27,27,24,18,13,72,37,62,49,6,6,7,7,0.2,0.3
2023-05-05T22:00:00,3540A,109.7348,18.3443,三亚市,君悦子站,,30,30,27,11,12,50,50,47,46,3,8,2,2,0.3,0.3
2023-05-05T22:00:00,3541A,109.5726,19.5167,儋州市,第一中学子站,,44,44,32,20,19,118,76,96,92,5,6,5,6,0.6,0.5
2023-05-05T22:00:00,3542A,109.5567,19.5187,儋州市,东坡学校子站,,41,41,31,20,20,133,84,117,111,5,4,5,5,0.5,0.5
2023-05-05T22:00:00,3543A,112.3466,16.8396,三沙市,永兴岛子站,,,,,,,,,,,,,,,,
2023-05-05T22:00:00,3544A,121.4891,30.925,上海市,奉贤南桥新城,,44,44,29,26,18,118,41,100,85,43,24,7,7,1.3,0.8
2023-05-05T22:00:00,3545A,110.8054,32.8401,十堰市,郧阳区金沙路,,50,31,25,35,16,102,77,91,88,5,6,6,6,0.9,0.8
2023-05-05T22:00:00,3546A,111.4606,30.552,宜昌市,猇亭区张家湾站,细颗粒物(PM2.5),72,63,29,52,20,116,20,95,75,48,28,6,7,0.9,0.8
2023-05-05T22:00:00,3547A,112.1632,31.0138,荆门市,龙泉中学南校,,39,39,29,23,18,120,81,112,100,12,9,8,8,0.7,0.8
2023-05-05T22:00:00,3548A,112.1655,30.3364,荆州市,学苑路,,36,35,32,25,26,140,96,131,120,13,14,6,7,0.8,0.9
2023-05-05T22:00:00,3549A,109.5061,30.3772,恩施土家族苗族自治州,龙凤新区,,18,18,24,7,7,55,19,37,32,12,11,7,6,0.6,0.5
2023-05-05T22:00:00,3550A,102.7997,24.9786,昆明市,昆明学院,,30,21,24,9,11,120,96,111,103,8,8,4,7,0.3,0.4
2023-05-05T22:00:00,3551A,102.5967,24.6736,昆明市,晋宁区生态环境分局,,33,16,16,12,10,115,103,111,108,8,9,4,5,0.3,0.3
2023-05-05T22:00:00,3552A,102.6678,24.9856,昆明市,云天化总部,,32,17,19,10,11,122,100,115,108,11,10,8,9,0.4,0.5
2023-05-05T22:00:00,3557A,119.9464,30.0494,杭州市,镇二中,,43,34,17,30,11,107,43,93,71,22,18,5,5,0.8,0.5
2023-05-05T22:00:00,3558A,119.7183,30.2367,杭州市,市府大楼,,43,17,20,30,14,96,49,86,65,17,9,6,6,0.8,0.6
2023-05-05T22:00:00,3560A,120.4722,30.0415,绍兴市,柯桥妇保,颗粒物(PM10),68,86,28,42,15,125,62,116,86,15,11,5,4,0.9,0.7
2023-05-05T22:00:00,3561A,120.6985,27.9251,温州市,茶山,,33,33,39,14,18,110,31,84,78,24,29,4,4,0.6,0.5
2023-05-05T22:00:00,3562A,120.4148,30.8538,湖州市,南浔区站,,43,43,45,28,24,101,66,89,84,12,17,5,5,0.7,0.8
2023-05-05T22:00:00,3564A,121.2568,28.6681,台州市,台州科技职业学院,,50,50,34,20,17,67,12,55,50,50,16,5,5,0.7,0.5
2023-05-05T22:00:00,3565A,113.1367,40.1122,大同市,云冈站,,22,19,19,14,11,88,68,77,72,14,10,6,6,0.6,0.5
2023-05-05T22:00:00,3566A,113.1186,40.2556,大同市,图书馆,,43,40,20,30,15,77,68,75,72,15,13,10,9,0.5,0.6
2023-05-05T22:00:00,3567A,113.5931,40.0461,大同市,区一中,,24,24,31,15,13,106,70,81,70,9,11,3,3,0.6,0.6
2023-05-05T22:00:00,3568A,113.06,36.0464,长治市,向阳小学,,39,32,44,27,34,123,76,102,88,12,20,12,15,1.0,1
2023-05-05T22:00:00,3569A,112.8792,36.3144,长治市,屯留一中,,30,30,26,9,16,102,78,79,75,11,17,9,11,0.2,0.3
2023-05-05T22:00:00,3570A,113.235,36.3489,长治市,潞城四中,,25,22,37,17,30,94,67,82,77,17,24,7,8,0.5,0.8
2023-05-05T22:00:00,3571A,112.2931,39.53,朔州市,一水厂,,46,42,50,32,33,79,49,75,57,22,21,8,18,0.5,0.6
2023-05-05T22:00:00,3572A,114.6419615,37.9001925,石家庄市,栾城区政府,,,44,26,,11,89,49,86,68,33,16,1,2,0.6,0.7
2023-05-05T22:00:00,3573A,114.8506765,38.0322033,石家庄市,藁城区实验学校,,50,50,28,19,10,93,35,87,71,35,15,4,4,0.4,0.4
2023-05-05T22:00:00,3574A,114.0504658,38.0591645,石家庄市,井陉矿区区委大楼,,38,35,23,26,18,83,64,81,75,22,21,5,6,0.4,0.4
2023-05-05T22:00:00,3575A,118.09279,39.58089,唐山市,正泰大街热力站,,45,45,29,10,10,97,80,91,88,5,9,3,3,0,0.1
2023-05-05T22:00:00,3576A,118.1562,39.8322,唐山市,丰润区政府,,26,24,28,9,13,90,81,88,86,4,8,2,3,0.2,0.3
2023-05-05T22:00:00,3577A,118.43673,39.73809,唐山市,金山小学,,48,48,48,4,10,102,78,96,92,12,11,8,8,0.9,0.8
2023-05-05T22:00:00,3578A,118.24498,39.66941,唐山市,政府服务中心,,28,28,30,8,12,104,74,98,91,5,6,5,6,0.2,0.3
2023-05-05T22:00:00,3579A,114.50634,36.77178,邯郸市,永年区实验高中,,46,28,44,32,20,102,82,95,86,11,11,1,2,0.4,0.4
2023-05-05T22:00:00,3580A,114.20016,36.44293,邯郸市,峰峰矿区临水派出所,颗粒物(PM10),76,102,24,14,10,108,83,98,92,6,4,3,2,0.6,0.7
2023-05-05T22:00:00,3581A,115.31981,38.95208,保定市,满城区生态环境分局,,46,46,36,2,1,94,49,86,73,25,8,9,9,0.3,0.3
2023-05-05T22:00:00,3582A,115.47694,38.76408,保定市,清苑区第二中学,颗粒物(PM10),58,65,45,15,17,97,63,89,80,26,18,6,7,0.2,0.3
2023-05-05T22:00:00,3583A,115.62909,39.02311,保定市,徐水物探局,颗粒物(PM10),51,51,28,9,9,95,34,90,74,35,9,6,6,0.3,0.3
2023-05-05T22:00:00,3584A,115.8844,39.0341,雄安新区,容城县环境保护局,,38,36,38,26,26,97,67,85,80,22,15,6,7,0.0,0.2
2023-05-05T22:00:00,3585A,115.8665,39.0645,雄安新区,河北容城中学,,48,48,39,12,19,103,71,94,87,15,9,5,7,0.1,0.3
2023-05-05T22:00:00,3586A,115.923,38.9405,雄安新区,安新县民政局,,36,36,29,8,15,93,64,81,78,15,8,5,5,0.2,0.3
2023-05-05T22:00:00,3587A,115.9324,38.9338,雄安新区,安新县电力局,,32,32,27,9,11,85,66,80,75,16,9,7,9,0.3,0.4
2023-05-05T22:00:00,3588A,116.0901,38.9816,雄安新区,雄县环境保护局,,44,44,34,8,8,96,47,84,79,41,14,5,5,0.1,0.4
2023-05-05T22:00:00,3589A,116.1105,39.0046,雄安新区,雄县国土资源局,颗粒物(PM10),58,65,36,10,9,95,40,82,76,41,13,7,9,0.2,0.3
2023-05-05T22:00:00,3590A,113.8374,34.5589,郑州市,北区建设指挥部,,29,15,25,9,12,116,90,108,103,11,15,4,5,0.5,0.6
2023-05-05T22:00:00,3591A,113.30952,34.803229,郑州市,上街区政府,,27,19,39,9,25,101,86,93,93,15,14,3,3,0.6,0.8
2023-05-05T22:00:00,3592A,114.4644,34.7556,开封市,祥符区生态环境局,,23,23,23,11,14,92,62,86,79,25,12,15,9,0.9,0.6
2023-05-05T22:00:00,3593A,112.5736,34.8993,洛阳市,吉利监测站,,39,39,39,27,37,78,66,69,64,14,16,4,4,0.9,1
2023-05-05T22:00:00,3594A,112.8867,33.9116,平顶山市,石龙区,,38,38,38,24,30,90,66,73,71,20,16,9,6,0.5,0.6
2023-05-05T22:00:00,3596A,114.1572,35.9603,鹤壁市,南山宾馆,,,71,37,45,24,102,79,96,93,10,14,,5,0.7,1
2023-05-05T22:00:00,3597A,113.8134,34.1251,许昌市,建安区兴业大厦,,29,29,22,19,11,107,78,96,92,7,8,2,2,0.5,0.5
2023-05-05T22:00:00,3598A,111.1,34.7167,三门峡市,富达温泉假日酒店,颗粒物(PM10),75,100,109,46,51,118,72,106,99,27,17,14,15,0.5,0.5
2023-05-05T22:00:00,3599A,106.2649,29.9851,重庆市,书院路,细颗粒物(PM2.5),84,44,31,62,31,143,89,129,125,21,15,11,11,0.5,0.4
2023-05-05T22:00:00,3600A,106.2339,29.5559,重庆市,虎峰,细颗粒物(PM2.5),53,50,51,37,26,164,101,142,140,15,17,8,13,0.8,0.7
2023-05-05T22:00:00,3601A,106.0499,29.8342,重庆市,龙门街,细颗粒物(PM2.5),55,51,35,39,30,118,85,113,110,33,19,7,7,0.8,0.7
2023-05-05T22:00:00,3604A,119.3266,35.1044,日照市,岚山环保分局,,41,41,31,20,19,75,75,68,68,14,23,5,7,0.4,0.7
2023-05-05T22:00:00,3605A,109.09,34.5236,西安市,无线电监控中心,,50,50,108,29,42,83,36,69,58,27,24,6,7,0.4,0.3
2023-05-05T22:00:00,3606A,108.7108,34.46,西咸新区,北杜,,49,49,89,27,32,76,12,59,36,44,21,6,6,0.5,0.4
2023-05-05T22:00:00,3607A,108.7096,34.2956,西咸新区,同德佳苑,,49,49,88,25,32,94,46,78,64,22,22,4,5,0.4,0.4
2023-05-05T22:00:00,3608A,108.8558,34.4978,西咸新区,崇文塔,,48,48,95,31,35,86,29,74,57,37,23,6,7,0.6,0.5
2023-05-05T22:00:00,3610A,105.5933,29.4105,重庆市,昌元,颗粒物(PM10),60,70,45,35,27,98,71,87,86,14,16,8,7,0.6,0.6
2023-05-05T22:00:00,3612A,85.1045,45.6899,克拉玛依市,白碱滩区新站,,30,17,21,8,10,100,94,96,96,2,6,9,8,0.1,0.1
2023-05-05T22:00:00,3613A,87.3095,44.0142,昌吉州,亚心广场,,31,31,30,6,9,99,86,93,93,13,14,5,6,0.5,0.5
2023-05-05T22:00:00,3614A,79.924,37.0877,和田地区,地区环保局,颗粒物(PM10),387,489,1447,73,278,111,90,105,102,10,8,2,3,0.6,0.6
2023-05-05T22:00:00,3615A,79.9131,37.113,和田地区,市环保局,颗粒物(PM10),416,516,1531,64,334,114,81,106,102,6,14,4,4,0.6,0.5
2023-05-05T22:00:00,3616A,106.7616,31.8344,巴中市,市中心医院,,43,43,53,22,26,72,58,65,65,12,22,2,3,0.4,0.6
2023-05-05T22:00:00,3617A,105.8047,32.4166,广元市,经开区,,42,42,92,21,38,96,84,90,87,9,22,6,6,0.4,0.4
2023-05-05T22:00:00,3618A,112.4719,37.7831,太原市,金胜,,40,40,53,27,36,78,25,59,31,34,29,7,6,1.0,0.7
2023-05-05T22:00:00,3619A,113.617,37.8571,阳泉市,龙柱,,29,9,27,7,17,90,90,75,75,12,21,7,9,0.6,0.8
2023-05-05T22:00:00,3620A,112.8271,35.4828,晋城市,泽州一中,颗粒物(PM10),68,86,41,17,28,96,75,79,79,17,18,5,5,1.0,0.8
2023-05-05T22:00:00,3621A,106.8288,39.6778,乌海市,聚英学校,,49,49,112,10,42,111,97,105,102,12,33,18,37,0.4,1
2023-05-05T22:00:00,3622A,113.5556,24.8082,韶关市,碧湖山庄,颗粒物(PM10),53,56,37,28,20,84,8,84,43,17,12,8,9,0.6,0.5
2023-05-05T22:00:00,3623A,113.8953,22.5861,深圳市,西乡,,27,27,27,8,7,50,36,47,43,22,20,8,8,0.5,0.5
2023-05-05T22:00:00,3624A,116.4069,23.2533,汕头市,潮南子站,,18,17,28,6,13,85,57,79,69,6,7,8,8,0.4,0.5
2023-05-05T22:00:00,3625A,113.2544,22.7642,佛山市,容桂街道办,,17,17,20,7,7,68,37,59,49,11,12,6,6,0.6,0.6
2023-05-05T22:00:00,3626A,113.7533,23.0202,东莞市,南城元岭,,20,20,25,6,9,85,46,75,65,13,19,8,8,0.4,0.4
2023-05-05T22:00:00,3627A,113.7875,23.0457,东莞市,东城主山,,17,17,23,6,10,92,47,81,68,6,14,10,10,0.3,0.3
2023-05-05T22:00:00,3628A,112.0336,22.9374,云浮市,文笔,,25,25,32,13,14,75,58,67,67,5,6,3,3,0.4,0.4
2023-05-05T22:00:00,3629A,101.8305,36.5786,西宁市,世纪职校,"颗粒物(PM10),细颗粒物(PM2.5)",57,64,89,40,40,106,47,100,85,48,20,6,7,0.5,0.4
2023-05-05T22:00:00,3630A,101.7413,36.6397,西宁市,师大城西校区,颗粒物(PM10),59,68,88,35,45,100,56,94,84,40,18,4,6,0.3,0.3
2023-05-05T22:00:00,3633A,118.4918,31.6809,马鞍山市,雨山,,35,35,20,23,15,73,36,65,48,22,14,26,9,1.6,1.2
2023-05-05T22:00:00,3634A,116.9884,33.6305,宿州市,宿州学院,,39,39,36,17,17,70,61,66,65,7,3,4,4,0.2,0.3
2023-05-05T22:00:00,3635A,112.3677,34.662,洛阳市,河科大西苑校区,,48,48,69,30,37,94,56,80,68,19,17,8,8,1.0,1
2023-05-05T22:00:00,3636A,112.4388,34.6781,洛阳市,英才小学,颗粒物(PM10),57,64,88,36,44,83,48,70,59,16,13,3,3,0.9,1
2023-05-05T22:00:00,3637A,131.0176,45.7761,七台河市,人民广场,,40,40,36,24,22,101,55,96,88,28,21,5,8,0.6,0.6
2023-05-05T22:00:00,3638A,104.7636,29.3338,自贡市,轻化工大学,颗粒物(PM10),63,76,57,28,25,120,78,111,105,13,14,4,5,0.4,0.6
2023-05-05T22:00:00,3639A,104.4019,31.1244,德阳市,市教育局,颗粒物(PM10),72,94,93,48,45,130,74,117,106,16,24,4,5,0.4,0.4
2023-05-05T22:00:00,3642A,120.3503,36.0736,青岛市,市北区南部,,45,38,22,31,16,78,78,58,57,22,29,7,6,0.5,0.6
2023-05-05T22:00:00,3643A,120.3948,36.1805,青岛市,李沧区北部,,41,41,18,24,14,77,77,61,60,22,26,4,4,0.4,0.4
2023-05-05T22:00:00,3644A,117.8661,36.805,淄博市,三金集团,颗粒物(PM10),56,62,37,14,14,87,56,71,66,22,11,11,5,0.3,0.4
2023-05-05T22:00:00,3645A,118.0253,36.8406,淄博市,东风化工厂,,47,47,38,17,16,87,15,75,60,69,21,9,9,0.2,0.1
2023-05-05T22:00:00,3646A,118.4978,37.4623,东营市,胜利站,,44,44,25,7,11,98,96,95,95,11,10,9,8,0.4,0.5
2023-05-05T22:00:00,3647A,115.4702,35.2706,菏泽市,菏泽医专,,22,22,22,13,11,93,66,78,75,12,8,4,3,0.4,0.4
2023-05-05T22:00:00,3648A,106.2112,37.9768,吴忠市,文卫南街,"颗粒物(PM10),细颗粒物(PM2.5)",54,58,102,38,46,93,63,84,82,28,25,10,10,0.5,0.6
2023-05-05T22:00:00,3650A,105.1698,37.5162,中卫市,沙坡头区政府站,颗粒物(PM10),78,106,127,52,61,109,81,99,93,29,32,24,11,0.7,0.5
2023-05-05T22:00:00,3651A,108.9543,34.8732,铜川市,旺旺集团,颗粒物(PM10),55,59,85,34,46,74,13,65,45,41,19,3,3,0.6,0.4
2023-05-05T22:00:00,3652A,109.4809,36.5786,延安市,西北局旧址,,39,31,63,27,32,101,45,90,67,29,19,6,6,0.6,0.5
2023-05-05T22:00:00,3653A,111.3119,30.7273,宜昌市,云深路,,38,26,22,26,16,82,22,58,40,36,26,6,6,0.8,0.8
2023-05-05T22:00:00,3654A,114.8094,30.4089,鄂州市,精准医疗中心,,29,29,15,12,5,94,69,91,84,6,6,9,7,0.4,0.5
2023-05-05T22:00:00,3655A,114.3375,29.8683,咸宁市,长江产业园,,26,23,22,18,19,132,78,121,109,4,5,6,6,0.4,0.4
2023-05-05T22:00:00,3656A,120.1556,30.2864,杭州市,消防大队,,49,32,22,34,14,98,54,77,64,28,20,4,4,0.9,0.6
2023-05-05T22:00:00,3658A,120.6153,30.0764,绍兴市,袍江中学,,43,43,20,24,12,122,72,114,92,14,12,5,5,0.8,0.6
2023-05-05T22:00:00,3659A,119.656,29.1131,金华市,气象局,,36,36,35,18,14,110,59,94,83,23,26,12,7,0.7,0.6
2023-05-05T22:00:00,3662A,123.6333,47.2075,齐齐哈尔市,富区青少年活动中心,,45,45,39,11,15,101,34,99,83,38,11,6,7,0.6,0.3
2023-05-05T22:00:00,3663A,124.1164,50.4278,大兴安岭地区,红旗社区,,20,5,5,13,6,105,64,104,94,10,4,4,4,0.4,0.3
2023-05-05T22:00:00,3664A,119.4172,34.7341,连云港市,连云街道,,20,20,25,11,17,66,58,58,58,27,29,6,12,0.6,1.1
2023-05-05T22:00:00,3665A,76.1658,39.7157,克孜勒苏柯尔克孜自治州,克州文化中心,颗粒物(PM10),263,394,294,82,49,142,114,131,129,7,4,4,4,0.6,0.6
2023-05-05T22:00:00,3667A,111.0283,35.0547,运城市,水利职院,颗粒物(PM10),70,89,89,41,43,106,66,99,94,12,9,6,6,0.6,0.6
2023-05-05T22:00:00,3668A,111.5036,36.0414,临汾市,城南,颗粒物(PM10),69,87,121,40,62,104,65,93,84,16,26,3,5,0.6,0.6
2023-05-05T22:00:00,3669A,114.4705,36.0637,安阳市,左辅环卫站,,48,48,34,16,16,97,81,91,87,13,14,12,5,0.5,0.5
2023-05-05T22:00:00,3670A,111.0522,35.0439,运城市,禹都公园,颗粒物(PM10),67,83,86,39,48,111,70,103,98,14,10,5,5,0.7,0.6
2023-05-05T22:00:00,3671A,116.088,39.9726,北京市,门头沟三家店,,11,9,10,4,6,57,34,50,42,22,12,3,3,0.3,0.4
2023-05-05T22:00:00,3672A,116.1541,39.8204,北京市,丰台云岗,,16,16,17,6,8,67,51,61,53,3,4,3,2,0.2,0.3
2023-05-05T22:00:00,3673A,116.6804,39.9081,北京市,通州东关,,39,39,30,7,13,88,84,83,83,12,13,3,3,0.2,0.3
2023-05-05T22:00:00,3674A,115.9577,39.7603,北京市,房山燕山,,18,18,9,9,5,85,47,78,56,10,5,3,3,0.2,0.3
2023-05-05T22:00:00,3675A,116.4672,39.7733,北京市,大兴旧宫,,26,24,25,5,11,87,82,84,84,13,14,3,3,0.2,0.3
2023-05-05T22:00:00,3676A,113.2802,40.0995,大同市,第二人民医院,,23,18,23,6,12,93,72,75,69,12,11,6,7,0.4,0.5
2023-05-05T22:00:00,3677A,98.5881,24.4368,德宏州,芒市人民政府综合楼,,43,43,44,25,26,127,71,114,100,22,14,14,9,0.6,0.5
2023-05-05T22:00:00,3678A,116.5907,35.4054,济宁市,市第七中学,,34,34,28,12,13,93,89,84,82,12,9,10,10,0.5,0.6
2023-05-05T22:00:00,3682A,116.9814,36.6819,济南市,济南四建,,46,46,17,22,14,70,42,66,58,44,21,7,6,0.3,0.2
2023-05-05T22:00:00,3683A,109.8331,40.6576,包头市,昆区政府,,29,29,18,13,8,95,79,92,82,14,10,9,9,0.4,0.4
2023-05-05T22:00:00,3684A,130.8781,45.8222,七台河市,新建矿广场,,36,36,51,24,16,76,54,73,67,20,18,30,18,0.7,0.6
2023-05-05T22:00:00,3685A,117.897,28.4315,上饶市,双创科技城,,30,30,27,17,13,110,62,97,80,12,14,15,13,0.6,0.5
2023-05-05T22:00:00,3689A,113.9003,35.372,新乡市,行政服务中心,,49,32,37,34,21,111,78,100,95,13,14,9,7,0.6,0.6
2023-05-05T22:00:00,3690A,115.9721,28.7031,南昌市,外国语学校,,24,6,12,12,8,122,76,110,102,9,11,3,4,0.6,2.1
2023-05-05T22:00:00,3692A,118.2059,39.6585,唐山市,消防缸窑路中队,,36,36,35,19,15,104,81,98,93,11,9,4,5,0.1,0.2
2023-05-05T22:00:00,3693A,118.1436,39.6202,唐山市,路南电大,,39,39,35,24,17,96,80,88,86,5,8,3,1,0.1,0.3
2023-05-05T22:00:00,3694A,115.986,40.4563,北京市,延庆石河营,,18,18,22,8,14,63,47,61,52,11,13,3,3,0.3,0.3
2023-05-05T22:00:00,3695A,116.6151,40.3053,北京市,怀柔新城,,30,20,23,5,11,95,95,90,90,8,8,3,3,0.1,0.3
2023-05-05T22:00:00,3696A,116.2545,39.8768,北京市,丰台小屯,,19,19,22,7,9,70,50,62,54,10,14,3,3,0.2,0.3
2023-05-05T22:00:00,3697A,116.84,40.3844,北京市,密云镇,,28,14,21,4,12,90,88,86,86,6,9,3,3,0.2,0.3
2023-05-05T22:00:00,3698A,111.5968,40.8178,呼和浩特市,红旗小学,,23,9,9,6,6,95,73,84,70,12,9,3,3,0.4,0.6
2023-05-05T22:00:00,3699A,111.6518,40.8389,呼和浩特市,海东办,,29,29,16,12,7,104,63,94,82,24,9,4,5,0.4,0.3
2023-05-05T22:00:00,3700A,103.0456,29.9956,雅安市,康养中心,颗粒物(PM10),56,61,58,30,30,114,81,114,78,10,8,7,7,0.3,0.3
2023-05-05T22:00:00,3701A,116.9648,33.6252,宿州市,皖北煤电集团,,43,43,37,14,15,70,60,65,64,12,8,4,4,0.4,0.5
2023-05-05T22:00:00,3703A,114.2917,36.0949,安阳市,安钢职工学校,,38,38,31,15,12,95,82,91,88,8,17,4,10,0.5,1.4
2023-05-05T22:00:00,3706A,122.2584,43.6333,通辽市,老干部活动中心,,43,43,54,14,19,96,88,91,91,10,10,4,5,0.2,0.3
2023-05-05T22:00:00,3707A,131.0207,45.3073,鸡西市,欧美日汽修厂,颗粒物(PM10),61,72,75,31,21,86,49,78,70,17,15,3,4,0.3,0.3
2023-05-05T22:00:00,3708A,122.2922,43.6189,通辽市,东方明珠社区,,45,45,67,24,20,97,86,92,92,12,13,6,6,0.4,0.5
2023-05-05T22:00:00,3709A,130.9967,45.3106,鸡西市,市政设施管理处,颗粒物(PM10),95,139,86,41,22,90,36,82,69,30,18,5,5,0.5,0.4
2023-05-05T22:00:00,3710A,121.5594,29.8975,宁波市,白沙活动中心,,39,39,22,16,11,112,69,94,86,18,9,4,4,0.9,0.5
2023-05-05T22:00:00,3713A,124.3419,43.1666,四平市,世纪城,,30,28,48,2,22,117,94,110,108,6,10,5,5,0.3,0.3
2023-05-05T22:00:00,3715A,117.3092,32.9314,蚌埠市,蚌埠田家炳中学,,50,50,45,29,22,69,44,57,50,15,11,4,5,0.4,0.5
2023-05-05T22:00:00,3719A,97.1714,31.1406,昌都市,昌都会议中心,,,,11,,13,132,,126,124,4,8,7,6,0.4,0.3
2023-05-05T22:00:00,3726A,88.8781,29.2426,日喀则市,林业技术推广中心,,42,42,11,14,2,136,129,134,133,4,4,5,5,0.4,0.4
2023-05-05T22:00:00,3728A,104.68,28.8071,宜宾市,白酒学院,颗粒物(PM10),56,62,62,36,41,118,86,105,104,9,15,3,2,0.5,0.5
2023-05-05T22:00:00,3734A,118.35,37.26,东营市,理想之城,,36,36,31,7,14,100,93,96,96,14,11,8,7,0.4,0.4
2023-05-05T22:00:00,3860A,118.3920,35.0300,临沂市,皇山花园小区,颗粒物(PM10),57,63,33,14,17,101,101,83,83,7,21,5,5,0.4,0.7
2023-05-05T22:00:00,3861A,119.2041,36.7699,潍坊市,寒亭区实验一小,颗粒物(PM10),69,88,38,17,14,104,99,98,98,11,11,7,6,0.4,0.4
2023-05-05T22:00:00,3866A,122.2469,40.66302,营口市,三高中,颗粒物(PM10),59,68,36,7,20,107,78,96,94,17,18,6,7,0.3,0.6
2023-05-05T22:00:00,3867A,102.0738,36.5056,海东地区,平安区公安北苑,细颗粒物(PM2.5),59,64,97,42,48,108,59,103,84,34,20,8,8,0.4,0.4
2023-05-05T22:00:00,3981A,113.2449,35.1803,焦作市,原李万街道办,,46,46,40,14,24,79,68,66,64,13,9,11,8,0.7,0.9
2023-05-05T22:00:00,3994A,102.2165,31.9024,阿坝藏族羌族自治州,马尔康中学西区,,20,0,20,0,11,113,63,109,97,11,6,4,4,0.3,0.4
2023-05-05T22:00:00,4002A,109.2416,23.7461,来宾市,中南小学,,47,47,47,27,24,110,71,101,96,12,10,1,2,0.7,0.6
2023-05-05T22:00:00,4004A,115.4202,38.8656,保定市,双鹰农机,,38,38,30,25,16,105,65,99,87,21,9,3,4,0.2,0.2
2023-05-05T22:00:00,4006A,122.3622,40.6762,营口市,老边实验小学,颗粒物(PM10),55,59,58,15,31,106,74,96,92,23,21,5,6,0.3,0.7
2023-05-05T22:00:00,4008A,112.5234,32.9922,南阳市,卧龙区政府,,38,38,30,25,26,94,76,83,82,12,12,5,5,0.5,0.6
2023-05-05T22:00:00,4010A,112.5608,37.8807,太原市,育英中学,,23,23,55,15,32,50,39,45,38,22,36,3,4,0.7,0.8
2023-05-05T22:00:00,4011A,103.8506,30.6947,成都市,光华大道三段,颗粒物(PM10),74,98,76,46,38,113,74,104,100,23,17,1,2,0.5,0.5
