timepoint,stationcode,longitude,latitude,area,positionname,primarypollutant,aqi,pm10,pm10_24h,pm2_5,pm2_5_24h,o3,o3_24h,o3_8h,o3_8h_24h,no2,no2_24h,so2,so2_24h,co,co_24h
2026-02-21T1400,2568A,102.2503,31.8896,阿坝藏族羌族自治州,马师校,,25,,14,9,8,77,,57,57,3,3,4,4,0.5,0.5
2026-02-21T1400,3994A,102.2174,31.9016,阿坝藏族羌族自治州,马尔康中学西区,,25,11,16,8,9,78,,61,61,4,4,4,4,0.4,0.4
2026-02-21T1400,2695A,80.2899,41.1684,阿克苏地区,电视台,颗粒物(PM10),143,236,227,96,85,91,,62,58,17,22,17,13,0.9,1
2026-02-21T1400,2696A,80.2592,41.1541,阿克苏地区,艺术中心,颗粒物(PM10),124,198,213,66,84,100,,69,62,19,29,4,4,0.8,0.9
2026-02-21T1400,2205A,105.699,38.8409,阿拉善盟,蒙二幼,颗粒物(PM10),168,286,476,40,116,92,,89,89,4,5,9,10,0.5,0.4
2026-02-21T1400,2206A,105.7198,38.8508,阿拉善盟,环保局新楼,颗粒物(PM10),158,265,431,40,120,88,,87,87,3,4,9,10,0.5,0.5
2026-02-21T1400,2708A,88.1266,47.8515,阿勒泰地区,市站,,44,44,36,3,6,79,,81,76,15,11,8,3,0.2,0.2
2026-02-21T1400,4166A,88.1198,47.7931,阿勒泰地区,阿勒泰路33号,,45,45,42,3,5,82,,80,75,5,6,5,5,0.3,0.3
2026-02-21T1400,2630A,80.1171,32.4999,阿里地区,阿里监测站,,29,11,10,6,8,92,,78,78,2,4,7,5,0.4,0.4
2026-02-21T1400,3192A,80.0906,32.5029,阿里地区,阿里藏医院,,30,7,9,3,5,94,,75,71,2,4,9,10,0.3,0.3
2026-02-21T1400,2644A,109.0088,32.6974,安康市,汉滨区检察院,细颗粒物(PM2.5),53,42,48,37,33,87,,44,44,11,11,4,3,0.5,0.5
2026-02-21T1400,4054A,109.0324,32.6913,安康市,市邮政管理局,细颗粒物(PM2.5),52,51,55,36,37,94,,44,44,7,15,5,4,0.6,0.7
2026-02-21T1400,2291A,117.0806,30.5181,安庆市,环科院,,39,39,46,17,29,83,,57,57,7,12,7,7,0.6,0.7
2026-02-21T1400,2292A,117.0331,30.5118,安庆市,马山宾馆,,,45,48,17,31,89,,62,62,5,9,6,5,,0.7
2026-02-21T1400,2294A,116.9897,30.6146,安庆市,安庆大学,,39,39,40,24,24,90,,75,75,2,2,6,5,0.5,0.5
2026-02-21T1400,3173A,117.0598,30.5351,安庆市,市人大,,40,40,50,15,29,88,,65,65,4,8,7,9,0.5,0.6
2026-02-21T1400,3123A,105.9408,26.2431,安顺市,凤凰山,,42,,29,29,25,91,,67,67,7,10,10,16,0.4,0.5
2026-02-21T1400,3124A,105.9443,26.2567,安顺市,金钟山,,38,,30,26,25,86,,64,64,6,8,11,16,0.5,0.6
2026-02-21T1400,3125A,105.8983,26.248,安顺市,娄家坡,,40,,26,28,21,87,,64,64,8,6,12,10,0.5,0.6
2026-02-21T1400,1819A,114.3552,36.1017,安阳市,红庙街,颗粒物(PM10),122,193,94,52,42,82,,48,48,13,15,12,5,0.8,0.6
2026-02-21T1400,1820A,114.361,36.0681,安阳市,银杏小区,颗粒物(PM10),114,177,91,54,43,88,,52,52,12,14,6,6,0.4,0.5
2026-02-21T1400,3141A,114.3921,36.0879,安阳市,信访局,颗粒物(PM10),115,180,86,52,40,91,,54,54,7,9,11,7,0.7,0.6
2026-02-21T1400,3669A,114.4706,36.0634,安阳市,左辅环卫站,颗粒物(PM10),128,206,100,40,46,88,,41,,9,10,11,7,0.6,0.5
2026-02-21T1400,4117A,114.2918,36.0769,安阳市,钢三路198号,颗粒物(PM10),118,186,108,52,40,82,,56,56,11,18,6,6,0.4,0.5
2026-02-21T1400,1748A,123.0441,41.1201,鞍山市,深沟寺,细颗粒物(PM2.5),69,76,82,50,56,98,,94,92,11,11,9,8,0.8,0.8
2026-02-21T1400,1749A,123.011,41.0931,鞍山市,太阳城,细颗粒物(PM2.5),72,73,74,52,51,99,,97,94,9,11,12,13,0.8,0.7
2026-02-21T1400,1750A,123.0483,41.1445,鞍山市,太平,细颗粒物(PM2.5),74,83,88,54,58,96,,93,90,11,10,9,10,0.6,0.6
2026-02-21T1400,1751A,122.964,41.0968,鞍山市,铁西三道街,细颗粒物(PM2.5),75,85,83,55,55,83,,69,69,29,42,21,43,0.8,0.8
2026-02-21T1400,1753A,123.0219,41.0822,鞍山市,明达新区,细颗粒物(PM2.5),83,80,75,61,51,101,,100,96,10,10,11,12,0.7,0.6
2026-02-21T1400,4201A,122.944647,41.082639,鞍山市,兴盛南路290号,颗粒物(PM10),78,106,108,55,55,98,,98,94,13,13,10,9,0.9,0.8
2026-02-21T1400,2195A,107.4206,40.7609,巴彦淖尔市,附二中,颗粒物(PM10),500,1470,947,287,192,86,,88,86,2,3,5,6,0.5,0.4
2026-02-21T1400,2196A,107.37,40.7372,巴彦淖尔市,市环保大楼,颗粒物(PM10),500,1330,878,334,189,86,,88,87,2,3,4,4,0.4,0.3
2026-02-21T1400,1956A,86.1476,41.7529,巴音郭楞蒙古自治州,孔雀公园,颗粒物(PM10),150,249,269,75,96,78,,34,34,20,44,15,23,0.8,0.8
2026-02-21T1400,1957A,86.1971,41.7166,巴音郭楞蒙古自治州,棉纺厂,颗粒物(PM10),203,352,288,70,76,77,,43,43,4,29,/,/,/,/
2026-02-21T1400,1958A,86.236,41.7172,巴音郭楞蒙古自治州,经济开发区,颗粒物(PM10),191,332,202,52,32,69,,53,51,4,13,7,7,0.4,0.5
2026-02-21T1400,3181A,106.776805,31.852614,巴中市,市五中,细颗粒物(PM2.5),57,46,60,40,51,103,,42,42,11,16,8,7,0.8,0.9
2026-02-21T1400,3183A,106.7419,31.8654,巴中市,圣泉水务公司,细颗粒物(PM2.5),57,48,54,40,45,100,,58,58,10,15,8,7,0.8,0.8
2026-02-21T1400,3616A,106.7617,31.8343,巴中市,市中心医院,细颗粒物(PM2.5),58,44,66,41,58,104,,40,40,6,21,8,7,0.9,1.1
2026-02-21T1400,2235A,122.7909,45.608,白城市,洮北区环保局,细颗粒物(PM2.5),124,125,169,94,141,86,,55,55,11,22,9,8,0.7,0.9
2026-02-21T1400,2236A,122.8741,45.5725,白城市,市环保局,细颗粒物(PM2.5),115,144,144,87,93,93,,58,58,11,17,7,7,0.9,0.8
2026-02-21T1400,2231A,126.4219,41.9172,白山市,喜丰,"颗粒物(PM10),细颗粒物(PM2.5)",58,66,77,41,50,110,,73,73,5,15,14,16,1.0,1.1
2026-02-21T1400,2232A,126.4082,41.9416,白山市,环保局,细颗粒物(PM2.5),68,77,98,49,85,107,,65,65,10,23,21,16,1.0,1.2
2026-02-21T1400,2647A,104.1727,36.5448,白银市,第三小学,颗粒物(PM10),500,755,359,206,119,82,,58,58,10,24,85,31,0.3,0.4
2026-02-21T1400,2648A,104.1467,36.5482,白银市,动力公司,颗粒物(PM10),500,780,340,196,101,82,,62,62,11,11,66,19,0.3,0.3
2026-02-21T1400,2512A,106.6102,23.901,百色市,市监测站,,40,40,42,26,29,86,,49,49,9,13,12,15,0.9,0.8
2026-02-21T1400,2513A,106.6524,23.8842,百色市,市中心血站,细颗粒物(PM2.5),53,47,47,37,36,87,,58,56,9,12,11,16,0.7,0.8
2026-02-21T1400,4133A,106.6273,23.8798,百色市,龙景西路,颗粒物(PM10),58,66,45,35,40,90,,49,47,9,13,14,16,0.5,0.5
2026-02-21T1400,2270A,117.396,32.9389,蚌埠市,工人疗养院,,36,36,49,20,31,99,,74,74,11,12,5,5,0.6,0.7
2026-02-21T1400,2271A,117.3606,32.9428,蚌埠市,百货大楼,,38,38,49,19,29,97,,74,74,8,9,7,7,0.5,0.6
2026-02-21T1400,2273A,117.4183,32.8909,蚌埠市,蚌埠学院,,32,31,41,22,29,102,,78,78,7,7,5,5,0.6,0.6
2026-02-21T1400,2274A,117.3534,32.9672,蚌埠市,淮上区政府,,36,36,45,19,29,103,,80,80,7,9,6,6,0.5,0.6
2026-02-21T1400,2275A,117.3143,32.8977,蚌埠市,高新区,,31,31,47,18,34,81,,60,60,11,9,7,7,0.5,0.6
2026-02-21T1400,3715A,117.3091,32.9314,蚌埠市,蚌埠田家炳中学,,36,36,50,19,35,99,,69,69,6,9,5,7,0.5,0.6
2026-02-21T1400,1585A,109.8761,40.6533,包头市,市环境监测站,颗粒物(PM10),500,961,599,134,177,98,,92,92,4,25,3,10,0.7,1.5
2026-02-21T1400,1587A,109.9992,40.5843,包头市,包头八中,颗粒物(PM10),500,1220,810,197,185,92,,85,85,6,18,4,9,0.6,0.7
2026-02-21T1400,1589A,109.8641,40.6288,包头市,惠龙物流,颗粒物(PM10),500,959,588,181,131,97,,92,92,7,19,8,13,0.9,1.2
2026-02-21T1400,1590A,110.0376,40.5546,包头市,东河鸿龙湾,颗粒物(PM10),500,1012,566,138,117,91,,86,86,4,18,6,8,0.4,0.6
2026-02-21T1400,3283A,109.9154,40.5684,包头市,滨河大厦,颗粒物(PM10),500,1193,823,231,146,89,,86,86,5,11,5,7,0.7,0.5
2026-02-21T1400,3419A,109.9449,40.6259,包头市,包头市委党校,颗粒物(PM10),500,1034,763,187,158,89,,86,86,2,14,6,13,0.5,0.9
2026-02-21T1400,3683A,109.8332,40.6577,包头市,昆区政府,颗粒物(PM10),409,509,424,139,144,95,,86,86,6,38,5,16,0.4,1.7
2026-02-21T1400,1931A,107.0802,34.3129,宝鸡市,竹园沟,颗粒物(PM10),312,429,78,61,24,87,,76,73,12,14,6,7,0.2,0.3
2026-02-21T1400,1933A,107.1429,34.3549,宝鸡市,监测站,颗粒物(PM10),325,440,84,60,29,77,,46,46,4,17,4,5,0.3,0.5
2026-02-21T1400,1934A,107.1172,34.3759,宝鸡市,技工学校,颗粒物(PM10),298,418,95,85,47,84,,48,48,7,23,3,6,0.2,0.6
2026-02-21T1400,1936A,107.2025,34.3518,宝鸡市,文理学院,颗粒物(PM10),283,408,70,82,38,74,,,,2,20,3,5,0.3,0.4
2026-02-21T1400,1937A,107.2396,34.3626,宝鸡市,三迪小学,颗粒物(PM10),265,395,84,87,45,87,,49,49,3,26,3,6,0.3,0.6
2026-02-21T1400,4155A,107.1721,34.3558,宝鸡市,滨河北路,颗粒物(PM10),172,293,74,82,38,83,,52,52,3,16,4,6,0.2,0.5
2026-02-21T1400,4308A,107.3898,34.3601,宝鸡市,陈仓区北开路21号,颗粒物(PM10),276,403,85,89,43,87,,58,58,2,12,13,40,0.3,0.5
2026-02-21T1400,1051A,115.4803,38.8568,保定市,游泳馆,"颗粒物(PM10),细颗粒物(PM2.5)",107,163,118,80,74,109,,80,77,15,25,19,14,0.5,0.7
2026-02-21T1400,1052A,115.509,38.8895,保定市,华电二区,颗粒物(PM10),103,155,108,69,71,112,,85,80,13,19,11,8,1.0,0.9
2026-02-21T1400,1053A,115.4588,38.9037,保定市,接待中心,颗粒物(PM10),96,142,109,61,73,101,,75,73,7,15,8,7,0.5,0.6
2026-02-21T1400,1054A,115.4484,38.8344,保定市,地表水厂,颗粒物(PM10),113,175,135,62,67,113,,72,72,14,27,11,8,0.7,0.7
2026-02-21T1400,3581A,115.3136,38.9511,保定市,满城区生态环境分局,颗粒物(PM10),145,239,164,50,73,104,,75,75,8,28,8,8,0.8,1.1
2026-02-21T1400,3582A,115.4709,38.7628,保定市,清苑区第二中学,颗粒物(PM10),132,213,160,83,74,131,,76,76,16,19,19,14,1.0,0.7
2026-02-21T1400,3583A,115.6231,39.0223,保定市,徐水物探局,颗粒物(PM10),184,317,169,69,83,109,,78,78,10,21,17,17,0.4,0.8
2026-02-21T1400,4004A,115.4199,38.8665,保定市,双鹰农机,颗粒物(PM10),127,203,153,84,77,112,,81,81,11,19,12,9,0.7,0.7
2026-02-21T1400,4034A,115.515,38.8589,保定市,植保所站,颗粒物(PM10),103,155,124,63,73,114,,80,78,14,24,4,3,0.8,0.8
2026-02-21T1400,2594A,99.1589,25.1137,保山市,市环境监测站,,31,24,24,14,13,97,,72,72,5,6,4,4,0.3,0.3
2026-02-21T1400,2595A,99.1616,25.1381,保山市,市环保局,,32,30,24,15,13,101,,76,76,4,4,4,4,0.6,0.5
2026-02-21T1400,1867A,109.1435,21.4085,北海市,海滩公园,颗粒物(PM10),55,59,49,23,22,109,,86,86,8,14,3,3,0.9,1
2026-02-21T1400,1868A,109.0983,21.466,北海市,新市环保局,,39,39,36,15,24,97,,76,76,8,13,3,4,0.6,0.6
2026-02-21T1400,1869A,109.1775,21.5232,北海市,北海工业园,,40,40,53,22,37,91,,56,56,4,13,5,6,0.7,0.8
2026-02-21T1400,3400A,109.1844,21.4396,北海市,龙潭自来水厂,,34,34,49,23,40,98,,61,61,4,12,2,3,0.9,1
2026-02-21T1400,1001A,116.3611,39.8786,北京市,万寿西宫,细颗粒物(PM2.5),108,125,111,81,70,106,,68,68,28,43,9,7,0.9,1
2026-02-21T1400,1003A,116.4174,39.9289,北京市,东四,细颗粒物(PM2.5),98,114,99,73,66,96,,66,66,34,40,12,9,1.1,1.1
2026-02-21T1400,1004A,116.4073,39.8858,北京市,天坛,细颗粒物(PM2.5),97,129,104,72,65,99,,54,54,32,38,10,5,1.0,1
2026-02-21T1400,1005A,116.4622,39.9364,北京市,农展馆,细颗粒物(PM2.5),104,137,110,78,66,107,,65,65,26,35,15,9,1.2,1
2026-02-21T1400,1006A,116.3399,39.9293,北京市,官园,细颗粒物(PM2.5),98,129,107,73,66,93,,57,57,29,35,11,7,0.8,0.8
2026-02-21T1400,1007A,116.2879,39.9613,北京市,海淀万柳,细颗粒物(PM2.5),90,114,98,67,60,92,,42,42,32,44,10,5,0.8,0.8
2026-02-21T1400,1008A,116.6635,40.1349,北京市,顺义新城,细颗粒物(PM2.5),115,145,115,87,69,107,,82,82,30,17,19,10,1.4,0.8
2026-02-21T1400,1009A,116.6275,40.327,北京市,怀柔镇,细颗粒物(PM2.5),102,126,98,76,58,112,,78,78,23,21,13,7,1.1,0.8
2026-02-21T1400,1010A,116.2295,40.217,北京市,昌平镇,细颗粒物(PM2.5),89,121,96,66,57,102,,73,73,23,26,8,5,0.9,0.8
2026-02-21T1400,1011A,116.3968,39.982,北京市,奥体中心,细颗粒物(PM2.5),102,127,103,76,64,91,,64,64,39,45,12,8,1.0,0.8
2026-02-21T1400,3418A,116.8336,40.4095,北京市,密云新城,细颗粒物(PM2.5),97,133,110,72,65,117,,83,83,19,19,12,6,0.8,0.6
2026-02-21T1400,3671A,116.0879,39.9725,北京市,门头沟三家店,颗粒物(PM10),103,155,108,74,56,110,,73,73,27,20,12,5,0.8,0.6
2026-02-21T1400,3672A,116.1507,39.8246,北京市,丰台云岗,细颗粒物(PM2.5),123,145,109,93,66,129,,92,92,21,23,10,6,0.8,0.7
2026-02-21T1400,3674A,115.9578,39.7602,北京市,房山燕山,细颗粒物(PM2.5),102,145,108,76,59,114,,84,84,19,19,10,7,0.7,0.9
2026-02-21T1400,3675A,116.4669,39.7734,北京市,大兴旧宫,细颗粒物(PM2.5),100,138,121,75,71,117,,61,61,20,34,12,9,0.8,0.9
2026-02-21T1400,3694A,115.9859,40.4562,北京市,延庆石河营,,,,121,154,58,99,,57,57,8,15,1,3,0.3,0.6
2026-02-21T1400,3695A,116.6151,40.3052,北京市,怀柔新城,细颗粒物(PM2.5),88,122,98,65,58,117,,81,81,22,19,12,6,0.9,0.5
2026-02-21T1400,3696A,116.2542,39.8764,北京市,丰台小屯,细颗粒物(PM2.5),102,133,108,76,63,107,,47,47,23,46,12,6,0.8,0.8
2026-02-21T1400,3697A,116.8399,40.3843,北京市,密云镇,细颗粒物(PM2.5),115,129,110,87,73,117,,78,78,18,26,10,4,0.9,0.7
2026-02-21T1400,4057A,115.9423,40.4431,北京市,延庆百泉,,,,116,107,57,93,,57,57,7,15,3,3,0.3,0.5
2026-02-21T1400,4058A,116.6598,39.9164,北京市,通州新华,细颗粒物(PM2.5),125,159,123,95,79,99,,57,57,33,52,13,7,1.3,1
2026-02-21T1400,4182A,116.1942,39.9158,北京市,石景山八角,细颗粒物(PM2.5),100,136,114,75,64,106,,62,62,23,34,11,5,0.7,0.7
2026-02-21T1400,4194A,117.078628,40.151726,北京市,平谷新城,细颗粒物(PM2.5),149,182,114,114,73,105,,77,77,22,16,17,8,1.5,0.9
2026-02-21T1400,1761A,123.8274146,41.31234549,本溪市,大峪,颗粒物(PM10),67,84,97,45,54,95,,93,93,12,12,11,11,0.9,0.9
2026-02-21T1400,1763A,123.7169,41.3094,本溪市,彩屯,细颗粒物(PM2.5),74,77,96,54,68,78,,75,75,24,28,19,20,2.2,2.7
2026-02-21T1400,1764A,123.7672166,41.28649327,本溪市,东明,颗粒物(PM10),63,76,78,44,56,91,,94,86,11,9,10,11,0.5,0.6
2026-02-21T1400,1765A,123.799345,41.266614,本溪市,新立屯,细颗粒物(PM2.5),59,66,69,42,51,94,,97,92,9,8,8,8,0.7,0.7
2026-02-21T1400,1766A,123.829144,41.336777,本溪市,威宁,颗粒物(PM10),78,105,92,45,52,93,,87,87,8,10,14,10,0.8,0.8
2026-02-21T1400,2587A,105.287,27.3133,毕节市,八中,,43,32,56,30,40,82,,39,39,7,11,12,10,0.8,0.9
2026-02-21T1400,2588A,105.3079,27.2987,毕节市,师专,,40,32,65,28,45,88,,40,40,7,14,12,10,0.6,0.9
2026-02-21T1400,4263A,105.3688,27.3598,毕节市,工业大道,,47,47,62,30,45,82,,38,38,7,13,14,12,/,/
2026-02-21T1400,1629A,117.9961,37.3604,滨州市,第二水厂,颗粒物(PM10),96,141,91,33,44,103,,66,66,9,15,12,15,0.9,0.9
2026-02-21T1400,1630A,117.9789,37.3931,滨州市,北中新校,颗粒物(PM10),87,124,84,31,40,97,,65,65,14,17,10,14,0.5,0.5
2026-02-21T1400,3514A,117.9379,37.3959,滨州市,中海酒店,颗粒物(PM10),92,134,88,33,42,113,,80,80,14,16,15,17,0.7,0.8
2026-02-21T1400,3515A,117.9381509,37.35547456,滨州市,开发区一中,颗粒物(PM10),101,151,102,32,45,101,,72,72,9,11,21,25,0.8,0.9
2026-02-21T1400,3516A,118.0914,37.6938,滨州市,金海六路,颗粒物(PM10),96,142,104,35,58,106,,68,68,10,20,13,15,0.8,0.9
2026-02-21T1400,4028A,117.9955,37.3752,滨州市,滨州市西街道办事处,颗粒物(PM10),93,136,90,44,44,106,,76,76,9,10,12,15,0.4,0.5
2026-02-21T1400,2311A,115.8071,33.8399,亳州市,污水处理厂,,44,44,50,24,33,100,,74,74,7,8,7,7,0.5,0.5
2026-02-21T1400,2312A,115.7789,33.8519,亳州市,三国揽胜宫,颗粒物(PM10),51,51,58,26,36,94,,69,69,5,6,7,6,0.4,0.5
2026-02-21T1400,3332A,115.7631,33.803,亳州市,亳州学院,,41,41,52,24,33,98,,71,71,6,8,6,6,0.3,0.3
2026-02-21T1400,2693A,82.0482,44.8553,博尔塔拉蒙古自治州,市党校,颗粒物(PM10),62,74,72,13,10,86,,80,80,11,12,2,3,0.1,0.2
2026-02-21T1400,2694A,82.0805,44.8966,博尔塔拉蒙古自治州,市环保局,,46,46,73,8,11,77,,76,76,9,14,2,4,0.3,0.5
2026-02-21T1400,1071A,116.8733,38.2922,沧州市,沧县城建局,颗粒物(PM10),77,104,89,49,50,78,,53,51,11,14,12,9,0.6,0.5
2026-02-21T1400,1072A,116.8462,38.3189,沧州市,电视转播站,颗粒物(PM10),81,111,87,55,53,79,,57,53,12,15,7,7,0.5,0.4
2026-02-21T1400,1073A,116.8588,38.3161,沧州市,市环保局,颗粒物(PM10),78,106,98,45,50,68,,50,46,14,14,9,7,0.5,0.5
2026-02-21T1400,3324A,116.8011,38.294,沧州市,河北水利电力学院,颗粒物(PM10),97,144,101,53,54,71,,48,47,9,13,15,13,0.5,0.5
2026-02-21T1400,2622A,97.1813,31.1289,昌都市,昌都监测站,,31,12,18,3,5,97,,74,74,1,2,3,2,0.4,0.4
2026-02-21T1400,3719A,97.1707,31.1428,昌都市,昌都会议中心,,30,,11,10,8,94,,73,73,1,2,5,5,0.4,0.4
2026-02-21T1400,2692A,87.2722,44.0298,昌吉回族自治州,新区政务中心,颗粒物(PM10),57,63,70,26,42,66,,74,72,14,24,4,7,0.7,0.7
2026-02-21T1400,3613A,87.3069,44.0093,昌吉回族自治州,亚心广场,颗粒物(PM10),65,80,75,43,50,67,,77,72,11,23,10,11,0.6,0.6
2026-02-21T1400,4164A,87.2057,43.9289,昌吉回族自治州,财政所,颗粒物(PM10),52,54,53,28,31,75,,64,64,5,12,6,7,0.5,0.6
2026-02-21T1400,1120A,125.2874,43.9024,长春市,客车厂,细颗粒物(PM2.5),72,91,77,52,55,108,,97,97,11,13,11,13,0.6,0.6
2026-02-21T1400,1121A,125.2943,43.8508,长春市,邮电学院,细颗粒物(PM2.5),73,89,82,53,53,95,,86,86,28,24,14,15,0.7,0.8
2026-02-21T1400,1122A,125.3648,43.8745,长春市,劳动公园,颗粒物(PM10),76,102,89,52,54,108,,96,96,11,15,9,13,0.6,0.8
2026-02-21T1400,1123A,125.3233,43.8781,长春市,园林处,细颗粒物(PM2.5),77,99,78,56,55,110,,97,97,6,8,10,11,0.3,0.3
2026-02-21T1400,1124A,125.4604,43.7904,长春市,净月潭,细颗粒物(PM2.5),68,82,68,49,49,107,,95,95,10,10,9,9,0.6,0.6
2026-02-21T1400,1126A,125.38,43.8422,长春市,经开区环卫处,细颗粒物(PM2.5),72,91,81,52,53,109,,98,98,9,10,8,8,0.6,0.6
2026-02-21T1400,1127A,125.234,43.7761,长春市,高新区管委会,颗粒物(PM10),75,99,78,49,53,109,,94,94,8,9,10,10,0.5,0.6
2026-02-21T1400,1128A,125.1695,43.83,长春市,岱山公园,颗粒物(PM10),78,106,82,51,54,111,,97,97,10,12,8,8,0.6,0.7
2026-02-21T1400,4281A,125.334645,43.916281,长春市,北亚泰大街1068号,细颗粒物(PM2.5),84,99,84,62,57,101,,91,91,14,16,11,11,0.6,0.6
2026-02-21T1400,1335A,113.082,28.2421,长沙市,经开区环保局,,36,35,35,25,24,50,,43,43,8,8,4,3,0.7,0.6
2026-02-21T1400,1336A,112.8873,28.2202,长沙市,高开区环保局,,46,32,38,32,32,55,,50,50,8,9,8,6,1.3,1.1
2026-02-21T1400,1337A,113.0785,28.2012,长沙市,马坡岭,,38,33,36,26,28,53,,42,42,7,8,5,4,0.9,0.8
2026-02-21T1400,1338A,112.9448,28.1894,长沙市,湖南师范大学,,36,36,39,25,25,58,,45,45,7,9,6,4,1.0,0.9
2026-02-21T1400,1339A,113.0177,28.1322,长沙市,雨花区环保局,,31,31,34,20,22,68,,54,54,9,11,9,8,1.1,1.1
2026-02-21T1400,1340A,112.9795,28.2593,长沙市,伍家岭,,34,34,41,20,22,47,,38,38,12,12,7,6,1.0,0.9
2026-02-21T1400,1341A,113.002,28.1944,长沙市,火车新站,,43,35,39,30,25,60,,41,41,11,15,4,3,0.9,0.9
2026-02-21T1400,1342A,112.9846,28.1177,长沙市,天心区环保局,,30,30,37,21,25,62,,47,47,9,12,6,6,1.0,0.9
2026-02-21T1400,1343A,112.8906,28.1307,长沙市,湖南中医药大学,,36,30,39,25,27,56,,44,44,8,10,10,6,1.2,0.9
2026-02-21T1400,1727A,113.1146,36.1547,长治市,清华站,颗粒物(PM10),133,215,94,36,39,98,,78,77,4,10,5,14,0.3,0.4
2026-02-21T1400,1730A,113.0887,36.2126,长治市,审计局,颗粒物(PM10),104,157,81,35,30,98,,76,76,6,14,6,11,0.3,0.5
2026-02-21T1400,1731A,113.0845,36.1856,长治市,长治八中,颗粒物(PM10),118,186,100,35,32,96,,72,72,1,10,8,12,0.4,0.6
2026-02-21T1400,2845A,113.1561,36.1912,长治市,德盛苑,颗粒物(PM10),122,194,93,44,32,102,,98,92,5,9,5,8,0.3,0.4
2026-02-21T1400,3568A,113.0603,36.0464,长治市,向阳小学,颗粒物(PM10),134,218,107,65,32,110,,91,91,16,15,18,18,0.3,0.3
2026-02-21T1400,3569A,112.8788,36.315,长治市,屯留一中,颗粒物(PM10),96,142,93,40,37,102,,76,76,3,14,6,13,0.3,0.9
2026-02-21T1400,4189A,113.113092,36.199482,长治市,英华南巷50号,颗粒物(PM10),126,202,99,41,37,97,,72,72,4,12,6,11,0.3,0.5
2026-02-21T1400,4190A,113.23666,36.33435,长治市,学府街1号,,,,94,,34,92,,64,64,6,20,4,13,0.3,0.9
2026-02-21T1400,1854A,111.696,28.9725,常德市,市二中,,29,23,41,20,30,75,,59,59,2,6,6,6,1.0,1
2026-02-21T1400,3138A,111.7152,29.0288,常德市,武陵区永安,,34,34,47,23,32,79,,59,59,5,8,5,6,0.8,0.9
2026-02-21T1400,3139A,111.6891,28.9881,常德市,鼎城区玉霞,,32,32,43,22,33,79,,57,57,6,9,6,6,0.8,0.9
2026-02-21T1400,3140A,111.6651,29.0526,常德市,武陵区长庚,,39,34,42,27,34,75,,53,53,3,8,6,6,0.8,0.9
2026-02-21T1400,1196A,119.9524,31.7586,常州市,市监测站,,37,37,41,20,24,104,,74,74,9,11,10,11,0.4,0.4
2026-02-21T1400,1200A,119.9351,31.703,常州市,武进监测站,,31,30,33,16,19,97,,73,73,4,6,8,8,0.6,0.6
2026-02-21T1400,3002A,119.9701,31.813,常州市,行政中心,,34,34,47,19,23,92,,67,67,7,10,5,6,0.5,0.5
2026-02-21T1400,3003A,120.0434,31.7726,常州市,经开区,,34,34,43,18,22,101,,73,73,2,7,7,14,0.7,1.1
2026-02-21T1400,3010A,119.8919,31.7892,常州市,钟楼,,39,39,36,20,20,103,,79,79,8,11,7,7,0.5,0.6
2026-02-21T1400,3429A,119.8595,31.706,常州市,武进经发区,,42,42,45,28,32,104,,72,72,6,9,7,7,0.7,0.7
2026-02-21T1400,3430A,119.5812,31.7256,常州市,金坛城区,,34,34,59,23,47,101,,72,72,4,10,7,10,0.6,0.7
2026-02-21T1400,4089A,119.9551,31.863,常州市,崇义南街5-H号,,31,24,36,16,20,99,,73,73,9,12,5,5,0.5,0.6
2026-02-21T1400,2220A,120.4318,41.588,朝阳市,西梁,,,,142,70,92,125,,75,75,,28,15,20,0.8,1.1
2026-02-21T1400,2221A,120.452,41.565,朝阳市,河畔小区,颗粒物(PM10),93,135,121,58,74,130,,87,87,12,18,14,18,0.8,1.1
2026-02-21T1400,2222A,120.4176,41.5648,朝阳市,八里堡,细颗粒物(PM2.5),95,121,131,71,86,124,,73,73,13,21,14,18,0.9,1.2
2026-02-21T1400,3026A,116.6179,23.6608,潮州市,市政府,颗粒物(PM10),55,59,54,35,41,117,,76,76,2,5,4,4,0.5,0.5
2026-02-21T1400,4036A,116.646,23.676,潮州市,金山,颗粒物(PM10),54,58,54,35,42,121,,70,70,5,8,4,3,0.6,0.6
2026-02-21T1400,2473A,113.0116,25.8228,郴州市,市职中,细颗粒物(PM2.5),54,43,27,38,24,19,,9,9,24,12,8,5,0.9,0.7
2026-02-21T1400,2475A,113.0381,25.8074,郴州市,市审计局,细颗粒物(PM2.5),60,54,34,43,27,24,,11,11,24,15,6,4,/,/
2026-02-21T1400,2476A,113.0348,25.7757,郴州市,市环保局,,49,49,38,34,28,26,,12,12,23,15,7,4,0.8,0.6
2026-02-21T1400,4252A,113.0138,25.8011,郴州市,好美居路49号,,46,39,34,32,23,30,,20,20,24,15,5,4,/,/
2026-02-21T1400,1431A,103.9727,30.7242,成都市,金泉两河,,,63,67,,41,125,,65,65,13,35,5,3,0.6,1.1
2026-02-21T1400,1432A,104.1423,30.6765,成都市,十里店,细颗粒物(PM2.5),60,52,75,43,58,124,,70,70,7,19,8,7,0.6,0.7
2026-02-21T1400,1433A,104.0594,30.5765,成都市,三瓦窑,细颗粒物(PM2.5),73,54,54,53,59,129,,54,54,8,31,5,4,0.6,0.8
2026-02-21T1400,1434A,104.1122,30.6306,成都市,沙河铺,细颗粒物(PM2.5),67,51,66,48,59,114,,58,58,17,35,7,4,0.5,0.7
2026-02-21T1400,2880A,104.0219,30.6561,成都市,大石西路,细颗粒物(PM2.5),79,76,79,58,62,120,,66,66,13,32,6,5,0.5,0.7
2026-02-21T1400,3136A,104.2724,30.559,成都市,龙泉驿区区政府,细颗粒物(PM2.5),73,61,53,53,48,123,,73,73,9,11,9,7,0.6,0.6
2026-02-21T1400,3357A,104.0028,30.6891,成都市,金博路,,45,45,65,25,49,123,,59,59,15,36,8,6,0.7,0.8
2026-02-21T1400,3359A,104.056,30.5228,成都市,华阳,细颗粒物(PM2.5),69,58,72,50,62,132,,58,58,14,38,6,3,0.6,0.7
2026-02-21T1400,3488A,104.387954,30.746684,成都市,青石路225号,细颗粒物(PM2.5),74,59,63,54,51,128,,51,51,10,24,6,4,0.5,0.6
2026-02-21T1400,3489A,104.0788,30.4054,成都市,科学城,细颗粒物(PM2.5),70,58,60,51,49,91,,40,40,8,12,7,7,0.6,0.7
2026-02-21T1400,4011A,103.8505,30.6946,成都市,光华大道三段,细颗粒物(PM2.5),68,65,87,49,58,128,,74,74,11,26,6,5,0.4,0.6
2026-02-21T1400,4144A,104.3257,30.6406,成都市,八角井街185号,细颗粒物(PM2.5),72,64,67,52,45,120,,58,58,19,22,6,5,0.6,0.7
2026-02-21T1400,4224A,104.2433276,30.53529463,成都市,鲸龙路1057号,,,,67,,55,128,,71,71,,19,8,6,,0.7
2026-02-21T1400,1062A,117.9531,40.908,承德市,铁路,颗粒物(PM10),160,269,116,55,51,86,,47,47,15,25,8,8,0.5,0.8
2026-02-21T1400,1063A,117.9397,40.9763,承德市,中国银行,颗粒物(PM10),200,349,118,62,46,85,,57,57,13,21,,8,0.6,0.8
2026-02-21T1400,4073A,117.9462,40.95,承德市,杏林街1号,颗粒物(PM10),126,201,106,45,46,93,,60,60,12,17,7,8,0.6,0.8
2026-02-21T1400,4274A,117.7994,40.9605,承德市,滨河大街98号,颗粒物(PM10),482,582,122,74,41,100,,60,60,10,17,12,14,0.9,1.3
2026-02-21T1400,2314A,117.4698,30.6617,池州市,池州学院,,27,24,44,15,34,84,,58,58,13,15,10,12,1.3,1.3
2026-02-21T1400,3237A,117.4918,30.6617,池州市,展览馆,,27,22,46,14,32,86,,58,58,10,12,9,11,1.0,1
2026-02-21T1400,3333A,117.5626,30.695,池州市,第八中学,,28,21,40,14,29,89,,62,62,13,13,8,9,0.7,0.9
2026-02-21T1400,3334A,117.5037,30.6242,池州市,第十二中学,,27,24,44,14,30,86,,57,57,10,11,8,5,0.7,0.8
2026-02-21T1400,1744A,118.9229,42.2816,赤峰市,松山一中,颗粒物(PM10),200,350,156,99,63,58,,28,28,23,39,6,15,0.7,1.2
2026-02-21T1400,1745A,118.9588,42.2733,赤峰市,哈达街,颗粒物(PM10),199,348,156,82,61,73,,41,41,8,32,9,28,0.6,1.1
2026-02-21T1400,1746A,118.8792,42.2551,赤峰市,天义路,颗粒物(PM10),192,334,125,95,57,82,,54,54,3,21,5,11,0.4,0.7
2026-02-21T1400,3058A,119.2656,42.0356,赤峰市,银河街,颗粒物(PM10),242,379,135,96,61,106,,100,100,2,7,7,13,0.4,0.8
2026-02-21T1400,3286A,118.9359,42.3146,赤峰市,桥北物流园区,颗粒物(PM10),167,284,120,89,60,90,,69,69,2,13,4,23,0.5,0.9
2026-02-21T1400,2521A,107.3473,22.4137,崇左市,市环保局江州分局,细颗粒物(PM2.5),90,90,78,67,61,66,,32,32,15,24,5,5,1.0,1.1
2026-02-21T1400,4256A,107.375,22.3736,崇左市,石景林东路7号,细颗粒物(PM2.5),85,76,71,63,66,69,,32,32,13,19,3,4,1.1,1.2
2026-02-21T1400,3207A,118.31131,32.3033,滁州市,市政府原办公楼,,35,32,44,24,33,93,,68,68,6,8,7,5,0.3,0.4
2026-02-21T1400,3331A,118.3268,32.2633,滁州市,图书馆,,31,29,38,15,26,98,,72,72,4,9,10,9,0.3,0.7
2026-02-21T1400,4101A,118.3196,32.3335,滁州市,银山路666号,细颗粒物(PM2.5),58,,44,41,41,100,,75,75,4,6,9,7,0.5,0.6
2026-02-21T1400,4102A,118.3426,32.2979,滁州市,黄山路555号,,44,44,57,28,42,103,,72,72,2,4,9,7,0.5,0.6
2026-02-21T1400,2606A,101.5379,25.0492,楚雄彝族自治州,市经济开发区,,29,23,27,3,14,91,,73,73,2,8,3,3,0.3,0.5
2026-02-21T1400,4153A,101.5536,25.0343,楚雄彝族自治州,团结路562号,,33,33,26,3,14,90,,74,74,4,7,3,3,0.3,0.4
2026-02-21T1400,2549A,107.5087,31.2186,达州市,市环境监测站,"颗粒物(PM10),细颗粒物(PM2.5)",52,54,71,36,48,84,,42,42,18,25,8,7,0.2,0.4
2026-02-21T1400,2550A,107.4988,31.2132,达州市,凤凰小区,,48,48,72,33,51,84,,42,42,15,34,10,9,0.2,0.6
2026-02-21T1400,2551A,107.5081,31.1987,达州市,达县机关宾馆,,46,46,70,18,54,95,,46,46,17,37,6,6,0.6,1
2026-02-21T1400,2552A,107.4644,31.2124,达州市,市政中心,,47,47,75,29,51,96,,41,41,12,41,8,7,0.3,0.8
2026-02-21T1400,2614A,100.2168,25.5818,大理白族自治州,大理市环境监测站,,29,22,20,12,15,92,,83,83,5,6,7,7,0.6,0.6
2026-02-21T1400,2615A,100.1542,25.7055,大理白族自治州,大理古城,,31,23,27,12,20,97,,80,80,4,7,8,8,0.6,0.6
2026-02-21T1400,1109A,121.6119,38.974,大连市,甘井子,细颗粒物(PM2.5),70,64,72,51,63,80,,80,80,22,22,9,8,0.4,0.5
2026-02-21T1400,1110A,121.565,38.9509,大连市,周水子,细颗粒物(PM2.5),75,69,86,55,64,74,,71,71,18,21,9,9,0.6,0.6
2026-02-21T1400,1111A,121.5637,38.8849,大连市,星海三站,细颗粒物(PM2.5),75,66,77,55,64,70,,68,68,16,17,7,6,0.8,0.8
2026-02-21T1400,1112A,121.6301,38.9117,大连市,青泥洼桥,细颗粒物(PM2.5),74,71,85,54,66,72,,70,70,23,24,12,11,1.1,1.1
2026-02-21T1400,1113A,121.6248,38.8643,大连市,傅家庄,细颗粒物(PM2.5),69,71,81,50,59,74,,82,78,19,18,9,9,0.6,0.6
2026-02-21T1400,1114A,121.5117,38.8636,大连市,七贤岭,细颗粒物(PM2.5),70,69,80,51,61,75,,76,76,20,19,11,10,0.7,0.8
2026-02-21T1400,1116A,121.7507,39.1339,大连市,金州,细颗粒物(PM2.5),79,,72,58,58,94,,72,72,12,13,14,11,0.6,0.9
2026-02-21T1400,1117A,121.7811,39.0495,大连市,开发区,细颗粒物(PM2.5),73,69,76,53,65,74,,70,70,22,19,3,2,0.6,0.8
2026-02-21T1400,1118A,121.9762,39.0631,大连市,双D港,细颗粒物(PM2.5),65,68,68,47,54,80,,81,81,20,16,9,7,0.9,1
2026-02-21T1400,4082A,121.2548,38.8188,大连市,旅顺,细颗粒物(PM2.5),77,72,81,56,63,69,,72,67,15,16,12,12,0.7,0.6
2026-02-21T1400,1789A,124.8085,46.0381,大庆市,大同区,细颗粒物(PM2.5),87,109,164,64,85,104,,76,76,12,20,16,17,0.8,0.9
2026-02-21T1400,1790A,125.1166,46.5255,大庆市,龙凤区,细颗粒物(PM2.5),92,85,156,68,101,94,,59,59,14,31,2,3,0.4,0.7
2026-02-21T1400,1791A,124.8894,46.4007,大庆市,红岗区,,,82,113,,72,81,,53,53,13,18,11,9,0.6,0.8
2026-02-21T1400,1792A,125.1391,46.578,大庆市,萨尔图区,细颗粒物(PM2.5),82,107,164,60,92,88,,54,54,12,25,13,11,0.7,0.9
2026-02-21T1400,1793A,124.9026,46.6217,大庆市,让胡路区,细颗粒物(PM2.5),95,,130,71,96,47,,21,21,10,37,22,24,0.7,1.3
2026-02-21T1400,3481A,125.127,46.6277,大庆市,萨区政府监测点,"颗粒物(PM10),细颗粒物(PM2.5)",77,104,164,56,83,96,,64,64,6,14,16,14,0.7,0.9
2026-02-21T1400,1723A,113.2926,40.0759,大同市,云冈宾馆,颗粒物(PM10),500,1561,467,283,103,85,,66,66,3,16,3,11,0.6,0.7
2026-02-21T1400,1724A,113.3437,40.0921,大同市,大同大学,颗粒物(PM10),500,1673,462,265,92,90,,76,76,2,11,3,10,0.2,0.4
2026-02-21T1400,1725A,113.2637,40.129,大同市,安家小村,颗粒物(PM10),500,2070,571,327,109,44,,71,55,24,10,7,10,0.3,0.3
2026-02-21T1400,3282A,113.3399,40.0586,大同市,大同市卫生学校,颗粒物(PM10),500,1650,479,249,99,97,,78,78,4,14,1,9,0.2,0.3
2026-02-21T1400,3565A,113.1371,40.1122,大同市,云冈站,颗粒物(PM10),500,1814,465,286,83,90,,78,78,3,9,4,9,0.3,0.3
2026-02-21T1400,3566A,113.1186,40.2556,大同市,图书馆,,,,420,,77,,,81,,,7,,5,,0.6
2026-02-21T1400,3567A,113.5931,40.0459,大同市,区一中,颗粒物(PM10),500,1764,479,274,102,97,,77,77,4,10,5,20,0.3,0.5
2026-02-21T1400,4199A,113.2798248,40.09972476,大同市,魏都大道141号,颗粒物(PM10),500,1869,552,264,110,91,,74,74,3,17,5,11,0.3,0.4
2026-02-21T1400,2269A,124.1068,50.4091,大兴安岭地区,科技局,,20,19,57,7,41,62,,64,64,5,8,10,6,0.4,0.5
2026-02-21T1400,3663A,124.117,50.4279,大兴安岭地区,红旗社区,,24,7,54,3,50,74,,57,57,2,21,4,17,0.2,0.5
2026-02-21T1400,1600A,124.33,40.0625,丹东市,江湾东路,,50,50,81,26,59,95,,90,90,9,11,8,9,0.6,0.9
2026-02-21T1400,1601A,124.4242,40.1513,丹东市,临江后街,颗粒物(PM10),55,59,83,33,62,89,,88,88,9,10,10,12,0.5,0.7
2026-02-21T1400,1602A,124.3935,40.1461,丹东市,元宝山,颗粒物(PM10),51,51,82,28,59,92,,89,89,8,10,11,15,0.7,1
2026-02-21T1400,1603A,124.3634,40.1093,丹东市,民主桥,颗粒物(PM10),51,51,96,28,67,91,,84,84,4,8,12,15,0.6,0.9
2026-02-21T1400,3541A,109.5726195,19.51688767,儋州市,第一中学子站,,23,21,46,13,33,72,,60,60,2,4,4,5,0.5,0.7
2026-02-21T1400,3542A,109.5567,19.5187,儋州市,东坡学校子站,,26,23,43,14,33,82,,64,64,3,6,5,5,0.4,0.6
2026-02-21T1400,2616A,98.5611,24.4273,德宏傣族景颇族自治州,德宏州监测站,,36,,23,25,26,96,,38,38,11,21,8,7,0.6,0.6
2026-02-21T1400,3677A,98.5887,24.4366,德宏傣族景颇族自治州,芒市人民政府综合楼,颗粒物(PM10),56,61,46,25,23,102,,43,43,10,13,6,5,0.5,0.5
2026-02-21T1400,1901A,104.424,31.1209,德阳市,东山公园,细颗粒物(PM2.5),73,57,62,53,60,122,,82,82,7,10,4,3,0.6,0.6
2026-02-21T1400,1902A,104.3827,31.1318,德阳市,西小区,细颗粒物(PM2.5),70,66,81,51,64,126,,72,72,14,25,5,5,0.7,0.8
2026-02-21T1400,1904A,104.3553,31.1091,德阳市,耐火材料厂,细颗粒物(PM2.5),72,59,69,52,64,122,,66,66,15,20,4,3,0.7,0.8
2026-02-21T1400,4145A,104.4144,31.1495,德阳市,市林业局,细颗粒物(PM2.5),67,56,70,48,57,125,,77,77,3,15,8,6,0.7,0.7
2026-02-21T1400,1622A,116.3034,37.4675,德州市,儿童乐园,颗粒物(PM10),128,205,110,51,50,87,,58,58,13,13,18,16,0.7,0.6
2026-02-21T1400,1624A,116.2992,37.4449,德州市,监理站,颗粒物(PM10),129,207,104,76,48,106,,82,82,,17,,17,,0.7
2026-02-21T1400,3066A,116.2722,37.438,德州市,九衢泉纯净水厂,颗粒物(PM10),123,195,99,51,57,89,,59,59,15,16,12,9,0.9,0.8
2026-02-21T1400,3371A,116.3693,37.44,德州市,开发区人民医院,颗粒物(PM10),126,202,110,47,51,85,,54,54,14,16,17,14,0.8,0.7
2026-02-21T1400,3511A,116.5687,37.3331,德州市,陵城艺术中心,颗粒物(PM10),108,166,94,46,49,81,,56,56,9,11,17,14,0.9,0.9
2026-02-21T1400,4292A,116.352738,37.420875,德州市,新河东路,颗粒物(PM10),114,178,95,49,47,82,,51,51,12,13,20,18,0.9,0.8
2026-02-21T1400,2621A,99.7054,27.8319,迪庆藏族自治州,迪庆州站,,31,27,27,17,17,99,,79,79,5,7,4,5,0.7,0.8
2026-02-21T1400,3180A,99.7122,27.8129,迪庆藏族自治州,质量技术监督局,,32,20,25,14,15,102,,74,74,6,13,6,6,0.5,0.6
2026-02-21T1400,4257A,104.6092,35.5962,定西市,将台街,颗粒物(PM10),160,269,86,67,42,89,,45,45,2,17,8,17,0.2,0.8
2026-02-21T1400,4309A,104.6159,35.5701,定西市,正龙路62号,颗粒物(PM10),169,288,90,67,36,85,,49,49,2,7,5,12,0.3,0.8
2026-02-21T1400,1390A,113.7943,23.0132,东莞市,东城石井,,38,17,43,12,33,119,,86,86,8,13,5,5,0.6,0.7
2026-02-21T1400,1391A,113.7384,22.9659,东莞市,南城西平,,38,16,46,11,38,119,,88,87,7,14,6,7,0.6,0.7
2026-02-21T1400,3319A,113.7283,23.041,东莞市,万江金泰,,37,22,57,19,44,116,,100,95,4,11,5,6,0.7,0.9
2026-02-21T1400,4129A,113.8666,23.1062,东莞市,裕兴路,,38,33,56,20,40,119,,88,88,8,13,6,7,0.8,0.9
2026-02-21T1400,4130A,114.0076,22.9739,东莞市,教育路1号,,39,27,48,19,36,124,,92,92,8,12,4,5,0.6,0.7
2026-02-21T1400,4131A,113.7981,22.8124,东莞市,长怡路1号,,33,16,49,9,34,105,,91,86,8,15,8,8,0.6,0.8
2026-02-21T1400,1666A,118.6612,37.4313,东营市,市环保局,颗粒物(PM10),102,153,90,31,48,114,,72,72,19,24,16,20,0.7,0.9
2026-02-21T1400,3036A,118.6903,37.4337,东营市,开发区管委会,颗粒物(PM10),101,151,90,32,46,112,,74,74,15,22,16,17,0.7,0.9
2026-02-21T1400,3365A,118.5721,37.5654,东营市,垦利区民丰路,颗粒物(PM10),97,144,92,40,47,118,,80,80,17,21,13,12,0.8,0.9
2026-02-21T1400,3498A,118.5063,37.8606,东营市,河口城区,颗粒物(PM10),92,134,118,42,68,132,,84,84,20,31,13,17,0.6,0.7
2026-02-21T1400,3646A,118.4979,37.4623,东营市,胜利站,颗粒物(PM10),81,111,84,37,46,108,,69,69,17,21,13,14,0.9,1
2026-02-21T1400,3734A,118.5753,37.4405,东营市,理想之城,颗粒物(PM10),90,129,97,30,44,118,,74,74,14,21,12,14,0.8,0.9
2026-02-21T1400,1591A,110.0024,39.8127,鄂尔多斯市,综合楼,颗粒物(PM10),500,759,607,97,93,96,,95,95,2,5,5,6,0.2,0.2
2026-02-21T1400,1592A,109.9485,39.8259,鄂尔多斯市,巴音孟克林场办事处,颗粒物(PM10),500,771,573,92,94,96,,95,95,2,3,4,4,0.1,0.1
2026-02-21T1400,1593A,109.7734,39.5987,鄂尔多斯市,康泽苑,细颗粒物(PM2.5),132,,368,100,98,100,,99,99,3,5,5,6,0.2,0.3
2026-02-21T1400,1594A,109.8121,39.5987,鄂尔多斯市,华泰汽车城,颗粒物(PM10),500,996,523,92,88,105,,102,102,2,5,7,8,0.3,0.3
2026-02-21T1400,1595A,109.9734,39.7884,鄂尔多斯市,奥林花园,颗粒物(PM10),500,835,644,88,90,101,,92,92,15,12,3,4,0.2,0.2
2026-02-21T1400,2436A,114.894,30.3989,鄂州市,市政府,,43,43,39,21,30,89,,57,57,12,13,10,7,0.9,0.9
2026-02-21T1400,2437A,114.8986,30.3714,鄂州市,赵家坝,,37,37,41,22,29,90,,58,58,7,3,13,11,1.0,0.9
2026-02-21T1400,3654A,114.8093,30.4091,鄂州市,精准医疗中心,,40,40,51,28,38,88,,50,50,20,23,42,49,2.2,2.5
2026-02-21T1400,2454A,109.4978,30.2979,恩施土家族苗族自治州,湖北民院,,50,39,47,35,39,86,,37,37,11,12,6,6,0.8,0.8
2026-02-21T1400,3549A,109.5061,30.3771,恩施土家族苗族自治州,龙凤新区,细颗粒物(PM2.5),52,38,45,36,33,84,,34,34,6,7,7,7,0.4,0.4
2026-02-21T1400,2499A,108.3411,21.6159,防城港市,沙万,,37,37,42,22,28,73,,68,68,12,17,6,6,0.6,0.8
2026-02-21T1400,2500A,108.3515,21.7733,防城港市,防城档案局,,43,43,40,25,32,80,,54,54,4,9,5,6,0.6,0.7
2026-02-21T1400,2501A,108.3506,21.6414,防城港市,大海花园,,46,46,37,25,32,86,,77,77,7,13,6,7,0.6,0.8
2026-02-21T1400,1371A,113.1293,23.0065,佛山市,湾梁,,37,36,45,23,41,117,,101,101,4,9,/,/,/,/
2026-02-21T1400,1372A,113.1082,23.0477,佛山市,华材职中,,48,36,50,33,44,120,,105,105,6,9,6,6,0.5,0.6
2026-02-21T1400,1373A,113.1439,23.045,佛山市,南海气象局,,42,42,48,25,44,115,,99,99,5,10,/,/,/,/
2026-02-21T1400,1374A,113.2879,22.8094,佛山市,顺德苏岗,,46,46,48,22,41,110,,96,96,6,10,/,/,0.8,0.9
2026-02-21T1400,1376A,112.8384,22.8678,佛山市,高明孔堂,,45,38,42,31,35,105,,84,84,5,8,/,/,/,/
2026-02-21T1400,1377A,112.8835,23.1584,佛山市,三水监测站,,43,36,46,30,46,114,,88,88,6,15,2,3,0.5,0.6
2026-02-21T1400,1378A,112.8668,23.185,佛山市,三水云东海,,39,28,43,27,43,124,,84,84,8,14,/,/,/,/
2026-02-21T1400,3625A,113.2568,22.7629,佛山市,容桂街道办,,29,29,38,20,39,85,,88,83,5,8,/,/,/,/
2026-02-21T1400,1282A,119.2681,26.0506,福州市,师大,,40,40,45,26,34,113,,75,75,9,11,4,4,0.6,0.6
2026-02-21T1400,1283A,119.2983,26.1028,福州市,五四北路,,36,26,42,25,38,107,,78,78,9,13,5,6,0.6,0.6
2026-02-21T1400,1284A,119.2648,26.0769,福州市,杨桥西路,,39,37,43,27,34,114,,76,76,9,12,5,5,/,/
2026-02-21T1400,3048A,119.5799,26.0937,福州市,九龙,,33,24,33,21,25,104,,76,76,9,11,4,4,0.6,0.5
2026-02-21T1400,3526A,119.5188,25.9666,福州市,吴航,,34,24,45,20,31,107,,68,68,11,15,6,5,0.6,0.6
2026-02-21T1400,4104A,119.3106,26.0648,福州市,路通桥巷6号,,40,40,46,22,38,106,,75,75,8,11,/,/,/,/
2026-02-21T1400,1755A,123.7974,41.8494,抚顺市,望花区,颗粒物(PM10),73,96,93,45,56,104,,90,90,13,18,24,31,0.8,0.9
2026-02-21T1400,1756A,123.9161,41.8827,抚顺市,顺城区,细颗粒物(PM2.5),73,74,75,53,57,105,,96,94,11,14,14,14,0.8,0.8
2026-02-21T1400,1757A,124.0437,41.8615,抚顺市,东洲区,颗粒物(PM10),75,99,82,45,52,100,,98,95,13,12,12,13,0.9,0.7
2026-02-21T1400,1758A,123.9246,41.8638,抚顺市,新抚区,颗粒物(PM10),72,93,89,47,56,104,,92,92,11,14,11,11,0.8,0.8
2026-02-21T1400,1759A,124.0972,41.8961,抚顺市,大伙房水库,颗粒物(PM10),65,80,72,44,50,108,,106,103,8,8,10,10,0.7,0.7
2026-02-21T1400,1760A,123.708,41.8386,抚顺市,沈抚新城,颗粒物(PM10),69,87,83,47,53,103,,96,96,11,12,12,10,0.8,0.9
2026-02-21T1400,2377A,116.3544,27.9833,抚州市,市站,,25,21,45,8,30,79,,55,55,4,10,7,6,0.9,1.1
2026-02-21T1400,2378A,116.3562,27.9631,抚州市,血防站,,27,27,39,17,24,68,,43,43,7,12,10,4,1.4,1.3
2026-02-21T1400,2379A,116.3561,28.0007,抚州市,采茶剧团,,,23,38,3,24,70,,45,45,2,5,,4,1.3,1.2
2026-02-21T1400,2380A,116.3854,27.9648,抚州市,医学分院,,22,17,35,9,16,69,,45,45,3,5,5,4,1.2,1.1
2026-02-21T1400,2207A,121.6095,41.9978,阜新市,工业园区,颗粒物(PM10),132,213,121,72,74,97,,77,77,13,16,,18,0.9,0.9
2026-02-21T1400,2208A,121.6567,42.0188,阜新市,长青街,颗粒物(PM10),107,163,110,61,81,106,,82,82,16,21,14,17,0.8,0.9
2026-02-21T1400,2209A,121.6672,42.07,阜新市,农业园区,颗粒物(PM10),99,147,120,62,72,97,,80,76,13,15,14,16,0.9,1
2026-02-21T1400,2211A,121.6343,42.0455,阜新市,玉龙新城,颗粒物(PM10),103,156,108,65,70,100,,76,76,16,20,21,20,1.0,1
2026-02-21T1400,2301A,115.8276,32.8929,阜阳市,市监测站,,47,47,50,20,28,97,,80,80,6,7,6,6,0.6,0.7
2026-02-21T1400,2303A,115.8551,32.8606,阜阳市,开发区,,33,33,37,18,28,98,,78,78,2,2,6,6,0.4,0.5
2026-02-21T1400,2875A,115.783962,32.889217,阜阳市,阜阳职业技术学院,,42,42,44,21,29,104,,84,84,5,6,8,7,0.7,0.7
2026-02-21T1400,3468A,115.79,32.8614,阜阳市,市规划展馆,,46,46,52,20,28,106,,85,85,3,5,7,8,0.8,0.9
2026-02-21T1400,3469A,115.835101,32.918568,阜阳市,枣园社区,,45,45,48,21,28,90,,74,74,5,6,8,8,0.6,0.7
2026-02-21T1400,2669A,102.9097,34.9841,甘南藏族自治州,州政府,,30,29,32,3,21,93,,44,44,2,13,6,9,0.1,0.6
2026-02-21T1400,3380A,102.8915,34.9618,甘南藏族自治州,甘肃民族师范学院,,44,44,37,3,18,91,,50,50,5,15,6,10,0.3,0.4
2026-02-21T1400,2570A,101.96,30.048,甘孜藏族自治州,水桥子,,32,6,8,3,4,102,,71,71,1,7,7,6,0.8,0.8
2026-02-21T1400,3065A,101.9534,29.9976,甘孜藏族自治州,州环保局,,35,8,8,3,5,110,,91,91,2,4,7,6,0.4,0.4
2026-02-21T1400,2363A,114.9368,25.8663,赣州市,地委,,35,35,32,22,20,68,,37,37,12,12,8,8,1.3,1
2026-02-21T1400,2364A,114.946,25.8483,赣州市,气象台,,40,,39,28,23,66,,34,34,14,14,6,6,0.6,0.6
2026-02-21T1400,2365A,114.932,25.8332,赣州市,市图书馆,,30,28,26,21,19,57,,34,34,11,10,5,5,1.2,1
2026-02-21T1400,2366A,114.8905,25.8472,赣州市,华坚鞋城,,35,31,36,24,24,64,,28,28,13,18,6,5,0.7,0.6
2026-02-21T1400,3109A,115.0094,25.8614,赣州市,赣县区卫计委,,25,22,23,17,15,52,,32,32,8,9,8,8,0.6,0.6
2026-02-21T1400,2684A,106.2753,36.0057,固原市,监测站,颗粒物(PM10),389,491,243,128,70,83,,71,71,3,14,7,11,0.3,0.6
2026-02-21T1400,2685A,106.2384,36.0189,固原市,新区,颗粒物(PM10),418,518,219,137,62,82,,68,68,3,18,6,6,0.4,0.5
2026-02-21T1400,2544A,106.6307,30.4577,广安市,市委,细颗粒物(PM2.5),82,64,86,60,73,111,,68,68,11,32,9,7,0.8,1
2026-02-21T1400,2545A,106.6266,30.4662,广安市,友谊中学,细颗粒物(PM2.5),64,64,79,46,56,115,,67,67,11,22,10,7,0.9,0.9
2026-02-21T1400,2547A,106.6386,30.4551,广安市,广电花园,细颗粒物(PM2.5),94,,84,70,78,108,,60,60,10,27,9,7,0.7,1
2026-02-21T1400,2902A,106.6347,30.4868,广安市,北辰小学,细颗粒物(PM2.5),84,72,71,62,66,109,,57,57,10,15,15,11,0.8,0.8
2026-02-21T1400,2524A,105.8211,32.4444,广元市,老城,细颗粒物(PM2.5),79,76,73,58,53,108,,53,53,13,22,9,12,0.9,0.8
2026-02-21T1400,2526A,105.8629,32.429,广元市,监测站,细颗粒物(PM2.5),68,,62,49,51,105,,53,53,13,16,15,12,0.7,0.8
2026-02-21T1400,3617A,105.8047,32.4167,广元市,经开区,细颗粒物(PM2.5),72,61,81,52,64,103,,44,44,12,22,23,14,1.0,1
2026-02-21T1400,1345A,113.2346,23.1423,广州市,广雅中学,,38,37,45,26,34,110,,91,91,7,14,8,4,0.7,0.7
2026-02-21T1400,1346A,113.2611,23.105,广州市,市五中,,41,37,50,26,38,129,,108,108,8,15,6,8,/,/
2026-02-21T1400,1348A,113.3477,23.0916,广州市,广东商学院,细颗粒物(PM2.5),53,37,49,37,44,113,,97,97,11,13,6,6,0.9,0.9
2026-02-21T1400,1349A,113.4332,23.105,广州市,市八十六中,,,,61,26,34,130,,97,97,16,20,5,5,/,/
2026-02-21T1400,1350A,113.3506,22.9488,广州市,番禺中学,,35,35,68,23,37,111,,102,102,5,10,4,4,0.9,0.9
2026-02-21T1400,1351A,113.2147,23.3918,广州市,花都师范,细颗粒物(PM2.5),62,50,62,44,51,119,,65,65,11,37,7,6,0.9,0.9
2026-02-21T1400,1352A,113.2599,23.1329,广州市,市监测站,,42,38,52,29,41,111,,94,94,8,17,1,2,/,/
2026-02-21T1400,1353A,113.5618,23.3119,广州市,九龙镇镇龙,细颗粒物(PM2.5),68,56,52,49,46,123,,66,66,10,13,6,5,0.6,0.7
2026-02-21T1400,1354A,113.2764,23.1544,广州市,麓湖,,42,38,43,29,36,116,,88,88,7,17,4,4,0.7,0.7
2026-02-21T1400,2846A,113.3209,23.1323,广州市,体育西,,43,40,50,30,36,112,,102,102,12,18,6,6,0.9,0.9
2026-02-21T1400,3298A,113.5718,23.5493,广州市,从化街口,细颗粒物(PM2.5),65,56,52,47,43,112,,62,62,10,14,8,8,0.7,0.8
2026-02-21T1400,3299A,113.3463,23.369,广州市,白云竹料,,50,45,60,35,50,44,,26,26,14,20,3,3,0.7,0.7
2026-02-21T1400,3300A,113.2981,23.2365,广州市,白云嘉禾,,42,36,50,29,38,125,,100,100,10,16,6,6,/,/
2026-02-21T1400,3301A,113.4256,23.1716,广州市,黄埔科学城,细颗粒物(PM2.5),52,40,49,36,44,133,,92,92,9,12,4,5,0.7,0.8
2026-02-21T1400,3302A,113.3942,23.0485,广州市,番禺大学城,颗粒物(PM10),51,52,60,29,40,116,,103,103,7,9,9,9,0.6,0.7
2026-02-21T1400,3303A,113.4923,22.8169,广州市,南沙黄阁,,36,32,47,22,42,113,,96,96,8,12,6,6,/,/
2026-02-21T1400,3304A,113.534,22.7893,广州市,南沙街,,36,25,48,16,40,113,,93,93,3,9,4,5,0.6,0.7
2026-02-21T1400,3443A,113.2905,23.5541,广州市,花都梯面,细颗粒物(PM2.5),57,55,41,40,33,116,,73,73,10,9,6,5,/,/
2026-02-21T1400,3445A,113.786,23.7479,广州市,从化良口,,,56,26,51,22,107,,51,51,7,6,,8,/,/
2026-02-21T1400,3446A,113.805,23.2614,广州市,增城荔城,细颗粒物(PM2.5),58,52,54,41,42,129,,79,79,10,15,6,6,0.6,0.7
2026-02-21T1400,2506A,109.604387,23.066791,贵港市,江南子站,细颗粒物(PM2.5),87,,99,64,74,84,,40,40,8,24,9,9,0.7,1
2026-02-21T1400,2508A,109.5669,23.1065,贵港市,荷城子站,,,73,67,52,52,65,,41,41,,24,,7,0.8,1
2026-02-21T1400,3405A,109.5886,23.1172,贵港市,新世纪学校,细颗粒物(PM2.5),99,83,72,74,66,71,,44,44,25,23,/,/,0.9,0.9
2026-02-21T1400,4260A,109.5933,23.095,贵港市,中山路155-3号,细颗粒物(PM2.5),105,97,85,79,74,73,,42,42,13,24,/,/,0.9,1
2026-02-21T1400,1439A,106.6863,26.6035,贵阳市,马鞍山,,33,27,31,23,26,69,,50,50,6,10,7,6,/,/
2026-02-21T1400,1441A,106.6241,26.6266,贵阳市,鉴湖路,,36,36,34,20,19,73,,53,53,7,9,8,6,0.6,0.6
2026-02-21T1400,1442A,106.7468,26.6344,贵阳市,燕子冲,,32,29,31,22,23,75,,55,55,11,13,8,7,0.3,0.5
2026-02-21T1400,1443A,106.6556,26.4362,贵阳市,碧云窝,,36,34,30,25,20,72,,54,54,7,6,10,10,/,/
2026-02-21T1400,1445A,106.6963,26.6063,贵阳市,红边门,,39,36,44,27,34,69,,50,50,8,24,7,17,/,/
2026-02-21T1400,1446A,106.7162383,26.56964667,贵阳市,新华路,,36,36,43,21,23,79,,56,56,8,20,14,15,0.4,0.5
2026-02-21T1400,1447A,106.6742,26.542,贵阳市,太慈桥,,33,,26,23,21,55,,44,44,9,12,4,4,/,/
2026-02-21T1400,4230A,106.688212,26.56952,贵阳市,花果园大街66号,,24,24,24,15,22,64,,48,48,7,11,3,4,/,/
2026-02-21T1400,4231A,106.687268,26.516892,贵阳市,漓江路57号,,30,29,31,21,21,68,,50,50,7,9,7,12,0.6,0.6
2026-02-21T1400,1864A,110.3091,25.2705,桂林市,龙隐路小学,细颗粒物(PM2.5),72,55,49,52,42,30,,9,9,19,19,4,3,1.0,1
2026-02-21T1400,1865A,110.2849361,25.22909545,桂林市,八中,颗粒物(PM10),58,66,51,29,25,23,,11,11,25,21,6,3,1.0,0.9
2026-02-21T1400,3531A,110.296,25.1254,桂林市,旅游学院,细颗粒物(PM2.5),62,47,44,44,39,32,,11,11,7,12,5,5,0.8,0.9
2026-02-21T1400,4222A,110.1835,25.2444,桂林市,环湖路276号,,,53,55,43,47,16,,6,6,18,18,27,8,,1
2026-02-21T1400,4301A,110.2803,25.2773,桂林市,信义路13号,细颗粒物(PM2.5),59,57,65,42,50,22,,7,7,21,24,7,4,1.1,1.2
2026-02-21T1400,2674A,100.2262,34.4854,果洛藏族自治州,玛沁县大武镇,,34,34,30,3,11,94,,57,57,2,3,8,11,0.3,0.6
2026-02-21T1400,1130A,126.5557,45.8109,哈尔滨市,松北商大,,,66,72,61,55,99,,87,87,,18,13,13,0.8,0.6
2026-02-21T1400,1132A,126.6162,45.719,哈尔滨市,南岗学府路,"颗粒物(PM10),细颗粒物(PM2.5)",69,88,82,50,49,107,,86,86,15,16,15,12,0.9,0.8
2026-02-21T1400,1133A,126.6894,45.7733,哈尔滨市,太平宏伟公园,,,94,81,46,50,102,,90,90,,2,11,11,0.6,0.7
2026-02-21T1400,1134A,126.6361,45.7672,哈尔滨市,道外承德广场,,,88,96,49,53,98,,78,78,,20,18,13,0.3,0.4
2026-02-21T1400,1136A,126.644,45.7261,哈尔滨市,动力和平路,,,77,66,49,51,99,,84,84,13,22,,13,,0.8
2026-02-21T1400,1137A,126.5933,45.7479,哈尔滨市,道里建国路,颗粒物(PM10),70,90,79,49,52,97,,84,84,25,24,26,23,0.6,0.5
2026-02-21T1400,1138A,126.6127,45.6119,哈尔滨市,平房东轻厂,细颗粒物(PM2.5),65,75,72,47,48,69,,60,60,36,27,14,10,0.6,0.7
2026-02-21T1400,1139A,126.5875,45.9827,哈尔滨市,呼兰师专,"颗粒物(PM10),细颗粒物(PM2.5)",68,85,105,49,59,91,,75,75,17,19,16,16,0.7,0.8
2026-02-21T1400,1140A,126.6299,45.6799,哈尔滨市,省农科院,,,88,82,58,50,77,,69,69,25,26,,,0.7,0.6
2026-02-21T1400,4282A,126.6769,45.7379,哈尔滨市,华山路1号,颗粒物(PM10),67,83,78,46,50,99,,87,87,16,20,19,17,0.8,0.8
2026-02-21T1400,4283A,126.9717,45.5356,哈尔滨市,解放大街52号,颗粒物(PM10),64,77,61,43,33,106,,99,99,13,10,14,13,0.6,0.6
2026-02-21T1400,2688A,93.5124,42.8176,哈密市,地区监测站,颗粒物(PM10),160,269,527,48,75,82,,79,78,2,6,5,6,0.0,0.2
2026-02-21T1400,2689A,93.5014,42.8312,哈密市,哈密师范学校,颗粒物(PM10),185,320,526,34,49,89,,,,4,10,51,7,0.3,0.4
2026-02-21T1400,2671A,100.9016,36.9464,海北藏族自治州,海晏县西海镇,颗粒物(PM10),90,130,26,11,7,98,,80,80,2,2,8,7,0.2,0.3
2026-02-21T1400,3867A,102.074,36.5056,海东市,平安区公安局北苑,颗粒物(PM10),102,154,45,31,21,88,,48,48,2,12,9,13,0.4,0.7
2026-02-21T1400,4163A,102.0984,36.5119,海东市,滨河路,颗粒物(PM10),158,266,56,20,19,95,,50,50,6,19,4,9,0.3,0.6
2026-02-21T1400,1410A,110.3189,20.0596,海口市,海南大学,,30,29,36,21,23,95,,90,88,9,5,6,6,0.5,0.5
2026-02-21T1400,1411A,110.2827,20.0051,海口市,秀英海南医院,,27,22,31,14,26,86,,82,82,5,9,8,8,0.3,0.4
2026-02-21T1400,1412A,110.3391,19.9979,海口市,海南师范大学,,30,24,34,16,26,95,,85,85,4,5,6,6,0.4,0.6
2026-02-21T1400,1413A,110.3303,20.0359,海口市,龙华路环保局宿舍,,30,23,31,17,24,96,,90,90,5,6,/,/,0.6,0.7
2026-02-21T1400,3539A,110.5111,19.9737,海口市,桂林洋子站,,28,18,37,14,27,88,,77,77,3,5,/,/,/,/
2026-02-21T1400,4134A,110.1952,20.0451,海口市,长滨二路9号,,30,28,32,20,26,94,,84,84,10,6,/,/,/,/
2026-02-21T1400,2673A,100.6158,36.2985,海南藏族自治州,共和县恰卜恰镇,颗粒物(PM10),167,284,48,44,15,102,,71,71,1,5,12,12,0.2,0.3
2026-02-21T1400,2676A,97.373,37.376,海西蒙古族藏族自治州,德令哈市,,31,24,20,18,11,98,,79,79,2,4,15,16,0.3,0.5
2026-02-21T1400,1049A,114.492,36.5712,邯郸市,矿院,颗粒物(PM10),159,267,99,81,42,95,,70,70,2,11,2,3,0.4,0.5
2026-02-21T1400,1050A,114.4839,36.6136,邯郸市,丛台公园,颗粒物(PM10),154,258,98,86,41,92,,66,66,3,16,3,7,0.3,0.6
2026-02-21T1400,3458A,114.7893,36.5592,邯郸市,香泉濮院小区,颗粒物(PM10),162,273,122,29,32,87,,62,62,6,7,5,6,0.5,0.5
2026-02-21T1400,3580A,114.1998,36.4439,邯郸市,峰峰矿区临水派出所,颗粒物(PM10),122,194,95,45,26,88,,95,86,1,3,10,12,0.3,0.5
2026-02-21T1400,4068A,114.5209,36.7697,邯郸市,建安街268号,颗粒物(PM10),131,211,106,57,30,96,,67,67,2,10,6,13,0.3,0.8
2026-02-21T1400,4069A,114.5488,36.6177,邯郸市,丛台东路558号,,,,87,,41,,,47,,,19,,5,,0.5
2026-02-21T1400,2635A,107.0155,33.0707,汉中市,市监测站,细颗粒物(PM2.5),89,74,77,66,70,114,,55,55,14,22,12,8,1.2,1.2
2026-02-21T1400,2636A,107.0083,33.114,汉中市,鑫源开发区,细颗粒物(PM2.5),77,75,83,56,66,115,,53,53,12,22,11,9,1.0,1
2026-02-21T1400,2637A,107.0072,33.0323,汉中市,南郑大河坎水厂,细颗粒物(PM2.5),69,62,66,50,51,110,,53,53,12,15,11,7,1.0,0.9
2026-02-21T1400,1223A,120.2073,30.2111,杭州市,滨江,,29,21,27,12,18,91,,69,69,6,11,7,7,0.4,0.5
2026-02-21T1400,1224A,120.0625,30.2737,杭州市,西溪,,29,27,29,10,17,90,,60,60,1,5,9,8,0.6,0.7
2026-02-21T1400,1226A,120.3417,30.315,杭州市,下沙,,29,24,29,12,17,91,,70,70,9,12,9,10,0.2,0.2
2026-02-21T1400,1227A,120.1252,30.2465,杭州市,卧龙桥,,29,23,27,12,16,92,,61,61,2,10,8,8,0.2,0.3
2026-02-21T1400,1228A,120.1902,30.2691,杭州市,浙江农大,,32,19,36,10,16,100,,74,74,3,7,6,6,0.4,0.6
2026-02-21T1400,1230A,120.1195,30.3121,杭州市,和睦小学,,29,24,27,11,17,90,,66,66,2,8,5,5,0.3,0.5
2026-02-21T1400,1231A,120.3076,30.4146,杭州市,临平镇,,30,23,28,11,16,96,,76,76,7,9,6,6,0.4,0.4
2026-02-21T1400,1232A,120.2753,30.1839,杭州市,城厢镇,,35,35,36,18,19,95,,70,70,6,8,8,8,0.5,0.6
2026-02-21T1400,1233A,120.0883,30.1808,杭州市,云栖,,,23,26,10,14,89,,54,54,,19,4,4,0.7,0.7
2026-02-21T1400,3557A,119.9463,30.0496,杭州市,镇二中,,28,20,25,11,17,89,,68,68,7,10,4,4,0.5,0.6
2026-02-21T1400,3558A,119.7184,30.2367,杭州市,市府大楼,,28,23,28,14,20,88,,60,60,5,8,7,6,0.2,0.3
2026-02-21T1400,3656A,120.1554,30.2863,杭州市,消防大队,,27,24,29,12,17,86,,64,64,4,11,7,7,0.4,0.5
2026-02-21T1400,1270A,117.1957,31.7845,合肥市,明珠广场,,31,31,38,17,27,91,,63,63,4,6,7,6,0.7,0.8
2026-02-21T1400,1271A,117.307,31.8765,合肥市,三里街,,29,29,42,17,31,80,,54,54,10,12,6,6,0.8,1
2026-02-21T1400,1272A,117.2587,31.8703,合肥市,琥珀山庄,,39,39,42,21,32,84,,61,61,13,16,6,6,0.8,0.8
2026-02-21T1400,1275A,117.2593,31.9376,合肥市,庐阳区,,29,29,40,17,29,83,,60,60,9,10,6,5,1.1,1.1
2026-02-21T1400,1276A,117.345251,31.861615,合肥市,瑶海区,,28,27,40,14,26,88,,63,63,14,14,6,6,0.6,0.7
2026-02-21T1400,1277A,117.3033,31.7967,合肥市,包河区,,34,34,39,15,26,87,,65,65,8,10,11,10,0.8,0.9
2026-02-21T1400,1278A,117.278,31.7392,合肥市,滨湖新区,,29,29,39,16,26,83,,61,61,4,4,6,4,0.8,0.9
2026-02-21T1400,1279A,117.1324,31.8395,合肥市,高新区,,27,27,40,14,27,86,,65,65,4,6,5,4,0.7,0.8
2026-02-21T1400,3464A,117.3802,31.9148,合肥市,高教基地,,31,31,40,13,26,95,,68,68,8,10,10,9,0.6,0.7
2026-02-21T1400,4098A,117.2518,31.8404,合肥市,中国科学技术大学,,31,31,38,17,26,91,,63,63,4,6,8,8,0.8,0.9
2026-02-21T1400,3614A,79.9241,37.0878,和田地区,地区环保局,颗粒物(PM10),216,361,253,55,42,87,,71,69,6,10,3,3,,0.9
2026-02-21T1400,3615A,79.9132,37.1137,和田地区,市环保局,颗粒物(PM10),437,537,242,60,49,97,,62,62,12,33,2,4,0.5,1
2026-02-21T1400,2517A,108.0496,24.6957,河池市,市环保站,细颗粒物(PM2.5),82,75,58,60,45,49,,25,25,11,9,5,5,0.9,0.9
2026-02-21T1400,4302A,108.0901,24.6945,河池市,上任中路54号,细颗粒物(PM2.5),77,74,56,56,43,45,,27,27,13,16,7,6,0.7,0.7
2026-02-21T1400,1697A,114.6962,23.7538,河源市,东埔,细颗粒物(PM2.5),64,52,44,46,39,119,,64,64,8,14,6,6,0.8,0.8
2026-02-21T1400,1698A,114.6895,23.7232,河源市,老城,细颗粒物(PM2.5),63,51,40,45,36,118,,63,63,7,9,6,6,0.7,0.7
2026-02-21T1400,3374A,115.5562,35.089,菏泽市,定陶老年大学,颗粒物(PM10),69,88,66,37,40,106,,72,72,13,13,8,6,0.5,0.5
2026-02-21T1400,4114A,115.4239,35.2593,菏泽市,黄河路600号,颗粒物(PM10),77,104,78,40,42,100,,63,63,8,9,6,6,0.5,0.5
2026-02-21T1400,4115A,115.5025,35.2727,菏泽市,菏泽市人社局,颗粒物(PM10),75,99,68,41,41,106,,70,70,13,13,6,6,0.6,0.5
2026-02-21T1400,4184A,115.479691,35.244011,菏泽市,永昌路1号,颗粒物(PM10),77,103,68,39,42,118,,77,77,6,7,5,4,0.5,0.5
2026-02-21T1400,4193A,115.471542,35.280012,菏泽市,长城路999号,颗粒物(PM10),73,95,71,45,44,108,,70,70,8,9,14,12,0.5,0.4
2026-02-21T1400,2514A,111.5264,24.4178,贺州市,环保小区,细颗粒物(PM2.5),62,46,48,44,42,64,,38,38,8,9,4,4,0.8,0.8
2026-02-21T1400,2515A,111.561,24.4074,贺州市,政协大楼,细颗粒物(PM2.5),62,44,46,44,39,58,,35,35,16,20,6,5,0.7,0.6
2026-02-21T1400,3534A,111.4744,24.455,贺州市,西湾,细颗粒物(PM2.5),57,50,49,40,36,58,,27,27,13,17,7,6,0.9,0.9
2026-02-21T1400,2385A,114.17,35.9019,鹤壁市,市监测站,颗粒物(PM10),116,181,81,51,28,93,,84,84,2,5,3,4,0.4,0.5
2026-02-21T1400,2386A,114.2953,35.7512,鹤壁市,市交警支队,颗粒物(PM10),105,160,83,52,40,88,,50,50,12,15,6,8,0.6,0.6
2026-02-21T1400,2387A,114.2877,35.7302,鹤壁市,迎宾馆,颗粒物(PM10),117,183,91,44,46,89,,52,52,9,11,8,7,0.7,0.7
2026-02-21T1400,3474A,114.2616,35.6824,鹤壁市,大新区,颗粒物(PM10),121,192,97,58,49,87,,54,54,15,18,12,11,0.8,0.8
2026-02-21T1400,3596A,114.1573,35.9607,鹤壁市,南山宾馆,颗粒物(PM10),144,238,115,47,30,94,,85,85,1,2,5,5,0.5,0.5
2026-02-21T1400,2244A,130.2537,47.3416,鹤岗市,哈啤分公司,,35,32,40,24,34,86,,78,74,11,10,21,18,0.5,0.6
2026-02-21T1400,2245A,130.2683,47.3087,鹤岗市,斯达机电,,45,45,51,21,36,87,,80,80,10,13,11,15,0.4,0.4
2026-02-21T1400,2246A,130.3114,47.3388,鹤岗市,东山纸板厂,,30,26,38,21,46,86,,73,73,10,11,16,22,0.5,0.9
2026-02-21T1400,2263A,127.4832,50.2524,黑河市,交通局,,32,32,89,20,56,86,,85,85,8,17,6,10,0.4,0.8
2026-02-21T1400,2264A,127.5146,50.2339,黑河市,环保局,,39,39,83,26,74,81,,80,80,9,11,8,11,0.3,0.7
2026-02-21T1400,1074A,115.6839,37.754,衡水市,电机北厂,颗粒物(PM10),135,220,112,81,48,104,,56,56,24,18,24,8,1.5,0.7
2026-02-21T1400,1075A,115.6303,37.7318,衡水市,市监测站,颗粒物(PM10),128,206,105,54,44,100,,50,50,20,14,20,10,1.4,0.6
2026-02-21T1400,3188A,115.6684,37.7216,衡水市,市城管局,颗粒物(PM10),149,248,111,73,46,104,,52,52,23,14,27,12,1.6,0.7
2026-02-21T1400,3459A,115.599,37.5491,衡水市,地表水厂,颗粒物(PM10),141,232,111,61,46,106,,54,54,12,10,27,12,1.4,0.6
2026-02-21T1400,2457A,112.6209,26.9268,衡阳市,衡阳化工总厂,细颗粒物(PM2.5),62,58,57,44,40,31,,19,19,19,18,16,10,1.6,1.2
2026-02-21T1400,2458A,112.621,26.8957,衡阳市,珠晖区环保局,细颗粒物(PM2.5),69,56,65,50,46,28,,14,14,23,25,14,6,1.8,1.4
2026-02-21T1400,2459A,112.628,26.8654,衡阳市,市委党校,细颗粒物(PM2.5),65,54,56,47,44,34,,22,22,15,15,14,10,1.4,1.1
2026-02-21T1400,2460A,112.6007,26.8977,衡阳市,市监测站,细颗粒物(PM2.5),64,72,83,46,57,27,,15,15,25,26,14,8,1.9,1.7
2026-02-21T1400,2461A,112.5658,26.9013,衡阳市,真空机电公司,细颗粒物(PM2.5),75,71,71,55,54,30,,17,17,24,26,13,10,1.8,1.6
2026-02-21T1400,3399A,112.6703,26.8817,衡阳市,师范学院,,50,48,52,35,38,34,,17,17,9,17,6,4,1.2,1.1
2026-02-21T1400,3038A,103.3757,23.3679,红河哈尼族彝族自治州,州图书馆,,27,15,21,11,20,86,,73,73,2,4,5,3,0.2,0.6
2026-02-21T1400,4154A,103.401,23.3561,红河哈尼族彝族自治州,蒙自市朝阳路,,26,10,17,10,17,81,,67,67,3,4,8,8,0.3,0.5
2026-02-21T1400,1090A,111.6506,40.7517,呼和浩特市,呼市一监,细颗粒物(PM2.5),272,,361,222,143,86,,53,53,5,23,5,10,0.3,0.6
2026-02-21T1400,1094A,111.7516,40.8369,呼和浩特市,如意水处理厂,颗粒物(PM10),500,1378,471,254,105,90,,57,57,2,20,7,12,0.2,0.4
2026-02-21T1400,1095A,111.727798,40.806187,呼和浩特市,二十九中,颗粒物(PM10),500,1572,563,286,128,85,,61,61,1,20,10,15,0.3,0.5
2026-02-21T1400,1097A,111.717,40.7617,呼和浩特市,化肥厂生活区,颗粒物(PM10),500,1452,591,380,140,90,,60,60,2,18,3,8,0.3,0.5
2026-02-21T1400,3699A,111.6519,40.8389,呼和浩特市,海东办,细颗粒物(PM2.5),295,,373,245,123,88,,58,58,2,26,2,11,0.3,0.6
2026-02-21T1400,4275A,111.591512,40.827312,呼和浩特市,成吉思汗西街8号,细颗粒物(PM2.5),371,,324,321,122,84,,62,62,3,19,3,9,0.4,0.5
2026-02-21T1400,4276A,111.6597,40.8077,呼和浩特市,公园东路75号,细颗粒物(PM2.5),309,,359,259,123,81,,57,57,6,25,5,10,0.3,0.6
2026-02-21T1400,4277A,111.5427,40.7846,呼和浩特市,金海路35号,颗粒物(PM10),500,1627,569,234,122,89,,67,67,2,16,4,9,0.3,0.5
2026-02-21T1400,3061A,119.7511,49.1576,呼伦贝尔市,国华电力东,,25,25,27,15,16,76,,68,68,14,16,6,7,0.4,0.5
2026-02-21T1400,4279A,119.7569,49.2222,呼伦贝尔市,伊敏大街东7号,,25,25,27,10,18,68,,55,53,8,14,8,7,0.4,0.3
2026-02-21T1400,1250A,120.075,30.867,湖州市,城西水厂,,31,26,33,17,23,98,,70,70,10,16,5,6,0.2,0.3
2026-02-21T1400,2873A,120.083,30.8929,湖州市,仁皇山新区,,30,26,33,19,22,94,,69,69,8,12,5,5,0.4,0.4
2026-02-21T1400,2907A,120.1846,30.8592,湖州市,吴兴区站,,30,30,36,18,25,84,,66,66,3,7,6,6,0.6,0.6
2026-02-21T1400,3562A,120.4146,30.8538,湖州市,南浔区站,,32,24,32,18,24,100,,78,78,7,11,8,8,0.5,0.5
2026-02-21T1400,1607A,120.904878,40.721091,葫芦岛市,龙港区,细颗粒物(PM2.5),78,74,83,57,73,81,,73,72,10,15,9,10,0.8,0.9
2026-02-21T1400,1608A,120.8382,40.7521,葫芦岛市,化工街,细颗粒物(PM2.5),80,85,102,59,77,74,,62,62,15,22,24,27,0.7,0.8
2026-02-21T1400,1609A,120.8339,40.7078,葫芦岛市,新区,细颗粒物(PM2.5),87,80,81,64,78,80,,71,70,16,20,9,12,0.9,0.9
2026-02-21T1400,1610A,120.8697,40.7679,葫芦岛市,东城区,细颗粒物(PM2.5),99,76,90,74,83,81,,68,68,17,25,12,16,0.9,1.4
2026-02-21T1400,2483A,109.9297,27.5383,怀化市,河西地税局,,38,38,45,24,34,67,,25,25,8,10,1,2,/,/
2026-02-21T1400,2484A,109.9783,27.5342,怀化市,市四医院,,,52,50,22,34,,,17,17,8,17,,7,0.5,0.6
2026-02-21T1400,2485A,109.9971,27.5579,怀化市,监测楼,,48,48,57,31,42,64,,18,18,12,17,4,3,0.2,0.3
2026-02-21T1400,1210A,119.0566,33.5991,淮安市,钵池山,,39,39,46,21,29,96,,66,66,6,11,10,12,0.4,0.5
2026-02-21T1400,1211A,119.0083,33.578,淮安市,北京南路,,44,44,52,21,29,86,,60,60,7,10,11,10,0.7,0.6
2026-02-21T1400,1212A,118.9938,33.6083,淮安市,市监测站,,32,31,45,22,32,96,,66,66,5,12,10,14,0.6,1.2
2026-02-21T1400,1213A,119.135,33.5038,淮安市,楚州区监测站,,37,37,47,24,31,93,,68,68,5,9,7,7,0.6,0.6
2026-02-21T1400,3426A,118.8757,33.2897,淮安市,新华书店,,33,33,49,22,35,86,,61,61,8,11,6,7,0.5,0.6
2026-02-21T1400,4092A,119.119691,33.550006,淮安市,枚皋中路89号,,42,42,55,26,35,92,,65,65,4,11,12,12,0.5,0.6
2026-02-21T1400,4206A,119.028838,33.631911,淮安市,承德北路606号,,39,39,51,20,28,91,,65,65,5,9,9,11,0.5,0.6
2026-02-21T1400,2282A,116.8005,33.9749,淮北市,监测站,颗粒物(PM10),56,62,65,35,40,111,,74,74,10,13,6,6,0.6,0.6
2026-02-21T1400,2283A,116.8094,33.9008,淮北市,烈山区政府,颗粒物(PM10),54,58,70,26,39,103,,66,66,7,11,7,6,0.5,0.5
2026-02-21T1400,4017A,116.7926,33.9534,淮北市,市博物馆,颗粒物(PM10),53,55,64,35,40,103,,68,68,10,12,4,5,0.6,0.7
2026-02-21T1400,4100A,116.8322,33.9884,淮北市,杜集区第一实验学校,颗粒物(PM10),55,60,67,32,40,108,,78,78,8,11,7,7,0.7,0.7
2026-02-21T1400,2277A,116.8304,32.7726,淮南市,潘集区政府,,44,44,49,20,31,100,,63,63,7,10,7,7,0.4,0.6
2026-02-21T1400,2279A,116.8569,32.5949,淮南市,谢家集区政府,,30,26,35,13,29,96,,58,58,4,8,7,7,0.4,0.6
2026-02-21T1400,2280A,116.8279,32.6333,淮南市,八公山区政府,,34,34,43,17,31,100,,60,60,4,7,4,5,0.3,0.5
2026-02-21T1400,2894A,117.0561,32.6536,淮南市,经济技术开发区消防队,,39,39,50,16,30,95,,62,62,8,12,6,6,0.4,0.5
2026-02-21T1400,3329A,117.011,32.5891,淮南市,山南新区,,31,31,44,18,30,99,,66,66,10,12,7,7,0.3,0.5
2026-02-21T1400,4209A,117.003137,32.644456,淮南市,国庆中路369号,,30,30,37,18,27,89,,61,61,5,7,10,9,0.4,0.5
2026-02-21T1400,2446A,114.9021,30.474,黄冈市,职工中心,,,40,40,,35,93,,55,55,,14,6,5,0.6,1
2026-02-21T1400,2929A,114.8858,30.4519,黄冈市,红卫路,,31,30,36,21,33,99,,66,66,10,8,5,4,0.6,0.6
2026-02-21T1400,3398A,114.9134,30.4446,黄冈市,市林业局,,39,39,42,27,33,87,,58,58,10,10,5,4,0.5,0.5
2026-02-21T1400,2672A,102.02,35.5101,黄南藏族自治州,同仁县隆务镇,颗粒物(PM10),81,112,37,15,16,88,,68,68,1,4,8,10,0.1,0.3
2026-02-21T1400,2295A,118.2905,29.6965,黄山市,延安路89号,,26,24,26,16,17,83,,41,41,2,4,4,4,0.5,0.5
2026-02-21T1400,2297A,118.1369,30.2755,黄山市,黄山区政府5号楼,,29,27,34,9,20,92,,49,49,2,4,3,2,0.4,0.4
2026-02-21T1400,4210A,118.335445,29.720283,黄山市,滨江东路7-2号,,35,35,40,16,18,87,,41,41,4,6,/,/,/,/
2026-02-21T1400,2423A,115.0547,30.2332,黄石市,沈家营,颗粒物(PM10),52,53,49,28,30,96,,73,73,9,10,31,22,1.0,1.3
2026-02-21T1400,2426A,114.899,30.211,黄石市,铁山,,42,42,44,28,33,86,,55,55,13,10,9,9,1.2,1.3
2026-02-21T1400,2427A,115.0259,30.2108,黄石市,团城山,,39,39,51,25,34,69,,40,40,22,20,6,8,1.3,1.4
2026-02-21T1400,3149A,115.0174,30.1591,黄石市,笔架山北路,细颗粒物(PM2.5),54,52,54,38,33,76,,45,45,10,13,14,11,1.1,1.1
2026-02-21T1400,4185A,115.078022,30.21118,黄石市,磁湖东路29号,细颗粒物(PM2.5),62,54,47,44,36,71,,43,43,20,17,13,10,2.0,1.7
2026-02-21T1400,1392A,114.4181,23.0528,惠州市,河南岸金山湖子站,,34,28,46,21,36,108,,88,88,5,7,6,6,0.7,0.7
2026-02-21T1400,1393A,114.4055,23.0824,惠州市,下埔横江三路子站,,37,30,51,20,37,118,,100,100,7,10,7,7,0.7,0.7
2026-02-21T1400,1395A,114.4645,22.7832,惠州市,惠阳区承修路船湖子站,,37,32,49,23,36,117,,95,95,8,12,6,7,0.6,0.7
2026-02-21T1400,1396A,114.5316,22.7423,惠州市,大亚湾管委会子站,,37,33,48,25,36,117,,88,88,6,11,7,7,0.6,0.7
2026-02-21T1400,3314A,114.4334,22.8134,惠州市,惠阳秋长,,42,41,46,21,35,132,,101,101,8,12,/,/,/,/
2026-02-21T1400,3452A,114.6521,22.7755,惠州市,大亚湾霞涌,,40,30,42,22,29,125,,103,103,8,11,/,/,/,/
2026-02-21T1400,4300A,114.4089,23.1147,惠州市,文华一路1号,,38,28,45,22,37,120,,99,99,7,9,/,/,/,/
2026-02-21T1400,2240A,130.9618,45.2926,鸡西市,环保局,颗粒物(PM10),83,115,114,47,70,91,,46,46,15,29,23,20,0.6,0.9
2026-02-21T1400,2243A,130.9294,45.2959,鸡西市,第一中学,颗粒物(PM10),72,93,106,50,78,88,,46,46,16,27,21,15,0.6,0.8
2026-02-21T1400,3707A,131.0069,45.2988,鸡西市,欧美日汽修厂,颗粒物(PM10),59,67,111,41,64,95,,52,52,9,22,11,21,0.5,0.9
2026-02-21T1400,2367A,114.9753,27.0803,吉安市,红声器材厂,,33,33,33,23,19,43,,24,24,12,12,6,6,0.7,0.7
2026-02-21T1400,2369A,114.9903,27.1313,吉安市,市环境监测站,,36,26,30,25,22,51,,29,29,11,9,8,8,/,/
2026-02-21T1400,2370A,115.009527,27.096792,吉安市,青原区法院,,32,25,32,22,22,58,,28,28,9,12,9,8,0.7,0.8
2026-02-21T1400,1772A,126.54,43.8622,吉林市,哈达湾,细颗粒物(PM2.5),74,78,66,54,47,116,,111,111,10,10,8,9,0.9,0.8
2026-02-21T1400,1773A,126.5843,43.8358,吉林市,东局子,细颗粒物(PM2.5),70,74,64,51,45,110,,107,107,9,8,7,7,0.6,0.6
2026-02-21T1400,1774A,126.5051,43.8243,吉林市,电力学院,细颗粒物(PM2.5),75,76,69,55,48,116,,110,110,9,10,7,8,0.7,0.6
2026-02-21T1400,1775A,126.6133,43.8971,吉林市,江北,细颗粒物(PM2.5),80,80,68,59,48,115,,112,112,10,9,10,9,0.7,0.6
2026-02-21T1400,1776A,126.5549,43.8304,吉林市,江南公园,细颗粒物(PM2.5),77,82,68,56,50,105,,100,100,7,8,8,10,0.7,0.7
2026-02-21T1400,2868A,126.4737,43.953,吉林市,九站,细颗粒物(PM2.5),74,78,67,54,47,112,,107,107,9,9,10,9,0.6,0.6
2026-02-21T1400,1299A,116.9866,36.6118,济南市,科干所,颗粒物(PM10),92,134,82,39,34,99,,80,80,9,9,9,8,0.6,0.6
2026-02-21T1400,1300A,116.9379,36.6652,济南市,农科所,颗粒物(PM10),91,132,84,43,42,94,,74,74,10,10,8,8,0.7,0.7
2026-02-21T1400,1301A,117.1265,36.6736,济南市,开发区,颗粒物(PM10),111,171,87,36,35,105,,89,89,14,9,6,6,0.5,0.5
2026-02-21T1400,1303A,117.0616,36.6865,济南市,省种子仓库,颗粒物(PM10),103,156,90,34,34,101,,82,82,10,9,7,6,0.7,0.7
2026-02-21T1400,1304A,116.9495185,36.644937,济南市,机床二厂,颗粒物(PM10),85,120,82,36,38,96,,77,77,8,8,9,9,0.5,0.5
2026-02-21T1400,1305A,117.0496,36.6629,济南市,市监测站,颗粒物(PM10),106,161,87,59,37,103,,85,85,11,13,6,5,0.5,0.7
2026-02-21T1400,1306A,116.7674,36.5458,济南市,长清党校,颗粒物(PM10),81,112,88,38,38,96,,76,76,17,16,10,6,0.7,0.7
2026-02-21T1400,1961A,117.5323,36.6865,济南市,东山小学,,,117,90,41,37,100,,78,78,14,14,6,6,,0.4
2026-02-21T1400,3059A,117.7181,36.205,济南市,泰兴公司,颗粒物(PM10),75,100,79,41,49,108,,62,62,10,19,16,14,0.6,0.6
2026-02-21T1400,3064A,117.6861,36.2172,济南市,莱芜战役纪念馆,颗粒物(PM10),71,92,74,41,42,102,,64,64,9,12,12,11,0.7,0.7
2026-02-21T1400,3494A,117.1673,36.9782,济南市,济阳区政府,颗粒物(PM10),113,176,90,40,40,90,,71,71,9,9,11,11,0.4,0.3
2026-02-21T1400,3495A,117.1168,36.6299,济南市,锦屏中学,颗粒物(PM10),118,186,91,35,35,100,,83,83,10,10,7,7,0.5,0.6
2026-02-21T1400,4108A,117.7107,36.2385,济南市,山财大街5号,颗粒物(PM10),76,102,75,43,44,107,,74,74,12,18,16,15,0.8,0.8
2026-02-21T1400,4109A,116.9744,36.6889,济南市,无影山路12号,颗粒物(PM10),92,134,80,35,38,93,,73,73,11,11,7,7,0.6,0.6
2026-02-21T1400,1653A,116.6229,35.4288,济宁市,火炬城,颗粒物(PM10),60,70,65,37,40,98,,63,63,8,9,7,6,0.6,0.6
2026-02-21T1400,3500A,116.5808,35.3703,济宁市,北湖一中,,,68,62,32,37,95,,65,65,6,7,14,10,,0.7
2026-02-21T1400,3501A,116.8251,35.5592,济宁市,服务中心,细颗粒物(PM2.5),68,64,76,49,46,92,,64,64,9,11,6,5,0.4,0.5
2026-02-21T1400,3678A,116.5907,35.4054,济宁市,市第七中学,颗粒物(PM10),62,74,67,38,42,110,,73,73,7,9,9,7,0.6,0.6
2026-02-21T1400,4111A,116.6075,35.4566,济宁市,任和路,颗粒物(PM10),58,66,67,35,40,108,,72,72,8,9,8,6,0.9,0.8
2026-02-21T1400,4112A,116.5648,35.3921,济宁市,文体南路1号,颗粒物(PM10),60,69,72,32,39,110,,73,73,5,6,8,6,0.6,0.5
2026-02-21T1400,2255A,130.2749,46.8028,佳木斯市,佳纺,,38,38,46,18,38,79,,64,64,8,15,7,8,0.5,0.6
2026-02-21T1400,2257A,130.3258,46.7975,佳木斯市,环保局,,44,44,51,20,38,63,,50,50,20,24,10,9,0.7,0.9
2026-02-21T1400,4285A,130.363,46.806,佳木斯市,顺和街,,35,35,36,24,31,74,,68,68,13,17,10,10,0.4,0.5
2026-02-21T1400,4286A,130.3952,46.8268,佳木斯市,长安路196号,,36,29,33,25,26,78,,65,65,7,10,7,7,0.4,0.4
2026-02-21T1400,1252A,120.7439,30.778,嘉兴市,清河小学,,30,28,40,13,20,96,,74,74,6,12,6,6,0.4,0.4
2026-02-21T1400,1253A,120.7261,30.7477,嘉兴市,嘉兴学院,,31,27,35,15,21,99,,75,75,6,11,5,6,0.5,0.5
2026-02-21T1400,2872A,120.7845,30.7524,嘉兴市,南湖区残联,,31,26,37,15,22,99,,78,78,8,11,4,5,0.4,0.4
2026-02-21T1400,3407A,120.6915,30.7741,嘉兴市,秀洲住建,,33,26,38,14,20,104,,78,78,8,13,7,8,0.5,0.5
2026-02-21T1400,1945A,98.291,39.7705,嘉峪关市,气象局,颗粒物(PM10),500,776,427,135,92,79,,85,77,7,4,44,10,0.6,0.4
2026-02-21T1400,2884A,98.2672,39.7978,嘉峪关市,酒钢宾馆,细颗粒物(PM2.5),216,,394,166,80,87,,91,82,2,4,22,19,0.4,0.6
2026-02-21T1400,3248A,98.2644,39.7723,嘉峪关市,雄关区,颗粒物(PM10),500,744,326,159,95,81,,79,76,9,9,12,11,0.6,0.5
2026-02-21T1400,1383A,113.1063,22.6058,江门市,北街,,41,41,44,20,41,113,,93,93,4,8,/,/,/,/
2026-02-21T1400,1384A,113.073,22.5835,江门市,西区,,,33,50,18,41,112,,96,96,,13,/,/,/,/
2026-02-21T1400,1385A,113.0218,22.531,江门市,圭峰西,,33,33,41,17,37,105,,92,92,6,9,/,/,/,/
2026-02-21T1400,1386A,113.0826,22.5947,江门市,东湖,,35,27,50,18,42,112,,91,91,6,10,7,7,0.5,0.6
2026-02-21T1400,3311A,113.1077,22.5647,江门市,江海富民,,49,49,55,20,42,119,,99,99,11,15,/,/,0.5,0.6
2026-02-21T1400,3449A,113.0496,22.4669,江门市,新会银湖,,38,38,45,14,38,109,,78,78,7,13,7,7,0.5,0.6
2026-02-21T1400,3335A,113.3137,35.2643,焦作市,马村街道办,颗粒物(PM10),106,162,79,25,31,88,,58,58,5,16,7,13,0.3,0.5
2026-02-21T1400,3336A,113.2464,35.2374,焦作市,焦作技师学院,,,211,79,,34,84,,53,53,8,25,6,13,0.2,0.7
2026-02-21T1400,3477A,113.1656,35.2536,焦作市,中站许衡医院,颗粒物(PM10),127,204,73,37,24,96,,76,76,7,12,9,12,0.5,0.6
2026-02-21T1400,3981A,113.2456,35.18,焦作市,原李万街道办,颗粒物(PM10),133,216,72,37,37,90,,67,67,4,15,12,19,0.3,0.6
2026-02-21T1400,4264A,113.234,35.219,焦作市,新安路1731号,颗粒物(PM10),122,193,80,34,36,93,,65,65,7,21,7,14,0.5,0.9
2026-02-21T1400,4295A,113.2722,35.2121,焦作市,人民路3066号,颗粒物(PM10),127,203,79,36,37,94,,71,71,6,24,6,11,0.5,0.7
2026-02-21T1400,1708A,116.3701,23.5345,揭阳市,新兴,细颗粒物(PM2.5),55,46,58,39,45,109,,80,80,10,15,7,8,0.8,0.8
2026-02-21T1400,1709A,116.3261,23.5442,揭阳市,西马,,50,48,62,35,44,112,,82,82,6,10,6,6,0.8,0.8
2026-02-21T1400,1710A,116.361,23.5627,揭阳市,东兴,颗粒物(PM10),56,62,54,34,42,110,,81,81,8,11,4,4,/,/
2026-02-21T1400,1711A,116.4151,23.5295,揭阳市,渔湖,颗粒物(PM10),59,68,58,37,44,127,,87,87,8,13,4,5,/,/
2026-02-21T1400,3320A,116.4028,23.5699,揭阳市,曲溪,,46,43,56,32,41,131,,89,89,8,12,4,3,0.9,0.8
2026-02-21T1400,1944A,102.1691,38.5166,金昌市,天庆家园,颗粒物(PM10),442,542,611,117,138,92,,,,3,6,4,14,0.5,0.5
2026-02-21T1400,4022A,102.1648,38.5369,金昌市,金川区人防中心,颗粒物(PM10),500,611,602,112,136,89,,84,82,2,4,5,13,0.3,0.3
2026-02-21T1400,4239A,102.193042,38.531887,金昌市,长春路96号,颗粒物(PM10),499,599,549,101,124,82,,80,74,5,7,6,11,0.3,0.4
2026-02-21T1400,1262A,119.6478,29.0773,金华市,十五中,,32,17,27,9,20,100,,63,63,2,6,3,3,0.5,0.7
2026-02-21T1400,1263A,119.6859,29.1032,金华市,监测站,,25,16,29,7,19,78,,45,45,5,10,2,2,0.5,0.6
2026-02-21T1400,3659A,119.656,29.1132,金华市,气象局,,27,18,33,10,23,85,,48,48,6,14,2,2,0.6,0.7
2026-02-21T1400,1767A,121.1114,41.0879,锦州市,南山,,,80,87,67,73,90,,77,,13,18,,20,0.8,1
2026-02-21T1400,1768A,121.060361,40.842794,锦州市,开发区,细颗粒物(PM2.5),93,78,90,69,73,84,,73,73,14,21,7,9,0.9,0.9
2026-02-21T1400,1769A,121.1836,41.1118,锦州市,百股街道,细颗粒物(PM2.5),95,89,87,71,79,91,,79,79,18,21,8,12,1.0,1.1
2026-02-21T1400,1770A,121.1176,41.1224,锦州市,天安街道,细颗粒物(PM2.5),94,80,93,70,77,88,,77,75,16,20,8,15,1.2,1.2
2026-02-21T1400,1771A,121.1303,41.1385,锦州市,北湖公园,细颗粒物(PM2.5),93,79,88,69,74,91,,79,78,15,19,9,16,0.8,0.9
2026-02-21T1400,2160A,112.8496,35.5051,晋城市,自来水公司,颗粒物(PM10),148,245,115,33,41,77,,44,44,9,22,4,14,0.4,0.9
2026-02-21T1400,2162A,112.8509,35.4886,晋城市,市环保局,颗粒物(PM10),125,199,109,46,56,93,,52,52,7,26,4,12,0.2,0.7
2026-02-21T1400,3620A,112.8258,35.4804,晋城市,泽州一中,颗粒物(PM10),132,214,100,42,38,90,,52,52,4,14,3,8,0.5,0.9
2026-02-21T1400,4078A,112.8246,35.5152,晋城市,前书院路,颗粒物(PM10),157,264,103,27,29,76,,48,48,8,16,7,12,0.2,0.7
2026-02-21T1400,4079A,112.8864,35.4773,晋城市,祥云街666号,颗粒物(PM10),151,251,101,47,41,88,,57,57,6,13,6,17,0.2,0.7
2026-02-21T1400,2174A,112.6992,37.6984,晋中市,榆次区政府,颗粒物(PM10),447,547,228,89,82,91,,50,50,5,22,7,29,0.2,0.8
2026-02-21T1400,2865A,112.7195,37.683,晋中市,榆次三中,颗粒物(PM10),500,691,251,61,64,95,,55,55,2,17,7,29,0.1,0.7
2026-02-21T1400,4080A,112.7375,37.7215,晋中市,广安街188号,颗粒物(PM10),477,577,219,75,68,96,,60,60,3,17,8,29,0.0,0.7
2026-02-21T1400,4200A,112.7478,37.6954,晋中市,迎宾街26号,颗粒物(PM10),500,654,254,100,86,90,,54,54,6,18,8,34,0.3,0.8
2026-02-21T1400,2439A,112.2012,31.048,荆门市,竹园小学,颗粒物(PM10),52,54,56,32,42,83,,50,50,12,13,1,2,1.6,1.5
2026-02-21T1400,2440A,112.1968,30.9892,荆门市,掇刀,细颗粒物(PM2.5),59,58,58,42,45,88,,50,50,7,10,1,5,0.8,0.8
2026-02-21T1400,3012A,112.1849,31.0361,荆门市,西山林语,细颗粒物(PM2.5),52,50,52,36,40,84,,48,48,8,10,3,3,0.7,0.8
2026-02-21T1400,3547A,112.1631,31.0134,荆门市,龙泉中学南校,,,,,,,,,,,,,,,,
2026-02-21T1400,4124A,112.2213,31.0654,荆门市,新台西路6号,细颗粒物(PM2.5),59,52,61,42,47,88,,47,47,9,13,11,10,0.7,0.8
2026-02-21T1400,1844A,112.2493,30.3198,荆州市,市图书馆,,48,,43,33,34,85,,60,60,7,10,7,6,0.8,0.9
2026-02-21T1400,1845A,112.2009,30.3543,荆州市,市委党校,,48,38,47,33,36,72,,49,49,16,18,6,6,0.6,0.7
2026-02-21T1400,3194A,112.2749,30.3124,荆州市,管委会,,49,44,45,34,34,79,,56,56,9,12,9,8,0.8,0.8
2026-02-21T1400,4268A,112.1722,30.3366,荆州市,学苑路85号,,43,,43,30,37,88,,58,58,7,10,3,1,0.3,0.4
2026-02-21T1400,2343A,117.2114,29.2931,景德镇市,老干部活动中心,,50,,40,35,35,85,,37,37,22,11,16,6,1.0,0.9
2026-02-21T1400,2344A,117.1893,29.2789,景德镇市,兽医站,,39,39,47,19,32,88,,38,38,18,15,4,4,0.7,0.7
2026-02-21T1400,2346A,117.246,29.2958,景德镇市,陶研所,,32,23,33,22,29,89,,36,36,10,9,5,4,0.7,0.7
2026-02-21T1400,4289A,117.154766,29.256967,景德镇市,青少年活动中心,,28,28,47,11,36,86,,37,37,6,13,6,5,/,/
2026-02-21T1400,1803A,115.9873,29.6816,九江市,十里,,23,22,38,16,33,68,,45,45,11,13,7,6,1.0,1
2026-02-21T1400,1804A,115.9583,29.7047,九江市,茅山头,,30,,39,21,35,83,,51,51,9,16,7,5,0.7,0.7
2026-02-21T1400,1805A,115.9877,29.7295,九江市,西园,,34,34,41,23,29,70,,51,51,17,19,5,3,0.6,0.7
2026-02-21T1400,1808A,115.9112,29.6038,九江市,综合工业园,,25,,32,12,24,79,,54,54,16,18,6,5,0.6,0.7
2026-02-21T1400,3190A,116.0254,29.6995,九江市,外国语学校,,20,17,33,14,32,58,,42,42,8,11,6,6,0.8,0.9
2026-02-21T1400,4253A,116.010205,29.659402,九江市,莲花大道8号,,35,,34,24,27,64,,38,38,10,10,4,3,0.6,0.6
2026-02-21T1400,4240A,98.495752,39.733935,酒泉市,玉门东路5号,颗粒物(PM10),449,549,542,96,114,79,,72,68,1,3,9,10,0.2,0.3
2026-02-21T1400,4241A,98.5099,39.7506,酒泉市,北大街108号,颗粒物(PM10),417,517,593,92,130,78,,70,66,2,4,9,11,0.4,0.4
2026-02-21T1400,2698A,76.0071,39.466,喀什地区,巡警大队,颗粒物(PM10),146,241,198,85,81,92,,60,37,16,23,9,8,0.7,1
2026-02-21T1400,2699A,75.9756,39.4693,喀什地区,吾办,颗粒物(PM10),143,236,222,89,97,92,,41,35,17,35,10,7,0.7,1.1
2026-02-21T1400,4027A,75.9485,39.4688,喀什地区,老干局,颗粒物(PM10),151,252,202,74,64,95,,58,42,12,20,7,6,0.6,0.9
2026-02-21T1400,1824A,114.3389,34.778,开封市,肿瘤医院,颗粒物(PM10),63,76,66,36,51,113,,73,73,13,14,9,9,0.7,0.6
2026-02-21T1400,1826A,114.2884,34.7966,开封市,世纪星幼儿园,颗粒物(PM10),64,77,65,28,51,107,,69,69,12,13,9,9,0.5,0.7
2026-02-21T1400,3147A,114.3434,34.8101,开封市,龙亭公园,颗粒物(PM10),65,79,65,31,44,109,,70,70,17,17,11,11,0.7,0.7
2026-02-21T1400,3210A,114.3645,34.7955,开封市,汴京公园,颗粒物(PM10),61,71,68,22,43,107,,67,67,14,15,8,7,0.4,0.5
2026-02-21T1400,3473A,114.2485,34.8306,开封市,技师学院,颗粒物(PM10),67,84,64,35,40,85,,57,57,11,12,10,9,0.4,0.6
2026-02-21T1400,3592A,114.4518,34.7503,开封市,祥符区生态环境局,颗粒物(PM10),61,72,65,36,46,106,,68,68,9,11,8,7,0.6,0.6
2026-02-21T1400,1951A,84.886,45.6029,克拉玛依市,长征新村,,26,24,65,8,34,83,,83,83,2,7,6,6,0.4,0.6
2026-02-21T1400,1952A,84.8894,45.5827,克拉玛依市,南林小区,,30,30,71,3,32,87,,88,88,2,5,4,3,0.5,0.7
2026-02-21T1400,1954A,84.896,44.3328,克拉玛依市,独山子区,,,,51,73,24,62,,85,74,18,9,4,5,0.9,0.7
2026-02-21T1400,1955A,85.6888,46.0909,克拉玛依市,乌尔禾区商贸楼,,27,27,88,3,25,79,,77,73,6,9,6,8,0.5,0.6
2026-02-21T1400,3612A,85.1045,45.6895,克拉玛依市,白碱滩区新站,,27,27,71,3,40,80,,85,84,13,12,8,11,0.2,0.3
2026-02-21T1400,2697A,76.1457,39.7143,克孜勒苏柯尔克孜自治州,市人民政府,颗粒物(PM10),138,225,212,72,84,85,,70,70,12,11,6,4,0.5,0.4
2026-02-21T1400,3665A,76.1654,39.7157,克孜勒苏柯尔克孜自治州,克州文化中心,颗粒物(PM10),150,250,214,105,74,119,,79,79,9,11,9,7,0.6,0.6
2026-02-21T1400,1450A,102.8203,24.889,昆明市,呈贡新区,,34,31,26,9,14,107,,91,91,3,5,9,7,0.4,0.5
2026-02-21T1400,1452A,102.7253,25.0904,昆明市,龙泉镇,,,,22,,16,96,,82,82,2,5,3,5,,0.3
2026-02-21T1400,1453A,102.7267,25.0378,昆明市,东风东路,,32,21,18,7,13,100,,85,85,5,7,6,8,0.4,0.4
2026-02-21T1400,1454A,102.6744,25.0671,昆明市,金鼎山,,31,15,22,3,12,98,,85,85,3,3,3,5,0.4,0.5
2026-02-21T1400,1455A,102.6643,25.0401,昆明市,碧鸡广场,,32,15,15,8,13,102,,88,88,4,6,4,6,0.3,0.4
2026-02-21T1400,3179A,102.7491,25.012,昆明市,官渡区博物馆,,31,23,20,3,12,97,,83,83,6,7,2,4,0.1,0.3
2026-02-21T1400,3375A,102.8016,24.8336,昆明市,青年创业园,,,18,20,,16,99,,86,86,1,4,6,6,0.4,0.5
2026-02-21T1400,3550A,102.8,24.9787,昆明市,昆明学院,,32,19,17,3,11,102,,88,88,3,4,4,5,0.3,0.4
2026-02-21T1400,3551A,102.5969,24.6738,昆明市,晋宁区生态环境分局,,30,13,19,3,12,94,,89,88,2,2,2,2,0.2,0.3
2026-02-21T1400,3552A,102.6673,24.9861,昆明市,云天化总部,,32,16,15,3,11,102,,88,88,5,6,7,8,0.3,0.4
2026-02-21T1400,1456A,91.132,29.6515,拉萨市,八廓街,,38,11,17,3,8,120,,92,92,4,6,7,7,0.4,0.5
2026-02-21T1400,1457A,91.1221,29.6748,拉萨市,市环保局,,37,20,20,3,8,117,,85,85,6,9,7,7,0.4,0.5
2026-02-21T1400,1458A,91.0874,29.6476,拉萨市,区监测站,,36,9,13,6,8,115,,90,90,6,7,4,4,0.5,0.5
2026-02-21T1400,1459A,91.1774,29.6541,拉萨市,西藏大学,,38,11,16,7,7,119,,88,88,7,8,3,4,0.3,0.5
2026-02-21T1400,1460A,90.9798,29.6586,拉萨市,区辐射站,,35,15,17,10,9,112,,83,79,7,8,4,3,0.3,0.3
2026-02-21T1400,1461A,91.0831,29.6292,拉萨市,拉萨火车站,,35,10,13,6,7,111,,77,76,5,11,4,4,0.4,0.4
2026-02-21T1400,2520A,109.2203,23.7252,来宾市,来宾技工学校,颗粒物(PM10),61,72,84,32,67,76,,41,41,5,18,10,10,0.5,0.8
2026-02-21T1400,3535A,109.1781,23.7293,来宾市,兴宾区政府,颗粒物(PM10),75,100,94,26,71,89,,47,47,4,13,8,9,0.7,0.9
2026-02-21T1400,4002A,109.2312,23.7428,来宾市,中南小学,颗粒物(PM10),57,63,105,36,90,72,,38,38,6,22,6,7,0.6,1
2026-02-21T1400,1479A,103.8309,36.0467,兰州市,铁路设计院,,,,,,,,,,,,,,,,
2026-02-21T1400,3241A,103.7439,36.0841,兰州市,百合公园,颗粒物(PM10),170,289,100,87,42,74,,32,32,17,39,12,12,0.9,0.8
2026-02-21T1400,3242A,103.9613,35.9985,兰州市,和平,颗粒物(PM10),181,312,90,88,36,85,,63,60,8,11,14,13,0.9,0.8
2026-02-21T1400,4236A,103.629272,36.093822,兰州市,庄浪东路808号,颗粒物(PM10),177,303,124,96,48,82,,49,49,19,26,22,22,0.7,0.7
2026-02-21T1400,4237A,103.7251,36.104344,兰州市,安宁西路88号,颗粒物(PM10),210,357,117,93,37,84,,40,40,17,27,15,15,0.8,0.6
2026-02-21T1400,4238A,103.846982,36.067567,兰州市,北滨河东路1号,颗粒物(PM10),273,401,108,121,43,82,,36,36,18,41,11,15,0.7,1.2
2026-02-21T1400,1067A,116.6712,39.5109,廊坊市,药材公司,细颗粒物(PM2.5),134,166,140,102,95,124,,68,68,18,36,12,11,1.0,1
2026-02-21T1400,1068A,116.7215,39.5592,廊坊市,开发区,细颗粒物(PM2.5),132,197,140,100,86,131,,74,74,22,30,12,9,1.0,0.9
2026-02-21T1400,1070A,116.7246,39.5273,廊坊市,北华航天学院,细颗粒物(PM2.5),142,175,140,108,96,129,,67,67,17,34,14,13,0.9,1
2026-02-21T1400,2919A,116.7022,39.5454,廊坊市,河北工业大学,细颗粒物(PM2.5),129,196,149,98,90,125,,71,71,16,27,12,11,1.0,1
2026-02-21T1400,2536A,103.7629,29.5844,乐山市,牛耳桥,细颗粒物(PM2.5),68,57,70,49,49,108,,45,45,12,26,8,6,0.8,0.8
2026-02-21T1400,2537A,103.7501,29.6002,乐山市,市第三水厂,细颗粒物(PM2.5),63,61,65,45,48,110,,48,48,12,26,6,4,0.8,0.9
2026-02-21T1400,2538A,103.7571,29.5664,乐山市,市监测站,细颗粒物(PM2.5),64,64,65,46,51,102,,42,42,11,23,7,7,0.7,1
2026-02-21T1400,3361A,103.7313,29.563,乐山市,理工大学,细颗粒物(PM2.5),67,68,62,48,48,104,,42,42,9,17,7,5,0.8,0.9
2026-02-21T1400,2599A,100.2497,26.8802,丽江市,丽江古城,,34,34,31,11,16,101,,92,92,8,10,6,6,0.6,0.5
2026-02-21T1400,2600A,100.2203,26.8906,丽江市,市中心,,36,20,23,13,17,113,,102,102,9,9,6,5,0.5,0.5
2026-02-21T1400,1267A,119.9141,28.4513,丽水市,监测站大楼,,27,27,24,12,14,85,,47,47,5,10,4,4,0.3,0.3
2026-02-21T1400,1268A,119.93,28.4589,丽水市,莲都小学,,27,18,19,11,11,86,,48,48,4,9,/,/,/,/
2026-02-21T1400,1269A,119.8794,28.4232,丽水市,余庄前,,26,13,18,6,10,82,,41,41,4,6,4,4,0.4,0.4
2026-02-21T1400,1173A,119.1759,34.5885,连云港市,市环境监测站,,44,44,54,24,35,94,,66,66,11,14,7,8,0.4,0.4
2026-02-21T1400,3000A,119.3577,34.6971,连云港市,德源药业,颗粒物(PM10),53,56,56,27,31,97,,74,74,10,8,6,6,0.7,0.7
2026-02-21T1400,3007A,119.178,34.8442,连云港市,新城一中,颗粒物(PM10),53,56,66,32,41,102,,71,71,11,18,8,9,0.7,0.7
2026-02-21T1400,3008A,119.3607,34.7519,连云港市,胡沟管理处,,48,48,47,19,26,99,,82,82,10,9,11,11,0.8,0.8
2026-02-21T1400,3009A,119.1478,34.5913,连云港市,矿山设计院,,,51,52,22,28,93,,68,68,12,15,7,7,,0.7
2026-02-21T1400,3434A,119.2414,34.6539,连云港市,工贸学校,,49,47,55,34,38,99,,74,74,13,15,11,11,0.6,0.6
2026-02-21T1400,3664A,119.4171,34.734,连云港市,连云街道,颗粒物(PM10),58,65,60,34,33,101,,84,84,14,12,6,6,0.7,0.7
2026-02-21T1400,2573A,102.2629,27.8981,凉山彝族自治州,西昌市政府,细颗粒物(PM2.5),52,37,30,36,36,117,,72,72,10,8,20,11,1.0,0.6
2026-02-21T1400,2574A,102.2686,27.885,凉山彝族自治州,凉山州政府,,42,35,33,29,30,105,,61,61,10,10,23,12,1.0,0.6
2026-02-21T1400,4229A,102.2342,27.8859,凉山彝族自治州,凯乐南路30号,,38,37,42,26,29,108,,55,55,16,20,22,13,1.1,0.6
2026-02-21T1400,2212A,123.1978,41.2036,辽阳市,宏伟区,,,,72,,57,102,,95,95,8,8,8,7,0.7,1
2026-02-21T1400,2213A,123.1684,41.2497,辽阳市,新华园,细颗粒物(PM2.5),69,77,74,50,56,100,,94,92,10,9,8,8,0.8,0.7
2026-02-21T1400,2214A,123.2355,41.2663,辽阳市,滨河路,细颗粒物(PM2.5),65,70,70,47,55,97,,92,90,6,6,8,12,0.8,0.8
2026-02-21T1400,4083A,123.153,41.2874,辽阳市,铁西路150号,"颗粒物(PM10),细颗粒物(PM2.5)",68,86,71,49,56,86,,84,81,10,9,10,9,0.9,0.8
2026-02-21T1400,2227A,125.1359,42.8845,辽源市,环保局,细颗粒物(PM2.5),60,57,56,43,43,108,,103,103,6,7,5,6,0.6,0.6
2026-02-21T1400,4085A,125.0998,42.9134,辽源市,安宁大街333号,细颗粒物(PM2.5),72,79,73,52,46,107,,98,98,6,9,4,8,0.6,0.6
2026-02-21T1400,1625A,115.9789,36.4372,聊城市,区政府,颗粒物(PM10),72,94,77,50,44,96,,61,61,10,9,19,17,0.9,0.8
2026-02-21T1400,3200A,115.9772,36.4986,聊城市,监控中心,颗粒物(PM10),81,111,89,54,44,100,,65,65,14,13,16,13,0.7,0.6
2026-02-21T1400,3513A,116.0443,36.436,聊城市,九州社区,颗粒物(PM10),78,105,85,55,45,103,,69,69,7,6,7,4,0.7,0.6
2026-02-21T1400,4018A,116.0564,36.4609,聊城市,星美广场,细颗粒物(PM2.5),79,106,85,58,46,92,,59,59,7,7,7,6,0.8,0.7
2026-02-21T1400,4113A,116.0091,36.4495,聊城市,利民路,"颗粒物(PM10),细颗粒物(PM2.5)",72,93,76,52,44,102,,65,65,12,12,13,11,0.7,0.7
2026-02-21T1400,2632A,94.3683,29.6373,林芝市,林芝监测站,,31,6,15,3,15,97,,61,61,1,1,5,4,0.4,0.4
2026-02-21T1400,2633A,94.3616,29.6634,林芝市,林芝人民医院,,30,,18,9,16,93,,61,61,1,1,5,5,0.3,0.3
2026-02-21T1400,2603A,100.0779,23.8981,临沧市,市环保局,,36,36,29,12,21,93,,59,59,2,5,6,6,0.6,0.6
2026-02-21T1400,2604A,100.0894,23.882,临沧市,市气象局,,31,31,33,13,21,91,,59,59,2,6,8,7,0.4,0.5
2026-02-21T1400,1733A,111.5552,36.0791,临汾市,临钢医院,颗粒物(PM10),152,254,112,66,61,94,,51,51,,21,7,8,0.7,1.1
2026-02-21T1400,1734A,111.4984,36.0734,临汾市,技工学校,颗粒物(PM10),169,288,122,74,74,89,,44,44,11,25,6,13,0.1,0.9
2026-02-21T1400,1736A,111.5017,36.0857,临汾市,市委,颗粒物(PM10),160,270,126,49,64,91,,47,47,3,23,5,13,0.3,1.1
2026-02-21T1400,3018A,111.5048,36.1015,临汾市,唐尧大酒店,颗粒物(PM10),160,269,125,58,66,92,,50,50,3,21,6,13,0.5,1.2
2026-02-21T1400,4244A,111.4879,36.053,临汾市,启星学校,颗粒物(PM10),163,275,120,56,72,89,,41,41,4,28,5,13,0.4,1.1
2026-02-21T1400,4271A,103.2464,35.6123,临夏回族自治州,滨河东路1号,颗粒物(PM10),71,91,88,40,42,92,,43,43,8,16,14,11,0.6,1
2026-02-21T1400,4310A,103.207136,35.599807,临夏回族自治州,新华街21号,颗粒物(PM10),73,95,83,44,44,85,,43,43,8,14,13,11,0.6,1
2026-02-21T1400,1618A,118.3429,35.0532,临沂市,沂河小区,细颗粒物(PM2.5),58,63,67,41,40,92,,57,57,9,12,14,13,0.5,0.5
2026-02-21T1400,1619A,118.2962,35.0568,临沂市,鲁南制药厂,细颗粒物(PM2.5),62,68,63,44,41,92,,59,59,20,18,16,15,0.5,0.5
2026-02-21T1400,1620A,118.2793,34.9976,临沂市,新光毛纺厂,细颗粒物(PM2.5),62,56,61,44,49,94,,57,57,11,16,13,12,0.7,0.7
2026-02-21T1400,1621A,118.3955,35.0889,临沂市,河东保险公司,细颗粒物(PM2.5),59,63,64,42,43,100,,65,65,15,16,18,13,0.6,0.5
2026-02-21T1400,3370A,118.3563,35.0215,临沂市,十里堡居委,细颗粒物(PM2.5),59,58,61,42,41,96,,58,58,14,16,12,12,0.8,0.8
2026-02-21T1400,3496A,118.359,35.1067,临沂市,南坊新区,细颗粒物(PM2.5),63,70,66,45,41,104,,68,68,14,14,14,12,0.7,0.6
2026-02-21T1400,3860A,118.3915,35.0297,临沂市,皇山花园小区,"颗粒物(PM10),细颗粒物(PM2.5)",57,63,63,40,44,101,,64,64,14,16,17,15,0.8,0.7
2026-02-21T1400,1870A,109.4854,24.3898,柳州市,柳东小学,细颗粒物(PM2.5),93,,55,69,51,48,,30,30,14,13,5,5,0.9,0.8
2026-02-21T1400,1871A,109.4109,24.3304,柳州市,环保监测站,细颗粒物(PM2.5),107,86,80,80,66,56,,23,23,24,31,6,5,1.2,1.2
2026-02-21T1400,1872A,109.3886,24.3408,柳州市,河西水厂,细颗粒物(PM2.5),112,96,95,84,79,61,,24,24,21,25,9,9,1.0,1.2
2026-02-21T1400,1873A,109.4263,24.2951,柳州市,市四中,细颗粒物(PM2.5),123,105,87,93,78,57,,22,22,25,28,10,7,1.5,1.3
2026-02-21T1400,1874A,109.396,24.3658,柳州市,市九中,,,89,84,74,64,57,,26,26,,22,8,8,0.9,0.9
2026-02-21T1400,1875A,109.4912,24.3164,柳州市,古亭山,细颗粒物(PM2.5),83,78,54,61,49,58,,26,26,15,18,8,6,1.0,0.9
2026-02-21T1400,3402A,109.5422,24.3994,柳州市,市二中,细颗粒物(PM2.5),87,84,60,64,53,49,,28,28,16,16,7,6,0.7,0.6
2026-02-21T1400,2307A,116.5078,31.7369,六安市,监测大楼,,28,21,33,18,24,87,,56,56,7,8,4,4,0.5,0.5
2026-02-21T1400,2308A,116.4738,31.7642,六安市,皖西学院,,32,21,31,16,20,101,,78,78,6,8,4,5,0.3,0.3
2026-02-21T1400,2309A,116.4997,31.7904,六安市,朝阳厂,,29,16,30,15,26,90,,59,59,7,11,5,5,0.4,0.5
2026-02-21T1400,2310A,116.5566,31.7885,六安市,开发区,,32,18,29,17,26,100,,66,66,6,5,5,5,0.5,0.5
2026-02-21T1400,2577A,104.8293,26.592,六盘水市,黄土坡,,30,17,36,3,27,96,,50,50,7,12,9,10,0.3,0.8
2026-02-21T1400,2579A,104.8481,26.5898,六盘水市,民中,,30,20,43,11,36,96,,52,52,5,11,5,7,0.4,0.8
2026-02-21T1400,2580A,104.9541,26.5506,六盘水市,双水,,,,36,12,24,97,,67,67,7,8,7,6,0.6,0.7
2026-02-21T1400,4151A,104.8899,26.5685,六盘水市,钟山大道中段564号,,29,21,43,14,28,92,,56,56,4,9,6,9,0.4,0.8
2026-02-21T1400,2336A,117.022,25.1031,龙岩市,龙岩市监测站,,46,46,21,23,18,95,,58,58,2,6,6,7,0.7,0.7
2026-02-21T1400,2337A,117.0257,25.0662,龙岩市,闽西职业技术学院,,42,42,25,20,20,96,,65,65,2,4,5,5,0.6,0.5
2026-02-21T1400,2338A,117.0195,25.0306,龙岩市,龙岩学院,,38,38,23,20,18,99,,64,64,4,5,4,4,/,/
2026-02-21T1400,2885A,104.9344,33.3827,陇南市,滨江中学,,32,32,66,21,36,82,,50,50,7,25,5,9,0.7,1.2
2026-02-21T1400,3247A,104.9551,33.3709,陇南市,市总工会,,38,38,48,14,27,81,,52,52,7,13,4,5,0.6,0.7
2026-02-21T1400,2488A,111.9984,27.7346,娄底市,市监测站,,39,39,48,27,35,71,,30,30,7,17,4,4,0.6,0.7
2026-02-21T1400,2491A,111.9888,27.7035,娄底市,市政府,,32,28,38,22,27,68,,28,28,10,11,4,2,0.4,0.5
2026-02-21T1400,4127A,111.9812,27.7591,娄底市,涟钢职大,,24,19,48,3,30,75,,28,28,6,16,4,5,0.7,1
2026-02-21T1400,4128A,112.0303,27.7457,娄底市,娄底体校,,39,,40,27,30,59,,23,23,1,4,3,2,0.6,0.6
2026-02-21T1400,1894A,105.4427,28.9063,泸州市,小市上码头,,,73,61,57,45,114,,46,46,8,14,,5,0.7,0.9
2026-02-21T1400,1895A,105.4241,28.8573,泸州市,兰田宪桥,细颗粒物(PM2.5),69,79,72,50,51,108,,52,52,12,13,13,10,0.7,0.5
2026-02-21T1400,1896A,105.4378,28.8833,泸州市,市环监站,细颗粒物(PM2.5),90,76,71,67,54,108,,53,53,12,16,12,10,0.5,0.5
2026-02-21T1400,4272A,105.3689,28.7783,泸州市,纳溪中医医院,细颗粒物(PM2.5),68,69,71,49,50,112,,46,46,9,15,10,7,0.7,0.7
2026-02-21T1400,2183A,111.1447,37.5212,吕梁市,环保局,颗粒物(PM10),374,479,200,92,57,85,,44,44,1,13,2,5,0,0
2026-02-21T1400,2185A,111.1285,37.5338,吕梁市,自来水公司,颗粒物(PM10),385,488,215,70,57,92,,41,41,1,21,1,9,0.2,0.4
2026-02-21T1400,2867A,111.1225,37.5093,吕梁市,马茂庄小学,颗粒物(PM10),414,514,221,93,61,84,,35,35,5,23,4,8,0.1,0.3
2026-02-21T1400,1812A,112.3934,34.6517,洛阳市,市委党校,颗粒物(PM10),96,142,65,41,37,92,,52,52,10,19,7,10,0.5,0.7
2026-02-21T1400,1815A,112.494,34.6883,洛阳市,河南林校,颗粒物(PM10),115,179,78,43,38,98,,52,52,7,25,11,17,0.2,0.6
2026-02-21T1400,1816A,112.3843,34.623,洛阳市,开发区管委会,颗粒物(PM10),148,245,82,38,35,97,,60,60,8,15,11,13,0.4,0.6
2026-02-21T1400,1817A,112.4263,34.6249,洛阳市,市委新办公区,颗粒物(PM10),85,119,74,31,38,102,,63,63,8,15,9,12,0.3,0.5
2026-02-21T1400,3340A,112.6005,34.6323,洛阳市,伊滨,颗粒物(PM10),73,95,71,34,38,105,,66,66,11,15,10,13,0.6,0.7
2026-02-21T1400,3341A,112.495,34.6338,洛阳市,中移产业园,颗粒物(PM10),107,163,68,49,41,98,,65,65,10,15,11,14,0.5,0.8
2026-02-21T1400,3593A,112.5736,34.8993,洛阳市,吉利监测站,颗粒物(PM10),87,123,53,34,23,97,,74,74,8,13,9,10,0.5,0.6
2026-02-21T1400,3635A,112.3678,34.6623,洛阳市,河科大西苑校区,颗粒物(PM10),113,176,78,53,47,99,,51,51,10,23,9,14,0.4,0.8
2026-02-21T1400,3636A,112.4387,34.678,洛阳市,英才小学,颗粒物(PM10),127,203,79,52,44,98,,47,47,11,30,9,17,0.5,0.9
2026-02-21T1400,4214A,112.460027,34.694929,洛阳市,春都路1号院,颗粒物(PM10),140,230,87,48,44,90,,45,45,10,27,8,16,0.4,0.8
2026-02-21T1400,2399A,114.051,33.5721,漯河市,三五一五工厂,颗粒物(PM10),57,63,56,36,41,95,,69,69,8,13,7,6,0.9,0.7
2026-02-21T1400,2400A,114.0055,33.5698,漯河市,漯河大学,细颗粒物(PM2.5),55,53,49,39,38,93,,66,66,9,13,8,6,0.6,0.6
2026-02-21T1400,2401A,114.0134,33.5826,漯河市,市水利局,细颗粒物(PM2.5),55,51,50,39,37,97,,71,71,9,11,8,6,0.7,0.5
2026-02-21T1400,2402A,114.0261,33.5697,漯河市,市广电局,细颗粒物(PM2.5),57,46,46,40,38,88,,64,64,7,10,8,7,0.7,0.6
2026-02-21T1400,3478A,113.9691,33.568,漯河市,市图书馆,颗粒物(PM10),56,61,54,27,33,88,,63,63,9,10,9,8,0.7,0.6
2026-02-21T1400,4250A,114.089259,33.588274,漯河市,韶山路11号,颗粒物(PM10),56,62,56,30,33,97,,73,73,10,13,9,7,0.7,0.6
2026-02-21T1400,1798A,118.5084,31.6838,马鞍山市,湖东路四小,,46,46,56,15,31,101,,67,67,8,20,6,10,0.3,0.8
2026-02-21T1400,1799A,118.5019,31.6449,马鞍山市,开发区,,44,44,57,17,32,102,,67,67,13,23,6,8,0.3,0.8
2026-02-21T1400,3633A,118.4914,31.681,马鞍山市,雨山,,45,45,61,18,33,103,,69,69,6,21,3,6,0.5,1
2026-02-21T1400,4191A,118.527362,31.722269,马鞍山市,慈湖高新区,,33,33,51,15,32,102,,67,67,8,21,7,9,0.3,0.8
2026-02-21T1400,1686A,111.0285,21.469,茂名市,电白南海,,34,34,52,17,35,92,,78,78,8,10,5,6,0.8,0.8
2026-02-21T1400,1687A,110.9294,21.6533,茂名市,茂石化七小,,36,36,56,20,43,97,,80,80,10,14,6,8,0.7,0.8
2026-02-21T1400,1688A,110.9108,21.6688,茂名市,健康路,,34,27,46,20,39,108,,92,92,8,10,4,6,0.7,0.8
2026-02-21T1400,1689A,110.8592,21.6826,茂名市,高岭,,41,41,58,18,39,99,,84,84,9,14,2,4,/,/
2026-02-21T1400,3450A,111.0101,21.5165,茂名市,电白水东,,31,29,45,15,35,99,,86,86,12,13,3,4,/,/
2026-02-21T1400,2540A,103.8414,30.0871,眉山市,气象局,细颗粒物(PM2.5),62,49,64,44,52,126,,57,57,10,18,6,5,0.4,0.5
2026-02-21T1400,3148A,103.829,30.0563,眉山市,区人社局,细颗粒物(PM2.5),62,66,71,44,51,113,,49,49,14,33,9,12,0.5,0.9
2026-02-21T1400,4148A,103.8836,30.0695,眉山市,眉职院,颗粒物(PM10),55,59,74,37,50,118,,54,54,8,16,6,5,0.6,0.7
2026-02-21T1400,1690A,116.1248,24.3307,梅州市,梅江月梅,,38,38,34,23,30,99,,64,64,9,10,/,/,/,/
2026-02-21T1400,1691A,116.0798,24.2719,梅州市,梅县新城,,,,42,,33,100,,61,61,8,13,,8,0.8,0.8
2026-02-21T1400,3315A,116.1234,24.2994,梅州市,梅龙,,39,36,39,27,35,95,,62,62,6,11,8,8,0.8,0.6
2026-02-21T1400,1878A,104.7775,31.4741,绵阳市,富乐山,细颗粒物(PM2.5),59,58,64,42,51,123,,75,75,7,11,10,9,0.7,0.8
2026-02-21T1400,1880A,104.6698,31.4668,绵阳市,高新区自来水公司,细颗粒物(PM2.5),54,56,68,38,50,119,,73,73,8,21,9,8,0.8,0.8
2026-02-21T1400,3491A,104.6899,31.5324,绵阳市,西科大附属小学,细颗粒物(PM2.5),69,61,71,50,53,130,,74,74,10,15,9,8,0.6,0.7
2026-02-21T1400,3492A,104.5647,31.5343,绵阳市,安州区旅游局,细颗粒物(PM2.5),58,42,62,41,51,126,,62,62,11,26,8,7,0.6,0.8
2026-02-21T1400,4146A,104.7092,31.4972,绵阳市,科技城新区公安局,细颗粒物(PM2.5),59,57,70,42,51,132,,74,74,12,19,7,6,0.8,0.9
2026-02-21T1400,4226A,104.765114,31.453094,绵阳市,绵阳市气象局,细颗粒物(PM2.5),59,49,70,42,54,114,,59,59,8,23,10,9,0.7,0.9
2026-02-21T1400,1784A,129.61,44.561,牡丹江市,环保大楼,颗粒物(PM10),56,61,77,32,60,121,,68,68,7,16,5,19,0.4,0.6
2026-02-21T1400,1787A,129.6364,44.6075,牡丹江市,机车工厂,细颗粒物(PM2.5),53,54,94,37,72,115,,54,54,10,37,10,22,0.5,0.8
2026-02-21T1400,1788A,129.6386,44.5462,牡丹江市,第一中学,颗粒物(PM10),54,57,72,30,59,116,,70,70,7,13,8,23,0.6,0.6
2026-02-21T1400,4287A,129.5992,44.5964,牡丹江市,东晓云街98号,颗粒物(PM10),57,64,109,34,74,116,,62,62,12,30,9,29,0.6,0.8
2026-02-21T1400,2531A,105.0703,29.61,内江市,市监测站,细颗粒物(PM2.5),73,,71,53,70,135,,72,72,10,22,8,8,0.5,0.7
2026-02-21T1400,2533A,105.0657,29.5807,内江市,内江二中,细颗粒物(PM2.5),77,71,86,56,66,124,,56,56,15,40,9,8,0.5,0.8
2026-02-21T1400,2534A,105.0407,29.5828,内江市,内江日报社,细颗粒物(PM2.5),78,59,66,57,62,137,,69,69,12,33,16,14,0.5,0.5
2026-02-21T1400,4147A,105.0433,29.6105,内江市,玉峰路西段888号,细颗粒物(PM2.5),69,51,70,50,67,137,,67,67,12,26,10,8,0.6,0.7
2026-02-21T1400,2628A,92.0653,31.4846,那曲市,那曲监测站,,30,14,31,6,24,93,,60,60,4,14,6,8,0.3,0.7
2026-02-21T1400,4243A,92.0515,31.4787,那曲市,那曲市委宣传部,,32,,20,9,18,100,,58,58,2,7,3,4,0.3,0.6
2026-02-21T1400,1291A,115.8887,28.7006,南昌市,省林业公司,,39,27,34,27,32,72,,31,31,10,12,4,3,1.1,1.2
2026-02-21T1400,1292A,115.813,28.7443,南昌市,林科所,,25,19,24,17,21,68,,37,37,9,11,8,7,0.9,0.9
2026-02-21T1400,1294A,115.8518,28.687,南昌市,建工学校,,35,26,41,24,27,63,,32,32,8,11,7,6,0.4,0.4
2026-02-21T1400,1295A,115.8926,28.6425,南昌市,象湖,,30,21,36,21,30,61,,29,29,9,14,8,7,0.9,1
2026-02-21T1400,3046A,115.9084,28.6062,南昌市,机电学校,,33,,40,23,32,61,,27,27,6,13,4,4,0.5,0.6
2026-02-21T1400,3690A,115.9718,28.7032,南昌市,外国语学校,,39,36,43,27,31,57,,27,27,14,15,8,7,0.7,0.8
2026-02-21T1400,4106A,115.7923,28.6873,南昌市,工业二路,,33,30,40,23,25,61,,35,35,14,14,4,3,0.7,0.8
2026-02-21T1400,4192A,115.931587,28.686774,南昌市,南京东路235号,,35,24,50,24,34,63,,30,30,13,19,5,4,0.5,0.6
2026-02-21T1400,1906A,106.0791,30.8022,南充市,南充市委,细颗粒物(PM2.5),72,67,70,52,53,97,,50,50,12,25,8,7,0.8,0.8
2026-02-21T1400,1907A,106.1038,30.8215,南充市,南充炼油厂,细颗粒物(PM2.5),74,69,74,54,57,93,,50,50,12,31,6,6,0.7,0.7
2026-02-21T1400,4227A,106.108336,30.788436,南充市,梨树横街98号,细颗粒物(PM2.5),80,68,80,59,70,105,,53,53,9,28,7,6,0.5,0.7
2026-02-21T1400,4304A,106.1172,30.843,南充市,清泉寺北路188号,细颗粒物(PM2.5),65,56,58,47,52,104,,60,60,6,11,6,7,0.4,0.5
2026-02-21T1400,4305A,106.067,30.7616,南充市,同庆路1号,细颗粒物(PM2.5),74,73,74,54,56,97,,53,53,15,43,7,6,0.7,0.9
2026-02-21T1400,1151A,118.8033,32.1085,南京市,迈皋桥,,35,33,43,17,25,110,,86,86,19,22,17,14,0.9,0.7
2026-02-21T1400,1152A,118.7487,32.057,南京市,草场门,,,,55,17,26,69,,52,52,16,26,16,16,1.2,1.3
2026-02-21T1400,1154A,118.770105,32.004342,南京市,中华门,,36,36,41,12,23,96,,69,69,10,11,8,5,0.9,0.7
2026-02-21T1400,1155A,118.8059,32.0329,南京市,瑞金路,,39,39,43,16,25,108,,81,81,2,22,8,4,2.8,1.9
2026-02-21T1400,1156A,118.7946,32.0774,南京市,玄武湖,,38,38,50,12,23,101,,72,72,22,27,15,12,1.0,0.9
2026-02-21T1400,1157A,118.6415,32.0964,南京市,浦口,,38,38,51,9,25,95,,63,63,13,17,6,6,0.3,0.5
2026-02-21T1400,1158A,118.730129,32.000956,南京市,奥体中心,,40,40,47,11,23,90,,63,63,12,20,14,12,0.8,0.8
2026-02-21T1400,1159A,118.9072,32.1047,南京市,仙林大学城,颗粒物(PM10),53,56,51,14,21,100,,79,79,12,14,9,8,0.8,0.7
2026-02-21T1400,3422A,118.8443,31.919,南京市,江宁彩虹桥,颗粒物(PM10),52,53,62,14,30,115,,84,84,2,8,4,4,0.4,0.6
2026-02-21T1400,3427A,118.8497,32.3599,南京市,六合雄州,,38,38,52,14,24,94,,66,66,14,26,4,10,0.9,1.8
2026-02-21T1400,4086A,118.7641,32.0841,南京市,新模范马路66号,,41,41,54,8,20,119,,86,86,2,8,4,5,1.1,1.3
2026-02-21T1400,4249A,118.8707617,31.34017673,南京市,汶溪路181号,,31,20,46,12,25,98,,69,69,10,13,4,6,0.5,0.6
2026-02-21T1400,4312A,119.019,31.6512,南京市,中山西路1号,,31,29,33,17,18,99,,75,75,9,9,4,4,0.5,0.6
2026-02-21T1400,1401A,108.3098,22.788,南宁市,二十一中,,49,49,46,28,40,84,,64,64,10,15,5,5,0.6,0.7
2026-02-21T1400,1402A,108.3135,22.8529,南宁市,北湖,细颗粒物(PM2.5),55,58,49,39,47,86,,60,60,9,18,4,4,0.7,0.8
2026-02-21T1400,1403A,108.3205,22.8222,南宁市,市监测站,,,76,48,30,38,90,,66,66,9,17,7,7,,0.8
2026-02-21T1400,1404A,108.3828,22.8038,南宁市,大自然花园,,40,36,43,28,35,93,,70,70,7,12,6,6,0.6,0.7
2026-02-21T1400,1406A,108.2397,22.8462,南宁市,区农职院,细颗粒物(PM2.5),54,53,50,38,35,80,,52,52,12,17,6,5,0.6,0.7
2026-02-21T1400,1407A,108.3285,22.7356,南宁市,英华嘉园,颗粒物(PM10),64,78,52,29,41,85,,64,64,7,12,4,4,0.7,0.7
2026-02-21T1400,3401A,108.4829,22.762,南宁市,红星社区,,45,45,47,27,42,94,,63,63,5,11,4,5,0.6,0.7
2026-02-21T1400,4132A,108.2927,23.1477,南宁市,起凤路9号,细颗粒物(PM2.5),58,48,41,41,37,80,,66,66,8,9,4,4,0.7,0.7
2026-02-21T1400,4221A,108.2177,22.7774,南宁市,乐贤路16号,细颗粒物(PM2.5),52,52,41,36,36,83,,61,61,10,17,3,3,0.7,0.7
2026-02-21T1400,2332A,118.1682,26.6371,南平市,南平市监测站,,29,29,32,16,18,82,,43,43,4,8,4,5,0.4,0.6
2026-02-21T1400,2334A,118.1757,26.6276,南平市,南平七中,,30,30,23,15,18,84,,43,43,2,5,2,3,0.5,0.5
2026-02-21T1400,1168A,120.9056,31.9669,南通市,狼山街道,,37,37,53,25,31,100,,73,73,9,20,4,5,0.5,0.6
2026-02-21T1400,1170A,120.8635,32.0231,南通市,城中,,40,40,53,24,28,103,,73,73,12,21,8,7,0.8,0.6
2026-02-21T1400,1171A,120.9376,31.9301,南通市,星湖花园,,36,31,48,25,31,101,,74,74,13,20,5,6,0.4,0.4
2026-02-21T1400,1172A,120.8053,32.046,南通市,紫琅学院,,35,35,54,22,29,98,,66,66,17,29,6,7,0.5,0.6
2026-02-21T1400,3291A,121.0631,32.0644,南通市,通州监测站,,36,31,43,21,27,113,,84,84,11,18,6,6,0.5,0.6
2026-02-21T1400,3432A,120.9348,31.9874,南通市,环境教育馆,,34,34,48,23,26,99,,74,74,15,21,6,7,0.4,0.4
2026-02-21T1400,4091A,120.8692,31.9885,南通市,洪江路,,42,35,49,29,33,94,,66,66,15,32,7,7,0.8,0.6
2026-02-21T1400,2404A,112.5338,33.0086,南阳市,瓦房庄,颗粒物(PM10),59,67,54,29,33,83,,54,54,8,8,7,6,0.9,0.8
2026-02-21T1400,2405A,112.5002,32.9734,南阳市,汉画馆,细颗粒物(PM2.5),72,72,60,52,40,84,,55,55,10,10,8,6,0.9,0.8
2026-02-21T1400,2406A,112.5778,33.0144,南阳市,气象站,颗粒物(PM10),61,71,59,37,34,87,,59,59,10,9,8,6,0.8,0.7
2026-02-21T1400,2407A,112.548,32.9687,南阳市,理工学院,颗粒物(PM10),55,60,54,38,35,80,,53,53,7,7,8,7,0.9,0.8
2026-02-21T1400,4008A,112.5233,32.9921,南阳市,卧龙区政府,颗粒物(PM10),60,70,60,35,37,77,,51,51,8,8,8,7,0.9,0.8
2026-02-21T1400,1234A,121.8352,29.9111,宁波市,区环保大楼,,33,25,32,11,18,103,,101,101,6,9,6,6,0.4,0.4
2026-02-21T1400,1235A,121.5595,29.8208,宁波市,万里学院,,31,23,29,11,17,99,,92,92,9,9,3,3,0.4,0.4
2026-02-21T1400,1236A,121.713,29.9564,宁波市,龙赛医院,,30,18,32,8,18,93,,87,87,4,9,3,4,0.5,0.5
2026-02-21T1400,1240A,121.5855,29.8635,宁波市,太古小学,,31,20,28,10,16,98,,90,90,6,8,3,3,0.4,0.4
2026-02-21T1400,1241A,121.5239,29.8673,宁波市,市环境监测中心,,,,35,,19,,,98,,,12,,3,,0.4
2026-02-21T1400,2871A,121.6156,29.9015,宁波市,万里国际学校,,31,23,32,11,17,98,,92,92,7,9,3,3,0.5,0.5
2026-02-21T1400,3710A,121.5593,29.8976,宁波市,白沙活动中心,,,,32,,18,,,102,,,10,,5,,0.5
2026-02-21T1400,4095A,121.8962,29.7529,宁波市,中科路88号,,37,29,33,22,28,118,,102,102,8,9,5,5,0.4,0.4
2026-02-21T1400,2341A,119.5387,26.6611,宁德市,宁德市监测站,颗粒物(PM10),55,60,42,31,32,102,,61,61,12,12,8,6,1.5,0.8
2026-02-21T1400,3209A,119.5231,26.6562,宁德市,宁德一中,细颗粒物(PM2.5),54,42,46,38,40,101,,62,62,10,10,7,6,1.0,0.6
2026-02-21T1400,2618A,98.859,25.8541,怒江傈僳族自治州,州监测站,细颗粒物(PM2.5),60,50,46,43,38,91,,63,63,6,7,7,7,0.5,0.6
2026-02-21T1400,2619A,98.8607,25.8168,怒江傈僳族自治州,泸水一中,颗粒物(PM10),57,64,51,39,46,84,,52,52,6,10,6,6,0.8,0.8
2026-02-21T1400,1888A,101.6891,26.571,攀枝花市,弄弄坪,,36,24,60,20,32,114,,59,59,9,35,23,42,1.3,1.9
2026-02-21T1400,1889A,101.577,26.5914,攀枝花市,河门口,,34,34,41,23,31,97,,49,49,5,15,10,39,0.5,0.9
2026-02-21T1400,1891A,101.7365,26.4986,攀枝花市,仁和,,35,31,36,24,27,103,,60,60,6,14,10,11,0.6,0.7
2026-02-21T1400,2835A,101.7222,26.567,攀枝花市,四十中小,,37,36,40,21,27,117,,58,58,17,26,32,18,1.8,0.9
2026-02-21T1400,1604A,122.0303,41.1489,盘锦市,开发区,细颗粒物(PM2.5),77,73,84,56,64,106,,82,82,11,13,9,7,0.6,0.8
2026-02-21T1400,1605A,122.0486,41.0883,盘锦市,兴隆台,细颗粒物(PM2.5),88,83,81,65,67,106,,86,86,13,16,14,11,0.6,0.6
2026-02-21T1400,1606A,121.8297,41.1026,盘锦市,新生街道,,,64,68,57,67,103,,82,82,,19,8,6,0.7,0.6
2026-02-21T1400,1832A,113.3257,33.7423,平顶山市,新华旅馆,细颗粒物(PM2.5),57,61,64,40,46,91,,65,65,10,10,5,6,0.5,0.5
2026-02-21T1400,1833A,113.2917,33.737,平顶山市,规划设计院,颗粒物(PM10),51,52,65,33,41,90,,60,60,5,8,6,7,0.6,0.6
2026-02-21T1400,1834A,113.182,33.7738,平顶山市,平顶山工学院,细颗粒物(PM2.5),55,58,58,39,45,93,,68,68,9,9,8,8,0.4,0.4
2026-02-21T1400,3594A,112.8736,33.9068,平顶山市,石龙区,颗粒物(PM10),56,61,65,31,41,97,,70,70,20,19,10,10,0.3,0.4
2026-02-21T1400,4116A,113.284,33.7139,平顶山市,姚电大道23号,颗粒物(PM10),57,63,72,38,47,92,,65,65,8,9,5,5,0.5,0.5
2026-02-21T1400,2656A,106.6633,35.5338,平凉市,聚贤嘉苑,颗粒物(PM10),310,428,140,130,47,85,,76,76,4,8,8,7,0.5,0.5
2026-02-21T1400,2657A,106.7021,35.5307,平凉市,博物馆,颗粒物(PM10),253,387,145,123,45,86,,73,73,4,10,8,10,0.5,0.6
2026-02-21T1400,2348A,113.8384,27.6436,萍乡市,中医院,细颗粒物(PM2.5),58,,51,41,30,29,,24,24,12,13,5,5,0.8,1
2026-02-21T1400,2350A,113.8677,27.6438,萍乡市,市环保局,,38,35,37,26,27,33,,28,28,12,13,8,7,0.7,0.8
2026-02-21T1400,2351A,113.8663,27.6202,萍乡市,安源区政府,一氧化碳(CO),70,54,38,35,26,24,,16,16,19,17,35,7,7.0,1.6
2026-02-21T1400,4107A,113.8686,27.6668,萍乡市,联洪村委会,颗粒物(PM10),52,53,34,31,22,27,,24,24,9,6,1,2,0.2,0.4
2026-02-21T1400,2319A,119.0142,25.4324,莆田市,荔城区仓后路,细颗粒物(PM2.5),53,43,71,37,71,121,,81,81,9,12,/,/,/,/
2026-02-21T1400,2320A,119.0016,25.4553,莆田市,莆田市监测站,细颗粒物(PM2.5),60,61,56,43,54,127,,80,80,10,8,6,3,0.7,0.7
2026-02-21T1400,2321A,119.112,25.4561,莆田市,涵江区六中,,38,38,63,24,52,110,,80,80,6,11,/,/,0.7,0.8
2026-02-21T1400,2322A,119.1014,25.3215,莆田市,秀屿区政府,细颗粒物(PM2.5),62,53,84,44,77,126,,86,86,6,9,4,6,0.5,0.7
2026-02-21T1400,2392A,115.0312,35.7636,濮阳市,环保局,颗粒物(PM10),82,114,67,26,34,88,,62,62,6,8,8,7,0.4,0.4
2026-02-21T1400,3021A,115,35.7667,濮阳市,濮水河管理处,颗粒物(PM10),89,128,72,38,38,97,,63,63,11,12,9,8,0.5,0.5
2026-02-21T1400,4118A,115.0552,35.7816,濮阳市,中原东路68号,颗粒物(PM10),91,132,82,32,34,97,,67,67,13,15,8,7,0.7,0.6
2026-02-21T1400,4216A,115.0923632,35.76857718,濮阳市,任丘路479号,颗粒物(PM10),82,114,72,45,38,94,,64,64,11,11,8,7,0.6,0.6
2026-02-21T1400,2601A,100.9801,22.7634,普洱市,市环保局,,47,47,51,17,25,92,,63,63,4,7,5,5,0.6,0.6
2026-02-21T1400,2602A,100.9763,22.8237,普洱市,普洱第二中学,,36,36,47,19,24,95,,60,60,4,17,6,6,0.5,0.6
2026-02-21T1400,3345A,131.0413,45.7795,七台河市,中波台,颗粒物(PM10),55,60,38,28,26,114,,70,70,10,10,12,10,0.4,0.4
2026-02-21T1400,3637A,131.0136,45.7688,七台河市,人民广场,颗粒物(PM10),58,65,69,35,43,111,,71,71,14,19,13,14,0.6,0.6
2026-02-21T1400,3684A,130.8639,45.8144,七台河市,新建矿广场,颗粒物(PM10),54,58,83,31,55,105,,62,62,18,32,56,76,1.0,1.1
2026-02-21T1400,1779A,123.9307,47.3641,齐齐哈尔市,安居小区,,,,114,,84,,,74,,,22,,18,,1.0
2026-02-21T1400,1780A,123.9497,47.3389,齐齐哈尔市,中心广场,细颗粒物(PM2.5),110,124,183,83,136,73,,52,52,17,40,14,16,1.0,1.3
2026-02-21T1400,1781A,123.9483,47.3229,齐齐哈尔市,农牧车辆厂,细颗粒物(PM2.5),112,110,140,84,108,78,,56,56,15,29,10,10,0.5,0.7
2026-02-21T1400,1783A,123.9442,47.2994,齐齐哈尔市,市环境监测站,细颗粒物(PM2.5),97,110,140,72,102,78,,48,48,13,34,6,10,0.7,0.8
2026-02-21T1400,3662A,123.6341,47.2079,齐齐哈尔市,富区青少年活动中心,细颗粒物(PM2.5),104,107,174,78,131,80,,58,58,8,20,8,9,0.8,1.1
2026-02-21T1400,2591A,107.9765,26.5724,黔东南苗族侗族自治州,市环境监测站,细颗粒物(PM2.5),52,,38,36,34,66,,47,47,2,10,4,5,0.4,0.6
2026-02-21T1400,2881A,107.8909,26.531,黔东南苗族侗族自治州,凯里学院,,,34,35,30,32,63,,52,52,,10,3,8,0.5,0.6
2026-02-21T1400,2593A,107.5223,26.2371,黔南布依族苗族自治州,小围寨,细颗粒物(PM2.5),57,,29,40,25,57,,54,54,4,4,5,6,0.7,0.7
2026-02-21T1400,3538A,107.5175,26.2977,黔南布依族苗族自治州,沙坝,细颗粒物(PM2.5),54,46,34,38,26,59,,52,52,5,5,4,4,0.7,0.7
2026-02-21T1400,2589A,104.9022,25.0943,黔西南布依族苗族自治州,场坝街,,21,21,34,14,25,65,,45,45,6,8,5,4,0.6,0.8
2026-02-21T1400,2590A,104.8812,25.0994,黔西南布依族苗族自治州,坪东大道,,40,,32,28,27,68,,47,47,5,9,5,5,0.6,0.7
2026-02-21T1400,2502A,108.6238,21.9667,钦州市,市环保站,,44,44,43,8,26,90,,62,62,7,12,6,5,0.8,0.7
2026-02-21T1400,2503A,108.655,21.9481,钦州市,沙埠小学,,35,35,48,12,27,97,,65,65,5,14,5,8,0.6,0.6
2026-02-21T1400,2504A,108.5989,21.7435,钦州市,港区一小,颗粒物(PM10),60,69,46,14,24,86,,76,76,8,19,1,3,0.8,0.8
2026-02-21T1400,3404A,108.5959,21.9634,钦州市,北职校,,40,29,40,28,26,88,,53,53,8,12,9,5,0.9,0.8
2026-02-21T1400,1046A,119.5247,39.9346,秦皇岛市,建设大厦,细颗粒物(PM2.5),95,95,130,71,89,68,,50,50,21,42,12,14,0.9,1.2
2026-02-21T1400,3132A,119.5979,39.938,秦皇岛市,文明里,细颗粒物(PM2.5),74,92,129,54,80,62,,52,44,24,45,14,16,0.8,1
2026-02-21T1400,4066A,119.7458,39.9952,秦皇岛市,南园路157号,,,83,118,67,80,55,,45,45,24,38,,13,,0.9
2026-02-21T1400,4067A,119.5131,39.8858,秦皇岛市,翠岛大街1号,细颗粒物(PM2.5),87,72,99,64,75,65,,68,58,22,29,15,15,0.8,0.9
2026-02-21T1400,4198A,119.509013,39.825305,秦皇岛市,北戴河轮滑馆,细颗粒物(PM2.5),82,73,105,60,68,62,,57,57,24,32,9,9,0.6,0.7
2026-02-21T1400,1310A,120.404,36.0625,青岛市,市南区东部子站,颗粒物(PM10),60,70,75,41,47,69,,58,58,15,14,11,11,0.6,0.7
2026-02-21T1400,1311A,120.362344,36.10282,青岛市,四方区子站,"颗粒物(PM10),细颗粒物(PM2.5)",58,66,68,41,48,79,,62,60,14,16,10,8,0.8,0.8
2026-02-21T1400,1312A,120.294373,36.054183,青岛市,市南区西部子站,细颗粒物(PM2.5),57,53,66,40,46,79,,62,59,15,19,6,5,0.8,0.8
2026-02-21T1400,1313A,120.4581,36.0858,青岛市,崂山区子站,颗粒物(PM10),60,70,74,39,49,72,,60,59,13,14,9,8,0.6,0.6
2026-02-21T1400,1315A,120.3945,36.3083,青岛市,城阳区子站,颗粒物(PM10),60,70,68,41,46,79,,66,64,18,19,11,10,1.0,1
2026-02-21T1400,3642A,120.3454,36.0735,青岛市,市北区南部,颗粒物(PM10),56,61,72,39,45,73,,58,58,15,15,5,5,0.8,0.8
2026-02-21T1400,3643A,120.3897,36.18,青岛市,李沧区北部,"颗粒物(PM10),细颗粒物(PM2.5)",58,66,70,41,47,75,,58,57,16,17,13,11,0.8,0.7
2026-02-21T1400,4110A,120.5222,36.4089,青岛市,盟旺路653号,,,,68,,41,96,,73,73,,10,6,3,0.9,0.9
2026-02-21T1400,4290A,120.196923,35.954556,青岛市,珠江路669号,细颗粒物(PM2.5),59,51,57,42,45,75,,59,58,15,17,8,8,0.6,0.6
2026-02-21T1400,4291A,120.0424,35.8656,青岛市,黄岛区人民政府广场,颗粒物(PM10),63,75,69,36,39,85,,63,63,17,18,11,10,0.8,0.8
2026-02-21T1400,1703A,113.0218,23.7086,清远市,凤城街办,细颗粒物(PM2.5),85,72,45,63,37,107,,62,62,10,16,/,/,/,/
2026-02-21T1400,3025A,113.0479,23.6343,清远市,技师学院,细颗粒物(PM2.5),63,66,54,45,36,111,,56,56,10,14,4,6,0.6,0.6
2026-02-21T1400,3318A,112.9898,23.7403,清远市,清新太和,细颗粒物(PM2.5),78,65,40,57,33,119,,70,70,11,16,13,12,0.7,0.7
2026-02-21T1400,3455A,113.076,23.72,清远市,清城东城,细颗粒物(PM2.5),73,67,47,53,31,114,,62,62,13,25,/,/,/,/
2026-02-21T1400,2661A,107.6325,35.7357,庆阳市,庆阳五中,颗粒物(PM10),283,408,181,118,52,91,,82,79,3,7,4,5,0.3,0.3
2026-02-21T1400,2662A,107.6361,35.7067,庆阳市,市环保局,颗粒物(PM10),292,414,185,116,55,90,,82,80,4,7,3,5,0.3,0.3
2026-02-21T1400,1916A,103.7897,25.5036,曲靖市,环境监测站,,32,23,25,8,15,100,,78,78,3,9,6,6,0.3,0.4
2026-02-21T1400,1917A,103.8013,25.5357,曲靖市,烟厂办公区,,30,17,26,3,13,93,,76,76,3,13,4,8,0.3,0.4
2026-02-21T1400,3376A,103.7926,25.4651,曲靖市,南苑二区,,28,21,21,9,12,87,,75,75,10,8,4,4,0.5,0.5
2026-02-21T1400,3377A,103.7442,25.5259,曲靖市,曲靖师范学院,,30,,26,9,18,96,,79,79,3,8,2,7,0.3,0.4
2026-02-21T1400,1264A,118.8694,28.94,衢州市,环保大楼,,29,23,36,16,28,92,,52,52,4,9,/,/,/,/
2026-02-21T1400,1266A,118.8622,28.9809,衢州市,衢州学院,,28,22,33,15,25,88,,49,49,5,11,5,5,0.5,0.6
2026-02-21T1400,4097A,118.9646,28.9832,衢州市,衢州三中,,28,22,35,14,24,87,,44,44,5,14,5,6,0.5,0.6
2026-02-21T1400,1611A,118.5818,24.9116,泉州市,涂山街,细颗粒物(PM2.5),52,42,54,36,41,110,,68,68,11,12,4,3,0.6,0.6
2026-02-21T1400,1612A,118.597,24.8976,泉州市,津头埔,,43,36,54,30,41,111,,71,71,9,11,4,3,0.6,0.6
2026-02-21T1400,1613A,118.6669,24.9422,泉州市,万安,,46,42,55,32,37,102,,68,68,7,10,4,4,0.6,0.6
2026-02-21T1400,4105A,118.6355,24.9148,泉州市,霞新路6号,,46,37,49,32,38,106,,68,68,4,8,/,/,0.6,0.5
2026-02-21T1400,2626A,88.8873,29.2723,日喀则市,日喀则监测站,,35,15,19,3,15,112,,83,80,4,9,9,10,0.5,0.6
2026-02-21T1400,3726A,88.8775,29.2425,日喀则市,林业技术推广中心,,34,11,17,3,9,108,,78,77,4,6,12,12,0.3,0.4
2026-02-21T1400,1659A,119.4711,35.421,日照市,监测站,颗粒物(PM10),62,73,67,38,41,98,,62,62,18,22,15,13,1.1,0.9
2026-02-21T1400,1660A,119.523,35.4216,日照市,市政府广场,颗粒物(PM10),59,68,65,40,41,97,,65,65,13,20,15,11,0.9,0.7
2026-02-21T1400,1661A,119.5511,35.4113,日照市,港务局,颗粒物(PM10),80,110,86,40,42,80,,55,55,27,29,13,9,1.0,0.8
2026-02-21T1400,3507A,119.5326,35.4627,日照市,职业技术学院,颗粒物(PM10),59,68,66,39,41,100,,65,65,16,19,14,12,1.2,1.1
2026-02-21T1400,3604A,119.3267,35.1043,日照市,岚山环保分局,颗粒物(PM10),59,68,71,36,41,99,,65,65,11,17,14,13,0.9,0.9
2026-02-21T1400,1835A,111.1922,34.7752,三门峡市,市政府,颗粒物(PM10),67,84,56,37,25,86,,43,43,12,21,14,18,0.5,0.6
2026-02-21T1400,1836A,111.1588,34.794,三门峡市,开发区,颗粒物(PM10),71,92,64,48,32,90,,45,45,14,17,12,10,0.5,0.5
2026-02-21T1400,3039A,111.1911,34.7829,三门峡市,三门峡市第一小学,颗粒物(PM10),74,98,63,45,29,88,,43,43,18,21,15,12,0.6,0.7
2026-02-21T1400,3598A,111.1031,34.719,三门峡市,富达温泉假日酒店,颗粒物(PM10),97,144,85,59,40,92,,41,41,18,24,17,20,0.4,0.9
2026-02-21T1400,2324A,117.621,26.2626,三明市,三钢,,31,31,32,16,27,84,,34,34,5,14,8,10,0.8,1.7
2026-02-21T1400,2325A,117.6352,26.2714,三明市,三明二中,,50,50,35,17,27,77,,33,33,15,14,14,11,1.0,1.3
2026-02-21T1400,2326A,117.6028,26.2377,三明市,三元区政府,,27,24,25,16,19,86,,38,38,4,8,4,6,0.6,0.9
2026-02-21T1400,1877A,109.4962,18.2682,三亚市,河西子站,,27,27,28,10,21,83,,73,73,2,4,1,1,0.3,0.4
2026-02-21T1400,3540A,109.7348,18.3443,三亚市,君悦子站,,26,25,41,14,25,81,,64,64,4,8,2,3,0.5,0.5
2026-02-21T1400,4135A,109.1714,18.3739,三亚市,城东小学站,,29,21,32,11,25,92,,70,70,4,8,/,/,/,/
2026-02-21T1400,2624A,91.7592,29.234,山南市,山南监测站,,35,15,13,3,5,110,,81,78,1,2,9,8,0.3,0.4
2026-02-21T1400,2625A,91.7701,29.2436,山南市,山南人民医院,,36,11,15,3,8,113,,88,84,2,3,8,10,0.4,0.4
2026-02-21T1400,1674A,116.6795,23.3666,汕头市,金平子站,,37,37,58,20,43,114,,88,88,3,11,5,5,0.7,0.7
2026-02-21T1400,1675A,116.7248,23.3632,汕头市,龙湖子站,,44,44,50,25,38,112,,86,86,8,14,10,10,/,/
2026-02-21T1400,1676A,116.7257,23.2774,汕头市,濠江子站,,40,40,51,20,37,109,,89,89,9,15,8,8,/,/
2026-02-21T1400,1677A,116.7518,23.4712,汕头市,澄海子站,,38,38,53,25,38,108,,88,88,4,8,7,7,0.6,0.7
2026-02-21T1400,1678A,116.6088,23.2539,汕头市,潮阳子站,,36,30,55,19,48,113,,85,85,4,11,6,6,0.5,0.6
2026-02-21T1400,3444A,116.4539,23.2684,汕头市,潮南峡山,,42,39,65,29,48,124,,90,90,4,8,7,6,0.7,0.8
2026-02-21T1400,3624A,116.4069,23.2533,汕头市,潮南子站,,38,38,77,26,55,109,,87,87,3,8,7,7,/,/
2026-02-21T1400,1693A,115.3653,22.7751,汕尾市,市环保局,颗粒物(PM10),51,52,50,30,42,118,,95,95,7,9,5,6,0.7,0.8
2026-02-21T1400,1695A,115.362,22.7926,汕尾市,新城中学,颗粒物(PM10),55,59,51,28,42,116,,96,96,7,8,6,6,0.7,0.7
2026-02-21T1400,2645A,109.9155,33.8714,商洛市,监测站,细颗粒物(PM2.5),72,86,45,52,33,94,,57,57,4,12,5,6,0.3,0.5
2026-02-21T1400,3045A,109.9647,33.8486,商洛市,商州区中学,颗粒物(PM10),104,158,50,37,32,97,,59,59,1,11,5,9,0.4,0.6
2026-02-21T1400,2408A,115.6701,34.4283,商丘市,环境监测站,"颗粒物(PM10),细颗粒物(PM2.5)",57,63,63,40,38,101,,71,71,7,9,4,3,0.6,0.5
2026-02-21T1400,2409A,115.6458,34.4047,商丘市,粮食局,颗粒物(PM10),60,69,57,30,38,96,,66,66,4,6,2,2,0.5,0.5
2026-02-21T1400,3171A,115.6069,34.4465,商丘市,梁园区档案局,颗粒物(PM10),60,69,60,35,38,104,,72,72,3,4,2,2,0.5,0.5
2026-02-21T1400,4119A,115.6701,34.3767,商丘市,北海东路185号,,,59,61,32,36,99,,68,68,6,7,4,4,,0.6
2026-02-21T1400,4120A,115.6172,34.3704,商丘市,中山大街3号,颗粒物(PM10),57,63,67,30,39,99,,66,66,7,10,4,4,0.4,0.4
2026-02-21T1400,1141A,121.401,31.2382,上海市,普陀,,33,27,38,17,30,104,,86,86,9,15,6,7,0.5,0.5
2026-02-21T1400,1142A,121.4774,31.2043,上海市,十五厂,,35,33,42,19,31,111,,90,90,10,17,10,9,0.5,0.5
2026-02-21T1400,1143A,121.4673,31.3011,上海市,虹口,,32,30,40,21,29,100,,81,81,6,13,8,6,0.2,0.2
2026-02-21T1400,1147A,121.4253,31.226,上海市,静安监测站,,35,31,41,23,30,109,,88,88,9,16,8,8,0.5,0.6
2026-02-21T1400,1148A,121.7029,31.1905,上海市,浦东川沙,,35,28,48,20,36,110,,92,92,11,17,3,7,0.6,0.1
2026-02-21T1400,1149A,121.5339,31.229,上海市,浦东新区监测站,,34,25,38,22,33,106,,89,89,6,10,7,6,0.5,0.5
2026-02-21T1400,1150A,121.5776,31.2038,上海市,浦东张江,,37,27,41,19,31,116,,97,97,13,17,6,7,0.2,0.3
2026-02-21T1400,3265A,121.4242,31.3303,上海市,宝山庙行,,33,32,37,18,26,103,,83,83,6,14,10,10,0.4,0.6
2026-02-21T1400,3266A,121.8789,31.4662,上海市,崇明上实东滩,,35,22,37,15,28,109,,91,91,11,22,6,6,0.1,0.3
2026-02-21T1400,3268A,121.316,31.2839,上海市,嘉定南翔,,33,33,45,22,34,101,,76,76,14,29,4,6,0.4,0.6
2026-02-21T1400,3269A,121.3357,30.7455,上海市,金山新城,,33,25,31,21,27,105,,91,91,5,7,17,6,0.7,0.7
2026-02-21T1400,3270A,121.4996,31.0741,上海市,闵行浦江,,35,26,41,18,32,109,,90,90,10,13,8,7,0.1,0.2
2026-02-21T1400,3271A,121.2886,31.1663,上海市,青浦徐泾,,32,28,45,22,35,100,,78,78,5,13,5,7,0.5,0.6
2026-02-21T1400,3272A,121.2193,31.0382,上海市,松江图书馆,,35,31,43,22,32,110,,83,83,8,12,7,7,0.5,0.6
2026-02-21T1400,3273A,121.3904,31.206,上海市,长宁仙霞,,32,30,40,20,27,102,,83,83,2,9,8,8,0.3,0.3
2026-02-21T1400,3274A,121.7964,31.0507,上海市,浦东惠南,,36,28,46,20,36,113,,95,95,10,17,5,7,0.6,0.7
2026-02-21T1400,3544A,121.4891,30.925,上海市,奉贤南桥新城,,35,26,42,16,32,109,,98,98,7,11,2,4,0.5,0.5
2026-02-21T1400,4183A,121.417401,31.16637,上海市,冠生园路458号,,32,27,40,22,34,100,,79,79,11,20,8,6,0.4,0.5
2026-02-21T1400,4205A,121.541914,31.268301,上海市,宁武路151号,,34,27,38,17,28,107,,90,90,10,13,8,7,0.3,0.4
2026-02-21T1400,2382A,117.9758,28.4439,上饶市,市监测站,,29,27,40,14,26,92,,50,50,12,11,4,5,/,/
2026-02-21T1400,2383A,117.9521,28.4637,上饶市,凤凰光学,,27,21,43,15,27,84,,41,41,9,17,7,8,0.6,0.8
2026-02-21T1400,3685A,117.897,28.4316,上饶市,双创科技城,,30,27,44,12,29,93,,55,55,7,13,5,6,0.7,0.8
2026-02-21T1400,4211A,118.190438,28.444845,上饶市,裕丰大道,,38,38,51,19,37,91,,46,46,8,13,8,8,0.6,0.7
2026-02-21T1400,1669A,113.5821,24.7733,韶关市,市八中,细颗粒物(PM2.5),78,73,44,57,31,105,,53,53,11,19,10,8,0.6,0.6
2026-02-21T1400,1671A,113.5916,24.7973,韶关市,园林处,细颗粒物(PM2.5),72,,36,52,36,107,,53,53,10,20,8,6,/,/
2026-02-21T1400,1673A,113.5971,24.6864,韶关市,曲江监测站,细颗粒物(PM2.5),74,64,40,54,33,101,,66,66,9,16,6,9,0.7,1.1
2026-02-21T1400,2809A,113.6668,24.7756,韶关市,大学路288号,细颗粒物(PM2.5),79,86,34,58,25,105,,55,55,14,11,10,4,/,/
2026-02-21T1400,3622A,113.5556,24.8082,韶关市,碧湖山庄,细颗粒物(PM2.5),72,60,47,52,36,100,,51,51,6,8,7,7,0.8,0.7
2026-02-21T1400,2464A,111.5277,27.2442,邵阳市,市化工厂,细颗粒物(PM2.5),60,52,52,43,48,42,,14,14,7,10,8,7,0.9,0.8
2026-02-21T1400,2466A,111.4327,27.2276,邵阳市,市环保局,细颗粒物(PM2.5),75,68,55,55,47,45,,20,20,18,15,6,6,1.2,1
2026-02-21T1400,4218A,111.446,27.2472,邵阳市,北塔二期4-26地块,颗粒物(PM10),53,55,58,29,43,50,,21,21,19,15,8,7,1.1,1.1
2026-02-21T1400,4219A,111.4739,27.2282,邵阳市,邵水西路287号,细颗粒物(PM2.5),67,62,60,48,48,50,,16,16,10,14,5,4,1.0,0.9
2026-02-21T1400,1247A,120.6053,29.9927,绍兴市,城东开发委,,29,19,25,10,15,90,,65,65,2,7,7,7,0.4,0.4
2026-02-21T1400,2921A,120.5482,30.0003,绍兴市,树下王站,,28,20,24,11,18,88,,68,68,4,7,6,6,0.4,0.4
2026-02-21T1400,3408A,120.5685,29.936,绍兴市,绍兴中专,,30,20,25,11,14,94,,72,72,2,5,6,6,0.3,0.4
2026-02-21T1400,3409A,120.4905,30.086,绍兴市,柯桥区政府,,29,20,26,14,16,92,,74,74,8,11,5,5,0.3,0.3
2026-02-21T1400,3410A,120.8751,30.0249,绍兴市,重华小学,,26,18,30,16,22,81,,75,75,4,7,7,7,0.3,0.4
2026-02-21T1400,3411A,120.837,30.0137,绍兴市,上虞中学,,30,18,29,16,21,93,,81,81,9,10,7,7,0.5,0.6
2026-02-21T1400,3560A,120.4715,30.0414,绍兴市,柯桥妇保,,25,23,29,17,20,78,,64,64,10,14,6,6,0.4,0.4
2026-02-21T1400,3658A,120.6156,30.0762,绍兴市,袍江中学,,29,27,29,16,19,90,,72,72,6,10,8,7,0.4,0.4
2026-02-21T1400,1356A,114.0948,22.5506,深圳市,通心岭子站,,37,22,43,16,33,116,,82,82,6,15,4,6,0.5,0.5
2026-02-21T1400,1357A,114.1153,22.5713,深圳市,洪湖,,37,26,50,20,38,117,,87,87,8,16,5,6,0.6,0.7
2026-02-21T1400,1358A,113.9823,22.5398,深圳市,华侨城,,35,24,50,14,38,112,,78,78,15,17,/,/,/,/
2026-02-21T1400,1359A,113.9181,22.517,深圳市,南海子站,,34,22,47,17,38,108,,82,82,20,17,8,7,0.4,0.5
2026-02-21T1400,1360A,114.2345,22.565,深圳市,盐田,,37,29,36,24,29,118,,86,86,10,18,6,7,0.5,0.6
2026-02-21T1400,1363A,114.4911,22.5381,深圳市,南澳,,39,36,39,25,28,123,,88,88,7,9,/,/,/,/
2026-02-21T1400,1364A,114.41,22.6346,深圳市,葵涌,,37,30,37,22,30,117,,74,74,8,13,8,8,0.6,0.7
2026-02-21T1400,1365A,114.2967,22.5978,深圳市,梅沙,,38,38,40,23,26,121,,94,94,8,13,/,/,/,/
2026-02-21T1400,1366A,114.0563,22.7353,深圳市,观澜,,37,26,50,20,39,116,,93,93,10,11,8,8,0.7,0.7
2026-02-21T1400,3305A,114.0614,22.556,深圳市,莲花,,34,20,48,17,39,106,,75,75,11,18,/,/,/,/
2026-02-21T1400,3306A,114.0144,22.6163,深圳市,民治,,33,28,57,23,44,98,,74,74,9,14,/,/,/,/
2026-02-21T1400,3307A,114.1756,22.6421,深圳市,横岗,,38,38,54,18,37,114,,90,90,12,13,/,/,/,/
2026-02-21T1400,3447A,114.344,22.7115,深圳市,坪山,,38,26,38,22,30,119,,96,96,7,10,8,9,0.6,0.6
2026-02-21T1400,3623A,113.8952,22.586,深圳市,西乡,,34,28,47,18,35,107,,81,81,20,14,7,7,0.6,0.6
2026-02-21T1400,4220A,114.214113,22.713717,深圳市,黄阁路,,37,28,43,22,33,118,,91,91,11,13,8,8,0.8,0.9
2026-02-21T1400,1099A,123.5058,41.7084,沈阳市,浑南东路,颗粒物(PM10),71,92,92,48,61,98,,87,87,10,15,14,13,0.8,0.9
2026-02-21T1400,1100A,123.4238,41.6992,沈阳市,新秀街,细颗粒物(PM2.5),75,93,81,55,58,105,,102,98,12,12,10,10,0.9,0.8
2026-02-21T1400,1102A,123.5903,41.8412,沈阳市,东陵路,颗粒物(PM10),80,110,79,47,55,102,,94,94,8,10,11,12,0.9,1.1
2026-02-21T1400,1103A,123.4267,41.8466,沈阳市,陵东街,细颗粒物(PM2.5),72,84,82,52,59,105,,91,91,12,16,12,12,0.9,0.9
2026-02-21T1400,1104A,123.4116,41.7654,沈阳市,文化路,细颗粒物(PM2.5),74,92,91,54,58,101,,93,92,13,15,11,11,0.9,0.9
2026-02-21T1400,1105A,123.4673,41.787,沈阳市,小河沿,颗粒物(PM10),69,88,86,46,49,103,,92,92,14,16,11,11,0.9,0.9
2026-02-21T1400,1106A,123.4019,41.7978,沈阳市,太原街,颗粒物(PM10),73,96,96,52,56,114,,102,102,12,15,13,16,0.8,0.7
2026-02-21T1400,1108A,123.3778,41.9233,沈阳市,京沈街,细颗粒物(PM2.5),73,92,76,53,56,118,,103,103,13,16,15,15,0.8,0.8
2026-02-21T1400,2897A,123.2429,41.7341,沈阳市,沈辽西路,细颗粒物(PM2.5),80,96,96,59,60,95,,88,86,12,13,11,10,0.8,0.8
2026-02-21T1400,2900A,123.5951,41.9085,沈阳市,裕农路,颗粒物(PM10),66,82,80,47,54,106,,99,98,12,14,10,11,0.9,1
2026-02-21T1400,2429A,110.78,32.6494,十堰市,滨河新村,,32,32,55,8,34,95,,50,50,11,27,/,/,0.6,0.9
2026-02-21T1400,2430A,110.7305,32.6408,十堰市,刘家沟,,36,36,36,7,19,98,,54,54,6,9,/,/,/,/
2026-02-21T1400,2431A,110.8843,32.5712,十堰市,铁二处,,33,33,38,15,23,90,,41,41,13,13,7,7,0.9,0.8
2026-02-21T1400,3545A,110.8053,32.8401,十堰市,郧阳区金沙路,,39,39,42,11,25,83,,55,55,6,7,6,6,0.9,0.8
2026-02-21T1400,2709A,86.0391,44.298,石河子市,艾青诗歌馆,细颗粒物(PM2.5),92,,118,68,72,68,,73,73,16,27,8,11,0.8,1
2026-02-21T1400,3442A,86.047,44.2331,石河子市,南区管委会,细颗粒物(PM2.5),107,141,103,80,59,67,,64,59,20,20,5,8,0.8,0.7
2026-02-21T1400,4051A,86.0791,44.3018,石河子市,世纪广场,,45,45,130,17,80,82,,75,75,12,29,11,10,0.5,0.8
2026-02-21T1400,4167A,86.0126,44.2349,石河子市,城南景苑小区,细颗粒物(PM2.5),104,126,102,78,55,76,,71,65,7,12,5,8,0.8,0.8
2026-02-21T1400,1030A,114.5919,38.0328,石家庄市,高新区,颗粒物(PM10),195,340,152,49,44,96,,72,72,2,9,3,8,0.2,0.5
2026-02-21T1400,1032A,114.4556,38.0136,石家庄市,西南高教,颗粒物(PM10),362,469,172,80,46,94,,80,80,,3,3,6,0.2,0.4
2026-02-21T1400,1033A,114.533,38.0177,石家庄市,世纪公园,颗粒物(PM10),154,257,137,34,40,91,,68,68,6,20,1,5,0.3,0.5
2026-02-21T1400,1034A,114.5105,38.0489,石家庄市,人民会堂,颗粒物(PM10),303,422,156,55,46,74,,66,66,22,21,3,2,0.3,0.5
2026-02-21T1400,3456A,114.2887,38.0905,石家庄市,鹿泉一中,颗粒物(PM10),173,295,215,49,42,94,,78,78,1,9,3,7,0.3,0.5
2026-02-21T1400,4024A,114.6491,37.9014,石家庄市,栾城区星河路,颗粒物(PM10),171,291,140,53,50,91,,59,59,2,11,2,8,0.2,0.3
2026-02-21T1400,4059A,114.4563,38.0365,石家庄市,裕华西路63号,颗粒物(PM10),185,319,139,69,45,93,,71,71,1,13,3,4,0.3,0.8
2026-02-21T1400,4060A,114.5586,38.0581,石家庄市,和平路363号,颗粒物(PM10),452,552,168,77,50,93,,70,70,2,10,3,3,0.2,0.5
2026-02-21T1400,4061A,114.8347,38.0213,石家庄市,廉州西路160号,颗粒物(PM10),500,604,165,70,59,90,,51,51,1,15,2,5,0.2,0.7
2026-02-21T1400,4062A,114.4498,38.0729,石家庄市,北城路41号,颗粒物(PM10),452,552,178,69,40,97,,68,68,2,7,3,4,0.2,0.5
2026-02-21T1400,4314A,114.0494,38.059,石家庄市,矿区区委大楼,颗粒物(PM10),192,333,246,62,52,91,,75,75,4,15,6,14,0.2,0.4
2026-02-21T1400,1948A,106.3668,39.0145,石嘴山市,大武口朝阳西街,颗粒物(PM10),153,256,337,49,79,90,,88,88,3,6,6,11,0.5,0.6
2026-02-21T1400,1949A,106.7713,39.2278,石嘴山市,惠农南大街,颗粒物(PM10),338,450,374,52,88,91,,88,88,6,15,8,12,0.1,0.3
2026-02-21T1400,1950A,106.7074,39.1332,石嘴山市,红果子镇惠新街,颗粒物(PM10),478,578,417,97,92,96,,93,93,5,4,6,13,0.5,0.5
2026-02-21T1400,3520A,106.3495,38.9837,石嘴山市,妇女儿童医院,颗粒物(PM10),158,266,372,37,67,92,,90,90,5,8,5,9,0.5,0.5
2026-02-21T1400,3521A,106.7495,39.2068,石嘴山市,石大公路,颗粒物(PM10),181,311,340,53,85,91,,90,90,5,12,3,6,0.4,0.5
2026-02-21T1400,2248A,131.1509,46.6936,双鸭山市,双合村,颗粒物(PM10),52,54,68,31,49,68,,49,49,16,26,8,8,0.6,0.7
2026-02-21T1400,2249A,131.1651,46.6191,双鸭山市,南小市,细颗粒物(PM2.5),64,73,87,46,67,66,,37,37,13,27,10,11,0.4,0.6
2026-02-21T1400,2250A,131.1526,46.6554,双鸭山市,环保局,细颗粒物(PM2.5),58,52,70,41,51,67,,43,43,18,23,10,10,0.6,0.6
2026-02-21T1400,2166A,112.4399,39.3521,朔州市,平朔,颗粒物(PM10),500,909,325,89,60,91,,78,78,3,5,4,5,0.3,0.2
2026-02-21T1400,2167A,112.4574,39.362,朔州市,朔唯,颗粒物(PM10),500,821,300,112,70,92,,79,79,2,3,4,6,/,/
2026-02-21T1400,2168A,112.426,39.3199,朔州市,区政府,颗粒物(PM10),500,794,298,66,51,94,,79,79,2,2,5,5,0.1,0.2
2026-02-21T1400,2169A,112.4075,39.3277,朔州市,市环保局,颗粒物(PM10),500,768,292,98,73,88,,75,75,3,8,3,4,/,/
2026-02-21T1400,2170A,112.4273,39.3682,朔州市,市二中,颗粒物(PM10),500,871,341,80,60,103,,,,2,2,4,6,/,/
2026-02-21T1400,3571A,112.2938,39.5296,朔州市,一水厂,颗粒物(PM10),500,914,304,90,63,98,,84,84,2,4,3,5,0.3,0.4
2026-02-21T1400,2226A,124.3744,43.1842,四平市,境园,颗粒物(PM10),77,104,84,52,51,99,,92,90,10,11,9,8,0.4,0.4
2026-02-21T1400,3486A,124.4029,43.1411,四平市,植物园,颗粒物(PM10),76,102,86,50,48,101,,97,97,16,11,12,8,0.6,0.5
2026-02-21T1400,3713A,124.3286,43.1726,四平市,世纪城,,,96,84,52,52,,,,,8,9,9,8,0.6,0.5
2026-02-21T1400,2233A,124.8007,45.1213,松原市,江南,颗粒物(PM10),133,215,174,64,72,102,,82,82,13,15,1,2,0.6,0.6
2026-02-21T1400,2234A,124.7967,45.1721,松原市,江北,颗粒物(PM10),138,225,196,60,67,104,,90,90,10,11,3,2,0.7,0.6
2026-02-21T1400,1163A,120.5974,31.3247,苏州市,轧钢厂,,39,39,55,25,36,98,,65,65,13,26,9,9,0.6,0.7
2026-02-21T1400,1164A,120.6329,31.2741,苏州市,吴中区,,42,42,48,26,31,99,,70,70,10,20,8,9,0.5,0.6
2026-02-21T1400,1165A,120.5566,31.3049,苏州市,苏州新区,,35,35,37,23,24,101,,77,77,13,16,8,9,0.6,0.6
2026-02-21T1400,1166A,120.668709,31.312523,苏州市,苏州工业园区,,,41,50,28,35,102,,74,74,14,16,8,8,,0.6
2026-02-21T1400,1167A,120.6408,31.3707,苏州市,相城区,,40,40,45,23,28,105,,76,76,6,15,5,7,0.7,0.7
2026-02-21T1400,3289A,120.7431,31.3188,苏州市,方洲路,,39,39,49,26,34,103,,73,73,8,12,9,9,0.6,0.6
2026-02-21T1400,3290A,120.4979,31.2777,苏州市,木渎中学,,33,33,38,21,26,104,,80,80,9,11,6,8,0.5,0.5
2026-02-21T1400,3425A,120.642,31.1733,苏州市,越秀幼儿园,,40,34,52,28,33,100,,72,72,6,11,6,7,0.7,0.7
2026-02-21T1400,3431A,120.6502,31.4117,苏州市,高铁新城,,44,44,48,27,31,105,,76,76,10,15,6,7,0.6,0.6
2026-02-21T1400,4090A,120.4282,31.3228,苏州市,学森路9号,,50,50,49,20,26,92,,69,69,12,13,6,7,0.5,0.6
2026-02-21T1400,1220A,118.2924,33.933,宿迁市,宿迁学院,,44,44,53,26,32,104,,70,70,10,10,7,5,0.6,0.6
2026-02-21T1400,1221A,118.2321,33.9572,宿迁市,宿迁中学,,45,45,53,28,36,99,,64,64,7,7,6,5,0.3,0.3
2026-02-21T1400,2996A,118.2781,33.9658,宿迁市,市供电局,,47,47,52,29,34,108,,74,74,7,8,5,4,0.7,0.7
2026-02-21T1400,3191A,118.3243,33.95,宿迁市,宿豫区政府,,47,47,55,30,37,99,,66,66,10,12,8,7,0.5,0.5
2026-02-21T1400,4094A,118.352,33.7886,宿迁市,春华路,,46,46,53,31,36,92,,65,65,9,7,6,5,0.6,0.6
2026-02-21T1400,3187A,116.9508,33.666,宿州市,远航博物馆,颗粒物(PM10),51,51,54,28,37,100,,73,73,6,11,4,4,0.4,0.5
2026-02-21T1400,3463A,116.9708,33.5911,宿州市,社会福利中心,,48,48,59,24,39,103,,66,66,10,18,7,6,0.5,0.6
2026-02-21T1400,3701A,116.9647,33.6252,宿州市,皖北煤电集团,,50,50,58,29,40,105,,71,71,8,13,5,5,0.7,0.7
2026-02-21T1400,4103A,116.9929,33.6412,宿州市,中兴路,,44,44,58,26,38,100,,66,66,7,12,9,7,0.6,0.6
2026-02-21T1400,2266A,126.9783,46.6365,绥化市,人和东街,细颗粒物(PM2.5),70,66,83,51,62,90,,72,72,12,17,9,18,0.7,0.8
2026-02-21T1400,2267A,126.964,46.6527,绥化市,党政办公中心,细颗粒物(PM2.5),74,74,98,54,65,92,,75,75,14,19,8,14,0.7,0.8
2026-02-21T1400,2451A,113.3587,31.7275,随州市,市委党校,,40,40,47,19,31,87,,58,58,12,14,17,21,0.5,0.7
2026-02-21T1400,2452A,113.3745,31.6926,随州市,市林业局,,38,38,44,20,32,89,,57,57,5,8,29,7,0.8,0.8
2026-02-21T1400,2453A,113.3984,31.7309,随州市,市立交桥水厂,,41,41,47,22,33,81,,52,52,11,13,6,7,0.7,0.7
2026-02-21T1400,2528A,105.5581,30.5231,遂宁市,市监测站,细颗粒物(PM2.5),55,58,75,39,54,111,,57,57,8,27,5,4,0.3,0.5
2026-02-21T1400,2530A,105.5917,30.4727,遂宁市,美宁食品公司,细颗粒物(PM2.5),67,,75,48,62,104,,46,46,7,26,6,5,0.3,0.6
2026-02-21T1400,4303A,105.5911,30.5368,遂宁市,环岛商务中心9号楼,细颗粒物(PM2.5),57,58,78,40,57,107,,47,47,9,24,5,6,0.9,0.3
2026-02-21T1400,2706A,82.9993,46.7432,塔城地区,东门外小游园,,47,47,20,3,5,84,,68,68,4,6,6,5,0.3,0.3
2026-02-21T1400,4165A,82.9716,46.7464,塔城地区,文化广场,,35,28,20,24,11,79,,65,65,4,7,2,2,0.4,0.6
2026-02-21T1400,1255A,121.2727,28.6461,台州市,黄岩环保大楼,,30,21,34,12,24,96,,62,62,6,12,/,/,/,/
2026-02-21T1400,1256A,121.4188,28.6545,台州市,台州环保大楼,,33,17,32,6,22,103,,76,76,6,10,/,/,0.4,0.5
2026-02-21T1400,1257A,121.3768,28.5772,台州市,路桥田洋王,,32,18,34,10,23,102,,71,71,7,12,4,4,0.4,0.5
2026-02-21T1400,3564A,121.25678,28.66823971,台州市,台州科技职业学院,,31,23,36,11,20,97,,67,67,4,8,6,6,0.4,0.4
2026-02-21T1400,1081A,112.5138,37.8916,太原市,尖草坪,颗粒物(PM10),404,504,177,77,39,95,,57,57,1,19,1,5,0.4,0.6
2026-02-21T1400,1084A,112.4691,37.7125,太原市,晋源,颗粒物(PM10),179,307,163,63,53,98,,51,51,2,25,2,9,0.2,0.6
2026-02-21T1400,1085A,112.5595,37.7391,太原市,小店,颗粒物(PM10),308,426,181,57,56,96,,53,53,2,26,2,18,0,0.8
2026-02-21T1400,1087A,112.5705,37.8199,太原市,坞城,颗粒物(PM10),229,370,160,57,42,94,,51,51,7,32,4,14,0.1,0.7
2026-02-21T1400,1088A,112.5495,37.9853,太原市,南寨,颗粒物(PM10),323,438,172,76,43,92,,50,50,4,17,5,8,0.2,0.4
2026-02-21T1400,3618A,112.4702,37.7821,太原市,金胜,颗粒物(PM10),424,524,196,80,48,96,,68,68,3,13,1,10,0.3,0.6
2026-02-21T1400,4010A,112.5608,37.8807,太原市,育英中学,颗粒物(PM10),262,393,161,62,34,93,,53,53,6,25,6,10,0.2,0.5
2026-02-21T1400,4074A,112.449,37.8509,太原市,西矿街336号,颗粒物(PM10),500,666,221,97,46,98,,71,71,3,11,1,6,0.3,0.4
2026-02-21T1400,4075A,112.4792,37.9393,太原市,迎宾北路9号,颗粒物(PM10),422,522,178,86,43,96,,62,62,5,15,3,7,0.6,0.7
2026-02-21T1400,4076A,112.551,37.8575,太原市,迎泽大街248号,颗粒物(PM10),476,576,185,62,34,95,,55,55,6,26,2,7,0.1,0.4
2026-02-21T1400,1656A,117.1436,36.1938,泰安市,监测站,颗粒物(PM10),67,83,75,44,47,98,,71,71,9,12,7,6,0.6,0.6
2026-02-21T1400,1657A,117.0905,36.2002,泰安市,人口学校,"颗粒物(PM10),细颗粒物(PM2.5)",65,80,77,47,46,100,,72,72,11,12,11,9,0.5,0.5
2026-02-21T1400,1658A,117.0992,36.1757,泰安市,电力学校,颗粒物(PM10),64,78,73,45,50,104,,72,72,8,14,9,8,0.8,0.7
2026-02-21T1400,3502A,117.1812,36.2273,泰安市,国网新校,细颗粒物(PM2.5),65,78,65,47,46,99,,71,71,8,10,9,8,0.7,0.7
2026-02-21T1400,3503A,117.0315,36.2017,泰安市,交通技校,,,71,65,51,51,102,,74,74,7,8,,5,0.7,0.6
2026-02-21T1400,3504A,117.083,36.13,泰安市,山东第一医科大学,细颗粒物(PM2.5),63,68,70,45,49,103,,74,74,2,6,7,7,0.3,0.3
2026-02-21T1400,1206A,119.9042,32.488,泰州市,公园路,,34,34,48,18,28,106,,76,76,9,15,6,8,0.4,0.5
2026-02-21T1400,1207A,119.9189,32.4626,泰州市,莲花,,37,37,48,21,29,104,,73,73,16,21,9,13,0.3,0.4
2026-02-21T1400,1209A,119.8877,32.4636,泰州市,留学生创业园,,40,32,48,28,33,100,,72,72,9,14,10,12,0.3,0.7
2026-02-21T1400,2997A,119.8767,32.3291,泰州市,王营,,38,32,61,17,37,120,,76,76,9,26,10,12,0.4,0.6
2026-02-21T1400,3295A,120.1226,32.515,泰州市,姜堰区政府广场,,47,47,75,28,52,112,,72,72,9,17,8,12,0.4,0.6
2026-02-21T1400,3435A,119.9186,32.4322,泰州市,周山河街区,,43,43,61,25,40,100,,61,61,10,21,12,17,0.3,0.4
2026-02-21T1400,1040A,118.1707,39.6505,唐山市,十二中,颗粒物(PM10),98,145,156,68,83,94,,49,49,27,38,15,16,0.9,1.4
2026-02-21T1400,1041A,118.1868,39.6219,唐山市,小山,细颗粒物(PM2.5),103,125,129,77,88,81,,49,49,22,28,21,18,1.0,1.3
2026-02-21T1400,3457A,118.4357,39.277,唐山市,冀东油田职工医院,颗粒物(PM10),76,102,103,54,59,81,,58,54,12,23,14,15,0.6,0.7
2026-02-21T1400,3575A,118.0927,39.5807,唐山市,正泰大街热力站,颗粒物(PM10),95,140,155,68,93,80,,40,40,20,20,15,10,1.1,1.4
2026-02-21T1400,3576A,118.1561,39.8322,唐山市,丰润区政府,细颗粒物(PM2.5),99,138,164,74,97,77,,47,47,23,28,20,20,1.0,1.6
2026-02-21T1400,3577A,118.436906,39.73802,唐山市,金山小学,细颗粒物(PM2.5),93,113,139,69,82,86,,52,52,21,26,20,25,1.2,1.8
2026-02-21T1400,3578A,118.2449,39.6693,唐山市,政府服务中心,细颗粒物(PM2.5),123,150,127,93,82,99,,43,43,36,34,33,21,1.1,1.4
2026-02-21T1400,3692A,118.2043,39.6703,唐山市,消防缸窑路中队,颗粒物(PM10),117,183,149,86,76,108,,53,53,22,24,28,25,1.2,1.5
2026-02-21T1400,3693A,118.1432,39.6203,唐山市,路南电大,细颗粒物(PM2.5),94,113,127,70,86,76,,37,37,31,27,17,12,1.0,1.4
2026-02-21T1400,4065A,118.1267,39.6579,唐山市,光明北路515号,颗粒物(PM10),95,139,155,65,89,86,,48,48,21,31,16,19,1.0,1.1
2026-02-21T1400,4197A,118.130859,39.636026,唐山市,友谊北路34号,细颗粒物(PM2.5),117,145,142,88,93,71,,33,33,19,21,,8,,1.5
2026-02-21T1400,1015A,117.1446,39.1659,天津市,勤俭道,细颗粒物(PM2.5),95,134,123,71,68,108,,65,65,9,19,12,11,0.7,0.9
2026-02-21T1400,1018A,117.2016,39.0928,天津市,前进道,细颗粒物(PM2.5),105,134,123,79,73,107,,66,66,11,20,11,12,0.7,1
2026-02-21T1400,1019A,117.1837,39.2134,天津市,淮河道,颗粒物(PM10),101,152,128,75,67,108,,62,62,14,26,10,12,0.7,1
2026-02-21T1400,1021A,117.308261,39.088386,天津市,跃进路,细颗粒物(PM2.5),102,136,131,76,77,110,,66,66,12,22,12,13,0.8,1.1
2026-02-21T1400,1023A,117.707,39.0344,天津市,第四大街,颗粒物(PM10),90,129,124,65,64,76,,47,46,25,48,10,10,1.0,1
2026-02-21T1400,1024A,117.4573,38.8395,天津市,永明路,细颗粒物(PM2.5),89,112,104,66,64,85,,46,43,18,29,12,11,0.8,0.8
2026-02-21T1400,1026A,117.7641,39.1588,天津市,汉北路,颗粒物(PM10),87,124,122,60,65,87,,32,32,25,50,11,9,1.0,1.1
2026-02-21T1400,2858A,117.7917,39.2473,天津市,河西一经路,,,129,123,67,67,,,34,,,41,14,13,1.2,0.9
2026-02-21T1400,2859A,117.3747,38.9845,天津市,津沽路,颗粒物(PM10),86,121,119,62,67,98,,58,58,14,21,11,11,0.7,0.7
2026-02-21T1400,2860A,117.159,39.0844,天津市,宾水西道,细颗粒物(PM2.5),94,122,115,70,70,96,,54,54,11,18,12,11,0.6,0.7
2026-02-21T1400,2922A,117.194,39.1069,天津市,大理道,细颗粒物(PM2.5),98,124,114,73,70,101,,61,61,17,27,12,13,0.8,1
2026-02-21T1400,3020A,117.2096,39.1698,天津市,中山北路,颗粒物(PM10),93,135,119,66,63,101,,59,59,14,28,10,10,0.5,0.9
2026-02-21T1400,3051A,117.385,39.1483,天津市,西四道,细颗粒物(PM2.5),94,132,118,70,65,104,,57,57,13,26,11,12,0.8,1
2026-02-21T1400,3325A,117.0362,39.3827,天津市,雍阳西道,细颗粒物(PM2.5),137,188,163,104,93,127,,55,55,22,35,14,13,1.0,1.1
2026-02-21T1400,3326A,117.0291,39.0612,天津市,辛老路,颗粒物(PM10),98,145,139,72,71,99,,57,57,11,18,10,10,1.1,1.1
2026-02-21T1400,3327A,116.9638,38.9374,天津市,地纬路,颗粒物(PM10),88,125,131,60,68,94,,54,54,10,17,13,13,0.5,0.7
2026-02-21T1400,3460A,117.4065,40.0583,天津市,北环路,细颗粒物(PM2.5),138,178,124,105,77,105,,81,81,21,16,16,11,1.4,1.1
2026-02-21T1400,3461A,117.3041,39.7167,天津市,建设路,细颗粒物(PM2.5),135,176,165,103,107,111,,53,53,20,35,13,20,0.9,1.3
2026-02-21T1400,3462A,117.8201,39.3519,天津市,滨水东路,细颗粒物(PM2.5),95,119,121,71,69,71,,39,36,26,39,14,15,1.3,1.1
2026-02-21T1400,4196A,117.24369,39.102911,天津市,光华路,,,140,122,69,65,93,,60,60,17,22,,11,0.7,1.2
2026-02-21T1400,2650A,105.72058,34.57859,天水市,公园小学,细颗粒物(PM2.5),55,51,53,39,40,103,,66,66,11,17,12,12,0.7,0.8
2026-02-21T1400,2651A,105.89428,34.55353,天水市,麦积国土局,细颗粒物(PM2.5),63,51,64,45,47,104,,54,54,16,25,4,11,0.7,0.9
2026-02-21T1400,2217A,123.865,42.292,铁岭市,水上乐园,颗粒物(PM10),74,98,79,46,52,103,,95,95,14,14,11,11,0.7,0.7
2026-02-21T1400,2219A,123.7158,42.2218,铁岭市,金沙江路北,颗粒物(PM10),78,106,76,49,54,109,,100,98,12,12,12,7,0.6,0.6
2026-02-21T1400,4084A,123.835,42.2853,铁岭市,新华街20号,颗粒物(PM10),71,91,87,43,49,101,,96,94,11,11,11,12,0.6,0.6
2026-02-21T1400,2229A,125.9359,41.7174,通化市,光明,细颗粒物(PM2.5),69,59,65,50,53,98,,103,102,8,9,13,12,0.6,0.6
2026-02-21T1400,2230A,125.9446,41.7323,通化市,铁路,细颗粒物(PM2.5),68,56,66,49,54,98,,101,101,11,12,11,9,0.6,0.6
2026-02-21T1400,2191A,122.253,43.6801,通辽市,艺术职业学校,细颗粒物(PM2.5),100,137,128,75,74,113,,95,88,23,29,18,30,1.0,1
2026-02-21T1400,3706A,122.2584,43.6333,通辽市,老干部活动中心,细颗粒物(PM2.5),113,150,136,85,87,103,,90,86,17,18,17,15,1.0,1
2026-02-21T1400,3708A,122.2923,43.6189,通辽市,东方明珠社区,细颗粒物(PM2.5),110,147,132,83,89,103,,88,83,18,19,16,17,1.0,1
2026-02-21T1400,1923A,109.0696,35.0699,铜川市,王益区政府,颗粒物(PM10),415,515,123,107,44,83,,44,44,2,19,1,3,0.5,0.9
2026-02-21T1400,1924A,108.9345,34.9059,铜川市,新区管委会,颗粒物(PM10),349,459,132,99,39,81,,70,70,4,8,1,2,0.3,0.4
2026-02-21T1400,4234A,108.949652,34.870529,铜川市,大唐三路,颗粒物(PM10),398,498,139,104,41,82,,72,72,4,11,1,5,0.0,0.1
2026-02-21T1400,2285A,117.8176,30.9412,铜陵市,市第四中学,,,,59,,33,,,72,56,,13,,13,,1.3
2026-02-21T1400,2287A,117.7806,30.9413,铜陵市,市新民污水厂,,40,40,53,18,35,82,,53,53,12,17,22,26,0.5,0.7
2026-02-21T1400,2289A,117.846,30.9414,铜陵市,车站新区,,33,33,46,16,27,81,,62,62,9,14,9,9,0.5,0.7
2026-02-21T1400,2290A,117.8472,30.9699,铜陵市,市职教基地,,37,37,52,19,31,88,,61,61,7,12,8,11,0.8,1.3
2026-02-21T1400,2585A,109.1839,27.7344,铜仁市,铜仁卫校,,29,24,54,20,39,67,,24,24,5,15,2,2,0.7,0.9
2026-02-21T1400,2586A,109.1752,27.6945,铜仁市,铜仁七中,,40,,33,28,39,73,,31,31,8,14,5,4,0.7,0.8
2026-02-21T1400,2686A,89.1905,42.9419,吐鲁番市,市环保局,颗粒物(PM10),256,389,240,49,48,86,,76,76,8,15,2,3,0.5,0.9
2026-02-21T1400,2687A,89.1674,42.9558,吐鲁番市,地区环保局,颗粒物(PM10),225,367,215,15,44,85,,71,71,3,10,3,5,0.7,0.9
2026-02-21T1400,1662A,122.121,37.4231,威海市,华夏技校,颗粒物(PM10),64,78,68,32,49,90,,90,77,17,19,/,/,0.8,0.8
2026-02-21T1400,1663A,122.0508,37.5236,威海市,山大分校,颗粒物(PM10),57,63,59,35,46,92,,94,80,12,13,/,/,/,/
2026-02-21T1400,1664A,122.1067,37.5067,威海市,市监测站,颗粒物(PM10),61,71,64,33,39,94,,94,83,12,12,4,4,0.6,0.6
2026-02-21T1400,1982A,122.0693,37.2175,威海市,文登开发区,颗粒物(PM10),58,66,73,34,51,90,,90,76,10,12,/,/,/,/
2026-02-21T1400,3505A,122.1379,37.3414,威海市,临港区管委会,颗粒物(PM10),62,73,73,32,48,94,,93,78,11,13,7,9,0.5,0.6
2026-02-21T1400,1650A,119.1436,36.7022,潍坊市,环保局,颗粒物(PM10),92,134,87,33,45,111,,77,77,8,10,7,8,0.6,0.7
2026-02-21T1400,2877A,119.1638,36.6524,潍坊市,坊子邮政,颗粒物(PM10),93,136,85,28,46,105,,71,71,12,17,7,9,0.6,0.7
2026-02-21T1400,3178A,119.0587,36.7209,潍坊市,潍坊七中,颗粒物(PM10),96,141,87,33,45,109,,75,75,5,10,6,7,0.8,0.8
2026-02-21T1400,3368A,119.1978,36.6871,潍坊市,高新实验学校,颗粒物(PM10),90,129,88,36,43,108,,74,74,6,10,6,6,0.7,0.7
2026-02-21T1400,3416A,119.1758,36.7139,潍坊市,潍坊学院,颗粒物(PM10),95,139,88,28,42,110,,77,77,5,8,8,9,0.8,0.9
2026-02-21T1400,3861A,119.2046,36.7696,潍坊市,寒亭区实验一小,颗粒物(PM10),90,129,81,30,42,106,,77,77,4,8,9,10,0.5,0.6
2026-02-21T1400,1940A,109.4605,34.4927,渭南市,体育馆,颗粒物(PM10),343,454,89,60,32,91,,52,52,10,26,5,7,0.3,0.4
2026-02-21T1400,1941A,109.4257,34.5067,渭南市,高新一小,颗粒物(PM10),263,394,86,82,44,88,,50,50,8,24,5,6,0.3,0.5
2026-02-21T1400,4235A,109.505065,34.492137,渭南市,渭花路4号,颗粒物(PM10),209,356,71,63,30,88,,46,46,11,26,7,6,0.4,0.6
2026-02-21T1400,1242A,120.6342,28.0088,温州市,瓯海,,35,30,46,24,36,101,,62,62,10,14,7,7,0.5,0.4
2026-02-21T1400,1243A,120.6747,27.9881,温州市,南浦,,36,36,53,22,37,112,,68,68,9,15,6,6,0.6,0.5
2026-02-21T1400,1244A,120.76,27.9745,温州市,龙湾,,32,22,48,18,38,100,,63,63,8,17,5,5,0.4,0.4
2026-02-21T1400,3561A,120.6985,27.9252,温州市,茶山,,32,27,42,13,29,102,,73,73,7,10,/,/,/,/
2026-02-21T1400,4096A,120.6935,28.0114,温州市,鹿城惠民路,,38,38,77,23,32,108,,70,70,10,12,/,/,0.5,0.4
2026-02-21T1400,2610A,104.2533,23.3595,文山壮族苗族自治州,州水务局,,26,,19,13,13,82,,54,54,5,6,7,5,0.3,0.4
2026-02-21T1400,2611A,104.2319,23.3892,文山壮族苗族自治州,市便民服务中心,,25,14,19,8,15,78,,48,48,5,6,6,5,0.3,0.5
2026-02-21T1400,2187A,106.8172,39.6972,乌海市,市林业局,颗粒物(PM10),500,723,589,173,162,88,,90,89,3,4,8,6,0.4,0.5
2026-02-21T1400,2188A,106.7907,39.6666,乌海市,中海勃湾学校,颗粒物(PM10),500,721,582,118,155,102,,102,102,2,4,9,8,0.2,0.2
2026-02-21T1400,3284A,106.8129,39.7274,乌海市,海北新区,颗粒物(PM10),500,978,698,116,127,88,,87,87,7,8,12,14,0.3,0.3
2026-02-21T1400,4278A,106.8212,39.6741,乌海市,海拉北路,颗粒物(PM10),500,787,691,96,129,84,,84,84,1,8,12,12,0.3,0.4
2026-02-21T1400,2197A,113.1306,40.9924,乌兰察布市,集宁新区,颗粒物(PM10),500,1289,455,300,123,94,,87,87,3,6,4,5,0.5,0.5
2026-02-21T1400,3034A,113.1076,41.0385,乌兰察布市,光明街小学,颗粒物(PM10),500,1056,426,240,115,90,,79,79,5,9,4,6,0.4,0.5
2026-02-21T1400,3285A,113.1383,40.9513,乌兰察布市,北京八中,颗粒物(PM10),500,1966,593,364,118,89,,77,77,1,4,2,5,0.4,0.5
2026-02-21T1400,3421A,113.1776,40.9779,乌兰察布市,市委党校,颗粒物(PM10),500,1542,536,262,94,101,,88,88,2,6,1,4,0.4,0.4
2026-02-21T1400,1490A,87.5796,43.8299,乌鲁木齐市,监测站,细颗粒物(PM2.5),266,272,107,216,88,40,,38,26,29,36,5,6,1.6,1.3
2026-02-21T1400,1491A,87.6044,43.7679,乌鲁木齐市,收费所,细颗粒物(PM2.5),275,272,77,225,59,45,,59,30,33,32,9,8,1.3,0.8
2026-02-21T1400,1493A,87.5529,43.8704,乌鲁木齐市,铁路局,细颗粒物(PM2.5),228,231,118,178,85,44,,41,41,33,44,,3,1.1,1
2026-02-21T1400,1494A,87.6408,43.8258,乌鲁木齐市,三十一中学,细颗粒物(PM2.5),176,,78,133,62,46,,55,34,28,28,3,4,1.5,0.7
2026-02-21T1400,1496A,87.7218,44.1747,乌鲁木齐市,米东区环保局,,,25,94,7,64,,,80,79,,16,8,9,0.3,0.8
2026-02-21T1400,3033A,87.4652,43.4569,乌鲁木齐市,培训基地,,27,17,14,7,13,85,,82,82,7,8,6,5,0.3,0.4
2026-02-21T1400,3437A,88.3088,43.3637,乌鲁木齐市,达坂城区环保局,,26,26,35,3,10,78,,80,76,6,5,10,10,0.4,0.3
2026-02-21T1400,3438A,87.6132,43.8791,乌鲁木齐市,红光山片区,细颗粒物(PM2.5),195,154,78,146,77,39,,44,36,31,36,19,15,1.4,0.9
2026-02-21T1400,3439A,87.7008,43.8003,乌鲁木齐市,新师大温泉校区,细颗粒物(PM2.5),137,121,65,104,49,67,,70,55,19,24,6,8,1.0,0.5
2026-02-21T1400,3440A,87.4892,43.84,乌鲁木齐市,大绿谷,颗粒物(PM10),103,156,80,64,55,46,,38,36,29,38,2,5,1.0,0.9
2026-02-21T1400,1188A,120.2693,31.4864,无锡市,雪浪,,31,29,40,18,22,98,,77,77,9,11,7,7,0.3,0.4
2026-02-21T1400,1189A,120.2761,31.621,无锡市,黄巷,,33,33,37,18,21,94,,72,72,6,9,4,5,0.5,0.6
2026-02-21T1400,1191A,120.2422,31.5037,无锡市,漆塘,,35,35,46,16,19,94,,74,74,4,5,8,9,0.6,0.7
2026-02-21T1400,1192A,120.3489,31.5865,无锡市,东亭,,31,24,33,20,22,98,,76,76,9,12,8,8,0.5,0.6
2026-02-21T1400,1193A,120.3538,31.5474,无锡市,旺庄,,31,26,39,19,21,99,,76,76,8,11,4,5,0.6,0.6
2026-02-21T1400,1194A,120.2447,31.5633,无锡市,荣巷,,33,27,37,18,23,104,,78,78,5,9,8,8,0.7,0.8
2026-02-21T1400,1195A,120.2986,31.6816,无锡市,堰桥,,29,29,37,16,20,92,,71,71,13,14,4,5,0.4,0.5
2026-02-21T1400,4087A,120.3138,31.4927,无锡市,清舒道1号,,33,33,38,19,21,102,,79,79,6,8,8,9,0.6,0.6
2026-02-21T1400,4254A,120.2925,31.5685,无锡市,健康路105号,,43,43,43,15,18,89,,69,69,10,13,6,6,0.6,0.7
2026-02-21T1400,2677A,106.1535,37.9648,吴忠市,教育园区,颗粒物(PM10),195,340,684,74,154,92,,86,86,2,4,5,10,0.2,0.2
2026-02-21T1400,2679A,106.1851,37.9957,吴忠市,新区二泵站,颗粒物(PM10),255,388,638,87,151,88,,81,81,3,7,4,9,0.2,0.2
2026-02-21T1400,3648A,106.2176,37.9832,吴忠市,文卫南街,颗粒物(PM10),191,331,599,94,186,94,,87,87,4,8,5,10,0.2,0.2
2026-02-21T1400,1794A,118.3603,31.3515,芜湖市,监测站,,33,33,47,14,28,92,,65,65,14,26,9,9,1.0,1
2026-02-21T1400,1795A,118.3716,31.4135,芜湖市,科创中心,,34,34,54,18,35,92,,52,52,11,29,7,8,0.8,1
2026-02-21T1400,1796A,118.3671,31.3132,芜湖市,四水厂,,30,30,45,16,27,93,,69,69,19,22,5,6,0.5,0.7
2026-02-21T1400,3328A,118.4209,31.3704,芜湖市,市气象局,,35,35,48,19,32,94,,61,61,10,20,10,10,0.6,0.8
2026-02-21T1400,3465A,118.4783,31.3226,芜湖市,清苑社区,,31,28,52,20,35,99,,64,64,16,17,9,9,0.3,0.5
2026-02-21T1400,3466A,118.2746,31.2326,芜湖市,扬子职业技术学院,,32,26,45,14,29,100,,69,69,8,12,8,10,0.5,0.7
2026-02-21T1400,4099A,118.5726,31.1371,芜湖市,湾沚区人民法院,,27,23,34,14,22,85,,67,67,10,13,8,8,0.9,1.1
2026-02-21T1400,2496A,111.3126,23.4772,梧州市,市十一中,细颗粒物(PM2.5),60,48,51,43,48,96,,38,38,12,18,9,9,0.3,0.4
2026-02-21T1400,2498A,111.26,23.4794,梧州市,龙新,颗粒物(PM10),56,62,62,35,39,117,,46,46,5,17,10,5,0.2,0.3
2026-02-21T1400,4258A,111.2416,23.4155,梧州市,政贤路18号,颗粒物(PM10),66,82,67,40,48,84,,34,34,11,17,11,6,0.5,0.7
2026-02-21T1400,2711A,87.5352,44.1606,五家渠市,农水大厦,,41,41,92,23,70,76,,71,69,14,15,6,8,0.4,0.8
2026-02-21T1400,3441A,87.5461,44.1909,五家渠市,经开区管委会,,26,20,105,3,68,83,,76,75,8,15,5,7,0.5,1
2026-02-21T1400,4168A,87.055284,43.999117,五家渠市,建设西街760号,,48,48,52,25,39,77,,69,69,8,12,2,4,0.7,0.9
2026-02-21T1400,1325A,114.3676,30.5584,武汉市,东湖梨园,,43,,39,30,37,89,,49,49,9,17,8,7,0.8,0.9
2026-02-21T1400,1326A,114.2527,30.5578,武汉市,汉阳月湖,,28,23,41,19,37,89,,52,52,8,14,4,4,0.6,0.8
2026-02-21T1400,1327A,114.2819,30.6189,武汉市,汉口花桥,,40,33,40,28,39,94,,52,52,8,19,4,4,1.0,1
2026-02-21T1400,1328A,114.3024,30.5332,武汉市,武昌紫阳,,32,28,44,20,33,102,,55,55,6,17,8,8,0.8,0.9
2026-02-21T1400,1329A,114.3646,30.6217,武汉市,青山钢花,,29,28,46,12,35,90,,57,57,8,12,7,8,0.9,1
2026-02-21T1400,1330A,114.156697,30.482592,武汉市,沌口新区,,33,26,44,23,34,93,,49,49,4,14,8,9,0.6,0.8
2026-02-21T1400,1331A,114.3013,30.5944,武汉市,汉口江滩,,38,30,42,26,39,91,,53,53,18,27,7,7,0.8,0.9
2026-02-21T1400,1333A,114.1285,30.6339,武汉市,吴家山,,31,21,48,19,38,98,,61,61,17,34,5,5,0.3,0.4
2026-02-21T1400,3153A,114.3876,30.4908,武汉市,民族大道182号,,35,32,41,24,37,95,,55,55,3,13,5,6,0.9,1
2026-02-21T1400,2652A,102.6203,37.925,武威市,监测站,颗粒物(PM10),500,1247,354,263,86,72,,50,50,2,8,11,14,0.3,0.4
2026-02-21T1400,4270A,102.6447,37.9293,武威市,钟楼街149号,颗粒物(PM10),500,1306,389,322,106,74,,54,54,4,8,10,11,0.3,0.4
2026-02-21T1400,1463A,108.9931,34.2629,西安市,兴庆小区,颗粒物(PM10),157,264,69,102,39,83,,52,52,9,31,5,6,0.3,0.5
2026-02-21T1400,1464A,109.0595,34.2569,西安市,纺织城,颗粒物(PM10),151,251,103,63,34,81,,46,46,10,35,4,4,0.2,0.4
2026-02-21T1400,1465A,108.9377,34.2178,西安市,小寨,颗粒物(PM10),140,230,79,70,46,90,,56,56,6,38,4,5,0.3,0.9
2026-02-21T1400,1466A,108.9522,34.2739,西安市,市人民体育场,颗粒物(PM10),167,284,106,66,50,81,,46,46,7,48,5,6,0.4,1.5
2026-02-21T1400,1467A,108.8923,34.2322,西安市,高新西区,颗粒物(PM10),129,207,79,72,47,85,,58,58,4,32,4,5,0.2,0.6
2026-02-21T1400,1468A,108.9386,34.3446,西安市,经开区,颗粒物(PM10),165,279,91,68,48,86,,57,57,11,43,3,4,0.3,0.6
2026-02-21T1400,1469A,108.894,34.1557,西安市,长安区,颗粒物(PM10),431,531,90,79,38,91,,59,59,4,18,4,5,0.3,0.6
2026-02-21T1400,1471A,109.213,34.3748,西安市,临潼区,颗粒物(PM10),191,332,69,65,33,85,,60,60,5,25,5,5,0.3,0.6
2026-02-21T1400,1474A,109.0508,34.321,西安市,广运潭,颗粒物(PM10),158,266,83,68,38,87,,55,55,10,28,2,3,0.4,0.6
2026-02-21T1400,3605A,109.1019,34.5302,西安市,无线电监控中心,颗粒物(PM10),154,257,88,58,55,87,,50,50,10,26,6,6,0.3,0.5
2026-02-21T1400,4055A,108.8869,34.2662,西安市,行知小学,颗粒物(PM10),127,204,81,70,50,82,,54,54,,38,,7,0.4,1.1
2026-02-21T1400,4233A,108.596239,34.118792,西安市,西苑北路977号,颗粒物(PM10),193,336,90,70,52,94,,66,66,2,17,5,7,0.3,0.5
2026-02-21T1400,4307A,108.9817,34.2035,西安市,曲江池东路988号,颗粒物(PM10),193,335,65,67,30,92,,67,67,6,24,5,5,0.3,0.5
2026-02-21T1400,3055A,101.7775,36.643,西宁市,城北区政府,颗粒物(PM10),78,105,43,3,20,104,,60,60,2,16,6,11,0.6,1.1
2026-02-21T1400,3629A,101.8304,36.5785,西宁市,世纪职校,颗粒物(PM10),54,57,33,14,21,84,,42,39,3,18,5,13,0.5,0.8
2026-02-21T1400,4162A,101.6769,36.6535,西宁市,海晏路105号,颗粒物(PM10),69,88,59,10,34,84,,33,33,1,27,7,11,0.2,0.9
2026-02-21T1400,2612A,100.8018,21.9995,西双版纳傣族自治州,景洪市江南,,50,40,50,35,36,80,,37,37,4,9,9,7,0.6,0.7
2026-02-21T1400,2613A,100.7995,22.0238,西双版纳傣族自治州,景洪市江北,细颗粒物(PM2.5),54,,46,38,31,95,,47,47,6,8,9,7,0.5,0.5
2026-02-21T1400,2202A,116.1048,43.9318,锡林郭勒盟,市环保监测站,颗粒物(PM10),500,1172,323,81,82,66,,69,69,5,6,4,5,0.2,0.2
2026-02-21T1400,2203A,116.0778,43.9312,锡林郭勒盟,市政府,颗粒物(PM10),500,844,263,89,85,74,,78,78,3,6,6,7,0.2,0.2
2026-02-21T1400,1287A,118.1519,24.4768,厦门市,洪文,,37,37,43,23,26,115,,81,81,8,9,4,3,0.5,0.4
2026-02-21T1400,1288A,118.0671,24.4447,厦门市,鼓浪屿,细颗粒物(PM2.5),53,50,45,37,30,95,,69,69,29,13,2,1,/,/
2026-02-21T1400,2842A,118.0937,24.5054,厦门市,湖里中学,细颗粒物(PM2.5),53,44,41,37,28,105,,66,66,20,14,4,2,0.6,0.5
2026-02-21T1400,3527A,118.0961,24.5689,厦门市,集美中学,颗粒物(PM10),51,51,41,29,27,125,,85,85,10,11,2,2,0.5,0.5
2026-02-21T1400,3528A,118.1502,24.7246,厦门市,同安二实小,,39,27,36,23,28,124,,83,83,6,8,2,2,0.5,0.5
2026-02-21T1400,3655A,114.3379,29.8683,咸宁市,长江产业园,,30,20,33,19,26,94,,72,72,15,16,5,5,0.5,0.4
2026-02-21T1400,4217A,114.3182,29.8447,咸宁市,双鹤路18号,,30,20,45,18,36,94,,66,66,13,19,4,4,0.9,1
2026-02-21T1400,4298A,114.284,29.8595,咸宁市,碧桂路,,30,20,39,17,33,96,,67,67,12,17,5,5,0.6,0.5
2026-02-21T1400,1919A,108.6726,34.315,咸阳市,实验中学,颗粒物(PM10),312,429,106,113,72,86,,43,43,5,29,4,7,0.4,0.8
2026-02-21T1400,1920A,108.7226,34.3622,咸阳市,师范学院,颗粒物(PM10),181,312,96,81,58,84,,47,47,9,21,5,7,0.4,0.6
2026-02-21T1400,3525A,108.6394,34.408,咸阳市,奥体中心,颗粒物(PM10),493,593,124,95,57,84,,53,53,2,12,3,6,0.3,0.5
2026-02-21T1400,4056A,108.6601,34.3767,咸阳市,五陵塬路2号,,,,87,,64,,,108,,,20,,8,,0.7
2026-02-21T1400,4156A,108.6372,34.3031,咸阳市,胭脂路9号,颗粒物(PM10),269,398,139,93,76,88,,47,47,6,25,3,7,0.3,0.7
2026-02-21T1400,1508A,112.9508,27.8626,湘潭市,板塘,,31,31,36,21,26,62,,42,42,13,16,4,2,0.7,0.8
2026-02-21T1400,1511A,112.9114,27.8404,湘潭市,市监测站,,35,32,36,24,29,58,,38,38,11,16,4,4,0.7,0.9
2026-02-21T1400,1512A,112.8935,27.8729,湘潭市,江麓,,43,43,43,27,30,48,,34,34,12,14,10,6,0.8,0.8
2026-02-21T1400,1513A,112.9227,27.8159,湘潭市,岳塘,,40,40,43,25,30,64,,38,38,3,9,4,5,1.0,1
2026-02-21T1400,1514A,112.9073,27.9118,湘潭市,科大,,40,40,39,25,26,62,,44,44,9,10,4,2,0.9,1
2026-02-21T1400,1562A,113.0048,27.9153,湘潭市,昭山,,39,39,39,22,25,51,,39,39,8,10,5,3,1.0,1
2026-02-21T1400,2493A,109.7298,28.3164,湘西土家族苗族自治州,州政府,,47,47,48,31,41,49,,20,20,10,12,3,4,0.2,0.4
2026-02-21T1400,2494A,109.6957,28.2676,湘西土家族苗族自治州,吉首市计生局,,49,49,42,26,36,60,,25,25,5,11,3,3,0.4,0.5
2026-02-21T1400,2432A,112.1555,32.0197,襄阳市,襄城运动路,细颗粒物(PM2.5),83,89,70,61,50,74,,50,46,13,12,12,10,0.9,0.9
2026-02-21T1400,2434A,112.1829,32.1146,襄阳市,高新管委会,细颗粒物(PM2.5),73,78,65,53,49,83,,53,53,13,12,6,8,1.0,1
2026-02-21T1400,2435A,112.2105,32.0903,襄阳市,襄州航空路,细颗粒物(PM2.5),85,80,62,63,47,77,,50,50,8,8,9,9,1.0,1
2026-02-21T1400,3396A,112.0764,32.0089,襄阳市,襄城隆中路,颗粒物(PM10),64,78,68,41,49,72,,46,41,10,11,11,12,0.8,0.9
2026-02-21T1400,3397A,112.1154,32.103,襄阳市,高新台子湾,细颗粒物(PM2.5),107,108,73,80,53,70,,49,46,17,14,8,7,0.9,0.8
2026-02-21T1400,4251A,112.1433,32.0581,襄阳市,铁院东路4号,细颗粒物(PM2.5),89,96,69,66,46,70,,50,46,12,10,9,9,0.8,0.7
2026-02-21T1400,2444A,113.9062,30.9378,孝感市,东城区,,36,,67,16,35,113,,62,62,6,15,3,4,0.8,1.1
2026-02-21T1400,4125A,113.946,30.8999,孝感市,天仙南路1号,,,36,74,14,41,96,,47,47,7,15,4,5,,0.9
2026-02-21T1400,2181A,112.7313,38.457,忻州市,开发区,颗粒物(PM10),500,621,226,92,53,96,,80,80,4,7,4,7,0.5,0.5
2026-02-21T1400,2182A,112.7023,38.4932,忻州市,会展中心,颗粒物(PM10),463,563,217,90,52,93,,74,74,4,5,4,6,0.1,0.3
2026-02-21T1400,3208A,112.7279,38.4157,忻州市,市政府,颗粒物(PM10),448,548,216,83,46,98,,80,80,5,10,3,7,0.4,0.5
2026-02-21T1400,2389A,113.836,35.3104,新乡市,环保西院,颗粒物(PM10),108,165,86,46,45,99,,64,64,10,14,12,12,0.5,0.6
2026-02-21T1400,2390A,113.8847,35.2724,新乡市,开发区,颗粒物(PM10),90,129,65,33,38,93,,70,70,11,13,12,11,0.5,0.5
2026-02-21T1400,2391A,113.8836,35.3028,新乡市,环保东院,颗粒物(PM10),97,143,76,41,39,94,,65,65,12,15,10,9,0.5,0.6
2026-02-21T1400,3054A,113.9194,35.2847,新乡市,市委党校,颗粒物(PM10),81,112,60,33,37,97,,69,69,9,11,12,10,0.6,0.6
2026-02-21T1400,3475A,113.9189,35.3042,新乡市,市政府,颗粒物(PM10),101,152,79,36,39,96,,70,70,9,10,16,16,0.3,0.4
2026-02-21T1400,3689A,113.9002,35.372,新乡市,行政服务中心,颗粒物(PM10),101,152,82,40,48,89,,57,57,12,16,16,15,0.5,0.6
2026-02-21T1400,4215A,113.916569,35.331547,新乡市,建设东路46号,颗粒物(PM10),88,125,79,47,47,93,,61,61,11,15,15,14,0.5,0.6
2026-02-21T1400,2353A,114.9887,27.8433,新余市,飞宇,,24,24,30,14,17,67,,36,36,3,9,10,9,0.2,0.6
2026-02-21T1400,2354A,114.9234,27.8248,新余市,第二水厂,细颗粒物(PM2.5),55,50,34,39,26,58,,28,28,14,13,10,9,1.3,0.9
2026-02-21T1400,2355A,114.931,27.8037,新余市,市气象局,颗粒物(PM10),52,54,31,31,22,54,,28,28,8,6,9,8,1.2,0.9
2026-02-21T1400,3206A,114.9148,27.8069,新余市,新钢沁园村,颗粒物(PM10),61,72,42,36,23,45,,25,25,27,12,27,11,4.0,1
2026-02-21T1400,2054A,114.1096,32.1059,信阳市,平桥分局,,32,27,34,15,26,100,,84,84,8,9,6,7,0.5,0.5
2026-02-21T1400,2064A,113.9956,32.1272,信阳市,南湾水厂,,46,46,50,22,26,101,,85,85,6,7,4,4,0.7,0.6
2026-02-21T1400,2065A,114.078,32.1194,信阳市,市酿酒公司,,36,36,47,22,29,93,,78,78,6,8,5,5,0.6,0.5
2026-02-21T1400,2066A,114.0712,32.1393,信阳市,审计局,,32,29,45,20,28,100,,84,84,13,11,8,8,0.5,0.5
2026-02-21T1400,4280A,122.0921,46.065,兴安盟,洮儿河南路,细颗粒物(PM2.5),105,129,153,79,117,85,,69,69,11,26,8,11,0.9,1.4
2026-02-21T1400,4311A,122.0383,46.0691,兴安盟,科尔沁北路63号,颗粒物(PM10),109,167,165,72,134,86,,71,71,11,28,6,9,0.8,1.3
2026-02-21T1400,1077A,114.4687,37.0883,邢台市,达活泉,颗粒物(PM10),137,224,133,30,26,97,,68,68,12,12,8,12,0.6,0.9
2026-02-21T1400,1078A,114.4954,37.0309,邢台市,邢师高专,颗粒物(PM10),164,278,135,39,30,97,,68,68,3,14,2,8,0.4,0.8
2026-02-21T1400,1079A,114.5281,37.0857,邢台市,路桥公司,颗粒物(PM10),150,249,113,58,40,90,,68,68,2,4,1,6,0.5,0.8
2026-02-21T1400,1080A,114.4721,37.0713,邢台市,市环保局,颗粒物(PM10),148,246,128,49,34,95,,72,72,25,21,4,8,0.2,0.5
2026-02-21T1400,4070A,114.5558,37.0578,邢台市,襄都区政府南院,颗粒物(PM10),134,217,117,47,33,89,,69,69,2,10,3,10,0.3,0.7
2026-02-21T1400,3584A,115.8845,39.034,雄安新区,容城县环境保护局,细颗粒物(PM2.5),138,223,150,105,87,118,,71,71,17,27,16,13,0.8,0.9
2026-02-21T1400,3585A,115.8644,39.0594,雄安新区,河北容城中学,颗粒物(PM10),135,219,158,86,93,113,,72,72,17,31,11,11,0.7,0.8
2026-02-21T1400,3586A,115.9234,38.9403,雄安新区,安新县民政局,颗粒物(PM10),159,268,167,104,86,127,,72,72,13,17,16,11,0.9,0.7
2026-02-21T1400,3587A,115.9341,38.9332,雄安新区,安新县电力局,细颗粒物(PM2.5),143,229,156,109,84,133,,75,75,21,27,18,13,0.7,0.7
2026-02-21T1400,3588A,116.0897,38.9816,雄安新区,雄县环境保护局,颗粒物(PM10),161,271,166,99,77,124,,65,65,16,27,13,11,0.9,0.9
2026-02-21T1400,3589A,116.1106,39.0048,雄安新区,雄县国土资源局,颗粒物(PM10),132,214,151,96,76,109,,57,57,16,18,12,11,1.0,0.9
2026-02-21T1400,1180A,117.257,34.2161,徐州市,新城区,颗粒物(PM10),56,61,69,26,40,107,,66,66,9,14,9,10,0.5,0.5
2026-02-21T1400,1182A,117.2933,34.2796,徐州市,农科院,颗粒物(PM10),52,53,60,30,44,105,,66,66,12,15,10,11,0.8,0.8
2026-02-21T1400,3005A,117.1812,34.29,徐州市,鼓楼区政府,,49,49,51,34,36,104,,75,75,12,9,9,9,0.8,0.8
2026-02-21T1400,3006A,117.1693,34.1781,徐州市,铜山区招生办,颗粒物(PM10),53,56,59,29,35,115,,80,80,16,17,7,7,0.5,0.6
2026-02-21T1400,3288A,117.4619,34.4368,徐州市,大泉街道,颗粒物(PM10),54,57,74,29,40,92,,57,57,13,17,12,11,0.5,0.6
2026-02-21T1400,4088A,117.1553,34.2567,徐州市,纺织东路16号,颗粒物(PM10),54,57,60,31,34,114,,81,81,10,10,8,8,0.6,0.7
2026-02-21T1400,4186A,117.194237,34.229354,徐州市,解放南路202号,颗粒物(PM10),53,55,62,34,38,111,,75,75,9,12,10,10,0.7,0.7
2026-02-21T1400,4288A,117.2438,34.2844,徐州市,龙潭环路5号,颗粒物(PM10),51,51,62,28,41,112,,70,70,12,13,10,10,0.6,0.7
2026-02-21T1400,2398A,113.7904,33.9949,许昌市,开发区,颗粒物(PM10),58,65,67,33,46,85,,58,58,9,11,6,5,0.7,0.6
2026-02-21T1400,3134A,113.8172,34.0339,许昌市,市一中,颗粒物(PM10),55,60,59,37,43,94,,63,63,11,12,8,9,0.7,0.7
2026-02-21T1400,3337A,113.8611,34.0443,许昌市,许昌学院,"颗粒物(PM10),细颗粒物(PM2.5)",54,58,53,38,48,101,,70,70,10,11,5,5,0.8,0.7
2026-02-21T1400,3338A,113.8428,34.0825,许昌市,芙蓉广场,"颗粒物(PM10),细颗粒物(PM2.5)",57,64,61,40,45,94,,61,61,10,10,7,6,0.7,0.7
2026-02-21T1400,4180A,113.8157285,34.126705,许昌市,新元大道996号,"颗粒物(PM10),细颗粒物(PM2.5)",59,68,66,42,43,101,,64,64,10,9,6,7,0.6,0.5
2026-02-21T1400,4259A,113.835877,34.0155267,许昌市,望田路111号,颗粒物(PM10),56,61,53,34,41,88,,63,63,12,7,9,8,0.6,1.1
2026-02-21T1400,2316A,118.7578,30.9457,宣城市,鳌峰子站,,32,24,32,9,15,101,,82,82,4,6,4,6,0.3,0.4
2026-02-21T1400,2317A,118.7384,30.9745,宣城市,敬亭山子站,,31,25,33,13,18,97,,80,80,6,9,2,3,0.2,0.2
2026-02-21T1400,2318A,118.7172,30.9428,宣城市,开发区子站,,31,24,32,11,18,98,,75,75,7,10,6,6,0.2,0.3
2026-02-21T1400,2555A,103.011,29.9833,雅安市,市政府,细颗粒物(PM2.5),59,49,48,42,38,95,,28,,8,6,8,6,0.7,0.7
2026-02-21T1400,2556A,102.9907,29.9778,雅安市,川农大,细颗粒物(PM2.5),60,50,46,43,38,100,,50,50,4,6,7,6,0.8,0.8
2026-02-21T1400,4306A,103.0544,30.0133,雅安市,滨江西路,细颗粒物(PM2.5),64,,39,46,41,97,,40,40,9,10,10,8,0.5,0.5
2026-02-21T1400,1642A,121.2517,37.564,烟台市,开发区,细颗粒物(PM2.5),54,53,55,38,46,100,,82,79,14,16,15,13,0.6,0.5
2026-02-21T1400,1644A,121.3181,37.5436,烟台市,西郊化工站,颗粒物(PM10),62,73,65,37,43,112,,94,90,11,12,8,8,0.5,0.5
2026-02-21T1400,1645A,121.4419,37.4858,烟台市,莱山环保局,颗粒物(PM10),58,66,77,32,50,106,,86,84,9,9,10,7,0.7,0.7
2026-02-21T1400,1646A,121.2619,37.4965,烟台市,福山环保局,,,78,79,40,50,112,,86,86,11,14,,7,0.5,0.6
2026-02-21T1400,3057A,121.5989,37.4016,烟台市,牟平检察院,颗粒物(PM10),62,73,73,39,49,81,,76,66,18,20,10,9,0.7,0.7
2026-02-21T1400,3366A,121.5202,37.4336,烟台市,中国农业大学,颗粒物(PM10),58,66,77,34,52,91,,83,74,15,16,8,9,0.8,0.9
2026-02-21T1400,4213A,121.364239,37.529648,烟台市,青年南路118号,颗粒物(PM10),57,63,68,38,45,98,,84,79,9,10,10,10,0.6,0.6
2026-02-21T1400,1927A,109.4569,36.6161,延安市,延大医附院,颗粒物(PM10),400,500,147,59,37,93,,41,41,5,28,3,2,0.4,0.8
2026-02-21T1400,1929A,109.5053,36.6105,延安市,百米大道,颗粒物(PM10),309,427,147,47,33,91,,37,37,4,34,2,4,0.4,0.9
2026-02-21T1400,4161A,109.485,36.6347,延安市,志丹路,颗粒物(PM10),193,336,172,47,35,90,,54,54,3,13,3,4,0.4,0.4
2026-02-21T1400,2237A,129.4704,42.8885,延边朝鲜族自治州,妇幼医院,颗粒物(PM10),53,56,60,16,22,80,,48,48,11,17,9,11,0.4,0.5
2026-02-21T1400,2238A,129.5047,42.9117,延边朝鲜族自治州,延边医院,细颗粒物(PM2.5),53,40,54,37,34,89,,54,52,10,17,5,7,0.6,0.6
2026-02-21T1400,2239A,129.395,42.8884,延边朝鲜族自治州,朝阳川镇医院,颗粒物(PM10),55,59,51,34,31,86,,52,52,8,12,9,8,0.6,0.6
2026-02-21T1400,1216A,120.1554,33.3941,盐城市,市监测站,,38,34,60,26,44,105,,78,78,10,13,6,9,0.4,0.6
2026-02-21T1400,1218A,120.214332,33.37951,盐城市,开发区管委会,,46,46,69,26,48,108,,74,74,10,14,5,8,0.5,0.6
2026-02-21T1400,3004A,120.1543,33.3664,盐城市,宝龙广场,,35,31,60,24,45,108,,76,76,7,12,7,9,0.6,0.7
2026-02-21T1400,3293A,120.1518,33.3369,盐城市,月亮广场,细颗粒物(PM2.5),58,50,69,41,51,105,,68,68,12,16,8,11,0.6,0.7
2026-02-21T1400,3436A,120.4283,33.2048,盐城市,大丰高级中学,颗粒物(PM10),51,51,65,35,42,111,,76,76,12,16,9,10,0.6,0.8
2026-02-21T1400,4207A,120.12211,33.393982,盐城市,黄海中路88号,,41,41,69,28,41,110,,80,80,7,12,5,7,0.5,0.6
2026-02-21T1400,1186A,119.3895,32.377,扬州市,邗江监测站,,34,27,44,13,18,107,,86,86,6,9,4,6,0.5,0.5
2026-02-21T1400,2869A,119.4472,32.4156,扬州市,五台山医院,,33,33,37,20,24,103,,83,83,9,13,2,3,0.6,0.7
2026-02-21T1400,3164A,119.4682,32.394,扬州市,广陵建设局,,38,38,44,17,22,108,,80,80,7,13,4,4,0.3,0.4
2026-02-21T1400,3195A,119.3649,32.3961,扬州市,市体育局,,33,31,43,16,20,104,,83,83,10,12,3,4,0.6,0.6
2026-02-21T1400,3294A,119.565282,32.422263,扬州市,引江管理处,,34,34,47,20,26,103,,79,79,11,13,3,2,0.6,0.6
2026-02-21T1400,4093A,119.5202,32.3705,扬州市,廖家沟步道,,35,35,48,16,24,102,,75,75,9,15,4,4,0.5,0.5
2026-02-21T1400,1701A,111.9491,21.8658,阳江市,马南垌,,33,26,50,17,36,105,,74,74,4,10,5,6,0.7,0.8
2026-02-21T1400,3317A,111.9785,21.8954,阳江市,两阳中学,,35,26,47,15,34,112,,85,85,4,8,/,/,0.5,0.6
2026-02-21T1400,3453A,112.0125,21.8749,阳江市,阳东陶然,,35,26,39,14,30,111,,87,87,4,8,6,7,0.6,0.7
2026-02-21T1400,1739A,113.4894,37.8717,阳泉市,赛鱼,颗粒物(PM10),442,542,228,70,51,99,,80,80,3,17,2,11,0.3,0.6
2026-02-21T1400,1740A,113.582,37.8473,阳泉市,南庄,颗粒物(PM10),219,363,249,69,74,97,,73,73,1,14,3,18,0.4,0.7
2026-02-21T1400,1742A,113.5616,37.8706,阳泉市,平坦,颗粒物(PM10),296,417,225,55,55,88,,67,67,6,22,3,16,0.2,0.5
2026-02-21T1400,1743A,113.5115,37.8391,阳泉市,大阳泉,颗粒物(PM10),149,247,184,64,59,96,,81,81,5,11,2,11,0.3,0.6
2026-02-21T1400,3619A,113.6169,37.8565,阳泉市,龙柱,颗粒物(PM10),202,351,215,73,66,100,,74,74,1,14,4,16,0.3,0.6
2026-02-21T1400,4077A,113.588,37.8712,阳泉市,宁波路,颗粒物(PM10),215,360,214,56,58,97,,78,78,2,15,2,15,0.2,0.6
2026-02-21T1400,2252A,128.8663,47.7199,伊春市,环保局,细颗粒物(PM2.5),68,71,63,49,55,88,,60,60,18,18,10,11,1.3,1
2026-02-21T1400,2253A,128.9014,47.732,伊春市,电力嘉园,,,,61,,46,,,76,,,17,,20,,1.1
2026-02-21T1400,3342A,128.7948,47.7291,伊春市,中心小学,细颗粒物(PM2.5),75,71,78,55,67,90,,58,58,11,17,15,9,1.2,0.9
2026-02-21T1400,3343A,128.6736,47.729,伊春市,检察院,细颗粒物(PM2.5),70,60,94,51,92,89,,52,52,16,28,12,17,1.0,0.8
2026-02-21T1400,4284A,128.8325,47.8447,伊春市,永安路4-1号,细颗粒物(PM2.5),113,117,65,85,57,80,,63,63,22,13,16,11,1.1,0.8
2026-02-21T1400,2704A,81.3002,43.9177,伊犁哈萨克自治州,新政府片区,颗粒物(PM10),60,69,83,21,34,63,,49,48,19,22,10,8,0.9,0.9
2026-02-21T1400,2705A,81.3364,43.9409,伊犁哈萨克自治州,第二水厂,颗粒物(PM10),57,64,81,22,30,65,,42,36,9,15,8,8,0.5,0.9
2026-02-21T1400,4273A,81.2737,43.9337,伊犁哈萨克自治州,安徽路800号,颗粒物(PM10),66,81,89,26,36,63,,54,44,19,21,11,16,0.9,0.9
2026-02-21T1400,1883A,104.6204,28.7728,宜宾市,市委,细颗粒物(PM2.5),72,59,62,52,49,112,,47,47,13,23,9,10,0.9,0.9
2026-02-21T1400,1884A,104.6056,28.7931,宜宾市,宜宾四中,细颗粒物(PM2.5),79,72,65,58,50,110,,55,55,14,22,8,9,0.9,0.9
2026-02-21T1400,1886A,104.5743,28.7199,宜宾市,黄金嘴,细颗粒物(PM2.5),69,64,61,50,46,121,,59,59,13,17,10,10,0.9,0.9
2026-02-21T1400,3728A,104.6701,28.8053,宜宾市,白酒学院,细颗粒物(PM2.5),62,57,56,44,44,118,,65,65,8,12,8,8,0.9,0.9
2026-02-21T1400,4149A,104.6146,28.7422,宜宾市,宜宾市职业技术学校,细颗粒物(PM2.5),72,52,61,52,52,121,,62,62,13,19,11,10,0.7,0.8
2026-02-21T1400,1840A,111.2991,30.6981,宜昌市,白龙岗,细颗粒物(PM2.5),62,51,52,44,44,75,,30,30,16,17,7,7,0.7,0.6
2026-02-21T1400,1842A,111.263451,30.696754,宜昌市,点军区,细颗粒物(PM2.5),58,,51,41,45,54,,24,24,37,23,5,5,0.6,0.5
2026-02-21T1400,1843A,111.3276,30.782,宜昌市,夷陵区,颗粒物(PM10),54,58,58,34,42,92,,42,42,14,18,10,10,0.6,0.6
2026-02-21T1400,3546A,111.4606,30.5519,宜昌市,猇亭区张家湾站,,50,50,55,34,41,34,,19,18,9,12,10,10,0.7,0.7
2026-02-21T1400,4203A,111.3168,30.7203,宜昌市,西陵二路116号,颗粒物(PM10),51,52,53,30,38,93,,46,46,7,13,6,6,1.1,0.8
2026-02-21T1400,4204A,111.3526,30.6374,宜昌市,沈家店路6号,细颗粒物(PM2.5),59,,54,42,46,74,,24,24,16,17,8,7,0.6,0.5
2026-02-21T1400,2373A,114.3954,27.7843,宜春市,市石油公司,,22,22,25,13,13,39,,28,27,11,10,9,7,0.4,0.4
2026-02-21T1400,2374A,114.37,27.7916,宜春市,市气象局,,26,,25,18,16,39,,25,24,6,7,5,5,0.6,0.6
2026-02-21T1400,2375A,114.401,27.8059,宜春市,市广电局,,19,19,26,8,15,40,,31,28,7,7,5,5,0.6,0.7
2026-02-21T1400,3151A,114.375,27.8096,宜春市,宜春学院北校区,,20,20,28,14,14,41,,31,27,5,5,10,9,0.7,0.7
2026-02-21T1400,2468A,112.3458,28.581,益阳市,市环保局,,39,,32,27,29,71,,57,57,6,7,5,5,1.1,1
2026-02-21T1400,4181A,112.3571,28.5588,益阳市,龙洲站,,46,,36,32,30,75,,61,61,8,8,6,6,0.8,0.8
2026-02-21T1400,4187A,112.3425,28.611,益阳市,幸福渠东路223号,,40,28,36,28,32,72,,53,53,6,9,5,4,1.1,1
2026-02-21T1400,4188A,112.3712,28.5764,益阳市,益鑫泰路85号,,39,,33,27,30,72,,56,56,4,6,4,3,1.0,0.9
2026-02-21T1400,1489A,106.1361,38.5039,银川市,学院路,颗粒物(PM10),236,375,401,60,103,85,,86,86,,10,4,4,0.3,0.3
2026-02-21T1400,2924A,106.2266,38.4417,银川市,水乡路,颗粒物(PM10),160,269,414,47,106,92,,91,91,12,12,6,6,0.2,0.2
2026-02-21T1400,2925A,106.2758,38.4841,银川市,上海东路,颗粒物(PM10),138,225,338,51,105,84,,84,84,6,9,3,3,0.3,0.3
2026-02-21T1400,2926A,106.1016,38.4971,银川市,文昌北街,颗粒物(PM10),185,320,454,62,122,95,,94,94,8,10,5,5,0.3,0.2
2026-02-21T1400,3523A,106.5105,38.3857,银川市,滨河新区,颗粒物(PM10),150,249,404,55,102,98,,97,97,8,10,7,7,0.3,0.3
2026-02-21T1400,4242A,106.226373,38.491976,银川市,广场西路,颗粒物(PM10),149,248,401,42,91,108,,106,106,6,9,4,4,0.4,0.4
2026-02-21T1400,2358A,117.0561,28.2641,鹰潭市,新监测站,,29,29,27,20,23,67,,32,32,6,9,12,8,0.4,0.5
2026-02-21T1400,2359A,117.0312,28.2474,鹰潭市,财苑宾馆,,32,32,30,21,22,65,,34,34,7,13,3,4,/,/
2026-02-21T1400,2360A,117.0221,28.2263,鹰潭市,体育馆,,32,32,28,20,21,62,,33,33,10,9,8,5,0.6,0.6
2026-02-21T1400,1597A,122.2704,40.7093,营口市,大庆路,细颗粒物(PM2.5),77,86,94,56,57,110,,94,94,14,14,6,5,0.7,0.7
2026-02-21T1400,1598A,122.215,40.6511,营口市,镜湖西路,细颗粒物(PM2.5),82,76,87,60,75,112,,96,96,12,12,9,16,1.2,1.2
2026-02-21T1400,1599A,122.1667,40.665,营口市,西炮台,细颗粒物(PM2.5),78,83,95,57,58,111,,90,90,15,15,8,11,0.6,0.6
2026-02-21T1400,3379A,122.1122,40.2275,营口市,鲅鱼圈市民活动中心,细颗粒物(PM2.5),77,79,83,56,57,94,,89,88,13,14,7,7,0.8,0.7
2026-02-21T1400,3866A,122.2469,40.663,营口市,三高中,细颗粒物(PM2.5),77,85,92,56,60,118,,100,100,14,13,8,7,0.5,0.5
2026-02-21T1400,4006A,122.3622,40.6762,营口市,老边实验小学,细颗粒物(PM2.5),74,80,85,54,63,108,,94,94,15,19,10,9,0.8,0.9
2026-02-21T1400,2478A,111.6126,26.4266,永州市,市环境监测站,细颗粒物(PM2.5),53,41,43,37,35,34,,19,19,14,18,3,2,0.6,0.7
2026-02-21T1400,2480A,111.6248,26.3803,永州市,永州市环保局,,48,33,34,33,31,34,,12,12,18,18,3,3,0.8,0.9
2026-02-21T1400,2481A,111.5989,26.4523,永州市,冷水滩区环保局,,49,41,50,34,39,43,,15,15,13,20,5,3,1.0,1.2
2026-02-21T1400,4299A,111.6195,26.2253,永州市,徐家井路86号,,40,34,36,28,30,52,,16,16,10,17,4,3,0.7,0.9
2026-02-21T1400,2639A,109.7445,38.2919,榆林市,世纪广场,颗粒物(PM10),500,902,358,99,70,97,,79,79,6,34,2,6,0.3,0.7
2026-02-21T1400,2640A,109.729,38.2837,榆林市,实验中学,颗粒物(PM10),500,962,410,158,84,92,,79,79,4,24,1,5,0.4,0.5
2026-02-21T1400,2641A,109.7347,38.2491,榆林市,环保监测大楼,颗粒物(PM10),500,1044,399,111,77,97,,82,82,2,15,2,6,0.4,0.5
2026-02-21T1400,2511A,110.1433,22.6162,玉林市,南江一中,,44,44,74,29,55,83,,59,59,5,16,8,10,0.6,0.8
2026-02-21T1400,3532A,110.1951,22.6832,玉林市,玉林师范学院东校区,,45,45,54,29,46,95,,68,68,7,11,4,4,0.6,0.7
2026-02-21T1400,3533A,110.0527,22.5894,玉林市,福绵环保局,,38,34,58,26,53,86,,51,51,6,14,5,7,0.5,0.7
2026-02-21T1400,4255A,110.16795,22.640993,玉林市,人民东路196号,,45,45,71,28,58,81,,55,55,12,19,1,2,0.8,0.9
2026-02-21T1400,2675A,97.0386,33.0138,玉树藏族自治州,玉树县结古镇,,30,12,15,3,5,94,,60,60,2,8,3,9,0.3,0.5
2026-02-21T1400,1715A,102.575,24.371,玉溪市,东风水库,,29,13,20,3,13,91,,64,64,4,7,4,5,0.2,0.6
2026-02-21T1400,2882A,102.5388,24.3703,玉溪市,玉溪一中,,27,25,33,3,22,84,,59,59,3,14,1,2,0.1,0.7
2026-02-21T1400,2883A,102.5382,24.339,玉溪市,文体中心,,27,19,26,3,15,84,,68,68,2,8,4,5,0.2,0.4
2026-02-21T1400,1848A,113.1494,29.425,岳阳市,城陵矶,,30,20,27,13,18,96,,83,83,6,5,6,5,0.9,0.8
2026-02-21T1400,1849A,113.1493,29.3575,岳阳市,开发区,,30,26,31,15,19,93,,81,81,8,7,6,5,0.6,0.6
2026-02-21T1400,1850A,113.2672,29.4752,岳阳市,云溪区,,27,23,35,14,18,85,,76,76,5,5,8,8,0.6,0.6
2026-02-21T1400,1851A,112.9944,29.44,岳阳市,君山区,,30,23,33,21,23,86,,70,70,8,10,8,8,0.7,0.7
2026-02-21T1400,4265A,113.108806,29.353066,岳阳市,求索西路365号,,28,,27,19,20,81,,70,70,8,10,8,7,0.6,0.6
2026-02-21T1400,1714A,112.0281,22.9738,云浮市,牧羊,,43,43,40,24,29,90,,58,58,10,15,6,8,0.5,0.6
2026-02-21T1400,3628A,112.0335,22.9376,云浮市,文笔,,44,44,47,26,32,101,,64,64,6,16,4,6,0.6,0.7
2026-02-21T1400,2175A,110.996,35.0148,运城市,运城中学,颗粒物(PM10),79,108,86,41,61,100,,53,53,12,25,8,9,0.6,1.1
2026-02-21T1400,2178A,110.9685,35.0305,运城市,地区技校,颗粒物(PM10),93,136,94,53,67,99,,55,55,7,27,6,9,0.5,1.1
2026-02-21T1400,3667A,111.0279,35.0543,运城市,水利职院,颗粒物(PM10),97,144,88,44,54,99,,52,52,9,38,8,11,0.7,1.2
2026-02-21T1400,3670A,111.0522,35.0439,运城市,禹都公园,颗粒物(PM10),79,107,92,43,55,108,,50,50,9,28,10,12,0.8,1.2
2026-02-21T1400,4081A,111.0081,35.0748,运城市,学苑北路2555号,颗粒物(PM10),97,143,89,48,59,102,,51,51,7,29,8,10,0.6,1
2026-02-21T1400,1637A,117.5628,34.8379,枣庄市,市中区政府,颗粒物(PM10),54,58,74,34,46,106,,58,58,9,15,13,13,0.7,0.7
2026-02-21T1400,1638A,117.2855,34.7838,枣庄市,薛城环保局,颗粒物(PM10),58,66,68,37,40,106,,74,74,8,11,13,13,0.6,0.6
2026-02-21T1400,1639A,117.5854,34.7744,枣庄市,峄城区政府,颗粒物(PM10),57,63,75,39,48,109,,66,66,7,12,14,13,0.5,0.5
2026-02-21T1400,1641A,117.4516,35.0992,枣庄市,山亭区环保局,细颗粒物(PM2.5),70,63,63,51,42,102,,79,79,10,9,10,10,0.7,0.7
2026-02-21T1400,3364A,117.316,34.8106,枣庄市,市环保局,颗粒物(PM10),59,68,59,35,35,109,,78,78,13,14,8,8,0.6,0.6
2026-02-21T1400,4266A,117.7325,34.5683,枣庄市,文化路178号,颗粒物(PM10),57,63,69,31,42,104,,57,57,12,16,10,9,0.6,0.7
2026-02-21T1400,1680A,110.3648,21.2697,湛江市,湛江影剧院,,34,30,44,20,35,107,,86,86,10,12,5,5,0.6,0.7
2026-02-21T1400,1681A,110.3907,21.2279,湛江市,市环境监测站,,40,40,40,20,35,104,,86,86,10,13,7,5,0.5,0.6
2026-02-21T1400,1682A,110.3936,21.1943,湛江市,环保局宿舍,,34,29,39,18,32,108,,94,94,10,14,6,5,/,/
2026-02-21T1400,1683A,110.4138,21.2033,湛江市,霞山游泳场,,32,26,45,22,30,100,,88,88,13,15,8,5,/,/
2026-02-21T1400,1685A,110.4512,21.239,湛江市,坡头区环保局,,,37,38,19,31,105,,88,88,11,14,,5,0.8,0.8
2026-02-21T1400,1858A,110.532,29.1219,张家界市,永定新区,,42,36,44,29,37,78,,42,42,9,13,/,/,/,/
2026-02-21T1400,1859A,110.4696,29.1244,张家界市,电业局,,,41,47,31,40,68,,32,32,,24,,5,0.0,0.3
2026-02-21T1400,1860A,110.5573,29.3486,张家界市,未央路,,36,,35,25,30,77,,43,43,3,16,8,8,0.5,0.5
2026-02-21T1400,1057A,114.8884,40.8336,张家口市,人民公园,颗粒物(PM10),500,2236,398,314,98,92,,65,65,6,17,2,10,0.4,0.7
2026-02-21T1400,1059A,114.868581,40.804273,张家口市,五金库,颗粒物(PM10),500,1943,361,312,92,85,,58,58,6,25,/,/,/,/
2026-02-21T1400,1060A,114.8901,40.762,张家口市,世纪豪园,颗粒物(PM10),500,2110,389,308,92,82,,54,54,4,20,4,10,0.6,0.9
2026-02-21T1400,3131A,114.878,40.7992,张家口市,烟厂,颗粒物(PM10),500,1936,359,350,95,100,,66,66,1,17,/,/,/,/
2026-02-21T1400,3323A,115.2772,40.9723,张家口市,青少年活动中心,颗粒物(PM10),500,1928,405,224,88,90,,56,56,4,18,5,11,0.1,0.5
2026-02-21T1400,2654A,100.4699,38.9525,张掖市,润泉湖,颗粒物(PM10),500,662,776,139,169,84,,72,72,3,9,3,5,0.3,0.4
2026-02-21T1400,2655A,100.4155,38.9422,张掖市,区工会,颗粒物(PM10),500,678,689,156,159,83,,72,72,2,5,2,4,0.4,0.4
2026-02-21T1400,2920A,117.71,24.5048,漳州市,蓝田镇,,45,42,55,31,35,121,,81,81,8,12,5,4,0.5,0.5
2026-02-21T1400,3216A,117.662,24.5187,漳州市,漳州党校,,46,41,54,32,37,118,,80,80,8,11,/,/,/,/
2026-02-21T1400,3530A,117.6288,24.5309,漳州市,西洋坪路,,42,42,49,15,32,116,,77,77,4,7,5,4,0.5,0.5
2026-02-21T1400,2596A,103.7668,27.3736,昭通市,监测站,,34,24,55,20,43,108,,63,63,6,16,9,12,0.0,0.3
2026-02-21T1400,4261A,103.7247,27.3415,昭通市,环东路146号,,31,26,60,17,45,99,,55,55,2,16,6,12,0.2,0.8
2026-02-21T1400,1397A,112.426,23.062,肇庆市,睦岗子站,,50,42,44,35,36,103,,66,66,7,18,6,6,/,/
2026-02-21T1400,1398A,112.4645,23.0476,肇庆市,城中子站,,46,37,44,32,35,105,,87,87,5,11,11,10,0.6,0.7
2026-02-21T1400,1399A,112.5545,23.1525,肇庆市,坑口子站,,46,38,40,32,33,103,,69,69,10,16,5,5,2.3,0.6
2026-02-21T1400,3313A,112.4572,23.0163,肇庆市,高要湖西,,49,34,49,34,37,104,,69,69,3,10,4,5,0.6,0.7
2026-02-21T1400,3451A,112.5617,23.2082,肇庆市,鼎湖凤凰,,45,45,34,28,25,109,,64,64,6,7,5,5,/,/
2026-02-21T1400,1203A,119.6708,32.187,镇江市,新区办事处,,37,30,50,20,35,118,,87,87,6,12,9,8,0.3,0.4
2026-02-21T1400,1204A,119.497455,32.196732,镇江市,职教中心,,36,33,44,17,29,113,,86,86,23,19,7,7,0.5,0.5
2026-02-21T1400,1205A,119.43,32.1328,镇江市,丹徒区监测站,,35,35,48,18,32,103,,77,77,12,15,6,5,0.5,0.5
2026-02-21T1400,2870A,119.4369,32.1891,镇江市,市疾控中心,,34,32,39,16,23,106,,86,86,5,7,6,6,0.6,0.6
2026-02-21T1400,3287A,119.3842,32.198,镇江市,富润路1号,,36,31,37,20,28,113,,94,94,7,7,4,4,0.6,0.5
2026-02-21T1400,1316A,113.6843,34.7622,郑州市,烟厂,颗粒物(PM10),73,95,65,30,35,106,,62,62,12,25,5,5,0.3,0.5
2026-02-21T1400,1318A,113.669,34.8034,郑州市,银行学校,颗粒物(PM10),68,85,61,33,37,114,,63,63,12,22,7,6,0.3,0.5
2026-02-21T1400,1319A,113.5612,34.8143,郑州市,供水公司,颗粒物(PM10),89,127,51,39,35,112,,72,72,4,9,5,4,0.7,0.8
2026-02-21T1400,1320A,113.7269,34.7187,郑州市,经开区管委,颗粒物(PM10),63,75,65,34,43,107,,66,66,9,17,4,4,0.3,0.5
2026-02-21T1400,1321A,113.7332,34.7727,郑州市,四十七中,颗粒物(PM10),66,82,65,28,37,92,,56,56,5,12,4,4,0.4,0.6
2026-02-21T1400,1323A,113.6361,34.7537,郑州市,河医大,颗粒物(PM10),64,77,60,39,39,102,,56,56,10,18,6,5,0.3,0.5
2026-02-21T1400,3471A,113.6104,34.8688,郑州市,惠济区政府,颗粒物(PM10),79,107,69,36,40,100,,62,62,8,16,5,6,0.2,0.4
2026-02-21T1400,3590A,113.8362,34.566,郑州市,北区建设指挥部,,,95,69,36,44,109,,73,73,,27,7,5,0.5,0.5
2026-02-21T1400,3591A,113.3029,34.8041,郑州市,上街区政府,颗粒物(PM10),80,110,54,42,32,99,,78,78,9,12,5,5,0.6,0.6
2026-02-21T1400,4293A,113.605125,34.755221,郑州市,计划路2号,颗粒物(PM10),82,114,67,43,37,103,,59,59,9,20,5,4,0.5,0.7
2026-02-21T1400,4294A,113.6525645,34.77362682,郑州市,同乐路9号,颗粒物(PM10),68,85,65,37,40,103,,56,56,9,20,6,5,0.5,0.7
2026-02-21T1400,1379A,113.377,22.5211,中山市,华柏园,,32,31,40,16,33,102,,101,96,5,9,/,/,/,/
2026-02-21T1400,1380A,113.3879,22.5499,中山市,张溪,,34,21,42,16,36,107,,100,99,6,10,/,/,/,/
2026-02-21T1400,1381A,113.4071,22.5111,中山市,紫马岭,,34,32,39,16,36,106,,94,94,5,8,7,8,0.6,0.7
2026-02-21T1400,3454A,113.3527,22.4781,中山市,中山南区,,33,22,32,18,34,105,,88,88,7,10,4,5,0.5,0.7
2026-02-21T1400,2682A,105.1965,37.4996,中卫市,环保局站,颗粒物(PM10),199,347,538,92,143,86,,80,80,1,4,9,8,0.3,0.2
2026-02-21T1400,3650A,105.1696,37.5164,中卫市,沙坡头区政府站,颗粒物(PM10),248,383,604,91,145,88,,80,80,2,5,7,6,0.4,0.3
2026-02-21T1400,1416A,106.4216,29.8256,重庆市,天生,细颗粒物(PM2.5),78,61,66,57,59,121,,48,48,8,15,10,10,0.7,0.7
2026-02-21T1400,1417A,106.6264,29.7226,重庆市,两路,细颗粒物(PM2.5),62,48,54,44,51,115,,76,76,11,21,8,8,0.7,0.7
2026-02-21T1400,1419A,106.5778,29.5103,重庆市,南坪,细颗粒物(PM2.5),64,47,63,46,52,104,,61,57,16,20,5,5,0.8,0.8
2026-02-21T1400,1420A,106.6556,29.6277,重庆市,唐家沱,细颗粒物(PM2.5),67,56,52,48,49,105,,50,50,7,11,8,7,0.7,0.7
2026-02-21T1400,3014A,106.4958,29.5347,重庆市,歇台子,细颗粒物(PM2.5),62,47,58,44,53,123,,51,51,12,26,8,7,0.8,1
2026-02-21T1400,3015A,106.4067,29.5729,重庆市,龙井湾,颗粒物(PM10),63,75,60,39,39,124,,97,97,11,9,10,10,1.0,0.9
2026-02-21T1400,3016A,106.5506,29.415,重庆市,龙洲湾,细颗粒物(PM2.5),73,59,62,53,58,120,,73,73,14,15,7,7,0.8,0.8
2026-02-21T1400,3133A,106.5469,29.5655,重庆市,上清寺,细颗粒物(PM2.5),60,61,67,43,55,107,,40,40,16,49,10,10,1.0,1.2
2026-02-21T1400,3346A,108.3871,31.1627,重庆市,安康,,50,35,52,35,40,78,,33,33,11,16,6,5,0.6,0.6
2026-02-21T1400,3347A,105.8983,29.36,重庆市,北山路,细颗粒物(PM2.5),82,73,61,60,55,126,,52,52,13,23,10,8,0.7,0.7
2026-02-21T1400,3350A,106.648859,29.023807,重庆市,滩子口,细颗粒物(PM2.5),75,,52,55,47,114,,57,57,11,17,23,8,1.0,0.7
2026-02-21T1400,3351A,105.7164,29.7077,重庆市,棠香,细颗粒物(PM2.5),72,75,69,52,58,117,,46,46,10,19,8,4,0.7,0.8
2026-02-21T1400,3352A,107.0733,29.8618,重庆市,桃源西路,,46,46,83,32,66,103,,55,55,5,12,8,8,0.7,0.8
2026-02-21T1400,3353A,107.3536,29.7283,重庆市,迎宾大道,细颗粒物(PM2.5),74,,53,54,51,94,,41,41,17,27,10,8,0.8,0.8
2026-02-21T1400,3354A,108.8152,29.5079,重庆市,舟白,,45,45,55,31,37,77,,40,40,6,14,9,6,0.5,0.5
2026-02-21T1400,3355A,108.3679,30.8429,重庆市,周家坝,,48,46,66,33,51,87,,35,35,13,32,9,9,0.5,0.8
2026-02-21T1400,3356A,108.4323,30.7554,重庆市,百安坝,,49,39,50,34,39,93,,46,46,11,17,12,11,0.4,0.5
2026-02-21T1400,3482A,107.754,29.3275,重庆市,芙蓉中路,细颗粒物(PM2.5),60,,48,43,41,73,,30,30,4,11,5,5,0.6,0.7
2026-02-21T1400,3484A,106.2629,29.3202,重庆市,行政中心,细颗粒物(PM2.5),79,70,69,58,54,119,,46,46,12,21,10,6,0.6,0.6
2026-02-21T1400,3599A,106.2648,29.9853,重庆市,书院路,细颗粒物(PM2.5),99,,76,74,75,88,,34,34,17,25,7,6,0.8,0.9
2026-02-21T1400,3600A,106.2334,29.5583,重庆市,虎峰,细颗粒物(PM2.5),74,54,63,54,52,114,,61,61,16,18,10,9,0.6,0.7
2026-02-21T1400,3601A,106.0497,29.8345,重庆市,龙门街,细颗粒物(PM2.5),73,,79,53,67,118,,57,57,18,29,8,8,1.0,1.2
2026-02-21T1400,3610A,105.5931,29.4105,重庆市,昌元,细颗粒物(PM2.5),82,,77,60,75,119,,48,48,11,24,8,6,0.6,0.8
2026-02-21T1400,4136A,108.6971,30.9377,重庆市,云师幼儿园,细颗粒物(PM2.5),54,53,48,38,36,60,,27,27,18,18,6,6,1.0,0.8
2026-02-21T1400,4137A,107.3276,30.3284,重庆市,公安局,颗粒物(PM10),57,64,66,36,48,100,,61,61,9,16,6,6,0.4,0.8
2026-02-21T1400,4138A,108.0575,30.3254,重庆市,忠县中学,细颗粒物(PM2.5),57,51,65,40,53,82,,33,33,15,19,4,4,0.7,0.8
2026-02-21T1400,4139A,109.4542,31.0182,重庆市,竹枝路2号,,47,47,61,28,45,83,,42,42,18,25,5,4,0.8,0.8
2026-02-21T1400,4140A,107.7422,29.871,重庆市,龙河路,,,,59,48,45,87,,43,43,,10,8,7,0.7,0.7
2026-02-21T1400,4141A,108.7636,28.84,重庆市,桃花源中路,,,36,49,11,35,,,16,,8,15,4,3,,0.7
2026-02-21T1400,4142A,108.9758,28.4416,重庆市,秀山县高级中学,,43,36,38,30,39,81,,43,43,5,8,7,6,0.7,0.7
2026-02-21T1400,4143A,108.1558,29.2859,重庆市,河堡街,细颗粒物(PM2.5),52,38,56,36,46,49,,20,20,2,8,3,3,0.5,0.6
2026-02-21T1400,4223A,106.4686218,29.48920871,重庆市,双山路147号,细颗粒物(PM2.5),58,60,74,41,55,119,,61,61,18,27,6,6,0.6,0.7
2026-02-21T1400,4246A,105.833962,30.18863087,重庆市,桃园路24号,细颗粒物(PM2.5),58,56,66,41,56,106,,43,43,8,20,13,13,0.8,0.9
2026-02-21T1400,4247A,107.091033,29.153966,重庆市,钟楼街32号,,50,,48,35,44,89,,37,37,6,22,6,4,0.6,0.9
2026-02-21T1400,4248A,107.8042979,30.67350233,重庆市,人民南路309号,颗粒物(PM10),51,51,63,35,41,92,,57,57,7,14,6,5,0.5,0.6
2026-02-21T1400,1258A,122.1223,30.0203,舟山市,定海檀枫,,31,24,38,13,25,99,,83,83,20,27,4,4,0.4,0.5
2026-02-21T1400,1260A,122.1898,29.9945,舟山市,临城新区,,31,31,39,14,26,83,,82,82,40,35,7,6,0.4,0.4
2026-02-21T1400,4033A,122.3124,29.9619,舟山市,普陀东港中学,,33,32,39,17,26,105,,101,95,14,20,6,6,0.4,0.5
2026-02-21T1400,2068A,114.6755,33.6347,周口市,周口师范,颗粒物(PM10),61,71,54,30,31,96,,70,70,4,6,1,1,0.5,0.5
2026-02-21T1400,4121A,114.8466,33.7333,周口市,羲皇大道,颗粒物(PM10),54,57,58,30,33,101,,70,70,6,8,6,5,0.6,0.6
2026-02-21T1400,4269A,114.6701,33.6167,周口市,七一路,颗粒物(PM10),56,61,53,28,39,93,,67,67,9,11,5,4,0.5,0.5
2026-02-21T1400,4296A,114.6421,33.6417,周口市,健康路46号,颗粒物(PM10),53,55,49,21,36,98,,73,73,4,4,3,2,0.6,0.6
2026-02-21T1400,4297A,114.649,33.596,周口市,太昊路,颗粒物(PM10),55,60,56,27,34,94,,68,68,7,10,3,2,0.7,0.7
2026-02-21T1400,1515A,113.1265,27.8306,株洲市,天台山庄,,38,28,32,26,28,48,,35,35,12,14,7,6,1.1,0.9
2026-02-21T1400,1518A,113.0937,27.8919,株洲市,株冶医院,,39,32,37,27,29,51,,30,30,10,22,6,5,1.0,0.9
2026-02-21T1400,1519A,113.1709,27.8661,株洲市,市四中,,45,37,34,31,27,43,,33,33,14,13,5,4,1.0,0.8
2026-02-21T1400,1520A,113.1515,27.8265,株洲市,火车站,,43,33,35,30,29,45,,33,33,20,19,7,6,1.0,0.9
2026-02-21T1400,1524A,113.1329,27.8491,株洲市,市监测站,,43,38,36,30,29,48,,34,34,14,13,8,7,0.9,0.8
2026-02-21T1400,2031A,113.1836,27.9959,株洲市,云田中学,,39,34,36,27,30,53,,35,35,11,11,5,4,0.8,0.8
2026-02-21T1400,1367A,113.5811,22.2618,珠海市,吉大,,40,35,47,19,37,126,,95,95,9,15,5,5,0.5,0.6
2026-02-21T1400,1368A,113.4893,22.2323,珠海市,前山,,33,27,45,18,36,105,,92,92,18,15,/,/,/,/
2026-02-21T1400,1369A,113.6284,22.4252,珠海市,唐家,,40,32,48,16,33,127,,94,94,13,16,/,/,/,/
2026-02-21T1400,1370A,113.2986,22.2284,珠海市,斗门,,35,27,61,12,37,112,,96,96,7,11,4,5,0.3,0.5
2026-02-21T1400,3308A,113.3493,22.0572,珠海市,金湾,,35,20,45,14,34,109,,94,94,4,8,/,/,0.5,0.6
2026-02-21T1400,3448A,113.5436,22.1163,珠海市,横琴,,40,35,46,28,37,113,,87,87,13,13,/,/,/,/
2026-02-21T1400,2420A,114.0194,32.9648,驻马店市,市一纸厂,,43,42,47,30,29,91,,66,66,7,10,4,4,0.5,0.5
2026-02-21T1400,2421A,114.0112,33.0149,驻马店市,市彩印厂,颗粒物(PM10),51,51,52,26,32,91,,66,66,9,11,5,5,0.5,0.5
2026-02-21T1400,3339A,114.0002,33.0404,驻马店市,小管楼,颗粒物(PM10),52,53,49,29,30,94,,69,69,10,11,10,8,0.4,0.4
2026-02-21T1400,4202A,113.9856,32.9802,驻马店市,交通路1233号,,42,,47,29,33,92,,70,70,9,12,4,4,0.4,0.4
2026-02-21T1400,2562A,104.6357,30.1508,资阳市,资阳中学,细颗粒物(PM2.5),69,,68,50,56,126,,61,61,9,14,5,3,0.7,0.7
2026-02-21T1400,2565A,104.6297,30.1259,资阳市,区法院,细颗粒物(PM2.5),75,,76,55,73,123,,53,53,8,26,5,4,0.7,0.9
2026-02-21T1400,4150A,104.6646,30.1116,资阳市,正兴街66号,细颗粒物(PM2.5),68,50,88,49,73,107,,48,48,8,28,4,4,0.6,0.8
2026-02-21T1400,1631A,118.0413,36.8101,淄博市,人民公园,颗粒物(PM10),86,122,82,38,47,110,,82,82,18,18,13,13,0.6,0.6
2026-02-21T1400,1633A,117.8524,36.4848,淄博市,双山,颗粒物(PM10),76,102,77,48,45,111,,83,83,8,10,13,14,0.8,0.8
2026-02-21T1400,1634A,117.9595,36.6332,淄博市,气象站,颗粒物(PM10),81,111,78,41,43,112,,85,85,11,11,20,20,0.8,0.8
2026-02-21T1400,3363A,117.9883,36.8372,淄博市,新区,颗粒物(PM10),84,117,77,29,41,106,,80,80,11,12,9,9,0.7,0.8
2026-02-21T1400,3644A,117.8662,36.8049,淄博市,三金集团,颗粒物(PM10),78,105,75,36,39,117,,90,90,11,12,14,14,0.7,0.7
2026-02-21T1400,3645A,118.0259,36.8409,淄博市,东风化工厂,颗粒物(PM10),83,116,85,40,42,100,,73,73,11,12,9,9,0.7,0.7
2026-02-21T1400,4212A,118.3039243,36.82708161,淄博市,广场路1号,,,119,82,32,40,106,,80,80,10,15,,24,0.7,0.9
2026-02-21T1400,3028A,104.7765,29.3623,自贡市,檀木林体育馆,细颗粒物(PM2.5),57,62,65,40,45,116,,60,60,9,20,10,10,0.5,0.5
2026-02-21T1400,3360A,104.7894,29.3197,自贡市,南湖救助站,细颗粒物(PM2.5),65,51,70,47,55,138,,66,66,9,37,6,7,0.7,0.8
2026-02-21T1400,3638A,104.7637,29.3373,自贡市,轻化工大学,细颗粒物(PM2.5),78,63,63,57,59,116,,55,55,11,26,11,10,0.6,0.7
2026-02-21T1400,4225A,104.714266,29.338571,自贡市,贡兴路74号,细颗粒物(PM2.5),63,63,68,45,51,128,,62,62,12,23,9,8,0.7,0.7
2026-02-21T1400,1911A,106.9218,27.6872,遵义市,丁字口,,,,44,36,54,77,,33,33,8,23,,,0.4,0.7
2026-02-21T1400,1912A,106.9241,27.7044,遵义市,凤凰山,,42,35,41,29,35,76,,61,53,7,7,14,13,0.7,0.7
2026-02-21T1400,1913A,106.8895,27.648,遵义市,忠庄,,50,39,61,35,53,73,,32,32,9,23,3,17,0.8,1.2
2026-02-21T1400,1915A,106.9225,27.7253,遵义市,干田坝,细颗粒物(PM2.5),52,,40,36,42,84,,39,39,10,18,8,9,0.4,0.5
2026-02-21T1400,4152A,107.0425,27.7087,遵义市,乌江大道东段1号,,48,40,76,33,61,68,,34,34,10,20,8,7,0.6,0.9
2026-02-21T1400,4245A,106.8609,27.5969,遵义市,遵南大道1161号,,43,41,60,30,53,88,,36,36,7,21,18,17,0.8,1.1
