timepoint,stationcode,longitude,latitude,area,positionname,primarypollutant,aqi,pm10,pm10_24h,pm2_5,pm2_5_24h,o3,o3_24h,o3_8h,o3_8h_24h,no2,no2_24h,so2,so2_24h,co,co_24h
2025-08-25T1500,2566A,102.1879,31.914,阿坝藏族羌族自治州,州农科所,,41,41,21,3,6,68,,40,40,6,5,14,14,0.1,0.1
2025-08-25T1500,2568A,102.2502,31.8896,阿坝藏族羌族自治州,马师校,,16,,18,9,16,49,,26,26,4,5,8,8,0.7,0.7
2025-08-25T1500,3994A,102.2165,31.9024,阿坝藏族羌族自治州,马尔康中学西区,,21,6,13,3,10,66,,32,32,2,3,8,8,0.6,0.6
2025-08-25T1500,2695A,80.292,41.1694,阿克苏地区,电视台,,40,37,41,19,27,127,,84,84,2,12,4,4,0.5,0.6
2025-08-25T1500,2696A,80.2613,41.1551,阿克苏地区,艺术中心,,44,37,41,17,28,138,,85,85,6,20,5,5,0.3,0.2
2025-08-25T1500,2204A,105.6467,38.8363,阿拉善盟,西城区西花园,,48,30,29,9,15,152,,136,136,7,10,9,9,0.9,0.9
2025-08-25T1500,2205A,105.6985,38.8411,阿拉善盟,蒙二幼,,44,22,30,9,11,139,,125,125,4,6,11,10,0.4,0.5
2025-08-25T1500,2206A,105.724,38.8516,阿拉善盟,环保局新楼,,46,20,23,9,10,146,,138,138,4,5,10,10,0.4,0.4
2025-08-25T1500,2708A,88.1264,47.8517,阿勒泰地区,市站,,27,22,23,3,6,86,,66,66,10,17,3,3,0.4,0.5
2025-08-25T1500,2630A,80.1161,32.5,阿里地区,阿里监测站,,20,8,4,3,2,63,,54,54,2,4,5,6,0.1,0.1
2025-08-25T1500,3192A,80.0903,32.5028,阿里地区,阿里藏医院,,23,7,6,3,2,72,,65,65,1,2,6,6,0.2,0.3
2025-08-25T1500,2642A,109.0318,32.6537,安康市,香溪洞,,25,23,24,17,8,71,,34,34,4,8,6,6,0.3,0.8
2025-08-25T1500,2644A,109.0072,32.6975,安康市,汉滨区检察院,,,33,26,,7,70,,41,41,2,9,7,6,0.4,0.5
2025-08-25T1500,4054A,109.0325,32.6913,安康市,市邮政管理局,,23,21,29,16,10,61,,,,2,9,6,7,0.4,0.6
2025-08-25T1500,2291A,117.0809,30.5177,安庆市,环科院,,38,18,27,15,17,120,,100,100,3,22,5,5,0.5,0.6
2025-08-25T1500,2292A,117.0331,30.5119,安庆市,马山宾馆,,39,21,26,11,16,122,,96,96,9,23,5,5,0.3,0.4
2025-08-25T1500,2294A,116.9896,30.6145,安庆市,安庆大学,,44,21,28,13,19,140,,110,110,5,20,5,6,0.5,0.5
2025-08-25T1500,3173A,117.0598,30.5351,安庆市,市人大,,36,21,24,13,16,113,,102,102,5,15,6,5,0.4,0.5
2025-08-25T1500,3122A,105.9606,26.2611,安顺市,伍家关,,,,9,7,5,67,,57,57,2,8,5,5,0.4,0.5
2025-08-25T1500,3123A,105.9408,26.2431,安顺市,凤凰山,,19,10,12,6,14,59,,54,54,3,10,5,6,0.4,0.4
2025-08-25T1500,3124A,105.9439,26.2564,安顺市,金钟山,,20,11,12,6,9,62,,58,58,2,6,6,6,0.4,0.4
2025-08-25T1500,3125A,105.8983,26.2481,安顺市,娄家坡,,19,11,9,8,6,59,,55,55,2,5,8,8,0.4,0.4
2025-08-25T1500,1818A,114.4839,36.0621,安阳市,棉研所,,,,,,,,,,,,,,,,
2025-08-25T1500,1819A,114.3551,36.1017,安阳市,红庙街,臭氧1小时,57,54,33,30,15,165,,114,114,10,11,13,7,1.4,0.7
2025-08-25T1500,1820A,114.361,36.0681,安阳市,银杏小区,臭氧1小时,69,61,34,31,20,175,,116,116,11,12,11,7,0.9,0.4
2025-08-25T1500,3141A,114.3922,36.0878,安阳市,信访局,臭氧1小时,82,49,31,34,18,185,,127,127,8,12,13,7,1.4,0.7
2025-08-25T1500,3669A,114.4705,36.0637,安阳市,左辅环卫站,臭氧1小时,68,,36,29,20,174,,121,121,11,15,10,6,1.2,0.6
2025-08-25T1500,3703A,114.2917,36.0949,安阳市,安钢职工学校,臭氧1小时,59,40,38,23,23,167,,118,118,8,10,14,11,1.2,0.6
2025-08-25T1500,1748A,123.044,41.1196,鞍山市,深沟寺,,20,20,34,8,18,26,,28,26,26,21,6,6,1.0,1.1
2025-08-25T1500,1749A,123.011,41.0931,鞍山市,太阳城,,19,18,33,13,23,23,,29,29,26,20,5,6,1.0,1.1
2025-08-25T1500,1750A,123.0485,41.1442,鞍山市,太平,,15,15,41,7,23,27,,25,22,25,25,5,7,1.1,1.3
2025-08-25T1500,1751A,122.9642,41.0971,鞍山市,铁西三道街,,26,24,42,18,30,16,,21,21,40,31,12,9,2.6,1.9
2025-08-25T1500,1753A,123.022,41.0821,鞍山市,明达新区,,16,16,30,10,19,18,,23,23,25,24,7,8,1.0,1.2
2025-08-25T1500,1754A,123.1289,41.0228,鞍山市,千山,,,,,,,,,,,,,,,,
2025-08-25T1500,4201A,122.9446,41.0826,鞍山市,兴盛南路290号,,19,17,40,11,23,22,,21,21,38,37,11,10,1.8,2.2
2025-08-25T1500,2195A,107.4212,40.761,巴彦淖尔市,附二中,,46,24,43,11,19,147,,108,108,4,11,9,11,0.6,0.7
2025-08-25T1500,2196A,107.37,40.7372,巴彦淖尔市,市环保大楼,,44,27,37,13,15,139,,106,106,6,11,9,9,0.6,0.6
2025-08-25T1500,1956A,86.1472,41.7538,巴音郭楞蒙古自治州,孔雀公园,颗粒物(PM10),57,64,78,17,21,84,,62,62,14,23,4,5,0.2,0.3
2025-08-25T1500,1957A,86.1972,41.7166,巴音郭楞蒙古自治州,棉纺厂,颗粒物(PM10),71,92,117,12,21,99,,76,76,2,15,4,5,0.2,0.2
2025-08-25T1500,1958A,86.2357,41.7173,巴音郭楞蒙古自治州,经济开发区,,33,23,84,3,15,103,,87,87,2,10,4,4,0.2,0.3
2025-08-25T1500,2914A,106.7677,31.8794,巴中市,苏山坪,,22,17,12,11,7,70,,51,51,4,5,4,4,0.4,0.4
2025-08-25T1500,3181A,106.7768,31.8526,巴中市,市五中,,26,17,17,12,10,81,,51,51,3,7,6,6,0.4,0.4
2025-08-25T1500,3183A,106.7418,31.8654,巴中市,圣泉水务公司,,26,16,15,10,10,81,,57,57,2,4,6,6,0.6,0.6
2025-08-25T1500,3616A,106.7616,31.8344,巴中市,市中心医院,,26,18,16,14,10,82,,54,54,4,8,6,6,0.3,0.4
2025-08-25T1500,2235A,122.7911,45.6077,白城市,洮北区环保局,,29,11,17,3,14,90,,76,76,2,16,4,6,0.3,0.4
2025-08-25T1500,2236A,122.8738,45.5725,白城市,市环保局,,27,9,14,7,8,85,,72,72,3,17,4,4,0.4,0.4
2025-08-25T1500,2231A,126.4219,41.9171,白山市,喜丰,,14,14,23,8,8,29,,27,27,23,18,5,7,0.6,0.7
2025-08-25T1500,2232A,126.4077,41.9419,白山市,环保局,,26,,21,18,15,40,,25,25,10,19,4,5,0.6,0.8
2025-08-25T1500,2647A,104.1724,36.5446,白银市,第三小学,,18,15,44,7,18,57,,72,72,4,20,7,48,0.6,0.8
2025-08-25T1500,2648A,104.1465,36.5482,白银市,动力公司,,20,11,35,7,16,64,,99,99,5,19,8,37,0.4,0.6
2025-08-25T1500,2512A,106.6103,23.9011,百色市,市监测站,,16,6,21,6,7,50,,43,43,4,11,4,5,0.3,0.4
2025-08-25T1500,2513A,106.6538,23.8859,百色市,市中心血站,,16,13,25,7,12,49,,37,37,8,18,3,3,0.5,0.6
2025-08-25T1500,3406A,106.6085,23.8798,百色市,祈福高中,,22,22,28,3,9,48,,40,40,7,12,4,5,0.4,0.5
2025-08-25T1500,2270A,117.396,32.939,蚌埠市,工人疗养院,,42,28,18,11,4,133,,90,90,4,9,4,4,0.3,0.3
2025-08-25T1500,2271A,117.3605,32.9427,蚌埠市,百货大楼,,44,21,14,14,6,138,,90,90,7,12,7,6,0.5,0.4
2025-08-25T1500,2273A,117.4185,32.8911,蚌埠市,蚌埠学院,,46,24,12,12,7,145,,99,99,6,8,6,7,0.5,0.3
2025-08-25T1500,2274A,117.3533,32.9673,蚌埠市,淮上区政府,,46,27,17,13,8,145,,95,95,4,12,6,6,0.4,0.3
2025-08-25T1500,2275A,117.3145,32.8977,蚌埠市,高新区,,45,31,15,12,7,143,,89,89,9,12,9,8,0.6,0.5
2025-08-25T1500,3715A,117.3092,32.9314,蚌埠市,蚌埠田家炳中学,,48,26,19,12,8,152,,88,88,8,13,7,6,0.4,0.3
2025-08-25T1500,1585A,109.8756,40.6532,包头市,市环境监测站,,50,32,38,18,19,158,,119,119,12,38,7,7,0.6,0.9
2025-08-25T1500,1587A,109.9991,40.5842,包头市,包头八中,,44,24,43,8,21,139,,93,93,9,30,6,11,0.6,1.1
2025-08-25T1500,1588A,109.8538,40.6821,包头市,青山宾馆,,,24,32,12,19,161,,113,113,,35,7,5,0.6,0.8
2025-08-25T1500,1589A,109.8642,40.6288,包头市,惠龙物流,,48,21,37,21,20,151,,108,108,6,25,6,8,0.7,0.8
2025-08-25T1500,1590A,110.0377,40.5546,包头市,东河鸿龙湾,,50,36,42,7,19,160,,102,102,6,30,6,7,0.6,0.9
2025-08-25T1500,3283A,109.9154,40.5685,包头市,滨河大厦,颗粒物(PM10),52,54,34,16,20,145,,96,96,35,36,22,8,0.9,0.8
2025-08-25T1500,3419A,109.9447,40.6261,包头市,包头市委党校,,50,20,35,10,20,157,,101,101,7,33,8,11,0.5,0.8
2025-08-25T1500,3683A,109.8331,40.6576,包头市,昆区政府,臭氧1小时,53,32,39,11,19,162,,117,117,10,25,8,10,0.7,0.8
2025-08-25T1500,1930A,107.185,34.3063,宝鸡市,庙沟村,,30,22,23,14,10,93,,64,64,12,14,4,4,0.7,0.6
2025-08-25T1500,1931A,107.0708,34.3017,宝鸡市,竹园沟,,32,28,22,22,12,98,,49,49,11,14,8,7,0.5,0.4
2025-08-25T1500,1932A,107.1906,34.3672,宝鸡市,三陆医院,,49,35,28,34,22,106,,82,82,14,19,8,8,0.8,0.7
2025-08-25T1500,1933A,107.1431,34.3547,宝鸡市,监测站,,36,30,21,25,11,110,,68,68,10,14,9,8,1.0,0.9
2025-08-25T1500,1934A,107.1186,34.3739,宝鸡市,技工学校,,38,33,27,26,17,117,,70,70,11,16,7,7,0.7,0.6
2025-08-25T1500,1936A,107.2058,34.3497,宝鸡市,文理学院,,43,37,29,30,19,108,,73,73,13,16,8,8,0.6,0.5
2025-08-25T1500,1937A,107.2386,34.3622,宝鸡市,三迪小学,细颗粒物(PM2.5),54,44,27,38,22,124,,83,83,13,18,6,5,0.7,0.6
2025-08-25T1500,4308A,107.3898,34.3601,宝鸡市,陈仓区北开路21号,,46,46,34,29,15,125,,88,88,8,15,6,6,0.6,0.5
2025-08-25T1500,1051A,115.493,38.8632,保定市,游泳馆,,44,24,25,7,12,139,,107,107,2,18,10,9,0.2,0.3
2025-08-25T1500,1052A,115.5213,38.8959,保定市,华电二区,臭氧1小时,53,21,23,3,11,162,,120,120,6,18,6,2,0.4,0.5
2025-08-25T1500,1053A,115.4713,38.9108,保定市,接待中心,,40,18,23,11,10,127,,93,93,3,14,3,3,0.4,0.4
2025-08-25T1500,1054A,115.4612,38.8416,保定市,地表水厂,,42,29,33,6,10,134,,100,100,9,24,4,4,0.4,0.4
2025-08-25T1500,3581A,115.31981,38.95208,保定市,满城区生态环境分局,,39,19,21,3,6,124,,92,92,7,19,3,3,0.0,0
2025-08-25T1500,3582A,115.47694,38.76408,保定市,清苑区第二中学,,39,23,44,3,14,124,,92,92,2,19,5,5,0.4,0.4
2025-08-25T1500,3583A,115.62909,39.02311,保定市,徐水物探局,,44,15,27,3,1,138,,100,100,8,27,1,2,0.3,0.3
2025-08-25T1500,4004A,115.4202,38.8656,保定市,双鹰农机,,43,22,26,13,14,136,,103,103,4,17,5,5,0.2,0.2
2025-08-25T1500,4034A,115.5150,38.8590,保定市,植保所站,臭氧1小时,57,35,30,3,8,165,,130,130,14,22,1,2,0.3,0.3
2025-08-25T1500,2594A,99.1678,25.1081,保山市,市环境监测站,,22,13,12,10,12,68,,48,48,7,7,10,8,0.3,0.4
2025-08-25T1500,2595A,99.1711,25.1328,保山市,市环保局,,21,8,13,3,12,66,,47,47,6,5,7,7,0.3,0.4
2025-08-25T1500,1866A,109.2262,21.588,北海市,牛尾岭水库,,15,15,6,6,3,44,,34,34,2,3,1,1,0.4,0.4
2025-08-25T1500,1867A,109.1436,21.4086,北海市,海滩公园,,16,6,12,3,2,50,,44,44,4,5,4,5,0.4,0.5
2025-08-25T1500,1868A,109.0981,21.4661,北海市,新市环保局,,15,12,13,3,6,45,,38,38,8,8,4,5,0.3,0.3
2025-08-25T1500,1869A,109.1778,21.5233,北海市,北海工业园,,15,,14,7,6,47,,38,38,6,7,5,6,0.4,0.4
2025-08-25T1500,3400A,109.1911,21.4415,北海市,龙潭自来水厂,,15,8,11,8,6,48,,41,41,5,6,2,3,0.5,0.4
2025-08-25T1500,1001A,116.3621,39.8784,北京市,万寿西宫,,49,13,20,9,13,156,,99,99,11,18,3,3,0.4,0.6
2025-08-25T1500,1002A,116.2202,40.2915,北京市,定陵,,38,9,16,8,8,120,,90,90,1,2,6,5,0.3,0.3
2025-08-25T1500,1003A,116.4174,39.9289,北京市,东四,,46,14,23,7,13,146,,102,102,8,21,3,3,0.4,0.6
2025-08-25T1500,1004A,116.4072,39.8863,北京市,天坛,,46,14,21,6,11,145,,98,98,12,20,4,4,0.4,0.5
2025-08-25T1500,1005A,116.462,39.9365,北京市,农展馆,,44,15,22,8,12,138,,95,95,11,21,4,3,0.4,0.7
2025-08-25T1500,1006A,116.3392,39.9295,北京市,官园,,40,14,23,3,13,126,,91,91,9,19,6,6,0.3,0.4
2025-08-25T1500,1007A,116.2878,39.9611,北京市,海淀万柳,,36,14,20,7,11,114,,80,80,4,18,3,3,0.2,0.4
2025-08-25T1500,1008A,116.6636,40.135,北京市,顺义新城,,,,,,,,,,,,,,,,
2025-08-25T1500,1009A,116.6275,40.3275,北京市,怀柔镇,,32,14,16,7,9,101,,70,70,7,9,1,2,0.6,0.6
2025-08-25T1500,1010A,116.2296,40.217,北京市,昌平镇,,39,17,18,6,9,124,,86,86,7,12,5,5,0.6,0.6
2025-08-25T1500,1011A,116.3966,39.9821,北京市,奥体中心,,33,13,22,6,13,103,,74,74,5,17,4,4,0.3,0.4
2025-08-25T1500,3281A,115.9718,40.4529,北京市,延庆夏都,,37,18,18,8,9,117,,75,75,7,13,5,4,0.4,0.4
2025-08-25T1500,3418A,116.8336,40.4095,北京市,密云新城,,27,8,17,6,9,84,,62,62,7,8,2,2,0.3,0.4
2025-08-25T1500,3671A,116.088,39.9726,北京市,门头沟三家店,,43,27,22,15,12,136,,83,83,7,12,3,3,0.4,0.5
2025-08-25T1500,3672A,116.1541,39.8204,北京市,丰台云岗,,39,19,22,12,12,123,,90,90,4,10,5,5,0.4,0.4
2025-08-25T1500,3673A,116.6804,39.9081,北京市,通州东关,,43,16,35,6,13,136,,87,87,11,25,5,4,0.4,0.6
2025-08-25T1500,3674A,115.9577,39.7603,北京市,房山燕山,,31,16,21,7,14,99,,90,90,5,10,1,2,0.3,0.4
2025-08-25T1500,3675A,116.4672,39.7733,北京市,大兴旧宫,臭氧1小时,53,17,20,10,11,162,,100,100,8,15,2,2,0.5,0.6
2025-08-25T1500,3694A,115.986,40.4563,北京市,延庆石河营,,34,17,15,7,8,108,,66,66,6,10,2,1,0.4,0.4
2025-08-25T1500,3695A,116.6151,40.3053,北京市,怀柔新城,,30,15,17,7,10,93,,68,68,3,4,3,3,0.4,0.5
2025-08-25T1500,3696A,116.2545,39.8768,北京市,丰台小屯,,42,19,21,10,12,132,,94,94,5,12,2,2,0.5,0.6
2025-08-25T1500,3697A,116.84,40.3844,北京市,密云镇,,31,,17,9,10,98,,70,70,5,11,5,4,0.4,0.6
2025-08-25T1500,4182A,116.1942,39.9158,北京市,八角北路9号,,47,20,25,9,13,148,,99,99,2,14,1,1,0.0,0.2
2025-08-25T1500,4194A,117.0790,40.1518,北京市,洳河巡河路,,33,11,21,3,11,103,,74,74,2,7,3,3,0.4,0.4
2025-08-25T1500,1761A,123.8275,41.3064,本溪市,大峪,,14,14,23,9,10,43,,30,30,15,26,5,5,0.6,0.9
2025-08-25T1500,1762A,123.7567,41.3325,本溪市,溪湖,,21,21,31,10,12,41,,28,28,6,17,11,11,0.9,1.2
2025-08-25T1500,1763A,123.7169,41.3094,本溪市,彩屯,,24,24,31,15,18,19,,16,16,26,27,9,9,1.1,1.5
2025-08-25T1500,1764A,123.7669,41.2864,本溪市,东明,,21,21,29,10,11,41,,27,27,14,24,5,5,0.8,1.1
2025-08-25T1500,1765A,123.7992,41.2664,本溪市,新立屯,,15,14,26,3,7,46,,36,36,7,14,4,4,1.0,1
2025-08-25T1500,1766A,123.8142,41.3472,本溪市,威宁,,15,12,20,10,10,26,,19,19,13,15,9,9,0.6,0.8
2025-08-25T1500,2587A,105.2864,27.3125,毕节市,八中,,19,15,14,6,11,60,,46,46,3,5,5,5,0.3,0.4
2025-08-25T1500,2588A,105.31,27.2944,毕节市,师专,,19,11,16,6,8,60,,49,49,5,7,6,6,0.3,0.5
2025-08-25T1500,4263A,105.3688,27.3598,毕节市,工业大道,,20,10,14,3,8,64,,50,50,5,9,6,7,0.4,0.5
2025-08-25T1500,1629A,118.0018,37.3617,滨州市,第二水厂,,32,,32,19,23,100,,53,53,2,9,2,3,0.7,0.8
2025-08-25T1500,1630A,117.9776,37.393,滨州市,北中新校,,46,46,33,14,21,101,,55,55,6,12,3,3,0.9,0.9
2025-08-25T1500,3514A,117.9378,37.3956,滨州市,中海酒店,,31,14,31,12,21,97,,54,54,4,10,2,3,0.7,0.8
2025-08-25T1500,3515A,117.9378,37.3553,滨州市,开发区一中,,,22,36,,18,113,,70,70,7,15,2,6,,0.5
2025-08-25T1500,3516A,118.0917,37.694,滨州市,金海六路,,28,15,23,7,23,88,,51,51,6,13,2,2,0.6,0.7
2025-08-25T1500,4028A,117.9956,37.3753,滨州市,滨州市西街道办事处,,34,,24,17,23,106,,56,56,7,11,2,2,0.7,0.7
2025-08-25T1500,2311A,115.8072,33.8399,亳州市,污水处理厂,,22,,13,15,11,63,,52,52,4,7,2,4,0.6,0.5
2025-08-25T1500,2312A,115.7789,33.8518,亳州市,三国揽胜宫,,22,18,18,14,14,68,,61,61,4,5,2,3,0.8,0.8
2025-08-25T1500,3332A,115.7633,33.8034,亳州市,亳州学院,,21,,15,11,15,66,,56,56,8,8,3,3,0.6,0.7
2025-08-25T1500,2693A,82.0485,44.8556,博尔塔拉蒙古自治州,市党校,,33,21,21,15,15,105,,65,65,3,6,3,2,0.1,0.2
2025-08-25T1500,2694A,82.0806,44.8969,博尔塔拉蒙古自治州,市环保局,,34,25,28,12,11,107,,62,62,3,6,4,3,0.2,0.3
2025-08-25T1500,1071A,116.8842,38.2991,沧州市,沧县城建局,,44,11,24,7,17,140,,92,92,4,11,2,3,0.3,0.4
2025-08-25T1500,1072A,116.8584,38.3254,沧州市,电视转播站,,38,38,45,14,17,118,,76,76,7,16,2,2,0.3,0.6
2025-08-25T1500,1073A,116.8709,38.3228,沧州市,市环保局,,42,29,35,17,24,132,,92,92,5,14,6,5,0.3,0.6
2025-08-25T1500,3324A,116.8136,38.3004,沧州市,河北水利电力学院,,45,17,22,16,24,141,,97,97,4,14,4,3,0.3,0.6
2025-08-25T1500,2622A,97.1806,31.1273,昌都市,昌都监测站,,15,9,10,3,5,46,,32,32,1,4,6,5,0.3,0.3
2025-08-25T1500,3719A,97.1714,31.1406,昌都市,昌都会议中心,,16,6,10,3,5,50,,36,36,2,4,3,3,0.2,0.3
2025-08-25T1500,2690A,88.1236,43.8886,昌吉回族自治州,天山天池,,25,11,33,6,10,80,,52,52,10,9,11,12,0.5,0.5
2025-08-25T1500,2692A,87.2717,44.0297,昌吉回族自治州,新区政务中心,,30,17,32,3,7,93,,66,66,6,10,1,1,0.4,0.4
2025-08-25T1500,3613A,87.3095,44.0142,昌吉回族自治州,亚心广场,,,27,41,,10,92,,70,70,7,12,11,8,0.4,0.3
2025-08-25T1500,1120A,125.2863,43.9027,长春市,客车厂,,29,19,24,11,12,91,,81,81,12,23,4,4,0.3,0.4
2025-08-25T1500,1121A,125.2841,43.8463,长春市,邮电学院,,26,24,19,6,8,83,,67,67,10,14,5,5,0.5,0.5
2025-08-25T1500,1122A,125.3716,43.8772,长春市,劳动公园,,29,28,26,7,8,92,,72,72,13,20,8,8,0.4,0.5
2025-08-25T1500,1123A,125.3297,43.8805,长春市,园林处,,29,24,18,6,6,91,,74,74,7,17,5,5,0.4,0.5
2025-08-25T1500,1124A,125.4605,43.79,长春市,净月潭,,20,10,15,3,5,64,,60,60,5,6,4,4,0.4,0.3
2025-08-25T1500,1125A,125.7194,43.515,长春市,甩湾子,,,,,,,,,,,,,,,,
2025-08-25T1500,1126A,125.3863,43.8447,长春市,经开区环卫处,,29,23,31,6,7,91,,69,69,10,22,4,4,0.5,0.5
2025-08-25T1500,1127A,125.245,43.7783,长春市,高新区管委会,,,58,20,9,7,92,,81,81,,17,5,3,,0.5
2025-08-25T1500,1128A,125.1761,43.8325,长春市,岱山公园,,28,27,30,8,9,88,,67,67,15,35,4,4,0.4,0.4
2025-08-25T1500,4281A,125.3346,43.9164,长春市,北亚泰大街1068号,,30,30,31,9,13,88,,69,69,8,27,7,7,0.4,0.5
2025-08-25T1500,1335A,113.0833,28.2325,长沙市,经开区环保局,,42,25,20,12,9,133,,92,92,8,10,6,5,0.4,0.3
2025-08-25T1500,1336A,112.8872,28.2189,长沙市,高开区环保局,,30,24,26,12,12,94,,82,82,8,8,5,6,0.2,0.3
2025-08-25T1500,1337A,113.0792,28.2053,长沙市,马坡岭,,45,24,20,17,9,142,,104,104,4,8,7,5,0.6,0.4
2025-08-25T1500,1338A,112.9394,28.19,长沙市,湖南师范大学,,39,30,23,10,12,123,,92,92,7,12,6,5,0.4,0.2
2025-08-25T1500,1339A,113.0178,28.1322,长沙市,雨花区环保局,,39,35,24,11,10,123,,85,85,4,11,9,7,0.6,0.5
2025-08-25T1500,1340A,112.9792,28.2597,长沙市,伍家岭,,37,22,29,13,11,117,,78,78,4,14,5,3,0.3,0.3
2025-08-25T1500,1341A,113.0014,28.1944,长沙市,火车新站,,43,30,27,12,9,137,,88,88,3,11,10,7,0.6,0.4
2025-08-25T1500,1342A,112.9844,28.1178,长沙市,天心区环保局,,38,21,21,9,12,121,,90,90,5,10,7,5,0.6,0.5
2025-08-25T1500,1343A,112.8908,28.1308,长沙市,湖南中医药大学,,26,24,27,8,14,83,,84,84,1,11,4,5,0.4,0.6
2025-08-25T1500,1344A,112.9581,28.3611,长沙市,沙坪,,45,21,19,11,8,143,,104,104,5,10,3,3,0.3,0.3
2025-08-25T1500,1727A,113.1147,36.1547,长治市,清华站,,39,23,31,7,17,123,,80,80,6,19,9,9,0.7,1.2
2025-08-25T1500,1730A,113.0886,36.2125,长治市,审计局,,36,11,28,3,20,114,,79,79,7,18,6,7,0.7,1.2
2025-08-25T1500,1731A,113.0844,36.1856,长治市,长治八中,,38,,31,15,26,121,,83,83,4,14,9,9,0.8,1.3
2025-08-25T1500,2845A,113.1569,36.1911,长治市,德盛苑,,38,19,36,7,22,120,,84,84,5,12,8,9,0.8,1.4
2025-08-25T1500,3568A,113.06,36.0464,长治市,向阳小学,,44,44,60,24,26,98,,68,68,7,12,3,4,0.7,1.1
2025-08-25T1500,3569A,112.8792,36.3144,长治市,屯留一中,,36,13,22,12,22,113,,86,86,7,19,8,10,0.4,0.7
2025-08-25T1500,4189A,113.1131,36.19948,长治市,英华南巷50号,,39,19,36,9,24,124,,84,84,7,18,9,9,0.5,1.3
2025-08-25T1500,4190A,113.2367,36.3344,长治市,学府街1号,,46,34,49,11,38,147,,96,96,7,18,6,4,0.9,1.5
2025-08-25T1500,1854A,111.6975,28.9703,常德市,市二中,,24,17,17,7,11,76,,60,60,4,8,4,4,0.4,0.3
2025-08-25T1500,1857A,111.7158,29.1456,常德市,白鹤山,,,,,,,,,,,,,,,,
2025-08-25T1500,3138A,111.7153,29.0289,常德市,武陵区永安,,,,27,9,9,85,,,,1,3,5,4,0.8,0.4
2025-08-25T1500,3139A,111.6892,28.9881,常德市,鼎城区玉霞,,24,16,17,10,10,75,,59,59,3,6,4,4,0.3,0.3
2025-08-25T1500,3140A,111.6625,29.0531,常德市,武陵区长庚,,23,10,17,8,9,72,,53,53,3,5,5,5,0.2,0.2
2025-08-25T1500,1196A,119.9633,31.762,常州市,市监测站,颗粒物(PM10),51,51,33,18,18,98,,139,139,26,17,10,11,1.2,0.8
2025-08-25T1500,1200A,119.9468,31.7069,常州市,武进监测站,,38,38,32,19,17,107,,149,149,16,15,7,7,1.8,1
2025-08-25T1500,1201A,119.9255,31.9087,常州市,安家,臭氧1小时,70,42,32,20,15,176,,140,140,17,26,10,11,0.9,0.8
2025-08-25T1500,3002A,119.9805,31.8174,常州市,行政中心,,41,35,35,22,17,129,,134,134,13,17,10,12,0.6,0.7
2025-08-25T1500,3003A,120.0522,31.7748,常州市,经开区,颗粒物(PM10),53,55,42,23,18,94,,133,133,23,21,4,6,0.8,0.9
2025-08-25T1500,3010A,119.9025,31.7964,常州市,钟楼,,39,39,32,15,14,122,,121,121,11,18,6,8,0.5,0.6
2025-08-25T1500,3429A,119.8598,31.7066,常州市,武进经发区,,32,32,36,16,20,92,,143,143,8,14,7,10,0.8,1
2025-08-25T1500,3430A,119.5826,31.7245,常州市,金坛城区,,39,18,27,16,15,122,,130,130,6,15,7,9,0.5,0.5
2025-08-25T1500,2220A,120.4318,41.5881,朝阳市,西梁,,31,19,20,8,11,97,,80,80,6,13,5,5,0.5,0.6
2025-08-25T1500,2221A,120.4521,41.5646,朝阳市,河畔小区,,32,13,17,9,10,101,,83,83,3,8,5,6,0.5,0.5
2025-08-25T1500,2222A,120.4176,41.5648,朝阳市,八里堡,,33,28,23,10,13,105,,85,85,6,12,6,7,0.5,0.6
2025-08-25T1500,2223A,120.3806,41.5969,朝阳市,农业园区,,30,16,23,8,13,96,,76,76,6,13,10,10,0.4,0.5
2025-08-25T1500,1705A,116.6367,23.6719,潮州市,西园路,,40,24,24,15,14,125,,59,59,8,9,5,4,0.3,0.3
2025-08-25T1500,3026A,116.6183,23.6608,潮州市,市政府,,43,39,27,14,11,136,,62,62,9,8,5,5,0.4,0.4
2025-08-25T1500,4036A,116.6461,23.6761,潮州市,金山,,39,34,26,14,15,123,,59,59,7,8,6,5,0.3,0.3
2025-08-25T1500,2472A,113.0073,25.9061,郴州市,马头岭,,24,18,25,11,8,76,,56,56,3,11,5,6,0.2,0.3
2025-08-25T1500,2473A,113.0116,25.8226,郴州市,市职中,,20,8,18,6,12,62,,49,49,4,10,3,4,0.3,0.3
2025-08-25T1500,2475A,113.0383,25.8071,郴州市,市审计局,,20,9,17,3,9,63,,55,55,6,8,5,6,0.2,0.3
2025-08-25T1500,2476A,113.0348,25.7759,郴州市,市环保局,,23,23,23,3,11,56,,48,48,8,14,2,3,0.3,0.3
2025-08-25T1500,4252A,113.0138,25.8011,郴州市,好美居路49号,,20,15,18,12,11,61,,51,51,3,9,5,5,0.2,0.3
2025-08-25T1500,1431A,103.9728,30.7236,成都市,金泉两河,,12,9,18,3,6,38,,44,39,15,11,2,2,0.7,0.6
2025-08-25T1500,1432A,104.176,30.6872,成都市,十里店,,24,10,18,3,8,76,,54,54,11,10,2,2,0.7,0.6
2025-08-25T1500,1433A,104.079,30.5706,成都市,三瓦窑,,28,6,16,3,9,87,,59,59,12,13,1,2,0.5,0.4
2025-08-25T1500,1434A,104.1114,30.63,成都市,沙河铺,,22,22,20,3,8,59,,44,44,14,11,3,3,0.6,0.7
2025-08-25T1500,1437A,104.0786,30.6531,成都市,君平街,,24,12,25,3,11,75,,58,58,7,6,2,2,0.6,0.6
2025-08-25T1500,1438A,103.613,31.0283,成都市,灵岩寺,,,,,,,,,,,,,,,,
2025-08-25T1500,2880A,104.0239,30.65639,成都市,大石西路,,18,6,24,3,15,56,,44,44,14,14,2,2,0.8,0.7
2025-08-25T1500,3136A,104.2725,30.5589,成都市,龙泉驿区区政府,,27,7,7,7,3,84,,58,58,7,8,5,4,0.5,0.5
2025-08-25T1500,3357A,104.0106,30.6931,成都市,金博路,,12,,14,3,7,36,,40,40,16,13,4,5,0.7,0.6
2025-08-25T1500,3359A,104.0578,30.5225,成都市,华阳,,28,9,16,9,13,87,,58,58,8,13,2,3,0.8,0.8
2025-08-25T1500,3488A,104.3853,30.7453,成都市,青白江技师分院,,23,19,15,3,9,73,,50,50,7,9,1,5,0.6,0.7
2025-08-25T1500,3489A,104.0789,30.4072,成都市,科学城,,24,6,14,3,10,75,,57,57,3,7,3,3,0.5,0.5
2025-08-25T1500,4011A,103.8506,30.6947,成都市,光华大道三段,,18,9,23,3,12,56,,45,42,13,12,4,4,0.9,0.8
2025-08-25T1500,4224A,104.2433,30.5353,成都市,鲸龙路1057号,,27,10,16,7,10,85,,59,59,4,8,3,3,0.4,0.4
2025-08-25T1500,1062A,117.9531,40.9081,承德市,铁路,,31,21,27,3,9,98,,58,58,7,16,3,5,0.2,0.3
2025-08-25T1500,1063A,117.9392,40.9763,承德市,中国银行,,35,19,20,6,7,110,,64,64,3,9,1,2,0.2,0.3
2025-08-25T1500,1064A,117.9503,40.928,承德市,开发区,,34,26,31,10,11,106,,64,64,8,13,4,4,0.3,0.4
2025-08-25T1500,1066A,117.9268,41.0026,承德市,离宫,,31,15,20,14,7,98,,64,64,2,6,2,1,0.3,0.3
2025-08-25T1500,4274A,117.7994,40.9605,承德市,滨河大街98号,,34,19,27,3,12,108,,3,,2,8,4,4,0.3,0.5
2025-08-25T1500,2314A,117.47,30.6618,池州市,池州学院,,40,28,25,14,15,128,,96,96,5,12,10,7,0.7,0.7
2025-08-25T1500,3237A,117.4918,30.6617,池州市,展览馆,,38,24,24,12,13,121,,96,96,4,14,9,6,0.7,0.8
2025-08-25T1500,3333A,117.5627,30.695,池州市,第八中学,,40,20,21,10,12,128,,100,100,4,9,6,6,0.4,0.4
2025-08-25T1500,3334A,117.5038,30.6243,池州市,第十二中学,,,,24,,16,,,95,,,21,,4,,0.9
2025-08-25T1500,1744A,118.9233,42.2816,赤峰市,松山一中,,38,15,26,3,10,120,,82,82,13,23,12,10,0.7,0.7
2025-08-25T1500,1745A,118.9576,42.2728,赤峰市,哈达街,,37,10,24,3,13,117,,85,85,18,18,20,16,0.7,0.6
2025-08-25T1500,1746A,118.8788,42.2554,赤峰市,天义路,,,11,16,10,13,124,,88,88,11,17,,16,0.4,0.3
2025-08-25T1500,3058A,119.2658,42.0353,赤峰市,银河街,,30,9,21,3,13,96,,81,81,6,12,5,13,0.5,0.7
2025-08-25T1500,3286A,118.9359,42.3147,赤峰市,桥北物流园区,,34,,26,16,14,106,,78,78,3,18,9,12,0.5,0.7
2025-08-25T1500,2521A,107.3476,22.4136,崇左市,市环保局江州分局,,13,8,26,3,10,41,,44,44,4,9,6,7,0.5,0.6
2025-08-25T1500,4256A,107.3750,22.3736,崇左市,石景林东路7号,,14,,22,7,12,44,,45,45,4,10,5,4,0.4,0.5
2025-08-25T1500,2298A,118.3093,32.3153,滁州市,老年大学,,46,23,22,10,8,147,,118,118,5,8,17,11,0.3,0.3
2025-08-25T1500,2299A,118.3244,32.2786,滁州市,人大宾馆,,43,,12,19,13,137,,119,119,2,5,5,6,0.4,0.3
2025-08-25T1500,3207A,118.3118,32.3038,滁州市,市政府原办公楼,,44,24,19,19,16,139,,114,114,3,7,8,8,0.4,0.4
2025-08-25T1500,3331A,118.3267,32.2634,滁州市,图书馆,,41,18,14,18,14,131,,119,119,3,6,11,11,0.4,0.3
2025-08-25T1500,2605A,101.5482,25.0441,楚雄彝族自治州,州环境监测站,,16,12,11,3,9,49,,32,32,10,13,6,6,0.4,0.5
2025-08-25T1500,2606A,101.538,25.0492,楚雄彝族自治州,市经济开发区,,17,9,13,6,8,54,,33,33,6,12,7,7,0.4,0.5
2025-08-25T1500,2548A,107.5277,31.2827,达州市,达州职业技术学院,,28,24,31,3,8,88,,54,54,2,13,7,10,0.6,0.4
2025-08-25T1500,2549A,107.5086,31.2186,达州市,市环境监测站,,,21,23,3,3,79,,47,47,12,18,6,9,,0.4
2025-08-25T1500,2550A,107.4988,31.2132,达州市,凤凰小区,,26,14,20,3,7,82,,46,46,7,16,3,3,0.2,0.3
2025-08-25T1500,2551A,107.5082,31.1986,达州市,达县机关宾馆,,27,19,20,3,7,85,,51,51,10,18,5,7,0.3,0.3
2025-08-25T1500,2552A,107.4644,31.2124,达州市,市政中心,,25,18,26,3,4,79,,52,52,5,13,3,7,0.1,0.3
2025-08-25T1500,2614A,100.1542,25.7054,大理白族自治州,大理市环境监测站,,16,,9,10,14,51,,33,33,7,10,5,4,0.4,0.5
2025-08-25T1500,2615A,100.2171,25.5811,大理白族自治州,大理古城,,20,14,13,14,6,57,,40,40,4,7,5,5,0.6,0.7
2025-08-25T1500,1109A,121.612,38.9741,大连市,甘井子,,30,6,22,3,19,94,,79,79,11,17,6,7,0.2,0.3
2025-08-25T1500,1110A,121.565,38.9511,大连市,周水子,,28,16,26,3,23,89,,72,72,14,16,8,8,0.3,0.4
2025-08-25T1500,1111A,121.5637,38.8845,大连市,星海三站,,29,18,26,3,20,92,,83,83,14,12,4,4,0.3,0.4
2025-08-25T1500,1112A,121.6302,38.9117,大连市,青泥洼桥,,31,7,24,3,22,99,,89,89,13,9,6,6,0.4,0.5
2025-08-25T1500,1113A,121.6251,38.8638,大连市,傅家庄,,30,15,21,3,17,93,,87,87,14,8,10,10,0.4,0.4
2025-08-25T1500,1114A,121.5213,38.8661,大连市,七贤岭,,33,17,24,3,19,105,,91,91,7,6,6,6,0.5,0.6
2025-08-25T1500,1115A,121.2529,38.8061,大连市,旅顺,,30,15,24,7,20,94,,74,74,5,4,7,6,0.3,0.4
2025-08-25T1500,1116A,121.7485,39.1311,大连市,金州,,32,6,20,3,18,102,,79,79,11,11,4,4,0.2,0.3
2025-08-25T1500,1117A,121.7811,39.0496,大连市,开发区,,31,16,25,3,18,97,,74,74,12,19,5,6,0.1,0.2
2025-08-25T1500,1118A,121.9762,39.0631,大连市,双D港,,36,6,16,3,10,113,,88,88,3,4,8,8,0.4,0.4
2025-08-25T1500,1789A,124.81117,46.03138,大庆市,大同区,,24,13,19,3,8,75,,70,70,5,13,8,9,0.5,0.6
2025-08-25T1500,1790A,125.129,46.533,大庆市,龙凤区,,19,14,20,10,8,60,,54,54,6,16,7,8,0.4,0.5
2025-08-25T1500,1791A,124.902,46.408,大庆市,红岗区,,23,14,23,10,14,72,,67,67,6,14,6,8,0.4,0.5
2025-08-25T1500,1792A,125.153,46.586,大庆市,萨尔图区,,19,6,23,3,7,58,,52,52,4,13,7,8,0.4,0.5
2025-08-25T1500,1793A,124.9042,46.6215,大庆市,让胡路区,,20,14,25,7,12,64,,57,57,2,13,5,5,0.2,0.3
2025-08-25T1500,3481A,125.141,46.634,大庆市,萨区政府监测点,,20,11,21,3,4,62,,57,57,2,10,7,7,0.3,0.3
2025-08-25T1500,1721A,113.3819,40.1097,大同市,果树场,,44,27,32,12,14,138,,82,82,12,22,12,11,0.6,0.6
2025-08-25T1500,1723A,113.2994,40.0758,大同市,云冈宾馆,,43,40,46,19,18,137,,87,87,14,26,8,9,0.7,1.1
2025-08-25T1500,1724A,113.3444,40.0917,大同市,大同大学,,45,43,37,23,15,141,,88,88,15,27,13,12,0.7,0.8
2025-08-25T1500,1725A,113.2661,40.1269,大同市,安家小村,,48,40,56,17,14,152,,95,95,8,23,10,7,0.8,1.1
2025-08-25T1500,1726A,113.2711,40.0844,大同市,教育学院,,47,42,54,18,21,150,,88,88,11,27,14,15,0.6,0.9
2025-08-25T1500,3282A,113.3397,40.0597,大同市,大同市卫生学校,,40,32,42,15,18,127,,79,79,14,28,11,10,0.3,0.6
2025-08-25T1500,3565A,113.1367,40.1122,大同市,云冈站,,40,26,44,15,17,126,,83,83,10,17,4,8,0.1,0.4
2025-08-25T1500,3566A,113.1186,40.2556,大同市,图书馆,,43,22,27,12,12,137,,89,89,5,7,5,4,0.8,0.8
2025-08-25T1500,3567A,113.5931,40.0461,大同市,区一中,,41,32,28,3,12,129,,96,96,7,9,14,12,0.4,0.5
2025-08-25T1500,4199A,113.2798,40.0997,大同市,魏都大道141号,颗粒物(PM10),52,54,50,26,21,146,,87,87,11,27,6,6,0.6,1
2025-08-25T1500,2269A,124.1069,50.4097,大兴安岭地区,科技局,,16,16,21,7,7,49,,30,30,2,3,6,6,0.3,0.3
2025-08-25T1500,3663A,124.1164,50.4278,大兴安岭地区,红旗社区,,13,6,9,3,3,41,,24,24,1,3,5,5,0.3,0.3
2025-08-25T1500,1600A,124.3303,40.0625,丹东市,江湾东路,,22,12,17,9,12,70,,69,69,15,10,3,4,0.7,0.7
2025-08-25T1500,1601A,124.4256,40.1503,丹东市,临江后街,,24,12,19,3,10,76,,68,68,8,9,4,6,0.6,0.7
2025-08-25T1500,1602A,124.3933,40.1461,丹东市,元宝山,,20,10,16,7,9,61,,56,56,10,10,1,2,0.5,0.6
2025-08-25T1500,1603A,124.3633,40.1092,丹东市,民主桥,,22,15,17,7,10,68,,58,58,15,10,6,5,0.5,0.5
2025-08-25T1500,3541A,109.5726,19.5167,儋州市,第一中学子站,,11,10,11,3,2,34,,35,32,2,2,5,4,0.8,0.7
2025-08-25T1500,3542A,109.5567,19.5187,儋州市,东坡学校子站,,12,12,10,3,4,34,,32,32,3,3,6,7,0.5,0.5
2025-08-25T1500,2616A,98.5842,24.428,德宏傣族景颇族自治州,德宏州监测站,,20,15,21,8,10,64,,34,34,5,8,6,6,0.5,0.6
2025-08-25T1500,3677A,98.5881,24.4368,德宏傣族景颇族自治州,芒市人民政府综合楼,,23,23,29,6,9,52,,36,36,4,8,7,7,0.3,0.5
2025-08-25T1500,1901A,104.4239,31.1208,德阳市,东山公园,,18,,8,6,9,55,,44,44,1,5,3,3,0.8,0.8
2025-08-25T1500,1902A,104.3826,31.1317,德阳市,西小区,,21,9,11,7,9,66,,53,53,5,9,1,1,0.6,0.6
2025-08-25T1500,1904A,104.3553,31.1091,德阳市,耐火材料厂,,28,28,13,7,9,63,,47,47,6,10,1,1,0.6,0.6
2025-08-25T1500,3639A,104.4019,31.1244,德阳市,市教育局,,20,11,14,7,9,62,,49,49,2,5,8,7,0.7,0.8
2025-08-25T1500,1622A,116.3032,37.4674,德州市,儿童乐园,,41,22,22,14,15,129,,106,106,4,11,8,9,0.6,0.6
2025-08-25T1500,1624A,116.2991,37.4451,德州市,监理站,,43,12,18,9,10,135,,114,114,4,10,8,9,0.7,0.6
2025-08-25T1500,3066A,116.2721,37.4379,德州市,九衢泉纯净水厂,,40,17,21,12,15,127,,101,101,5,13,5,6,0.9,0.8
2025-08-25T1500,3371A,116.3728,37.4403,德州市,开发区人民医院,,41,17,21,7,13,129,,107,107,4,9,10,11,1.0,1
2025-08-25T1500,3511A,116.5652,37.3319,德州市,陵城艺术中心,,,29,30,,11,136,,127,127,13,15,10,15,0.6,0.9
2025-08-25T1500,4292A,116.3525,37.4209,德州市,新河东路,,43,22,20,9,12,135,,116,116,14,18,9,11,0.9,0.8
2025-08-25T1500,2621A,99.7056,27.8317,迪庆藏族自治州,迪庆州站,,12,11,14,7,10,37,,34,34,5,6,6,6,0.4,0.5
2025-08-25T1500,3180A,99.7136,27.8094,迪庆藏族自治州,质量技术监督局,,,17,15,6,8,38,,36,36,,9,8,8,0.4,0.5
2025-08-25T1500,4257A,104.6092,35.5962,定西市,将台街,,25,6,24,6,16,78,,60,60,6,18,8,8,0.4,0.4
2025-08-25T1500,4309A,104.6159,35.5701,定西市,正龙路62号,,22,11,29,11,16,68,,54,54,6,11,4,4,0.3,0.2
2025-08-25T1500,1389A,113.7547,23.0494,东莞市,莞城梨川,,25,14,19,3,11,78,,66,66,12,10,6,6,0.3,0.2
2025-08-25T1500,1390A,113.7944,23.0128,东莞市,东城石井,,21,18,23,8,10,65,,64,64,16,14,3,4,0.7,0.7
2025-08-25T1500,1391A,113.7383,22.9658,东莞市,南城西平,,17,17,19,3,8,49,,58,58,14,17,7,7,0.5,0.5
2025-08-25T1500,3319A,113.7338,23.0381,东莞市,万江金泰,,26,13,20,6,6,83,,64,64,12,11,6,6,0.6,0.5
2025-08-25T1500,3626A,113.7533,23.0202,东莞市,南城元岭,,22,,20,3,9,70,,66,66,14,13,6,6,0.4,0.3
2025-08-25T1500,3627A,113.7875,23.0457,东莞市,东城主山,,21,18,22,8,8,67,,63,63,24,13,5,6,0.5,0.4
2025-08-25T1500,1666A,118.6614,37.4309,东营市,市环保局,,,,26,19,18,62,,44,44,16,18,6,6,0.8,0.6
2025-08-25T1500,3036A,118.6904,37.4338,东营市,开发区管委会,,,,32,22,18,68,,46,46,15,18,6,6,0.8,0.7
2025-08-25T1500,3365A,118.5719,37.565,东营市,垦利区民丰路,,24,22,29,14,21,74,,47,47,13,16,9,9,1.4,1.2
2025-08-25T1500,3498A,118.5055,37.8612,东营市,河口城区,,30,17,23,15,13,96,,69,69,15,15,4,4,1.5,1.2
2025-08-25T1500,3646A,118.4978,37.4623,东营市,胜利站,,,,32,,18,,,66,,,19,,3,,0.9
2025-08-25T1500,3734A,118.35,37.26,东营市,理想之城,,29,29,27,19,20,61,,42,42,8,10,14,14,0.8,0.7
2025-08-25T1500,1591A,110.0023,39.8129,鄂尔多斯市,综合楼,,44,22,38,7,16,139,,109,109,8,32,8,9,0.4,0.6
2025-08-25T1500,1592A,109.9486,39.8261,鄂尔多斯市,巴音孟克林场办事处,,47,36,44,9,13,150,,116,116,8,32,6,7,0.5,0.8
2025-08-25T1500,1593A,109.7736,39.5986,鄂尔多斯市,康泽苑,,46,31,35,7,11,145,,106,106,6,14,6,5,0.3,0.4
2025-08-25T1500,1594A,109.8119,39.5989,鄂尔多斯市,华泰汽车城,,43,22,36,14,16,135,,93,93,6,24,10,9,0.5,0.5
2025-08-25T1500,1595A,109.9734,39.7884,鄂尔多斯市,奥林花园,,44,24,44,12,15,138,,121,121,7,34,7,6,0.4,0.7
2025-08-25T1500,2436A,114.8938,30.3994,鄂州市,市政府,,35,14,38,3,11,110,,94,94,6,26,7,11,0.6,0.7
2025-08-25T1500,2437A,114.8989,30.3714,鄂州市,赵家坝,,37,24,45,3,12,117,,99,99,7,16,8,11,0.6,0.8
2025-08-25T1500,3654A,114.8094,30.4089,鄂州市,精准医疗中心,,40,18,29,6,11,126,,104,104,3,17,6,8,0.5,0.7
2025-08-25T1500,2454A,109.4978,30.2981,恩施土家族苗族自治州,湖北民院,,25,,17,17,15,79,,56,56,2,7,6,6,0.3,0.1
2025-08-25T1500,2455A,109.4707,30.2798,恩施土家族苗族自治州,州电力总公司,,23,14,16,9,10,72,,54,54,2,7,5,5,0.0,0.2
2025-08-25T1500,3549A,109.5061,30.3772,恩施土家族苗族自治州,龙凤新区,,,11,18,,7,92,,72,72,2,5,5,4,0.3,0.3
2025-08-25T1500,2499A,108.3411,21.6158,防城港市,沙万,,21,21,18,9,10,43,,30,30,6,14,3,5,0.4,0.7
2025-08-25T1500,2500A,108.3514,21.7731,防城港市,防城档案局,,13,10,18,9,8,38,,32,32,6,11,3,3,0.3,0.4
2025-08-25T1500,2501A,108.3506,21.6414,防城港市,大海花园,,23,23,20,3,12,44,,31,31,8,14,7,9,0.6,0.8
2025-08-25T1500,1371A,113.1294,23.0067,佛山市,湾梁,,33,22,19,17,12,103,,60,60,16,21,6,7,0.5,0.5
2025-08-25T1500,1372A,113.1083,23.0478,佛山市,华材职中,,36,27,19,7,7,113,,66,66,10,13,3,4,0.5,0.5
2025-08-25T1500,1373A,113.144,23.0453,佛山市,南海气象局,,38,38,21,10,9,101,,65,65,10,15,4,5,0.4,0.4
2025-08-25T1500,1374A,113.2881,22.8094,佛山市,顺德苏岗,,,,24,,6,63,,45,45,12,17,6,6,,0.6
2025-08-25T1500,1376A,112.8383,22.8678,佛山市,高明孔堂,,28,12,18,8,7,88,,61,61,8,16,7,7,0.3,0.4
2025-08-25T1500,1377A,112.8836,23.1588,佛山市,三水监测站,,43,27,23,16,12,135,,62,62,10,18,21,8,0.6,0.6
2025-08-25T1500,1378A,112.867,23.185,佛山市,三水云东海,,42,30,29,14,13,133,,65,65,12,20,2,2,0.6,0.6
2025-08-25T1500,3625A,113.2544,22.7642,佛山市,容桂街道办,,21,9,14,3,9,65,,48,48,9,15,6,6,0.5,0.6
2025-08-25T1500,1280A,119.3903,26.0543,福州市,鼓山,,,,,,,,,,,,,,,,
2025-08-25T1500,1282A,119.2681,26.0504,福州市,师大,,22,6,18,3,7,69,,53,53,4,6,6,5,0.2,0.2
2025-08-25T1500,1283A,119.2984,26.1028,福州市,五四北路,,18,6,17,3,6,56,,43,43,5,7,4,4,0.2,0.2
2025-08-25T1500,1284A,119.2648,26.0768,福州市,杨桥西路,,20,6,17,3,6,62,,52,52,2,6,4,4,0.1,0.2
2025-08-25T1500,1285A,119.317,26.0746,福州市,紫阳,,19,12,18,3,6,59,,41,41,2,5,6,5,0.2,0.3
2025-08-25T1500,3048A,119.5799,26.0936,福州市,九龙,,20,20,14,3,4,49,,36,36,3,5,4,5,0.2,0.2
2025-08-25T1500,3526A,119.5189,25.9664,福州市,吴航,,15,6,11,3,6,46,,34,34,1,3,6,7,0.2,0.2
2025-08-25T1500,1755A,123.7977,41.8491,抚顺市,望花区,,11,7,17,3,9,35,,23,23,16,18,6,6,0.6,0.7
2025-08-25T1500,1756A,123.9161,41.8822,抚顺市,顺城区,,11,,12,3,7,34,,20,20,17,16,4,4,0.7,0.7
2025-08-25T1500,1757A,124.0436,41.8611,抚顺市,东洲区,,9,6,11,3,7,27,,17,17,8,11,5,5,0.6,0.7
2025-08-25T1500,1758A,123.9247,41.8642,抚顺市,新抚区,,9,7,16,3,7,28,,14,14,14,15,5,5,0.7,0.8
2025-08-25T1500,1759A,124.0972,41.8961,抚顺市,大伙房水库,,10,10,9,3,7,32,,21,21,6,10,7,7,0.6,0.7
2025-08-25T1500,1760A,123.7086,41.8391,抚顺市,沈抚新城,,15,6,12,3,6,45,,28,28,13,16,4,4,0.6,0.6
2025-08-25T1500,2376A,116.2127,28.0814,抚州市,桐源党溪,,30,11,23,3,9,95,,70,70,3,4,6,5,0.8,0.8
2025-08-25T1500,2377A,116.3544,27.9831,抚州市,市站,,35,19,22,6,9,111,,78,78,2,5,1,2,0.2,0.2
2025-08-25T1500,2378A,116.3565,27.963,抚州市,血防站,,33,15,21,7,10,105,,74,74,3,7,3,3,0.3,0.3
2025-08-25T1500,2379A,116.3564,28.0007,抚州市,采茶剧团,,35,16,22,3,11,109,,74,74,2,3,4,5,0.6,0.6
2025-08-25T1500,2380A,116.385,27.9647,抚州市,医学分院,,31,20,27,9,9,99,,78,78,4,7,4,5,0.3,0.3
2025-08-25T1500,2207A,121.6094,41.998,阜新市,工业园区,,31,20,21,3,10,97,,68,68,8,15,6,9,0.9,0.6
2025-08-25T1500,2208A,121.6697,42.0279,阜新市,长青街,,28,11,16,3,9,87,,54,54,5,11,4,7,0.5,0.5
2025-08-25T1500,2209A,121.6673,42.0705,阜新市,农业园区,,,16,16,,3,91,,68,68,5,10,2,5,1.0,0.9
2025-08-25T1500,2210A,121.6717,42.0224,阜新市,东苑,,29,16,19,3,3,91,,64,64,6,15,6,12,0.4,0.5
2025-08-25T1500,2211A,121.6506,42.0498,阜新市,玉龙新城,,29,14,19,3,8,92,,63,63,5,15,7,9,1.2,0.9
2025-08-25T1500,2301A,115.8277,32.8929,阜阳市,市监测站,,36,23,24,3,14,113,,72,72,7,17,4,4,0.1,0.1
2025-08-25T1500,2303A,115.8554,32.8605,阜阳市,开发区,,31,15,19,15,13,98,,62,62,5,13,6,6,0.3,0.3
2025-08-25T1500,2875A,115.784,32.8892,阜阳市,阜阳职业技术学院,,40,18,20,12,12,127,,84,84,6,13,6,5,0.3,0.3
2025-08-25T1500,3468A,115.7901,32.8613,阜阳市,市规划展馆,,38,26,26,12,17,119,,76,76,5,12,2,2,0.5,0.5
2025-08-25T1500,3469A,115.836,32.9183,阜阳市,枣园社区,,35,14,26,11,17,112,,71,71,6,13,2,2,0.4,0.4
2025-08-25T1500,2669A,102.9099,34.9841,甘南藏族自治州,州政府,,22,11,27,6,18,70,,52,52,2,9,5,4,0.2,0.3
2025-08-25T1500,3380A,102.8914,34.9617,甘南藏族自治州,甘肃民族师范学院,,25,,35,3,18,78,,59,59,2,14,4,4,0.1,0.2
2025-08-25T1500,2570A,101.9603,30.0475,甘孜藏族自治州,水桥子,,23,6,6,3,4,73,,53,53,5,10,7,6,0.4,0.3
2025-08-25T1500,3065A,101.9533,29.9972,甘孜藏族自治州,州环保局,,25,10,13,3,5,79,,59,59,3,10,4,4,0.2,0.3
2025-08-25T1500,3414A,115.8347,28.932,赣江新区,桑海产业园,,47,24,25,15,12,150,,116,116,5,15,6,7,0.3,0.3
2025-08-25T1500,2362A,114.9017,25.9149,赣州市,通天岩,,25,15,16,3,8,79,,50,50,2,3,17,17,1.1,0.9
2025-08-25T1500,2363A,114.9367,25.8664,赣州市,地委,,32,10,18,7,8,101,,70,70,6,8,5,6,0.7,0.7
2025-08-25T1500,2364A,114.9461,25.8481,赣州市,气象台,,35,8,19,6,5,109,,73,73,4,6,9,10,0.5,0.5
2025-08-25T1500,2365A,114.9322,25.8333,赣州市,市图书馆,,35,19,14,3,9,110,,70,70,5,7,6,5,0.4,0.4
2025-08-25T1500,2366A,114.8905,25.8471,赣州市,华坚鞋城,,28,16,19,3,8,89,,61,61,7,11,6,6,0.4,0.4
2025-08-25T1500,3109A,115.0093,25.8613,赣州市,赣县区卫计委,,37,27,16,18,8,117,,74,74,4,5,6,6,0.5,0.4
2025-08-25T1500,2683A,106.2319,36.1417,固原市,马园,,,,,,,,,,,,,,,,
2025-08-25T1500,2684A,106.2792,36.0022,固原市,监测站,,,22,28,3,5,93,,84,84,,6,6,6,0.2,0.2
2025-08-25T1500,2685A,106.2375,36.0211,固原市,新区,,25,,16,12,9,80,,69,69,11,8,7,8,0.4,0.2
2025-08-25T1500,3522A,106.2177,35.9959,固原市,原州区十五小,,25,13,15,9,10,80,,75,75,8,9,9,9,0.4,0.4
2025-08-25T1500,2543A,106.6308,30.5278,广安市,小平旧居,,,,,,,,,,,,,,,,
2025-08-25T1500,2544A,106.6303,30.4576,广安市,市委,,38,18,26,7,21,119,,88,88,8,8,6,3,0.2,0.3
2025-08-25T1500,2545A,106.6271,30.4663,广安市,友谊中学,,41,15,23,6,16,130,,99,99,8,9,7,6,0.7,0.8
2025-08-25T1500,2547A,106.6388,30.4551,广安市,广电花园,,37,25,32,9,17,116,,87,87,7,8,5,4,0.6,0.7
2025-08-25T1500,2902A,106.6351,30.4865,广安市,北辰小学,,40,18,26,8,16,126,,94,94,5,6,15,14,0.4,0.5
2025-08-25T1500,2523A,105.8945,32.4535,广元市,黑石坡,,20,12,14,6,11,64,,40,40,3,5,1,2,0.2,0.2
2025-08-25T1500,2524A,105.821,32.4444,广元市,老城,,28,15,13,3,7,89,,61,61,7,16,1,2,0.6,0.7
2025-08-25T1500,2526A,105.8628,32.4287,广元市,监测站,,25,14,15,8,7,77,,53,53,8,11,5,7,0.8,0.8
2025-08-25T1500,3617A,105.8047,32.4166,广元市,经开区,,25,12,16,7,11,78,,52,52,9,15,5,5,0.6,0.7
2025-08-25T1500,1345A,113.2347,23.1423,广州市,广雅中学,,32,22,26,7,9,102,,68,68,15,20,2,3,0.5,0.4
2025-08-25T1500,1346A,113.2612,23.105,广州市,市五中,,29,24,23,10,11,90,,71,71,12,18,5,6,0.1,0.2
2025-08-25T1500,1348A,113.3478,23.0916,广州市,广东商学院,,22,22,17,3,8,66,,72,72,15,21,3,5,0,0.1
2025-08-25T1500,1349A,113.4332,23.1047,广州市,市八十六中,,24,24,21,9,10,49,,59,59,31,23,3,4,0.2,0.3
2025-08-25T1500,1350A,113.3505,22.9483,广州市,番禺中学,,23,15,24,8,10,72,,64,64,10,13,6,7,0.4,0.4
2025-08-25T1500,1351A,113.2146,23.3916,广州市,花都师范,,29,21,30,10,11,91,,58,58,13,29,4,5,0.4,0.5
2025-08-25T1500,1352A,113.2597,23.1331,广州市,市监测站,,30,23,23,8,9,96,,67,67,13,19,5,6,0.3,0.3
2025-08-25T1500,1353A,113.5618,23.312,广州市,九龙镇镇龙,,29,20,21,10,10,92,,51,51,12,12,7,7,0.4,0.4
2025-08-25T1500,1354A,113.2765,23.1544,广州市,麓湖,,31,23,24,15,11,97,,61,61,12,21,2,2,0.3,0.3
2025-08-25T1500,1355A,113.443,23.3035,广州市,帽峰山森林公园,,29,12,13,3,5,91,,55,55,6,8,5,6,0.4,0.4
2025-08-25T1500,2846A,113.3221,23.1322,广州市,体育西,,38,38,30,16,12,86,,66,66,15,23,2,4,0.3,0.4
2025-08-25T1500,3298A,113.5717,23.5491,广州市,从化街口,,20,14,21,7,10,61,,41,41,5,12,7,7,0.5,0.6
2025-08-25T1500,3299A,113.3472,23.3692,广州市,白云竹料,,24,24,23,10,11,75,,49,49,9,14,4,4,0.4,0.5
2025-08-25T1500,3300A,113.2981,23.237,广州市,白云嘉禾,,29,24,22,12,11,91,,58,58,14,18,5,6,0.4,0.4
2025-08-25T1500,3301A,113.4256,23.1716,广州市,黄埔科学城,,25,25,22,9,10,79,,59,59,13,14,9,6,0.3,0.3
2025-08-25T1500,3302A,113.3942,23.0483,广州市,番禺大学城,,24,24,26,3,11,64,,70,70,9,19,10,11,0.3,0.4
2025-08-25T1500,3303A,113.4922,22.8168,广州市,南沙黄阁,,21,18,23,6,8,67,,62,62,9,13,4,4,0.3,0.4
2025-08-25T1500,3304A,113.5342,22.7896,广州市,南沙街,,21,19,20,3,7,67,,60,60,11,14,6,6,0.3,0.4
2025-08-25T1500,3443A,113.2902,23.5544,广州市,花都梯面,,18,11,16,7,6,56,,42,42,5,10,6,6,0.4,0.4
2025-08-25T1500,3445A,113.7858,23.7478,广州市,从化良口,,16,9,12,8,7,49,,32,32,5,6,4,4,0.4,0.4
2025-08-25T1500,3446A,113.8051,23.2614,广州市,增城荔城,,30,14,16,10,8,95,,52,52,6,8,8,8,0.3,0.3
2025-08-25T1500,2505A,109.568,23.1478,贵港市,德智高中,,,,,,,,,,,,,,,,
2025-08-25T1500,2506A,109.6047,23.0666,贵港市,江南子站,,23,,29,16,18,51,,53,53,8,11,3,7,0.4,0.6
2025-08-25T1500,2508A,109.5669,23.1065,贵港市,荷城子站,,19,9,16,9,7,60,,57,57,6,7,2,3,0.5,0.5
2025-08-25T1500,3405A,109.5886,23.1172,贵港市,新世纪学校,,20,19,20,10,12,61,,58,58,7,10,1,2,0.5,0.5
2025-08-25T1500,4260A,109.5933,23.0951,贵港市,中山路155-3号,,50,50,25,15,14,60,,64,64,7,10,4,5,0.6,0.5
2025-08-25T1500,1439A,106.6899,26.5998,贵阳市,马鞍山,,,7,14,,2,65,,53,53,4,9,4,3,0.1,0.2
2025-08-25T1500,1441A,106.6243,26.6266,贵阳市,鉴湖路,,20,17,25,3,4,61,,54,54,6,8,4,5,0.1,0.2
2025-08-25T1500,1442A,106.7487,26.6343,贵阳市,燕子冲,,18,,12,9,12,56,,46,46,6,11,3,3,0.1,0.2
2025-08-25T1500,1443A,106.6555,26.4365,贵阳市,碧云窝,,19,17,27,3,7,59,,51,51,7,11,4,5,0.1,0.2
2025-08-25T1500,1445A,106.7109,26.6027,贵阳市,红边门,,18,17,19,3,10,57,,51,51,11,14,7,8,0.0,0.2
2025-08-25T1500,1446A,106.7164,26.5699,贵阳市,新华路,,17,12,17,3,10,54,,47,47,7,13,31,15,0.3,0.3
2025-08-25T1500,1447A,106.674,26.5424,贵阳市,太慈桥,,19,7,15,3,4,59,,49,49,5,11,6,5,0.1,0.1
2025-08-25T1500,1552A,106.805,26.3003,贵阳市,桐木岭,,24,24,26,9,14,52,,54,53,5,6,3,2,0.6,0.8
2025-08-25T1500,4230A,106.6882,26.5695,贵阳市,花果园大街66号,,17,6,6,3,11,53,,46,46,4,9,3,4,0.1,0.4
2025-08-25T1500,4231A,106.6873,26.5169,贵阳市,漓江路57号,,19,7,16,3,7,60,,50,50,4,9,4,5,0.3,0.4
2025-08-25T1500,1862A,110.4144,25.3167,桂林市,电子科大尧山校区,,,,,,,,,,,,,,,,
2025-08-25T1500,1864A,110.3089,25.2708,桂林市,龙隐路小学,,19,12,25,8,13,60,,47,47,4,11,4,8,0.2,0.3
2025-08-25T1500,1865A,110.2869,25.2178,桂林市,八中,,19,11,26,10,14,58,,50,50,4,11,6,10,0.4,0.5
2025-08-25T1500,3531A,110.296,25.1253,桂林市,旅游学院,,18,6,17,3,11,55,,47,47,2,8,3,7,0.4,0.4
2025-08-25T1500,4222A,110.1835,25.2444,桂林市,环湖路276号,,19,12,34,3,19,60,,44,44,5,16,6,28,0.1,0.3
2025-08-25T1500,4301A,110.2803,25.2773,桂林市,信义路13号,,21,6,28,3,9,66,,51,51,3,13,5,9,0.4,0.5
2025-08-25T1500,2674A,100.2561,34.4714,果洛藏族自治州,玛沁县大武镇,,25,16,28,3,15,80,,71,71,2,4,10,12,0.3,0.4
2025-08-25T1500,1129A,126.5422,45.755,哈尔滨市,岭北,,,10,23,,,12,,12,12,8,26,10,12,0.8,0.7
2025-08-25T1500,1130A,126.561,45.8167,哈尔滨市,松北商大,,25,22,52,10,12,77,,52,52,11,30,6,7,0.4,0.5
2025-08-25T1500,1131A,126.979,45.5419,哈尔滨市,阿城会宁,,23,18,29,6,11,71,,59,59,4,18,10,8,0.4,0.5
2025-08-25T1500,1132A,126.599,45.7222,哈尔滨市,南岗学府路,,31,31,40,3,12,92,,64,64,8,28,7,8,0.5,0.6
2025-08-25T1500,1133A,126.689,45.7733,哈尔滨市,太平宏伟公园,,26,22,39,10,11,82,,54,54,8,29,7,8,0.4,0.6
2025-08-25T1500,1134A,126.635,45.7667,哈尔滨市,道外承德广场,,25,21,40,11,10,80,,54,54,9,25,7,7,0.7,0.9
2025-08-25T1500,1135A,126.685,45.7319,哈尔滨市,香坊红旗大街,,,,39,22,22,89,,58,58,17,30,,18,0.0,0.4
2025-08-25T1500,1136A,126.6411,45.7258,哈尔滨市,动力和平路,,29,19,38,7,6,92,,62,62,9,27,6,6,0.5,0.6
2025-08-25T1500,1137A,126.593,45.7478,哈尔滨市,道里建国路,,30,16,30,10,11,95,,67,67,6,27,11,11,0.4,1
2025-08-25T1500,1138A,126.615,45.61,哈尔滨市,平房东轻厂,,27,17,34,11,10,84,,64,64,9,27,8,9,0.4,0.5
2025-08-25T1500,1139A,126.595,45.9855,哈尔滨市,呼兰师专,,29,20,36,3,8,92,,58,58,8,28,8,9,0.3,0.4
2025-08-25T1500,1140A,126.6206,45.6842,哈尔滨市,省农科院,,29,17,53,6,17,90,,59,59,10,33,10,11,0.6,0.7
2025-08-25T1500,2688A,93.5128,42.8172,哈密市,地区监测站,颗粒物(PM10),55,59,71,24,18,89,,99,82,9,20,4,4,0.4,0.4
2025-08-25T1500,2689A,93.4961,42.8328,哈密市,哈密师范学校,,39,39,55,14,16,86,,91,78,13,22,5,4,0.1,0.1
2025-08-25T1500,2671A,100.9048,36.9639,海北藏族自治州,海晏县西海镇,,41,35,34,25,24,131,,104,104,2,5,9,8,0.5,0.5
2025-08-25T1500,3867A,102.0738,36.5056,海东市,平安区公安北苑,,37,29,39,14,25,118,,84,84,3,8,8,11,0.6,0.7
2025-08-25T1500,1409A,110.576,19.9507,海口市,东寨港,,14,6,13,6,6,43,,36,33,2,2,4,8,0.2,0.1
2025-08-25T1500,1410A,110.3232,20.0574,海口市,海南大学,,17,17,19,7,6,44,,42,40,2,2,2,2,0.3,0.3
2025-08-25T1500,1411A,110.283,20.0053,海口市,秀英海南医院,,18,18,18,7,7,42,,42,40,3,2,5,5,0.3,0.3
2025-08-25T1500,1412A,110.338,19.9969,海口市,海南师范大学,,18,18,18,6,7,45,,43,41,3,3,4,4,0.3,0.3
2025-08-25T1500,1413A,110.33,20.0356,海口市,龙华路环保局宿舍,,19,19,17,7,7,45,,44,42,3,3,5,5,0.3,0.3
2025-08-25T1500,3539A,110.5111,19.9736,海口市,桂林洋子站,,17,17,19,7,8,44,,41,40,2,2,3,3,0.2,0.2
2025-08-25T1500,2673A,100.6188,36.2866,海南藏族自治州,共和县恰卜恰镇,,36,20,27,9,15,115,,91,91,2,6,7,11,0.7,0.5
2025-08-25T1500,2676A,97.3731,37.3753,海西蒙古族藏族自治州,德令哈市,,31,31,31,14,16,88,,116,109,15,4,13,13,0.4,0.4
2025-08-25T1500,1048A,114.5302,36.6116,邯郸市,东污水处理厂,臭氧1小时,63,,29,20,21,170,,127,127,2,12,8,7,0.5,0.4
2025-08-25T1500,1049A,114.4918,36.5713,邯郸市,矿院,臭氧1小时,95,32,24,24,24,196,,130,130,4,11,10,6,0.8,0.5
2025-08-25T1500,1050A,114.484,36.6133,邯郸市,丛台公园,臭氧1小时,67,,23,12,17,173,,137,137,5,14,9,8,0.7,0.5
2025-08-25T1500,3458A,114.7895,36.5593,邯郸市,香泉濮院小区,,50,25,28,9,7,158,,111,111,5,10,3,3,0.3,0.4
2025-08-25T1500,3579A,114.50634,36.77178,邯郸市,永年区实验高中,,,29,28,7,12,174,,128,128,6,12,7,5,,0.8
2025-08-25T1500,3580A,114.20016,36.44293,邯郸市,峰峰矿区临水派出所,,48,25,41,3,10,153,,118,118,4,8,8,8,0.9,0.7
2025-08-25T1500,2634A,106.9893,33.1842,汉中市,汉川机床厂子校,,20,6,11,3,5,61,,46,46,5,11,3,4,0.4,0.5
2025-08-25T1500,2635A,107.0154,33.0706,汉中市,市监测站,,19,11,13,3,6,59,,41,41,3,6,5,6,0.5,0.6
2025-08-25T1500,2636A,107.0089,33.1138,汉中市,鑫源开发区,,19,10,10,3,4,58,,36,36,3,7,6,6,0.4,0.5
2025-08-25T1500,2637A,107.007,33.0323,汉中市,南郑大河坎水厂,,19,9,12,3,7,60,,38,38,3,8,5,5,0.3,0.4
2025-08-25T1500,1223A,120.2072,30.2111,杭州市,滨江,,34,34,34,13,16,92,,122,122,16,21,7,7,0.3,0.4
2025-08-25T1500,1224A,120.0633,30.2747,杭州市,西溪,,24,24,26,11,19,50,,104,104,11,17,11,11,0.3,0.4
2025-08-25T1500,1226A,120.3417,30.3150,杭州市,下沙,,41,41,32,14,15,83,,128,128,16,21,6,7,0.2,0.3
2025-08-25T1500,1227A,120.1269,30.2456,杭州市,卧龙桥,,26,25,28,14,17,81,,117,117,11,17,7,8,0.4,0.5
2025-08-25T1500,1228A,120.1903,30.2692,杭州市,浙江农大,,24,22,23,10,15,74,,108,108,9,15,5,6,0.6,0.6
2025-08-25T1500,1230A,120.1197,30.3119,杭州市,和睦小学,,26,26,29,17,17,82,,118,118,19,18,5,6,0.5,0.5
2025-08-25T1500,1231A,120.3019,30.4183,杭州市,临平镇,,25,15,42,15,19,77,,144,144,7,19,5,7,0.2,0.4
2025-08-25T1500,1232A,120.2753,30.1839,杭州市,城厢镇,,44,44,33,14,16,112,,131,131,10,15,7,8,0.4,0.5
2025-08-25T1500,1233A,120.0883,30.1808,杭州市,云栖,,32,19,25,11,14,100,,128,128,12,28,10,9,0.5,0.7
2025-08-25T1500,3557A,119.9464,30.0494,杭州市,镇二中,,38,28,35,21,26,120,,107,107,9,27,5,5,0.5,0.7
2025-08-25T1500,3558A,119.7183,30.2367,杭州市,市府大楼,,22,18,22,8,14,69,,86,86,9,12,8,8,0.2,0.3
2025-08-25T1500,3656A,120.1556,30.2864,杭州市,消防大队,,32,32,33,11,21,77,,115,115,16,17,7,6,0.6,0.7
2025-08-25T1500,1270A,117.1959,31.7848,合肥市,明珠广场,,48,48,29,17,10,127,,117,117,10,21,6,7,0.5,0.6
2025-08-25T1500,1271A,117.3072,31.8764,合肥市,三里街,,48,36,25,19,10,152,,102,102,10,17,5,5,0.5,0.5
2025-08-25T1500,1272A,117.2588,31.8707,合肥市,琥珀山庄,,45,29,25,17,14,142,,143,143,12,16,10,8,2.1,0.5
2025-08-25T1500,1273A,117.1604,31.9052,合肥市,董铺水库,,39,29,20,14,8,122,,91,91,4,10,5,4,0.4,0.3
2025-08-25T1500,1274A,117.25,31.8571,合肥市,长江中路,,41,29,25,11,7,129,,110,110,9,15,8,8,0.7,0.4
2025-08-25T1500,1275A,117.266,31.9436,合肥市,庐阳区,,42,24,27,12,8,132,,99,99,6,18,7,6,0.4,0.4
2025-08-25T1500,1276A,117.3453,31.8616,合肥市,瑶海区,,36,31,28,17,9,115,,87,87,12,19,6,6,0.7,0.6
2025-08-25T1500,1277A,117.3027,31.7964,合肥市,包河区,,24,9,26,3,9,76,,110,110,13,24,10,11,0.5,0.6
2025-08-25T1500,1278A,117.2776,31.7385,合肥市,滨湖新区,,41,39,28,17,15,131,,126,126,7,10,6,5,0.4,0.5
2025-08-25T1500,1279A,117.1318,31.8403,合肥市,高新区,,47,34,25,15,9,150,,114,114,9,22,6,6,0.5,0.5
2025-08-25T1500,3464A,117.3803,31.9147,合肥市,高教基地,,36,27,22,19,10,114,,100,100,6,10,4,5,0.4,0.4
2025-08-25T1500,3614A,79.924,37.0877,和田地区,地区环保局,颗粒物(PM10),89,127,207,38,51,112,,95,95,3,6,1,2,0.4,0.4
2025-08-25T1500,3615A,79.9131,37.113,和田地区,市环保局,颗粒物(PM10),80,109,203,29,72,112,,92,92,6,10,2,2,0.2,0.2
2025-08-25T1500,2516A,108.2011,24.715,河池市,东仁乐园,,,,,,,,,,,,,,,,
2025-08-25T1500,2517A,108.0497,24.6947,河池市,市环保站,,19,19,24,9,9,58,,43,43,5,10,4,4,0.4,0.5
2025-08-25T1500,2518A,108.0983,24.6989,河池市,市疾控中心,,19,11,24,8,9,58,,40,40,6,13,6,6,0.6,0.6
2025-08-25T1500,1696A,114.6778,23.7569,河源市,源西,,21,16,17,9,7,65,,34,34,4,8,6,6,0.7,0.6
2025-08-25T1500,1697A,114.6944,23.7586,河源市,东埔,,25,17,15,9,8,77,,42,42,7,12,4,5,0.5,0.5
2025-08-25T1500,1698A,114.6892,23.7233,河源市,老城,,30,30,20,18,10,84,,47,47,4,11,5,5,0.5,0.6
2025-08-25T1500,1718A,115.4208,35.2464,菏泽市,气象局,,42,21,30,11,20,132,,103,103,5,8,4,3,0.5,0.4
2025-08-25T1500,3374A,115.5564,35.0891,菏泽市,定陶老年大学,,39,17,32,3,16,124,,94,94,4,9,5,5,0.4,0.5
2025-08-25T1500,4184A,115.4797,35.24401,菏泽市,永昌路1号,,38,25,30,12,19,121,,96,96,8,9,9,8,0.5,0.4
2025-08-25T1500,4193A,115.4715,35.2800,菏泽市,长城路999号,,42,24,28,11,15,133,,99,99,6,10,7,7,0.8,0.7
2025-08-25T1500,2514A,111.5264,24.4172,贺州市,环保小区,,16,7,21,7,12,49,,35,35,2,12,13,13,0.3,0.5
2025-08-25T1500,2515A,111.5608,24.4078,贺州市,政协大楼,,15,7,19,3,10,47,,32,32,3,10,3,6,0.4,0.5
2025-08-25T1500,3534A,111.4744,24.4553,贺州市,西湾,,,22,32,,12,51,,42,42,4,13,10,10,0.2,0.3
2025-08-25T1500,2385A,114.17,35.9019,鹤壁市,市监测站,,41,27,32,19,21,131,,90,90,4,9,7,6,0.6,0.5
2025-08-25T1500,2386A,114.2956,35.7511,鹤壁市,市交警支队,,39,25,26,13,19,122,,94,94,8,13,8,8,0.6,0.5
2025-08-25T1500,2387A,114.2878,35.7306,鹤壁市,迎宾馆,,37,28,30,6,17,117,,88,88,7,11,5,4,0.7,0.6
2025-08-25T1500,3474A,114.2617,35.6822,鹤壁市,大新区,,37,30,29,18,17,116,,82,82,5,9,8,7,0.7,0.6
2025-08-25T1500,3596A,114.1572,35.9603,鹤壁市,南山宾馆,,45,26,33,21,22,143,,102,102,4,10,6,5,0.6,0.6
2025-08-25T1500,2244A,130.2537,47.3416,鹤岗市,哈啤分公司,,18,16,20,3,7,56,,40,40,4,6,11,11,0.4,0.4
2025-08-25T1500,2245A,130.2684,47.3086,鹤岗市,斯达机电,,18,16,18,3,9,55,,39,39,5,7,12,12,0.5,0.5
2025-08-25T1500,2246A,130.3114,47.3388,鹤岗市,东山纸板厂,,28,28,21,7,10,57,,42,42,8,9,14,14,0.6,0.6
2025-08-25T1500,2247A,130.1097,47.3382,鹤岗市,五号水库,,19,6,7,3,5,59,,47,47,7,9,6,6,0.5,0.5
2025-08-25T1500,2263A,127.4833,50.2524,黑河市,交通局,,21,21,26,6,8,65,,45,45,5,9,6,6,0.3,0.4
2025-08-25T1500,2264A,127.5144,50.2341,黑河市,环保局,,25,25,28,10,11,63,,45,45,6,12,5,6,0.6,0.5
2025-08-25T1500,2265A,127.5291,50.2472,黑河市,大黑河岛,,,,,4,6,41,,29,29,2,2,22,22,0.3,0.4
2025-08-25T1500,1074A,115.6838,37.7541,衡水市,电机北厂,,40,30,23,3,11,126,,107,107,4,9,2,3,0.4,0.4
2025-08-25T1500,1075A,115.6303,37.7316,衡水市,市监测站,,40,28,31,9,11,126,,109,109,3,7,6,5,0.5,0.5
2025-08-25T1500,3188A,115.6683,37.7217,衡水市,市城管局,,40,19,27,9,13,125,,113,113,2,6,8,8,0.4,0.5
2025-08-25T1500,3459A,115.5989,37.5491,衡水市,地表水厂,,39,19,25,7,11,124,,108,108,4,4,2,2,0.3,0.3
2025-08-25T1500,2456A,112.5003,26.9167,衡阳市,原169医院,,32,23,23,8,9,101,,77,77,3,4,2,3,0.4,0.5
2025-08-25T1500,2457A,112.6194,26.9258,衡阳市,衡阳化工总厂,,30,24,24,10,12,93,,79,79,4,9,6,5,0.7,0.7
2025-08-25T1500,2458A,112.6211,26.8956,衡阳市,珠晖区环保局,,31,23,21,10,9,97,,77,77,3,10,10,8,0.5,0.6
2025-08-25T1500,2459A,112.6197,26.8733,衡阳市,市委党校,,,14,17,12,9,84,,70,70,4,9,,11,0.3,0.4
2025-08-25T1500,2460A,112.6006,26.8919,衡阳市,市监测站,,36,36,23,15,12,93,,74,74,4,10,9,7,0.4,0.6
2025-08-25T1500,2461A,112.5664,26.9056,衡阳市,真空机电公司,,29,17,27,12,11,90,,72,72,3,9,9,8,0.7,0.9
2025-08-25T1500,3399A,112.6703,26.882,衡阳市,师范学院,,29,29,26,9,11,77,,66,66,4,8,9,9,0.5,0.5
2025-08-25T1500,2608A,103.3772,23.3993,红河哈尼族彝族自治州,污水处理厂,,30,23,26,21,20,78,,52,52,5,9,12,14,0.3,0.3
2025-08-25T1500,2609A,103.3861,23.35,红河哈尼族彝族自治州,监测站,颗粒物(PM10),51,51,33,30,14,86,,52,52,4,6,14,22,0.1,0.2
2025-08-25T1500,3038A,103.3758,23.368,红河哈尼族彝族自治州,州图书馆,,32,22,19,22,20,79,,52,52,4,7,6,14,0.3,0.3
2025-08-25T1500,1090A,111.6507,40.7517,呼和浩特市,呼市一监,,,19,27,7,13,130,,98,98,5,18,2,3,,0.6
2025-08-25T1500,1091A,111.6572,40.8033,呼和浩特市,小召,,36,,23,3,14,113,,85,85,6,26,9,9,0.4,0.6
2025-08-25T1500,1094A,111.7516,40.8369,呼和浩特市,如意水处理厂,,36,7,28,3,12,113,,82,82,2,29,5,5,0.2,0.5
2025-08-25T1500,1095A,111.7276,40.8062,呼和浩特市,二十九中,,38,,32,3,13,119,,91,91,5,17,6,7,0.4,0.8
2025-08-25T1500,1096A,111.5512,40.7866,呼和浩特市,工大金川校区,,36,19,33,3,10,114,,79,79,6,24,5,5,0.2,0.3
2025-08-25T1500,1097A,111.717,40.7612,呼和浩特市,化肥厂生活区,,43,14,24,6,12,137,,100,100,8,20,5,7,0.3,0.6
2025-08-25T1500,3698A,111.5968,40.8178,呼和浩特市,红旗小学,,38,,26,3,10,120,,86,86,4,29,4,4,0.1,0.3
2025-08-25T1500,3699A,111.6518,40.8389,呼和浩特市,海东办,,39,9,26,3,11,122,,97,97,4,29,5,5,0.4,0.5
2025-08-25T1500,2192A,119.7594,49.2261,呼伦贝尔市,区环保局,,24,20,28,11,18,74,,52,52,8,15,6,5,0.8,0.7
2025-08-25T1500,3061A,119.7512,49.1577,呼伦贝尔市,国华电力东,,23,23,16,7,7,68,,56,56,2,6,1,2,0.2,0.2
2025-08-25T1500,1250A,120.0751,30.8669,湖州市,城西水厂,,46,33,41,19,24,147,,119,119,18,28,7,8,0.4,0.5
2025-08-25T1500,2873A,120.0830,30.8929,湖州市,仁皇山新区,臭氧1小时,68,48,44,39,26,174,,114,114,12,28,5,5,0.4,0.4
2025-08-25T1500,2907A,120.1844,30.8596,湖州市,吴兴区站,,50,34,36,20,22,158,,144,144,8,13,7,7,0.5,0.6
2025-08-25T1500,3562A,120.4148,30.8538,湖州市,南浔区站,,36,30,33,16,18,114,,112,112,6,13,6,6,0.6,0.6
2025-08-25T1500,1607A,120.9049,40.7211,葫芦岛市,龙港区,,27,6,30,3,13,86,,66,58,9,19,5,5,0.6,0.6
2025-08-25T1500,1608A,120.8392,40.7514,葫芦岛市,化工街,,28,9,13,3,9,87,,61,58,10,22,8,9,0.6,0.6
2025-08-25T1500,1609A,120.8341,40.7073,葫芦岛市,新区,,,,19,5,15,82,,68,58,10,20,4,4,0.7,0.7
2025-08-25T1500,1610A,120.8695,40.7677,葫芦岛市,东城区,,26,19,19,3,16,83,,72,61,8,20,5,6,0.7,0.8
2025-08-25T1500,2482A,109.5981,27.5721,怀化市,林科所,,23,13,20,3,6,73,,43,43,4,6,4,4,0.2,0.4
2025-08-25T1500,2483A,109.9453,27.5444,怀化市,河西地税局,,20,9,18,3,9,62,,42,42,3,7,2,3,0.0,0
2025-08-25T1500,2484A,109.9781,27.5342,怀化市,市四医院,,40,,27,28,11,72,,47,47,2,10,5,4,0.3,0.4
2025-08-25T1500,2485A,109.9972,27.5578,怀化市,监测楼,,26,18,21,10,10,83,,54,54,4,10,3,4,0.1,0.2
2025-08-25T1500,2486A,110.0394,27.583,怀化市,市委党校,,25,12,21,9,11,78,,47,47,6,9,8,8,0.0,0.1
2025-08-25T1500,1210A,119.036,33.5981,淮安市,钵池山,,30,,12,11,12,93,,74,74,5,7,4,4,0.5,0.7
2025-08-25T1500,1211A,119.007,33.575,淮安市,北京南路,,27,12,16,8,9,84,,66,66,5,13,8,10,0.5,0.9
2025-08-25T1500,1212A,118.989,33.6067,淮安市,市监测站,,27,9,18,3,9,84,,69,69,6,11,9,10,0.3,0.5
2025-08-25T1500,1213A,119.135,33.5039,淮安市,楚州区监测站,,29,17,22,9,9,91,,73,73,6,13,8,8,0.6,0.6
2025-08-25T1500,3426A,118.8755,33.2894,淮安市,新华书店,,30,,10,9,9,95,,75,75,8,11,6,6,0.2,0.2
2025-08-25T1500,4206A,119.0288,33.6319,淮安市,承德北路606号,,25,,17,12,10,80,,69,69,4,11,6,8,0.3,0.4
2025-08-25T1500,2282A,116.8004,33.975,淮北市,监测站,,27,16,15,14,11,85,,65,65,8,11,6,6,0.8,0.7
2025-08-25T1500,2283A,116.8091,33.9007,淮北市,烈山区政府,,29,19,20,9,8,91,,65,65,5,10,9,8,0.5,0.5
2025-08-25T1500,3330A,116.8873,33.9836,淮北市,杜集区检察院,,26,19,22,14,17,82,,62,62,4,8,8,8,0.6,0.6
2025-08-25T1500,4017A,116.7923,33.9535,淮北市,市博物馆,,28,24,20,17,14,88,,64,64,5,10,9,8,0.5,0.5
2025-08-25T1500,2277A,116.8305,32.7727,淮南市,潘集区政府,,33,19,17,12,11,105,,68,68,5,11,3,3,0.3,0.3
2025-08-25T1500,2279A,116.8569,32.5951,淮南市,谢家集区政府,,44,44,18,17,7,127,,76,76,9,10,10,8,0.4,0.2
2025-08-25T1500,2280A,116.8281,32.633,淮南市,八公山区政府,,38,29,22,16,10,120,,79,79,8,10,8,6,0.4,0.3
2025-08-25T1500,2281A,116.6325,32.6201,淮南市,焦岗湖风景区管理处,,,,,,,,,,,,,,,,
2025-08-25T1500,2894A,117.0566,32.6531,淮南市,经济技术开发区消防队,,43,18,14,13,6,135,,95,95,10,11,11,9,0.4,0.3
2025-08-25T1500,3329A,117.0108,32.5893,淮南市,山南新区,,50,12,11,8,6,157,,87,87,6,8,7,5,0.7,0.4
2025-08-25T1500,4209A,117.0031,32.6445,淮南市,国庆中路369号,,,31,21,,13,140,,78,78,,9,7,4,0.5,0.3
2025-08-25T1500,2446A,114.9028,30.4742,黄冈市,职工中心,,37,21,27,16,19,116,,112,112,3,21,9,12,0.2,0.6
2025-08-25T1500,2929A,114.8858,30.4519,黄冈市,红卫路,,37,20,33,13,20,117,,108,108,5,25,12,17,0.2,0.7
2025-08-25T1500,3398A,114.9136,30.4445,黄冈市,市林业局,,36,20,38,16,21,114,,111,111,4,25,8,12,0.2,0.5
2025-08-25T1500,2672A,102.0199,35.5102,黄南藏族自治州,同仁县隆务镇,,33,15,24,12,13,104,,82,82,2,2,10,9,0.3,0.4
2025-08-25T1500,2295A,118.2903,29.6963,黄山市,延安路89号,,38,38,39,11,16,96,,85,85,4,8,4,4,0.4,0.4
2025-08-25T1500,2297A,118.1371,30.2756,黄山市,黄山区政府5号楼,,28,28,24,12,14,54,,62,62,3,5,4,4,0.4,0.4
2025-08-25T1500,4210A,118.3354,29.7203,黄山市,滨江东路7-2号,,38,38,32,14,12,88,,85,85,8,8,2,2,0.3,0.4
2025-08-25T1500,2423A,115.0601,30.2313,黄石市,沈家营,,40,23,43,9,11,126,,106,106,2,23,8,8,0.4,0.5
2025-08-25T1500,2426A,114.8988,30.2019,黄石市,铁山,,32,19,30,9,9,100,,97,97,2,10,4,8,0.7,0.6
2025-08-25T1500,2427A,115.0307,30.2092,黄石市,团城山,,37,17,25,3,4,116,,102,102,2,11,7,7,0.5,0.7
2025-08-25T1500,3149A,115.0235,30.1578,黄石市,笔架山北路,,29,14,23,3,6,92,,101,101,4,11,6,7,0.5,0.5
2025-08-25T1500,4185A,115.0780,30.21118,黄石市,磁湖东路29号,,34,33,46,12,13,106,,98,98,4,24,8,11,0.4,0.6
2025-08-25T1500,1392A,114.4183,23.0528,惠州市,河南岸金山湖子站,,22,10,18,8,7,68,,45,45,7,10,8,8,0.4,0.4
2025-08-25T1500,1393A,114.4053,23.0822,惠州市,下埔横江三路子站,,22,10,18,3,8,69,,51,51,4,7,5,7,0.1,0.2
2025-08-25T1500,1394A,114.4103,23.1142,惠州市,江北云山西路子站,,23,11,18,3,7,73,,54,54,4,8,7,9,0.4,0.5
2025-08-25T1500,1395A,114.4645,22.7833,惠州市,惠阳区承修路船湖子站,,20,14,17,7,7,62,,46,46,5,7,7,8,0.5,0.5
2025-08-25T1500,1396A,114.5317,22.7422,惠州市,大亚湾管委会子站,,,7,10,7,6,61,,46,46,6,11,,8,0.7,0.8
2025-08-25T1500,3314A,114.4338,22.8134,惠州市,惠阳秋长,,23,14,15,8,8,72,,49,49,5,8,7,7,0.4,0.4
2025-08-25T1500,3452A,114.6517,22.775,惠州市,大亚湾霞涌,,22,10,14,9,5,70,,50,50,5,8,6,5,0.1,0.3
2025-08-25T1500,2240A,130.9762,45.3001,鸡西市,环保局,,22,17,22,6,9,69,,54,54,6,15,6,7,0.5,0.5
2025-08-25T1500,2243A,130.9429,45.3039,鸡西市,第一中学,,22,14,22,7,10,68,,52,52,7,15,9,9,0.6,0.6
2025-08-25T1500,3707A,131.0207,45.3073,鸡西市,欧美日汽修厂,,25,25,27,7,14,70,,51,51,7,17,12,11,0.6,0.7
2025-08-25T1500,3709A,130.9967,45.3106,鸡西市,市政设施管理处,,24,23,31,10,11,76,,54,54,8,21,9,8,0.5,0.6
2025-08-25T1500,2367A,114.9754,27.0803,吉安市,红声器材厂,,28,21,25,7,9,89,,69,69,1,4,8,10,0.6,0.6
2025-08-25T1500,2368A,114.9658,27.0999,吉安市,市森林工业局,,28,12,21,3,9,87,,68,68,1,5,7,9,0.5,0.4
2025-08-25T1500,2369A,114.99,27.1312,吉安市,市环境监测站,,31,15,20,3,8,98,,74,74,1,5,10,15,0.4,0.5
2025-08-25T1500,2370A,115.0093,27.0968,吉安市,青原区法院,,28,12,21,10,9,88,,74,74,7,11,6,8,0.4,0.5
2025-08-25T1500,1772A,126.54,43.8622,吉林市,哈达湾,,,12,16,12,9,66,,58,58,14,12,6,7,,0.3
2025-08-25T1500,1773A,126.5844,43.8358,吉林市,东局子,,15,,13,9,6,46,,49,47,15,11,5,5,0.9,0.8
2025-08-25T1500,1774A,126.5052,43.8245,吉林市,电力学院,,23,16,17,12,9,72,,53,53,15,20,6,6,0.7,0.7
2025-08-25T1500,1775A,126.6133,43.8972,吉林市,江北,,15,10,15,3,5,46,,45,45,2,6,4,4,0.5,0.5
2025-08-25T1500,1776A,126.555,43.8306,吉林市,江南公园,,16,12,13,9,7,51,,46,46,19,14,2,2,0.4,0.4
2025-08-25T1500,1778A,126.7061,43.7133,吉林市,丰满,,22,6,8,3,5,68,,75,74,4,3,4,4,0.6,0.6
2025-08-25T1500,2868A,126.4739,43.953,吉林市,九站,,20,18,18,6,11,63,,57,57,5,19,3,7,0.5,0.5
2025-08-25T1500,1299A,116.9862,36.6114,济南市,科干所,,36,,50,15,44,115,,83,83,9,18,6,6,0.5,0.6
2025-08-25T1500,1300A,116.9376,36.665,济南市,农科所,,34,17,39,10,23,106,,79,79,10,18,7,7,0.4,0.4
2025-08-25T1500,1301A,117.1265,36.6734,济南市,开发区,,41,27,46,20,27,129,,89,89,10,18,7,7,0.6,0.7
2025-08-25T1500,1303A,117.0624,36.6868,济南市,省种子仓库,,40,24,52,17,22,127,,92,92,7,14,5,5,0.6,0.7
2025-08-25T1500,1304A,116.9489,36.6447,济南市,机床二厂,,35,17,52,7,26,110,,80,80,8,16,9,8,0.4,0.5
2025-08-25T1500,1305A,117.0495,36.663,济南市,市监测站,,39,22,49,15,28,122,,86,86,10,18,9,9,0.7,0.8
2025-08-25T1500,1306A,116.7675,36.5484,济南市,长清党校,,34,10,41,10,22,108,,81,81,7,16,6,5,0.6,0.7
2025-08-25T1500,1616A,117.6795,36.229,济南市,技术学院,,37,31,42,24,25,117,,56,56,9,17,9,8,0.9,0.9
2025-08-25T1500,1961A,117.532,36.6868,济南市,东山小学,,40,32,48,20,25,128,,80,80,11,16,6,6,0.4,0.4
2025-08-25T1500,3059A,117.7161,36.2049,济南市,泰兴公司,颗粒物(PM10),51,51,38,34,26,105,,52,52,13,17,12,11,1.1,0.9
2025-08-25T1500,3064A,117.6867,36.2171,济南市,莱芜战役纪念馆,,46,46,42,32,31,108,,50,50,12,18,9,8,1.0,0.9
2025-08-25T1500,3494A,117.1673,36.9782,济南市,济阳区政府,,40,32,42,17,17,125,,85,85,2,7,6,7,0.5,0.4
2025-08-25T1500,3495A,117.1171,36.63,济南市,锦屏中学,,38,24,52,12,23,119,,86,86,12,18,8,8,0.8,0.9
2025-08-25T1500,3682A,116.9814,36.6819,济南市,济南四建,,41,19,39,12,23,129,,89,89,6,13,5,5,0.5,0.6
2025-08-25T1500,1653A,116.6251,35.4302,济宁市,火炬城,,35,23,58,14,37,111,,80,80,2,8,5,5,0.4,0.6
2025-08-25T1500,1655A,116.5491,35.4042,济宁市,电化厂,,40,22,57,14,32,126,,87,87,5,12,3,3,0.8,0.9
2025-08-25T1500,3500A,116.5814,35.3707,济宁市,北湖一中,,38,35,58,16,36,120,,84,84,4,9,9,7,0.2,0.3
2025-08-25T1500,3501A,116.8249,35.5593,济宁市,服务中心,,40,36,53,20,32,126,,78,78,3,10,3,3,0.5,0.6
2025-08-25T1500,3678A,116.5907,35.4054,济宁市,市第七中学,,37,35,59,7,30,116,,84,84,2,9,9,9,0.4,0.5
2025-08-25T1500,2255A,130.2751,46.8028,佳木斯市,佳纺,,16,12,17,3,6,50,,31,31,7,12,10,9,0.4,0.4
2025-08-25T1500,2256A,130.3995,46.8307,佳木斯市,发电厂,,17,16,18,3,10,54,,37,37,10,12,8,7,0.6,0.6
2025-08-25T1500,2257A,130.3258,46.7975,佳木斯市,环保局,,24,24,17,6,8,52,,34,34,10,13,10,9,0.6,0.6
2025-08-25T1500,2258A,130.3648,46.8032,佳木斯市,十一中,,18,11,18,6,11,56,,36,36,6,15,12,11,0.5,0.7
2025-08-25T1500,2259A,130.3794,46.7588,佳木斯市,四丰,,,4,12,,,6,,5,5,10,11,,28,0.4,0.4
2025-08-25T1500,1252A,120.7436,30.778,嘉兴市,清河小学,,30,30,33,16,14,90,,112,112,13,16,5,6,0.7,0.7
2025-08-25T1500,1253A,120.726,30.7478,嘉兴市,嘉兴学院,,37,37,32,18,17,88,,119,119,12,13,4,5,0.3,0.4
2025-08-25T1500,2872A,120.7846,30.7525,嘉兴市,南湖区残联,,33,28,30,23,18,94,,123,123,15,15,5,6,0.5,0.6
2025-08-25T1500,3407A,120.6916,30.7739,嘉兴市,秀洲住建,,24,24,32,12,17,72,,116,116,16,16,5,7,0.6,0.6
2025-08-25T1500,1945A,98.2908,39.7711,嘉峪关市,气象局,颗粒物(PM10),84,117,94,24,21,141,,118,118,3,7,3,6,0.7,0.6
2025-08-25T1500,2884A,98.2672,39.7978,嘉峪关市,酒钢宾馆,颗粒物(PM10),91,132,109,31,26,151,,130,130,5,14,14,21,0.7,1.5
2025-08-25T1500,3248A,98.2643,39.7724,嘉峪关市,雄关区,颗粒物(PM10),69,87,76,25,21,130,,114,114,9,10,12,10,0.4,0.4
2025-08-25T1500,1383A,113.1064,22.6058,江门市,北街,,19,10,18,8,8,60,,43,43,10,14,4,4,0.5,0.5
2025-08-25T1500,1384A,113.0731,22.5835,江门市,西区,,21,,22,3,10,65,,42,42,7,12,7,8,0.5,0.4
2025-08-25T1500,1385A,113.0219,22.5311,江门市,圭峰西,,21,18,20,6,8,67,,47,47,4,10,1,1,0.4,0.5
2025-08-25T1500,1386A,113.0828,22.5947,江门市,东湖,,19,11,16,6,8,58,,37,37,9,13,9,8,0.3,0.3
2025-08-25T1500,3311A,113.1075,22.5647,江门市,江海富民,,25,25,28,16,10,64,,42,42,9,13,4,4,0.1,0.1
2025-08-25T1500,3449A,113.05,22.4667,江门市,新会银湖,,15,14,16,6,8,48,,34,34,7,12,3,3,0.3,0.4
2025-08-25T1500,1830A,113.1992,35.2590,焦作市,影视城,,,,49,,22,,,,,,12,,9,,0.9
2025-08-25T1500,3335A,113.3137,35.2641,焦作市,马村街道办,细颗粒物(PM2.5),53,51,55,37,30,155,,96,96,10,14,9,5,0.7,0.7
2025-08-25T1500,3336A,113.2465,35.2373,焦作市,焦作技师学院,颗粒物(PM10),53,55,56,27,24,157,,103,103,11,14,9,7,1.0,0.9
2025-08-25T1500,3477A,113.1656,35.2539,焦作市,中站许衡医院,臭氧1小时,68,64,51,40,37,174,,103,103,15,16,17,7,1.0,0.8
2025-08-25T1500,3981A,113.2449,35.1803,焦作市,原李万街道办,,50,34,49,19,22,158,,105,105,8,11,13,13,0.6,0.6
2025-08-25T1500,4264A,113.2340,35.2190,焦作市,新安路1731号,臭氧1小时,62,45,54,33,26,169,,108,108,7,11,8,7,0.8,0.7
2025-08-25T1500,4295A,113.2722,35.2121,焦作市,人民路3066号,,49,45,58,29,28,156,,103,103,4,10,4,4,0.9,0.8
2025-08-25T1500,1708A,116.3701,23.5345,揭阳市,新兴,,41,38,30,21,15,130,,68,68,7,15,6,8,0.4,0.4
2025-08-25T1500,1709A,116.3264,23.5443,揭阳市,西马,,39,27,34,22,16,123,,67,67,4,12,4,4,0.5,0.5
2025-08-25T1500,1710A,116.3611,23.5626,揭阳市,东兴,,40,38,32,24,14,125,,10,,4,12,6,6,0.5,0.5
2025-08-25T1500,1711A,116.4151,23.5294,揭阳市,渔湖,颗粒物(PM10),53,56,35,11,13,154,,77,77,8,16,7,11,0.6,0.7
2025-08-25T1500,3320A,116.403,23.5699,揭阳市,曲溪,,48,31,27,12,14,153,,79,79,8,10,2,2,0.4,0.5
2025-08-25T1500,1944A,102.1692,38.5167,金昌市,天庆家园,颗粒物(PM10),68,85,55,27,24,91,,82,82,11,14,61,39,0.7,0.7
2025-08-25T1500,4022A,102.1647,38.5371,金昌市,金川区人防中心,颗粒物(PM10),63,76,53,29,22,98,,84,84,7,10,9,12,0.5,0.5
2025-08-25T1500,4239A,102.1930,38.5319,金昌市,长春路96号,颗粒物(PM10),73,95,51,27,22,106,,95,95,5,8,6,6,0.7,0.6
2025-08-25T1500,1262A,119.647,29.077,金华市,十五中,,50,33,30,16,15,160,,127,127,8,11,4,4,0.4,0.4
2025-08-25T1500,1263A,119.686,29.1029,金华市,监测站,,46,30,32,14,16,147,,121,121,8,15,3,5,0.4,0.4
2025-08-25T1500,3659A,119.656,29.1131,金华市,气象局,,46,33,27,18,13,146,,114,114,8,13,3,3,0.5,0.5
2025-08-25T1500,1767A,121.1115,41.0879,锦州市,南山,,30,21,16,10,13,94,,67,64,5,9,5,4,0.6,0.7
2025-08-25T1500,1768A,121.0604,40.8428,锦州市,开发区,,29,,16,6,12,92,,65,62,10,15,4,8,0.7,0.9
2025-08-25T1500,1769A,121.1836,41.1119,锦州市,百股街道,,33,27,15,3,6,103,,69,69,5,8,8,5,0.6,0.7
2025-08-25T1500,1770A,121.1178,41.1222,锦州市,天安街道,,33,16,17,9,12,103,,76,76,8,13,8,7,0.7,0.8
2025-08-25T1500,1771A,121.1303,41.1386,锦州市,北湖公园,,28,20,16,6,10,89,,63,63,5,7,6,5,0.7,0.7
2025-08-25T1500,2160A,112.85,35.5051,晋城市,自来水公司,,38,38,57,22,30,99,,58,58,11,14,5,5,0.9,0.8
2025-08-25T1500,2161A,112.8318,35.4936,晋城市,白云商贸,,38,38,47,22,29,99,,64,64,7,11,5,5,0.9,0.8
2025-08-25T1500,2162A,112.8508,35.4887,晋城市,市环保局,,39,39,52,27,27,79,,51,51,8,11,2,2,0.9,0.8
2025-08-25T1500,2163A,112.8676,35.4897,晋城市,技术学院,,45,45,50,22,24,83,,52,52,8,12,3,3,1.1,1
2025-08-25T1500,2165A,112.8453,35.546,晋城市,白马寺,细颗粒物(PM2.5),58,,35,41,34,111,,69,69,6,8,7,6,1.0,0.9
2025-08-25T1500,3620A,112.8271,35.4828,晋城市,泽州一中,,31,31,48,17,27,92,,58,58,6,12,3,3,0.9,0.9
2025-08-25T1500,2173A,112.7249,37.7067,晋中市,南都小区,,50,27,27,21,15,159,,97,97,6,12,7,9,0.5,0.6
2025-08-25T1500,2174A,112.6991,37.6982,晋中市,榆次区政府,臭氧1小时,52,27,27,8,15,161,,93,93,4,11,6,6,0.4,0.6
2025-08-25T1500,2865A,112.7195,37.6828,晋中市,榆次三中,臭氧1小时,55,29,23,12,11,164,,96,96,3,11,7,8,0.6,0.6
2025-08-25T1500,4200A,112.7478,37.6954,晋中市,迎宾街26号,臭氧1小时,54,24,20,9,8,163,,100,100,5,10,8,8,0.9,0.6
2025-08-25T1500,2439A,112.2014,31.0481,荆门市,竹园小学,,39,32,40,27,29,109,,110,110,9,10,3,4,0.1,0.5
2025-08-25T1500,2440A,112.1969,30.9891,荆门市,掇刀,,38,35,36,24,21,119,,115,115,5,11,1,2,0.5,0.7
2025-08-25T1500,2441A,112.2213,31.0386,荆门市,石化一小,,36,28,40,23,21,113,,114,114,5,12,2,5,0.8,0.9
2025-08-25T1500,3012A,112.1849,31.0362,荆门市,西山林语,,35,35,37,16,22,108,,112,112,5,7,3,2,0.4,0.6
2025-08-25T1500,3547A,112.1632,31.0138,荆门市,龙泉中学南校,,36,31,34,20,23,115,,116,116,6,9,3,4,0.6,0.9
2025-08-25T1500,1844A,112.2494,30.3197,荆州市,市图书馆,,32,22,23,3,19,101,,74,74,6,12,4,4,0.4,0.5
2025-08-25T1500,1845A,112.2008,30.3544,荆州市,市委党校,,31,11,22,8,17,99,,71,71,8,14,4,6,0.4,0.4
2025-08-25T1500,3194A,112.2747,30.3122,荆州市,管委会,,29,14,22,9,15,91,,70,70,4,9,1,2,0.5,0.6
2025-08-25T1500,4268A,112.1722,30.3366,荆州市,学苑路85号,,34,20,22,11,20,107,,74,74,3,10,5,7,0.3,0.4
2025-08-25T1500,2342A,117.3102,29.3867,景德镇市,王港中学,,,,,,,,,,,,,,,,
2025-08-25T1500,2343A,117.2117,29.2933,景德镇市,老干部活动中心,,38,32,33,20,22,119,,93,93,7,10,10,11,0.6,0.8
2025-08-25T1500,2344A,117.1894,29.2789,景德镇市,兽医站,,38,38,38,15,19,118,,95,95,6,16,8,10,0.8,0.9
2025-08-25T1500,2346A,117.2461,29.2956,景德镇市,陶研所,,36,27,34,22,22,114,,85,85,10,12,10,9,0.7,0.7
2025-08-25T1500,4289A,117.1542,29.2566,景德镇市,青少年活动中心,,33,30,39,15,22,105,,88,88,16,22,20,21,0.5,0.7
2025-08-25T1500,1803A,115.9872,29.6815,九江市,十里,,26,18,26,18,22,82,,105,105,10,23,3,6,0.5,0.6
2025-08-25T1500,1804A,115.9584,29.7046,九江市,茅山头,,24,,30,9,19,75,,93,93,9,17,4,5,0.4,0.5
2025-08-25T1500,1805A,115.9877,29.7295,九江市,西园,,28,21,28,3,15,87,,108,108,8,35,3,8,0.4,0.6
2025-08-25T1500,1808A,115.9114,29.6038,九江市,综合工业园,,21,21,29,11,18,60,,90,90,30,25,10,8,0.7,0.7
2025-08-25T1500,1809A,116.0721,29.7535,九江市,石化总厂,,30,16,29,6,21,93,,91,91,14,18,11,7,0.4,0.5
2025-08-25T1500,1810A,115.9773,29.5698,九江市,庐山气象台,,28,12,13,3,6,88,,92,92,4,5,6,6,0.9,0.9
2025-08-25T1500,3190A,116.0254,29.6994,九江市,外国语学校,,28,28,22,12,21,79,,94,94,8,18,5,9,0.6,0.8
2025-08-25T1500,4253A,116.0102,29.6594,九江市,莲花大道8号,,23,13,18,11,13,71,,87,87,2,10,5,5,0.3,0.5
2025-08-25T1500,4240A,98.4958,39.7339,酒泉市,玉门东路5号,,,,95,,32,,,106,,,9,,34,,0.3
2025-08-25T1500,4241A,98.5099,39.7506,酒泉市,北大街108号,颗粒物(PM10),120,190,95,34,27,128,,105,105,4,8,10,17,0.3,0.3
2025-08-25T1500,2698A,76.0072,39.4467,喀什地区,巡警大队,颗粒物(PM10),51,51,70,22,29,130,,68,68,15,24,4,3,0.3,0.4
2025-08-25T1500,2699A,75.9755,39.4694,喀什地区,吾办,,45,45,64,14,33,131,,80,80,13,19,8,8,0.4,0.4
2025-08-25T1500,4027A,75.9483,39.4689,喀什地区,老干局,,46,46,53,12,18,131,,74,74,8,16,5,4,0.2,0.2
2025-08-25T1500,1824A,114.3389,34.7781,开封市,肿瘤医院,,39,35,35,16,19,124,,99,99,8,13,3,3,0.8,0.7
2025-08-25T1500,1826A,114.2885,34.7965,开封市,世纪星幼儿园,,39,26,30,13,23,123,,97,97,5,10,6,5,0.9,0.7
2025-08-25T1500,3147A,114.3438,34.8106,开封市,龙亭公园,,39,37,35,9,16,122,,93,93,3,8,5,4,0.9,0.8
2025-08-25T1500,3210A,114.3644,34.7964,开封市,汴京公园,,40,38,35,13,21,125,,95,95,5,10,5,4,0.7,0.6
2025-08-25T1500,3473A,114.2485,34.8306,开封市,技师学院,,39,38,30,10,19,123,,94,94,3,9,6,5,0.9,0.9
2025-08-25T1500,3592A,114.4644,34.7556,开封市,祥符区生态环境局,,42,34,32,15,19,133,,87,87,13,16,5,3,0.8,0.8
2025-08-25T1500,1951A,84.895,45.6094,克拉玛依市,长征新村,,35,19,17,3,6,109,,81,81,4,6,3,3,0.2,0.2
2025-08-25T1500,1952A,84.8988,45.5893,克拉玛依市,南林小区,,35,16,18,6,7,110,,80,72,1,8,6,6,0.2,0.1
2025-08-25T1500,1954A,84.905,44.3396,克拉玛依市,独山子区,,30,23,28,7,10,93,,83,77,8,11,17,9,0.4,0.3
2025-08-25T1500,1955A,85.6979,46.098,克拉玛依市,乌尔禾区商贸楼,,33,,15,13,6,104,,74,74,5,9,7,7,0.2,0.2
2025-08-25T1500,3612A,85.1045,45.6899,克拉玛依市,白碱滩区新站,,32,28,37,3,13,101,,86,82,3,6,9,9,0.6,0.5
2025-08-25T1500,2697A,76.1454,39.7142,克孜勒苏柯尔克孜自治州,市人民政府,,44,41,47,21,24,138,,99,99,6,13,5,6,0.1,0.1
2025-08-25T1500,3665A,76.1658,39.7157,克孜勒苏柯尔克孜自治州,克州文化中心,,42,33,46,18,26,132,,97,97,3,10,6,7,0.2,0.2
2025-08-25T1500,1450A,102.8204,24.8886,昆明市,呈贡新区,,21,,4,8,10,66,,53,53,6,10,1,3,0.4,0.5
2025-08-25T1500,1451A,102.6251,24.9608,昆明市,西山森林公园,,,,,,,,,,,,,,,,
2025-08-25T1500,1452A,102.7252,25.0902,昆明市,龙泉镇,,20,,15,6,8,64,,44,44,5,11,1,1,0.2,0.3
2025-08-25T1500,1453A,102.7266,25.0375,昆明市,东风东路,,,18,17,9,8,68,,50,50,4,16,,2,0.2,0.3
2025-08-25T1500,1454A,102.6742,25.0669,昆明市,金鼎山,,22,15,19,7,9,69,,48,48,4,10,3,2,0.2,0.3
2025-08-25T1500,1455A,102.6644,25.0401,昆明市,碧鸡广场,,,10,17,3,4,72,,50,50,8,15,7,7,,0.4
2025-08-25T1500,3179A,102.7494,25.0119,昆明市,官渡区博物馆,,22,,14,10,10,68,,47,47,8,18,1,1,0.3,0.4
2025-08-25T1500,3375A,102.8017,24.8336,昆明市,青年创业园,,19,6,13,6,8,60,,50,50,2,7,3,2,0.2,0.3
2025-08-25T1500,3550A,102.7997,24.9786,昆明市,昆明学院,,23,12,15,7,10,71,,50,50,5,13,6,6,0.3,0.3
2025-08-25T1500,3551A,102.5967,24.6736,昆明市,晋宁区生态环境分局,,24,12,17,7,8,75,,53,53,4,9,5,3,0.5,0.6
2025-08-25T1500,3552A,102.6678,24.9856,昆明市,云天化总部,,24,7,11,3,8,74,,51,51,7,11,5,4,0.2,0.3
2025-08-25T1500,1456A,91.1319,29.6514,拉萨市,八廓街,,23,8,10,8,7,72,,51,51,6,11,5,8,0.2,0.2
2025-08-25T1500,1457A,91.1221,29.6747,拉萨市,市环保局,,22,10,10,6,7,68,,48,48,8,10,7,9,0.2,0.2
2025-08-25T1500,1458A,91.0874,29.6475,拉萨市,区监测站,,24,9,8,6,6,75,,52,52,6,13,3,6,0.4,0.4
2025-08-25T1500,1459A,91.1774,29.6541,拉萨市,西藏大学,,22,7,9,3,7,69,,48,48,6,11,6,9,0.1,0.2
2025-08-25T1500,1460A,90.9798,29.6588,拉萨市,区辐射站,,21,8,13,6,8,65,,45,45,10,20,4,6,0.4,0.4
2025-08-25T1500,1461A,91.0834,29.6292,拉萨市,拉萨火车站,,23,6,8,6,7,72,,51,51,5,12,5,7,0.2,0.2
2025-08-25T1500,2520A,109.2203,23.7256,来宾市,来宾技工学校,,23,17,22,7,10,72,,59,59,4,7,8,9,0.4,0.5
2025-08-25T1500,3535A,109.1781,23.7297,来宾市,兴宾区政府,,24,19,23,13,13,75,,60,60,3,8,6,6,0.7,0.7
2025-08-25T1500,4002A,109.2416,23.7461,来宾市,中南小学,,24,15,22,3,10,75,,62,62,2,9,16,17,0.5,0.6
2025-08-25T1500,1477A,104.1373,35.9454,兰州市,榆中兰大校区,,,,,,,,,,,,,,,,
2025-08-25T1500,1479A,103.831,36.0464,兰州市,铁路设计院,,30,26,47,18,27,93,,64,64,15,45,9,13,0.4,0.7
2025-08-25T1500,3241A,103.7439,36.0842,兰州市,百合公园,,35,27,42,13,18,109,,67,67,3,23,7,7,0.6,0.6
2025-08-25T1500,3242A,103.9611,35.998,兰州市,和平,,27,10,31,3,15,86,,74,74,4,12,7,8,0.4,0.4
2025-08-25T1500,4236A,103.6293,36.0938,兰州市,庄浪东路808号,,43,27,50,18,24,137,,106,106,13,37,13,17,0.5,0.5
2025-08-25T1500,4237A,103.7251,36.1043,兰州市,安宁西路88号,,,20,42,12,26,130,,107,107,4,17,,9,0.5,0.4
2025-08-25T1500,4238A,103.8470,36.0676,兰州市,北滨河东路1号,,31,21,34,11,19,98,,71,71,8,33,8,12,0.4,0.5
2025-08-25T1500,3245A,103.6633,36.533,兰州新区,新区管委会,,34,34,35,14,23,104,,88,88,18,19,20,27,0.4,0.4
2025-08-25T1500,3246A,103.6975,36.4789,兰州新区,舟曲中学,,33,26,34,18,19,105,,101,101,8,17,9,32,0.4,0.5
2025-08-25T1500,1067A,116.6708,39.5111,廊坊市,药材公司,,50,16,20,12,13,158,,98,98,8,15,4,4,0.3,0.4
2025-08-25T1500,1068A,116.7214,39.5589,廊坊市,开发区,臭氧1小时,53,23,26,13,14,162,,100,100,9,14,3,2,0.3,0.3
2025-08-25T1500,1070A,116.7244,39.5269,廊坊市,北华航天学院,,49,31,34,7,15,156,,109,109,4,13,4,4,0.3,0.4
2025-08-25T1500,2919A,116.7022,39.5453,廊坊市,河北工业大学,臭氧1小时,53,40,34,14,12,162,,103,103,5,15,3,2,0.3,0.3
2025-08-25T1500,2535A,103.7723,29.5462,乐山市,花湖湾,,21,12,15,10,9,66,,64,56,2,4,2,2,0.4,0.4
2025-08-25T1500,2536A,103.7627,29.5844,乐山市,牛耳桥,,27,,14,18,13,84,,69,69,6,7,4,4,0.6,0.6
2025-08-25T1500,2537A,103.7508,29.6006,乐山市,市第三水厂,,26,15,15,15,12,81,,66,64,8,8,3,3,0.6,0.6
2025-08-25T1500,2538A,103.7571,29.5664,乐山市,市监测站,,22,17,16,12,10,68,,62,59,6,6,6,6,0.9,0.8
2025-08-25T1500,3361A,103.7311,29.5628,乐山市,理工大学,,28,17,16,15,13,88,,68,68,6,6,7,6,0.7,0.7
2025-08-25T1500,2598A,100.2143,26.8576,丽江市,西南郊,,18,6,5,3,3,57,,43,43,4,7,6,6,0.9,0.9
2025-08-25T1500,2599A,100.2497,26.8802,丽江市,丽江古城,,17,16,14,3,3,53,,44,44,7,9,10,10,0.4,0.5
2025-08-25T1500,2600A,100.2203,26.8906,丽江市,市中心,,17,8,6,3,6,52,,39,39,7,11,10,10,0.5,0.6
2025-08-25T1500,1267A,119.914,28.4514,丽水市,监测站大楼,,23,17,17,9,8,71,,70,70,4,9,4,4,0.3,0.3
2025-08-25T1500,1268A,119.93,28.4586,丽水市,莲都小学,,23,16,20,3,7,72,,69,69,4,9,3,3,0.2,0.3
2025-08-25T1500,1269A,119.879,28.4231,丽水市,余庄前,,26,13,16,7,10,82,,81,81,4,9,5,5,0.3,0.4
2025-08-25T1500,1173A,119.176,34.5885,连云港市,市环境监测站,,35,12,19,7,11,110,,76,76,5,12,2,3,0.5,0.6
2025-08-25T1500,3000A,119.3581,34.6972,连云港市,德源药业,,36,17,20,7,12,114,,81,81,9,15,4,4,0.7,0.7
2025-08-25T1500,3007A,119.178,34.844,连云港市,新城一中,,37,35,31,20,20,118,,89,89,4,11,3,4,0.8,0.8
2025-08-25T1500,3008A,119.3608,34.7519,连云港市,胡沟管理处,,39,19,19,14,10,122,,82,82,10,18,9,10,0.7,0.6
2025-08-25T1500,3009A,119.1478,34.5911,连云港市,矿山设计院,,35,14,20,12,12,111,,76,76,8,16,13,12,0.8,0.7
2025-08-25T1500,3434A,119.2413,34.6539,连云港市,工贸学校,,38,20,22,13,15,120,,79,79,8,14,6,6,0.8,0.8
2025-08-25T1500,3664A,119.4172,34.7341,连云港市,连云街道,,37,22,28,16,17,116,,93,93,3,9,4,5,0.8,0.8
2025-08-25T1500,2571A,102.3431,27.8099,凉山彝族自治州,青龙寺,,18,8,12,6,6,57,,40,40,2,3,2,2,0.5,0.5
2025-08-25T1500,2572A,102.2721,27.8415,凉山彝族自治州,邛海宾馆,,20,16,11,8,5,64,,50,50,3,6,11,7,0.4,0.5
2025-08-25T1500,2573A,102.2625,27.898,凉山彝族自治州,西昌市政府,,19,14,11,12,6,60,,48,48,8,9,14,7,0.5,0.4
2025-08-25T1500,2574A,102.2685,27.8851,凉山彝族自治州,凉山州政府,,22,22,14,15,10,65,,52,52,4,9,12,10,0.7,1.1
2025-08-25T1500,4229A,102.2342,27.8859,凉山彝族自治州,凯乐南路30号,,19,13,11,6,4,59,,49,49,7,10,18,15,1.0,0.8
2025-08-25T1500,2212A,123.2,41.1953,辽阳市,宏伟区,,20,20,33,8,18,18,,16,16,26,22,4,3,1.0,1.1
2025-08-25T1500,2213A,123.1683,41.2495,辽阳市,新华园,,14,9,30,3,17,31,,24,24,27,24,5,8,0.6,0.8
2025-08-25T1500,2214A,123.2354,41.2639,辽阳市,滨河路,,13,12,30,9,16,25,,18,18,20,22,3,4,0.8,1
2025-08-25T1500,2215A,123.149,41.2991,辽阳市,铁西工业园,,14,14,29,3,12,26,,19,19,23,22,4,3,0.9,1.1
2025-08-25T1500,2227A,125.1358,42.8845,辽源市,环保局,,20,17,21,6,2,63,,58,57,12,7,8,7,0.5,0.5
2025-08-25T1500,3239A,125.0764,42.9078,辽源市,银鹰制药,,,6,10,3,4,66,,59,59,8,7,8,8,,0.5
2025-08-25T1500,1625A,115.9848,36.4372,聊城市,区政府,,39,17,21,8,14,122,,102,102,8,10,9,8,0.5,0.7
2025-08-25T1500,2878A,116.0072,36.4343,聊城市,聊大东校,,40,12,25,11,14,128,,105,105,6,11,9,8,0.4,0.4
2025-08-25T1500,3200A,115.9819,36.4978,聊城市,监控中心,,41,19,23,3,11,129,,104,104,9,15,9,8,0.6,0.6
2025-08-25T1500,3513A,116.0445,36.4361,聊城市,九州社区,,40,18,30,11,12,126,,104,104,6,10,2,4,0.2,0.3
2025-08-25T1500,4018A,116.0567,36.4608,聊城市,星美广场,,38,20,26,7,13,120,,96,96,2,8,1,2,0.5,0.6
2025-08-25T1500,2632A,94.3681,29.6376,林芝市,林芝监测站,,11,6,7,3,4,34,,19,19,3,4,5,5,0.4,0.4
2025-08-25T1500,2633A,94.3616,29.6616,林芝市,林芝人民医院,,11,6,9,3,4,34,,20,20,2,2,7,7,0.5,0.5
2025-08-25T1500,2603A,100.0781,23.8982,临沧市,市环保局,,15,15,14,10,23,48,,37,37,7,8,9,5,0.1,0.3
2025-08-25T1500,2604A,100.0894,23.8822,临沧市,市气象局,,18,15,15,12,13,44,,34,34,4,7,8,8,0.4,0.5
2025-08-25T1500,1733A,111.5531,36.0783,临汾市,临钢医院,,36,29,44,3,12,114,,81,81,9,16,9,11,0.8,1
2025-08-25T1500,1734A,111.5028,36.0714,临汾市,技工学校,,31,21,39,8,25,98,,69,69,4,12,6,7,0.7,1
2025-08-25T1500,1736A,111.5018,36.0855,临汾市,市委,,33,28,52,3,15,105,,71,71,5,14,4,4,0.8,1.1
2025-08-25T1500,3018A,111.505,36.1014,临汾市,唐尧大酒店,,32,28,55,7,17,101,,69,69,4,15,4,4,0.6,0.8
2025-08-25T1500,4244A,111.4879,36.0530,临汾市,启星学校,,33,14,40,12,25,103,,72,72,6,15,4,4,0.6,0.9
2025-08-25T1500,4271A,103.2464,35.6123,临夏回族自治州,滨河东路1号,,33,33,56,15,34,80,,52,52,6,14,8,7,0.3,0.4
2025-08-25T1500,4310A,103.2093,35.5995,临夏回族自治州,新华街21号,,27,19,52,14,41,84,,63,63,6,14,7,6,0.4,0.6
2025-08-25T1500,1618A,118.3429,35.0532,临沂市,沂河小区,,46,39,41,32,33,115,,84,84,11,19,9,10,0.5,0.5
2025-08-25T1500,1619A,118.295,35.0583,临沂市,鲁南制药厂,,48,36,38,33,27,116,,83,83,8,17,9,10,0.4,0.4
2025-08-25T1500,1620A,118.2794,34.9976,临沂市,新光毛纺厂,,43,36,43,30,32,117,,78,78,8,21,8,11,0.5,0.6
2025-08-25T1500,1621A,118.3956,35.0888,临沂市,河东保险公司,,42,36,40,29,24,130,,91,91,10,19,7,7,0.4,0.4
2025-08-25T1500,3370A,118.3564,35.0215,临沂市,十里堡居委,,37,31,45,24,41,118,,81,81,11,22,10,12,0.4,0.5
2025-08-25T1500,3496A,118.3604,35.1084,临沂市,南坊新区,,46,46,46,22,23,127,,85,85,12,23,8,9,0.5,0.5
2025-08-25T1500,3860A,118.3920,35.0300,临沂市,皇山花园小区,,41,41,55,26,36,111,,78,78,9,22,10,11,0.5,0.6
2025-08-25T1500,1870A,109.4856,24.3895,柳州市,柳东小学,,23,18,22,3,13,73,,67,67,4,8,5,5,0.2,0.3
2025-08-25T1500,1871A,109.4157,24.3277,柳州市,环保监测站,,20,11,30,11,13,62,,58,58,4,12,7,10,0.0,0.3
2025-08-25T1500,1872A,109.389,24.341,柳州市,河西水厂,,20,,32,3,26,63,,56,56,3,12,5,7,0.3,0.5
2025-08-25T1500,1873A,109.4311,24.2921,柳州市,市四中,,20,10,25,9,14,63,,60,60,5,13,6,9,0.2,0.3
2025-08-25T1500,1874A,109.4006,24.3631,柳州市,市九中,,20,16,40,3,14,63,,53,53,2,12,4,6,0.1,0.2
2025-08-25T1500,1875A,109.4958,24.3134,柳州市,古亭山,,19,12,26,10,11,60,,55,55,2,13,5,6,0.4,0.5
2025-08-25T1500,3402A,109.5422,24.3996,柳州市,市二中,,22,13,24,8,13,70,,62,62,5,12,6,6,0.5,0.7
2025-08-25T1500,2307A,116.5079,31.737,六安市,监测大楼,,39,21,24,20,11,123,,84,84,4,7,3,3,0.3,0.3
2025-08-25T1500,2308A,116.4738,31.7643,六安市,皖西学院,,40,32,25,11,11,128,,85,85,2,4,2,3,0.3,0.3
2025-08-25T1500,2309A,116.4996,31.7905,六安市,朝阳厂,,35,24,18,12,11,110,,80,80,7,10,6,5,0.4,0.3
2025-08-25T1500,2310A,116.5567,31.7886,六安市,开发区,,32,,15,14,11,101,,76,76,3,9,1,2,0.4,0.4
2025-08-25T1500,2576A,104.8,26.5892,六盘水市,窑上,,37,37,22,3,3,59,,42,42,2,3,5,5,0.2,0.2
2025-08-25T1500,2577A,104.83,26.5917,六盘水市,黄土坡,,18,,12,8,7,57,,42,42,5,8,9,9,0.1,0.2
2025-08-25T1500,2578A,104.89,26.5939,六盘水市,水钢,,24,24,24,8,19,62,,48,48,2,4,11,11,0.1,0.1
2025-08-25T1500,2579A,104.8475,26.5894,六盘水市,民中,,19,8,12,3,4,58,,45,45,5,6,2,7,0.2,0.2
2025-08-25T1500,2580A,104.9544,26.5506,六盘水市,双水,,19,12,8,6,6,58,,48,48,4,5,6,6,0.2,0.2
2025-08-25T1500,2335A,117.0189,25.1181,龙岩市,龙岩师专,,,,,,,,,,,,,,,,
2025-08-25T1500,2336A,117.0217,25.1033,龙岩市,龙岩市监测站,,20,20,18,7,8,57,,60,60,3,9,5,6,0.5,0.5
2025-08-25T1500,2337A,117.0258,25.0661,龙岩市,闽西职业技术学院,,19,7,17,6,8,58,,59,59,1,9,4,6,0.5,0.6
2025-08-25T1500,2338A,117.0196,25.0306,龙岩市,龙岩学院,,21,21,16,8,10,63,,60,60,3,9,7,7,0.4,0.4
2025-08-25T1500,2665A,105.0822,33.3261,陇南市,汉王镇固水子,,,,,,,,,,,,,,,,
2025-08-25T1500,2885A,104.9339,33.3826,陇南市,滨江中学,,23,23,24,12,13,67,,61,61,2,3,8,8,0.7,0.6
2025-08-25T1500,3247A,104.955,33.371,陇南市,市总工会,,24,24,29,3,7,75,,66,66,4,6,6,6,0.7,0.7
2025-08-25T1500,2487A,111.9589,27.8901,娄底市,电视发射台,,28,28,29,10,13,78,,68,68,5,8,7,6,0.5,0.7
2025-08-25T1500,2488A,111.9975,27.725,娄底市,市监测站,,34,34,35,14,19,85,,76,76,5,15,8,15,0.6,0.9
2025-08-25T1500,2489A,112.0194,27.7314,娄底市,市委党校,,23,20,32,12,19,73,,69,69,8,10,16,14,0.4,0.6
2025-08-25T1500,2490A,111.9561,27.7569,娄底市,涟钢,,35,34,39,24,19,74,,65,65,14,23,6,12,0.7,1.2
2025-08-25T1500,2491A,111.9892,27.7044,娄底市,市政府,,26,21,29,13,19,81,,68,68,2,7,8,8,0.4,0.5
2025-08-25T1500,1893A,105.4324,28.9634,泸州市,九狮山,,40,20,20,14,22,126,,83,83,6,7,8,6,0.4,0.3
2025-08-25T1500,1894A,105.4427,28.9063,泸州市,小市上码头,,31,18,14,3,4,98,,68,68,4,5,4,4,0,0
2025-08-25T1500,1895A,105.4241,28.8573,泸州市,兰田宪桥,,41,27,18,3,5,130,,75,75,11,9,7,7,0.4,0.3
2025-08-25T1500,1896A,105.4379,28.8833,泸州市,市环监站,,41,19,13,15,10,131,,86,86,10,10,9,8,0.2,0.2
2025-08-25T1500,4272A,105.3689,28.7783,泸州市,纳溪中医医院,,47,,16,13,9,148,,89,89,13,15,3,2,0.4,0.4
2025-08-25T1500,2183A,111.1406,37.5211,吕梁市,环保局,,,40,44,17,16,146,,78,78,12,24,,5,0.8,0.7
2025-08-25T1500,2185A,111.1297,37.5136,吕梁市,自来水公司,,47,47,41,24,15,133,,70,70,12,18,4,4,0.7,0.6
2025-08-25T1500,2867A,111.1283,37.51,吕梁市,马茂庄小学,颗粒物(PM10),51,52,46,15,14,147,,74,74,12,24,4,3,0.9,0.6
2025-08-25T1500,1812A,112.3931,34.6516,洛阳市,市委党校,细颗粒物(PM2.5),62,56,43,44,30,123,,98,98,29,13,12,11,0.7,0.7
2025-08-25T1500,1815A,112.494,34.6886,洛阳市,河南林校,细颗粒物(PM2.5),57,61,54,40,30,149,,100,100,12,21,8,9,0.7,0.7
2025-08-25T1500,1816A,112.3844,34.623,洛阳市,开发区管委会,细颗粒物(PM2.5),62,55,41,44,30,161,,112,112,6,10,6,6,0.8,0.7
2025-08-25T1500,1817A,112.4267,34.6258,洛阳市,市委新办公区,细颗粒物(PM2.5),69,55,40,50,31,146,,98,98,8,13,9,9,0.7,0.6
2025-08-25T1500,3340A,112.6005,34.6326,洛阳市,伊滨,细颗粒物(PM2.5),70,67,52,51,36,142,,95,95,9,16,10,8,0.9,0.8
2025-08-25T1500,3341A,112.4951,34.6332,洛阳市,中移产业园,细颗粒物(PM2.5),68,63,48,49,35,149,,96,96,12,18,8,9,0.8,0.7
2025-08-25T1500,3593A,112.5736,34.8993,洛阳市,吉利监测站,颗粒物(PM10),57,64,57,38,37,131,,92,92,4,10,6,5,1.1,0.9
2025-08-25T1500,3635A,112.3677,34.662,洛阳市,河科大西苑校区,颗粒物(PM10),55,60,44,32,22,147,,106,106,15,15,9,9,0.7,0.7
2025-08-25T1500,3636A,112.4388,34.6781,洛阳市,英才小学,细颗粒物(PM2.5),83,69,54,61,50,135,,96,96,9,15,7,8,0.9,0.8
2025-08-25T1500,4214A,112.4600,34.6949,洛阳市,春都路1号院,细颗粒物(PM2.5),60,48,40,43,29,127,,86,86,10,16,8,9,0.9,0.9
2025-08-25T1500,2399A,114.051,33.5699,漯河市,三五一五工厂,,29,19,26,18,21,90,,78,78,7,8,5,5,0.6,0.6
2025-08-25T1500,2400A,114.0055,33.5698,漯河市,漯河大学,,30,23,25,19,19,96,,86,86,7,8,4,4,0.6,0.5
2025-08-25T1500,2401A,114.0138,33.5828,漯河市,市水利局,,32,27,30,22,22,96,,78,78,6,8,5,5,0.5,0.5
2025-08-25T1500,2402A,114.0261,33.5698,漯河市,市广电局,,33,,25,23,24,101,,86,86,7,7,2,3,0.5,0.5
2025-08-25T1500,3478A,113.9749,33.5664,漯河市,市图书馆,,32,32,28,18,19,89,,74,74,5,7,5,5,0.4,0.4
2025-08-25T1500,4250A,114.0892,33.5882,漯河市,韶山路11号,,29,,27,18,20,92,,75,75,6,10,3,3,0.6,0.5
2025-08-25T1500,1798A,118.5092,31.6837,马鞍山市,湖东路四小,臭氧1小时,68,56,34,14,16,174,,136,136,20,12,16,8,2.1,0.7
2025-08-25T1500,1799A,118.5024,31.6449,马鞍山市,开发区,臭氧1小时,75,37,37,18,14,180,,134,134,9,15,10,9,0.7,0.6
2025-08-25T1500,1802A,118.6245,31.7241,马鞍山市,濮塘,臭氧1小时,98,41,27,16,13,198,,160,160,7,9,10,9,1.0,0.8
2025-08-25T1500,3633A,118.4918,31.6809,马鞍山市,雨山,臭氧1小时,53,28,39,24,15,162,,138,138,18,14,15,9,1.9,0.6
2025-08-25T1500,4191A,118.5274,31.72227,马鞍山市,慈湖高新区,臭氧1小时,53,39,34,20,15,162,,127,127,13,18,7,9,0.6,0.5
2025-08-25T1500,1686A,111.0286,21.4688,茂名市,电白南海,,24,24,22,3,9,34,,32,32,4,4,3,3,0.6,0.7
2025-08-25T1500,1687A,110.9294,21.6533,茂名市,茂石化七小,,11,7,12,3,6,34,,29,28,6,6,5,6,0.4,0.4
2025-08-25T1500,1688A,110.9107,21.6687,茂名市,健康路,,12,,7,7,4,36,,30,29,6,7,4,5,0.8,0.8
2025-08-25T1500,1689A,110.8592,21.6828,茂名市,高岭,,14,14,16,3,1,36,,30,30,10,10,9,9,0.6,0.6
2025-08-25T1500,3450A,111.01,21.5165,茂名市,电白水东,,11,6,10,3,5,35,,34,34,5,5,4,4,0.6,0.6
2025-08-25T1500,2539A,104.0308,30.0478,眉山市,黑龙滩水库,,39,6,9,3,6,122,,96,96,1,2,2,2,0.3,0.3
2025-08-25T1500,2540A,103.8416,30.0874,眉山市,气象局,,29,19,24,3,5,91,,69,69,4,8,12,12,0.5,0.5
2025-08-25T1500,3137A,103.8578,30.0744,眉山市,市委党校,,26,7,10,3,2,82,,63,63,5,9,6,6,0.5,0.5
2025-08-25T1500,3148A,103.8291,30.0564,眉山市,区人社局,,27,8,19,3,2,84,,60,60,8,13,8,9,0.6,0.6
2025-08-25T1500,1690A,116.1231,24.3284,梅州市,梅江月梅,,32,20,23,19,13,102,,73,73,7,12,10,10,0.7,0.7
2025-08-25T1500,1691A,116.0797,24.2719,梅州市,梅县新城,,35,28,26,15,13,110,,76,76,6,11,8,8,0.5,0.5
2025-08-25T1500,1692A,116.1248,24.2654,梅州市,环境监控中心,,33,33,28,16,14,102,,72,72,6,13,4,6,0.6,0.6
2025-08-25T1500,3315A,116.1233,24.2991,梅州市,梅龙,,32,17,24,10,15,100,,72,72,5,9,9,9,0.6,0.6
2025-08-25T1500,1878A,104.7778,31.4741,绵阳市,富乐山,,15,15,14,6,8,42,,39,37,4,5,8,8,0.5,0.5
2025-08-25T1500,1880A,104.6697,31.4668,绵阳市,高新区自来水公司,,14,14,15,3,4,37,,42,33,10,11,8,8,0.5,0.5
2025-08-25T1500,1881A,104.7287,31.5075,绵阳市,三水厂,,14,11,14,8,9,43,,44,39,6,8,8,8,0.4,0.4
2025-08-25T1500,3491A,104.69,31.5322,绵阳市,西科大附属小学,,21,21,79,9,9,41,,43,39,7,11,8,8,0.6,0.7
2025-08-25T1500,3492A,104.5648,31.5343,绵阳市,安州区旅游局,,12,8,14,3,2,38,,46,41,11,9,7,8,0.2,0.3
2025-08-25T1500,4226A,104.7651,31.4531,绵阳市,绵阳市气象局,,14,14,11,3,8,36,,46,33,8,6,9,8,0.4,0.4
2025-08-25T1500,1784A,129.61,44.561,牡丹江市,环保大楼,,27,27,19,7,12,42,,31,31,13,16,4,4,0.3,0.3
2025-08-25T1500,1785A,129.6115,44.5782,牡丹江市,文化广场,,23,23,20,15,23,36,,33,33,19,17,7,6,0.5,0.5
2025-08-25T1500,1786A,129.5904,44.5963,牡丹江市,第一医院,,18,14,18,12,16,42,,32,32,16,19,7,7,0.2,0.2
2025-08-25T1500,1787A,129.6364,44.6075,牡丹江市,机车工厂,,16,16,19,9,9,38,,34,34,13,14,6,6,0.4,0.4
2025-08-25T1500,1788A,129.6386,44.5462,牡丹江市,第一中学,,23,23,22,10,9,35,,33,33,14,16,6,6,0.3,0.2
2025-08-25T1500,2531A,105.0703,29.61,内江市,市监测站,,34,,14,12,12,106,,73,73,6,7,1,1,0.7,0.7
2025-08-25T1500,2532A,105.0717,29.5947,内江市,东兴区政府,,50,50,19,6,6,98,,50,,6,10,6,6,1.0,0.7
2025-08-25T1500,2533A,105.0653,29.5817,内江市,内江二中,,33,12,18,10,11,103,,70,70,7,9,4,3,0.5,0.6
2025-08-25T1500,2534A,105.0406,29.5822,内江市,内江日报社,,35,,14,14,11,110,,78,78,6,10,8,8,0.4,0.5
2025-08-25T1500,2628A,92.0657,31.4846,那曲市,那曲监测站,,20,20,23,8,11,55,,49,49,12,13,7,7,0.4,0.4
2025-08-25T1500,4243A,92.0515,31.4787,那曲市,那曲市委宣传部,,20,14,11,6,6,64,,55,55,5,8,4,4,0.4,0.4
2025-08-25T1500,1290A,115.8931,28.6843,南昌市,省外办,,39,30,22,17,18,124,,90,90,5,10,6,6,0.5,0.5
2025-08-25T1500,1291A,115.8886,28.7003,南昌市,省林业公司,,40,22,21,22,13,127,,92,92,3,8,4,4,0.5,0.5
2025-08-25T1500,1292A,115.8126,28.7442,南昌市,林科所,,41,17,20,14,10,129,,99,99,5,22,4,5,0.4,0.6
2025-08-25T1500,1294A,115.8518,28.687,南昌市,建工学校,,38,,25,14,20,120,,91,91,11,16,8,8,0.6,0.6
2025-08-25T1500,1295A,115.8921,28.6424,南昌市,象湖,,42,,21,3,10,134,,96,96,8,13,8,8,0.4,0.5
2025-08-25T1500,1296A,115.7423,28.7996,南昌市,武术学校,,27,14,17,13,10,86,,84,84,6,9,10,10,0.5,0.5
2025-08-25T1500,3046A,115.9084,28.6062,南昌市,机电学校,,44,28,30,12,12,140,,100,100,6,12,7,7,0.5,0.5
2025-08-25T1500,3690A,115.9721,28.7031,南昌市,外国语学校,,46,32,30,3,10,147,,103,103,8,13,9,9,0.6,0.5
2025-08-25T1500,4192A,115.9316,28.68677,南昌市,南京东路235号,,43,21,28,13,11,135,,94,94,8,13,8,8,0.6,0.6
2025-08-25T1500,1905A,106.056,30.8064,南充市,西山风景区,,,,,,,,,,,,,,,,
2025-08-25T1500,1906A,106.0789,30.8023,南充市,南充市委,,34,25,19,15,14,106,,58,58,8,10,4,4,0.4,0.4
2025-08-25T1500,1907A,106.1031,30.8217,南充市,南充炼油厂,,30,26,27,14,14,94,,54,54,5,6,5,4,0.2,0.2
2025-08-25T1500,4227A,106.1083,30.7884,南充市,梨树横街98号,,37,17,20,11,15,116,,64,64,3,6,4,3,0.2,0.2
2025-08-25T1500,4304A,106.1172,30.843,南充市,清泉寺北路188号,,28,16,22,11,15,89,,57,57,5,7,3,3,0.3,0.4
2025-08-25T1500,4305A,106.067,30.7616,南充市,同庆路1号,,35,17,22,14,12,109,,62,62,8,11,5,4,0.3,0.3
2025-08-25T1500,1151A,118.8086,32.1065,南京市,迈皋桥,臭氧1小时,111,39,18,19,10,221,,140,140,3,24,4,4,1.5,0.7
2025-08-25T1500,1152A,118.7538,32.0551,南京市,草场门,,49,27,25,19,11,156,,122,122,8,22,4,4,0.7,0.6
2025-08-25T1500,1153A,118.7794,32.0745,南京市,山西路,臭氧1小时,99,41,27,14,6,199,,132,132,1,17,4,4,0.9,0.5
2025-08-25T1500,1154A,118.7752,32.0023,南京市,中华门,,49,24,21,7,8,154,,119,119,4,13,3,4,1.1,1
2025-08-25T1500,1155A,118.8109,32.0309,南京市,瑞金路,臭氧1小时,78,27,21,14,11,182,,127,127,20,24,7,6,0.6,0.5
2025-08-25T1500,1156A,118.7997,32.0754,南京市,玄武湖,臭氧1小时,80,37,23,12,6,184,,121,121,8,10,4,4,0.8,0.5
2025-08-25T1500,1157A,118.6414,32.0931,南京市,浦口,臭氧1小时,73,35,24,21,8,178,,114,114,9,12,6,6,0.9,0.7
2025-08-25T1500,1158A,118.7356,31.9996,南京市,奥体中心,臭氧1小时,69,34,26,17,11,175,,128,128,9,22,8,7,0.7,0.5
2025-08-25T1500,1159A,118.9125,32.1028,南京市,仙林大学城,臭氧1小时,109,53,31,17,6,218,,161,161,11,14,11,10,1.2,0.8
2025-08-25T1500,3422A,118.8436,31.9198,南京市,江宁彩虹桥,臭氧1小时,88,35,27,17,11,190,,140,140,6,12,3,4,0.7,0.5
2025-08-25T1500,3427A,118.8554,32.3578,南京市,六合雄州,,44,32,22,19,7,138,,104,104,12,14,5,5,1.0,0.7
2025-08-25T1500,4249A,118.8708,31.3402,南京市,汶溪路181号,臭氧1小时,102,41,22,37,17,204,,129,129,7,9,7,6,0.6,0.5
2025-08-25T1500,4312A,119.019,31.6512,南京市,中山西路1号,,39,24,21,20,14,124,,109,109,13,15,3,4,0.7,0.6
2025-08-25T1500,1401A,108.3103,22.7881,南宁市,二十一中,,19,16,21,12,11,58,,44,44,9,9,4,5,0.5,0.4
2025-08-25T1500,1402A,108.3141,22.8528,南宁市,北湖,,21,17,22,9,12,67,,48,48,8,10,3,6,0.2,0.2
2025-08-25T1500,1403A,108.3206,22.8225,南宁市,市监测站,,19,12,21,8,13,58,,46,46,11,12,3,5,0.4,0.4
2025-08-25T1500,1404A,108.3829,22.8037,南宁市,大自然花园,,20,15,23,12,14,61,,49,49,8,8,4,5,0.6,0.6
2025-08-25T1500,1405A,108.4394,22.7904,南宁市,仙葫,,19,18,23,10,12,59,,48,48,6,8,4,5,0.3,0.4
2025-08-25T1500,1406A,108.2397,22.8467,南宁市,区农职院,,18,18,22,8,12,51,,42,42,15,13,5,8,0.4,0.3
2025-08-25T1500,1407A,108.3275,22.735,南宁市,英华嘉园,,18,18,21,11,16,57,,46,46,6,8,1,2,0.3,0.3
2025-08-25T1500,3401A,108.4834,22.7618,南宁市,红星社区,,20,17,25,8,16,63,,51,51,6,12,2,2,0.4,0.4
2025-08-25T1500,4221A,108.2177,22.7774,南宁市,乐贤路16号,,18,14,24,12,15,52,,44,42,17,17,2,2,0.4,0.3
2025-08-25T1500,2331A,118.0966,26.6761,南平市,茫荡山,,,,,,,,,,,,,,,,
2025-08-25T1500,2332A,118.1681,26.6369,南平市,南平市监测站,,15,10,14,6,6,48,,52,52,2,8,4,5,0.3,0.4
2025-08-25T1500,2333A,118.1825,26.6489,南平市,南平铝业有限公司,,18,,15,12,9,51,,51,51,1,7,4,5,0.5,0.5
2025-08-25T1500,2334A,118.1756,26.6272,南平市,南平七中,,16,14,20,7,8,49,,52,52,2,6,3,4,0.5,0.6
2025-08-25T1500,1168A,120.9098,31.9663,南通市,狼山街道,,32,32,35,13,19,102,,138,138,16,21,3,5,0.8,0.8
2025-08-25T1500,1169A,120.86,32.0005,南通市,虹桥,,35,28,34,21,22,109,,149,149,18,26,2,6,0.8,1
2025-08-25T1500,1170A,120.87,32.02,南通市,城中,,36,36,41,19,18,89,,119,119,12,22,4,7,0.7,0.9
2025-08-25T1500,1171A,120.94,31.93,南通市,星湖花园,,34,30,32,21,20,108,,141,141,16,22,3,5,0.6,0.6
2025-08-25T1500,1172A,120.81,32.0417,南通市,紫琅学院,,37,37,37,21,18,111,,142,142,19,27,4,6,0.7,0.8
2025-08-25T1500,3291A,121.067,32.062,南通市,通州监测站,,27,14,31,9,16,86,,125,125,8,14,3,2,0.6,0.7
2025-08-25T1500,3432A,120.9348,31.9883,南通市,环境教育馆,,36,36,39,12,19,70,,129,129,17,21,2,5,0.4,0.5
2025-08-25T1500,2404A,112.5224,33.0122,南阳市,瓦房庄,,33,30,28,15,15,103,,78,77,5,6,7,7,0.5,0.5
2025-08-25T1500,2405A,112.5003,32.9735,南阳市,汉画馆,,32,28,25,14,13,102,,74,74,6,9,7,8,0.6,0.6
2025-08-25T1500,2406A,112.5573,33.027,南阳市,气象站,,33,21,21,19,12,105,,79,77,6,8,8,8,0.5,0.5
2025-08-25T1500,2407A,112.5481,32.9689,南阳市,理工学院,,35,35,24,11,8,103,,76,76,6,7,7,8,0.6,0.6
2025-08-25T1500,4008A,112.5234,32.9922,南阳市,卧龙区政府,,32,26,27,16,19,101,,74,74,8,11,5,6,0.6,0.6
2025-08-25T1500,1234A,121.8358,29.911,宁波市,区环保大楼,颗粒物(PM10),56,61,21,7,6,88,,62,62,11,10,5,5,0.3,0.3
2025-08-25T1500,1235A,121.56,29.82,宁波市,万里学院,,31,14,17,3,9,98,,70,70,3,6,6,7,0.4,0.4
2025-08-25T1500,1236A,121.713,29.9572,宁波市,龙赛医院,,30,27,20,6,6,94,,69,69,20,10,10,5,0.5,0.3
2025-08-25T1500,1239A,121.633,29.7733,宁波市,钱湖水厂,,27,10,12,3,6,86,,68,68,8,8,6,6,0.3,0.3
2025-08-25T1500,1240A,121.5856,29.8635,宁波市,太古小学,,31,14,18,9,7,99,,67,67,4,6,3,4,0.3,0.4
2025-08-25T1500,1241A,121.524,29.8674,宁波市,市环境监测中心,,34,15,19,3,5,106,,72,72,6,9,8,8,0.4,0.5
2025-08-25T1500,2871A,121.6147,29.9017,宁波市,万里国际学校,,33,14,14,9,7,104,,73,73,6,7,4,5,0.6,0.6
2025-08-25T1500,3710A,121.5594,29.8975,宁波市,白沙活动中心,,38,11,15,3,5,119,,76,76,7,9,6,6,0.3,0.3
2025-08-25T1500,2339A,119.5001,26.6946,宁德市,金涵水库,,,,,,,,,,,,,,,,
2025-08-25T1500,2341A,119.5388,26.6612,宁德市,宁德市监测站,,22,22,22,13,11,70,,47,47,4,7,4,3,0.3,0.4
2025-08-25T1500,3209A,119.5231,26.6562,宁德市,宁德一中,,21,14,17,3,9,67,,46,46,3,5,4,4,0.2,0.2
2025-08-25T1500,2618A,98.8601,25.8567,怒江傈僳族自治州,州监测站,,18,11,19,7,10,55,,31,31,4,7,5,4,0.4,0.5
2025-08-25T1500,2619A,98.8546,25.8417,怒江傈僳族自治州,泸水一中,,28,,14,19,10,41,,21,21,4,9,4,4,0.4,0.5
2025-08-25T1500,1888A,101.6891,26.571,攀枝花市,弄弄坪,,35,35,34,13,10,80,,41,41,8,17,7,12,0.7,1
2025-08-25T1500,1889A,101.5769,26.5928,攀枝花市,河门口,,29,29,28,19,15,81,,41,41,12,19,18,14,1.4,1.5
2025-08-25T1500,1890A,101.7169,26.585,攀枝花市,炳草岗,,30,30,28,20,11,81,,44,44,7,18,10,10,0.7,0.9
2025-08-25T1500,1891A,101.7369,26.5008,攀枝花市,仁和,,28,25,22,19,11,68,,50,50,6,10,13,10,0.6,0.8
2025-08-25T1500,2835A,101.7227,26.567,攀枝花市,四十中小,,27,20,18,12,9,84,,47,47,7,13,10,10,0.8,0.9
2025-08-25T1500,1604A,122.0303,41.1489,盘锦市,开发区,,23,,9,6,8,72,,65,64,7,10,7,7,0.5,0.5
2025-08-25T1500,1605A,122.0485,41.0883,盘锦市,兴隆台,,21,6,11,3,6,67,,60,60,11,12,5,6,0.4,0.4
2025-08-25T1500,1606A,121.8297,41.1028,盘锦市,新生街道,,17,7,10,7,8,54,,62,58,11,14,4,4,0.5,0.5
2025-08-25T1500,1832A,113.3257,33.742,平顶山市,新华旅馆,颗粒物(PM10),52,53,41,31,23,99,,72,72,12,13,4,5,0.7,0.6
2025-08-25T1500,1833A,113.2919,33.737,平顶山市,规划设计院,细颗粒物(PM2.5),54,38,33,38,25,115,,78,78,12,14,3,4,0.7,0.5
2025-08-25T1500,1834A,113.182,33.774,平顶山市,平顶山工学院,,39,30,29,27,20,115,,80,80,7,12,5,5,0.6,0.5
2025-08-25T1500,3204A,113.3025,33.73,平顶山市,规划局,,48,48,36,30,18,115,,78,78,12,13,4,4,0.6,0.5
2025-08-25T1500,3594A,112.8867,33.9116,平顶山市,石龙区,,40,36,38,27,24,127,,100,100,10,13,8,8,0.7,0.7
2025-08-25T1500,2656A,106.6692,35.5461,平凉市,聚贤嘉苑,,37,37,39,19,17,91,,78,78,9,22,12,11,0.8,0.7
2025-08-25T1500,2657A,106.7021,35.5307,平凉市,博物馆,,34,34,38,16,15,94,,80,80,8,19,9,8,0.5,0.5
2025-08-25T1500,2347A,114.0997,27.5002,萍乡市,武功山,,21,6,4,3,3,66,,50,50,3,4,8,8,0.6,0.6
2025-08-25T1500,2348A,113.8385,27.6434,萍乡市,中医院,,44,44,27,20,12,109,,102,102,8,15,10,15,0.7,1
2025-08-25T1500,2349A,113.8493,27.6253,萍乡市,市政府车库,,29,21,16,9,13,90,,78,78,5,11,10,12,0.5,0.5
2025-08-25T1500,2350A,113.8676,27.6435,萍乡市,市环保局,,32,19,27,9,17,101,,92,92,5,15,6,12,0.7,1.1
2025-08-25T1500,2351A,113.866,27.6198,萍乡市,安源区政府,,,,26,49,16,87,,76,76,2,8,14,15,0.6,0.7
2025-08-25T1500,2319A,119.0141,25.4325,莆田市,荔城区仓后路,,22,15,22,3,8,68,,47,47,3,6,7,7,0.5,0.6
2025-08-25T1500,2320A,119.0015,25.4553,莆田市,莆田市监测站,,30,30,19,3,8,70,,49,49,5,7,5,6,0.3,0.4
2025-08-25T1500,2321A,119.1119,25.4561,莆田市,涵江区六中,,20,11,20,3,8,64,,49,49,4,8,4,5,0.4,0.4
2025-08-25T1500,2322A,119.1013,25.3215,莆田市,秀屿区政府,,,29,25,3,10,,,34,34,9,9,5,4,0.4,0.4
2025-08-25T1500,2323A,118.981,25.4792,莆田市,东圳水库,,,,,,,,,,,,,,,,
2025-08-25T1500,2392A,115.0312,35.7636,濮阳市,环保局,,42,25,23,15,18,133,,95,95,7,10,5,4,0.6,0.6
2025-08-25T1500,2394A,115.0574,35.7609,濮阳市,油田运输公司,,43,27,31,14,17,135,,102,102,4,8,3,3,0.6,0.6
2025-08-25T1500,3021A,115,35.7668,濮阳市,濮水河管理处,,,22,29,11,14,113,,96,96,,9,4,2,0.6,0.5
2025-08-25T1500,4216A,115.0924,35.7686,濮阳市,任丘路479号,,40,25,36,8,17,125,,97,97,4,9,3,3,0.6,0.7
2025-08-25T1500,2601A,100.98,22.7633,普洱市,市环保局,,34,34,27,9,13,53,,30,30,4,7,6,6,0.5,0.6
2025-08-25T1500,2602A,100.9817,22.8322,普洱市,普洱第二中学,,28,28,26,8,13,56,,30,30,3,8,6,5,0.3,0.4
2025-08-25T1500,2262A,131.0518,45.8751,七台河市,新一中,,33,28,16,10,8,104,,70,70,9,15,10,10,0.7,0.8
2025-08-25T1500,3345A,131.0577,45.7879,七台河市,中波台,,20,12,8,6,8,63,,48,48,17,21,7,8,0.4,0.4
2025-08-25T1500,3637A,131.0176,45.7761,七台河市,人民广场,,22,19,26,13,12,68,,55,55,13,15,11,10,0.6,0.7
2025-08-25T1500,3684A,130.8781,45.8222,七台河市,新建矿广场,,24,24,15,3,7,68,,48,48,10,16,9,10,0.3,0.4
2025-08-25T1500,1779A,123.9305,47.3636,齐齐哈尔市,安居小区,,20,20,29,3,11,62,,36,36,6,19,1,1,0.5,0.6
2025-08-25T1500,1780A,123.9488,47.3386,齐齐哈尔市,中心广场,,22,10,20,3,4,69,,45,45,8,14,6,5,0.4,0.5
2025-08-25T1500,1781A,123.9483,47.3227,齐齐哈尔市,农牧车辆厂,,22,19,24,9,9,69,,42,42,6,15,6,6,0.3,0.4
2025-08-25T1500,1783A,123.945,47.2988,齐齐哈尔市,市环境监测站,,22,18,19,8,8,69,,43,43,6,13,7,6,0.4,0.5
2025-08-25T1500,3662A,123.6333,47.2075,齐齐哈尔市,富区青少年活动中心,,20,13,27,7,13,64,,40,40,4,12,6,5,0.5,0.5
2025-08-25T1500,2591A,107.9783,26.5747,黔东南苗族侗族自治州,市环境监测站,,20,17,15,12,12,61,,40,40,4,8,3,2,0.4,0.4
2025-08-25T1500,2881A,107.8908,26.5311,黔东南苗族侗族自治州,凯里学院,,19,,12,10,8,58,,40,40,6,9,3,3,0.4,0.4
2025-08-25T1500,2593A,107.5228,26.2403,黔南布依族苗族自治州,小围寨,,14,6,8,3,1,42,,29,29,2,6,1,2,0.2,0.3
2025-08-25T1500,3538A,107.5175,26.2978,黔南布依族苗族自治州,沙坝,,,9,15,,0,40,,27,27,2,6,4,3,0.2,0.2
2025-08-25T1500,2589A,104.9022,25.0925,黔西南布依族苗族自治州,场坝街,,15,15,17,3,8,46,,38,38,5,8,3,13,0.2,0.3
2025-08-25T1500,2590A,104.8811,25.0992,黔西南布依族苗族自治州,坪东大道,,15,11,21,9,11,47,,40,40,4,6,2,2,0.3,0.5
2025-08-25T1500,2502A,108.6236,21.9667,钦州市,市环保站,,,,21,0,7,41,,32,32,5,12,2,2,0.4,0.5
2025-08-25T1500,2503A,108.6549,21.9481,钦州市,沙埠小学,,14,11,18,7,10,44,,34,34,2,10,3,3,0.3,0.4
2025-08-25T1500,2504A,108.5989,21.7431,钦州市,港区一小,,17,17,19,3,8,37,,30,30,9,13,3,5,0.5,0.5
2025-08-25T1500,3404A,108.5959,21.9633,钦州市,北职校,,14,,19,3,10,42,,33,33,2,10,1,1,0.4,0.5
2025-08-25T1500,1043A,119.7493,40.0116,秦皇岛市,第一关,,29,8,15,3,7,91,,73,73,3,22,5,5,0.2,0.2
2025-08-25T1500,1044A,119.5897,39.9499,秦皇岛市,监测站,,34,34,25,3,6,100,,82,82,3,14,4,4,0.4,0.5
2025-08-25T1500,1046A,119.5251,39.9041,秦皇岛市,建设大厦,,31,30,25,6,8,98,,82,82,4,13,6,6,0.4,0.4
2025-08-25T1500,3132A,119.610547,39.943889,秦皇岛市,文明里,,30,18,20,7,8,96,,80,80,4,11,4,5,0.3,0.3
2025-08-25T1500,4198A,119.5090,39.8253,秦皇岛市,北戴河轮滑馆,,31,26,22,13,11,97,,80,79,7,9,2,2,0.4,0.4
2025-08-25T1500,1307A,120.6659,36.2403,青岛市,仰口,臭氧1小时,54,43,25,34,17,163,,122,122,5,6,10,9,0.9,1.1
2025-08-25T1500,1310A,120.4134,36.0658,青岛市,市南区东部子站,,50,27,23,22,19,159,,127,127,20,17,6,6,0.3,0.3
2025-08-25T1500,1311A,120.3664,36.1032,青岛市,四方区子站,臭氧1小时,69,29,24,27,18,175,,122,122,9,12,8,10,0.3,0.3
2025-08-25T1500,1312A,120.2994,36.054,青岛市,市南区西部子站,,45,39,26,22,16,141,,107,107,17,24,5,5,0.8,0.8
2025-08-25T1500,1313A,120.4581,36.0858,青岛市,崂山区子站,,50,34,23,17,13,157,,120,120,12,10,9,8,0.4,0.3
2025-08-25T1500,1315A,120.3999,36.3083,青岛市,城阳区子站,,46,46,30,24,17,139,,113,113,10,13,7,7,0.8,0.7
2025-08-25T1500,1966A,120.0405,35.8735,青岛市,黄岛区4号,臭氧1小时,75,46,21,44,12,180,,130,130,9,11,6,5,0.9,0.6
2025-08-25T1500,3362A,120.5014,36.4034,青岛市,即墨2号,细颗粒物(PM2.5),53,40,31,37,24,138,,109,109,8,11,4,4,0.5,0.4
2025-08-25T1500,3642A,120.3503,36.0736,青岛市,市北区南部,,,44,24,24,17,163,,122,122,,19,7,6,0.8,0.8
2025-08-25T1500,3643A,120.3948,36.1805,青岛市,李沧区北部,,42,,21,29,21,132,,110,110,10,11,5,5,0.6,0.4
2025-08-25T1500,4290A,120.1969,35.9546,青岛市,珠江路669号,臭氧1小时,78,61,21,51,18,182,,131,131,11,12,5,6,0.9,0.6
2025-08-25T1500,1702A,113.0426,23.691,清远市,环保大楼,,28,14,18,13,11,88,,55,55,7,12,8,9,0.6,0.7
2025-08-25T1500,1703A,113.0208,23.7106,清远市,凤城街办,,25,18,15,11,7,79,,51,51,10,13,7,8,0.4,0.4
2025-08-25T1500,3025A,113.0477,23.6344,清远市,技师学院,,29,19,24,9,10,92,,56,56,7,18,9,12,0.4,0.4
2025-08-25T1500,3318A,112.9903,23.7403,清远市,清新太和,,25,18,14,11,6,79,,53,53,9,10,6,7,0.4,0.4
2025-08-25T1500,3455A,113.076,23.7198,清远市,清城东城,,25,18,17,15,6,77,,48,48,4,11,8,8,0.4,0.5
2025-08-25T1500,2661A,107.6325,35.7357,庆阳市,庆阳五中,,34,34,29,18,16,98,,85,85,9,12,8,7,0.5,0.5
2025-08-25T1500,2662A,107.6364,35.7067,庆阳市,市环保局,,33,29,25,14,13,104,,95,95,6,7,5,4,0.6,0.5
2025-08-25T1500,1916A,103.7897,25.5035,曲靖市,环境监测站,,20,6,20,3,7,64,,42,42,4,11,4,6,0.2,0.4
2025-08-25T1500,1917A,103.8,25.5364,曲靖市,烟厂办公区,,17,6,16,3,8,54,,34,34,2,9,3,4,0.3,0.5
2025-08-25T1500,3376A,103.7947,25.462,曲靖市,南苑二区,,21,6,12,3,7,65,,42,42,4,8,3,4,0.3,0.5
2025-08-25T1500,3377A,103.7444,25.5261,曲靖市,曲靖师范学院,,20,,16,3,9,63,,42,42,5,12,6,8,0.2,0.4
2025-08-25T1500,1264A,118.8692,28.9398,衢州市,环保大楼,,35,24,27,14,16,109,,98,98,1,9,2,3,0.4,0.5
2025-08-25T1500,1265A,118.8709,28.9666,衢州市,实验学校,,39,25,29,14,16,123,,98,98,7,15,6,4,0.4,0.4
2025-08-25T1500,1266A,118.8621,28.9808,衢州市,衢州学院,,43,19,26,13,16,136,,109,109,6,22,4,4,0.4,0.4
2025-08-25T1500,1611A,118.5819,24.9117,泉州市,涂山街,,30,19,27,9,17,94,,64,64,5,10,2,3,0.4,0.5
2025-08-25T1500,1612A,118.5972,24.8978,泉州市,津头埔,,30,28,27,10,15,95,,65,65,6,9,3,4,0.4,0.5
2025-08-25T1500,1613A,118.6663,24.9424,泉州市,万安,,34,31,28,9,15,106,,64,64,6,11,3,3,0.5,0.5
2025-08-25T1500,1614A,118.6117,24.9604,泉州市,清源山,,,,,,,,,,,,,,,,
2025-08-25T1500,3529A,118.6333,24.9264,泉州市,城华南路,,33,18,25,9,17,104,,66,66,9,11,4,4,0.4,0.5
2025-08-25T1500,2626A,88.8876,29.2718,日喀则市,日喀则监测站,,20,6,9,3,2,64,,48,48,3,11,9,9,0.2,0.3
2025-08-25T1500,3726A,88.8781,29.2426,日喀则市,林业技术推广中心,,20,6,8,3,1,62,,46,46,2,3,6,6,0.4,0.3
2025-08-25T1500,1659A,119.471,35.4209,日照市,监测站,,36,,15,15,15,113,,83,83,7,17,6,6,0.5,0.5
2025-08-25T1500,1660A,119.523,35.4216,日照市,市政府广场,细颗粒物(PM2.5),63,63,20,45,11,150,,95,95,16,12,9,5,1.1,0.8
2025-08-25T1500,1661A,119.5587,35.4044,日照市,港务局,细颗粒物(PM2.5),94,97,29,70,31,152,,103,103,28,21,12,7,1.1,0.8
2025-08-25T1500,3507A,119.5328,35.4625,日照市,职业技术学院,,36,29,18,17,13,115,,91,91,11,15,5,4,0.6,0.7
2025-08-25T1500,3604A,119.3266,35.1044,日照市,岚山环保分局,细颗粒物(PM2.5),54,56,42,38,26,150,,91,91,8,20,8,12,0.8,1.5
2025-08-25T1500,1835A,111.1922,34.7752,三门峡市,市政府,,36,35,36,25,21,99,,84,84,7,15,5,7,0.6,0.6
2025-08-25T1500,1836A,111.1587,34.7942,三门峡市,开发区,,50,50,47,32,25,96,,84,84,15,16,4,5,0.6,0.5
2025-08-25T1500,1838A,111.143,34.7955,三门峡市,风景区,,36,32,33,25,19,105,,91,91,6,12,4,5,0.6,0.6
2025-08-25T1500,3039A,111.1911,34.7829,三门峡市,三门峡市第一小学,颗粒物(PM10),51,52,43,32,26,100,,83,83,6,13,3,4,0.6,0.6
2025-08-25T1500,3598A,111.1,34.7167,三门峡市,富达温泉假日酒店,细颗粒物(PM2.5),54,,36,38,35,100,,80,80,7,15,3,4,0.7,0.6
2025-08-25T1500,2324A,117.6211,26.2625,三明市,三钢,,19,11,20,3,13,59,,53,53,4,9,2,3,0.4,0.8
2025-08-25T1500,2325A,117.635,26.2714,三明市,三明二中,,26,26,23,11,8,59,,52,52,2,7,2,2,0.4,0.6
2025-08-25T1500,2326A,117.6028,26.2378,三明市,三元区政府,,22,16,23,15,10,65,,48,48,4,13,1,3,0.3,1
2025-08-25T1500,2327A,117.7275,26.3108,三明市,洋溪,,,,,,,,,,,,,,,,
2025-08-25T1500,1876A,109.5078,18.2489,三亚市,河东子站,,29,29,21,9,5,48,,44,44,2,2,2,3,0.8,0.7
2025-08-25T1500,1877A,109.4964,18.2681,三亚市,河西子站,,,,3,,2,,,45,,,1,,2,,0.5
2025-08-25T1500,3540A,109.7348,18.3443,三亚市,君悦子站,,,,118,34,19,60,,54,54,2,2,3,3,0.6,0.6
2025-08-25T1500,2624A,91.7608,29.2313,山南市,山南监测站,,20,6,4,3,2,64,,41,41,2,11,3,3,0.3,0.3
2025-08-25T1500,2625A,91.7706,29.2436,山南市,山南人民医院,,20,6,8,3,4,63,,41,40,1,11,3,4,0.1,0.2
2025-08-25T1500,1674A,116.6794,23.3667,汕头市,金平子站,,24,24,22,6,10,68,,75,75,7,13,2,4,0.4,0.5
2025-08-25T1500,1675A,116.7244,23.3633,汕头市,龙湖子站,,20,15,23,11,10,62,,67,67,5,11,7,8,0.4,0.5
2025-08-25T1500,1676A,116.7258,23.2775,汕头市,濠江子站,,25,25,24,8,12,48,,53,53,5,8,5,6,0.5,0.6
2025-08-25T1500,1677A,116.7519,23.4714,汕头市,澄海子站,,26,25,29,12,12,83,,63,63,4,12,4,6,0.5,0.6
2025-08-25T1500,1678A,116.6092,23.2539,汕头市,潮阳子站,,20,17,22,10,10,61,,61,61,13,10,10,6,1.3,0.6
2025-08-25T1500,3444A,116.454,23.2684,汕头市,潮南峡山,,34,25,22,15,11,108,,71,71,6,10,7,7,0.5,0.5
2025-08-25T1500,3624A,116.4069,23.2533,汕头市,潮南子站,,40,40,29,15,13,96,,66,66,3,7,4,5,0.5,0.6
2025-08-25T1500,1693A,115.3653,22.775,汕尾市,市环保局,,23,23,17,11,8,68,,45,45,6,7,4,3,0.4,0.4
2025-08-25T1500,1694A,115.3706,22.7898,汕尾市,市政府,,25,13,15,3,6,78,,48,48,5,8,4,4,0.6,0.6
2025-08-25T1500,1695A,115.3622,22.7925,汕尾市,新城中学,,25,13,18,3,6,80,,50,50,4,7,5,5,0.4,0.4
2025-08-25T1500,2645A,109.9154,33.8715,商洛市,监测站,,24,19,26,13,11,75,,47,47,9,18,22,12,0.7,0.8
2025-08-25T1500,3045A,109.9643,33.8471,商洛市,商州区中学,,36,36,28,11,11,72,,39,39,9,18,25,12,0.6,0.6
2025-08-25T1500,2408A,115.6702,34.4285,商丘市,环境监测站,,,18,37,,46,129,,80,80,5,8,1,1,0.7,0.5
2025-08-25T1500,2409A,115.6458,34.4045,商丘市,粮食局,,,28,34,17,26,127,,79,79,,7,4,4,0.8,0.7
2025-08-25T1500,2410A,115.6293,34.3948,商丘市,睢阳区环保局,,40,23,38,21,22,126,,78,78,6,7,2,1,0.5,0.4
2025-08-25T1500,3171A,115.6071,34.4465,商丘市,梁园区档案局,,39,25,32,17,23,122,,72,72,6,10,2,2,0.8,0.7
2025-08-25T1500,1141A,121.4,31.238,上海市,普陀,,32,18,28,6,12,100,,119,119,12,17,4,6,0.3,0.3
2025-08-25T1500,1142A,121.478,31.2036,上海市,十五厂,,25,24,29,11,15,78,,107,107,13,15,8,9,0.6,0.6
2025-08-25T1500,1143A,121.467,31.3008,上海市,虹口,,26,23,29,8,14,82,,103,103,11,15,5,6,0.6,0.7
2025-08-25T1500,1147A,121.425,31.2261,上海市,静安监测站,,30,24,28,12,16,95,,116,116,14,16,3,5,0.9,0.7
2025-08-25T1500,1148A,121.703,31.1907,上海市,浦东川沙,,24,17,28,7,13,75,,98,98,14,17,6,7,0.6,0.7
2025-08-25T1500,1149A,121.533,31.2284,上海市,浦东新区监测站,,25,22,27,12,18,77,,103,103,13,13,4,5,0.5,0.4
2025-08-25T1500,1150A,121.577,31.2071,上海市,浦东张江,,26,16,29,3,13,82,,107,107,13,15,5,5,0.7,0.7
2025-08-25T1500,3265A,121.4316,31.3322,上海市,宝山庙行,,29,21,29,20,16,85,,111,111,12,16,6,6,0.4,0.4
2025-08-25T1500,3266A,121.8791,31.4662,上海市,崇明上实东滩,,40,28,24,12,10,126,,104,104,14,18,5,6,0.5,0.4
2025-08-25T1500,3268A,121.3162,31.2838,上海市,嘉定南翔,,28,24,31,8,17,89,,115,115,16,22,3,5,0.3,0.3
2025-08-25T1500,3269A,121.3359,30.7456,上海市,金山新城,,48,36,24,24,15,151,,118,118,10,10,4,4,0.6,0.6
2025-08-25T1500,3270A,121.4996,31.0739,上海市,闵行浦江,,28,,26,12,12,87,,108,108,13,11,4,5,0.7,0.8
2025-08-25T1500,3271A,121.2886,31.1663,上海市,青浦徐泾,,32,23,24,22,14,88,,113,113,13,13,6,7,0.6,0.6
2025-08-25T1500,3272A,121.2186,31.0378,上海市,松江图书馆,,35,,25,24,17,95,,122,122,9,17,7,8,0.4,0.5
2025-08-25T1500,3273A,121.3902,31.2059,上海市,长宁仙霞,,34,34,31,13,14,76,,104,104,16,17,7,9,0.5,0.6
2025-08-25T1500,3274A,121.7965,31.0507,上海市,浦东惠南,,30,22,26,9,8,96,,96,96,8,16,10,10,0.2,0.3
2025-08-25T1500,3544A,121.4891,30.925,上海市,奉贤南桥新城,,28,23,26,16,14,89,,114,114,23,11,4,5,0.6,0.7
2025-08-25T1500,4183A,121.4174,31.16637,上海市,冠生园路458号,,23,22,26,10,15,71,,96,96,19,18,4,4,0.7,0.7
2025-08-25T1500,4205A,121.5419,31.2683,上海市,宁武路151号,,27,27,36,3,14,56,,92,92,28,22,3,3,0.3,0.4
2025-08-25T1500,2381A,118.005,28.4572,上饶市,百草园,,,,,,,,,,,,,,,,
2025-08-25T1500,2382A,117.9756,28.4436,上饶市,市监测站,,37,27,40,13,24,117,,94,94,5,13,4,12,0.5,0.5
2025-08-25T1500,2383A,117.9519,28.4628,上饶市,凤凰光学,,36,25,37,15,25,114,,92,92,3,12,4,17,0.3,0.3
2025-08-25T1500,3685A,117.897,28.4315,上饶市,双创科技城,,38,31,34,18,23,121,,100,100,4,16,5,19,0.5,0.5
2025-08-25T1500,4211A,118.1904,28.4448,上饶市,裕丰大道,,28,10,22,10,11,88,,72,72,5,9,17,20,0.4,0.4
2025-08-25T1500,1669A,113.5824,24.7733,韶关市,市八中,,39,39,22,18,10,59,,50,50,6,12,8,18,0.3,0.5
2025-08-25T1500,1671A,113.5917,24.7972,韶关市,园林处,,19,9,16,9,10,58,,45,45,3,11,9,13,0.2,0.4
2025-08-25T1500,1673A,113.5971,24.6863,韶关市,曲江监测站,,25,15,20,12,10,77,,58,58,9,17,9,12,0.4,0.5
2025-08-25T1500,2809A,113.6668,24.7756,韶关市,大学路288号,,21,21,10,6,5,55,,42,42,5,7,12,14,0.5,0.5
2025-08-25T1500,3622A,113.5556,24.8082,韶关市,碧湖山庄,,23,16,21,10,10,72,,52,52,5,10,10,11,0.6,0.6
2025-08-25T1500,2462A,111.5239,27.3033,邵阳市,市水土所,,,,,,,,,,,,,,,,
2025-08-25T1500,2464A,111.5283,27.2442,邵阳市,市化工厂,,23,17,32,3,17,72,,68,68,7,15,11,12,0.6,0.7
2025-08-25T1500,2466A,111.4328,27.2272,邵阳市,市环保局,,43,43,32,12,22,90,,65,65,6,11,11,10,1.3,1.3
2025-08-25T1500,4218A,111.4460,27.2472,邵阳市,北塔二期4-26地块,,28,28,31,12,20,74,,56,56,7,12,6,6,0.4,0.5
2025-08-25T1500,4219A,111.4739,27.2282,邵阳市,邵水西路287号,,25,25,35,9,18,80,,68,68,8,14,8,9,0.3,0.5
2025-08-25T1500,1247A,120.6053,29.9928,绍兴市,城东开发委,,39,20,19,17,11,123,,93,93,8,11,6,6,0.3,0.3
2025-08-25T1500,2921A,120.5483,30.0003,绍兴市,树下王站,,44,21,20,13,12,139,,101,101,5,10,5,5,0.2,0.2
2025-08-25T1500,3408A,120.5683,29.9361,绍兴市,绍兴中专,,37,33,19,13,10,117,,94,94,6,15,6,6,0.4,0.4
2025-08-25T1500,3409A,120.4906,30.0861,绍兴市,柯桥区政府,,43,28,27,11,14,137,,107,107,7,12,6,6,0.4,0.4
2025-08-25T1500,3410A,120.8752,30.0249,绍兴市,重华小学,,37,20,20,14,11,116,,88,88,6,10,9,8,0.5,0.4
2025-08-25T1500,3411A,120.8369,30.0137,绍兴市,上虞中学,,44,18,23,16,13,138,,93,93,7,16,5,7,0.4,0.4
2025-08-25T1500,3560A,120.4722,30.0415,绍兴市,柯桥妇保,,42,22,27,12,16,133,,104,104,6,15,4,4,0.5,0.5
2025-08-25T1500,3658A,120.6153,30.0764,绍兴市,袍江中学,,38,20,24,13,13,119,,99,99,5,12,7,6,0.4,0.5
2025-08-25T1500,1356A,114.1063,22.5545,深圳市,通心岭子站,,17,10,15,3,5,53,,34,34,2,3,4,4,0.5,0.5
2025-08-25T1500,1357A,114.117,22.5625,深圳市,洪湖,,17,11,15,6,5,53,,38,38,3,2,6,7,0.4,0.5
2025-08-25T1500,1358A,113.987,22.5417,深圳市,华侨城,,16,11,19,3,6,49,,33,33,3,4,6,6,0.5,0.5
2025-08-25T1500,1359A,113.9181,22.5171,深圳市,南海子站,,18,10,18,3,6,55,,38,38,7,7,5,5,0.5,0.6
2025-08-25T1500,1360A,114.2458,22.5689,深圳市,盐田,,20,20,22,6,5,44,,28,28,11,16,8,8,0.4,0.4
2025-08-25T1500,1361A,114.2283,22.7244,深圳市,龙岗,,20,20,17,6,5,59,,43,43,2,5,6,6,0.7,0.8
2025-08-25T1500,1363A,114.494,22.5422,深圳市,南澳,,18,9,9,3,3,55,,43,43,1,3,6,6,0.5,0.5
2025-08-25T1500,1364A,114.41,22.6342,深圳市,葵涌,,17,13,12,6,4,53,,39,39,3,5,7,8,0.6,0.6
2025-08-25T1500,1365A,114.297,22.5978,深圳市,梅沙,,18,18,23,3,5,56,,42,42,2,3,7,7,0.7,0.7
2025-08-25T1500,1366A,114.0678,22.738,深圳市,观澜,,23,23,23,11,6,50,,42,42,11,9,8,8,0.6,0.5
2025-08-25T1500,3305A,114.0731,22.559,深圳市,莲花,,14,12,17,3,7,43,,28,28,8,8,7,9,0.6,0.7
2025-08-25T1500,3306A,114.0261,22.6198,深圳市,民治,,16,11,15,3,5,50,,34,34,8,9,7,6,0.4,0.5
2025-08-25T1500,3307A,114.1871,22.6451,深圳市,横岗,,15,13,16,6,6,48,,38,38,8,2,6,6,0.6,0.6
2025-08-25T1500,3447A,114.3551,22.7151,深圳市,坪山,,17,17,18,9,7,54,,43,43,6,10,8,8,0.5,0.5
2025-08-25T1500,3623A,113.8953,22.5861,深圳市,西乡,,18,16,18,6,4,56,,40,40,11,10,6,6,0.4,0.4
2025-08-25T1500,1098A,123.6836,41.9339,沈阳市,森林路,,,,,,,,,,,,,,,,
2025-08-25T1500,1099A,123.505,41.7406,沈阳市,浑南东路,,12,11,17,6,9,29,,19,19,24,23,3,3,0.8,0.9
2025-08-25T1500,1100A,123.4231,41.6989,沈阳市,新秀街,,13,,15,6,9,32,,24,24,25,24,1,2,0.7,0.9
2025-08-25T1500,1102A,123.5903,41.8411,沈阳市,东陵路,,10,10,19,3,8,31,,20,20,12,12,4,5,0.4,0.5
2025-08-25T1500,1103A,123.4264,41.8467,沈阳市,陵东街,,13,13,17,7,8,29,,33,33,19,15,2,2,0.7,0.7
2025-08-25T1500,1104A,123.4114,41.7653,沈阳市,文化路,,14,14,18,8,9,31,,29,29,21,17,5,5,0.7,0.8
2025-08-25T1500,1105A,123.4678,41.7867,沈阳市,小河沿,,12,9,13,7,8,28,,28,28,24,13,5,5,0.6,0.7
2025-08-25T1500,1106A,123.4017,41.7972,沈阳市,太原街,,26,26,20,7,8,24,,29,29,29,19,2,2,0.8,0.8
2025-08-25T1500,1108A,123.3783,41.9228,沈阳市,京沈街,,15,10,16,6,10,47,,47,47,9,17,9,8,0.8,0.9
2025-08-25T1500,2897A,123.2444,41.7347,沈阳市,沈辽西路,,15,15,22,7,9,31,,38,38,23,23,6,6,0.7,0.8
2025-08-25T1500,2900A,123.5953,41.9086,沈阳市,裕农路,,11,9,15,3,6,35,,28,28,11,12,2,3,0.5,0.6
2025-08-25T1500,2428A,111.0419,32.395,十堰市,武当山,,25,25,16,12,8,74,,66,65,4,4,7,7,0.9,0.8
2025-08-25T1500,2429A,110.78,32.6494,十堰市,滨河新村,,36,36,34,19,14,87,,74,74,4,8,9,10,0.6,0.6
2025-08-25T1500,2430A,110.7258,32.6389,十堰市,刘家沟,,31,26,24,14,16,98,,87,87,5,9,6,8,0.6,0.6
2025-08-25T1500,2431A,110.8839,32.5714,十堰市,铁二处,,38,,24,26,17,96,,80,80,5,11,9,9,0.6,0.7
2025-08-25T1500,3545A,110.8054,32.8401,十堰市,郧阳区金沙路,,35,35,26,16,17,106,,83,83,2,4,6,7,0.6,0.7
2025-08-25T1500,2709A,86.0497,44.2967,石河子市,艾青诗歌馆,,31,13,27,3,21,99,,76,76,1,8,10,10,0.3,0.4
2025-08-25T1500,3442A,86.047,44.2331,石河子市,南区管委会,,32,21,28,10,14,102,,82,82,3,6,10,11,0.3,0.3
2025-08-25T1500,4051A,86.0791,44.3017,石河子市,世纪广场,,32,32,29,11,15,98,,75,75,1,8,5,6,0.6,0.7
2025-08-25T1500,1029A,114.4422,38.0444,石家庄市,职工医院,,44,21,24,6,13,140,,89,89,2,11,2,3,0.5,0.4
2025-08-25T1500,1030A,114.6063,38.0266,石家庄市,高新区,,47,25,35,15,23,149,,80,80,6,18,2,3,0.5,0.6
2025-08-25T1500,1031A,114.4898,38.1328,石家庄市,西北水源,,47,23,27,12,9,150,,77,77,6,15,5,3,0.5,0.4
2025-08-25T1500,1032A,114.4586,38.0058,石家庄市,西南高教,,43,14,21,7,13,137,,81,81,1,9,2,2,0.3,0.4
2025-08-25T1500,1033A,114.5331,38.0178,石家庄市,世纪公园,,49,30,31,17,16,155,,87,87,3,8,6,4,0.3,0.4
2025-08-25T1500,1034A,114.509,38.0457,石家庄市,人民会堂,,47,18,30,14,12,149,,82,82,2,12,3,2,0.3,0.4
2025-08-25T1500,1035A,114.3524,37.8911,石家庄市,封龙山,,34,22,22,3,13,107,,111,92,6,5,5,5,0.6,0.4
2025-08-25T1500,2862A,114.5481,38.0378,石家庄市,22中南校区,臭氧1小时,54,37,41,9,20,163,,87,87,1,10,4,3,0.4,0.4
2025-08-25T1500,3456A,114.289,38.0906,石家庄市,鹿泉一中,,46,34,35,11,13,147,,79,79,8,12,4,4,0.4,0.5
2025-08-25T1500,3573A,114.8506765,38.0322033,石家庄市,藁城区实验学校,,50,35,35,14,18,160,,112,112,6,18,5,4,0.3,0.4
2025-08-25T1500,4024A,114.6549,37.9020,石家庄市,栾城区星河路,,48,30,38,9,22,151,,111,111,4,13,4,3,0.3,0.3
2025-08-25T1500,4314A,114.0494,38.059,石家庄市,矿区区委大楼,,40,10,28,3,7,126,,68,68,2,10,6,6,0.3,0.5
2025-08-25T1500,1947A,106.3394,38.817,石嘴山市,沙湖旅游区,,,,,,,,,,,,,,,,
2025-08-25T1500,1948A,106.3668,39.0145,石嘴山市,大武口朝阳西街,,44,26,35,16,18,140,,112,112,6,20,12,21,0.6,0.8
2025-08-25T1500,1949A,106.7704,39.2282,石嘴山市,惠农南大街,,40,16,28,12,12,127,,103,103,9,18,7,12,0.4,0.5
2025-08-25T1500,1950A,106.7099,39.1325,石嘴山市,红果子镇惠新街,,43,26,26,7,13,135,,104,104,9,23,6,7,0.4,0.6
2025-08-25T1500,3520A,106.3495,38.9836,石嘴山市,妇女儿童医院,,44,31,32,14,13,138,,112,112,7,17,12,12,0.5,0.7
2025-08-25T1500,3521A,106.7492,39.2069,石嘴山市,石大公路,,41,29,31,18,15,130,,105,105,13,25,7,8,0.5,0.6
2025-08-25T1500,2248A,131.1511,46.6937,双鸭山市,双合村,,18,12,22,3,12,55,,33,33,6,14,9,10,0.4,0.7
2025-08-25T1500,2249A,131.1652,46.6191,双鸭山市,南小市,,19,7,17,3,9,58,,35,35,8,14,3,4,0.7,0.8
2025-08-25T1500,2250A,131.1524,46.6554,双鸭山市,环保局,,15,11,22,3,9,45,,28,28,8,14,6,7,0.4,0.7
2025-08-25T1500,2251A,131.12,46.5656,双鸭山市,苗圃,,10,6,10,3,9,31,,20,20,13,10,3,5,0.3,0.3
2025-08-25T1500,2166A,112.4397,39.3522,朔州市,平朔,,44,33,63,18,24,139,,94,94,8,21,10,14,0.4,0.5
2025-08-25T1500,2167A,112.4575,39.3617,朔州市,朔唯,,45,41,68,8,29,142,,87,87,5,30,4,8,1.2,0.8
2025-08-25T1500,2168A,112.4258,39.3197,朔州市,区政府,,44,31,54,11,17,138,,100,100,5,15,6,8,0.2,0.4
2025-08-25T1500,2169A,112.4072,39.3278,朔州市,市环保局,,42,33,47,16,23,134,,109,109,11,13,4,5,0.2,0.3
2025-08-25T1500,2170A,112.4272,39.3681,朔州市,市二中,,44,38,63,10,24,138,,79,79,9,24,9,10,0.3,0.5
2025-08-25T1500,3571A,112.2931,39.53,朔州市,一水厂,,,32,64,9,17,129,,113,113,,24,4,4,0.4,0.4
2025-08-25T1500,2225A,124.4002,43.1713,四平市,一商场,,30,27,17,14,5,93,,60,60,16,17,8,6,0.5,0.4
2025-08-25T1500,2226A,124.388,43.193,四平市,境园,,29,23,16,10,7,90,,56,56,15,14,7,5,0.4,0.3
2025-08-25T1500,3486A,124.4036,43.1411,四平市,植物园,,25,17,8,8,8,78,,54,54,16,14,9,8,0.4,0.3
2025-08-25T1500,3713A,124.3419,43.1666,四平市,世纪城,,33,24,13,16,8,105,,64,64,10,12,3,2,0.4,0.3
2025-08-25T1500,2233A,124.8006,45.1214,松原市,江南,,,6,24,3,6,82,,73,73,,15,6,6,0.2,0.6
2025-08-25T1500,2234A,124.7965,45.1722,松原市,江北,,25,,24,7,14,79,,65,65,5,17,8,6,0.3,0.3
2025-08-25T1500,1160A,120.561,31.2472,苏州市,上方山,,,,,,,,,,,,,,,,
2025-08-25T1500,1162A,120.591,31.3019,苏州市,彩香,,,32,31,19,18,90,,110,110,14,16,6,8,,0.3
2025-08-25T1500,1163A,120.596,31.3264,苏州市,轧钢厂,,35,34,31,24,17,87,,114,114,22,18,6,6,0.4,0.5
2025-08-25T1500,1164A,120.613,31.2703,苏州市,吴中区,,27,27,29,15,16,61,,103,103,30,24,5,6,0.3,0.3
2025-08-25T1500,1165A,120.543,31.2994,苏州市,苏州新区,,35,35,30,23,18,82,,114,114,30,18,6,7,0.3,0.4
2025-08-25T1500,1166A,120.669,31.3097,苏州市,苏州工业园区,,33,33,33,16,18,97,,121,121,16,18,6,7,0.5,0.5
2025-08-25T1500,1167A,120.641,31.3708,苏州市,相城区,,33,29,28,17,16,105,,124,124,16,19,5,5,0.4,0.5
2025-08-25T1500,3289A,120.743,31.3188,苏州市,方洲路,,29,20,26,17,16,91,,126,126,13,18,6,8,0.4,0.5
2025-08-25T1500,3290A,120.5031,31.2774,苏州市,木渎中学,,34,34,29,16,16,100,,132,132,19,14,5,6,0.5,0.4
2025-08-25T1500,3425A,120.624,31.1733,苏州市,越秀幼儿园,,40,40,37,10,17,72,,131,131,17,17,4,5,0.4,0.5
2025-08-25T1500,3431A,120.6505,31.416,苏州市,高铁新城,,31,31,36,14,16,97,,132,132,23,29,3,5,0.4,0.5
2025-08-25T1500,1220A,118.293,33.9528,宿迁市,宿迁学院,,27,12,14,6,11,84,,65,65,3,8,3,3,0.1,0.2
2025-08-25T1500,1221A,118.2442,33.9592,宿迁市,宿迁中学,,27,12,17,7,11,84,,63,63,5,6,4,3,0.4,0.4
2025-08-25T1500,2996A,118.283,33.965,宿迁市,市供电局,,28,11,14,3,11,87,,67,67,7,9,8,7,0.3,0.3
2025-08-25T1500,3191A,118.3225,33.9447,宿迁市,宿豫区政府,,27,12,15,3,10,86,,64,64,6,10,6,6,0.4,0.5
2025-08-25T1500,3187A,116.9509,33.666,宿州市,远航博物馆,,24,23,22,6,6,74,,59,59,4,11,2,2,0.5,0.4
2025-08-25T1500,3463A,116.9708,33.591,宿州市,社会福利中心,,22,7,12,3,6,70,,61,61,8,16,4,5,0.2,0.3
2025-08-25T1500,3634A,116.9884,33.6305,宿州市,宿州学院,,26,,10,3,5,82,,68,68,4,11,4,5,0.4,0.3
2025-08-25T1500,3701A,116.9648,33.6252,宿州市,皖北煤电集团,,25,17,18,13,12,79,,66,66,5,12,4,5,0.4,0.4
2025-08-25T1500,2266A,126.9785,46.6365,绥化市,人和东街,,24,6,30,3,21,76,,66,66,6,29,5,7,0.5,0.9
2025-08-25T1500,2267A,126.964,46.6528,绥化市,党政办公中心,,25,8,41,3,17,77,,64,64,1,27,6,7,0.3,0.5
2025-08-25T1500,2451A,113.3583,31.7275,随州市,市委党校,,25,20,36,15,23,80,,92,92,8,11,8,9,0.6,0.7
2025-08-25T1500,2452A,113.3833,31.6908,随州市,市林业局,,24,16,35,12,20,74,,80,80,9,9,5,6,0.5,0.6
2025-08-25T1500,2453A,113.3983,31.7308,随州市,市立交桥水厂,,34,34,41,17,25,70,,86,86,9,16,6,7,0.7,0.7
2025-08-25T1500,2527A,105.5453,30.5678,遂宁市,石溪浩,,30,23,28,10,12,96,,50,50,7,11,7,7,0.2,0.2
2025-08-25T1500,2528A,105.5582,30.5232,遂宁市,市监测站,,35,22,17,6,7,111,,64,64,5,9,6,7,0.4,0.5
2025-08-25T1500,2529A,105.5861,30.5366,遂宁市,行政中心,,43,20,16,3,3,136,,72,72,4,6,17,14,0.3,0.3
2025-08-25T1500,2530A,105.5918,30.4728,遂宁市,美宁食品公司,,34,12,14,3,8,108,,60,60,4,10,9,8,0.2,0.3
2025-08-25T1500,2706A,82.9994,46.7432,塔城地区,东门外小游园,,29,8,17,6,6,91,,67,67,2,3,2,2,0.1,0.1
2025-08-25T1500,1255A,121.273,28.6459,台州市,黄岩环保大楼,,25,11,14,7,6,79,,48,48,7,9,4,4,0.3,0.3
2025-08-25T1500,1256A,121.419,28.6542,台州市,台州环保大楼,,21,20,18,14,7,65,,56,56,5,6,6,6,0.3,0.3
2025-08-25T1500,1257A,121.377,28.5773,台州市,路桥田洋王,,23,16,16,13,7,71,,51,51,7,8,6,7,0.4,0.4
2025-08-25T1500,3564A,121.2568,28.6681,台州市,台州科技职业学院,,25,16,16,3,2,77,,50,50,7,9,5,5,0.4,0.4
2025-08-25T1500,1081A,112.522,37.8873,太原市,尖草坪,,41,12,42,3,25,129,,86,86,10,27,12,8,0.6,0.7
2025-08-25T1500,1083A,112.434,38.0108,太原市,上兰,,39,,42,17,21,123,,75,75,6,10,7,7,0.3,0.6
2025-08-25T1500,1084A,112.469,37.7124,太原市,晋源,,47,30,37,18,20,150,,92,92,13,21,11,9,0.7,0.7
2025-08-25T1500,1085A,112.5583,37.7394,太原市,小店,臭氧1小时,58,23,32,14,14,166,,93,93,13,29,10,10,0.6,0.6
2025-08-25T1500,1086A,112.5369,37.8692,太原市,桃园,,42,13,42,11,21,134,,82,82,9,24,13,10,0.8,0.8
2025-08-25T1500,1087A,112.57,37.8195,太原市,坞城,,46,19,19,10,17,145,,88,88,10,25,9,6,0.7,0.8
2025-08-25T1500,1088A,112.549,37.9854,太原市,南寨,,38,19,31,3,16,120,,71,71,5,19,8,8,0.4,0.6
2025-08-25T1500,3618A,112.4719,37.7831,太原市,金胜,,48,16,32,7,19,152,,96,96,10,15,12,7,0.8,0.6
2025-08-25T1500,4010A,112.5608,37.8807,太原市,育英中学,,43,12,32,6,22,135,,85,85,7,20,5,4,0.7,0.8
2025-08-25T1500,1656A,117.1437,36.1937,泰安市,监测站,,38,22,50,13,27,120,,75,75,13,23,1,2,0.4,0.5
2025-08-25T1500,1657A,117.0885,36.2017,泰安市,人口学校,,38,24,56,14,24,120,,75,75,8,17,7,7,0.4,0.4
2025-08-25T1500,1658A,117.1089,36.1758,泰安市,电力学校,,37,29,60,12,30,116,,76,76,2,14,7,7,0.2,0.3
2025-08-25T1500,3502A,117.1812,36.2275,泰安市,国网新校,,38,30,58,7,19,120,,66,66,7,20,6,6,0.5,0.5
2025-08-25T1500,3503A,117.0313,36.2018,泰安市,交通技校,,,12,56,,49,127,,87,87,10,23,3,3,0.4,0.5
2025-08-25T1500,3504A,117.0829,36.13,泰安市,山东第一医科大学,,42,19,49,7,27,132,,91,91,7,26,3,2,0.3,0.4
2025-08-25T1500,1206A,119.905,32.4878,泰州市,公园路,,35,27,14,17,12,112,,87,87,5,9,8,8,0.8,0.7
2025-08-25T1500,1207A,119.9189,32.4625,泰州市,莲花,,42,29,20,24,12,132,,101,101,9,9,11,8,0.5,0.5
2025-08-25T1500,1209A,119.888,32.4639,泰州市,留学生创业园,细颗粒物(PM2.5),60,,22,43,16,134,,112,112,7,10,8,7,0.7,0.6
2025-08-25T1500,2997A,119.8767,32.3289,泰州市,王营,臭氧1小时,68,43,22,24,13,174,,156,156,10,16,8,7,0.5,0.4
2025-08-25T1500,3295A,120.1259,32.5099,泰州市,姜堰区政府广场,,45,34,23,24,14,142,,104,104,11,11,9,8,0.6,0.5
2025-08-25T1500,3435A,119.9192,32.4322,泰州市,周山河街区,,44,24,19,20,13,139,,113,113,6,9,10,10,0.6,0.5
2025-08-25T1500,1038A,118.1725,39.6334,唐山市,物资局,,35,,18,19,20,112,,85,85,5,35,3,4,0.6,0.9
2025-08-25T1500,1040A,118.1705,39.6506,唐山市,十二中,,43,28,26,17,15,136,,96,96,1,7,1,2,0.5,0.8
2025-08-25T1500,1041A,118.1869,39.622,唐山市,小山,,45,15,17,8,18,141,,104,104,2,3,2,2,0.6,0.9
2025-08-25T1500,3457A,118.4359,39.2762,唐山市,冀东油田职工医院,,36,,16,9,17,113,,88,88,10,15,4,6,0.5,0.9
2025-08-25T1500,3575A,118.09279,39.58089,唐山市,正泰大街热力站,,41,14,22,3,13,131,,90,90,2,10,3,2,0.8,1
2025-08-25T1500,3576A,118.1562,39.8322,唐山市,丰润区政府,,37,29,27,18,19,117,,89,89,1,5,4,4,0.5,0.7
2025-08-25T1500,3577A,118.43673,39.73809,唐山市,金山小学,,43,9,23,6,14,136,,104,104,5,11,8,9,0.8,1.7
2025-08-25T1500,3578A,118.24498,39.66941,唐山市,政府服务中心,,41,6,19,3,11,129,,96,96,9,8,4,3,0.4,0.7
2025-08-25T1500,3692A,118.2059,39.6585,唐山市,消防缸窑路中队,,44,23,21,7,13,139,,102,102,1,7,3,3,0.5,0.8
2025-08-25T1500,3693A,118.1436,39.6202,唐山市,路南电大,,44,19,15,7,12,138,,98,98,4,7,1,2,0.5,0.8
2025-08-25T1500,4197A,118.1309,39.6360,唐山市,友谊北路34号,,44,30,26,14,15,140,,95,95,3,9,2,3,0.4,0.8
2025-08-25T1500,1015A,117.1444,39.1661,天津市,勤俭道,,48,10,26,7,19,151,,104,104,6,13,7,8,0.6,0.7
2025-08-25T1500,1018A,117.202,39.0927,天津市,前进道,,50,10,25,6,19,157,,112,112,9,11,7,7,0.4,0.6
2025-08-25T1500,1019A,117.1837,39.2133,天津市,淮河道,,49,9,26,6,17,156,,109,109,7,15,7,6,0.6,0.7
2025-08-25T1500,1021A,117.3083,39.0884,天津市,跃进路,,45,7,27,3,21,142,,107,107,7,13,6,6,0.3,0.6
2025-08-25T1500,1023A,117.707,39.0343,天津市,第四大街,,34,12,24,7,17,108,,76,76,6,13,6,6,0.6,0.9
2025-08-25T1500,1024A,117.457,38.8394,天津市,永明路,,48,9,27,3,20,151,,115,115,10,15,7,6,0.6,1
2025-08-25T1500,1026A,117.764,39.1587,天津市,汉北路,,40,14,26,10,17,125,,86,86,5,11,9,8,1.0,1.2
2025-08-25T1500,1027A,117.157,38.9194,天津市,团泊洼,,,,,,,,,,,,,,,,
2025-08-25T1500,2858A,117.7918,39.2474,天津市,河西一经路,,41,16,30,10,20,131,,97,97,6,14,8,7,0.7,1.1
2025-08-25T1500,2859A,117.3747,38.9846,天津市,津沽路,,44,8,26,3,19,138,,107,107,8,13,6,5,0.2,0.5
2025-08-25T1500,2860A,117.1589,39.0845,天津市,宾水西道,,48,7,25,6,20,151,,107,107,7,12,5,5,0.5,0.7
2025-08-25T1500,2922A,117.1941,39.1067,天津市,大理道,,48,8,27,6,18,153,,106,106,6,10,7,6,0.6,0.9
2025-08-25T1500,3020A,117.2101,39.1699,天津市,中山北路,,43,10,26,6,19,136,,95,95,2,10,7,6,0.4,0.6
2025-08-25T1500,3051A,117.3876,39.1488,天津市,西四道,,40,11,26,7,18,126,,94,94,6,11,6,5,0.7,1
2025-08-25T1500,3325A,117.0365,39.3828,天津市,雍阳西道,,41,9,24,3,15,130,,89,89,8,17,6,6,0.3,0.4
2025-08-25T1500,3326A,117.0296,39.0605,天津市,辛老路,,45,10,29,7,20,142,,100,100,8,15,3,2,0.5,0.7
2025-08-25T1500,3327A,116.9638,38.9375,天津市,地纬路,,46,10,27,3,18,147,,105,105,8,15,7,6,0.3,0.6
2025-08-25T1500,3460A,117.4067,40.0583,天津市,北环路,,37,18,23,11,12,116,,78,78,5,8,9,6,0.6,0.7
2025-08-25T1500,3461A,117.3045,39.7169,天津市,建设路,,40,13,25,3,16,125,,88,88,9,15,8,8,0.4,0.6
2025-08-25T1500,3462A,117.8199,39.3521,天津市,滨水东路,,40,11,23,8,15,126,,88,88,8,9,8,7,0.4,0.6
2025-08-25T1500,4196A,117.2437,39.1029,天津市,光华路,,45,8,31,3,27,143,,104,104,9,11,8,7,0.6,0.9
2025-08-25T1500,2649A,106.0055,34.343,天水市,麦积山,,,,,,,,,,,,,,,,
2025-08-25T1500,2650A,105.7205,34.5786,天水市,公园小学,,26,20,26,11,21,81,,100,90,13,11,9,8,0.4,0.4
2025-08-25T1500,2651A,105.8945,34.5538,天水市,麦积国土局,,31,18,21,14,17,97,,108,97,12,13,5,4,0.6,0.6
2025-08-25T1500,2216A,123.8139,42.3022,铁岭市,汇工街西,,19,9,10,3,6,58,,52,52,5,8,6,9,0.3,0.4
2025-08-25T1500,2217A,123.8649,42.2923,铁岭市,水上乐园,,11,8,13,3,1,35,,30,30,18,21,6,6,0.4,0.5
2025-08-25T1500,2218A,123.8486,42.2867,铁岭市,银州路东段,,16,8,10,3,4,50,,44,44,14,15,2,2,0.4,0.5
2025-08-25T1500,2219A,123.7153,42.2217,铁岭市,金沙江路北,,21,21,15,3,5,53,,46,46,8,10,10,6,0.5,0.5
2025-08-25T1500,2229A,125.9358,41.7173,通化市,光明,,,,12,,7,9,,12,12,15,16,9,9,0.4,0.6
2025-08-25T1500,2230A,125.9446,41.7325,通化市,铁路,,11,10,10,3,4,33,,25,25,12,17,11,11,0.3,0.5
2025-08-25T1500,2191A,122.2532,43.6801,通辽市,艺术职业学校,,31,25,34,3,9,97,,88,88,8,17,10,11,0.3,0.3
2025-08-25T1500,3706A,122.2584,43.6333,通辽市,老干部活动中心,,28,14,19,11,18,89,,83,83,8,12,6,6,0.2,0.3
2025-08-25T1500,3708A,122.2922,43.6189,通辽市,东方明珠社区,,,,26,,22,,,90,,,20,,7,,0.4
2025-08-25T1500,1922A,109.0656,35.0994,铜川市,党校,,,,,,,,,,,,,,,,
2025-08-25T1500,1923A,109.0697,35.0697,铜川市,王益区政府,,31,21,26,14,13,98,,78,78,6,13,3,3,0.5,0.5
2025-08-25T1500,1924A,108.9344,34.9058,铜川市,新区管委会,,38,36,35,20,18,119,,81,81,14,17,3,4,0.9,0.8
2025-08-25T1500,4234A,108.9497,34.8705,铜川市,大唐三路,,40,37,34,19,18,127,,84,84,10,16,3,3,0.9,0.7
2025-08-25T1500,2285A,117.8177,30.9412,铜陵市,市第四中学,,49,36,44,29,20,156,,119,119,6,23,8,14,0.4,0.7
2025-08-25T1500,2286A,117.8059,30.9273,铜陵市,市公路局,,47,27,48,3,24,150,,121,121,4,22,10,18,0.3,0.7
2025-08-25T1500,2287A,117.7807,30.9413,铜陵市,市新民污水厂,,48,32,48,32,28,152,,113,113,7,28,11,11,0.6,0.7
2025-08-25T1500,2288A,117.7439,30.8792,铜陵市,市第九中学,,42,37,49,20,23,133,,113,113,12,33,9,9,0.5,0.7
2025-08-25T1500,2289A,117.846,30.9413,铜陵市,车站新区,臭氧1小时,62,38,39,31,20,169,,123,123,7,25,10,12,0.5,0.7
2025-08-25T1500,2290A,117.8483,30.97,铜陵市,市职教基地,臭氧1小时,60,42,36,18,21,168,,121,121,8,19,9,12,0.6,0.7
2025-08-25T1500,2585A,109.1839,27.7344,铜仁市,铜仁卫校,,22,13,20,3,7,70,,44,44,5,12,5,4,0.2,0.3
2025-08-25T1500,2586A,109.1753,27.6944,铜仁市,铜仁七中,,,11,10,3,6,76,,48,48,4,7,7,12,,
2025-08-25T1500,2686A,89.1904,42.9418,吐鲁番市,市环保局,颗粒物(PM10),72,94,77,49,23,92,,74,74,6,6,9,7,0.6,0.5
2025-08-25T1500,2687A,89.1673,42.9559,吐鲁番市,地区环保局,颗粒物(PM10),83,115,78,34,24,85,,73,66,11,12,15,9,0.5,0.3
2025-08-25T1500,1662A,122.1214,37.4236,威海市,华夏技校,,39,,11,24,7,122,,95,95,10,9,4,3,0.5,0.3
2025-08-25T1500,1663A,122.0508,37.5236,威海市,山大分校,,43,17,13,12,7,135,,122,122,8,10,7,7,0.6,0.4
2025-08-25T1500,1664A,122.1067,37.5072,威海市,市监测站,,41,24,18,24,12,130,,115,115,12,13,3,2,0.7,0.6
2025-08-25T1500,1982A,122.0693,37.2174,威海市,文登开发区,,37,22,14,14,7,118,,97,97,5,5,2,2,0.6,0.5
2025-08-25T1500,3505A,122.1379,37.3414,威海市,临港区管委会,,32,7,13,3,6,102,,106,103,11,9,4,5,0.5,0.5
2025-08-25T1500,1650A,119.1437,36.7023,潍坊市,环保局,,41,27,43,16,28,130,,84,84,17,20,4,4,0.9,0.7
2025-08-25T1500,2877A,119.1641,36.6523,潍坊市,坊子邮政,,46,44,47,32,37,130,,80,80,12,16,4,3,1.0,0.8
2025-08-25T1500,3178A,119.0587,36.721,潍坊市,潍坊七中,,38,24,46,17,28,121,,83,83,11,17,4,4,1.0,0.8
2025-08-25T1500,3368A,119.1977,36.6872,潍坊市,高新实验学校,,42,41,50,17,25,134,,84,84,11,14,6,5,0.9,0.6
2025-08-25T1500,3416A,119.1755,36.7149,潍坊市,潍坊学院,,43,24,42,16,28,135,,89,89,14,19,2,2,1.1,0.8
2025-08-25T1500,3861A,119.2041,36.7699,潍坊市,寒亭区实验一小,,40,34,34,27,27,126,,82,82,12,20,3,3,1.4,1
2025-08-25T1500,1938A,109.5293,34.5101,渭南市,农科所,,,,,,,,,,,,,,,,
2025-08-25T1500,1940A,109.4636,34.493,渭南市,体育馆,,43,39,32,22,19,136,,96,96,8,13,7,6,1.0,0.7
2025-08-25T1500,1941A,109.4259,34.5023,渭南市,高新一小,,45,39,34,31,18,136,,98,98,8,11,6,6,1.0,0.8
2025-08-25T1500,4235A,109.5051,34.4921,渭南市,渭花路4号,,43,41,31,26,22,135,,92,92,8,16,7,6,0.9,0.7
2025-08-25T1500,1242A,120.634,28.0089,温州市,瓯海,,30,22,19,15,10,94,,59,59,10,14,4,4,0.3,0.3
2025-08-25T1500,1243A,120.6748,27.9939,温州市,南浦,,,40,20,22,8,89,,62,62,,8,4,4,0.3,0.1
2025-08-25T1500,1244A,120.76,27.9747,温州市,龙湾,,23,23,21,14,8,65,,55,55,11,14,4,4,0.4,0.5
2025-08-25T1500,1245A,120.6709,28.0167,温州市,市站,,28,27,20,8,9,89,,61,61,9,11,2,2,0.3,0.4
2025-08-25T1500,3561A,120.6985,27.9251,温州市,茶山,,20,19,16,9,7,64,,54,54,5,8,6,6,0.3,0.4
2025-08-25T1500,2610A,104.2533,23.3594,文山壮族苗族自治州,州水务局,,,6,17,6,11,46,,36,36,6,10,,7,,0.3
2025-08-25T1500,2611A,104.2319,23.3892,文山壮族苗族自治州,市便民服务中心,,15,11,21,3,12,47,,36,36,4,10,6,8,0.2,0.3
2025-08-25T1500,2187A,106.8174,39.6973,乌海市,市林业局,,47,21,40,11,18,149,,116,116,4,17,10,19,0.8,1
2025-08-25T1500,2188A,106.7907,39.6667,乌海市,中海勃湾学校,,49,25,35,18,18,155,,116,116,5,20,10,18,0.6,0.9
2025-08-25T1500,3284A,106.813,39.7274,乌海市,海北新区,,48,47,54,17,17,151,,130,130,7,21,9,19,0.4,0.5
2025-08-25T1500,3621A,106.8288,39.6778,乌海市,聚英学校,,47,36,52,3,15,150,,126,126,4,21,11,26,0.4,0.6
2025-08-25T1500,2197A,113.1306,40.9923,乌兰察布市,集宁新区,,36,17,24,10,17,113,,95,95,3,19,8,7,0.3,0.4
2025-08-25T1500,3034A,113.1076,41.0385,乌兰察布市,光明街小学,,35,15,27,13,21,111,,94,94,6,20,8,9,0.2,0.4
2025-08-25T1500,3285A,113.1376,40.9509,乌兰察布市,北京八中,,40,19,38,3,9,126,,101,101,4,24,18,21,0.4,0.6
2025-08-25T1500,3421A,113.1775,40.9779,乌兰察布市,市委党校,,41,,23,15,15,131,,104,104,4,30,7,10,0.1,0.2
2025-08-25T1500,1490A,87.5801,43.8303,乌鲁木齐市,监测站,,34,34,37,11,14,101,,72,72,6,14,7,5,0.3,0.3
2025-08-25T1500,1491A,87.6046,43.768,乌鲁木齐市,收费所,,31,31,38,8,13,91,,55,55,6,13,5,4,0.3,0.3
2025-08-25T1500,1492A,87.4754,43.9469,乌鲁木齐市,新疆农科院农场,,,,,,,,,,,,,,,,
2025-08-25T1500,1493A,87.5525,43.8711,乌鲁木齐市,铁路局,,30,27,37,11,11,93,,66,66,5,11,7,4,0.2,0.2
2025-08-25T1500,1494A,87.6432,43.831,乌鲁木齐市,三十一中学,,,37,41,,17,94,,69,69,7,14,3,3,0.5,0.5
2025-08-25T1500,1496A,87.7216,44.1747,乌鲁木齐市,米东区环保局,,34,32,49,7,14,107,,66,66,4,5,11,7,0.4,0.3
2025-08-25T1500,3033A,87.4651,43.4569,乌鲁木齐市,培训基地,,30,9,25,3,6,95,,92,89,4,4,5,5,0.3,0.3
2025-08-25T1500,3437A,88.3118,43.3658,乌鲁木齐市,达坂城区环保局,,28,18,36,9,10,88,,79,79,6,5,8,8,0.3,0.2
2025-08-25T1500,3438A,87.6162,43.8801,乌鲁木齐市,红光山片区,,36,36,42,11,11,87,,67,67,9,16,5,6,0.2,0.2
2025-08-25T1500,3439A,87.7024,43.8004,乌鲁木齐市,新师大温泉校区,,33,28,45,9,12,105,,72,72,5,16,4,4,0.1,0.2
2025-08-25T1500,3440A,87.4921,43.8411,乌鲁木齐市,大绿谷,,30,28,33,10,11,96,,60,60,10,16,5,4,0.5,0.4
2025-08-25T1500,1188A,120.269,31.4867,无锡市,雪浪,,32,29,38,9,18,100,,146,146,14,17,5,7,0.5,0.6
2025-08-25T1500,1189A,120.275,31.6219,无锡市,黄巷,,27,27,47,9,19,44,,128,128,31,29,4,7,0.5,0.7
2025-08-25T1500,1190A,120.294,31.56,无锡市,曹张,,23,20,37,3,21,72,,129,129,22,24,5,8,0.6,0.8
2025-08-25T1500,1191A,120.242,31.5031,无锡市,漆塘,,38,38,42,9,19,92,,147,147,8,11,5,7,0.7,0.9
2025-08-25T1500,1192A,120.3489,31.5863,无锡市,东亭,,25,,32,3,18,80,,130,130,17,24,7,9,0.5,0.6
2025-08-25T1500,1193A,120.354,31.5475,无锡市,旺庄,,25,,32,12,20,80,,120,120,12,17,6,9,0.7,0.8
2025-08-25T1500,1194A,120.245,31.5631,无锡市,荣巷,,25,22,38,3,19,77,,147,147,13,17,6,8,0.3,0.5
2025-08-25T1500,1195A,120.299,31.6817,无锡市,堰桥,,,5,40,,19,68,,139,139,14,30,5,7,0.8,1.1
2025-08-25T1500,3428A,120.3142,31.4753,无锡市,华庄,,,28,36,16,24,90,,149,149,16,18,3,3,,0.6
2025-08-25T1500,2677A,106.1532,37.9648,吴忠市,教育园区,,41,16,27,10,15,129,,97,97,7,20,3,3,0.3,0.3
2025-08-25T1500,2679A,106.1856,37.9956,吴忠市,新区二泵站,,,,,,,,,,,,,,,,
2025-08-25T1500,3648A,106.2112,37.9768,吴忠市,文卫南街,,40,17,28,6,12,127,,102,102,4,12,4,5,0.3,0.4
2025-08-25T1500,1794A,118.3606,31.3519,芜湖市,监测站,臭氧1小时,59,20,26,20,18,167,,132,132,6,13,6,7,0.8,0.8
2025-08-25T1500,1795A,118.3714,31.4134,芜湖市,科创中心,臭氧1小时,101,34,40,26,18,201,,142,142,10,19,13,10,0.8,0.5
2025-08-25T1500,1796A,118.3673,31.3131,芜湖市,四水厂,臭氧1小时,88,36,36,20,17,190,,155,155,11,21,8,10,0.6,0.7
2025-08-25T1500,3328A,118.4209,31.3707,芜湖市,市气象局,臭氧1小时,72,38,35,22,16,177,,136,136,6,13,10,9,0.6,0.6
2025-08-25T1500,3465A,118.4781,31.3225,芜湖市,清苑社区,臭氧1小时,58,33,39,18,15,166,,138,138,9,20,11,11,0.4,0.6
2025-08-25T1500,3466A,118.2746,31.2326,芜湖市,扬子职业技术学院,,,36,49,15,11,180,,153,153,,15,9,9,0.5,0.6
2025-08-25T1500,2495A,111.3014,23.4832,梧州市,市逸夫小学,,21,21,33,10,15,67,,50,50,3,12,2,3,0.9,1
2025-08-25T1500,2496A,111.3239,23.4794,梧州市,市十一中,,40,,28,28,23,60,,41,41,3,13,6,7,0.5,0.6
2025-08-25T1500,2498A,111.2711,23.4835,梧州市,龙新,,24,24,24,11,10,64,,48,48,1,3,3,4,0.2,0.3
2025-08-25T1500,4258A,111.2419,23.4154,梧州市,政贤路18号,,22,20,26,8,10,68,,48,48,6,12,3,4,0.1,0.1
2025-08-25T1500,2711A,87.5475,44.1756,五家渠市,农水大厦,,31,26,43,6,12,99,,62,62,2,3,7,5,0.2,0.2
2025-08-25T1500,3441A,87.546,44.1912,五家渠市,经开区管委会,,33,32,48,3,14,103,,64,64,4,8,6,4,0.4,0.4
2025-08-25T1500,1325A,114.3677,30.5584,武汉市,东湖梨园,,29,9,20,3,6,91,,85,85,4,11,4,4,0.3,0.3
2025-08-25T1500,1326A,114.2529,30.558,武汉市,汉阳月湖,,36,19,23,7,9,113,,108,108,9,17,4,4,0.4,0.4
2025-08-25T1500,1327A,114.282,30.6189,武汉市,汉口花桥,,,19,22,,10,94,,80,80,6,16,,3,0.3,0.3
2025-08-25T1500,1328A,114.3025,30.5332,武汉市,武昌紫阳,,36,26,29,19,12,113,,97,97,7,18,6,6,0.6,0.7
2025-08-25T1500,1329A,114.3646,30.6217,武汉市,青山钢花,,40,25,28,22,14,125,,101,101,11,19,4,4,0.6,0.6
2025-08-25T1500,1330A,114.1566,30.4825,武汉市,沌口新区,,,,24,20,13,100,,92,92,,8,7,7,0.3,0.4
2025-08-25T1500,1331A,114.3014,30.5944,武汉市,汉口江滩,,31,29,32,14,18,99,,82,82,32,37,6,6,0.9,1.1
2025-08-25T1500,1333A,114.135,30.6319,武汉市,吴家山,,32,16,24,10,8,102,,94,94,5,13,6,6,0.5,0.5
2025-08-25T1500,1334A,113.8454,30.2917,武汉市,沉湖七壕,,36,,17,20,14,113,,95,95,10,24,7,6,0.4,0.4
2025-08-25T1500,3153A,114.3877,30.4908,武汉市,民族大道182号,,39,24,24,14,10,124,,111,111,6,11,6,5,0.5,0.5
2025-08-25T1500,2652A,102.6201,37.9251,武威市,监测站,,43,28,47,14,18,137,,103,103,12,20,9,8,0.3,0.3
2025-08-25T1500,4270A,102.6447,37.9293,武威市,钟楼街149号,,43,29,45,15,19,136,,104,104,10,15,10,9,0.3,0.3
2025-08-25T1500,1463A,108.993,34.2629,西安市,兴庆小区,,43,43,33,25,18,111,,61,61,11,15,2,2,0.9,0.7
2025-08-25T1500,1464A,109.06,34.2572,西安市,纺织城,,46,35,37,32,24,114,,56,56,14,23,1,1,0.9,0.8
2025-08-25T1500,1465A,108.9356,34.2173,西安市,小寨,颗粒物(PM10),53,56,38,28,17,118,,74,74,16,16,2,2,0.8,0.7
2025-08-25T1500,1466A,108.954,34.2713,西安市,市人民体育场,颗粒物(PM10),51,51,44,34,23,126,,76,76,17,20,3,2,0.7,0.6
2025-08-25T1500,1467A,108.8922,34.2322,西安市,高新西区,颗粒物(PM10),54,57,36,37,21,129,,81,81,18,16,3,3,0.7,0.6
2025-08-25T1500,1468A,108.935,34.3474,西安市,经开区,颗粒物(PM10),54,57,38,25,19,119,,90,90,20,22,1,2,0.7,0.6
2025-08-25T1500,1469A,108.906,34.1546,西安市,长安区,,43,39,31,30,16,90,,56,56,30,20,3,2,0.8,0.7
2025-08-25T1500,1471A,109.2186,34.3731,西安市,临潼区,颗粒物(PM10),51,51,34,22,16,125,,76,,11,13,3,2,0.8,0.6
2025-08-25T1500,1472A,108.869,34.378,西安市,草滩,颗粒物(PM10),52,54,32,27,18,118,,90,90,14,17,2,2,0.5,0.4
2025-08-25T1500,1473A,108.985,34.1978,西安市,曲江文化产业集团,细颗粒物(PM2.5),57,53,36,40,27,118,,72,72,16,18,3,2,0.9,0.8
2025-08-25T1500,1474A,109.051,34.3213,西安市,广运潭,,40,40,39,26,19,128,,80,80,9,17,2,2,0.8,0.6
2025-08-25T1500,3605A,109.09,34.5236,西安市,无线电监控中心,颗粒物(PM10),53,56,39,25,19,121,,85,85,6,14,5,4,1.0,0.6
2025-08-25T1500,4055A,108.8869,34.2662,西安市,行知小学,颗粒物(PM10),52,53,39,30,21,128,,80,80,18,18,3,3,0.9,0.7
2025-08-25T1500,4233A,108.5962,34.1188,西安市,西苑北路977号,,40,32,31,28,22,114,,77,77,12,16,2,2,0.6,0.6
2025-08-25T1500,1483A,101.524,36.6867,西宁市,第五水厂,,,,,,,,,,,,,,,,
2025-08-25T1500,3055A,101.7775,36.6428,西宁市,城北区政府,,38,29,38,16,24,119,,74,74,5,15,6,12,0.6,0.8
2025-08-25T1500,3629A,101.8305,36.5786,西宁市,世纪职校,,43,6,28,3,15,136,,82,82,5,13,1,5,0.5,0.7
2025-08-25T1500,3630A,101.7413,36.6397,西宁市,师大城西校区,,41,41,49,20,25,118,,75,75,8,15,11,18,0.4,0.7
2025-08-25T1500,2612A,100.8018,21.9995,西双版纳傣族自治州,景洪市江南,,12,8,24,3,11,37,,24,24,4,10,4,4,0.4,0.6
2025-08-25T1500,2613A,100.8017,22.0225,西双版纳傣族自治州,景洪市江北,,13,13,22,3,12,37,,22,22,2,4,6,6,0.4,0.5
2025-08-25T1500,3606A,108.7108,34.46,西咸新区,北杜,,47,47,32,23,17,123,,87,87,8,16,7,6,0.8,0.6
2025-08-25T1500,3607A,108.7096,34.2956,西咸新区,同德佳苑,,46,46,33,28,16,128,,90,90,16,15,5,6,0.6,0.5
2025-08-25T1500,3608A,108.8558,34.4978,西咸新区,崇文塔,,41,32,33,24,22,130,,94,94,6,13,8,8,0.8,0.6
2025-08-25T1500,2202A,116.1042,43.9317,锡林郭勒盟,市环保监测站,,26,15,25,6,6,83,,49,49,3,15,3,5,0.3,0.3
2025-08-25T1500,2203A,116.0781,43.9311,锡林郭勒盟,市政府,,29,13,20,8,8,90,,62,62,4,16,3,4,0.3,0.2
2025-08-25T1500,1286A,118.1608,24.8169,厦门市,溪东,,,,,,,,,,,,,,,,
2025-08-25T1500,1287A,118.1514,24.4767,厦门市,洪文,,38,24,22,13,11,119,,86,86,8,18,3,4,0.3,0.3
2025-08-25T1500,1288A,118.0661,24.4444,厦门市,鼓浪屿,,44,29,27,16,14,139,,83,83,3,15,4,4,0.4,0.3
2025-08-25T1500,2842A,118.0936,24.5058,厦门市,湖里中学,,43,33,25,16,13,136,,75,75,7,20,4,3,0.4,0.4
2025-08-25T1500,3527A,118.0958,24.5688,厦门市,集美中学,,,,,,,,,,,,,,,,
2025-08-25T1500,3528A,118.1493,24.7245,厦门市,同安二实小,,28,13,16,10,12,89,,65,65,5,14,2,3,0.3,0.3
2025-08-25T1500,2447A,114.3175,29.8142,咸宁市,森林公园,,22,14,14,9,8,69,,80,80,4,3,7,6,0.5,0.5
2025-08-25T1500,3655A,114.3375,29.8683,咸宁市,长江产业园,,26,26,20,12,12,65,,75,75,6,10,4,4,0.4,0.5
2025-08-25T1500,4217A,114.3182,29.8447,咸宁市,双鹤路18号,,22,21,19,9,10,68,,78,78,6,9,7,7,0.3,0.4
2025-08-25T1500,4298A,114.284,29.8595,咸宁市,碧桂路,,25,18,21,3,7,78,,90,90,6,9,1,2,0.4,0.5
2025-08-25T1500,1918A,108.7197,34.3956,咸阳市,气象站,,,,,,,,,,,,,,,,
2025-08-25T1500,1919A,108.673,34.3155,咸阳市,实验中学,颗粒物(PM10),54,58,39,25,18,122,,95,95,15,13,5,6,0.6,0.5
2025-08-25T1500,1920A,108.7233,34.3617,咸阳市,师范学院,,46,46,36,21,16,123,,95,95,12,15,5,5,0.7,0.6
2025-08-25T1500,3165A,108.6594,34.2969,咸阳市,两寺渡,颗粒物(PM10),68,86,46,22,16,113,,87,87,18,15,5,5,0.4,0.4
2025-08-25T1500,3525A,108.6396,34.4078,咸阳市,奥体中心,颗粒物(PM10),54,58,39,26,19,129,,100,100,12,15,4,4,0.6,0.5
2025-08-25T1500,1508A,112.9433,27.8614,湘潭市,板塘,,33,17,24,7,9,105,,93,93,6,11,5,8,0.4,0.5
2025-08-25T1500,1511A,112.9118,27.8403,湘潭市,市监测站,,25,,14,15,15,80,,69,69,4,11,7,16,0.9,1
2025-08-25T1500,1512A,112.8937,27.8728,湘潭市,江麓,,31,20,21,9,10,98,,85,85,6,13,11,12,0.7,0.8
2025-08-25T1500,1513A,112.9227,27.8159,湘潭市,岳塘,,32,22,22,16,11,101,,80,80,3,10,3,3,0.6,0.6
2025-08-25T1500,1514A,112.9074,27.9119,湘潭市,科大,,26,25,23,12,11,82,,70,70,6,6,6,5,0.8,0.6
2025-08-25T1500,1562A,113.0048,27.9153,湘潭市,昭山,,30,22,22,12,11,94,,77,77,5,14,5,5,0.4,0.4
2025-08-25T1500,1564A,112.4876,27.9164,湘潭市,韶山,,25,16,21,7,9,79,,68,68,3,6,5,6,0.3,0.4
2025-08-25T1500,2492A,109.6414,28.2558,湘西土家族苗族自治州,跃进水库,,27,9,18,6,4,86,,52,52,2,3,8,7,0.7,0.7
2025-08-25T1500,2493A,109.7325,28.3169,湘西土家族苗族自治州,州政府,,20,17,22,11,9,64,,42,42,2,3,7,6,0,0
2025-08-25T1500,2494A,109.6958,28.2675,湘西土家族苗族自治州,吉首市计生局,,23,14,18,9,7,71,,45,45,5,8,4,5,0.4,0.4
2025-08-25T1500,2432A,112.155,32.0197,襄阳市,襄城运动路,,36,31,44,23,21,115,,88,88,7,13,5,5,0.7,0.8
2025-08-25T1500,2434A,112.1825,32.1142,襄阳市,高新管委会,,38,33,34,22,23,119,,90,90,4,11,8,8,0.7,0.7
2025-08-25T1500,2435A,112.2106,32.0903,襄阳市,襄州航空路,,39,37,38,20,27,123,,95,95,6,7,7,7,0.7,0.7
2025-08-25T1500,3396A,112.0828,32.0067,襄阳市,襄城隆中路,,35,,15,21,29,111,,,,6,9,7,6,0.5,0.5
2025-08-25T1500,3397A,112.1214,32.1008,襄阳市,高新台子湾,,36,31,34,17,20,115,,83,83,2,9,5,6,0.7,0.7
2025-08-25T1500,4251A,112.1433,32.0581,襄阳市,铁院东路4号,,47,47,36,19,23,115,,84,84,7,12,6,6,0.6,0.7
2025-08-25T1500,2443A,113.9153,30.9285,孝感市,文化路,,31,27,30,10,10,99,,98,98,5,13,10,10,0.4,0.5
2025-08-25T1500,2444A,113.942,30.9075,孝感市,东城区,,34,,28,12,10,107,,102,102,4,11,9,10,0.4,0.4
2025-08-25T1500,2181A,112.7383,38.4519,忻州市,开发区,,40,18,30,13,19,128,,83,83,4,20,5,5,0.6,0.8
2025-08-25T1500,2182A,112.7003,38.4928,忻州市,会展中心,,38,,28,19,19,120,,84,84,7,23,4,4,0.5,0.7
2025-08-25T1500,3208A,112.7283,38.4153,忻州市,市政府,,39,,26,6,14,124,,82,82,5,19,6,6,0.5,0.7
2025-08-25T1500,2389A,113.836,35.311,新乡市,环保西院,细颗粒物(PM2.5),62,61,45,44,20,126,,90,90,4,8,5,5,0.8,0.7
2025-08-25T1500,2390A,113.884,35.272,新乡市,开发区,,45,42,31,29,18,142,,106,106,3,7,5,5,0.9,0.8
2025-08-25T1500,2391A,113.883,35.303,新乡市,环保东院,细颗粒物(PM2.5),65,62,53,47,34,130,,97,97,6,10,6,6,0.8,0.7
2025-08-25T1500,3054A,113.9194,35.2847,新乡市,市委党校,颗粒物(PM10),51,51,41,35,19,138,,100,100,5,9,3,3,0.8,0.7
2025-08-25T1500,3475A,113.9188,35.3045,新乡市,市政府,细颗粒物(PM2.5),65,64,49,47,34,125,,94,94,5,10,1,2,0.7,0.7
2025-08-25T1500,3689A,113.9003,35.372,新乡市,行政服务中心,颗粒物(PM10),69,87,56,28,18,126,,88,88,2,6,3,5,0.8,0.7
2025-08-25T1500,4215A,113.9166,35.3315,新乡市,建设东路46号,细颗粒物(PM2.5),68,62,46,49,33,128,,96,96,6,11,5,7,0.9,0.7
2025-08-25T1500,2352A,115.0861,27.9317,新余市,北岗,,,,,,,,,,,,,,,,
2025-08-25T1500,2353A,114.9886,27.8431,新余市,飞宇,,31,19,24,11,11,97,,77,77,2,6,7,8,0.6,0.7
2025-08-25T1500,2354A,114.9231,27.8246,新余市,第二水厂,,32,21,24,11,12,102,,85,85,1,8,10,14,0.8,1.2
2025-08-25T1500,2355A,114.9308,27.8036,新余市,市气象局,,32,14,22,6,11,101,,77,77,3,9,9,13,0.4,0.9
2025-08-25T1500,3206A,114.9149,27.807,新余市,新钢沁园村,,32,20,26,7,10,100,,83,83,5,11,10,14,1.1,1.3
2025-08-25T1500,2054A,114.1099,32.1059,信阳市,平桥分局,,36,34,39,19,26,115,,80,80,6,9,4,4,0.5,0.4
2025-08-25T1500,2064A,113.9956,32.1271,信阳市,南湾水厂,,45,42,42,22,22,142,,91,91,8,8,4,4,0.6,0.6
2025-08-25T1500,2065A,114.0775,32.1195,信阳市,市酿酒公司,,41,36,40,22,24,130,,83,83,10,10,7,5,0.5,0.5
2025-08-25T1500,2066A,114.0609,32.1399,信阳市,审计局,,46,40,48,24,24,145,,92,92,8,9,5,4,0.7,0.6
2025-08-25T1500,2200A,122.0392,46.0656,兴安盟,胜华新制药厂,,,,,,,,,,,,,,,,
2025-08-25T1500,2201A,121.9504,46.0741,兴安盟,科右前旗环保局,,23,13,22,12,12,71,,68,68,10,15,6,6,0.6,0.7
2025-08-25T1500,3035A,122.0931,46.0707,兴安盟,北滨河,,,,,,,,,,,,,,,,
2025-08-25T1500,1077A,114.4704,37.0886,邢台市,达活泉,,46,22,22,3,4,147,,106,106,1,9,3,3,0.3,0.4
2025-08-25T1500,1078A,114.5062,37.0349,邢台市,邢师高专,,49,18,27,8,7,154,,98,98,2,15,8,5,0.7,0.4
2025-08-25T1500,1079A,114.5237,37.0851,邢台市,路桥公司,,50,16,21,3,5,157,,106,106,4,13,4,3,0.3,0.3
2025-08-25T1500,1080A,114.4725,37.0719,邢台市,市环保局,,50,17,23,3,4,158,,111,111,4,12,3,3,0.6,0.4
2025-08-25T1500,3584A,115.8844,39.0341,雄安新区,容城县环境保护局,,48,23,23,7,8,153,,96,96,4,25,6,6,0.0,0.1
2025-08-25T1500,3585A,115.8665,39.0645,雄安新区,河北容城中学,,,,42,13,16,150,,95,95,8,23,7,6,0.3,0.3
2025-08-25T1500,3586A,115.923,38.9405,雄安新区,安新县民政局,,47,18,34,10,18,150,,113,113,5,18,3,3,0.3,0.3
2025-08-25T1500,3587A,115.9324,38.9338,雄安新区,安新县电力局,,47,34,31,7,10,149,,115,115,3,15,2,2,0,0.1
2025-08-25T1500,3588A,116.0901,38.9816,雄安新区,雄县环境保护局,臭氧1小时,60,24,21,6,9,168,,117,117,5,16,5,6,0.3,0.4
2025-08-25T1500,3589A,116.1105,39.0046,雄安新区,雄县国土资源局,,46,11,23,9,9,146,,102,102,5,18,4,4,0.1,0.2
2025-08-25T1500,1177A,117.179,34.2761,徐州市,黄河新村,细颗粒物(PM2.5),52,41,27,36,26,104,,63,63,9,13,4,4,0.6,0.6
2025-08-25T1500,1180A,117.256,34.2153,徐州市,新城区,,34,34,22,21,17,90,,64,64,7,13,6,6,0.6,0.6
2025-08-25T1500,1182A,117.2933,34.2778,徐州市,农科院,,,44,23,29,21,95,,66,66,10,15,6,5,,0.5
2025-08-25T1500,3005A,117.1814,34.29,徐州市,鼓楼区政府,细颗粒物(PM2.5),55,39,23,39,25,97,,60,60,12,15,5,4,0.6,0.5
2025-08-25T1500,3006A,117.1694,34.1781,徐州市,铜山区招生办,,38,34,25,26,21,98,,70,70,6,13,4,4,0.6,0.6
2025-08-25T1500,3288A,117.4754,34.4422,徐州市,大泉街道,,,50,34,36,26,,,53,53,6,11,6,6,0.4,0.3
2025-08-25T1500,4186A,117.1942,34.22935,徐州市,解放南路202号,,40,36,28,28,20,93,,60,60,6,10,6,5,0.5,0.4
2025-08-25T1500,4288A,117.2456,34.2908,徐州市,龙潭环路5号,,48,48,39,26,25,94,,62,62,8,13,8,7,0.7,0.6
2025-08-25T1500,2398A,113.7906,33.9953,许昌市,开发区,,42,24,32,18,14,132,,94,94,8,7,1,1,0.8,0.7
2025-08-25T1500,3134A,113.8172,34.0339,许昌市,市一中,,44,36,26,22,15,140,,103,103,13,12,4,4,0.5,0.4
2025-08-25T1500,3337A,113.8614,34.0442,许昌市,许昌学院,,44,27,27,11,13,138,,106,106,6,9,2,3,0.7,0.6
2025-08-25T1500,3338A,113.843,34.0823,许昌市,芙蓉广场,,47,44,31,19,14,148,,103,103,5,8,2,2,0.6,0.5
2025-08-25T1500,4180A,113.8157,34.12670,许昌市,新元大道996号,臭氧1小时,68,35,28,30,19,174,,120,120,12,13,7,7,0.7,0.5
2025-08-25T1500,4259A,113.8358,34.01552,许昌市,望田路111号,,47,,25,22,19,150,,112,112,13,12,2,3,0.6,0.5
2025-08-25T1500,2316A,118.7581,30.9454,宣城市,鳌峰子站,,37,,25,17,14,118,,103,103,4,11,8,8,0.5,0.5
2025-08-25T1500,2317A,118.7385,30.9743,宣城市,敬亭山子站,,,24,26,18,13,135,,30,,2,7,7,6,,0.4
2025-08-25T1500,2318A,118.7173,30.9427,宣城市,开发区子站,,41,21,28,20,14,131,,99,99,4,13,8,8,0.5,0.4
2025-08-25T1500,3470A,118.7724,30.9141,宣城市,夏渡子站,,36,,25,13,14,115,,93,93,2,8,6,7,0.5,0.4
2025-08-25T1500,2555A,103.0111,29.9833,雅安市,市政府,,23,18,14,13,8,71,,57,57,7,6,6,6,0.6,0.6
2025-08-25T1500,2556A,102.9905,29.9775,雅安市,川农大,,20,17,19,13,9,62,,50,50,4,4,4,4,0.6,0.6
2025-08-25T1500,3700A,103.0456,29.9956,雅安市,康养中心,,,,10,19,18,69,,64,64,,,,,,
2025-08-25T1500,4306A,103.0545,30.0133,雅安市,滨江西路,,23,23,23,11,10,72,,56,56,6,9,4,4,0.5,0.5
2025-08-25T1500,1642A,121.2514,37.5639,烟台市,开发区,,33,22,15,9,12,104,,92,92,5,14,4,5,0.5,0.4
2025-08-25T1500,1644A,121.3181,37.5436,烟台市,西郊化工站,,33,27,23,21,20,103,,90,90,9,10,6,5,0.6,0.4
2025-08-25T1500,1645A,121.4478,37.4822,烟台市,莱山环保局,,39,24,15,24,11,122,,104,104,6,7,4,4,0.5,0.4
2025-08-25T1500,1646A,121.2611,37.4967,烟台市,福山环保局,,38,31,24,19,10,121,,102,102,5,10,7,6,0.4,0.2
2025-08-25T1500,3057A,121.5992,37.4014,烟台市,牟平检察院,,39,24,10,15,4,123,,108,108,12,10,4,6,0.6,0.3
2025-08-25T1500,3366A,121.5206,37.4336,烟台市,中国农业大学,,40,29,18,19,5,125,,109,109,9,8,4,6,0.6,0.4
2025-08-25T1500,4213A,121.3642,37.5296,烟台市,青年南路118号,,37,31,23,12,10,116,,103,103,5,5,7,6,0.9,0.4
2025-08-25T1500,1926A,109.4131,36.6275,延安市,枣园,,44,13,26,13,14,138,,81,81,7,16,6,6,0.4,0.3
2025-08-25T1500,1927A,109.4761,36.6028,延安市,延大医附院,,40,19,34,10,12,127,,74,74,6,19,4,4,0.5,0.5
2025-08-25T1500,1929A,109.5056,36.6106,延安市,百米大道,,35,24,44,14,17,110,,69,69,8,23,5,4,0.6,0.7
2025-08-25T1500,3652A,109.4809,36.5786,延安市,西北局旧址,,37,16,26,13,14,117,,68,68,8,18,9,8,0.5,0.6
2025-08-25T1500,2237A,129.47,42.8883,延边朝鲜族自治州,妇幼医院,,,10,13,7,10,33,,25,25,,14,6,6,0.5,0.6
2025-08-25T1500,2238A,129.5055,42.9108,延边朝鲜族自治州,延边医院,,12,,14,8,9,31,,28,28,22,16,6,6,0.7,0.6
2025-08-25T1500,2239A,129.3964,42.8881,延边朝鲜族自治州,朝阳川镇医院,,11,,15,3,5,35,,28,28,14,16,7,6,0.7,0.7
2025-08-25T1500,1216A,120.156,33.3942,盐城市,市监测站,,27,18,16,13,9,86,,70,70,5,8,7,7,0.5,0.6
2025-08-25T1500,1218A,120.2144,33.38,盐城市,开发区管委会,,26,15,19,12,12,83,,64,64,7,10,5,5,0.5,0.6
2025-08-25T1500,3004A,120.1544,33.3663,盐城市,宝龙广场,,26,12,16,7,6,83,,58,58,6,8,6,6,0.5,0.6
2025-08-25T1500,3293A,120.1501,33.3367,盐城市,月亮广场,,28,18,14,13,10,89,,68,68,6,7,6,7,0.5,0.5
2025-08-25T1500,3436A,120.4279,33.205,盐城市,大丰高级中学,,31,12,19,7,9,97,,81,81,6,8,7,7,0.4,0.5
2025-08-25T1500,4207A,120.1221,33.3940,盐城市,黄海中路88号,,29,12,18,9,6,91,,70,70,4,8,8,7,0.6,0.6
2025-08-25T1500,1186A,119.389,32.3761,扬州市,邗江监测站,,41,19,23,15,13,129,,118,118,10,15,7,7,0.8,0.7
2025-08-25T1500,2869A,119.447,32.4155,扬州市,五台山医院,,42,22,24,15,15,132,,111,111,2,10,6,6,0.6,0.6
2025-08-25T1500,3164A,119.4686,32.3942,扬州市,广陵建设局,,47,26,28,15,14,149,,149,149,10,18,5,5,0.8,0.7
2025-08-25T1500,3195A,119.3633,32.3972,扬州市,市体育局,,42,39,24,16,12,133,,121,121,5,9,6,7,0.4,0.4
2025-08-25T1500,3294A,119.5653,32.4222,扬州市,引江管理处,,47,23,23,14,14,148,,124,124,4,10,4,5,0.7,0.7
2025-08-25T1500,1699A,111.9797,21.8593,阳江市,鸳鸯湖,,,,,,,,,,,,,,,,
2025-08-25T1500,1701A,111.9491,21.8658,阳江市,马南垌,,14,14,15,3,7,37,,29,29,3,6,4,4,0.4,0.4
2025-08-25T1500,3317A,111.9765,21.8947,阳江市,两阳中学,,12,7,15,7,8,37,,29,29,2,7,3,3,0.5,0.5
2025-08-25T1500,3453A,112.0125,21.8749,阳江市,阳东陶然,,12,11,16,6,8,37,,29,29,2,6,5,6,0.5,0.6
2025-08-25T1500,1738A,113.5758,37.8572,阳泉市,市中心,,,13,28,,,136,,72,72,7,24,9,10,0.7,0.9
2025-08-25T1500,1739A,113.4894,37.8731,阳泉市,赛鱼,,43,18,22,3,9,137,,80,80,13,27,8,7,0.6,0.7
2025-08-25T1500,1740A,113.5819,37.8486,阳泉市,南庄,,45,23,36,14,17,144,,79,79,8,17,8,7,0.7,0.8
2025-08-25T1500,1742A,113.5614,37.8703,阳泉市,平坦,,42,13,31,8,14,132,,70,70,10,27,11,11,0.5,0.7
2025-08-25T1500,1743A,113.5158,37.8392,阳泉市,大阳泉,,,,,,,,,,,,,,,,
2025-08-25T1500,3619A,113.617,37.8571,阳泉市,龙柱,,42,27,38,11,15,133,,70,70,9,28,13,23,0.6,0.9
2025-08-25T1500,2252A,128.5159,47.4311,伊春市,环保局,,24,17,15,7,8,74,,36,36,7,9,11,11,0.7,0.6
2025-08-25T1500,2253A,128.9102,47.7412,伊春市,电力嘉园,,33,,20,23,10,71,,35,35,7,8,8,7,0.6,0.5
2025-08-25T1500,2254A,129.5029,48.471,伊春市,汤旺河国家公园,,13,10,19,9,13,24,,28,28,6,5,10,6,0.4,0.4
2025-08-25T1500,3342A,128.4741,47.4346,伊春市,中心小学,,26,11,16,3,6,81,,47,47,12,8,8,7,0.6,0.4
2025-08-25T1500,3343A,128.6871,47.7369,伊春市,检察院,,28,12,20,3,13,88,,42,42,4,4,6,5,1.1,0.9
2025-08-25T1500,3344A,128.8431,47.8474,伊春市,双子河社区,,,27,16,12,6,80,,52,52,13,6,6,6,,0.4
2025-08-25T1500,3480A,129.1368,47.6417,伊春市,美溪镇,,15,11,16,8,8,47,,35,35,5,7,6,7,0.8,1
2025-08-25T1500,2704A,81.2996,43.9174,伊犁哈萨克自治州,新政府片区,,36,34,39,3,16,114,,59,59,6,13,5,3,0.5,0.6
2025-08-25T1500,2705A,81.3364,43.941,伊犁哈萨克自治州,第二水厂,,38,37,48,3,16,119,,58,58,7,15,6,5,0.4,0.5
2025-08-25T1500,4273A,81.2737,43.9337,伊犁哈萨克自治州,安徽路800号,,37,29,44,3,18,118,,63,63,6,17,6,5,0.3,0.5
2025-08-25T1500,1882A,104.563,28.793,宜宾市,石马中学,,31,18,14,9,6,99,,64,64,5,6,5,4,0.6,0.5
2025-08-25T1500,1883A,104.6201,28.7728,宜宾市,市委,,39,27,16,18,9,122,,70,70,11,9,8,8,0.7,0.7
2025-08-25T1500,1884A,104.6055,28.793,宜宾市,宜宾四中,,35,28,15,15,8,109,,65,65,10,11,7,7,0.5,0.6
2025-08-25T1500,1885A,104.639,28.7562,宜宾市,市政府,,48,48,17,19,8,139,,71,71,10,10,12,10,0.7,0.7
2025-08-25T1500,1886A,104.5742,28.7199,宜宾市,黄金嘴,,37,22,12,18,8,116,,67,67,8,10,11,9,0.6,0.6
2025-08-25T1500,3728A,104.68,28.8071,宜宾市,白酒学院,,35,20,14,12,7,111,,70,70,5,8,7,6,0.8,0.7
2025-08-25T1500,1840A,111.2992,30.6981,宜昌市,白龙岗,,45,17,15,14,8,143,,72,72,7,10,8,8,0.6,0.4
2025-08-25T1500,1842A,111.2628,30.6961,宜昌市,点军区,,46,,17,3,3,146,,71,71,6,9,9,9,0.5,0.5
2025-08-25T1500,1843A,111.3275,30.7819,宜昌市,夷陵区,,31,6,15,3,6,97,,68,68,5,8,5,5,0.3,0.4
2025-08-25T1500,3546A,111.4606,30.552,宜昌市,猇亭区张家湾站,,35,17,22,3,8,109,,78,78,6,10,7,7,0.3,0.3
2025-08-25T1500,4203A,111.3168,30.7203,宜昌市,西陵二路116号,,45,18,18,3,8,142,,84,84,8,17,7,6,0.5,0.5
2025-08-25T1500,4204A,111.3526,30.6374,宜昌市,沈家店路6号,,30,,16,3,7,95,,63,63,7,18,5,4,0.3,0.4
2025-08-25T1500,2371A,114.3408,27.8064,宜春市,槟榔水业,,,,,,,,,,,,,,,,
2025-08-25T1500,2373A,114.3956,27.7844,宜春市,市石油公司,,30,18,22,10,11,93,,85,85,4,3,6,6,0.4,0.2
2025-08-25T1500,2374A,114.3703,27.7914,宜春市,市气象局,,31,24,21,7,10,97,,86,86,5,6,2,4,0.6,0.5
2025-08-25T1500,2375A,114.4013,27.8074,宜春市,市广电局,,31,20,22,11,10,99,,84,84,2,4,12,13,0.2,0.3
2025-08-25T1500,3151A,114.375,27.8097,宜春市,宜春学院北校区,,32,21,22,8,10,101,,87,87,2,4,6,8,0.3,0.3
2025-08-25T1500,3415A,114.4519,28.0828,宜春市,万载县环保局,,,,26,9,10,86,,85,85,4,13,1,3,0.3,0.4
2025-08-25T1500,2467A,112.4067,28.6428,益阳市,甘溪港,,40,27,25,20,19,126,,94,94,5,8,6,5,0.7,0.6
2025-08-25T1500,2468A,112.3458,28.5808,益阳市,市环保局,,48,19,18,15,11,152,,117,117,10,10,6,6,0.7,0.7
2025-08-25T1500,4181A,112.3571,28.55878,益阳市,龙洲,,43,22,25,6,13,136,,117,117,6,15,9,8,0.7,0.6
2025-08-25T1500,4187A,112.3425,28.6110,益阳市,幸福渠东路223号,,50,17,25,3,12,157,,104,104,8,11,6,6,0.7,0.6
2025-08-25T1500,4188A,112.3712,28.5764,益阳市,益鑫泰路85号,,41,,20,27,18,131,,109,109,6,11,11,10,0.7,0.6
2025-08-25T1500,1484A,105.9512,38.6016,银川市,贺兰山马莲口,,,,,,,,,,,,,,,,
2025-08-25T1500,1489A,106.1358,38.5036,银川市,学院路,,39,34,41,20,24,122,,95,95,9,22,2,2,0.4,0.4
2025-08-25T1500,2924A,106.2266,38.4418,银川市,水乡路,,40,32,37,15,17,128,,108,108,10,23,7,7,0.3,0.5
2025-08-25T1500,2925A,106.2757,38.4842,银川市,上海东路,,39,20,25,16,17,123,,97,97,5,12,9,6,0.3,0.4
2025-08-25T1500,2926A,106.1015,38.497,银川市,文昌北街,,43,25,39,6,13,135,,103,103,6,22,5,5,0.5,0.5
2025-08-25T1500,3523A,106.5105,38.3856,银川市,滨河新区,,42,24,22,10,12,133,,105,105,4,8,8,10,0.3,0.3
2025-08-25T1500,4242A,106.2264,38.4920,银川市,广场西路,,,24,28,9,13,137,,108,108,7,16,,6,0.3,0.3
2025-08-25T1500,2357A,116.9822,28.1136,鹰潭市,龙虎山,,,,,,,,,,,,,,,,
2025-08-25T1500,2358A,117.0564,28.2642,鹰潭市,新监测站,,40,,25,16,13,127,,86,86,5,11,4,4,0.2,0.3
2025-08-25T1500,2359A,117.0311,28.2475,鹰潭市,财苑宾馆,,38,17,29,14,13,119,,88,88,2,8,7,8,0.2,0.3
2025-08-25T1500,2360A,117.0222,28.2264,鹰潭市,体育馆,,35,,26,17,13,110,,83,83,1,12,8,10,0.3,0.4
2025-08-25T1500,2361A,117.0017,28.2131,鹰潭市,三川水表,,30,17,28,7,9,94,,65,65,8,14,8,9,0.3,0.4
2025-08-25T1500,1597A,122.2703,40.7094,营口市,大庆路,,23,11,16,3,11,73,,57,57,4,11,5,4,0.8,1.2
2025-08-25T1500,1598A,122.2150,40.6511,营口市,镜湖西路,,,15,39,3,14,61,,20,,,17,4,5,0.3,0.7
2025-08-25T1500,1599A,122.1658,40.6789,营口市,西炮台,,20,13,20,3,9,62,,46,46,8,15,6,7,0.4,0.8
2025-08-25T1500,3379A,122.1139,40.2278,营口市,鲅鱼圈市民活动中心,,32,14,45,3,24,101,,43,43,6,37,5,8,0.5,1.5
2025-08-25T1500,3866A,122.2469,40.66302,营口市,三高中,,21,13,20,3,11,66,,49,49,6,16,7,7,0.7,1
2025-08-25T1500,4006A,122.3622,40.6762,营口市,老边实验小学,,20,,18,3,25,64,,50,50,9,18,9,9,0.9,1.4
2025-08-25T1500,2477A,111.6217,26.2081,永州市,零陵南津渡,,31,26,32,3,12,98,,85,85,4,7,9,9,0.4,0.4
2025-08-25T1500,2478A,111.6156,26.4214,永州市,市环境监测站,,23,11,24,8,16,72,,50,50,2,7,3,4,0.2,0.3
2025-08-25T1500,2480A,111.5992,26.4364,永州市,永州市环保局,,21,9,24,6,15,65,,50,50,3,6,3,4,0.2,0.3
2025-08-25T1500,2481A,111.5989,26.4519,永州市,冷水滩区环保局,,21,12,25,8,17,66,,49,49,2,7,3,3,0.2,0.3
2025-08-25T1500,4299A,111.6195,26.2253,永州市,徐家井路86号,,18,11,20,7,12,55,,47,47,1,4,3,3,0.1,0.2
2025-08-25T1500,2638A,109.7414,38.3344,榆林市,红石峡森林公园,,,,,,,,,,,,,,,,
2025-08-25T1500,2639A,109.7456,38.2911,榆林市,世纪广场,,43,18,43,10,18,136,,86,86,6,29,5,8,0.4,0.7
2025-08-25T1500,2640A,109.7289,38.2839,榆林市,实验中学,,44,28,49,7,17,138,,87,87,4,30,5,8,0.4,0.7
2025-08-25T1500,2641A,109.7336,38.2478,榆林市,环保监测大楼,,43,19,38,8,16,137,,90,90,4,28,6,7,0.4,0.6
2025-08-25T1500,2509A,110.1106,22.7019,玉林市,寒山水库,,16,13,19,10,10,50,,38,38,5,6,1,1,0.5,0.5
2025-08-25T1500,2511A,110.1433,22.6164,玉林市,南江一中,,18,18,19,11,12,46,,40,40,7,7,1,2,0.4,0.4
2025-08-25T1500,3532A,110.1945,22.6831,玉林市,玉林师范学院东校区,,19,13,17,7,8,58,,44,44,5,10,2,3,0.4,0.4
2025-08-25T1500,3533A,110.0527,22.5893,玉林市,福绵环保局,,12,12,20,3,10,35,,33,33,7,10,2,4,0.3,0.3
2025-08-25T1500,4255A,110.1680,22.6410,玉林市,人民东路196号,,15,13,19,10,10,46,,36,36,5,11,7,7,0.5,0.5
2025-08-25T1500,2675A,97,33.0014,玉树藏族自治州,玉树县结古镇,,20,6,7,3,3,64,,63,63,1,5,4,5,0.4,0.4
2025-08-25T1500,1715A,102.575,24.3711,玉溪市,东风水库,,16,10,13,7,7,50,,34,34,4,7,2,2,0.3,0.4
2025-08-25T1500,2882A,102.5389,24.3703,玉溪市,玉溪一中,,18,8,14,3,6,55,,39,39,4,14,4,4,0.4,0.5
2025-08-25T1500,2883A,102.5381,24.3389,玉溪市,文体中心,,17,14,14,11,5,54,,40,40,4,10,2,3,0.3,0.4
2025-08-25T1500,1848A,113.1493,29.4251,岳阳市,城陵矶,,38,15,19,12,9,121,,103,103,6,15,7,7,0.6,0.6
2025-08-25T1500,1849A,113.1497,29.3575,岳阳市,开发区,,48,23,22,12,9,153,,117,117,5,10,5,7,0.6,0.5
2025-08-25T1500,1850A,113.2621,29.4758,岳阳市,云溪区,,38,12,16,3,7,120,,103,103,10,11,7,6,0.6,0.6
2025-08-25T1500,1851A,112.9943,29.4402,岳阳市,君山区,,38,15,16,11,11,121,,88,88,6,11,8,7,0.6,0.6
2025-08-25T1500,1852A,113.2117,29.355,岳阳市,金凤水库,,50,7,15,3,9,158,,108,108,10,14,5,5,0.8,0.7
2025-08-25T1500,4265A,113.1088,29.3531,岳阳市,求索西路365号,,45,24,20,14,13,142,,,,7,8,7,6,0.6,0.6
2025-08-25T1500,1712A,112.0392,22.9169,云浮市,新市府,,30,29,20,14,10,94,,51,51,5,11,4,5,0.3,0.4
2025-08-25T1500,1714A,112.0539,22.9539,云浮市,牧羊,,30,30,26,13,11,90,,48,48,9,17,4,6,0.3,0.3
2025-08-25T1500,3628A,112.0336,22.9374,云浮市,文笔,,32,25,22,7,8,100,,53,53,6,15,5,6,0.4,0.4
2025-08-25T1500,2175A,110.9956,35.0147,运城市,运城中学,,,,30,,10,,,,,,6,,5,,0.8
2025-08-25T1500,2178A,110.9686,35.0303,运城市,地区技校,,44,44,40,17,24,138,,91,91,7,11,6,5,1.2,0.9
2025-08-25T1500,2179A,111.0414,35.1147,运城市,空港新区,,,47,44,23,24,138,,100,100,,14,8,6,1.2,1.1
2025-08-25T1500,3667A,111.0283,35.0547,运城市,水利职院,,42,,31,29,42,123,,82,82,6,13,4,5,1.0,1.1
2025-08-25T1500,3670A,111.0522,35.0439,运城市,禹都公园,,43,37,34,17,23,136,,92,92,6,11,4,4,1.2,1.1
2025-08-25T1500,1637A,117.558,34.8438,枣庄市,市中区政府,,44,44,59,29,27,131,,77,77,12,18,12,10,0.5,0.5
2025-08-25T1500,1638A,117.2852,34.7837,枣庄市,薛城环保局,颗粒物(PM10),55,59,65,35,38,127,,84,84,7,11,6,8,0.5,0.5
2025-08-25T1500,1639A,117.5852,34.7745,枣庄市,峄城区政府,,48,48,45,32,25,132,,78,78,6,12,7,7,0.9,0.9
2025-08-25T1500,1640A,117.7276,34.5578,枣庄市,台儿庄区环保局,细颗粒物(PM2.5),52,44,35,36,25,117,,76,76,11,14,11,11,0.9,0.9
2025-08-25T1500,1641A,117.4518,35.0992,枣庄市,山亭区环保局,,46,46,63,32,46,145,,92,92,8,15,7,7,0.9,0.9
2025-08-25T1500,3364A,117.3152,34.8103,枣庄市,市环保局,,45,37,59,31,38,122,,76,76,6,11,5,6,0.4,0.4
2025-08-25T1500,1680A,110.3539,21.2706,湛江市,湛江影剧院,,15,15,18,6,6,39,,41,38,2,2,3,2,0.3,0.2
2025-08-25T1500,1681A,110.3928,21.2228,湛江市,市环境监测站,,13,12,14,7,6,41,,44,38,2,2,6,6,0.3,0.3
2025-08-25T1500,1682A,110.4019,21.1997,湛江市,环保局宿舍,,15,11,16,9,8,45,,48,42,4,4,3,3,0.4,0.4
2025-08-25T1500,1683A,110.4111,21.2028,湛江市,霞山游泳场,,16,16,18,6,4,41,,41,38,2,5,6,6,0.4,0.4
2025-08-25T1500,1684A,110.3316,21.2679,湛江市,麻章区环保局,,19,19,16,7,5,42,,45,39,3,3,2,2,0.3,0.3
2025-08-25T1500,1685A,110.4558,21.2567,湛江市,坡头区环保局,,14,14,16,9,7,42,,45,39,6,6,4,3,0.4,0.4
2025-08-25T1500,1858A,110.5319,29.1217,张家界市,永定新区,,21,12,18,3,6,65,,52,52,2,4,5,5,0.4,0.4
2025-08-25T1500,1859A,110.4697,29.1242,张家界市,电业局,,18,,14,12,11,55,,39,39,2,4,3,3,0.1,0.1
2025-08-25T1500,1860A,110.5594,29.3547,张家界市,未央路,,18,,9,7,6,57,,46,46,1,4,5,5,0.2,0.2
2025-08-25T1500,1861A,110.4417,29.315,张家界市,袁家界,,,,,,,,,,,,,,,,
2025-08-25T1500,1057A,114.8883,40.8336,张家口市,人民公园,,33,22,28,16,14,103,,76,76,12,10,4,5,0.6,0.6
2025-08-25T1500,1059A,114.8687,40.8042,张家口市,五金库,,34,34,35,8,10,102,,84,84,14,15,3,4,0.6,0.6
2025-08-25T1500,1060A,114.8902,40.762,张家口市,世纪豪园,,34,24,29,10,12,107,,90,90,11,10,6,7,0.6,0.5
2025-08-25T1500,1061A,114.8916,40.8661,张家口市,北泵房,,35,15,28,11,13,110,,78,78,3,6,6,5,0.3,0.3
2025-08-25T1500,3131A,114.879,40.7993,张家口市,烟厂,,33,25,32,23,13,102,,78,78,10,12,5,6,0.7,0.7
2025-08-25T1500,3323A,115.2773,40.9724,张家口市,青少年活动中心,,32,22,26,12,14,102,,76,76,9,10,6,6,0.5,0.5
2025-08-25T1500,2654A,100.4698,38.9524,张掖市,润泉湖,颗粒物(PM10),51,52,48,20,19,127,,99,99,9,9,7,6,0.5,0.4
2025-08-25T1500,2655A,100.4154,38.9422,张掖市,区工会,颗粒物(PM10),53,55,45,21,20,133,,103,103,5,7,7,6,0.6,0.5
2025-08-25T1500,2075A,117.6336,24.4674,漳州市,九湖,,,,,,,,,,,,,,,,
2025-08-25T1500,2920A,117.7116,24.506,漳州市,蓝田镇,,47,38,29,28,14,150,,102,102,11,13,6,6,0.4,0.4
2025-08-25T1500,3216A,114.6622,24.5183,漳州市,漳州党校,,40,38,29,26,14,128,,99,99,8,13,5,7,0.4,0.4
2025-08-25T1500,3530A,117.6296,24.5314,漳州市,西洋坪路,,40,30,22,20,15,127,,106,106,6,12,4,7,0.4,0.4
2025-08-25T1500,2596A,103.7667,27.3736,昭通市,监测站,,29,,26,20,23,63,,48,48,2,10,2,4,0.2,0.3
2025-08-25T1500,4261A,103.7247,27.3415,昭通市,环东路146号,,25,,13,17,18,64,,47,47,2,10,1,3,0.1,0.4
2025-08-25T1500,1397A,112.4267,23.0706,肇庆市,睦岗子站,,44,27,31,17,13,138,,63,63,12,23,4,5,0.2,0.3
2025-08-25T1500,1398A,112.4645,23.0475,肇庆市,城中子站,,41,21,25,13,11,129,,62,62,11,22,9,9,0.5,0.5
2025-08-25T1500,1399A,112.5544,23.1522,肇庆市,坑口子站,臭氧1小时,65,33,31,18,13,172,,73,73,18,27,6,7,0.4,0.4
2025-08-25T1500,1400A,112.4753,23.1,肇庆市,七星岩子站,,,35,32,13,14,139,,61,61,,24,6,7,0.3,0.4
2025-08-25T1500,3313A,112.4575,23.0166,肇庆市,高要湖西,,39,12,24,10,11,122,,61,61,6,14,4,5,0.5,0.5
2025-08-25T1500,3451A,112.5617,23.2083,肇庆市,鼎湖凤凰,,49,29,20,10,7,156,,74,74,12,19,6,6,0.3,0.3
2025-08-25T1500,1203A,119.6707,32.1875,镇江市,新区办事处,臭氧1小时,120,43,29,22,16,239,,158,158,21,25,2,4,1.0,0.9
2025-08-25T1500,1204A,119.4974,32.1968,镇江市,职教中心,臭氧1小时,104,36,24,24,15,207,,163,163,12,17,3,4,0.8,0.7
2025-08-25T1500,1205A,119.4303,32.1328,镇江市,丹徒区监测站,臭氧1小时,102,37,26,21,16,203,,146,146,10,14,7,7,0.6,0.6
2025-08-25T1500,2870A,119.4424,32.1873,镇江市,市疾控中心,臭氧1小时,73,30,23,17,13,178,,133,133,5,10,3,2,0.8,0.7
2025-08-25T1500,3287A,119.3842,32.1976,镇江市,富润路1号,臭氧1小时,53,29,25,21,19,162,,131,131,8,16,5,6,0.5,0.4
2025-08-25T1500,1316A,113.69031,34.76122,郑州市,烟厂,臭氧1小时,58,62,35,29,21,166,,135,135,14,15,6,6,0.9,0.9
2025-08-25T1500,1318A,113.67526,34.80246,郑州市,银行学校,,47,41,33,3,5,149,,124,124,13,16,2,10,0.4,0.5
2025-08-25T1500,1319A,113.56746,34.81334,郑州市,供水公司,,47,39,34,31,25,148,,120,120,12,14,2,2,0.5,0.4
2025-08-25T1500,1320A,113.7329,34.7178,郑州市,经开区管委,臭氧1小时,65,37,32,22,19,172,,124,124,10,11,2,2,0.7,0.6
2025-08-25T1500,1321A,113.73961,34.77172,郑州市,四十七中,,,50,33,,,156,,126,126,9,11,6,6,0.8,0.8
2025-08-25T1500,1323A,113.64164,34.7525,郑州市,河医大,,,62,38,,20,170,,134,134,16,16,3,4,0.8,0.7
2025-08-25T1500,1324A,113.51488,34.91089,郑州市,岗李水库,,,,32,,12,,,,,,10,,2,,0.7
2025-08-25T1500,3471A,113.616563,34.86783,郑州市,惠济区政府,细颗粒物(PM2.5),57,45,34,40,20,143,,116,116,7,11,4,4,0.7,0.6
2025-08-25T1500,3590A,113.8374,34.5589,郑州市,北区建设指挥部,,,43,33,,14,198,,135,135,13,13,6,6,0.8,0.6
2025-08-25T1500,3591A,113.30952,34.803229,郑州市,上街区政府,,,56,44,,17,143,,113,113,7,11,4,5,0.9,0.8
2025-08-25T1500,4293A,113.6051,34.7552,郑州市,计划路2号,,,55,39,,,157,,117,117,17,18,3,3,0.8,0.6
2025-08-25T1500,4294A,113.6526,34.7736,郑州市,同乐路9号,臭氧1小时,64,64,43,24,20,171,,132,132,8,10,6,6,1.0,0.9
2025-08-25T1500,1379A,113.3769,22.5211,中山市,华柏园,,21,21,17,3,6,50,,34,34,11,14,5,5,0.4,0.4
2025-08-25T1500,1380A,113.3881,22.5497,中山市,张溪,,17,14,19,3,7,53,,36,36,12,15,4,4,0.4,0.4
2025-08-25T1500,1381A,113.4075,22.5111,中山市,紫马岭,,,11,16,3,5,53,,40,40,8,13,,6,0.2,0.3
2025-08-25T1500,1382A,113.4411,22.4853,中山市,长江旅游区,,18,6,12,3,6,55,,36,36,6,9,4,4,0.3,0.3
2025-08-25T1500,3454A,113.3528,22.478,中山市,中山南区,,18,,10,7,4,57,,35,35,7,10,6,7,0.3,0.3
2025-08-25T1500,2680A,105.0025,37.4635,中卫市,沙坡头消防站,,,,,,,,,,,,,,,,
2025-08-25T1500,2682A,105.1971,37.5002,中卫市,环保局站,,31,23,23,9,9,99,,89,89,6,13,3,4,0.5,0.5
2025-08-25T1500,3650A,105.1698,37.5162,中卫市,沙坡头区政府站,,32,32,27,17,12,100,,89,89,6,12,6,6,0.6,0.6
2025-08-25T1500,1414A,106.3787,29.8279,重庆市,缙云山,,34,26,28,8,16,107,,80,80,5,8,7,7,0.4,0.4
2025-08-25T1500,1416A,106.4213,29.8253,重庆市,天生,,42,,32,29,17,113,,86,86,6,15,7,8,0.4,0.5
2025-08-25T1500,1417A,106.6263,29.7228,重庆市,两路,,29,14,24,6,14,92,,69,69,10,20,6,6,0.5,0.7
2025-08-25T1500,1418A,106.2953,29.5983,重庆市,虎溪,,32,16,30,3,15,102,,79,79,3,15,7,7,0.3,0.4
2025-08-25T1500,1419A,106.5777,29.5102,重庆市,南坪,,32,32,31,7,21,82,,66,66,4,13,8,6,0.4,0.5
2025-08-25T1500,1420A,106.6556,29.6277,重庆市,唐家沱,,26,12,29,12,17,83,,62,62,7,25,8,7,0.2,0.4
2025-08-25T1500,1421A,106.6349,29.4906,重庆市,茶园,,27,16,36,11,23,85,,61,61,5,25,8,8,0.3,0.6
2025-08-25T1500,1422A,106.3754,29.4572,重庆市,白市驿,,27,9,22,8,16,84,,64,64,7,19,8,6,0.6,0.8
2025-08-25T1500,1425A,106.6205,29.7166,重庆市,空港,,30,12,26,10,17,95,,73,73,2,12,6,6,0.4,0.5
2025-08-25T1500,1427A,106.5616,29.6453,重庆市,礼嘉,,29,16,40,8,17,90,,70,70,1,22,7,7,0.3,0.5
2025-08-25T1500,1428A,106.4522,29.7091,重庆市,蔡家,,35,11,36,6,20,112,,87,87,3,20,9,9,0.5,0.8
2025-08-25T1500,1429A,106.5093,29.3917,重庆市,鱼新街,,24,10,28,6,18,76,,61,61,5,19,5,8,0.2,0.5
2025-08-25T1500,3014A,106.4958,29.5346,重庆市,歇台子,,28,17,31,10,20,87,,69,69,3,17,6,7,0.3,0.4
2025-08-25T1500,3015A,106.4037,29.5728,重庆市,龙井湾,,28,10,28,3,7,89,,74,74,4,13,9,9,0.4,0.6
2025-08-25T1500,3016A,106.5507,29.4153,重庆市,龙洲湾,,27,,25,13,15,84,,67,67,3,11,4,5,0.2,0.3
2025-08-25T1500,3133A,106.5468,29.5654,重庆市,上清寺,,26,10,27,9,14,82,,62,62,9,25,8,8,0.3,0.5
2025-08-25T1500,3346A,108.3872,31.1628,重庆市,安康,,25,16,22,11,11,78,,53,53,3,10,6,6,0.2,0.3
2025-08-25T1500,3347A,105.9017,29.3569,重庆市,北山路,,33,14,21,7,12,103,,78,78,2,9,7,7,0.5,0.6
2025-08-25T1500,3350A,106.6479,29.0244,重庆市,滩子口,,25,18,26,10,21,77,,58,58,5,11,5,7,0.2,0.3
2025-08-25T1500,3351A,105.7167,29.7076,重庆市,棠香,,37,23,14,12,8,116,,82,82,6,5,7,4,0.6,0.5
2025-08-25T1500,3352A,107.0732,29.8617,重庆市,桃源西路,,24,9,32,3,24,76,,63,63,2,11,7,8,0.2,0.5
2025-08-25T1500,3353A,107.3535,29.7287,重庆市,迎宾大道,,24,6,21,3,13,74,,53,53,5,25,5,7,0.3,0.4
2025-08-25T1500,3354A,108.815,29.5081,重庆市,舟白,,22,7,17,3,5,70,,50,50,1,3,8,7,0.3,0.3
2025-08-25T1500,3355A,108.3679,30.8426,重庆市,周家坝,,34,,28,21,19,108,,62,62,7,22,13,11,0.3,0.4
2025-08-25T1500,3356A,108.4319,30.7555,重庆市,百安坝,,31,,15,3,12,97,,66,66,4,10,7,7,0.2,0.3
2025-08-25T1500,3482A,107.7541,29.3277,重庆市,芙蓉中路,,21,12,20,7,9,65,,41,41,5,11,2,2,0.5,0.6
2025-08-25T1500,3483A,108.7661,29.5368,重庆市,西山,,25,8,21,7,10,79,,55,55,2,8,4,2,0.4,0.5
2025-08-25T1500,3484A,106.2628,29.32,重庆市,行政中心,,25,24,36,3,12,77,,63,63,2,17,3,5,0.3,0.5
2025-08-25T1500,3599A,106.2649,29.9851,重庆市,书院路,,32,20,29,8,21,101,,80,80,7,10,9,9,0.4,0.5
2025-08-25T1500,3600A,106.2339,29.5559,重庆市,虎峰,,28,13,32,3,12,87,,81,81,7,13,6,9,0.3,0.6
2025-08-25T1500,3601A,106.0499,29.8342,重庆市,龙门街,,43,23,20,3,10,136,,93,93,5,9,12,13,0.6,0.6
2025-08-25T1500,3610A,105.5933,29.4105,重庆市,昌元,,31,9,13,6,9,99,,75,75,8,10,8,8,0.3,0.5
2025-08-25T1500,4223A,106.4686,29.4893,重庆市,双山路147号,,26,17,27,11,16,83,,67,67,4,19,10,11,0.2,0.5
2025-08-25T1500,4246A,105.8340,30.1886,重庆市,桃园路24号,,39,,13,12,12,124,,63,63,5,7,8,9,0.4,0.4
2025-08-25T1500,4247A,107.0910,29.1540,重庆市,钟楼街32号,,20,6,27,3,12,64,,51,51,4,13,6,6,0.2,0.4
2025-08-25T1500,4248A,107.8043,30.6735,重庆市,人民南路309号,,29,,25,20,16,82,,60,60,2,6,5,5,0.3,0.5
2025-08-25T1500,1258A,122.122,30.0203,舟山市,定海檀枫,,20,17,17,3,5,64,,56,56,11,16,2,2,0.6,0.5
2025-08-25T1500,1260A,122.19,29.9944,舟山市,临城新区,,17,14,11,3,4,53,,47,47,5,9,1,2,0.5,0.6
2025-08-25T1500,4033A,122.3123,29.9619,舟山市,普陀东港中学,,15,6,9,3,5,48,,38,38,8,10,3,3,0.7,0.7
2025-08-25T1500,2068A,114.6758,33.6347,周口市,周口师范,,37,37,28,13,15,74,,61,61,4,6,4,4,0.8,0.8
2025-08-25T1500,4269A,114.6701,33.6167,周口市,七一路,,30,30,28,18,20,75,,64,64,7,9,5,4,0.9,0.8
2025-08-25T1500,4296A,114.6421,33.6417,周口市,健康路46号,,36,26,33,25,23,74,,67,67,2,5,3,3,0.6,0.6
2025-08-25T1500,4297A,114.649,33.596,周口市,太昊路,,23,16,29,14,12,73,,59,59,6,9,2,2,0.7,0.7
2025-08-25T1500,1515A,113.135,27.8244,株洲市,天台山庄,,29,18,21,17,10,91,,70,70,4,9,8,9,0.6,0.7
2025-08-25T1500,1518A,113.095,27.8867,株洲市,株冶医院,,30,20,21,13,12,93,,73,73,6,17,6,7,0.6,0.6
2025-08-25T1500,1519A,113.167,27.8667,株洲市,市四中,,25,17,21,7,10,79,,68,68,4,9,7,7,0.6,0.7
2025-08-25T1500,1520A,113.143,27.8381,株洲市,火车站,,26,20,21,16,12,83,,73,73,4,9,7,8,0.5,0.8
2025-08-25T1500,1524A,113.13,27.8528,株洲市,市监测站,,,19,19,,6,87,,71,71,4,8,6,8,0.5,0.7
2025-08-25T1500,1559A,113.251,27.8336,株洲市,大京风景区,,25,,16,17,11,79,,61,61,2,4,6,6,0.3,0.3
2025-08-25T1500,2031A,113.1817,27.9958,株洲市,云田中学,,29,14,16,14,10,91,,80,80,5,8,7,7,0.6,0.6
2025-08-25T1500,1367A,113.5814,22.2618,珠海市,吉大,,13,9,14,3,4,40,,26,26,9,10,6,5,0.4,0.4
2025-08-25T1500,1368A,113.4881,22.2335,珠海市,前山,,12,7,16,3,5,37,,27,27,6,7,6,5,0.2,0.2
2025-08-25T1500,1369A,113.628,22.4251,珠海市,唐家,,15,6,8,3,6,45,,31,31,13,16,4,4,0.2,0.3
2025-08-25T1500,1370A,113.299,22.2281,珠海市,斗门,,12,10,16,3,7,37,,28,28,3,4,3,3,0.3,0.4
2025-08-25T1500,3308A,113.3494,22.0569,珠海市,金湾,,15,15,18,7,9,47,,28,28,10,10,6,6,0.3,0.3
2025-08-25T1500,3448A,113.5433,22.1163,珠海市,横琴,,,,18,,7,49,,30,30,6,8,,7,0.3,0.4
2025-08-25T1500,2420A,114.0189,32.9656,驻马店市,市一纸厂,,43,,31,30,25,89,,72,70,8,8,4,4,0.3,0.3
2025-08-25T1500,2421A,114.0114,33.015,驻马店市,市彩印厂,,31,,19,18,12,98,,74,73,9,11,6,7,0.3,0.3
2025-08-25T1500,3339A,114.0012,33.0412,驻马店市,小管楼,,31,27,30,12,13,98,,69,69,6,9,4,4,0.2,0.2
2025-08-25T1500,4202A,113.9856,32.9802,驻马店市,交通路1233号,,39,,33,27,24,94,,76,72,7,7,5,4,0.3,0.3
2025-08-25T1500,2561A,104.6617,30.1372,资阳市,莲花山,,31,23,18,8,9,99,,61,61,2,3,4,4,0.2,0.2
2025-08-25T1500,2562A,104.6356,30.1506,资阳市,资阳中学,,32,13,12,6,8,101,,63,63,4,6,6,6,0.5,0.5
2025-08-25T1500,2563A,104.6295,30.1383,资阳市,四三一厂,,31,10,13,6,6,97,,66,66,7,11,4,5,0.5,0.5
2025-08-25T1500,2564A,104.6463,30.1146,资阳市,师范校,,30,15,13,8,7,95,,62,62,6,10,4,4,0.5,0.6
2025-08-25T1500,2565A,104.6296,30.1256,资阳市,区法院,,30,13,16,9,5,96,,63,63,6,9,6,7,0.5,0.5
2025-08-25T1500,1631A,118.0414,36.8103,淄博市,人民公园,细颗粒物(PM2.5),70,61,50,51,34,79,,58,58,20,18,10,9,0.8,0.5
2025-08-25T1500,1633A,117.8525,36.4847,淄博市,双山,,38,36,43,26,29,90,,45,45,15,25,4,4,0.6,0.5
2025-08-25T1500,1634A,117.9592,36.6331,淄博市,气象站,,32,27,43,22,30,99,,64,64,12,18,7,8,0.7,0.6
2025-08-25T1500,3363A,117.9883,36.8372,淄博市,新区,细颗粒物(PM2.5),59,51,49,42,35,83,,53,53,18,18,10,8,1.0,0.8
2025-08-25T1500,3644A,117.8661,36.805,淄博市,三金集团,,31,29,43,19,28,99,,57,57,8,16,5,6,0.6,0.6
2025-08-25T1500,3645A,118.0253,36.8406,淄博市,东风化工厂,颗粒物(PM10),53,55,55,34,31,81,,45,45,10,13,7,4,0.8,0.6
2025-08-25T1500,4212A,118.3039,36.8271,淄博市,广场路1号,,28,19,43,19,36,72,,47,47,11,18,4,4,0.4,0.4
2025-08-25T1500,3028A,104.776,29.3627,自贡市,檀木林体育馆,,35,14,12,3,6,111,,71,71,6,8,11,10,0.3,0.2
2025-08-25T1500,3360A,104.7894,29.3194,自贡市,南湖救助站,,34,16,22,9,11,108,,69,69,7,11,3,6,0.5,0.5
2025-08-25T1500,3638A,104.7636,29.3338,自贡市,轻化工大学,,37,16,11,12,12,118,,73,73,6,8,7,7,0.5,0.5
2025-08-25T1500,4225A,104.7143,29.3386,自贡市,贡兴路74号,,44,15,14,7,6,138,,77,77,8,9,7,6,0.3,0.3
2025-08-25T1500,1911A,106.9222,27.6869,遵义市,丁字口,,24,6,15,6,8,74,,49,49,7,11,3,3,0.1,0.1
2025-08-25T1500,1912A,106.9242,27.7019,遵义市,凤凰山,,22,19,20,14,13,70,,49,49,4,7,6,6,0.4,0.5
2025-08-25T1500,1913A,106.8906,27.6486,遵义市,忠庄,,25,9,23,8,14,80,,55,55,4,8,2,3,0.3,0.4
2025-08-25T1500,1914A,106.9231,27.6506,遵义市,舟水桥,,25,9,25,6,12,80,,52,52,2,6,3,3,0.2,0.2
2025-08-25T1500,1915A,106.9178,27.72,遵义市,干田坝,,24,14,17,8,14,74,,57,57,7,12,7,4,0.1,0.1
2025-08-25T1500,4245A,106.8609,27.5969,遵义市,遵南大道1161号,,26,22,30,11,18,81,,57,57,11,13,4,3,0.5,0.6
