timepoint,stationcode,longitude,latitude,area,positionname,primarypollutant,aqi,pm10,pm10_24h,pm2_5,pm2_5_24h,o3,o3_24h,o3_8h,o3_8h_24h,no2,no2_24h,so2,so2_24h,co,co_24h
2025-06-29T1200,2566A,102.1879,31.914,阿坝藏族羌族自治州,州农科所,颗粒物(PM10),65,79,28,15,11,34,,30,25,17,10,13,13,0.6,0.6
2025-06-29T1200,2568A,102.2502,31.8896,阿坝藏族羌族自治州,马师校,,20,20,18,13,17,34,,24,18,18,14,6,6,0.6,0.4
2025-06-29T1200,3994A,102.2165,31.9024,阿坝藏族羌族自治州,马尔康中学西区,,23,23,19,13,17,44,,38,28,12,8,6,6,0.7,0.5
2025-06-29T1200,2695A,80.292,41.1694,阿克苏地区,电视台,,43,43,57,14,19,120,,67,67,7,21,3,4,0.7,0.8
2025-06-29T1200,2696A,80.2613,41.1551,阿克苏地区,艺术中心,,44,44,80,23,31,120,,63,63,8,22,3,3,0.3,0.4
2025-06-29T1200,2204A,105.6467,38.8363,阿拉善盟,西城区西花园,臭氧1小时,73,20,17,17,14,178,,148,147,9,9,7,6,0.8,0.7
2025-06-29T1200,2205A,105.6985,38.8411,阿拉善盟,蒙二幼,臭氧1小时,59,31,25,17,14,167,,136,136,8,8,9,8,0.7,0.6
2025-06-29T1200,2206A,105.724,38.8516,阿拉善盟,环保局新楼,臭氧1小时,59,28,21,17,14,167,,147,147,6,5,10,9,0.7,0.6
2025-06-29T1200,2708A,88.1264,47.8517,阿勒泰地区,市站,,32,12,16,3,5,102,,82,82,8,7,2,1,0.2,0.3
2025-06-29T1200,2630A,80.1161,32.5,阿里地区,阿里监测站,,33,6,7,3,3,103,,99,94,3,4,1,5,0.3,0.3
2025-06-29T1200,3192A,80.0903,32.5028,阿里地区,阿里藏医院,,34,11,12,9,6,108,,109,101,3,2,8,8,0.4,0.4
2025-06-29T1200,2642A,109.0318,32.6537,安康市,香溪洞,,39,,19,27,17,107,,88,83,5,4,6,4,0.5,0.5
2025-06-29T1200,2644A,109.0072,32.6975,安康市,汉滨区检察院,,33,8,19,7,9,104,,71,71,4,6,7,8,0.4,0.4
2025-06-29T1200,4054A,109.0325,32.6913,安康市,市邮政管理局,,34,15,19,8,11,108,,77,77,4,6,6,8,0.5,0.5
2025-06-29T1200,2291A,117.0809,30.5177,安庆市,环科院,,18,14,11,12,6,51,,38,38,13,16,4,3,0.5,0.5
2025-06-29T1200,2292A,117.0331,30.5119,安庆市,马山宾馆,,18,18,13,6,3,56,,35,35,10,16,6,3,0.5,0.4
2025-06-29T1200,2294A,116.9896,30.6145,安庆市,安庆大学,,19,11,13,6,6,60,,50,50,14,12,3,3,0.4,0.4
2025-06-29T1200,3173A,117.0598,30.5351,安庆市,市人大,,20,19,11,11,6,61,,44,44,12,12,9,4,0.5,0.4
2025-06-29T1200,3122A,105.9606,26.2611,安顺市,伍家关,,14,7,7,7,7,43,,52,46,2,1,3,3,0.4,0.4
2025-06-29T1200,3123A,105.9408,26.2431,安顺市,凤凰山,,15,11,10,10,7,46,,58,50,5,4,2,2,0.5,0.4
2025-06-29T1200,3124A,105.9439,26.2564,安顺市,金钟山,,15,9,9,3,6,47,,57,50,4,3,5,4,0.5,0.5
2025-06-29T1200,3125A,105.8983,26.2481,安顺市,娄家坡,,14,7,5,6,4,44,,54,48,2,2,3,4,0.6,0.5
2025-06-29T1200,1818A,114.4839,36.0621,安阳市,棉研所,,,,,,,,,,,,,,,,
2025-06-29T1200,1819A,114.3551,36.1017,安阳市,红庙街,,38,36,22,24,16,121,,96,96,2,2,1,3,0.5,0.4
2025-06-29T1200,1820A,114.361,36.0681,安阳市,银杏小区,细颗粒物(PM2.5),68,,27,49,26,129,,106,106,2,2,2,3,0.5,0.5
2025-06-29T1200,3141A,114.3922,36.0878,安阳市,信访局,,40,29,26,20,15,127,,106,106,2,3,3,2,0.6,0.6
2025-06-29T1200,3669A,114.4705,36.0637,安阳市,左辅环卫站,,34,24,22,17,18,106,,96,96,4,3,4,5,0.6,0.5
2025-06-29T1200,3703A,114.2917,36.0949,安阳市,安钢职工学校,细颗粒物(PM2.5),59,44,32,42,23,123,,92,92,3,6,3,4,0.6,0.6
2025-06-29T1200,1748A,123.044,41.1196,鞍山市,深沟寺,,30,17,34,10,26,94,,90,90,4,9,5,4,0.8,1.1
2025-06-29T1200,1749A,123.011,41.0931,鞍山市,太阳城,,31,8,44,8,31,98,,96,96,5,10,5,6,0.7,1
2025-06-29T1200,1750A,123.0485,41.1442,鞍山市,太平,,31,20,64,11,39,98,,110,103,4,9,5,6,0.8,1.1
2025-06-29T1200,1751A,122.9642,41.0971,鞍山市,铁西三道街,,,60,59,8,45,96,,116,105,,14,6,6,0.8,1.1
2025-06-29T1200,1753A,123.022,41.0821,鞍山市,明达新区,,30,11,34,7,28,93,,110,98,3,8,6,6,0.7,1
2025-06-29T1200,1754A,123.1289,41.0228,鞍山市,千山,,,,,,,,,,,,,,,,
2025-06-29T1200,4201A,122.9446,41.0826,鞍山市,兴盛南路290号,,32,13,50,8,32,102,,107,103,9,17,4,4,0.7,0.9
2025-06-29T1200,2195A,107.4212,40.761,巴彦淖尔市,附二中,,47,13,27,10,16,148,,102,102,8,9,8,8,0.6,0.6
2025-06-29T1200,2196A,107.37,40.7372,巴彦淖尔市,市环保大楼,,48,28,35,16,16,151,,109,109,10,12,8,8,0.5,0.5
2025-06-29T1200,1956A,86.1472,41.7538,巴音郭楞蒙古自治州,孔雀公园,,43,43,52,14,20,108,,85,85,8,27,4,3,0.2,0.3
2025-06-29T1200,1957A,86.1972,41.7166,巴音郭楞蒙古自治州,棉纺厂,,,,78,,13,117,,89,89,5,18,4,4,0.2,0.3
2025-06-29T1200,1958A,86.2357,41.7173,巴音郭楞蒙古自治州,经济开发区,,44,44,50,10,13,113,,92,92,2,8,2,3,0.2,0.2
2025-06-29T1200,2914A,106.7677,31.8794,巴中市,苏山坪,,27,16,17,10,12,84,,85,74,6,7,5,4,0.3,0.4
2025-06-29T1200,3181A,106.7768,31.8526,巴中市,市五中,,27,18,24,13,16,86,,52,52,7,14,8,8,0.5,0.6
2025-06-29T1200,3183A,106.7418,31.8654,巴中市,圣泉水务公司,,29,18,21,14,14,91,,56,56,5,14,6,6,0.5,0.6
2025-06-29T1200,3616A,106.7616,31.8344,巴中市,市中心医院,,26,18,23,17,16,82,,48,48,5,17,8,7,0.4,0.5
2025-06-29T1200,2235A,122.7911,45.6077,白城市,洮北区环保局,,32,26,20,22,21,96,,75,75,6,9,7,6,0.3,0.3
2025-06-29T1200,2236A,122.8738,45.5725,白城市,市环保局,,29,22,20,19,16,90,,68,68,2,7,6,6,0.5,0.5
2025-06-29T1200,2231A,126.4219,41.9171,白山市,喜丰,,41,38,32,18,14,129,,61,61,6,15,4,7,0.9,0.9
2025-06-29T1200,2232A,126.4077,41.9419,白山市,环保局,,41,37,36,24,13,131,,66,66,7,10,2,3,0.7,0.8
2025-06-29T1200,2647A,104.1724,36.5446,白银市,第三小学,颗粒物(PM10),195,340,83,60,27,109,,85,85,3,10,5,62,0.4,0.6
2025-06-29T1200,2648A,104.1465,36.5482,白银市,动力公司,颗粒物(PM10),173,295,77,68,27,100,,80,80,5,12,5,24,0.4,0.5
2025-06-29T1200,2512A,106.6103,23.9011,百色市,市监测站,,36,36,27,16,14,68,,33,33,11,12,13,11,0.6,0.5
2025-06-29T1200,2513A,106.6538,23.8859,百色市,市中心血站,,31,31,27,20,15,68,,34,34,10,11,11,8,0.7,0.7
2025-06-29T1200,3406A,106.6085,23.8798,百色市,祈福高中,,44,44,31,18,15,54,,26,26,15,16,10,10,0.5,0.5
2025-06-29T1200,2270A,117.396,32.939,蚌埠市,工人疗养院,,34,16,12,7,2,108,,65,65,4,4,5,4,0.4,0.3
2025-06-29T1200,2271A,117.3605,32.9427,蚌埠市,百货大楼,,30,13,15,3,1,95,,59,59,6,7,6,5,0.3,0.3
2025-06-29T1200,2273A,117.4185,32.8911,蚌埠市,蚌埠学院,,34,12,8,3,3,106,,61,61,2,4,7,6,0.4,0.4
2025-06-29T1200,2274A,117.3533,32.9673,蚌埠市,淮上区政府,,31,12,11,3,4,97,,64,64,3,5,5,5,0.4,0.4
2025-06-29T1200,2275A,117.3145,32.8977,蚌埠市,高新区,,29,6,11,3,3,90,,57,57,4,7,5,6,0.3,0.4
2025-06-29T1200,3715A,117.3092,32.9314,蚌埠市,蚌埠田家炳中学,,28,10,17,3,5,87,,56,56,5,6,6,8,0.1,0.2
2025-06-29T1200,1585A,109.8756,40.6532,包头市,市环境监测站,臭氧1小时,69,33,37,27,27,175,,99,99,9,23,10,10,0.3,0.6
2025-06-29T1200,1587A,109.9991,40.5842,包头市,包头八中,,49,42,52,21,31,154,,85,85,14,25,13,11,0.8,0.9
2025-06-29T1200,1588A,109.8538,40.6821,包头市,青山宾馆,臭氧1小时,65,30,34,16,29,172,,88,88,10,27,10,9,0.4,0.6
2025-06-29T1200,1589A,109.8642,40.6288,包头市,惠龙物流,臭氧1小时,60,30,38,19,25,168,,98,98,10,21,8,8,0.6,0.8
2025-06-29T1200,1590A,110.0377,40.5546,包头市,东河鸿龙湾,臭氧1小时,60,30,37,21,27,168,,83,83,9,23,8,9,0.6,0.7
2025-06-29T1200,3283A,109.9154,40.5685,包头市,滨河大厦,臭氧1小时,62,25,32,18,26,169,,82,82,9,23,10,9,0.7,0.7
2025-06-29T1200,3419A,109.9447,40.6261,包头市,包头市委党校,臭氧1小时,63,34,38,24,29,170,,97,97,11,23,13,13,0.6,0.8
2025-06-29T1200,3683A,109.8331,40.6576,包头市,昆区政府,臭氧1小时,59,48,49,24,34,167,,99,99,12,22,8,8,0.7,0.9
2025-06-29T1200,1930A,107.185,34.3063,宝鸡市,庙沟村,臭氧1小时,53,36,22,17,13,162,,101,101,10,9,5,5,0.4,0.3
2025-06-29T1200,1931A,107.0708,34.3017,宝鸡市,竹园沟,,50,32,23,18,14,160,,86,86,10,11,8,6,0.5,0.4
2025-06-29T1200,1932A,107.1906,34.3672,宝鸡市,三陆医院,臭氧1小时,55,47,35,20,21,164,,82,82,13,23,8,8,0.6,0.6
2025-06-29T1200,1933A,107.1431,34.3547,宝鸡市,监测站,颗粒物(PM10),51,51,33,19,17,157,,85,85,11,15,9,8,0.3,0.3
2025-06-29T1200,1934A,107.1186,34.3739,宝鸡市,技工学校,臭氧1小时,55,48,31,17,18,164,,94,94,8,9,10,9,0.5,0.5
2025-06-29T1200,1935A,107.3906,34.3528,宝鸡市,陈仓区环保局家属楼,臭氧1小时,53,37,33,18,19,162,,80,80,9,19,8,9,0.4,0.4
2025-06-29T1200,1936A,107.2058,34.3497,宝鸡市,文理学院,臭氧1小时,63,31,31,19,16,170,,92,92,9,14,8,7,0.5,0.5
2025-06-29T1200,1937A,107.2386,34.3622,宝鸡市,三迪小学,臭氧1小时,57,46,33,19,19,165,,86,86,11,19,8,8,0.5,0.5
2025-06-29T1200,1051A,115.493,38.8632,保定市,游泳馆,,44,31,42,25,32,140,,101,101,5,8,4,4,0.2,0.3
2025-06-29T1200,1052A,115.5213,38.8959,保定市,华电二区,,50,44,50,19,35,159,,118,118,6,11,3,2,0.7,0.7
2025-06-29T1200,1053A,115.4713,38.9108,保定市,接待中心,,47,35,49,31,34,149,,122,122,2,6,3,3,0.3,0.4
2025-06-29T1200,1054A,115.4612,38.8416,保定市,地表水厂,臭氧1小时,59,39,61,22,25,167,,128,128,6,12,3,3,0.6,0.7
2025-06-29T1200,3581A,115.31981,38.95208,保定市,满城区生态环境分局,,42,34,40,29,30,132,,93,93,1,8,2,2,0.3,0.3
2025-06-29T1200,3582A,115.47694,38.76408,保定市,清苑区第二中学,臭氧1小时,54,49,57,33,39,163,,119,119,2,8,3,2,0.5,0.5
2025-06-29T1200,3583A,115.62909,39.02311,保定市,徐水物探局,,49,49,51,14,35,148,,105,105,1,6,3,4,0.4,0.4
2025-06-29T1200,4004A,115.4202,38.8656,保定市,双鹰农机,,48,,32,23,29,152,,128,128,6,9,2,2,0.4,0.4
2025-06-29T1200,4034A,115.5150,38.8590,保定市,植保所站,臭氧1小时,62,39,48,22,34,169,,131,131,12,13,5,4,0.4,0.4
2025-06-29T1200,2594A,99.1678,25.1081,保山市,市环境监测站,,16,11,17,9,14,49,,30,30,5,6,7,9,0.3,0.3
2025-06-29T1200,2595A,99.1711,25.1328,保山市,市环保局,,18,14,16,3,8,55,,36,36,4,5,7,6,0.4,0.4
2025-06-29T1200,1866A,109.2262,21.588,北海市,牛尾岭水库,,,6,13,3,9,56,,48,46,,4,4,5,0.4,0.4
2025-06-29T1200,1867A,109.1436,21.4086,北海市,海滩公园,,14,13,21,3,4,44,,47,45,5,4,2,2,0.5,0.6
2025-06-29T1200,1868A,109.0981,21.4661,北海市,新市环保局,,18,18,12,12,9,46,,54,51,3,3,2,2,0.4,0.3
2025-06-29T1200,1869A,109.1778,21.5233,北海市,北海工业园,,19,19,16,10,9,41,,44,43,9,6,3,3,0.6,0.6
2025-06-29T1200,3400A,109.1911,21.4415,北海市,龙潭自来水厂,,14,11,12,7,7,44,,53,50,4,4,3,3,0.4,0.4
2025-06-29T1200,1001A,116.3621,39.8784,北京市,万寿西宫,细颗粒物(PM2.5),79,,54,58,47,167,,133,133,9,12,4,3,0.9,0.6
2025-06-29T1200,1002A,116.2202,40.2915,北京市,定陵,,50,,46,24,37,158,,109,109,1,3,4,3,0.6,0.6
2025-06-29T1200,1003A,116.4174,39.9289,北京市,东四,臭氧1小时,68,51,49,41,35,174,,129,129,10,15,4,2,0.9,0.6
2025-06-29T1200,1004A,116.4072,39.8863,北京市,天坛,细颗粒物(PM2.5),90,76,55,67,47,150,,106,106,9,12,3,3,1.2,0.8
2025-06-29T1200,1005A,116.462,39.9365,北京市,农展馆,细颗粒物(PM2.5),92,79,62,68,54,147,,96,96,9,15,6,4,1.5,1.1
2025-06-29T1200,1006A,116.3392,39.9295,北京市,官园,"细颗粒物(PM2.5),臭氧1小时",53,44,57,37,46,162,,132,132,9,14,4,3,0.7,0.6
2025-06-29T1200,1007A,116.2878,39.9611,北京市,海淀万柳,细颗粒物(PM2.5),73,56,60,53,50,160,,103,103,11,16,3,3,0.7,0.7
2025-06-29T1200,1008A,116.6636,40.135,北京市,顺义新城,,,,,,,,,,,,,,,,
2025-06-29T1200,1009A,116.6275,40.3275,北京市,怀柔镇,细颗粒物(PM2.5),62,47,47,44,39,165,,106,106,9,12,1,1,0.6,0.6
2025-06-29T1200,1010A,116.2296,40.217,北京市,昌平镇,臭氧1小时,60,35,52,25,30,168,,104,104,8,13,4,4,0.7,0.8
2025-06-29T1200,1011A,116.3966,39.9821,北京市,奥体中心,,47,36,48,27,32,150,,121,121,4,9,4,3,0.9,0.7
2025-06-29T1200,3281A,115.9718,40.4529,北京市,延庆夏都,,44,14,44,12,36,138,,114,114,2,8,4,4,0.6,0.7
2025-06-29T1200,3418A,116.8336,40.4095,北京市,密云新城,细颗粒物(PM2.5),57,56,59,40,43,157,,97,97,4,8,1,2,0.6,0.6
2025-06-29T1200,3671A,116.088,39.9726,北京市,门头沟三家店,,43,27,61,20,42,137,,96,96,4,14,3,3,0.7,0.8
2025-06-29T1200,3672A,116.1541,39.8204,北京市,丰台云岗,细颗粒物(PM2.5),82,67,66,60,52,157,,102,102,9,10,2,2,0.6,0.5
2025-06-29T1200,3673A,116.6804,39.9081,北京市,通州东关,细颗粒物(PM2.5),127,108,70,96,58,132,,113,113,7,9,2,2,1.3,1
2025-06-29T1200,3674A,115.9577,39.7603,北京市,房山燕山,臭氧1小时,57,,49,38,42,165,,116,116,9,10,1,1,0.5,0.6
2025-06-29T1200,3675A,116.4672,39.7733,北京市,大兴旧宫,细颗粒物(PM2.5),88,84,61,65,44,126,,83,83,9,13,2,2,1.2,0.8
2025-06-29T1200,3694A,115.986,40.4563,北京市,延庆石河营,,44,14,42,11,32,140,,112,112,4,8,3,2,0.5,0.6
2025-06-29T1200,3695A,116.6151,40.3053,北京市,怀柔新城,,47,38,43,29,35,149,,95,95,4,7,1,1,1.0,1
2025-06-29T1200,3696A,116.2545,39.8768,北京市,丰台小屯,细颗粒物(PM2.5),80,59,61,59,49,145,,98,98,5,8,2,2,0.7,0.7
2025-06-29T1200,3697A,116.84,40.3844,北京市,密云镇,细颗粒物(PM2.5),58,,59,41,53,149,,99,99,3,11,3,3,0.7,0.7
2025-06-29T1200,4182A,116.1942,39.9158,北京市,八角北路9号,细颗粒物(PM2.5),62,57,62,44,46,154,,113,113,10,16,1,1,0.6,0.6
2025-06-29T1200,4194A,117.0790,40.1518,北京市,洳河巡河路,细颗粒物(PM2.5),152,127,112,116,89,118,,82,67,2,5,2,2,1.2,0.8
2025-06-29T1200,1761A,123.8275,41.3064,本溪市,大峪,,31,12,30,9,16,97,,113,104,2,6,6,6,0.4,0.5
2025-06-29T1200,1762A,123.7567,41.3325,本溪市,溪湖,,34,21,32,10,21,106,,110,107,6,10,6,7,0.8,1
2025-06-29T1200,1763A,123.7169,41.3094,本溪市,彩屯,,31,22,38,13,27,97,,93,93,15,26,12,10,1.5,2.2
2025-06-29T1200,1764A,123.7669,41.2864,本溪市,东明,,35,26,31,13,18,111,,129,122,6,9,5,5,0.7,0.8
2025-06-29T1200,1765A,123.7992,41.2664,本溪市,新立屯,,35,16,31,9,21,112,,135,126,4,8,4,4,0.6,0.7
2025-06-29T1200,1766A,123.8142,41.3472,本溪市,威宁,,32,28,50,12,26,102,,90,90,3,10,6,6,0.5,0.5
2025-06-29T1200,2587A,105.2864,27.3125,毕节市,八中,,20,20,19,12,13,59,,22,22,5,12,7,7,0.4,0.5
2025-06-29T1200,2588A,105.31,27.2944,毕节市,师专,,23,23,18,14,12,58,,27,27,10,14,6,6,0.4,0.4
2025-06-29T1200,4263A,105.3688,27.3598,毕节市,工业大道,,21,21,14,14,8,64,,36,36,9,12,7,7,0.6,0.6
2025-06-29T1200,1629A,118.0018,37.3617,滨州市,第二水厂,,43,24,33,17,22,137,,66,66,5,15,1,2,0.5,0.6
2025-06-29T1200,1630A,117.9776,37.393,滨州市,北中新校,,40,24,32,14,20,128,,66,66,5,17,6,7,0.5,0.6
2025-06-29T1200,3514A,117.9378,37.3956,滨州市,中海酒店,,41,,26,19,22,130,,73,73,12,20,8,8,0.7,0.7
2025-06-29T1200,3515A,117.9378,37.3553,滨州市,开发区一中,,36,22,30,19,22,113,,58,58,9,20,10,10,0.4,0.5
2025-06-29T1200,3516A,118.0917,37.694,滨州市,金海六路,,49,32,30,19,20,156,,77,77,13,16,12,9,0.3,0.3
2025-06-29T1200,4028A,117.9956,37.3753,滨州市,滨州市西街道办事处,,45,17,27,17,21,143,,75,75,6,12,3,3,0.4,0.6
2025-06-29T1200,2311A,115.8072,33.8399,亳州市,污水处理厂,,20,,6,3,6,62,,40,40,4,7,4,4,0.6,0.7
2025-06-29T1200,2312A,115.7789,33.8518,亳州市,三国揽胜宫,,20,10,16,8,5,63,,46,46,6,9,3,2,0.3,0.4
2025-06-29T1200,3332A,115.7633,33.8034,亳州市,亳州学院,,22,9,4,7,7,68,,46,46,4,8,3,2,0.3,0.4
2025-06-29T1200,2693A,82.0485,44.8556,博尔塔拉蒙古自治州,市党校,,25,21,20,9,11,77,,50,49,11,13,3,3,0.1,0.1
2025-06-29T1200,2694A,82.0806,44.8969,博尔塔拉蒙古自治州,市环保局,,25,25,26,13,10,66,,51,48,11,8,1,2,0.3,0.2
2025-06-29T1200,1071A,116.8842,38.2991,沧州市,沧县城建局,细颗粒物(PM2.5),67,50,53,48,49,126,,72,72,10,16,1,2,0.6,0.6
2025-06-29T1200,1072A,116.8584,38.3254,沧州市,电视转播站,细颗粒物(PM2.5),77,59,61,56,50,105,,58,58,12,15,6,4,0.6,0.6
2025-06-29T1200,1073A,116.8709,38.3228,沧州市,市环保局,细颗粒物(PM2.5),70,70,71,51,50,115,,67,67,9,14,3,3,0.6,0.6
2025-06-29T1200,3324A,116.8136,38.3004,沧州市,河北水利电力学院,细颗粒物(PM2.5),69,63,58,50,46,135,,86,86,10,13,4,3,0.5,0.5
2025-06-29T1200,2622A,97.1806,31.1273,昌都市,昌都监测站,,28,8,15,3,13,87,,64,64,4,6,6,6,0.1,0.2
2025-06-29T1200,3719A,97.1714,31.1406,昌都市,昌都会议中心,,30,22,20,13,15,95,,68,67,6,5,6,6,0.2,0.2
2025-06-29T1200,2690A,88.1236,43.8886,昌吉回族自治州,天山天池,,,6,6,,3,110,,82,82,8,5,5,4,0.6,0.5
2025-06-29T1200,2692A,87.2717,44.0297,昌吉回族自治州,新区政务中心,,39,13,22,10,11,122,,71,71,8,17,4,3,0.3,0.5
2025-06-29T1200,3613A,87.3095,44.0142,昌吉回族自治州,亚心广场,,38,27,32,3,7,121,,69,69,9,23,8,7,0.2,0.4
2025-06-29T1200,1120A,125.2863,43.9027,长春市,客车厂,,47,45,27,26,18,150,,95,95,14,19,4,4,0.6,0.5
2025-06-29T1200,1121A,125.2841,43.8463,长春市,邮电学院,,43,36,23,21,14,137,,95,95,10,14,5,5,0.7,0.6
2025-06-29T1200,1122A,125.3716,43.8772,长春市,劳动公园,,48,48,32,25,14,139,,90,90,11,18,5,5,0.7,0.5
2025-06-29T1200,1123A,125.3297,43.8805,长春市,园林处,颗粒物(PM10),54,57,28,23,14,142,,101,101,10,14,4,4,0.7,0.6
2025-06-29T1200,1124A,125.4605,43.79,长春市,净月潭,颗粒物(PM10),53,56,22,18,10,120,,77,77,5,12,6,6,0.6,0.5
2025-06-29T1200,1125A,125.7194,43.515,长春市,甩湾子,,39,35,17,14,8,124,,68,68,10,10,1,1,0.8,0.7
2025-06-29T1200,1126A,125.3863,43.8447,长春市,经开区环卫处,,48,48,31,18,10,140,,82,82,6,15,5,6,0.6,0.5
2025-06-29T1200,1127A,125.245,43.7783,长春市,高新区管委会,,48,40,25,29,21,152,,99,99,7,17,3,3,0.6,0.5
2025-06-29T1200,1128A,125.1761,43.8325,长春市,岱山公园,,47,47,29,26,16,150,,94,94,8,25,3,3,0.6,0.5
2025-06-29T1200,4281A,125.3346,43.9164,长春市,北亚泰大街1068号,颗粒物(PM10),51,52,32,23,19,146,,99,99,15,19,3,3,0.8,0.7
2025-06-29T1200,1335A,113.0833,28.2325,长沙市,经开区环保局,,20,20,15,10,7,48,,37,33,8,10,6,4,0.4,0.3
2025-06-29T1200,1336A,112.8872,28.2189,长沙市,高开区环保局,,32,32,20,13,7,50,,37,31,7,6,3,3,0.7,0.5
2025-06-29T1200,1337A,113.0792,28.2053,长沙市,马坡岭,,26,22,18,18,6,51,,42,38,6,7,6,4,0.6,0.5
2025-06-29T1200,1338A,112.9394,28.19,长沙市,湖南师范大学,,29,29,18,15,8,55,,36,33,8,9,2,3,0.5,0.4
2025-06-29T1200,1339A,113.0178,28.1322,长沙市,雨花区环保局,,26,26,18,3,6,56,,37,29,5,7,7,5,0.2,0.1
2025-06-29T1200,1340A,112.9792,28.2597,长沙市,伍家岭,,27,27,19,7,5,53,,37,35,8,9,4,2,0.5,0.4
2025-06-29T1200,1341A,113.0014,28.1944,长沙市,火车新站,,21,21,18,7,6,50,,37,32,10,9,8,7,0.6,0.5
2025-06-29T1200,1342A,112.9844,28.1178,长沙市,天心区环保局,,21,19,16,11,7,67,,43,37,8,10,4,2,0.2,0.1
2025-06-29T1200,1343A,112.8908,28.1308,长沙市,湖南中医药大学,,26,26,18,6,8,62,,34,30,6,8,5,3,0.7,0.5
2025-06-29T1200,1344A,112.9581,28.3611,长沙市,沙坪,,15,12,18,7,4,47,,45,36,13,8,5,4,0.6,0.4
2025-06-29T1200,1727A,113.1147,36.1547,长治市,清华站,,43,27,26,27,17,136,,82,82,8,10,6,6,0.7,0.8
2025-06-29T1200,1730A,113.0886,36.2125,长治市,审计局,,43,33,24,24,18,137,,84,84,8,10,8,8,0.8,0.8
2025-06-29T1200,1731A,113.0844,36.1856,长治市,长治八中,,46,29,27,29,26,146,,86,86,6,10,11,11,0.7,0.8
2025-06-29T1200,2845A,113.1569,36.1911,长治市,德盛苑,,41,30,26,27,18,131,,74,74,10,10,7,7,0.8,0.9
2025-06-29T1200,3568A,113.06,36.0464,长治市,向阳小学,,50,50,58,12,26,140,,78,78,32,30,25,21,1.0,1.4
2025-06-29T1200,3569A,112.8792,36.3144,长治市,屯留一中,细颗粒物(PM2.5),57,49,58,40,44,139,,85,85,11,15,10,11,0.5,0.8
2025-06-29T1200,4189A,113.1131,36.19948,长治市,英华南巷50号,,42,30,32,22,20,133,,82,82,8,11,7,6,0.7,0.9
2025-06-29T1200,4190A,113.2367,36.3344,长治市,学府街1号,,,,22,,18,,,123,,,12,,5,,0.7
2025-06-29T1200,1854A,111.6975,28.9703,常德市,市二中,,22,20,11,15,6,58,,45,45,3,9,4,4,0.7,0.7
2025-06-29T1200,1857A,111.7158,29.1456,常德市,白鹤山,,,,,,,,,,,,,,,,
2025-06-29T1200,3138A,111.7153,29.0289,常德市,武陵区永安,,23,22,13,11,5,71,,48,48,3,5,5,4,0.3,0.2
2025-06-29T1200,3139A,111.6892,28.9881,常德市,鼎城区玉霞,,24,24,14,10,6,58,,46,46,2,7,4,3,0.5,0.4
2025-06-29T1200,3140A,111.6625,29.0531,常德市,武陵区长庚,,22,,9,14,7,68,,49,49,4,6,3,3,0.5,0.4
2025-06-29T1200,1196A,119.9633,31.762,常州市,市监测站,,30,17,12,8,9,95,,60,60,16,20,8,8,0.3,0.4
2025-06-29T1200,1200A,119.9468,31.7069,常州市,武进监测站,,33,17,19,9,5,105,,65,65,11,13,10,10,0.5,0.5
2025-06-29T1200,1201A,119.9255,31.9087,常州市,安家,,,,14,10,7,114,,78,78,8,12,9,8,0.5,0.6
2025-06-29T1200,3002A,119.9805,31.8174,常州市,行政中心,,30,16,13,10,9,93,,61,61,7,10,12,12,0.2,0.2
2025-06-29T1200,3003A,120.0522,31.7748,常州市,经开区,,40,28,20,11,7,125,,69,69,7,11,6,6,0.1,0.4
2025-06-29T1200,3010A,119.9025,31.7964,常州市,钟楼,,31,17,16,3,5,97,,63,63,8,12,6,7,0.4,0.4
2025-06-29T1200,3429A,119.8598,31.7066,常州市,武进经发区,,43,26,16,14,8,137,,65,65,6,9,8,8,0.8,0.7
2025-06-29T1200,3430A,119.5826,31.7245,常州市,金坛城区,,37,14,12,9,9,118,,66,66,9,12,10,8,0.3,0.3
2025-06-29T1200,2220A,120.4318,41.5881,朝阳市,西梁,,45,41,26,31,19,124,,93,93,9,8,8,8,0.8,0.7
2025-06-29T1200,2221A,120.4521,41.5646,朝阳市,河畔小区,,49,49,21,27,15,136,,104,104,7,7,6,6,0.5,0.4
2025-06-29T1200,2222A,120.4176,41.5648,朝阳市,八里堡,颗粒物(PM10),58,65,30,27,17,140,,101,101,10,10,3,4,0.7,0.6
2025-06-29T1200,2223A,120.3806,41.5969,朝阳市,农业园区,,46,46,25,30,19,134,,86,86,7,11,4,3,0.7,0.6
2025-06-29T1200,1705A,116.6367,23.6719,潮州市,西园路,,,11,15,,5,43,,20,20,7,10,3,4,0.5,0.5
2025-06-29T1200,3026A,116.6183,23.6608,潮州市,市政府,,15,,15,6,6,47,,24,24,5,8,2,3,0.7,0.7
2025-06-29T1200,4036A,116.6461,23.6761,潮州市,金山,,38,31,17,26,11,37,,4,,6,7,4,5,0.5,0.6
2025-06-29T1200,2472A,113.0073,25.9061,郴州市,马头岭,,15,11,12,3,6,46,,51,44,7,6,7,8,0.4,0.4
2025-06-29T1200,2473A,113.0116,25.8226,郴州市,市职中,,16,8,8,3,5,49,,49,43,10,9,4,7,0.6,0.5
2025-06-29T1200,2475A,113.0383,25.8071,郴州市,市审计局,,19,19,10,6,5,46,,46,41,7,6,12,16,0.3,0.3
2025-06-29T1200,2476A,113.0348,25.7759,郴州市,市环保局,,16,13,11,3,2,51,,48,44,5,5,7,17,0.2,0.2
2025-06-29T1200,4252A,113.0138,25.8011,郴州市,好美居路49号,,18,9,10,7,7,55,,55,50,6,4,3,8,0.3,0.2
2025-06-29T1200,1431A,103.9728,30.7236,成都市,金泉两河,,26,15,39,3,26,83,,95,95,15,18,2,3,0.4,0.6
2025-06-29T1200,1432A,104.176,30.6872,成都市,十里店,,29,11,42,3,26,92,,75,75,12,16,4,4,0.5,0.7
2025-06-29T1200,1433A,104.079,30.5706,成都市,三瓦窑,,31,17,39,3,26,98,,88,88,14,27,3,4,0.5,0.6
2025-06-29T1200,1434A,104.1114,30.63,成都市,沙河铺,,25,13,41,3,25,77,,72,72,14,19,4,4,0.5,0.7
2025-06-29T1200,1437A,104.0786,30.6531,成都市,君平街,,22,10,43,3,28,70,,71,71,14,16,4,4,0.7,0.7
2025-06-29T1200,1438A,103.613,31.0283,成都市,灵岩寺,,,,,,,,,,,,,,,,
2025-06-29T1200,2880A,104.0239,30.65639,成都市,大石西路,,27,20,46,3,30,85,,80,80,13,16,5,5,0.8,0.9
2025-06-29T1200,3136A,104.2725,30.5589,成都市,龙泉驿区区政府,,32,,20,3,13,100,,84,84,12,32,3,3,0.6,0.8
2025-06-29T1200,3357A,104.0106,30.6931,成都市,金博路,,25,6,40,3,26,79,,79,79,15,20,3,4,0.7,0.8
2025-06-29T1200,3359A,104.0578,30.5225,成都市,华阳,,23,12,32,12,25,71,,74,74,20,22,6,6,0.6,0.7
2025-06-29T1200,3488A,104.3853,30.7453,成都市,青白江技师分院,,33,8,31,3,16,104,,81,81,13,30,3,10,0.7,0.7
2025-06-29T1200,3489A,104.0789,30.4072,成都市,科学城,,32,6,30,3,21,102,,87,87,8,13,3,3,0.4,0.6
2025-06-29T1200,4011A,103.8506,30.6947,成都市,光华大道三段,,26,8,40,3,29,83,,100,100,14,14,4,4,0.6,0.7
2025-06-29T1200,4224A,104.2433,30.5353,成都市,鲸龙路1057号,,31,8,32,7,20,99,,84,84,12,25,6,7,0.5,0.6
2025-06-29T1200,1062A,117.9531,40.9081,承德市,铁路,,48,34,44,33,25,140,,75,75,6,17,2,2,0.6,0.5
2025-06-29T1200,1063A,117.9392,40.9763,承德市,中国银行,,50,,41,35,33,157,,80,80,2,9,1,3,0.4,0.5
2025-06-29T1200,1064A,117.9503,40.928,承德市,开发区,,48,42,43,33,25,149,,84,84,9,13,5,5,0.5,0.6
2025-06-29T1200,1065A,117.8051,40.9655,承德市,文化中心,,47,45,53,32,30,149,,81,81,6,12,5,4,0.5,0.6
2025-06-29T1200,1066A,117.9268,41.0026,承德市,离宫,,47,26,37,24,23,150,,73,73,5,8,2,2,0.5,0.5
2025-06-29T1200,2314A,117.47,30.6618,池州市,池州学院,,24,20,16,11,7,76,,46,46,5,8,10,6,0.5,0.3
2025-06-29T1200,3237A,117.4918,30.6617,池州市,展览馆,,22,21,16,11,7,70,,43,43,7,9,7,5,0.5,0.5
2025-06-29T1200,3333A,117.5627,30.695,池州市,第八中学,,27,27,18,10,6,80,,45,45,8,9,5,6,0.2,0.3
2025-06-29T1200,3334A,117.5038,30.6243,池州市,第十二中学,,24,22,17,8,7,75,,37,37,5,8,6,4,0.6,0.6
2025-06-29T1200,1744A,118.9233,42.2816,赤峰市,松山一中,,48,22,26,14,18,151,,142,142,8,11,7,8,0.7,0.7
2025-06-29T1200,1745A,118.9576,42.2728,赤峰市,哈达街,,46,31,30,14,17,145,,131,131,13,14,12,13,0.7,0.8
2025-06-29T1200,1746A,118.8788,42.2554,赤峰市,天义路,,49,30,20,20,21,156,,143,143,8,9,7,8,0.4,0.4
2025-06-29T1200,3058A,119.2658,42.0353,赤峰市,银河街,,43,42,33,28,22,137,,114,114,9,8,6,12,0.7,0.8
2025-06-29T1200,3286A,118.9359,42.3147,赤峰市,桥北物流园区,细颗粒物(PM2.5),74,,28,54,23,143,,127,127,7,6,9,9,0.7,0.8
2025-06-29T1200,2521A,107.3476,22.4136,崇左市,市环保局江州分局,,31,31,24,18,8,63,,28,28,7,10,8,6,0.8,0.7
2025-06-29T1200,4256A,107.3750,22.3736,崇左市,石景林东路7号,,46,46,25,17,9,63,,28,28,9,16,5,6,0.6,0.6
2025-06-29T1200,2298A,118.3093,32.3153,滁州市,老年大学,,30,27,19,7,6,95,,44,44,4,11,9,9,0.2,0.2
2025-06-29T1200,2299A,118.3244,32.2786,滁州市,人大宾馆,,35,,6,7,6,110,,51,51,2,9,6,5,0.2,0.3
2025-06-29T1200,3207A,118.3118,32.3038,滁州市,市政府原办公楼,,31,20,16,15,13,98,,45,45,2,9,6,5,0.3,0.4
2025-06-29T1200,3331A,118.3267,32.2634,滁州市,图书馆,,30,11,9,8,8,95,,44,44,1,8,10,9,0.3,0.4
2025-06-29T1200,2605A,101.5482,25.0441,楚雄彝族自治州,州环境监测站,,16,6,8,3,3,51,,37,37,4,4,7,7,0.3,0.3
2025-06-29T1200,2606A,101.538,25.0492,楚雄彝族自治州,市经济开发区,,15,,13,3,5,48,,35,35,4,5,6,6,0.4,0.4
2025-06-29T1200,2548A,107.5277,31.2827,达州市,达州职业技术学院,,25,21,26,3,3,80,,35,35,6,23,7,7,0.6,0.5
2025-06-29T1200,2549A,107.5086,31.2186,达州市,市环境监测站,,25,25,24,3,3,70,,33,33,19,25,5,5,0.3,0.3
2025-06-29T1200,2550A,107.4988,31.2132,达州市,凤凰小区,,24,17,21,3,7,76,,32,32,9,17,4,4,0.1,0.2
2025-06-29T1200,2551A,107.5082,31.1986,达州市,达县机关宾馆,,27,27,22,7,5,77,,34,34,9,22,6,6,0.2,0.3
2025-06-29T1200,2552A,107.4644,31.2124,达州市,市政中心,,24,21,28,3,4,76,,36,36,7,17,2,3,0.4,0.5
2025-06-29T1200,2614A,100.1542,25.7054,大理白族自治州,大理市环境监测站,,22,,11,15,13,48,,52,46,6,6,5,5,0.5,0.5
2025-06-29T1200,2615A,100.2171,25.5811,大理白族自治州,大理古城,,21,15,16,3,8,65,,46,46,4,6,4,5,0.7,0.7
2025-06-29T1200,1109A,121.612,38.9741,大连市,甘井子,,29,22,43,18,40,91,,76,68,17,18,7,7,0.6,0.7
2025-06-29T1200,1110A,121.565,38.9511,大连市,周水子,,30,24,40,21,43,89,,86,75,15,15,6,5,0.4,0.5
2025-06-29T1200,1111A,121.5637,38.8845,大连市,星海三站,,38,38,76,19,43,100,,90,81,7,9,5,5,0.3,0.4
2025-06-29T1200,1112A,121.6302,38.9117,大连市,青泥洼桥,,40,36,88,28,53,96,,83,77,11,12,6,6,0.7,0.8
2025-06-29T1200,1113A,121.6251,38.8638,大连市,傅家庄,,27,,31,16,42,84,,81,71,15,15,12,12,0.3,0.5
2025-06-29T1200,1114A,121.5213,38.8661,大连市,七贤岭,,30,,42,20,50,93,,89,77,11,13,9,9,0.6,0.8
2025-06-29T1200,1115A,121.2529,38.8061,大连市,旅顺,,25,18,34,14,31,78,,74,62,13,14,3,3,0.3,0.4
2025-06-29T1200,1116A,121.7485,39.1311,大连市,金州,,30,18,66,15,42,94,,95,83,11,13,6,6,0.3,0.5
2025-06-29T1200,1117A,121.7811,39.0496,大连市,开发区,,30,21,44,15,44,93,,78,62,22,22,11,10,0.2,0.3
2025-06-29T1200,1118A,121.9762,39.0631,大连市,双D港,,26,13,30,9,28,83,,68,68,5,11,9,9,0.4,0.5
2025-06-29T1200,1789A,124.81117,46.03138,大庆市,大同区,,,30,35,3,18,91,,74,74,7,13,,7,0.6,0.6
2025-06-29T1200,1790A,125.129,46.533,大庆市,龙凤区,,42,20,28,15,18,132,,93,93,8,13,5,6,0.5,0.5
2025-06-29T1200,1791A,124.902,46.408,大庆市,红岗区,,43,26,31,23,27,136,,102,102,5,11,9,9,0.6,0.8
2025-06-29T1200,1792A,125.153,46.586,大庆市,萨尔图区,,,43,41,17,20,124,,68,,8,12,,9,0.5,0.5
2025-06-29T1200,1793A,124.9042,46.6215,大庆市,让胡路区,,39,24,30,18,24,122,,96,96,6,11,4,5,0.4,0.4
2025-06-29T1200,3481A,125.141,46.634,大庆市,萨区政府监测点,,43,33,45,19,15,136,,101,101,6,11,6,7,0.5,0.4
2025-06-29T1200,1721A,113.3819,40.1097,大同市,果树场,,,,,,,,,,,,,,,,
2025-06-29T1200,1723A,113.2994,40.0758,大同市,云冈宾馆,,43,,45,30,32,132,,83,83,13,17,7,6,0.6,0.7
2025-06-29T1200,1724A,113.3444,40.0917,大同市,大同大学,,47,28,31,20,24,149,,80,80,11,20,10,9,0.5,0.5
2025-06-29T1200,1725A,113.2661,40.1269,大同市,安家小村,,46,,47,32,28,146,,68,68,12,21,6,5,0.7,0.8
2025-06-29T1200,1726A,113.2711,40.0844,大同市,教育学院,,45,31,45,22,27,142,,70,70,12,20,9,9,0.5,0.5
2025-06-29T1200,3282A,113.3397,40.0597,大同市,大同市卫生学校,,44,27,37,24,23,139,,91,91,8,15,7,7,0.7,0.8
2025-06-29T1200,3565A,113.1367,40.1122,大同市,云冈站,颗粒物(PM10),55,60,45,22,22,132,,65,65,14,19,4,4,0.7,0.6
2025-06-29T1200,3566A,113.1186,40.2556,大同市,图书馆,颗粒物(PM10),58,65,43,29,22,128,,60,60,10,16,9,7,1.0,0.9
2025-06-29T1200,3567A,113.5931,40.0461,大同市,区一中,,46,33,27,16,20,146,,97,97,9,11,17,15,0.5,0.5
2025-06-29T1200,4199A,113.2798,40.0997,大同市,魏都大道141号,,48,48,53,20,26,150,,75,75,10,20,8,8,0.8,0.9
2025-06-29T1200,2269A,124.1069,50.4097,大兴安岭地区,科技局,,,23,35,16,15,96,,82,,,7,,6,0.3,0.3
2025-06-29T1200,3663A,124.1164,50.4278,大兴安岭地区,红旗社区,,34,14,18,13,13,107,,95,95,3,8,6,6,0.3,0.3
2025-06-29T1200,1600A,124.3303,40.0625,丹东市,江湾东路,细颗粒物(PM2.5),88,,21,65,20,82,,94,92,9,8,7,3,0.8,0.7
2025-06-29T1200,1601A,124.4256,40.1503,丹东市,临江后街,,30,20,26,13,15,96,,93,93,10,9,7,7,0.9,0.9
2025-06-29T1200,1602A,124.3933,40.1461,丹东市,元宝山,,32,29,26,22,20,87,,96,96,11,8,7,6,0.9,0.8
2025-06-29T1200,1603A,124.3633,40.1092,丹东市,民主桥,,32,32,36,22,15,79,,92,92,8,6,8,7,0.8,0.8
2025-06-29T1200,3541A,109.5726,19.5167,儋州市,第一中学子站,,13,7,12,6,7,39,,26,26,1,4,6,7,0.5,0.6
2025-06-29T1200,3542A,109.5567,19.5187,儋州市,东坡学校子站,,15,15,11,6,10,42,,26,26,2,3,6,7,0.5,0.5
2025-06-29T1200,2616A,98.5842,24.428,德宏傣族景颇族自治州,德宏州监测站,,17,17,16,9,6,40,,16,16,7,8,8,9,0.7,0.6
2025-06-29T1200,3677A,98.5881,24.4368,德宏傣族景颇族自治州,芒市人民政府综合楼,,39,39,25,14,7,35,,17,17,8,8,9,11,0.5,0.5
2025-06-29T1200,1901A,104.4239,31.1208,德阳市,东山公园,,35,8,32,6,23,111,,92,92,5,12,5,6,0.7,0.8
2025-06-29T1200,1902A,104.3826,31.1317,德阳市,西小区,,30,12,43,7,29,96,,76,76,16,21,6,6,0.6,0.7
2025-06-29T1200,1904A,104.3553,31.1091,德阳市,耐火材料厂,,32,10,42,3,29,100,,78,78,15,19,1,2,0.4,0.6
2025-06-29T1200,3639A,104.4019,31.1244,德阳市,市教育局,,34,7,34,3,26,106,,88,88,8,13,19,18,0.6,0.7
2025-06-29T1200,1622A,116.3032,37.4674,德州市,儿童乐园,,,73,47,66,36,138,,79,79,,7,,6,0.8,0.7
2025-06-29T1200,1624A,116.2991,37.4451,德州市,监理站,,45,24,39,24,31,142,,79,79,4,8,8,9,0.3,0.4
2025-06-29T1200,3066A,116.2721,37.4379,德州市,九衢泉纯净水厂,,46,,40,19,34,147,,83,83,7,17,4,5,0.7,0.9
2025-06-29T1200,3371A,116.3728,37.4403,德州市,开发区人民医院,,49,,33,31,26,154,,77,77,10,17,6,5,0.6,0.7
2025-06-29T1200,3372A,116.3572,37.4094,德州市,太阳城中学,,,,,,,,,,,,,,,,
2025-06-29T1200,3511A,116.5652,37.3319,德州市,陵城艺术中心,,37,14,22,7,13,117,,65,65,4,10,4,5,0.7,1
2025-06-29T1200,2621A,99.7056,27.8317,迪庆藏族自治州,迪庆州站,,23,16,22,12,14,72,,49,49,5,8,7,7,0.3,0.4
2025-06-29T1200,3180A,99.7136,27.8094,迪庆藏族自治州,质量技术监督局,,23,18,24,3,8,73,,55,55,9,12,6,6,0.4,0.4
2025-06-29T1200,4257A,104.6092,35.5962,定西市,将台街,,,69,37,,16,112,,70,70,4,11,6,5,0.1,0.1
2025-06-29T1200,4309A,104.6159,35.5701,定西市,正龙路62号,,37,11,26,11,16,117,,74,74,2,6,4,4,0.3,0.3
2025-06-29T1200,1389A,113.7547,23.0494,东莞市,莞城梨川,,36,17,17,14,11,113,,53,53,8,14,5,6,0.4,0.4
2025-06-29T1200,1390A,113.7944,23.0128,东莞市,东城石井,,29,15,19,8,8,92,,39,39,8,19,3,3,0.5,0.5
2025-06-29T1200,1391A,113.7383,22.9658,东莞市,南城西平,,29,13,16,12,9,92,,41,41,9,19,3,3,0.5,0.5
2025-06-29T1200,3319A,113.7338,23.0381,东莞市,万江金泰,,,,20,16,9,98,,46,46,10,15,2,2,0.5,0.7
2025-06-29T1200,3626A,113.7533,23.0202,东莞市,南城元岭,,31,16,16,10,8,99,,46,46,8,17,3,4,0.5,0.5
2025-06-29T1200,3627A,113.7875,23.0457,东莞市,东城主山,,34,25,18,11,8,106,,49,49,9,15,6,6,0.8,0.8
2025-06-29T1200,1666A,118.6614,37.4309,东营市,市环保局,,35,19,29,14,19,112,,51,51,13,17,7,9,0.5,0.6
2025-06-29T1200,3036A,118.6904,37.4338,东营市,开发区管委会,,35,28,37,14,19,112,,44,44,11,17,5,5,0.4,0.5
2025-06-29T1200,3365A,118.5719,37.565,东营市,垦利区民丰路,,42,34,37,19,20,132,,57,57,18,21,4,7,0.8,0.9
2025-06-29T1200,3498A,118.5055,37.8612,东营市,河口城区,,44,22,32,20,21,138,,62,62,15,18,7,6,1.0,1.2
2025-06-29T1200,3646A,118.4978,37.4623,东营市,胜利站,,50,50,36,9,18,124,,53,53,14,20,8,8,1.0,1.2
2025-06-29T1200,3734A,118.35,37.26,东营市,理想之城,,35,24,30,14,22,112,,40,40,13,20,9,6,0.8,0.8
2025-06-29T1200,1591A,110.0023,39.8129,鄂尔多斯市,综合楼,,49,12,39,7,25,154,,110,110,10,22,6,8,0.5,0.7
2025-06-29T1200,1592A,109.9486,39.8261,鄂尔多斯市,巴音孟克林场办事处,臭氧1小时,62,31,47,17,24,169,,124,124,13,17,4,5,0.4,0.6
2025-06-29T1200,1593A,109.7736,39.5986,鄂尔多斯市,康泽苑,臭氧1小时,60,27,38,14,18,168,,94,94,8,16,12,11,0.5,0.5
2025-06-29T1200,1594A,109.8119,39.5989,鄂尔多斯市,华泰汽车城,,49,27,37,14,22,156,,74,74,7,19,7,6,0.5,0.6
2025-06-29T1200,1595A,109.9734,39.7884,鄂尔多斯市,奥林花园,臭氧1小时,58,24,49,17,29,166,,87,87,10,26,8,7,0.5,0.7
2025-06-29T1200,2436A,114.8938,30.3994,鄂州市,市政府,,22,22,17,6,6,44,,46,43,3,3,7,5,0.4,0.5
2025-06-29T1200,2437A,114.8989,30.3714,鄂州市,赵家坝,,15,15,14,3,1,47,,46,44,12,7,10,10,0.5,0.6
2025-06-29T1200,3654A,114.8094,30.4089,鄂州市,精准医疗中心,,14,14,16,7,1,44,,42,39,18,12,8,6,1.2,0.6
2025-06-29T1200,2454A,109.4978,30.2981,恩施土家族苗族自治州,湖北民院,,25,25,21,17,7,53,,16,16,7,10,5,5,0.4,0.4
2025-06-29T1200,2455A,109.4707,30.2798,恩施土家族苗族自治州,州电力总公司,,18,18,17,8,9,48,,14,14,6,10,7,7,0.9,0.6
2025-06-29T1200,3549A,109.5061,30.3772,恩施土家族苗族自治州,龙凤新区,,20,15,15,6,7,61,,23,23,9,8,3,3,0.3,0.3
2025-06-29T1200,2499A,108.3411,21.6158,防城港市,沙万,,20,20,19,9,9,58,,39,39,8,15,1,2,0.8,0.6
2025-06-29T1200,2500A,108.3514,21.7731,防城港市,防城档案局,,20,20,22,11,10,47,,19,19,10,12,4,3,0.7,0.7
2025-06-29T1200,2501A,108.3506,21.6414,防城港市,大海花园,,,27,27,,,66,,49,49,7,12,6,4,1.2,0.8
2025-06-29T1200,1371A,113.1294,23.0067,佛山市,湾梁,,44,44,14,7,7,79,,33,33,12,22,8,8,0.4,0.4
2025-06-29T1200,1372A,113.1083,23.0478,佛山市,华材职中,,27,17,11,6,6,86,,44,44,8,13,7,6,0.5,0.5
2025-06-29T1200,1373A,113.144,23.0453,佛山市,南海气象局,,24,18,14,8,6,76,,31,31,12,19,2,2,0.7,0.7
2025-06-29T1200,1374A,113.2881,22.8094,佛山市,顺德苏岗,,22,22,14,3,4,55,,29,29,11,17,6,6,0.6,0.6
2025-06-29T1200,1376A,112.8383,22.8678,佛山市,高明孔堂,,26,8,14,8,6,81,,39,39,12,11,6,5,0.5,0.5
2025-06-29T1200,1377A,112.8836,23.1588,佛山市,三水监测站,,23,19,15,9,12,72,,28,28,19,23,3,3,0.6,0.6
2025-06-29T1200,1378A,112.867,23.185,佛山市,三水云东海,,27,24,29,11,12,86,,29,29,19,24,1,2,0.5,0.5
2025-06-29T1200,3625A,113.2544,22.7642,佛山市,容桂街道办,,16,7,8,3,4,51,,33,33,13,15,6,6,0.7,0.7
2025-06-29T1200,1280A,119.3903,26.0543,福州市,鼓山,,,,,,,,,,,,,,,,
2025-06-29T1200,1282A,119.2681,26.0504,福州市,师大,,42,32,30,15,10,133,,61,61,8,9,4,4,0.2,0.2
2025-06-29T1200,1283A,119.2984,26.1028,福州市,五四北路,,39,33,34,21,12,123,,60,60,15,16,4,4,0.4,0.3
2025-06-29T1200,1284A,119.2648,26.0768,福州市,杨桥西路,,38,28,29,21,13,121,,56,56,8,13,4,4,0.3,0.2
2025-06-29T1200,1285A,119.317,26.0746,福州市,紫阳,,38,36,43,21,16,119,,50,50,15,22,4,4,0.3,0.3
2025-06-29T1200,3048A,119.5799,26.0936,福州市,九龙,,29,12,20,3,7,91,,61,61,3,6,4,4,0.2,0.2
2025-06-29T1200,3526A,119.5189,25.9664,福州市,吴航,,30,24,25,12,11,94,,60,60,2,7,5,5,0.4,0.3
2025-06-29T1200,1755A,123.7977,41.8491,抚顺市,望花区,,49,31,30,23,22,155,,126,126,12,17,5,6,0.8,0.7
2025-06-29T1200,1756A,123.9161,41.8822,抚顺市,顺城区,,46,36,29,20,19,147,,112,112,12,19,6,6,0.9,1.1
2025-06-29T1200,1757A,124.0436,41.8611,抚顺市,东洲区,,44,31,24,20,24,139,,122,122,6,11,5,8,0.7,1
2025-06-29T1200,1758A,123.9247,41.8642,抚顺市,新抚区,,,46,29,17,18,134,,87,87,,15,5,5,0.7,0.9
2025-06-29T1200,1759A,124.0972,41.8961,抚顺市,大伙房水库,,40,25,24,18,21,127,,112,112,6,12,6,7,0.5,0.7
2025-06-29T1200,1760A,123.7086,41.8391,抚顺市,沈抚新城,,47,46,30,25,24,150,,127,127,10,15,6,6,0.8,1
2025-06-29T1200,2376A,116.2127,28.0814,抚州市,桐源党溪,,22,22,23,3,11,55,,33,33,3,2,5,8,0.4,0.3
2025-06-29T1200,2377A,116.3544,27.9831,抚州市,市站,,27,27,19,3,7,54,,48,44,7,5,3,2,0.8,0.7
2025-06-29T1200,2378A,116.3565,27.963,抚州市,血防站,,25,25,18,12,8,54,,46,42,10,6,2,2,0.6,0.7
2025-06-29T1200,2379A,116.3564,28.0007,抚州市,采茶剧团,,25,25,16,3,6,56,,47,44,3,3,4,4,0.4,0.4
2025-06-29T1200,2380A,116.385,27.9647,抚州市,医学分院,,19,15,16,3,6,60,,49,46,2,2,3,4,0.7,0.5
2025-06-29T1200,2207A,121.6094,41.998,阜新市,工业园区,,46,46,35,31,24,131,,144,144,8,9,6,6,0.7,0.6
2025-06-29T1200,2208A,121.6697,42.0279,阜新市,长青街,颗粒物(PM10),54,57,38,27,20,117,,135,135,8,9,5,8,0.7,0.6
2025-06-29T1200,2209A,121.6673,42.0705,阜新市,农业园区,细颗粒物(PM2.5),62,62,41,44,28,126,,138,138,8,8,4,5,0.9,0.8
2025-06-29T1200,2210A,121.6717,42.0224,阜新市,东苑,颗粒物(PM10),52,54,36,28,23,125,,141,141,10,9,6,7,0.8,0.7
2025-06-29T1200,2211A,121.6506,42.0498,阜新市,玉龙新城,,48,48,37,28,19,108,,118,118,8,8,4,5,0.9,0.8
2025-06-29T1200,2301A,115.8277,32.8929,阜阳市,市监测站,,20,11,14,7,8,64,,52,52,4,5,3,3,0.3,0.3
2025-06-29T1200,2303A,115.8554,32.8605,阜阳市,开发区,,22,,9,3,7,68,,52,52,6,7,5,5,0.1,0.1
2025-06-29T1200,2875A,115.784,32.8892,阜阳市,阜阳职业技术学院,,22,8,6,6,5,68,,56,56,4,5,4,3,0.1,0.2
2025-06-29T1200,3468A,115.7901,32.8613,阜阳市,市规划展馆,,21,13,15,3,6,65,,50,50,2,5,2,2,0.3,0.3
2025-06-29T1200,3469A,115.836,32.9183,阜阳市,枣园社区,,21,15,12,3,5,65,,52,52,3,6,2,3,0.4,0.4
2025-06-29T1200,2669A,102.9099,34.9841,甘南藏族自治州,州政府,,30,25,39,21,19,85,,42,42,10,23,6,7,0.3,0.2
2025-06-29T1200,3380A,102.8914,34.9617,甘南藏族自治州,甘肃民族师范学院,,28,22,53,17,16,87,,41,41,13,31,8,9,0.3,0.4
2025-06-29T1200,2570A,101.9603,30.0475,甘孜藏族自治州,水桥子,,22,19,19,15,10,38,,26,24,25,21,5,5,0.4,0.4
2025-06-29T1200,3065A,101.9533,29.9972,甘孜藏族自治州,州环保局,,24,24,26,3,8,46,,22,22,18,20,3,2,0.3,0.3
2025-06-29T1200,3414A,115.8347,28.932,赣江新区,桑海产业园,,24,24,14,7,6,65,,46,44,14,13,8,7,0.3,0.2
2025-06-29T1200,2362A,114.9017,25.9149,赣州市,通天岩,,21,20,15,6,5,67,,37,37,4,4,16,13,0.3,0.3
2025-06-29T1200,2363A,114.9367,25.8664,赣州市,地委,,20,,14,9,7,62,,35,35,7,9,4,4,0.7,0.7
2025-06-29T1200,2364A,114.9461,25.8481,赣州市,气象台,,20,12,16,3,5,62,,36,36,4,6,7,8,0.3,0.4
2025-06-29T1200,2365A,114.9322,25.8333,赣州市,市图书馆,,20,,11,10,8,62,,34,34,4,7,3,4,0.5,0.5
2025-06-29T1200,2366A,114.8905,25.8471,赣州市,华坚鞋城,,20,16,19,6,7,63,,33,33,6,10,5,5,0.4,0.4
2025-06-29T1200,3109A,115.0093,25.8613,赣州市,赣县区卫计委,,15,14,15,10,9,48,,25,25,4,9,2,2,0.1,0.1
2025-06-29T1200,2683A,106.2319,36.1417,固原市,马园,,42,17,27,3,6,132,,70,70,5,25,6,13,0.5,0.6
2025-06-29T1200,2684A,106.2792,36.0022,固原市,监测站,,40,11,22,6,7,125,,78,78,5,13,4,4,0.1,0.2
2025-06-29T1200,2685A,106.2375,36.0211,固原市,新区,,43,22,24,11,10,137,,84,84,5,10,7,6,0.3,0.7
2025-06-29T1200,3522A,106.2177,35.9959,固原市,原州区十五小,,43,24,24,14,14,136,,90,90,6,10,11,11,0.4,0.4
2025-06-29T1200,2543A,106.6308,30.5278,广安市,小平旧居,,,,,,,,,,,,,,,,
2025-06-29T1200,2544A,106.6303,30.4576,广安市,市委,,32,22,21,9,13,101,,66,66,13,15,5,5,0.5,0.5
2025-06-29T1200,2545A,106.6271,30.4663,广安市,友谊中学,,36,11,20,8,12,113,,77,77,12,14,2,2,0.6,0.6
2025-06-29T1200,2547A,106.6388,30.4551,广安市,广电花园,,33,23,23,10,12,104,,60,60,11,11,4,4,0.5,0.5
2025-06-29T1200,2902A,106.6351,30.4865,广安市,北辰小学,,34,26,22,9,11,106,,70,70,9,10,6,5,0.5,0.5
2025-06-29T1200,2523A,105.8945,32.4535,广元市,黑石坡,,29,27,28,7,13,92,,69,68,12,8,8,9,0.5,0.4
2025-06-29T1200,2524A,105.821,32.4444,广元市,老城,,33,16,22,7,12,103,,52,52,23,26,10,7,0.9,0.8
2025-06-29T1200,2526A,105.8628,32.4287,广元市,监测站,,30,18,22,14,12,94,,59,59,24,17,9,9,0.9,0.7
2025-06-29T1200,3617A,105.8047,32.4166,广元市,经开区,细颗粒物(PM2.5),53,50,33,37,24,80,,56,56,36,18,25,8,1.1,0.7
2025-06-29T1200,1345A,113.2347,23.1423,广州市,广雅中学,,35,23,20,10,10,112,,36,36,11,25,2,3,0.4,0.3
2025-06-29T1200,1346A,113.2612,23.105,广州市,市五中,,33,14,17,6,8,105,,35,35,11,26,4,5,0.7,0.4
2025-06-29T1200,1348A,113.3478,23.0916,广州市,广东商学院,,36,24,22,10,12,115,,40,40,12,30,4,4,0.6,0.6
2025-06-29T1200,1349A,113.4332,23.1047,广州市,市八十六中,,30,22,18,12,11,95,,31,31,20,35,5,4,0.7,0.5
2025-06-29T1200,1350A,113.3505,22.9483,广州市,番禺中学,,24,17,16,8,7,76,,32,32,9,25,7,8,0.4,0.5
2025-06-29T1200,1351A,113.2146,23.3916,广州市,花都师范,,30,20,20,10,11,93,,34,34,12,33,4,4,0.5,0.5
2025-06-29T1200,1352A,113.2597,23.1331,广州市,市监测站,,36,26,21,12,9,115,,40,40,11,24,5,6,0.4,0.4
2025-06-29T1200,1353A,113.5618,23.312,广州市,九龙镇镇龙,,27,18,19,8,8,86,,40,40,9,15,6,6,0.3,0.4
2025-06-29T1200,1354A,113.2765,23.1544,广州市,麓湖,,32,23,20,12,10,102,,31,31,12,27,3,3,0.6,0.6
2025-06-29T1200,1355A,113.443,23.3035,广州市,帽峰山森林公园,,29,15,13,6,6,91,,43,43,10,15,6,6,0.4,0.4
2025-06-29T1200,2846A,113.3221,23.1322,广州市,体育西,,38,26,23,16,13,120,,37,37,19,34,6,5,0.5,0.5
2025-06-29T1200,3298A,113.5717,23.5491,广州市,从化街口,,21,12,13,7,6,66,,35,35,6,12,4,5,0.6,0.6
2025-06-29T1200,3299A,113.3472,23.3692,广州市,白云竹料,,25,24,22,12,11,80,,34,34,9,18,3,3,0.3,0.3
2025-06-29T1200,3300A,113.2981,23.237,广州市,白云嘉禾,,34,26,22,15,11,106,,34,34,16,29,6,6,0.2,0.3
2025-06-29T1200,3301A,113.4256,23.1716,广州市,黄埔科学城,,25,23,23,11,11,78,,33,33,11,21,4,5,0.5,0.6
2025-06-29T1200,3302A,113.3942,23.0483,广州市,番禺大学城,,36,27,19,9,10,113,,40,40,12,29,5,6,0.6,0.6
2025-06-29T1200,3303A,113.4922,22.8168,广州市,南沙黄阁,,23,16,17,8,7,72,,36,36,3,21,5,6,0.4,0.5
2025-06-29T1200,3304A,113.5342,22.7896,广州市,南沙街,,22,10,15,8,8,69,,34,34,9,23,4,4,0.4,0.4
2025-06-29T1200,3443A,113.2902,23.5544,广州市,花都梯面,,24,14,16,8,7,74,,28,28,6,14,4,4,0.5,0.5
2025-06-29T1200,3445A,113.7858,23.7478,广州市,从化良口,,15,13,13,8,4,45,,23,23,4,7,6,6,0.5,0.5
2025-06-29T1200,3446A,113.8051,23.2614,广州市,增城荔城,,27,16,15,9,7,84,,38,38,6,10,6,7,0.3,0.3
2025-06-29T1200,2505A,109.568,23.1478,贵港市,德智高中,,,,,,,,,,,,,,,,
2025-06-29T1200,2506A,109.6047,23.0666,贵港市,江南子站,,23,22,26,11,14,71,,32,32,4,12,6,7,0.4,0.5
2025-06-29T1200,2508A,109.5669,23.1065,贵港市,荷城子站,,24,24,22,12,9,70,,35,35,8,13,8,7,0.2,0.3
2025-06-29T1200,3405A,109.5886,23.1172,贵港市,新世纪学校,,24,24,22,15,13,72,,39,39,12,12,7,5,0.5,0.4
2025-06-29T1200,4260A,109.5933,23.0951,贵港市,中山路155-3号,,31,31,26,16,16,76,,34,34,9,13,6,5,0.6,0.6
2025-06-29T1200,1439A,106.6899,26.5998,贵阳市,马鞍山,,13,9,9,3,1,41,,41,39,9,6,4,3,0.4,0.4
2025-06-29T1200,1441A,106.6243,26.6266,贵阳市,鉴湖路,,24,24,17,3,1,42,,45,42,7,6,8,8,0.4,0.3
2025-06-29T1200,1442A,106.7487,26.6343,贵阳市,燕子冲,,25,22,16,17,14,48,,47,45,11,9,5,4,0.8,0.8
2025-06-29T1200,1443A,106.6555,26.4365,贵阳市,碧云窝,,22,22,19,3,3,49,,45,45,5,5,5,4,0.3,0.3
2025-06-29T1200,1445A,106.7109,26.6027,贵阳市,红边门,,15,14,14,3,3,45,,44,42,6,4,5,4,0.1,0.2
2025-06-29T1200,1446A,106.7164,26.5699,贵阳市,新华路,,14,14,13,9,9,39,,36,36,12,11,7,7,0.4,0.4
2025-06-29T1200,1447A,106.674,26.5424,贵阳市,太慈桥,,15,9,11,3,2,45,,43,42,11,9,6,6,0.2,0.3
2025-06-29T1200,1552A,106.805,26.3003,贵阳市,桐木岭,,24,24,21,14,11,53,,58,56,5,5,16,16,0.8,0.9
2025-06-29T1200,4230A,106.6882,26.5695,贵阳市,花果园大街66号,,15,12,7,8,6,48,,49,47,9,6,3,3,0.1,0.1
2025-06-29T1200,4231A,106.6873,26.5169,贵阳市,漓江路57号,,17,17,8,3,1,51,,48,47,7,6,6,5,0.2,0.2
2025-06-29T1200,1862A,110.4144,25.3167,桂林市,电子科大尧山校区,,,,,,,,,,,,,,,,
2025-06-29T1200,1864A,110.3089,25.2708,桂林市,龙隐路小学,,20,18,17,8,8,62,,46,46,3,7,8,9,0.4,0.4
2025-06-29T1200,1865A,110.2869,25.2178,桂林市,八中,,20,16,17,3,7,61,,45,45,5,11,6,7,0.4,0.4
2025-06-29T1200,3531A,110.296,25.1253,桂林市,旅游学院,,21,7,6,3,4,65,,44,44,2,6,2,2,0.3,0.3
2025-06-29T1200,4222A,110.1835,25.2444,桂林市,环湖路276号,,20,12,16,12,10,61,,52,50,3,9,4,7,0.2,0.3
2025-06-29T1200,4301A,110.2803,25.2773,桂林市,信义路13号,,22,18,19,8,8,69,,50,50,5,9,3,4,0.5,0.5
2025-06-29T1200,2674A,100.2561,34.4714,果洛藏族自治州,玛沁县大武镇,,37,9,24,7,14,117,,112,112,2,3,21,18,0.4,0.4
2025-06-29T1200,1129A,126.5422,45.755,哈尔滨市,岭北,,34,24,37,18,31,107,,67,67,8,19,3,3,1.0,1
2025-06-29T1200,1130A,126.561,45.8167,哈尔滨市,松北商大,,28,18,43,9,19,88,,44,44,3,14,6,6,0.8,0.7
2025-06-29T1200,1131A,126.979,45.5419,哈尔滨市,阿城会宁,,42,32,35,29,27,84,,38,38,12,18,7,8,0.7,0.6
2025-06-29T1200,1132A,126.599,45.7222,哈尔滨市,南岗学府路,,32,31,40,14,17,100,,57,57,8,19,6,6,0.7,0.7
2025-06-29T1200,1133A,126.689,45.7733,哈尔滨市,太平宏伟公园,,,,54,16,24,80,,47,47,8,16,5,6,0.7,0.6
2025-06-29T1200,1134A,126.635,45.7667,哈尔滨市,道外承德广场,,40,40,64,10,19,78,,39,39,9,18,6,6,0.9,0.8
2025-06-29T1200,1135A,126.685,45.7319,哈尔滨市,香坊红旗大街,,29,29,43,18,26,79,,50,50,11,26,5,4,0.8,0.8
2025-06-29T1200,1136A,126.6411,45.7258,哈尔滨市,动力和平路,,,54,54,,,92,,52,52,8,19,7,7,0.6,0.5
2025-06-29T1200,1137A,126.593,45.7478,哈尔滨市,道里建国路,,,30,56,13,20,96,,54,54,,19,,7,0.9,1.1
2025-06-29T1200,1138A,126.615,45.61,哈尔滨市,平房东轻厂,,,,54,10,15,92,,41,41,6,22,8,9,0.6,0.5
2025-06-29T1200,1139A,126.595,45.9855,哈尔滨市,呼兰师专,,22,22,37,7,17,66,,48,48,3,15,7,6,0.6,0.6
2025-06-29T1200,1140A,126.6206,45.6842,哈尔滨市,省农科院,颗粒物(PM10),51,51,52,14,20,69,,52,52,15,29,5,6,0.9,0.8
2025-06-29T1200,2688A,93.5128,42.8172,哈密市,地区监测站,,39,,34,25,15,122,,86,86,4,7,7,6,0.1,0.1
2025-06-29T1200,2689A,93.4961,42.8328,哈密市,哈密师范学校,,34,25,31,7,10,106,,63,63,6,13,10,10,0.2,0.3
2025-06-29T1200,2671A,100.9048,36.9639,海北藏族自治州,海晏县西海镇,,45,17,18,12,12,141,,131,131,2,3,7,8,0.5,0.4
2025-06-29T1200,3867A,102.0738,36.5056,海东市,平安区公安北苑,,32,15,27,13,14,100,,100,99,14,6,6,11,0.6,0.6
2025-06-29T1200,1409A,110.576,19.9507,海口市,东寨港,,23,23,15,7,8,47,,34,34,3,3,6,6,0.3,0.4
2025-06-29T1200,1410A,110.3232,20.0574,海口市,海南大学,,28,18,15,11,9,87,,53,53,4,4,3,2,0.4,0.4
2025-06-29T1200,1411A,110.283,20.0053,海口市,秀英海南医院,,24,16,17,14,10,75,,41,41,9,10,5,5,0.3,0.3
2025-06-29T1200,1412A,110.338,19.9969,海口市,海南师范大学,,24,13,16,12,11,76,,45,45,6,5,4,4,0.7,0.7
2025-06-29T1200,1413A,110.33,20.0356,海口市,龙华路环保局宿舍,,27,14,16,11,9,84,,49,49,7,5,5,5,0.2,0.2
2025-06-29T1200,3539A,110.5111,19.9736,海口市,桂林洋子站,,19,8,20,3,10,58,,38,38,5,8,4,4,0.2,0.2
2025-06-29T1200,2673A,100.6188,36.2866,海南藏族自治州,共和县恰卜恰镇,,37,18,27,3,10,116,,129,120,5,3,14,14,0.6,0.7
2025-06-29T1200,2676A,97.3731,37.3753,海西蒙古族藏族自治州,德令哈市,,50,50,59,26,27,138,,124,124,2,2,18,16,0.5,0.5
2025-06-29T1200,1048A,114.5302,36.6116,邯郸市,东污水处理厂,,34,31,23,3,3,108,,88,85,6,9,2,2,0.4,0.4
2025-06-29T1200,1049A,114.4918,36.5713,邯郸市,矿院,,39,15,20,7,6,124,,103,101,2,5,4,4,0.4,0.4
2025-06-29T1200,1050A,114.484,36.6133,邯郸市,丛台公园,,37,18,20,8,8,117,,96,96,7,9,6,7,0.4,0.4
2025-06-29T1200,3458A,114.7895,36.5593,邯郸市,香泉濮院小区,,36,23,26,3,1,114,,92,92,7,9,4,4,0.1,0.2
2025-06-29T1200,3579A,114.50634,36.77178,邯郸市,永年区实验高中,,42,36,33,21,19,133,,104,104,9,20,3,4,0.3,0.3
2025-06-29T1200,3580A,114.20016,36.44293,邯郸市,峰峰矿区临水派出所,,47,47,39,18,7,148,,109,109,6,8,6,10,0.3,0.3
2025-06-29T1200,2634A,106.9893,33.1842,汉中市,汉川机床厂子校,,36,15,23,13,15,114,,68,68,5,12,4,4,0.5,0.5
2025-06-29T1200,2635A,107.0154,33.0706,汉中市,市监测站,,36,23,23,11,13,114,,75,75,6,10,7,6,0.5,0.5
2025-06-29T1200,2636A,107.0089,33.1138,汉中市,鑫源开发区,,37,15,25,9,16,116,,61,61,5,14,6,6,0.4,0.4
2025-06-29T1200,2637A,107.007,33.0323,汉中市,南郑大河坎水厂,,35,22,22,12,15,111,,56,56,6,13,5,4,0.5,0.5
2025-06-29T1200,1223A,120.2072,30.2111,杭州市,滨江,,40,36,22,12,9,127,,59,59,22,20,6,6,0.4,0.4
2025-06-29T1200,1224A,120.0633,30.2747,杭州市,西溪,,33,,14,13,8,103,,52,52,4,7,4,4,0.3,0.3
2025-06-29T1200,1226A,120.3417,30.3150,杭州市,下沙,,47,18,15,13,10,149,,84,84,11,13,5,4,0.4,0.3
2025-06-29T1200,1227A,120.1269,30.2456,杭州市,卧龙桥,,37,23,18,11,8,118,,46,46,6,8,7,7,0.4,0.4
2025-06-29T1200,1228A,120.1903,30.2692,杭州市,浙江农大,,34,16,15,8,9,106,,56,56,10,16,4,3,0.2,0.1
2025-06-29T1200,1230A,120.1197,30.3119,杭州市,和睦小学,,37,21,16,11,9,118,,57,57,4,6,7,8,0.4,0.4
2025-06-29T1200,1231A,120.3019,30.4183,杭州市,临平镇,,40,29,22,9,10,128,,62,62,11,16,5,5,0.4,0.4
2025-06-29T1200,1232A,120.2753,30.1839,杭州市,城厢镇,,45,27,19,12,10,144,,69,69,7,10,7,7,0.4,0.5
2025-06-29T1200,1233A,120.0883,30.1808,杭州市,云栖,,38,23,18,15,6,119,,47,47,8,8,7,7,0.5,0.5
2025-06-29T1200,3557A,119.9464,30.0494,杭州市,镇二中,,30,16,15,15,11,96,,44,44,16,13,3,3,0.4,0.4
2025-06-29T1200,3558A,119.7183,30.2367,杭州市,市府大楼,,23,12,13,6,7,73,,45,45,6,9,7,7,0.3,0.3
2025-06-29T1200,3656A,120.1556,30.2864,杭州市,消防大队,,36,19,17,13,9,115,,56,56,5,10,6,6,0.6,0.6
2025-06-29T1200,1270A,117.1959,31.7848,合肥市,明珠广场,,18,12,9,3,5,56,,47,47,10,10,4,4,0.4,0.5
2025-06-29T1200,1271A,117.3072,31.8764,合肥市,三里街,,20,14,13,7,6,61,,45,45,10,11,6,6,0.4,0.4
2025-06-29T1200,1272A,117.2588,31.8707,合肥市,琥珀山庄,,20,17,14,10,8,63,,50,50,9,9,7,6,0.6,0.6
2025-06-29T1200,1273A,117.1604,31.9052,合肥市,董铺水库,,18,12,12,3,6,56,,46,46,7,6,3,4,0.2,0.2
2025-06-29T1200,1274A,117.25,31.8571,合肥市,长江中路,,20,14,15,7,8,64,,51,51,8,8,5,5,0.4,0.4
2025-06-29T1200,1275A,117.266,31.9436,合肥市,庐阳区,,20,14,12,3,6,62,,48,48,6,5,8,9,0.4,0.5
2025-06-29T1200,1276A,117.3453,31.8616,合肥市,瑶海区,,20,14,9,3,3,63,,50,50,9,9,7,6,0.4,0.4
2025-06-29T1200,1277A,117.3027,31.7964,合肥市,包河区,,20,12,7,3,3,62,,54,54,11,6,4,4,0.5,0.6
2025-06-29T1200,1278A,117.2776,31.7385,合肥市,滨湖新区,,19,9,12,9,10,60,,52,52,11,5,8,8,0.4,0.4
2025-06-29T1200,1279A,117.1318,31.8403,合肥市,高新区,,17,14,13,3,7,54,,45,45,11,9,7,7,0.4,0.4
2025-06-29T1200,3464A,117.3803,31.9147,合肥市,高教基地,,21,9,9,6,7,66,,54,54,8,7,3,3,0.3,0.4
2025-06-29T1200,3614A,79.924,37.0877,和田地区,地区环保局,颗粒物(PM10),500,1379,935,379,289,104,,94,94,8,12,1,2,0.5,0.5
2025-06-29T1200,3615A,79.9131,37.113,和田地区,市环保局,颗粒物(PM10),500,623,780,135,225,98,,92,92,1,7,3,1,0.2,0.2
2025-06-29T1200,2516A,108.2011,24.715,河池市,东仁乐园,,,,,,,,,,,,,,,,
2025-06-29T1200,2517A,108.0497,24.6947,河池市,市环保站,,28,28,19,8,7,45,,26,26,4,8,3,3,0.4,0.6
2025-06-29T1200,2518A,108.0983,24.6989,河池市,市疾控中心,,25,25,22,13,11,52,,20,20,6,14,6,4,0.6,0.6
2025-06-29T1200,1696A,114.6778,23.7569,河源市,源西,,26,,18,18,10,75,,51,51,2,6,4,4,0.5,0.6
2025-06-29T1200,1697A,114.6944,23.7586,河源市,东埔,,16,7,15,3,10,50,,32,32,5,11,4,5,0.4,0.4
2025-06-29T1200,1698A,114.6892,23.7233,河源市,老城,,17,12,18,7,8,53,,28,28,2,9,4,6,0.4,0.5
2025-06-29T1200,1718A,115.4208,35.2464,菏泽市,气象局,,31,13,14,9,6,98,,103,92,10,9,2,2,0.3,0.3
2025-06-29T1200,3374A,115.5564,35.0891,菏泽市,定陶老年大学,,,,22,,7,,,64,,,9,,3,,0.3
2025-06-29T1200,4184A,115.4797,35.24401,菏泽市,永昌路1号,,29,8,9,8,5,92,,98,88,16,11,3,3,0.1,0.1
2025-06-29T1200,4193A,115.4715,35.2800,菏泽市,长城路999号,,28,14,11,8,3,87,,100,90,17,11,3,3,0.2,0.2
2025-06-29T1200,2514A,111.5264,24.4172,贺州市,环保小区,,28,19,16,19,11,60,,43,42,7,8,11,10,0.6,0.6
2025-06-29T1200,2515A,111.5608,24.4078,贺州市,政协大楼,,21,,14,13,7,65,,43,43,7,8,10,13,0.7,0.6
2025-06-29T1200,3534A,111.4744,24.4553,贺州市,西湾,,26,,11,18,8,63,,39,39,6,10,13,13,0.6,0.6
2025-06-29T1200,2385A,114.17,35.9019,鹤壁市,市监测站,细颗粒物(PM2.5),62,54,37,44,33,132,,96,96,9,10,9,6,1.2,1.1
2025-06-29T1200,2386A,114.2956,35.7511,鹤壁市,市交警支队,细颗粒物(PM2.5),60,47,31,43,25,133,,87,87,13,14,9,5,1.1,0.9
2025-06-29T1200,2387A,114.2878,35.7306,鹤壁市,迎宾馆,细颗粒物(PM2.5),73,73,47,53,32,136,,90,90,9,11,6,4,0.8,0.7
2025-06-29T1200,3474A,114.2617,35.6822,鹤壁市,大新区,颗粒物(PM10),52,53,37,29,21,128,,87,87,7,7,6,6,1.1,1
2025-06-29T1200,3596A,114.1572,35.9603,鹤壁市,南山宾馆,"颗粒物(PM10),细颗粒物(PM2.5)",60,70,44,43,36,134,,91,91,9,12,4,4,0.8,0.8
2025-06-29T1200,2244A,130.2537,47.3416,鹤岗市,哈啤分公司,,43,,22,22,18,136,,98,98,8,9,13,12,0.4,0.4
2025-06-29T1200,2245A,130.2684,47.3086,鹤岗市,斯达机电,,33,29,40,16,21,103,,83,83,11,10,16,14,0.4,0.5
2025-06-29T1200,2246A,130.3114,47.3388,鹤岗市,东山纸板厂,,35,14,50,10,19,112,,80,80,9,17,10,7,0.5,0.6
2025-06-29T1200,2247A,130.1097,47.3382,鹤岗市,五号水库,,37,12,16,7,7,116,,82,82,8,9,16,16,0.6,0.6
2025-06-29T1200,2263A,127.4833,50.2524,黑河市,交通局,,38,29,35,13,14,121,,98,98,8,11,7,7,0.5,0.4
2025-06-29T1200,2264A,127.5144,50.2341,黑河市,环保局,,41,28,41,11,16,130,,102,102,7,10,5,6,0.4,0.5
2025-06-29T1200,2265A,127.5291,50.2472,黑河市,大黑河岛,,,,7,14,16,92,,78,78,,,35,36,0.5,0.5
2025-06-29T1200,1074A,115.6838,37.7541,衡水市,电机北厂,,48,48,31,32,27,140,,92,92,6,11,4,4,0.3,0.3
2025-06-29T1200,1075A,115.6303,37.7316,衡水市,市监测站,,48,48,39,30,20,141,,96,96,7,10,5,5,0.4,0.4
2025-06-29T1200,3188A,115.6683,37.7217,衡水市,市城管局,细颗粒物(PM2.5),53,53,34,37,28,148,,104,104,7,8,3,2,0.3,0.4
2025-06-29T1200,3459A,115.5989,37.5491,衡水市,地表水厂,臭氧1小时,55,26,34,3,11,164,,121,121,3,11,5,6,0.3,0.3
2025-06-29T1200,2456A,112.5003,26.9167,衡阳市,原169医院,,32,27,16,7,6,101,,62,62,6,11,7,6,0.5,0.4
2025-06-29T1200,2457A,112.6194,26.9258,衡阳市,衡阳化工总厂,,,46,18,13,8,,,47,47,,8,12,6,0.4,0.4
2025-06-29T1200,2458A,112.6211,26.8956,衡阳市,珠晖区环保局,,,30,14,,,95,,66,66,4,6,12,8,0.6,0.5
2025-06-29T1200,2459A,112.6197,26.8733,衡阳市,市委党校,,25,20,18,10,9,80,,57,57,5,7,10,8,0.5,0.4
2025-06-29T1200,2460A,112.6006,26.8919,衡阳市,市监测站,,26,21,14,11,7,83,,56,56,7,8,12,7,0.4,0.3
2025-06-29T1200,2461A,112.5664,26.9056,衡阳市,真空机电公司,,36,36,18,8,8,85,,54,54,8,7,12,8,0.6,0.5
2025-06-29T1200,3399A,112.6703,26.882,衡阳市,师范学院,,,,18,20,8,72,,53,53,9,7,,7,0.5,0.5
2025-06-29T1200,2608A,103.3772,23.3993,红河哈尼族彝族自治州,污水处理厂,,13,6,9,3,8,39,,38,38,2,3,6,7,0.1,0.1
2025-06-29T1200,2609A,103.3861,23.35,红河哈尼族彝族自治州,监测站,,17,17,22,6,11,39,,35,35,2,4,6,7,0.3,0.3
2025-06-29T1200,3038A,103.3758,23.368,红河哈尼族彝族自治州,州图书馆,,13,,8,7,8,41,,41,40,2,3,1,1,0.1,0.2
2025-06-29T1200,1090A,111.6507,40.7517,呼和浩特市,呼市一监,,49,39,24,31,19,154,,86,86,13,17,12,9,0.8,0.7
2025-06-29T1200,1091A,111.6572,40.8033,呼和浩特市,小召,,46,41,26,29,22,145,,89,89,20,20,9,7,0.8,0.6
2025-06-29T1200,1094A,111.7516,40.8369,呼和浩特市,如意水处理厂,臭氧1小时,53,42,32,26,20,162,,87,87,14,20,8,5,0.6,0.5
2025-06-29T1200,1095A,111.7276,40.8062,呼和浩特市,二十九中,,48,30,31,26,23,153,,86,86,10,18,8,5,0.7,0.7
2025-06-29T1200,1096A,111.5512,40.7866,呼和浩特市,工大金川校区,颗粒物(PM10),53,56,38,36,23,144,,74,74,18,26,18,7,0.5,0.4
2025-06-29T1200,1097A,111.717,40.7612,呼和浩特市,化肥厂生活区,,50,39,30,28,21,157,,88,88,12,21,9,7,0.4,0.5
2025-06-29T1200,3698A,111.5968,40.8178,呼和浩特市,红旗小学,颗粒物(PM10),53,56,34,30,23,157,,82,82,17,24,11,5,0.7,0.5
2025-06-29T1200,3699A,111.6518,40.8389,呼和浩特市,海东办,,48,41,29,31,22,152,,82,82,16,26,9,6,0.8,0.6
2025-06-29T1200,2192A,119.7594,49.2261,呼伦贝尔市,区环保局,,42,25,28,16,18,134,,84,84,12,12,7,7,0.6,0.6
2025-06-29T1200,3061A,119.7512,49.1577,呼伦贝尔市,国华电力东,臭氧1小时,70,10,21,3,14,176,,106,106,8,7,3,4,0.5,0.5
2025-06-29T1200,1250A,120.0751,30.8669,湖州市,城西水厂,,40,20,20,12,12,128,,67,67,8,14,6,5,0.4,0.4
2025-06-29T1200,2873A,120.0830,30.8929,湖州市,仁皇山新区,,40,18,18,10,12,127,,62,62,9,12,5,4,0.5,0.5
2025-06-29T1200,2907A,120.1844,30.8596,湖州市,吴兴区站,,37,17,19,10,11,118,,64,64,7,11,6,6,0.3,0.4
2025-06-29T1200,3562A,120.4148,30.8538,湖州市,南浔区站,,41,19,22,14,15,129,,67,67,8,12,5,4,0.4,0.4
2025-06-29T1200,1607A,120.9049,40.7211,葫芦岛市,龙港区,细颗粒物(PM2.5),103,,67,77,69,103,,120,105,8,5,4,4,0.7,0.7
2025-06-29T1200,1608A,120.8392,40.7514,葫芦岛市,化工街,,,41,34,,29,100,,117,109,9,9,5,6,0.7,0.7
2025-06-29T1200,1609A,120.8341,40.7073,葫芦岛市,新区,细颗粒物(PM2.5),108,,40,81,64,104,,125,114,6,4,2,2,0.9,0.9
2025-06-29T1200,1610A,120.8695,40.7677,葫芦岛市,东城区,细颗粒物(PM2.5),108,,33,81,67,96,,109,101,10,9,2,2,0.8,0.8
2025-06-29T1200,2482A,109.5981,27.5721,怀化市,林科所,,17,15,16,3,3,52,,38,38,9,10,5,5,0.2,0.3
2025-06-29T1200,2483A,109.9453,27.5444,怀化市,河西地税局,,17,10,11,8,8,54,,41,41,2,6,6,6,0.2,0.2
2025-06-29T1200,2484A,109.9781,27.5342,怀化市,市四医院,,19,19,20,13,10,54,,34,34,2,6,4,3,0.5,0.5
2025-06-29T1200,2485A,109.9972,27.5578,怀化市,监测楼,,24,24,18,7,9,50,,32,32,1,5,3,3,0.0,0
2025-06-29T1200,2486A,110.0394,27.583,怀化市,市委党校,,25,,17,17,13,66,,34,34,8,12,4,4,0.2,0.3
2025-06-29T1200,1210A,119.036,33.5981,淮安市,钵池山,,32,19,13,11,11,102,,54,54,7,12,10,8,0.5,0.4
2025-06-29T1200,1211A,119.007,33.575,淮安市,北京南路,,29,24,14,9,10,91,,45,45,6,10,10,8,1.1,0.8
2025-06-29T1200,1212A,118.989,33.6067,淮安市,市监测站,,30,14,16,14,11,94,,46,46,4,10,9,11,0.7,0.8
2025-06-29T1200,1213A,119.135,33.5039,淮安市,楚州区监测站,,31,29,23,10,11,99,,48,48,2,9,11,8,0.4,0.4
2025-06-29T1200,3426A,118.8755,33.2894,淮安市,新华书店,,31,13,17,8,7,99,,45,45,4,10,8,8,0.4,0.4
2025-06-29T1200,4206A,119.0288,33.6319,淮安市,承德北路606号,,28,14,16,12,12,88,,45,45,2,9,8,6,0.4,0.5
2025-06-29T1200,2282A,116.8004,33.975,淮北市,监测站,,23,,15,8,8,72,,66,66,2,4,6,6,0.4,0.4
2025-06-29T1200,2283A,116.8091,33.9007,淮北市,烈山区政府,,24,6,21,3,3,75,,58,58,2,5,6,6,0.5,0.5
2025-06-29T1200,3330A,116.8873,33.9836,淮北市,杜集区检察院,,,,14,7,8,63,,60,60,8,10,7,7,0.7,0.8
2025-06-29T1200,4017A,116.7923,33.9535,淮北市,市博物馆,,25,15,15,8,7,77,,67,67,1,4,7,7,0.8,0.7
2025-06-29T1200,2277A,116.8305,32.7727,淮南市,潘集区政府,,23,12,17,8,10,72,,54,54,7,8,5,3,0.3,0.4
2025-06-29T1200,2279A,116.8569,32.5951,淮南市,谢家集区政府,,24,18,16,3,3,75,,57,57,3,6,6,5,0.1,0.2
2025-06-29T1200,2280A,116.8281,32.633,淮南市,八公山区政府,,24,8,12,3,6,74,,60,60,5,8,1,3,0.2,0.2
2025-06-29T1200,2281A,116.6325,32.6201,淮南市,焦岗湖风景区管理处,,,,,,,,,,,,,,,,
2025-06-29T1200,2894A,117.0566,32.6531,淮南市,经济技术开发区消防队,,25,15,13,3,5,79,,67,67,4,6,7,6,0.2,0.2
2025-06-29T1200,3329A,117.0108,32.5893,淮南市,山南新区,,25,,10,8,6,80,,64,64,3,4,8,7,0.2,0.3
2025-06-29T1200,4209A,117.0031,32.6445,淮南市,国庆中路369号,,26,,10,6,7,81,,64,64,4,6,8,7,0.1,0.1
2025-06-29T1200,2446A,114.9028,30.4742,黄冈市,职工中心,,19,19,20,3,8,53,,52,48,2,3,9,10,0.4,0.4
2025-06-29T1200,2929A,114.8858,30.4519,黄冈市,红卫路,,18,10,16,3,8,55,,52,50,2,3,5,7,0.3,0.4
2025-06-29T1200,3398A,114.9136,30.4445,黄冈市,市林业局,,16,11,16,10,13,51,,48,47,2,4,7,7,0.3,0.4
2025-06-29T1200,2672A,102.0199,35.5102,黄南藏族自治州,同仁县隆务镇,,20,20,29,12,11,54,,57,51,10,12,9,9,0.3,0.2
2025-06-29T1200,2295A,118.2903,29.6963,黄山市,延安路89号,,25,16,12,12,7,78,,37,37,4,3,7,6,0.5,0.4
2025-06-29T1200,2297A,118.1371,30.2756,黄山市,黄山区政府5号楼,,19,11,13,6,7,59,,32,32,2,2,4,4,0.6,0.4
2025-06-29T1200,4210A,118.3354,29.7203,黄山市,滨江东路7-2号,,22,12,18,8,6,70,,37,37,2,3,4,5,0.3,0.3
2025-06-29T1200,2423A,115.0601,30.2313,黄石市,沈家营,,28,28,22,3,4,56,,34,34,11,11,7,6,0.1,0.3
2025-06-29T1200,2426A,114.8988,30.2019,黄石市,铁山,,23,23,16,10,4,44,,49,49,23,7,3,5,0.5,0.6
2025-06-29T1200,2427A,115.0307,30.2092,黄石市,团城山,,22,22,16,3,1,62,,54,49,11,5,7,7,0.5,0.4
2025-06-29T1200,3149A,115.0235,30.1578,黄石市,笔架山北路,,20,14,14,3,0,63,,50,50,5,6,6,5,0.3,0.4
2025-06-29T1200,4185A,115.0780,30.21118,黄石市,磁湖东路29号,,25,25,24,3,6,49,,40,38,21,10,7,7,0.4,1
2025-06-29T1200,1392A,114.4183,23.0528,惠州市,河南岸金山湖子站,,18,9,12,7,6,56,,29,29,4,9,6,7,0.3,0.3
2025-06-29T1200,1393A,114.4053,23.0822,惠州市,下埔横江三路子站,,20,8,12,3,6,62,,38,38,2,9,4,5,0.2,0.3
2025-06-29T1200,1394A,114.4103,23.1142,惠州市,江北云山西路子站,,21,9,14,3,5,66,,39,39,1,8,6,7,0.4,0.5
2025-06-29T1200,1395A,114.4645,22.7833,惠州市,惠阳区承修路船湖子站,,19,8,15,3,7,60,,35,35,8,13,7,7,0.4,0.5
2025-06-29T1200,1396A,114.5317,22.7422,惠州市,大亚湾管委会子站,,17,8,13,3,5,53,,32,32,5,15,9,9,0.4,0.4
2025-06-29T1200,3314A,114.4338,22.8134,惠州市,惠阳秋长,,22,7,11,3,6,70,,38,38,4,13,11,12,0.4,0.4
2025-06-29T1200,3452A,114.6517,22.775,惠州市,大亚湾霞涌,,23,23,12,3,4,53,,34,34,6,8,5,5,0.4,0.5
2025-06-29T1200,2240A,130.9762,45.3001,鸡西市,环保局,,34,32,41,16,19,107,,63,63,12,22,5,6,0.4,0.5
2025-06-29T1200,2243A,130.9429,45.3039,鸡西市,第一中学,,32,24,36,13,17,102,,57,57,14,24,9,10,0.4,0.5
2025-06-29T1200,3707A,131.0207,45.3073,鸡西市,欧美日汽修厂,,34,29,49,20,22,106,,60,60,12,28,7,8,0.5,0.6
2025-06-29T1200,3709A,130.9967,45.3106,鸡西市,市政设施管理处,,32,28,47,14,21,101,,55,55,14,28,3,5,0.7,0.7
2025-06-29T1200,2367A,114.9754,27.0803,吉安市,红声器材厂,,19,12,18,3,6,60,,46,46,3,6,8,9,0.2,0.2
2025-06-29T1200,2368A,114.9658,27.0999,吉安市,市森林工业局,,21,15,17,6,6,65,,48,48,3,5,8,8,0.4,0.3
2025-06-29T1200,2369A,114.99,27.1312,吉安市,市环境监测站,,21,20,16,7,11,65,,50,50,1,3,13,12,0.4,0.4
2025-06-29T1200,2370A,115.0093,27.0968,吉安市,青原区法院,,18,17,17,6,7,56,,44,44,7,9,8,8,0.3,0.3
2025-06-29T1200,1772A,126.54,43.8622,吉林市,哈达湾,颗粒物(PM10),55,60,27,26,15,101,,66,66,7,11,6,6,0.6,0.5
2025-06-29T1200,1773A,126.5844,43.8358,吉林市,东局子,,50,44,30,35,19,109,,66,66,12,14,5,5,1.0,0.9
2025-06-29T1200,1774A,126.5052,43.8245,吉林市,电力学院,,45,45,26,31,16,106,,60,60,8,14,5,5,1.0,0.8
2025-06-29T1200,1775A,126.6133,43.8972,吉林市,江北,,40,40,25,26,15,56,,47,47,11,11,8,8,0.8,0.7
2025-06-29T1200,1776A,126.555,43.8306,吉林市,江南公园,细颗粒物(PM2.5),59,46,28,42,23,115,,70,70,8,12,4,4,0.6,0.5
2025-06-29T1200,1778A,126.7061,43.7133,吉林市,丰满,,,,,,,,,,,,,,,,
2025-06-29T1200,2868A,126.4739,43.953,吉林市,九站,,46,44,25,32,18,112,,75,75,7,12,4,4,0.5,0.5
2025-06-29T1200,1299A,116.9862,36.6114,济南市,科干所,,30,12,8,12,12,94,,69,69,6,12,4,4,0.5,0.6
2025-06-29T1200,1300A,116.9376,36.665,济南市,农科所,,30,15,14,7,5,93,,59,59,10,18,7,7,0.1,0.2
2025-06-29T1200,1301A,117.1265,36.6734,济南市,开发区,,31,,14,12,9,99,,56,56,14,22,6,6,0.5,0.5
2025-06-29T1200,1303A,117.0624,36.6868,济南市,省种子仓库,,37,19,21,3,8,118,,67,67,12,27,5,5,0.5,0.5
2025-06-29T1200,1304A,116.9489,36.6447,济南市,机床二厂,,30,17,15,7,6,96,,64,64,12,23,5,4,0.4,0.4
2025-06-29T1200,1305A,117.0495,36.663,济南市,市监测站,,30,15,16,7,11,96,,54,54,16,29,8,8,0.5,0.5
2025-06-29T1200,1306A,116.7675,36.5484,济南市,长清党校,,29,,7,20,9,81,,70,70,12,15,5,4,0.3,0.3
2025-06-29T1200,1616A,117.6795,36.229,济南市,技术学院,,25,22,18,14,14,77,,52,52,23,28,8,8,0.9,0.9
2025-06-29T1200,1961A,117.532,36.6868,济南市,东山小学,,28,27,21,17,11,88,,43,43,13,17,5,5,0.3,0.3
2025-06-29T1200,3059A,117.7161,36.2049,济南市,泰兴公司,,25,22,24,17,15,61,,40,40,16,16,7,7,0.4,0.3
2025-06-29T1200,3064A,117.6867,36.2171,济南市,莱芜战役纪念馆,,31,31,27,18,15,54,,39,39,10,12,8,6,1.2,1.2
2025-06-29T1200,3494A,117.1673,36.9782,济南市,济阳区政府,,42,17,24,10,11,133,,77,77,8,18,5,5,0.3,0.4
2025-06-29T1200,3495A,117.1171,36.63,济南市,锦屏中学,,26,12,11,7,5,82,,56,56,8,13,5,4,0.5,0.5
2025-06-29T1200,3682A,116.9814,36.6819,济南市,济南四建,,34,,15,15,12,107,,63,63,12,24,4,4,0.4,0.5
2025-06-29T1200,1653A,116.6251,35.4302,济宁市,火炬城,,23,14,16,3,6,73,,84,72,5,5,5,5,0.4,0.4
2025-06-29T1200,1655A,116.5491,35.4042,济宁市,电化厂,,29,16,17,3,7,92,,96,92,7,9,3,3,0.8,0.7
2025-06-29T1200,3500A,116.5814,35.3707,济宁市,北湖一中,,31,,16,7,7,98,,95,83,3,4,4,4,0.3,0.3
2025-06-29T1200,3501A,116.8249,35.5593,济宁市,服务中心,,23,21,17,3,2,72,,72,70,11,10,1,1,0.2,0.2
2025-06-29T1200,3678A,116.5907,35.4054,济宁市,市第七中学,,24,9,16,3,2,76,,88,75,3,3,10,10,0.4,0.3
2025-06-29T1200,2255A,130.2751,46.8028,佳木斯市,佳纺,,33,19,38,18,22,104,,69,69,8,17,5,5,0.4,0.5
2025-06-29T1200,2256A,130.3995,46.8307,佳木斯市,发电厂,,40,34,37,18,21,126,,77,77,9,16,5,4,0.5,0.5
2025-06-29T1200,2257A,130.3258,46.7975,佳木斯市,环保局,,38,32,37,21,24,120,,84,84,7,16,5,5,0.5,0.5
2025-06-29T1200,2258A,130.3648,46.8032,佳木斯市,十一中,,,,44,59,44,,,,,11,13,5,5,0.2,0.5
2025-06-29T1200,2259A,130.3794,46.7588,佳木斯市,四丰,,,23,26,,,,,,,5,11,1,1,0.5,0.6
2025-06-29T1200,1252A,120.7436,30.778,嘉兴市,清河小学,,46,37,28,21,17,147,,73,73,12,17,8,7,0.7,0.6
2025-06-29T1200,1253A,120.726,30.7478,嘉兴市,嘉兴学院,,49,28,28,18,18,154,,76,76,9,18,5,5,0.4,0.4
2025-06-29T1200,2872A,120.7846,30.7525,嘉兴市,南湖区残联,,47,33,29,21,19,148,,76,76,8,14,5,5,0.2,0.2
2025-06-29T1200,3407A,120.6916,30.7739,嘉兴市,秀洲住建,,49,33,24,22,15,156,,77,77,10,18,6,6,0.7,0.7
2025-06-29T1200,1945A,98.2908,39.7711,嘉峪关市,气象局,,42,36,95,19,19,132,,115,115,15,7,48,9,1.0,0.6
2025-06-29T1200,2884A,98.2672,39.7978,嘉峪关市,酒钢宾馆,,44,44,118,19,23,131,,113,113,7,4,56,18,0.8,0.5
2025-06-29T1200,3248A,98.2643,39.7724,嘉峪关市,雄关区,,40,31,79,9,16,125,,106,106,15,12,22,9,0.3,0.5
2025-06-29T1200,1383A,113.1064,22.6058,江门市,北街,,26,26,17,7,8,76,,38,38,10,12,3,3,0.4,0.4
2025-06-29T1200,1384A,113.0731,22.5835,江门市,西区,,25,,12,6,6,77,,47,47,4,9,8,8,0.4,0.4
2025-06-29T1200,1385A,113.0219,22.5311,江门市,圭峰西,,22,20,17,6,8,70,,42,42,4,8,3,3,0.5,0.6
2025-06-29T1200,1386A,113.0828,22.5947,江门市,东湖,,,11,14,10,8,72,,38,38,8,11,,6,0.5,0.5
2025-06-29T1200,3311A,113.1075,22.5647,江门市,江海富民,,25,14,17,8,7,78,,45,45,7,11,9,10,0.5,0.5
2025-06-29T1200,3449A,113.05,22.4667,江门市,新会银湖,,20,18,21,6,8,64,,26,26,2,10,2,2,0.4,0.4
2025-06-29T1200,1830A,113.1992,35.2590,焦作市,影视城,,,,33,,19,,,,,,9,,14,,0.6
2025-06-29T1200,3169A,113.2725,35.2067,焦作市,太极体育中心,,49,46,44,34,35,135,,91,91,6,9,6,4,0.7,0.6
2025-06-29T1200,3335A,113.3137,35.2641,焦作市,马村街道办,,40,34,40,26,34,125,,90,89,9,11,10,10,0.8,0.8
2025-06-29T1200,3336A,113.2465,35.2373,焦作市,焦作技师学院,,43,43,47,14,17,132,,93,93,10,11,6,4,1.0,0.9
2025-06-29T1200,3477A,113.1656,35.2539,焦作市,中站许衡医院,,,,37,,21,126,,92,92,,11,7,7,,0.7
2025-06-29T1200,3981A,113.2449,35.1803,焦作市,原李万街道办,,41,38,41,7,17,131,,94,94,10,12,14,13,0.2,0.2
2025-06-29T1200,4264A,113.2340,35.2190,焦作市,新安路1731号,,43,41,46,23,24,136,,99,99,6,6,6,4,0.7,0.5
2025-06-29T1200,1708A,116.3701,23.5345,揭阳市,新兴,,39,39,20,3,10,56,,30,30,7,12,7,6,0.5,0.5
2025-06-29T1200,1709A,116.3264,23.5443,揭阳市,西马,,28,28,41,7,10,64,,32,32,5,10,1,3,0.6,0.6
2025-06-29T1200,1710A,116.3611,23.5626,揭阳市,东兴,,37,37,24,3,9,68,,26,26,6,13,3,6,0.5,0.5
2025-06-29T1200,1711A,116.4151,23.5294,揭阳市,渔湖,,23,23,22,9,10,50,,24,24,7,12,7,7,0.4,0.4
2025-06-29T1200,3320A,116.403,23.5699,揭阳市,曲溪,,22,22,21,15,11,66,,27,27,8,12,8,9,0.5,0.5
2025-06-29T1200,1944A,102.1692,38.5167,金昌市,天庆家园,,34,,99,13,23,108,,117,117,7,6,7,12,0.8,0.7
2025-06-29T1200,4022A,102.1647,38.5371,金昌市,金川区人防中心,,38,25,115,13,24,119,,122,122,9,6,10,11,0.4,0.5
2025-06-29T1200,4239A,102.1930,38.5319,金昌市,长春路96号,,38,19,102,14,28,120,,121,121,4,3,11,17,0.6,0.6
2025-06-29T1200,1262A,119.647,29.077,金华市,十五中,,44,16,23,12,11,139,,71,71,6,11,4,4,0.4,0.4
2025-06-29T1200,1263A,119.686,29.1029,金华市,监测站,,42,16,26,10,13,132,,62,62,3,9,3,3,0.6,0.6
2025-06-29T1200,3659A,119.656,29.1131,金华市,气象局,,41,21,23,9,11,131,,65,65,7,14,4,4,0.4,0.4
2025-06-29T1200,1767A,121.1115,41.0879,锦州市,南山,,50,,33,35,36,105,,96,96,5,9,5,7,0.8,0.8
2025-06-29T1200,1768A,121.0604,40.8428,锦州市,开发区,颗粒物(PM10),51,51,43,29,35,107,,115,104,14,14,5,5,0.8,0.8
2025-06-29T1200,1769A,121.1836,41.1119,锦州市,百股街道,,49,,34,34,28,114,,111,111,5,7,2,4,0.7,0.7
2025-06-29T1200,1770A,121.1178,41.1222,锦州市,天安街道,细颗粒物(PM2.5),62,,36,44,36,118,,108,108,10,12,2,4,1.0,0.9
2025-06-29T1200,1771A,121.1303,41.1386,锦州市,北湖公园,,46,38,44,32,33,106,,102,102,7,9,2,3,0.8,0.8
2025-06-29T1200,2160A,112.85,35.5051,晋城市,自来水公司,,43,43,52,12,21,122,,84,84,4,11,1,2,0.5,0.9
2025-06-29T1200,2161A,112.8318,35.4936,晋城市,白云商贸,,36,18,37,7,8,114,,80,80,8,13,4,5,0.5,0.8
2025-06-29T1200,2162A,112.8508,35.4887,晋城市,市环保局,,37,32,52,14,19,117,,80,80,6,12,7,7,0,0.4
2025-06-29T1200,2163A,112.8676,35.4897,晋城市,技术学院,,35,14,33,12,16,109,,80,80,4,11,6,6,0.5,0.8
2025-06-29T1200,2165A,112.8453,35.546,晋城市,白马寺,,38,17,28,17,23,120,,97,90,5,8,5,5,0.5,0.8
2025-06-29T1200,3620A,112.8271,35.4828,晋城市,泽州一中,,36,,39,9,15,115,,84,84,8,12,4,4,0.6,0.8
2025-06-29T1200,2173A,112.7249,37.7067,晋中市,南都小区,,46,29,26,12,14,145,,88,88,2,11,1,2,0.7,0.7
2025-06-29T1200,2174A,112.6991,37.6982,晋中市,榆次区政府,,46,31,23,10,12,147,,83,83,5,14,5,6,0.7,1
2025-06-29T1200,2865A,112.7195,37.6828,晋中市,榆次三中,,48,22,20,12,10,152,,94,94,3,11,5,6,0.4,0.4
2025-06-29T1200,4200A,112.7478,37.6954,晋中市,迎宾街26号,,48,14,16,14,11,152,,95,95,3,11,6,6,0.4,0.4
2025-06-29T1200,2439A,112.2014,31.0481,荆门市,竹园小学,,19,19,19,10,10,58,,46,46,7,8,5,5,0.4,0.5
2025-06-29T1200,2440A,112.1969,30.9891,荆门市,掇刀,,19,16,17,12,11,58,,44,44,4,8,7,7,0.5,0.5
2025-06-29T1200,2441A,112.2213,31.0386,荆门市,石化一小,,19,18,21,10,12,59,,46,46,8,10,10,12,0.3,0.3
2025-06-29T1200,3012A,112.1849,31.0362,荆门市,西山林语,,18,18,16,8,9,56,,44,44,2,3,10,10,0.4,0.4
2025-06-29T1200,3547A,112.1632,31.0138,荆门市,龙泉中学南校,,19,19,15,3,8,57,,45,45,6,5,4,5,0.2,0.3
2025-06-29T1200,1844A,112.2494,30.3197,荆州市,市图书馆,,20,,10,12,7,63,,48,48,6,6,4,3,0.4,0.4
2025-06-29T1200,1845A,112.2008,30.3544,荆州市,市委党校,,17,11,10,9,8,54,,40,40,8,9,6,6,0.5,0.4
2025-06-29T1200,3194A,112.2747,30.3122,荆州市,管委会,,20,15,11,7,8,62,,46,46,7,8,9,7,0.6,0.6
2025-06-29T1200,4268A,112.1722,30.3366,荆州市,学苑路85号,,19,8,25,3,9,58,,44,44,7,7,2,3,0.4,0.4
2025-06-29T1200,2342A,117.3102,29.3867,景德镇市,王港中学,,,,,,,,,,,,,,,,
2025-06-29T1200,2343A,117.2117,29.2933,景德镇市,老干部活动中心,,19,19,11,9,5,58,,47,47,11,8,8,6,0.5,0.4
2025-06-29T1200,2344A,117.1894,29.2789,景德镇市,兽医站,,,25,20,8,6,56,,49,49,13,5,4,4,,0.4
2025-06-29T1200,2345A,117.1547,29.2617,景德镇市,台达陶瓷,,23,23,20,10,10,55,,43,43,19,13,23,23,0.7,0.5
2025-06-29T1200,2346A,117.2461,29.2956,景德镇市,陶研所,,17,17,14,7,7,47,,,,4,4,4,5,0.1,0.3
2025-06-29T1200,1803A,115.9872,29.6815,九江市,十里,,15,10,11,8,9,48,,41,38,9,10,2,2,0.6,0.5
2025-06-29T1200,1804A,115.9584,29.7046,九江市,茅山头,,16,16,11,3,8,43,,41,38,20,12,4,4,0.3,0.3
2025-06-29T1200,1805A,115.9877,29.7295,九江市,西园,,18,14,11,3,5,57,,50,50,12,18,6,6,0.6,0.5
2025-06-29T1200,1808A,115.9114,29.6038,九江市,综合工业园,,13,13,14,3,4,41,,40,39,18,13,3,3,0.7,0.7
2025-06-29T1200,1809A,116.0721,29.7535,九江市,石化总厂,,25,,18,17,16,56,,45,45,5,7,10,8,0.4,0.3
2025-06-29T1200,1810A,115.9773,29.5698,九江市,庐山气象台,,17,10,7,3,3,54,,55,51,4,3,8,8,1.1,0.8
2025-06-29T1200,3190A,116.0254,29.6994,九江市,外国语学校,,16,9,10,7,5,51,,45,45,7,7,3,5,0.6,0.5
2025-06-29T1200,4253A,116.0102,29.6594,九江市,莲花大道8号,,16,16,7,8,8,36,,37,33,15,3,4,4,0.6,0.5
2025-06-29T1200,4240A,98.4958,39.7339,酒泉市,玉门东路5号,,40,22,108,17,31,127,,101,101,2,7,10,10,0.1,0.3
2025-06-29T1200,4241A,98.5099,39.7506,酒泉市,北大街108号,,43,27,104,17,26,137,,109,109,1,5,13,22,0.1,0.3
2025-06-29T1200,2698A,76.0072,39.4467,喀什地区,巡警大队,颗粒物(PM10),76,101,265,23,61,106,,102,96,18,16,1,3,0.3,0.3
2025-06-29T1200,2699A,75.9755,39.4694,喀什地区,吾办,细颗粒物(PM2.5),122,123,266,92,104,107,,100,96,14,16,7,6,0.4,0.5
2025-06-29T1200,4027A,75.9483,39.4689,喀什地区,老干局,颗粒物(PM10),64,78,249,30,76,104,,94,88,8,11,5,5,0.3,0.3
2025-06-29T1200,1824A,114.3389,34.7781,开封市,肿瘤医院,,41,41,22,15,10,83,,92,76,17,12,3,3,0.3,0.3
2025-06-29T1200,1826A,114.2885,34.7965,开封市,世纪星幼儿园,,43,32,26,30,11,99,,92,78,18,12,1,2,0.6,0.5
2025-06-29T1200,3147A,114.3438,34.8106,开封市,龙亭公园,,42,42,20,13,12,69,,91,72,12,7,2,2,0.3,0.2
2025-06-29T1200,3210A,114.3644,34.7964,开封市,汴京公园,颗粒物(PM10),54,58,29,26,11,82,,96,78,17,13,5,4,0.5,0.4
2025-06-29T1200,3473A,114.2485,34.8306,开封市,技师学院,,44,44,19,9,11,83,,97,80,11,8,2,3,0.6,0.7
2025-06-29T1200,3592A,114.4644,34.7556,开封市,祥符区生态环境局,,26,26,22,18,11,81,,80,68,10,14,4,4,0.5,0.5
2025-06-29T1200,1951A,84.895,45.6094,克拉玛依市,长征新村,,30,16,20,8,4,94,,80,80,5,7,4,5,0.2,0.2
2025-06-29T1200,1952A,84.8988,45.5893,克拉玛依市,南林小区,,30,15,21,3,7,93,,79,79,4,12,3,3,0.2,0.1
2025-06-29T1200,1954A,84.905,44.3396,克拉玛依市,独山子区,,38,38,22,11,9,118,,88,88,21,11,9,9,0.4,0.3
2025-06-29T1200,1955A,85.6979,46.098,克拉玛依市,乌尔禾区商贸楼,,30,8,19,3,6,95,,72,65,2,3,4,4,0.4,0.3
2025-06-29T1200,3612A,85.1045,45.6899,克拉玛依市,白碱滩区新站,,32,,11,10,12,102,,95,95,7,8,8,8,0.3,0.3
2025-06-29T1200,2697A,76.1454,39.7142,克孜勒苏柯尔克孜自治州,市人民政府,细颗粒物(PM2.5),70,78,231,51,85,109,,124,109,7,7,7,5,0.2,0.1
2025-06-29T1200,3665A,76.1658,39.7157,克孜勒苏柯尔克孜自治州,克州文化中心,颗粒物(PM10),62,74,227,30,86,112,,122,114,7,5,6,5,0.3,0.3
2025-06-29T1200,1450A,102.8204,24.8886,昆明市,呈贡新区,,19,7,10,3,13,60,,35,35,6,12,6,8,0.3,0.3
2025-06-29T1200,1451A,102.6251,24.9608,昆明市,西山森林公园,,,,,,,,,,,,,,,,
2025-06-29T1200,1452A,102.7252,25.0902,昆明市,龙泉镇,,19,8,16,8,7,58,,29,29,9,11,1,2,0.4,0.4
2025-06-29T1200,1453A,102.7266,25.0375,昆明市,东风东路,,20,17,15,11,10,64,,32,32,9,12,4,6,0.3,0.3
2025-06-29T1200,1454A,102.6742,25.0669,昆明市,金鼎山,,26,26,23,9,7,50,,28,28,10,10,1,2,0.3,0.3
2025-06-29T1200,1455A,102.6644,25.0401,昆明市,碧鸡广场,,17,17,15,3,6,50,,25,25,10,15,6,6,0.4,0.4
2025-06-29T1200,3179A,102.7494,25.0119,昆明市,官渡区博物馆,,20,9,11,6,7,61,,36,36,6,8,7,7,0.3,0.3
2025-06-29T1200,3375A,102.8017,24.8336,昆明市,青年创业园,,19,8,11,3,7,60,,33,33,4,9,3,4,0.4,0.4
2025-06-29T1200,3550A,102.7997,24.9786,昆明市,昆明学院,,18,11,13,6,8,57,,35,35,6,10,7,6,0.3,0.3
2025-06-29T1200,3551A,102.5967,24.6736,昆明市,晋宁区生态环境分局,,15,13,16,3,8,46,,28,28,7,10,3,3,0.1,0.2
2025-06-29T1200,3552A,102.6678,24.9856,昆明市,云天化总部,,17,10,10,3,6,52,,30,30,8,10,4,5,0.5,0.6
2025-06-29T1200,1456A,91.1319,29.6514,拉萨市,八廓街,,38,15,12,6,7,120,,112,111,7,8,6,7,0.3,0.2
2025-06-29T1200,1457A,91.1221,29.6747,拉萨市,市环保局,,36,14,13,6,6,115,,115,111,12,11,7,7,0.3,0.3
2025-06-29T1200,1458A,91.0874,29.6475,拉萨市,区监测站,,37,10,12,3,6,117,,114,110,13,12,6,7,0.2,0.2
2025-06-29T1200,1459A,91.1774,29.6541,拉萨市,西藏大学,,36,8,10,6,6,114,,108,105,10,9,6,5,0.3,0.3
2025-06-29T1200,1460A,90.9798,29.6588,拉萨市,区辐射站,,33,11,14,7,7,104,,104,102,13,12,6,6,0.3,0.2
2025-06-29T1200,1461A,91.0834,29.6292,拉萨市,拉萨火车站,,37,6,10,3,6,117,,114,114,7,6,4,4,0.1,0.1
2025-06-29T1200,2520A,109.2203,23.7256,来宾市,来宾技工学校,,21,21,24,12,12,66,,33,33,4,10,7,14,0.5,0.6
2025-06-29T1200,3535A,109.1781,23.7297,来宾市,兴宾区政府,,36,,21,25,13,71,,37,37,4,11,6,11,0.6,0.6
2025-06-29T1200,4002A,109.2416,23.7461,来宾市,中南小学,,26,26,23,14,13,69,,34,34,5,10,11,12,0.5,0.5
2025-06-29T1200,1477A,104.1373,35.9454,兰州市,榆中兰大校区,,,,,,,,,,,,,,,,
2025-06-29T1200,1479A,103.831,36.0464,兰州市,铁路设计院,颗粒物(PM10),85,120,42,35,23,106,,70,70,17,28,8,9,0.4,0.5
2025-06-29T1200,3241A,103.7439,36.0842,兰州市,百合公园,颗粒物(PM10),107,163,39,57,23,93,,50,50,7,26,10,4,0.4,0.4
2025-06-29T1200,3242A,103.9611,35.998,兰州市,和平,颗粒物(PM10),61,72,32,28,15,108,,84,84,6,12,10,10,0.5,0.4
2025-06-29T1200,4236A,103.6293,36.0938,兰州市,庄浪东路808号,颗粒物(PM10),167,284,47,87,26,109,,59,59,24,38,15,13,0.2,0.3
2025-06-29T1200,4237A,103.7251,36.1043,兰州市,安宁西路88号,颗粒物(PM10),169,288,50,64,22,125,,71,71,2,17,14,9,0.3,0.4
2025-06-29T1200,4238A,103.8470,36.0676,兰州市,北滨河东路1号,颗粒物(PM10),87,124,39,33,24,116,,72,72,9,25,8,11,0.5,0.7
2025-06-29T1200,3245A,103.6633,36.533,兰州新区,新区管委会,颗粒物(PM10),68,86,46,44,28,120,,112,110,6,8,6,14,0.3,0.3
2025-06-29T1200,3246A,103.6975,36.4789,兰州新区,舟曲中学,颗粒物(PM10),115,179,54,49,20,117,,98,98,7,13,6,13,0.4,0.4
2025-06-29T1200,1067A,116.6708,39.5111,廊坊市,药材公司,细颗粒物(PM2.5),79,70,52,58,33,141,,99,99,10,11,3,3,0.6,0.5
2025-06-29T1200,1068A,116.7214,39.5589,廊坊市,开发区,细颗粒物(PM2.5),69,81,58,50,39,143,,91,91,8,11,1,1,0.7,0.5
2025-06-29T1200,1070A,116.7244,39.5269,廊坊市,北华航天学院,细颗粒物(PM2.5),127,,68,96,65,134,,95,95,2,5,1,1,0.6,0.5
2025-06-29T1200,2919A,116.7022,39.5453,廊坊市,河北工业大学,颗粒物(PM10),72,93,61,51,35,145,,95,95,8,11,3,3,0.6,0.5
2025-06-29T1200,2535A,103.7723,29.5462,乐山市,花湖湾,,25,7,21,3,16,78,,83,77,9,11,2,2,0.5,0.5
2025-06-29T1200,2536A,103.7627,29.5844,乐山市,牛耳桥,,27,10,24,7,19,86,,94,87,15,16,6,7,0.8,0.9
2025-06-29T1200,2537A,103.7508,29.6006,乐山市,市第三水厂,,25,10,24,6,20,80,,90,84,16,15,4,4,0.7,0.7
2025-06-29T1200,2538A,103.7571,29.5664,乐山市,市监测站,,24,12,24,7,16,76,,84,76,6,6,6,7,0.8,0.8
2025-06-29T1200,3361A,103.7311,29.5628,乐山市,理工大学,,,,25,,17,,,130,,,10,,6,,0.6
2025-06-29T1200,2598A,100.2143,26.8576,丽江市,西南郊,,,34,18,17,10,73,,76,69,5,9,,12,0.5,0.6
2025-06-29T1200,2599A,100.2497,26.8802,丽江市,丽江古城,,21,21,21,8,11,65,,49,49,10,12,10,9,0.5,0.5
2025-06-29T1200,2600A,100.2203,26.8906,丽江市,市中心,,22,19,13,12,10,70,,70,56,9,13,7,7,0.6,0.6
2025-06-29T1200,1267A,119.914,28.4514,丽水市,监测站大楼,,32,29,19,7,5,102,,48,48,10,13,3,3,0.5,0.4
2025-06-29T1200,1268A,119.93,28.4586,丽水市,莲都小学,,32,32,20,13,9,98,,48,48,8,11,4,3,0.5,0.4
2025-06-29T1200,1269A,119.879,28.4231,丽水市,余庄前,,42,29,21,17,9,133,,50,50,7,8,3,3,0.5,0.4
2025-06-29T1200,1173A,119.176,34.5885,连云港市,市环境监测站,,19,9,15,9,11,60,,39,39,17,14,4,4,0.3,0.3
2025-06-29T1200,3000A,119.3581,34.6972,连云港市,德源药业,,16,7,15,3,6,49,,39,35,15,16,8,9,0.6,0.6
2025-06-29T1200,3007A,119.178,34.844,连云港市,新城一中,,20,20,19,9,8,62,,42,36,9,18,5,6,0.9,0.9
2025-06-29T1200,3008A,119.3608,34.7519,连云港市,胡沟管理处,,,,13,,9,67,,63,51,6,18,5,7,0.9,0.9
2025-06-29T1200,3009A,119.1478,34.5911,连云港市,矿山设计院,,,9,17,7,9,58,,34,34,,10,4,4,0.6,0.6
2025-06-29T1200,3434A,119.2413,34.6539,连云港市,工贸学校,,18,9,10,7,7,57,,60,48,6,3,6,7,0.8,0.7
2025-06-29T1200,3664A,119.4172,34.7341,连云港市,连云街道,,19,19,15,12,9,36,,67,46,29,11,7,7,0.7,0.6
2025-06-29T1200,2571A,102.3431,27.8099,凉山彝族自治州,青龙寺,,30,13,19,6,7,95,,56,56,2,7,5,5,0.5,0.5
2025-06-29T1200,2572A,102.2721,27.8415,凉山彝族自治州,邛海宾馆,,27,21,20,10,11,86,,67,66,16,10,9,9,0.5,0.4
2025-06-29T1200,2573A,102.2625,27.898,凉山彝族自治州,西昌市政府,,32,31,33,13,14,102,,73,71,9,8,11,13,0.6,0.5
2025-06-29T1200,2574A,102.2685,27.8851,凉山彝族自治州,凉山州政府,,32,21,21,13,14,101,,78,74,14,13,9,10,1.0,0.9
2025-06-29T1200,4229A,102.2342,27.8859,凉山彝族自治州,凯乐南路30号,,31,31,23,9,12,95,,72,70,14,16,10,12,0.8,0.8
2025-06-29T1200,2212A,123.2,41.1953,辽阳市,宏伟区,,33,29,31,6,16,105,,132,116,2,4,3,3,0.7,0.8
2025-06-29T1200,2213A,123.1683,41.2495,辽阳市,新华园,,35,,36,9,24,112,,135,122,2,4,5,4,0.3,0.5
2025-06-29T1200,2214A,123.2354,41.2639,辽阳市,滨河路,,31,23,30,9,19,97,,118,106,5,10,7,7,0.5,0.6
2025-06-29T1200,2215A,123.149,41.2991,辽阳市,铁西工业园,,,,59,5,24,87,,108,96,3,7,2,3,0.7,0.9
2025-06-29T1200,2227A,125.1358,42.8845,辽源市,环保局,,46,35,27,22,10,146,,105,105,4,9,2,2,0.5,0.4
2025-06-29T1200,3239A,125.0764,42.9078,辽源市,银鹰制药,,47,34,16,23,12,148,,102,102,8,12,3,2,0.6,0.5
2025-06-29T1200,1625A,115.9848,36.4372,聊城市,区政府,,35,16,10,9,8,110,,84,84,8,9,9,8,0.6,0.6
2025-06-29T1200,2878A,116.0072,36.4343,聊城市,聊大东校,,35,,12,12,13,112,,85,85,4,7,6,6,0.4,0.4
2025-06-29T1200,3200A,115.9819,36.4978,聊城市,监控中心,,37,,8,9,6,116,,86,86,6,10,8,8,0.6,0.6
2025-06-29T1200,3513A,116.0445,36.4361,聊城市,九州社区,,35,17,15,9,9,110,,84,84,7,12,5,4,0.4,0.3
2025-06-29T1200,4018A,116.0567,36.4608,聊城市,星美广场,,37,28,21,8,7,116,,86,86,8,11,11,10,0.7,0.6
2025-06-29T1200,2632A,94.3681,29.6376,林芝市,林芝监测站,,25,12,16,6,6,80,,64,64,5,4,3,3,0.4,0.4
2025-06-29T1200,2633A,94.3616,29.6616,林芝市,林芝人民医院,,27,6,9,3,5,85,,66,66,2,2,5,5,0.3,0.3
2025-06-29T1200,2603A,100.0781,23.8982,临沧市,市环保局,,15,15,17,7,14,41,,21,21,6,8,6,6,0.6,0.6
2025-06-29T1200,2604A,100.0894,23.8822,临沧市,市气象局,,19,17,19,13,14,44,,20,20,9,9,7,7,0.4,0.4
2025-06-29T1200,1733A,111.5531,36.0783,临汾市,临钢医院,臭氧1小时,54,46,48,18,16,163,,108,108,9,15,6,6,0.8,0.8
2025-06-29T1200,1734A,111.5028,36.0714,临汾市,技工学校,,50,47,46,23,27,160,,103,103,8,13,4,5,0.8,0.8
2025-06-29T1200,1736A,111.5018,36.0855,临汾市,市委,臭氧1小时,62,60,57,19,18,169,,108,108,11,16,5,5,1.0,1
2025-06-29T1200,3018A,111.505,36.1014,临汾市,唐尧大酒店,,50,50,64,17,19,159,,99,99,9,14,4,4,0.8,0.8
2025-06-29T1200,4244A,111.4879,36.0530,临汾市,启星学校,臭氧1小时,59,37,45,30,30,167,,108,108,8,12,8,7,0.8,0.8
2025-06-29T1200,4271A,103.2464,35.6123,临夏回族自治州,滨河东路1号,颗粒物(PM10),54,57,41,20,17,78,,43,43,13,10,8,5,0.5,0.3
2025-06-29T1200,4310A,103.2093,35.5995,临夏回族自治州,新华街21号,,47,47,34,27,18,95,,65,65,9,8,11,7,0.5,0.3
2025-06-29T1200,1618A,118.3429,35.0532,临沂市,沂河小区,,19,14,16,3,9,60,,60,60,16,14,7,8,0.3,0.3
2025-06-29T1200,1619A,118.295,35.0583,临沂市,鲁南制药厂,,20,,11,9,10,63,,63,63,14,13,7,8,0.4,0.4
2025-06-29T1200,1620A,118.2794,34.9976,临沂市,新光毛纺厂,,21,,9,9,12,67,,64,64,13,14,6,9,0.4,0.4
2025-06-29T1200,1621A,118.3956,35.0888,临沂市,河东保险公司,,19,7,13,3,5,58,,54,54,14,14,5,6,0.5,0.5
2025-06-29T1200,3370A,118.3564,35.0215,临沂市,十里堡居委,,22,,8,3,9,68,,65,65,15,17,7,8,0.4,0.5
2025-06-29T1200,3496A,118.3604,35.1084,临沂市,南坊新区,,20,6,13,3,6,61,,61,61,15,13,8,8,0.3,0.4
2025-06-29T1200,3860A,118.3920,35.0300,临沂市,皇山花园小区,,20,,10,13,15,62,,61,61,13,12,8,11,0.6,0.6
2025-06-29T1200,1870A,109.4856,24.3895,柳州市,柳东小学,,23,16,22,13,12,71,,39,39,4,8,4,5,0.4,0.4
2025-06-29T1200,1871A,109.4157,24.3277,柳州市,环保监测站,,40,,23,28,13,71,,38,38,5,10,7,8,0.5,0.5
2025-06-29T1200,1872A,109.389,24.341,柳州市,河西水厂,,40,,23,28,12,72,,41,41,6,11,5,5,0.4,0.4
2025-06-29T1200,1873A,109.4311,24.2921,柳州市,市四中,,24,24,22,12,13,72,,37,37,8,13,7,7,0.4,0.5
2025-06-29T1200,1874A,109.4006,24.3631,柳州市,市九中,,23,16,22,13,12,73,,41,41,5,10,3,3,0.6,0.6
2025-06-29T1200,1875A,109.4958,24.3134,柳州市,古亭山,,38,38,22,11,12,72,,36,36,3,9,4,4,0.4,0.5
2025-06-29T1200,3402A,109.5422,24.3996,柳州市,市二中,,25,17,21,10,23,78,,44,44,5,10,7,6,0.3,0.4
2025-06-29T1200,2307A,116.5079,31.737,六安市,监测大楼,,15,,7,9,7,47,,42,40,4,4,4,5,0.2,0.1
2025-06-29T1200,2308A,116.4738,31.7643,六安市,皖西学院,,19,,6,8,8,58,,52,49,1,3,3,3,0.1,0.1
2025-06-29T1200,2309A,116.4996,31.7905,六安市,朝阳厂,,15,,6,3,7,48,,45,42,6,6,6,6,0.2,0.2
2025-06-29T1200,2310A,116.5567,31.7886,六安市,开发区,,17,,5,10,5,54,,44,40,2,4,2,3,0.2,0.3
2025-06-29T1200,2576A,104.8,26.5892,六盘水市,窑上,,27,27,26,3,3,49,,26,26,5,4,4,3,0.4,0.3
2025-06-29T1200,2577A,104.83,26.5917,六盘水市,黄土坡,,19,,11,13,9,49,,36,34,10,7,9,8,0.4,0.4
2025-06-29T1200,2578A,104.89,26.5939,六盘水市,水钢,,,31,29,16,19,51,,40,40,,8,11,14,0.4,0.4
2025-06-29T1200,2579A,104.8475,26.5894,六盘水市,民中,,17,16,11,7,4,54,,38,38,6,6,9,8,0.3,0.3
2025-06-29T1200,2580A,104.9544,26.5506,六盘水市,双水,,32,,4,22,7,47,,41,39,6,6,10,10,0.3,0.3
2025-06-29T1200,2335A,117.0189,25.1181,龙岩市,龙岩师专,,,,,,,,,,,,,,,,
2025-06-29T1200,2336A,117.0217,25.1033,龙岩市,龙岩市监测站,,28,28,19,10,10,77,,31,31,6,20,4,7,0.4,0.4
2025-06-29T1200,2337A,117.0258,25.0661,龙岩市,闽西职业技术学院,,21,20,26,10,10,67,,26,26,3,13,5,18,0.4,0.5
2025-06-29T1200,2338A,117.0196,25.0306,龙岩市,龙岩学院,,40,40,17,15,9,67,,29,29,5,6,5,5,0.6,0.7
2025-06-29T1200,2665A,105.0822,33.3261,陇南市,汉王镇固水子,,,,,,,,,,,,,,,,
2025-06-29T1200,2885A,104.9339,33.3826,陇南市,滨江中学,,31,29,37,10,14,97,,64,64,8,6,6,5,0.4,0.4
2025-06-29T1200,3247A,104.955,33.371,陇南市,市总工会,,48,48,45,17,13,103,,77,74,9,5,9,7,0.7,0.7
2025-06-29T1200,2487A,111.9589,27.8901,娄底市,电视发射台,,34,34,26,17,9,44,,17,17,10,8,7,6,0.5,0.6
2025-06-29T1200,2488A,111.9975,27.725,娄底市,市监测站,,34,34,15,9,24,55,,35,35,7,16,8,9,0.4,0.6
2025-06-29T1200,2489A,112.0194,27.7314,娄底市,市委党校,,27,27,18,14,12,66,,46,46,8,8,8,7,0.4,0.3
2025-06-29T1200,2490A,111.9561,27.7569,娄底市,涟钢,,33,24,29,23,12,53,,26,26,12,19,5,6,0.8,1
2025-06-29T1200,2491A,111.9892,27.7044,娄底市,市政府,,20,,15,14,10,58,,38,38,3,5,6,6,0.5,0.4
2025-06-29T1200,1893A,105.4324,28.9634,泸州市,九狮山,,45,40,32,31,28,52,,28,25,14,16,6,5,0.3,0.3
2025-06-29T1200,1894A,105.4427,28.9063,泸州市,小市上码头,,26,26,25,10,14,50,,34,30,16,12,4,3,0.3,0.2
2025-06-29T1200,1895A,105.4241,28.8573,泸州市,兰田宪桥,,34,34,29,14,17,36,,19,14,29,18,7,7,0.8,0.7
2025-06-29T1200,1896A,105.4379,28.8833,泸州市,市环监站,,26,26,24,16,17,31,,22,16,28,18,4,4,0.7,0.6
2025-06-29T1200,4272A,105.3689,28.7783,泸州市,纳溪中医医院,细颗粒物(PM2.5),54,49,34,38,29,54,,22,22,24,26,4,4,0.7,0.5
2025-06-29T1200,2183A,111.1406,37.5211,吕梁市,环保局,,50,20,41,10,16,160,,74,74,7,22,5,5,0.5,0.5
2025-06-29T1200,2185A,111.1297,37.5136,吕梁市,自来水公司,,46,25,37,10,15,147,,63,63,6,17,4,4,0.5,0.5
2025-06-29T1200,2867A,111.1283,37.51,吕梁市,马茂庄小学,,49,23,46,3,17,154,,73,73,8,24,4,5,0.5,0.5
2025-06-29T1200,1812A,112.3931,34.6516,洛阳市,市委党校,,46,46,32,25,17,88,,83,83,10,9,5,6,0.6,0.6
2025-06-29T1200,1815A,112.494,34.6886,洛阳市,河南林校,,44,44,38,20,19,113,,96,96,10,12,6,7,0.6,0.6
2025-06-29T1200,1816A,112.3844,34.623,洛阳市,开发区管委会,,32,31,26,22,18,98,,90,90,10,10,10,11,0.6,0.5
2025-06-29T1200,1817A,112.4267,34.6258,洛阳市,市委新办公区,,36,27,30,25,20,96,,84,84,11,12,8,9,0.5,0.6
2025-06-29T1200,3340A,112.6005,34.6326,洛阳市,伊滨,,48,48,38,27,20,112,,86,86,10,12,4,6,0.5,0.5
2025-06-29T1200,3341A,112.4951,34.6332,洛阳市,中移产业园,,50,39,32,35,23,110,,91,91,8,9,6,7,0.9,0.9
2025-06-29T1200,3593A,112.5736,34.8993,洛阳市,吉利监测站,,49,42,40,34,26,98,,97,90,7,8,7,7,0.6,0.6
2025-06-29T1200,3635A,112.3677,34.662,洛阳市,河科大西苑校区,细颗粒物(PM2.5),57,,28,40,18,90,,90,90,8,7,8,8,0.7,0.6
2025-06-29T1200,3636A,112.4388,34.6781,洛阳市,英才小学,,47,47,33,29,20,88,,80,80,8,9,7,8,0.9,0.8
2025-06-29T1200,4214A,112.4600,34.6949,洛阳市,春都路1号院,,37,37,30,23,16,94,,85,85,7,8,1,2,0.6,0.6
2025-06-29T1200,2399A,114.051,33.5699,漯河市,三五一五工厂,,26,12,21,3,12,83,,50,50,8,16,5,5,0.4,0.5
2025-06-29T1200,2400A,114.0055,33.5698,漯河市,漯河大学,,27,12,22,7,9,86,,50,50,8,18,3,4,0.3,0.4
2025-06-29T1200,2401A,114.0138,33.5828,漯河市,市水利局,,26,9,16,7,8,82,,49,49,4,13,3,4,0.5,0.5
2025-06-29T1200,2402A,114.0261,33.5698,漯河市,市广电局,,26,6,16,3,12,82,,47,47,4,14,2,2,0.4,0.5
2025-06-29T1200,3478A,113.9749,33.5664,漯河市,市图书馆,,26,22,22,11,13,82,,44,44,5,15,2,3,0.2,0.3
2025-06-29T1200,4250A,114.0892,33.5882,漯河市,韶山路11号,,26,,21,3,11,82,,48,48,6,14,3,2,0.4,0.5
2025-06-29T1200,1798A,118.5092,31.6837,马鞍山市,湖东路四小,,37,36,20,3,6,118,,55,55,7,7,9,8,0.6,0.5
2025-06-29T1200,1799A,118.5024,31.6449,马鞍山市,开发区,,39,30,19,10,6,122,,53,53,7,10,9,7,0.9,0.7
2025-06-29T1200,1802A,118.6245,31.7241,马鞍山市,濮塘,,40,26,13,14,9,126,,57,57,3,3,10,9,0.9,0.8
2025-06-29T1200,3633A,118.4918,31.6809,马鞍山市,雨山,,35,17,14,10,6,112,,52,52,6,8,7,6,0.7,0.6
2025-06-29T1200,4191A,118.5274,31.72227,马鞍山市,慈湖高新区,,35,18,15,11,8,111,,49,49,11,13,9,7,0.5,0.4
2025-06-29T1200,1686A,111.0286,21.4688,茂名市,电白南海,,,19,16,9,11,44,,36,32,6,7,2,2,,0.3
2025-06-29T1200,1687A,110.9294,21.6533,茂名市,茂石化七小,,15,14,18,7,6,46,,35,35,6,7,3,4,0.4,0.4
2025-06-29T1200,1688A,110.9107,21.6687,茂名市,健康路,,18,14,13,3,5,55,,41,41,7,8,2,4,0.5,0.4
2025-06-29T1200,1689A,110.8592,21.6828,茂名市,高岭,,24,24,22,7,4,64,,38,38,11,10,4,4,0.4,0.4
2025-06-29T1200,3450A,111.01,21.5165,茂名市,电白水东,,,,11,7,6,55,,45,41,6,6,4,4,0.4,0.3
2025-06-29T1200,2539A,104.0308,30.0478,眉山市,黑龙滩水库,,35,,18,24,26,81,,65,65,5,10,3,3,0.6,0.7
2025-06-29T1200,2540A,103.8416,30.0874,眉山市,气象局,,29,14,36,3,22,90,,84,84,15,20,3,3,0.5,0.6
2025-06-29T1200,3137A,103.8578,30.0744,眉山市,市委党校,,25,6,28,3,18,79,,72,72,14,17,5,6,0.5,0.5
2025-06-29T1200,3148A,103.8291,30.0564,眉山市,区人社局,,29,12,46,3,18,91,,85,85,17,19,9,11,0.7,0.8
2025-06-29T1200,1690A,116.1231,24.3284,梅州市,梅江月梅,,22,16,19,15,12,70,,30,30,4,9,7,8,0.5,0.5
2025-06-29T1200,1691A,116.0797,24.2719,梅州市,梅县新城,,23,,20,16,9,72,,33,33,5,10,6,6,0.6,0.5
2025-06-29T1200,1692A,116.1248,24.2654,梅州市,环境监控中心,,28,,22,19,12,67,,33,33,9,16,4,6,0.6,0.5
2025-06-29T1200,3315A,116.1233,24.2991,梅州市,梅龙,,22,14,18,8,9,68,,30,30,5,8,8,7,0.5,0.5
2025-06-29T1200,1878A,104.7778,31.4741,绵阳市,富乐山,,28,23,37,12,27,87,,69,69,12,15,8,8,0.5,0.6
2025-06-29T1200,1880A,104.6697,31.4668,绵阳市,高新区自来水公司,,28,11,41,3,21,87,,69,69,14,21,8,8,0.4,0.5
2025-06-29T1200,1881A,104.7287,31.5075,绵阳市,三水厂,,29,29,46,15,30,88,,54,54,16,28,8,9,0.5,0.7
2025-06-29T1200,3491A,104.69,31.5322,绵阳市,西科大附属小学,,24,11,46,3,27,76,,53,53,21,31,7,8,0.0,0.1
2025-06-29T1200,3492A,104.5648,31.5343,绵阳市,安州区旅游局,,29,6,35,3,22,92,,82,82,7,15,5,7,0.3,0.5
2025-06-29T1200,4226A,104.7651,31.4531,绵阳市,绵阳市气象局,,27,8,37,3,25,84,,66,66,11,17,6,7,0.4,0.6
2025-06-29T1200,1784A,129.61,44.561,牡丹江市,环保大楼,,28,21,32,14,15,89,,51,51,11,19,1,1,0.5,0.4
2025-06-29T1200,1785A,129.6115,44.5782,牡丹江市,文化广场,,29,27,27,10,21,91,,53,53,12,21,3,3,0.5,0.4
2025-06-29T1200,1786A,129.5904,44.5963,牡丹江市,第一医院,,30,12,22,6,16,95,,56,56,11,19,5,5,0.4,0.3
2025-06-29T1200,1787A,129.6364,44.6075,牡丹江市,机车工厂,,29,23,34,3,9,92,,50,50,7,17,4,4,0.5,0.5
2025-06-29T1200,1788A,129.6386,44.5462,牡丹江市,第一中学,,24,15,23,10,14,75,,38,38,9,20,4,4,0.6,0.5
2025-06-29T1200,2531A,105.0703,29.61,内江市,市监测站,,46,35,22,32,21,29,,73,44,31,18,7,7,0.7,0.6
2025-06-29T1200,2532A,105.0717,29.5947,内江市,东兴区政府,,20,,19,14,13,30,,72,40,26,14,4,3,0.6,0.5
2025-06-29T1200,2533A,105.0653,29.5817,内江市,内江二中,,38,,20,26,21,33,,69,40,26,15,9,8,0.6,0.5
2025-06-29T1200,2534A,105.0406,29.5822,内江市,内江日报社,,33,30,23,23,20,35,,60,40,23,23,16,20,0.5,0.5
2025-06-29T1200,2628A,92.0657,31.4846,那曲市,那曲监测站,,35,28,21,15,11,112,,74,74,9,12,17,12,0.3,0.4
2025-06-29T1200,4243A,92.0515,31.4787,那曲市,那曲市委宣传部,,,,16,,8,89,,,,6,11,9,8,0.3,0.2
2025-06-29T1200,1290A,115.8931,28.6843,南昌市,省外办,,28,26,17,19,12,64,,33,33,14,14,3,3,0.5,0.5
2025-06-29T1200,1291A,115.8886,28.7003,南昌市,省林业公司,,31,31,16,12,8,67,,39,39,17,15,10,10,0.8,0.6
2025-06-29T1200,1292A,115.8126,28.7442,南昌市,林科所,,27,27,14,9,5,71,,31,31,13,13,7,6,0.3,0.3
2025-06-29T1200,1294A,115.8518,28.687,南昌市,建工学校,,26,26,16,3,9,74,,40,40,12,12,9,8,0.5,0.4
2025-06-29T1200,1295A,115.8921,28.6424,南昌市,象湖,,22,21,16,12,8,70,,37,37,12,14,10,8,0.6,0.5
2025-06-29T1200,1296A,115.7423,28.7996,南昌市,武术学校,,19,13,19,9,12,58,,23,23,5,3,12,9,0.6,0.5
2025-06-29T1200,3046A,115.9084,28.6062,南昌市,机电学校,,30,30,25,9,9,68,,33,33,10,15,6,5,0.6,0.6
2025-06-29T1200,3690A,115.9721,28.7031,南昌市,外国语学校,,25,25,18,9,8,65,,37,37,10,10,17,12,1.1,0.7
2025-06-29T1200,4192A,115.9316,28.68677,南昌市,南京东路235号,,36,36,27,10,6,69,,40,40,15,14,7,5,0.5,0.5
2025-06-29T1200,1905A,106.056,30.8064,南充市,西山风景区,,,,,,,,,,,,,,,,
2025-06-29T1200,1906A,106.0789,30.8023,南充市,南充市委,,39,39,37,24,26,65,,38,38,16,19,5,5,0.4,0.5
2025-06-29T1200,1907A,106.1031,30.8217,南充市,南充炼油厂,,29,29,32,18,20,69,,51,51,10,13,6,6,0.3,0.3
2025-06-29T1200,4227A,106.1083,30.7884,南充市,梨树横街98号,,26,26,32,3,18,72,,53,52,11,12,2,3,0.4,0.4
2025-06-29T1200,4304A,106.1172,30.843,南充市,清泉寺北路188号,,32,32,36,12,20,57,,49,40,14,14,2,3,0.2,0.4
2025-06-29T1200,4305A,106.067,30.7616,南充市,同庆路1号,,28,23,31,19,18,68,,49,49,16,15,4,4,0.3,0.3
2025-06-29T1200,1151A,118.8086,32.1065,南京市,迈皋桥,,30,21,11,7,8,96,,43,43,5,7,4,4,1.4,1.1
2025-06-29T1200,1152A,118.7538,32.0551,南京市,草场门,,34,19,12,17,7,107,,51,51,12,10,13,10,0.4,0.3
2025-06-29T1200,1153A,118.7794,32.0745,南京市,山西路,,37,27,15,7,2,118,,53,53,2,8,9,7,0.6,0.4
2025-06-29T1200,1154A,118.7752,32.0023,南京市,中华门,,33,19,10,9,5,104,,47,47,8,9,10,10,0.6,0.6
2025-06-29T1200,1155A,118.8109,32.0309,南京市,瑞金路,,35,12,8,3,5,112,,52,52,2,8,6,6,0.3,0.5
2025-06-29T1200,1156A,118.7997,32.0754,南京市,玄武湖,,33,31,16,3,1,105,,49,49,10,11,4,4,0.8,0.5
2025-06-29T1200,1157A,118.6414,32.0931,南京市,浦口,,30,17,14,6,5,93,,40,40,9,14,7,4,0.3,0.3
2025-06-29T1200,1158A,118.7356,31.9996,南京市,奥体中心,,35,21,15,7,7,112,,56,56,13,12,10,7,0.6,0.5
2025-06-29T1200,1159A,118.9125,32.1028,南京市,仙林大学城,,35,24,17,3,2,112,,50,50,4,8,8,8,0.6,0.6
2025-06-29T1200,3422A,118.8436,31.9198,南京市,江宁彩虹桥,,34,,12,14,6,106,,54,54,2,9,3,4,0.5,0.5
2025-06-29T1200,3427A,118.8554,32.3578,南京市,六合雄州,,,20,13,16,7,108,,49,49,,23,11,6,1.2,0.8
2025-06-29T1200,4249A,118.8708,31.3402,南京市,汶溪路181号,,30,20,11,8,7,95,,63,63,8,10,4,6,0.3,0.3
2025-06-29T1200,4312A,119.019,31.6512,南京市,中山西路1号,,25,,6,10,6,77,,52,52,3,4,4,4,0.5,0.5
2025-06-29T1200,1401A,108.3103,22.7881,南宁市,二十一中,,17,17,19,9,10,43,,38,38,5,8,4,5,0.6,0.7
2025-06-29T1200,1402A,108.3141,22.8528,南宁市,北湖,,29,29,22,10,12,48,,40,37,12,12,3,5,0.4,0.5
2025-06-29T1200,1403A,108.3206,22.8225,南宁市,市监测站,,27,27,21,11,10,41,,40,39,12,10,6,7,0.5,0.5
2025-06-29T1200,1404A,108.3829,22.8037,南宁市,大自然花园,,18,14,17,10,11,56,,42,42,4,6,4,4,0.4,0.4
2025-06-29T1200,1405A,108.4394,22.7904,南宁市,仙葫,,20,14,18,8,12,64,,46,46,6,9,8,9,0.4,0.5
2025-06-29T1200,1406A,108.2397,22.8467,南宁市,区农职院,,23,23,22,3,8,49,,42,42,12,15,2,3,0.5,0.5
2025-06-29T1200,1407A,108.3275,22.735,南宁市,英华嘉园,,15,,18,9,9,48,,42,42,9,11,6,7,0.3,0.4
2025-06-29T1200,3401A,108.4834,22.7618,南宁市,红星社区,,19,14,20,8,12,58,,38,38,4,6,1,2,0.4,0.4
2025-06-29T1200,4221A,108.2177,22.7774,南宁市,乐贤路16号,,14,12,23,6,11,42,,30,30,19,18,6,6,0.6,0.5
2025-06-29T1200,2331A,118.0966,26.6761,南平市,茫荡山,,,,,,,,,,,,,,,,
2025-06-29T1200,2332A,118.1681,26.6369,南平市,南平市监测站,,30,30,14,15,8,81,,29,29,8,9,9,5,0.6,0.4
2025-06-29T1200,2333A,118.1825,26.6489,南平市,南平铝业有限公司,,33,28,18,23,10,80,,30,30,10,10,13,5,0.8,0.5
2025-06-29T1200,2334A,118.1756,26.6272,南平市,南平七中,,35,35,17,12,7,80,,27,27,8,9,7,5,0.6,0.5
2025-06-29T1200,1168A,120.9098,31.9663,南通市,狼山街道,臭氧1小时,53,29,21,22,11,162,,77,77,10,18,6,5,0.8,0.7
2025-06-29T1200,1169A,120.86,32.0005,南通市,虹桥,,50,25,22,18,18,160,,77,77,14,27,4,5,0.7,0.9
2025-06-29T1200,1170A,120.87,32.02,南通市,城中,,45,30,27,19,13,142,,71,71,8,15,4,5,0.4,0.6
2025-06-29T1200,1171A,120.94,31.93,南通市,星湖花园,臭氧1小时,52,31,21,27,16,161,,80,80,13,24,6,4,0.7,0.6
2025-06-29T1200,1172A,120.81,32.0417,南通市,紫琅学院,,45,26,26,17,10,143,,68,68,14,28,6,7,0.5,0.7
2025-06-29T1200,3291A,121.067,32.062,南通市,通州监测站,,49,24,22,19,14,156,,87,87,10,13,9,7,0.6,0.7
2025-06-29T1200,3432A,120.9348,31.9883,南通市,环境教育馆,臭氧1小时,59,31,26,16,10,167,,92,92,13,16,6,4,0.4,0.3
2025-06-29T1200,2404A,112.5224,33.0122,南阳市,瓦房庄,,24,24,26,8,10,53,,44,44,11,9,6,6,0.4,0.4
2025-06-29T1200,2405A,112.5003,32.9735,南阳市,汉画馆,,,,23,,9,,,39,39,,11,,5,,0.4
2025-06-29T1200,2406A,112.5573,33.027,南阳市,气象站,,19,13,14,7,9,58,,47,47,6,9,6,6,0.4,0.4
2025-06-29T1200,2407A,112.5481,32.9689,南阳市,理工学院,,19,19,20,11,12,55,,42,42,8,11,6,6,0.3,0.3
2025-06-29T1200,4008A,112.5234,32.9922,南阳市,卧龙区政府,,29,29,18,11,12,58,,44,44,6,8,5,5,0.5,0.5
2025-06-29T1200,1234A,121.8358,29.911,宁波市,区环保大楼,,23,17,21,11,12,73,,62,62,3,12,3,4,0.4,0.5
2025-06-29T1200,1235A,121.56,29.82,宁波市,万里学院,,27,20,21,14,13,84,,61,61,4,10,3,3,0.3,0.4
2025-06-29T1200,1236A,121.713,29.9572,宁波市,龙赛医院,,24,16,22,7,10,76,,60,60,8,14,2,4,0.3,0.4
2025-06-29T1200,1239A,121.633,29.7733,宁波市,钱湖水厂,,24,14,17,11,11,75,,53,53,2,3,4,4,0.2,0.2
2025-06-29T1200,1240A,121.5856,29.8635,宁波市,太古小学,,26,17,23,10,11,82,,61,61,4,8,4,4,0.1,0.2
2025-06-29T1200,1241A,121.524,29.8674,宁波市,市环境监测中心,,25,16,20,7,10,80,,53,53,8,13,4,4,0.4,0.4
2025-06-29T1200,2871A,121.6147,29.9017,宁波市,万里国际学校,,25,13,20,10,11,78,,60,60,3,9,3,3,0.5,0.5
2025-06-29T1200,3710A,121.5594,29.8975,宁波市,白沙活动中心,,27,17,23,3,7,85,,61,61,4,9,4,4,0.3,0.3
2025-06-29T1200,2339A,119.5001,26.6946,宁德市,金涵水库,,,,,,,,,,,,,,,,
2025-06-29T1200,2341A,119.5388,26.6612,宁德市,宁德市监测站,,33,27,21,13,13,103,,61,61,5,8,4,4,0.6,0.7
2025-06-29T1200,3209A,119.5231,26.6562,宁德市,宁德一中,,35,21,22,18,11,111,,63,63,3,4,5,5,0.2,0.3
2025-06-29T1200,2618A,98.8601,25.8567,怒江傈僳族自治州,州监测站,,,14,15,9,12,56,,38,38,,7,7,8,0.3,0.4
2025-06-29T1200,2619A,98.8546,25.8417,怒江傈僳族自治州,泸水一中,,18,13,14,12,8,43,,22,22,6,11,5,6,0.3,0.3
2025-06-29T1200,1888A,101.6891,26.571,攀枝花市,弄弄坪,,24,20,38,11,13,74,,60,60,16,19,11,15,1.2,0.8
2025-06-29T1200,1889A,101.5769,26.5928,攀枝花市,河门口,,22,15,25,8,14,70,,60,60,8,13,5,8,0.6,0.8
2025-06-29T1200,1890A,101.7169,26.585,攀枝花市,炳草岗,,22,,35,14,15,69,,58,58,24,23,15,17,1.3,0.7
2025-06-29T1200,1891A,101.7369,26.5008,攀枝花市,仁和,,32,,16,22,11,87,,67,67,16,10,26,10,1.7,0.6
2025-06-29T1200,2835A,101.7227,26.567,攀枝花市,四十中小,,28,28,38,10,19,87,,71,71,13,18,14,26,1.1,0.8
2025-06-29T1200,1604A,122.0303,41.1489,盘锦市,开发区,,39,30,31,24,45,122,,115,113,12,14,6,6,0.6,0.7
2025-06-29T1200,1605A,122.0485,41.0883,盘锦市,兴隆台,,,31,31,17,22,122,,121,118,13,16,,2,0.4,0.5
2025-06-29T1200,1606A,121.8297,41.1028,盘锦市,新生街道,,37,27,25,12,26,117,,117,115,9,11,7,8,0.5,0.7
2025-06-29T1200,1832A,113.3257,33.742,平顶山市,新华旅馆,,25,,17,15,16,80,,50,50,7,10,4,4,0.3,0.4
2025-06-29T1200,1833A,113.2919,33.737,平顶山市,规划设计院,,25,18,23,11,12,79,,47,47,6,11,4,4,0.6,0.7
2025-06-29T1200,1834A,113.182,33.774,平顶山市,平顶山工学院,,27,9,25,9,10,86,,54,54,5,9,5,5,0.4,0.5
2025-06-29T1200,3204A,113.3025,33.73,平顶山市,规划局,,26,12,18,6,9,82,,51,51,5,11,3,3,0.3,0.3
2025-06-29T1200,3594A,112.8867,33.9116,平顶山市,石龙区,,31,28,24,17,14,99,,64,64,9,16,8,7,0.6,0.5
2025-06-29T1200,2656A,106.6692,35.5461,平凉市,聚贤嘉苑,,42,42,43,14,11,125,,55,55,10,24,11,12,0.8,0.8
2025-06-29T1200,2657A,106.7021,35.5307,平凉市,博物馆,,46,46,43,6,7,136,,60,60,10,21,10,9,0.8,0.9
2025-06-29T1200,2347A,114.0997,27.5002,萍乡市,武功山,,16,6,4,3,4,49,,21,21,2,3,14,13,0.3,0.3
2025-06-29T1200,2348A,113.8385,27.6434,萍乡市,中医院,,42,40,21,29,10,84,,32,32,8,7,16,14,1.6,0.7
2025-06-29T1200,2349A,113.8493,27.6253,萍乡市,市政府车库,,42,,20,29,14,73,,26,26,12,8,10,12,2.3,2.2
2025-06-29T1200,2350A,113.8676,27.6435,萍乡市,市环保局,细颗粒物(PM2.5),54,42,18,38,12,73,,25,25,6,7,15,14,2.0,0.8
2025-06-29T1200,2351A,113.866,27.6198,萍乡市,安源区政府,,30,30,21,11,11,78,,27,27,6,10,10,10,1.5,1.1
2025-06-29T1200,2319A,119.0141,25.4325,莆田市,荔城区仓后路,,37,37,30,17,13,114,,57,57,9,10,4,5,0.5,0.5
2025-06-29T1200,2320A,119.0015,25.4553,莆田市,莆田市监测站,,41,41,28,25,10,117,,55,55,9,10,4,4,0.4,0.4
2025-06-29T1200,2321A,119.1119,25.4561,莆田市,涵江区六中,,34,21,27,7,10,107,,58,58,6,13,4,4,0.3,0.3
2025-06-29T1200,2322A,119.1013,25.3215,莆田市,秀屿区政府,,36,32,23,13,8,114,,56,56,7,11,5,6,0.4,0.4
2025-06-29T1200,2323A,118.981,25.4792,莆田市,东圳水库,,,,,,,,,,,,,,,,
2025-06-29T1200,2392A,115.0312,35.7636,濮阳市,环保局,,40,19,13,19,10,125,,111,109,10,9,5,4,0.2,0.2
2025-06-29T1200,2394A,115.0574,35.7609,濮阳市,油田运输公司,,42,42,18,21,9,114,,107,103,13,9,6,5,0.5,0.5
2025-06-29T1200,3021A,115,35.7668,濮阳市,濮水河管理处,,39,,12,27,13,105,,73,73,14,14,4,3,0.3,0.3
2025-06-29T1200,4216A,115.0924,35.7686,濮阳市,任丘路479号,,44,44,21,28,10,110,,99,97,8,6,8,6,0.5,0.4
2025-06-29T1200,2601A,100.98,22.7633,普洱市,市环保局,,25,25,21,8,11,33,,26,25,2,3,4,4,0.6,0.6
2025-06-29T1200,2602A,100.9817,22.8322,普洱市,普洱第二中学,,23,23,21,7,11,34,,25,24,5,6,6,6,0.4,0.4
2025-06-29T1200,2262A,131.0518,45.8751,七台河市,新一中,,43,,40,30,29,94,,71,71,12,22,10,10,1.0,0.8
2025-06-29T1200,3345A,131.0577,45.7879,七台河市,中波台,,23,19,31,6,6,73,,36,36,20,30,8,8,0.3,0.3
2025-06-29T1200,3637A,131.0176,45.7761,七台河市,人民广场,,43,43,44,17,25,88,,39,39,14,22,12,12,0.6,0.6
2025-06-29T1200,3684A,130.8781,45.8222,七台河市,新建矿广场,,29,29,39,13,16,92,,43,43,17,32,11,10,0.6,0.5
2025-06-29T1200,1779A,123.9305,47.3636,齐齐哈尔市,安居小区,,41,40,31,25,13,129,,91,91,13,17,15,27,0.8,0.6
2025-06-29T1200,1780A,123.9488,47.3386,齐齐哈尔市,中心广场,,44,38,30,17,13,138,,112,112,10,13,7,7,0.7,0.6
2025-06-29T1200,1781A,123.9483,47.3227,齐齐哈尔市,农牧车辆厂,,41,39,32,23,16,130,,104,104,8,12,6,6,0.2,0.2
2025-06-29T1200,1783A,123.945,47.2988,齐齐哈尔市,市环境监测站,,42,15,24,12,16,132,,99,99,5,12,5,4,0.4,0.3
2025-06-29T1200,3662A,123.6333,47.2075,齐齐哈尔市,富区青少年活动中心,,,24,33,,21,126,,78,78,10,15,7,6,0.6,0.5
2025-06-29T1200,2591A,107.9783,26.5747,黔东南苗族侗族自治州,市环境监测站,,17,10,6,3,5,52,,41,41,1,3,3,3,0.4,0.4
2025-06-29T1200,2881A,107.8908,26.5311,黔东南苗族侗族自治州,凯里学院,,20,,6,7,6,63,,54,54,5,6,4,4,0.2,0.2
2025-06-29T1200,2593A,107.5228,26.2403,黔南布依族苗族自治州,小围寨,,15,6,6,3,3,45,,37,37,3,3,3,2,0.4,0.4
2025-06-29T1200,3538A,107.5175,26.2978,黔南布依族苗族自治州,沙坝,,16,6,8,3,2,49,,32,32,3,4,4,4,0.4,0.6
2025-06-29T1200,2589A,104.9022,25.0925,黔西南布依族苗族自治州,场坝街,,14,13,13,7,7,42,,39,37,4,4,4,4,0.3,0.3
2025-06-29T1200,2590A,104.8811,25.0992,黔西南布依族苗族自治州,坪东大道,,13,13,13,8,7,36,,34,31,7,7,2,1,0.1,0.1
2025-06-29T1200,2502A,108.6236,21.9667,钦州市,市环保站,,21,9,16,3,6,65,,45,45,7,12,2,2,0.4,0.4
2025-06-29T1200,2503A,108.6549,21.9481,钦州市,沙埠小学,,21,21,22,7,12,59,,40,40,5,14,3,3,0.3,0.4
2025-06-29T1200,2504A,108.5989,21.7431,钦州市,港区一小,,16,9,21,8,10,51,,44,38,18,16,6,3,0.9,0.5
2025-06-29T1200,3404A,108.5959,21.9633,钦州市,北职校,,21,9,18,3,10,66,,43,43,3,12,3,4,0.3,0.4
2025-06-29T1200,1043A,119.7493,40.0116,秦皇岛市,第一关,,48,48,49,31,35,85,,66,66,3,20,4,4,0.3,0.4
2025-06-29T1200,1044A,119.5897,39.9499,秦皇岛市,监测站,,35,35,60,14,24,84,,89,80,7,11,3,3,0.4,0.5
2025-06-29T1200,1046A,119.5251,39.9041,秦皇岛市,建设大厦,,28,24,48,10,21,87,,74,74,4,16,3,3,0.4,0.6
2025-06-29T1200,3132A,119.610547,39.943889,秦皇岛市,文明里,颗粒物(PM10),53,55,62,29,44,100,,117,95,2,5,4,4,0.2,0.4
2025-06-29T1200,4198A,119.5090,39.8253,秦皇岛市,北戴河轮滑馆,,42,36,61,29,54,94,,129,92,5,7,2,2,0.3,0.5
2025-06-29T1200,1307A,120.6659,36.2403,青岛市,仰口,,,,22,,17,,,97,,,7,,7,,0.7
2025-06-29T1200,1310A,120.4134,36.0658,青岛市,市南区东部子站,,35,12,17,9,12,110,,89,89,2,3,8,8,0.3,0.3
2025-06-29T1200,1311A,120.3664,36.1032,青岛市,四方区子站,,33,,21,12,19,105,,100,100,11,7,5,6,0.2,0.3
2025-06-29T1200,1312A,120.2994,36.054,青岛市,市南区西部子站,,35,17,22,10,15,111,,87,87,10,11,8,8,0.6,0.6
2025-06-29T1200,1313A,120.4581,36.0858,青岛市,崂山区子站,,32,12,19,9,16,102,,80,80,7,12,6,7,0.3,0.3
2025-06-29T1200,1315A,120.3999,36.3083,青岛市,城阳区子站,,31,,18,12,13,97,,78,78,17,14,5,5,0.4,0.5
2025-06-29T1200,1966A,120.0405,35.8735,青岛市,黄岛区4号,,23,7,14,3,9,72,,80,80,14,11,9,9,0.6,0.7
2025-06-29T1200,3362A,120.5014,36.4034,青岛市,即墨2号,,34,13,20,3,10,107,,74,74,10,9,2,2,0.2,0.3
2025-06-29T1200,3642A,120.3503,36.0736,青岛市,市北区南部,,31,15,20,9,15,98,,89,89,12,11,6,7,0.4,0.4
2025-06-29T1200,3643A,120.3948,36.1805,青岛市,李沧区北部,,25,,18,12,19,80,,72,72,10,7,4,4,0.6,0.6
2025-06-29T1200,4290A,120.1969,35.9546,青岛市,珠江路669号,,24,6,15,3,12,74,,73,73,5,9,6,6,0.3,0.4
2025-06-29T1200,1702A,113.0426,23.691,清远市,环保大楼,,42,42,32,14,7,67,,27,27,12,15,6,7,0.6,0.6
2025-06-29T1200,1703A,113.0208,23.7106,清远市,凤城街办,,23,23,18,12,11,59,,27,27,16,16,8,8,0.5,0.4
2025-06-29T1200,3025A,113.0477,23.6344,清远市,技师学院,,20,20,22,12,11,57,,24,24,14,21,8,10,0.5,0.5
2025-06-29T1200,3318A,112.9903,23.7403,清远市,清新太和,,30,30,17,14,10,59,,38,38,12,12,8,9,0.5,0.4
2025-06-29T1200,3455A,113.076,23.7198,清远市,清城东城,,21,17,17,8,10,67,,28,28,6,8,8,9,0.5,0.5
2025-06-29T1200,2661A,107.6325,35.7357,庆阳市,庆阳五中,,44,31,33,15,16,140,,123,123,9,12,7,7,0.4,0.4
2025-06-29T1200,2662A,107.6364,35.7067,庆阳市,市环保局,,45,31,33,12,12,144,,130,130,6,9,8,10,0.5,0.4
2025-06-29T1200,1916A,103.7897,25.5035,曲靖市,环境监测站,,16,15,19,8,8,49,,27,27,4,9,4,6,0.5,0.5
2025-06-29T1200,1917A,103.8,25.5364,曲靖市,烟厂办公区,,23,23,17,12,9,49,,28,28,3,7,3,6,0.6,0.6
2025-06-29T1200,3376A,103.7947,25.462,曲靖市,南苑二区,,17,8,14,7,8,52,,30,30,4,7,4,6,0.6,0.6
2025-06-29T1200,3377A,103.7444,25.5261,曲靖市,曲靖师范学院,,16,12,11,8,7,50,,32,32,5,6,5,6,0.3,0.3
2025-06-29T1200,1264A,118.8692,28.9398,衢州市,环保大楼,,30,23,21,13,11,96,,37,37,9,13,5,4,0.5,0.4
2025-06-29T1200,1265A,118.8709,28.9666,衢州市,实验学校,,29,20,24,12,11,92,,38,38,9,13,2,2,0.3,0.3
2025-06-29T1200,1266A,118.8621,28.9808,衢州市,衢州学院,,29,16,21,10,10,91,,37,37,11,16,4,4,0.3,0.3
2025-06-29T1200,1611A,118.5819,24.9117,泉州市,涂山街,,41,41,38,19,15,121,,40,40,14,26,4,9,0.6,0.6
2025-06-29T1200,1612A,118.5972,24.8978,泉州市,津头埔,,45,45,33,21,15,129,,41,41,16,23,4,5,0.5,0.5
2025-06-29T1200,1613A,118.6663,24.9424,泉州市,万安,,47,47,31,26,12,134,,43,43,13,18,4,3,0.5,0.5
2025-06-29T1200,1614A,118.6117,24.9604,泉州市,清源山,,,,,,,,,,,,,,,,
2025-06-29T1200,3529A,118.6333,24.9264,泉州市,城华南路,,41,39,29,24,13,130,,43,43,14,18,5,6,0.5,0.4
2025-06-29T1200,2626A,88.8876,29.2718,日喀则市,日喀则监测站,,39,8,8,3,2,122,,118,118,5,4,14,14,0.3,0.3
2025-06-29T1200,3726A,88.8781,29.2426,日喀则市,林业技术推广中心,,38,8,12,3,2,120,,118,118,3,3,9,9,0.4,0.3
2025-06-29T1200,1659A,119.471,35.4209,日照市,监测站,,18,12,18,10,12,42,,37,37,35,35,8,6,1.4,0.6
2025-06-29T1200,1660A,119.523,35.4216,日照市,市政府广场,,17,12,16,3,8,31,,47,45,34,18,8,7,1.3,0.6
2025-06-29T1200,1661A,119.5587,35.4044,日照市,港务局,,23,,13,16,14,28,,55,51,40,17,6,5,1.2,0.7
2025-06-29T1200,3507A,119.5328,35.4625,日照市,职业技术学院,,19,19,16,3,7,37,,45,44,28,13,4,4,1.1,0.5
2025-06-29T1200,3604A,119.3266,35.1044,日照市,岚山环保分局,,20,7,15,3,8,63,,38,36,8,19,6,8,0.6,0.8
2025-06-29T1200,1835A,111.1922,34.7752,三门峡市,市政府,,49,49,33,24,19,124,,96,96,5,10,5,5,0.4,0.4
2025-06-29T1200,1836A,111.1587,34.7942,三门峡市,开发区,,40,29,35,22,22,126,,101,101,10,12,4,5,0.5,0.5
2025-06-29T1200,1838A,111.143,34.7955,三门峡市,风景区,,42,37,27,21,17,133,,106,106,5,7,5,6,0.3,0.3
2025-06-29T1200,3039A,111.1911,34.7829,三门峡市,三门峡市第一小学,,46,46,32,22,17,125,,97,97,10,12,6,5,0.5,0.5
2025-06-29T1200,3598A,111.1,34.7167,三门峡市,富达温泉假日酒店,,39,26,23,20,18,123,,88,88,6,11,7,9,0.4,0.4
2025-06-29T1200,2324A,117.6211,26.2625,三明市,三钢,,26,24,20,18,12,67,,34,34,16,11,12,8,1.6,1
2025-06-29T1200,2325A,117.635,26.2714,三明市,三明二中,,28,28,18,17,10,66,,31,31,15,11,7,4,1.4,0.5
2025-06-29T1200,2326A,117.6028,26.2378,三明市,三元区政府,,28,28,19,17,8,60,,31,31,22,14,17,5,2.1,0.8
2025-06-29T1200,2327A,117.7275,26.3108,三明市,洋溪,,,,,,,,,,,,,,,,
2025-06-29T1200,1876A,109.5078,18.2489,三亚市,河东子站,,17,,13,3,6,54,,31,31,2,10,2,3,0.5,0.5
2025-06-29T1200,1877A,109.4964,18.2681,三亚市,河西子站,,18,18,12,3,7,56,,29,29,4,11,2,2,0.4,0.4
2025-06-29T1200,3540A,109.7348,18.3443,三亚市,君悦子站,,20,12,24,3,4,61,,34,34,4,10,2,2,0.1,0.2
2025-06-29T1200,2624A,91.7608,29.2313,山南市,山南监测站,,33,,6,6,4,103,,90,88,4,5,3,3,0.3,0.2
2025-06-29T1200,2625A,91.7706,29.2436,山南市,山南人民医院,,34,7,10,3,5,107,,94,88,4,7,7,7,0.1,0.1
2025-06-29T1200,1674A,116.6794,23.3667,汕头市,金平子站,,20,20,9,3,4,60,,42,42,2,4,5,4,0.5,0.5
2025-06-29T1200,1675A,116.7244,23.3633,汕头市,龙湖子站,,19,8,10,3,3,60,,39,39,4,6,6,5,0.4,0.4
2025-06-29T1200,1676A,116.7258,23.2775,汕头市,濠江子站,,19,15,14,3,5,58,,36,36,2,7,4,4,0.5,0.5
2025-06-29T1200,1677A,116.7519,23.4714,汕头市,澄海子站,,19,16,13,6,5,58,,37,37,3,6,2,2,0.4,0.5
2025-06-29T1200,1678A,116.6092,23.2539,汕头市,潮阳子站,,20,7,13,3,5,63,,40,40,2,5,4,4,0.4,0.5
2025-06-29T1200,3444A,116.454,23.2684,汕头市,潮南峡山,,21,6,11,3,2,66,,41,41,2,6,5,5,0.5,0.4
2025-06-29T1200,3624A,116.4069,23.2533,汕头市,潮南子站,,21,10,15,3,5,67,,36,36,4,6,4,4,0.4,0.4
2025-06-29T1200,1693A,115.3653,22.775,汕尾市,市环保局,,18,16,10,3,3,55,,44,44,7,9,2,2,0.5,0.5
2025-06-29T1200,1694A,115.3706,22.7898,汕尾市,市政府,,19,13,13,13,6,59,,42,42,7,8,3,3,0.5,0.5
2025-06-29T1200,1695A,115.3622,22.7925,汕尾市,新城中学,,17,12,13,3,4,54,,40,40,7,8,3,3,0.4,0.4
2025-06-29T1200,2645A,109.9154,33.8715,商洛市,监测站,,,24,27,14,16,135,,76,76,,23,12,10,0.4,0.4
2025-06-29T1200,3045A,109.9643,33.8471,商洛市,商州区中学,,38,30,30,8,10,121,,79,79,8,16,7,10,0.4,0.5
2025-06-29T1200,2408A,115.6702,34.4285,商丘市,环境监测站,,24,24,22,10,9,70,,97,82,6,6,3,2,0.4,0.4
2025-06-29T1200,2409A,115.6458,34.4045,商丘市,粮食局,,27,27,17,17,12,77,,105,91,6,5,2,2,0.4,0.3
2025-06-29T1200,2410A,115.6293,34.3948,商丘市,睢阳区环保局,,39,39,29,11,10,73,,97,85,5,4,4,2,0.2,0.2
2025-06-29T1200,3171A,115.6071,34.4465,商丘市,梁园区档案局,,24,23,15,7,9,74,,98,84,6,7,2,2,0.5,0.4
2025-06-29T1200,1141A,121.4,31.238,上海市,普陀,,48,28,27,22,20,151,,94,94,12,17,6,6,0.2,0.3
2025-06-29T1200,1142A,121.478,31.2036,上海市,十五厂,,50,30,26,20,21,160,,93,93,6,15,9,8,0.5,0.5
2025-06-29T1200,1143A,121.467,31.3008,上海市,虹口,,,,30,,21,152,,81,81,11,21,9,9,,0.4
2025-06-29T1200,1147A,121.425,31.2261,上海市,静安监测站,,41,25,27,16,20,129,,77,77,10,17,5,5,0.6,0.6
2025-06-29T1200,1148A,121.703,31.1907,上海市,浦东川沙,,37,21,28,17,19,118,,80,80,8,14,8,8,0.7,0.7
2025-06-29T1200,1149A,121.533,31.2284,上海市,浦东新区监测站,,44,25,23,13,15,140,,84,84,8,15,7,8,0.7,0.7
2025-06-29T1200,1150A,121.577,31.2071,上海市,浦东张江,,44,33,32,21,20,140,,94,94,9,15,6,6,0.8,0.7
2025-06-29T1200,3265A,121.4316,31.3322,上海市,宝山庙行,,48,,31,17,20,151,,91,91,10,20,4,4,0.2,0.2
2025-06-29T1200,3266A,121.8791,31.4662,上海市,崇明上实东滩,,50,15,23,12,16,158,,88,88,10,19,2,3,0.6,0.6
2025-06-29T1200,3268A,121.3162,31.2838,上海市,嘉定南翔,,38,18,31,16,21,121,,75,75,5,17,7,7,0.3,0.4
2025-06-29T1200,3269A,121.3359,30.7456,上海市,金山新城,,43,36,26,22,17,137,,89,89,12,14,4,3,0.6,0.6
2025-06-29T1200,3270A,121.4996,31.0739,上海市,闵行浦江,,40,28,25,20,18,128,,76,76,6,13,4,4,0.6,0.6
2025-06-29T1200,3271A,121.2886,31.1663,上海市,青浦徐泾,,39,,26,17,19,123,,78,78,6,15,6,6,0.4,0.5
2025-06-29T1200,3272A,121.2186,31.0378,上海市,松江图书馆,,40,16,22,16,18,127,,85,85,2,7,7,7,0.4,0.4
2025-06-29T1200,3273A,121.3902,31.2059,上海市,长宁仙霞,,42,27,25,17,18,132,,80,80,12,16,7,7,0.4,0.4
2025-06-29T1200,3274A,121.7965,31.0507,上海市,浦东惠南,,42,26,26,18,20,133,,78,78,16,20,10,10,0.6,0.6
2025-06-29T1200,3544A,121.4891,30.925,上海市,奉贤南桥新城,,40,25,24,21,18,125,,74,74,4,11,8,7,0.9,0.9
2025-06-29T1200,4183A,121.4174,31.16637,上海市,冠生园路458号,,40,,26,21,23,125,,76,76,8,15,4,4,0.4,0.5
2025-06-29T1200,4205A,121.5419,31.2683,上海市,宁武路151号,,44,35,34,18,22,140,,81,81,16,25,7,7,0.4,0.5
2025-06-29T1200,2381A,118.005,28.4572,上饶市,百草园,,,,,,,,,,,,,,,,
2025-06-29T1200,2382A,117.9756,28.4436,上饶市,市监测站,,39,39,30,20,11,50,,35,35,17,12,10,11,0.6,0.4
2025-06-29T1200,2383A,117.9519,28.4628,上饶市,凤凰光学,,28,27,15,19,11,49,,29,29,21,16,10,12,0.9,0.8
2025-06-29T1200,3685A,117.897,28.4315,上饶市,双创科技城,,32,32,22,19,10,56,,34,34,17,15,7,10,0.9,0.7
2025-06-29T1200,4211A,118.1904,28.4448,上饶市,裕丰大道,,37,37,24,16,11,44,,29,29,7,8,4,4,0.7,0.6
2025-06-29T1200,1669A,113.5824,24.7733,韶关市,市八中,,47,47,20,24,9,70,,33,33,12,11,18,9,1.0,0.8
2025-06-29T1200,1671A,113.5917,24.7972,韶关市,园林处,,23,22,16,16,9,65,,32,32,11,8,14,8,1.0,0.7
2025-06-29T1200,1673A,113.5971,24.6863,韶关市,曲江监测站,,21,21,22,13,11,64,,25,25,16,16,11,11,0.8,0.8
2025-06-29T1200,2809A,113.6668,24.7756,韶关市,大学路288号,,35,35,20,13,11,68,,30,30,11,10,8,6,0.7,0.5
2025-06-29T1200,3622A,113.5556,24.8082,韶关市,碧湖山庄,,36,36,22,20,13,69,,30,30,10,10,14,9,0.8,0.6
2025-06-29T1200,2462A,111.5239,27.3033,邵阳市,市水土所,,,,,,,,,,,,,,,,
2025-06-29T1200,2464A,111.5283,27.2442,邵阳市,市化工厂,,25,24,25,13,15,80,,38,38,6,10,3,3,0.4,0.4
2025-06-29T1200,2466A,111.4328,27.2272,邵阳市,市环保局,,30,30,25,16,17,80,,31,31,12,13,8,6,0.4,0.4
2025-06-29T1200,4218A,111.4460,27.2472,邵阳市,北塔二期4-26地块,,26,22,25,18,12,66,,24,24,5,8,5,4,0.2,0.2
2025-06-29T1200,4219A,111.4739,27.2282,邵阳市,邵水西路287号,,27,27,26,14,12,80,,34,34,10,13,6,6,0.4,0.4
2025-06-29T1200,1247A,120.6053,29.9928,绍兴市,城东开发委,,31,20,16,15,9,97,,59,59,3,5,3,3,0.3,0.3
2025-06-29T1200,2921A,120.5483,30.0003,绍兴市,树下王站,,32,23,17,12,8,100,,62,62,3,6,4,4,0.5,0.5
2025-06-29T1200,3408A,120.5683,29.9361,绍兴市,绍兴中专,细颗粒物(PM2.5),72,,21,52,51,104,,63,63,4,9,4,4,0.3,0.3
2025-06-29T1200,3409A,120.4906,30.0861,绍兴市,柯桥区政府,,33,21,22,12,11,104,,61,61,4,8,4,4,0.7,0.6
2025-06-29T1200,3410A,120.8752,30.0249,绍兴市,重华小学,,29,19,17,12,10,91,,53,53,8,12,6,6,0.3,0.3
2025-06-29T1200,3411A,120.8369,30.0137,绍兴市,上虞中学,,37,22,17,17,12,116,,56,56,6,12,6,7,0.3,0.3
2025-06-29T1200,3560A,120.4722,30.0415,绍兴市,柯桥妇保,,35,19,25,12,13,111,,62,62,6,10,5,5,0.3,0.3
2025-06-29T1200,3658A,120.6153,30.0764,绍兴市,袍江中学,,38,22,17,16,10,119,,72,72,5,7,3,4,0.5,0.5
2025-06-29T1200,1356A,114.1063,22.5545,深圳市,通心岭子站,,19,9,12,3,6,58,,27,27,3,9,7,7,0.5,0.6
2025-06-29T1200,1357A,114.117,22.5625,深圳市,洪湖,,19,6,13,3,4,60,,25,25,5,13,6,6,0.6,0.6
2025-06-29T1200,1358A,113.987,22.5417,深圳市,华侨城,,18,16,13,7,6,55,,35,35,3,9,5,6,0.6,0.6
2025-06-29T1200,1359A,113.9181,22.5171,深圳市,南海子站,,20,18,14,9,5,61,,44,44,10,14,8,8,0.7,0.7
2025-06-29T1200,1360A,114.2458,22.5689,深圳市,盐田,,28,,13,19,5,41,,23,23,19,14,7,7,0.5,0.5
2025-06-29T1200,1361A,114.2283,22.7244,深圳市,龙岗,,18,11,14,3,6,57,,33,33,3,9,6,6,0.8,0.9
2025-06-29T1200,1363A,114.494,22.5422,深圳市,南澳,,18,6,12,3,0,57,,35,35,2,2,7,7,0.5,0.5
2025-06-29T1200,1364A,114.41,22.6342,深圳市,葵涌,,17,6,10,3,2,53,,28,28,4,6,7,7,0.6,0.6
2025-06-29T1200,1365A,114.297,22.5978,深圳市,梅沙,,20,12,15,3,2,61,,38,38,1,3,8,8,0.5,0.5
2025-06-29T1200,1366A,114.0678,22.738,深圳市,观澜,,20,14,20,3,8,63,,34,34,5,13,6,6,0.6,0.7
2025-06-29T1200,3305A,114.0731,22.559,深圳市,莲花,,16,10,15,6,6,51,,23,23,5,10,6,6,0.5,0.5
2025-06-29T1200,3306A,114.0261,22.6198,深圳市,民治,,19,9,16,6,8,60,,29,29,3,14,7,7,0.4,0.5
2025-06-29T1200,3307A,114.1871,22.6451,深圳市,横岗,,19,9,13,3,5,59,,33,33,3,12,8,8,0.5,0.5
2025-06-29T1200,3447A,114.3551,22.7151,深圳市,坪山,,19,6,13,3,9,58,,24,24,6,16,7,7,0.5,0.5
2025-06-29T1200,3623A,113.8953,22.5861,深圳市,西乡,,22,15,17,8,5,68,,43,43,7,12,6,6,0.6,0.6
2025-06-29T1200,1098A,123.6836,41.9339,沈阳市,森林路,,,,,,,,,,,,,,,,
2025-06-29T1200,1099A,123.505,41.7406,沈阳市,浑南东路,,40,24,29,19,21,126,,111,111,8,22,8,3,0.7,0.9
2025-06-29T1200,1100A,123.4231,41.6989,沈阳市,新秀街,,38,19,31,9,27,120,,116,116,6,17,2,17,0.7,0.9
2025-06-29T1200,1102A,123.5903,41.8411,沈阳市,东陵路,,39,23,43,18,20,123,,102,102,6,17,6,6,0.8,1
2025-06-29T1200,1103A,123.4264,41.8467,沈阳市,陵东街,,37,26,31,22,23,117,,116,116,7,11,4,4,1.0,1.1
2025-06-29T1200,1104A,123.4114,41.7653,沈阳市,文化路,,42,24,43,14,27,134,,128,128,6,14,5,11,0.8,1
2025-06-29T1200,1105A,123.4678,41.7867,沈阳市,小河沿,,39,29,32,14,24,123,,108,108,4,10,7,6,0.8,1.1
2025-06-29T1200,1106A,123.4017,41.7972,沈阳市,太原街,,41,,53,24,34,130,,123,123,9,14,2,3,0.7,0.8
2025-06-29T1200,1108A,123.3783,41.9228,沈阳市,京沈街,,43,37,37,22,26,135,,126,126,7,14,6,7,0.9,1
2025-06-29T1200,2897A,123.2444,41.7347,沈阳市,沈辽西路,,36,24,36,13,26,114,,102,102,4,11,5,4,0.8,0.9
2025-06-29T1200,2900A,123.5953,41.9086,沈阳市,裕农路,,42,26,27,18,20,133,,105,105,4,13,6,6,0.9,1.1
2025-06-29T1200,2428A,111.0419,32.395,十堰市,武当山,,22,11,21,8,12,70,,46,46,6,5,9,8,0.6,0.7
2025-06-29T1200,2429A,110.78,32.6494,十堰市,滨河新村,,24,24,27,16,19,72,,44,44,9,14,7,8,0.4,0.3
2025-06-29T1200,2430A,110.7258,32.6389,十堰市,刘家沟,,30,30,34,17,18,96,,51,51,5,8,6,7,0.6,0.7
2025-06-29T1200,2431A,110.8839,32.5714,十堰市,铁二处,,26,9,19,8,19,81,,42,42,5,8,6,7,0.6,0.6
2025-06-29T1200,3545A,110.8054,32.8401,十堰市,郧阳区金沙路,,23,20,26,16,14,71,,57,54,6,10,7,7,0.6,0.6
2025-06-29T1200,2709A,86.0497,44.2967,石河子市,艾青诗歌馆,,36,36,33,11,13,103,,66,58,5,15,12,13,0.4,0.4
2025-06-29T1200,3442A,86.047,44.2331,石河子市,南区管委会,,35,34,25,22,14,110,,85,84,10,10,14,9,0.3,0.2
2025-06-29T1200,4051A,86.0791,44.3017,石河子市,世纪广场,颗粒物(PM10),55,59,33,18,16,98,,66,63,6,13,8,8,0.5,0.5
2025-06-29T1200,1029A,114.4422,38.0444,石家庄市,职工医院,,48,12,30,8,25,153,,90,90,2,8,4,2,0.4,0.5
2025-06-29T1200,1030A,114.6063,38.0266,石家庄市,高新区,,44,28,36,27,34,138,,83,83,4,9,3,3,0.4,0.5
2025-06-29T1200,1031A,114.4898,38.1328,石家庄市,西北水源,,48,26,39,14,16,151,,75,75,2,8,3,3,0.6,0.5
2025-06-29T1200,1032A,114.4586,38.0058,石家庄市,西南高教,,45,27,21,3,15,141,,91,91,7,10,3,1,0.3,0.3
2025-06-29T1200,1033A,114.5331,38.0178,石家庄市,世纪公园,,45,20,30,15,23,142,,86,86,4,8,3,3,0.5,0.5
2025-06-29T1200,1034A,114.509,38.0457,石家庄市,人民会堂,,48,24,36,14,16,151,,96,96,6,11,3,3,0.4,0.4
2025-06-29T1200,1035A,114.3524,37.8911,石家庄市,封龙山,,44,36,18,22,23,139,,136,124,14,11,1,3,0.9,0.7
2025-06-29T1200,2862A,114.5481,38.0378,石家庄市,22中南校区,,48,22,31,18,28,152,,97,97,2,7,3,3,0.2,0.2
2025-06-29T1200,3456A,114.289,38.0906,石家庄市,鹿泉一中,,46,30,37,19,24,147,,83,83,8,10,2,2,0.5,0.5
2025-06-29T1200,3573A,114.8506765,38.0322033,石家庄市,藁城区实验学校,臭氧1小时,59,38,47,23,22,167,,96,96,2,7,3,3,0.4,0.4
2025-06-29T1200,4024A,114.6549,37.9020,石家庄市,栾城区星河路,臭氧1小时,67,32,33,13,20,173,,115,115,10,12,5,3,0.3,0.3
2025-06-29T1200,4314A,114.0494,38.059,石家庄市,矿区区委大楼,,46,19,22,3,6,145,,74,74,4,15,8,6,0.5,0.5
2025-06-29T1200,1947A,106.3394,38.817,石嘴山市,沙湖旅游区,,,,,,,,,,,,,,,,
2025-06-29T1200,1948A,106.3668,39.0145,石嘴山市,大武口朝阳西街,臭氧1小时,68,36,39,20,23,174,,98,98,14,18,16,10,0.6,0.6
2025-06-29T1200,1949A,106.7704,39.2282,石嘴山市,惠农南大街,,49,24,30,9,11,154,,105,105,18,20,14,14,0.4,0.4
2025-06-29T1200,1950A,106.7099,39.1325,石嘴山市,红果子镇惠新街,臭氧1小时,57,29,28,21,21,165,,107,107,13,15,9,9,0.3,0.3
2025-06-29T1200,3520A,106.3495,38.9836,石嘴山市,妇女儿童医院,臭氧1小时,53,49,37,18,17,162,,97,97,14,16,14,11,0.8,0.8
2025-06-29T1200,3521A,106.7492,39.2069,石嘴山市,石大公路,,49,29,35,7,18,156,,99,99,13,20,7,8,0.7,0.8
2025-06-29T1200,2248A,131.1511,46.6937,双鸭山市,双合村,,36,18,47,14,26,115,,74,74,8,16,9,44,0.2,0.7
2025-06-29T1200,2249A,131.1652,46.6191,双鸭山市,南小市,颗粒物(PM10),58,66,36,26,20,96,,58,58,13,11,21,8,1.3,0.7
2025-06-29T1200,2250A,131.1524,46.6554,双鸭山市,环保局,,15,14,39,10,19,31,,45,41,7,14,6,15,0.4,0.7
2025-06-29T1200,2251A,131.12,46.5656,双鸭山市,苗圃,,,,,,,,,,,,,,,,
2025-06-29T1200,2166A,112.4397,39.3522,朔州市,平朔,颗粒物(PM10),53,56,39,19,25,135,,44,44,17,22,12,9,0.1,0.2
2025-06-29T1200,2167A,112.4575,39.3617,朔州市,朔唯,颗粒物(PM10),52,53,39,32,21,126,,56,56,17,25,9,7,0.6,0.6
2025-06-29T1200,2168A,112.4258,39.3197,朔州市,区政府,,46,31,35,3,17,145,,67,67,10,19,8,8,0,0
2025-06-29T1200,2169A,112.4072,39.3278,朔州市,市环保局,,,,38,19,26,144,,73,73,9,19,4,5,0.7,0.8
2025-06-29T1200,2170A,112.4272,39.3681,朔州市,市二中,颗粒物(PM10),55,59,39,24,21,112,,44,44,26,28,8,6,0.2,0.3
2025-06-29T1200,3571A,112.2931,39.53,朔州市,一水厂,,44,38,33,14,21,138,,83,83,11,21,7,4,0.6,0.7
2025-06-29T1200,2225A,124.4002,43.1713,四平市,一商场,,49,,27,34,20,148,,103,103,12,16,4,5,0.7,0.6
2025-06-29T1200,2226A,124.388,43.193,四平市,境园,,49,49,27,27,17,152,,102,102,6,11,7,7,0.5,0.4
2025-06-29T1200,3486A,124.4036,43.1411,四平市,植物园,,,48,20,35,22,141,,104,104,13,19,11,8,,0.5
2025-06-29T1200,3713A,124.3419,43.1666,四平市,世纪城,细颗粒物(PM2.5),60,53,33,43,25,144,,98,98,9,14,4,4,0.7,0.6
2025-06-29T1200,2233A,124.8006,45.1214,松原市,江南,,42,42,29,12,11,86,,69,69,6,12,6,6,0.5,0.6
2025-06-29T1200,2234A,124.7965,45.1722,松原市,江北,,28,23,27,17,16,89,,74,74,7,11,6,6,0.4,0.4
2025-06-29T1200,1160A,120.561,31.2472,苏州市,上方山,,,,,,,,,,,,,,,,
2025-06-29T1200,1162A,120.591,31.3019,苏州市,彩香,,41,21,19,16,14,130,,69,69,9,12,5,5,0.3,0.3
2025-06-29T1200,1163A,120.596,31.3264,苏州市,轧钢厂,,35,27,21,10,10,109,,58,58,8,10,4,5,0.5,0.5
2025-06-29T1200,1164A,120.613,31.2703,苏州市,吴中区,,37,24,24,14,15,116,,59,59,7,15,4,4,0.2,0.2
2025-06-29T1200,1165A,120.543,31.2994,苏州市,苏州新区,,42,31,22,13,14,132,,69,69,11,12,7,6,0.2,0.2
2025-06-29T1200,1166A,120.669,31.3097,苏州市,苏州工业园区,,45,23,26,7,9,144,,72,72,13,19,6,6,0.6,0.6
2025-06-29T1200,1167A,120.641,31.3708,苏州市,相城区,,,,24,,17,,,124,,,16,,4,,0.6
2025-06-29T1200,3289A,120.743,31.3188,苏州市,方洲路,,44,26,23,18,20,138,,67,67,11,15,7,6,0.4,0.4
2025-06-29T1200,3290A,120.5031,31.2774,苏州市,木渎中学,,45,18,16,15,11,141,,76,76,7,8,2,2,0.6,0.6
2025-06-29T1200,3425A,120.624,31.1733,苏州市,越秀幼儿园,,43,30,29,14,14,135,,74,74,4,9,3,3,0.5,0.5
2025-06-29T1200,3431A,120.6505,31.416,苏州市,高铁新城,,41,19,23,14,14,129,,64,64,7,13,6,6,0.6,0.7
2025-06-29T1200,1220A,118.293,33.9528,宿迁市,宿迁学院,,24,14,13,11,12,76,,51,51,3,10,7,7,0.5,0.6
2025-06-29T1200,1221A,118.2442,33.9592,宿迁市,宿迁中学,,24,12,14,7,10,74,,51,51,4,8,3,3,0.3,0.4
2025-06-29T1200,2996A,118.283,33.965,宿迁市,市供电局,,24,16,13,11,9,76,,55,55,5,9,4,4,0.6,0.7
2025-06-29T1200,3191A,118.3225,33.9447,宿迁市,宿豫区政府,,24,21,14,12,14,76,,50,50,8,11,5,5,0.4,0.5
2025-06-29T1200,3187A,116.9509,33.666,宿州市,远航博物馆,,25,17,14,3,8,80,,52,52,4,9,3,4,0.2,0.3
2025-06-29T1200,3463A,116.9708,33.591,宿州市,社会福利中心,,26,,17,15,18,82,,47,47,5,14,4,4,0.1,0.1
2025-06-29T1200,3634A,116.9884,33.6305,宿州市,宿州学院,,28,,11,7,5,87,,52,52,3,10,3,3,0.1,0.2
2025-06-29T1200,3701A,116.9648,33.6252,宿州市,皖北煤电集团,,29,17,18,3,9,92,,60,60,2,7,3,3,0.4,0.4
2025-06-29T1200,2266A,126.9785,46.6365,绥化市,人和东街,,37,14,20,12,12,117,,92,92,4,10,6,7,0.5,0.4
2025-06-29T1200,2267A,126.964,46.6528,绥化市,党政办公中心,,31,16,22,13,17,99,,80,80,7,14,4,5,0.5,0.4
2025-06-29T1200,2451A,113.3583,31.7275,随州市,市委党校,,22,17,19,12,14,68,,59,55,8,8,5,5,0.6,0.6
2025-06-29T1200,2452A,113.3833,31.6908,随州市,市林业局,,24,24,26,9,10,61,,52,48,4,5,3,4,0.6,0.6
2025-06-29T1200,2453A,113.3983,31.7308,随州市,市立交桥水厂,,32,,22,22,19,65,,56,52,5,5,5,5,0.7,0.8
2025-06-29T1200,2527A,105.5453,30.5678,遂宁市,石溪浩,颗粒物(PM10),64,77,71,29,26,37,,26,18,19,27,9,10,0.3,0.3
2025-06-29T1200,2528A,105.5582,30.5232,遂宁市,市监测站,颗粒物(PM10),51,52,38,15,17,42,,42,41,20,22,7,8,0.6,0.5
2025-06-29T1200,2529A,105.5861,30.5366,遂宁市,行政中心,,45,45,32,19,13,50,,60,49,14,12,5,5,0.4,0.4
2025-06-29T1200,2530A,105.5918,30.4728,遂宁市,美宁食品公司,,44,44,41,14,19,45,,40,40,19,24,10,7,0.5,0.6
2025-06-29T1200,2706A,82.9994,46.7432,塔城地区,东门外小游园,,24,17,16,3,7,74,,56,56,3,2,2,3,0.2,0.2
2025-06-29T1200,1255A,121.273,28.6459,台州市,黄岩环保大楼,,22,11,18,6,8,69,,60,60,3,6,5,5,0.3,0.3
2025-06-29T1200,1256A,121.419,28.6542,台州市,台州环保大楼,,30,20,19,13,10,96,,66,66,6,7,5,5,0.4,0.4
2025-06-29T1200,1257A,121.377,28.5773,台州市,路桥田洋王,,29,18,18,10,9,91,,65,65,5,6,5,5,0.3,0.3
2025-06-29T1200,3564A,121.2568,28.6681,台州市,台州科技职业学院,,23,10,17,3,5,72,,51,51,5,8,4,4,0.2,0.4
2025-06-29T1200,1081A,112.522,37.8873,太原市,尖草坪,,45,24,20,13,14,143,,105,105,21,17,19,10,1.2,0.9
2025-06-29T1200,1083A,112.434,38.0108,太原市,上兰,,44,18,21,6,12,140,,85,85,9,12,5,4,0.5,0.6
2025-06-29T1200,1084A,112.469,37.7124,太原市,晋源,,50,24,25,13,15,159,,102,102,14,16,8,6,0.7,0.6
2025-06-29T1200,1085A,112.5583,37.7394,太原市,小店,臭氧1小时,57,21,24,8,13,165,,106,106,13,19,7,8,0.4,0.6
2025-06-29T1200,1086A,112.5369,37.8692,太原市,桃园,,48,20,25,12,14,151,,88,88,13,18,10,8,0.9,0.7
2025-06-29T1200,1087A,112.57,37.8195,太原市,坞城,,50,18,21,6,13,159,,107,107,7,15,7,7,0.9,1
2025-06-29T1200,1088A,112.549,37.9854,太原市,南寨,,46,14,22,3,7,146,,74,74,6,15,9,8,0.7,0.7
2025-06-29T1200,3618A,112.4719,37.7831,太原市,金胜,臭氧1小时,54,18,21,11,14,163,,109,109,13,13,10,7,0.9,0.6
2025-06-29T1200,4010A,112.5608,37.8807,太原市,育英中学,臭氧1小时,54,18,21,11,16,163,,112,112,10,13,7,4,0.7,0.5
2025-06-29T1200,1656A,117.1437,36.1937,泰安市,监测站,,25,19,17,13,9,80,,74,74,14,10,9,9,0.1,0.1
2025-06-29T1200,1657A,117.0885,36.2017,泰安市,人口学校,,27,22,22,15,11,84,,83,82,13,7,7,7,0.5,0.4
2025-06-29T1200,1658A,117.1089,36.1758,泰安市,电力学校,,25,22,22,13,16,79,,,,12,7,6,6,0.2,0.2
2025-06-29T1200,3502A,117.1812,36.2275,泰安市,国网新校,,29,23,25,3,7,91,,77,77,13,11,4,4,0.3,0.4
2025-06-29T1200,3503A,117.0313,36.2018,泰安市,交通技校,,28,22,18,14,13,88,,86,85,11,10,4,4,0.5,0.4
2025-06-29T1200,3504A,117.0829,36.13,泰安市,山东第一医科大学,,28,14,16,10,10,88,,71,71,6,13,2,2,0,0.1
2025-06-29T1200,1206A,119.905,32.4878,泰州市,公园路,,36,14,13,9,9,115,,68,68,6,12,9,8,0.6,0.8
2025-06-29T1200,1207A,119.9189,32.4625,泰州市,莲花,,45,20,16,14,10,141,,89,89,7,14,6,7,0.4,0.5
2025-06-29T1200,1209A,119.888,32.4639,泰州市,留学生创业园,,36,18,18,16,10,115,,66,66,9,16,8,8,0.5,0.7
2025-06-29T1200,2997A,119.8767,32.3289,泰州市,王营,,40,,14,12,9,125,,62,62,6,24,7,8,0.2,0.3
2025-06-29T1200,3295A,120.1259,32.5099,泰州市,姜堰区政府广场,,35,24,20,14,12,109,,72,72,7,11,12,12,0.6,0.6
2025-06-29T1200,3435A,119.9192,32.4322,泰州市,周山河街区,,35,18,17,9,10,112,,64,64,4,12,10,10,0.3,0.5
2025-06-29T1200,1038A,118.1725,39.6334,唐山市,物资局,细颗粒物(PM2.5),63,70,74,45,50,143,,103,103,2,5,4,5,0.6,0.9
2025-06-29T1200,1040A,118.1705,39.6506,唐山市,十二中,细颗粒物(PM2.5),69,,67,50,59,136,,96,96,2,5,2,4,0.5,0.9
2025-06-29T1200,1041A,118.1869,39.622,唐山市,小山,细颗粒物(PM2.5),63,46,63,45,52,137,,94,94,2,5,2,3,0.6,0.8
2025-06-29T1200,3457A,118.4359,39.2762,唐山市,冀东油田职工医院,,43,43,62,30,50,106,,73,63,6,10,3,3,0.4,0.5
2025-06-29T1200,3575A,118.09279,39.58089,唐山市,正泰大街热力站,细颗粒物(PM2.5),62,60,67,44,44,141,,95,95,6,10,6,5,1.0,1
2025-06-29T1200,3576A,118.1562,39.8322,唐山市,丰润区政府,细颗粒物(PM2.5),92,68,80,68,67,141,,100,100,4,9,6,9,0.9,1.2
2025-06-29T1200,3577A,118.43673,39.73809,唐山市,金山小学,颗粒物(PM10),51,52,61,35,57,139,,98,98,9,15,8,9,0.6,0.9
2025-06-29T1200,3578A,118.24498,39.66941,唐山市,政府服务中心,细颗粒物(PM2.5),57,55,59,40,50,134,,98,98,7,12,7,11,0.6,0.8
2025-06-29T1200,3692A,118.2059,39.6585,唐山市,消防缸窑路中队,细颗粒物(PM2.5),68,56,61,49,52,144,,102,102,11,14,7,8,0.7,0.8
2025-06-29T1200,3693A,118.1436,39.6202,唐山市,路南电大,细颗粒物(PM2.5),62,53,65,44,48,141,,96,95,8,12,4,4,0.5,0.8
2025-06-29T1200,4197A,118.1309,39.6360,唐山市,友谊北路34号,细颗粒物(PM2.5),62,60,75,44,55,142,,93,93,4,8,3,4,0.6,0.9
2025-06-29T1200,1015A,117.1444,39.1661,天津市,勤俭道,细颗粒物(PM2.5),54,48,66,38,50,148,,99,98,4,9,5,4,0.9,1.1
2025-06-29T1200,1018A,117.202,39.0927,天津市,前进道,细颗粒物(PM2.5),92,90,75,68,59,161,,109,109,15,14,5,5,1.0,0.9
2025-06-29T1200,1019A,117.1837,39.2133,天津市,淮河道,细颗粒物(PM2.5),87,74,76,64,58,168,,115,115,6,11,5,6,0.8,0.8
2025-06-29T1200,1021A,117.3083,39.0884,天津市,跃进路,细颗粒物(PM2.5),88,73,90,65,67,171,,108,108,10,16,4,5,0.7,0.7
2025-06-29T1200,1023A,117.707,39.0343,天津市,第四大街,细颗粒物(PM2.5),103,96,83,77,64,88,,72,68,42,26,7,7,1.0,1
2025-06-29T1200,1024A,117.457,38.8394,天津市,永明路,细颗粒物(PM2.5),118,,65,89,71,158,,93,93,15,12,4,4,0.9,0.9
2025-06-29T1200,1026A,117.764,39.1587,天津市,汉北路,细颗粒物(PM2.5),59,42,60,42,53,122,,87,87,12,11,8,6,0.8,0.8
2025-06-29T1200,1027A,117.157,38.9194,天津市,团泊洼,,,,,,,,,,,,,,,,
2025-06-29T1200,2858A,117.7918,39.2474,天津市,河西一经路,细颗粒物(PM2.5),57,59,81,40,59,149,,100,95,13,14,12,8,1.1,0.8
2025-06-29T1200,2859A,117.3747,38.9846,天津市,津沽路,,,63,92,,90,161,,100,100,9,12,4,5,0.7,0.7
2025-06-29T1200,2860A,117.1589,39.0845,天津市,宾水西道,细颗粒物(PM2.5),98,82,70,73,62,143,,96,96,11,11,8,8,0.9,0.8
2025-06-29T1200,2922A,117.1941,39.1067,天津市,大理道,细颗粒物(PM2.5),97,73,78,72,60,142,,96,96,11,11,4,4,1.2,1.1
2025-06-29T1200,3020A,117.2101,39.1699,天津市,中山北路,细颗粒物(PM2.5),104,90,76,78,62,156,,101,101,12,15,4,5,0.9,0.9
2025-06-29T1200,3051A,117.3876,39.1488,天津市,西四道,细颗粒物(PM2.5),67,62,97,48,69,148,,91,91,6,15,5,5,1.1,1.1
2025-06-29T1200,3325A,117.0365,39.3828,天津市,雍阳西道,细颗粒物(PM2.5),72,57,53,52,48,122,,94,85,10,14,5,6,0.9,0.8
2025-06-29T1200,3326A,117.0296,39.0605,天津市,辛老路,细颗粒物(PM2.5),78,73,69,57,54,142,,90,90,6,12,5,6,0.9,0.9
2025-06-29T1200,3327A,116.9638,38.9375,天津市,地纬路,细颗粒物(PM2.5),70,58,68,51,56,138,,94,94,7,11,6,6,0.8,0.9
2025-06-29T1200,3460A,117.4067,40.0583,天津市,北环路,细颗粒物(PM2.5),98,92,77,73,58,143,,105,105,7,8,7,6,1.5,1.1
2025-06-29T1200,3461A,117.3045,39.7169,天津市,建设路,细颗粒物(PM2.5),75,83,77,55,56,133,,100,89,10,13,6,6,1.2,1.1
2025-06-29T1200,3462A,117.8199,39.3521,天津市,滨水东路,细颗粒物(PM2.5),67,50,70,48,61,157,,94,94,14,19,9,8,1.0,0.9
2025-06-29T1200,4196A,117.2437,39.1029,天津市,光华路,细颗粒物(PM2.5),100,97,105,75,85,160,,104,104,11,13,6,7,0.9,1
2025-06-29T1200,2649A,106.0055,34.343,天水市,麦积山,,,,,,,,,,,,,,,,
2025-06-29T1200,2650A,105.7205,34.5786,天水市,公园小学,,43,20,29,13,17,135,,68,68,11,15,9,7,0.5,0.5
2025-06-29T1200,2651A,105.8945,34.5538,天水市,麦积国土局,,46,19,30,7,13,145,,84,84,7,12,7,9,0.5,0.5
2025-06-29T1200,2216A,123.8139,42.3022,铁岭市,汇工街西,,49,49,34,28,23,152,,121,121,6,12,6,6,0.8,0.8
2025-06-29T1200,2217A,123.8649,42.2923,铁岭市,水上乐园,,42,29,34,29,20,132,,101,101,8,16,5,5,0.5,0.6
2025-06-29T1200,2218A,123.8486,42.2867,铁岭市,银州路东段,,50,50,47,26,22,150,,117,117,10,14,3,4,0.7,0.7
2025-06-29T1200,2219A,123.7153,42.2217,铁岭市,金沙江路北,,47,47,34,26,23,147,,112,112,10,17,4,5,0.6,0.8
2025-06-29T1200,2229A,125.9358,41.7173,通化市,光明,,43,23,20,10,11,135,,115,115,9,9,8,8,0.5,0.5
2025-06-29T1200,2230A,125.9446,41.7325,通化市,铁路,,42,27,21,15,13,132,,93,93,3,10,10,10,0.6,0.6
2025-06-29T1200,2191A,122.2532,43.6801,通辽市,艺术职业学校,,47,47,40,29,23,138,,99,99,11,12,11,11,0.6,0.5
2025-06-29T1200,3706A,122.2584,43.6333,通辽市,老干部活动中心,,49,47,36,34,27,138,,96,96,10,11,7,4,0.8,0.7
2025-06-29T1200,3708A,122.2922,43.6189,通辽市,东方明珠社区,,48,,33,33,35,124,,84,84,11,12,7,6,0.5,0.4
2025-06-29T1200,1922A,109.0656,35.0994,铜川市,党校,,,,,,,,,,,,,,,,
2025-06-29T1200,1923A,109.0697,35.0697,铜川市,王益区政府,,45,38,32,14,11,143,,80,80,8,17,8,6,0.6,0.5
2025-06-29T1200,1924A,108.9344,34.9058,铜川市,新区管委会,,50,42,34,25,17,158,,99,99,12,15,5,5,0.8,0.6
2025-06-29T1200,4234A,108.9497,34.8705,铜川市,大唐三路,臭氧1小时,57,49,36,19,14,165,,103,103,11,15,6,6,0.7,0.6
2025-06-29T1200,2285A,117.8177,30.9412,铜陵市,市第四中学,,32,32,23,18,11,70,,35,35,16,16,15,12,0.7,0.6
2025-06-29T1200,2286A,117.8059,30.9273,铜陵市,市公路局,,35,35,31,7,15,68,,36,36,15,13,16,15,0.5,0.6
2025-06-29T1200,2287A,117.7807,30.9413,铜陵市,市新民污水厂,,23,23,26,15,13,60,,30,30,17,17,13,17,0.3,0.4
2025-06-29T1200,2288A,117.7439,30.8792,铜陵市,市第九中学,,34,34,31,17,11,60,,28,28,26,26,9,8,0.5,0.6
2025-06-29T1200,2289A,117.846,30.9413,铜陵市,车站新区,,25,23,18,8,11,77,,40,40,14,12,14,10,0.3,0.3
2025-06-29T1200,2290A,117.8483,30.97,铜陵市,市职教基地,,24,24,21,9,9,70,,34,34,16,16,12,10,0.6,0.6
2025-06-29T1200,2585A,109.1839,27.7344,铜仁市,铜仁卫校,,,10,21,7,9,68,,26,26,,13,12,3,1.6,0.7
2025-06-29T1200,2586A,109.1753,27.6944,铜仁市,铜仁七中,,,,18,,7,73,,30,30,,12,7,6,0.3,0.3
2025-06-29T1200,2686A,89.1904,42.9418,吐鲁番市,市环保局,,44,24,41,9,13,140,,116,116,3,8,4,4,0.6,0.6
2025-06-29T1200,2687A,89.1673,42.9559,吐鲁番市,地区环保局,,42,31,46,18,21,132,,90,90,6,17,6,6,0.3,0.4
2025-06-29T1200,1662A,122.1214,37.4236,威海市,华夏技校,,25,14,24,12,19,79,,82,82,12,13,3,3,0.3,0.4
2025-06-29T1200,1663A,122.0508,37.5236,威海市,山大分校,,31,17,24,7,13,97,,110,103,6,7,7,7,0.3,0.4
2025-06-29T1200,1664A,122.1067,37.5072,威海市,市监测站,,25,17,26,15,22,80,,79,79,2,4,1,2,0.4,0.5
2025-06-29T1200,1982A,122.0693,37.2174,威海市,文登开发区,,37,14,23,3,16,118,,102,102,10,6,4,5,0.6,0.7
2025-06-29T1200,3505A,122.1379,37.3414,威海市,临港区管委会,,,22,26,9,17,92,,96,94,13,11,,4,0.4,0.4
2025-06-29T1200,1650A,119.1437,36.7023,潍坊市,环保局,,28,27,29,14,18,89,,43,43,16,16,9,8,0.5,0.5
2025-06-29T1200,2877A,119.1641,36.6523,潍坊市,坊子邮政,,33,31,33,23,23,83,,39,39,15,16,9,9,0.6,0.6
2025-06-29T1200,3178A,119.0587,36.721,潍坊市,潍坊七中,,25,24,28,17,16,79,,43,43,9,9,6,6,0.5,0.5
2025-06-29T1200,3368A,119.1977,36.6872,潍坊市,高新实验学校,,26,24,31,13,15,81,,37,37,11,15,7,7,0.4,0.5
2025-06-29T1200,3416A,119.1755,36.7149,潍坊市,潍坊学院,,26,22,27,16,16,83,,39,39,9,11,4,4,0.7,0.8
2025-06-29T1200,3861A,119.2041,36.7699,潍坊市,寒亭区实验一小,,28,19,25,12,16,88,,40,40,11,12,4,4,0.8,0.6
2025-06-29T1200,1938A,109.5293,34.5101,渭南市,农科所,,,,,,,,,,,,,,,,
2025-06-29T1200,1940A,109.4636,34.493,渭南市,体育馆,,45,31,26,17,10,143,,87,87,8,13,7,6,0.5,0.4
2025-06-29T1200,1941A,109.4259,34.5023,渭南市,高新一小,,45,41,30,14,13,142,,87,87,7,11,6,6,0.5,0.5
2025-06-29T1200,4235A,109.5051,34.4921,渭南市,渭花路4号,,46,34,21,18,13,146,,87,87,9,12,7,6,0.5,0.4
2025-06-29T1200,1242A,120.634,28.0089,温州市,瓯海,,35,23,24,14,15,110,,67,67,9,12,4,4,0.4,0.4
2025-06-29T1200,1243A,120.6748,27.9939,温州市,南浦,,36,26,22,17,14,114,,80,80,8,10,2,2,0.1,0.2
2025-06-29T1200,1244A,120.76,27.9747,温州市,龙湾,,29,29,23,8,8,86,,64,64,10,12,4,3,0.2,0.2
2025-06-29T1200,1245A,120.6709,28.0167,温州市,市站,,36,34,24,12,14,113,,76,76,10,13,3,3,0.4,0.4
2025-06-29T1200,3561A,120.6985,27.9251,温州市,茶山,,26,15,20,6,11,82,,70,70,6,8,2,2,0.3,0.3
2025-06-29T1200,2610A,104.2533,23.3594,文山壮族苗族自治州,州水务局,,15,10,5,6,6,45,,40,40,7,7,3,6,0.4,0.4
2025-06-29T1200,2611A,104.2319,23.3892,文山壮族苗族自治州,市便民服务中心,,16,11,12,3,4,49,,41,41,5,6,5,4,0.2,0.3
2025-06-29T1200,2187A,106.8174,39.6973,乌海市,市林业局,臭氧1小时,67,39,32,12,17,173,,124,124,19,16,18,20,0.9,0.8
2025-06-29T1200,2188A,106.7907,39.6667,乌海市,中海勃湾学校,,49,35,31,19,19,156,,102,102,21,16,18,16,0.9,0.8
2025-06-29T1200,3284A,106.813,39.7274,乌海市,海北新区,臭氧1小时,58,55,43,18,12,166,,99,99,23,20,23,19,0.6,0.6
2025-06-29T1200,3621A,106.8288,39.6778,乌海市,聚英学校,臭氧1小时,64,49,42,15,19,171,,125,125,20,18,27,29,0.6,0.6
2025-06-29T1200,2197A,113.1306,40.9923,乌兰察布市,集宁新区,臭氧1小时,54,38,47,36,38,163,,84,84,15,15,9,8,0.6,0.7
2025-06-29T1200,3034A,113.1076,41.0385,乌兰察布市,光明街小学,细颗粒物(PM2.5),55,42,40,39,30,145,,67,67,18,18,10,10,0.4,0.5
2025-06-29T1200,3285A,113.1376,40.9509,乌兰察布市,北京八中,,50,38,46,8,28,159,,82,82,11,14,17,16,0.5,0.5
2025-06-29T1200,3421A,113.1775,40.9779,乌兰察布市,市委党校,臭氧1小时,60,42,44,28,28,168,,92,92,12,16,7,8,0.4,0.5
2025-06-29T1200,1490A,87.5801,43.8303,乌鲁木齐市,监测站,,34,30,27,13,14,106,,62,62,19,25,5,5,0.3,0.3
2025-06-29T1200,1491A,87.6046,43.768,乌鲁木齐市,收费所,,32,32,38,9,13,98,,66,66,24,28,8,8,0.3,0.3
2025-06-29T1200,1492A,87.4754,43.9469,乌鲁木齐市,新疆农科院农场,,32,23,34,9,13,101,,59,59,19,31,8,8,0.3,0.3
2025-06-29T1200,1493A,87.5525,43.8711,乌鲁木齐市,铁路局,,36,21,31,6,11,114,,70,70,16,26,5,4,0.2,0.2
2025-06-29T1200,1494A,87.6432,43.831,乌鲁木齐市,三十一中学,,35,17,27,13,10,110,,72,72,13,20,10,9,0.2,0.2
2025-06-29T1200,1496A,87.7216,44.1747,乌鲁木齐市,米东区环保局,,38,29,34,13,13,119,,68,68,14,14,8,7,0.3,0.4
2025-06-29T1200,3033A,87.4651,43.4569,乌鲁木齐市,培训基地,,35,34,21,9,7,112,,98,98,7,7,5,5,0.5,0.4
2025-06-29T1200,3437A,88.3118,43.3658,乌鲁木齐市,达坂城区环保局,,34,21,17,12,8,106,,71,70,2,2,7,6,0.2,0.2
2025-06-29T1200,3438A,87.6162,43.8801,乌鲁木齐市,红光山片区,,45,45,35,11,14,110,,65,65,14,31,10,10,0.2,0.3
2025-06-29T1200,3439A,87.7024,43.8004,乌鲁木齐市,新师大温泉校区,,41,18,39,9,9,130,,76,76,5,18,4,4,0.2,0.2
2025-06-29T1200,3440A,87.4921,43.8411,乌鲁木齐市,大绿谷,,33,27,29,9,10,104,,81,81,21,19,8,7,0.4,0.3
2025-06-29T1200,1188A,120.269,31.4867,无锡市,雪浪,,39,19,19,9,5,124,,74,74,10,11,4,4,0.3,0.3
2025-06-29T1200,1189A,120.275,31.6219,无锡市,黄巷,,27,,19,9,9,86,,66,66,7,15,6,6,0.5,0.6
2025-06-29T1200,1190A,120.294,31.56,无锡市,曹张,,34,13,17,12,11,106,,66,66,10,15,4,4,0.3,0.3
2025-06-29T1200,1191A,120.242,31.5031,无锡市,漆塘,,35,19,15,9,8,111,,68,68,5,8,4,5,0.4,0.4
2025-06-29T1200,1192A,120.3489,31.5863,无锡市,东亭,,36,12,12,7,7,115,,68,68,5,9,5,5,0.4,0.5
2025-06-29T1200,1193A,120.354,31.5475,无锡市,旺庄,,38,14,18,9,10,120,,70,70,9,15,4,4,0.6,0.6
2025-06-29T1200,1194A,120.245,31.5631,无锡市,荣巷,,38,17,14,12,7,119,,74,74,5,8,5,4,0.3,0.3
2025-06-29T1200,1195A,120.299,31.6817,无锡市,堰桥,,32,17,19,9,8,100,,67,67,11,17,3,2,0.4,0.5
2025-06-29T1200,3428A,120.3142,31.4753,无锡市,华庄,,38,15,14,10,10,120,,71,71,4,7,6,6,0.5,0.4
2025-06-29T1200,2677A,106.1532,37.9648,吴忠市,教育园区,颗粒物(PM10),52,54,39,27,15,154,,66,66,17,18,13,5,0.6,0.4
2025-06-29T1200,2679A,106.1856,37.9956,吴忠市,新区二泵站,臭氧1小时,53,50,34,22,14,162,,81,81,17,20,12,6,0.6,0.4
2025-06-29T1200,3648A,106.2112,37.9768,吴忠市,文卫南街,臭氧1小时,53,24,34,14,15,162,,78,78,13,17,12,6,0.6,0.5
2025-06-29T1200,1794A,118.3606,31.3519,芜湖市,监测站,,35,31,16,12,6,112,,55,55,11,12,7,6,0.5,0.4
2025-06-29T1200,1795A,118.3714,31.4134,芜湖市,科创中心,,48,48,15,11,6,116,,55,55,7,9,10,8,0.6,0.4
2025-06-29T1200,1796A,118.3673,31.3131,芜湖市,四水厂,,34,23,14,14,7,108,,59,59,16,10,6,6,0.4,0.3
2025-06-29T1200,3328A,118.4209,31.3707,芜湖市,市气象局,,35,18,11,11,6,109,,55,55,6,8,8,7,0.4,0.3
2025-06-29T1200,3465A,118.4781,31.3225,芜湖市,清苑社区,,34,18,13,10,6,107,,54,54,2,4,6,6,0.3,0.3
2025-06-29T1200,3466A,118.2746,31.2326,芜湖市,扬子职业技术学院,,35,20,13,10,5,112,,57,57,2,4,8,8,0.4,0.4
2025-06-29T1200,2495A,111.3014,23.4832,梧州市,市逸夫小学,,25,25,27,9,14,69,,34,34,2,5,2,3,0.8,0.8
2025-06-29T1200,2496A,111.3239,23.4794,梧州市,市十一中,,22,,24,14,17,69,,28,28,2,9,6,6,0.4,0.4
2025-06-29T1200,2498A,111.2711,23.4835,梧州市,龙新,,42,42,26,14,7,61,,29,29,2,7,2,3,0.6,0.5
2025-06-29T1200,4258A,111.2419,23.4154,梧州市,政贤路18号,,20,18,23,10,10,62,,27,27,5,10,5,5,0.3,0.3
2025-06-29T1200,2711A,87.5475,44.1756,五家渠市,农水大厦,,36,27,33,9,10,113,,61,61,5,13,10,9,0.3,0.3
2025-06-29T1200,3441A,87.546,44.1912,五家渠市,经开区管委会,,35,34,30,15,11,110,,62,62,16,16,10,10,0.5,0.5
2025-06-29T1200,1325A,114.3677,30.5584,武汉市,东湖梨园,,17,10,16,3,5,54,,,,26,10,6,6,0.4,0.4
2025-06-29T1200,1326A,114.2529,30.558,武汉市,汉阳月湖,,16,12,10,9,3,51,,48,48,16,15,8,8,0.2,0.1
2025-06-29T1200,1327A,114.282,30.6189,武汉市,汉口花桥,,17,8,10,3,4,54,,51,51,8,7,8,10,0.3,0.3
2025-06-29T1200,1328A,114.3025,30.5332,武汉市,武昌紫阳,,18,14,14,3,7,56,,56,56,9,6,5,5,0.6,0.5
2025-06-29T1200,1329A,114.3646,30.6217,武汉市,青山钢花,,16,12,13,3,5,49,,47,46,12,11,8,6,0.7,0.5
2025-06-29T1200,1330A,114.1566,30.4825,武汉市,沌口新区,,,11,12,,3,53,,50,48,18,16,8,8,0.0,0
2025-06-29T1200,1331A,114.3014,30.5944,武汉市,汉口江滩,,15,14,11,10,8,48,,44,44,13,17,4,4,0.1,0
2025-06-29T1200,1333A,114.135,30.6319,武汉市,吴家山,,18,16,17,3,5,55,,50,50,8,8,9,9,0.6,0.5
2025-06-29T1200,1334A,113.8454,30.2917,武汉市,沉湖七壕,,14,,11,3,9,42,,40,40,8,8,6,6,0.4,0.4
2025-06-29T1200,3153A,114.3877,30.4908,武汉市,民族大道182号,,14,14,14,3,6,40,,45,44,10,5,4,4,0.9,0.6
2025-06-29T1200,2652A,102.6201,37.9251,武威市,监测站,,36,12,86,8,25,113,,100,100,10,14,8,9,0.3,0.3
2025-06-29T1200,4270A,102.6447,37.9293,武威市,钟楼街149号,,36,,84,10,24,113,,103,103,9,10,4,7,0.3,0.2
2025-06-29T1200,1463A,108.993,34.2629,西安市,兴庆小区,,50,40,31,14,11,158,,86,86,12,14,2,1,0.6,0.5
2025-06-29T1200,1464A,109.06,34.2572,西安市,纺织城,,47,40,29,22,16,150,,81,81,13,16,9,7,0.5,0.4
2025-06-29T1200,1465A,108.9356,34.2173,西安市,小寨,,50,35,33,15,14,158,,91,91,11,13,2,2,0.5,0.5
2025-06-29T1200,1466A,108.954,34.2713,西安市,市人民体育场,,,,,,,,,,,,,,,,
2025-06-29T1200,1467A,108.8922,34.2322,西安市,高新西区,臭氧1小时,53,37,31,19,15,162,,99,99,7,9,4,2,0.4,0.3
2025-06-29T1200,1468A,108.935,34.3474,西安市,经开区,,42,37,35,15,14,134,,86,86,11,14,2,2,0.4,0.3
2025-06-29T1200,1469A,108.906,34.1546,西安市,长安区,臭氧1小时,75,48,38,18,15,180,,84,84,18,23,5,5,0.6,0.6
2025-06-29T1200,1471A,109.2186,34.3731,西安市,临潼区,颗粒物(PM10),63,75,31,13,12,139,,82,82,9,11,10,9,0.4,0.4
2025-06-29T1200,1472A,108.869,34.378,西安市,草滩,,44,29,32,10,13,140,,82,82,14,21,4,3,0.4,0.3
2025-06-29T1200,1473A,108.985,34.1978,西安市,曲江文化产业集团,臭氧1小时,54,42,32,19,15,163,,93,93,12,14,2,1,0.6,0.5
2025-06-29T1200,1474A,109.051,34.3213,西安市,广运潭,,46,39,35,17,15,147,,83,83,9,15,2,1,0.6,0.5
2025-06-29T1200,3605A,109.09,34.5236,西安市,无线电监控中心,,46,29,33,17,14,147,,80,80,8,18,1,1,0.6,0.5
2025-06-29T1200,4055A,108.8869,34.2662,西安市,行知小学,,50,36,31,15,13,160,,90,90,12,16,3,1,0.7,0.7
2025-06-29T1200,4233A,108.5962,34.1188,西安市,西苑北路977号,臭氧1小时,74,40,50,19,29,179,,88,88,9,19,3,3,0.5,0.6
2025-06-29T1200,1483A,101.524,36.6867,西宁市,第五水厂,,,,,,,,,,,,,,,,
2025-06-29T1200,3055A,101.7775,36.6428,西宁市,城北区政府,,28,28,25,15,14,70,,94,72,25,13,9,10,0.6,0.6
2025-06-29T1200,3629A,101.8305,36.5786,西宁市,世纪职校,,34,10,22,3,10,107,,106,96,19,17,9,13,0.6,0.7
2025-06-29T1200,3630A,101.7413,36.6397,西宁市,师大城西校区,,39,27,34,27,23,82,,88,78,12,11,14,15,0.7,0.5
2025-06-29T1200,2612A,100.8018,21.9995,西双版纳傣族自治州,景洪市江南,,11,11,14,3,5,27,,17,17,7,7,7,7,0.6,0.7
2025-06-29T1200,2613A,100.8017,22.0225,西双版纳傣族自治州,景洪市江北,,13,13,21,3,9,26,,15,15,2,6,7,6,0.5,0.4
2025-06-29T1200,3606A,108.7108,34.46,西咸新区,北杜,颗粒物(PM10),54,57,39,16,16,147,,88,88,12,20,10,9,0.5,0.5
2025-06-29T1200,3607A,108.7096,34.2956,西咸新区,同德佳苑,,47,46,34,16,14,148,,92,92,10,16,8,6,0.4,0.4
2025-06-29T1200,3608A,108.8558,34.4978,西咸新区,崇文塔,,,,,,,,,,,,,,,,
2025-06-29T1200,2202A,116.1042,43.9317,锡林郭勒盟,市环保监测站,,40,24,30,13,16,125,,103,103,8,10,4,4,0.2,0.3
2025-06-29T1200,2203A,116.0781,43.9311,锡林郭勒盟,市政府,,38,28,22,11,15,120,,97,97,4,8,3,3,0.2,0.3
2025-06-29T1200,1286A,118.1608,24.8169,厦门市,溪东,,,,,,,,,,,,,,,,
2025-06-29T1200,1287A,118.1514,24.4767,厦门市,洪文,,17,14,14,6,5,54,,34,34,10,7,6,2,0.4,0.4
2025-06-29T1200,1288A,118.0661,24.4444,厦门市,鼓浪屿,,17,,15,3,6,53,,31,31,10,16,4,4,0.4,0.4
2025-06-29T1200,2842A,118.0936,24.5058,厦门市,湖里中学,,21,16,16,9,7,65,,30,30,10,10,4,2,0.4,0.3
2025-06-29T1200,3527A,118.0958,24.5688,厦门市,集美中学,,29,29,17,11,7,86,,44,44,20,21,3,2,0.4,0.4
2025-06-29T1200,3528A,118.1493,24.7245,厦门市,同安二实小,,33,15,11,10,8,105,,45,45,9,10,2,2,0.2,0.2
2025-06-29T1200,2447A,114.3175,29.8142,咸宁市,森林公园,,12,6,8,3,3,37,,55,47,4,3,6,6,0.4,0.4
2025-06-29T1200,3655A,114.3375,29.8683,咸宁市,长江产业园,,19,19,16,3,4,44,,59,55,5,5,2,2,0.4,0.4
2025-06-29T1200,4217A,114.3182,29.8447,咸宁市,双鹤路18号,,28,26,18,19,15,50,,64,59,6,4,4,4,0.4,0.4
2025-06-29T1200,4298A,114.284,29.8595,咸宁市,碧桂路,,24,24,19,16,9,47,,66,59,8,5,2,2,0.4,0.3
2025-06-29T1200,1918A,108.7197,34.3956,咸阳市,气象站,,,,,,,,,,,,,,,,
2025-06-29T1200,1919A,108.673,34.3155,咸阳市,实验中学,,46,43,42,16,15,147,,93,93,10,18,9,7,0.7,0.6
2025-06-29T1200,1920A,108.7233,34.3617,咸阳市,师范学院,,44,43,37,19,17,140,,89,89,10,17,5,2,0.5,0.5
2025-06-29T1200,3165A,108.6594,34.2969,咸阳市,两寺渡,,49,40,35,20,15,156,,98,98,9,17,10,8,0.4,0.3
2025-06-29T1200,3525A,108.6396,34.4078,咸阳市,奥体中心,,49,46,39,16,15,156,,100,100,8,15,7,7,0.6,0.6
2025-06-29T1200,1508A,112.9433,27.8614,湘潭市,板塘,,32,32,21,9,6,60,,27,27,8,11,4,3,0.5,0.5
2025-06-29T1200,1511A,112.9118,27.8403,湘潭市,市监测站,,20,,10,13,8,62,,31,30,8,10,3,4,0.8,0.8
2025-06-29T1200,1512A,112.8937,27.8728,湘潭市,江麓,,24,15,18,3,8,76,,34,34,14,13,10,8,0.7,0.6
2025-06-29T1200,1513A,112.9227,27.8159,湘潭市,岳塘,,21,21,19,8,6,66,,26,26,9,13,9,9,0.4,0.4
2025-06-29T1200,1514A,112.9074,27.9119,湘潭市,科大,,28,28,20,7,9,45,,27,23,10,10,7,8,0.4,0.3
2025-06-29T1200,1562A,113.0048,27.9153,湘潭市,昭山,,27,27,19,7,8,51,,23,23,8,11,9,7,1.0,0.8
2025-06-29T1200,1564A,112.4876,27.9164,湘潭市,韶山,,24,24,18,10,6,48,,36,36,8,5,18,13,0.5,0.4
2025-06-29T1200,2492A,109.6414,28.2558,湘西土家族苗族自治州,跃进水库,,18,16,23,7,8,57,,25,25,3,2,6,6,0.7,0.7
2025-06-29T1200,2493A,109.7325,28.3169,湘西土家族苗族自治州,州政府,,20,20,17,8,10,49,,21,21,2,3,6,7,0.2,0.3
2025-06-29T1200,2494A,109.6958,28.2675,湘西土家族苗族自治州,吉首市计生局,,20,20,15,3,11,45,,22,22,4,9,7,8,0.1,0.1
2025-06-29T1200,2432A,112.155,32.0197,襄阳市,襄城运动路,,25,,22,17,15,64,,39,39,2,2,5,5,0.4,0.4
2025-06-29T1200,2434A,112.1825,32.1142,襄阳市,高新管委会,,25,25,22,16,16,72,,51,51,7,8,6,5,0.3,0.4
2025-06-29T1200,2435A,112.2106,32.0903,襄阳市,襄州航空路,,25,22,21,17,10,65,,45,45,4,4,6,6,0.4,0.4
2025-06-29T1200,3396A,112.0828,32.0067,襄阳市,襄城隆中路,,22,20,24,10,13,68,,47,47,3,6,7,7,0.3,0.3
2025-06-29T1200,3397A,112.1214,32.1008,襄阳市,高新台子湾,,26,26,24,15,15,68,,43,43,3,6,2,3,0.3,0.3
2025-06-29T1200,4251A,112.1433,32.0581,襄阳市,铁院东路4号,,28,28,24,14,17,68,,45,45,5,6,8,7,0.4,0.4
2025-06-29T1200,2443A,113.9153,30.9285,孝感市,文化路,,21,6,9,3,4,65,,52,52,3,5,6,6,0.5,0.5
2025-06-29T1200,2444A,113.942,30.9075,孝感市,东城区,,22,6,9,3,4,70,,56,56,5,7,8,8,0.2,0.2
2025-06-29T1200,2181A,112.7383,38.4519,忻州市,开发区,,40,31,20,24,18,128,,66,66,7,14,3,3,0.8,0.9
2025-06-29T1200,2182A,112.7003,38.4928,忻州市,会展中心,,40,28,24,24,16,128,,70,70,9,16,6,6,0.7,0.7
2025-06-29T1200,3208A,112.7283,38.4153,忻州市,市政府,,41,38,26,16,8,131,,73,73,13,16,6,5,0.7,0.8
2025-06-29T1200,2389A,113.836,35.311,新乡市,环保西院,,48,48,39,11,13,120,,88,88,10,9,4,3,0.6,0.6
2025-06-29T1200,2390A,113.884,35.272,新乡市,开发区,,37,21,26,9,11,118,,94,94,6,8,2,2,0.6,0.6
2025-06-29T1200,2391A,113.883,35.303,新乡市,环保东院,,46,46,48,22,25,109,,85,85,7,7,4,3,0.7,0.6
2025-06-29T1200,3054A,113.9194,35.2847,新乡市,市委党校,,36,21,20,15,13,113,,90,90,4,6,2,2,0.4,0.3
2025-06-29T1200,3475A,113.9188,35.3045,新乡市,市政府,,39,39,34,25,24,105,,83,83,13,13,6,5,0.5,0.5
2025-06-29T1200,3689A,113.9003,35.372,新乡市,行政服务中心,颗粒物(PM10),57,63,45,15,16,110,,73,73,8,7,6,12,0.7,0.6
2025-06-29T1200,4215A,113.9166,35.3315,新乡市,建设东路46号,,48,48,40,32,26,107,,78,78,9,8,7,7,0.3,0.2
2025-06-29T1200,2352A,115.0861,27.9317,新余市,北岗,,,,,,,,,,,,,,,,
2025-06-29T1200,2353A,114.9886,27.8431,新余市,飞宇,,29,22,27,20,12,57,,24,24,6,12,7,13,0.6,0.7
2025-06-29T1200,2354A,114.9231,27.8246,新余市,第二水厂,,20,20,22,8,10,48,,24,24,11,10,10,10,1.4,0.8
2025-06-29T1200,2355A,114.9308,27.8036,新余市,市气象局,,22,22,32,8,10,59,,28,28,4,10,6,7,0.7,0.7
2025-06-29T1200,3206A,114.9149,27.807,新余市,新钢沁园村,,20,20,22,8,8,62,,34,34,6,11,14,11,1.4,0.8
2025-06-29T1200,2054A,114.1099,32.1059,信阳市,平桥分局,,20,9,10,6,9,64,,57,54,3,4,4,3,0.4,0.4
2025-06-29T1200,2064A,113.9956,32.1271,信阳市,南湾水厂,,21,7,8,3,7,66,,62,59,6,5,5,5,0.3,0.3
2025-06-29T1200,2065A,114.0775,32.1195,信阳市,市酿酒公司,,19,,18,12,8,60,,56,54,5,5,5,5,0.4,0.4
2025-06-29T1200,2066A,114.0609,32.1399,信阳市,审计局,,20,16,19,10,10,63,,56,55,4,5,2,2,0.4,0.4
2025-06-29T1200,2200A,122.0392,46.0656,兴安盟,胜华新制药厂,,34,33,31,20,25,107,,76,76,5,11,2,3,0.6,1.2
2025-06-29T1200,2201A,121.9504,46.0741,兴安盟,科右前旗环保局,,40,,25,28,22,111,,75,75,6,10,6,6,0.6,0.6
2025-06-29T1200,3035A,122.0931,46.0707,兴安盟,北滨河,,,34,36,26,27,99,,58,58,7,12,3,3,,0.6
2025-06-29T1200,1077A,114.4704,37.0886,邢台市,达活泉,,43,27,27,19,13,137,,102,102,5,7,4,4,0.5,0.6
2025-06-29T1200,1078A,114.5062,37.0349,邢台市,邢师高专,,45,24,26,11,15,143,,123,123,5,9,2,2,0.2,0.3
2025-06-29T1200,1079A,114.5237,37.0851,邢台市,路桥公司,,45,26,28,14,12,141,,110,110,5,7,2,2,0.2,0.3
2025-06-29T1200,1080A,114.4725,37.0719,邢台市,市环保局,,46,32,25,20,17,146,,109,109,6,8,1,2,0.4,0.5
2025-06-29T1200,3584A,115.8844,39.0341,雄安新区,容城县环境保护局,臭氧1小时,59,42,52,24,39,167,,128,128,7,12,4,4,0.5,0.6
2025-06-29T1200,3585A,115.8665,39.0645,雄安新区,河北容城中学,细颗粒物(PM2.5),57,53,66,40,50,159,,126,126,4,9,5,5,0.4,0.5
2025-06-29T1200,3586A,115.923,38.9405,雄安新区,安新县民政局,臭氧1小时,72,44,55,17,35,177,,140,140,6,9,7,7,0.4,0.4
2025-06-29T1200,3587A,115.9324,38.9338,雄安新区,安新县电力局,臭氧1小时,63,32,58,28,41,170,,133,133,5,9,10,10,0,0.1
2025-06-29T1200,3588A,116.0901,38.9816,雄安新区,雄县环境保护局,,44,,46,23,35,138,,103,103,6,9,8,6,0.6,0.7
2025-06-29T1200,3589A,116.1105,39.0046,雄安新区,雄县国土资源局,,48,48,59,28,35,146,,107,107,6,10,11,10,0.3,0.3
2025-06-29T1200,1177A,117.179,34.2761,徐州市,黄河新村,,31,6,12,3,8,98,,77,77,9,11,4,4,0.4,0.5
2025-06-29T1200,1180A,117.256,34.2153,徐州市,新城区,,23,,10,6,13,73,,69,69,8,9,5,5,0.5,0.6
2025-06-29T1200,1182A,117.2933,34.2778,徐州市,农科院,,20,,10,14,11,57,,63,63,16,12,4,4,0.5,0.5
2025-06-29T1200,3005A,117.1814,34.29,徐州市,鼓楼区政府,,31,,7,9,16,97,,77,77,6,17,6,37,0.3,0.3
2025-06-29T1200,3006A,117.1694,34.1781,徐州市,铜山区招生办,,25,,16,7,12,78,,64,64,7,11,6,6,0.6,0.6
2025-06-29T1200,3288A,117.4754,34.4422,徐州市,大泉街道,,22,11,11,3,7,70,,69,69,6,6,7,8,0.1,0.1
2025-06-29T1200,4186A,117.1942,34.22935,徐州市,解放南路202号,,28,,16,12,15,87,,71,71,10,10,5,5,0.4,0.4
2025-06-29T1200,4288A,117.2456,34.2908,徐州市,龙潭环路5号,,24,,14,8,9,76,,70,70,14,10,6,6,0.5,0.5
2025-06-29T1200,2398A,113.7906,33.9953,许昌市,开发区,,22,22,21,12,13,68,,34,34,8,13,1,1,0.4,0.5
2025-06-29T1200,3134A,113.8172,34.0339,许昌市,市一中,,40,40,27,12,12,68,,40,40,12,14,3,3,0.2,0.2
2025-06-29T1200,3337A,113.8614,34.0442,许昌市,许昌学院,,22,22,25,8,13,60,,29,28,9,14,3,2,0.5,0.5
2025-06-29T1200,3338A,113.843,34.0823,许昌市,芙蓉广场,,34,34,32,12,14,61,,40,40,12,12,2,2,0.3,0.4
2025-06-29T1200,4180A,113.8157,34.12670,许昌市,新元大道996号,,36,36,27,8,13,53,,39,39,14,10,2,3,0.4,0.4
2025-06-29T1200,4259A,113.8358,34.01552,许昌市,望田路111号,,30,30,24,9,10,64,,38,38,10,16,3,3,0.4,0.4
2025-06-29T1200,2316A,118.7581,30.9454,宣城市,鳌峰子站,,28,12,15,7,6,88,,43,43,2,4,6,7,0.4,0.4
2025-06-29T1200,2317A,118.7385,30.9743,宣城市,敬亭山子站,,27,22,14,8,7,84,,40,40,4,6,7,7,0.3,0.3
2025-06-29T1200,2318A,118.7173,30.9427,宣城市,开发区子站,,25,14,12,9,7,78,,41,41,4,8,6,6,0.2,0.2
2025-06-29T1200,3470A,118.7724,30.9141,宣城市,夏渡子站,,27,24,18,7,6,84,,41,41,5,6,9,9,0.4,0.4
2025-06-29T1200,2555A,103.0111,29.9833,雅安市,市政府,,27,6,32,3,24,85,,85,85,13,13,1,2,0.6,0.6
2025-06-29T1200,2556A,102.9905,29.9775,雅安市,川农大,,25,6,33,3,25,78,,67,67,13,14,3,4,0.6,0.7
2025-06-29T1200,3700A,103.0456,29.9956,雅安市,康养中心,,,14,34,7,24,108,,113,98,1,3,3,1,,
2025-06-29T1200,4306A,103.0545,30.0133,雅安市,滨江西路,,25,6,57,3,25,78,,76,76,18,16,4,4,0.7,0.6
2025-06-29T1200,1642A,121.2514,37.5639,烟台市,开发区,,23,,20,12,21,73,,96,83,16,14,6,8,0.9,1
2025-06-29T1200,1644A,121.3181,37.5436,烟台市,西郊化工站,,,,32,,26,,,138,,,8,,5,,0.5
2025-06-29T1200,1645A,121.4478,37.4822,烟台市,莱山环保局,,22,17,26,14,23,69,,93,80,6,7,4,4,0.4,0.5
2025-06-29T1200,1646A,121.2611,37.4967,烟台市,福山环保局,,19,19,28,12,16,60,,81,70,10,8,5,5,0.2,0.3
2025-06-29T1200,3057A,121.5992,37.4014,烟台市,牟平检察院,,30,7,19,6,15,94,,105,92,6,7,2,4,0.4,0.4
2025-06-29T1200,3366A,121.5206,37.4336,烟台市,中国农业大学,,28,24,31,14,23,89,,93,85,9,10,6,6,0.3,0.4
2025-06-29T1200,4213A,121.3642,37.5296,烟台市,青年南路118号,,24,24,35,15,30,72,,80,73,5,6,7,8,0.6,0.7
2025-06-29T1200,1926A,109.4131,36.6275,延安市,枣园,臭氧1小时,65,21,24,14,13,172,,68,68,11,18,6,6,0.4,0.4
2025-06-29T1200,1927A,109.4761,36.6028,延安市,延大医附院,,47,37,29,8,11,149,,59,59,10,20,5,4,0.5,0.5
2025-06-29T1200,1929A,109.5056,36.6106,延安市,百米大道,,49,38,47,11,19,155,,61,61,16,27,2,4,0.6,0.6
2025-06-29T1200,3652A,109.4809,36.5786,延安市,西北局旧址,,43,23,29,8,20,137,,52,52,9,16,3,3,0.4,0.4
2025-06-29T1200,2237A,129.47,42.8883,延边朝鲜族自治州,妇幼医院,,37,25,31,15,18,116,,62,62,7,15,6,6,0.7,0.6
2025-06-29T1200,2238A,129.5055,42.9108,延边朝鲜族自治州,延边医院,,37,25,29,16,17,118,,68,68,6,16,5,5,0.6,0.6
2025-06-29T1200,2239A,129.3964,42.8881,延边朝鲜族自治州,朝阳川镇医院,颗粒物(PM10),67,84,39,13,14,119,,60,60,3,16,6,6,0.5,0.5
2025-06-29T1200,1216A,120.156,33.3942,盐城市,市监测站,,34,24,21,9,13,107,,73,73,7,12,6,6,0.6,0.5
2025-06-29T1200,1218A,120.2144,33.38,盐城市,开发区管委会,,33,29,20,9,16,103,,65,65,5,12,9,7,0.7,0.7
2025-06-29T1200,3004A,120.1544,33.3663,盐城市,宝龙广场,,35,27,20,14,11,110,,72,72,8,11,10,8,0.5,0.5
2025-06-29T1200,3293A,120.1501,33.3367,盐城市,月亮广场,,36,15,21,8,12,113,,75,75,7,10,10,8,0.4,0.4
2025-06-29T1200,3436A,120.4279,33.205,盐城市,大丰高级中学,,42,24,25,19,15,133,,102,102,9,11,6,5,0.3,0.3
2025-06-29T1200,4207A,120.1221,33.3940,盐城市,黄海中路88号,,38,27,24,19,17,119,,77,77,8,10,8,7,0.6,0.5
2025-06-29T1200,1186A,119.389,32.3761,扬州市,邗江监测站,,34,17,20,10,8,107,,54,54,1,11,7,7,0.8,0.8
2025-06-29T1200,2869A,119.447,32.4155,扬州市,五台山医院,,37,21,14,8,5,117,,56,56,12,15,7,6,0.3,0.3
2025-06-29T1200,3164A,119.4686,32.3942,扬州市,广陵建设局,,36,29,22,12,10,113,,52,52,15,21,6,6,0.7,0.7
2025-06-29T1200,3195A,119.3633,32.3972,扬州市,市体育局,,37,24,16,11,7,116,,57,57,4,9,8,7,0.4,0.4
2025-06-29T1200,3294A,119.5653,32.4222,扬州市,引江管理处,,41,26,20,13,9,130,,60,60,4,8,4,3,0.8,0.8
2025-06-29T1200,1699A,111.9797,21.8593,阳江市,鸳鸯湖,,,,,,,,,,,,,,,,
2025-06-29T1200,1701A,111.9491,21.8658,阳江市,马南垌,,20,10,12,6,8,61,,45,45,2,4,3,3,0.3,0.3
2025-06-29T1200,3317A,111.9765,21.8947,阳江市,两阳中学,,20,,13,11,11,61,,44,44,2,6,3,5,0.5,0.5
2025-06-29T1200,3453A,112.0125,21.8749,阳江市,阳东陶然,,21,10,12,3,10,65,,39,39,2,4,3,4,0.5,0.5
2025-06-29T1200,1738A,113.5758,37.8572,阳泉市,市中心,,46,31,24,25,16,145,,58,58,11,24,12,10,0.8,0.8
2025-06-29T1200,1739A,113.4894,37.8731,阳泉市,赛鱼,,48,28,17,8,10,151,,59,59,14,30,8,6,0.7,0.7
2025-06-29T1200,1740A,113.5819,37.8486,阳泉市,南庄,,49,38,33,21,19,156,,75,75,12,18,11,8,0.7,0.8
2025-06-29T1200,1742A,113.5614,37.8703,阳泉市,平坦,,44,38,32,20,17,140,,58,58,16,27,15,12,0.7,0.7
2025-06-29T1200,1743A,113.5158,37.8392,阳泉市,大阳泉,,44,32,18,26,14,140,,78,73,14,17,10,8,1.1,1.1
2025-06-29T1200,3619A,113.617,37.8571,阳泉市,龙柱,,45,28,40,17,19,142,,58,58,9,18,10,7,0.6,0.9
2025-06-29T1200,2252A,128.5159,47.4311,伊春市,环保局,,31,,23,10,15,99,,45,45,11,10,2,3,0.7,0.7
2025-06-29T1200,2253A,128.9102,47.7412,伊春市,电力嘉园,,29,25,31,11,15,91,,35,35,6,12,2,2,0.7,0.7
2025-06-29T1200,2254A,129.5029,48.471,伊春市,汤旺河国家公园,,35,35,39,21,22,76,,,,7,7,16,10,0.7,0.8
2025-06-29T1200,3342A,128.4741,47.4346,伊春市,中心小学,,34,10,23,3,9,108,,50,50,6,8,9,6,0.3,0.3
2025-06-29T1200,3343A,128.6871,47.7369,伊春市,检察院,,30,17,32,11,23,96,,53,53,5,9,6,5,0.6,0.6
2025-06-29T1200,3344A,128.8431,47.8474,伊春市,双子河社区,,30,25,26,11,16,95,,52,52,6,9,6,6,0.5,0.5
2025-06-29T1200,3480A,129.1368,47.6417,伊春市,美溪镇,,28,13,32,3,12,89,,34,34,7,8,2,3,0.8,0.8
2025-06-29T1200,2704A,81.2996,43.9174,伊犁哈萨克自治州,新政府片区,,39,39,37,21,14,68,,59,59,13,17,5,4,0.4,0.4
2025-06-29T1200,2705A,81.3364,43.941,伊犁哈萨克自治州,第二水厂,颗粒物(PM10),57,63,50,28,18,75,,54,54,14,19,6,6,0.4,0.4
2025-06-29T1200,4273A,81.2737,43.9337,伊犁哈萨克自治州,安徽路800号,颗粒物(PM10),53,56,44,14,16,80,,62,62,14,22,4,3,0.6,0.6
2025-06-29T1200,1882A,104.563,28.793,宜宾市,石马中学,,32,25,32,18,23,102,,58,58,7,14,4,4,0.8,0.7
2025-06-29T1200,1883A,104.6201,28.7728,宜宾市,市委,,36,36,30,23,17,95,,54,54,13,16,8,9,0.9,0.8
2025-06-29T1200,1884A,104.6055,28.793,宜宾市,宜宾四中,,40,39,30,28,21,101,,68,68,14,16,11,10,0.8,0.7
2025-06-29T1200,1885A,104.639,28.7562,宜宾市,市政府,,37,33,25,25,17,116,,65,65,14,16,7,9,0.9,0.7
2025-06-29T1200,1886A,104.5742,28.7199,宜宾市,黄金嘴,,35,32,29,18,17,112,,69,69,10,16,9,10,0.8,0.8
2025-06-29T1200,3728A,104.68,28.8071,宜宾市,白酒学院,,43,37,26,30,16,100,,62,62,9,10,8,8,0.8,0.7
2025-06-29T1200,1840A,111.2992,30.6981,宜昌市,白龙岗,,36,36,31,9,8,77,,34,34,12,15,6,7,0.4,0.4
2025-06-29T1200,1842A,111.2628,30.6961,宜昌市,点军区,,27,27,22,9,9,70,,31,31,14,17,7,7,0.4,0.4
2025-06-29T1200,1843A,111.3275,30.7819,宜昌市,夷陵区,,24,22,24,9,8,74,,30,30,10,16,5,6,0.3,0.3
2025-06-29T1200,3546A,111.4606,30.552,宜昌市,猇亭区张家湾站,,37,37,24,22,8,60,,23,23,8,18,6,7,0.3,0.3
2025-06-29T1200,4203A,111.3168,30.7203,宜昌市,西陵二路116号,,29,29,26,16,17,78,,30,30,12,19,6,6,0.6,0.6
2025-06-29T1200,4204A,111.3526,30.6374,宜昌市,沈家店路6号,,42,30,21,29,14,67,,24,24,26,24,8,8,0.4,0.4
2025-06-29T1200,2371A,114.3408,27.8064,宜春市,槟榔水业,,,,,,,,,,,,,,,,
2025-06-29T1200,2373A,114.3956,27.7844,宜春市,市石油公司,,22,22,20,3,6,63,,27,27,3,5,5,5,0.3,0.3
2025-06-29T1200,2374A,114.3703,27.7914,宜春市,市气象局,,20,20,17,10,7,61,,21,21,2,4,2,3,0.2,0.2
2025-06-29T1200,2375A,114.4013,27.8074,宜春市,市广电局,,20,16,23,3,4,63,,29,29,3,5,1,2,0.5,0.4
2025-06-29T1200,3151A,114.375,27.8097,宜春市,宜春学院北校区,,20,17,18,9,7,64,,24,24,2,4,5,5,0.4,0.4
2025-06-29T1200,3415A,114.4519,28.0828,宜春市,万载县环保局,,46,46,25,3,7,58,,22,22,6,11,12,11,0.3,0.4
2025-06-29T1200,2467A,112.4067,28.6428,益阳市,甘溪港,,21,21,15,12,8,52,,40,36,5,6,3,3,0.5,0.5
2025-06-29T1200,2468A,112.3458,28.5808,益阳市,市环保局,,21,14,15,10,7,66,,43,43,5,9,4,4,0.6,0.6
2025-06-29T1200,4181A,112.3571,28.55878,益阳市,龙洲,,20,13,15,3,8,63,,47,46,4,7,6,5,0.5,0.5
2025-06-29T1200,4187A,112.3425,28.6110,益阳市,幸福渠东路223号,,21,20,23,12,7,65,,44,40,5,10,4,3,0.5,0.5
2025-06-29T1200,4188A,112.3712,28.5764,益阳市,益鑫泰路85号,,19,17,16,9,6,60,,48,44,5,8,5,5,0.5,0.5
2025-06-29T1200,1484A,105.9512,38.6016,银川市,贺兰山马莲口,,,,,,,,,,,,,,,,
2025-06-29T1200,1489A,106.1358,38.5036,银川市,学院路,,42,38,45,13,22,134,,65,65,16,24,4,4,0.7,0.5
2025-06-29T1200,2924A,106.2266,38.4418,银川市,水乡路,,50,49,40,29,20,157,,89,89,16,21,9,6,0.9,0.6
2025-06-29T1200,2925A,106.2757,38.4842,银川市,上海东路,臭氧1小时,52,36,26,10,19,161,,94,94,13,13,6,7,0.7,0.5
2025-06-29T1200,2926A,106.1015,38.497,银川市,文昌北街,,46,41,56,11,20,146,,76,76,13,26,8,6,0.9,0.6
2025-06-29T1200,3523A,106.5105,38.3856,银川市,滨河新区,臭氧1小时,65,42,32,16,12,172,,99,99,10,12,16,15,0.7,0.6
2025-06-29T1200,4242A,106.2264,38.4920,银川市,广场西路,,,12,24,3,15,156,,72,72,,22,12,3,0.9,0.5
2025-06-29T1200,2357A,116.9822,28.1136,鹰潭市,龙虎山,,,,,,,,,,,,,,,,
2025-06-29T1200,2358A,117.0564,28.2642,鹰潭市,新监测站,,20,19,30,10,14,61,,27,27,12,10,14,32,0.7,0.7
2025-06-29T1200,2359A,117.0311,28.2475,鹰潭市,财苑宾馆,,26,26,30,3,12,63,,32,32,9,11,10,25,0.5,0.7
2025-06-29T1200,2360A,117.0222,28.2264,鹰潭市,体育馆,,36,36,35,3,9,52,,25,25,10,15,10,16,0.0,0.2
2025-06-29T1200,2361A,117.0017,28.2131,鹰潭市,三川水表,,32,32,28,3,7,50,,21,21,5,16,8,11,0.2,0.4
2025-06-29T1200,1597A,122.2703,40.7094,营口市,大庆路,,31,21,27,13,20,98,,100,92,6,8,10,9,0.8,0.9
2025-06-29T1200,1598A,122.2150,40.6511,营口市,镜湖西路,,44,21,28,9,21,140,,134,133,5,7,4,6,0.7,0.7
2025-06-29T1200,1599A,122.1658,40.6789,营口市,西炮台,,34,28,38,14,27,107,,110,109,4,9,6,7,0.5,0.7
2025-06-29T1200,3379A,122.1139,40.2278,营口市,鲅鱼圈市民活动中心,,29,7,56,3,42,90,,129,108,6,9,2,2,0.5,0.7
2025-06-29T1200,3866A,122.2469,40.66302,营口市,三高中,,39,29,37,12,29,122,,129,122,5,8,7,6,0.9,0.9
2025-06-29T1200,4006A,122.3622,40.6762,营口市,老边实验小学,,34,22,35,6,49,107,,120,109,10,21,9,10,0.7,0.9
2025-06-29T1200,2477A,111.6217,26.2081,永州市,零陵南津渡,,27,13,15,7,8,84,,69,69,3,6,8,8,0.3,0.3
2025-06-29T1200,2478A,111.6156,26.4214,永州市,市环境监测站,,20,14,19,10,10,63,,44,44,2,5,4,5,0.1,0.2
2025-06-29T1200,2480A,111.5992,26.4364,永州市,永州市环保局,,18,12,17,7,9,57,,38,38,5,7,6,7,0.3,0.3
2025-06-29T1200,2481A,111.5989,26.4519,永州市,冷水滩区环保局,,21,14,18,10,9,65,,49,49,3,6,3,5,0.4,0.4
2025-06-29T1200,4299A,111.6195,26.2253,永州市,徐家井路86号,,18,13,16,8,6,55,,42,42,2,6,4,4,0.1,0.2
2025-06-29T1200,2638A,109.7414,38.3344,榆林市,红石峡森林公园,,,,,,,,,,,,,,,,
2025-06-29T1200,2639A,109.7456,38.2911,榆林市,世纪广场,,49,20,39,12,22,155,,64,64,8,37,8,9,0.7,0.8
2025-06-29T1200,2640A,109.7289,38.2839,榆林市,实验中学,臭氧1小时,52,21,42,6,18,161,,64,64,5,33,8,8,0.6,0.6
2025-06-29T1200,2641A,109.7336,38.2478,榆林市,环保监测大楼,,50,18,35,9,18,157,,66,66,6,32,9,8,0.7,0.8
2025-06-29T1200,2509A,110.1106,22.7019,玉林市,寒山水库,,29,29,32,8,8,49,,35,35,4,5,1,1,0.5,0.5
2025-06-29T1200,2511A,110.1433,22.6164,玉林市,南江一中,,19,16,18,13,11,53,,41,41,7,7,1,6,0.7,0.6
2025-06-29T1200,3532A,110.1945,22.6831,玉林市,玉林师范学院东校区,,10,10,16,7,11,24,,15,15,6,10,1,2,0.4,0.4
2025-06-29T1200,3533A,110.0527,22.5893,玉林市,福绵环保局,,17,13,20,3,11,52,,33,33,3,8,2,5,0.4,0.5
2025-06-29T1200,4255A,110.1680,22.6410,玉林市,人民东路196号,,17,13,16,10,7,53,,37,37,5,9,8,11,0.3,0.4
2025-06-29T1200,2675A,97,33.0014,玉树藏族自治州,玉树县结古镇,,38,6,12,3,5,119,,86,86,3,13,4,4,0.4,0.4
2025-06-29T1200,1715A,102.575,24.3711,玉溪市,东风水库,,13,,12,6,5,41,,12,12,10,10,2,2,0.4,0.4
2025-06-29T1200,2882A,102.5389,24.3703,玉溪市,玉溪一中,,18,18,17,8,4,46,,16,16,7,14,4,5,0.3,0.4
2025-06-29T1200,2883A,102.5381,24.3389,玉溪市,文体中心,,16,16,18,3,4,43,,18,18,8,11,5,4,0.4,0.5
2025-06-29T1200,1848A,113.1493,29.4251,岳阳市,城陵矶,,16,11,12,3,5,50,,53,48,6,8,5,5,0.6,0.5
2025-06-29T1200,1849A,113.1497,29.3575,岳阳市,开发区,,19,16,15,3,7,60,,60,56,6,7,5,4,0.5,0.5
2025-06-29T1200,1850A,113.2621,29.4758,岳阳市,云溪区,,19,9,10,3,4,58,,54,53,4,4,3,4,0.5,0.5
2025-06-29T1200,1851A,112.9943,29.4402,岳阳市,君山区,,17,6,11,3,6,54,,57,53,6,7,5,5,0.4,0.4
2025-06-29T1200,1852A,113.2117,29.355,岳阳市,金凤水库,,14,9,11,3,5,44,,46,43,4,6,2,2,0.5,0.5
2025-06-29T1200,4265A,113.1088,29.3531,岳阳市,求索西路365号,,15,10,10,3,8,48,,52,48,4,5,4,4,0.4,0.4
2025-06-29T1200,1712A,112.0392,22.9169,云浮市,新市府,,27,27,19,12,8,63,,28,28,2,4,3,3,0.5,0.5
2025-06-29T1200,1714A,112.0539,22.9539,云浮市,牧羊,,20,16,24,14,10,59,,22,22,7,15,4,4,0.5,0.5
2025-06-29T1200,3628A,112.0336,22.9374,云浮市,文笔,,20,12,13,3,8,64,,25,25,2,8,4,3,0.4,0.4
2025-06-29T1200,2175A,110.9956,35.0147,运城市,运城中学,,39,28,25,11,11,124,,100,100,6,8,5,5,0.5,0.5
2025-06-29T1200,2178A,110.9686,35.0303,运城市,地区技校,颗粒物(PM10),51,51,30,6,11,123,,94,94,4,8,4,4,0.5,0.5
2025-06-29T1200,2179A,111.0414,35.1147,运城市,空港新区,,42,30,26,17,16,132,,94,94,4,9,5,5,0.5,0.5
2025-06-29T1200,3667A,111.0283,35.0547,运城市,水利职院,,40,,20,23,19,128,,96,96,5,9,4,5,0.5,0.5
2025-06-29T1200,3670A,111.0522,35.0439,运城市,禹都公园,,41,30,24,12,10,131,,100,100,4,7,3,4,0.8,0.8
2025-06-29T1200,1637A,117.558,34.8438,枣庄市,市中区政府,,,5,8,,0,93,,84,80,8,7,4,5,0.2,0
2025-06-29T1200,1638A,117.2852,34.7837,枣庄市,薛城环保局,,28,,13,6,9,87,,82,78,5,5,3,4,0.5,0.4
2025-06-29T1200,1639A,117.5852,34.7745,枣庄市,峄城区政府,,24,9,10,3,1,74,,77,69,8,6,3,3,0.3,0.3
2025-06-29T1200,1640A,117.7276,34.5578,枣庄市,台儿庄区环保局,,21,,7,3,8,66,,60,60,6,7,4,4,0.6,0.6
2025-06-29T1200,1641A,117.4518,35.0992,枣庄市,山亭区环保局,,32,17,9,17,8,102,,99,92,4,3,4,4,0.8,0.7
2025-06-29T1200,3364A,117.3152,34.8103,枣庄市,市环保局,,22,,6,7,7,68,,82,74,9,4,2,2,0.3,0.2
2025-06-29T1200,1680A,110.3539,21.2706,湛江市,湛江影剧院,,29,29,16,11,6,66,,48,48,5,6,6,3,0.9,0.7
2025-06-29T1200,1681A,110.3928,21.2228,湛江市,市环境监测站,,20,20,12,6,7,57,,48,48,5,3,10,9,0.7,0.5
2025-06-29T1200,1682A,110.4019,21.1997,湛江市,环保局宿舍,,22,22,15,7,5,55,,44,44,4,7,9,9,0.6,0.5
2025-06-29T1200,1683A,110.4111,21.2028,湛江市,霞山游泳场,,18,9,15,6,7,56,,49,49,3,3,5,5,0.5,0.6
2025-06-29T1200,1684A,110.3316,21.2679,湛江市,麻章区环保局,,36,36,21,9,10,66,,47,47,8,9,8,8,0.8,0.8
2025-06-29T1200,1685A,110.4558,21.2567,湛江市,坡头区环保局,,18,12,14,3,5,57,,47,47,3,4,3,3,0.3,0.3
2025-06-29T1200,1858A,110.5319,29.1217,张家界市,永定新区,,21,20,17,6,7,67,,32,32,3,4,4,4,0.4,0.4
2025-06-29T1200,1859A,110.4697,29.1242,张家界市,电业局,,18,,12,12,10,48,,26,26,2,6,6,7,0.1,0.2
2025-06-29T1200,1860A,110.5594,29.3547,张家界市,未央路,,14,6,10,3,10,44,,25,25,3,3,3,3,0.3,0.3
2025-06-29T1200,1861A,110.4417,29.315,张家界市,袁家界,,,,,,,,,,,,,,,,
2025-06-29T1200,1057A,114.8883,40.8336,张家口市,人民公园,臭氧1小时,54,44,32,34,23,163,,81,81,9,10,7,5,0.7,0.7
2025-06-29T1200,1059A,114.8687,40.8042,张家口市,五金库,臭氧1小时,55,53,44,31,25,164,,97,97,6,10,15,15,0.8,0.8
2025-06-29T1200,1060A,114.8902,40.762,张家口市,世纪豪园,臭氧1小时,77,49,53,36,32,181,,131,131,8,10,11,11,0.9,0.9
2025-06-29T1200,1061A,114.8916,40.8661,张家口市,北泵房,臭氧1小时,60,29,28,3,21,168,,80,80,6,12,5,4,0.5,0.5
2025-06-29T1200,3131A,114.879,40.7993,张家口市,烟厂,颗粒物(PM10),64,78,62,38,27,163,,92,92,9,12,7,7,0.6,0.6
2025-06-29T1200,3323A,115.2773,40.9724,张家口市,青少年活动中心,,37,25,38,9,21,118,,72,72,7,10,6,5,0.4,0.4
2025-06-29T1200,2654A,100.4698,38.9524,张掖市,润泉湖,,42,18,201,11,47,132,,117,117,6,7,5,5,0.4,0.4
2025-06-29T1200,2655A,100.4154,38.9422,张掖市,区工会,,41,22,223,12,48,131,,119,119,6,5,6,6,0.5,0.4
2025-06-29T1200,2075A,117.6336,24.4674,漳州市,九湖,,,,,,,,,,,,,,,,
2025-06-29T1200,2920A,117.7116,24.506,漳州市,蓝田镇,,26,9,22,6,11,82,,40,40,3,11,5,6,0.4,0.5
2025-06-29T1200,3216A,114.6622,24.5183,漳州市,漳州党校,,33,26,28,14,11,104,,44,44,10,13,8,9,0.5,0.5
2025-06-29T1200,3530A,117.6296,24.5314,漳州市,西洋坪路,,31,18,21,16,13,98,,41,41,8,14,5,7,0.4,0.5
2025-06-29T1200,2596A,103.7667,27.3736,昭通市,监测站,,33,27,25,23,19,79,,53,53,4,7,10,8,0.4,0.4
2025-06-29T1200,4261A,103.7247,27.3415,昭通市,环东路146号,,26,19,27,16,18,81,,51,51,4,7,8,7,0.4,0.4
2025-06-29T1200,1397A,112.4267,23.0706,肇庆市,睦岗子站,,29,18,20,11,11,91,,37,37,7,21,5,5,0.4,0.4
2025-06-29T1200,1398A,112.4645,23.0475,肇庆市,城中子站,,29,21,22,11,12,90,,38,38,9,19,10,10,0.5,0.6
2025-06-29T1200,1399A,112.5544,23.1522,肇庆市,坑口子站,,27,24,22,14,13,84,,35,35,12,17,5,5,0.3,0.3
2025-06-29T1200,1400A,112.4753,23.1,肇庆市,七星岩子站,,27,18,20,11,12,85,,42,42,7,13,6,6,0.4,0.4
2025-06-29T1200,3313A,112.4575,23.0166,肇庆市,高要湖西,,29,12,20,11,9,90,,39,39,7,13,3,3,0.3,0.3
2025-06-29T1200,3451A,112.5617,23.2083,肇庆市,鼎湖凤凰,,36,36,22,22,11,92,,35,35,19,16,8,6,0.4,0.4
2025-06-29T1200,1203A,119.6707,32.1875,镇江市,新区办事处,,33,15,14,7,11,105,,65,65,7,12,3,3,0.8,0.7
2025-06-29T1200,1204A,119.4974,32.1968,镇江市,职教中心,,33,20,15,10,8,103,,61,61,3,6,4,4,0.6,0.5
2025-06-29T1200,1205A,119.4303,32.1328,镇江市,丹徒区监测站,,30,12,17,7,8,94,,61,61,4,9,5,5,0.5,0.5
2025-06-29T1200,2870A,119.4424,32.1873,镇江市,市疾控中心,,28,13,14,12,8,87,,57,57,5,8,7,8,0.6,0.5
2025-06-29T1200,3287A,119.3842,32.1976,镇江市,富润路1号,,30,11,10,10,8,95,,67,67,4,7,8,9,0.6,0.6
2025-06-29T1200,1316A,113.69031,34.76122,郑州市,烟厂,,,54,25,,,109,,93,93,15,12,2,2,1.0,0.9
2025-06-29T1200,1318A,113.67526,34.80246,郑州市,银行学校,,,28,26,,,108,,94,94,11,10,5,5,0.6,0.6
2025-06-29T1200,1319A,113.56746,34.81334,郑州市,供水公司,,,26,24,,,121,,100,100,11,9,2,3,0.5,0.5
2025-06-29T1200,1320A,113.7329,34.7178,郑州市,经开区管委,,32,32,22,15,14,98,,89,89,16,10,1,2,0.5,0.5
2025-06-29T1200,1321A,113.73961,34.77172,郑州市,四十七中,,43,43,23,11,11,99,,86,86,10,7,2,2,0.4,0.4
2025-06-29T1200,1323A,113.64164,34.7525,郑州市,河医大,,40,40,24,20,31,106,,88,88,16,12,3,3,0.6,0.8
2025-06-29T1200,1324A,113.51488,34.91089,郑州市,岗李水库,,,,19,,13,,,,,,6,,2,,0.6
2025-06-29T1200,3471A,113.616563,34.86783,郑州市,惠济区政府,,36,31,30,17,18,113,,98,98,8,8,2,2,0.6,0.6
2025-06-29T1200,3590A,113.8374,34.5589,郑州市,北区建设指挥部,颗粒物(PM10),53,55,27,13,13,89,,93,84,13,11,1,2,0.3,0.4
2025-06-29T1200,3591A,113.30952,34.803229,郑州市,上街区政府,,,36,32,,15,118,,95,95,9,8,2,2,0.4,0.4
2025-06-29T1200,4293A,113.6051,34.7552,郑州市,计划路2号,,,35,25,,,118,,95,95,14,11,3,3,0.5,0.5
2025-06-29T1200,4294A,113.6526,34.7736,郑州市,同乐路9号,,35,17,26,11,12,109,,94,94,10,8,3,2,0.6,0.6
2025-06-29T1200,1379A,113.3769,22.5211,中山市,华柏园,,15,,11,3,5,46,,29,29,9,11,3,3,0.5,0.4
2025-06-29T1200,1380A,113.3881,22.5497,中山市,张溪,,,,14,18,5,46,,28,27,,14,4,4,0.4,0.3
2025-06-29T1200,1381A,113.4075,22.5111,中山市,紫马岭,,17,,11,3,4,53,,25,25,5,7,5,6,0.4,0.4
2025-06-29T1200,1382A,113.4411,22.4853,中山市,长江旅游区,,17,7,12,3,3,52,,27,27,4,5,6,7,0.5,0.5
2025-06-29T1200,3454A,113.3528,22.478,中山市,中山南区,,18,6,6,3,1,56,,32,32,4,7,6,6,0.4,0.4
2025-06-29T1200,2680A,105.0025,37.4635,中卫市,沙坡头消防站,,,,,,,,,,,,,,,,
2025-06-29T1200,2682A,105.1971,37.5002,中卫市,环保局站,颗粒物(PM10),500,600,80,54,22,108,,83,80,3,17,5,8,0.3,0.6
2025-06-29T1200,3650A,105.1698,37.5162,中卫市,沙坡头区政府站,颗粒物(PM10),500,657,97,79,24,104,,72,72,4,22,4,9,0.3,0.6
2025-06-29T1200,1414A,106.3787,29.8279,重庆市,缙云山,,23,13,11,6,5,72,,54,53,7,7,6,6,0.1,0.2
2025-06-29T1200,1416A,106.4213,29.8253,重庆市,天生,,25,24,20,6,12,77,,58,58,8,11,8,9,0.6,0.6
2025-06-29T1200,1417A,106.6263,29.7228,重庆市,两路,,22,16,19,10,12,69,,40,40,18,22,7,7,0.5,0.5
2025-06-29T1200,1418A,106.2953,29.5983,重庆市,虎溪,,27,16,22,3,2,84,,49,49,15,13,8,7,0.6,0.5
2025-06-29T1200,1419A,106.5777,29.5102,重庆市,南坪,,32,18,22,13,11,101,,50,50,18,17,12,10,0.5,0.4
2025-06-29T1200,1420A,106.6556,29.6277,重庆市,唐家沱,,31,16,14,10,12,98,,48,48,12,14,10,9,0.5,0.4
2025-06-29T1200,1421A,106.6349,29.4906,重庆市,茶园,,45,36,31,14,14,141,,69,69,17,22,9,8,0.7,0.4
2025-06-29T1200,1422A,106.3754,29.4572,重庆市,白市驿,,29,17,10,6,9,90,,51,51,15,14,7,7,0.4,0.3
2025-06-29T1200,1425A,106.6205,29.7166,重庆市,空港,,24,10,18,7,13,76,,46,46,7,14,8,8,0.6,0.6
2025-06-29T1200,1427A,106.5616,29.6453,重庆市,礼嘉,,26,24,26,7,11,81,,45,45,16,19,9,9,0.4,0.4
2025-06-29T1200,1428A,106.4522,29.7091,重庆市,蔡家,,31,7,16,3,11,98,,62,62,7,13,7,6,0.6,0.7
2025-06-29T1200,1429A,106.5093,29.3917,重庆市,鱼新街,,28,21,18,3,5,89,,41,41,34,21,7,5,0.6,0.4
2025-06-29T1200,3014A,106.4958,29.5346,重庆市,歇台子,,25,24,22,7,8,80,,41,41,15,14,7,6,0.4,0.4
2025-06-29T1200,3015A,106.4037,29.5728,重庆市,龙井湾,,,25,19,,3,86,,52,52,12,9,8,7,0.5,0.4
2025-06-29T1200,3016A,106.5507,29.4153,重庆市,龙洲湾,,29,25,21,3,5,92,,42,42,17,14,9,7,0.7,0.5
2025-06-29T1200,3133A,106.5468,29.5654,重庆市,上清寺,,28,14,18,8,8,89,,46,46,18,15,9,8,0.3,0.2
2025-06-29T1200,3346A,108.3872,31.1628,重庆市,安康,,24,10,18,6,9,75,,45,45,6,10,6,6,0.3,0.3
2025-06-29T1200,3347A,105.9017,29.3569,重庆市,北山路,,26,24,23,12,9,83,,70,60,17,15,7,6,0.5,0.4
2025-06-29T1200,3350A,106.6479,29.0244,重庆市,滩子口,,22,13,20,11,13,68,,41,41,7,10,5,8,0.3,0.4
2025-06-29T1200,3351A,105.7167,29.7076,重庆市,棠香,,23,18,22,8,10,71,,54,46,11,12,3,3,0.3,0.3
2025-06-29T1200,3352A,107.0732,29.8617,重庆市,桃源西路,,23,11,15,7,7,73,,47,47,4,7,7,10,0.3,0.4
2025-06-29T1200,3353A,107.3535,29.7287,重庆市,迎宾大道,,24,7,15,3,6,75,,25,25,10,23,11,14,0.3,0.3
2025-06-29T1200,3354A,108.815,29.5081,重庆市,舟白,,15,7,16,3,5,48,,22,22,2,6,5,5,0.3,0.2
2025-06-29T1200,3355A,108.3679,30.8426,重庆市,周家坝,,25,,12,9,12,79,,30,30,8,18,9,10,0.3,0.4
2025-06-29T1200,3356A,108.4319,30.7555,重庆市,百安坝,,29,,9,17,12,90,,44,44,10,8,12,12,0.2,0.3
2025-06-29T1200,3482A,107.7541,29.3277,重庆市,芙蓉中路,,20,20,16,9,8,37,,14,14,13,10,2,3,0.5,0.4
2025-06-29T1200,3483A,108.7661,29.5368,重庆市,西山,,17,,14,9,6,52,,17,17,2,8,2,2,0.3,0.4
2025-06-29T1200,3484A,106.2628,29.32,重庆市,行政中心,,27,22,33,10,5,86,,40,40,15,18,9,8,0.6,0.7
2025-06-29T1200,3599A,106.2649,29.9851,重庆市,书院路,,26,19,15,8,12,82,,56,56,9,10,8,9,0.4,0.4
2025-06-29T1200,3600A,106.2339,29.5559,重庆市,虎峰,,27,27,20,12,12,82,,50,50,12,9,8,8,0.7,0.6
2025-06-29T1200,3601A,106.0499,29.8342,重庆市,龙门街,,24,17,21,14,12,74,,54,54,18,15,10,15,0.4,0.5
2025-06-29T1200,3610A,105.5933,29.4105,重庆市,昌元,,20,20,28,8,19,58,,37,37,16,23,6,5,0.5,0.6
2025-06-29T1200,4223A,106.4686,29.4893,重庆市,双山路147号,,26,22,20,6,10,83,,45,45,20,18,8,7,0.3,0.2
2025-06-29T1200,4246A,105.8340,30.1886,重庆市,桃园路24号,,22,16,16,11,11,69,,47,45,8,10,6,5,0.4,0.4
2025-06-29T1200,4247A,107.0910,29.1540,重庆市,钟楼街32号,,18,12,19,8,6,55,,27,27,2,7,7,7,0.4,0.4
2025-06-29T1200,4248A,107.8043,30.6735,重庆市,人民南路309号,,21,,23,13,13,67,,42,42,2,10,8,8,0.3,0.4
2025-06-29T1200,1258A,122.122,30.0203,舟山市,定海檀枫,,27,21,19,8,7,84,,58,58,16,19,3,4,0.6,0.6
2025-06-29T1200,1260A,122.19,29.9944,舟山市,临城新区,,23,12,13,3,2,71,,56,56,16,18,3,2,0.6,0.6
2025-06-29T1200,4033A,122.3123,29.9619,舟山市,普陀东港中学,,20,11,10,3,3,61,,59,59,7,3,2,2,0.4,0.4
2025-06-29T1200,2068A,114.6758,33.6347,周口市,周口师范,,18,14,26,3,11,56,,48,48,2,5,3,3,0.5,0.5
2025-06-29T1200,4269A,114.6701,33.6167,周口市,七一路,,19,19,23,10,16,51,,45,43,7,9,6,6,0.4,0.5
2025-06-29T1200,4296A,114.6421,33.6417,周口市,健康路46号,,20,17,25,9,14,63,,53,53,4,6,2,2,0.7,0.7
2025-06-29T1200,4297A,114.649,33.596,周口市,太昊路,,17,15,24,3,6,52,,43,42,10,14,4,4,0.5,0.6
2025-06-29T1200,1515A,113.135,27.8244,株洲市,天台山庄,,24,24,17,10,7,68,,32,32,7,8,6,7,0.7,0.5
2025-06-29T1200,1518A,113.095,27.8867,株洲市,株冶医院,,30,30,18,10,8,62,,22,22,9,13,10,6,0.7,0.5
2025-06-29T1200,1519A,113.167,27.8667,株洲市,市四中,,22,22,14,8,7,65,,30,30,8,8,6,4,0.8,0.7
2025-06-29T1200,1520A,113.143,27.8381,株洲市,火车站,,,,15,,8,,,27,,,8,,5,,0.6
2025-06-29T1200,1524A,113.13,27.8528,株洲市,市监测站,,23,23,17,13,13,72,,32,32,6,7,5,4,0.9,0.7
2025-06-29T1200,1559A,113.251,27.8336,株洲市,大京风景区,,21,18,13,14,7,65,,27,27,4,4,8,6,0.5,0.3
2025-06-29T1200,2031A,113.1817,27.9958,株洲市,云田中学,,22,22,15,6,5,56,,32,28,7,6,10,6,0.6,0.4
2025-06-29T1200,1367A,113.5814,22.2618,珠海市,吉大,,15,12,7,8,5,45,,41,41,11,6,3,3,0.3,0.3
2025-06-29T1200,1368A,113.4881,22.2335,珠海市,前山,,15,12,11,8,6,46,,38,38,14,11,4,4,0.3,0.3
2025-06-29T1200,1369A,113.628,22.4251,珠海市,唐家,,16,,4,11,6,50,,31,31,3,7,4,4,0.3,0.3
2025-06-29T1200,1370A,113.299,22.2281,珠海市,斗门,,19,,8,9,5,59,,37,37,10,8,6,6,0.3,0.3
2025-06-29T1200,3308A,113.3494,22.0569,珠海市,金湾,,18,6,9,3,6,55,,39,39,2,4,5,4,0.3,0.4
2025-06-29T1200,3448A,113.5433,22.1163,珠海市,横琴,,19,10,13,7,6,58,,48,48,6,6,6,6,0.4,0.4
2025-06-29T1200,2420A,114.0189,32.9656,驻马店市,市一纸厂,,22,22,17,8,9,69,,58,57,9,11,2,2,0.2,0.2
2025-06-29T1200,2421A,114.0114,33.015,驻马店市,市彩印厂,,23,10,12,6,9,71,,60,60,5,6,3,2,0.3,0.3
2025-06-29T1200,3339A,114.0012,33.0412,驻马店市,小管楼,,24,8,14,7,6,75,,64,63,4,5,7,8,0.1,0.1
2025-06-29T1200,4202A,113.9856,32.9802,驻马店市,交通路1233号,,22,22,23,8,8,69,,58,56,5,7,5,6,0.2,0.2
2025-06-29T1200,2561A,104.6617,30.1372,资阳市,莲花山,,37,37,34,25,15,67,,,,7,9,6,6,0.5,0.4
2025-06-29T1200,2562A,104.6356,30.1506,资阳市,资阳中学,,44,44,39,13,20,98,,89,84,10,13,5,6,0.4,0.4
2025-06-29T1200,2563A,104.6295,30.1383,资阳市,四三一厂,,30,,31,21,18,78,,62,55,17,21,9,9,0.5,0.5
2025-06-29T1200,2564A,104.6463,30.1146,资阳市,师范校,,31,31,31,19,19,71,,55,46,14,20,5,5,0.7,0.6
2025-06-29T1200,2565A,104.6296,30.1256,资阳市,区法院,,27,27,32,12,21,80,,62,52,11,16,5,7,0.6,0.6
2025-06-29T1200,1631A,118.0414,36.8103,淄博市,人民公园,细颗粒物(PM2.5),58,53,26,41,20,124,,57,57,19,23,10,8,0.3,0.3
2025-06-29T1200,1633A,117.8525,36.4847,淄博市,双山,,27,18,19,11,14,85,,64,64,19,13,10,7,0.3,0.3
2025-06-29T1200,1634A,117.9592,36.6331,淄博市,气象站,,35,31,23,22,17,110,,53,53,19,22,9,9,0.6,0.5
2025-06-29T1200,3363A,117.9883,36.8372,淄博市,新区,,44,44,22,27,12,113,,48,48,15,23,4,2,0.8,0.7
2025-06-29T1200,3644A,117.8661,36.805,淄博市,三金集团,,41,41,37,19,16,111,,48,48,13,33,6,5,0.4,0.4
2025-06-29T1200,3645A,118.0253,36.8406,淄博市,东风化工厂,颗粒物(PM10),71,91,51,31,15,112,,40,40,16,26,5,5,0.6,0.5
2025-06-29T1200,4212A,118.3039,36.8271,淄博市,广场路1号,,32,24,25,22,19,98,,38,38,9,23,1,2,1.2,1.4
2025-06-29T1200,3028A,104.776,29.3627,自贡市,檀木林体育馆,,28,28,28,19,16,42,,82,52,23,14,8,8,0.3,0.3
2025-06-29T1200,3360A,104.7894,29.3194,自贡市,南湖救助站,颗粒物(PM10),52,54,38,33,25,49,,66,41,18,13,13,12,0.4,0.4
2025-06-29T1200,3638A,104.7636,29.3338,自贡市,轻化工大学,,48,48,28,31,23,38,,67,41,27,16,10,10,0.5,0.4
2025-06-29T1200,4225A,104.7143,29.3386,自贡市,贡兴路74号,,43,43,32,26,19,32,,41,23,22,19,12,11,0.3,0.3
2025-06-29T1200,1911A,106.9222,27.6869,遵义市,丁字口,,20,11,17,9,9,63,,36,36,9,12,6,4,0.2,0.3
2025-06-29T1200,1912A,106.9242,27.7019,遵义市,凤凰山,,42,,17,29,22,56,,40,40,6,6,6,6,0.6,0.5
2025-06-29T1200,1913A,106.8906,27.6486,遵义市,忠庄,,20,17,22,10,13,62,,34,34,6,6,4,3,0.6,0.4
2025-06-29T1200,1914A,106.9231,27.6506,遵义市,舟水桥,,20,13,22,7,10,61,,26,26,7,9,5,4,0.3,0.3
2025-06-29T1200,1915A,106.9178,27.72,遵义市,干田坝,,19,17,16,13,16,54,,37,37,8,8,7,7,0.2,0.2
2025-06-29T1200,4245A,106.8609,27.5969,遵义市,遵南大道1161号,,21,21,24,11,15,67,,36,36,6,10,10,5,0.5,0.5
