timepoint,stationcode,longitude,latitude,area,positionname,primarypollutant,aqi,pm10,pm10_24h,pm2_5,pm2_5_24h,o3,o3_24h,o3_8h,o3_8h_24h,no2,no2_24h,so2,so2_24h,co,co_24h
2026-08-22T1200,1001A,116.3611,39.8786,北京市,万寿西宫,,32,32,32,19,21,101,NA,56,56,9,14,2,2,0.4,0.5
2026-08-22T1200,1003A,116.4174,39.9289,北京市,东四,,30,30,31,20,21,79,NA,59,59,16,20,3,3,0.5,0.5
2026-08-22T1200,1004A,116.4073,39.8858,北京市,天坛,颗粒物(PM10),66,72,48,23,22,81,NA,52,52,10,18,3,3,0.6,0.7
2026-08-22T1200,1005A,116.4622,39.9364,北京市,农展馆,,33,33,34,20,21,71,NA,52,52,10,15,4,3,0.6,0.6
2026-08-22T1200,1006A,116.3399,39.9293,北京市,官园,,37,37,34,22,22,87,NA,56,56,12,16,5,4,0.5,0.6
2026-08-22T1200,1007A,116.2879,39.9613,北京市,海淀万柳,,33,33,34,19,22,83,NA,53,51,12,13,4,4,0.6,0.6
2026-08-22T1200,1008A,116.6635,40.1349,北京市,顺义新城,,24,8,30,6,21,74,NA,63,63,5,11,2,3,0.6,0.6
2026-08-22T1200,1009A,116.6275,40.327,北京市,怀柔镇,,26,24,32,18,22,78,NA,74,66,6,10,1,2,0.7,0.7
2026-08-22T1200,1010A,116.2295,40.217,北京市,昌平镇,,26,25,39,18,27,69,NA,55,48,9,14,1,2,0.7,0.7
2026-08-22T1200,1011A,116.3968,39.982,北京市,奥体中心,,22,16,30,11,21,68,NA,50,50,12,18,3,3,0.6,0.6
2026-08-22T1200,1015A,117.1446,39.1659,天津市,勤俭道,NA,NA,19,23,10,14,109,NA,46,NA,NA,14,5,6,0.4,0.7
2026-08-22T1200,1018A,117.2016,39.0928,天津市,前进道,,38,26,25,14,14,119,NA,57,57,8,12,7,7,0.5,0.4
2026-08-22T1200,1019A,117.1837,39.2134,天津市,淮河道,,37,17,30,9,16,116,NA,54,54,10,14,7,7,0.2,0.4
2026-08-22T1200,1021A,117.308261,39.088386,天津市,跃进路,,30,28,25,14,12,93,NA,45,45,14,19,5,5,0.7,0.7
2026-08-22T1200,1023A,117.707,39.0344,天津市,第四大街,,23,15,20,7,8,73,NA,52,52,7,18,4,4,0.5,0.6
2026-08-22T1200,1024A,117.4573,38.8395,天津市,永明路,,27,11,15,6,10,85,NA,56,56,2,6,3,3,0.6,0.6
2026-08-22T1200,1026A,117.7641,39.1588,天津市,汉北路,,27,NA,15,7,9,86,NA,47,47,9,13,6,6,0.5,0.5
2026-08-22T1200,1030A,114.5919,38.0328,石家庄市,高新区,细颗粒物(PM2.5),56,43,56,38,45,145,NA,108,108,6,9,4,4,0.7,0.7
2026-08-22T1200,1032A,114.4556,38.0136,石家庄市,西南高教,,48,NA,46,31,42,151,NA,113,113,5,11,2,2,0.5,0.5
2026-08-22T1200,1033A,114.533,38.0177,石家庄市,世纪公园,,49,40,53,34,42,148,NA,103,103,3,5,3,3,0.7,0.7
2026-08-22T1200,1034A,114.5105,38.0489,石家庄市,人民会堂,,48,34,49,30,42,152,NA,118,118,9,9,3,3,0.4,0.4
2026-08-22T1200,1040A,118.1707,39.6505,唐山市,十二中,,32,22,49,18,29,101,NA,56,56,5,12,2,5,0.3,0.5
2026-08-22T1200,1041A,118.1868,39.6219,唐山市,小山,,33,NA,30,19,27,103,NA,58,58,2,7,3,4,0.3,0.5
2026-08-22T1200,1046A,119.5247,39.9346,秦皇岛市,建设大厦,,23,7,34,7,16,73,NA,43,43,2,16,1,3,0.2,0.4
2026-08-22T1200,1049A,114.492,36.5712,邯郸市,矿院,臭氧1小时(O3_1h),68,45,38,43,36,174,NA,108,108,2,6,2,3,0.7,0.8
2026-08-22T1200,1050A,114.4839,36.6136,邯郸市,丛台公园,,49,35,41,31,33,156,NA,91,91,1,7,8,8,0.4,0.6
2026-08-22T1200,1051A,115.4803,38.8568,保定市,游泳馆,细颗粒物(PM2.5),54,37,48,37,38,147,NA,77,77,8,14,1,1,0.6,0.7
2026-08-22T1200,1052A,115.509,38.8895,保定市,华电二区,,50,50,59,32,37,134,NA,65,65,10,13,2,2,0.4,0.5
2026-08-22T1200,1053A,115.4588,38.9037,保定市,接待中心,细颗粒物(PM2.5),52,37,47,36,38,129,NA,69,69,6,9,4,3,0.4,0.5
2026-08-22T1200,1054A,115.4484,38.8344,保定市,地表水厂,,49,46,54,34,34,144,NA,69,69,8,14,4,3,0.3,0.3
2026-08-22T1200,1057A,114.8884,40.8336,张家口市,人民公园,,47,44,39,25,25,150,NA,102,102,12,10,4,2,0.6,0.5
2026-08-22T1200,1059A,114.868581,40.804273,张家口市,五金库,NA,NA,46,50,25,29,144,NA,125,125,NA,11,/,/,/,/
2026-08-22T1200,1060A,114.8901,40.762,张家口市,世纪豪园,,46,44,48,30,23,145,NA,117,117,8,9,7,6,0.8,0.7
2026-08-22T1200,1062A,117.9531,40.908,承德市,铁路,,49,49,46,24,29,113,NA,60,60,4,12,6,6,0.6,0.5
2026-08-22T1200,1063A,117.9397,40.9763,承德市,中国银行,,50,36,45,35,31,127,NA,66,66,4,8,6,6,0.6,0.5
2026-08-22T1200,1067A,116.6712,39.5109,廊坊市,药材公司,,35,28,34,20,24,110,NA,51,51,9,16,2,2,0.2,0.4
2026-08-22T1200,1068A,116.7215,39.5592,廊坊市,开发区,,33,28,38,19,24,103,NA,46,46,1,15,3,3,0.3,0.4
2026-08-22T1200,1070A,116.7246,39.5273,廊坊市,北华航天学院,NA,NA,31,37,NA,14,99,NA,47,47,1,16,NA,3,0.5,0.4
2026-08-22T1200,1071A,116.8733,38.2922,沧州市,沧县城建局,,42,NA,21,29,17,103,NA,49,49,2,5,5,5,0.6,0.5
2026-08-22T1200,1072A,116.8462,38.3189,沧州市,电视转播站,,39,31,29,27,17,99,NA,49,49,9,13,3,3,0.1,0.1
2026-08-22T1200,1073A,116.8588,38.3161,沧州市,市环保局,,46,34,30,32,17,97,NA,47,47,4,10,5,6,0.5,0.4
2026-08-22T1200,1074A,115.6839,37.754,衡水市,电机北厂,,48,48,57,9,29,134,NA,70,70,4,14,7,6,0.6,0.6
2026-08-22T1200,1075A,115.6303,37.7318,衡水市,市监测站,,45,45,48,24,22,144,NA,75,75,5,11,8,6,0.7,0.8
2026-08-22T1200,1077A,114.4687,37.0883,邢台市,达活泉,细颗粒物(PM2.5),52,48,42,36,27,140,NA,77,77,1,3,3,3,0.8,0.7
2026-08-22T1200,1078A,114.4954,37.0309,邢台市,邢师高专,颗粒物(PM10),53,53,50,30,31,146,NA,78,78,1,5,2,2,0.6,0.8
2026-08-22T1200,1079A,114.5281,37.0857,邢台市,路桥公司,,45,31,36,25,26,143,NA,77,77,2,5,1,3,0.6,0.4
2026-08-22T1200,1080A,114.4721,37.0713,邢台市,市环保局,,48,38,39,33,27,142,NA,79,79,1,4,2,1,0.5,0.3
2026-08-22T1200,1081A,112.5138,37.8916,太原市,尖草坪,颗粒物(PM10),90,105,47,44,33,142,NA,70,70,8,12,10,8,0.7,0.5
2026-08-22T1200,1084A,112.4691,37.7125,太原市,晋源,细颗粒物(PM2.5),72,55,46,46,35,74,NA,59,59,86,17,9,7,0.9,0.7
2026-08-22T1200,1085A,112.5595,37.7391,太原市,小店,细颗粒物(PM2.5),58,49,60,39,33,151,NA,82,82,14,18,13,9,0.7,0.6
2026-08-22T1200,1087A,112.5705,37.8199,太原市,坞城,细颗粒物(PM2.5),54,42,40,37,35,140,NA,75,75,9,16,14,12,0.9,0.8
2026-08-22T1200,1088A,112.5495,37.9853,太原市,南寨,细颗粒物(PM2.5),106,NA,49,66,37,108,NA,38,38,23,17,16,13,1.5,1
2026-08-22T1200,1090A,111.6506,40.7517,呼和浩特市,呼市一监,,27,27,26,9,14,75,NA,61,61,20,11,13,10,0.6,0.6
2026-08-22T1200,1094A,111.7516,40.8369,呼和浩特市,如意水处理厂,,36,36,29,20,22,87,NA,64,64,24,18,10,6,0.6,0.5
2026-08-22T1200,1095A,111.727798,40.806187,呼和浩特市,二十九中,,27,27,28,10,18,82,NA,67,67,18,11,15,11,0.7,0.6
2026-08-22T1200,1097A,111.717,40.7617,呼和浩特市,化肥厂生活区,,42,42,30,19,21,80,NA,65,65,23,15,10,7,0.6,0.5
2026-08-22T1200,1099A,123.5058,41.7084,沈阳市,浑南东路,,35,24,34,9,24,111,NA,54,54,3,22,4,5,0.8,0.9
2026-08-22T1200,1100A,123.4238,41.6992,沈阳市,新秀街,NA,NA,NA,NA,NA,NA,NA,NA,NA,NA,NA,NA,NA,NA,NA,NA
2026-08-22T1200,1102A,123.5903,41.8412,沈阳市,东陵路,NA,NA,NA,43,NA,26,107,NA,49,49,9,21,NA,8,0.9,0.7
2026-08-22T1200,1103A,123.4267,41.8466,沈阳市,陵东街,,28,28,32,6,25,88,NA,46,46,6,9,6,5,0.6,0.9
2026-08-22T1200,1104A,123.4116,41.7654,沈阳市,文化路,,31,28,41,7,23,99,NA,63,63,4,15,9,9,0.6,0.9
2026-08-22T1200,1105A,123.4673,41.787,沈阳市,小河沿,,29,29,34,6,24,83,NA,45,45,6,15,5,6,0.6,0.9
2026-08-22T1200,1106A,123.4019,41.7978,沈阳市,太原街,,32,14,37,8,21,100,NA,65,65,1,9,8,8,0.7,1
2026-08-22T1200,1108A,123.3778,41.9233,沈阳市,京沈街,,37,31,53,12,29,117,NA,58,58,10,27,4,5,0.7,0.9
2026-08-22T1200,1109A,121.6119,38.974,大连市,甘井子,,24,11,9,2,2,74,NA,68,68,5,7,5,6,0.5,0.5
2026-08-22T1200,1110A,121.565,38.9509,大连市,周水子,,21,12,12,3,4,67,NA,58,58,4,7,6,8,0.5,0.5
2026-08-22T1200,1111A,121.5637,38.8849,大连市,星海三站,,18,6,10,0,1,56,NA,54,54,4,4,5,6,0.5,0.5
2026-08-22T1200,1112A,121.6301,38.9117,大连市,青泥洼桥,,20,4,5,2,2,61,NA,52,52,4,6,8,7,0.6,0.6
2026-08-22T1200,1113A,121.6248,38.8643,大连市,傅家庄,,19,11,13,2,3,60,NA,56,56,2,3,7,7,0.5,0.5
2026-08-22T1200,1114A,121.5117,38.8636,大连市,七贤岭,,17,3,7,2,1,52,NA,44,44,6,9,6,6,0.5,0.5
2026-08-22T1200,1116A,121.7507,39.1339,大连市,金州,,23,10,9,2,3,72,NA,53,53,6,6,7,6,0.5,0.5
2026-08-22T1200,1117A,121.7811,39.0495,大连市,开发区,,20,13,15,2,4,63,NA,54,54,3,9,6,6,0.5,0.5
2026-08-22T1200,1118A,121.9762,39.0631,大连市,双D港,,19,4,8,2,3,58,NA,55,55,3,3,7,6,0.4,0.4
2026-08-22T1200,1120A,125.2874,43.9024,长春市,客车厂,,39,34,39,17,25,124,NA,81,81,11,21,3,3,0.6,0.6
2026-08-22T1200,1121A,125.2943,43.8508,长春市,邮电学院,,40,40,29,21,20,124,NA,65,65,2,8,6,6,0.6,0.6
2026-08-22T1200,1122A,125.3648,43.8745,长春市,劳动公园,,39,35,33,22,22,123,NA,69,69,9,11,2,2,0.5,0.5
2026-08-22T1200,1123A,125.3233,43.8781,长春市,园林处,,39,32,34,20,21,122,NA,75,75,9,13,5,5,0.5,0.5
2026-08-22T1200,1124A,125.4604,43.7904,长春市,净月潭,,40,NA,22,28,18,106,NA,40,40,4,5,7,6,0.5,0.4
2026-08-22T1200,1126A,125.38,43.8422,长春市,经开区环卫处,,37,37,32,23,19,112,NA,57,57,4,19,6,6,0.6,0.6
2026-08-22T1200,1127A,125.234,43.7761,长春市,高新区管委会,,39,39,32,21,20,117,NA,68,68,5,12,6,6,0.5,0.5
2026-08-22T1200,1128A,125.1695,43.83,长春市,岱山公园,颗粒物(PM10),51,51,39,21,22,106,NA,67,67,9,24,2,2,0.7,0.7
2026-08-22T1200,1130A,126.5557,45.8109,哈尔滨市,松北商大,,38,28,30,21,19,120,NA,68,68,13,14,6,5,0.8,0.7
2026-08-22T1200,1132A,126.6162,45.719,哈尔滨市,南岗学府路,,38,38,41,15,16,111,NA,69,69,13,18,6,6,0.6,0.6
2026-08-22T1200,1133A,126.6894,45.7733,哈尔滨市,太平宏伟公园,,37,32,35,9,15,118,NA,69,69,9,18,8,8,0.4,0.4
2026-08-22T1200,1134A,126.6361,45.7672,哈尔滨市,道外承德广场,,42,42,49,14,17,124,NA,74,74,14,18,6,5,0.7,0.6
2026-08-22T1200,1136A,126.644,45.7261,哈尔滨市,动力和平路,,47,47,39,16,16,112,NA,69,69,13,19,6,5,0.7,0.7
2026-08-22T1200,1137A,126.5933,45.7479,哈尔滨市,道里建国路,,38,25,29,19,17,120,NA,80,80,5,11,5,5,0.9,1
2026-08-22T1200,1138A,126.6127,45.6119,哈尔滨市,平房东轻厂,,34,18,29,14,16,108,NA,55,55,1,20,7,5,0.7,0.8
2026-08-22T1200,1139A,126.5875,45.9827,哈尔滨市,呼兰师专,,42,42,28,16,12,107,NA,62,62,13,15,6,5,0.8,0.7
2026-08-22T1200,1140A,126.6299,45.6799,哈尔滨市,省农科院,颗粒物(PM10),60,64,49,25,22,92,NA,56,56,15,23,5,5,0.6,0.7
2026-08-22T1200,1141A,121.401,31.2382,上海市,普陀,,18,14,16,10,11,57,NA,47,47,8,10,5,5,0.2,0.2
2026-08-22T1200,1142A,121.4774,31.2043,上海市,十五厂,,17,17,16,11,7,51,NA,40,40,4,6,4,4,0.5,0.5
2026-08-22T1200,1143A,121.4673,31.3011,上海市,虹口,,19,14,17,13,11,54,NA,44,44,5,8,4,4,0.3,0.2
2026-08-22T1200,1147A,121.4253,31.226,上海市,静安监测站,,19,10,15,7,8,58,NA,49,49,6,7,6,6,0.6,0.5
2026-08-22T1200,1148A,121.7029,31.1905,上海市,浦东川沙,,22,22,17,12,9,67,NA,51,51,9,12,9,8,0.6,0.5
2026-08-22T1200,1149A,121.5339,31.229,上海市,浦东新区监测站,,16,10,14,7,8,49,NA,38,38,8,11,6,7,0.3,0.3
2026-08-22T1200,1150A,121.5776,31.2038,上海市,浦东张江,,18,12,14,8,8,56,NA,45,45,6,10,6,6,0.2,0.2
2026-08-22T1200,1151A,118.8033,32.1085,南京市,迈皋桥,,25,25,19,14,10,70,NA,36,36,12,16,2,2,0.7,0.4
2026-08-22T1200,1152A,118.7487,32.057,南京市,草场门,,29,29,19,10,9,79,NA,44,44,12,15,8,6,0.6,0.6
2026-08-22T1200,1154A,118.770105,32.004342,南京市,中华门,,25,12,13,10,7,77,NA,45,45,10,12,7,7,0.0,0.1
2026-08-22T1200,1155A,118.8059,32.0329,南京市,瑞金路,NA,NA,22,16,7,8,66,NA,38,38,NA,16,4,4,0.6,0.5
2026-08-22T1200,1156A,118.7946,32.0774,南京市,玄武湖,,30,30,24,11,6,65,NA,NA,NA,13,16,4,4,0.5,0.4
2026-08-22T1200,1157A,118.6415,32.0964,南京市,浦口,,27,25,24,8,8,84,NA,42,42,7,11,4,4,0.2,0.2
2026-08-22T1200,1158A,118.730129,32.000956,南京市,奥体中心,,26,23,21,6,7,81,NA,NA,NA,9,14,6,6,0.9,0.9
2026-08-22T1200,1159A,118.9072,32.1047,南京市,仙林大学城,,27,27,23,11,9,74,NA,35,35,13,17,5,4,0.4,0.4
2026-08-22T1200,1163A,120.5974,31.3247,苏州市,轧钢厂,,20,15,16,8,6,62,NA,39,39,14,17,4,4,0.6,0.6
2026-08-22T1200,1164A,120.6329,31.2741,苏州市,吴中区,,20,14,18,6,7,61,NA,34,34,2,7,4,4,0.4,0.4
2026-08-22T1200,1165A,120.5566,31.3049,苏州市,苏州新区,,21,15,16,9,8,67,NA,42,42,5,10,5,5,0.3,0.4
2026-08-22T1200,1166A,120.668709,31.312523,苏州市,苏州工业园区,,20,13,16,8,6,63,NA,40,40,6,9,8,8,0.5,0.5
2026-08-22T1200,1167A,120.6408,31.3707,苏州市,相城区,,18,11,13,4,4,56,NA,37,37,8,9,2,2,0.6,0.6
2026-08-22T1200,1168A,120.9056,31.9669,南通市,狼山街道,,19,1,6,1,2,58,NA,42,42,3,5,3,3,0.6,0.6
2026-08-22T1200,1170A,120.8635,32.0231,南通市,城中,,20,8,13,2,4,61,NA,44,44,2,3,1,1,0.4,0.3
2026-08-22T1200,1171A,120.9376,31.9301,南通市,星湖花园,,18,8,7,1,2,55,NA,40,40,2,5,2,2,0.4,0.4
2026-08-22T1200,1172A,120.8053,32.046,南通市,紫琅学院,,17,3,8,2,3,54,NA,40,40,5,7,2,2,0.3,0.3
2026-08-22T1200,1173A,119.1759,34.5885,连云港市,市环境监测站,,21,12,8,7,2,65,NA,47,47,2,4,6,6,0.3,0.3
2026-08-22T1200,1180A,117.257,34.2161,徐州市,新城区,,23,20,16,13,5,72,NA,36,36,2,4,7,8,0.5,0.5
2026-08-22T1200,1182A,117.2933,34.2796,徐州市,农科院,,29,29,17,10,8,68,NA,35,35,4,8,6,7,1.2,1
2026-08-22T1200,1186A,119.3895,32.377,扬州市,邗江监测站,,25,24,22,9,6,77,NA,46,46,2,3,5,5,0.6,0.6
2026-08-22T1200,1188A,120.2693,31.4864,无锡市,雪浪,,16,9,16,6,3,50,NA,33,33,12,12,5,5,0.7,0.7
2026-08-22T1200,1189A,120.2761,31.621,无锡市,黄巷,,20,19,23,2,4,64,NA,36,36,17,16,5,6,1.2,1
2026-08-22T1200,1191A,120.2422,31.5037,无锡市,漆塘,,18,10,17,3,4,55,NA,41,41,12,10,6,6,0.5,0.5
2026-08-22T1200,1192A,120.3489,31.5865,无锡市,东亭,,15,5,7,1,2,48,NA,33,33,13,14,5,5,0.4,0.4
2026-08-22T1200,1193A,120.3538,31.5474,无锡市,旺庄,,15,6,10,2,3,48,NA,37,37,16,13,9,10,0.7,0.6
2026-08-22T1200,1194A,120.2447,31.5633,无锡市,荣巷,,19,12,15,1,2,59,NA,39,39,12,13,6,6,0.3,0.3
2026-08-22T1200,1195A,120.2986,31.6816,无锡市,堰桥,,18,5,10,1,2,55,NA,36,36,10,11,4,4,0.6,0.6
2026-08-22T1200,1196A,119.9524,31.7586,常州市,市监测站,,20,19,10,1,3,61,NA,36,36,5,7,3,4,0.4,0.4
2026-08-22T1200,1200A,119.9351,31.703,常州市,武进监测站,,24,18,14,14,6,75,NA,39,39,12,12,6,6,0.5,0.7
2026-08-22T1200,1203A,119.6708,32.187,镇江市,新区办事处,,20,9,19,8,9,64,NA,42,42,10,13,3,2,0.5,0.5
2026-08-22T1200,1204A,119.497455,32.196732,镇江市,职教中心,,18,16,20,10,10,56,NA,37,37,14,18,4,5,0.4,0.5
2026-08-22T1200,1205A,119.43,32.1328,镇江市,丹徒区监测站,,27,27,25,14,11,73,NA,41,41,13,16,7,11,0.5,0.5
2026-08-22T1200,1206A,119.9042,32.488,泰州市,公园路,,21,9,11,1,3,66,NA,44,44,2,2,6,6,0.2,0.3
2026-08-22T1200,1207A,119.9189,32.4626,泰州市,莲花,,20,10,11,2,4,63,NA,42,42,2,4,7,7,0.3,0.3
2026-08-22T1200,1209A,119.8877,32.4636,泰州市,留学生创业园,,21,11,14,4,8,67,NA,46,46,2,2,6,6,0.5,0.6
2026-08-22T1200,1210A,119.0566,33.5991,淮安市,钵池山,,18,7,12,3,7,56,NA,33,33,4,6,3,2,0.4,0.4
2026-08-22T1200,1211A,119.0083,33.578,淮安市,北京南路,,20,9,14,6,6,61,NA,39,39,3,6,4,4,0.6,0.6
2026-08-22T1200,1212A,118.9938,33.6083,淮安市,市监测站,,20,NA,6,4,6,63,NA,40,40,5,8,6,5,0.7,0.7
2026-08-22T1200,1213A,119.135,33.5038,淮安市,楚州区监测站,,17,NA,7,5,5,52,NA,37,37,3,6,5,5,0.4,0.3
2026-08-22T1200,1216A,120.1554,33.3941,盐城市,市监测站,,16,7,10,1,2,51,NA,43,43,4,5,5,5,0.5,0.5
2026-08-22T1200,1218A,120.214332,33.37951,盐城市,开发区管委会,,15,6,12,5,5,47,NA,39,39,2,2,9,9,0.7,0.7
2026-08-22T1200,1220A,118.2924,33.933,宿迁市,宿迁学院,,19,15,12,6,5,58,NA,38,38,2,4,9,9,0.6,0.6
2026-08-22T1200,1221A,118.2321,33.9572,宿迁市,宿迁中学,,19,12,13,5,6,60,NA,38,38,4,6,6,6,0.7,0.7
2026-08-22T1200,1223A,120.2073,30.2111,杭州市,滨江,,24,17,16,9,10,74,NA,35,35,13,14,5,4,0.4,0.4
2026-08-22T1200,1224A,120.0625,30.2737,杭州市,西溪,,17,16,13,11,8,54,NA,25,25,11,9,4,4,0.6,0.5
2026-08-22T1200,1226A,120.3417,30.315,杭州市,下沙,,22,12,12,7,7,70,NA,41,41,9,12,4,4,0.6,0.6
2026-08-22T1200,1227A,120.1252,30.2465,杭州市,卧龙桥,,17,17,15,9,6,48,NA,23,23,9,8,5,7,0.5,0.5
2026-08-22T1200,1228A,120.1902,30.2691,杭州市,浙江农大,,21,14,13,9,7,66,NA,31,31,13,15,6,6,0.5,0.5
2026-08-22T1200,1230A,120.1195,30.3121,杭州市,和睦小学,,20,20,15,12,8,64,NA,35,35,13,8,6,6,0.7,0.7
2026-08-22T1200,1231A,120.3076,30.4146,杭州市,临平镇,,20,17,17,10,8,64,NA,38,38,5,8,7,6,0.6,0.6
2026-08-22T1200,1232A,120.2753,30.1839,杭州市,城厢镇,,28,28,24,16,9,62,NA,30,30,10,11,4,5,0.5,0.5
2026-08-22T1200,1233A,120.0883,30.1808,杭州市,云栖,,20,20,20,10,7,49,NA,29,29,1,8,6,6,0.6,0.6
2026-08-22T1200,1234A,121.8352,29.9111,宁波市,区环保大楼,,19,9,16,3,4,58,NA,32,32,8,19,4,5,0.4,0.5
2026-08-22T1200,1235A,121.5595,29.8208,宁波市,万里学院,,18,8,12,2,4,57,NA,31,31,5,11,4,4,0.6,0.6
2026-08-22T1200,1236A,121.713,29.9564,宁波市,龙赛医院,,21,12,15,4,4,66,NA,36,36,6,16,6,8,0.3,0.3
2026-08-22T1200,1240A,121.5855,29.8635,宁波市,太古小学,,16,10,13,4,5,49,NA,34,34,4,9,4,4,0.5,0.6
2026-08-22T1200,1241A,121.5239,29.8673,宁波市,市环境监测中心,,16,12,13,7,6,51,NA,32,32,7,14,9,9,0.7,0.7
2026-08-22T1200,1242A,120.6342,28.0088,温州市,瓯海,,22,18,13,7,3,70,NA,35,35,13,13,6,5,0.3,0.3
2026-08-22T1200,1243A,120.6747,27.9881,温州市,南浦,,22,20,11,15,4,60,NA,39,39,14,9,7,5,0.5,0.5
2026-08-22T1200,1244A,120.76,27.9745,温州市,龙湾,,19,18,15,9,5,60,NA,36,36,14,11,7,6,0.6,0.6
2026-08-22T1200,1247A,120.6053,29.9927,绍兴市,城东开发委,,27,16,18,10,8,84,NA,37,37,4,7,5,4,0.6,0.6
2026-08-22T1200,1250A,120.075,30.867,湖州市,城西水厂,NA,NA,10,16,8,9,63,NA,38,38,NA,12,6,6,0.4,0.3
2026-08-22T1200,1252A,120.7439,30.778,嘉兴市,清河小学,,20,11,12,0,3,63,NA,37,37,7,12,6,6,0.5,0.4
2026-08-22T1200,1253A,120.7261,30.7477,嘉兴市,嘉兴学院,,22,7,9,4,6,69,NA,40,40,9,10,2,2,0.4,0.4
2026-08-22T1200,1255A,121.2727,28.6461,台州市,黄岩环保大楼,,23,21,14,8,6,73,NA,30,30,9,10,/,/,/,/
2026-08-22T1200,1256A,121.4188,28.6545,台州市,台州环保大楼,,21,4,12,2,6,67,NA,34,34,3,8,/,/,0.7,0.6
2026-08-22T1200,1257A,121.3768,28.5772,台州市,路桥田洋王,,24,15,14,6,5,76,NA,32,32,6,7,5,5,0.3,0.3
2026-08-22T1200,1258A,122.1223,30.0203,舟山市,定海檀枫,,20,10,12,0,2,63,NA,48,48,3,5,7,7,0.7,0.7
2026-08-22T1200,1260A,122.1898,29.9945,舟山市,临城新区,,19,12,12,1,2,58,NA,46,46,3,4,4,4,0.7,0.7
2026-08-22T1200,1262A,119.6478,29.0773,金华市,十五中,,27,20,19,10,11,84,NA,39,39,8,13,3,6,0.5,0.5
2026-08-22T1200,1263A,119.6859,29.1032,金华市,监测站,,30,17,19,8,9,94,NA,39,39,10,16,1,2,0.4,0.5
2026-08-22T1200,1264A,118.8694,28.94,衢州市,环保大楼,,30,15,17,9,10,94,NA,44,44,8,11,/,/,/,/
2026-08-22T1200,1266A,118.8622,28.9809,衢州市,衢州学院,,24,12,16,7,9,74,NA,35,35,5,12,5,5,0.4,0.4
2026-08-22T1200,1267A,119.9141,28.4513,丽水市,监测站大楼,,21,13,13,7,3,65,NA,30,30,5,8,5,5,0.6,0.6
2026-08-22T1200,1268A,119.93,28.4589,丽水市,莲都小学,,24,16,13,5,3,74,NA,35,35,6,9,/,/,/,/
2026-08-22T1200,1269A,119.8794,28.4232,丽水市,余庄前,,20,7,15,2,4,62,NA,26,26,5,8,4,4,0.5,0.5
2026-08-22T1200,1270A,117.1957,31.7845,合肥市,明珠广场,,23,17,18,7,8,72,NA,46,45,6,9,9,9,0.5,0.5
2026-08-22T1200,1271A,117.307,31.8765,合肥市,三里街,,22,22,24,6,8,62,NA,39,38,11,8,11,11,0.4,0.4
2026-08-22T1200,1272A,117.2587,31.8703,合肥市,琥珀山庄,,22,22,27,4,8,70,NA,44,44,6,9,8,8,0.3,0.3
2026-08-22T1200,1275A,117.2593,31.9376,合肥市,庐阳区,,22,12,17,6,9,70,NA,43,43,6,10,10,10,0.7,0.8
2026-08-22T1200,1276A,117.345251,31.861615,合肥市,瑶海区,,21,9,14,4,8,65,NA,37,37,6,9,4,4,0.4,0.5
2026-08-22T1200,1277A,117.3033,31.7967,合肥市,包河区,NA,NA,NA,16,3,7,63,NA,30,NA,NA,23,59,13,0.6,0.4
2026-08-22T1200,1278A,117.278,31.7392,合肥市,滨湖新区,,23,14,15,7,9,72,NA,40,40,5,9,8,8,0.6,0.7
2026-08-22T1200,1279A,117.1324,31.8395,合肥市,高新区,,22,19,20,6,10,70,NA,43,43,9,12,8,8,0.5,0.6
2026-08-22T1200,1282A,119.2681,26.0506,福州市,师大,,35,25,18,12,6,111,NA,51,51,6,9,5,5,0.4,0.3
2026-08-22T1200,1283A,119.2983,26.1028,福州市,五四北路,,32,20,17,16,5,102,NA,51,51,8,12,5,5,0.6,0.5
2026-08-22T1200,1284A,119.2648,26.0769,福州市,杨桥西路,,35,NA,18,24,7,110,NA,52,52,7,10,4,3,/,/
2026-08-22T1200,1287A,118.1519,24.4768,厦门市,洪文,,32,14,19,12,14,101,NA,45,45,8,13,5,4,0.3,0.3
2026-08-22T1200,1288A,118.0671,24.4447,厦门市,鼓浪屿,,39,18,22,12,14,122,NA,49,49,7,21,1,3,/,/
2026-08-22T1200,1291A,115.8887,28.7006,南昌市,省林业公司,,30,17,19,15,17,95,NA,76,76,5,6,5,6,0.5,0.5
2026-08-22T1200,1292A,115.813,28.7443,南昌市,林科所,,27,NA,15,16,14,84,NA,70,70,5,5,6,6,0.9,0.9
2026-08-22T1200,1294A,115.8518,28.687,南昌市,建工学校,,35,35,24,17,16,86,NA,70,70,8,8,7,7,0.9,0.9
2026-08-22T1200,1295A,115.8926,28.6425,南昌市,象湖,,26,NA,13,18,18,72,NA,64,64,8,8,8,9,0.5,0.5
2026-08-22T1200,1299A,116.9866,36.6118,济南市,科干所,,35,22,25,5,13,111,NA,49,49,11,12,5,5,0.4,0.5
2026-08-22T1200,1300A,116.9379,36.6652,济南市,农科所,,37,24,31,7,20,116,NA,40,40,11,16,5,5,0.3,0.4
2026-08-22T1200,1301A,117.1265,36.6736,济南市,开发区,,36,24,32,9,15,115,NA,51,51,11,16,7,8,0.4,0.5
2026-08-22T1200,1303A,117.0616,36.6865,济南市,省种子仓库,,35,31,39,8,17,112,NA,42,42,11,23,7,7,0.6,0.7
2026-08-22T1200,1304A,116.9495185,36.644937,济南市,机床二厂,NA,NA,32,34,6,19,134,NA,53,53,13,19,NA,6,0.3,0.4
2026-08-22T1200,1305A,117.0496,36.6629,济南市,市监测站,,36,24,32,6,15,114,NA,48,48,12,18,5,5,0.5,0.6
2026-08-22T1200,1306A,116.7674,36.5458,济南市,长清党校,,35,32,25,10,15,112,NA,44,44,9,9,4,4,0.3,0.4
2026-08-22T1200,1310A,120.404,36.0625,青岛市,市南区东部子站,,18,7,8,6,3,55,NA,36,36,2,3,6,7,0.3,0.3
2026-08-22T1200,1311A,120.362344,36.10282,青岛市,四方区子站,,18,12,6,1,3,57,NA,37,37,3,6,4,4,0.5,0.5
2026-08-22T1200,1312A,120.294373,36.054183,青岛市,市南区西部子站,,15,7,5,2,2,46,NA,35,35,4,6,6,6,0.5,0.5
2026-08-22T1200,1313A,120.4581,36.0858,青岛市,崂山区子站,,22,22,13,5,3,53,NA,32,32,1,5,8,8,0.3,0.3
2026-08-22T1200,1315A,120.3945,36.3083,青岛市,城阳区子站,,18,7,5,1,4,55,NA,41,41,1,6,3,3,0.3,0.3
2026-08-22T1200,1316A,113.6843,34.7622,郑州市,烟厂,颗粒物(PM10),51,51,32,23,22,116,NA,78,78,6,11,3,3,0.4,0.4
2026-08-22T1200,1318A,113.669,34.8034,郑州市,银行学校,,42,34,32,29,25,105,NA,75,75,8,14,5,5,0.4,0.4
2026-08-22T1200,1319A,113.5612,34.8143,郑州市,供水公司,,39,32,34,27,21,119,NA,76,76,9,15,6,6,0.6,0.6
2026-08-22T1200,1320A,113.7269,34.7187,郑州市,经开区管委,,38,28,30,26,22,118,NA,81,81,8,13,2,2,0.5,0.5
2026-08-22T1200,1321A,113.7332,34.7727,郑州市,四十七中,NA,NA,38,33,NA,16,NA,NA,NA,NA,NA,3,NA,3,NA,0.3
2026-08-22T1200,1323A,113.6361,34.7537,郑州市,河医大,,35,NA,32,22,21,110,NA,79,79,8,12,4,4,0.5,0.5
2026-08-22T1200,1325A,114.3676,30.5584,武汉市,东湖梨园,,31,20,24,14,13,98,NA,62,62,7,10,6,7,0.4,0.5
2026-08-22T1200,1326A,114.2527,30.5578,武汉市,汉阳月湖,,33,28,27,15,16,103,NA,69,69,8,10,3,4,0.2,0.4
2026-08-22T1200,1327A,114.2819,30.6189,武汉市,汉口花桥,,32,28,29,19,18,100,NA,66,66,6,7,6,6,0.4,0.3
2026-08-22T1200,1328A,114.3024,30.5332,武汉市,武昌紫阳,,30,26,32,16,15,94,NA,60,60,6,9,6,6,0.3,0.5
2026-08-22T1200,1329A,114.3646,30.6217,武汉市,青山钢花,,32,23,25,13,15,100,NA,57,57,5,10,7,7,0.4,0.4
2026-08-22T1200,1330A,114.156697,30.482592,武汉市,沌口新区,,35,21,24,13,15,112,NA,73,73,3,7,8,8,0.3,0.3
2026-08-22T1200,1331A,114.3013,30.5944,武汉市,汉口江滩,,32,25,28,21,15,100,NA,62,62,17,16,3,2,0.5,0.5
2026-08-22T1200,1333A,114.1285,30.6339,武汉市,吴家山,,31,21,28,16,19,98,NA,63,63,8,10,6,6,0.4,0.4
2026-08-22T1200,1335A,113.082,28.2421,长沙市,经开区环保局,,44,44,38,20,22,123,NA,64,64,4,11,5,5,0.6,0.6
2026-08-22T1200,1336A,112.8873,28.2202,长沙市,高开区环保局,NA,NA,NA,39,NA,21,80,NA,54,51,3,4,3,3,0.6,0.7
2026-08-22T1200,1337A,113.0785,28.2012,长沙市,马坡岭,,40,40,38,27,25,118,NA,58,58,6,16,6,6,0.3,0.3
2026-08-22T1200,1338A,112.9448,28.1894,长沙市,湖南师范大学,,47,47,40,22,25,90,NA,60,60,8,10,7,7,0.5,0.5
2026-08-22T1200,1339A,113.0177,28.1322,长沙市,雨花区环保局,,48,48,40,22,25,97,NA,48,48,6,14,5,5,0.7,0.7
2026-08-22T1200,1340A,112.9795,28.2593,长沙市,伍家岭,,47,47,41,31,25,101,NA,57,57,5,9,3,3,0.5,0.5
2026-08-22T1200,1341A,113.002,28.1944,长沙市,火车新站,,44,44,41,27,24,97,NA,59,59,4,8,4,4,0.9,0.7
2026-08-22T1200,1342A,112.9846,28.1177,长沙市,天心区环保局,,40,40,39,28,28,102,NA,64,64,7,15,3,3,0.6,0.6
2026-08-22T1200,1343A,112.8906,28.1307,长沙市,湖南中医药大学,颗粒物(PM10),55,57,40,27,23,90,NA,57,57,5,7,6,6,0.9,0.9
2026-08-22T1200,1345A,113.2346,23.1423,广州市,广雅中学,,26,26,20,13,9,79,NA,37,37,20,19,4,4,0.7,0.6
2026-08-22T1200,1346A,113.2611,23.105,广州市,市五中,,28,26,18,19,11,50,NA,42,42,31,15,3,4,/,/
2026-08-22T1200,1348A,113.3477,23.0916,广州市,广东商学院,,29,29,19,15,8,50,NA,34,34,31,22,4,5,0.6,0.5
2026-08-22T1200,1349A,113.4332,23.105,广州市,市八十六中,,18,12,14,9,7,57,NA,32,32,23,27,5,6,/,/
2026-08-22T1200,1350A,113.3506,22.9488,广州市,番禺中学,,34,34,19,14,9,94,NA,53,53,12,11,4,4,0.4,0.3
2026-08-22T1200,1351A,113.2147,23.3918,广州市,花都师范,,44,44,24,21,12,73,NA,26,26,27,29,4,3,0.7,0.7
2026-08-22T1200,1352A,113.2599,23.1329,广州市,市监测站,,26,18,18,10,9,81,NA,42,42,16,16,1,1,/,/
2026-08-22T1200,1353A,113.5618,23.3119,广州市,九龙镇镇龙,,32,32,27,21,15,87,NA,30,30,13,22,7,8,0.7,0.7
2026-08-22T1200,1354A,113.2764,23.1544,广州市,麓湖,,19,19,17,9,8,57,NA,32,32,15,17,4,4,0.6,0.6
2026-08-22T1200,1356A,114.0948,22.5506,深圳市,通心岭子站,,16,15,13,9,5,50,NA,43,39,13,11,3,2,0.5,0.4
2026-08-22T1200,1357A,114.1153,22.5713,深圳市,洪湖,,18,16,15,8,6,56,NA,34,34,11,12,1,2,0.7,0.6
2026-08-22T1200,1358A,113.9823,22.5398,深圳市,华侨城,,20,NA,13,9,5,62,NA,41,41,9,14,/,/,/,/
2026-08-22T1200,1359A,113.9181,22.517,深圳市,南海子站,,20,13,10,10,8,62,NA,39,39,9,13,6,6,1.0,0.9
2026-08-22T1200,1360A,114.2345,22.565,深圳市,盐田,,20,13,14,6,6,12,NA,12,10,40,28,7,7,0.7,0.6
2026-08-22T1200,1363A,114.4911,22.5381,深圳市,南澳,,16,6,13,2,4,51,NA,38,38,8,9,/,/,/,/
2026-08-22T1200,1364A,114.41,22.6346,深圳市,葵涌,,15,6,11,3,4,47,NA,36,36,8,7,6,6,0.7,0.7
2026-08-22T1200,1365A,114.2967,22.5978,深圳市,梅沙,,15,9,11,4,3,46,NA,33,32,12,10,/,/,/,/
2026-08-22T1200,1366A,114.0563,22.7353,深圳市,观澜,,37,37,58,20,10,97,NA,44,44,6,13,2,2,0.7,0.6
2026-08-22T1200,1367A,113.5811,22.2618,珠海市,吉大,NA,NA,17,10,12,8,75,NA,46,46,NA,7,6,6,0.6,0.6
2026-08-22T1200,1368A,113.4893,22.2323,珠海市,前山,,19,17,13,10,7,58,NA,43,43,6,8,/,/,/,/
2026-08-22T1200,1369A,113.6284,22.4252,珠海市,唐家,,26,NA,9,12,9,82,NA,48,48,4,4,/,/,/,/
2026-08-22T1200,1370A,113.2986,22.2284,珠海市,斗门,,25,11,10,11,10,78,NA,51,51,5,7,7,6,0.7,0.8
2026-08-22T1200,1371A,113.1293,23.0065,佛山市,湾梁,,33,22,17,13,11,105,NA,48,48,13,16,/,/,/,/
2026-08-22T1200,1372A,113.1082,23.0477,佛山市,华材职中,,43,31,16,30,13,93,NA,41,41,15,13,8,8,0.7,0.6
2026-08-22T1200,1373A,113.1439,23.045,佛山市,南海气象局,,41,41,20,21,12,96,NA,45,45,17,20,/,/,/,/
2026-08-22T1200,1374A,113.2879,22.8094,佛山市,顺德苏岗,,35,27,23,21,11,110,NA,55,55,11,13,/,/,0.6,0.6
2026-08-22T1200,1376A,112.8384,22.8678,佛山市,高明孔堂,,30,28,20,21,12,89,NA,41,41,13,12,/,/,/,/
2026-08-22T1200,1377A,112.8835,23.1584,佛山市,三水监测站,,28,19,17,15,13,87,NA,34,34,20,22,6,5,0.7,0.6
2026-08-22T1200,1378A,112.8668,23.185,佛山市,三水云东海,,25,13,17,12,11,77,NA,31,31,2,10,/,/,/,/
2026-08-22T1200,1379A,113.377,22.5211,中山市,华柏园,,37,37,16,14,8,113,NA,56,56,7,6,/,/,/,/
2026-08-22T1200,1380A,113.3879,22.5499,中山市,张溪,,50,50,21,35,10,129,NA,62,62,11,13,/,/,/,/
2026-08-22T1200,1381A,113.4071,22.5111,中山市,紫马岭,,33,31,15,18,8,105,NA,46,46,6,5,8,8,0.5,0.5
2026-08-22T1200,1383A,113.1063,22.6058,江门市,北街,,32,32,15,10,7,80,NA,51,51,6,6,/,/,/,/
2026-08-22T1200,1384A,113.073,22.5835,江门市,西区,,26,26,20,10,10,79,NA,46,46,9,10,/,/,/,/
2026-08-22T1200,1385A,113.0218,22.531,江门市,圭峰西,,42,42,19,13,9,88,NA,47,47,9,9,/,/,/,/
2026-08-22T1200,1390A,113.7943,23.0132,东莞市,东城石井,,42,29,18,16,7,134,NA,63,63,13,15,5,5,0.7,0.7
2026-08-22T1200,1391A,113.7384,22.9659,东莞市,南城西平,,34,24,18,17,8,108,NA,45,45,11,15,7,7,0.6,0.5
2026-08-22T1200,1392A,114.4181,23.0528,惠州市,河南岸金山湖子站,,21,5,17,4,8,65,NA,45,45,8,12,8,8,0.6,0.6
2026-08-22T1200,1393A,114.4055,23.0824,惠州市,下埔横江三路子站,,21,7,18,5,9,67,NA,48,48,9,12,3,4,0.5,0.5
2026-08-22T1200,1395A,114.4645,22.7832,惠州市,惠阳区承修路船湖子站,,16,9,15,7,7,51,NA,44,44,11,8,1,2,0.7,0.6
2026-08-22T1200,1396A,114.5316,22.7423,惠州市,大亚湾管委会子站,,14,6,12,4,6,42,NA,37,35,16,11,8,6,0.6,0.5
2026-08-22T1200,1397A,112.426,23.062,肇庆市,睦岗子站,,32,22,21,22,12,92,NA,31,31,13,18,7,7,/,/
2026-08-22T1200,1398A,112.4645,23.0476,肇庆市,城中子站,,27,21,21,13,11,86,NA,26,26,25,21,12,14,0.6,0.7
2026-08-22T1200,1399A,112.5545,23.1525,肇庆市,坑口子站,,37,26,18,16,10,117,NA,38,38,8,11,6,6,0.4,0.4
2026-08-22T1200,1401A,108.3098,22.788,南宁市,二十一中,,26,24,16,18,9,41,NA,45,40,12,10,8,3,1.0,0.9
2026-08-22T1200,1402A,108.3135,22.8529,南宁市,北湖,,23,NA,19,16,15,40,NA,36,33,13,13,4,4,0.7,0.7
2026-08-22T1200,1403A,108.3205,22.8222,南宁市,市监测站,,25,19,17,17,8,35,NA,43,36,12,9,7,4,0.7,0.6
2026-08-22T1200,1404A,108.3828,22.8038,南宁市,大自然花园,,25,20,15,17,8,42,NA,44,41,10,8,4,4,0.6,0.6
2026-08-22T1200,1406A,108.2397,22.8462,南宁市,区农职院,,22,15,16,15,13,35,NA,30,27,8,9,7,6,0.7,0.6
2026-08-22T1200,1407A,108.3285,22.7356,南宁市,英华嘉园,,20,19,16,14,7,41,NA,45,42,8,6,5,4,0.7,0.6
2026-08-22T1200,1410A,110.3189,20.0596,海口市,海南大学,,17,10,11,7,7,53,NA,47,45,4,8,4,4,0.4,0.4
2026-08-22T1200,1411A,110.2827,20.0051,海口市,秀英海南医院,,16,10,10,7,8,50,NA,40,38,5,7,6,6,0.2,0.2
2026-08-22T1200,1412A,110.3391,19.9979,海口市,海南师范大学,,17,13,13,8,7,53,NA,38,37,3,6,3,3,0.3,0.4
2026-08-22T1200,1413A,110.3303,20.0359,海口市,龙华路环保局宿舍,,20,20,12,7,7,56,NA,46,45,4,6,/,/,0.4,0.4
2026-08-22T1200,1416A,106.4216,29.8256,重庆市,天生,,43,31,39,19,29,135,NA,41,41,10,18,9,10,0.9,0.9
2026-08-22T1200,1417A,106.6264,29.7226,重庆市,两路,,36,31,42,18,26,115,NA,51,51,11,24,6,5,0.6,0.7
2026-08-22T1200,1419A,106.5778,29.5103,重庆市,南坪,臭氧1小时(O3_1h),57,37,40,20,26,165,NA,66,66,18,25,5,2,0.9,0.8
2026-08-22T1200,1420A,106.6556,29.6277,重庆市,唐家沱,,46,NA,29,28,24,147,NA,54,54,11,21,15,13,0.6,0.6
2026-08-22T1200,1431A,103.9727,30.7242,成都市,金泉两河,细颗粒物(PM2.5),104,74,50,64,40,82,NA,33,33,29,22,NA,2,1.0,0.8
2026-08-22T1200,1432A,104.1423,30.6765,成都市,十里店,细颗粒物(PM2.5),92,75,64,56,44,105,NA,33,33,27,29,7,6,1.1,1
2026-08-22T1200,1433A,104.0594,30.5765,成都市,三瓦窑,细颗粒物(PM2.5),105,77,56,65,41,112,NA,42,42,50,44,7,6,1.1,0.9
2026-08-22T1200,1434A,104.1122,30.6306,成都市,沙河铺,细颗粒物(PM2.5),100,69,56,60,41,98,NA,32,32,29,27,7,6,1.0,1.1
2026-08-22T1200,1439A,106.6863,26.6035,贵阳市,马鞍山,,29,NA,22,20,15,86,NA,36,36,3,9,2,4,/,/
2026-08-22T1200,1441A,106.6241,26.6266,贵阳市,鉴湖路,,34,34,33,18,14,87,NA,66,66,4,7,7,6,0.5,0.6
2026-08-22T1200,1442A,106.7468,26.6344,贵阳市,燕子冲,,31,31,31,16,16,83,NA,37,37,6,12,7,5,0.5,0.5
2026-08-22T1200,1443A,106.6556,26.4362,贵阳市,碧云窝,,39,39,44,15,19,90,NA,39,39,7,12,5,6,/,/
2026-08-22T1200,1445A,106.6963,26.6063,贵阳市,红边门,,27,19,26,18,16,84,NA,49,49,4,13,5,5,/,/
2026-08-22T1200,1446A,106.7162383,26.56964667,贵阳市,新华路,,34,34,33,14,16,89,NA,60,60,7,11,6,7,0.3,0.4
2026-08-22T1200,1447A,106.6742,26.542,贵阳市,太慈桥,,29,27,27,16,16,90,NA,48,48,6,14,2,3,/,/
2026-08-22T1200,1450A,102.8203,24.889,昆明市,呈贡新区,,31,17,24,16,16,98,NA,67,67,5,9,4,4,0.5,0.6
2026-08-22T1200,1452A,102.7253,25.0904,昆明市,龙泉镇,,25,20,26,11,15,77,NA,59,59,16,15,6,6,0.4,0.4
2026-08-22T1200,1453A,102.7267,25.0378,昆明市,东风东路,,29,29,22,17,15,80,NA,58,58,16,18,3,3,0.5,0.5
2026-08-22T1200,1454A,102.6744,25.0671,昆明市,金鼎山,,33,28,28,23,16,88,NA,63,59,12,13,4,4,0.3,0.3
2026-08-22T1200,1455A,102.6643,25.0401,昆明市,碧鸡广场,,28,21,23,16,15,87,NA,66,63,9,14,6,6,0.5,0.5
2026-08-22T1200,1456A,91.132,29.6515,拉萨市,八廓街,,20,13,10,6,6,64,NA,56,56,8,10,9,9,0.2,0.2
2026-08-22T1200,1457A,91.1221,29.6748,拉萨市,市环保局,,20,15,10,6,5,63,NA,49,48,10,11,12,10,0.4,0.3
2026-08-22T1200,1458A,91.0874,29.6476,拉萨市,区监测站,,19,11,9,5,6,58,NA,51,51,13,15,8,7,0.3,0.3
2026-08-22T1200,1459A,91.1774,29.6541,拉萨市,西藏大学,,21,NA,7,10,6,66,NA,60,58,10,11,9,8,0.3,0.3
2026-08-22T1200,1460A,90.9798,29.6586,拉萨市,区辐射站,,14,10,12,7,6,43,NA,26,26,20,20,7,8,0.4,0.3
2026-08-22T1200,1461A,91.0831,29.6292,拉萨市,拉萨火车站,,18,11,8,6,6,56,NA,46,46,14,15,7,6,0.4,0.4
2026-08-22T1200,1463A,108.9931,34.2629,西安市,兴庆小区,颗粒物(PM10),55,56,43,29,25,137,NA,74,74,12,12,4,5,0.7,0.7
2026-08-22T1200,1464A,109.0595,34.2569,西安市,纺织城,颗粒物(PM10),55,56,46,27,25,129,NA,61,61,13,20,9,9,0.7,0.7
2026-08-22T1200,1465A,108.9377,34.2178,西安市,小寨,,50,48,41,35,28,127,NA,70,70,12,13,3,4,0.7,0.7
2026-08-22T1200,1466A,108.9522,34.2739,西安市,市人民体育场,颗粒物(PM10),65,70,43,30,25,158,NA,89,89,15,14,8,9,0.8,0.8
2026-08-22T1200,1467A,108.8923,34.2322,西安市,高新西区,NA,NA,56,43,41,27,140,NA,81,81,10,12,NA,5,0.6,0.5
2026-08-22T1200,1468A,108.9386,34.3446,西安市,经开区,,50,50,44,23,25,126,NA,82,82,7,6,3,3,0.4,0.4
2026-08-22T1200,1469A,108.894,34.1557,西安市,长安区,细颗粒物(PM2.5),68,58,45,44,28,121,NA,54,54,14,24,2,2,0.6,0.6
2026-08-22T1200,1471A,109.213,34.3748,西安市,临潼区,颗粒物(PM10),58,61,40,35,26,122,NA,74,74,10,9,9,9,0.8,0.7
2026-08-22T1200,1474A,109.0508,34.321,西安市,广运潭,,50,50,44,23,28,116,NA,69,69,8,11,5,5,0.6,0.6
2026-08-22T1200,1479A,103.8309,36.0467,兰州市,铁路设计院,颗粒物(PM10),68,74,43,25,17,105,NA,61,61,10,21,4,4,0.3,0.4
2026-08-22T1200,1489A,106.1361,38.5039,银川市,学院路,,46,46,41,22,18,120,NA,71,71,12,18,4,4,0.8,0.6
2026-08-22T1200,1490A,87.5796,43.8299,乌鲁木齐市,监测站,,37,37,130,17,26,88,NA,52,52,14,17,3,2,0.4,0.4
2026-08-22T1200,1491A,87.6044,43.7679,乌鲁木齐市,收费所,,38,38,144,2,31,91,NA,30,30,17,30,3,3,0.3,0.3
2026-08-22T1200,1493A,87.5529,43.8704,乌鲁木齐市,铁路局,,43,43,127,18,29,87,NA,44,44,20,21,9,7,0.6,0.5
2026-08-22T1200,1494A,87.6408,43.8258,乌鲁木齐市,三十一中学,,35,35,150,3,28,89,NA,54,54,11,15,6,5,0.3,0.3
2026-08-22T1200,1496A,87.7218,44.1747,乌鲁木齐市,米东区环保局,颗粒物(PM10),102,123,147,13,28,90,NA,35,35,15,12,14,10,0.5,0.6
2026-08-22T1200,1508A,112.9508,27.8626,湘潭市,板塘,,42,39,35,29,22,79,NA,44,44,10,16,6,7,0.0,0
2026-08-22T1200,1511A,112.9114,27.8404,湘潭市,市监测站,,50,NA,27,35,24,118,NA,64,64,5,11,2,3,0.6,0.5
2026-08-22T1200,1512A,112.8935,27.8729,湘潭市,江麓,"颗粒物(PM10),细颗粒物(PM2.5)",56,58,45,38,27,82,NA,54,54,8,10,5,5,0.3,0.3
2026-08-22T1200,1513A,112.9227,27.8159,湘潭市,岳塘,细颗粒物(PM2.5),58,48,39,39,27,78,NA,42,42,8,12,7,7,0.1,0.1
2026-08-22T1200,1514A,112.9073,27.9118,湘潭市,科大,颗粒物(PM10),55,56,49,26,24,99,NA,60,60,11,34,8,7,0.3,0.3
2026-08-22T1200,1515A,113.1265,27.8306,株洲市,天台山庄,,36,34,32,25,21,107,NA,51,51,5,10,2,2,0.4,0.5
2026-08-22T1200,1518A,113.0937,27.8919,株洲市,株冶医院,,45,45,31,28,20,104,NA,48,48,8,15,4,4,0.6,0.6
2026-08-22T1200,1519A,113.1709,27.8661,株洲市,市四中,,34,14,26,10,18,106,NA,52,52,7,11,5,5,0.6,0.6
2026-08-22T1200,1520A,113.1515,27.8265,株洲市,火车站,,38,34,33,26,21,120,NA,56,56,8,13,6,7,0.5,0.5
2026-08-22T1200,1524A,113.1329,27.8491,株洲市,市监测站,,38,33,31,26,22,117,NA,49,49,10,17,7,8,0.5,0.5
2026-08-22T1200,1562A,113.0048,27.9153,湘潭市,昭山,,43,41,38,30,19,74,NA,33,33,4,15,6,6,0.3,0.2
2026-08-22T1200,1585A,109.8761,40.6533,包头市,市环境监测站,,32,9,26,8,19,100,NA,86,84,15,14,5,4,0.8,0.6
2026-08-22T1200,1587A,109.9992,40.5843,包头市,包头八中,,30,NA,38,21,23,90,NA,83,71,14,16,7,8,0.6,0.4
2026-08-22T1200,1589A,109.8641,40.6288,包头市,惠龙物流,,32,22,27,14,20,100,NA,84,82,12,13,5,4,0.8,0.5
2026-08-22T1200,1590A,110.0376,40.5546,包头市,东河鸿龙湾,,29,NA,28,20,23,88,NA,70,63,10,15,4,4,0.6,0.6
2026-08-22T1200,1591A,110.0024,39.8127,鄂尔多斯市,综合楼,,29,17,19,5,14,92,NA,98,89,15,11,8,8,0.5,0.4
2026-08-22T1200,1592A,109.9485,39.8259,鄂尔多斯市,巴音孟克林场办事处,,30,12,17,3,11,93,NA,102,91,13,10,5,5,0.3,0.3
2026-08-22T1200,1593A,109.7734,39.5987,鄂尔多斯市,康泽苑,,29,14,24,5,14,90,NA,85,75,11,9,8,9,0.3,0.4
2026-08-22T1200,1594A,109.8121,39.5987,鄂尔多斯市,华泰汽车城,,21,19,20,1,12,67,NA,68,54,10,8,5,3,0.6,0.6
2026-08-22T1200,1595A,109.9734,39.7884,鄂尔多斯市,奥林花园,,25,14,22,7,13,80,NA,80,73,11,9,3,4,0.6,0.6
2026-08-22T1200,1597A,122.2704,40.7093,营口市,大庆路,,25,21,37,0,18,78,NA,52,52,8,15,13,17,0.5,0.8
2026-08-22T1200,1598A,122.215,40.6511,营口市,镜湖西路,,22,15,22,3,9,69,NA,48,48,9,15,9,7,0.4,0.5
2026-08-22T1200,1599A,122.1667,40.665,营口市,西炮台,,26,13,20,5,11,82,NA,52,52,6,15,6,6,0.4,0.5
2026-08-22T1200,1600A,124.33,40.0625,丹东市,江湾东路,,29,29,35,13,25,76,NA,46,46,8,10,3,4,0.6,0.7
2026-08-22T1200,1601A,124.4242,40.1513,丹东市,临江后街,NA,NA,NA,38,NA,25,NA,NA,88,24,NA,8,NA,2,NA,0.7
2026-08-22T1200,1602A,124.3935,40.1461,丹东市,元宝山,,26,26,35,14,27,71,NA,31,31,7,10,6,5,0.6,0.7
2026-08-22T1200,1603A,124.3634,40.1093,丹东市,民主桥,NA,NA,30,36,14,28,70,NA,39,39,NA,11,7,4,0.4,0.6
2026-08-22T1200,1604A,122.0303,41.1489,盘锦市,开发区,,36,36,28,13,16,87,NA,53,53,4,9,8,7,0.8,0.7
2026-08-22T1200,1605A,122.0486,41.0883,盘锦市,兴隆台,,35,31,35,24,18,83,NA,48,48,9,20,8,8,0.6,0.9
2026-08-22T1200,1606A,121.8297,41.1026,盘锦市,新生街道,,25,17,20,3,12,77,NA,54,54,5,10,5,5,0.6,0.7
2026-08-22T1200,1607A,120.904878,40.721091,葫芦岛市,龙港区,,24,5,18,1,16,74,NA,68,56,2,8,1,1,0.2,0.3
2026-08-22T1200,1608A,120.8382,40.7521,葫芦岛市,化工街,,22,NA,30,6,18,70,NA,41,41,5,21,4,4,0.2,0.4
2026-08-22T1200,1609A,120.8339,40.7078,葫芦岛市,新区,,24,11,26,1,19,74,NA,56,53,2,12,3,3,0.3,0.4
2026-08-22T1200,1610A,120.8697,40.7679,葫芦岛市,东城区,,25,21,29,6,21,78,NA,48,48,4,19,3,4,0.2,0.3
2026-08-22T1200,1611A,118.5818,24.9116,泉州市,涂山街,,34,18,19,8,14,106,NA,59,59,7,11,3,3,0.6,0.6
2026-08-22T1200,1612A,118.597,24.8976,泉州市,津头埔,,34,24,19,12,16,108,NA,57,57,8,12,2,2,0.5,0.5
2026-08-22T1200,1613A,118.6669,24.9422,泉州市,万安,,35,22,19,22,11,111,NA,57,57,7,13,3,3,0.7,0.6
2026-08-22T1200,1618A,118.3429,35.0532,临沂市,沂河小区,,23,22,15,13,4,73,NA,30,30,8,8,13,12,0.5,0.3
2026-08-22T1200,1619A,118.2962,35.0568,临沂市,鲁南制药厂,,25,22,8,14,5,78,NA,33,33,7,8,9,9,0.8,0.6
2026-08-22T1200,1620A,118.2793,34.9976,临沂市,新光毛纺厂,,26,NA,6,17,5,81,NA,40,40,12,12,11,10,0.7,0.4
2026-08-22T1200,1621A,118.3955,35.0889,临沂市,河东保险公司,,26,24,12,10,5,82,NA,31,31,10,13,12,10,0.9,0.6
2026-08-22T1200,1622A,116.3034,37.4675,德州市,儿童乐园,臭氧1小时(O3_1h),62,53,34,29,18,169,NA,71,71,5,7,17,14,0.7,0.6
2026-08-22T1200,1624A,116.2992,37.4449,德州市,监理站,臭氧1小时(O3_1h),57,56,29,27,15,165,NA,72,72,10,10,18,15,0.6,0.5
2026-08-22T1200,1625A,115.9789,36.4372,聊城市,区政府,NA,NA,NA,25,NA,11,98,NA,49,49,10,11,7,7,NA,0.5
2026-08-22T1200,1629A,117.9961,37.3604,滨州市,第二水厂,,30,24,16,4,8,94,NA,37,37,4,11,7,7,0.6,0.6
2026-08-22T1200,1630A,117.9789,37.3931,滨州市,北中新校,,32,17,22,3,7,102,NA,48,48,8,15,8,8,0.4,0.5
2026-08-22T1200,1631A,118.0413,36.8101,淄博市,人民公园,,30,22,28,10,8,95,NA,48,48,8,17,4,14,0.3,0.4
2026-08-22T1200,1633A,117.8524,36.4848,淄博市,双山,,29,27,14,9,5,91,NA,37,37,7,12,6,5,0.5,0.4
2026-08-22T1200,1634A,117.9595,36.6332,淄博市,气象站,NA,NA,31,24,1,8,114,NA,40,40,11,14,NA,7,0.4,1.1
2026-08-22T1200,1637A,117.5628,34.8379,枣庄市,市中区政府,,27,22,17,8,6,84,NA,45,45,7,9,3,4,0.2,0.2
2026-08-22T1200,1638A,117.2855,34.7838,枣庄市,薛城环保局,,29,29,23,6,6,77,NA,38,38,8,10,4,6,0.4,0.4
2026-08-22T1200,1639A,117.5854,34.7744,枣庄市,峄城区政府,,25,14,15,9,6,80,NA,44,44,5,6,7,12,0.5,0.6
2026-08-22T1200,1641A,117.4516,35.0992,枣庄市,山亭区环保局,,22,7,11,4,5,70,NA,43,43,4,6,6,7,0.3,0.3
2026-08-22T1200,1642A,121.2517,37.564,烟台市,开发区,,22,9,8,1,1,69,NA,35,35,8,12,7,6,0.5,0.5
2026-08-22T1200,1644A,121.3181,37.5436,烟台市,西郊化工站,,20,5,5,0,0,61,NA,35,35,3,6,9,6,0.3,0.3
2026-08-22T1200,1645A,121.4419,37.4858,烟台市,莱山环保局,,4,0,1,0,0,0,NA,0,0,4,8,4,5,0.4,0.4
2026-08-22T1200,1646A,121.2619,37.4965,烟台市,福山环保局,NA,NA,9,9,0,2,60,NA,24,24,3,12,4,3,NA,0.2
2026-08-22T1200,1650A,119.1436,36.7022,潍坊市,环保局,,16,14,11,3,1,50,NA,31,31,9,15,8,9,0.2,0.4
2026-08-22T1200,1653A,116.6229,35.4288,济宁市,火炬城,,23,19,22,0,3,72,NA,33,33,6,12,3,4,0.3,0.4
2026-08-22T1200,1656A,117.1436,36.1938,泰安市,监测站,,25,17,22,10,11,80,NA,43,43,1,5,13,11,0.5,0.3
2026-08-22T1200,1657A,117.0905,36.2002,泰安市,人口学校,,27,17,23,5,10,85,NA,52,52,4,6,9,8,0.6,0.4
2026-08-22T1200,1658A,117.0992,36.1757,泰安市,电力学校,,26,9,18,4,6,82,NA,43,43,3,8,5,4,0.5,0.4
2026-08-22T1200,1659A,119.4711,35.421,日照市,监测站,,18,NA,2,4,1,55,NA,39,39,3,5,8,8,0.2,0.1
2026-08-22T1200,1660A,119.523,35.4216,日照市,市政府广场,,16,9,6,6,3,51,NA,38,38,2,2,4,3,0.2,0.2
2026-08-22T1200,1661A,119.5511,35.4113,日照市,港务局,,18,14,10,4,1,55,NA,40,40,2,2,4,4,0.4,0.4
2026-08-22T1200,1662A,122.121,37.4231,威海市,华夏技校,,17,0,0,0,0,53,NA,34,34,6,9,/,/,0.3,0.2
2026-08-22T1200,1663A,122.0508,37.5236,威海市,山大分校,,22,NA,2,2,1,68,NA,44,43,4,6,/,/,/,/
2026-08-22T1200,1664A,122.1067,37.5067,威海市,市监测站,,17,0,3,0,0,52,NA,43,40,7,5,2,2,0.3,0.3
2026-08-22T1200,1666A,118.6612,37.4313,东营市,市环保局,,20,7,6,0,1,62,NA,40,40,4,8,6,6,0.2,0.3
2026-08-22T1200,1669A,113.5821,24.7733,韶关市,市八中,,24,19,24,11,15,74,NA,33,33,5,10,9,10,0.5,0.6
2026-08-22T1200,1671A,113.5916,24.7973,韶关市,园林处,NA,NA,10,23,10,17,NA,NA,47,47,5,9,8,10,/,/
2026-08-22T1200,1673A,113.5971,24.6864,韶关市,曲江监测站,,27,12,33,9,18,84,NA,30,30,9,17,9,10,0.6,0.6
2026-08-22T1200,1674A,116.6795,23.3666,汕头市,金平子站,,23,4,13,4,7,72,NA,56,56,5,7,4,4,0.4,0.4
2026-08-22T1200,1675A,116.7248,23.3632,汕头市,龙湖子站,,20,4,17,3,8,61,NA,51,51,3,5,4,4,/,/
2026-08-22T1200,1676A,116.7257,23.2774,汕头市,濠江子站,,18,12,20,4,9,56,NA,50,50,8,9,6,6,/,/
2026-08-22T1200,1677A,116.7518,23.4712,汕头市,澄海子站,,31,31,20,10,10,75,NA,51,51,8,9,5,5,0.6,0.6
2026-08-22T1200,1678A,116.6088,23.2539,汕头市,潮阳子站,,19,4,11,4,7,59,NA,54,54,2,4,6,6,0.6,0.6
2026-08-22T1200,1680A,110.3648,21.2697,湛江市,湛江影剧院,,26,26,17,12,9,55,NA,50,47,7,7,6,6,0.4,0.4
2026-08-22T1200,1681A,110.3907,21.2279,湛江市,市环境监测站,,19,19,12,8,8,50,NA,47,45,8,7,4,4,0.4,0.4
2026-08-22T1200,1682A,110.3936,21.1943,湛江市,环保局宿舍,,18,18,13,10,8,52,NA,46,45,8,8,7,7,/,/
2026-08-22T1200,1683A,110.4138,21.2033,湛江市,霞山游泳场,,16,15,12,6,5,50,NA,46,44,11,10,8,7,/,/
2026-08-22T1200,1685A,110.4512,21.239,湛江市,坡头区环保局,,17,15,12,8,7,54,NA,53,50,5,5,5,5,0.5,0.5
2026-08-22T1200,1686A,111.0285,21.469,茂名市,电白南海,,20,19,26,7,8,64,NA,50,50,5,6,2,2,0.4,0.4
2026-08-22T1200,1687A,110.9294,21.6533,茂名市,茂石化七小,,17,12,17,7,11,54,NA,38,38,4,6,5,6,0.5,0.5
2026-08-22T1200,1688A,110.9108,21.6688,茂名市,健康路,,18,9,13,7,11,57,NA,40,40,6,5,6,6,0.5,0.5
2026-08-22T1200,1689A,110.8592,21.6826,茂名市,高岭,,19,14,18,6,10,58,NA,39,39,7,11,5,7,/,/
2026-08-22T1200,1690A,116.1248,24.3307,梅州市,梅江月梅,,26,16,16,14,9,81,NA,29,29,7,8,/,/,/,/
2026-08-22T1200,1691A,116.0798,24.2719,梅州市,梅县新城,,24,23,16,11,11,76,NA,29,29,8,12,11,11,0.4,0.4
2026-08-22T1200,1693A,115.3653,22.7751,汕尾市,市环保局,NA,NA,NA,14,17,12,59,NA,60,60,10,7,6,6,0.6,0.5
2026-08-22T1200,1695A,115.362,22.7926,汕尾市,新城中学,NA,NA,NA,13,6,8,61,NA,67,67,7,7,7,6,0.7,0.7
2026-08-22T1200,1697A,114.6962,23.7538,河源市,东埔,,39,32,20,27,13,103,NA,53,53,11,10,5,6,0.7,0.7
2026-08-22T1200,1698A,114.6895,23.7232,河源市,老城,,46,46,20,23,10,93,NA,50,50,9,10,9,12,0.9,0.8
2026-08-22T1200,1701A,111.9491,21.8658,阳江市,马南垌,,19,14,17,9,11,60,NA,40,40,4,5,5,5,0.5,0.5
2026-08-22T1200,1703A,113.0218,23.7086,清远市,凤城街办,NA,NA,21,26,11,14,112,NA,52,52,NA,15,/,/,/,/
2026-08-22T1200,1708A,116.3701,23.5345,揭阳市,新兴,,37,37,23,18,11,73,NA,47,47,8,10,6,8,0.6,0.6
2026-08-22T1200,1709A,116.3261,23.5442,揭阳市,西马,,31,31,25,12,11,74,NA,49,49,4,6,4,4,0.7,0.7
2026-08-22T1200,1710A,116.361,23.5627,揭阳市,东兴,NA,NA,NA,20,NA,11,79,NA,51,51,5,8,6,6,/,/
2026-08-22T1200,1711A,116.4151,23.5295,揭阳市,渔湖,,33,33,26,16,14,71,NA,46,46,6,12,5,7,/,/
2026-08-22T1200,1714A,112.0281,22.9738,云浮市,牧羊,NA,NA,NA,29,11,10,76,NA,28,28,6,15,5,19,0.5,0.5
2026-08-22T1200,1715A,102.575,24.371,玉溪市,东风水库,,27,27,26,16,12,75,NA,38,38,11,9,8,6,0.6,0.5
2026-08-22T1200,1723A,113.2926,40.0759,大同市,云冈宾馆,,36,35,32,25,18,109,NA,93,84,21,16,12,9,0.6,0.6
2026-08-22T1200,1724A,113.3437,40.0921,大同市,大同大学,,41,41,29,20,18,103,NA,83,82,14,10,6,7,0.8,0.7
2026-08-22T1200,1725A,113.2637,40.129,大同市,安家小村,,46,46,29,22,17,117,NA,89,89,18,11,10,6,0.7,0.6
2026-08-22T1200,1727A,113.1146,36.1547,长治市,清华站,,35,35,27,18,18,110,NA,61,61,6,5,8,8,0.6,0.6
2026-08-22T1200,1730A,113.0887,36.2126,长治市,审计局,,49,NA,28,34,23,110,NA,53,53,10,9,10,10,0.6,0.6
2026-08-22T1200,1731A,113.0845,36.1856,长治市,长治八中,NA,NA,NA,33,NA,20,NA,NA,50,49,NA,10,NA,10,NA,0.8
2026-08-22T1200,1733A,111.5552,36.0791,临汾市,临钢医院,,35,17,44,9,18,112,NA,62,62,6,12,6,7,0.5,0.5
2026-08-22T1200,1734A,111.4984,36.0734,临汾市,技工学校,,37,34,50,22,26,116,NA,68,68,8,13,5,5,0.5,0.6
2026-08-22T1200,1736A,111.5017,36.0857,临汾市,市委,颗粒物(PM10),53,53,62,13,21,117,NA,70,70,5,10,8,8,0.4,0.5
2026-08-22T1200,1739A,113.4894,37.8717,阳泉市,赛鱼,细颗粒物(PM2.5),72,48,52,46,46,114,NA,43,43,14,25,15,10,0.8,0.7
2026-08-22T1200,1740A,113.582,37.8473,阳泉市,南庄,细颗粒物(PM2.5),84,71,65,52,46,129,NA,48,48,17,18,38,24,1.0,1
2026-08-22T1200,1742A,113.5616,37.8706,阳泉市,平坦,细颗粒物(PM2.5),90,66,70,55,49,130,NA,52,52,14,15,28,18,1.1,1
2026-08-22T1200,1743A,113.5115,37.8391,阳泉市,大阳泉,细颗粒物(PM2.5),86,NA,48,53,43,110,NA,64,58,16,16,22,10,1.0,0.8
2026-08-22T1200,1744A,118.9229,42.2816,赤峰市,松山一中,,45,36,25,23,21,142,NA,82,82,6,12,9,11,0.7,0.7
2026-08-22T1200,1745A,118.9588,42.2733,赤峰市,哈达街,,42,38,30,24,22,132,NA,71,71,10,17,11,14,0.7,0.7
2026-08-22T1200,1746A,118.8792,42.2551,赤峰市,天义路,,40,23,18,23,18,127,NA,68,68,8,15,4,11,0.7,0.7
2026-08-22T1200,1748A,123.0441,41.1201,鞍山市,深沟寺,,20,16,23,5,14,61,NA,50,50,5,7,5,5,0.5,0.6
2026-08-22T1200,1749A,123.011,41.0931,鞍山市,太阳城,,20,14,29,8,13,64,NA,44,44,8,8,4,4,0.8,0.8
2026-08-22T1200,1750A,123.0483,41.1445,鞍山市,太平,,19,14,31,6,17,59,NA,47,47,8,13,6,6,0.6,0.8
2026-08-22T1200,1751A,122.964,41.0968,鞍山市,铁西三道街,,20,20,32,9,20,62,NA,48,48,6,11,4,4,0.9,1.1
2026-08-22T1200,1753A,123.0219,41.0822,鞍山市,明达新区,,26,26,24,6,14,62,NA,54,54,6,6,4,4,0.7,0.7
2026-08-22T1200,1755A,123.7974,41.8494,抚顺市,望花区,,31,31,46,7,30,78,NA,50,50,6,18,8,8,0.5,0.8
2026-08-22T1200,1756A,123.9161,41.8827,抚顺市,顺城区,,25,22,40,5,28,78,NA,49,49,4,20,8,10,0.6,0.9
2026-08-22T1200,1757A,124.0437,41.8615,抚顺市,东洲区,,25,20,31,6,22,77,NA,50,50,6,10,9,8,0.3,0.5
2026-08-22T1200,1758A,123.9246,41.8638,抚顺市,新抚区,,26,26,42,7,30,71,NA,41,41,5,20,7,10,0.5,0.8
2026-08-22T1200,1759A,124.0972,41.8961,抚顺市,大伙房水库,,27,23,28,5,22,85,NA,45,45,5,11,10,10,0.5,0.7
2026-08-22T1200,1760A,123.708,41.8386,抚顺市,沈抚新城,,38,38,40,7,25,93,NA,50,50,7,20,6,8,0.7,0.9
2026-08-22T1200,1761A,123.8274146,41.31234549,本溪市,大峪,NA,NA,24,33,12,19,74,NA,38,38,NA,17,4,5,0.5,0.6
2026-08-22T1200,1763A,123.7169,41.3094,本溪市,彩屯,,25,25,34,12,22,66,NA,36,36,7,12,6,6,0.5,0.6
2026-08-22T1200,1764A,123.7672166,41.28649327,本溪市,东明,,35,35,39,16,18,79,NA,49,49,4,11,4,5,0.5,0.7
2026-08-22T1200,1765A,123.799345,41.266614,本溪市,新立屯,,24,22,29,12,14,75,NA,44,44,6,19,7,7,0.5,0.6
2026-08-22T1200,1766A,123.829144,41.336777,本溪市,威宁,,23,23,36,16,21,73,NA,37,37,5,14,5,5,0.4,0.6
2026-08-22T1200,1767A,121.1114,41.0879,锦州市,南山,,22,3,27,3,18,68,NA,61,61,2,13,4,6,0.2,0.3
2026-08-22T1200,1768A,121.060361,40.842794,锦州市,开发区,,25,4,33,2,18,77,NA,62,62,3,17,4,5,0.3,0.4
2026-08-22T1200,1769A,121.1836,41.1118,锦州市,百股街道,,23,NA,26,3,18,72,NA,70,60,2,9,3,14,0.3,0.4
2026-08-22T1200,1770A,121.1176,41.1224,锦州市,天安街道,,22,11,31,4,19,69,NA,76,73,2,11,4,6,0.6,0.7
2026-08-22T1200,1771A,121.1303,41.1385,锦州市,北湖公园,,24,24,35,5,21,72,NA,63,54,2,10,3,5,0.1,0.3
2026-08-22T1200,1772A,126.54,43.8622,吉林市,哈达湾,NA,NA,40,35,17,24,126,NA,69,69,NA,13,7,7,0.5,0.6
2026-08-22T1200,1773A,126.5843,43.8358,吉林市,东局子,,34,24,25,22,26,106,NA,58,58,10,14,5,4,0.6,0.6
2026-08-22T1200,1774A,126.5051,43.8243,吉林市,电力学院,,35,15,34,13,22,112,NA,60,60,2,9,6,6,0.5,0.6
2026-08-22T1200,1775A,126.6133,43.8971,吉林市,江北,,37,30,36,15,22,118,NA,58,58,6,11,3,2,0.4,0.5
2026-08-22T1200,1776A,126.5549,43.8304,吉林市,江南公园,,36,25,35,16,22,114,NA,60,60,3,9,2,3,0.3,0.4
2026-08-22T1200,1779A,123.9307,47.3641,齐齐哈尔市,安居小区,,18,18,16,4,3,32,NA,22,22,4,4,4,4,0.4,0.4
2026-08-22T1200,1780A,123.9497,47.3389,齐齐哈尔市,中心广场,,24,24,16,2,3,28,NA,22,22,11,9,6,6,0.4,0.3
2026-08-22T1200,1781A,123.9483,47.3229,齐齐哈尔市,农牧车辆厂,,31,31,22,12,4,29,NA,25,25,7,6,5,5,0.3,0.3
2026-08-22T1200,1783A,123.9442,47.2994,齐齐哈尔市,市环境监测站,,32,32,16,7,3,25,NA,24,24,9,6,3,4,0.1,0.1
2026-08-22T1200,1784A,129.61,44.561,牡丹江市,环保大楼,,27,NA,18,16,9,85,NA,46,46,4,9,6,6,0.4,0.4
2026-08-22T1200,1787A,129.6364,44.6075,牡丹江市,机车工厂,,29,17,28,12,10,90,NA,46,46,6,11,9,9,0.4,0.4
2026-08-22T1200,1788A,129.6386,44.5462,牡丹江市,第一中学,,26,6,18,5,8,83,NA,42,42,2,8,8,6,0.5,0.4
2026-08-22T1200,1789A,124.8085,46.0381,大庆市,大同区,NA,NA,17,21,NA,11,80,NA,46,46,6,6,6,6,0.8,0.7
2026-08-22T1200,1790A,125.1166,46.5255,大庆市,龙凤区,,24,24,25,14,12,54,NA,32,32,8,7,2,1,0.1,0.1
2026-08-22T1200,1791A,124.8894,46.4007,大庆市,红岗区,,19,19,20,13,9,60,NA,26,26,7,8,7,7,0.4,0.4
2026-08-22T1200,1792A,125.1391,46.578,大庆市,萨尔图区,,41,41,24,10,8,43,NA,26,26,6,6,4,4,0.1,0.1
2026-08-22T1200,1793A,124.9026,46.6217,大庆市,让胡路区,NA,NA,NA,22,NA,9,39,NA,17,17,8,8,4,4,0.1,0.1
2026-08-22T1200,1794A,118.3603,31.3515,芜湖市,监测站,,17,9,17,6,9,54,NA,35,29,9,13,4,5,0.5,0.6
2026-08-22T1200,1795A,118.3716,31.4135,芜湖市,科创中心,,21,9,19,4,10,66,NA,34,34,4,11,4,5,0.3,0.4
2026-08-22T1200,1796A,118.3671,31.3132,芜湖市,四水厂,,18,10,19,10,10,57,NA,41,31,7,11,5,6,0.6,0.7
2026-08-22T1200,1798A,118.5084,31.6838,马鞍山市,湖东路四小,,32,32,23,9,13,76,NA,34,34,5,11,6,6,0.7,0.7
2026-08-22T1200,1799A,118.5019,31.6449,马鞍山市,开发区,,24,16,21,9,12,75,NA,39,39,4,8,6,6,0.6,0.6
2026-08-22T1200,1803A,115.9873,29.6816,九江市,十里,,36,24,23,12,15,114,NA,87,87,7,9,4,4,0.5,0.5
2026-08-22T1200,1804A,115.9583,29.7047,九江市,茅山头,,33,16,22,13,16,103,NA,73,73,9,15,4,4,0.4,0.4
2026-08-22T1200,1805A,115.9877,29.7295,九江市,西园,NA,NA,22,21,NA,15,106,NA,78,78,13,21,NA,3,0.3,0.3
2026-08-22T1200,1808A,115.9112,29.6038,九江市,综合工业园,,37,16,23,10,16,116,NA,80,80,5,13,4,4,0.6,0.6
2026-08-22T1200,1812A,112.3934,34.6517,洛阳市,市委党校,,42,NA,32,29,21,105,NA,67,67,5,12,10,10,0.4,0.5
2026-08-22T1200,1815A,112.494,34.6883,洛阳市,河南林校,NA,NA,40,37,25,22,NA,NA,NA,NA,8,14,10,9,0.3,0.3
2026-08-22T1200,1816A,112.3843,34.623,洛阳市,开发区管委会,,35,23,27,18,20,110,NA,71,71,8,13,13,14,0.5,0.5
2026-08-22T1200,1817A,112.4263,34.6249,洛阳市,市委新办公区,,31,18,26,17,20,99,NA,61,61,4,10,12,12,0.6,0.6
2026-08-22T1200,1819A,114.3552,36.1017,安阳市,红庙街,,46,39,42,26,27,146,NA,84,84,4,9,5,5,0.7,0.7
2026-08-22T1200,1820A,114.361,36.0681,安阳市,银杏小区,,49,44,43,28,27,156,NA,88,88,5,10,3,3,0.7,0.8
2026-08-22T1200,1824A,114.3389,34.778,开封市,肿瘤医院,NA,NA,NA,31,NA,22,96,NA,62,62,4,11,NA,5,NA,0.4
2026-08-22T1200,1826A,114.2884,34.7966,开封市,世纪星幼儿园,,30,25,29,13,22,96,NA,63,63,2,6,3,3,0.4,0.5
2026-08-22T1200,1832A,113.3257,33.7423,平顶山市,新华旅馆,,37,37,30,25,21,101,NA,65,65,9,13,4,4,0.5,0.5
2026-08-22T1200,1833A,113.2917,33.737,平顶山市,规划设计院,,30,30,34,20,18,96,NA,66,66,10,17,8,8,0.5,0.6
2026-08-22T1200,1834A,113.182,33.7738,平顶山市,平顶山工学院,,36,NA,26,25,21,101,NA,65,65,8,12,9,9,0.4,0.4
2026-08-22T1200,1835A,111.1922,34.7752,三门峡市,市政府,,32,30,32,16,21,100,NA,76,76,5,7,4,5,0.3,0.4
2026-08-22T1200,1836A,111.1588,34.794,三门峡市,开发区,,42,29,33,29,23,102,NA,74,74,7,10,8,10,0.5,0.6
2026-08-22T1200,1840A,111.2991,30.6981,宜昌市,白龙岗,,29,19,23,11,16,92,NA,44,44,7,7,6,6,0.5,0.5
2026-08-22T1200,1842A,111.263451,30.696754,宜昌市,点军区,,30,12,21,8,13,93,NA,42,42,16,11,4,4,0.2,0.3
2026-08-22T1200,1843A,111.3276,30.782,宜昌市,夷陵区,,31,19,18,14,11,99,NA,41,41,8,8,5,4,0.3,0.3
2026-08-22T1200,1844A,112.2493,30.3198,荆州市,市图书馆,,28,26,27,15,21,88,NA,66,66,4,9,5,5,0.4,0.5
2026-08-22T1200,1845A,112.2009,30.3543,荆州市,市委党校,,29,28,30,16,19,91,NA,66,66,3,7,5,6,0.5,0.6
2026-08-22T1200,1848A,113.1494,29.425,岳阳市,城陵矶,,43,43,41,13,15,96,NA,68,68,7,7,3,3,0.8,0.7
2026-08-22T1200,1849A,113.1493,29.3575,岳阳市,开发区,,33,30,34,23,21,98,NA,73,73,11,12,6,6,0.7,0.7
2026-08-22T1200,1850A,113.2672,29.4752,岳阳市,云溪区,,40,40,36,23,20,76,NA,58,58,6,7,3,4,0.7,0.6
2026-08-22T1200,1851A,112.9944,29.44,岳阳市,君山区,,41,41,40,12,21,98,NA,66,66,4,7,3,4,0.6,0.6
2026-08-22T1200,1854A,111.696,28.9725,常德市,市二中,,31,29,30,13,19,98,NA,81,81,2,4,7,7,0.7,0.7
2026-08-22T1200,1858A,110.532,29.1219,张家界市,永定新区,,28,27,31,13,23,87,NA,52,52,5,8,/,/,/,/
2026-08-22T1200,1859A,110.4696,29.1244,张家界市,电业局,,27,21,30,14,23,85,NA,43,43,6,9,6,6,0.6,0.6
2026-08-22T1200,1860A,110.5573,29.3486,张家界市,未央路,,29,NA,16,13,20,90,NA,44,44,6,8,11,10,0.4,0.5
2026-08-22T1200,1864A,110.3091,25.2705,桂林市,龙隐路小学,,25,20,26,14,21,79,NA,65,65,4,7,4,5,0.5,0.4
2026-08-22T1200,1865A,110.2849361,25.22909545,桂林市,八中,,38,38,30,14,13,80,NA,69,69,9,11,4,7,0.5,0.5
2026-08-22T1200,1867A,109.1435,21.4085,北海市,海滩公园,颗粒物(PM10),65,71,21,11,5,69,NA,62,62,2,3,2,2,0.5,0.4
2026-08-22T1200,1868A,109.0983,21.466,北海市,新市环保局,,25,14,11,7,5,80,NA,66,66,4,5,1,1,0.5,0.5
2026-08-22T1200,1869A,109.1775,21.5232,北海市,北海工业园,,22,12,13,2,5,68,NA,59,58,2,5,1,2,0.3,0.4
2026-08-22T1200,1870A,109.4854,24.3898,柳州市,柳东小学,,28,NA,25,19,21,53,NA,40,40,6,8,5,6,0.9,0.9
2026-08-22T1200,1871A,109.4109,24.3304,柳州市,环保监测站,,36,NA,33,25,25,56,NA,46,46,8,13,5,11,0.9,0.9
2026-08-22T1200,1872A,109.3886,24.3408,柳州市,河西水厂,NA,NA,29,31,21,19,45,NA,36,36,NA,15,6,8,0.7,0.7
2026-08-22T1200,1873A,109.4263,24.2951,柳州市,市四中,,35,NA,31,24,21,60,NA,45,45,9,10,7,8,0.8,0.7
2026-08-22T1200,1874A,109.396,24.3658,柳州市,市九中,NA,NA,NA,43,NA,25,46,NA,35,35,8,12,NA,14,NA,0.7
2026-08-22T1200,1875A,109.4912,24.3164,柳州市,古亭山,,32,26,25,22,20,53,NA,41,41,9,13,4,4,0.9,0.9
2026-08-22T1200,1877A,109.4962,18.2682,三亚市,河西子站,,26,26,21,10,7,62,NA,51,51,2,3,3,3,0.3,0.3
2026-08-22T1200,1878A,104.7775,31.4741,绵阳市,富乐山,,49,49,42,17,23,118,NA,41,41,6,13,7,6,0.7,0.7
2026-08-22T1200,1880A,104.6698,31.4668,绵阳市,高新区自来水公司,,43,43,44,23,28,119,NA,40,40,11,24,7,8,0.9,0.9
2026-08-22T1200,1883A,104.6204,28.7728,宜宾市,市委,细颗粒物(PM2.5),80,58,41,50,30,105,NA,60,60,13,12,6,8,0.8,0.8
2026-08-22T1200,1884A,104.6056,28.7931,宜宾市,宜宾四中,细颗粒物(PM2.5),64,60,44,42,32,95,NA,53,53,8,10,9,10,1.0,0.9
2026-08-22T1200,1886A,104.5743,28.7199,宜宾市,黄金嘴,细颗粒物(PM2.5),86,67,38,53,27,104,NA,62,62,11,11,14,13,0.7,0.6
2026-08-22T1200,1888A,101.6891,26.571,攀枝花市,弄弄坪,颗粒物(PM10),53,53,45,27,17,99,NA,35,35,17,14,33,14,1.8,1.1
2026-08-22T1200,1889A,101.577,26.5914,攀枝花市,河门口,,39,39,27,18,15,94,NA,34,34,9,10,13,8,1.3,0.9
2026-08-22T1200,1891A,101.7365,26.4986,攀枝花市,仁和,细颗粒物(PM2.5),62,43,24,41,17,86,NA,26,26,11,10,12,7,1.3,1.4
2026-08-22T1200,1894A,105.4427,28.9063,泸州市,小市上码头,细颗粒物(PM2.5),84,78,114,52,78,138,NA,58,58,12,12,8,8,0.5,0.5
2026-08-22T1200,1895A,105.4241,28.8573,泸州市,兰田宪桥,颗粒物(PM10),55,57,73,31,41,124,NA,51,51,9,14,6,6,0.7,0.7
2026-08-22T1200,1896A,105.4378,28.8833,泸州市,市环监站,颗粒物(PM10),55,57,71,18,23,137,NA,60,60,15,13,6,6,0.8,0.8
2026-08-22T1200,1901A,104.424,31.1209,德阳市,东山公园,,46,44,30,32,34,89,NA,42,42,4,12,12,14,1.1,1.1
2026-08-22T1200,1902A,104.3827,31.1318,德阳市,西小区,"颗粒物(PM10),细颗粒物(PM2.5)",60,64,46,40,43,99,NA,33,33,16,28,19,20,1.0,1
2026-08-22T1200,1904A,104.3553,31.1091,德阳市,耐火材料厂,细颗粒物(PM2.5),56,56,47,38,42,106,NA,30,30,17,20,12,10,1.1,1.1
2026-08-22T1200,1906A,106.0791,30.8022,南充市,南充市委,,35,35,29,22,18,110,NA,35,35,10,13,11,6,0.4,0.4
2026-08-22T1200,1907A,106.1038,30.8215,南充市,南充炼油厂,,35,31,33,19,24,109,NA,37,37,6,16,19,8,0.5,0.6
2026-08-22T1200,1911A,106.9218,27.6872,遵义市,丁字口,,28,NA,27,19,19,77,NA,30,30,8,12,6,7,0.6,0.7
2026-08-22T1200,1912A,106.9241,27.7044,遵义市,凤凰山,,28,21,22,18,20,88,NA,41,41,4,8,5,5,0.7,0.7
2026-08-22T1200,1913A,106.8895,27.648,遵义市,忠庄,,29,29,27,20,19,92,NA,40,40,8,10,3,2,0.7,0.7
2026-08-22T1200,1915A,106.9225,27.7253,遵义市,干田坝,,29,NA,29,20,20,69,NA,31,31,8,12,4,5,0.7,0.8
2026-08-22T1200,1916A,103.7897,25.5036,曲靖市,环境监测站,,32,26,26,20,16,102,NA,53,53,8,13,3,4,0.6,0.6
2026-08-22T1200,1917A,103.8013,25.5357,曲靖市,烟厂办公区,,32,16,25,14,15,100,NA,53,53,6,10,6,5,0.6,0.6
2026-08-22T1200,1919A,108.6726,34.315,咸阳市,实验中学,NA,NA,53,37,21,25,130,NA,89,89,NA,7,8,8,0.4,0.4
2026-08-22T1200,1920A,108.7226,34.3622,咸阳市,师范学院,,41,41,41,26,28,123,NA,85,85,8,9,9,8,0.8,0.8
2026-08-22T1200,1923A,109.0696,35.0699,铜川市,王益区政府,,30,28,31,18,25,93,NA,74,74,4,7,4,4,0.5,0.5
2026-08-22T1200,1924A,108.9345,34.9059,铜川市,新区管委会,,39,34,37,27,27,101,NA,69,69,9,14,6,8,0.7,0.7
2026-08-22T1200,1927A,109.4569,36.6161,延安市,延大医附院,,39,39,36,18,24,70,NA,25,25,4,12,3,2,0.6,0.6
2026-08-22T1200,1929A,109.5053,36.6105,延安市,百米大道,,42,42,55,15,28,83,NA,31,31,4,13,1,2,0.7,0.8
2026-08-22T1200,1931A,107.0802,34.3129,宝鸡市,竹园沟,细颗粒物(PM2.5),70,60,37,45,29,74,NA,37,37,14,9,5,4,0.6,0.6
2026-08-22T1200,1933A,107.1429,34.3549,宝鸡市,监测站,颗粒物(PM10),59,62,43,39,29,90,NA,55,55,13,12,4,3,0.4,0.4
2026-08-22T1200,1934A,107.1172,34.3759,宝鸡市,技工学校,细颗粒物(PM2.5),64,58,42,42,30,89,NA,52,52,11,9,7,7,0.7,0.7
2026-08-22T1200,1936A,107.2025,34.3518,宝鸡市,文理学院,细颗粒物(PM2.5),62,54,43,41,31,95,NA,62,62,12,13,6,5,0.6,0.6
2026-08-22T1200,1937A,107.2396,34.3626,宝鸡市,三迪小学,细颗粒物(PM2.5),60,52,43,40,30,88,NA,61,61,14,15,6,4,0.7,0.7
2026-08-22T1200,1940A,109.4605,34.4927,渭南市,体育馆,,39,39,37,19,24,110,NA,76,76,4,6,5,5,0.4,0.4
2026-08-22T1200,1941A,109.4257,34.5067,渭南市,高新一小,,50,50,41,17,24,111,NA,75,75,1,4,5,4,0.5,0.5
2026-08-22T1200,1944A,102.1691,38.5166,金昌市,天庆家园,颗粒物(PM10),63,68,62,12,18,94,NA,114,106,12,7,16,9,0.1,0.1
2026-08-22T1200,1945A,98.291,39.7705,嘉峪关市,气象局,颗粒物(PM10),98,117,36,27,14,113,NA,94,88,15,13,37,25,1.1,0.8
2026-08-22T1200,1948A,106.3668,39.0145,石嘴山市,大武口朝阳西街,,40,36,43,28,21,120,NA,83,83,10,17,6,10,0.5,0.6
2026-08-22T1200,1949A,106.7713,39.2278,石嘴山市,惠农南大街,颗粒物(PM10),53,54,35,30,18,105,NA,71,71,22,14,13,12,1.1,0.6
2026-08-22T1200,1950A,106.7074,39.1332,石嘴山市,红果子镇惠新街,颗粒物(PM10),65,70,41,42,18,106,NA,73,73,23,19,21,15,1.1,0.6
2026-08-22T1200,1951A,84.886,45.6029,克拉玛依市,长征新村,,29,9,20,4,10,90,NA,85,85,4,9,4,3,0.3,0.3
2026-08-22T1200,1952A,84.8894,45.5827,克拉玛依市,南林小区,,29,15,23,0,4,90,NA,86,86,2,9,3,3,0.2,0.2
2026-08-22T1200,1954A,84.896,44.3328,克拉玛依市,独山子区,,39,39,39,1,7,103,NA,63,63,6,8,8,8,0.3,0.3
2026-08-22T1200,1955A,85.6888,46.0909,克拉玛依市,乌尔禾区商贸楼,,32,32,33,3,10,85,NA,72,67,7,7,6,5,0.3,0.3
2026-08-22T1200,1956A,86.1476,41.7529,巴音郭楞蒙古自治州,孔雀公园,,34,22,36,3,6,106,NA,108,108,4,6,7,8,0.2,0.2
2026-08-22T1200,1957A,86.1971,41.7166,巴音郭楞蒙古自治州,棉纺厂,,39,39,42,2,8,99,NA,99,96,9,10,/,/,/,/
2026-08-22T1200,1958A,86.236,41.7172,巴音郭楞蒙古自治州,经济开发区,,32,28,28,2,7,101,NA,104,100,5,4,7,6,0.2,0.2
2026-08-22T1200,1961A,117.5323,36.6865,济南市,东山小学,NA,NA,42,29,13,10,113,NA,43,43,15,18,NA,6,0.6,0.4
2026-08-22T1200,1982A,122.0693,37.2175,威海市,文登开发区,NA,NA,2,3,0,1,50,NA,38,38,NA,6,/,/,/,/
2026-08-22T1200,2031A,113.1836,27.9959,株洲市,云田中学,,38,27,30,21,21,119,NA,52,52,6,9,9,9,0.3,0.4
2026-08-22T1200,2054A,114.1096,32.1059,信阳市,平桥分局,,25,17,22,12,15,78,NA,45,45,4,7,6,6,0.6,0.6
2026-08-22T1200,2064A,113.9956,32.1272,信阳市,南湾水厂,,22,13,27,6,15,69,NA,40,40,4,7,6,6,0.6,0.6
2026-08-22T1200,2065A,114.078,32.1194,信阳市,市酿酒公司,,28,28,26,14,15,73,NA,40,40,4,7,5,5,0.4,0.5
2026-08-22T1200,2066A,114.0712,32.1393,信阳市,审计局,,33,33,32,11,15,81,NA,43,43,4,8,7,7,0.5,0.5
2026-08-22T1200,2068A,114.6755,33.6347,周口市,周口师范,,21,16,20,2,9,65,NA,34,34,3,6,3,3,0.5,0.5
2026-08-22T1200,2160A,112.8496,35.5051,晋城市,自来水公司,,34,17,28,11,9,106,NA,55,55,6,15,5,5,0.5,0.6
2026-08-22T1200,2162A,112.8509,35.4886,晋城市,市环保局,,32,NA,30,18,13,100,NA,55,55,3,8,2,3,0.4,0.5
2026-08-22T1200,2166A,112.4399,39.3521,朔州市,平朔,,40,30,35,20,18,127,NA,87,87,6,8,6,8,0.2,0.2
2026-08-22T1200,2167A,112.4574,39.362,朔州市,朔唯,,41,37,36,20,17,131,NA,90,90,1,6,5,11,/,/
2026-08-22T1200,2168A,112.426,39.3199,朔州市,区政府,,39,34,37,20,17,123,NA,90,90,10,11,10,10,0.4,0.4
2026-08-22T1200,2169A,112.4075,39.3277,朔州市,市环保局,,39,35,31,16,19,122,NA,92,92,8,9,4,5,/,/
2026-08-22T1200,2170A,112.4273,39.3682,朔州市,市二中,,40,34,39,15,17,126,NA,83,83,8,13,4,7,/,/
2026-08-22T1200,2174A,112.6992,37.6984,晋中市,榆次区政府,细颗粒物(PM2.5),58,48,42,39,35,138,NA,76,76,3,5,16,12,0.6,0.4
2026-08-22T1200,2175A,110.996,35.0148,运城市,运城中学,,32,24,30,19,18,100,NA,100,97,4,5,3,4,0.4,0.5
2026-08-22T1200,2178A,110.9685,35.0305,运城市,地区技校,,33,23,28,20,17,103,NA,98,96,3,5,3,3,0.6,0.6
2026-08-22T1200,2181A,112.7313,38.457,忻州市,开发区,细颗粒物(PM2.5),76,51,45,48,34,119,NA,73,73,12,12,8,5,0.8,0.7
2026-08-22T1200,2182A,112.7023,38.4932,忻州市,会展中心,细颗粒物(PM2.5),66,55,45,43,35,124,NA,75,75,7,10,6,5,0.9,0.8
2026-08-22T1200,2183A,111.1447,37.5212,吕梁市,环保局,,35,26,45,9,25,109,NA,54,54,3,19,7,8,0.4,0.5
2026-08-22T1200,2185A,111.1285,37.5338,吕梁市,自来水公司,,34,27,51,12,27,108,NA,46,46,5,16,6,6,0.5,0.7
2026-08-22T1200,2187A,106.8172,39.6972,乌海市,市林业局,,44,44,43,27,19,68,NA,78,66,16,15,16,10,0.9,0.6
2026-08-22T1200,2188A,106.7907,39.6666,乌海市,中海勃湾学校,,36,32,39,25,19,76,NA,81,76,10,16,10,12,0.5,0.6
2026-08-22T1200,2191A,122.253,43.6801,通辽市,艺术职业学校,,36,26,44,19,34,114,NA,102,102,6,10,6,7,0.5,0.7
2026-08-22T1200,2195A,107.4206,40.7609,巴彦淖尔市,附二中,,26,24,38,12,18,83,NA,81,81,8,9,8,10,0.5,0.6
2026-08-22T1200,2196A,107.37,40.7372,巴彦淖尔市,市环保大楼,,39,39,49,11,18,82,NA,80,80,8,8,12,13,0.7,0.8
2026-08-22T1200,2197A,113.1306,40.9924,乌兰察布市,集宁新区,,38,15,31,7,20,121,NA,77,77,6,10,7,7,0.3,0.4
2026-08-22T1200,2202A,116.1048,43.9318,锡林郭勒盟,市环保监测站,,38,30,20,11,8,121,NA,88,88,4,6,3,4,0.4,0.3
2026-08-22T1200,2203A,116.0778,43.9312,锡林郭勒盟,市政府,,39,13,14,6,9,124,NA,89,89,4,5,4,5,0.3,0.2
2026-08-22T1200,2205A,105.699,38.8409,阿拉善盟,蒙二幼,,38,35,46,13,14,121,NA,111,111,4,5,8,9,0.5,0.5
2026-08-22T1200,2206A,105.7198,38.8508,阿拉善盟,环保局新楼,,38,37,34,16,11,121,NA,121,120,4,4,10,10,0.5,0.5
2026-08-22T1200,2207A,121.6095,41.9978,阜新市,工业园区,,28,15,38,0,19,88,NA,64,64,2,13,2,8,0.5,0.6
2026-08-22T1200,2208A,121.6567,42.0188,阜新市,长青街,,26,14,29,0,14,83,NA,72,72,5,13,5,8,0.3,0.5
2026-08-22T1200,2209A,121.6672,42.07,阜新市,农业园区,,27,19,31,1,15,86,NA,84,79,6,10,2,4,0.6,0.7
2026-08-22T1200,2211A,121.6343,42.0455,阜新市,玉龙新城,,28,17,37,0,16,89,NA,59,59,6,18,4,6,0.3,0.5
2026-08-22T1200,2212A,123.1978,41.2036,辽阳市,宏伟区,,20,NA,28,3,16,61,NA,53,53,3,6,4,5,0.3,0.5
2026-08-22T1200,2213A,123.1684,41.2497,辽阳市,新华园,NA,NA,6,32,NA,NA,72,NA,55,55,4,13,1,4,0.3,0.5
2026-08-22T1200,2214A,123.2355,41.2663,辽阳市,滨河路,,18,16,29,4,18,57,NA,46,46,4,13,6,6,0.6,0.8
2026-08-22T1200,2217A,123.865,42.292,铁岭市,水上乐园,,32,21,37,5,22,102,NA,69,69,8,17,9,9,0.3,0.4
2026-08-22T1200,2219A,123.7158,42.2218,铁岭市,金沙江路北,,35,34,40,9,28,109,NA,68,68,6,18,3,3,0.5,0.6
2026-08-22T1200,2220A,120.4318,41.588,朝阳市,西梁,,27,17,33,9,21,84,NA,86,77,3,6,7,7,0.5,0.7
2026-08-22T1200,2221A,120.452,41.565,朝阳市,河畔小区,NA,NA,17,30,7,20,87,NA,101,86,4,5,11,12,NA,0.6
2026-08-22T1200,2222A,120.4176,41.5648,朝阳市,八里堡,,29,22,36,13,22,90,NA,87,81,3,6,12,12,0.7,0.9
2026-08-22T1200,2226A,124.3744,43.1842,四平市,境园,,39,23,42,17,30,123,NA,86,86,3,14,6,4,0.6,0.6
2026-08-22T1200,2227A,125.1359,42.8845,辽源市,环保局,,34,18,28,8,15,108,NA,51,51,9,17,5,5,0.6,0.7
2026-08-22T1200,2229A,125.9359,41.7174,通化市,光明,,30,27,24,9,13,96,NA,37,37,5,8,9,9,0.4,0.6
2026-08-22T1200,2230A,125.9446,41.7323,通化市,铁路,,31,25,24,7,12,99,NA,40,40,5,11,5,5,0.6,0.7
2026-08-22T1200,2231A,126.4219,41.9172,白山市,喜丰,,29,22,35,5,12,92,NA,39,39,5,14,8,7,0.7,0.8
2026-08-22T1200,2232A,126.4082,41.9416,白山市,环保局,,31,23,23,6,12,98,NA,42,42,4,7,14,13,0.6,0.6
2026-08-22T1200,2233A,124.8007,45.1213,松原市,江南,NA,NA,NA,38,NA,26,NA,NA,122,NA,NA,13,NA,1,NA,0.4
2026-08-22T1200,2234A,124.7967,45.1721,松原市,江北,,25,21,29,5,19,80,NA,51,51,4,7,2,2,0.6,0.5
2026-08-22T1200,2235A,122.7909,45.608,白城市,洮北区环保局,,14,14,20,6,10,19,NA,31,24,8,6,4,4,0.4,0.4
2026-08-22T1200,2236A,122.8741,45.5725,白城市,市环保局,,14,14,11,4,9,18,NA,25,22,8,8,4,3,0.4,0.5
2026-08-22T1200,2237A,129.4704,42.8885,延边朝鲜族自治州,妇幼医院,,23,20,21,10,14,72,NA,40,40,4,7,6,6,0.4,0.5
2026-08-22T1200,2238A,129.5047,42.9117,延边朝鲜族自治州,延边医院,,22,17,17,12,13,68,NA,40,40,3,7,4,3,0.5,0.6
2026-08-22T1200,2239A,129.395,42.8884,延边朝鲜族自治州,朝阳川镇医院,,24,20,20,13,10,74,NA,40,40,17,16,8,7,0.3,0.3
2026-08-22T1200,2240A,130.9618,45.2926,鸡西市,环保局,,36,36,29,19,14,104,NA,51,51,10,15,2,3,0.3,0.3
2026-08-22T1200,2243A,130.9294,45.2959,鸡西市,第一中学,颗粒物(PM10),60,63,30,13,10,100,NA,48,48,8,15,4,4,0.4,0.3
2026-08-22T1200,2244A,130.2537,47.3416,鹤岗市,哈啤分公司,,31,15,18,4,5,98,NA,68,68,6,4,6,6,0.0,0
2026-08-22T1200,2245A,130.2683,47.3087,鹤岗市,斯达机电,,30,13,25,2,7,93,NA,66,66,5,7,3,4,0.2,0.3
2026-08-22T1200,2246A,130.3114,47.3388,鹤岗市,东山纸板厂,,30,16,21,6,7,96,NA,67,67,8,9,5,5,0.2,0.2
2026-08-22T1200,2248A,131.1509,46.6936,双鸭山市,双合村,,27,17,16,2,10,85,NA,54,54,7,10,8,8,0.2,0.3
2026-08-22T1200,2249A,131.1651,46.6191,双鸭山市,南小市,,36,36,18,8,10,94,NA,62,62,6,10,7,6,1.1,1
2026-08-22T1200,2250A,131.1526,46.6554,双鸭山市,环保局,,27,12,23,9,14,84,NA,53,53,8,12,9,9,0.5,0.5
2026-08-22T1200,2252A,128.8663,47.7199,伊春市,环保局,,18,14,16,2,8,57,NA,36,36,7,7,2,2,0.5,0.4
2026-08-22T1200,2253A,128.9014,47.732,伊春市,电力嘉园,,21,12,22,12,9,67,NA,42,42,3,6,2,2,1.1,1
2026-08-22T1200,2255A,130.2749,46.8028,佳木斯市,佳纺,,25,11,24,2,6,79,NA,48,48,4,8,2,2,0.3,0.3
2026-08-22T1200,2257A,130.3258,46.7975,佳木斯市,环保局,,26,20,20,4,7,82,NA,56,56,9,10,4,4,0.4,0.4
2026-08-22T1200,2263A,127.4832,50.2524,黑河市,交通局,,32,32,23,13,14,41,NA,28,28,11,7,8,7,0.2,0.3
2026-08-22T1200,2264A,127.5146,50.2339,黑河市,环保局,,23,22,22,16,14,42,NA,29,29,9,9,5,6,0.5,0.5
2026-08-22T1200,2266A,126.9783,46.6365,绥化市,人和东街,,24,24,17,10,11,62,NA,46,44,9,9,11,11,0.4,0.4
2026-08-22T1200,2267A,126.964,46.6527,绥化市,党政办公中心,,22,17,17,3,10,68,NA,48,48,7,12,8,7,0.2,0.2
2026-08-22T1200,2269A,124.1068,50.4091,大兴安岭地区,科技局,,21,21,27,5,16,20,NA,13,13,2,4,3,4,0.2,0.2
2026-08-22T1200,2270A,117.396,32.9389,蚌埠市,工人疗养院,,19,17,20,5,7,58,NA,37,37,2,3,5,5,0.3,0.4
2026-08-22T1200,2271A,117.3606,32.9428,蚌埠市,百货大楼,,19,17,13,2,7,58,NA,36,36,4,8,9,9,0.4,0.5
2026-08-22T1200,2273A,117.4183,32.8909,蚌埠市,蚌埠学院,,17,9,15,2,9,53,NA,29,29,4,13,5,5,0.3,0.3
2026-08-22T1200,2274A,117.3534,32.9672,蚌埠市,淮上区政府,,22,22,15,4,6,57,NA,32,32,2,5,4,4,0.4,0.4
2026-08-22T1200,2275A,117.3143,32.8977,蚌埠市,高新区,,18,9,11,5,7,57,NA,37,37,4,6,9,9,0.3,0.4
2026-08-22T1200,2277A,116.8304,32.7726,淮南市,潘集区政府,,24,9,16,4,9,75,NA,37,37,1,7,5,5,0.3,0.3
2026-08-22T1200,2279A,116.8569,32.5949,淮南市,谢家集区政府,,23,20,14,4,9,73,NA,40,40,3,7,8,8,0.2,0.3
2026-08-22T1200,2280A,116.8279,32.6333,淮南市,八公山区政府,,23,15,14,4,9,71,NA,37,37,6,8,6,7,0.1,0.1
2026-08-22T1200,2282A,116.8005,33.9749,淮北市,监测站,,22,21,16,7,8,69,NA,40,40,2,5,4,4,0.3,0.3
2026-08-22T1200,2283A,116.8094,33.9008,淮北市,烈山区政府,,22,15,10,2,3,70,NA,42,42,2,3,4,4,0.3,0.3
2026-08-22T1200,2285A,117.8176,30.9412,铜陵市,市第四中学,,32,32,30,12,12,56,NA,35,35,15,19,9,10,0.4,0.6
2026-08-22T1200,2287A,117.7806,30.9413,铜陵市,市新民污水厂,,15,15,27,10,14,46,NA,22,22,12,24,8,10,0.5,0.7
2026-08-22T1200,2289A,117.846,30.9414,铜陵市,车站新区,,33,33,32,11,12,49,NA,31,31,20,18,8,9,0.5,0.7
2026-08-22T1200,2290A,117.8472,30.9699,铜陵市,市职教基地,,14,NA,22,8,10,44,NA,27,27,19,16,9,9,0.6,0.7
2026-08-22T1200,2291A,117.0806,30.5181,安庆市,环科院,,31,26,19,12,12,98,NA,68,68,4,5,5,5,0.6,0.6
2026-08-22T1200,2292A,117.0331,30.5118,安庆市,马山宾馆,,30,22,19,13,13,94,NA,67,67,5,6,4,4,0.8,0.6
2026-08-22T1200,2294A,116.9897,30.6146,安庆市,安庆大学,,29,20,17,12,13,92,NA,67,67,4,6,4,3,0.5,0.1
2026-08-22T1200,2295A,118.2905,29.6965,黄山市,延安路89号,,24,10,13,2,5,74,NA,40,40,1,3,3,3,0.4,0.5
2026-08-22T1200,2297A,118.1369,30.2755,黄山市,黄山区政府5号楼,,24,24,16,9,7,65,NA,36,36,4,3,4,3,0.5,0.5
2026-08-22T1200,2301A,115.8276,32.8929,阜阳市,市监测站,,39,39,32,14,9,60,NA,28,28,11,14,7,7,0.5,0.5
2026-08-22T1200,2303A,115.8551,32.8606,阜阳市,开发区,,23,23,22,10,8,59,NA,27,27,7,11,5,5,0.3,0.1
2026-08-22T1200,2307A,116.5078,31.7369,六安市,监测大楼,,25,15,11,11,13,77,NA,45,45,1,4,4,4,0.5,0.4
2026-08-22T1200,2308A,116.4738,31.7642,六安市,皖西学院,,26,20,14,12,12,81,NA,45,45,2,5,7,7,0.6,0.6
2026-08-22T1200,2309A,116.4997,31.7904,六安市,朝阳厂,,20,13,9,10,11,64,NA,34,34,5,8,2,2,0.4,0.3
2026-08-22T1200,2310A,116.5566,31.7885,六安市,开发区,,25,18,9,9,10,80,NA,44,44,2,6,6,6,0.2,0.2
2026-08-22T1200,2311A,115.8071,33.8399,亳州市,污水处理厂,,20,15,20,1,9,62,NA,29,29,4,8,3,4,0.5,0.5
2026-08-22T1200,2312A,115.7789,33.8519,亳州市,三国揽胜宫,,20,20,21,2,8,60,NA,33,33,3,7,4,5,0.5,0.5
2026-08-22T1200,2314A,117.4698,30.6617,池州市,池州学院,,27,24,23,13,11,86,NA,45,45,11,17,6,7,0.5,0.5
2026-08-22T1200,2316A,118.7578,30.9457,宣城市,鳌峰子站,,24,16,13,9,6,75,NA,38,38,1,5,5,5,0.4,0.4
2026-08-22T1200,2317A,118.7384,30.9745,宣城市,敬亭山子站,,25,25,16,13,9,70,NA,35,35,4,7,10,9,0.1,0.1
2026-08-22T1200,2318A,118.7172,30.9428,宣城市,开发区子站,,16,15,14,10,8,51,NA,37,36,3,4,8,8,0.1,0.1
2026-08-22T1200,2319A,119.0142,25.4324,莆田市,荔城区仓后路,,33,24,12,20,5,103,NA,55,55,7,8,/,/,/,/
2026-08-22T1200,2320A,119.0016,25.4553,莆田市,莆田市监测站,,36,28,13,4,2,114,NA,57,57,4,3,5,4,0.5,0.5
2026-08-22T1200,2321A,119.112,25.4561,莆田市,涵江区六中,,37,31,15,19,5,118,NA,56,56,6,7,/,/,0.5,0.5
2026-08-22T1200,2322A,119.1014,25.3215,莆田市,秀屿区政府,,32,25,18,12,8,102,NA,58,58,3,7,7,6,0.3,0.4
2026-08-22T1200,2324A,117.621,26.2626,三明市,三钢,,27,26,15,17,13,86,NA,32,32,8,10,10,7,0.9,0.8
2026-08-22T1200,2325A,117.6352,26.2714,三明市,三明二中,颗粒物(PM10),51,51,16,21,10,92,NA,33,33,9,9,10,9,0.7,0.5
2026-08-22T1200,2326A,117.6028,26.2377,三明市,三元区政府,,29,29,18,15,10,92,NA,31,31,10,9,14,9,1.3,0.5
2026-08-22T1200,2332A,118.1682,26.6371,南平市,南平市监测站,,23,18,13,7,8,73,NA,38,38,4,5,9,7,0.5,0.4
2026-08-22T1200,2334A,118.1757,26.6276,南平市,南平七中,,29,29,14,11,7,73,NA,37,37,3,4,9,5,0.5,0.5
2026-08-22T1200,2336A,117.022,25.1031,龙岩市,龙岩市监测站,,28,26,20,12,10,88,NA,36,36,4,11,4,4,0.1,0.2
2026-08-22T1200,2337A,117.0257,25.0662,龙岩市,闽西职业技术学院,,27,16,21,10,8,86,NA,32,32,2,6,5,5,0.5,0.5
2026-08-22T1200,2338A,117.0195,25.0306,龙岩市,龙岩学院,,27,20,20,8,8,84,NA,31,31,3,7,3,2,/,/
2026-08-22T1200,2341A,119.5387,26.6611,宁德市,宁德市监测站,,31,27,18,15,6,98,NA,44,44,9,9,6,4,0.5,0.4
2026-08-22T1200,2343A,117.2114,29.2931,景德镇市,老干部活动中心,,23,9,10,7,5,73,NA,44,44,3,7,3,3,0.5,0.6
2026-08-22T1200,2344A,117.1893,29.2789,景德镇市,兽医站,,23,19,21,7,3,72,NA,42,42,2,4,4,4,0.7,0.6
2026-08-22T1200,2346A,117.246,29.2958,景德镇市,陶研所,,22,9,12,7,4,69,NA,33,33,2,6,3,3,0.5,0.5
2026-08-22T1200,2348A,113.8384,27.6436,萍乡市,中医院,,34,34,25,14,11,89,NA,41,41,6,14,7,7,0.6,0.7
2026-08-22T1200,2350A,113.8677,27.6438,萍乡市,市环保局,,30,23,19,19,16,93,NA,49,49,3,8,10,13,0.3,0.4
2026-08-22T1200,2351A,113.8663,27.6202,萍乡市,安源区政府,,30,21,24,13,15,94,NA,41,41,4,8,7,6,0.6,0.8
2026-08-22T1200,2353A,114.9887,27.8433,新余市,飞宇,NA,NA,34,27,16,14,109,NA,58,58,8,11,NA,3,0.5,0.4
2026-08-22T1200,2354A,114.9234,27.8248,新余市,第二水厂,,37,36,27,22,12,117,NA,74,74,7,9,3,4,0.7,0.7
2026-08-22T1200,2355A,114.931,27.8037,新余市,市气象局,,36,28,32,19,15,113,NA,66,66,7,12,3,1,0.7,0.7
2026-08-22T1200,2358A,117.0561,28.2641,鹰潭市,新监测站,,47,47,24,18,9,101,NA,48,48,2,6,24,8,0.5,0.4
2026-08-22T1200,2359A,117.0312,28.2474,鹰潭市,财苑宾馆,,33,30,24,16,7,104,NA,49,49,3,8,14,5,/,/
2026-08-22T1200,2360A,117.0221,28.2263,鹰潭市,体育馆,,32,28,23,20,8,101,NA,45,45,2,7,12,6,0.5,0.5
2026-08-22T1200,2363A,114.9368,25.8663,赣州市,地委,,25,25,24,13,8,79,NA,42,42,2,4,3,3,0.6,0.6
2026-08-22T1200,2364A,114.946,25.8483,赣州市,气象台,,25,22,19,16,8,79,NA,38,38,4,7,5,5,0.4,0.5
2026-08-22T1200,2365A,114.932,25.8332,赣州市,市图书馆,,27,24,17,8,6,84,NA,46,46,3,6,4,4,0.5,0.5
2026-08-22T1200,2366A,114.8905,25.8472,赣州市,华坚鞋城,,32,32,24,17,10,80,NA,39,39,7,9,2,2,0.6,0.6
2026-08-22T1200,2367A,114.9753,27.0803,吉安市,红声器材厂,颗粒物(PM10),59,62,33,32,14,111,NA,54,54,9,8,10,9,0.5,0.4
2026-08-22T1200,2369A,114.9903,27.1313,吉安市,市环境监测站,,39,39,27,26,13,100,NA,56,56,8,7,16,16,/,/
2026-08-22T1200,2370A,115.009527,27.096792,吉安市,青原区法院,,47,47,28,24,10,111,NA,58,58,10,9,10,9,0.4,0.3
2026-08-22T1200,2373A,114.3954,27.7843,宜春市,市石油公司,,40,29,26,8,12,125,NA,65,65,4,8,5,6,0.7,0.7
2026-08-22T1200,2374A,114.37,27.7916,宜春市,市气象局,,30,30,27,16,11,94,NA,47,47,5,9,1,2,0.5,0.4
2026-08-22T1200,2375A,114.401,27.8059,宜春市,市广电局,,33,23,21,16,14,103,NA,51,51,6,9,2,2,0.4,0.4
2026-08-22T1200,2377A,116.3544,27.9833,抚州市,市站,,30,30,30,16,16,87,NA,53,53,2,4,6,5,0.6,0.6
2026-08-22T1200,2378A,116.3562,27.9631,抚州市,血防站,,31,31,32,6,11,80,NA,40,40,5,7,8,8,0.6,0.6
2026-08-22T1200,2379A,116.3561,28.0007,抚州市,采茶剧团,,32,25,31,21,16,102,NA,51,51,4,6,12,14,0.7,0.7
2026-08-22T1200,2380A,116.3854,27.9648,抚州市,医学分院,,31,31,26,7,12,91,NA,44,44,4,6,5,4,0.7,0.7
2026-08-22T1200,2382A,117.9758,28.4439,上饶市,市监测站,,27,21,20,9,7,85,NA,63,63,2,5,2,4,/,/
2026-08-22T1200,2383A,117.9521,28.4637,上饶市,凤凰光学,,28,14,16,7,6,89,NA,65,65,3,4,4,5,0.2,0.2
2026-08-22T1200,2385A,114.17,35.9019,鹤壁市,市监测站,,50,45,45,35,34,138,NA,90,90,3,5,3,4,0.8,0.9
2026-08-22T1200,2386A,114.2953,35.7512,鹤壁市,市交警支队,,44,38,37,25,23,138,NA,80,80,7,13,3,3,0.7,0.7
2026-08-22T1200,2387A,114.2877,35.7302,鹤壁市,迎宾馆,,44,43,45,30,27,139,NA,84,84,6,8,4,4,0.8,0.8
2026-08-22T1200,2389A,113.836,35.3104,新乡市,环保西院,,42,35,38,15,17,134,NA,85,85,4,8,9,8,0.9,0.8
2026-08-22T1200,2390A,113.8847,35.2724,新乡市,开发区,,39,31,29,20,19,123,NA,87,87,5,9,8,8,0.7,0.6
2026-08-22T1200,2391A,113.8836,35.3028,新乡市,环保东院,,44,44,40,27,21,137,NA,90,90,5,9,8,7,0.6,0.5
2026-08-22T1200,2392A,115.0312,35.7636,濮阳市,环保局,,37,35,32,23,20,116,NA,69,69,7,11,6,7,0.6,0.6
2026-08-22T1200,2398A,113.7904,33.9949,许昌市,开发区,,33,NA,33,23,19,103,NA,61,61,4,13,4,4,0.4,0.5
2026-08-22T1200,2399A,114.051,33.5721,漯河市,三五一五工厂,,29,15,26,10,16,90,NA,49,49,6,12,6,6,0.3,0.3
2026-08-22T1200,2400A,114.0055,33.5698,漯河市,漯河大学,,29,28,27,13,18,92,NA,53,53,5,9,6,6,0.5,0.5
2026-08-22T1200,2401A,114.0134,33.5826,漯河市,市水利局,,29,24,20,11,16,92,NA,50,50,7,11,7,7,0.5,0.5
2026-08-22T1200,2402A,114.0261,33.5697,漯河市,市广电局,,30,22,18,16,17,94,NA,54,54,3,8,5,5,0.4,0.5
2026-08-22T1200,2404A,112.5338,33.0086,南阳市,瓦房庄,,33,33,30,20,13,94,NA,62,62,3,5,6,6,0.4,0.4
2026-08-22T1200,2405A,112.5002,32.9734,南阳市,汉画馆,,34,34,28,14,12,96,NA,66,66,4,5,7,7,0.7,0.7
2026-08-22T1200,2406A,112.5778,33.0144,南阳市,气象站,,33,33,26,18,13,98,NA,62,62,1,4,8,8,0.3,0.3
2026-08-22T1200,2407A,112.548,32.9687,南阳市,理工学院,,33,33,25,19,15,99,NA,69,69,4,6,8,8,0.6,0.6
2026-08-22T1200,2408A,115.6701,34.4283,商丘市,环境监测站,,21,NA,23,14,14,65,NA,34,34,4,8,3,5,0.3,0.3
2026-08-22T1200,2409A,115.6458,34.4047,商丘市,粮食局,,21,13,20,1,10,66,NA,36,36,1,5,4,5,0.3,0.3
2026-08-22T1200,2420A,114.0194,32.9648,驻马店市,市一纸厂,,28,NA,17,16,14,89,NA,53,53,4,11,4,5,0.4,0.3
2026-08-22T1200,2421A,114.0112,33.0149,驻马店市,市彩印厂,,27,24,30,7,13,84,NA,46,46,3,8,3,3,0.3,0.3
2026-08-22T1200,2423A,115.0547,30.2332,黄石市,沈家营,,31,23,29,10,9,97,NA,45,45,3,12,4,4,0.0,0.1
2026-08-22T1200,2426A,114.899,30.211,黄石市,铁山,,41,30,29,14,11,129,NA,66,66,9,8,4,4,0.6,0.4
2026-08-22T1200,2427A,115.0259,30.2108,黄石市,团城山,NA,NA,NA,33,NA,10,NA,NA,105,NA,NA,6,NA,5,NA,0.5
2026-08-22T1200,2429A,110.78,32.6494,十堰市,滨河新村,,36,36,36,18,23,92,NA,50,50,2,10,/,/,0.9,1
2026-08-22T1200,2430A,110.7305,32.6408,十堰市,刘家沟,,32,21,34,8,20,102,NA,47,47,4,6,/,/,/,/
2026-08-22T1200,2431A,110.8843,32.5712,十堰市,铁二处,,25,24,30,16,19,80,NA,43,43,5,6,8,8,0.6,0.7
2026-08-22T1200,2432A,112.1555,32.0197,襄阳市,襄城运动路,,35,35,38,15,17,94,NA,49,49,5,8,6,6,0.6,0.6
2026-08-22T1200,2434A,112.1829,32.1146,襄阳市,高新管委会,,35,35,30,15,20,94,NA,56,56,8,14,7,6,0.5,0.5
2026-08-22T1200,2435A,112.2105,32.0903,襄阳市,襄州航空路,,30,26,23,16,14,93,NA,57,57,8,12,7,7,0.5,0.5
2026-08-22T1200,2436A,114.894,30.3989,鄂州市,市政府,,36,20,23,11,9,113,NA,61,61,7,13,3,3,0.3,0.3
2026-08-22T1200,2437A,114.8986,30.3714,鄂州市,赵家坝,,35,25,26,12,9,112,NA,66,66,5,11,3,5,0.4,0.4
2026-08-22T1200,2439A,112.2012,31.048,荆门市,竹园小学,,35,35,39,22,22,90,NA,71,71,1,3,6,6,0.6,0.7
2026-08-22T1200,2440A,112.1968,30.9892,荆门市,掇刀,,32,26,27,22,22,95,NA,76,76,3,4,8,9,0.5,0.6
2026-08-22T1200,2444A,113.9062,30.9378,孝感市,东城区,,29,29,32,8,13,79,NA,51,51,1,2,4,4,0.4,0.5
2026-08-22T1200,2446A,114.9021,30.474,黄冈市,职工中心,,32,16,16,6,8,100,NA,47,47,3,7,10,10,0.4,0.3
2026-08-22T1200,2451A,113.3587,31.7275,随州市,市委党校,,25,22,22,7,13,78,NA,60,60,6,7,6,6,0.6,0.6
2026-08-22T1200,2452A,113.3745,31.6926,随州市,市林业局,,25,15,19,4,11,77,NA,62,62,3,5,4,4,0.7,0.7
2026-08-22T1200,2453A,113.3984,31.7309,随州市,市立交桥水厂,,22,19,22,5,12,69,NA,53,53,5,6,4,4,0.6,0.6
2026-08-22T1200,2454A,109.4978,30.2979,恩施土家族苗族自治州,湖北民院,,33,24,25,9,17,103,NA,45,45,2,2,6,6,0.4,0.4
2026-08-22T1200,2457A,112.6209,26.9268,衡阳市,衡阳化工总厂,,50,50,37,24,23,94,NA,61,61,6,9,7,15,0.7,0.7
2026-08-22T1200,2458A,112.621,26.8957,衡阳市,珠晖区环保局,,38,38,35,18,19,95,NA,58,58,7,13,7,14,0.9,0.8
2026-08-22T1200,2459A,112.628,26.8654,衡阳市,市委党校,,35,33,33,15,24,111,NA,74,74,5,9,6,17,0.9,0.9
2026-08-22T1200,2460A,112.6007,26.8977,衡阳市,市监测站,,42,34,33,29,25,102,NA,70,70,6,12,2,12,0.7,0.9
2026-08-22T1200,2461A,112.5658,26.9013,衡阳市,真空机电公司,,36,34,28,25,23,103,NA,71,71,5,11,6,7,1.0,1
2026-08-22T1200,2464A,111.5277,27.2442,邵阳市,市化工厂,,35,27,32,24,29,104,NA,76,76,4,5,7,7,0.4,0.5
2026-08-22T1200,2466A,111.4327,27.2276,邵阳市,市环保局,,50,50,35,22,29,99,NA,69,69,6,7,3,4,0.5,0.5
2026-08-22T1200,2468A,112.3458,28.581,益阳市,市环保局,,50,39,44,35,31,94,NA,61,61,7,10,5,6,1.0,1
2026-08-22T1200,2473A,113.0116,25.8228,郴州市,市职中,,46,32,30,32,20,69,NA,33,33,1,6,13,10,0.6,0.7
2026-08-22T1200,2475A,113.0381,25.8074,郴州市,市审计局,细颗粒物(PM2.5),54,39,36,37,22,64,NA,29,29,7,8,10,5,/,/
2026-08-22T1200,2476A,113.0348,25.7757,郴州市,市环保局,细颗粒物(PM2.5),52,NA,25,36,23,74,NA,42,42,12,10,19,14,0.6,0.6
2026-08-22T1200,2478A,111.6126,26.4266,永州市,市环境监测站,NA,NA,22,32,18,24,NA,NA,72,NA,10,11,5,5,0.6,0.5
2026-08-22T1200,2480A,111.6248,26.3803,永州市,永州市环保局,,31,23,31,19,25,97,NA,78,78,4,5,4,4,0.7,0.7
2026-08-22T1200,2481A,111.5989,26.4523,永州市,冷水滩区环保局,,33,33,37,18,24,97,NA,82,82,4,5,10,7,0.8,0.8
2026-08-22T1200,2483A,109.9297,27.5383,怀化市,河西地税局,,26,25,30,18,22,82,NA,63,63,6,9,1,4,/,/
2026-08-22T1200,2484A,109.9783,27.5342,怀化市,市四医院,,30,30,35,10,23,93,NA,69,69,7,8,4,9,0.4,0.4
2026-08-22T1200,2485A,109.9971,27.5579,怀化市,监测楼,,34,34,40,18,26,86,NA,59,59,5,8,1,9,0.3,0.4
2026-08-22T1200,2488A,111.9984,27.7346,娄底市,市监测站,,36,36,36,21,24,91,NA,67,67,4,9,3,3,0.4,0.5
2026-08-22T1200,2491A,111.9888,27.7035,娄底市,市政府,,33,33,34,22,24,92,NA,60,60,4,5,4,6,0.3,0.3
2026-08-22T1200,2493A,109.7298,28.3164,湘西土家族苗族自治州,州政府,,27,17,28,17,21,84,NA,43,43,2,4,4,4,0.4,0.4
2026-08-22T1200,2494A,109.6957,28.2676,湘西土家族苗族自治州,吉首市计生局,,28,24,24,16,21,89,NA,45,45,5,7,5,5,0.3,0.3
2026-08-22T1200,2496A,111.3126,23.4772,梧州市,市十一中,,34,34,27,5,9,81,NA,41,41,7,21,9,9,0.5,0.5
2026-08-22T1200,2498A,111.26,23.4794,梧州市,龙新,,27,24,26,8,6,84,NA,49,49,5,15,8,8,0.4,0.4
2026-08-22T1200,2499A,108.3411,21.6159,防城港市,沙万,,26,26,16,11,6,47,NA,56,51,14,9,4,3,1.1,0.7
2026-08-22T1200,2500A,108.3515,21.7733,防城港市,防城档案局,,14,7,11,5,6,44,NA,54,49,6,7,3,3,0.6,0.5
2026-08-22T1200,2501A,108.3506,21.6414,防城港市,大海花园,,18,8,14,7,7,55,NA,54,54,6,6,3,3,0.8,0.8
2026-08-22T1200,2502A,108.6238,21.9667,钦州市,市环保站,,15,5,5,4,4,46,NA,55,49,6,6,6,6,0.6,0.6
2026-08-22T1200,2503A,108.655,21.9481,钦州市,沙埠小学,,15,15,12,3,4,47,NA,56,50,3,4,4,4,0.4,0.3
2026-08-22T1200,2504A,108.5989,21.7435,钦州市,港区一小,,15,15,13,6,4,44,NA,54,47,12,13,4,4,0.5,0.5
2026-08-22T1200,2506A,109.604387,23.066791,贵港市,江南子站,,23,22,21,10,12,73,NA,35,35,7,14,7,6,0.6,0.7
2026-08-22T1200,2508A,109.5669,23.1065,贵港市,荷城子站,,27,27,17,13,8,76,NA,39,39,11,13,9,9,0.6,0.6
2026-08-22T1200,2511A,110.1433,22.6162,玉林市,南江一中,,20,15,15,4,7,61,NA,32,32,3,9,8,9,0.3,0.4
2026-08-22T1200,2512A,106.6102,23.901,百色市,市监测站,,29,29,26,14,8,7,NA,10,6,16,10,7,6,0.8,0.5
2026-08-22T1200,2513A,106.6524,23.8842,百色市,市中心血站,,33,33,28,21,15,23,NA,12,12,15,14,15,9,0.8,0.6
2026-08-22T1200,2514A,111.5264,24.4178,贺州市,环保小区,,26,23,19,18,10,74,NA,71,71,8,8,11,10,0.4,0.4
2026-08-22T1200,2515A,111.561,24.4074,贺州市,政协大楼,,28,NA,10,19,10,78,NA,67,67,10,10,9,9,0.6,0.5
2026-08-22T1200,2517A,108.0496,24.6957,河池市,市环保站,,22,20,26,15,14,41,NA,NA,NA,4,7,4,5,0.9,0.9
2026-08-22T1200,2520A,109.2203,23.7252,来宾市,来宾技工学校,,19,19,19,13,8,56,NA,43,43,7,13,8,14,0.9,0.9
2026-08-22T1200,2521A,107.3473,22.4137,崇左市,市环保局江州分局,,18,18,18,9,10,38,NA,38,36,9,7,4,3,0.6,0.6
2026-08-22T1200,2524A,105.8211,32.4444,广元市,老城,,28,NA,31,19,21,53,NA,17,17,15,22,6,10,0.7,0.7
2026-08-22T1200,2526A,105.8629,32.429,广元市,监测站,,32,32,40,11,18,45,NA,21,21,25,12,7,10,0.7,0.6
2026-08-22T1200,2528A,105.5581,30.5231,遂宁市,市监测站,,35,29,34,21,15,110,NA,46,46,5,13,7,6,0.7,0.7
2026-08-22T1200,2530A,105.5917,30.4727,遂宁市,美宁食品公司,,36,25,28,20,18,113,NA,50,50,8,17,9,9,0.8,0.8
2026-08-22T1200,2531A,105.0703,29.61,内江市,市监测站,,40,NA,30,28,27,112,NA,57,57,8,10,8,7,0.4,0.4
2026-08-22T1200,2533A,105.0657,29.5807,内江市,内江二中,,39,28,31,27,27,112,NA,58,58,9,12,14,11,0.5,0.4
2026-08-22T1200,2534A,105.0407,29.5828,内江市,内江日报社,,38,NA,19,25,28,121,NA,59,59,8,12,12,12,0.4,0.4
2026-08-22T1200,2536A,103.7629,29.5844,乐山市,牛耳桥,,20,9,25,1,15,64,NA,59,59,9,12,5,5,0.5,0.6
2026-08-22T1200,2537A,103.7501,29.6002,乐山市,市第三水厂,,21,9,26,2,17,66,NA,66,66,8,11,3,3,0.8,0.8
2026-08-22T1200,2538A,103.7571,29.5664,乐山市,市监测站,,20,8,24,1,11,64,NA,62,62,6,7,2,2,0.7,0.8
2026-08-22T1200,2540A,103.8414,30.0871,眉山市,气象局,,25,25,49,12,33,78,NA,38,38,11,21,7,7,1.0,1.1
2026-08-22T1200,2544A,106.6307,30.4577,广安市,市委,颗粒物(PM10),55,57,52,35,50,140,NA,61,61,12,13,10,9,0.6,0.7
2026-08-22T1200,2545A,106.6266,30.4662,广安市,友谊中学,,46,44,48,32,46,144,NA,74,74,10,11,14,13,0.7,0.7
2026-08-22T1200,2547A,106.6386,30.4551,广安市,广电花园,细颗粒物(PM2.5),60,52,49,40,49,134,NA,58,58,14,13,12,10,0.6,0.6
2026-08-22T1200,2549A,107.5087,31.2186,达州市,市环境监测站,,29,27,35,5,16,90,NA,32,32,12,20,7,6,0.5,0.6
2026-08-22T1200,2550A,107.4988,31.2132,达州市,凤凰小区,,32,27,36,11,27,102,NA,39,39,8,18,5,5,0.3,0.4
2026-08-22T1200,2551A,107.5081,31.1987,达州市,达县机关宾馆,NA,NA,29,37,10,20,103,NA,41,41,NA,26,5,5,0.4,0.5
2026-08-22T1200,2552A,107.4644,31.2124,达州市,市政中心,,29,27,44,8,20,90,NA,38,38,7,14,5,5,0.2,0.3
2026-08-22T1200,2555A,103.011,29.9833,雅安市,市政府,,40,40,29,26,22,22,NA,21,16,11,6,4,4,0.7,0.6
2026-08-22T1200,2556A,102.9907,29.9778,雅安市,川农大,,38,33,30,26,21,21,NA,24,18,9,7,5,5,0.9,0.8
2026-08-22T1200,2562A,104.6357,30.1508,资阳市,资阳中学,,36,32,41,21,24,115,NA,52,52,5,9,7,6,0.5,0.4
2026-08-22T1200,2565A,104.6297,30.1259,资阳市,区法院,,36,NA,22,22,25,114,NA,56,56,6,10,4,4,0.5,0.5
2026-08-22T1200,2568A,102.2503,31.8896,阿坝藏族羌族自治州,马师校,,20,20,25,8,7,60,NA,25,25,5,5,4,4,0.4,0.4
2026-08-22T1200,2570A,101.96,30.048,甘孜藏族自治州,水桥子,,19,NA,10,4,5,58,NA,25,25,8,12,3,3,0.4,0.4
2026-08-22T1200,2573A,102.2629,27.8981,凉山彝族自治州,西昌市政府,NA,NA,29,16,27,17,76,NA,38,38,NA,8,NA,10,1.1,0.8
2026-08-22T1200,2574A,102.2686,27.885,凉山彝族自治州,凉山州政府,,40,36,21,28,18,80,NA,35,35,12,10,13,10,1.0,0.9
2026-08-22T1200,2577A,104.8293,26.592,六盘水市,黄土坡,,34,23,23,22,16,106,NA,46,46,11,14,12,7,1.0,0.7
2026-08-22T1200,2579A,104.8481,26.5898,六盘水市,民中,,34,34,24,23,16,96,NA,38,38,13,20,7,5,0.9,0.7
2026-08-22T1200,2580A,104.9541,26.5506,六盘水市,双水,,38,36,22,26,14,94,NA,30,30,13,17,18,8,1.0,0.8
2026-08-22T1200,2585A,109.1839,27.7344,铜仁市,铜仁卫校,,33,21,29,14,15,104,NA,42,42,3,8,2,4,0.4,0.4
2026-08-22T1200,2586A,109.1752,27.6945,铜仁市,铜仁七中,,32,26,31,18,17,102,NA,39,39,5,8,5,5,0.4,0.5
2026-08-22T1200,2587A,105.287,27.3133,毕节市,八中,,29,26,34,18,17,90,NA,34,34,7,13,11,9,0.5,0.6
2026-08-22T1200,2588A,105.3079,27.2987,毕节市,师专,,27,24,25,18,17,86,NA,30,30,6,13,16,10,0.4,0.5
2026-08-22T1200,2589A,104.9022,25.0943,黔西南布依族苗族自治州,场坝街,,29,20,26,17,20,91,NA,42,42,7,12,9,25,0.3,0.4
2026-08-22T1200,2590A,104.8812,25.0994,黔西南布依族苗族自治州,坪东大道,,30,15,25,14,19,95,NA,45,45,6,15,8,7,0.4,0.5
2026-08-22T1200,2591A,107.9765,26.5724,黔东南苗族侗族自治州,市环境监测站,,28,NA,18,19,19,81,NA,55,55,4,6,2,2,0.6,0.6
2026-08-22T1200,2593A,107.5223,26.2371,黔南布依族苗族自治州,小围寨,,25,NA,20,17,15,76,NA,45,45,4,8,5,5,0.6,0.6
2026-08-22T1200,2594A,99.1589,25.1137,保山市,市环境监测站,,29,29,23,19,13,62,NA,24,24,10,10,7,7,0.4,0.4
2026-08-22T1200,2595A,99.1616,25.1381,保山市,市环保局,,40,35,15,28,13,62,NA,22,22,14,7,5,5,0.6,0.5
2026-08-22T1200,2596A,103.7668,27.3736,昭通市,监测站,,35,NA,23,24,16,99,NA,72,66,5,7,6,6,0.4,0.4
2026-08-22T1200,2599A,100.2497,26.8802,丽江市,丽江古城,,22,12,19,8,11,68,NA,37,37,8,12,7,7,0.6,0.7
2026-08-22T1200,2600A,100.2203,26.8906,丽江市,市中心,,19,7,14,6,11,60,NA,36,36,3,7,6,6,0.6,0.6
2026-08-22T1200,2601A,100.9801,22.7634,普洱市,市环保局,,26,26,26,12,10,45,NA,31,30,4,4,7,6,0.8,0.7
2026-08-22T1200,2602A,100.9763,22.8237,普洱市,普洱第二中学,,33,33,28,9,13,40,NA,26,26,7,6,5,5,0.5,0.5
2026-08-22T1200,2603A,100.0779,23.8981,临沧市,市环保局,,35,35,22,11,13,48,NA,18,18,9,11,10,11,0.6,0.6
2026-08-22T1200,2604A,100.0894,23.882,临沧市,市气象局,,24,24,24,8,15,61,NA,24,24,5,9,12,12,0.5,0.5
2026-08-22T1200,2606A,101.5379,25.0492,楚雄彝族自治州,市经济开发区,,25,NA,25,15,18,77,NA,38,38,8,15,2,2,0.4,0.4
2026-08-22T1200,2610A,104.2533,23.3595,文山壮族苗族自治州,州水务局,,37,37,26,19,16,64,NA,20,20,11,13,13,11,0.4,0.4
2026-08-22T1200,2611A,104.2319,23.3892,文山壮族苗族自治州,市便民服务中心,,31,31,27,16,14,59,NA,17,17,15,18,9,5,0.4,0.3
2026-08-22T1200,2612A,100.8018,21.9995,西双版纳傣族自治州,景洪市江南,NA,NA,18,21,6,11,45,NA,20,20,NA,6,11,11,0.7,0.9
2026-08-22T1200,2613A,100.7995,22.0238,西双版纳傣族自治州,景洪市江北,,13,13,24,4,9,40,NA,15,15,3,5,9,9,0.6,0.6
2026-08-22T1200,2614A,100.2168,25.5818,大理白族自治州,大理市环境监测站,,22,NA,16,12,11,68,NA,44,44,6,8,5,5,0.4,0.4
2026-08-22T1200,2615A,100.1542,25.7055,大理白族自治州,大理古城,,25,24,18,16,12,80,NA,38,38,5,10,5,5,0.6,0.5
2026-08-22T1200,2616A,98.5611,24.4273,德宏傣族景颇族自治州,德宏州监测站,,23,2,9,2,7,71,NA,19,NA,4,7,8,8,0.6,0.7
2026-08-22T1200,2618A,98.859,25.8541,怒江傈僳族自治州,州监测站,,20,NA,12,14,11,62,NA,29,29,4,8,6,6,0.5,0.5
2026-08-22T1200,2619A,98.8607,25.8168,怒江傈僳族自治州,泸水一中,,21,21,20,14,11,54,NA,24,24,8,12,5,4,0.4,0.5
2026-08-22T1200,2621A,99.7054,27.8319,迪庆藏族自治州,迪庆州站,NA,NA,19,16,9,7,65,NA,40,40,8,9,6,10,NA,0.3
2026-08-22T1200,2622A,97.1813,31.1289,昌都市,昌都监测站,,14,11,9,2,3,44,NA,29,23,9,8,3,3,0.4,0.3
2026-08-22T1200,2624A,91.7592,29.234,山南市,山南监测站,,15,6,6,1,2,47,NA,47,42,6,6,9,9,0.3,0.3
2026-08-22T1200,2625A,91.7701,29.2436,山南市,山南人民医院,,16,12,8,1,2,51,NA,52,48,7,5,10,9,0.3,0.3
2026-08-22T1200,2626A,88.8873,29.2723,日喀则市,日喀则监测站,,31,5,5,5,2,98,NA,96,96,5,5,6,6,0.3,0.3
2026-08-22T1200,2628A,92.0653,31.4846,那曲市,那曲监测站,,26,7,11,4,10,83,NA,80,80,8,11,7,7,0.3,0.4
2026-08-22T1200,2630A,80.1171,32.4999,阿里地区,阿里监测站,,37,8,13,1,2,116,NA,113,94,3,7,3,4,0,0.1
2026-08-22T1200,2632A,94.3683,29.6373,林芝市,林芝监测站,,12,5,5,2,3,36,NA,32,28,5,4,3,3,0.4,0.4
2026-08-22T1200,2633A,94.3616,29.6634,林芝市,林芝人民医院,NA,NA,11,10,5,5,31,NA,30,26,7,5,4,3,NA,0.2
2026-08-22T1200,2635A,107.0155,33.0707,汉中市,市监测站,,29,29,36,16,22,86,NA,39,39,4,11,4,6,0.5,0.6
2026-08-22T1200,2636A,107.0083,33.114,汉中市,鑫源开发区,,33,33,30,13,19,85,NA,42,42,4,13,6,7,0.3,0.4
2026-08-22T1200,2637A,107.0072,33.0323,汉中市,南郑大河坎水厂,,29,29,31,17,21,87,NA,33,33,5,10,4,5,0.7,0.8
2026-08-22T1200,2639A,109.7445,38.2919,榆林市,世纪广场,,36,36,34,22,20,108,NA,94,94,7,10,11,13,0.8,0.7
2026-08-22T1200,2640A,109.729,38.2837,榆林市,实验中学,,49,49,35,25,22,114,NA,98,98,5,8,8,7,0.5,0.5
2026-08-22T1200,2641A,109.7347,38.2491,榆林市,环保监测大楼,,39,38,32,27,22,112,NA,98,98,6,8,7,8,0.4,0.4
2026-08-22T1200,2644A,109.0088,32.6974,安康市,汉滨区检察院,,31,19,28,11,17,97,NA,44,44,3,6,5,5,0.5,0.6
2026-08-22T1200,2645A,109.9155,33.8714,商洛市,监测站,,34,21,31,15,21,106,NA,49,49,3,11,6,9,0.4,0.4
2026-08-22T1200,2647A,104.1727,36.5448,白银市,第三小学,颗粒物(PM10),88,102,50,25,18,117,NA,79,79,4,12,3,46,0.5,0.9
2026-08-22T1200,2648A,104.1467,36.5482,白银市,动力公司,颗粒物(PM10),83,96,40,23,15,114,NA,80,80,3,8,3,7,0.5,0.6
2026-08-22T1200,2650A,105.72058,34.57859,天水市,公园小学,,44,44,27,22,13,67,NA,19,19,17,16,8,8,0.8,0.6
2026-08-22T1200,2651A,105.89428,34.55353,天水市,麦积国土局,,34,34,28,19,13,47,NA,22,22,20,13,9,8,0.6,0.5
2026-08-22T1200,2652A,102.6203,37.925,武威市,监测站,颗粒物(PM10),59,62,54,15,17,101,NA,99,99,9,10,11,12,0.3,0.3
2026-08-22T1200,2654A,100.4699,38.9525,张掖市,润泉湖,,38,34,37,24,14,119,NA,95,93,7,7,10,9,0.3,0.3
2026-08-22T1200,2655A,100.4155,38.9422,张掖市,区工会,,41,30,36,14,14,131,NA,114,111,6,5,7,7,0.2,0.2
2026-08-22T1200,2656A,106.6633,35.5338,平凉市,聚贤嘉苑,,42,42,38,22,25,83,NA,70,64,6,10,7,8,0.8,0.8
2026-08-22T1200,2657A,106.7021,35.5307,平凉市,博物馆,,44,44,43,26,27,84,NA,77,68,4,9,9,8,0.7,0.7
2026-08-22T1200,2661A,107.6325,35.7357,庆阳市,庆阳五中,,38,38,33,26,22,89,NA,93,82,6,6,2,2,0.5,0.5
2026-08-22T1200,2662A,107.6361,35.7067,庆阳市,市环保局,,35,35,35,22,22,93,NA,94,85,5,5,4,3,0.4,0.4
2026-08-22T1200,2669A,102.9097,34.9841,甘南藏族自治州,州政府,,28,16,23,14,12,87,NA,33,33,4,13,6,6,0.3,0.3
2026-08-22T1200,2671A,100.9016,36.9464,海北藏族自治州,海晏县西海镇,,38,28,22,12,13,121,NA,79,79,1,4,11,9,0.4,0.4
2026-08-22T1200,2672A,102.02,35.5101,黄南藏族自治州,同仁县隆务镇,,30,15,24,10,12,94,NA,55,55,3,3,11,9,0.3,0.3
2026-08-22T1200,2673A,100.6158,36.2985,海南藏族自治州,共和县恰卜恰镇,,30,22,20,18,10,94,NA,65,65,6,13,10,7,0.6,0.5
2026-08-22T1200,2674A,100.2262,34.4854,果洛藏族自治州,玛沁县大武镇,,22,22,19,4,7,61,NA,31,31,3,4,25,23,0.4,0.4
2026-08-22T1200,2675A,97.0386,33.0138,玉树藏族自治州,玉树县结古镇,,20,14,9,2,4,61,NA,41,41,6,14,4,4,0.5,0.5
2026-08-22T1200,2676A,97.373,37.376,海西蒙古族藏族自治州,德令哈市,颗粒物(PM10),67,73,27,28,10,141,NA,123,123,2,2,11,11,0.6,0.6
2026-08-22T1200,2677A,106.1535,37.9648,吴忠市,教育园区,颗粒物(PM10),109,143,50,26,16,109,NA,67,64,8,9,13,6,0.4,0.4
2026-08-22T1200,2679A,106.1851,37.9957,吴忠市,新区二泵站,颗粒物(PM10),70,77,47,20,13,109,NA,72,68,11,10,14,8,0.4,0.4
2026-08-22T1200,2682A,105.1965,37.4996,中卫市,环保局站,颗粒物(PM10),88,102,73,25,20,126,NA,96,96,4,9,3,3,0.5,0.4
2026-08-22T1200,2684A,106.2753,36.0057,固原市,监测站,,27,14,23,11,17,86,NA,62,62,6,8,6,6,0.4,0.4
2026-08-22T1200,2685A,106.2384,36.0189,固原市,新区,,25,16,22,8,12,78,NA,58,58,6,8,3,4,0.5,0.5
2026-08-22T1200,2686A,89.1905,42.9419,吐鲁番市,市环保局,颗粒物(PM10),129,194,208,51,54,94,NA,91,86,3,4,5,6,0.6,0.5
2026-08-22T1200,2687A,89.1674,42.9558,吐鲁番市,地区环保局,颗粒物(PM10),127,189,215,45,55,96,NA,78,68,14,11,3,3,0.4,0.5
2026-08-22T1200,2688A,93.5124,42.8176,哈密市,地区监测站,颗粒物(PM10),87,101,65,20,19,88,NA,100,87,8,8,8,3,0.2,0.1
2026-08-22T1200,2689A,93.5014,42.8312,哈密市,哈密师范学校,颗粒物(PM10),87,101,70,11,22,90,NA,101,86,10,12,7,7,0.0,0.1
2026-08-22T1200,2692A,87.2722,44.0298,昌吉回族自治州,新区政务中心,颗粒物(PM10),55,56,67,16,20,80,NA,43,43,15,19,10,7,0.3,0.3
2026-08-22T1200,2693A,82.0482,44.8553,博尔塔拉蒙古自治州,市党校,NA,NA,NA,49,3,9,74,NA,60,45,7,4,4,3,0.1,0.1
2026-08-22T1200,2694A,82.0805,44.8966,博尔塔拉蒙古自治州,市环保局,,35,35,43,9,9,81,NA,58,46,4,6,5,4,0.0,0.1
2026-08-22T1200,2695A,80.2899,41.1684,阿克苏地区,电视台,,34,32,38,22,23,106,NA,78,67,8,13,4,4,0.2,0.3
2026-08-22T1200,2696A,80.2592,41.1541,阿克苏地区,艺术中心,,37,31,33,8,16,118,NA,76,67,9,18,5,4,0.1,0.3
2026-08-22T1200,2697A,76.1457,39.7143,克孜勒苏柯尔克孜自治州,市人民政府,,44,27,42,8,20,139,NA,130,130,3,6,3,6,0.0,0
2026-08-22T1200,2698A,76.0071,39.466,喀什地区,巡警大队,颗粒物(PM10),63,68,96,7,33,120,NA,109,101,12,11,5,4,0.2,0.3
2026-08-22T1200,2699A,75.9756,39.4693,喀什地区,吾办,颗粒物(PM10),66,72,89,11,26,121,NA,102,91,3,8,4,3,0.4,0.4
2026-08-22T1200,2704A,81.3002,43.9177,伊犁哈萨克自治州,新政府片区,,35,35,28,3,12,75,NA,47,41,8,10,5,4,0.5,0.5
2026-08-22T1200,2705A,81.3364,43.9409,伊犁哈萨克自治州,第二水厂,,40,40,38,6,15,80,NA,44,44,8,14,6,5,0.5,0.5
2026-08-22T1200,2706A,82.9993,46.7432,塔城地区,东门外小游园,,45,45,44,2,8,69,NA,54,53,3,4,1,1,0.1,0.2
2026-08-22T1200,2708A,88.1266,47.8515,阿勒泰地区,市站,,24,17,17,1,3,76,NA,41,41,10,9,1,2,0.3,0.3
2026-08-22T1200,2709A,86.0391,44.298,石河子市,艾青诗歌馆,颗粒物(PM10),64,69,67,12,14,83,NA,49,47,8,9,16,7,0.5,0.3
2026-08-22T1200,2711A,87.5352,44.1606,五家渠市,农水大厦,颗粒物(PM10),100,120,124,35,26,76,NA,30,30,11,9,8,3,0.5,0.3
2026-08-22T1200,2809A,113.6668,24.7756,韶关市,大学路288号,,20,17,28,7,18,64,NA,19,19,11,13,10,15,/,/
2026-08-22T1200,2835A,101.7222,26.567,攀枝花市,四十中小,NA,NA,42,27,30,24,97,NA,33,33,NA,17,21,15,NA,1.4
2026-08-22T1200,2842A,118.0937,24.5054,厦门市,湖里中学,,39,39,27,25,16,88,NA,42,42,15,19,3,3,0.7,0.6
2026-08-22T1200,2845A,113.1561,36.1912,长治市,德盛苑,,37,26,19,20,19,117,NA,67,67,9,6,10,10,0.7,0.7
2026-08-22T1200,2846A,113.3209,23.1323,广州市,体育西,,26,26,18,13,8,43,NA,34,34,34,24,4,5,0.7,0.6
2026-08-22T1200,2858A,117.7917,39.2473,天津市,河西一经路,,32,10,20,7,12,102,NA,57,57,8,12,7,8,0.6,0.5
2026-08-22T1200,2859A,117.3747,38.9845,天津市,津沽路,,31,18,19,7,11,98,NA,57,57,6,14,3,3,0.4,0.5
2026-08-22T1200,2860A,117.159,39.0844,天津市,宾水西道,,37,21,21,14,14,116,NA,58,58,9,12,4,4,0.6,0.4
2026-08-22T1200,2865A,112.7195,37.683,晋中市,榆次三中,细颗粒物(PM2.5),54,41,44,37,36,136,NA,64,64,4,8,14,9,0.6,0.3
2026-08-22T1200,2867A,111.1225,37.5093,吕梁市,马茂庄小学,,35,26,51,23,25,110,NA,48,48,5,20,9,8,0.5,0.7
2026-08-22T1200,2868A,126.4737,43.953,吉林市,九站,,43,29,39,13,25,136,NA,69,69,7,21,6,7,0.4,0.6
2026-08-22T1200,2869A,119.4472,32.4156,扬州市,五台山医院,,23,19,20,6,6,72,NA,45,45,2,2,8,8,0.6,0.6
2026-08-22T1200,2870A,119.4369,32.1891,镇江市,市疾控中心,,22,22,22,14,10,62,NA,35,35,7,12,5,5,0.8,0.8
2026-08-22T1200,2871A,121.6156,29.9015,宁波市,万里国际学校,,17,12,14,3,5,53,NA,30,30,4,14,7,8,0.5,0.5
2026-08-22T1200,2872A,120.7845,30.7524,嘉兴市,南湖区残联,,22,8,11,5,6,68,NA,38,38,9,11,5,5,0.4,0.4
2026-08-22T1200,2873A,120.083,30.8929,湖州市,仁皇山新区,,20,10,13,7,10,64,NA,39,39,7,13,5,5,0.4,0.4
2026-08-22T1200,2875A,115.783962,32.889217,阜阳市,阜阳职业技术学院,NA,NA,14,20,9,7,60,NA,34,34,NA,8,NA,4,0.4,0.4
2026-08-22T1200,2877A,119.1638,36.6524,潍坊市,坊子邮政,,16,9,15,0,2,50,NA,27,27,5,13,2,3,0.1,0.2
2026-08-22T1200,2880A,104.0219,30.6561,成都市,大石西路,细颗粒物(PM2.5),114,NA,61,75,49,82,NA,44,44,28,25,4,4,1.0,0.9
2026-08-22T1200,2881A,107.8909,26.531,黔东南苗族侗族自治州,凯里学院,,29,NA,19,18,18,91,NA,57,57,3,7,3,3,0.5,0.6
2026-08-22T1200,2882A,102.5388,24.3703,玉溪市,玉溪一中,,31,31,25,20,13,74,NA,35,35,14,12,6,3,0.3,0.3
2026-08-22T1200,2883A,102.5382,24.339,玉溪市,文体中心,,36,36,28,17,16,71,NA,37,37,10,11,6,5,0.4,0.3
2026-08-22T1200,2884A,98.2672,39.7978,嘉峪关市,酒钢宾馆,颗粒物(PM10),112,149,43,37,14,96,NA,93,83,37,18,94,29,3.2,0.8
2026-08-22T1200,2885A,104.9344,33.3827,陇南市,滨江中学,,31,31,32,14,11,56,NA,37,37,15,9,11,9,0.6,0.5
2026-08-22T1200,2894A,117.0561,32.6536,淮南市,经济技术开发区消防队,,23,6,10,4,9,71,NA,44,44,5,9,9,9,0.2,0.2
2026-08-22T1200,2897A,123.2429,41.7341,沈阳市,沈辽西路,,28,21,41,5,25,88,NA,53,53,3,17,4,6,0.6,1
2026-08-22T1200,2900A,123.5951,41.9085,沈阳市,裕农路,,34,28,34,8,26,108,NA,53,53,5,13,7,6,0.8,0.7
2026-08-22T1200,2902A,106.6347,30.4868,广安市,北辰小学,颗粒物(PM10),54,55,54,34,45,129,NA,70,70,9,11,10,9,0.6,0.7
2026-08-22T1200,2907A,120.1846,30.8592,湖州市,吴兴区站,,21,11,13,8,8,66,NA,41,41,7,11,6,6,0.7,0.7
2026-08-22T1200,2919A,116.7022,39.5454,廊坊市,河北工业大学,,34,34,35,13,18,102,NA,49,49,2,11,3,3,0.4,0.5
2026-08-22T1200,2920A,117.71,24.5048,漳州市,蓝田镇,,34,20,21,12,13,106,NA,36,36,6,16,4,5,0.5,0.5
2026-08-22T1200,2921A,120.5482,30.0003,绍兴市,树下王站,,24,12,14,5,7,74,NA,39,39,6,11,3,3,0.5,0.5
2026-08-22T1200,2922A,117.194,39.1069,天津市,大理道,,38,19,22,12,14,119,NA,56,56,11,15,4,4,0.6,0.7
2026-08-22T1200,2924A,106.2266,38.4417,银川市,水乡路,颗粒物(PM10),53,54,49,17,15,118,NA,74,74,9,11,8,6,0.6,0.5
2026-08-22T1200,2925A,106.2758,38.4841,银川市,上海东路,,35,27,26,21,17,109,NA,68,68,9,13,8,8,0.6,0.6
2026-08-22T1200,2926A,106.1016,38.4971,银川市,文昌北街,,49,49,48,26,19,118,NA,67,67,12,19,6,6,1.1,0.7
2026-08-22T1200,2929A,114.8858,30.4519,黄冈市,红卫路,,36,15,15,14,10,113,NA,61,61,5,7,9,8,0.2,0.3
2026-08-22T1200,2996A,118.2781,33.9658,宿迁市,市供电局,,20,16,15,6,7,64,NA,41,41,5,7,2,2,0.1,0.2
2026-08-22T1200,2997A,119.8767,32.3291,泰州市,王营,,19,8,9,3,4,60,NA,39,39,2,2,8,8,0.4,0.4
2026-08-22T1200,3000A,119.3577,34.6971,连云港市,德源药业,NA,NA,NA,11,NA,2,54,NA,34,34,NA,11,4,4,0.3,0.3
2026-08-22T1200,3002A,119.9701,31.813,常州市,行政中心,,20,19,16,5,4,61,NA,38,38,6,8,6,6,0.3,0.3
2026-08-22T1200,3003A,120.0434,31.7726,常州市,经开区,,23,23,20,8,3,69,NA,40,40,5,8,11,10,0.5,0.5
2026-08-22T1200,3004A,120.1543,33.3664,盐城市,宝龙广场,NA,NA,5,11,NA,2,39,NA,30,30,1,2,8,8,0.4,0.4
2026-08-22T1200,3005A,117.1812,34.29,徐州市,鼓楼区政府,,23,22,15,15,9,72,NA,37,37,5,9,7,7,0.3,0.3
2026-08-22T1200,3006A,117.1693,34.1781,徐州市,铜山区招生办,,24,24,18,8,6,76,NA,42,42,2,4,7,7,0.6,0.5
2026-08-22T1200,3007A,119.178,34.8442,连云港市,新城一中,,18,15,8,7,4,56,NA,38,38,2,5,6,6,0.3,0.4
2026-08-22T1200,3008A,119.3607,34.7519,连云港市,胡沟管理处,,20,7,8,0,1,62,NA,42,42,4,16,8,9,0.3,0.3
2026-08-22T1200,3009A,119.1478,34.5913,连云港市,矿山设计院,,19,12,10,5,3,59,NA,43,43,1,2,1,2,0.3,0.3
2026-08-22T1200,3010A,119.8919,31.7892,常州市,钟楼,,22,16,18,6,5,70,NA,40,40,9,10,7,8,0.3,0.3
2026-08-22T1200,3012A,112.1849,31.0361,荆门市,西山林语,,42,42,33,18,20,91,NA,74,74,5,6,9,9,0.5,0.7
2026-08-22T1200,3014A,106.4958,29.5347,重庆市,歇台子,,49,33,42,17,24,154,NA,61,61,12,26,11,9,0.8,0.7
2026-08-22T1200,3015A,106.4067,29.5729,重庆市,龙井湾,,50,34,38,27,27,157,NA,71,71,14,19,10,9,0.8,0.7
2026-08-22T1200,3016A,106.5506,29.415,重庆市,龙洲湾,,50,NA,36,26,25,157,NA,58,58,12,22,10,8,0.6,0.6
2026-08-22T1200,3018A,111.5048,36.1015,临汾市,唐尧大酒店,颗粒物(PM10),62,66,68,14,22,115,NA,67,67,6,12,5,5,0.7,0.7
2026-08-22T1200,3020A,117.2096,39.1698,天津市,中山北路,,35,15,28,7,14,112,NA,46,46,5,14,4,4,0.5,0.7
2026-08-22T1200,3021A,115,35.7667,濮阳市,濮水河管理处,,33,23,27,20,20,104,NA,52,52,10,12,5,4,0.6,0.6
2026-08-22T1200,3025A,113.0479,23.6343,清远市,技师学院,,37,27,29,15,14,117,NA,46,46,7,20,6,7,0.4,0.5
2026-08-22T1200,3026A,116.6179,23.6608,潮州市,市政府,颗粒物(PM10),58,60,27,18,18,115,NA,44,44,12,15,19,9,0.8,0.9
2026-08-22T1200,3028A,104.7765,29.3623,自贡市,檀木林体育馆,,39,26,29,23,26,122,NA,66,66,7,8,8,7,0.5,0.4
2026-08-22T1200,3033A,87.4652,43.4569,乌鲁木齐市,培训基地,,34,7,34,5,13,106,NA,84,84,3,4,3,3,0.5,0.5
2026-08-22T1200,3034A,113.1076,41.0385,乌兰察布市,光明街小学,,40,23,34,5,19,125,NA,90,90,6,12,6,6,0.3,0.5
2026-08-22T1200,3036A,118.6903,37.4337,东营市,开发区管委会,,21,21,27,0,1,66,NA,44,44,6,10,8,7,0.3,0.3
2026-08-22T1200,3038A,103.3757,23.3679,红河哈尼族彝族自治州,州图书馆,细颗粒物(PM2.5),78,NA,30,49,22,82,NA,38,38,9,9,71,13,0.6,0.4
2026-08-22T1200,3039A,111.1911,34.7829,三门峡市,三门峡市第一小学,,46,46,33,30,23,103,NA,74,74,6,7,8,8,0.5,0.5
2026-08-22T1200,3045A,109.9647,33.8486,商洛市,商州区中学,,34,32,33,15,21,108,NA,51,51,4,15,6,11,0.5,0.6
2026-08-22T1200,3046A,115.9084,28.6062,南昌市,机电学校,,25,20,26,15,18,77,NA,73,68,9,10,7,8,0.7,0.9
2026-08-22T1200,3048A,119.5799,26.0937,福州市,九龙,,26,22,22,18,4,66,NA,34,34,8,8,6,5,0.6,0.5
2026-08-22T1200,3051A,117.385,39.1483,天津市,西四道,,34,18,27,9,15,107,NA,50,50,10,21,2,3,0.3,0.4
2026-08-22T1200,3054A,113.9194,35.2847,新乡市,市委党校,,43,NA,34,30,20,129,NA,81,81,7,15,6,6,0.6,0.5
2026-08-22T1200,3055A,101.7775,36.643,西宁市,城北区政府,,39,39,26,23,16,80,NA,42,40,23,22,56,18,1.6,1.2
2026-08-22T1200,3057A,121.5989,37.4016,烟台市,牟平检察院,,20,7,1,0,0,61,NA,38,38,3,5,6,5,0.2,0.2
2026-08-22T1200,3058A,119.2656,42.0356,赤峰市,银河街,颗粒物(PM10),51,51,48,29,34,136,NA,96,96,8,12,5,9,0.7,0.8
2026-08-22T1200,3059A,117.7181,36.205,济南市,泰兴公司,,23,9,15,0,4,71,NA,31,31,4,15,5,5,0.2,0.2
2026-08-22T1200,3061A,119.7511,49.1576,呼伦贝尔市,国华电力东,,22,16,18,15,11,42,NA,37,37,4,7,5,5,0.2,0.2
2026-08-22T1200,3064A,117.6861,36.2172,济南市,莱芜战役纪念馆,,22,14,16,1,5,70,NA,32,32,4,13,4,6,0.1,0.2
2026-08-22T1200,3065A,101.9534,29.9976,甘孜藏族自治州,州环保局,,30,NA,14,21,21,61,NA,24,24,7,13,4,4,0.3,0.3
2026-08-22T1200,3066A,116.2722,37.438,德州市,九衢泉纯净水厂,细颗粒物(PM2.5),62,58,30,41,15,141,NA,68,68,21,10,24,12,0.9,0.7
2026-08-22T1200,3109A,115.0094,25.8614,赣州市,赣县区卫计委,,35,21,21,19,7,112,NA,139,130,8,10,2,2,0.6,0.5
2026-08-22T1200,3123A,105.9408,26.2431,安顺市,凤凰山,,32,24,28,22,23,95,NA,55,55,5,12,6,13,0.5,0.5
2026-08-22T1200,3124A,105.9443,26.2567,安顺市,金钟山,,35,NA,26,24,22,99,NA,60,60,4,9,8,15,0.5,0.5
2026-08-22T1200,3125A,105.8983,26.248,安顺市,娄家坡,,30,25,24,21,22,92,NA,62,62,3,8,9,11,0.6,0.6
2026-08-22T1200,3131A,114.878,40.7992,张家口市,烟厂,颗粒物(PM10),51,51,52,30,31,146,NA,121,121,8,9,/,/,/,/
2026-08-22T1200,3132A,119.5979,39.938,秦皇岛市,文明里,NA,NA,22,34,7,11,74,NA,54,54,2,6,8,8,NA,0.2
2026-08-22T1200,3133A,106.5469,29.5655,重庆市,上清寺,,47,28,35,26,27,150,NA,61,61,20,31,12,11,0.9,0.9
2026-08-22T1200,3134A,113.8172,34.0339,许昌市,市一中,,34,25,32,18,19,107,NA,62,62,5,11,4,3,0.3,0.4
2026-08-22T1200,3136A,104.2724,30.559,成都市,龙泉驿区区政府,细颗粒物(PM2.5),78,NA,37,49,31,122,NA,66,66,14,11,4,4,0.9,0.7
2026-08-22T1200,3138A,111.7152,29.0288,常德市,武陵区永安,,33,33,34,14,20,93,NA,78,78,2,4,7,7,0.6,0.6
2026-08-22T1200,3139A,111.6891,28.9881,常德市,鼎城区玉霞,,32,28,32,15,19,102,NA,84,84,3,5,10,10,0.8,0.9
2026-08-22T1200,3140A,111.6651,29.0526,常德市,武陵区长庚,,29,28,34,16,23,92,NA,72,72,2,5,8,8,0.7,0.8
2026-08-22T1200,3141A,114.3921,36.0879,安阳市,信访局,,50,36,43,29,30,158,NA,94,94,2,3,3,3,0.6,0.6
2026-08-22T1200,3147A,114.3434,34.8101,开封市,龙亭公园,,40,40,45,18,20,94,NA,56,56,1,10,3,3,0.5,0.5
2026-08-22T1200,3148A,103.829,30.0563,眉山市,区人社局,NA,NA,38,54,17,29,79,NA,41,41,19,24,NA,9,0.8,1
2026-08-22T1200,3149A,115.0174,30.1591,黄石市,笔架山北路,,31,10,38,2,9,97,NA,49,49,2,6,6,6,0.2,0.3
2026-08-22T1200,3151A,114.375,27.8096,宜春市,宜春学院北校区,,33,30,28,18,11,104,NA,43,43,4,7,1,5,0.6,0.5
2026-08-22T1200,3153A,114.3876,30.4908,武汉市,民族大道182号,,42,42,32,19,18,120,NA,61,61,1,3,9,6,1.2,1
2026-08-22T1200,3164A,119.4682,32.394,扬州市,广陵建设局,,26,26,22,9,8,68,NA,41,41,5,6,4,5,0.3,0.3
2026-08-22T1200,3171A,115.6069,34.4465,商丘市,梁园区档案局,,18,16,20,12,11,50,NA,25,25,3,7,2,3,0.7,0.7
2026-08-22T1200,3173A,117.0598,30.5351,安庆市,市人大,,30,20,18,14,12,93,NA,66,66,2,2,6,6,0.4,0.4
2026-08-22T1200,3178A,119.0587,36.7209,潍坊市,潍坊七中,,19,19,17,0,2,44,NA,20,20,11,14,4,4,0.4,0.4
2026-08-22T1200,3179A,102.7491,25.012,昆明市,官渡区博物馆,,32,27,27,22,18,94,NA,57,57,11,20,3,3,0.5,0.5
2026-08-22T1200,3180A,99.7122,27.8129,迪庆藏族自治州,质量技术监督局,,20,11,13,3,7,64,NA,40,40,7,9,7,7,0.3,0.3
2026-08-22T1200,3181A,106.776805,31.852614,巴中市,市五中,,28,27,27,19,22,81,NA,32,32,7,10,10,10,0.7,0.7
2026-08-22T1200,3183A,106.7419,31.8654,巴中市,圣泉水务公司,,31,25,24,12,20,99,NA,40,40,6,10,12,11,0.6,0.6
2026-08-22T1200,3187A,116.9508,33.666,宿州市,远航博物馆,,19,12,13,4,5,59,NA,30,30,2,6,6,6,0.2,0.2
2026-08-22T1200,3188A,115.6684,37.7216,衡水市,市城管局,,43,32,42,16,25,136,NA,67,67,5,12,10,8,0.3,0.4
2026-08-22T1200,3190A,116.0254,29.6995,九江市,外国语学校,,35,32,23,17,13,112,NA,84,84,9,10,6,6,0.5,0.5
2026-08-22T1200,3191A,118.3243,33.95,宿迁市,宿豫区政府,,20,14,14,5,6,62,NA,39,39,5,8,4,4,0.4,0.4
2026-08-22T1200,3192A,80.0906,32.5029,阿里地区,阿里藏医院,,35,7,13,2,3,109,NA,111,99,3,4,7,7,0.2,0.2
2026-08-22T1200,3194A,112.2749,30.3124,荆州市,管委会,,26,26,29,12,20,78,NA,59,59,3,7,6,6,0.5,0.6
2026-08-22T1200,3195A,119.3649,32.3961,扬州市,市体育局,,21,19,20,10,9,67,NA,40,40,2,2,8,8,0.3,0.3
2026-08-22T1200,3200A,115.9772,36.4986,聊城市,监控中心,,32,12,25,0,9,100,NA,47,47,2,14,9,9,0.3,0.4
2026-08-22T1200,3206A,114.9148,27.8069,新余市,新钢沁园村,,36,26,26,18,15,113,NA,71,71,6,9,5,5,0.4,0.4
2026-08-22T1200,3207A,118.31131,32.3033,滁州市,市政府原办公楼,,26,NA,12,18,18,76,NA,48,48,5,8,6,6,0.4,0.4
2026-08-22T1200,3208A,112.7279,38.4157,忻州市,市政府,细颗粒物(PM2.5),84,54,46,52,34,129,NA,79,79,7,11,6,5,0.9,0.8
2026-08-22T1200,3209A,119.5231,26.6562,宁德市,宁德一中,,32,21,17,10,7,101,NA,45,45,5,5,11,11,0.5,0.5
2026-08-22T1200,3210A,114.3645,34.7955,开封市,汴京公园,,30,27,32,19,22,96,NA,57,57,2,7,4,5,0.3,0.3
2026-08-22T1200,3216A,117.662,24.5187,漳州市,漳州党校,,32,25,21,17,12,102,NA,38,38,5,13,/,/,/,/
2026-08-22T1200,3237A,117.4918,30.6617,池州市,展览馆,,29,29,24,13,10,89,NA,43,43,7,15,4,5,0.4,0.4
2026-08-22T1200,3241A,103.7439,36.0841,兰州市,百合公园,颗粒物(PM10),64,69,29,21,18,106,NA,48,48,7,31,11,6,0.3,0.3
2026-08-22T1200,3242A,103.9613,35.9985,兰州市,和平,颗粒物(PM10),63,68,28,12,11,107,NA,58,58,2,9,10,10,0.5,0.5
2026-08-22T1200,3247A,104.9551,33.3709,陇南市,市总工会,,33,33,24,16,10,62,NA,37,37,11,6,11,9,0.5,0.4
2026-08-22T1200,3248A,98.2644,39.7723,嘉峪关市,雄关区,颗粒物(PM10),78,88,40,29,12,101,NA,96,87,24,12,37,20,1.4,0.5
2026-08-22T1200,3265A,121.4242,31.3303,上海市,宝山庙行,,20,20,21,9,9,53,NA,40,40,4,8,5,5,0.3,0.2
2026-08-22T1200,3266A,121.8789,31.4662,上海市,崇明上实东滩,,20,14,14,9,9,63,NA,52,52,3,4,6,6,0.2,0.2
2026-08-22T1200,3268A,121.316,31.2839,上海市,嘉定南翔,,17,12,13,6,8,53,NA,41,41,5,7,6,6,0.2,0.1
2026-08-22T1200,3269A,121.3357,30.7455,上海市,金山新城,,21,15,15,11,8,66,NA,48,48,1,4,4,4,0.5,0.5
2026-08-22T1200,3270A,121.4996,31.0741,上海市,闵行浦江,,16,12,14,8,8,50,NA,38,38,5,8,6,6,0.5,0.5
2026-08-22T1200,3271A,121.2886,31.1663,上海市,青浦徐泾,,16,10,14,7,8,50,NA,37,37,2,3,5,5,0.4,0.3
2026-08-22T1200,3272A,121.2193,31.0382,上海市,松江图书馆,,20,16,19,9,10,64,NA,44,44,4,10,6,6,0.3,0.3
2026-08-22T1200,3273A,121.3904,31.206,上海市,长宁仙霞,,14,10,14,8,9,42,NA,34,34,5,7,4,4,0.2,0.2
2026-08-22T1200,3274A,121.7964,31.0507,上海市,浦东惠南,NA,NA,NA,15,18,9,62,NA,51,51,NA,7,9,8,NA,0.6
2026-08-22T1200,3282A,113.3399,40.0586,大同市,大同市卫生学校,,37,30,31,19,17,117,NA,97,91,13,13,10,8,0.8,0.6
2026-08-22T1200,3283A,109.9154,40.5684,包头市,滨河大厦,,30,NA,26,13,22,94,NA,66,64,8,14,5,6,0.5,0.5
2026-08-22T1200,3284A,106.8129,39.7274,乌海市,海北新区,颗粒物(PM10),51,51,50,26,18,60,NA,68,56,20,17,21,11,1.0,0.6
2026-08-22T1200,3285A,113.1383,40.9513,乌兰察布市,北京八中,,40,24,39,2,14,127,NA,80,80,5,11,4,7,0.2,0.4
2026-08-22T1200,3286A,118.9359,42.3146,赤峰市,桥北物流园区,,43,31,33,22,24,135,NA,68,68,8,19,4,11,0.6,0.6
2026-08-22T1200,3287A,119.3842,32.198,镇江市,富润路1号,,25,25,21,17,14,77,NA,40,40,7,10,5,5,0.4,0.4
2026-08-22T1200,3288A,117.4619,34.4368,徐州市,大泉街道,,25,14,16,11,8,77,NA,42,42,1,6,6,6,0.3,0.3
2026-08-22T1200,3289A,120.7431,31.3188,苏州市,方洲路,,20,13,14,9,8,63,NA,38,38,9,13,8,8,0.5,0.5
2026-08-22T1200,3290A,120.4979,31.2777,苏州市,木渎中学,,21,10,12,5,5,65,NA,42,42,7,10,4,4,0.6,0.6
2026-08-22T1200,3291A,121.0631,32.0644,南通市,通州监测站,,19,7,10,1,2,58,NA,43,43,5,6,3,2,0.8,0.7
2026-08-22T1200,3293A,120.1518,33.3369,盐城市,月亮广场,,15,3,11,3,5,48,NA,42,42,2,2,9,9,0.3,0.3
2026-08-22T1200,3294A,119.565282,32.422263,扬州市,引江管理处,,36,36,18,6,9,65,NA,40,40,2,2,2,3,0.5,0.5
2026-08-22T1200,3295A,120.1226,32.515,泰州市,姜堰区政府广场,,22,21,17,5,8,68,NA,49,49,2,3,6,9,0.5,0.5
2026-08-22T1200,3298A,113.5718,23.5493,广州市,从化街口,,35,34,28,24,17,92,NA,36,36,8,16,6,7,0.6,0.6
2026-08-22T1200,3299A,113.3463,23.369,广州市,白云竹料,颗粒物(PM10),54,55,31,34,15,82,NA,31,31,22,27,4,4,0.6,0.6
2026-08-22T1200,3300A,113.2981,23.2365,广州市,白云嘉禾,NA,NA,44,20,18,10,84,NA,33,33,NA,26,7,6,/,/
2026-08-22T1200,3301A,113.4256,23.1716,广州市,黄埔科学城,,26,22,19,18,10,44,NA,25,25,23,23,4,6,0.5,0.5
2026-08-22T1200,3302A,113.3942,23.0485,广州市,番禺大学城,NA,NA,NA,16,NA,8,NA,NA,42,42,NA,17,NA,7,NA,0.4
2026-08-22T1200,3303A,113.4923,22.8169,广州市,南沙黄阁,,37,29,17,18,10,116,NA,53,53,10,13,9,8,/,/
2026-08-22T1200,3304A,113.534,22.7893,广州市,南沙街,,35,17,16,13,9,112,NA,54,54,12,12,6,6,0.5,0.5
2026-08-22T1200,3305A,114.0614,22.556,深圳市,莲花,,20,20,16,12,7,31,NA,27,27,11,8,/,/,/,/
2026-08-22T1200,3306A,114.0144,22.6163,深圳市,民治,,29,29,18,15,8,59,NA,39,39,20,18,/,/,/,/
2026-08-22T1200,3307A,114.1756,22.6421,深圳市,横岗,,24,18,13,8,8,74,NA,30,30,14,25,/,/,/,/
2026-08-22T1200,3308A,113.3493,22.0572,珠海市,金湾,,21,NA,11,8,8,65,NA,54,54,3,4,/,/,0.5,0.5
2026-08-22T1200,3311A,113.1077,22.5647,江门市,江海富民,,28,28,34,10,9,87,NA,52,52,10,10,/,/,0.4,0.4
2026-08-22T1200,3313A,112.4572,23.0163,肇庆市,高要湖西,,30,30,20,14,12,83,NA,30,30,10,13,6,10,0.7,0.7
2026-08-22T1200,3314A,114.4334,22.8134,惠州市,惠阳秋长,,21,5,14,4,5,67,NA,46,46,7,7,/,/,/,/
2026-08-22T1200,3315A,116.1234,24.2994,梅州市,梅龙,,26,17,14,12,8,82,NA,34,34,5,8,6,9,0.6,0.5
2026-08-22T1200,3317A,111.9785,21.8954,阳江市,两阳中学,,20,13,13,8,10,61,NA,38,38,7,11,/,/,0.5,0.5
2026-08-22T1200,3318A,112.9898,23.7403,清远市,清新太和,,37,37,27,19,13,110,NA,53,53,11,15,8,9,0.5,0.5
2026-08-22T1200,3319A,113.7283,23.041,东莞市,万江金泰,,37,23,18,17,10,118,NA,55,55,14,15,4,4,0.9,0.8
2026-08-22T1200,3320A,116.4028,23.5699,揭阳市,曲溪,,28,28,22,15,11,86,NA,50,50,8,12,3,5,0.5,0.5
2026-08-22T1200,3323A,115.2772,40.9723,张家口市,青少年活动中心,,43,NA,30,24,25,136,NA,91,91,3,5,4,4,0.3,0.3
2026-08-22T1200,3324A,116.8011,38.294,沧州市,河北水利电力学院,,38,31,23,26,17,108,NA,53,53,2,5,5,6,0.4,0.3
2026-08-22T1200,3325A,117.0362,39.3827,天津市,雍阳西道,,35,18,30,10,16,112,NA,52,52,2,17,6,7,0.5,0.5
2026-08-22T1200,3326A,117.0291,39.0612,天津市,辛老路,,37,26,21,15,11,118,NA,69,69,10,11,5,5,0.5,0.2
2026-08-22T1200,3327A,116.9638,38.9374,天津市,地纬路,,37,13,21,8,12,116,NA,63,63,6,14,5,6,0.4,0.5
2026-08-22T1200,3328A,118.4209,31.3704,芜湖市,市气象局,,22,6,17,5,9,69,NA,33,31,1,7,5,5,0.5,0.5
2026-08-22T1200,3329A,117.011,32.5891,淮南市,山南新区,,21,7,8,4,9,66,NA,41,41,4,8,12,13,0.1,0.2
2026-08-22T1200,3331A,118.3268,32.2633,滁州市,图书馆,,24,13,12,8,9,74,NA,45,45,4,8,7,7,0.3,0.3
2026-08-22T1200,3332A,115.7631,33.803,亳州市,亳州学院,,22,14,12,3,7,68,NA,36,36,4,7,2,3,0.2,0.3
2026-08-22T1200,3333A,117.5626,30.695,池州市,第八中学,,29,28,26,20,14,68,NA,36,36,11,17,4,5,0.7,0.7
2026-08-22T1200,3334A,117.5037,30.6242,池州市,第十二中学,,25,25,26,15,13,79,NA,40,40,8,15,2,3,0.8,0.8
2026-08-22T1200,3335A,113.3137,35.2643,焦作市,马村街道办,,36,26,32,25,19,106,NA,75,75,5,7,6,6,0.3,0.4
2026-08-22T1200,3336A,113.2464,35.2374,焦作市,焦作技师学院,,38,38,35,23,18,112,NA,73,73,4,6,8,7,0.5,0.5
2026-08-22T1200,3337A,113.8611,34.0443,许昌市,许昌学院,,33,NA,29,21,18,105,NA,53,53,2,9,5,5,0.4,0.4
2026-08-22T1200,3338A,113.8428,34.0825,许昌市,芙蓉广场,,36,30,32,15,21,113,NA,57,57,4,15,6,6,0.2,0.3
2026-08-22T1200,3339A,114.0002,33.0404,驻马店市,小管楼,,28,18,22,14,16,87,NA,45,45,5,13,3,3,0.1,0.2
2026-08-22T1200,3340A,112.6005,34.6323,洛阳市,伊滨,,43,NA,32,30,22,102,NA,48,48,6,13,18,8,0.4,0.5
2026-08-22T1200,3341A,112.495,34.6338,洛阳市,中移产业园,,31,25,37,19,24,97,NA,51,51,2,11,9,9,1.0,1.1
2026-08-22T1200,3342A,128.7948,47.7291,伊春市,中心小学,,19,13,15,5,7,58,NA,41,41,2,4,1,1,0.6,0.5
2026-08-22T1200,3343A,128.6736,47.729,伊春市,检察院,,13,8,22,4,7,41,NA,29,29,2,3,6,6,0.4,0.4
2026-08-22T1200,3345A,131.0413,45.7795,七台河市,中波台,,30,13,12,10,10,94,NA,50,50,6,10,4,4,0.4,0.4
2026-08-22T1200,3346A,108.3871,31.1627,重庆市,安康,,24,15,14,14,13,75,NA,39,39,4,8,8,8,0.6,0.6
2026-08-22T1200,3347A,105.8983,29.36,重庆市,北山路,,44,44,31,29,29,129,NA,50,50,13,14,9,8,0.8,0.7
2026-08-22T1200,3350A,106.648859,29.023807,重庆市,滩子口,,30,21,30,13,17,93,NA,37,37,6,11,12,11,0.3,0.4
2026-08-22T1200,3351A,105.7164,29.7077,重庆市,棠香,NA,NA,56,41,NA,24,110,NA,50,50,8,10,6,6,0.6,0.7
2026-08-22T1200,3352A,107.0733,29.8618,重庆市,桃源西路,NA,NA,17,35,17,24,89,NA,42,42,5,8,8,12,NA,0.4
2026-08-22T1200,3353A,107.3536,29.7283,重庆市,迎宾大道,细颗粒物(PM2.5),54,NA,31,37,23,126,NA,48,48,11,14,6,6,0.6,0.6
2026-08-22T1200,3354A,108.8152,29.5079,重庆市,舟白,,23,14,26,13,13,72,NA,31,31,6,5,10,10,0.4,0.4
2026-08-22T1200,3355A,108.3679,30.8429,重庆市,周家坝,,29,13,28,11,16,90,NA,42,42,5,15,6,6,0.4,0.5
2026-08-22T1200,3356A,108.4323,30.7554,重庆市,百安坝,,29,16,24,12,15,91,NA,57,57,6,10,19,14,0.4,0.4
2026-08-22T1200,3357A,104.0028,30.6891,成都市,金博路,细颗粒物(PM2.5),109,70,48,69,46,78,NA,30,30,26,27,9,8,1.4,1.3
2026-08-22T1200,3359A,104.056,30.5228,成都市,华阳,细颗粒物(PM2.5),96,75,50,58,35,100,NA,42,42,22,17,1,1,1.1,1
2026-08-22T1200,3360A,104.7894,29.3197,自贡市,南湖救助站,,45,36,41,31,33,132,NA,65,65,9,9,7,7,0.9,0.9
2026-08-22T1200,3361A,103.7313,29.563,乐山市,理工大学,,22,8,20,1,10,68,NA,61,61,7,8,3,2,0.6,0.7
2026-08-22T1200,3363A,117.9883,36.8372,淄博市,新区,,30,14,18,6,10,94,NA,42,42,9,17,8,9,0.6,0.7
2026-08-22T1200,3364A,117.316,34.8106,枣庄市,市环保局,,26,22,16,5,5,81,NA,42,42,5,8,5,5,0.3,0.3
2026-08-22T1200,3365A,118.5721,37.5654,东营市,垦利区民丰路,,20,5,10,0,7,62,NA,42,42,4,10,1,1,0.4,0.4
2026-08-22T1200,3366A,121.5202,37.4336,烟台市,中国农业大学,,18,0,2,0,0,57,NA,36,36,2,6,8,7,0.5,0.6
2026-08-22T1200,3368A,119.1978,36.6871,潍坊市,高新实验学校,NA,NA,22,15,1,1,49,NA,30,30,5,8,5,4,NA,0.2
2026-08-22T1200,3370A,118.3563,35.0215,临沂市,十里堡居委,,23,19,5,12,4,73,NA,30,30,9,10,11,10,0.9,0.6
2026-08-22T1200,3371A,116.3693,37.44,德州市,开发区人民医院,颗粒物(PM10),53,53,32,25,16,152,NA,64,64,11,15,11,9,0.7,0.6
2026-08-22T1200,3374A,115.5562,35.089,菏泽市,定陶老年大学,,21,14,19,5,10,67,NA,40,40,4,9,3,4,0.3,0.4
2026-08-22T1200,3375A,102.8016,24.8336,昆明市,青年创业园,,30,26,22,15,14,96,NA,55,55,4,15,6,6,0.5,0.5
2026-08-22T1200,3376A,103.7926,25.4651,曲靖市,南苑二区,,34,22,24,17,16,108,NA,55,55,2,7,4,4,0.6,0.7
2026-08-22T1200,3377A,103.7442,25.5259,曲靖市,曲靖师范学院,,35,22,25,22,16,109,NA,52,52,7,15,7,6,0.6,0.6
2026-08-22T1200,3379A,122.1122,40.2275,营口市,鲅鱼圈市民活动中心,,21,11,17,0,5,66,NA,40,40,2,11,8,8,0.4,0.4
2026-08-22T1200,3380A,102.8915,34.9618,甘南藏族自治州,甘肃民族师范学院,,32,21,31,12,16,100,NA,39,39,8,18,5,5,0.4,0.4
2026-08-22T1200,3396A,112.0764,32.0089,襄阳市,襄城隆中路,,34,28,34,14,21,106,NA,51,51,5,10,7,6,0.6,0.7
2026-08-22T1200,3397A,112.1154,32.103,襄阳市,高新台子湾,,31,26,28,18,20,97,NA,50,50,1,8,8,7,0.5,0.5
2026-08-22T1200,3398A,114.9134,30.4446,黄冈市,市林业局,,32,16,17,8,8,101,NA,60,60,5,9,5,4,0.2,0.2
2026-08-22T1200,3399A,112.6703,26.8817,衡阳市,师范学院,颗粒物(PM10),53,53,32,22,21,111,NA,70,70,3,7,10,13,0.9,0.9
2026-08-22T1200,3400A,109.1844,21.4396,北海市,龙潭自来水厂,,20,14,11,4,2,64,NA,58,57,3,3,2,2,0.6,0.6
2026-08-22T1200,3401A,108.4829,22.762,南宁市,红星社区,,22,NA,14,15,7,52,NA,39,38,6,8,6,5,0.6,0.6
2026-08-22T1200,3402A,109.5422,24.3994,柳州市,市二中,,28,NA,29,19,22,61,NA,44,44,7,11,8,7,0.6,0.6
2026-08-22T1200,3404A,108.5959,21.9634,钦州市,北职校,NA,NA,NA,20,3,8,43,NA,NA,NA,5,6,1,4,0.3,0.5
2026-08-22T1200,3405A,109.5886,23.1172,贵港市,新世纪学校,,24,24,16,14,11,75,NA,34,34,10,11,/,/,0.7,0.7
2026-08-22T1200,3407A,120.6915,30.7741,嘉兴市,秀洲住建,,21,9,10,2,3,67,NA,34,34,6,10,3,4,0.4,0.4
2026-08-22T1200,3408A,120.5685,29.936,绍兴市,绍兴中专,,25,11,17,10,6,80,NA,40,40,2,8,4,4,0.7,0.7
2026-08-22T1200,3409A,120.4905,30.086,绍兴市,柯桥区政府,,24,16,18,14,12,74,NA,43,43,13,14,6,6,0.5,0.6
2026-08-22T1200,3410A,120.8751,30.0249,绍兴市,重华小学,,23,10,19,9,10,71,NA,31,31,5,10,3,3,0.7,0.7
2026-08-22T1200,3411A,120.837,30.0137,绍兴市,上虞中学,,22,13,20,8,10,69,NA,30,30,6,12,3,3,0.4,0.4
2026-08-22T1200,3416A,119.1758,36.7139,潍坊市,潍坊学院,,14,14,13,2,2,44,NA,26,26,9,15,4,4,0.3,0.3
2026-08-22T1200,3418A,116.8336,40.4095,北京市,密云新城,,32,32,30,21,21,71,NA,48,48,4,6,3,2,0.6,0.5
2026-08-22T1200,3419A,109.9449,40.6259,包头市,包头市委党校,,30,NA,25,15,22,96,NA,83,77,17,16,11,7,0.8,0.5
2026-08-22T1200,3421A,113.1776,40.9779,乌兰察布市,市委党校,,45,25,28,14,18,141,NA,98,98,5,10,6,3,0.3,0.4
2026-08-22T1200,3422A,118.8443,31.919,南京市,江宁彩虹桥,,29,18,22,6,7,91,NA,46,46,3,11,3,4,0.4,0.5
2026-08-22T1200,3425A,120.642,31.1733,苏州市,越秀幼儿园,,22,11,16,11,9,68,NA,39,39,3,7,2,2,0.6,0.6
2026-08-22T1200,3426A,118.8757,33.2897,淮安市,新华书店,,19,9,12,8,6,59,NA,38,38,2,5,8,9,0.8,0.8
2026-08-22T1200,3427A,118.8497,32.3599,南京市,六合雄州,,23,23,22,8,4,67,NA,38,38,4,7,4,4,0.7,0.6
2026-08-22T1200,3429A,119.8595,31.706,常州市,武进经发区,,28,28,23,11,9,78,NA,41,41,8,10,6,6,0.7,0.6
2026-08-22T1200,3430A,119.5812,31.7256,常州市,金坛城区,,24,20,11,12,9,74,NA,44,44,11,11,7,7,0.7,0.6
2026-08-22T1200,3431A,120.6502,31.4117,苏州市,高铁新城,NA,NA,6,19,5,8,60,NA,37,37,NA,14,5,6,0.5,0.5
2026-08-22T1200,3432A,120.9348,31.9874,南通市,环境教育馆,,17,12,14,2,3,54,NA,37,37,2,5,5,5,0.4,0.4
2026-08-22T1200,3434A,119.2414,34.6539,连云港市,工贸学校,,19,10,14,6,5,60,NA,41,41,1,4,6,7,0.2,0.3
2026-08-22T1200,3435A,119.9186,32.4322,泰州市,周山河街区,,22,10,18,6,7,69,NA,56,56,2,4,7,8,0.4,0.4
2026-08-22T1200,3436A,120.4283,33.2048,盐城市,大丰高级中学,,19,9,9,5,4,59,NA,50,50,1,1,8,8,0.3,0.3
2026-08-22T1200,3437A,88.3088,43.3637,乌鲁木齐市,达坂城区环保局,,44,44,165,2,24,98,NA,73,72,4,4,14,12,0.3,0.3
2026-08-22T1200,3438A,87.6132,43.8791,乌鲁木齐市,红光山片区,颗粒物(PM10),61,65,154,16,31,84,NA,36,36,22,26,4,3,0.3,0.5
2026-08-22T1200,3439A,87.7008,43.8003,乌鲁木齐市,新师大温泉校区,,48,48,190,2,31,98,NA,72,72,9,12,9,8,0.2,0.3
2026-08-22T1200,3440A,87.4892,43.84,乌鲁木齐市,大绿谷,,34,34,114,23,27,75,NA,52,52,25,22,2,1,0.5,0.4
2026-08-22T1200,3441A,87.5461,44.1909,五家渠市,经开区管委会,颗粒物(PM10),96,114,129,27,24,64,NA,34,28,15,9,10,2,0.6,0.3
2026-08-22T1200,3442A,86.047,44.2331,石河子市,南区管委会,颗粒物(PM10),69,76,63,8,10,74,NA,48,46,11,9,15,10,0.5,0.4
2026-08-22T1200,3443A,113.2905,23.5541,广州市,花都梯面,,29,25,23,16,10,92,NA,34,34,6,17,5,4,/,/
2026-08-22T1200,3444A,116.4539,23.2684,汕头市,潮南峡山,,19,1,12,0,4,60,NA,52,52,3,4,6,7,0.4,0.4
2026-08-22T1200,3445A,113.786,23.7479,广州市,从化良口,,27,19,15,12,12,86,NA,39,39,6,9,5,5,/,/
2026-08-22T1200,3446A,113.805,23.2614,广州市,增城荔城,,26,19,21,11,12,82,NA,36,36,10,17,7,8,0.5,0.5
2026-08-22T1200,3447A,114.344,22.7115,深圳市,坪山,,16,13,16,10,8,50,NA,33,33,18,12,4,4,0.9,0.8
2026-08-22T1200,3448A,113.5436,22.1163,珠海市,横琴,,23,19,14,12,8,72,NA,52,52,8,3,/,/,/,/
2026-08-22T1200,3449A,113.0496,22.4669,江门市,新会银湖,,27,18,17,12,9,84,NA,41,41,5,10,1,2,0.5,0.5
2026-08-22T1200,3450A,111.0101,21.5165,茂名市,电白水东,,19,12,15,8,8,60,NA,48,48,5,6,3,3,/,/
2026-08-22T1200,3451A,112.5617,23.2082,肇庆市,鼎湖凤凰,,29,18,20,16,11,90,NA,38,38,15,13,5,6,/,/
2026-08-22T1200,3452A,114.6521,22.7755,惠州市,大亚湾霞涌,,15,6,9,4,4,47,NA,43,38,9,9,/,/,/,/
2026-08-22T1200,3453A,112.0125,21.8749,阳江市,阳东陶然,,20,10,16,9,12,63,NA,38,38,5,8,4,4,0.5,0.5
2026-08-22T1200,3454A,113.3527,22.4781,中山市,中山南区,,46,NA,10,32,11,109,NA,56,56,8,6,7,7,0.2,0.2
2026-08-22T1200,3455A,113.076,23.72,清远市,清城东城,,34,19,27,10,15,107,NA,50,50,8,15,/,/,/,/
2026-08-22T1200,3456A,114.2887,38.0905,石家庄市,鹿泉一中,细颗粒物(PM2.5),62,51,56,41,47,142,NA,84,84,4,4,3,3,0.6,0.6
2026-08-22T1200,3457A,118.4357,39.277,唐山市,冀东油田职工医院,,25,19,21,6,19,80,NA,50,50,3,10,3,2,0.1,0.1
2026-08-22T1200,3458A,114.7893,36.5592,邯郸市,香泉濮院小区,细颗粒物(PM2.5),66,45,40,43,38,167,NA,92,92,10,16,3,3,0.7,0.5
2026-08-22T1200,3459A,115.599,37.5491,衡水市,地表水厂,细颗粒物(PM2.5),52,51,49,36,26,150,NA,64,64,6,19,2,3,0.7,0.7
2026-08-22T1200,3460A,117.4065,40.0583,天津市,北环路,,30,23,31,14,19,94,NA,66,66,3,7,6,7,0.7,0.6
2026-08-22T1200,3461A,117.3041,39.7167,天津市,建设路,,31,17,29,11,18,98,NA,50,50,2,13,12,11,0.8,0.7
2026-08-22T1200,3462A,117.8201,39.3519,天津市,滨水东路,,33,10,28,5,14,104,NA,48,48,9,20,13,12,0.5,0.5
2026-08-22T1200,3463A,116.9708,33.5911,宿州市,社会福利中心,,21,17,13,4,6,65,NA,40,40,4,6,6,6,0.3,0.3
2026-08-22T1200,3464A,117.3802,31.9148,合肥市,高教基地,,21,19,15,3,7,66,NA,40,40,4,7,7,8,0.4,0.4
2026-08-22T1200,3465A,118.4783,31.3226,芜湖市,清苑社区,,18,NA,16,7,9,56,NA,30,30,7,14,3,3,0.4,0.4
2026-08-22T1200,3466A,118.2746,31.2326,芜湖市,扬子职业技术学院,,13,10,18,6,10,39,NA,39,28,8,12,4,4,0.4,0.4
2026-08-22T1200,3468A,115.79,32.8614,阜阳市,市规划展馆,,34,34,23,12,8,70,NA,36,36,7,7,2,2,0.4,0.4
2026-08-22T1200,3469A,115.835101,32.918568,阜阳市,枣园社区,,38,38,22,14,11,50,NA,24,24,9,12,3,3,0.3,0.3
2026-08-22T1200,3471A,113.6104,34.8688,郑州市,惠济区政府,,41,29,35,20,25,129,NA,74,74,4,11,2,2,0.6,0.6
2026-08-22T1200,3473A,114.2485,34.8306,开封市,技师学院,,31,24,34,15,22,99,NA,56,56,2,12,3,3,0.8,0.8
2026-08-22T1200,3474A,114.2616,35.6824,鹤壁市,大新区,颗粒物(PM10),63,68,38,35,29,132,NA,88,88,5,8,4,4,0.9,0.7
2026-08-22T1200,3475A,113.9189,35.3042,新乡市,市政府,,40,40,40,27,24,127,NA,76,76,7,11,6,6,0.4,0.4
2026-08-22T1200,3477A,113.1656,35.2536,焦作市,中站许衡医院,,39,30,28,27,17,116,NA,87,87,3,5,7,6,0.4,0.3
2026-08-22T1200,3478A,113.9691,33.568,漯河市,市图书馆,,27,24,25,12,14,86,NA,52,52,5,10,8,8,0.5,0.5
2026-08-22T1200,3481A,125.127,46.6277,大庆市,萨区政府监测点,,25,25,20,13,9,50,NA,31,31,4,5,6,6,0.3,0.3
2026-08-22T1200,3482A,107.754,29.3275,重庆市,芙蓉中路,,25,11,18,6,11,79,NA,26,26,4,8,10,10,0.6,0.6
2026-08-22T1200,3484A,106.2629,29.3202,重庆市,行政中心,细颗粒物(PM2.5),60,51,43,40,31,166,NA,64,64,16,26,17,19,0.8,0.8
2026-08-22T1200,3486A,124.4029,43.1411,四平市,植物园,,36,28,37,15,30,115,NA,76,76,3,18,4,5,0.6,0.5
2026-08-22T1200,3488A,104.387954,30.746684,成都市,青白江技师分院,细颗粒物(PM2.5),64,52,40,42,29,89,NA,31,31,21,22,5,5,1.0,0.9
2026-08-22T1200,3489A,104.0788,30.4054,成都市,科学城,NA,NA,82,36,54,27,NA,NA,31,NA,NA,12,NA,8,NA,1
2026-08-22T1200,3491A,104.6899,31.5324,绵阳市,西科大附属小学,,36,34,45,22,29,113,NA,38,38,11,20,8,8,0.4,0.5
2026-08-22T1200,3492A,104.5647,31.5343,绵阳市,安州区旅游局,,38,30,40,24,28,121,NA,52,52,9,13,6,4,0.3,0.3
2026-08-22T1200,3494A,117.1673,36.9782,济南市,济阳区政府,,40,29,35,14,13,125,NA,55,55,10,16,9,10,0.3,0.3
2026-08-22T1200,3495A,117.1168,36.6299,济南市,锦屏中学,,33,24,28,8,14,105,NA,46,46,6,8,3,3,0.3,0.3
2026-08-22T1200,3496A,118.359,35.1067,临沂市,南坊新区,,27,19,13,9,5,85,NA,33,33,12,14,11,9,0.6,0.5
2026-08-22T1200,3498A,118.5063,37.8606,东营市,河口城区,,23,5,5,0,1,71,NA,42,42,1,4,3,3,0.7,0.7
2026-08-22T1200,3500A,116.5808,35.3703,济宁市,北湖一中,,26,26,22,8,5,78,NA,36,36,6,8,6,4,0.5,0.5
2026-08-22T1200,3501A,116.8251,35.5592,济宁市,服务中心,,24,24,20,4,5,75,NA,34,34,2,9,3,2,0.5,0.5
2026-08-22T1200,3502A,117.1812,36.2273,泰安市,国网新校,,28,NA,10,7,12,87,NA,51,51,4,7,9,14,0.7,0.6
2026-08-22T1200,3503A,117.0315,36.2017,泰安市,交通技校,,26,15,15,3,6,82,NA,46,46,2,7,6,5,0.6,0.5
2026-08-22T1200,3504A,117.083,36.13,泰安市,山东第一医科大学,,28,12,19,5,11,87,NA,43,43,6,12,8,9,0.2,0.2
2026-08-22T1200,3505A,122.1379,37.3414,威海市,临港区管委会,,15,2,1,0,0,48,NA,38,38,4,5,6,6,0.1,0.1
2026-08-22T1200,3507A,119.5326,35.4627,日照市,职业技术学院,,19,9,7,5,1,58,NA,39,39,2,3,9,8,0.3,0.3
2026-08-22T1200,3511A,116.5687,37.3331,德州市,陵城艺术中心,,46,46,31,22,16,138,NA,54,54,6,9,10,9,0.6,0.5
2026-08-22T1200,3513A,116.0443,36.436,聊城市,九州社区,NA,NA,25,31,4,12,108,NA,55,55,NA,12,7,8,0.4,0.4
2026-08-22T1200,3514A,117.9379,37.3959,滨州市,中海酒店,,38,17,18,2,7,119,NA,60,60,6,12,9,10,0.2,0.3
2026-08-22T1200,3515A,117.9381509,37.35547456,滨州市,开发区一中,,31,27,21,2,8,99,NA,42,42,2,12,12,13,0.0,0.1
2026-08-22T1200,3516A,118.0914,37.6938,滨州市,金海六路,,31,12,16,6,10,97,NA,52,52,7,11,12,9,0.3,0.4
2026-08-22T1200,3520A,106.3495,38.9837,石嘴山市,妇女儿童医院,,38,28,32,26,21,118,NA,82,82,6,14,8,11,0.5,0.6
2026-08-22T1200,3521A,106.7495,39.2068,石嘴山市,石大公路,颗粒物(PM10),63,67,40,25,16,106,NA,68,68,28,17,21,9,1.2,0.5
2026-08-22T1200,3523A,106.5105,38.3857,银川市,滨河新区,,39,39,41,17,17,113,NA,65,65,12,12,10,15,0.6,0.7
2026-08-22T1200,3525A,108.6394,34.408,咸阳市,奥体中心,,41,41,42,19,30,121,NA,85,85,4,10,4,3,0.4,0.4
2026-08-22T1200,3526A,119.5188,25.9666,福州市,吴航,,26,26,18,16,7,57,NA,33,33,10,11,8,6,0.8,0.7
2026-08-22T1200,3527A,118.0961,24.5689,厦门市,集美中学,,45,25,22,18,15,142,NA,66,66,9,11,4,2,0.3,0.2
2026-08-22T1200,3528A,118.1502,24.7246,厦门市,同安二实小,,41,27,11,22,10,130,NA,61,61,10,7,2,2,0.8,0.7
2026-08-22T1200,3530A,117.6288,24.5309,漳州市,西洋坪路,,29,28,24,10,10,91,NA,33,33,3,10,2,3,0.6,0.7
2026-08-22T1200,3531A,110.296,25.1254,桂林市,旅游学院,,27,26,29,13,20,85,NA,66,66,2,4,2,7,0.4,0.4
2026-08-22T1200,3532A,110.1951,22.6832,玉林市,玉林师范学院东校区,,21,14,14,3,8,66,NA,31,31,4,9,2,2,0.4,0.4
2026-08-22T1200,3533A,110.0527,22.5894,玉林市,福绵环保局,NA,NA,18,15,2,6,58,NA,29,29,10,9,4,4,NA,0.5
2026-08-22T1200,3534A,111.4744,24.455,贺州市,西湾,NA,NA,NA,26,14,10,58,NA,48,48,6,8,10,10,NA,0.4
2026-08-22T1200,3535A,109.1781,23.7293,来宾市,兴宾区政府,,18,16,17,12,6,52,NA,45,45,7,10,6,7,0.6,0.5
2026-08-22T1200,3538A,107.5175,26.2977,黔南布依族苗族自治州,沙坝,,26,24,23,17,14,82,NA,43,43,3,8,3,4,0.6,0.7
2026-08-22T1200,3539A,110.5111,19.9737,海口市,桂林洋子站,,18,14,15,7,7,56,NA,34,34,3,6,/,/,/,/
2026-08-22T1200,3540A,109.7348,18.3443,三亚市,君悦子站,,20,12,13,6,4,62,NA,52,52,4,5,4,4,0.4,0.3
2026-08-22T1200,3541A,109.5726195,19.51688767,儋州市,第一中学子站,,16,12,9,5,4,50,NA,41,41,2,2,3,2,0.4,0.4
2026-08-22T1200,3542A,109.5567,19.5187,儋州市,东坡学校子站,,16,7,7,5,3,50,NA,41,41,3,2,4,4,0.4,0.4
2026-08-22T1200,3544A,121.4891,30.925,上海市,奉贤南桥新城,,18,16,14,8,8,56,NA,40,40,2,6,3,3,0.2,0.2
2026-08-22T1200,3545A,110.8053,32.8401,十堰市,郧阳区金沙路,,26,21,25,15,20,82,NA,47,47,6,7,10,9,0.6,0.7
2026-08-22T1200,3546A,111.4606,30.5519,宜昌市,猇亭区张家湾站,,28,20,23,5,10,88,NA,50,50,2,5,6,6,0.3,0.3
2026-08-22T1200,3547A,112.1631,31.0134,荆门市,龙泉中学南校,,31,26,22,8,15,97,NA,86,86,5,6,8,8,0.7,0.7
2026-08-22T1200,3549A,109.5061,30.3771,恩施土家族苗族自治州,龙凤新区,,30,20,25,12,16,94,NA,42,42,4,6,6,6,0.4,0.4
2026-08-22T1200,3550A,102.8,24.9787,昆明市,昆明学院,,30,28,28,18,15,95,NA,56,56,10,16,4,5,0.6,0.6
2026-08-22T1200,3551A,102.5969,24.6738,昆明市,晋宁区生态环境分局,,36,NA,20,25,18,98,NA,56,56,8,10,6,3,0.5,0.6
2026-08-22T1200,3552A,102.6673,24.9861,昆明市,云天化总部,,26,20,19,9,12,83,NA,69,69,8,14,5,5,0.7,0.7
2026-08-22T1200,3557A,119.9463,30.0496,杭州市,镇二中,,24,23,20,11,9,74,NA,30,30,9,14,6,6,0.5,0.5
2026-08-22T1200,3558A,119.7184,30.2367,杭州市,市府大楼,,26,NA,13,16,9,81,NA,43,43,4,7,8,8,0.4,0.4
2026-08-22T1200,3560A,120.4715,30.0414,绍兴市,柯桥妇保,,27,NA,20,18,11,84,NA,43,43,7,7,7,7,0.5,0.4
2026-08-22T1200,3561A,120.6985,27.9252,温州市,茶山,,19,14,14,7,3,59,NA,34,34,10,10,/,/,/,/
2026-08-22T1200,3562A,120.4146,30.8538,湖州市,南浔区站,,20,9,13,4,8,61,NA,37,37,4,10,5,6,0.3,0.4
2026-08-22T1200,3564A,121.25678,28.66823971,台州市,台州科技职业学院,,25,16,12,9,8,80,NA,33,33,9,13,7,7,0.5,0.5
2026-08-22T1200,3565A,113.1371,40.1122,大同市,云冈站,,43,43,30,25,18,94,NA,78,72,18,10,10,7,0.6,0.5
2026-08-22T1200,3566A,113.1186,40.2556,大同市,图书馆,,33,27,30,17,17,103,NA,69,68,5,9,9,7,0.6,0.6
2026-08-22T1200,3567A,113.5931,40.0459,大同市,区一中,,38,29,25,19,16,120,NA,96,96,7,8,7,6,0.7,0.6
2026-08-22T1200,3568A,113.0603,36.0464,长治市,向阳小学,,43,43,37,23,22,110,NA,49,49,5,5,11,10,0.9,1
2026-08-22T1200,3569A,112.8788,36.315,长治市,屯留一中,,46,39,38,32,29,114,NA,61,61,6,10,10,11,1.3,1.4
2026-08-22T1200,3571A,112.2938,39.5296,朔州市,一水厂,,35,35,40,16,18,112,NA,68,64,4,13,1,3,0.6,0.5
2026-08-22T1200,3575A,118.0927,39.5807,唐山市,正泰大街热力站,,30,5,31,5,17,95,NA,57,57,2,7,6,6,0.4,0.5
2026-08-22T1200,3576A,118.1561,39.8322,唐山市,丰润区政府,,29,20,32,9,15,92,NA,57,57,3,14,4,5,0.5,0.6
2026-08-22T1200,3577A,118.436906,39.73802,唐山市,金山小学,,31,7,28,6,32,99,NA,61,61,7,16,3,3,0.2,0.3
2026-08-22T1200,3578A,118.2449,39.6693,唐山市,政府服务中心,NA,NA,27,42,4,23,98,NA,52,52,NA,8,2,4,0.5,0.5
2026-08-22T1200,3580A,114.1998,36.4439,邯郸市,峰峰矿区临水派出所,,45,36,41,31,34,134,NA,64,64,2,7,7,8,0.5,0.7
2026-08-22T1200,3581A,115.3136,38.9511,保定市,满城区生态环境分局,颗粒物(PM10),55,56,57,35,43,148,NA,90,90,8,12,4,2,0.5,0.6
2026-08-22T1200,3582A,115.4709,38.7628,保定市,清苑区第二中学,,49,45,57,32,34,154,NA,73,73,7,17,3,3,0.3,0.4
2026-08-22T1200,3583A,115.6231,39.0223,保定市,徐水物探局,细颗粒物(PM2.5),54,43,47,37,33,139,NA,65,65,9,13,1,1,0.4,0.4
2026-08-22T1200,3590A,113.8362,34.566,郑州市,北区建设指挥部,,40,38,38,19,26,125,NA,80,80,7,12,4,5,0.4,0.4
2026-08-22T1200,3591A,113.3029,34.8041,郑州市,上街区政府,,43,42,40,30,26,115,NA,64,64,5,14,4,5,0.5,0.5
2026-08-22T1200,3592A,114.4518,34.7503,开封市,祥符区生态环境局,,36,29,35,25,23,94,NA,51,51,6,16,6,6,0.4,0.4
2026-08-22T1200,3593A,112.5736,34.8993,洛阳市,吉利监测站,,39,39,36,19,19,107,NA,67,67,5,9,10,10,0.3,0.4
2026-08-22T1200,3594A,112.8736,33.9068,平顶山市,石龙区,,33,26,37,23,21,93,NA,54,54,7,16,10,11,0.3,0.3
2026-08-22T1200,3596A,114.1573,35.9607,鹤壁市,南山宾馆,细颗粒物(PM2.5),72,NA,31,46,36,142,NA,95,95,8,8,7,6,1.1,0.9
2026-08-22T1200,3598A,111.1031,34.719,三门峡市,富达温泉假日酒店,,30,18,34,13,21,93,NA,74,74,7,11,6,7,0.6,0.7
2026-08-22T1200,3599A,106.2648,29.9853,重庆市,书院路,细颗粒物(PM2.5),68,NA,40,44,50,92,NA,24,24,10,15,4,7,1.2,1
2026-08-22T1200,3600A,106.2334,29.5583,重庆市,虎峰,,49,42,48,29,34,156,NA,52,52,15,19,8,38,0.7,0.7
2026-08-22T1200,3601A,106.0497,29.8345,重庆市,龙门街,,47,37,36,30,29,150,NA,45,45,14,15,15,12,0.9,0.8
2026-08-22T1200,3604A,119.3267,35.1043,日照市,岚山环保分局,,18,17,12,6,4,55,NA,38,38,1,6,9,9,0.4,0.4
2026-08-22T1200,3605A,109.1019,34.5302,西安市,无线电监控中心,,34,32,38,16,26,107,NA,80,80,5,10,6,5,0.8,0.7
2026-08-22T1200,3610A,105.5931,29.4105,重庆市,昌元,细颗粒物(PM2.5),60,44,42,40,31,158,NA,64,64,18,16,7,6,0.5,0.4
2026-08-22T1200,3612A,85.1045,45.6895,克拉玛依市,白碱滩区新站,,29,16,21,1,3,91,NA,90,90,3,5,3,4,0.2,0.2
2026-08-22T1200,3613A,87.3069,44.0093,昌吉回族自治州,亚心广场,颗粒物(PM10),63,68,98,12,18,90,NA,47,47,15,19,15,9,0.2,0.2
2026-08-22T1200,3614A,79.9241,37.0878,和田地区,地区环保局,颗粒物(PM10),121,173,317,56,80,93,NA,87,87,4,6,1,2,0.4,0.5
2026-08-22T1200,3615A,79.9132,37.1137,和田地区,市环保局,颗粒物(PM10),124,181,301,58,89,94,NA,86,86,5,14,3,2,0.5,0.5
2026-08-22T1200,3616A,106.7617,31.8343,巴中市,市中心医院,,28,25,30,16,16,86,NA,NA,NA,6,10,8,6,2.8,1.3
2026-08-22T1200,3617A,105.8047,32.4167,广元市,经开区,,39,39,35,22,22,61,NA,18,18,21,25,21,13,0.9,0.8
2026-08-22T1200,3618A,112.4702,37.7821,太原市,金胜,细颗粒物(PM2.5),72,48,47,46,33,148,NA,70,70,8,12,12,9,0.5,0.3
2026-08-22T1200,3619A,113.6169,37.8565,阳泉市,龙柱,细颗粒物(PM2.5),82,76,72,51,49,115,NA,36,36,12,20,22,19,1.1,1.4
2026-08-22T1200,3620A,112.8258,35.4804,晋城市,泽州一中,,33,23,25,12,13,104,NA,58,58,4,10,4,4,0.3,0.4
2026-08-22T1200,3622A,113.5556,24.8082,韶关市,碧湖山庄,,48,NA,30,20,19,153,NA,62,62,12,11,5,6,0.5,0.6
2026-08-22T1200,3623A,113.8952,22.586,深圳市,西乡,,25,22,19,9,5,77,NA,51,51,17,17,6,6,0.7,0.7
2026-08-22T1200,3624A,116.4069,23.2533,汕头市,潮南子站,,19,6,12,1,6,60,NA,51,51,2,4,6,6,/,/
2026-08-22T1200,3625A,113.2568,22.7629,佛山市,容桂街道办,,31,12,11,12,11,98,NA,52,52,12,14,/,/,/,/
2026-08-22T1200,3628A,112.0335,22.9376,云浮市,文笔,,28,21,19,14,10,88,NA,38,38,6,9,6,7,0.2,0.2
2026-08-22T1200,3629A,101.8304,36.5785,西宁市,世纪职校,,36,36,24,23,17,86,NA,40,40,18,20,20,11,0.7,0.6
2026-08-22T1200,3633A,118.4914,31.681,马鞍山市,雨山,,25,18,26,12,14,78,NA,34,34,6,12,5,6,0.8,0.9
2026-08-22T1200,3635A,112.3678,34.6623,洛阳市,河科大西苑校区,,37,31,31,25,22,116,NA,72,72,8,13,11,11,0.5,0.5
2026-08-22T1200,3636A,112.4387,34.678,洛阳市,英才小学,,45,33,28,31,21,99,NA,62,62,7,12,8,8,0.5,0.5
2026-08-22T1200,3637A,131.0136,45.7688,七台河市,人民广场,,46,46,32,17,13,96,NA,49,49,8,14,7,6,0.6,0.6
2026-08-22T1200,3638A,104.7637,29.3373,自贡市,轻化工大学,,39,30,30,24,31,123,NA,64,64,9,10,9,9,0.7,0.7
2026-08-22T1200,3642A,120.3454,36.0735,青岛市,市北区南部,NA,NA,10,8,4,3,62,NA,46,46,NA,12,4,5,0.4,0.3
2026-08-22T1200,3643A,120.3897,36.18,青岛市,李沧区北部,,15,0,1,0,1,46,NA,37,37,5,9,3,3,0.5,0.5
2026-08-22T1200,3644A,117.8662,36.8049,淄博市,三金集团,,36,12,29,8,9,114,NA,44,44,12,18,6,6,0.4,0.4
2026-08-22T1200,3645A,118.0259,36.8409,淄博市,东风化工厂,,35,24,35,14,9,109,NA,52,52,9,18,8,10,0.4,0.5
2026-08-22T1200,3646A,118.4979,37.4623,东营市,胜利站,,23,22,15,0,1,72,NA,38,38,6,11,6,6,0.3,0.5
2026-08-22T1200,3648A,106.2176,37.9832,吴忠市,文卫南街,颗粒物(PM10),73,81,43,39,17,119,NA,73,72,8,8,13,8,0.4,0.4
2026-08-22T1200,3650A,105.1696,37.5164,中卫市,沙坡头区政府站,NA,NA,NA,61,NA,17,122,NA,94,94,4,11,5,5,0.4,0.3
2026-08-22T1200,3654A,114.8093,30.4091,鄂州市,精准医疗中心,,35,24,20,14,8,112,NA,50,50,5,16,4,6,0.5,0.5
2026-08-22T1200,3655A,114.3379,29.8683,咸宁市,长江产业园,,31,24,29,11,15,99,NA,47,47,6,10,4,4,0.7,0.7
2026-08-22T1200,3656A,120.1554,30.2863,杭州市,消防大队,,23,20,18,11,9,71,NA,39,39,16,12,10,9,0.7,0.7
2026-08-22T1200,3658A,120.6156,30.0762,绍兴市,袍江中学,,26,16,18,11,9,83,NA,46,46,8,10,5,5,0.4,0.4
2026-08-22T1200,3659A,119.656,29.1132,金华市,气象局,,32,18,21,8,10,100,NA,46,46,7,14,3,4,0.5,0.5
2026-08-22T1200,3662A,123.6341,47.2079,齐齐哈尔市,富区青少年活动中心,,15,15,17,2,2,30,NA,21,21,9,8,3,3,0.4,0.4
2026-08-22T1200,3663A,124.117,50.4279,大兴安岭地区,红旗社区,,19,NA,13,13,12,35,NA,13,13,3,4,4,4,0.2,0.2
2026-08-22T1200,3664A,119.4171,34.734,连云港市,连云街道,,19,19,13,6,4,54,NA,39,38,10,10,2,2,0.4,0.5
2026-08-22T1200,3665A,76.1654,39.7157,克孜勒苏柯尔克孜自治州,克州文化中心,,43,27,51,10,18,136,NA,129,129,1,3,7,5,0.2,0.2
2026-08-22T1200,3667A,111.0279,35.0543,运城市,水利职院,,31,25,31,10,16,99,NA,86,82,3,6,3,3,0.7,0.7
2026-08-22T1200,3669A,114.4706,36.0634,安阳市,左辅环卫站,颗粒物(PM10),53,53,51,34,28,144,NA,86,86,3,8,5,4,0.8,0.7
2026-08-22T1200,3670A,111.0522,35.0439,运城市,禹都公园,,35,27,27,24,15,105,NA,98,94,3,4,4,4,0.5,0.5
2026-08-22T1200,3671A,116.0879,39.9725,北京市,门头沟三家店,,46,43,46,32,31,104,NA,52,52,10,16,1,1,0.6,0.7
2026-08-22T1200,3672A,116.1507,39.8246,北京市,丰台云岗,,35,34,40,24,26,84,NA,37,37,7,13,3,4,0.5,0.5
2026-08-22T1200,3674A,115.9578,39.7602,北京市,房山燕山,,48,38,44,33,32,86,NA,50,50,13,9,2,2,0.5,0.5
2026-08-22T1200,3675A,116.4669,39.7734,北京市,大兴旧宫,,33,33,33,17,19,90,NA,47,47,8,18,3,3,0.6,0.7
2026-08-22T1200,3677A,98.5887,24.4366,德宏傣族景颇族自治州,芒市人民政府综合楼,,21,13,28,2,7,65,NA,46,46,5,7,8,8,0.8,0.8
2026-08-22T1200,3678A,116.5907,35.4054,济宁市,市第七中学,,24,24,24,2,6,75,NA,35,35,4,9,5,6,0.3,0.3
2026-08-22T1200,3683A,109.8332,40.6577,包头市,昆区政府,,30,NA,27,18,21,93,NA,86,85,18,17,8,6,0.6,0.4
2026-08-22T1200,3684A,130.8639,45.8144,七台河市,新建矿广场,颗粒物(PM10),80,92,42,48,19,106,NA,39,39,27,21,6,3,0.7,0.6
2026-08-22T1200,3685A,117.897,28.4316,上饶市,双创科技城,,27,18,18,9,8,86,NA,64,64,4,7,2,5,0.4,0.4
2026-08-22T1200,3689A,113.9002,35.372,新乡市,行政服务中心,,42,39,35,18,22,133,NA,70,70,7,9,7,5,0.7,0.6
2026-08-22T1200,3690A,115.9718,28.7032,南昌市,外国语学校,,33,31,23,23,18,88,NA,65,65,5,8,12,13,0.2,0.4
2026-08-22T1200,3692A,118.2043,39.6703,唐山市,消防缸窑路中队,,31,26,43,15,24,97,NA,52,52,4,13,2,4,0.3,0.5
2026-08-22T1200,3693A,118.1432,39.6203,唐山市,路南电大,,31,NA,33,17,23,98,NA,57,57,2,5,3,3,0.3,0.5
2026-08-22T1200,3694A,115.9859,40.4562,北京市,延庆石河营,,33,24,44,18,32,104,NA,71,71,5,9,2,2,0.5,0.6
2026-08-22T1200,3695A,116.6151,40.3052,北京市,怀柔新城,,22,21,29,14,21,68,NA,62,59,3,8,2,2,0.8,0.7
2026-08-22T1200,3696A,116.2542,39.8764,北京市,丰台小屯,,35,35,34,22,19,80,NA,41,41,10,16,3,3,0.6,0.6
2026-08-22T1200,3697A,116.8399,40.3843,北京市,密云镇,,31,31,29,20,19,66,NA,71,56,7,9,3,3,0.7,0.6
2026-08-22T1200,3699A,111.6519,40.8389,呼和浩特市,海东办,,24,22,24,7,10,74,NA,49,49,26,21,8,9,0.4,0.3
2026-08-22T1200,3701A,116.9647,33.6252,宿州市,皖北煤电集团,,21,15,15,4,6,67,NA,42,42,1,4,6,6,0.2,0.2
2026-08-22T1200,3706A,122.2584,43.6333,通辽市,老干部活动中心,,34,25,44,16,31,106,NA,93,93,5,7,9,9,0.6,0.8
2026-08-22T1200,3707A,131.0069,45.2988,鸡西市,欧美日汽修厂,,32,32,32,8,10,96,NA,42,42,6,12,5,4,0.4,0.5
2026-08-22T1200,3708A,122.2923,43.6189,通辽市,东方明珠社区,,33,14,36,14,27,105,NA,89,89,7,10,10,9,0.5,0.7
2026-08-22T1200,3710A,121.5593,29.8976,宁波市,白沙活动中心,,16,7,12,2,6,49,NA,32,32,3,10,8,9,1.0,0.9
2026-08-22T1200,3713A,124.3286,43.1726,四平市,世纪城,NA,NA,33,42,17,34,122,NA,85,85,6,18,NA,5,NA,0.5
2026-08-22T1200,3715A,117.3091,32.9314,蚌埠市,蚌埠田家炳中学,,20,20,18,4,8,63,NA,41,41,1,4,7,8,0.3,0.4
2026-08-22T1200,3719A,97.1707,31.1428,昌都市,昌都会议中心,,17,10,8,2,4,53,NA,40,34,7,5,3,3,0.3,0.3
2026-08-22T1200,3726A,88.8775,29.2425,日喀则市,林业技术推广中心,,29,5,8,1,2,92,NA,91,91,7,3,5,6,0.3,0.3
2026-08-22T1200,3728A,104.6701,28.8053,宜宾市,白酒学院,细颗粒物(PM2.5),68,56,42,44,30,89,NA,46,46,11,9,5,5,0.9,0.8
2026-08-22T1200,3734A,118.5753,37.4405,东营市,理想之城,,21,5,8,0,1,66,NA,41,41,4,8,10,10,0.3,0.4
2026-08-22T1200,3860A,118.3915,35.0297,临沂市,皇山花园小区,,26,24,14,14,5,82,NA,34,34,12,13,10,10,1.1,0.8
2026-08-22T1200,3861A,119.2046,36.7696,潍坊市,寒亭区实验一小,,17,9,8,0,2,53,NA,31,31,5,12,3,3,0.2,0.2
2026-08-22T1200,3866A,122.2469,40.663,营口市,三高中,,28,28,34,2,10,80,NA,53,53,10,18,21,13,0.8,0.8
2026-08-22T1200,3867A,102.074,36.5056,海东市,平安区公安局北苑,颗粒物(PM10),53,54,32,21,17,86,NA,58,58,10,11,19,10,0.8,0.6
2026-08-22T1200,3981A,113.2456,35.18,焦作市,原李万街道办,,37,28,38,22,20,117,NA,67,67,3,7,5,5,0.4,0.3
2026-08-22T1200,3994A,102.2174,31.9016,阿坝藏族羌族自治州,马尔康中学西区,,20,20,9,8,6,58,NA,26,26,3,2,4,4,0.3,0.3
2026-08-22T1200,4002A,109.2312,23.7428,来宾市,中南小学,NA,NA,NA,20,NA,12,NA,NA,72,NA,NA,14,NA,9,NA,0.6
2026-08-22T1200,4004A,115.4199,38.8665,保定市,双鹰农机,细颗粒物(PM2.5),60,47,54,40,41,130,NA,68,68,6,10,3,2,0.2,0.3
2026-08-22T1200,4006A,122.3622,40.6762,营口市,老边实验小学,,25,9,33,3,15,77,NA,53,53,7,19,8,10,0.8,0.9
2026-08-22T1200,4008A,112.5233,32.9921,南阳市,卧龙区政府,,36,36,27,20,14,99,NA,68,68,4,5,6,6,0.7,0.7
2026-08-22T1200,4010A,112.5608,37.8807,太原市,育英中学,细颗粒物(PM2.5),70,52,40,45,35,137,NA,76,76,8,11,10,9,0.6,0.5
2026-08-22T1200,4011A,103.8505,30.6946,成都市,光华大道三段,细颗粒物(PM2.5),94,63,52,57,36,106,NA,46,46,18,15,4,3,1.2,1.1
2026-08-22T1200,4017A,116.7926,33.9534,淮北市,市博物馆,,24,15,17,8,8,74,NA,44,44,3,6,4,4,0.5,0.4
2026-08-22T1200,4018A,116.0564,36.4609,聊城市,星美广场,,32,23,32,5,14,102,NA,44,44,3,12,3,7,0.2,0.4
2026-08-22T1200,4022A,102.1648,38.5369,金昌市,金川区人防中心,颗粒物(PM10),55,56,54,8,18,106,NA,122,118,9,6,4,4,0.2,0.2
2026-08-22T1200,4024A,114.6491,37.9014,石家庄市,栾城区星河路,细颗粒物(PM2.5),68,46,55,44,44,154,NA,84,84,5,13,6,4,0.7,0.6
2026-08-22T1200,4027A,75.9485,39.4688,喀什地区,老干局,颗粒物(PM10),69,76,89,0,19,112,NA,102,88,4,8,4,4,0.3,0.3
2026-08-22T1200,4028A,117.9955,37.3752,滨州市,滨州市西街道办事处,,33,12,17,3,8,103,NA,48,48,4,11,6,5,0.2,0.3
2026-08-22T1200,4033A,122.3124,29.9619,舟山市,普陀东港中学,NA,NA,NA,14,1,4,55,NA,49,49,2,3,6,6,0.6,0.7
2026-08-22T1200,4034A,115.515,38.8589,保定市,植保所站,,50,35,46,29,34,158,NA,79,79,9,15,1,2,0.3,0.4
2026-08-22T1200,4036A,116.646,23.676,潮州市,金山,,45,45,23,16,14,120,NA,42,42,7,10,4,3,0.7,0.6
2026-08-22T1200,4051A,86.0791,44.3018,石河子市,世纪广场,颗粒物(PM10),82,94,73,23,16,89,NA,56,52,12,10,15,5,0.7,0.5
2026-08-22T1200,4054A,109.0324,32.6913,安康市,市邮政管理局,,32,20,27,13,19,100,NA,55,55,3,8,1,4,0.6,0.7
2026-08-22T1200,4055A,108.8869,34.2662,西安市,行知小学,,48,48,38,32,26,143,NA,84,84,12,12,9,8,0.9,0.8
2026-08-22T1200,4056A,108.6601,34.3767,咸阳市,五陵塬路2号,,43,43,42,24,29,126,NA,85,85,8,14,7,6,0.9,0.8
2026-08-22T1200,4057A,115.9423,40.4431,北京市,延庆百泉,,36,30,44,24,31,115,NA,73,73,7,10,2,2,0.5,0.6
2026-08-22T1200,4058A,116.6598,39.9164,北京市,通州新华,,32,32,37,18,21,83,NA,51,51,9,14,1,2,0.7,0.6
2026-08-22T1200,4059A,114.4563,38.0365,石家庄市,裕华西路63号,,49,42,53,34,39,144,NA,106,106,3,9,1,1,0.5,0.5
2026-08-22T1200,4060A,114.5586,38.0581,石家庄市,和平路363号,细颗粒物(PM2.5),56,NA,44,38,45,151,NA,112,112,7,9,3,3,0.5,0.6
2026-08-22T1200,4061A,114.8347,38.0213,石家庄市,廉州西路160号,细颗粒物(PM2.5),68,64,59,44,44,149,NA,79,79,6,12,1,2,0.8,0.8
2026-08-22T1200,4062A,114.4498,38.0729,石家庄市,北城路41号,,48,NA,52,33,36,152,NA,114,114,6,12,2,2,0.5,0.6
2026-08-22T1200,4063A,115.2124,37.9433,辛集市,市政府,臭氧1小时(O3_1h),80,51,52,38,33,184,NA,112,112,10,15,3,3,0.5,0.4
2026-08-22T1200,4064A,115.2008,37.9338,辛集市,城管大队,颗粒物(PM10),57,59,55,38,35,153,NA,100,100,12,11,4,4,0.6,0.6
2026-08-22T1200,4065A,118.1267,39.6579,唐山市,光明北路515号,,33,27,27,12,18,103,NA,65,65,5,11,2,5,0.1,0.4
2026-08-22T1200,4066A,119.7458,39.9952,秦皇岛市,南园路157号,,25,NA,19,6,11,79,NA,46,46,1,18,5,6,0.2,0.2
2026-08-22T1200,4067A,119.5131,39.8858,秦皇岛市,翠岛大街1号,,24,6,20,6,11,74,NA,51,51,1,7,5,5,0.2,0.3
2026-08-22T1200,4068A,114.5209,36.7697,邯郸市,建安街268号,,48,40,45,22,28,152,NA,80,80,5,11,1,2,0.4,0.4
2026-08-22T1200,4069A,114.5488,36.6177,邯郸市,丛台东路558号,,49,49,53,24,37,156,NA,78,78,4,20,3,2,0.5,0.5
2026-08-22T1200,4070A,114.5558,37.0578,邢台市,襄都区政府南院,,49,30,45,28,31,155,NA,84,84,2,4,2,2,0.6,0.6
2026-08-22T1200,4071A,114.9883,38.5232,定州市,交通局,颗粒物(PM10),65,71,77,39,42,144,NA,77,77,7,18,2,2,0.6,0.7
2026-08-22T1200,4072A,115.0045,38.5136,定州市,第五中学,颗粒物(PM10),58,61,83,29,45,142,NA,76,76,7,23,6,5,0.4,0.5
2026-08-22T1200,4073A,117.9462,40.95,承德市,杏林街1号,,40,40,45,27,36,120,NA,61,61,4,7,5,5,0.6,0.6
2026-08-22T1200,4074A,112.449,37.8509,太原市,西矿街336号,颗粒物(PM10),68,74,53,43,34,139,NA,64,64,16,16,12,9,0.8,0.7
2026-08-22T1200,4075A,112.4792,37.9393,太原市,迎宾北路9号,细颗粒物(PM2.5),76,81,50,48,37,129,NA,61,61,18,14,16,10,1.2,0.8
2026-08-22T1200,4076A,112.551,37.8575,太原市,迎泽大街248号,颗粒物(PM10),59,62,49,37,32,135,NA,75,75,10,12,12,9,1.0,0.9
2026-08-22T1200,4077A,113.588,37.8712,阳泉市,宁波路,细颗粒物(PM2.5),68,61,57,44,39,127,NA,55,55,13,15,19,15,0.9,0.9
2026-08-22T1200,4078A,112.8246,35.5152,晋城市,前书院路,,35,17,31,9,11,111,NA,51,51,6,13,6,5,0.3,0.6
2026-08-22T1200,4079A,112.8864,35.4773,晋城市,祥云街666号,NA,NA,28,23,3,12,98,NA,51,51,NA,8,5,5,0.4,0.6
2026-08-22T1200,4080A,112.7375,37.7215,晋中市,广安街188号,细颗粒物(PM2.5),64,60,50,42,36,133,NA,72,72,4,6,16,9,0.4,0.4
2026-08-22T1200,4081A,111.0081,35.0748,运城市,学苑北路2555号,,32,29,29,20,18,102,NA,87,85,2,5,3,3,0.4,0.4
2026-08-22T1200,4082A,121.2548,38.8188,大连市,旅顺,,17,4,6,1,2,52,NA,38,38,4,6,8,8,0.5,0.5
2026-08-22T1200,4083A,123.153,41.2874,辽阳市,铁西路150号,,21,13,33,3,17,66,NA,52,52,2,9,5,6,0.7,1
2026-08-22T1200,4084A,123.835,42.2853,铁岭市,新华街20号,,34,18,46,6,28,108,NA,76,76,4,15,9,9,0.4,0.6
2026-08-22T1200,4085A,125.0998,42.9134,辽源市,安宁大街333号,,35,32,34,10,21,111,NA,56,56,2,9,7,7,0.5,0.6
2026-08-22T1200,4086A,118.7641,32.0841,南京市,新模范马路66号,,28,27,23,11,6,87,NA,47,47,6,7,4,4,0.5,0.4
2026-08-22T1200,4087A,120.3138,31.4927,无锡市,清舒道1号,,13,12,14,2,2,41,NA,34,34,10,9,19,18,0.6,0.6
2026-08-22T1200,4088A,117.1553,34.2567,徐州市,纺织东路16号,,25,NA,5,12,7,79,NA,43,43,5,8,5,5,0.6,0.5
2026-08-22T1200,4089A,119.9551,31.863,常州市,崇义南街5-H号,,20,20,17,6,4,56,NA,33,33,10,11,6,6,0.4,0.4
2026-08-22T1200,4090A,120.4282,31.3228,苏州市,学森路9号,,50,38,20,35,7,72,NA,44,44,6,10,7,7,0.5,0.5
2026-08-22T1200,4091A,120.8692,31.9885,南通市,洪江路,NA,NA,NA,7,1,2,55,NA,38,38,NA,12,4,4,0.9,0.8
2026-08-22T1200,4092A,119.119691,33.550006,淮安市,枚皋中路89号,,30,30,14,4,5,50,NA,33,33,4,7,4,4,0.5,0.5
2026-08-22T1200,4093A,119.5202,32.3705,扬州市,廖家沟步道,,23,9,19,9,7,72,NA,46,46,6,7,6,6,0.3,0.3
2026-08-22T1200,4094A,118.352,33.7886,宿迁市,春华路,,19,11,11,5,4,58,NA,39,39,2,5,4,4,0.1,0.1
2026-08-22T1200,4095A,121.8962,29.7529,宁波市,中科路88号,,23,4,10,0,1,71,NA,47,47,2,12,7,7,0.6,0.6
2026-08-22T1200,4096A,120.6935,28.0114,温州市,鹿城惠民路,,25,16,10,6,4,80,NA,41,41,8,10,/,/,0.3,0.3
2026-08-22T1200,4097A,118.9646,28.9832,衢州市,衢州三中,,28,14,18,9,9,87,NA,38,38,7,14,4,4,0.6,0.6
2026-08-22T1200,4098A,117.2518,31.8404,合肥市,中国科学技术大学,,24,12,14,4,8,76,NA,45,45,5,9,5,5,0.3,0.4
2026-08-22T1200,4099A,118.5726,31.1371,芜湖市,湾沚区人民法院,,20,NA,12,14,10,47,NA,38,31,8,8,4,4,0.5,0.4
2026-08-22T1200,4100A,116.8322,33.9884,淮北市,杜集区第一实验学校,,26,26,27,2,5,67,NA,36,36,1,4,5,5,0.4,0.5
2026-08-22T1200,4101A,118.3196,32.3335,滁州市,银山路666号,,22,16,20,13,12,69,NA,44,44,2,5,4,4,0.3,0.3
2026-08-22T1200,4102A,118.3426,32.2979,滁州市,黄山路555号,,22,22,21,12,11,69,NA,44,44,3,6,8,8,0.3,0.3
2026-08-22T1200,4103A,116.9929,33.6412,宿州市,中兴路,,17,11,16,4,6,54,NA,31,31,1,4,10,10,0.4,0.4
2026-08-22T1200,4104A,119.3106,26.0648,福州市,路通桥巷6号,,36,36,16,13,9,96,NA,46,46,7,8,/,/,/,/
2026-08-22T1200,4105A,118.6355,24.9148,泉州市,霞新路6号,,35,17,19,10,13,112,NA,54,54,5,11,/,/,0.5,0.5
2026-08-22T1200,4106A,115.7923,28.6873,南昌市,工业二路,,38,38,24,22,16,85,NA,75,75,7,5,6,7,0.7,0.6
2026-08-22T1200,4107A,113.8686,27.6668,萍乡市,联洪村委会,,29,22,22,16,10,90,NA,41,41,3,7,8,8,0.4,0.4
2026-08-22T1200,4108A,117.7107,36.2385,济南市,山财大街5号,,22,0,4,0,2,70,NA,35,35,3,11,4,3,0.3,0.3
2026-08-22T1200,4109A,116.9744,36.6889,济南市,无影山路12号,,38,22,30,7,18,120,NA,47,47,12,20,4,4,0.6,0.7
2026-08-22T1200,4110A,120.5222,36.4089,青岛市,盟旺路653号,,16,6,8,2,3,50,NA,29,29,4,6,7,7,0.6,0.6
2026-08-22T1200,4111A,116.6075,35.4566,济宁市,任和路,,23,20,23,3,5,73,NA,30,30,2,10,3,3,0.5,0.6
2026-08-22T1200,4112A,116.5648,35.3921,济宁市,文体南路1号,,25,22,16,3,5,77,NA,32,32,5,9,4,4,0.5,0.5
2026-08-22T1200,4113A,116.0091,36.4495,聊城市,利民路,,33,14,24,4,11,105,NA,53,53,4,11,10,10,0.4,0.4
2026-08-22T1200,4114A,115.4239,35.2593,菏泽市,黄河路600号,,26,23,24,7,11,82,NA,41,41,5,9,6,5,0.3,0.3
2026-08-22T1200,4115A,115.5025,35.2727,菏泽市,菏泽市人社局,,25,16,22,4,12,80,NA,40,40,4,12,5,5,0.2,0.2
2026-08-22T1200,4116A,113.284,33.7139,平顶山市,姚电大道23号,,36,30,36,25,20,106,NA,67,67,8,14,8,8,0.6,0.7
2026-08-22T1200,4117A,114.2918,36.0769,安阳市,钢三路198号,细颗粒物(PM2.5),68,NA,44,44,29,122,NA,62,62,2,7,7,5,0.8,0.8
2026-08-22T1200,4118A,115.0552,35.7816,濮阳市,中原东路68号,,38,38,47,15,18,104,NA,59,59,6,12,3,5,0.9,0.9
2026-08-22T1200,4119A,115.6701,34.3767,商丘市,北海东路185号,,22,15,20,8,10,68,NA,35,35,2,4,4,4,0.5,0.5
2026-08-22T1200,4120A,115.6172,34.3704,商丘市,中山大街3号,,21,13,20,9,11,67,NA,37,37,2,6,7,7,0.3,0.4
2026-08-22T1200,4121A,114.8466,33.7333,周口市,羲皇大道,,22,NA,22,5,10,70,NA,39,39,5,8,4,4,0.4,0.5
2026-08-22T1200,4122A,112.6071,35.1015,济源市,市委党校,,30,26,37,8,20,96,NA,54,54,5,9,4,4,0.6,0.6
2026-08-22T1200,4123A,112.596,35.0702,济源市,沁园中路1号,,33,29,34,22,21,104,NA,65,65,4,10,1,3,0.6,0.6
2026-08-22T1200,4124A,112.2213,31.0654,荆门市,新台西路6号,,33,31,35,23,25,91,NA,68,68,4,7,9,9,0.6,0.7
2026-08-22T1200,4125A,113.946,30.8999,孝感市,天仙南路1号,,25,25,27,17,18,80,NA,50,50,3,5,4,4,0.4,0.4
2026-08-22T1200,4127A,111.9812,27.7591,娄底市,涟钢职大,,33,30,34,23,24,83,NA,57,57,3,4,2,2,0.9,1
2026-08-22T1200,4128A,112.0303,27.7457,娄底市,娄底体校,,31,31,41,18,23,93,NA,67,67,3,6,2,2,0.6,0.6
2026-08-22T1200,4129A,113.8666,23.1062,东莞市,裕兴路,,34,21,25,11,12,108,NA,50,50,10,17,3,2,0.6,0.5
2026-08-22T1200,4130A,114.0076,22.9739,东莞市,教育路1号,,30,24,26,12,9,96,NA,39,39,17,22,8,9,0.7,0.6
2026-08-22T1200,4131A,113.7981,22.8124,东莞市,长怡路1号,,33,31,22,17,8,105,NA,55,55,9,12,5,6,0.7,0.7
2026-08-22T1200,4132A,108.2927,23.1477,南宁市,起凤路9号,,17,8,21,5,17,52,NA,28,28,4,7,3,4,0.5,0.6
2026-08-22T1200,4133A,106.6273,23.8798,百色市,龙景西路,NA,NA,32,29,27,15,13,NA,10,7,NA,11,11,8,NA,0.5
2026-08-22T1200,4134A,110.1952,20.0451,海口市,长滨二路9号,,18,11,11,4,3,56,NA,43,42,4,6,/,/,/,/
2026-08-22T1200,4135A,109.1714,18.3739,三亚市,城东小学站,,22,22,19,11,8,58,NA,42,42,7,5,/,/,/,/
2026-08-22T1200,4136A,108.6971,30.9377,重庆市,云师幼儿园,,30,19,16,15,10,96,NA,47,47,6,7,5,5,0.7,0.7
2026-08-22T1200,4137A,107.3276,30.3284,重庆市,公安局,,27,19,24,15,11,85,NA,44,44,3,10,8,8,0.6,0.7
2026-08-22T1200,4138A,108.0575,30.3254,重庆市,忠县中学,,29,26,21,12,11,90,NA,27,27,9,17,6,6,0.5,0.5
2026-08-22T1200,4139A,109.4542,31.0182,重庆市,竹枝路2号,,23,16,16,12,9,72,NA,36,36,11,10,5,5,0.5,0.5
2026-08-22T1200,4140A,107.7422,29.871,重庆市,龙河路,,27,27,20,15,8,85,NA,27,27,7,12,8,7,0.5,0.5
2026-08-22T1200,4141A,108.7636,28.84,重庆市,桃花源中路,,28,21,26,16,15,87,NA,33,33,11,10,7,7,0.7,0.8
2026-08-22T1200,4142A,108.9758,28.4416,重庆市,秀山县高级中学,,33,27,22,18,18,103,NA,31,31,5,7,8,7,0.4,0.4
2026-08-22T1200,4143A,108.1558,29.2859,重庆市,河堡街,,20,NA,14,14,16,63,NA,21,21,6,8,7,6,0.7,0.7
2026-08-22T1200,4144A,104.3257,30.6406,成都市,八角井街185号,细颗粒物(PM2.5),74,61,43,47,29,119,NA,43,43,18,16,7,6,0.6,0.6
2026-08-22T1200,4145A,104.4144,31.1495,德阳市,市林业局,颗粒物(PM10),68,75,53,37,36,104,NA,27,27,8,27,19,18,0.6,0.7
2026-08-22T1200,4146A,104.7092,31.4972,绵阳市,科技城新区公安局,颗粒物(PM10),55,56,44,17,24,131,NA,43,43,9,22,8,7,0.7,0.8
2026-08-22T1200,4147A,105.0433,29.6105,内江市,玉峰路西段888号,,38,NA,28,26,26,113,NA,57,57,8,9,11,10,0.4,0.4
2026-08-22T1200,4148A,103.8836,30.0695,眉山市,眉职院,,35,35,45,16,26,80,NA,35,35,15,20,8,8,1.1,1.1
2026-08-22T1200,4149A,104.6146,28.7422,宜宾市,宜宾市职业技术学校,细颗粒物(PM2.5),70,61,41,45,31,114,NA,72,72,14,11,7,7,1.2,1.1
2026-08-22T1200,4150A,104.6646,30.1116,资阳市,正兴街66号,,38,35,36,26,27,98,NA,41,41,4,8,4,4,0.3,0.3
2026-08-22T1200,4151A,104.8899,26.5685,六盘水市,钟山大道中段564号,,38,38,32,21,16,107,NA,43,43,9,13,7,3,0.9,0.7
2026-08-22T1200,4152A,107.0425,27.7087,遵义市,乌江大道东段1号,,32,22,32,22,25,86,NA,40,40,6,10,7,8,0.6,0.8
2026-08-22T1200,4153A,101.5536,25.0343,楚雄彝族自治州,团结路562号,,24,2,26,1,13,76,NA,40,40,3,12,3,4,0.4,0.5
2026-08-22T1200,4154A,103.401,23.3561,红河哈尼族彝族自治州,蒙自市朝阳路,,48,NA,17,33,18,87,NA,38,38,6,8,41,11,0.7,0.5
2026-08-22T1200,4155A,107.1721,34.3558,宝鸡市,滨河北路,细颗粒物(PM2.5),60,52,42,40,35,83,NA,55,55,11,10,4,4,0.7,0.7
2026-08-22T1200,4156A,108.6372,34.3031,咸阳市,胭脂路9号,,40,32,39,22,27,126,NA,86,86,7,9,5,4,0.5,0.5
2026-08-22T1200,4157A,108.0371,34.3035,咸阳市,杨扶路,NA,NA,NA,40,NA,34,113,NA,73,73,NA,10,4,3,0.5,0.5
2026-08-22T1200,4158A,108.0895,34.2623,咸阳市,新桥路,细颗粒物(PM2.5),66,52,43,43,34,116,NA,74,74,11,12,6,5,0.5,0.5
2026-08-22T1200,4159A,110.4531,35.4578,渭南市,桢州大街,颗粒物(PM10),52,52,46,24,33,121,NA,78,78,2,7,13,15,0.6,0.8
2026-08-22T1200,4160A,110.4368,35.4773,渭南市,太史大街,,37,37,49,25,30,103,NA,63,63,5,11,8,12,0.8,1.1
2026-08-22T1200,4161A,109.485,36.6347,延安市,志丹路,,29,23,40,16,27,91,NA,39,39,5,10,2,2,0.7,0.7
2026-08-22T1200,4162A,101.6769,36.6535,西宁市,海晏路105号,,32,25,20,22,15,83,NA,40,40,15,14,32,7,1.5,0.7
2026-08-22T1200,4163A,102.0984,36.5119,海东市,滨河路,,30,28,26,16,19,94,NA,48,48,18,34,21,12,0.9,0.8
2026-08-22T1200,4164A,87.2057,43.9289,昌吉回族自治州,财政所,颗粒物(PM10),69,76,82,2,14,85,NA,50,50,18,10,11,8,0.5,0.2
2026-08-22T1200,4165A,82.9716,46.7464,塔城地区,文化广场,,24,11,26,2,6,74,NA,57,53,3,5,1,2,0.2,0.2
2026-08-22T1200,4166A,88.1198,47.7931,阿勒泰地区,阿勒泰路33号,,25,18,19,1,2,79,NA,56,54,4,6,7,7,0.5,0.5
2026-08-22T1200,4167A,86.0126,44.2349,石河子市,城南景苑小区,,50,50,56,13,13,88,NA,46,46,9,13,16,8,0.4,0.3
2026-08-22T1200,4168A,87.055284,43.999117,五家渠市,建设西街760号,颗粒物(PM10),62,66,102,8,17,79,NA,37,37,15,22,6,4,0.4,0.2
2026-08-22T1200,4180A,113.8157285,34.126705,许昌市,新元大道996号,,33,24,32,17,23,103,NA,52,52,5,17,6,5,0.4,0.4
2026-08-22T1200,4181A,112.3571,28.5588,益阳市,龙洲站,,49,43,45,34,27,96,NA,62,62,7,8,8,8,0.7,0.7
2026-08-22T1200,4182A,116.1942,39.9158,北京市,石景山八角,,37,37,40,23,24,101,NA,51,51,14,19,1,1,0.6,0.6
2026-08-22T1200,4183A,121.417401,31.16637,上海市,冠生园路458号,,17,12,15,8,8,53,NA,43,43,8,10,7,7,0.5,0.5
2026-08-22T1200,4184A,115.479691,35.244011,菏泽市,永昌路1号,,27,18,22,7,11,84,NA,44,44,3,11,8,8,0.2,0.3
2026-08-22T1200,4185A,115.078022,30.21118,黄石市,磁湖东路29号,,26,26,32,3,11,73,NA,34,34,5,15,4,4,0.5,0.5
2026-08-22T1200,4186A,117.194237,34.229354,徐州市,解放南路202号,,26,26,21,14,8,66,NA,35,35,7,10,6,6,0.7,0.7
2026-08-22T1200,4187A,112.3425,28.611,益阳市,幸福渠东路223号,,46,NA,39,32,28,91,NA,57,57,7,10,7,7,0.7,0.7
2026-08-22T1200,4188A,112.3712,28.5764,益阳市,益鑫泰路85号,,48,39,43,33,27,86,NA,57,57,6,8,10,10,1.0,1
2026-08-22T1200,4189A,113.113092,36.199482,长治市,英华南巷50号,,42,42,30,28,20,109,NA,69,69,7,4,12,12,0.9,0.8
2026-08-22T1200,4190A,113.23666,36.33435,长治市,学府街1号,,35,35,30,17,23,107,NA,77,77,1,2,8,7,0.6,0.6
2026-08-22T1200,4191A,118.527362,31.722269,马鞍山市,慈湖高新区,,22,22,28,10,14,70,NA,34,34,6,14,5,5,0.5,0.5
2026-08-22T1200,4192A,115.931587,28.686774,南昌市,南京东路235号,,30,NA,17,13,17,95,NA,78,78,2,5,4,5,0.6,0.5
2026-08-22T1200,4193A,115.471542,35.280012,菏泽市,长城路999号,,24,13,21,6,13,75,NA,38,38,8,16,9,8,0.2,0.2
2026-08-22T1200,4194A,117.078628,40.151726,北京市,平谷新城,,27,22,30,13,20,84,NA,66,65,6,7,3,2,0.8,0.7
2026-08-22T1200,4196A,117.24369,39.102911,天津市,光华路,,32,17,21,9,13,102,NA,49,49,8,12,8,8,0.4,0.5
2026-08-22T1200,4197A,118.130859,39.636026,唐山市,友谊北路34号,,31,31,46,17,26,95,NA,52,52,8,14,3,5,0.3,0.5
2026-08-22T1200,4198A,119.509013,39.825305,秦皇岛市,北戴河轮滑馆,,23,11,28,1,10,72,NA,44,44,6,12,6,6,0.1,0.3
2026-08-22T1200,4199A,113.2798248,40.09972476,大同市,魏都大道141号,颗粒物(PM10),61,65,39,16,17,100,NA,83,74,21,14,12,8,0.6,0.5
2026-08-22T1200,4200A,112.7478,37.6954,晋中市,迎宾街26号,细颗粒物(PM2.5),58,44,41,39,36,131,NA,64,64,4,7,16,10,0.7,0.6
2026-08-22T1200,4201A,122.944647,41.082639,鞍山市,兴盛南路290号,,21,17,33,7,17,67,NA,51,51,7,15,5,5,0.4,0.5
2026-08-22T1200,4202A,113.9856,32.9802,驻马店市,交通路1233号,,26,20,24,10,12,82,NA,41,41,5,11,6,5,0.3,0.3
2026-08-22T1200,4203A,111.3168,30.7203,宜昌市,西陵二路116号,,32,24,22,4,9,100,NA,37,37,7,10,6,6,0.4,0.5
2026-08-22T1200,4204A,111.3526,30.6374,宜昌市,沈家店路6号,,30,9,24,8,14,93,NA,53,53,10,9,6,6,0.4,0.4
2026-08-22T1200,4205A,121.541914,31.268301,上海市,宁武路151号,,18,18,18,9,9,49,NA,39,39,11,14,7,7,0.5,0.4
2026-08-22T1200,4206A,119.028838,33.631911,淮安市,承德北路606号,,17,9,12,4,6,54,NA,32,32,2,5,6,6,0.5,0.4
2026-08-22T1200,4207A,120.12211,33.393982,盐城市,黄海中路88号,,18,5,16,3,6,55,NA,47,47,1,2,9,9,0.5,0.5
2026-08-22T1200,4209A,117.003137,32.644456,淮南市,国庆中路369号,,20,6,23,5,9,64,NA,37,37,4,8,14,13,0.3,0.4
2026-08-22T1200,4210A,118.335445,29.720283,黄山市,滨江东路7-2号,,21,18,23,0,5,67,NA,41,41,1,3,/,/,/,/
2026-08-22T1200,4211A,118.190438,28.444845,上饶市,裕丰大道,,25,15,16,11,9,80,NA,48,48,4,6,5,5,0.5,0.5
2026-08-22T1200,4212A,118.3039243,36.82708161,淄博市,广场路1号,,25,17,16,10,9,78,NA,28,28,8,15,6,5,0.3,0.5
2026-08-22T1200,4213A,121.364239,37.529648,烟台市,青年南路118号,,20,2,2,0,0,61,NA,33,33,6,10,8,7,0.3,0.2
2026-08-22T1200,4214A,112.460027,34.694929,洛阳市,春都路1号院,,36,35,31,25,20,101,NA,58,58,8,12,2,3,0.4,0.3
2026-08-22T1200,4215A,113.916569,35.331547,新乡市,建设东路46号,颗粒物(PM10),52,52,43,28,22,120,NA,70,70,4,11,8,9,0.6,0.5
2026-08-22T1200,4216A,115.0923632,35.76857718,濮阳市,任丘路479号,,32,30,45,10,22,101,NA,59,59,5,11,4,6,0.5,0.6
2026-08-22T1200,4217A,114.3182,29.8447,咸宁市,双鹤路18号,,33,22,22,17,13,103,NA,55,55,4,4,4,5,0.5,0.5
2026-08-22T1200,4218A,111.446,27.2472,邵阳市,北塔二期4-26地块,,40,40,34,22,24,94,NA,59,59,5,7,5,5,0.5,0.5
2026-08-22T1200,4219A,111.4739,27.2282,邵阳市,邵水西路287号,,36,36,33,21,27,106,NA,76,76,3,5,4,3,0.6,0.6
2026-08-22T1200,4220A,114.214113,22.713717,深圳市,黄阁路,,23,16,16,9,7,73,NA,33,33,17,20,5,5,1.1,0.9
2026-08-22T1200,4221A,108.2177,22.7774,南宁市,乐贤路16号,,23,21,18,16,10,35,NA,42,39,15,12,7,6,0.7,0.7
2026-08-22T1200,4222A,110.1835,25.2444,桂林市,环湖路276号,,32,24,28,22,22,84,NA,73,73,3,4,6,7,0.3,0.4
2026-08-22T1200,4223A,106.4686218,29.48920871,重庆市,双山路147号,,41,27,40,21,28,129,NA,52,52,11,30,8,7,0.6,0.7
2026-08-22T1200,4224A,104.2433276,30.53529463,成都市,鲸龙路1057号,细颗粒物(PM2.5),70,66,44,45,27,133,NA,56,56,18,25,8,8,1.2,1.1
2026-08-22T1200,4225A,104.714266,29.338571,自贡市,贡兴路74号,,42,NA,30,29,28,131,NA,60,60,5,7,8,8,0.4,0.4
2026-08-22T1200,4226A,104.765114,31.453094,绵阳市,绵阳市气象局,,50,50,40,24,24,107,NA,33,33,11,22,8,8,0.6,0.7
2026-08-22T1200,4227A,106.108336,30.788436,南充市,梨树横街98号,,40,32,38,23,25,125,NA,49,49,10,17,12,7,0.7,0.7
2026-08-22T1200,4229A,102.2342,27.8859,凉山彝族自治州,凯乐南路30号,,30,30,35,21,20,72,NA,26,26,14,17,20,13,1.2,0.9
2026-08-22T1200,4230A,106.688212,26.56952,贵阳市,花果园大街66号,,25,17,27,17,17,77,NA,58,58,8,13,3,3,/,/
2026-08-22T1200,4231A,106.687268,26.516892,贵阳市,漓江路57号,,36,NA,26,25,18,88,NA,57,57,6,12,3,3,0.5,0.5
2026-08-22T1200,4233A,108.596239,34.118792,西安市,西苑北路977号,颗粒物(PM10),63,67,59,39,36,133,NA,66,66,9,13,5,4,0.5,0.5
2026-08-22T1200,4234A,108.949652,34.870529,铜川市,大唐三路,,44,44,43,20,26,102,NA,74,74,5,10,6,7,0.7,0.7
2026-08-22T1200,4235A,109.5051,34.4921,渭南市,渭花路4号,,39,39,36,19,24,109,NA,70,70,4,8,5,4,0.3,0.3
2026-08-22T1200,4236A,103.629272,36.093822,兰州市,庄浪东路808号,颗粒物(PM10),80,91,43,25,17,107,NA,53,53,10,25,13,16,0.2,0.3
2026-08-22T1200,4237A,103.7251,36.104344,兰州市,安宁西路88号,颗粒物(PM10),94,111,52,27,17,133,NA,63,63,2,20,12,12,0.2,0.3
2026-08-22T1200,4238A,103.846982,36.067567,兰州市,北滨河东路1号,颗粒物(PM10),73,81,38,27,17,107,NA,63,63,7,20,5,5,0.4,0.5
2026-08-22T1200,4239A,102.193042,38.531887,金昌市,长春路96号,颗粒物(PM10),73,81,61,21,17,110,NA,129,124,9,5,21,7,0.2,0.2
2026-08-22T1200,4240A,98.495752,39.733935,酒泉市,玉门东路5号,,39,39,29,14,14,115,NA,86,86,5,6,13,8,0.3,0.3
2026-08-22T1200,4241A,98.5099,39.7506,酒泉市,北大街108号,,39,29,32,9,14,122,NA,87,87,4,5,13,7,0.4,0.3
2026-08-22T1200,4242A,106.226373,38.491976,银川市,广场西路,,45,45,32,19,17,113,NA,71,71,8,12,6,7,0.6,0.6
2026-08-22T1200,4243A,92.0515,31.4787,那曲市,那曲市委宣传部,,29,4,7,4,7,90,NA,85,85,4,9,7,7,0.1,0.3
2026-08-22T1200,4244A,111.4879,36.053,临汾市,启星学校,,35,31,47,24,30,109,NA,66,66,6,13,6,5,0.7,0.7
2026-08-22T1200,4245A,106.8609,27.5969,遵义市,遵南大道1161号,,33,33,36,22,20,94,NA,38,38,4,11,4,4,0.7,0.7
2026-08-22T1200,4246A,105.833962,30.18863087,重庆市,桃园路24号,,48,NA,28,33,28,109,NA,38,38,5,11,1,2,0.5,0.5
2026-08-22T1200,4247A,107.091033,29.153966,重庆市,钟楼街32号,,29,NA,22,16,17,91,NA,30,30,2,9,12,12,0.6,0.7
2026-08-22T1200,4248A,107.8042979,30.67350233,重庆市,人民南路309号,,27,18,37,11,15,84,NA,46,46,3,6,7,7,0.4,0.5
2026-08-22T1200,4249A,118.8707617,31.34017673,南京市,汶溪路181号,,22,0,14,0,3,69,NA,39,39,2,7,5,5,0.4,0.5
2026-08-22T1200,4250A,114.089259,33.588274,漯河市,韶山路11号,,29,NA,31,16,15,91,NA,46,46,4,15,6,7,0.5,0.5
2026-08-22T1200,4251A,112.1433,32.0581,襄阳市,铁院东路4号,,38,38,30,23,13,99,NA,57,57,5,8,7,7,0.4,0.5
2026-08-22T1200,4252A,113.0138,25.8011,郴州市,好美居路49号,,46,NA,25,32,15,68,NA,34,34,5,9,7,8,/,/
2026-08-22T1200,4253A,116.010205,29.659402,九江市,莲花大道8号,,31,26,26,12,15,98,NA,74,74,6,7,8,8,0.6,0.5
2026-08-22T1200,4254A,120.2925,31.5685,无锡市,健康路105号,,15,12,17,2,2,48,NA,33,33,9,13,3,4,0.6,0.6
2026-08-22T1200,4255A,110.16795,22.640993,玉林市,人民东路196号,,19,13,14,11,8,60,NA,30,30,2,6,4,6,0.3,0.4
2026-08-22T1200,4256A,107.375,22.3736,崇左市,石景林东路7号,,15,NA,14,9,8,47,NA,48,48,8,7,3,3,0.5,0.5
2026-08-22T1200,4257A,104.6092,35.5962,定西市,将台街,,34,34,34,8,9,74,NA,47,47,5,8,6,6,0.2,0.2
2026-08-22T1200,4258A,111.2416,23.4155,梧州市,政贤路18号,,39,30,19,16,7,122,NA,74,74,11,10,7,6,0.6,0.5
2026-08-22T1200,4259A,113.835877,34.0155267,许昌市,望田路111号,,32,NA,25,15,18,100,NA,56,56,7,11,5,4,0.4,0.4
2026-08-22T1200,4260A,109.5933,23.095,贵港市,中山路155-3号,NA,NA,24,26,17,12,77,NA,38,38,8,12,/,/,NA,0.6
2026-08-22T1200,4261A,103.7247,27.3415,昭通市,环东路146号,,32,24,19,17,12,100,NA,80,76,7,8,5,5,0.4,0.4
2026-08-22T1200,4263A,105.3688,27.3598,毕节市,工业大道,,29,21,32,12,16,91,NA,33,33,3,16,7,8,/,/
2026-08-22T1200,4264A,113.234,35.219,焦作市,新安路1731号,,36,25,30,23,22,113,NA,76,76,5,7,4,4,0.4,0.4
2026-08-22T1200,4265A,113.108806,29.353066,岳阳市,求索西路365号,,41,41,34,25,20,85,NA,57,57,8,8,4,3,0.6,0.6
2026-08-22T1200,4266A,117.7325,34.5683,枣庄市,文化路178号,,25,19,17,6,7,80,NA,44,44,5,11,9,10,0.4,0.4
2026-08-22T1200,4268A,112.1722,30.3366,荆州市,学苑路85号,,30,29,24,20,21,95,NA,68,68,4,6,4,4,0.3,0.4
2026-08-22T1200,4269A,114.6701,33.6167,周口市,七一路,,25,25,21,13,14,79,NA,48,48,4,7,6,6,0.6,0.5
2026-08-22T1200,4270A,102.6447,37.9293,武威市,钟楼街149号,,37,33,45,12,16,117,NA,111,111,8,9,10,10,0.2,0.2
2026-08-22T1200,4271A,103.2464,35.6123,临夏回族自治州,滨河东路1号,颗粒物(PM10),60,64,54,20,22,102,NA,49,49,11,17,10,9,0.4,0.4
2026-08-22T1200,4273A,81.2737,43.9337,伊犁哈萨克自治州,安徽路800号,,45,45,33,4,10,81,NA,45,45,8,12,5,5,0.4,0.4
2026-08-22T1200,4274A,117.7994,40.9605,承德市,滨河大街98号,NA,NA,NA,43,NA,28,110,NA,47,47,NA,7,6,7,0.4,0.6
2026-08-22T1200,4275A,111.591512,40.827312,呼和浩特市,成吉思汗西街8号,,22,22,27,6,15,67,NA,46,46,28,26,6,4,0.5,0.4
2026-08-22T1200,4276A,111.6597,40.8077,呼和浩特市,公园东路75号,,29,29,24,2,12,74,NA,67,65,20,11,11,7,0.4,0.4
2026-08-22T1200,4277A,111.5427,40.7846,呼和浩特市,金海路35号,,29,29,34,2,15,60,NA,52,52,26,19,5,5,0.5,0.5
2026-08-22T1200,4278A,106.8212,39.6741,乌海市,海拉北路,,50,47,44,35,29,66,NA,73,64,17,13,8,10,0.7,0.6
2026-08-22T1200,4279A,119.7569,49.2222,呼伦贝尔市,伊敏大街东7号,,13,10,23,8,10,41,NA,36,36,7,8,6,6,0.3,0.4
2026-08-22T1200,4280A,122.0921,46.065,兴安盟,洮儿河南路,,18,18,23,7,9,36,NA,34,30,5,5,6,7,0.2,0.2
2026-08-22T1200,4281A,125.334645,43.916281,长春市,北亚泰大街1068号,,40,40,42,17,25,109,NA,69,69,12,24,5,5,0.5,0.6
2026-08-22T1200,4282A,126.6769,45.7379,哈尔滨市,华山路1号,,39,31,29,20,17,122,NA,78,78,6,13,8,10,0.2,0.3
2026-08-22T1200,4283A,126.9717,45.5356,哈尔滨市,解放大街52号,,34,23,29,2,7,108,NA,59,59,3,11,11,8,0.5,0.6
2026-08-22T1200,4284A,128.8325,47.8447,伊春市,永安路4-1号,,14,14,13,2,8,43,NA,25,25,1,3,2,2,0.2,0.3
2026-08-22T1200,4285A,130.363,46.806,佳木斯市,顺和街,,28,8,16,2,7,88,NA,63,63,3,6,3,3,0.2,0.2
2026-08-22T1200,4286A,130.3952,46.8268,佳木斯市,长安路196号,,29,6,18,3,7,90,NA,65,65,2,5,3,3,0.2,0.2
2026-08-22T1200,4287A,129.5992,44.5964,牡丹江市,东晓云街98号,,30,20,24,4,10,94,NA,52,52,3,7,7,8,0.3,0.3
2026-08-22T1200,4288A,117.2438,34.2844,徐州市,龙潭环路5号,,23,22,23,11,8,72,NA,36,36,2,7,8,8,0.8,0.8
2026-08-22T1200,4289A,117.154766,29.256967,景德镇市,青少年活动中心,,23,23,17,7,6,68,NA,33,33,6,7,8,7,/,/
2026-08-22T1200,4290A,120.196923,35.954556,青岛市,珠江路669号,,17,NA,8,6,4,54,NA,28,28,3,9,4,4,0.3,0.4
2026-08-22T1200,4291A,120.0424,35.8656,青岛市,黄岛区人民政府广场,,18,9,7,4,3,55,NA,34,34,4,7,6,6,0.2,0.2
2026-08-22T1200,4292A,116.352738,37.420875,德州市,新河东路,,50,39,27,24,17,158,NA,66,66,14,18,12,10,0.7,0.4
2026-08-22T1200,4293A,113.605125,34.755221,郑州市,计划路2号,,38,26,30,26,21,111,NA,78,78,6,10,4,5,0.4,0.5
2026-08-22T1200,4294A,113.6525645,34.77362682,郑州市,同乐路9号,,36,31,32,25,25,106,NA,74,74,8,9,2,2,0.5,0.4
2026-08-22T1200,4295A,113.2722,35.2121,焦作市,人民路3066号,,37,35,34,25,22,117,NA,69,69,2,5,5,6,0.5,0.6
2026-08-22T1200,4296A,114.6421,33.6417,周口市,健康路46号,,18,17,21,4,10,57,NA,29,29,2,5,3,2,0.7,0.7
2026-08-22T1200,4297A,114.649,33.596,周口市,太昊路,,23,13,22,4,11,71,NA,47,47,5,7,2,2,0.4,0.4
2026-08-22T1200,4298A,114.284,29.8595,咸宁市,碧桂路,,33,24,26,12,14,104,NA,56,56,6,7,4,3,0.4,0.4
2026-08-22T1200,4299A,111.6195,26.2253,永州市,徐家井路86号,,39,35,34,27,24,94,NA,66,66,8,9,6,5,0.7,0.7
2026-08-22T1200,4300A,114.4089,23.1147,惠州市,文华一路1号,,20,5,16,4,8,64,NA,40,40,6,10,/,/,/,/
2026-08-22T1200,4301A,110.2803,25.2773,桂林市,信义路13号,,32,29,28,22,20,83,NA,71,71,9,10,4,5,0.6,0.6
2026-08-22T1200,4302A,108.0901,24.6945,河池市,上任中路54号,,39,39,30,14,13,38,NA,10,10,7,13,5,5,0.8,0.8
2026-08-22T1200,4303A,105.5911,30.5368,遂宁市,环岛商务中心9号楼,,33,31,28,13,13,104,NA,40,40,5,10,6,6,0.7,0.7
2026-08-22T1200,4304A,106.1172,30.843,南充市,清泉寺北路188号,,37,37,33,22,22,113,NA,40,40,6,13,8,8,0.4,0.4
2026-08-22T1200,4305A,106.067,30.7616,南充市,同庆路1号,,43,37,33,30,19,110,NA,38,38,10,15,6,6,0.5,0.5
2026-08-22T1200,4306A,103.0544,30.0133,雅安市,滨江西路,NA,NA,40,32,27,22,26,NA,30,25,15,8,9,8,NA,0.6
2026-08-22T1200,4307A,108.9817,34.2035,西安市,曲江池东路988号,颗粒物(PM10),60,64,46,31,26,129,NA,67,67,11,16,3,3,0.6,0.6
2026-08-22T1200,4308A,107.3898,34.3601,宝鸡市,陈仓区北开路21号,颗粒物(PM10),73,81,48,32,31,86,NA,60,60,11,12,7,5,0.0,0.4
2026-08-22T1200,4309A,104.6159,35.5701,定西市,正龙路62号,,32,32,30,11,9,69,NA,52,52,11,7,5,5,0.4,0.3
2026-08-22T1200,4310A,103.207136,35.599807,临夏回族自治州,新华街21号,颗粒物(PM10),51,51,43,21,18,88,NA,44,44,8,11,14,11,0.4,0.3
2026-08-22T1200,4311A,122.0383,46.0691,兴安盟,科尔沁北路63号,,47,47,25,22,13,35,NA,36,31,7,6,6,10,0.5,0.4
2026-08-22T1200,4312A,119.019,31.6512,南京市,中山西路1号,,23,14,13,6,3,73,NA,38,38,4,7,4,4,0.7,0.7
2026-08-22T1200,4314A,114.0494,38.059,石家庄市,矿区区委大楼,,48,48,53,33,28,121,NA,54,54,4,12,4,5,0.5,0.5
2026-08-22T1200,4325A,105.3665,28.77434,泸州市,纳溪区委政协,细颗粒物(PM2.5),84,52,46,52,67,142,NA,54,54,10,15,8,7,0.8,0.8
2026-08-22T1200,4326A,113.0794,22.5999,江门市,五邑大学,,25,17,16,9,8,77,NA,48,48,10,10,6,7,0.4,0.4
