timepoint,stationcode,longitude,latitude,area,positionname,primarypollutant,aqi,pm10,pm10_24h,pm2_5,pm2_5_24h,o3,o3_24h,o3_8h,o3_8h_24h,no2,no2_24h,so2,so2_24h,co,co_24h
2024-12-12T1500,2566A,102.1879,31.914,阿坝藏族羌族自治州,州农科所,,32,19,34,10,11,100,,64,64,11,14,12,9,0.4,0.5
2024-12-12T1500,2568A,102.2502,31.8896,阿坝藏族羌族自治州,马师校,,,19,22,3,16,79,,45,45,,29,3,4,0.2,0.5
2024-12-12T1500,3994A,102.2165,31.9024,阿坝藏族羌族自治州,马尔康中学西区,,26,19,25,3,15,81,,44,44,6,21,5,5,0.4,0.5
2024-12-12T1500,2695A,80.292,41.1694,阿克苏地区,电视台,细颗粒物(PM2.5),59,45,63,42,54,72,,57,57,20,41,3,3,0.6,1.1
2024-12-12T1500,2696A,80.2613,41.1551,阿克苏地区,艺术中心,细颗粒物(PM2.5),54,56,56,38,46,61,,50,50,22,31,4,4,0.8,0.9
2024-12-12T1500,2204A,105.6467,38.8363,阿拉善盟,西城区西花园,,50,50,32,20,26,78,,78,78,11,13,8,8,0.7,0.6
2024-12-12T1500,2205A,105.6985,38.8411,阿拉善盟,蒙二幼,颗粒物(PM10),70,89,26,17,15,73,,77,77,10,15,6,6,0.5,0.6
2024-12-12T1500,2206A,105.724,38.8516,阿拉善盟,环保局新楼,,24,24,16,14,12,74,,80,79,8,8,8,8,0.6,0.6
2024-12-12T1500,2708A,88.1264,47.8517,阿勒泰地区,市站,,32,32,27,17,13,42,,43,42,28,28,20,8,0.1,0.5
2024-12-12T1500,2630A,80.1161,32.5,阿里地区,阿里监测站,,32,25,11,3,6,102,,81,79,1,5,4,7,0.4,0.4
2024-12-12T1500,3192A,80.0903,32.5028,阿里地区,阿里藏医院,颗粒物(PM10),68,86,17,8,5,91,,83,69,1,5,4,6,0.5,0.5
2024-12-12T1500,2642A,109.0318,32.6537,安康市,香溪洞,细颗粒物(PM2.5),62,,44,44,41,69,,70,61,15,13,10,10,0.4,0.4
2024-12-12T1500,2644A,109.0072,32.6975,安康市,汉滨区检察院,细颗粒物(PM2.5),63,66,64,45,48,72,,30,30,18,29,7,11,0.6,0.6
2024-12-12T1500,4054A,109.0325,32.6913,安康市,市邮政管理局,细颗粒物(PM2.5),63,61,64,45,55,75,,38,38,17,32,7,8,0.6,0.7
2024-12-12T1500,2291A,117.0809,30.5177,安庆市,环科院,细颗粒物(PM2.5),87,88,103,64,81,96,,56,56,19,28,8,7,0.7,0.8
2024-12-12T1500,2292A,117.0331,30.5119,安庆市,马山宾馆,细颗粒物(PM2.5),83,89,102,61,75,88,,53,53,29,42,9,9,0.3,0.4
2024-12-12T1500,2294A,116.9896,30.6145,安庆市,安庆大学,细颗粒物(PM2.5),79,71,98,58,79,92,,65,65,23,25,12,11,0.8,1
2024-12-12T1500,3173A,117.0598,30.5351,安庆市,市人大,细颗粒物(PM2.5),87,88,103,64,83,92,,53,53,27,39,8,7,0.5,0.7
2024-12-12T1500,3122A,105.9606,26.2611,安顺市,伍家关,,30,27,19,21,15,43,,,,14,14,9,18,0.4,0.5
2024-12-12T1500,3123A,105.9408,26.2431,安顺市,凤凰山,,26,26,20,17,29,40,,36,36,18,19,17,16,0.5,0.6
2024-12-12T1500,3124A,105.9439,26.2564,安顺市,金钟山,,25,19,28,17,23,42,,40,40,9,11,16,17,0.6,0.6
2024-12-12T1500,3125A,105.8983,26.2481,安顺市,娄家坡,,,21,27,18,20,36,,37,37,12,13,,15,0.6,0.6
2024-12-12T1500,1818A,114.4839,36.0621,安阳市,棉研所,细颗粒物(PM2.5),132,114,89,100,82,57,,28,28,25,46,11,9,0.6,0.7
2024-12-12T1500,1819A,114.3551,36.1017,安阳市,红庙街,细颗粒物(PM2.5),123,99,78,93,68,36,,21,21,39,40,8,5,0.9,0.7
2024-12-12T1500,1820A,114.361,36.0681,安阳市,银杏小区,细颗粒物(PM2.5),125,99,77,95,68,38,,19,19,34,42,5,3,0.8,0.7
2024-12-12T1500,3141A,114.3922,36.0878,安阳市,信访局,细颗粒物(PM2.5),133,,80,101,66,42,,23,23,35,47,7,5,0.7,0.7
2024-12-12T1500,3669A,114.4705,36.0637,安阳市,左辅环卫站,细颗粒物(PM2.5),123,115,98,93,75,57,,31,31,27,42,8,5,0.7,0.7
2024-12-12T1500,3703A,114.2917,36.0949,安阳市,安钢职工学校,细颗粒物(PM2.5),128,104,89,97,72,34,,17,17,47,49,7,4,0.9,0.7
2024-12-12T1500,1748A,123.044,41.1196,鞍山市,深沟寺,,33,33,41,10,19,50,,34,34,26,30,18,17,0.6,1.1
2024-12-12T1500,1749A,123.011,41.0931,鞍山市,太阳城,,32,32,39,18,23,51,,34,34,31,31,11,10,0.5,1
2024-12-12T1500,1750A,123.0485,41.1442,鞍山市,太平,,42,42,57,18,28,38,,25,25,42,41,32,16,1.8,1.2
2024-12-12T1500,1751A,122.9642,41.0971,鞍山市,铁西三道街,,45,45,78,20,36,58,,36,36,20,39,17,22,0.5,1.1
2024-12-12T1500,1752A,122.9341,41.0833,鞍山市,铁西工业园区,,42,42,88,15,40,67,,46,46,18,42,8,15,0.5,1.5
2024-12-12T1500,1753A,123.022,41.0821,鞍山市,明达新区,,35,35,44,20,25,61,,39,39,17,25,15,13,0.5,0.9
2024-12-12T1500,1754A,123.1289,41.0228,鞍山市,千山,,,,40,,20,,,22,,,19,,5,,0.8
2024-12-12T1500,2195A,107.4212,40.761,巴彦淖尔市,附二中,颗粒物(PM10),165,280,86,27,24,75,,68,68,6,13,3,4,0.3,0.3
2024-12-12T1500,2196A,107.37,40.7372,巴彦淖尔市,市环保大楼,颗粒物(PM10),420,520,99,31,22,77,,69,69,3,11,2,2,0.2,0.2
2024-12-12T1500,1956A,86.1472,41.7538,巴音郭楞蒙古自治州,孔雀公园,细颗粒物(PM2.5),68,,39,49,31,57,,36,31,22,36,2,2,0.7,0.7
2024-12-12T1500,1957A,86.1972,41.7166,巴音郭楞蒙古自治州,棉纺厂,,48,48,48,24,24,65,,24,23,17,42,2,3,0.6,0.6
2024-12-12T1500,1958A,86.2357,41.7173,巴音郭楞蒙古自治州,经济开发区,,39,34,34,27,21,62,,48,35,28,31,4,3,0.5,0.4
2024-12-12T1500,2914A,106.7677,31.8794,巴中市,苏山坪,,48,38,30,33,26,30,,45,31,27,14,4,4,0.6,0.5
2024-12-12T1500,3182A,106.7656,31.8545,巴中市,丽阳花园,细颗粒物(PM2.5),52,46,40,36,31,26,,11,11,33,34,4,3,0.7,0.7
2024-12-12T1500,3183A,106.7418,31.8654,巴中市,圣泉水务公司,,43,39,40,30,31,32,,11,11,26,34,3,4,0.5,0.5
2024-12-12T1500,3616A,106.7616,31.8344,巴中市,市中心医院,细颗粒物(PM2.5),54,41,41,38,37,28,,11,11,32,31,3,3,0.6,0.6
2024-12-12T1500,2235A,122.7911,45.6077,白城市,洮北区环保局,,24,24,28,13,23,66,,56,56,12,16,3,5,0.6,0.6
2024-12-12T1500,2236A,122.8738,45.5725,白城市,市环保局,,,14,35,9,21,68,,44,44,4,31,,5,,0.6
2024-12-12T1500,2231A,126.4219,41.9171,白山市,喜丰,颗粒物(PM10),52,53,63,27,28,67,,38,38,13,31,23,30,0.7,0.8
2024-12-12T1500,2232A,126.4077,41.9419,白山市,环保局,,44,44,71,18,32,54,,33,33,16,20,8,22,0.6,0.6
2024-12-12T1500,2647A,104.1724,36.5446,白银市,第三小学,,34,34,39,20,37,88,,84,84,9,18,10,21,0.6,0.8
2024-12-12T1500,2648A,104.1465,36.5482,白银市,动力公司,,36,30,38,25,42,88,,84,84,9,17,3,20,0.6,0.8
2024-12-12T1500,2512A,106.6103,23.9011,百色市,市监测站,,23,23,18,15,11,49,,44,44,12,15,10,8,0.7,0.7
2024-12-12T1500,2513A,106.6538,23.8859,百色市,市中心血站,,30,30,20,20,11,45,,39,39,10,16,6,8,0.7,0.6
2024-12-12T1500,3406A,106.6085,23.8798,百色市,祈福高中,,36,36,27,14,11,49,,36,36,13,18,9,7,0.6,0.7
2024-12-12T1500,2270A,117.396,32.939,蚌埠市,工人疗养院,细颗粒物(PM2.5),59,64,91,42,64,58,,36,36,22,32,6,7,0.6,0.7
2024-12-12T1500,2271A,117.3605,32.9427,蚌埠市,百货大楼,细颗粒物(PM2.5),60,68,92,43,63,56,,34,34,22,36,6,7,0.4,0.5
2024-12-12T1500,2273A,117.4185,32.8911,蚌埠市,蚌埠学院,细颗粒物(PM2.5),54,51,82,38,60,56,,37,37,28,39,9,8,0.5,0.6
2024-12-12T1500,2274A,117.3533,32.9673,蚌埠市,淮上区政府,细颗粒物(PM2.5),68,70,97,49,70,55,,33,33,22,37,8,7,0.5,0.6
2024-12-12T1500,2275A,117.3145,32.8977,蚌埠市,高新区,颗粒物(PM10),52,53,95,30,70,58,,34,34,29,56,9,12,0.5,0.6
2024-12-12T1500,3715A,117.3092,32.9314,蚌埠市,蚌埠田家炳中学,颗粒物(PM10),58,66,110,34,75,57,,33,33,23,48,7,8,0.6,0.7
2024-12-12T1500,1585A,109.8756,40.6532,包头市,市环境监测站,颗粒物(PM10),119,188,98,20,45,50,,35,35,26,52,13,19,0.8,1.5
2024-12-12T1500,1587A,109.9991,40.5842,包头市,包头八中,颗粒物(PM10),185,320,112,25,43,59,,41,41,16,41,6,10,0.6,1
2024-12-12T1500,1588A,109.8538,40.6821,包头市,青山宾馆,颗粒物(PM10),92,133,90,20,58,61,,35,35,16,49,9,15,0.5,1.5
2024-12-12T1500,1589A,109.8642,40.6288,包头市,惠龙物流,颗粒物(PM10),125,200,102,20,49,45,,35,35,31,51,16,19,1.0,1.6
2024-12-12T1500,1590A,110.0377,40.5546,包头市,东河鸿龙湾,颗粒物(PM10),313,430,103,26,36,58,,43,43,13,35,9,12,0.4,0.9
2024-12-12T1500,3283A,109.9154,40.5685,包头市,滨河大厦,颗粒物(PM10),238,376,122,26,37,63,,48,48,14,40,7,11,0.5,0.9
2024-12-12T1500,3419A,109.9447,40.6261,包头市,包头市委党校,颗粒物(PM10),119,187,98,24,41,56,,38,38,22,49,8,15,0.5,1.1
2024-12-12T1500,3683A,109.8331,40.6576,包头市,昆区政府,颗粒物(PM10),113,176,97,28,55,47,,30,30,27,53,13,22,1.2,1.6
2024-12-12T1500,1930A,107.185,34.3063,宝鸡市,庙沟村,细颗粒物(PM2.5),60,,88,43,94,77,,55,55,11,33,7,6,0.4,0.8
2024-12-12T1500,1931A,107.0708,34.3017,宝鸡市,竹园沟,,42,41,89,29,86,84,,50,50,11,23,7,6,0.4,0.8
2024-12-12T1500,1932A,107.1906,34.3672,宝鸡市,三陆医院,,48,48,96,32,101,79,,46,46,16,36,5,5,0.4,0.8
2024-12-12T1500,1933A,107.1431,34.3547,宝鸡市,监测站,,49,48,97,34,96,74,,48,48,16,33,7,8,0.5,0.9
2024-12-12T1500,1934A,107.1186,34.3739,宝鸡市,技工学校,细颗粒物(PM2.5),57,60,89,40,89,75,,47,47,17,31,6,5,0.5,0.8
2024-12-12T1500,1935A,107.3906,34.3528,宝鸡市,陈仓区环保局家属楼,颗粒物(PM10),56,61,114,32,104,82,,50,50,13,42,6,7,0.6,1
2024-12-12T1500,1936A,107.2058,34.3497,宝鸡市,文理学院,,,64,109,31,95,76,,44,44,,34,6,6,0.6,0.9
2024-12-12T1500,1937A,107.2386,34.3622,宝鸡市,三迪小学,颗粒物(PM10),51,52,97,32,103,76,,44,44,13,35,6,6,0.6,0.9
2024-12-12T1500,1051A,115.493,38.8632,保定市,游泳馆,细颗粒物(PM2.5),113,116,122,85,85,11,,8,8,60,59,7,5,0.8,1.2
2024-12-12T1500,1052A,115.5213,38.8959,保定市,华电二区,细颗粒物(PM2.5),119,116,102,90,81,7,,5,5,72,66,6,5,1.0,1.1
2024-12-12T1500,1053A,115.4713,38.9108,保定市,接待中心,细颗粒物(PM2.5),127,116,108,96,83,9,,7,7,64,60,4,6,0.8,0.9
2024-12-12T1500,1054A,115.4612,38.8416,保定市,地表水厂,细颗粒物(PM2.5),130,159,133,99,90,12,,10,10,71,69,5,7,1.0,1.1
2024-12-12T1500,3581A,115.31981,38.95208,保定市,满城区生态环境分局,细颗粒物(PM2.5),107,127,116,80,74,18,,10,10,69,72,3,3,0.7,1.4
2024-12-12T1500,3582A,115.47694,38.76408,保定市,清苑区第二中学,细颗粒物(PM2.5),95,108,107,71,68,14,,10,10,50,58,6,10,1.1,1.1
2024-12-12T1500,3583A,115.62909,39.02311,保定市,徐水物探局,细颗粒物(PM2.5),119,117,115,90,53,10,,5,5,60,60,11,10,0,0.4
2024-12-12T1500,4004A,115.4202,38.8656,保定市,双鹰农机,细颗粒物(PM2.5),93,111,115,69,80,16,,14,14,61,61,8,9,1.1,1.3
2024-12-12T1500,4034A,115.5150,38.8590,保定市,植保所站,细颗粒物(PM2.5),123,141,131,93,90,10,,7,7,64,66,6,9,1.0,1
2024-12-12T1500,2594A,99.1678,25.1081,保山市,市环境监测站,,36,36,48,11,27,95,,65,65,5,10,3,5,0.2,0.4
2024-12-12T1500,2595A,99.1711,25.1328,保山市,市环保局,,31,31,45,12,29,96,,71,71,3,6,7,7,0.2,0.3
2024-12-12T1500,1866A,109.2262,21.588,北海市,牛尾岭水库,,,43,23,36,20,50,,32,32,,13,6,5,0.9,0.9
2024-12-12T1500,1867A,109.1436,21.4086,北海市,海滩公园,颗粒物(PM10),54,57,40,34,23,60,,43,43,16,16,10,9,0.8,0.7
2024-12-12T1500,1868A,109.0981,21.4661,北海市,新市环保局,细颗粒物(PM2.5),58,53,32,41,25,66,,45,45,17,17,7,7,0.7,0.7
2024-12-12T1500,1869A,109.1778,21.5233,北海市,北海工业园,"颗粒物(PM10),细颗粒物(PM2.5)",53,55,39,37,27,63,,41,41,16,19,10,14,0.7,0.8
2024-12-12T1500,3400A,109.1911,21.4415,北海市,龙潭自来水厂,细颗粒物(PM2.5),62,52,36,44,27,63,,42,42,13,16,7,7,0.8,0.8
2024-12-12T1500,1001A,116.3621,39.8784,北京市,万寿西宫,颗粒物(PM10),76,101,70,55,38,4,,5,5,71,60,6,5,0.9,0.7
2024-12-12T1500,1002A,116.2202,40.2915,北京市,定陵,,,74,50,50,34,,,7,7,56,28,7,6,0.8,0.6
2024-12-12T1500,1003A,116.4174,39.9289,北京市,东四,细颗粒物(PM2.5),82,104,68,60,38,8,,8,8,55,44,5,5,1.1,0.8
2024-12-12T1500,1004A,116.4072,39.8863,北京市,天坛,细颗粒物(PM2.5),87,110,61,64,40,13,,10,10,58,46,3,2,0.8,0.6
2024-12-12T1500,1005A,116.462,39.9365,北京市,农展馆,颗粒物(PM10),78,105,67,54,35,12,,11,11,65,48,2,2,1.1,0.9
2024-12-12T1500,1006A,116.3392,39.9295,北京市,官园,"颗粒物(PM10),细颗粒物(PM2.5)",77,103,66,56,38,6,,5,5,60,52,6,6,0.9,0.7
2024-12-12T1500,1007A,116.2878,39.9611,北京市,海淀万柳,细颗粒物(PM2.5),79,100,74,58,41,14,,13,13,69,61,6,6,0.9,0.8
2024-12-12T1500,1008A,116.6636,40.135,北京市,顺义新城,颗粒物(PM10),58,65,63,33,33,17,,13,13,38,48,3,2,0.6,0.7
2024-12-12T1500,1009A,116.6275,40.3275,北京市,怀柔镇,颗粒物(PM10),52,54,41,34,26,31,,20,20,27,30,2,2,0.6,0.7
2024-12-12T1500,1010A,116.2296,40.217,北京市,昌平镇,颗粒物(PM10),75,99,70,54,38,7,,12,7,59,38,8,7,0.9,0.7
2024-12-12T1500,1011A,116.3966,39.9821,北京市,奥体中心,细颗粒物(PM2.5),77,96,69,56,37,11,,8,8,58,50,6,6,0.9,0.7
2024-12-12T1500,1012A,116.184,39.9136,北京市,古城,细颗粒物(PM2.5),87,113,86,64,49,9,,7,7,47,47,7,7,1.0,1
2024-12-12T1500,3281A,115.9718,40.4529,北京市,延庆夏都,细颗粒物(PM2.5),64,74,55,46,32,23,,13,13,36,33,5,17,0.6,0.7
2024-12-12T1500,3417A,117.0709,40.1465,北京市,平谷新城,颗粒物(PM10),67,83,63,41,31,15,,13,13,41,31,2,3,0.6,0.6
2024-12-12T1500,3418A,116.8336,40.4095,北京市,密云新城,颗粒物(PM10),51,51,43,32,23,34,,23,23,23,26,2,2,0.4,0.4
2024-12-12T1500,3671A,116.088,39.9726,北京市,门头沟三家店,"颗粒物(PM10),细颗粒物(PM2.5)",79,107,84,58,43,6,,7,7,65,47,5,4,0.9,0.8
2024-12-12T1500,3672A,116.1541,39.8204,北京市,丰台云岗,颗粒物(PM10),106,162,96,54,46,6,,5,5,61,55,5,5,0.8,0.8
2024-12-12T1500,3673A,116.6804,39.9081,北京市,通州东关,颗粒物(PM10),75,99,70,50,35,7,,5,5,60,52,2,3,0.8,0.6
2024-12-12T1500,3674A,115.9577,39.7603,北京市,房山燕山,细颗粒物(PM2.5),90,104,81,67,53,27,,15,15,57,41,2,2,0.8,0.8
2024-12-12T1500,3675A,116.4672,39.7733,北京市,大兴旧宫,"颗粒物(PM10),细颗粒物(PM2.5)",75,99,70,55,38,6,,4,4,61,49,2,2,0.8,0.6
2024-12-12T1500,3694A,115.986,40.4563,北京市,延庆石河营,细颗粒物(PM2.5),62,70,50,44,33,26,,14,14,38,35,3,2,0.6,0.7
2024-12-12T1500,3695A,116.6151,40.3053,北京市,怀柔新城,颗粒物(PM10),53,56,42,34,27,26,,21,21,30,22,2,2,0.4,0.4
2024-12-12T1500,3696A,116.2545,39.8768,北京市,丰台小屯,颗粒物(PM10),80,109,80,58,43,5,,5,5,68,63,5,5,1.0,0.9
2024-12-12T1500,3697A,116.84,40.3844,北京市,密云镇,颗粒物(PM10),54,58,52,33,25,32,,16,16,24,40,3,3,0.4,0.5
2024-12-12T1500,1761A,123.8275,41.3064,本溪市,大峪,,39,38,68,27,34,48,,24,24,31,43,23,15,1.6,1.8
2024-12-12T1500,1762A,123.7567,41.3325,本溪市,溪湖,,40,40,88,14,41,56,,28,28,19,39,14,11,0.8,1.5
2024-12-12T1500,1763A,123.7169,41.3094,本溪市,彩屯,,29,25,81,20,50,57,,29,29,22,45,14,12,0.9,1.6
2024-12-12T1500,1764A,123.7669,41.2864,本溪市,东明,颗粒物(PM10),53,55,82,19,43,50,,24,24,30,45,20,14,1.4,1.5
2024-12-12T1500,1765A,123.7992,41.2664,本溪市,新立屯,颗粒物(PM10),70,90,52,22,23,35,,27,27,57,45,33,9,2.8,1.2
2024-12-12T1500,1766A,123.8142,41.3472,本溪市,威宁,,46,46,96,17,40,56,,28,28,24,40,15,11,0.7,1.1
2024-12-12T1500,2587A,105.2864,27.3125,毕节市,八中,,13,9,25,9,21,35,,26,24,11,17,6,7,0.6,0.6
2024-12-12T1500,2588A,105.31,27.2944,毕节市,师专,,11,7,25,6,19,35,,26,24,12,17,6,8,0.6,0.6
2024-12-12T1500,3537A,105.3631,27.3533,毕节市,长征村,,13,10,17,8,15,39,,34,34,8,10,8,9,0.6,0.6
2024-12-12T1500,1629A,118.0018,37.3617,滨州市,第二水厂,细颗粒物(PM2.5),73,75,41,53,23,35,,20,20,50,47,15,12,0.8,0.6
2024-12-12T1500,1630A,117.9776,37.393,滨州市,北中新校,颗粒物(PM10),59,68,42,39,19,46,,28,28,38,40,12,15,0.4,0.2
2024-12-12T1500,3514A,117.9378,37.3956,滨州市,中海酒店,细颗粒物(PM2.5),55,56,28,39,19,55,,36,36,29,29,9,7,0.5,0.4
2024-12-12T1500,3515A,117.9378,37.3553,滨州市,开发区一中,细颗粒物(PM2.5),62,66,41,44,20,42,,28,28,48,45,13,16,0.6,0.4
2024-12-12T1500,3516A,118.0917,37.694,滨州市,金海六路,颗粒物(PM10),56,61,38,36,21,26,,22,21,46,31,10,11,0.6,0.5
2024-12-12T1500,4028A,117.9956,37.3753,滨州市,滨州市西街道办事处,,,,37,,27,46,,22,22,38,39,13,14,0.5,0.6
2024-12-12T1500,2311A,115.8072,33.8399,亳州市,污水处理厂,颗粒物(PM10),60,69,101,37,64,88,,47,47,14,37,4,8,0.4,0.6
2024-12-12T1500,2312A,115.7789,33.8518,亳州市,三国揽胜宫,颗粒物(PM10),70,89,107,46,61,86,,45,45,21,39,4,7,0.6,0.7
2024-12-12T1500,3332A,115.7633,33.8034,亳州市,亳州学院,颗粒物(PM10),68,85,98,43,59,87,,47,47,21,35,3,5,0.4,0.6
2024-12-12T1500,2693A,82.0485,44.8556,博尔塔拉蒙古自治州,市党校,,43,,38,30,36,61,,50,50,12,17,6,8,0,0.3
2024-12-12T1500,2694A,82.0806,44.8969,博尔塔拉蒙古自治州,市环保局,,39,39,54,21,25,62,,56,56,14,19,8,7,0.2,0.1
2024-12-12T1500,1071A,116.8842,38.2991,沧州市,沧县城建局,细颗粒物(PM2.5),67,78,53,48,34,20,,16,16,42,39,8,7,0.7,0.7
2024-12-12T1500,1072A,116.8584,38.3254,沧州市,电视转播站,颗粒物(PM10),57,64,53,39,28,21,,18,18,44,42,17,15,0.5,0.4
2024-12-12T1500,1073A,116.8709,38.3228,沧州市,市环保局,颗粒物(PM10),57,64,50,39,34,19,,14,14,42,39,8,6,0.7,0.6
2024-12-12T1500,3324A,116.8136,38.3004,沧州市,河北水利电力学院,颗粒物(PM10),65,80,53,42,34,20,,14,14,43,31,10,9,0.5,0.4
2024-12-12T1500,2622A,97.1806,31.1273,昌都市,昌都监测站,,23,21,46,3,27,72,,47,47,12,37,6,7,0.6,1.2
2024-12-12T1500,3719A,97.1714,31.1406,昌都市,昌都会议中心,,23,15,20,3,14,72,,55,55,13,13,5,5,0.7,0.7
2024-12-12T1500,2690A,88.1236,43.8886,昌吉回族自治州,天山天池,,24,,3,3,10,74,,80,78,3,4,7,6,0.3,0.4
2024-12-12T1500,2692A,87.2717,44.0297,昌吉回族自治州,新区政务中心,细颗粒物(PM2.5),158,165,72,120,48,32,,17,17,29,48,7,8,1.1,0.9
2024-12-12T1500,3613A,87.3095,44.0142,昌吉回族自治州,亚心广场,细颗粒物(PM2.5),168,153,75,127,59,32,,18,18,35,51,8,7,1.1,0.9
2024-12-12T1500,1119A,125.3325,43.9166,长春市,食品厂,,35,35,55,23,35,53,,39,39,20,39,10,16,0.3,0.7
2024-12-12T1500,1120A,125.2863,43.9027,长春市,客车厂,,36,30,51,25,41,51,,35,35,19,40,15,19,0.3,0.6
2024-12-12T1500,1121A,125.2841,43.8463,长春市,邮电学院,,36,36,55,17,35,54,,35,35,21,45,16,19,0.3,0.6
2024-12-12T1500,1122A,125.3716,43.8772,长春市,劳动公园,,39,39,49,19,30,61,,38,38,19,43,12,19,0.5,0.8
2024-12-12T1500,1123A,125.3297,43.8805,长春市,园林处,,32,27,47,22,29,54,,35,35,15,41,9,19,0.3,0.6
2024-12-12T1500,1124A,125.4605,43.79,长春市,净月潭,,29,29,41,18,26,64,,41,41,11,22,8,8,0.3,0.5
2024-12-12T1500,1125A,125.7194,43.515,长春市,甩湾子,,,,,,,,,,,,,,,,
2024-12-12T1500,1126A,125.3863,43.8447,长春市,经开区环卫处,,37,37,56,18,31,56,,35,35,18,40,18,16,0.3,0.9
2024-12-12T1500,1127A,125.245,43.7783,长春市,高新区管委会,,24,24,60,15,42,59,,39,39,14,38,8,8,0.3,0.8
2024-12-12T1500,1128A,125.1761,43.8325,长春市,岱山公园,,24,24,54,12,39,57,,40,40,7,38,8,11,0.3,0.6
2024-12-12T1500,1335A,113.0833,28.2325,长沙市,经开区环保局,细颗粒物(PM2.5),90,88,74,67,56,28,,37,22,27,25,4,3,0.6,0.6
2024-12-12T1500,1336A,112.8872,28.2189,长沙市,高开区环保局,,,,81,,65,30,,23,20,22,23,5,5,0.7,0.7
2024-12-12T1500,1337A,113.0792,28.2053,长沙市,马坡岭,细颗粒物(PM2.5),104,116,73,78,56,,,41,23,,22,,3,,0.7
2024-12-12T1500,1338A,112.9394,28.19,长沙市,湖南师范大学,细颗粒物(PM2.5),103,101,79,77,60,36,,32,24,22,25,8,5,0.7,0.5
2024-12-12T1500,1339A,113.0178,28.1322,长沙市,雨花区环保局,细颗粒物(PM2.5),99,86,72,74,70,29,,36,29,32,27,6,5,0.7,0.5
2024-12-12T1500,1340A,112.9792,28.2597,长沙市,伍家岭,细颗粒物(PM2.5),103,101,85,77,60,28,,20,19,24,30,4,3,0.9,0.9
2024-12-12T1500,1341A,113.0014,28.1944,长沙市,火车新站,细颗粒物(PM2.5),100,82,76,75,61,32,,36,29,30,29,3,3,0.7,0.6
2024-12-12T1500,1342A,112.9844,28.1178,长沙市,天心区环保局,细颗粒物(PM2.5),102,104,88,76,61,26,,33,17,32,32,4,4,0.7,0.6
2024-12-12T1500,1343A,112.8908,28.1308,长沙市,湖南中医药大学,细颗粒物(PM2.5),113,100,87,85,66,31,,20,20,29,37,6,6,0.6,0.5
2024-12-12T1500,1344A,112.9581,28.3611,长沙市,沙坪,细颗粒物(PM2.5),103,80,60,77,58,29,,29,21,16,13,7,7,0.8,0.7
2024-12-12T1500,1727A,113.1147,36.1547,长治市,清华站,细颗粒物(PM2.5),100,116,115,75,108,47,,20,20,23,35,12,11,1.0,1.5
2024-12-12T1500,1728A,113.1031,36.1989,长治市,监测站,细颗粒物(PM2.5),110,95,106,83,112,46,,16,16,17,32,14,13,1.0,1.5
2024-12-12T1500,1730A,113.0886,36.2125,长治市,审计局,,,,113,,111,48,,16,16,20,47,,9,0.7,1.2
2024-12-12T1500,1731A,113.0844,36.1856,长治市,长治八中,细颗粒物(PM2.5),150,,136,115,125,45,,15,15,9,27,9,9,1.1,1.7
2024-12-12T1500,2845A,113.1569,36.1911,长治市,德盛苑,细颗粒物(PM2.5),128,98,122,97,117,40,,19,19,24,30,7,5,0.9,1.4
2024-12-12T1500,3568A,113.06,36.0464,长治市,向阳小学,细颗粒物(PM2.5),143,122,143,109,125,50,,25,25,22,38,9,8,1.1,1.7
2024-12-12T1500,3569A,112.8792,36.3144,长治市,屯留一中,细颗粒物(PM2.5),85,71,107,63,114,62,,24,24,19,34,11,10,1.6,1.6
2024-12-12T1500,3570A,113.235,36.3489,长治市,潞城四中,细颗粒物(PM2.5),137,139,113,104,110,48,,20,20,22,37,18,13,1.2,1.7
2024-12-12T1500,1854A,111.6975,28.9703,常德市,市二中,细颗粒物(PM2.5),115,104,80,87,70,62,,51,51,19,22,7,6,0.6,0.5
2024-12-12T1500,1857A,111.7158,29.1456,常德市,白鹤山,,,,,,,,,,,,,,,,
2024-12-12T1500,3138A,111.7153,29.0289,常德市,武陵区永安,细颗粒物(PM2.5),110,108,86,83,68,59,,61,50,23,18,5,5,0.6,0.5
2024-12-12T1500,3139A,111.6892,28.9881,常德市,鼎城区玉霞,细颗粒物(PM2.5),110,108,85,83,65,63,,49,49,21,24,7,5,0.6,0.6
2024-12-12T1500,3140A,111.6625,29.0531,常德市,武陵区长庚,细颗粒物(PM2.5),110,113,92,83,68,60,,41,41,19,22,4,3,0.6,0.5
2024-12-12T1500,1196A,119.9633,31.762,常州市,市监测站,细颗粒物(PM2.5),57,48,79,40,62,35,,28,28,34,48,10,9,0.7,0.8
2024-12-12T1500,1200A,119.9468,31.7069,常州市,武进监测站,,49,49,70,32,53,32,,28,28,41,51,10,13,0.7,0.8
2024-12-12T1500,1201A,119.9255,31.9087,常州市,安家,,47,47,78,31,59,41,,24,24,31,57,9,10,0.5,0.8
2024-12-12T1500,3002A,119.9805,31.8174,常州市,行政中心,,49,45,68,34,56,34,,25,25,34,53,8,10,0.4,0.7
2024-12-12T1500,3003A,120.0522,31.7748,常州市,经开区,颗粒物(PM10),60,70,75,42,54,27,,21,21,46,57,13,10,0.8,0.8
2024-12-12T1500,3010A,119.9025,31.7964,常州市,钟楼,,44,44,76,28,57,42,,33,33,29,53,9,9,0.8,1
2024-12-12T1500,3429A,119.8598,31.7066,常州市,武进经发区,,34,34,73,23,56,48,,36,36,32,46,8,8,0.6,0.7
2024-12-12T1500,3430A,119.5826,31.7245,常州市,金坛城区,,43,39,69,30,56,40,,35,35,40,36,8,8,0.5,0.7
2024-12-12T1500,2220A,120.4318,41.5881,朝阳市,西梁,颗粒物(PM10),55,60,92,31,53,34,,22,22,27,36,18,14,1.3,1.8
2024-12-12T1500,2221A,120.4521,41.5646,朝阳市,河畔小区,颗粒物(PM10),54,57,56,32,34,36,,28,28,28,30,17,11,1.1,1.1
2024-12-12T1500,2222A,120.4176,41.5648,朝阳市,八里堡,颗粒物(PM10),59,68,66,36,38,33,,23,23,27,37,23,14,1.4,1.3
2024-12-12T1500,2223A,120.3806,41.5969,朝阳市,农业园区,细颗粒物(PM2.5),69,75,67,50,45,34,,28,28,37,40,32,12,2.0,1.1
2024-12-12T1500,1705A,116.6367,23.6719,潮州市,西园路,,23,23,30,16,28,38,,30,30,12,14,4,5,0.5,0.5
2024-12-12T1500,3026A,116.6183,23.6608,潮州市,市政府,,29,29,30,10,18,40,,30,30,14,15,3,4,0.6,0.6
2024-12-12T1500,4036A,116.6461,23.6761,潮州市,金山,,,39,30,12,21,38,,30,,,14,6,7,,0.8
2024-12-12T1500,2472A,113.0073,25.9061,郴州市,马头岭,,45,45,63,27,42,30,,33,32,21,21,8,8,0.6,0.5
2024-12-12T1500,2473A,113.0116,25.8226,郴州市,市职中,,48,39,51,33,46,20,,27,25,21,19,4,4,0.7,0.6
2024-12-12T1500,2474A,113.0161,25.8001,郴州市,兴隆步行街,细颗粒物(PM2.5),65,56,70,47,57,21,,25,23,21,21,5,5,0.7,0.7
2024-12-12T1500,2475A,113.0383,25.8071,郴州市,市审计局,细颗粒物(PM2.5),52,47,56,36,47,22,,30,26,18,17,4,5,0.7,0.7
2024-12-12T1500,2476A,113.0348,25.7759,郴州市,市环保局,细颗粒物(PM2.5),68,50,55,49,56,27,,34,30,17,16,4,4,0.7,0.7
2024-12-12T1500,1431A,103.9728,30.7236,成都市,金泉两河,,47,47,56,27,35,55,,41,40,23,34,1,1,0.5,0.5
2024-12-12T1500,1432A,104.176,30.6872,成都市,十里店,,47,47,55,30,40,48,,38,38,37,42,2,2,0.6,0.6
2024-12-12T1500,1433A,104.079,30.5706,成都市,三瓦窑,细颗粒物(PM2.5),55,51,55,39,37,52,,45,45,26,36,2,2,0.5,0.5
2024-12-12T1500,1434A,104.1114,30.63,成都市,沙河铺,,50,50,54,33,38,41,,43,43,30,30,4,3,0.5,0.5
2024-12-12T1500,1437A,104.0786,30.6531,成都市,君平街,,44,44,58,29,45,51,,45,45,26,33,4,4,0.5,0.6
2024-12-12T1500,1438A,103.613,31.0283,成都市,灵岩寺,,,,,,,,,,,,,,,,
2024-12-12T1500,2880A,104.0239,30.65639,成都市,大石西路,颗粒物(PM10),53,56,60,36,42,53,,44,44,23,32,2,3,0.4,0.4
2024-12-12T1500,3136A,104.2725,30.5589,成都市,龙泉驿区区政府,细颗粒物(PM2.5),67,56,50,48,41,48,,42,40,27,30,4,4,0.6,0.6
2024-12-12T1500,3357A,104.0106,30.6931,成都市,金博路,颗粒物(PM10),51,51,54,32,37,48,,37,37,26,36,1,2,0.5,0.6
2024-12-12T1500,3359A,104.0578,30.5225,成都市,华阳,"颗粒物(PM10),细颗粒物(PM2.5)",52,53,54,36,40,49,,41,40,25,35,1,2,0.5,0.5
2024-12-12T1500,3487A,104.2394,30.5319,成都市,车城东七路,细颗粒物(PM2.5),64,54,53,46,42,46,,39,38,25,30,3,3,0.6,0.6
2024-12-12T1500,3488A,104.3853,30.7453,成都市,青白江技师分院,细颗粒物(PM2.5),62,46,48,44,41,51,,42,39,23,30,4,4,0.4,0.3
2024-12-12T1500,3489A,104.0789,30.4072,成都市,科学城,细颗粒物(PM2.5),59,52,50,42,43,47,,47,39,30,33,4,4,0.4,0.4
2024-12-12T1500,4011A,103.8506,30.6947,成都市,光华大道三段,,40,40,49,23,36,59,,42,42,22,33,1,2,0.4,0.5
2024-12-12T1500,1062A,117.9531,40.9081,承德市,铁路,细颗粒物(PM2.5),84,100,59,62,33,10,,11,11,46,37,49,9,1.4,0.8
2024-12-12T1500,1063A,117.9392,40.9763,承德市,中国银行,颗粒物(PM10),80,109,56,52,27,10,,12,12,33,26,15,3,1.1,0.6
2024-12-12T1500,1064A,117.9503,40.928,承德市,开发区,颗粒物(PM10),78,106,55,39,28,13,,13,13,42,34,56,8,1.5,0.7
2024-12-12T1500,1065A,117.8051,40.9655,承德市,文化中心,细颗粒物(PM2.5),133,187,94,101,37,11,,9,9,48,41,171,21,3.5,1
2024-12-12T1500,1066A,117.9268,41.0026,承德市,离宫,颗粒物(PM10),66,81,51,44,35,9,,12,12,42,32,7,3,1.0,0.5
2024-12-12T1500,2314A,117.47,30.6618,池州市,池州学院,细颗粒物(PM2.5),97,81,80,72,75,81,,36,36,20,33,7,5,0.8,0.8
2024-12-12T1500,3237A,117.4918,30.6617,池州市,展览馆,细颗粒物(PM2.5),78,78,84,57,61,83,,33,33,20,30,6,5,0.8,0.7
2024-12-12T1500,3333A,117.5627,30.695,池州市,第八中学,细颗粒物(PM2.5),89,80,89,66,70,81,,35,35,20,31,5,5,0.7,0.7
2024-12-12T1500,3334A,117.5038,30.6243,池州市,第十二中学,细颗粒物(PM2.5),89,77,76,66,63,85,,33,33,20,30,4,3,0.8,0.8
2024-12-12T1500,1744A,118.9233,42.2816,赤峰市,松山一中,,38,38,55,9,21,62,,32,32,13,39,7,15,0.5,1.1
2024-12-12T1500,1745A,118.9576,42.2728,赤峰市,哈达街,,28,,47,19,27,64,,32,32,19,43,7,13,0.4,0.9
2024-12-12T1500,1746A,118.8788,42.2554,赤峰市,天义路,,28,28,41,6,23,64,,29,29,16,40,6,12,0.5,1
2024-12-12T1500,3058A,119.2658,42.0353,赤峰市,银河街,细颗粒物(PM2.5),104,123,100,78,57,42,,33,33,42,44,23,26,1.4,1.6
2024-12-12T1500,3286A,118.9359,42.3147,赤峰市,桥北物流园区,,26,26,42,3,31,67,,36,36,16,30,7,16,0.5,1
2024-12-12T1500,2521A,107.3476,22.4136,崇左市,市环保局江州分局,,29,29,19,18,10,57,,48,48,7,7,4,5,0.8,0.7
2024-12-12T1500,2522A,107.3702,22.3707,崇左市,城南新区,,,26,16,7,5,55,,43,43,14,12,,6,1.2,1.1
2024-12-12T1500,2298A,118.3093,32.3153,滁州市,老年大学,,49,49,70,30,50,55,,39,39,30,40,4,4,0.5,0.7
2024-12-12T1500,2299A,118.3244,32.2786,滁州市,人大宾馆,细颗粒物(PM2.5),54,49,69,38,53,58,,41,41,27,32,8,8,0.3,0.5
2024-12-12T1500,3207A,118.3118,32.3038,滁州市,市政府原办公楼,细颗粒物(PM2.5),52,47,65,36,52,55,,42,42,27,38,6,6,0.7,0.7
2024-12-12T1500,3331A,118.3267,32.2634,滁州市,图书馆,颗粒物(PM10),56,62,77,34,48,57,,39,39,22,30,6,6,0.5,0.6
2024-12-12T1500,2605A,101.5482,25.0441,楚雄彝族自治州,州环境监测站,,26,16,27,13,23,81,,51,51,3,14,5,6,0.4,0.4
2024-12-12T1500,2606A,101.538,25.0492,楚雄彝族自治州,市经济开发区,,25,,32,13,24,79,,50,50,4,14,5,6,0.4,0.5
2024-12-12T1500,2548A,107.5277,31.2827,达州市,达州职业技术学院,细颗粒物(PM2.5),58,57,69,41,53,21,,9,9,30,34,15,11,0.9,1
2024-12-12T1500,2549A,107.5086,31.2186,达州市,市环境监测站,颗粒物(PM10),53,56,61,34,36,26,,9,9,31,37,12,9,0.7,0.7
2024-12-12T1500,2550A,107.4988,31.2132,达州市,凤凰小区,细颗粒物(PM2.5),58,53,53,41,40,31,,12,12,28,34,12,10,0.6,0.7
2024-12-12T1500,2551A,107.5082,31.1986,达州市,达县机关宾馆,颗粒物(PM10),52,53,53,33,38,20,,8,8,38,38,13,10,0.7,0.8
2024-12-12T1500,2552A,107.4644,31.2124,达州市,市政中心,颗粒物(PM10),51,51,57,24,34,33,,14,14,25,34,9,11,0.5,0.6
2024-12-12T1500,2614A,100.1542,25.7054,大理白族自治州,大理市环境监测站,,35,26,30,24,25,94,,91,86,5,6,7,7,0.5,0.5
2024-12-12T1500,2615A,100.2171,25.5811,大理白族自治州,大理古城,,39,39,34,3,23,111,,91,91,6,12,5,6,0.6,0.7
2024-12-12T1500,1109A,121.612,38.9741,大连市,甘井子,颗粒物(PM10),89,128,56,36,19,26,,40,33,51,33,12,10,0.7,0.7
2024-12-12T1500,1110A,121.565,38.9511,大连市,周水子,细颗粒物(PM2.5),52,48,32,36,22,8,,21,18,58,33,11,12,0.8,0.6
2024-12-12T1500,1111A,121.5637,38.8845,大连市,星海三站,细颗粒物(PM2.5),54,45,31,38,20,35,,32,32,31,24,17,13,0.7,0.7
2024-12-12T1500,1112A,121.6302,38.9117,大连市,青泥洼桥,颗粒物(PM10),60,70,39,39,20,37,,32,21,22,26,16,13,0.7,0.5
2024-12-12T1500,1113A,121.6251,38.8638,大连市,傅家庄,,46,44,29,32,16,47,,41,41,17,19,13,12,0.7,0.5
2024-12-12T1500,1114A,121.5213,38.8661,大连市,七贤岭,颗粒物(PM10),57,64,33,38,19,39,,42,36,28,19,10,10,0.9,0.8
2024-12-12T1500,1115A,121.2529,38.8061,大连市,旅顺,细颗粒物(PM2.5),57,53,23,40,19,52,,52,38,14,12,13,12,0.9,0.7
2024-12-12T1500,1116A,121.7485,39.1311,大连市,金州,细颗粒物(PM2.5),64,66,33,46,24,18,,51,38,55,21,14,9,0.9,0.7
2024-12-12T1500,1117A,121.7811,39.0496,大连市,开发区,,40,40,27,27,18,41,,44,28,30,24,22,20,0.8,0.6
2024-12-12T1500,1118A,121.9762,39.0631,大连市,双D港,,29,25,28,20,15,61,,64,63,16,11,11,11,0.7,0.7
2024-12-12T1500,1789A,124.81117,46.03138,大庆市,大同区,,30,25,68,21,49,56,,43,43,12,31,4,6,0.5,0.8
2024-12-12T1500,1790A,125.129,46.533,大庆市,龙凤区,,44,44,59,26,39,40,,31,31,30,46,11,12,1.1,0.9
2024-12-12T1500,1791A,124.902,46.408,大庆市,红岗区,,33,30,33,23,24,49,,40,40,18,33,6,6,0.4,0.5
2024-12-12T1500,1792A,125.153,46.586,大庆市,萨尔图区,,,,52,,36,,,33,33,29,46,6,6,0.7,0.9
2024-12-12T1500,1793A,124.9042,46.6215,大庆市,让胡路区,颗粒物(PM10),51,52,31,28,29,51,,39,39,15,24,6,6,0.6,0.7
2024-12-12T1500,3481A,125.141,46.634,大庆市,萨区政府监测点,,,22,31,12,20,,,29,29,12,42,,6,0.5,0.8
2024-12-12T1500,1721A,113.3819,40.1097,大同市,果树场,细颗粒物(PM2.5),73,65,115,53,81,34,,16,16,35,48,17,13,1.0,1.6
2024-12-12T1500,1723A,113.2994,40.0758,大同市,云冈宾馆,颗粒物(PM10),63,76,94,44,47,51,,27,27,27,48,15,20,0.7,1.2
2024-12-12T1500,1724A,113.3444,40.0917,大同市,大同大学,颗粒物(PM10),64,77,88,39,42,35,,18,18,32,47,15,20,0.9,1.1
2024-12-12T1500,1725A,113.2661,40.1269,大同市,安家小村,颗粒物(PM10),66,81,108,32,46,46,,21,21,26,43,21,26,0.8,1.6
2024-12-12T1500,1726A,113.2711,40.0844,大同市,教育学院,颗粒物(PM10),62,73,96,36,41,46,,22,22,34,55,13,22,0.7,1.1
2024-12-12T1500,3282A,113.3397,40.0597,大同市,大同市卫生学校,颗粒物(PM10),66,82,109,41,51,42,,18,18,28,53,14,19,0.6,1.1
2024-12-12T1500,3565A,113.1367,40.1122,大同市,云冈站,颗粒物(PM10),51,51,78,35,41,62,,30,30,19,39,13,23,0.6,0.8
2024-12-12T1500,3566A,113.1186,40.2556,大同市,图书馆,"颗粒物(PM10),细颗粒物(PM2.5)",52,53,74,36,48,66,,34,34,18,32,10,18,0.5,0.9
2024-12-12T1500,3567A,113.5931,40.0461,大同市,区一中,颗粒物(PM10),81,112,125,36,48,33,,15,15,38,52,41,44,0.9,1.5
2024-12-12T1500,3676A,113.2802,40.0995,大同市,第二人民医院,颗粒物(PM10),65,79,99,38,44,44,,24,24,34,54,18,24,0.8,1.3
2024-12-12T1500,2269A,124.1069,50.4097,大兴安岭地区,科技局,,23,16,18,16,18,63,,63,63,9,8,5,6,0.5,0.6
2024-12-12T1500,3663A,124.1164,50.4278,大兴安岭地区,红旗社区,,20,7,21,3,13,64,,59,59,7,17,4,7,0.3,0.4
2024-12-12T1500,1600A,124.3303,40.0625,丹东市,江湾东路,,26,26,32,14,18,58,,49,49,10,19,11,14,0.5,0.7
2024-12-12T1500,1601A,124.4256,40.1503,丹东市,临江后街,,23,,23,15,20,71,,59,59,8,12,4,6,0.4,0.6
2024-12-12T1500,1602A,124.3933,40.1461,丹东市,元宝山,,21,14,27,10,16,65,,52,52,5,15,5,8,0.5,0.6
2024-12-12T1500,1603A,124.3633,40.1092,丹东市,民主桥,,23,23,32,9,14,61,,50,50,16,21,7,10,0.3,0.5
2024-12-12T1500,3541A,109.5726,19.5167,儋州市,第一中学子站,颗粒物(PM10),51,51,56,25,28,63,,51,46,2,9,6,6,0.7,0.6
2024-12-12T1500,3542A,109.5567,19.5187,儋州市,东坡学校子站,,41,41,50,25,30,67,,56,45,11,12,6,6,0.7,0.7
2024-12-12T1500,2616A,98.5842,24.428,德宏傣族景颇族自治州,德宏州监测站,细颗粒物(PM2.5),58,59,65,41,44,84,,44,44,16,23,50,17,0.5,0.7
2024-12-12T1500,3677A,98.5881,24.4368,德宏傣族景颇族自治州,芒市人民政府综合楼,细颗粒物(PM2.5),59,56,65,42,43,80,,41,41,16,18,35,11,0.5,0.6
2024-12-12T1500,1901A,104.4239,31.1208,德阳市,东山公园,颗粒物(PM10),54,58,66,35,43,70,,50,49,14,27,1,2,0.6,0.6
2024-12-12T1500,1902A,104.3826,31.1317,德阳市,西小区,,46,45,50,32,44,64,,49,41,14,28,2,2,0.6,0.6
2024-12-12T1500,1904A,104.3553,31.1091,德阳市,耐火材料厂,,48,41,47,33,46,62,,52,42,16,27,3,4,0.6,0.6
2024-12-12T1500,3639A,104.4019,31.1244,德阳市,市教育局,,48,47,50,33,43,65,,50,44,16,32,2,3,0.4,0.5
2024-12-12T1500,1622A,116.3032,37.4674,德州市,儿童乐园,"颗粒物(PM10),细颗粒物(PM2.5)",62,73,64,44,31,35,,23,23,37,41,10,7,1.0,0.8
2024-12-12T1500,1624A,116.2991,37.4451,德州市,监理站,颗粒物(PM10),62,73,54,41,30,34,,21,21,40,41,17,14,0.9,0.7
2024-12-12T1500,3066A,116.2721,37.4379,德州市,九衢泉纯净水厂,细颗粒物(PM2.5),77,78,64,56,35,29,,15,15,40,43,19,15,1.1,0.8
2024-12-12T1500,3371A,116.3728,37.4403,德州市,开发区人民医院,颗粒物(PM10),58,66,62,36,34,42,,21,21,33,47,11,13,0.6,0.6
2024-12-12T1500,3372A,116.3572,37.4094,德州市,太阳城中学,"颗粒物(PM10),细颗粒物(PM2.5)",58,66,68,41,42,36,,18,18,33,44,12,13,0.4,0.4
2024-12-12T1500,3511A,116.5652,37.3319,德州市,陵城艺术中心,颗粒物(PM10),60,70,71,34,41,36,,22,22,38,40,14,17,0.7,0.8
2024-12-12T1500,2621A,99.7056,27.8317,迪庆藏族自治州,迪庆州站,,31,13,33,13,24,98,,77,77,7,15,8,9,0.4,0.7
2024-12-12T1500,3180A,99.7136,27.8094,迪庆藏族自治州,质量技术监督局,,30,22,30,7,19,96,,69,69,7,14,7,8,0.3,0.5
2024-12-12T1500,2663A,104.6241,35.5734,定西市,东关小学,,45,45,61,24,48,76,,70,70,8,16,5,6,0.4,0.7
2024-12-12T1500,2664A,104.6194,35.5934,定西市,供电公司,颗粒物(PM10),51,51,64,29,45,90,,81,81,7,17,6,6,0.6,0.7
2024-12-12T1500,1389A,113.7547,23.0494,东莞市,莞城梨川,,29,16,41,9,25,90,,46,46,16,23,7,8,0.8,0.9
2024-12-12T1500,1390A,113.7944,23.0128,东莞市,东城石井,,30,22,39,13,24,94,,53,53,17,22,6,7,0.8,0.9
2024-12-12T1500,1391A,113.7383,22.9658,东莞市,南城西平,,28,21,42,8,21,89,,50,50,17,28,4,6,0.7,0.7
2024-12-12T1500,3319A,113.7338,23.0381,东莞市,万江金泰,,28,16,39,9,23,89,,45,45,8,17,7,6,0.8,0.9
2024-12-12T1500,3626A,113.7533,23.0202,东莞市,南城元岭,,31,18,41,10,22,98,,51,51,11,18,8,9,0.8,0.9
2024-12-12T1500,3627A,113.7875,23.0457,东莞市,东城主山,,28,16,37,11,24,88,,47,47,18,25,8,8,0.8,0.9
2024-12-12T1500,1666A,118.6614,37.4309,东营市,市环保局,,32,31,23,22,12,46,,31,31,23,30,7,5,0.7,0.7
2024-12-12T1500,3036A,118.6904,37.4338,东营市,开发区管委会,,37,37,25,24,12,49,,32,32,25,28,6,3,0.8,0.7
2024-12-12T1500,3365A,118.5719,37.565,东营市,垦利区民丰路,,39,39,28,14,11,37,,23,23,33,40,13,8,0.4,0.4
2024-12-12T1500,3498A,118.5055,37.8612,东营市,河口城区,,,58,44,,,51,,36,36,18,23,24,6,0.9,0.8
2024-12-12T1500,3646A,118.4978,37.4623,东营市,胜利站,,37,37,33,19,15,38,,27,27,36,32,10,6,0.6,0.6
2024-12-12T1500,3734A,118.35,37.26,东营市,理想之城,,,,,,,35,,23,23,47,45,9,4,0.6,0.5
2024-12-12T1500,1591A,110.0023,39.8129,鄂尔多斯市,综合楼,颗粒物(PM10),81,112,47,9,22,77,,64,64,10,26,9,14,0.4,0.6
2024-12-12T1500,1592A,109.9486,39.8261,鄂尔多斯市,巴音孟克林场办事处,颗粒物(PM10),85,119,47,14,24,73,,61,61,8,23,6,9,0.3,0.5
2024-12-12T1500,1593A,109.7736,39.5986,鄂尔多斯市,康泽苑,颗粒物(PM10),75,100,43,14,22,72,,64,64,6,19,6,7,0.4,0.5
2024-12-12T1500,1594A,109.8119,39.5989,鄂尔多斯市,华泰汽车城,颗粒物(PM10),79,107,49,14,22,73,,64,64,5,23,5,7,0.3,0.5
2024-12-12T1500,1595A,109.9734,39.7884,鄂尔多斯市,奥林花园,,,122,58,,24,68,,54,53,13,29,9,10,0.4,0.5
2024-12-12T1500,2436A,114.8938,30.3994,鄂州市,市政府,,,82,82,72,74,,,50,50,22,35,9,8,,1.5
2024-12-12T1500,2437A,114.8989,30.3714,鄂州市,赵家坝,细颗粒物(PM2.5),104,,82,78,73,77,,50,50,28,36,9,6,0.7,0.7
2024-12-12T1500,3654A,114.8094,30.4089,鄂州市,精准医疗中心,细颗粒物(PM2.5),99,76,77,74,72,87,,59,59,24,34,6,7,0.8,1.1
2024-12-12T1500,2454A,109.4978,30.2981,恩施土家族苗族自治州,湖北民院,细颗粒物(PM2.5),58,44,30,41,26,53,,40,40,10,13,7,7,0.5,0.5
2024-12-12T1500,2455A,109.4707,30.2798,恩施土家族苗族自治州,州电力总公司,细颗粒物(PM2.5),55,46,30,39,24,52,,44,44,20,17,7,7,0.7,0.7
2024-12-12T1500,3549A,109.5061,30.3772,恩施土家族苗族自治州,龙凤新区,,46,42,28,32,20,41,,40,40,20,14,5,6,0.6,0.6
2024-12-12T1500,2499A,108.3411,21.6158,防城港市,沙万,,45,35,20,31,11,45,,44,44,16,13,6,6,0.8,0.8
2024-12-12T1500,2500A,108.3514,21.7731,防城港市,防城档案局,颗粒物(PM10),51,51,40,24,8,42,,39,39,21,20,7,6,0.7,0.7
2024-12-12T1500,2501A,108.3506,21.6414,防城港市,大海花园,,46,45,26,32,15,42,,42,42,22,20,5,4,0.6,0.6
2024-12-12T1500,1371A,113.1294,23.0067,佛山市,湾梁,,34,34,39,13,16,84,,36,36,29,34,9,9,0.8,0.9
2024-12-12T1500,1372A,113.1083,23.0478,佛山市,华材职中,,41,41,42,24,24,78,,36,36,36,36,11,10,0.7,0.7
2024-12-12T1500,1373A,113.144,23.0453,佛山市,南海气象局,,35,35,33,15,21,78,,33,33,28,32,9,10,0.6,0.7
2024-12-12T1500,1374A,113.2881,22.8094,佛山市,顺德苏岗,,34,34,39,9,17,65,,30,30,28,30,8,8,0.7,0.7
2024-12-12T1500,1376A,112.8383,22.8678,佛山市,高明孔堂,,40,40,40,25,19,66,,30,30,26,25,12,9,0.9,0.9
2024-12-12T1500,1377A,112.8836,23.1588,佛山市,三水监测站,,32,31,30,22,20,69,,34,34,20,24,9,11,0.7,0.8
2024-12-12T1500,1378A,112.867,23.185,佛山市,三水云东海,,,26,26,22,17,63,,33,33,24,26,,10,0.9,0.9
2024-12-12T1500,3625A,113.2544,22.7642,佛山市,容桂街道办,,31,31,38,17,21,64,,32,32,33,33,7,8,0.7,0.8
2024-12-12T1500,1280A,119.3903,26.0543,福州市,鼓山,,,,9,,5,,,40,,,16,,2,,0.4
2024-12-12T1500,1282A,119.2681,26.0504,福州市,师大,,,19,13,7,7,38,,28,28,24,21,,2,0.5,0.5
2024-12-12T1500,1283A,119.2984,26.1028,福州市,五四北路,,17,11,12,3,4,53,,37,37,14,18,3,3,0.5,0.5
2024-12-12T1500,1284A,119.2648,26.0768,福州市,杨桥西路,,17,17,14,6,7,45,,35,35,20,18,1,3,0.4,0.4
2024-12-12T1500,1285A,119.317,26.0746,福州市,紫阳,,18,18,14,3,5,39,,32,32,27,23,3,2,0.5,0.5
2024-12-12T1500,3048A,119.5799,26.0936,福州市,九龙,,19,12,8,3,1,60,,59,59,10,12,3,2,0.4,0.4
2024-12-12T1500,3526A,119.5189,25.9664,福州市,吴航,,22,13,7,7,4,68,,60,60,11,13,4,2,0.4,0.5
2024-12-12T1500,1755A,123.7977,41.8491,抚顺市,望花区,颗粒物(PM10),61,72,93,43,53,40,,24,24,38,41,13,7,1.0,1.1
2024-12-12T1500,1756A,123.9161,41.8822,抚顺市,顺城区,颗粒物(PM10),61,72,84,27,48,50,,32,32,41,41,16,9,0.7,0.9
2024-12-12T1500,1757A,124.0436,41.8611,抚顺市,东洲区,颗粒物(PM10),63,76,68,27,45,42,,29,29,35,34,12,8,1.0,0.8
2024-12-12T1500,1758A,123.9247,41.8642,抚顺市,新抚区,颗粒物(PM10),63,75,77,30,46,44,,25,25,29,33,13,7,1.0,1
2024-12-12T1500,1759A,124.0972,41.8961,抚顺市,大伙房水库,颗粒物(PM10),60,70,53,33,35,46,,31,31,30,33,14,9,0.9,0.7
2024-12-12T1500,1760A,123.7086,41.8391,抚顺市,沈抚新城,颗粒物(PM10),73,96,89,43,57,40,,27,27,41,38,14,11,1.0,1.2
2024-12-12T1500,2376A,116.2127,28.0814,抚州市,桐源党溪,细颗粒物(PM2.5),63,62,56,45,39,43,,33,33,8,8,5,5,0.8,0.8
2024-12-12T1500,2377A,116.3544,27.9831,抚州市,市站,,,61,54,39,37,,,34,34,,16,,2,,1.3
2024-12-12T1500,2378A,116.3565,27.963,抚州市,血防站,颗粒物(PM10),55,60,53,36,35,43,,35,35,12,12,3,6,0.9,0.8
2024-12-12T1500,2379A,116.3564,28.0007,抚州市,采茶剧团,细颗粒物(PM2.5),55,51,47,39,38,38,,31,31,14,14,4,3,1.1,1
2024-12-12T1500,2380A,116.385,27.9647,抚州市,医学分院,,48,48,48,32,32,38,,32,32,8,9,4,6,1.0,0.9
2024-12-12T1500,2207A,121.6094,41.998,阜新市,工业园区,,47,47,136,27,54,65,,35,35,17,33,16,18,0.8,1
2024-12-12T1500,2208A,121.6697,42.0279,阜新市,长青街,,,28,86,16,43,59,,29,29,,28,12,12,0.5,1.3
2024-12-12T1500,2209A,121.6673,42.0705,阜新市,农业园区,,46,46,39,17,19,59,,42,42,16,19,18,13,0.9,0.9
2024-12-12T1500,2210A,121.6717,42.0224,阜新市,东苑,,25,25,93,11,50,65,,35,35,18,32,12,19,0.4,1.6
2024-12-12T1500,2211A,121.6506,42.0498,阜新市,玉龙新城,,48,48,105,25,44,69,,39,39,14,34,12,11,1.0,1.5
2024-12-12T1500,2301A,115.8277,32.8929,阜阳市,市监测站,细颗粒物(PM2.5),120,99,103,91,90,88,,45,45,24,45,10,8,0.6,0.7
2024-12-12T1500,2303A,115.8554,32.8605,阜阳市,开发区,细颗粒物(PM2.5),103,128,131,77,86,95,,50,50,20,41,12,10,0.7,0.8
2024-12-12T1500,2875A,115.784,32.8892,阜阳市,阜阳职业技术学院,细颗粒物(PM2.5),107,104,104,80,80,98,,52,52,20,38,11,10,0.7,0.8
2024-12-12T1500,3468A,115.7901,32.8613,阜阳市,市规划展馆,细颗粒物(PM2.5),113,102,106,85,81,100,,60,60,20,35,10,10,0.5,0.7
2024-12-12T1500,3469A,115.836,32.9183,阜阳市,枣园社区,细颗粒物(PM2.5),128,97,117,97,94,104,,49,49,20,46,10,9,0.5,0.6
2024-12-12T1500,2669A,102.9099,34.9841,甘南藏族自治州,州政府,,38,38,41,13,17,86,,75,65,10,14,7,7,0.4,0.4
2024-12-12T1500,3380A,102.8914,34.9617,甘南藏族自治州,甘肃民族师范学院,,29,23,26,3,10,91,,74,68,13,18,5,6,0.6,0.5
2024-12-12T1500,2570A,101.9603,30.0475,甘孜藏族自治州,水桥子,,16,7,15,3,6,51,,38,37,9,19,8,8,0.7,0.8
2024-12-12T1500,3065A,101.9533,29.9972,甘孜藏族自治州,州环保局,,19,19,19,11,6,56,,44,44,10,19,4,4,0.7,0.7
2024-12-12T1500,3414A,115.8347,28.932,赣江新区,桑海产业园,细颗粒物(PM2.5),127,122,91,96,72,46,,36,36,36,28,13,11,0.8,0.8
2024-12-12T1500,2362A,114.9017,25.9149,赣州市,通天岩,,,,25,,16,42,,40,40,12,17,4,4,0.7,0.5
2024-12-12T1500,2363A,114.9367,25.8664,赣州市,地委,,45,45,32,28,14,50,,40,40,14,19,8,9,0.8,0.8
2024-12-12T1500,2364A,114.9461,25.8481,赣州市,气象台,,,,34,24,12,46,,38,38,20,22,8,12,0.8,0.8
2024-12-12T1500,2365A,114.9322,25.8333,赣州市,市图书馆,,30,29,25,21,15,46,,35,35,17,23,4,4,0.7,0.8
2024-12-12T1500,2366A,114.8905,25.8471,赣州市,华坚鞋城,,40,35,23,28,15,42,,36,36,17,17,4,5,0.8,0.7
2024-12-12T1500,3109A,115.0093,25.8613,赣州市,赣县区卫计委,,,33,22,,18,,,36,36,12,16,6,5,0.5,0.5
2024-12-12T1500,2683A,106.2319,36.1417,固原市,马园,颗粒物(PM10),113,176,90,19,60,78,,69,69,9,19,6,7,0.6,0.8
2024-12-12T1500,2684A,106.2792,36.0022,固原市,监测站,,36,,53,25,48,77,,65,65,13,20,5,6,0.5,0.6
2024-12-12T1500,2685A,106.2375,36.0211,固原市,新区,,47,47,52,20,46,78,,68,68,12,20,3,4,0.3,0.5
2024-12-12T1500,3522A,106.2177,35.9959,固原市,原州区十五小,,33,33,59,22,50,79,,68,68,13,21,4,5,0.6,0.8
2024-12-12T1500,2543A,106.6308,30.5278,广安市,小平旧居,,,,,,,,,,,,,,,,
2024-12-12T1500,2544A,106.6303,30.4576,广安市,市委,,45,33,50,31,45,27,,34,30,19,19,3,3,0.6,0.6
2024-12-12T1500,2545A,106.6271,30.4663,广安市,友谊中学,,48,34,52,33,44,25,,33,25,20,23,2,2,0.7,0.7
2024-12-12T1500,2547A,106.6388,30.4551,广安市,广电花园,,50,,51,35,44,22,,34,24,24,22,4,3,0.6,0.8
2024-12-12T1500,2902A,106.6351,30.4865,广安市,北辰小学,,46,36,48,32,45,26,,33,29,18,18,4,4,0.9,0.8
2024-12-12T1500,2523A,105.8945,32.4535,广元市,黑石坡,,29,29,50,20,43,59,,56,56,6,24,4,5,0.5,0.6
2024-12-12T1500,2524A,105.821,32.4444,广元市,老城,,45,,65,31,43,67,,64,64,13,38,1,5,0.6,0.8
2024-12-12T1500,2526A,105.8628,32.4287,广元市,监测站,细颗粒物(PM2.5),52,36,57,36,47,73,,64,64,16,37,3,5,0.9,0.9
2024-12-12T1500,3617A,105.8047,32.4166,广元市,经开区,细颗粒物(PM2.5),52,46,70,36,56,66,,63,63,19,37,4,8,0.6,0.8
2024-12-12T1500,1345A,113.2347,23.1423,广州市,广雅中学,,27,27,38,11,18,71,,36,36,35,34,8,9,0.8,0.8
2024-12-12T1500,1346A,113.2612,23.105,广州市,市五中,,29,29,34,14,19,78,,40,40,22,24,4,4,0.8,0.9
2024-12-12T1500,1348A,113.3478,23.0916,广州市,广东商学院,,27,23,36,11,18,86,,39,39,21,25,4,5,0.7,0.8
2024-12-12T1500,1349A,113.4332,23.1047,广州市,市八十六中,,32,32,44,12,25,80,,38,38,19,21,6,6,0.8,0.9
2024-12-12T1500,1350A,113.3505,22.9483,广州市,番禺中学,,32,32,43,13,17,83,,40,40,25,30,6,6,0.8,0.8
2024-12-12T1500,1351A,113.2146,23.3916,广州市,花都师范,,27,20,27,11,15,84,,51,51,18,24,8,7,0.7,0.8
2024-12-12T1500,1352A,113.2597,23.1331,广州市,市监测站,,29,29,39,12,18,74,,38,38,24,23,6,7,0.6,0.7
2024-12-12T1500,1353A,113.5618,23.312,广州市,九龙镇镇龙,,27,15,31,10,19,85,,48,48,13,20,5,6,0.7,0.9
2024-12-12T1500,1354A,113.2765,23.1544,广州市,麓湖,,,,56,,29,,,49,,,31,,7,,0.8
2024-12-12T1500,1355A,113.443,23.3035,广州市,帽峰山森林公园,,30,11,24,3,11,94,,54,54,11,21,5,6,0.8,0.8
2024-12-12T1500,2846A,113.3221,23.1322,广州市,体育西,,29,29,39,13,18,79,,36,36,13,18,4,5,0.8,0.9
2024-12-12T1500,3298A,113.5717,23.5491,广州市,从化街口,,,10,26,8,18,84,,58,58,,16,3,3,,0.8
2024-12-12T1500,3299A,113.3472,23.3692,广州市,白云竹料,,30,17,28,10,18,93,,57,57,17,21,7,8,0.8,0.9
2024-12-12T1500,3300A,113.2981,23.237,广州市,白云嘉禾,,30,30,36,11,16,83,,47,47,25,32,7,8,0.8,1
2024-12-12T1500,3301A,113.4256,23.1716,广州市,黄埔科学城,,28,18,32,12,22,89,,46,46,15,19,7,8,0.8,0.9
2024-12-12T1500,3302A,113.3942,23.0483,广州市,番禺大学城,,28,23,43,11,19,87,,40,40,25,29,8,8,0.6,0.8
2024-12-12T1500,3303A,113.4922,22.8168,广州市,南沙黄阁,,38,38,46,16,24,62,,36,36,37,36,7,7,0.9,1
2024-12-12T1500,3304A,113.5342,22.7896,广州市,南沙街,,36,36,48,18,27,70,,39,39,31,32,5,6,0.8,0.9
2024-12-12T1500,3443A,113.2902,23.5544,广州市,花都梯面,,27,27,21,16,14,70,,52,52,14,19,10,9,0.6,0.6
2024-12-12T1500,3445A,113.7858,23.7478,广州市,从化良口,,27,9,23,7,17,85,,53,53,9,14,6,7,0.8,0.8
2024-12-12T1500,3446A,113.8051,23.2614,广州市,增城荔城,,29,10,30,8,22,92,,52,52,10,15,4,4,0.7,0.7
2024-12-12T1500,2505A,109.568,23.1478,贵港市,德智高中,,,,,,,,,,,,,,,,
2024-12-12T1500,2506A,109.6047,23.0666,贵港市,江南子站,,44,44,28,29,19,57,,46,46,14,15,8,7,0.6,0.7
2024-12-12T1500,2507A,109.6014,23.0948,贵港市,贵城子站,,45,44,30,31,21,52,,41,41,17,19,9,8,0.8,0.9
2024-12-12T1500,2508A,109.5669,23.1065,贵港市,荷城子站,颗粒物(PM10),57,63,32,34,17,52,,45,45,18,17,13,11,0.6,0.7
2024-12-12T1500,3405A,109.5886,23.1172,贵港市,新世纪学校,颗粒物(PM10),58,66,34,36,21,51,,42,42,17,17,12,11,0.6,0.7
2024-12-12T1500,1439A,106.6899,26.5998,贵阳市,马鞍山,,22,22,19,14,10,48,,62,58,15,12,7,6,0.3,0.3
2024-12-12T1500,1440A,106.6971,26.5694,贵阳市,市环保站,,42,31,23,29,23,50,,64,56,17,15,6,6,0.4,0.4
2024-12-12T1500,1441A,106.6243,26.6266,贵阳市,鉴湖路,,35,27,20,24,16,39,,51,44,16,10,5,5,0.5,0.4
2024-12-12T1500,1442A,106.7487,26.6343,贵阳市,燕子冲,,39,29,15,27,21,49,,66,60,12,8,7,6,0.4,0.4
2024-12-12T1500,1443A,106.6555,26.4365,贵阳市,碧云窝,,46,46,31,22,16,38,,51,43,33,19,10,11,0.5,0.5
2024-12-12T1500,1444A,106.694,26.5161,贵阳市,中院村,,39,27,25,27,19,48,,56,53,16,13,11,9,0.6,0.6
2024-12-12T1500,1445A,106.7109,26.6027,贵阳市,红边门,细颗粒物(PM2.5),52,36,25,36,21,44,,60,54,22,16,14,11,0.6,0.7
2024-12-12T1500,1446A,106.7164,26.5699,贵阳市,新华路,,35,34,23,24,18,49,,61,55,14,13,8,5,0.5,0.4
2024-12-12T1500,1447A,106.674,26.5424,贵阳市,太慈桥,,28,27,24,19,17,42,,58,53,20,14,7,6,0.4,0.4
2024-12-12T1500,1552A,106.805,26.3003,贵阳市,桐木岭,,36,36,37,24,28,48,,44,44,9,7,11,7,0.6,0.5
2024-12-12T1500,1862A,110.4144,25.3167,桂林市,电子科大尧山校区,细颗粒物(PM2.5),53,40,30,37,19,84,,83,83,9,8,8,6,0.6,0.6
2024-12-12T1500,1863A,110.2819,25.2697,桂林市,监测站,细颗粒物(PM2.5),69,54,40,50,36,70,,72,72,20,16,10,10,0.9,0.9
2024-12-12T1500,1864A,110.3089,25.2708,桂林市,龙隐路小学,,49,43,30,34,27,78,,80,80,15,13,10,12,0.5,0.7
2024-12-12T1500,1865A,110.2869,25.2178,桂林市,八中,,,,36,,35,68,,71,71,18,15,,10,,0.6
2024-12-12T1500,3403A,110.1764,25.2381,桂林市,创业大厦,细颗粒物(PM2.5),67,53,42,48,37,68,,73,72,20,13,10,11,0.9,0.9
2024-12-12T1500,3531A,110.296,25.1253,桂林市,旅游学院,细颗粒物(PM2.5),58,44,32,41,31,82,,78,78,19,15,10,9,0.6,0.6
2024-12-12T1500,2674A,100.2561,34.4714,果洛藏族自治州,玛沁县大武镇,,45,45,55,10,14,96,,83,73,3,6,9,10,0.5,0.5
2024-12-12T1500,1129A,126.5422,45.755,哈尔滨市,岭北,,40,33,51,28,43,69,,50,50,15,33,16,16,0.3,0.1
2024-12-12T1500,1130A,126.561,45.8167,哈尔滨市,松北商大,,43,35,54,30,36,59,,36,36,15,36,8,9,0.3,0.6
2024-12-12T1500,1131A,126.979,45.5419,哈尔滨市,阿城会宁,颗粒物(PM10),63,75,87,40,54,56,,41,41,22,33,11,13,0.5,0.8
2024-12-12T1500,1132A,126.599,45.7222,哈尔滨市,南岗学府路,,36,36,66,13,43,60,,34,34,15,38,7,9,0.3,0.7
2024-12-12T1500,1133A,126.689,45.7733,哈尔滨市,太平宏伟公园,,45,,59,31,40,56,,31,31,17,36,5,8,0.5,0.9
2024-12-12T1500,1134A,126.635,45.7667,哈尔滨市,道外承德广场,,33,30,52,23,32,61,,34,34,19,37,8,10,0.4,0.8
2024-12-12T1500,1135A,126.685,45.7319,哈尔滨市,香坊红旗大街,,19,19,58,12,46,59,,32,32,14,41,17,17,0.3,0.7
2024-12-12T1500,1136A,126.6411,45.7258,哈尔滨市,动力和平路,,26,26,62,17,45,55,,30,30,16,40,12,11,0.3,0.7
2024-12-12T1500,1137A,126.593,45.7478,哈尔滨市,道里建国路,,,25,56,24,46,58,,14,,18,37,13,11,,0.8
2024-12-12T1500,1138A,126.615,45.61,哈尔滨市,平房东轻厂,,44,44,63,30,47,56,,36,36,18,43,8,19,0.4,0.7
2024-12-12T1500,1139A,126.595,45.9855,哈尔滨市,呼兰师专,,36,34,57,25,50,60,,38,38,17,39,7,10,0.5,0.8
2024-12-12T1500,1140A,126.6206,45.6842,哈尔滨市,省农科院,,41,41,84,26,63,57,,34,34,17,47,7,9,0.4,1
2024-12-12T1500,2688A,93.5128,42.8172,哈密市,地区监测站,,,40,43,27,34,,,45,40,10,19,,4,0.2,0.4
2024-12-12T1500,2689A,93.4961,42.8328,哈密市,哈密师范学校,,45,,46,31,38,54,,36,35,13,22,9,5,0.3,0.6
2024-12-12T1500,2671A,100.9048,36.9639,海北藏族自治州,海晏县西海镇,,,45,41,26,31,94,,63,63,10,20,12,14,,0.8
2024-12-12T1500,3867A,102.0738,36.5056,海东市,平安区公安北苑,,38,34,70,26,52,88,,76,76,16,27,16,30,0.5,0.9
2024-12-12T1500,1409A,110.576,19.9507,海口市,东寨港,,32,32,37,15,17,83,,55,55,7,6,14,11,0.9,0.8
2024-12-12T1500,1410A,110.3232,20.0574,海口市,海南大学,,40,40,51,22,29,92,,56,56,16,17,6,7,0.7,0.8
2024-12-12T1500,1411A,110.283,20.0053,海口市,秀英海南医院,,38,35,48,26,29,101,,58,58,12,16,4,6,0.5,0.6
2024-12-12T1500,1412A,110.338,19.9969,海口市,海南师范大学,,37,37,46,23,26,101,,61,61,12,14,5,6,0.6,0.6
2024-12-12T1500,1413A,110.33,20.0356,海口市,龙华路环保局宿舍,,39,39,47,22,27,98,,58,58,10,13,5,7,0.6,0.6
2024-12-12T1500,3539A,110.5111,19.9736,海口市,桂林洋子站,,38,38,49,23,26,98,,64,64,10,10,6,6,0.5,0.5
2024-12-12T1500,2673A,100.6188,36.2866,海南藏族自治州,共和县恰卜恰镇,颗粒物(PM10),51,52,42,14,16,92,,57,57,2,21,8,9,0.3,0.6
2024-12-12T1500,2676A,97.3731,37.3753,海西蒙古族藏族自治州,德令哈市,,47,47,54,7,17,95,,77,77,3,9,17,18,0.4,0.5
2024-12-12T1500,1048A,114.5302,36.6116,邯郸市,东污水处理厂,细颗粒物(PM2.5),110,103,83,83,61,33,,18,18,31,50,5,4,0.7,0.8
2024-12-12T1500,1049A,114.4918,36.5713,邯郸市,矿院,细颗粒物(PM2.5),100,103,97,75,59,26,,14,14,35,50,4,3,0.6,0.7
2024-12-12T1500,1050A,114.484,36.6133,邯郸市,丛台公园,细颗粒物(PM2.5),118,108,83,89,63,31,,20,20,34,46,7,6,0.7,0.8
2024-12-12T1500,3458A,114.7895,36.5593,邯郸市,香泉濮院小区,细颗粒物(PM2.5),102,111,78,76,57,53,,31,31,17,39,4,8,0.6,0.6
2024-12-12T1500,3579A,114.50634,36.77178,邯郸市,永年区实验高中,细颗粒物(PM2.5),104,109,122,78,76,28,,12,12,40,57,11,12,0.6,0.8
2024-12-12T1500,3580A,114.20016,36.44293,邯郸市,峰峰矿区临水派出所,细颗粒物(PM2.5),124,130,88,94,59,35,,31,18,62,47,16,11,1.4,0.9
2024-12-12T1500,2634A,106.9893,33.1842,汉中市,汉川机床厂子校,细颗粒物(PM2.5),67,58,47,48,40,77,,66,66,16,13,8,6,0.7,0.5
2024-12-12T1500,2635A,107.0154,33.0706,汉中市,市监测站,细颗粒物(PM2.5),78,63,58,57,51,70,,62,62,21,26,6,6,0.7,0.9
2024-12-12T1500,2636A,107.0089,33.1138,汉中市,鑫源开发区,细颗粒物(PM2.5),82,65,58,60,55,72,,62,62,16,27,6,6,0.8,0.7
2024-12-12T1500,2637A,107.007,33.0323,汉中市,南郑大河坎水厂,细颗粒物(PM2.5),75,62,70,55,55,76,,57,57,17,26,4,5,0.8,0.9
2024-12-12T1500,1223A,120.2072,30.2111,杭州市,滨江,细颗粒物(PM2.5),84,75,66,62,64,23,,37,33,52,31,8,8,0.7,0.7
2024-12-12T1500,1224A,120.0633,30.2747,杭州市,西溪,细颗粒物(PM2.5),68,72,65,49,42,32,,30,30,48,32,7,7,0.7,0.7
2024-12-12T1500,1226A,120.3461,30.3153,杭州市,下沙,细颗粒物(PM2.5),78,58,63,57,56,29,,27,27,45,37,7,6,0.9,0.9
2024-12-12T1500,1227A,120.1269,30.2456,杭州市,卧龙桥,细颗粒物(PM2.5),67,67,62,48,42,40,,35,35,39,27,8,7,0.8,0.8
2024-12-12T1500,1228A,120.1903,30.2692,杭州市,浙江农大,细颗粒物(PM2.5),62,62,64,44,57,16,,25,25,64,42,5,4,0.7,0.7
2024-12-12T1500,1230A,120.1197,30.3119,杭州市,和睦小学,细颗粒物(PM2.5),72,67,60,52,46,26,,30,26,54,35,6,6,0.7,0.7
2024-12-12T1500,1231A,120.3019,30.4183,杭州市,临平镇,细颗粒物(PM2.5),80,87,75,59,59,29,,28,28,44,32,6,6,0.7,1.2
2024-12-12T1500,1232A,120.2697,30.1819,杭州市,城厢镇,细颗粒物(PM2.5),75,80,77,55,50,22,,33,28,60,39,6,6,0.6,0.6
2024-12-12T1500,1233A,120.0883,30.1808,杭州市,云栖,细颗粒物(PM2.5),60,64,59,43,43,43,,37,37,33,27,6,6,0.8,0.7
2024-12-12T1500,3557A,119.9464,30.0494,杭州市,镇二中,细颗粒物(PM2.5),79,,49,58,59,52,,33,32,25,24,6,7,0.8,0.8
2024-12-12T1500,3558A,119.7183,30.2367,杭州市,市府大楼,细颗粒物(PM2.5),74,65,57,54,43,59,,41,41,34,30,7,6,0.7,0.7
2024-12-12T1500,3656A,120.1556,30.2864,杭州市,消防大队,细颗粒物(PM2.5),73,72,67,53,54,28,,34,30,52,32,8,8,0.6,0.6
2024-12-12T1500,1270A,117.1959,31.7848,合肥市,明珠广场,细颗粒物(PM2.5),58,56,106,41,79,75,,46,46,24,47,9,9,0.6,0.9
2024-12-12T1500,1271A,117.3072,31.8764,合肥市,三里街,,,,104,,74,72,,42,42,17,53,,8,0.1,0.5
2024-12-12T1500,1272A,117.2588,31.8707,合肥市,琥珀山庄,细颗粒物(PM2.5),60,51,97,43,76,78,,48,48,22,52,5,5,0.5,0.9
2024-12-12T1500,1273A,117.1604,31.9052,合肥市,董铺水库,颗粒物(PM10),53,56,103,29,63,75,,40,40,14,41,4,5,0.4,0.6
2024-12-12T1500,1274A,117.25,31.8571,合肥市,长江中路,细颗粒物(PM2.5),54,56,101,38,81,78,,41,41,20,52,7,7,0.7,1
2024-12-12T1500,1275A,117.266,31.9436,合肥市,庐阳区,颗粒物(PM10),52,53,103,31,63,83,,48,48,22,56,4,5,0.6,0.9
2024-12-12T1500,1276A,117.336,31.8586,合肥市,瑶海区,,46,46,107,28,72,81,,48,48,18,60,6,7,0.5,0.8
2024-12-12T1500,1277A,117.3027,31.7964,合肥市,包河区,细颗粒物(PM2.5),67,66,108,48,76,67,,43,43,29,58,2,5,0.5,0.8
2024-12-12T1500,1278A,117.2776,31.7385,合肥市,滨湖新区,颗粒物(PM10),57,63,114,36,70,77,,44,44,16,48,6,8,0.3,0.7
2024-12-12T1500,1279A,117.1318,31.8403,合肥市,高新区,细颗粒物(PM2.5),53,51,99,37,75,76,,44,44,25,51,1,2,0.5,0.8
2024-12-12T1500,3464A,117.3803,31.9147,合肥市,高教基地,,46,35,87,32,62,82,,50,50,14,42,7,7,0.5,0.6
2024-12-12T1500,3614A,79.924,37.0877,和田地区,地区环保局,,,,95,,33,56,,52,48,,17,,8,0.8,0.8
2024-12-12T1500,3615A,79.9131,37.113,和田地区,市环保局,颗粒物(PM10),63,76,58,35,34,59,,58,50,23,22,8,8,1.0,0.9
2024-12-12T1500,2516A,108.2011,24.715,河池市,东仁乐园,,49,35,19,34,27,53,,53,53,7,6,8,8,0.7,0.7
2024-12-12T1500,2517A,108.0497,24.6947,河池市,市环保站,,40,28,13,28,11,56,,57,56,10,9,8,8,0.5,0.5
2024-12-12T1500,2518A,108.0983,24.6989,河池市,市疾控中心,,39,27,13,27,11,57,,56,56,10,10,12,8,0.5,0.5
2024-12-12T1500,1696A,114.6778,23.7569,河源市,源西,,33,26,24,12,20,81,,50,50,66,28,5,6,0.7,0.8
2024-12-12T1500,1697A,114.6944,23.7586,河源市,东埔,,47,47,19,14,24,87,,51,51,12,15,4,4,0.8,0.9
2024-12-12T1500,1698A,114.6892,23.7233,河源市,老城,,27,27,25,14,18,86,,49,49,12,17,4,4,0.8,0.8
2024-12-12T1500,1718A,115.4208,35.2464,菏泽市,气象局,细颗粒物(PM2.5),72,71,105,52,68,70,,35,35,18,40,3,5,0.4,0.6
2024-12-12T1500,1719A,115.4747,35.2375,菏泽市,市政协,细颗粒物(PM2.5),69,62,97,50,66,71,,35,35,23,45,7,8,0.5,0.7
2024-12-12T1500,3374A,115.5564,35.0891,菏泽市,定陶老年大学,细颗粒物(PM2.5),98,88,93,73,65,70,,35,35,23,49,9,10,0.5,0.6
2024-12-12T1500,3647A,115.4702,35.2706,菏泽市,菏泽医专,颗粒物(PM10),59,67,104,41,65,69,,39,39,26,46,9,11,0.6,0.8
2024-12-12T1500,2514A,111.5264,24.4172,贺州市,环保小区,细颗粒物(PM2.5),69,,38,50,32,58,,52,52,21,20,4,4,0.6,0.6
2024-12-12T1500,2515A,111.5608,24.4078,贺州市,政协大楼,颗粒物(PM10),56,62,46,36,26,60,,54,54,15,15,6,6,0.7,0.7
2024-12-12T1500,3534A,111.4744,24.4553,贺州市,西湾,细颗粒物(PM2.5),72,64,46,52,34,59,,55,55,18,16,5,6,0.6,0.7
2024-12-12T1500,2385A,114.17,35.9019,鹤壁市,市监测站,细颗粒物(PM2.5),134,127,104,102,70,42,,19,19,36,38,,5,,1
2024-12-12T1500,2386A,114.2956,35.7511,鹤壁市,市交警支队,细颗粒物(PM2.5),117,120,96,88,64,47,,20,20,29,38,10,4,0.6,0.7
2024-12-12T1500,2387A,114.2878,35.7306,鹤壁市,迎宾馆,细颗粒物(PM2.5),128,132,96,97,65,46,,18,18,28,38,10,11,0.5,0.4
2024-12-12T1500,3474A,114.2617,35.6822,鹤壁市,大新区,细颗粒物(PM2.5),142,114,80,108,70,38,,18,18,44,44,7,6,0.5,0.5
2024-12-12T1500,3596A,114.1572,35.9603,鹤壁市,南山宾馆,细颗粒物(PM2.5),118,111,88,89,66,41,,23,23,29,29,5,3,0.5,0.3
2024-12-12T1500,2244A,130.2537,47.3416,鹤岗市,哈啤分公司,,25,,21,17,20,56,,46,46,3,7,14,14,0.5,0.6
2024-12-12T1500,2245A,130.2684,47.3086,鹤岗市,斯达机电,,22,22,27,14,19,58,,53,50,11,13,15,15,0.4,0.4
2024-12-12T1500,2246A,130.3114,47.3388,鹤岗市,东山纸板厂,,,,18,,18,66,,46,46,7,13,,13,0.3,0.5
2024-12-12T1500,2247A,130.1097,47.3382,鹤岗市,五号水库,,24,18,20,7,11,75,,64,64,4,5,8,8,0.5,0.5
2024-12-12T1500,2263A,127.4833,50.2524,黑河市,交通局,,20,20,23,11,15,58,,56,56,12,17,6,7,0.4,0.5
2024-12-12T1500,2264A,127.5144,50.2341,黑河市,环保局,,19,18,20,3,17,58,,59,59,10,15,3,5,0.3,0.3
2024-12-12T1500,2265A,127.5291,50.2472,黑河市,大黑河岛,,,3,12,,,58,,56,56,8,9,2,2,0.6,0.6
2024-12-12T1500,1074A,115.6838,37.7541,衡水市,电机北厂,颗粒物(PM10),62,74,66,42,41,22,,21,19,40,39,7,12,0.5,0.5
2024-12-12T1500,1075A,115.6303,37.7316,衡水市,市监测站,细颗粒物(PM2.5),65,70,58,47,40,18,,13,13,50,51,7,8,0.5,0.6
2024-12-12T1500,3188A,115.6683,37.7217,衡水市,市城管局,细颗粒物(PM2.5),70,72,69,51,43,19,,13,13,49,53,7,8,0.6,0.7
2024-12-12T1500,3459A,115.5989,37.5491,衡水市,地表水厂,细颗粒物(PM2.5),74,65,70,54,51,25,,13,13,34,52,8,12,0.6,0.8
2024-12-12T1500,2456A,112.5003,26.9167,衡阳市,原169医院,细颗粒物(PM2.5),63,62,49,45,38,37,,36,34,20,23,6,6,0.9,0.8
2024-12-12T1500,2457A,112.6194,26.9258,衡阳市,衡阳化工总厂,细颗粒物(PM2.5),80,,67,59,62,33,,30,26,20,21,7,8,0.8,0.7
2024-12-12T1500,2458A,112.6211,26.8956,衡阳市,珠晖区环保局,细颗粒物(PM2.5),80,,61,59,57,36,,29,29,21,29,9,11,0.8,0.8
2024-12-12T1500,2459A,112.6197,26.8733,衡阳市,市委党校,细颗粒物(PM2.5),82,73,59,60,62,37,,34,31,20,26,11,11,0.9,0.8
2024-12-12T1500,2460A,112.6006,26.8919,衡阳市,市监测站,细颗粒物(PM2.5),98,91,78,73,67,38,,36,31,19,23,7,8,0.9,0.8
2024-12-12T1500,2461A,112.5664,26.9056,衡阳市,真空机电公司,细颗粒物(PM2.5),95,,52,71,56,36,,31,31,19,31,5,5,0.7,0.6
2024-12-12T1500,3399A,112.6703,26.882,衡阳市,师范学院,细颗粒物(PM2.5),69,69,71,50,52,36,,30,29,19,25,12,10,0.8,0.7
2024-12-12T1500,2608A,103.3772,23.3993,红河哈尼族彝族自治州,污水处理厂,,26,24,31,18,28,68,,60,52,4,6,6,9,0.5,0.6
2024-12-12T1500,2609A,103.3861,23.35,红河哈尼族彝族自治州,监测站,,29,22,30,20,28,69,,61,53,7,8,7,7,0.6,0.7
2024-12-12T1500,3038A,103.3758,23.368,红河哈尼族彝族自治州,州图书馆,,22,22,23,8,19,62,,54,48,6,8,6,8,0.5,0.6
2024-12-12T1500,1090A,111.6507,40.7517,呼和浩特市,呼市一监,细颗粒物(PM2.5),77,75,78,56,44,35,,15,15,29,40,12,11,0.6,0.8
2024-12-12T1500,1091A,111.6572,40.8033,呼和浩特市,小召,细颗粒物(PM2.5),79,83,78,58,46,38,,21,21,36,49,12,12,0.6,0.8
2024-12-12T1500,1094A,111.7516,40.8369,呼和浩特市,如意水处理厂,颗粒物(PM10),60,70,61,40,34,35,,30,30,27,40,10,10,0.5,0.7
2024-12-12T1500,1095A,111.7276,40.8062,呼和浩特市,二十九中,细颗粒物(PM2.5),69,63,73,50,39,41,,20,20,31,43,10,10,0.8,0.9
2024-12-12T1500,1096A,111.5512,40.7866,呼和浩特市,工大金川校区,细颗粒物(PM2.5),102,94,79,76,46,34,,18,18,34,48,8,8,0.6,0.9
2024-12-12T1500,1097A,111.717,40.7612,呼和浩特市,化肥厂生活区,"颗粒物(PM10),细颗粒物(PM2.5)",67,84,75,48,40,39,,17,17,24,36,10,9,0.6,0.8
2024-12-12T1500,3698A,111.5968,40.8178,呼和浩特市,红旗小学,细颗粒物(PM2.5),82,92,73,60,39,35,,15,15,35,49,7,7,0.6,0.7
2024-12-12T1500,3699A,111.6518,40.8389,呼和浩特市,海东办,细颗粒物(PM2.5),68,80,66,49,37,38,,21,21,36,49,11,10,0.7,0.8
2024-12-12T1500,2192A,119.7594,49.2261,呼伦贝尔市,区环保局,,36,36,33,25,24,35,,23,21,28,31,7,6,0.4,0.5
2024-12-12T1500,3061A,119.7512,49.1577,呼伦贝尔市,国华电力东,,19,19,24,9,17,57,,57,56,6,6,4,4,0.2,0.3
2024-12-12T1500,1250A,120.0751,30.8669,湖州市,城西水厂,,,90,76,69,56,25,,24,24,,42,9,8,,0.8
2024-12-12T1500,2873A,120.0875,30.8955,湖州市,仁皇山新区,细颗粒物(PM2.5),97,83,74,72,64,21,,23,23,54,46,7,7,0.9,0.8
2024-12-12T1500,2907A,120.1844,30.8596,湖州市,吴兴区站,细颗粒物(PM2.5),80,86,80,59,57,18,,24,24,53,41,8,8,0.8,0.8
2024-12-12T1500,3562A,120.4148,30.8538,湖州市,南浔区站,细颗粒物(PM2.5),87,84,86,64,67,30,,27,27,44,40,8,8,0.9,0.8
2024-12-12T1500,1607A,120.9092,40.7136,葫芦岛市,龙港区,二氧化硫,60,56,83,29,54,35,,31,31,36,48,218,66,0.5,1
2024-12-12T1500,1608A,120.8392,40.7514,葫芦岛市,化工街,颗粒物(PM10),56,61,96,34,54,32,,23,23,38,70,50,40,1.4,1.3
2024-12-12T1500,1609A,120.8341,40.7073,葫芦岛市,新区,颗粒物(PM10),68,86,86,44,60,31,,21,21,43,51,75,38,1.3,1.4
2024-12-12T1500,1610A,120.8695,40.7677,葫芦岛市,东城区,颗粒物(PM10),53,56,75,32,52,31,,20,20,33,42,29,29,0.7,1.2
2024-12-12T1500,2482A,109.5981,27.5721,怀化市,林科所,细颗粒物(PM2.5),52,36,30,36,30,68,,62,62,16,14,6,17,0.6,0.5
2024-12-12T1500,2483A,109.9453,27.5444,怀化市,河西地税局,细颗粒物(PM2.5),65,72,58,47,35,66,,60,60,14,13,6,12,0.6,0.5
2024-12-12T1500,2484A,109.9781,27.5342,怀化市,市四医院,颗粒物(PM10),61,72,58,38,35,66,,58,58,14,16,10,11,0.6,0.6
2024-12-12T1500,2485A,109.9972,27.5578,怀化市,监测楼,细颗粒物(PM2.5),57,59,52,40,34,67,,61,61,17,19,3,3,0.6,0.5
2024-12-12T1500,2486A,110.0394,27.583,怀化市,市委党校,细颗粒物(PM2.5),67,74,58,48,37,62,,59,59,14,16,5,5,0.4,0.4
2024-12-12T1500,1210A,119.036,33.5981,淮安市,钵池山,,48,41,56,33,41,72,,49,49,17,33,5,6,0.6,0.7
2024-12-12T1500,1211A,119.007,33.575,淮安市,北京南路,,46,44,57,32,39,68,,50,50,18,33,8,8,0.4,0.6
2024-12-12T1500,1212A,118.989,33.6067,淮安市,市监测站,细颗粒物(PM2.5),52,44,61,36,46,74,,50,50,16,38,6,6,0.3,0.5
2024-12-12T1500,1213A,119.135,33.5039,淮安市,楚州区监测站,,39,39,56,25,34,73,,52,52,19,35,7,7,0.4,0.7
2024-12-12T1500,1214A,119.0186,33.6297,淮安市,淮阴区监测站,颗粒物(PM10),51,51,70,33,44,72,,50,50,22,42,6,7,0.4,0.7
2024-12-12T1500,3426A,118.8755,33.2894,淮安市,新华书店,,36,36,71,19,43,70,,46,46,19,39,7,8,0.4,0.7
2024-12-12T1500,2282A,116.8004,33.975,淮北市,监测站,细颗粒物(PM2.5),57,57,97,40,63,76,,46,46,14,36,6,7,0.6,0.8
2024-12-12T1500,2283A,116.8091,33.9007,淮北市,烈山区政府,细颗粒物(PM2.5),55,58,98,39,68,76,,48,48,20,42,8,7,0.5,0.7
2024-12-12T1500,3330A,116.8873,33.9836,淮北市,杜集区检察院,细颗粒物(PM2.5),57,60,114,40,76,73,,44,44,17,43,5,5,0.5,0.7
2024-12-12T1500,4017A,116.7923,33.9535,淮北市,市博物馆,颗粒物(PM10),54,57,92,37,60,75,,46,46,19,40,8,8,0.7,0.9
2024-12-12T1500,2277A,116.8305,32.7727,淮南市,潘集区政府,细颗粒物(PM2.5),68,67,144,49,107,69,,42,42,22,49,10,14,0.5,0.8
2024-12-12T1500,2278A,117.0067,32.6524,淮南市,师范学院,颗粒物(PM10),66,81,128,34,91,48,,30,30,33,44,7,6,0.7,0.9
2024-12-12T1500,2279A,116.8569,32.5951,淮南市,谢家集区政府,细颗粒物(PM2.5),63,69,124,45,87,60,,50,50,28,43,8,16,0.6,0.8
2024-12-12T1500,2280A,116.8281,32.633,淮南市,八公山区政府,细颗粒物(PM2.5),60,68,114,43,88,65,,48,48,24,41,12,11,0.6,0.8
2024-12-12T1500,2281A,116.6325,32.6201,淮南市,焦岗湖风景区管理处,细颗粒物(PM2.5),63,63,111,45,85,59,,46,46,19,56,10,8,0.3,0.6
2024-12-12T1500,2894A,117.0566,32.6531,淮南市,经济技术开发区消防队,颗粒物(PM10),63,75,121,43,86,56,,37,37,29,39,7,8,0.5,0.7
2024-12-12T1500,3329A,117.0108,32.5893,淮南市,山南新区,颗粒物(PM10),61,72,98,43,71,54,,50,50,26,26,6,7,0.5,0.6
2024-12-12T1500,2446A,114.9028,30.4742,黄冈市,职工中心,细颗粒物(PM2.5),104,95,93,78,74,80,,56,56,29,38,15,11,0.6,0.7
2024-12-12T1500,2929A,114.8858,30.4519,黄冈市,红卫路,细颗粒物(PM2.5),97,90,85,72,69,83,,59,59,25,32,9,7,0.7,0.8
2024-12-12T1500,3398A,114.9136,30.4445,黄冈市,市林业局,细颗粒物(PM2.5),93,89,84,69,67,94,,64,64,14,23,11,9,0.8,0.8
2024-12-12T1500,2672A,102.0199,35.5102,黄南藏族自治州,同仁县隆务镇,细颗粒物(PM2.5),59,46,59,42,48,94,,83,83,12,11,8,8,0.7,0.7
2024-12-12T1500,2295A,118.2903,29.6963,黄山市,延安路89号,,50,50,38,25,34,73,,63,63,11,12,8,8,0.3,0.4
2024-12-12T1500,2296A,118.327,29.7178,黄山市,黄山东路89号,颗粒物(PM10),56,61,51,38,35,71,,57,57,9,12,6,6,0.4,0.4
2024-12-12T1500,2297A,118.1371,30.2756,黄山市,黄山区政府5号楼,细颗粒物(PM2.5),64,73,45,46,32,82,,52,52,19,17,8,7,0.6,0.6
2024-12-12T1500,2423A,115.0601,30.2313,黄石市,沈家营,细颗粒物(PM2.5),84,83,82,62,57,86,,40,40,20,28,7,8,0.8,0.9
2024-12-12T1500,2424A,115.0817,30.2006,黄石市,陈家湾,细颗粒物(PM2.5),109,88,87,82,76,87,,39,39,18,25,10,8,0.8,0.9
2024-12-12T1500,2426A,114.8988,30.2019,黄石市,铁山,细颗粒物(PM2.5),102,85,80,76,83,60,,34,34,35,36,5,8,0.9,1.2
2024-12-12T1500,2427A,115.0307,30.2092,黄石市,团城山,,,,86,,72,,,27,27,20,31,7,7,,0.8
2024-12-12T1500,3149A,115.0235,30.1578,黄石市,笔架山北路,细颗粒物(PM2.5),115,87,77,87,72,59,,31,31,30,36,6,7,1.0,1
2024-12-12T1500,1392A,114.4183,23.0528,惠州市,河南岸金山湖子站,,27,22,30,13,19,86,,50,50,12,13,7,8,0.6,0.6
2024-12-12T1500,1393A,114.4053,23.0822,惠州市,下埔横江三路子站,,28,22,31,12,19,89,,51,51,12,15,7,7,0.6,0.6
2024-12-12T1500,1394A,114.4103,23.1142,惠州市,江北云山西路子站,,28,22,30,13,19,88,,51,51,16,17,8,7,0.8,0.9
2024-12-12T1500,1395A,114.4645,22.7833,惠州市,惠阳区承修路船湖子站,,27,22,37,12,19,84,,44,44,10,12,9,9,0.6,0.7
2024-12-12T1500,1396A,114.5317,22.7422,惠州市,大亚湾管委会子站,,,22,34,12,20,89,,31,,15,15,7,8,,0.8
2024-12-12T1500,3314A,114.4338,22.8134,惠州市,惠阳秋长,,30,12,28,11,18,95,,51,51,10,17,12,10,0.6,0.6
2024-12-12T1500,3452A,114.6517,22.775,惠州市,大亚湾霞涌,,29,22,33,14,26,91,,52,52,11,12,7,7,0.8,0.7
2024-12-12T1500,2240A,130.9762,45.3001,鸡西市,环保局,,18,17,20,11,15,56,,51,51,5,6,6,7,0.5,0.5
2024-12-12T1500,2243A,130.9429,45.3039,鸡西市,第一中学,,21,11,21,9,15,66,,58,58,4,8,6,6,0.3,0.4
2024-12-12T1500,3707A,131.0207,45.3073,鸡西市,欧美日汽修厂,,43,41,28,30,25,57,,51,51,18,19,12,22,0.5,0.5
2024-12-12T1500,3709A,130.9967,45.3106,鸡西市,市政设施管理处,,22,22,27,10,15,59,,53,53,12,18,5,4,0.4,0.6
2024-12-12T1500,2367A,114.9754,27.0803,吉安市,红声器材厂,细颗粒物(PM2.5),63,66,48,45,29,32,,26,26,31,32,12,12,0.7,0.7
2024-12-12T1500,2368A,114.9658,27.0999,吉安市,市森林工业局,细颗粒物(PM2.5),65,59,41,47,29,36,,30,30,30,29,11,12,0.7,0.7
2024-12-12T1500,2369A,114.99,27.1312,吉安市,市环境监测站,细颗粒物(PM2.5),65,65,49,47,33,34,,30,30,29,27,18,19,0.9,0.8
2024-12-12T1500,2370A,115.0093,27.0968,吉安市,青原区法院,颗粒物(PM10),59,67,44,41,27,28,,26,24,32,33,10,12,0.8,0.7
2024-12-12T1500,1772A,126.54,43.8622,吉林市,哈达湾,,29,29,41,17,25,62,,47,47,14,26,7,8,0.6,0.7
2024-12-12T1500,1773A,126.5844,43.8358,吉林市,东局子,,22,17,38,15,25,67,,43,43,10,25,6,7,0.5,0.7
2024-12-12T1500,1774A,126.5052,43.8245,吉林市,电力学院,,29,23,57,20,47,63,,42,42,10,32,7,11,0.5,1.1
2024-12-12T1500,1775A,126.6133,43.8972,吉林市,江北,,29,29,50,16,31,63,,44,44,20,28,12,13,0.5,0.8
2024-12-12T1500,1776A,126.555,43.8306,吉林市,江南公园,,23,22,42,16,30,64,,41,41,11,29,9,10,0.5,0.7
2024-12-12T1500,1778A,126.7061,43.7133,吉林市,丰满,,23,19,18,16,15,64,,54,54,6,7,9,9,0.3,0.3
2024-12-12T1500,2868A,126.4739,43.953,吉林市,九站,,46,46,69,27,55,55,,36,36,19,38,5,12,0.7,0.9
2024-12-12T1500,1299A,116.9862,36.6114,济南市,科干所,颗粒物(PM10),54,58,52,29,26,56,,34,34,25,41,7,8,0.5,0.6
2024-12-12T1500,1300A,116.9376,36.665,济南市,农科所,颗粒物(PM10),57,63,73,32,27,37,,22,22,38,49,10,10,0.9,0.9
2024-12-12T1500,1301A,117.1265,36.6734,济南市,开发区,颗粒物(PM10),51,51,53,34,29,55,,30,30,25,49,7,7,0.5,0.6
2024-12-12T1500,1303A,117.0624,36.6868,济南市,省种子仓库,颗粒物(PM10),56,61,78,36,30,52,,22,22,18,47,7,8,0.5,0.8
2024-12-12T1500,1304A,116.9489,36.6447,济南市,机床二厂,颗粒物(PM10),59,68,76,34,31,47,,25,25,24,45,12,15,0.8,1
2024-12-12T1500,1305A,117.0495,36.663,济南市,市监测站,,,59,59,29,24,,,27,27,24,46,8,7,0.5,0.6
2024-12-12T1500,1306A,116.7675,36.5484,济南市,长清党校,"颗粒物(PM10),细颗粒物(PM2.5)",55,59,55,39,34,54,,30,30,26,47,10,8,0.8,0.6
2024-12-12T1500,1616A,117.6795,36.229,济南市,技术学院,细颗粒物(PM2.5),55,53,43,39,25,34,,21,21,39,40,13,9,0.9,0.7
2024-12-12T1500,1961A,117.532,36.6868,济南市,东山小学,颗粒物(PM10),51,51,54,32,21,59,,35,35,16,42,9,8,0.7,0.6
2024-12-12T1500,3059A,117.7161,36.2049,济南市,泰兴公司,颗粒物(PM10),53,56,52,34,24,43,,22,22,31,43,13,10,0.9,0.6
2024-12-12T1500,3064A,117.6867,36.2171,济南市,莱芜战役纪念馆,颗粒物(PM10),53,56,54,31,25,38,,22,22,34,37,11,8,0.8,0.6
2024-12-12T1500,3494A,117.1673,36.9782,济南市,济阳区政府,颗粒物(PM10),63,76,62,37,29,17,,14,14,58,44,12,11,1.4,0.5
2024-12-12T1500,3495A,117.1171,36.63,济南市,锦屏中学,,46,46,39,27,22,65,,46,46,21,30,7,5,0.4,0.4
2024-12-12T1500,3682A,116.9814,36.6819,济南市,济南四建,颗粒物(PM10),53,56,75,34,34,42,,24,24,27,50,8,10,0.6,0.8
2024-12-12T1500,1653A,116.6251,35.4302,济宁市,火炬城,颗粒物(PM10),59,67,73,41,45,55,,30,30,34,47,10,8,0.7,0.7
2024-12-12T1500,1655A,116.5491,35.4042,济宁市,电化厂,颗粒物(PM10),64,77,107,44,63,54,,22,22,44,57,15,14,0.7,0.9
2024-12-12T1500,3500A,116.5814,35.3707,济宁市,北湖一中,颗粒物(PM10),57,64,74,31,44,71,,30,30,27,49,10,6,0.6,0.7
2024-12-12T1500,3501A,116.8249,35.5593,济宁市,服务中心,颗粒物(PM10),72,93,89,42,45,57,,22,22,28,47,16,12,0.7,0.7
2024-12-12T1500,3678A,116.5907,35.4054,济宁市,市第七中学,颗粒物(PM10),57,64,73,36,46,70,,35,35,25,46,9,7,0.8,0.9
2024-12-12T1500,2255A,130.2751,46.8028,佳木斯市,佳纺,,32,23,29,22,25,58,,54,54,11,15,8,11,0.5,0.6
2024-12-12T1500,2256A,130.3995,46.8307,佳木斯市,发电厂,,26,,17,18,17,55,,52,52,13,13,6,6,0.4,0.5
2024-12-12T1500,2257A,130.3258,46.7975,佳木斯市,环保局,,33,24,27,23,21,50,,48,48,20,20,11,12,0.5,0.5
2024-12-12T1500,2258A,130.3648,46.8032,佳木斯市,十一中,,26,20,21,18,17,50,,51,51,20,20,7,9,0.4,0.4
2024-12-12T1500,2259A,130.3794,46.7588,佳木斯市,四丰,,20,12,19,12,14,61,,55,55,4,5,1,1,0.2,0.3
2024-12-12T1500,1252A,120.7436,30.778,嘉兴市,清河小学,颗粒物(PM10),52,54,79,28,56,24,,18,18,50,47,7,6,0.8,0.9
2024-12-12T1500,1253A,120.726,30.7478,嘉兴市,嘉兴学院,细颗粒物(PM2.5),68,68,86,49,67,23,,17,17,56,49,8,7,0.8,0.8
2024-12-12T1500,2872A,120.7846,30.7525,嘉兴市,南湖区残联,颗粒物(PM10),54,58,76,35,66,38,,28,28,39,42,9,9,0.7,0.9
2024-12-12T1500,3407A,120.6916,30.7739,嘉兴市,秀洲住建,,,,82,54,71,27,,21,21,,41,11,11,0.7,0.7
2024-12-12T1500,1945A,98.2908,39.7711,嘉峪关市,气象局,,27,22,59,17,20,84,,78,78,7,14,7,12,0.4,0.8
2024-12-12T1500,2884A,98.2672,39.7978,嘉峪关市,酒钢宾馆,,29,29,63,14,21,88,,82,82,8,15,22,30,0.6,0.6
2024-12-12T1500,3248A,98.2643,39.7724,嘉峪关市,雄关区,,27,25,50,12,25,85,,76,76,13,22,10,15,0.5,0.4
2024-12-12T1500,1383A,113.1064,22.6058,江门市,北街,,48,48,41,23,19,59,,32,32,42,36,8,8,0.8,0.8
2024-12-12T1500,1384A,113.0731,22.5835,江门市,西区,,47,47,47,14,15,62,,32,32,36,34,9,9,0.8,0.8
2024-12-12T1500,1385A,113.0219,22.5311,江门市,圭峰西,颗粒物(PM10),51,52,39,22,21,66,,35,35,36,29,6,6,0.7,0.7
2024-12-12T1500,1386A,113.0828,22.5947,江门市,东湖,,47,47,40,22,20,60,,32,32,36,32,8,8,0.7,0.7
2024-12-12T1500,3311A,113.1075,22.5647,江门市,江海富民,,45,45,50,14,18,58,,31,31,44,41,8,8,0.7,0.8
2024-12-12T1500,3449A,113.05,22.4667,江门市,新会银湖,,42,42,40,24,24,59,,32,32,40,33,7,7,0.8,0.8
2024-12-12T1500,1828A,113.227,35.2125,焦作市,市环保局,细颗粒物(PM2.5),135,126,125,103,94,35,,18,18,46,46,10,10,1.0,1.2
2024-12-12T1500,1830A,113.1992,35.2590,焦作市,影视城,细颗粒物(PM2.5),139,134,102,106,70,44,,34,24,45,37,18,12,1.4,1.3
2024-12-12T1500,3169A,113.2725,35.2067,焦作市,太极体育中心,细颗粒物(PM2.5),143,121,125,109,96,30,,17,17,58,56,13,13,1.0,1.2
2024-12-12T1500,3335A,113.3137,35.2641,焦作市,马村街道办,细颗粒物(PM2.5),152,134,126,116,97,34,,16,16,47,46,16,14,1.4,1.4
2024-12-12T1500,3336A,113.2465,35.2373,焦作市,焦作技师学院,细颗粒物(PM2.5),138,142,128,105,90,33,,18,18,51,47,12,12,1.2,1.4
2024-12-12T1500,3477A,113.1656,35.2539,焦作市,中站许衡医院,细颗粒物(PM2.5),129,130,111,98,79,39,,18,18,44,49,10,7,1.5,1.1
2024-12-12T1500,3981A,113.2449,35.1803,焦作市,原李万街道办,细颗粒物(PM2.5),128,134,124,97,92,35,,19,19,51,52,6,6,1.0,1.4
2024-12-12T1500,1708A,116.3701,23.5345,揭阳市,新兴,颗粒物(PM10),52,53,39,27,32,52,,29,29,20,19,7,7,0.7,0.7
2024-12-12T1500,1709A,116.3264,23.5443,揭阳市,西马,,41,41,41,21,20,52,,32,32,18,16,8,8,0.8,0.7
2024-12-12T1500,1710A,116.3611,23.5626,揭阳市,东兴,,,50,43,,27,48,,33,33,,21,8,7,0.9,0.9
2024-12-12T1500,1711A,116.4151,23.5294,揭阳市,渔湖,,,50,44,27,29,53,,27,,,20,11,9,0.7,0.7
2024-12-12T1500,3320A,116.403,23.5699,揭阳市,曲溪,,40,35,41,28,29,60,,35,35,18,24,4,5,0.7,0.7
2024-12-12T1500,1944A,102.1692,38.5167,金昌市,天庆家园,颗粒物(PM10),112,174,52,16,36,80,,71,71,5,14,9,11,0.5,0.7
2024-12-12T1500,3170A,102.1864,38.5253,金昌市,市委党校,,,,50,15,31,81,,70,70,5,16,8,14,0.4,0.7
2024-12-12T1500,4022A,102.1647,38.5371,金昌市,金川区人防中心,颗粒物(PM10),130,210,58,17,32,82,,75,75,4,12,9,13,0.5,0.7
2024-12-12T1500,1262A,119.647,29.077,金华市,十五中,细颗粒物(PM2.5),82,103,68,60,43,58,,53,53,36,32,4,4,0.6,0.6
2024-12-12T1500,1263A,119.686,29.1029,金华市,监测站,细颗粒物(PM2.5),94,86,51,70,43,54,,46,46,36,34,4,4,0.6,0.9
2024-12-12T1500,3659A,119.656,29.1131,金华市,气象局,,,,51,,43,,,45,45,35,38,5,4,0.7,1
2024-12-12T1500,1767A,121.1115,41.0879,锦州市,南山,,24,24,74,15,57,64,,40,40,15,36,8,19,0.3,1.6
2024-12-12T1500,1768A,121.0533,40.8434,锦州市,开发区,,49,49,99,26,57,44,,25,25,22,48,16,28,0.6,1.2
2024-12-12T1500,1769A,121.1836,41.1119,锦州市,百股街道,,36,36,62,12,47,59,,37,37,12,34,12,20,0.5,1.2
2024-12-12T1500,1770A,121.1178,41.1222,锦州市,天安街道,,35,35,66,18,53,52,,32,32,20,40,14,23,0.6,1.2
2024-12-12T1500,1771A,121.1303,41.1386,锦州市,北湖公园,,40,40,59,16,47,50,,31,31,19,36,14,20,0.5,1.1
2024-12-12T1500,2160A,112.85,35.5051,晋城市,自来水公司,细颗粒物(PM2.5),92,94,117,68,94,57,,29,29,30,44,11,11,1.1,1.6
2024-12-12T1500,2161A,112.8318,35.4936,晋城市,白云商贸,细颗粒物(PM2.5),85,102,120,63,89,58,,32,32,32,44,10,9,1.1,1.4
2024-12-12T1500,2162A,112.8508,35.4887,晋城市,市环保局,细颗粒物(PM2.5),89,101,129,66,97,59,,31,31,28,46,9,9,1.0,1.4
2024-12-12T1500,2163A,112.8676,35.4897,晋城市,技术学院,细颗粒物(PM2.5),92,110,124,68,96,62,,28,28,29,50,10,10,1.1,1.5
2024-12-12T1500,2165A,112.8453,35.546,晋城市,白马寺,细颗粒物(PM2.5),123,,112,93,88,59,,36,36,20,32,15,13,1.0,1.4
2024-12-12T1500,3620A,112.8271,35.4828,晋城市,泽州一中,细颗粒物(PM2.5),98,108,111,73,98,59,,31,31,27,43,9,11,1.1,1.4
2024-12-12T1500,2171A,112.7532,37.6945,晋中市,锦纶小区,细颗粒物(PM2.5),225,234,147,175,97,14,,12,12,61,47,12,10,1.7,1.1
2024-12-12T1500,2173A,112.7249,37.7067,晋中市,南都小区,细颗粒物(PM2.5),202,217,157,152,102,17,,12,12,59,51,12,13,1.7,1.4
2024-12-12T1500,2174A,112.6991,37.6982,晋中市,榆次区政府,细颗粒物(PM2.5),179,212,159,135,96,14,,9,9,61,51,11,12,1.6,1.4
2024-12-12T1500,2865A,112.7195,37.6828,晋中市,榆次三中,细颗粒物(PM2.5),233,239,152,183,104,12,,10,10,61,47,11,12,1.7,1.3
2024-12-12T1500,2439A,112.2014,31.0481,荆门市,竹园小学,细颗粒物(PM2.5),110,120,98,83,74,46,,41,32,32,32,13,13,0.5,0.6
2024-12-12T1500,2440A,112.1969,30.9891,荆门市,掇刀,细颗粒物(PM2.5),105,113,95,79,71,52,,63,53,34,27,9,11,0.7,0.8
2024-12-12T1500,2441A,112.2213,31.0386,荆门市,石化一小,细颗粒物(PM2.5),115,126,108,87,73,45,,42,39,33,31,9,10,0.7,0.6
2024-12-12T1500,3012A,112.1849,31.0362,荆门市,西山林语,细颗粒物(PM2.5),102,107,90,76,73,59,,63,54,25,21,8,9,0.5,0.6
2024-12-12T1500,3547A,112.1632,31.0138,荆门市,龙泉中学南校,细颗粒物(PM2.5),103,98,97,77,77,60,,56,55,30,26,14,14,0.5,0.7
2024-12-12T1500,1844A,112.2494,30.3197,荆州市,市图书馆,细颗粒物(PM2.5),120,,72,91,69,49,,45,45,38,48,6,6,0.8,0.8
2024-12-12T1500,1845A,112.2008,30.3544,荆州市,市委党校,细颗粒物(PM2.5),112,106,80,84,65,50,,42,42,35,46,6,5,0.7,0.6
2024-12-12T1500,3194A,112.2747,30.3122,荆州市,管委会,细颗粒物(PM2.5),117,,78,88,70,56,,45,45,28,43,6,5,0.7,0.7
2024-12-12T1500,3548A,112.1655,30.3364,荆州市,学苑路,细颗粒物(PM2.5),127,122,87,96,66,51,,40,40,38,48,12,10,0.9,0.9
2024-12-12T1500,2342A,117.3102,29.3867,景德镇市,王港中学,,,,,,,,,,,,,,,,
2024-12-12T1500,2343A,117.2117,29.2933,景德镇市,老干部活动中心,,43,35,25,30,25,55,,44,44,2,10,8,7,0.6,0.6
2024-12-12T1500,2344A,117.1894,29.2789,景德镇市,兽医站,,37,37,39,21,18,60,,51,51,4,7,8,7,0.6,0.5
2024-12-12T1500,2345A,117.1547,29.2617,景德镇市,台达陶瓷,,32,32,25,19,17,55,,45,45,9,8,3,3,0.5,0.6
2024-12-12T1500,2346A,117.2461,29.2956,景德镇市,陶研所,,40,29,23,28,15,53,,44,44,11,10,4,7,0.7,0.7
2024-12-12T1500,1803A,115.9872,29.6815,九江市,十里,细颗粒物(PM2.5),72,73,70,52,56,93,,59,59,19,24,10,9,0.9,0.8
2024-12-12T1500,1804A,115.9584,29.7046,九江市,茅山头,颗粒物(PM10),63,75,75,44,57,94,,60,60,20,28,11,13,0.9,0.9
2024-12-12T1500,1805A,115.9877,29.7295,九江市,西园,细颗粒物(PM2.5),82,69,69,60,57,94,,64,64,18,26,8,7,0.7,0.6
2024-12-12T1500,1806A,116.0172,29.6547,九江市,五七二七厂,细颗粒物(PM2.5),100,90,84,75,75,92,,62,62,20,24,7,6,0.7,0.8
2024-12-12T1500,1808A,115.9114,29.6038,九江市,综合工业园,细颗粒物(PM2.5),109,,79,82,83,83,,56,56,41,39,8,5,0.8,1
2024-12-12T1500,1809A,116.0721,29.7535,九江市,石化总厂,颗粒物(PM10),102,154,82,55,58,54,,34,34,29,29,,10,0.9,0.8
2024-12-12T1500,1810A,115.9773,29.5698,九江市,庐山气象台,细颗粒物(PM2.5),99,,53,74,57,84,,78,78,16,13,7,9,1.4,1.1
2024-12-12T1500,3190A,116.0254,29.6994,九江市,外国语学校,,,,66,,57,,,,,,30,,6,,0.7
2024-12-12T1500,2658A,98.5061,39.7443,酒泉市,仓门街子站,,,53,58,19,26,90,,84,84,,7,17,6,0.7,0.4
2024-12-12T1500,2659A,98.4989,39.7256,酒泉市,油田生活基地,,46,46,76,16,29,88,,86,86,14,10,18,5,0.9,0.6
2024-12-12T1500,2698A,76.0072,39.4467,喀什地区,巡警大队,颗粒物(PM10),60,70,69,32,29,55,,49,41,25,24,3,3,0.5,0.5
2024-12-12T1500,2699A,75.9755,39.4694,喀什地区,吾办,颗粒物(PM10),53,56,68,36,37,70,,53,52,19,26,1,3,0.6,0.7
2024-12-12T1500,4027A,75.9483,39.4689,喀什地区,老干局,颗粒物(PM10),52,54,70,27,27,73,,54,53,14,24,2,2,0.5,0.7
2024-12-12T1500,1824A,114.3389,34.7781,开封市,肿瘤医院,细颗粒物(PM2.5),102,79,99,76,78,60,,33,33,26,47,4,3,0.6,0.7
2024-12-12T1500,1826A,114.2885,34.7965,开封市,世纪星幼儿园,细颗粒物(PM2.5),118,,82,89,75,56,,34,34,36,50,6,5,0.5,0.6
2024-12-12T1500,3147A,114.3438,34.8106,开封市,龙亭公园,细颗粒物(PM2.5),112,85,89,84,79,68,,39,39,30,55,6,4,0.6,0.7
2024-12-12T1500,3210A,114.3644,34.7964,开封市,汴京公园,细颗粒物(PM2.5),108,97,104,81,83,66,,36,36,29,53,6,5,0.7,0.9
2024-12-12T1500,3473A,114.2485,34.8306,开封市,技师学院,细颗粒物(PM2.5),122,98,86,92,77,60,,37,37,33,51,7,6,0.9,1
2024-12-12T1500,3592A,114.4644,34.7556,开封市,祥符区生态环境局,细颗粒物(PM2.5),115,121,107,87,91,67,,35,35,24,53,4,4,0.6,0.7
2024-12-12T1500,1951A,84.895,45.6094,克拉玛依市,长征新村,,23,23,20,3,17,38,,28,23,13,21,5,5,0.4,0.3
2024-12-12T1500,1952A,84.8988,45.5893,克拉玛依市,南林小区,,33,,19,23,17,38,,32,29,14,21,6,6,0.4,0.4
2024-12-12T1500,1954A,84.905,44.3396,克拉玛依市,独山子区,细颗粒物(PM2.5),82,,49,60,32,57,,36,36,16,26,6,5,0.4,0.5
2024-12-12T1500,1955A,85.6979,46.098,克拉玛依市,乌尔禾区商贸楼,,28,,9,19,8,38,,41,35,29,17,5,3,0.9,0.5
2024-12-12T1500,3612A,85.1045,45.6899,克拉玛依市,白碱滩区新站,,19,17,22,13,15,35,,38,27,19,20,8,8,0.7,0.7
2024-12-12T1500,2697A,76.1454,39.7142,克孜勒苏柯尔克孜自治州,市人民政府,,35,35,44,23,26,76,,70,70,8,10,3,3,0.4,0.5
2024-12-12T1500,3665A,76.1658,39.7157,克孜勒苏柯尔克孜自治州,克州文化中心,,32,31,40,22,27,68,,65,65,14,15,6,6,0.5,0.5
2024-12-12T1500,1450A,102.8204,24.8886,昆明市,呈贡新区,,30,20,24,8,18,94,,81,81,7,10,6,6,0.7,0.8
2024-12-12T1500,1451A,102.6251,24.9608,昆明市,西山森林公园,,,,,,,,,,,,,,,,
2024-12-12T1500,1452A,102.7252,25.0902,昆明市,龙泉镇,,30,,27,14,19,96,,68,68,8,19,8,7,0.6,0.7
2024-12-12T1500,1453A,102.7266,25.0375,昆明市,东风东路,,29,21,28,13,19,92,,66,66,8,12,6,6,0.3,0.4
2024-12-12T1500,1454A,102.6742,25.0669,昆明市,金鼎山,,31,24,34,12,19,97,,72,72,12,21,7,7,0.4,0.4
2024-12-12T1500,1455A,102.6644,25.0401,昆明市,碧鸡广场,,29,19,31,14,21,91,,67,67,10,23,9,8,0.5,0.5
2024-12-12T1500,3179A,102.7494,25.0119,昆明市,官渡区博物馆,,31,26,29,12,20,99,,77,77,6,11,7,8,0.4,0.5
2024-12-12T1500,3375A,102.8017,24.8336,昆明市,青年创业园,,,14,25,10,18,83,,71,71,,8,6,6,0.5,0.6
2024-12-12T1500,3550A,102.7997,24.9786,昆明市,昆明学院,,31,15,27,7,18,99,,78,78,5,12,8,8,0.3,0.4
2024-12-12T1500,3551A,102.5967,24.6736,昆明市,晋宁区生态环境分局,,32,10,33,9,19,102,,74,74,4,11,2,2,0.4,0.5
2024-12-12T1500,3552A,102.6678,24.9856,昆明市,云天化总部,,32,14,24,10,18,101,,87,87,6,5,6,7,0.3,0.4
2024-12-12T1500,1456A,91.1319,29.6514,拉萨市,八廓街,,27,13,38,10,21,86,,54,54,13,36,8,11,0.4,0.8
2024-12-12T1500,1457A,91.1221,29.6747,拉萨市,市环保局,,32,23,43,12,26,102,,62,62,18,31,9,10,0.5,1.1
2024-12-12T1500,1458A,91.0874,29.6475,拉萨市,区监测站,,29,15,29,8,18,90,,55,55,18,39,7,8,0.2,0.4
2024-12-12T1500,1459A,91.1774,29.6541,拉萨市,西藏大学,,28,27,32,11,14,89,,62,62,19,24,7,6,0.8,0.8
2024-12-12T1500,1460A,90.9798,29.6588,拉萨市,区辐射站,,34,34,47,14,24,74,,40,40,28,43,8,11,0.6,0.9
2024-12-12T1500,1461A,91.0834,29.6292,拉萨市,拉萨火车站,,28,15,26,11,13,88,,40,40,20,35,6,6,0.6,0.9
2024-12-12T1500,2520A,109.2203,23.7256,来宾市,来宾技工学校,,49,49,26,31,14,61,,50,50,14,15,7,6,0.9,1
2024-12-12T1500,3535A,109.1781,23.7297,来宾市,兴宾区政府,,42,42,23,27,16,61,,52,52,16,15,6,6,1.0,1.1
2024-12-12T1500,4002A,109.2416,23.7461,来宾市,中南小学,,50,50,30,24,13,60,,49,49,11,12,6,5,0.8,0.9
2024-12-12T1500,1476A,103.631,36.1031,兰州市,兰炼宾馆,,42,35,64,29,54,89,,85,85,15,29,13,14,0.4,0.6
2024-12-12T1500,1477A,104.1373,35.9454,兰州市,榆中兰大校区,,,,,,,,,,,,,,,,
2024-12-12T1500,1478A,103.8412,36.0726,兰州市,生物制品所,,46,36,56,32,50,84,,76,76,17,29,16,12,0.4,0.6
2024-12-12T1500,1479A,103.831,36.0464,兰州市,铁路设计院,细颗粒物(PM2.5),55,50,65,39,55,79,,69,69,24,36,13,11,0.4,0.7
2024-12-12T1500,3186A,103.7158,36.1058,兰州市,教育港,,39,39,62,27,49,88,,81,81,17,27,14,15,0.5,0.6
2024-12-12T1500,3241A,103.7439,36.0842,兰州市,百合公园,,35,35,55,21,43,81,,77,77,14,23,12,13,0.4,0.6
2024-12-12T1500,3242A,103.9611,35.998,兰州市,和平,,36,35,66,25,55,85,,78,78,11,26,20,18,0.4,0.8
2024-12-12T1500,3245A,103.6633,36.533,兰州新区,新区管委会,,38,38,57,21,46,96,,91,91,9,22,10,14,0.3,0.5
2024-12-12T1500,3246A,103.6975,36.4789,兰州新区,舟曲中学,,29,27,49,20,40,89,,83,83,10,21,6,12,0.1,0.3
2024-12-12T1500,1067A,116.6708,39.5111,廊坊市,药材公司,细颗粒物(PM2.5),98,91,77,73,54,11,,9,9,63,55,5,5,0.9,0.8
2024-12-12T1500,1068A,116.7214,39.5589,廊坊市,开发区,细颗粒物(PM2.5),97,110,72,72,44,8,,5,5,65,51,6,5,0.8,0.6
2024-12-12T1500,1070A,116.7244,39.5269,廊坊市,北华航天学院,细颗粒物(PM2.5),94,102,82,70,47,9,,6,6,62,54,8,7,0.9,0.8
2024-12-12T1500,2919A,116.7022,39.5453,廊坊市,河北工业大学,,,109,80,74,45,,,5,5,62,51,7,7,0.8,0.7
2024-12-12T1500,2535A,103.7723,29.5462,乐山市,花湖湾,,39,,63,27,54,22,,29,,25,23,1,2,0.8,0.7
2024-12-12T1500,2536A,103.7627,29.5844,乐山市,牛耳桥,,,31,65,27,55,28,,29,20,,35,5,5,,0.6
2024-12-12T1500,2537A,103.7508,29.6006,乐山市,市第三水厂,,46,33,64,32,53,28,,33,22,32,33,3,4,0.5,0.4
2024-12-12T1500,2538A,103.7571,29.5664,乐山市,市监测站,,43,38,65,30,49,25,,30,23,30,28,4,4,0.5,0.5
2024-12-12T1500,3361A,103.7311,29.5628,乐山市,理工大学,,33,,55,23,50,34,,33,28,24,29,5,5,0.6,0.6
2024-12-12T1500,2598A,100.2143,26.8576,丽江市,西南郊,,,,,,,,,,,,,,,,
2024-12-12T1500,2599A,100.2497,26.8802,丽江市,丽江古城,,45,45,35,16,22,97,,81,81,9,12,9,9,0.5,0.6
2024-12-12T1500,2600A,100.2203,26.8906,丽江市,市中心,,30,17,19,15,16,96,,83,83,9,11,6,7,0.5,0.6
2024-12-12T1500,1267A,119.914,28.4514,丽水市,监测站大楼,细颗粒物(PM2.5),83,,23,61,23,39,,55,43,28,19,3,3,0.8,0.7
2024-12-12T1500,1268A,119.93,28.4586,丽水市,莲都小学,细颗粒物(PM2.5),85,83,33,63,29,39,,56,43,29,17,6,5,0.7,0.6
2024-12-12T1500,1269A,119.879,28.4231,丽水市,余庄前,细颗粒物(PM2.5),74,66,30,54,23,39,,43,42,24,22,6,5,0.6,0.5
2024-12-12T1500,1173A,119.176,34.5885,连云港市,市环境监测站,,31,31,43,14,23,69,,56,56,16,36,9,11,0.5,0.7
2024-12-12T1500,3000A,119.3581,34.6972,连云港市,德源药业,,31,31,38,17,20,61,,57,57,24,28,8,7,0.4,0.4
2024-12-12T1500,3007A,119.178,34.844,连云港市,新城一中,颗粒物(PM10),52,53,54,28,30,51,,36,36,38,47,27,15,2.0,1
2024-12-12T1500,3008A,119.3608,34.7519,连云港市,胡沟管理处,,29,29,31,14,15,63,,57,57,14,14,5,5,0.3,0.4
2024-12-12T1500,3009A,119.1478,34.5911,连云港市,矿山设计院,,39,39,46,19,26,70,,53,53,14,29,9,10,0.6,0.8
2024-12-12T1500,3434A,119.2413,34.6539,连云港市,工贸学校,,32,32,38,20,24,70,,60,60,15,22,10,10,0.5,0.7
2024-12-12T1500,3664A,119.4172,34.7341,连云港市,连云街道,,32,32,35,19,20,58,,52,52,26,32,9,9,0.7,0.7
2024-12-12T1500,2571A,102.3431,27.8099,凉山彝族自治州,青龙寺,,49,49,48,18,19,105,,57,57,9,11,6,5,0.8,0.8
2024-12-12T1500,2572A,102.2721,27.8415,凉山彝族自治州,邛海宾馆,,44,44,44,28,28,102,,52,52,10,20,13,12,0.8,0.9
2024-12-12T1500,2573A,102.2625,27.898,凉山彝族自治州,西昌市政府,细颗粒物(PM2.5),58,53,41,41,34,93,,49,49,13,19,15,8,0.9,0.9
2024-12-12T1500,2574A,102.2685,27.8851,凉山彝族自治州,凉山州政府,,48,48,47,32,37,96,,47,47,12,23,13,10,0.7,0.7
2024-12-12T1500,2575A,102.237,27.8914,凉山彝族自治州,长安,细颗粒物(PM2.5),54,55,61,38,38,88,,50,50,19,37,14,10,0.8,0.7
2024-12-12T1500,2212A,123.2,41.1953,辽阳市,宏伟区,颗粒物(PM10),66,81,62,16,34,17,,16,16,53,34,39,21,2.4,1.2
2024-12-12T1500,2213A,123.1683,41.2495,辽阳市,新华园,颗粒物(PM10),69,87,77,42,47,24,,18,18,61,46,53,47,2.4,1.4
2024-12-12T1500,2214A,123.2354,41.2639,辽阳市,滨河路,颗粒物(PM10),76,101,61,44,34,21,,25,25,69,38,48,43,2.8,1
2024-12-12T1500,2215A,123.149,41.2991,辽阳市,铁西工业园,颗粒物(PM10),72,94,100,37,68,34,,20,20,43,42,33,15,2.1,1.7
2024-12-12T1500,2227A,125.1358,42.8845,辽源市,环保局,,24,24,46,9,29,63,,37,37,13,28,7,9,0.5,0.9
2024-12-12T1500,3239A,125.0764,42.9078,辽源市,银鹰制药,,26,26,44,17,34,60,,40,40,16,32,8,11,0.4,0.8
2024-12-12T1500,1625A,115.9848,36.4372,聊城市,区政府,细颗粒物(PM2.5),70,81,70,51,39,44,,22,22,27,48,10,9,0.8,0.8
2024-12-12T1500,2878A,116.0072,36.4343,聊城市,聊大东校,细颗粒物(PM2.5),70,85,79,51,43,40,,19,19,30,48,9,7,0.9,0.8
2024-12-12T1500,3200A,115.9819,36.4978,聊城市,监控中心,细颗粒物(PM2.5),70,81,113,51,66,42,,21,21,30,56,13,14,0.8,1
2024-12-12T1500,3513A,116.0445,36.4361,聊城市,九州社区,颗粒物(PM10),70,90,72,48,40,37,,19,19,29,39,5,14,0.9,0.7
2024-12-12T1500,4018A,116.0567,36.4608,聊城市,星美广场,颗粒物(PM10),66,82,90,45,47,38,,18,18,28,41,10,12,0.8,0.8
2024-12-12T1500,2632A,94.3681,29.6376,林芝市,林芝监测站,,30,12,15,3,9,94,,86,77,4,4,6,6,0.5,0.5
2024-12-12T1500,2633A,94.3616,29.6616,林芝市,林芝人民医院,,29,8,13,6,10,90,,75,70,2,5,5,6,0.6,0.6
2024-12-12T1500,2603A,100.0781,23.8982,临沧市,市环保局,,28,23,39,18,33,89,,49,49,8,14,9,9,0.4,0.5
2024-12-12T1500,2604A,100.0894,23.8822,临沧市,市气象局,,27,22,39,13,32,84,,43,43,9,15,6,8,0.4,0.5
2024-12-12T1500,1733A,111.5531,36.0783,临汾市,临钢医院,细颗粒物(PM2.5),73,64,118,53,81,38,,13,13,24,40,8,8,0.8,1.2
2024-12-12T1500,1734A,111.5028,36.0714,临汾市,技工学校,,,72,115,50,81,39,,10,10,,55,8,7,0.8,1.3
2024-12-12T1500,1736A,111.5018,36.0855,临汾市,市委,颗粒物(PM10),59,67,123,40,79,44,,16,16,24,46,8,10,0.6,1
2024-12-12T1500,3018A,111.505,36.1014,临汾市,唐尧大酒店,细颗粒物(PM2.5),75,73,112,55,84,42,,14,14,22,45,10,10,0.7,1.1
2024-12-12T1500,3668A,111.5036,36.0414,临汾市,城南,细颗粒物(PM2.5),83,78,116,61,82,35,,13,13,30,45,8,7,1.0,1.3
2024-12-12T1500,2667A,103.2069,35.5993,临夏回族自治州,环保局,,30,30,64,6,14,85,,72,72,15,23,8,8,0.4,0.9
2024-12-12T1500,2668A,103.2417,35.6057,临夏回族自治州,建设大厦,,29,21,52,3,20,92,,82,82,10,20,11,10,0.5,0.9
2024-12-12T1500,1618A,118.3429,35.0532,临沂市,沂河小区,颗粒物(PM10),56,61,43,30,27,52,,44,44,33,26,10,9,0.4,0.4
2024-12-12T1500,1619A,118.295,35.0583,临沂市,鲁南制药厂,,48,48,35,33,22,41,,37,37,42,29,9,7,0.4,0.4
2024-12-12T1500,1620A,118.2794,34.9976,临沂市,新光毛纺厂,,39,39,33,27,23,56,,46,46,31,27,9,8,0.7,0.6
2024-12-12T1500,1621A,118.3956,35.0888,临沂市,河东保险公司,,48,48,44,24,25,54,,39,39,23,25,7,5,0.2,0.3
2024-12-12T1500,3370A,118.3564,35.0215,临沂市,十里堡居委,,48,48,37,24,22,54,,43,43,26,25,9,8,0.5,0.6
2024-12-12T1500,3496A,118.3604,35.1084,临沂市,南坊新区,,41,41,38,22,21,58,,46,46,27,30,6,5,0.6,0.6
2024-12-12T1500,3860A,118.3920,35.0300,临沂市,皇山花园小区,,41,41,49,25,25,52,,35,35,30,38,6,5,0.5,0.6
2024-12-12T1500,1870A,109.4856,24.3895,柳州市,柳东小学,,26,26,23,3,7,50,,,,10,10,9,9,0.8,0.7
2024-12-12T1500,1871A,109.4157,24.3277,柳州市,环保监测站,,38,38,24,26,17,51,,46,46,11,12,10,9,0.6,0.6
2024-12-12T1500,1872A,109.389,24.341,柳州市,河西水厂,,,,26,,18,,,38,38,14,18,11,11,0.8,1.2
2024-12-12T1500,1873A,109.4311,24.2921,柳州市,市四中,,38,38,19,15,10,54,,49,49,10,11,8,8,0.5,0.6
2024-12-12T1500,1874A,109.4006,24.3631,柳州市,市九中,细颗粒物(PM2.5),52,,22,36,16,48,,43,43,13,14,6,6,0.5,0.9
2024-12-12T1500,1875A,109.4958,24.3134,柳州市,古亭山,,44,44,22,21,12,66,,63,63,14,14,11,11,0.7,0.8
2024-12-12T1500,3402A,109.5422,24.3996,柳州市,市二中,,42,40,25,29,23,60,,58,58,16,15,10,10,0.6,0.6
2024-12-12T1500,2307A,116.5079,31.737,六安市,监测大楼,细颗粒物(PM2.5),64,50,93,46,76,83,,46,46,17,38,6,6,0.5,0.8
2024-12-12T1500,2308A,116.4738,31.7643,六安市,皖西学院,细颗粒物(PM2.5),67,62,100,48,74,70,,37,37,20,34,4,4,0.6,0.9
2024-12-12T1500,2309A,116.4996,31.7905,六安市,朝阳厂,细颗粒物(PM2.5),58,59,97,41,75,85,,46,46,11,35,2,3,0.6,0.9
2024-12-12T1500,2310A,116.5567,31.7886,六安市,开发区,细颗粒物(PM2.5),60,59,113,43,81,89,,48,48,18,45,5,5,0.5,0.8
2024-12-12T1500,2576A,104.8,26.5892,六盘水市,窑上,,26,26,16,17,14,24,,21,21,10,14,11,11,0.7,0.8
2024-12-12T1500,2577A,104.83,26.5917,六盘水市,黄土坡,,15,,17,10,12,25,,35,21,12,15,10,8,0.7,0.7
2024-12-12T1500,2578A,104.89,26.5939,六盘水市,水钢,,30,,34,21,28,27,,38,26,13,12,7,6,0.8,0.6
2024-12-12T1500,2579A,104.8475,26.5894,六盘水市,民中,,16,16,20,9,10,16,,36,21,22,15,9,8,0.6,0.6
2024-12-12T1500,2580A,104.9544,26.5506,六盘水市,双水,,9,9,19,3,12,25,,41,30,13,10,8,8,0.6,0.5
2024-12-12T1500,2335A,117.0189,25.1181,龙岩市,龙岩师专,,,,,,,,,,,,,,,,
2024-12-12T1500,2336A,117.0217,25.1033,龙岩市,龙岩市监测站,,32,32,20,16,16,31,,27,27,20,18,10,5,0.9,0.8
2024-12-12T1500,2337A,117.0258,25.0661,龙岩市,闽西职业技术学院,,18,15,22,12,15,32,,27,27,15,14,9,3,0.8,0.7
2024-12-12T1500,2338A,117.0196,25.0306,龙岩市,龙岩学院,,20,20,21,12,15,31,,25,25,18,16,4,4,0.9,0.7
2024-12-12T1500,2665A,105.0822,33.3261,陇南市,汉王镇固水子,,,,,,,,,,,,,,,,
2024-12-12T1500,2885A,104.9339,33.3826,陇南市,滨江中学,细颗粒物(PM2.5),54,51,55,38,34,73,,46,37,10,15,5,5,0.4,0.8
2024-12-12T1500,3247A,104.955,33.371,陇南市,市总工会,细颗粒物(PM2.5),67,75,55,48,31,69,,53,38,11,14,1,3,0.8,0.7
2024-12-12T1500,2487A,111.9589,27.8901,娄底市,电视发射台,细颗粒物(PM2.5),53,,34,37,37,51,,72,51,16,16,5,5,0.7,0.6
2024-12-12T1500,2488A,111.9975,27.725,娄底市,市监测站,细颗粒物(PM2.5),85,71,71,63,62,40,,59,43,19,24,7,8,0.8,0.6
2024-12-12T1500,2489A,112.0194,27.7314,娄底市,市委党校,细颗粒物(PM2.5),94,88,75,70,57,45,,56,43,22,27,6,10,0.7,0.7
2024-12-12T1500,2490A,111.9561,27.7569,娄底市,涟钢,,,,67,,49,47,,46,41,11,24,,3,0.7,0.7
2024-12-12T1500,2491A,111.9892,27.7044,娄底市,市政府,细颗粒物(PM2.5),72,69,65,52,51,39,,50,42,30,30,5,5,0.9,0.9
2024-12-12T1500,1893A,105.4324,28.9634,泸州市,九狮山,,,,,,,,,,,,,,,,
2024-12-12T1500,1894A,105.4427,28.9063,泸州市,小市上码头,,29,26,65,20,52,35,,26,26,20,26,2,3,0.6,0.6
2024-12-12T1500,1895A,105.4241,28.8573,泸州市,兰田宪桥,,28,19,67,19,54,43,,31,31,12,25,2,3,0.5,0.6
2024-12-12T1500,1896A,105.4379,28.8833,泸州市,市环监站,,28,22,65,19,54,32,,26,26,22,26,4,4,0.5,0.5
2024-12-12T1500,3490A,105.3617,28.7703,泸州市,纳溪区环保局,,26,25,68,18,50,22,,17,17,29,34,4,4,0.4,0.6
2024-12-12T1500,2183A,111.1406,37.5211,吕梁市,环保局,细颗粒物(PM2.5),59,61,82,42,44,60,,17,17,16,49,7,8,0.5,0.7
2024-12-12T1500,2185A,111.1297,37.5136,吕梁市,自来水公司,颗粒物(PM10),56,61,89,34,45,60,,19,19,18,47,4,7,0.6,0.8
2024-12-12T1500,2867A,111.1283,37.51,吕梁市,马茂庄小学,颗粒物(PM10),63,76,93,31,43,53,,19,19,24,50,6,8,0.5,0.8
2024-12-12T1500,1812A,112.3931,34.6516,洛阳市,市委党校,细颗粒物(PM2.5),158,149,135,120,101,48,,22,22,31,54,10,6,1.0,1.1
2024-12-12T1500,1814A,112.4657,34.6871,洛阳市,豫西宾馆,细颗粒物(PM2.5),149,160,140,114,94,,,15,,34,50,10,8,0.8,0.9
2024-12-12T1500,1815A,112.494,34.6886,洛阳市,河南林校,细颗粒物(PM2.5),190,147,123,143,108,38,,19,19,37,52,6,5,1.0,1
2024-12-12T1500,1816A,112.3844,34.623,洛阳市,开发区管委会,细颗粒物(PM2.5),178,165,141,134,112,44,,19,19,34,51,12,8,0.9,1
2024-12-12T1500,1817A,112.4267,34.6258,洛阳市,市委新办公区,细颗粒物(PM2.5),178,177,153,134,116,46,,21,21,36,48,11,5,1.0,1
2024-12-12T1500,3340A,112.6005,34.6326,洛阳市,伊滨,细颗粒物(PM2.5),130,169,139,99,85,51,,26,26,34,43,9,8,0.9,1.1
2024-12-12T1500,3341A,112.4951,34.6332,洛阳市,中移产业园,细颗粒物(PM2.5),159,130,116,121,98,53,,26,26,31,50,11,8,0.9,1
2024-12-12T1500,3593A,112.5736,34.8993,洛阳市,吉利监测站,细颗粒物(PM2.5),145,116,118,111,103,44,,24,24,40,52,12,7,0.7,1
2024-12-12T1500,3635A,112.3677,34.662,洛阳市,河科大西苑校区,细颗粒物(PM2.5),159,151,138,121,101,53,,23,23,30,52,10,8,0.9,1.1
2024-12-12T1500,3636A,112.4388,34.6781,洛阳市,英才小学,细颗粒物(PM2.5),144,141,134,110,95,38,,17,17,37,55,9,7,0.9,1
2024-12-12T1500,2399A,114.051,33.5699,漯河市,三五一五工厂,细颗粒物(PM2.5),135,117,120,103,102,74,,42,42,26,39,10,9,0.6,0.7
2024-12-12T1500,2400A,114.0055,33.5698,漯河市,漯河大学,细颗粒物(PM2.5),132,122,118,100,93,72,,44,44,34,48,9,8,0.6,0.6
2024-12-12T1500,2401A,114.0138,33.5828,漯河市,市水利局,细颗粒物(PM2.5),134,124,128,102,95,69,,42,42,27,42,10,9,0.7,0.8
2024-12-12T1500,2402A,114.0261,33.5698,漯河市,市广电局,细颗粒物(PM2.5),132,120,119,100,96,71,,42,42,29,42,10,9,0.5,0.7
2024-12-12T1500,3478A,113.9749,33.5664,漯河市,市图书馆,细颗粒物(PM2.5),135,131,135,103,103,72,,39,39,31,52,7,7,0.6,0.7
2024-12-12T1500,3479A,114.0967,33.5906,漯河市,召陵区卫健委,细颗粒物(PM2.5),130,129,141,99,106,74,,42,42,25,49,13,11,0.7,0.8
2024-12-12T1500,1798A,118.5092,31.6837,马鞍山市,湖东路四小,颗粒物(PM10),54,57,78,33,48,64,,46,46,25,45,4,5,0.7,1.1
2024-12-12T1500,1799A,118.5024,31.6449,马鞍山市,开发区,细颗粒物(PM2.5),74,54,81,54,62,67,,41,41,31,48,8,7,1.0,1.2
2024-12-12T1500,1800A,118.5228,31.7231,马鞍山市,慈湖,细颗粒物(PM2.5),64,53,88,46,64,53,,39,39,30,46,7,8,0.7,0.9
2024-12-12T1500,1802A,118.6245,31.7241,马鞍山市,濮塘,细颗粒物(PM2.5),59,47,60,42,50,67,,43,43,22,28,10,9,0.6,0.7
2024-12-12T1500,3633A,118.4918,31.6809,马鞍山市,雨山,细颗粒物(PM2.5),60,61,79,43,53,61,,40,40,28,44,9,10,0.7,1
2024-12-12T1500,1686A,111.0286,21.4688,茂名市,电白南海,,41,41,60,24,35,75,,48,48,15,21,8,10,0.9,1
2024-12-12T1500,1687A,110.9294,21.6533,茂名市,茂石化七小,细颗粒物(PM2.5),70,75,68,51,42,66,,42,42,15,18,9,13,1.0,1
2024-12-12T1500,1688A,110.9107,21.6687,茂名市,健康路,细颗粒物(PM2.5),62,70,60,44,39,69,,44,44,13,16,19,19,0.9,0.9
2024-12-12T1500,1689A,110.8592,21.6828,茂名市,高岭,细颗粒物(PM2.5),52,51,61,36,40,59,,45,45,17,19,13,22,1.0,0.8
2024-12-12T1500,3450A,111.01,21.5165,茂名市,电白水东,,35,34,60,24,39,71,,45,45,13,18,9,20,0.5,0.8
2024-12-12T1500,2539A,104.0308,30.0478,眉山市,黑龙滩水库,颗粒物(PM10),56,61,64,34,36,46,,38,38,22,29,3,3,0.6,0.6
2024-12-12T1500,2540A,103.8416,30.0874,眉山市,气象局,细颗粒物(PM2.5),67,76,60,48,53,43,,24,24,29,42,5,4,0.5,0.6
2024-12-12T1500,3137A,103.8578,30.0744,眉山市,市委党校,细颗粒物(PM2.5),62,51,57,44,47,38,,31,31,34,43,5,5,0.5,0.5
2024-12-12T1500,3148A,103.8291,30.0564,眉山市,区人社局,细颗粒物(PM2.5),62,,56,44,47,41,,25,25,37,46,6,4,0.5,0.6
2024-12-12T1500,1690A,116.1231,24.3284,梅州市,梅江月梅,,26,26,21,13,14,37,,31,31,16,16,9,8,0.7,0.7
2024-12-12T1500,1691A,116.0797,24.2719,梅州市,梅县新城,,29,29,20,17,15,40,,35,35,17,15,6,5,0.8,0.8
2024-12-12T1500,1692A,116.1248,24.2654,梅州市,环境监控中心,,24,24,19,15,16,33,,29,29,19,17,7,6,0.9,0.9
2024-12-12T1500,3315A,116.1233,24.2991,梅州市,梅龙,,31,31,22,18,15,35,,29,29,17,17,7,6,0.9,0.9
2024-12-12T1500,1878A,104.7778,31.4741,绵阳市,富乐山,,42,40,46,29,36,81,,38,38,10,24,2,2,0.5,0.5
2024-12-12T1500,1879A,104.7563,31.4535,绵阳市,市人大,,43,43,52,26,39,75,,42,42,13,30,4,3,0.5,0.5
2024-12-12T1500,1880A,104.6697,31.4668,绵阳市,高新区自来水公司,,39,29,49,27,34,79,,41,38,11,29,3,3,0.3,0.5
2024-12-12T1500,1881A,104.7287,31.5075,绵阳市,三水厂,,46,40,53,32,41,82,,38,38,10,35,5,5,0.6,0.7
2024-12-12T1500,3491A,104.69,31.5322,绵阳市,西科大附属小学,,45,36,55,31,39,78,,40,39,10,27,4,5,0.4,0.5
2024-12-12T1500,3492A,104.5648,31.5343,绵阳市,安州区旅游局,,42,,46,29,44,80,,48,39,9,21,9,8,0.5,0.6
2024-12-12T1500,1784A,129.61,44.561,牡丹江市,环保大楼,,45,38,37,31,26,47,,39,39,23,22,8,8,0.4,0.5
2024-12-12T1500,1785A,129.6115,44.5782,牡丹江市,文化广场,,47,47,36,32,27,50,,42,42,26,24,10,9,0.6,0.6
2024-12-12T1500,1786A,129.5904,44.5963,牡丹江市,第一医院,,48,45,41,33,33,46,,35,35,23,25,8,8,0.6,0.7
2024-12-12T1500,1787A,129.6364,44.6075,牡丹江市,机车工厂,,43,38,50,30,32,45,,40,40,27,24,10,15,0.5,0.7
2024-12-12T1500,1788A,129.6386,44.5462,牡丹江市,第一中学,,39,32,35,27,25,54,,42,42,16,22,7,7,0.4,0.5
2024-12-12T1500,2531A,105.0703,29.61,内江市,市监测站,细颗粒物(PM2.5),83,,60,61,58,29,,20,20,22,27,6,6,0.8,0.8
2024-12-12T1500,2532A,105.0717,29.5947,内江市,东兴区政府,细颗粒物(PM2.5),69,,54,50,51,27,,25,22,26,29,5,5,0.8,0.7
2024-12-12T1500,2533A,105.0653,29.5817,内江市,内江二中,细颗粒物(PM2.5),82,60,68,60,58,22,,25,20,31,31,8,8,0.7,0.7
2024-12-12T1500,2534A,105.0406,29.5822,内江市,内江日报社,细颗粒物(PM2.5),73,80,64,53,53,25,,19,19,31,35,9,9,0.7,0.7
2024-12-12T1500,2628A,92.0657,31.4846,那曲市,那曲监测站,,43,43,144,12,81,86,,40,40,7,39,7,16,0.4,3
2024-12-12T1500,3128A,92.0506,31.4797,那曲市,那曲会议中心,,,20,105,,46,89,,47,47,1,21,2,8,0.4,1.4
2024-12-12T1500,1290A,115.8931,28.6843,南昌市,省外办,细颗粒物(PM2.5),128,105,85,97,78,45,,29,29,31,32,8,7,0.8,0.8
2024-12-12T1500,1291A,115.8886,28.7003,南昌市,省林业公司,细颗粒物(PM2.5),119,105,87,90,71,55,,39,39,26,28,10,9,0.7,0.7
2024-12-12T1500,1292A,115.8126,28.7442,南昌市,林科所,细颗粒物(PM2.5),107,110,81,80,67,44,,41,40,79,29,10,7,0.6,0.7
2024-12-12T1500,1294A,115.8518,28.687,南昌市,建工学校,细颗粒物(PM2.5),97,93,75,72,55,47,,36,36,42,31,10,9,0.7,0.7
2024-12-12T1500,1295A,115.8921,28.6424,南昌市,象湖,细颗粒物(PM2.5),110,88,63,83,70,52,,38,38,31,33,9,8,0.8,0.8
2024-12-12T1500,1296A,115.7423,28.7996,南昌市,武术学校,细颗粒物(PM2.5),85,103,73,63,52,38,,31,31,28,22,3,2,0.8,0.8
2024-12-12T1500,1298A,115.9314,28.6842,南昌市,省站,细颗粒物(PM2.5),118,,70,89,70,50,,,,40,36,11,10,,0.7
2024-12-12T1500,3046A,115.9084,28.6062,南昌市,机电学校,细颗粒物(PM2.5),107,110,91,80,73,45,,33,33,34,29,10,9,0.9,0.9
2024-12-12T1500,3690A,115.9721,28.7031,南昌市,外国语学校,细颗粒物(PM2.5),99,114,88,74,58,44,,36,36,35,29,8,7,0.7,0.7
2024-12-12T1500,1905A,106.056,30.8064,南充市,西山风景区,,39,27,41,27,37,25,,28,20,9,15,3,2,0.6,0.5
2024-12-12T1500,1906A,106.0789,30.8023,南充市,南充市委,细颗粒物(PM2.5),58,44,59,41,48,20,,19,18,20,32,3,4,0.5,0.5
2024-12-12T1500,1907A,106.1031,30.8217,南充市,南充炼油厂,,50,39,59,35,49,19,,24,17,20,26,3,4,0.6,0.6
2024-12-12T1500,1908A,106.1064,30.7856,南充市,高坪区监测站,,47,47,62,32,45,21,,22,18,20,26,2,3,0.5,0.5
2024-12-12T1500,1909A,106.0642,30.7636,南充市,嘉陵区环保局,,49,44,61,34,44,19,,21,16,24,36,4,4,0.6,0.7
2024-12-12T1500,1910A,106.1087,30.8388,南充市,市环境监测站,细颗粒物(PM2.5),59,66,61,42,47,22,,24,20,16,20,4,5,0.4,0.4
2024-12-12T1500,1151A,118.8086,32.1065,南京市,迈皋桥,颗粒物(PM10),51,51,67,31,46,41,,29,29,32,32,4,5,0.5,0.6
2024-12-12T1500,1152A,118.7538,32.0551,南京市,草场门,颗粒物(PM10),51,51,60,31,42,30,,28,28,51,51,5,7,0.7,0.9
2024-12-12T1500,1153A,118.7794,32.0745,南京市,山西路,细颗粒物(PM2.5),55,56,71,39,49,53,,41,40,56,48,4,4,0.4,0.6
2024-12-12T1500,1154A,118.7752,32.0023,南京市,中华门,,49,46,63,34,43,39,,30,30,36,48,4,5,0.7,1
2024-12-12T1500,1155A,118.8109,32.0309,南京市,瑞金路,颗粒物(PM10),54,58,76,36,48,36,,28,28,30,44,5,7,0.8,0.9
2024-12-12T1500,1156A,118.7997,32.0754,南京市,玄武湖,颗粒物(PM10),58,65,74,32,48,27,,22,22,29,26,9,9,0.3,0.5
2024-12-12T1500,1157A,118.6414,32.0931,南京市,浦口,颗粒物(PM10),57,63,69,34,44,38,,38,38,35,24,8,8,0.5,0.5
2024-12-12T1500,1158A,118.7356,31.9996,南京市,奥体中心,"颗粒物(PM10),细颗粒物(PM2.5)",62,73,68,44,42,33,,34,34,62,51,10,10,0.6,0.7
2024-12-12T1500,1159A,118.9125,32.1028,南京市,仙林大学城,颗粒物(PM10),51,51,65,31,46,41,,24,24,32,48,7,7,0.6,0.7
2024-12-12T1500,3422A,118.8436,31.9198,南京市,江宁彩虹桥,颗粒物(PM10),62,73,78,31,44,37,,24,24,38,50,8,8,0.7,0.8
2024-12-12T1500,3423A,119.0138,31.6494,南京市,溧水永阳,,,34,59,,54,60,,35,35,23,43,4,4,0.4,0.7
2024-12-12T1500,3424A,118.879,31.3302,南京市,高淳老职中,细颗粒物(PM2.5),69,52,63,50,57,71,,34,34,23,38,3,4,0.4,0.6
2024-12-12T1500,3427A,118.8554,32.3578,南京市,六合雄州,,34,34,62,16,36,47,,29,29,14,32,6,7,0.3,0.4
2024-12-12T1500,1401A,108.3103,22.7881,南宁市,二十一中,,43,36,24,30,11,47,,39,39,22,22,4,5,0.9,0.9
2024-12-12T1500,1402A,108.3141,22.8528,南宁市,北湖,,42,36,23,29,13,46,,43,40,20,21,6,9,0.7,0.7
2024-12-12T1500,1403A,108.3206,22.8225,南宁市,市监测站,,33,33,26,20,15,43,,36,36,19,20,7,9,0.7,0.7
2024-12-12T1500,1404A,108.3829,22.8037,南宁市,大自然花园,,33,25,19,23,13,50,,43,43,14,17,5,6,0.8,0.6
2024-12-12T1500,1405A,108.4394,22.7904,南宁市,仙葫,,36,35,15,25,11,43,,40,40,14,13,4,5,0.8,0.8
2024-12-12T1500,1406A,108.2397,22.8467,南宁市,区农职院,,37,37,26,20,12,51,,42,40,13,15,11,8,0.7,0.8
2024-12-12T1500,1407A,108.3275,22.735,南宁市,英华嘉园,,,38,19,26,10,47,,37,37,,20,6,7,0.8,0.8
2024-12-12T1500,1408A,108.2257,22.7757,南宁市,沙井镇街道办,颗粒物(PM10),51,51,31,28,14,44,,41,35,25,24,11,9,0.7,0.7
2024-12-12T1500,3401A,108.4834,22.7618,南宁市,红星社区,,36,,20,25,14,50,,45,45,12,11,7,9,0.8,0.8
2024-12-12T1500,2331A,118.0966,26.6761,南平市,茫荡山,,,,,,,,,,,,,,,,
2024-12-12T1500,2332A,118.1681,26.6369,南平市,南平市监测站,,12,12,11,8,15,20,,17,17,15,18,3,3,0.6,0.5
2024-12-12T1500,2333A,118.1825,26.6489,南平市,南平铝业有限公司,,,18,13,14,11,20,,17,17,,19,,3,0.6,0.7
2024-12-12T1500,2334A,118.1756,26.6272,南平市,南平七中,,17,17,13,11,8,19,,15,15,16,17,6,4,0.8,0.7
2024-12-12T1500,1168A,120.9098,31.9663,南通市,狼山街道,,25,24,58,9,42,78,,50,50,9,24,6,7,0.4,0.6
2024-12-12T1500,1169A,120.86,32.0005,南通市,虹桥,,23,19,58,11,47,71,,39,39,16,32,5,6,0.4,0.7
2024-12-12T1500,1170A,120.87,32.02,南通市,城中,,,29,67,10,45,75,,43,43,18,29,,8,0.5,0.9
2024-12-12T1500,1171A,120.94,31.93,南通市,星湖花园,,24,22,56,8,39,75,,46,46,12,30,5,6,0.3,0.5
2024-12-12T1500,1172A,120.81,32.0417,南通市,紫琅学院,,,,71,,51,70,,31,31,16,36,3,5,,0.8
2024-12-12T1500,3291A,121.067,32.062,南通市,通州监测站,,27,22,71,3,51,84,,47,47,8,28,3,3,0.3,0.6
2024-12-12T1500,3432A,120.9348,31.9883,南通市,环境教育馆,,26,19,56,8,40,81,,46,46,4,24,4,5,0.4,0.7
2024-12-12T1500,2404A,112.5224,33.0122,南阳市,瓦房庄,细颗粒物(PM2.5),122,106,111,92,98,43,,30,30,45,39,8,9,1.0,1
2024-12-12T1500,2405A,112.5003,32.9735,南阳市,汉画馆,细颗粒物(PM2.5),109,114,116,82,92,40,,27,27,47,41,8,7,0.7,0.8
2024-12-12T1500,2406A,112.5573,33.027,南阳市,气象站,细颗粒物(PM2.5),104,99,112,78,92,47,,33,33,42,39,7,7,0.8,0.8
2024-12-12T1500,2407A,112.5481,32.9689,南阳市,理工学院,细颗粒物(PM2.5),113,101,103,85,93,36,,32,32,51,42,8,8,0.6,0.6
2024-12-12T1500,4008A,112.5234,32.9922,南阳市,卧龙区政府,细颗粒物(PM2.5),115,114,115,87,92,40,,31,31,44,40,7,7,0.7,0.8
2024-12-12T1500,1234A,121.8358,29.911,宁波市,区环保大楼,细颗粒物(PM2.5),94,103,79,70,76,5,,16,10,68,53,10,10,1.0,1
2024-12-12T1500,1235A,121.56,29.82,宁波市,万里学院,细颗粒物(PM2.5),118,121,78,89,62,14,,22,21,54,40,6,6,0.9,0.9
2024-12-12T1500,1236A,121.713,29.9572,宁波市,龙赛医院,细颗粒物(PM2.5),83,84,76,61,63,8,,14,11,73,59,11,12,1.0,0.9
2024-12-12T1500,1239A,121.633,29.7733,宁波市,钱湖水厂,细颗粒物(PM2.5),104,110,73,78,53,8,,21,18,58,38,6,6,1.1,0.9
2024-12-12T1500,1240A,121.5856,29.8635,宁波市,太古小学,细颗粒物(PM2.5),99,125,84,74,48,13,,22,21,57,42,8,8,1.1,0.9
2024-12-12T1500,1241A,121.524,29.8674,宁波市,市环境监测中心,颗粒物(PM10),80,110,69,52,35,11,,21,20,56,39,8,8,1.0,1
2024-12-12T1500,2871A,121.6147,29.9017,宁波市,万里国际学校,颗粒物(PM10),77,103,71,44,33,6,,16,13,62,46,7,7,0.9,0.9
2024-12-12T1500,3710A,121.5594,29.8975,宁波市,白沙活动中心,颗粒物(PM10),76,101,66,44,36,13,,23,21,53,38,9,9,0.9,0.7
2024-12-12T1500,2339A,119.5001,26.6946,宁德市,金涵水库,,,,,,,,,,,,,,,,
2024-12-12T1500,2341A,119.5388,26.6612,宁德市,宁德市监测站,,24,24,10,15,10,37,,28,28,29,23,8,3,0.6,0.4
2024-12-12T1500,3209A,119.5231,26.6562,宁德市,宁德一中,,25,25,14,16,9,45,,38,38,21,17,7,3,0.6,0.4
2024-12-12T1500,2618A,98.8601,25.8567,怒江傈僳族自治州,州监测站,,,41,46,22,28,91,,55,55,7,15,,5,0.5,0.5
2024-12-12T1500,2619A,98.8546,25.8417,怒江傈僳族自治州,泸水一中,,46,46,42,31,33,81,,37,37,9,21,7,7,0.5,0.6
2024-12-12T1500,1888A,101.6891,26.571,攀枝花市,弄弄坪,细颗粒物(PM2.5),53,43,73,37,45,97,,38,38,19,39,26,29,0.9,1.5
2024-12-12T1500,1889A,101.5769,26.5928,攀枝花市,河门口,颗粒物(PM10),52,53,60,29,35,98,,54,54,27,32,37,18,2.6,1.7
2024-12-12T1500,1890A,101.7169,26.585,攀枝花市,炳草岗,,35,33,71,24,39,106,,41,41,14,44,34,25,0.9,1
2024-12-12T1500,1891A,101.7369,26.5008,攀枝花市,仁和,,38,38,54,26,36,106,,48,48,12,28,22,19,0.4,1.2
2024-12-12T1500,2835A,101.7227,26.567,攀枝花市,四十中小,颗粒物(PM10),52,54,52,33,31,101,,43,43,17,28,24,30,0.9,1
2024-12-12T1500,1604A,122.0303,41.1489,盘锦市,开发区,,49,49,67,19,50,57,,33,33,24,43,14,22,0.5,0.9
2024-12-12T1500,1605A,122.0485,41.0883,盘锦市,兴隆台,,,53,62,16,44,59,,32,32,,50,16,18,0.8,1.3
2024-12-12T1500,1606A,121.8297,41.1028,盘锦市,新生街道,,42,42,36,16,22,65,,43,43,14,40,11,13,0.5,0.7
2024-12-12T1500,1832A,113.3257,33.742,平顶山市,新华旅馆,细颗粒物(PM2.5),125,133,146,95,90,68,,34,34,26,51,10,9,0.7,0.8
2024-12-12T1500,1833A,113.2919,33.737,平顶山市,规划设计院,细颗粒物(PM2.5),130,145,155,99,102,75,,31,31,,45,9,8,0.7,0.9
2024-12-12T1500,1834A,113.182,33.774,平顶山市,平顶山工学院,细颗粒物(PM2.5),144,163,161,110,95,59,,24,24,24,43,9,9,1.1,1.1
2024-12-12T1500,3204A,113.3025,33.73,平顶山市,规划局,细颗粒物(PM2.5),129,127,154,98,106,65,,31,31,23,46,10,9,0.8,0.9
2024-12-12T1500,3594A,112.8867,33.9116,平顶山市,石龙区,细颗粒物(PM2.5),117,118,126,88,82,59,,29,29,24,46,12,14,0.7,0.9
2024-12-12T1500,2656A,106.6692,35.5461,平凉市,聚贤嘉苑,,38,38,68,23,46,95,,89,89,13,27,12,11,0.3,0.6
2024-12-12T1500,2657A,106.7021,35.5307,平凉市,博物馆,,47,47,68,24,51,95,,88,88,15,22,9,11,0.3,0.6
2024-12-12T1500,2347A,114.0997,27.5002,萍乡市,武功山,细颗粒物(PM2.5),82,,38,60,34,38,,36,36,16,16,13,11,0.4,0.4
2024-12-12T1500,2348A,113.8385,27.6434,萍乡市,中医院,细颗粒物(PM2.5),88,91,85,65,61,45,,34,34,25,26,7,9,0.8,0.9
2024-12-12T1500,2349A,113.8493,27.6253,萍乡市,市政府车库,细颗粒物(PM2.5),98,,72,73,68,51,,39,39,13,19,10,10,0.7,0.8
2024-12-12T1500,2350A,113.8676,27.6435,萍乡市,市环保局,细颗粒物(PM2.5),88,81,78,65,59,48,,39,39,17,19,9,10,0.8,0.8
2024-12-12T1500,2351A,113.866,27.6198,萍乡市,安源区政府,,,88,73,67,61,48,,36,36,,21,,11,0.7,0.9
2024-12-12T1500,2319A,119.0141,25.4325,莆田市,荔城区仓后路,,20,17,14,6,5,63,,49,49,11,13,1,2,0.6,0.6
2024-12-12T1500,2320A,119.0015,25.4553,莆田市,莆田市监测站,,20,10,13,3,5,63,,48,48,7,12,2,3,0.5,0.5
2024-12-12T1500,2321A,119.1119,25.4561,莆田市,涵江区六中,,22,20,15,7,4,68,,56,56,9,12,1,2,0.5,0.4
2024-12-12T1500,2322A,119.1013,25.3215,莆田市,秀屿区政府,,22,17,17,6,5,68,,59,59,12,11,3,2,0.4,0.5
2024-12-12T1500,2323A,118.981,25.4792,莆田市,东圳水库,,,,,,,,,,,,,,,,
2024-12-12T1500,2392A,115.0312,35.7636,濮阳市,环保局,细颗粒物(PM2.5),79,62,59,58,48,66,,39,39,14,34,3,6,0.6,0.7
2024-12-12T1500,2394A,115.0574,35.7609,濮阳市,油田运输公司,细颗粒物(PM2.5),79,82,72,58,51,61,,29,29,20,38,4,6,0.5,0.6
2024-12-12T1500,2395A,115.0866,35.7754,濮阳市,油田物探公司,细颗粒物(PM2.5),83,79,80,61,60,60,,30,30,18,37,6,7,0.5,0.6
2024-12-12T1500,3021A,115,35.7668,濮阳市,濮水河管理处,细颗粒物(PM2.5),78,79,89,57,60,59,,29,29,15,40,6,4,0.4,0.5
2024-12-12T1500,2601A,100.98,22.7633,普洱市,市环保局,,41,41,42,19,21,74,,42,42,5,13,4,4,0.4,0.5
2024-12-12T1500,2602A,100.9817,22.8322,普洱市,普洱第二中学,,,25,40,8,22,78,,46,46,,20,7,7,,0.6
2024-12-12T1500,2262A,131.0518,45.8751,七台河市,新一中,,25,22,22,8,18,78,,66,66,11,15,14,12,1.4,1.4
2024-12-12T1500,3345A,131.0577,45.7879,七台河市,中波台,,,,34,,26,,,51,51,14,28,11,13,0.6,0.8
2024-12-12T1500,3637A,131.0176,45.7761,七台河市,人民广场,颗粒物(PM10),51,51,53,6,26,60,,46,46,19,33,9,9,0.5,0.6
2024-12-12T1500,3684A,130.8781,45.8222,七台河市,新建矿广场,,26,24,30,18,30,43,,38,38,37,30,12,11,0.5,0.5
2024-12-12T1500,1779A,123.9305,47.3636,齐齐哈尔市,安居小区,,36,36,35,20,22,58,,56,56,17,17,6,8,0.4,0.5
2024-12-12T1500,1780A,123.9488,47.3386,齐齐哈尔市,中心广场,,,,24,,16,53,,52,50,17,18,8,6,0.3,0.9
2024-12-12T1500,1781A,123.9483,47.3227,齐齐哈尔市,农牧车辆厂,,32,22,29,22,17,58,,49,46,16,21,8,8,0.4,0.6
2024-12-12T1500,1783A,123.945,47.2988,齐齐哈尔市,市环境监测站,,39,39,38,21,22,60,,45,45,16,26,6,6,0.4,0.5
2024-12-12T1500,3662A,123.6333,47.2075,齐齐哈尔市,富区青少年活动中心,,45,45,34,12,17,51,,47,47,20,19,11,11,0.6,0.7
2024-12-12T1500,2591A,107.9783,26.5747,黔东南苗族侗族自治州,市环境监测站,细颗粒物(PM2.5),60,53,38,43,31,66,,60,59,17,15,3,3,0.5,0.5
2024-12-12T1500,2881A,107.8908,26.5311,黔东南苗族侗族自治州,凯里学院,,48,41,30,33,20,69,,62,62,14,10,3,4,0.6,0.6
2024-12-12T1500,2593A,107.5228,26.2403,黔南布依族苗族自治州,小围寨,,45,31,20,31,17,58,,58,57,9,7,4,4,0.5,0.5
2024-12-12T1500,3538A,107.5175,26.2978,黔南布依族苗族自治州,沙坝,细颗粒物(PM2.5),52,44,28,36,22,62,,58,58,11,9,4,5,0.4,0.5
2024-12-12T1500,2589A,104.9022,25.0925,黔西南布依族苗族自治州,场坝街,,18,18,29,12,20,35,,39,34,6,8,2,3,0.5,0.4
2024-12-12T1500,2590A,104.8811,25.0992,黔西南布依族苗族自治州,坪东大道,,29,29,25,18,25,29,,37,29,7,8,3,4,0.5,0.5
2024-12-12T1500,2502A,108.6236,21.9667,钦州市,市环保站,颗粒物(PM10),53,56,34,29,15,48,,40,40,17,18,7,7,1.3,1.1
2024-12-12T1500,2503A,108.6549,21.9481,钦州市,沙埠小学,颗粒物(PM10),51,52,33,20,5,51,,40,40,19,21,6,6,0.6,0.7
2024-12-12T1500,2504A,108.5989,21.7431,钦州市,港区一小,颗粒物(PM10),59,67,47,21,14,47,,36,36,25,25,8,8,0.8,0.9
2024-12-12T1500,3404A,108.5959,21.9633,钦州市,北职校,,46,44,25,32,16,50,,41,41,14,13,10,8,0.8,0.9
2024-12-12T1500,1042A,119.5134,39.8207,秦皇岛市,北戴河环保局,颗粒物(PM10),58,65,44,39,25,32,,24,24,39,39,6,5,1.5,0.9
2024-12-12T1500,1043A,119.7493,40.0116,秦皇岛市,第一关,细颗粒物(PM2.5),75,83,56,55,38,26,,13,13,42,54,16,10,1.2,0.7
2024-12-12T1500,1044A,119.5897,39.9499,秦皇岛市,监测站,"颗粒物(PM10),细颗粒物(PM2.5)",69,87,62,50,35,24,,16,16,46,47,20,10,1.6,0.9
2024-12-12T1500,1046A,119.5251,39.9041,秦皇岛市,建设大厦,细颗粒物(PM2.5),74,85,64,54,33,20,,16,16,49,43,18,9,1.6,0.9
2024-12-12T1500,3132A,119.610547,39.943889,秦皇岛市,文明里,颗粒物(PM10),79,108,66,56,37,24,,18,18,48,48,19,9,1.4,0.7
2024-12-12T1500,1307A,120.6659,36.2403,青岛市,仰口,,32,23,21,22,19,62,,65,63,2,3,9,9,0.6,0.5
2024-12-12T1500,1310A,120.4134,36.0658,青岛市,市南区东部子站,颗粒物(PM10),56,61,40,34,18,33,,48,27,47,30,12,10,0.7,0.6
2024-12-12T1500,1311A,120.3664,36.1032,青岛市,四方区子站,颗粒物(PM10),58,66,40,39,25,30,,30,26,53,39,14,12,0.7,0.7
2024-12-12T1500,1312A,120.2994,36.054,青岛市,市南区西部子站,,39,39,32,22,16,42,,42,37,34,27,13,12,0.7,0.7
2024-12-12T1500,1313A,120.4581,36.0858,青岛市,崂山区子站,颗粒物(PM10),54,58,28,34,15,35,,59,34,44,24,12,10,0.7,0.6
2024-12-12T1500,1314A,120.1983,35.9608,青岛市,黄岛区子站,,32,31,38,22,21,33,,22,22,45,52,11,11,0.5,0.6
2024-12-12T1500,1315A,120.3999,36.3083,青岛市,城阳区子站,,48,48,56,24,29,47,,26,26,22,32,13,12,0.8,0.9
2024-12-12T1500,1966A,120.0405,35.8735,青岛市,黄岛区4号,,31,31,37,17,18,54,,39,39,27,36,10,9,0.5,0.6
2024-12-12T1500,3362A,120.5014,36.4034,青岛市,即墨2号,,50,50,49,33,30,38,,25,25,31,34,10,12,0.6,0.8
2024-12-12T1500,3642A,120.3503,36.0736,青岛市,市北区南部,颗粒物(PM10),60,69,43,29,19,24,,31,22,56,38,15,12,0.8,0.7
2024-12-12T1500,3643A,120.3948,36.1805,青岛市,李沧区北部,颗粒物(PM10),59,68,54,36,33,36,,26,19,46,38,17,14,0.8,0.8
2024-12-12T1500,1702A,113.0426,23.691,清远市,环保大楼,,22,19,19,15,14,69,,38,38,10,13,5,4,0.6,1
2024-12-12T1500,1703A,113.0208,23.7106,清远市,凤城街办,,29,23,21,20,14,66,,37,37,11,15,5,5,0.8,0.9
2024-12-12T1500,3025A,113.0477,23.6344,清远市,技师学院,,23,21,20,14,16,72,,41,41,14,16,7,7,0.9,0.9
2024-12-12T1500,3318A,112.9903,23.7403,清远市,清新太和,,19,16,18,11,12,59,,36,36,9,12,6,6,0.7,0.8
2024-12-12T1500,3455A,113.076,23.7198,清远市,清城东城,,24,16,18,12,12,74,,40,40,8,12,7,6,1.0,1.1
2024-12-12T1500,2661A,107.6325,35.7357,庆阳市,庆阳五中,,36,36,64,19,57,80,,69,69,10,18,4,5,0.5,0.8
2024-12-12T1500,2662A,107.6364,35.7067,庆阳市,市环保局,,41,41,66,14,48,82,,73,73,10,20,3,5,0.7,0.9
2024-12-12T1500,1916A,103.7897,25.5035,曲靖市,环境监测站,,33,22,35,10,20,103,,64,64,9,18,6,10,0.5,0.7
2024-12-12T1500,1917A,103.8,25.5364,曲靖市,烟厂办公区,,32,30,34,22,22,99,,65,65,7,15,5,4,0.3,0.5
2024-12-12T1500,3376A,103.7947,25.462,曲靖市,南苑二区,,33,23,38,15,24,104,,69,69,5,12,3,9,0.5,0.8
2024-12-12T1500,3377A,103.7444,25.5261,曲靖市,曲靖师范学院,,38,,31,17,25,119,,88,88,8,16,10,10,0.5,0.7
2024-12-12T1500,1264A,118.8692,28.9398,衢州市,环保大楼,细颗粒物(PM2.5),97,85,40,72,33,63,,54,54,33,27,4,4,0.6,0.5
2024-12-12T1500,1265A,118.8709,28.9666,衢州市,实验学校,细颗粒物(PM2.5),98,81,36,73,32,58,,52,52,26,17,4,4,0.4,0.4
2024-12-12T1500,1266A,118.8621,28.9808,衢州市,衢州学院,细颗粒物(PM2.5),98,89,40,73,33,74,,66,66,30,22,6,4,0.7,0.6
2024-12-12T1500,1611A,118.5819,24.9117,泉州市,涂山街,,,23,19,14,11,80,,58,58,11,15,,8,0.6,0.6
2024-12-12T1500,1612A,118.5972,24.8978,泉州市,津头埔,,25,21,20,17,10,77,,56,56,15,17,3,5,0.6,0.6
2024-12-12T1500,1613A,118.6663,24.9424,泉州市,万安,,31,31,21,13,10,76,,59,59,15,14,2,4,0.5,0.5
2024-12-12T1500,1614A,118.6117,24.9604,泉州市,清源山,,,,,,,,,,,,,,,,
2024-12-12T1500,3529A,118.6333,24.9264,泉州市,城华南路,,28,28,20,17,11,78,,58,58,12,16,2,6,0.5,0.6
2024-12-12T1500,2626A,88.8876,29.2718,日喀则市,日喀则监测站,,29,18,26,6,13,91,,51,51,4,26,5,5,0.4,0.5
2024-12-12T1500,3726A,88.8781,29.2426,日喀则市,林业技术推广中心,,26,16,22,3,5,83,,64,55,4,6,6,7,0.4,0.4
2024-12-12T1500,1659A,119.471,35.4209,日照市,监测站,,29,29,31,20,21,54,,47,47,21,25,8,8,0.4,0.5
2024-12-12T1500,1660A,119.523,35.4216,日照市,市政府广场,,29,29,30,17,19,59,,53,52,13,16,7,6,0.6,0.6
2024-12-12T1500,1661A,119.5587,35.4044,日照市,港务局,,34,34,30,21,19,58,,53,53,19,19,10,10,0.4,0.5
2024-12-12T1500,3507A,119.5328,35.4625,日照市,职业技术学院,,27,27,30,14,17,63,,49,49,17,22,7,6,0.4,0.4
2024-12-12T1500,3604A,119.3266,35.1044,日照市,岚山环保分局,,,,56,,28,40,,34,34,37,37,26,30,,3.5
2024-12-12T1500,1835A,111.1922,34.7752,三门峡市,市政府,细颗粒物(PM2.5),179,,112,135,112,24,,24,24,44,37,12,10,1.2,1
2024-12-12T1500,1836A,111.1587,34.7942,三门峡市,开发区,细颗粒物(PM2.5),186,171,150,140,119,31,,25,25,31,32,8,9,1.1,1
2024-12-12T1500,1838A,111.143,34.7955,三门峡市,风景区,细颗粒物(PM2.5),170,157,137,129,116,31,,24,24,37,38,15,15,1.1,1
2024-12-12T1500,3039A,111.1911,34.7829,三门峡市,三门峡市第一小学,细颗粒物(PM2.5),188,157,116,141,111,24,,22,22,43,35,12,13,1.0,1
2024-12-12T1500,3598A,111.1,34.7167,三门峡市,富达温泉假日酒店,细颗粒物(PM2.5),183,178,151,138,115,32,,18,18,48,50,13,12,1.1,1
2024-12-12T1500,2324A,117.6211,26.2625,三明市,三钢,,50,,16,35,16,15,,16,13,17,18,5,4,0.8,1.1
2024-12-12T1500,2325A,117.635,26.2714,三明市,三明二中,,,,16,,13,,,17,12,20,20,4,2,0.8,0.8
2024-12-12T1500,2326A,117.6028,26.2378,三明市,三元区政府,,26,25,16,18,10,10,,17,12,21,18,4,3,0.8,0.8
2024-12-12T1500,2327A,117.7275,26.3108,三明市,洋溪,,,,,,,,,,,,,,,,
2024-12-12T1500,1876A,109.5078,18.2489,三亚市,河东子站,,,20,18,13,9,88,,79,79,,4,,3,0.6,0.3
2024-12-12T1500,1877A,109.4964,18.2681,三亚市,河西子站,,28,18,16,11,8,89,,76,76,9,6,4,3,0.6,0.4
2024-12-12T1500,3540A,109.7348,18.3443,三亚市,君悦子站,,29,29,33,16,10,84,,80,80,9,6,2,2,0.7,0.5
2024-12-12T1500,2624A,91.7608,29.2313,山南市,山南监测站,,32,32,41,11,16,78,,40,40,10,21,5,5,0.3,0.5
2024-12-12T1500,2625A,91.7706,29.2436,山南市,山南人民医院,,,21,37,3,15,80,,45,45,10,22,3,3,,0.6
2024-12-12T1500,1674A,116.6794,23.3667,汕头市,金平子站,,35,30,32,24,24,83,,49,49,18,21,5,7,0.8,0.9
2024-12-12T1500,1675A,116.7244,23.3633,汕头市,龙湖子站,,30,30,29,18,21,90,,48,48,12,15,3,7,0.7,0.8
2024-12-12T1500,1676A,116.7258,23.2775,汕头市,濠江子站,,31,28,25,15,24,99,,53,53,11,16,4,4,0.7,0.7
2024-12-12T1500,1677A,116.7519,23.4714,汕头市,澄海子站,,,33,29,23,23,53,,38,38,22,18,,10,0.9,0.9
2024-12-12T1500,1678A,116.6092,23.2539,汕头市,潮阳子站,,48,48,34,32,21,75,,44,44,18,17,7,7,0.8,0.7
2024-12-12T1500,3444A,116.454,23.2684,汕头市,潮南峡山,,41,41,41,25,26,97,,51,51,21,22,10,9,0.8,0.7
2024-12-12T1500,3624A,116.4069,23.2533,汕头市,潮南子站,颗粒物(PM10),51,52,48,29,31,81,,43,43,26,21,10,8,1.0,0.9
2024-12-12T1500,1693A,115.3653,22.775,汕尾市,市环保局,,29,20,28,10,22,91,,56,56,9,14,8,8,0.7,0.8
2024-12-12T1500,1694A,115.3706,22.7898,汕尾市,市政府,,28,22,25,15,21,89,,57,57,11,15,8,9,0.8,0.8
2024-12-12T1500,1695A,115.3622,22.7925,汕尾市,新城中学,,27,27,29,12,21,86,,56,56,9,14,8,8,0.7,0.7
2024-12-12T1500,2645A,109.9154,33.8715,商洛市,监测站,细颗粒物(PM2.5),110,109,155,83,66,52,,44,44,23,41,4,9,0.6,0.7
2024-12-12T1500,3045A,109.9643,33.8471,商洛市,商州区中学,细颗粒物(PM2.5),104,,76,78,65,50,,32,32,26,48,3,11,0.9,0.9
2024-12-12T1500,2408A,115.6702,34.4285,商丘市,环境监测站,细颗粒物(PM2.5),98,91,91,73,76,63,,39,39,33,47,9,10,0.8,0.9
2024-12-12T1500,2409A,115.6458,34.4045,商丘市,粮食局,,,,85,,70,,,30,30,23,48,5,8,0.5,0.6
2024-12-12T1500,2410A,115.6293,34.3948,商丘市,睢阳区环保局,细颗粒物(PM2.5),89,98,96,66,75,68,,37,37,24,42,11,12,0.6,0.7
2024-12-12T1500,3171A,115.6071,34.4465,商丘市,梁园区档案局,细颗粒物(PM2.5),87,84,82,64,66,76,,,,28,31,3,4,0.2,0.8
2024-12-12T1500,1141A,121.4,31.238,上海市,普陀,,20,16,70,9,48,64,,41,41,21,55,5,7,0.6,1.1
2024-12-12T1500,1142A,121.478,31.2036,上海市,十五厂,,20,17,62,11,54,62,,44,44,23,52,9,11,0.4,0.8
2024-12-12T1500,1143A,121.467,31.3008,上海市,虹口,,19,14,63,11,57,60,,40,40,23,54,7,8,0.6,1.1
2024-12-12T1500,1144A,121.412,31.1654,上海市,徐汇上师大,,21,16,67,14,60,65,,47,47,22,51,7,9,0.5,1
2024-12-12T1500,1145A,121.536,31.2659,上海市,杨浦四漂,,,13,61,10,53,,,37,37,25,54,7,8,0.9,1.3
2024-12-12T1500,1147A,121.425,31.2261,上海市,静安监测站,,20,16,73,12,57,63,,41,41,22,57,8,9,0.6,1.2
2024-12-12T1500,1148A,121.703,31.1907,上海市,浦东川沙,,24,14,62,8,44,74,,52,52,16,50,6,8,0.7,1.1
2024-12-12T1500,1149A,121.533,31.2284,上海市,浦东新区监测站,,19,16,61,12,53,59,,40,40,26,51,8,9,0.8,1.1
2024-12-12T1500,1150A,121.577,31.2071,上海市,浦东张江,,21,,56,14,55,66,,50,50,26,53,5,6,0.6,0.9
2024-12-12T1500,3265A,121.4316,31.3322,上海市,宝山庙行,,20,15,65,9,56,63,,44,44,20,46,5,7,0.3,0.8
2024-12-12T1500,3266A,121.8791,31.4662,上海市,崇明上实东滩,,27,8,49,3,41,84,,64,64,11,19,8,9,0.5,0.7
2024-12-12T1500,3268A,121.3162,31.2838,上海市,嘉定南翔,,18,18,73,12,57,52,,35,35,27,53,10,10,0.8,1.3
2024-12-12T1500,3269A,121.3359,30.7456,上海市,金山新城,,26,20,69,18,66,50,,22,22,28,50,7,8,0.3,0.7
2024-12-12T1500,3270A,121.4996,31.0739,上海市,闵行浦江,,21,16,68,10,53,65,,44,44,21,57,6,8,0.5,1
2024-12-12T1500,3271A,121.2886,31.1663,上海市,青浦徐泾,,19,18,72,13,64,56,,37,37,28,57,8,10,0.6,1.1
2024-12-12T1500,3272A,121.2186,31.0378,上海市,松江图书馆,,22,21,77,15,62,57,,36,36,24,50,8,8,0.8,1.1
2024-12-12T1500,3273A,121.3902,31.2059,上海市,长宁仙霞,,22,16,66,14,56,68,,48,48,25,56,7,8,0.5,1.1
2024-12-12T1500,3274A,121.7965,31.0507,上海市,浦东惠南,,25,11,50,9,48,78,,58,58,14,47,6,8,0.6,1
2024-12-12T1500,3544A,121.4891,30.925,上海市,奉贤南桥新城,,20,13,67,12,62,61,,34,34,24,60,7,8,0.5,1
2024-12-12T1500,2381A,118.005,28.4572,上饶市,百草园,,20,19,27,12,13,63,,50,50,2,4,4,5,0.7,0.7
2024-12-12T1500,2382A,117.9756,28.4436,上饶市,市监测站,,43,43,23,26,11,65,,54,54,16,20,7,9,0.7,0.8
2024-12-12T1500,2383A,117.9519,28.4628,上饶市,凤凰光学,,44,44,21,27,12,65,,51,51,15,23,6,11,0.9,1.1
2024-12-12T1500,3413A,118.1953,28.4401,上饶市,广丰区教体局,细颗粒物(PM2.5),60,54,24,43,19,51,,52,52,23,22,6,7,0.9,0.8
2024-12-12T1500,3685A,117.897,28.4315,上饶市,双创科技城,,42,41,25,29,13,64,,51,51,14,21,7,6,0.7,0.8
2024-12-12T1500,1669A,113.5824,24.7733,韶关市,市八中,,19,19,22,11,13,49,,31,31,12,15,10,9,0.8,0.7
2024-12-12T1500,1671A,113.5917,24.7972,韶关市,园林处,,19,14,17,13,14,49,,31,31,13,16,12,12,0.5,0.5
2024-12-12T1500,1672A,113.6735,24.7791,韶关市,韶关学院,,19,13,14,9,10,60,,37,37,13,20,11,14,0.6,0.7
2024-12-12T1500,1673A,113.5971,24.6863,韶关市,曲江监测站,,22,22,22,15,13,41,,29,29,15,16,12,12,0.6,0.6
2024-12-12T1500,3622A,113.5556,24.8082,韶关市,碧湖山庄,,25,25,22,14,15,45,,27,27,10,13,11,10,0.7,0.7
2024-12-12T1500,2462A,111.5239,27.3033,邵阳市,市水土所,,,,,,,,,,,,,,,,
2024-12-12T1500,2463A,111.4733,27.2317,邵阳市,市一中,,,,42,,46,57,,69,62,12,13,,10,0.9,0.9
2024-12-12T1500,2464A,111.5283,27.2442,邵阳市,市化工厂,细颗粒物(PM2.5),67,57,54,48,43,58,,58,56,12,14,9,11,0.7,0.7
2024-12-12T1500,2465A,111.4503,27.2537,邵阳市,市罐头厂,细颗粒物(PM2.5),92,,48,68,49,60,,72,64,16,17,10,9,0.9,0.7
2024-12-12T1500,2466A,111.4328,27.2272,邵阳市,市环保局,细颗粒物(PM2.5),82,,42,60,40,58,,74,63,11,13,10,9,0.7,0.9
2024-12-12T1500,1247A,120.6053,29.9928,绍兴市,城东开发委,细颗粒物(PM2.5),79,81,75,58,55,21,,30,27,59,40,7,8,0.8,0.8
2024-12-12T1500,2921A,120.5483,30.0003,绍兴市,树下王站,细颗粒物(PM2.5),84,83,74,62,59,20,,32,30,62,40,7,7,0.9,0.9
2024-12-12T1500,3408A,120.5683,29.9361,绍兴市,绍兴中专,细颗粒物(PM2.5),84,86,64,62,49,21,,30,30,65,42,9,9,0.9,0.9
2024-12-12T1500,3409A,120.4906,30.0861,绍兴市,柯桥区政府,细颗粒物(PM2.5),87,91,92,64,67,21,,27,24,57,41,8,8,1.1,1.1
2024-12-12T1500,3410A,120.8752,30.0249,绍兴市,重华小学,细颗粒物(PM2.5),104,98,82,78,67,14,,21,20,56,40,9,9,1.0,1
2024-12-12T1500,3411A,120.8369,30.0137,绍兴市,上虞中学,细颗粒物(PM2.5),105,99,82,79,67,13,,19,19,54,38,7,7,1.0,1
2024-12-12T1500,3560A,120.4722,30.0415,绍兴市,柯桥妇保,,,79,64,53,50,16,,27,24,48,27,,6,0.6,0.5
2024-12-12T1500,3658A,120.6153,30.0764,绍兴市,袍江中学,细颗粒物(PM2.5),95,109,68,71,59,20,,26,24,53,36,3,4,0.8,1.2
2024-12-12T1500,1356A,114.1063,22.5545,深圳市,通心岭子站,,31,30,42,15,26,99,,53,53,20,24,6,6,0.7,0.7
2024-12-12T1500,1357A,114.117,22.5625,深圳市,洪湖,,31,31,43,14,22,97,,50,50,25,28,6,6,0.7,0.7
2024-12-12T1500,1358A,113.987,22.5417,深圳市,华侨城,,36,32,45,15,24,115,,57,57,20,22,6,6,0.7,0.7
2024-12-12T1500,1359A,113.9181,22.5171,深圳市,南海子站,颗粒物(PM10),53,56,64,19,31,134,,64,64,30,33,6,7,0.7,0.8
2024-12-12T1500,1360A,114.2458,22.5689,深圳市,盐田,,41,41,40,15,18,94,,57,57,34,20,8,7,0.7,0.7
2024-12-12T1500,1361A,114.2283,22.7244,深圳市,龙岗,,,21,37,10,19,102,,53,53,,23,8,8,0.7,0.7
2024-12-12T1500,1363A,114.494,22.5422,深圳市,南澳,,37,18,31,11,21,117,,72,72,9,17,8,8,0.7,0.7
2024-12-12T1500,1364A,114.41,22.6342,深圳市,葵涌,,31,21,30,9,18,98,,51,51,16,15,6,6,0.8,0.7
2024-12-12T1500,1365A,114.297,22.5978,深圳市,梅沙,,34,26,34,8,17,108,,63,63,16,16,8,8,0.8,0.8
2024-12-12T1500,1366A,114.0678,22.738,深圳市,观澜,,35,35,47,15,23,103,,58,58,27,31,5,6,0.6,0.7
2024-12-12T1500,3305A,114.0731,22.559,深圳市,莲花,,32,24,39,13,25,100,,55,55,20,27,7,7,0.8,0.9
2024-12-12T1500,3306A,114.0261,22.6198,深圳市,民治,,40,40,46,21,26,128,,65,65,25,26,6,6,0.9,0.9
2024-12-12T1500,3307A,114.1871,22.6451,深圳市,横岗,,32,26,40,14,23,100,,52,52,20,25,7,8,0.7,0.7
2024-12-12T1500,3447A,114.3551,22.7151,深圳市,坪山,,31,28,38,14,20,98,,54,54,20,23,6,6,0.7,0.8
2024-12-12T1500,3623A,113.8953,22.5861,深圳市,西乡,,38,38,45,11,22,121,,63,63,25,30,7,7,0.7,0.7
2024-12-12T1500,1098A,123.6836,41.9339,沈阳市,森林路,,,,,,,,,,,,,,,,
2024-12-12T1500,1099A,123.505,41.7406,沈阳市,浑南东路,细颗粒物(PM2.5),58,63,78,41,48,44,,24,24,36,46,17,17,1.0,1.3
2024-12-12T1500,1100A,123.4231,41.6989,沈阳市,新秀街,,50,50,84,31,43,44,,28,28,32,47,15,17,0.8,1.2
2024-12-12T1500,1102A,123.5903,41.8411,沈阳市,东陵路,颗粒物(PM10),71,92,70,50,45,24,,17,17,51,43,18,13,1.2,1.1
2024-12-12T1500,1103A,123.4264,41.8467,沈阳市,陵东街,颗粒物(PM10),59,67,78,41,47,26,,14,14,55,51,23,16,1.0,1.3
2024-12-12T1500,1104A,123.4114,41.7653,沈阳市,文化路,颗粒物(PM10),53,56,89,32,57,41,,23,23,32,41,14,17,1.1,1.3
2024-12-12T1500,1105A,123.4678,41.7867,沈阳市,小河沿,颗粒物(PM10),56,62,76,35,46,39,,20,20,40,44,15,14,1.1,1.3
2024-12-12T1500,1106A,123.4017,41.7972,沈阳市,太原街,细颗粒物(PM2.5),57,50,81,40,52,41,,23,23,42,50,18,31,1.2,1.4
2024-12-12T1500,1108A,123.3783,41.9228,沈阳市,京沈街,颗粒物(PM10),63,76,82,44,64,28,,22,22,55,53,24,23,0.8,1.1
2024-12-12T1500,2897A,123.2444,41.7347,沈阳市,沈辽西路,细颗粒物(PM2.5),58,63,124,41,68,48,,30,30,36,53,15,15,0.9,1.4
2024-12-12T1500,2900A,123.5953,41.9086,沈阳市,裕农路,细颗粒物(PM2.5),75,84,59,55,36,17,,17,17,67,47,22,12,1.3,1
2024-12-12T1500,2428A,111.0419,32.395,十堰市,武当山,"颗粒物(PM10),细颗粒物(PM2.5)",53,55,45,37,34,72,,85,70,20,16,11,10,0.8,0.6
2024-12-12T1500,2429A,110.78,32.6494,十堰市,滨河新村,细颗粒物(PM2.5),127,,78,96,74,58,,61,50,34,27,14,12,0.9,0.7
2024-12-12T1500,2430A,110.7258,32.6389,十堰市,刘家沟,细颗粒物(PM2.5),130,123,93,99,78,66,,60,52,28,26,11,10,1.2,1.1
2024-12-12T1500,2431A,110.8839,32.5714,十堰市,铁二处,细颗粒物(PM2.5),110,84,74,83,83,58,,48,40,41,37,14,14,1.0,0.9
2024-12-12T1500,3545A,110.8054,32.8401,十堰市,郧阳区金沙路,细颗粒物(PM2.5),112,,61,84,71,63,,52,46,32,35,22,14,0.8,0.8
2024-12-12T1500,2709A,86.0497,44.2967,石河子市,艾青诗歌馆,细颗粒物(PM2.5),64,52,82,46,66,50,,29,29,15,45,10,12,0.6,0.9
2024-12-12T1500,3442A,86.047,44.2331,石河子市,南区管委会,细颗粒物(PM2.5),74,68,38,54,33,54,,36,36,12,22,6,6,0.7,0.6
2024-12-12T1500,4051A,86.0791,44.3017,石河子市,世纪广场,颗粒物(PM10),54,58,73,24,39,55,,32,32,9,40,7,11,0.7,0.9
2024-12-12T1500,1029A,114.4422,38.0444,石家庄市,职工医院,细颗粒物(PM2.5),65,71,73,47,43,20,,11,11,33,43,6,10,0.4,0.4
2024-12-12T1500,1030A,114.6063,38.0266,石家庄市,高新区,细颗粒物(PM2.5),94,102,75,70,51,18,,10,10,46,50,3,2,0.5,0.8
2024-12-12T1500,1031A,114.4898,38.1328,石家庄市,西北水源,细颗粒物(PM2.5),83,80,79,61,42,9,,5,5,56,57,8,6,0.4,0.5
2024-12-12T1500,1032A,114.4586,38.0058,石家庄市,西南高教,细颗粒物(PM2.5),83,102,80,61,42,22,,13,13,33,46,4,4,0.5,0.5
2024-12-12T1500,1033A,114.5331,38.0178,石家庄市,世纪公园,细颗粒物(PM2.5),87,96,72,64,50,9,,7,7,53,49,7,5,0.9,0.8
2024-12-12T1500,1034A,114.509,38.0457,石家庄市,人民会堂,细颗粒物(PM2.5),78,91,76,57,43,20,,10,10,45,48,6,5,0.8,0.8
2024-12-12T1500,1035A,114.3524,37.8911,石家庄市,封龙山,细颗粒物(PM2.5),79,80,76,58,54,39,,41,36,33,26,12,8,0.9,0.7
2024-12-12T1500,2862A,114.5481,38.0378,石家庄市,22中南校区,细颗粒物(PM2.5),88,103,74,65,52,11,,7,7,56,52,6,5,0.9,0.8
2024-12-12T1500,3456A,114.289,38.0906,石家庄市,鹿泉一中,细颗粒物(PM2.5),79,95,70,58,42,14,,10,10,49,39,6,4,0.9,0.8
2024-12-12T1500,3573A,114.8506765,38.0322033,石家庄市,藁城区实验学校,细颗粒物(PM2.5),92,106,84,68,52,8,,8,8,54,46,8,5,0.7,0.3
2024-12-12T1500,3574A,114.0504658,38.0591645,石家庄市,井陉矿区区委大楼,细颗粒物(PM2.5),127,147,98,96,55,10,,6,6,52,55,26,15,1.3,0.9
2024-12-12T1500,4024A,114.6549,37.9020,石家庄市,栾城区星河路,细颗粒物(PM2.5),122,117,85,92,60,25,,14,14,48,49,9,6,1.0,0.8
2024-12-12T1500,1947A,106.3394,38.817,石嘴山市,沙湖旅游区,,,,,,,,,,,,,,,,
2024-12-12T1500,1948A,106.3668,39.0145,石嘴山市,大武口朝阳西街,,,64,113,28,92,70,,69,69,,26,8,14,0.7,1.1
2024-12-12T1500,1949A,106.7704,39.2282,石嘴山市,惠农南大街,,26,26,81,18,53,70,,64,64,11,30,10,16,0.3,0.9
2024-12-12T1500,1950A,106.7099,39.1325,石嘴山市,红果子镇惠新街,,,,98,,83,,,70,69,9,29,5,17,0.3,1.1
2024-12-12T1500,3520A,106.3495,38.9836,石嘴山市,妇女儿童医院,细颗粒物(PM2.5),60,57,131,43,100,64,,41,41,16,36,6,13,0.5,1.1
2024-12-12T1500,3521A,106.7492,39.2069,石嘴山市,石大公路,,36,36,82,15,61,82,,76,76,8,28,5,9,0.4,0.7
2024-12-12T1500,2248A,131.1511,46.6937,双鸭山市,双合村,,21,,39,11,15,66,,56,56,6,12,5,10,0.3,0.5
2024-12-12T1500,2249A,131.1652,46.6191,双鸭山市,南小市,,23,22,32,16,26,54,,49,49,16,19,15,10,0.4,0.4
2024-12-12T1500,2250A,131.1524,46.6554,双鸭山市,环保局,,29,25,33,20,27,61,,52,52,10,16,8,10,0.1,0.3
2024-12-12T1500,2251A,131.12,46.5656,双鸭山市,苗圃,,19,17,29,10,26,59,,52,52,10,12,5,4,0.6,0.4
2024-12-12T1500,2166A,112.4397,39.3522,朔州市,平朔,颗粒物(PM10),57,63,116,25,55,58,,24,24,18,43,8,25,0.5,1.1
2024-12-12T1500,2167A,112.4575,39.3617,朔州市,朔唯,颗粒物(PM10),62,74,129,33,54,52,,24,24,25,51,13,39,0.9,1.4
2024-12-12T1500,2168A,112.4258,39.3197,朔州市,区政府,颗粒物(PM10),53,55,116,22,59,64,,28,28,16,44,11,35,0.8,1.3
2024-12-12T1500,2169A,112.4072,39.3278,朔州市,市环保局,,49,48,124,34,58,63,,9,,16,46,12,34,0.6,1.1
2024-12-12T1500,2170A,112.4272,39.3681,朔州市,市二中,颗粒物(PM10),59,67,126,35,57,57,,21,21,21,48,12,31,0.6,1
2024-12-12T1500,3571A,112.2931,39.53,朔州市,一水厂,颗粒物(PM10),57,63,76,31,38,57,,39,39,22,47,8,14,0.5,1
2024-12-12T1500,2225A,124.4002,43.1713,四平市,一商场,,41,41,54,24,32,65,,43,43,12,33,6,9,0.2,0.5
2024-12-12T1500,2226A,124.388,43.193,四平市,境园,,28,28,48,15,34,66,,44,44,12,36,12,14,0.3,0.5
2024-12-12T1500,3486A,124.4036,43.1411,四平市,植物园,,37,37,49,25,29,60,,38,38,20,43,6,7,0.2,0.5
2024-12-12T1500,3713A,124.3419,43.1666,四平市,世纪城,,32,25,49,22,32,67,,49,49,8,35,6,8,0.3,0.5
2024-12-12T1500,2233A,124.8006,45.1214,松原市,江南,,35,30,64,24,47,61,,42,42,20,36,6,6,0.4,0.6
2024-12-12T1500,2234A,124.7965,45.1722,松原市,江北,,28,26,42,19,37,74,,50,50,13,43,2,3,0.5,0.6
2024-12-12T1500,1160A,120.561,31.2472,苏州市,上方山,,46,,71,32,54,57,,37,37,24,52,6,6,0.7,1.1
2024-12-12T1500,1162A,120.591,31.3019,苏州市,彩香,,24,24,78,14,58,53,,35,35,16,45,8,9,0.5,1
2024-12-12T1500,1163A,120.596,31.3264,苏州市,轧钢厂,,20,20,72,13,55,49,,33,33,26,55,6,7,0.9,1.3
2024-12-12T1500,1164A,120.613,31.2703,苏州市,吴中区,,20,20,80,11,55,51,,35,35,24,56,8,9,0.6,1
2024-12-12T1500,1165A,120.543,31.2994,苏州市,苏州新区,,21,20,69,11,55,42,,33,33,41,56,7,9,0.5,1
2024-12-12T1500,1166A,120.669,31.3097,苏州市,苏州工业园区,,22,22,72,14,58,58,,39,39,21,58,6,8,0.4,1.1
2024-12-12T1500,1167A,120.641,31.3708,苏州市,相城区,,28,28,78,13,55,50,,33,33,30,63,7,9,0.5,0.9
2024-12-12T1500,3289A,120.743,31.3188,苏州市,方洲路,,19,18,67,10,48,60,,36,36,24,53,6,7,0.6,0.9
2024-12-12T1500,3290A,120.5031,31.2774,苏州市,木渎中学,,28,28,74,16,57,42,,37,37,38,51,8,10,0.7,1
2024-12-12T1500,3425A,120.624,31.1733,苏州市,越秀幼儿园,,32,32,75,10,54,62,,39,39,17,46,3,6,0.5,0.9
2024-12-12T1500,3431A,120.6505,31.416,苏州市,高铁新城,,24,24,82,13,58,49,,35,35,26,55,7,10,0.5,1
2024-12-12T1500,1220A,118.293,33.9528,宿迁市,宿迁学院,颗粒物(PM10),53,56,56,35,35,59,,37,37,19,27,3,4,0.5,0.5
2024-12-12T1500,1221A,118.2442,33.9592,宿迁市,宿迁中学,颗粒物(PM10),58,65,60,37,37,50,,34,34,24,26,5,6,0.6,0.5
2024-12-12T1500,2996A,118.283,33.965,宿迁市,市供电局,细颗粒物(PM2.5),59,62,52,42,38,49,,35,35,23,26,6,9,0.7,0.6
2024-12-12T1500,3191A,118.3225,33.9447,宿迁市,宿豫区政府,颗粒物(PM10),56,61,56,36,39,64,,39,39,15,23,5,8,0.7,0.7
2024-12-12T1500,3187A,116.9509,33.666,宿州市,远航博物馆,颗粒物(PM10),56,61,107,38,75,66,,43,43,16,47,6,8,0.7,0.9
2024-12-12T1500,3463A,116.9708,33.591,宿州市,社会福利中心,颗粒物(PM10),59,67,105,41,67,70,,45,45,24,50,9,10,0.5,0.7
2024-12-12T1500,3634A,116.9884,33.6305,宿州市,宿州学院,颗粒物(PM10),58,65,105,38,71,68,,43,43,17,41,7,9,0.8,1
2024-12-12T1500,3701A,116.9648,33.6252,宿州市,皖北煤电集团,颗粒物(PM10),61,71,101,43,70,68,,44,44,21,45,5,5,0.5,0.7
2024-12-12T1500,2266A,126.9785,46.6365,绥化市,人和东街,,,36,43,29,40,64,,50,50,19,26,,4,0.7,0.7
2024-12-12T1500,2267A,126.964,46.6528,绥化市,党政办公中心,细颗粒物(PM2.5),53,44,64,37,61,63,,48,48,17,27,7,7,0.4,0.5
2024-12-12T1500,2451A,113.3583,31.7275,随州市,市委党校,,,97,76,70,55,,,28,28,28,34,,7,0.9,0.8
2024-12-12T1500,2452A,113.3833,31.6908,随州市,市林业局,细颗粒物(PM2.5),98,83,71,73,60,60,,29,29,30,32,11,9,0.8,0.7
2024-12-12T1500,2453A,113.3983,31.7308,随州市,市立交桥水厂,细颗粒物(PM2.5),94,82,72,70,60,56,,26,26,34,39,10,9,0.7,0.6
2024-12-12T1500,2527A,105.5453,30.5678,遂宁市,石溪浩,细颗粒物(PM2.5),57,46,54,40,36,27,,32,20,11,25,4,4,0.6,0.6
2024-12-12T1500,2528A,105.5582,30.5232,遂宁市,市监测站,细颗粒物(PM2.5),55,49,48,39,36,34,,34,23,24,27,7,7,0.4,0.4
2024-12-12T1500,2529A,105.5861,30.5366,遂宁市,行政中心,细颗粒物(PM2.5),52,52,47,36,34,33,,33,23,22,25,8,8,0.4,0.4
2024-12-12T1500,2530A,105.5918,30.4728,遂宁市,美宁食品公司,细颗粒物(PM2.5),55,46,54,39,39,29,,26,20,18,25,5,6,0.4,0.4
2024-12-12T1500,2706A,82.9994,46.7432,塔城地区,东门外小游园,,,40,20,13,13,,,,,5,8,2,3,0.0,0.4
2024-12-12T1500,1255A,121.273,28.6459,台州市,黄岩环保大楼,细颗粒物(PM2.5),58,54,39,41,31,45,,47,47,30,22,3,2,0.5,0.5
2024-12-12T1500,1256A,121.419,28.6542,台州市,台州环保大楼,细颗粒物(PM2.5),69,57,40,50,30,38,,43,43,38,25,4,4,0.7,0.6
2024-12-12T1500,1257A,121.377,28.5773,台州市,路桥田洋王,,,61,36,60,27,48,,47,47,33,26,4,3,,0.7
2024-12-12T1500,3564A,121.2568,28.6681,台州市,台州科技职业学院,细颗粒物(PM2.5),60,60,40,43,26,48,,51,51,26,18,5,4,0.6,0.6
2024-12-12T1500,1081A,112.522,37.8873,太原市,尖草坪,细颗粒物(PM2.5),100,112,134,75,99,31,,18,18,48,57,14,12,1.0,1.2
2024-12-12T1500,1083A,112.434,38.0108,太原市,上兰,细颗粒物(PM2.5),107,106,114,80,92,22,,14,14,40,39,15,8,1.3,1.2
2024-12-12T1500,1084A,112.469,37.7124,太原市,晋源,细颗粒物(PM2.5),275,,181,225,147,11,,6,6,72,59,20,12,2.3,1.6
2024-12-12T1500,1085A,112.5583,37.7394,太原市,小店,细颗粒物(PM2.5),209,217,180,159,129,15,,8,8,66,60,8,11,1.6,1.5
2024-12-12T1500,1086A,112.5369,37.8692,太原市,桃园,细颗粒物(PM2.5),109,133,145,82,103,28,,18,18,52,57,12,9,1.1,1.2
2024-12-12T1500,1087A,112.57,37.8195,太原市,坞城,细颗粒物(PM2.5),149,157,163,114,115,18,,15,15,63,61,16,18,1.3,1.5
2024-12-12T1500,1088A,112.549,37.9854,太原市,南寨,细颗粒物(PM2.5),95,129,133,71,93,26,,13,13,52,53,26,10,1.8,1.2
2024-12-12T1500,3618A,112.4719,37.7831,太原市,金胜,细颗粒物(PM2.5),159,171,157,121,118,25,,16,16,58,54,11,10,1.5,1.4
2024-12-12T1500,4010A,112.5608,37.8807,太原市,育英中学,细颗粒物(PM2.5),105,106,140,79,100,33,,19,19,47,57,16,14,1.1,1.3
2024-12-12T1500,1656A,117.1437,36.1937,泰安市,监测站,颗粒物(PM10),63,75,56,44,32,35,,30,29,40,33,9,8,1.1,1
2024-12-12T1500,1657A,117.0885,36.2017,泰安市,人口学校,颗粒物(PM10),64,78,58,43,28,40,,39,32,30,23,9,7,0.6,0.4
2024-12-12T1500,1658A,117.1089,36.1758,泰安市,电力学校,颗粒物(PM10),65,80,63,44,37,34,,23,23,40,40,6,6,0.7,0.8
2024-12-12T1500,3502A,117.1812,36.2275,泰安市,国网新校,细颗粒物(PM2.5),62,61,50,44,30,44,,36,33,24,18,8,5,0.8,0.6
2024-12-12T1500,3503A,117.0313,36.2018,泰安市,交通技校,细颗粒物(PM2.5),68,71,48,49,33,39,,21,21,36,45,5,3,0.7,0.4
2024-12-12T1500,3504A,117.0829,36.13,泰安市,山东第一医科大学,细颗粒物(PM2.5),67,70,63,48,36,36,,18,18,36,46,7,7,0.7,0.7
2024-12-12T1500,1206A,119.905,32.4878,泰州市,公园路,,25,19,59,17,45,66,,,,17,40,3,4,0.5,0.7
2024-12-12T1500,1207A,119.9189,32.4625,泰州市,莲花,,,29,63,12,46,61,,34,34,19,38,4,6,,0.9
2024-12-12T1500,1209A,119.888,32.4639,泰州市,留学生创业园,,28,28,84,10,41,69,,34,34,20,54,7,8,0.4,0.7
2024-12-12T1500,2997A,119.8767,32.3289,泰州市,王营,,39,33,69,27,51,66,,28,28,18,59,2,6,0.4,0.7
2024-12-12T1500,3295A,120.1259,32.5099,泰州市,姜堰区政府广场,,22,22,64,12,44,65,,37,37,20,39,4,7,0.3,0.5
2024-12-12T1500,3435A,119.9192,32.4322,泰州市,周山河街区,,31,31,66,19,47,59,,35,35,20,35,8,9,0.5,0.7
2024-12-12T1500,1037A,118.131,39.6363,唐山市,雷达站,细颗粒物(PM2.5),78,96,58,57,30,17,,13,13,52,53,6,7,0.6,0.8
2024-12-12T1500,1038A,118.1725,39.6334,唐山市,物资局,细颗粒物(PM2.5),80,91,61,59,30,16,,11,11,54,55,8,12,0.7,0.8
2024-12-12T1500,1040A,118.1705,39.6506,唐山市,十二中,细颗粒物(PM2.5),77,80,58,56,34,14,,12,12,54,53,4,6,0.7,0.8
2024-12-12T1500,1041A,118.1869,39.622,唐山市,小山,细颗粒物(PM2.5),70,87,63,51,33,9,,6,6,50,50,8,11,0.7,0.8
2024-12-12T1500,3457A,118.4359,39.2762,唐山市,冀东油田职工医院,细颗粒物(PM2.5),63,67,44,45,20,12,,10,10,53,44,15,9,1.1,0.7
2024-12-12T1500,3575A,118.09279,39.58089,唐山市,正泰大街热力站,细颗粒物(PM2.5),79,85,65,58,34,8,,6,6,54,53,5,7,0.6,1.2
2024-12-12T1500,3576A,118.1562,39.8322,唐山市,丰润区政府,细颗粒物(PM2.5),95,100,92,71,49,12,,8,8,56,50,9,10,0.9,1.2
2024-12-12T1500,3577A,118.43673,39.73809,唐山市,金山小学,颗粒物(PM10),75,100,114,54,39,13,,9,9,52,50,8,9,0.7,1
2024-12-12T1500,3578A,118.24498,39.66941,唐山市,政府服务中心,细颗粒物(PM2.5),70,72,66,51,36,13,,10,10,46,53,4,7,0.7,1
2024-12-12T1500,3692A,118.2059,39.6585,唐山市,消防缸窑路中队,颗粒物(PM10),76,101,74,55,35,15,,12,12,55,54,9,13,0.7,1.2
2024-12-12T1500,3693A,118.1436,39.6202,唐山市,路南电大,细颗粒物(PM2.5),92,98,67,68,34,10,,8,8,57,56,5,6,0.6,0.8
2024-12-12T1500,1015A,117.1444,39.1661,天津市,勤俭道,细颗粒物(PM2.5),87,103,51,64,28,21,,11,11,46,42,8,8,0.8,0.6
2024-12-12T1500,1017A,117.237,39.1082,天津市,大直沽八号路,细颗粒物(PM2.5),83,97,53,61,29,13,,14,11,52,41,6,6,0.7,0.6
2024-12-12T1500,1018A,117.202,39.0927,天津市,前进道,细颗粒物(PM2.5),83,110,59,61,29,16,,12,12,54,48,8,8,0.7,0.5
2024-12-12T1500,1019A,117.1837,39.2133,天津市,淮河道,细颗粒物(PM2.5),104,132,56,78,29,,,15,13,49,42,,7,1.0,0.6
2024-12-12T1500,1021A,117.307,39.0877,天津市,跃进路,细颗粒物(PM2.5),108,135,58,81,28,12,,12,12,59,47,8,7,0.7,0.6
2024-12-12T1500,1023A,117.707,39.0343,天津市,第四大街,细颗粒物(PM2.5),68,82,43,49,20,15,,24,13,51,47,6,6,0.8,0.6
2024-12-12T1500,1024A,117.457,38.8394,天津市,永明路,"颗粒物(PM10),细颗粒物(PM2.5)",62,73,44,44,22,14,,12,12,48,51,10,9,0.5,0.5
2024-12-12T1500,1026A,117.764,39.1587,天津市,汉北路,颗粒物(PM10),70,90,39,41,16,10,,14,10,59,52,10,10,0.6,0.8
2024-12-12T1500,1027A,117.157,38.9194,天津市,团泊洼,,,,,,,,,,,,,,,,
2024-12-12T1500,2858A,117.7918,39.2474,天津市,河西一经路,颗粒物(PM10),69,87,42,48,21,13,,15,13,57,50,8,7,0.7,0.6
2024-12-12T1500,2859A,117.3747,38.9846,天津市,津沽路,细颗粒物(PM2.5),74,90,50,54,27,10,,10,10,55,54,4,5,0.6,0.5
2024-12-12T1500,2860A,117.1589,39.0845,天津市,宾水西道,细颗粒物(PM2.5),92,93,44,68,28,12,,8,8,56,47,7,5,0.8,0.6
2024-12-12T1500,2922A,117.1941,39.1067,天津市,大理道,细颗粒物(PM2.5),84,97,54,62,31,18,,16,14,56,47,8,8,0.7,0.5
2024-12-12T1500,3020A,117.2101,39.1699,天津市,中山北路,细颗粒物(PM2.5),79,95,47,58,24,20,,23,15,53,42,6,5,0.5,0.3
2024-12-12T1500,3051A,117.3876,39.1488,天津市,西四道,细颗粒物(PM2.5),77,100,55,56,26,23,,13,13,52,55,9,9,0.7,0.6
2024-12-12T1500,3325A,117.0365,39.3828,天津市,雍阳西道,细颗粒物(PM2.5),120,132,74,91,43,14,,10,10,58,53,7,7,0.9,0.7
2024-12-12T1500,3326A,117.0296,39.0605,天津市,辛老路,,,113,66,61,34,17,,8,8,45,49,8,6,,0.6
2024-12-12T1500,3327A,116.9638,38.9375,天津市,地纬路,细颗粒物(PM2.5),85,91,65,63,42,17,,8,8,46,53,8,6,0.7,0.6
2024-12-12T1500,3460A,117.4067,40.0583,天津市,北环路,细颗粒物(PM2.5),77,82,56,56,33,16,,21,14,53,39,12,6,0.6,0.6
2024-12-12T1500,3461A,117.3045,39.7169,天津市,建设路,,,,60,,31,,,19,,,50,,8,,0.6
2024-12-12T1500,3462A,117.8199,39.3521,天津市,滨水东路,颗粒物(PM10),76,101,56,55,23,9,,10,10,61,57,8,8,0.7,0.6
2024-12-12T1500,2649A,106.0055,34.343,天水市,麦积山,,,,,,,,,,,,,,,,
2024-12-12T1500,2650A,105.7205,34.5786,天水市,公园小学,,33,33,66,22,51,89,,80,80,11,27,11,13,0.5,0.9
2024-12-12T1500,2651A,105.8945,34.5538,天水市,麦积国土局,,38,38,65,25,54,94,,81,81,11,26,10,12,0.3,0.7
2024-12-12T1500,2216A,123.8139,42.3022,铁岭市,汇工街西,颗粒物(PM10),54,57,81,30,57,36,,23,23,36,38,14,24,0.7,1.4
2024-12-12T1500,2217A,123.8649,42.2923,铁岭市,水上乐园,"颗粒物(PM10),细颗粒物(PM2.5)",55,60,68,39,48,32,,27,27,40,26,20,17,1.3,1.3
2024-12-12T1500,2218A,123.8486,42.2867,铁岭市,银州路东段,颗粒物(PM10),55,59,78,33,49,29,,22,22,44,35,16,15,0.7,0.8
2024-12-12T1500,2219A,123.7153,42.2217,铁岭市,金沙江路北,细颗粒物(PM2.5),59,66,60,42,37,20,,19,19,60,42,16,10,0.9,0.8
2024-12-12T1500,2229A,125.9358,41.7173,通化市,光明,,32,32,55,16,29,63,,30,30,13,37,9,18,0.5,0.8
2024-12-12T1500,2230A,125.9446,41.7325,通化市,铁路,,20,20,44,8,27,62,,29,29,13,32,10,20,0.4,0.7
2024-12-12T1500,2191A,122.2532,43.6801,通辽市,艺术职业学校,,21,10,43,3,13,65,,44,44,9,18,14,10,0.5,0.6
2024-12-12T1500,3706A,122.2584,43.6333,通辽市,老干部活动中心,,28,28,46,10,25,60,,46,46,7,20,10,11,0.1,0.5
2024-12-12T1500,3708A,122.2922,43.6189,通辽市,东方明珠社区,,25,23,45,17,31,61,,44,44,14,24,9,14,0.4,0.6
2024-12-12T1500,1922A,109.0656,35.0994,铜川市,党校,,,,,,,,,,,,,,,,
2024-12-12T1500,1923A,109.0697,35.0697,铜川市,王益区政府,细颗粒物(PM2.5),57,,91,40,83,59,,33,33,15,47,6,7,0.5,0.9
2024-12-12T1500,1924A,108.9344,34.9058,铜川市,新区管委会,细颗粒物(PM2.5),169,155,123,128,108,24,,39,35,43,38,12,13,1.2,1
2024-12-12T1500,3651A,108.9543,34.8732,铜川市,旺旺集团,细颗粒物(PM2.5),186,143,121,140,119,22,,34,28,40,40,10,11,1.2,1
2024-12-12T1500,2285A,117.8177,30.9412,铜陵市,市第四中学,细颗粒物(PM2.5),74,88,108,54,79,82,,43,43,24,40,4,12,0.5,0.7
2024-12-12T1500,2286A,117.8059,30.9273,铜陵市,市公路局,细颗粒物(PM2.5),85,74,100,63,88,79,,42,42,20,35,4,2,0.7,0.9
2024-12-12T1500,2287A,117.7807,30.9413,铜陵市,市新民污水厂,细颗粒物(PM2.5),70,80,98,51,71,82,,42,42,22,33,4,3,0.7,0.8
2024-12-12T1500,2288A,117.7439,30.8792,铜陵市,市第九中学,细颗粒物(PM2.5),79,90,109,58,75,79,,41,41,25,40,6,6,0.7,0.9
2024-12-12T1500,2289A,117.846,30.9413,铜陵市,车站新区,细颗粒物(PM2.5),78,86,97,57,71,79,,40,40,21,35,5,5,0.6,0.7
2024-12-12T1500,2290A,117.8483,30.97,铜陵市,市职教基地,,,65,75,45,53,81,,47,47,,37,7,6,,0.9
2024-12-12T1500,2585A,109.1839,27.7344,铜仁市,铜仁卫校,细颗粒物(PM2.5),64,63,61,46,42,82,,76,76,14,22,1,2,0.5,0.5
2024-12-12T1500,2586A,109.1753,27.6944,铜仁市,铜仁七中,细颗粒物(PM2.5),78,,48,57,47,81,,73,73,15,17,4,4,0.4,0.4
2024-12-12T1500,2686A,89.1904,42.9418,吐鲁番市,市环保局,颗粒物(PM10),66,81,93,45,51,48,,30,30,18,36,6,6,0.7,1.1
2024-12-12T1500,2687A,89.1673,42.9559,吐鲁番市,地区环保局,颗粒物(PM10),89,127,94,65,59,38,,17,17,28,42,4,2,1.7,1.5
2024-12-12T1500,1662A,122.1214,37.4236,威海市,华夏技校,,29,29,15,19,8,59,,62,60,14,10,7,5,0.4,0.3
2024-12-12T1500,1663A,122.0508,37.5236,威海市,山大分校,,,51,20,22,7,66,,70,67,,9,8,6,0.5,0.3
2024-12-12T1500,1664A,122.1067,37.5072,威海市,市监测站,,39,37,21,27,13,53,,62,58,13,8,6,4,0.6,0.4
2024-12-12T1500,1982A,122.0693,37.2174,威海市,文登开发区,,32,32,23,19,11,60,,54,54,12,14,11,8,0.4,0.3
2024-12-12T1500,3505A,122.1379,37.3414,威海市,临港区管委会,,29,29,17,17,7,56,,56,56,12,9,4,3,0.5,0.3
2024-12-12T1500,1650A,119.1437,36.7023,潍坊市,环保局,,44,44,44,28,25,46,,26,26,25,36,8,6,0.6,0.8
2024-12-12T1500,2877A,119.1641,36.6523,潍坊市,坊子邮政,颗粒物(PM10),53,56,46,27,24,48,,28,28,21,34,10,9,0.6,0.7
2024-12-12T1500,3178A,119.0587,36.721,潍坊市,潍坊七中,,44,44,53,27,29,50,,24,24,14,39,11,11,0.4,0.6
2024-12-12T1500,3368A,119.1977,36.6872,潍坊市,高新实验学校,颗粒物(PM10),51,51,44,33,23,47,,24,24,23,38,8,7,0.5,0.6
2024-12-12T1500,3416A,119.1755,36.7149,潍坊市,潍坊学院,,,,39,,19,,,24,24,13,27,,9,0.6,0.8
2024-12-12T1500,3861A,119.2041,36.7699,潍坊市,寒亭区实验一小,,,48,46,19,24,41,,28,28,,41,12,13,1.0,1
2024-12-12T1500,1938A,109.5293,34.5101,渭南市,农科所,,,,,,,,,,,,,,,,
2024-12-12T1500,1939A,109.4974,34.4877,渭南市,日报社,细颗粒物(PM2.5),172,146,153,130,121,14,,12,12,46,53,5,6,1.2,1.1
2024-12-12T1500,1940A,109.4636,34.493,渭南市,体育馆,细颗粒物(PM2.5),158,151,158,120,119,16,,14,14,40,51,7,9,1.1,1
2024-12-12T1500,1941A,109.4259,34.5023,渭南市,高新一小,细颗粒物(PM2.5),156,139,152,119,129,25,,16,16,44,48,6,8,1.2,1.1
2024-12-12T1500,1242A,120.634,28.0089,温州市,瓯海,细颗粒物(PM2.5),52,52,23,36,13,44,,49,49,25,19,6,6,0.5,0.5
2024-12-12T1500,1243A,120.6748,27.9939,温州市,南浦,,43,34,15,30,14,46,,50,50,25,21,7,6,0.5,0.5
2024-12-12T1500,1244A,120.76,27.9747,温州市,龙湾,,35,35,19,23,8,41,,55,52,34,25,6,5,0.5,0.5
2024-12-12T1500,1245A,120.6709,28.0167,温州市,市站,颗粒物(PM10),52,53,18,30,15,42,,48,48,31,25,7,6,0.6,0.6
2024-12-12T1500,3561A,120.6985,27.9251,温州市,茶山,,48,48,16,27,13,44,,48,48,32,26,5,5,0.5,0.5
2024-12-12T1500,2610A,104.2533,23.3594,文山壮族苗族自治州,州水务局,,20,17,29,3,20,64,,34,34,6,12,6,8,0.4,0.6
2024-12-12T1500,2611A,104.2319,23.3892,文山壮族苗族自治州,市便民服务中心,,22,18,29,7,23,69,,40,40,7,14,6,7,0.4,0.6
2024-12-12T1500,2187A,106.8174,39.6973,乌海市,市林业局,颗粒物(PM10),106,161,67,19,43,83,,68,68,6,19,6,10,0.3,0.6
2024-12-12T1500,2188A,106.7907,39.6667,乌海市,中海勃湾学校,颗粒物(PM10),86,122,57,13,30,83,,74,74,6,14,7,10,0.3,0.5
2024-12-12T1500,3284A,106.813,39.7274,乌海市,海北新区,颗粒物(PM10),87,124,74,3,37,79,,66,66,6,27,10,12,0.4,0.7
2024-12-12T1500,3621A,106.8288,39.6778,乌海市,聚英学校,颗粒物(PM10),135,220,72,16,35,81,,72,72,5,20,10,12,0.4,0.6
2024-12-12T1500,2197A,113.1306,40.9923,乌兰察布市,集宁新区,,30,30,44,18,31,82,,41,41,5,33,6,8,0.3,0.7
2024-12-12T1500,3034A,113.1076,41.0385,乌兰察布市,光明街小学,,29,25,50,20,36,84,,50,50,11,38,9,11,0.3,0.7
2024-12-12T1500,3285A,113.1376,40.9509,乌兰察布市,北京八中,,27,27,46,3,31,80,,41,41,8,32,16,17,0.4,0.8
2024-12-12T1500,3421A,113.1775,40.9779,乌兰察布市,市委党校,,36,36,46,22,29,73,,38,38,12,37,8,9,0.5,0.9
2024-12-12T1500,1490A,87.5801,43.8303,乌鲁木齐市,监测站,细颗粒物(PM2.5),135,118,30,103,26,22,,19,14,52,66,2,3,1.3,0.9
2024-12-12T1500,1491A,87.6046,43.768,乌鲁木齐市,收费所,细颗粒物(PM2.5),94,74,27,70,21,22,,37,22,52,45,3,3,1.2,0.6
2024-12-12T1500,1492A,87.4754,43.9469,乌鲁木齐市,新疆农科院农场,细颗粒物(PM2.5),166,152,57,126,46,28,,16,16,30,54,5,6,1.4,1.2
2024-12-12T1500,1493A,87.5525,43.8711,乌鲁木齐市,铁路局,细颗粒物(PM2.5),153,133,43,117,35,28,,20,18,34,58,3,2,1.0,0.8
2024-12-12T1500,1494A,87.6432,43.831,乌鲁木齐市,三十一中学,细颗粒物(PM2.5),73,84,33,53,24,23,,25,17,34,35,4,3,1.3,0.8
2024-12-12T1500,1496A,87.7216,44.1747,乌鲁木齐市,米东区环保局,,,,76,,68,35,,24,24,36,53,5,5,0.9,0.7
2024-12-12T1500,3033A,87.4651,43.4569,乌鲁木齐市,培训基地,,36,36,8,7,2,74,,77,77,16,9,4,3,0.5,0.4
2024-12-12T1500,3437A,88.3118,43.3658,乌鲁木齐市,达坂城区环保局,,35,35,18,24,15,68,,68,65,8,9,4,3,0.4,0.4
2024-12-12T1500,3438A,87.6162,43.8801,乌鲁木齐市,红光山片区,细颗粒物(PM2.5),199,,30,149,37,22,,11,11,42,64,4,7,1.1,0.8
2024-12-12T1500,3439A,87.7024,43.8004,乌鲁木齐市,新师大温泉校区,细颗粒物(PM2.5),84,69,21,62,17,40,,49,49,46,34,8,8,1.0,0.4
2024-12-12T1500,3440A,87.4921,43.8411,乌鲁木齐市,大绿谷,细颗粒物(PM2.5),144,120,39,110,33,29,,46,31,38,48,1,2,1.4,0.7
2024-12-12T1500,1188A,120.269,31.4867,无锡市,雪浪,,36,36,68,12,45,44,,30,30,32,46,8,10,0.8,1.3
2024-12-12T1500,1189A,120.275,31.6219,无锡市,黄巷,颗粒物(PM10),55,59,93,36,56,30,,26,26,54,78,11,8,1.6,1.3
2024-12-12T1500,1190A,120.294,31.56,无锡市,曹张,,33,33,72,12,49,39,,26,26,34,56,9,10,0.6,1.1
2024-12-12T1500,1191A,120.242,31.5031,无锡市,漆塘,,31,31,71,17,48,41,,29,29,35,51,7,7,0.9,1.2
2024-12-12T1500,1192A,120.3489,31.5863,无锡市,东亭,,34,34,80,12,49,36,,24,24,29,54,7,7,0.8,1.1
2024-12-12T1500,1193A,120.354,31.5475,无锡市,旺庄,,34,34,70,14,48,42,,28,28,32,61,8,13,0.6,0.9
2024-12-12T1500,1194A,120.245,31.5631,无锡市,荣巷,,41,41,67,24,46,30,,28,28,48,56,7,6,0.8,0.9
2024-12-12T1500,1195A,120.299,31.6817,无锡市,堰桥,颗粒物(PM10),53,56,82,36,60,29,,21,21,45,56,14,10,1.2,1.2
2024-12-12T1500,3428A,120.3142,31.4753,无锡市,华庄,,23,23,67,13,47,47,,33,33,33,50,7,7,0.7,0.9
2024-12-12T1500,2677A,106.1532,37.9648,吴忠市,教育园区,,26,24,42,18,42,78,,75,75,10,26,9,15,0.3,0.6
2024-12-12T1500,2679A,106.1856,37.9956,吴忠市,新区二泵站,,27,27,38,17,34,79,,70,70,12,27,10,12,0.3,0.5
2024-12-12T1500,3648A,106.2112,37.9768,吴忠市,文卫南街,,35,35,56,15,39,78,,70,70,8,22,8,13,0.7,0.9
2024-12-12T1500,1794A,118.3606,31.3519,芜湖市,监测站,细颗粒物(PM2.5),77,91,91,56,61,61,,23,23,37,56,8,9,0.6,0.9
2024-12-12T1500,1795A,118.3714,31.4134,芜湖市,科创中心,细颗粒物(PM2.5),69,80,94,50,70,88,,46,46,30,58,10,11,0.6,1
2024-12-12T1500,1796A,118.3673,31.3131,芜湖市,四水厂,颗粒物(PM10),71,92,98,51,63,80,,33,33,27,44,11,12,0.8,1.1
2024-12-12T1500,3328A,118.4209,31.3707,芜湖市,市气象局,细颗粒物(PM2.5),67,69,86,48,70,90,,39,39,24,54,10,11,0.7,1.1
2024-12-12T1500,3465A,118.4781,31.3225,芜湖市,清苑社区,细颗粒物(PM2.5),64,65,80,46,55,91,,34,34,22,44,8,8,0.6,1.1
2024-12-12T1500,3466A,118.2746,31.2326,芜湖市,扬子职业技术学院,,,88,77,61,53,82,,32,32,37,42,,8,0.8,0.9
2024-12-12T1500,2495A,111.3014,23.4832,梧州市,市逸夫小学,,,,41,,25,57,,45,45,5,11,10,9,,0.9
2024-12-12T1500,2496A,111.3239,23.4794,梧州市,市十一中,,38,30,24,26,16,63,,52,52,12,13,9,8,0.7,0.7
2024-12-12T1500,2497A,111.247,23.4189,梧州市,龙圩,细颗粒物(PM2.5),52,40,30,36,31,55,,46,46,10,12,10,10,0.3,0.4
2024-12-12T1500,2498A,111.2711,23.4835,梧州市,龙新,,37,37,40,19,20,57,,47,47,11,17,10,9,0.8,0.8
2024-12-12T1500,2711A,87.5475,44.1756,五家渠市,农水大厦,细颗粒物(PM2.5),211,187,102,161,79,31,,20,20,28,45,10,7,1.1,0.9
2024-12-12T1500,3441A,87.546,44.1912,五家渠市,经开区管委会,细颗粒物(PM2.5),217,171,94,167,83,33,,26,26,28,42,6,6,1.1,0.9
2024-12-12T1500,1325A,114.3677,30.5584,武汉市,东湖梨园,细颗粒物(PM2.5),104,85,79,78,73,61,,49,47,38,35,10,12,0.5,0.8
2024-12-12T1500,1326A,114.2529,30.558,武汉市,汉阳月湖,细颗粒物(PM2.5),110,95,79,83,73,58,,50,42,29,27,13,12,0.8,0.8
2024-12-12T1500,1327A,114.282,30.6189,武汉市,汉口花桥,细颗粒物(PM2.5),95,90,75,71,66,62,,54,46,34,33,10,9,0.6,0.6
2024-12-12T1500,1328A,114.3025,30.5332,武汉市,武昌紫阳,细颗粒物(PM2.5),113,98,85,85,78,47,,45,33,45,37,12,12,0.7,1.1
2024-12-12T1500,1329A,114.3646,30.6217,武汉市,青山钢花,细颗粒物(PM2.5),94,90,77,70,72,67,,42,42,33,40,10,10,0.5,0.5
2024-12-12T1500,1330A,114.1566,30.4825,武汉市,沌口新区,细颗粒物(PM2.5),122,95,81,92,85,46,,46,34,45,39,11,11,0.6,0.7
2024-12-12T1500,1331A,114.3014,30.5944,武汉市,汉口江滩,细颗粒物(PM2.5),105,86,75,79,76,58,,54,45,35,29,9,9,0.7,0.6
2024-12-12T1500,1333A,114.135,30.6319,武汉市,吴家山,细颗粒物(PM2.5),95,90,80,71,68,43,,37,37,42,37,10,10,0.7,0.6
2024-12-12T1500,1334A,113.8454,30.2917,武汉市,沉湖七壕,细颗粒物(PM2.5),69,68,67,50,46,54,,37,37,27,28,5,4,0.6,0.7
2024-12-12T1500,3153A,114.3877,30.4908,武汉市,民族大道182号,细颗粒物(PM2.5),114,,70,86,78,62,,35,35,41,48,15,12,1.0,0.8
2024-12-12T1500,2652A,102.6201,37.9251,武威市,监测站,,35,35,49,21,48,74,,64,60,7,22,10,9,0.4,0.7
2024-12-12T1500,3201A,102.6486,37.9325,武威市,东关招商场,,38,36,51,26,50,75,,64,57,10,23,8,7,0.4,0.6
2024-12-12T1500,1463A,108.993,34.2629,西安市,兴庆小区,细颗粒物(PM2.5),137,118,125,104,124,46,,27,27,28,45,5,6,1.0,1.1
2024-12-12T1500,1464A,109.06,34.2572,西安市,纺织城,细颗粒物(PM2.5),160,148,153,122,130,37,,9,9,38,56,7,7,0.9,1
2024-12-12T1500,1465A,108.9356,34.2173,西安市,小寨,细颗粒物(PM2.5),138,139,154,105,124,44,,27,27,23,46,4,6,0.6,0.8
2024-12-12T1500,1466A,108.954,34.2713,西安市,市人民体育场,细颗粒物(PM2.5),142,128,141,108,126,48,,27,27,26,48,6,7,0.8,0.9
2024-12-12T1500,1467A,108.8922,34.2322,西安市,高新西区,细颗粒物(PM2.5),140,129,130,107,128,44,,29,29,22,48,5,6,0.8,0.9
2024-12-12T1500,1468A,108.935,34.3474,西安市,经开区,细颗粒物(PM2.5),125,118,134,95,130,57,,32,32,24,43,6,7,0.3,0.4
2024-12-12T1500,1469A,108.906,34.1546,西安市,长安区,细颗粒物(PM2.5),132,112,153,100,131,48,,30,30,24,52,5,7,0.7,1
2024-12-12T1500,1471A,109.2186,34.3731,西安市,临潼区,细颗粒物(PM2.5),193,161,145,145,133,32,,24,24,37,43,6,8,0.8,0.8
2024-12-12T1500,1472A,108.869,34.378,西安市,草滩,细颗粒物(PM2.5),107,130,134,80,86,61,,30,30,13,39,3,2,0.3,0.6
2024-12-12T1500,1473A,108.985,34.1978,西安市,曲江文化产业集团,细颗粒物(PM2.5),147,145,150,112,126,40,,22,22,29,52,7,8,0.7,1
2024-12-12T1500,1474A,109.051,34.3213,西安市,广运潭,细颗粒物(PM2.5),160,147,162,122,136,49,,15,15,27,53,4,5,0.9,1
2024-12-12T1500,3524A,108.6116,34.1164,西安市,文体局,细颗粒物(PM2.5),75,79,142,55,136,61,,34,34,10,38,11,11,0.6,1
2024-12-12T1500,3605A,109.09,34.5236,西安市,无线电监控中心,细颗粒物(PM2.5),134,136,150,102,139,43,,22,22,26,50,9,12,0.7,1
2024-12-12T1500,4055A,108.8869,34.2662,西安市,行知小学,细颗粒物(PM2.5),139,130,159,106,132,45,,32,32,26,46,7,7,0.7,0.8
2024-12-12T1500,1483A,101.524,36.6867,西宁市,第五水厂,,,,,,,,,,,,,,,,
2024-12-12T1500,3055A,101.7775,36.6428,西宁市,城北区政府,,43,43,74,28,60,79,,63,61,27,43,11,18,0.5,0.9
2024-12-12T1500,3629A,101.8305,36.5786,西宁市,世纪职校,,40,33,62,28,56,81,,65,63,25,46,14,23,0.6,0.9
2024-12-12T1500,3630A,101.7413,36.6397,西宁市,师大城西校区,细颗粒物(PM2.5),54,42,70,38,58,75,,63,60,23,43,14,22,0.5,1.2
2024-12-12T1500,2612A,100.7939,22.0019,西双版纳傣族自治州,景洪市江南,,46,46,46,25,32,90,,38,38,11,23,6,6,0.4,0.5
2024-12-12T1500,2613A,100.8017,22.0225,西双版纳傣族自治州,景洪市江北,,30,22,37,10,24,96,,44,44,7,17,9,9,0.4,0.5
2024-12-12T1500,3606A,108.7108,34.46,西咸新区,北杜,细颗粒物(PM2.5),69,64,128,50,116,72,,44,44,16,49,8,8,0.5,0.8
2024-12-12T1500,3607A,108.7096,34.2956,西咸新区,同德佳苑,细颗粒物(PM2.5),74,92,136,54,121,67,,45,45,15,37,5,7,0.4,0.7
2024-12-12T1500,3608A,108.8558,34.4978,西咸新区,崇文塔,细颗粒物(PM2.5),79,87,143,58,131,60,,35,35,15,45,4,6,0.5,0.9
2024-12-12T1500,2202A,116.1042,43.9317,锡林郭勒盟,市环保监测站,,34,34,17,14,10,50,,49,49,8,12,7,8,0.3,0.3
2024-12-12T1500,2203A,116.0781,43.9311,锡林郭勒盟,市政府,,16,13,18,3,5,51,,48,48,7,16,9,9,0.2,0.3
2024-12-12T1500,1286A,118.1608,24.8169,厦门市,溪东,,,,,,,,,,,,,,,,
2024-12-12T1500,1287A,118.1514,24.4767,厦门市,洪文,,33,33,23,14,10,75,,44,44,11,10,1,1,0.5,0.4
2024-12-12T1500,1288A,118.0661,24.4444,厦门市,鼓浪屿,,27,27,16,12,7,83,,48,48,12,11,1,2,0.6,0.6
2024-12-12T1500,2842A,118.0936,24.5058,厦门市,湖里中学,,29,29,25,13,12,80,,46,46,13,14,2,2,0.5,0.5
2024-12-12T1500,3527A,118.0958,24.5688,厦门市,集美中学,,29,19,21,10,11,90,,52,52,14,20,2,4,0.5,0.5
2024-12-12T1500,3528A,118.1493,24.7245,厦门市,同安二实小,,23,17,20,11,13,72,,42,42,13,18,1,5,0.5,0.5
2024-12-12T1500,2447A,114.3175,29.8142,咸宁市,森林公园,细颗粒物(PM2.5),70,54,51,51,46,52,,29,29,32,29,8,5,1.3,1.1
2024-12-12T1500,2448A,114.3107,29.8454,咸宁市,市发改委,细颗粒物(PM2.5),119,106,92,90,77,55,,33,33,24,20,5,3,1.0,0.9
2024-12-12T1500,2449A,114.2936,29.8566,咸宁市,咸安区政府,细颗粒物(PM2.5),102,91,87,76,71,53,,28,28,29,29,10,9,0.8,0.8
2024-12-12T1500,3655A,114.3375,29.8683,咸宁市,长江产业园,细颗粒物(PM2.5),120,103,93,91,82,64,,36,36,23,22,8,6,1.0,0.9
2024-12-12T1500,1918A,108.7197,34.3956,咸阳市,气象站,,,,,,,,,,,,,,,,
2024-12-12T1500,1919A,108.673,34.3155,咸阳市,实验中学,细颗粒物(PM2.5),78,78,145,57,129,74,,47,47,13,37,4,7,0.6,0.9
2024-12-12T1500,1920A,108.7233,34.3617,咸阳市,师范学院,细颗粒物(PM2.5),88,93,144,65,128,76,,45,45,12,38,6,7,0.7,1
2024-12-12T1500,3165A,108.6594,34.2969,咸阳市,两寺渡,颗粒物(PM10),93,136,167,64,128,58,,41,41,24,37,8,9,0.6,1.1
2024-12-12T1500,3525A,108.6396,34.4078,咸阳市,奥体中心,细颗粒物(PM2.5),83,71,151,61,121,75,,40,40,10,40,11,11,0.5,0.8
2024-12-12T1500,1508A,112.9433,27.8614,湘潭市,板塘,细颗粒物(PM2.5),104,98,81,78,64,34,,26,26,31,33,4,4,0.4,0.3
2024-12-12T1500,1511A,112.9118,27.8403,湘潭市,市监测站,细颗粒物(PM2.5),113,85,73,85,68,26,,20,20,28,30,4,4,0.5,0.4
2024-12-12T1500,1512A,112.8937,27.8728,湘潭市,江麓,细颗粒物(PM2.5),110,,72,83,66,41,,34,34,21,28,5,6,0.3,0.3
2024-12-12T1500,1513A,112.9227,27.8159,湘潭市,岳塘,细颗粒物(PM2.5),110,,65,83,66,30,,23,23,26,29,8,7,0.5,0.5
2024-12-12T1500,1514A,112.9074,27.9119,湘潭市,科大,细颗粒物(PM2.5),107,84,75,80,67,34,,27,27,30,37,5,5,0.5,0.4
2024-12-12T1500,1562A,113.0048,27.9153,湘潭市,昭山,细颗粒物(PM2.5),107,88,79,80,69,24,,22,16,,38,4,4,0.9,0.8
2024-12-12T1500,1564A,112.4876,27.9164,湘潭市,韶山,细颗粒物(PM2.5),83,98,74,61,45,40,,38,36,25,22,4,4,0.5,0.4
2024-12-12T1500,2492A,109.6414,28.2558,湘西土家族苗族自治州,跃进水库,,45,35,21,31,16,31,,21,21,2,3,8,6,0.8,0.8
2024-12-12T1500,2493A,109.7325,28.3169,湘西土家族苗族自治州,州政府,,,57,45,49,34,61,,37,37,,16,8,7,0.6,0.5
2024-12-12T1500,2494A,109.6958,28.2675,湘西土家族苗族自治州,吉首市计生局,细颗粒物(PM2.5),70,60,47,51,39,68,,52,52,18,23,5,5,0.7,0.7
2024-12-12T1500,2432A,112.155,32.0197,襄阳市,襄城运动路,细颗粒物(PM2.5),138,146,117,105,91,26,,16,16,48,47,13,11,1.0,1
2024-12-12T1500,2433A,112.1392,32.0564,襄阳市,樊城新华路,细颗粒物(PM2.5),135,147,125,103,103,22,,12,12,41,44,10,11,0.8,0.8
2024-12-12T1500,2434A,112.1825,32.1142,襄阳市,高新管委会,细颗粒物(PM2.5),144,150,133,110,105,22,,11,11,31,34,8,9,0.9,0.9
2024-12-12T1500,2435A,112.2106,32.0903,襄阳市,襄州航空路,细颗粒物(PM2.5),138,160,139,105,106,20,,13,13,39,41,10,11,1.0,1
2024-12-12T1500,3396A,112.0828,32.0067,襄阳市,襄城隆中路,细颗粒物(PM2.5),139,146,116,106,79,25,,28,17,43,37,12,12,0.9,0.8
2024-12-12T1500,3397A,112.1214,32.1008,襄阳市,高新台子湾,细颗粒物(PM2.5),112,162,154,84,81,26,,14,14,37,48,10,11,0.7,0.7
2024-12-12T1500,2443A,113.9153,30.9285,孝感市,文化路,细颗粒物(PM2.5),113,106,100,85,79,57,,33,33,32,37,9,9,0.7,0.7
2024-12-12T1500,2444A,113.942,30.9075,孝感市,东城区,细颗粒物(PM2.5),109,102,86,82,75,60,,37,37,33,38,10,9,0.8,0.8
2024-12-12T1500,2181A,112.7383,38.4519,忻州市,开发区,细颗粒物(PM2.5),103,121,108,77,70,15,,12,12,51,50,12,10,1.1,1.1
2024-12-12T1500,2182A,112.7003,38.4928,忻州市,会展中心,细颗粒物(PM2.5),99,106,111,74,77,19,,15,15,46,45,12,11,0.7,0.7
2024-12-12T1500,3208A,112.7283,38.4153,忻州市,市政府,细颗粒物(PM2.5),93,121,95,69,56,26,,21,21,49,51,12,8,1.1,1
2024-12-12T1500,2389A,113.836,35.311,新乡市,环保西院,细颗粒物(PM2.5),125,137,116,95,77,29,,14,14,52,53,7,8,0.7,1.2
2024-12-12T1500,2390A,113.884,35.272,新乡市,开发区,细颗粒物(PM2.5),119,105,92,90,81,38,,21,21,43,48,10,8,1.2,1.1
2024-12-12T1500,2391A,113.883,35.303,新乡市,环保东院,细颗粒物(PM2.5),108,115,102,81,76,34,,22,22,53,55,7,5,1.0,1
2024-12-12T1500,3054A,113.9194,35.2847,新乡市,市委党校,细颗粒物(PM2.5),119,108,94,90,73,33,,21,21,48,49,8,6,0.8,0.8
2024-12-12T1500,3475A,113.9188,35.3045,新乡市,市政府,细颗粒物(PM2.5),129,130,103,98,78,33,,20,20,54,55,11,8,1.1,1.1
2024-12-12T1500,3476A,113.9135,35.3327,新乡市,河师大,细颗粒物(PM2.5),110,128,131,83,85,40,,21,21,47,56,10,9,1.1,1.2
2024-12-12T1500,3689A,113.9003,35.372,新乡市,行政服务中心,细颗粒物(PM2.5),117,121,115,88,80,27,,15,15,59,55,8,8,1.0,1.2
2024-12-12T1500,2352A,115.0861,27.9317,新余市,北岗,,,,,,,,,,,,,,,,
2024-12-12T1500,2353A,114.9886,27.8431,新余市,飞宇,细颗粒物(PM2.5),98,,44,73,45,52,,43,43,26,28,10,16,0.5,0.4
2024-12-12T1500,2354A,114.9231,27.8246,新余市,第二水厂,细颗粒物(PM2.5),107,,42,80,46,50,,42,42,30,27,15,13,0.4,0.3
2024-12-12T1500,2355A,114.9308,27.8036,新余市,市气象局,细颗粒物(PM2.5),73,68,42,53,35,51,,42,42,25,23,10,10,0.4,0.4
2024-12-12T1500,3206A,114.9149,27.807,新余市,新钢沁园村,,,72,46,57,36,,,39,39,32,34,14,13,,0.6
2024-12-12T1500,2054A,114.1099,32.1059,信阳市,平桥分局,,,102,103,72,73,81,,36,36,17,35,,5,0.7,0.6
2024-12-12T1500,2064A,113.9956,32.1271,信阳市,南湾水厂,细颗粒物(PM2.5),113,98,93,85,74,76,,46,46,26,31,5,4,0.4,0.4
2024-12-12T1500,2065A,114.0775,32.1195,信阳市,市酿酒公司,细颗粒物(PM2.5),99,82,88,74,75,83,,49,49,20,35,6,6,0.6,0.7
2024-12-12T1500,2066A,114.0609,32.1399,信阳市,审计局,细颗粒物(PM2.5),112,87,101,84,83,84,,53,53,22,38,7,7,0.6,0.7
2024-12-12T1500,2200A,122.0392,46.0656,兴安盟,胜华新制药厂,,21,21,28,12,19,59,,46,46,7,13,3,4,0.3,0.1
2024-12-12T1500,2201A,121.9504,46.0741,兴安盟,科右前旗环保局,,21,15,23,9,16,65,,46,46,3,11,3,4,0.4,0.6
2024-12-12T1500,3035A,122.0931,46.0707,兴安盟,北滨河,,19,19,32,12,20,60,,39,39,6,18,10,12,0.3,0.5
2024-12-12T1500,1077A,114.4704,37.0886,邢台市,达活泉,细颗粒物(PM2.5),122,113,81,92,59,18,,9,9,53,46,15,10,1.2,0.9
2024-12-12T1500,1078A,114.5062,37.0349,邢台市,邢师高专,细颗粒物(PM2.5),117,131,93,88,61,15,,9,9,56,51,7,4,1.0,0.7
2024-12-12T1500,1079A,114.5237,37.0851,邢台市,路桥公司,细颗粒物(PM2.5),118,111,83,89,61,20,,9,9,50,50,10,6,1.0,0.8
2024-12-12T1500,1080A,114.4725,37.0719,邢台市,市环保局,细颗粒物(PM2.5),104,106,77,78,53,22,,12,12,47,47,10,6,1.4,1.1
2024-12-12T1500,3584A,115.8844,39.0341,雄安新区,容城县环境保护局,细颗粒物(PM2.5),144,166,103,110,53,15,,12,12,73,61,14,13,1.0,0.8
2024-12-12T1500,3585A,115.8665,39.0645,雄安新区,河北容城中学,细颗粒物(PM2.5),133,135,92,101,53,10,,7,7,,61,12,11,1.2,0.9
2024-12-12T1500,3586A,115.923,38.9405,雄安新区,安新县民政局,细颗粒物(PM2.5),127,144,93,96,57,22,,16,16,66,53,12,12,0.9,0.8
2024-12-12T1500,3587A,115.9324,38.9338,雄安新区,安新县电力局,细颗粒物(PM2.5),143,134,81,109,60,16,,10,10,70,54,14,14,1.1,1
2024-12-12T1500,3588A,116.0901,38.9816,雄安新区,雄县环境保护局,细颗粒物(PM2.5),125,139,86,95,47,25,,15,15,58,53,12,10,0.8,0.7
2024-12-12T1500,3589A,116.1105,39.0046,雄安新区,雄县国土资源局,细颗粒物(PM2.5),130,132,82,99,47,21,,10,10,58,52,7,6,0.9,0.8
2024-12-12T1500,1177A,117.179,34.2761,徐州市,黄河新村,,46,46,85,30,55,70,,44,44,22,50,7,11,0.3,0.6
2024-12-12T1500,1178A,117.1918,34.2384,徐州市,淮塔,颗粒物(PM10),54,58,85,29,53,70,,44,44,31,44,9,11,0.4,0.8
2024-12-12T1500,1180A,117.256,34.2153,徐州市,新城区,细颗粒物(PM2.5),58,61,78,41,52,64,,43,43,24,46,10,11,0.6,0.9
2024-12-12T1500,1181A,117.244,34.2911,徐州市,桃园路,颗粒物(PM10),56,61,95,31,51,72,,41,41,21,52,6,7,0.4,0.6
2024-12-12T1500,1182A,117.2933,34.2778,徐州市,农科院,颗粒物(PM10),56,61,84,31,47,76,,45,45,24,54,8,9,0.7,0.9
2024-12-12T1500,3005A,117.1814,34.29,徐州市,鼓楼区政府,,42,42,68,25,48,69,,39,39,26,56,6,11,0.7,0.8
2024-12-12T1500,3006A,117.1694,34.1781,徐州市,铜山区招生办,颗粒物(PM10),53,56,84,19,49,71,,44,44,26,50,7,10,0.5,0.7
2024-12-12T1500,3288A,117.4754,34.4422,徐州市,大泉街道,颗粒物(PM10),57,63,79,31,46,69,,52,52,23,39,10,11,0.4,0.7
2024-12-12T1500,2396A,113.8276,34.0159,许昌市,监测站,细颗粒物(PM2.5),142,111,112,108,82,63,,34,34,33,53,8,8,0.8,0.9
2024-12-12T1500,2398A,113.7906,33.9953,许昌市,开发区,细颗粒物(PM2.5),150,149,128,115,85,64,,36,36,36,52,9,9,0.8,0.9
2024-12-12T1500,3134A,113.8172,34.0339,许昌市,市一中,细颗粒物(PM2.5),149,116,108,114,88,65,,36,36,32,50,10,9,0.8,0.9
2024-12-12T1500,3337A,113.8614,34.0442,许昌市,许昌学院,细颗粒物(PM2.5),134,117,124,102,84,72,,35,35,23,49,7,8,0.7,0.8
2024-12-12T1500,3338A,113.843,34.0823,许昌市,芙蓉广场,细颗粒物(PM2.5),144,,126,110,88,63,,28,28,38,59,9,9,0.9,0.9
2024-12-12T1500,3597A,113.8134,34.1251,许昌市,建安区兴业大厦,细颗粒物(PM2.5),138,133,127,105,79,64,,27,27,28,49,5,6,0.7,0.7
2024-12-12T1500,2316A,118.7581,30.9454,宣城市,鳌峰子站,细颗粒物(PM2.5),85,82,57,63,44,82,,34,34,23,29,6,5,0.8,0.8
2024-12-12T1500,2317A,118.7385,30.9743,宣城市,敬亭山子站,细颗粒物(PM2.5),89,96,62,66,54,78,,31,31,28,32,5,5,0.7,0.7
2024-12-12T1500,2318A,118.7173,30.9427,宣城市,开发区子站,细颗粒物(PM2.5),77,80,52,56,39,76,,32,32,27,31,6,4,0.8,0.8
2024-12-12T1500,3470A,118.7724,30.9141,宣城市,夏渡子站,细颗粒物(PM2.5),82,80,51,60,39,74,,34,34,30,30,5,4,0.8,0.8
2024-12-12T1500,2554A,103.0475,30.02,雅安市,建安厂,细颗粒物(PM2.5),54,45,57,38,46,37,,39,34,30,35,4,5,0.5,0.5
2024-12-12T1500,2555A,103.0111,29.9833,雅安市,市政府,,50,38,54,35,48,41,,47,41,23,21,6,6,0.5,0.5
2024-12-12T1500,2556A,102.9905,29.9775,雅安市,川农大,,45,38,52,31,44,45,,46,41,24,26,4,4,0.5,0.5
2024-12-12T1500,3700A,103.0456,29.9956,雅安市,康养中心,,,35,55,23,38,65,,66,64,10,13,5,6,,
2024-12-12T1500,1642A,121.2514,37.5639,烟台市,开发区,,29,29,24,19,13,56,,60,39,20,18,5,3,0.7,0.5
2024-12-12T1500,1643A,121.3719,37.5433,烟台市,轴承厂,,41,41,29,28,17,48,,46,35,19,19,14,10,0.7,0.4
2024-12-12T1500,1644A,121.3181,37.5436,烟台市,西郊化工站,,44,44,31,22,14,51,,57,34,18,16,10,7,0.9,0.7
2024-12-12T1500,1645A,121.4478,37.4822,烟台市,莱山环保局,,40,31,19,28,12,51,,61,46,11,8,6,3,0.8,0.6
2024-12-12T1500,1646A,121.2611,37.4967,烟台市,福山环保局,颗粒物(PM10),51,51,37,22,19,53,,53,35,20,16,8,5,0.5,0.3
2024-12-12T1500,3057A,121.5992,37.4014,烟台市,牟平检察院,,39,39,14,21,11,52,,63,53,16,6,15,7,0.7,0.5
2024-12-12T1500,3366A,121.5206,37.4336,烟台市,中国农业大学,,48,48,25,24,12,39,,60,42,26,11,6,3,0.7,0.4
2024-12-12T1500,1926A,109.4131,36.6275,延安市,枣园,,40,28,44,28,35,81,,50,50,11,38,4,4,0.4,0.7
2024-12-12T1500,1927A,109.4761,36.6028,延安市,延大医附院,,48,48,54,26,42,75,,41,41,13,43,8,9,0.4,0.7
2024-12-12T1500,1929A,109.5056,36.6106,延安市,百米大道,,46,40,61,32,44,71,,38,38,15,47,7,8,0.5,0.8
2024-12-12T1500,3652A,109.4809,36.5786,延安市,西北局旧址,,47,47,69,27,40,68,,37,37,20,46,8,8,0.5,1
2024-12-12T1500,2237A,129.47,42.8883,延边朝鲜族自治州,妇幼医院,,24,24,26,9,18,54,,46,46,15,16,15,11,0.4,0.5
2024-12-12T1500,2238A,129.5055,42.9108,延边朝鲜族自治州,延边医院,,33,,22,23,18,62,,56,56,11,14,4,6,0.3,0.5
2024-12-12T1500,2239A,129.3964,42.8881,延边朝鲜族自治州,朝阳川镇医院,,45,45,26,6,16,66,,54,54,8,13,5,6,0.4,0.5
2024-12-12T1500,1215A,120.118,33.4022,盐城市,盐城电厂,,35,31,47,24,30,78,,56,56,14,30,5,4,0.4,0.6
2024-12-12T1500,1216A,120.156,33.3942,盐城市,市监测站,,30,30,46,17,28,81,,58,58,19,31,6,5,0.4,0.5
2024-12-12T1500,1218A,120.2144,33.38,盐城市,开发区管委会,,33,33,49,15,25,80,,61,61,15,28,4,4,0.3,0.4
2024-12-12T1500,3004A,120.1544,33.3663,盐城市,宝龙广场,,32,27,46,22,31,82,,62,62,16,27,6,6,0.6,0.7
2024-12-12T1500,3293A,120.1501,33.3367,盐城市,月亮广场,,32,32,46,15,24,79,,61,61,15,29,7,7,0.2,0.3
2024-12-12T1500,3436A,120.4279,33.205,盐城市,大丰高级中学,,27,24,41,17,29,84,,61,61,20,33,4,4,0.6,0.7
2024-12-12T1500,1186A,119.389,32.3761,扬州市,邗江监测站,,44,44,79,21,55,51,,24,24,23,38,6,6,0.5,0.8
2024-12-12T1500,2869A,119.447,32.4155,扬州市,五台山医院,,33,33,70,22,53,57,,28,28,23,39,6,3,0.6,0.9
2024-12-12T1500,3164A,119.4686,32.3942,扬州市,广陵建设局,,40,40,78,21,54,53,,26,26,24,37,3,3,0.6,0.8
2024-12-12T1500,3195A,119.3633,32.3972,扬州市,市体育局,,39,39,77,19,54,53,,25,25,23,42,5,4,0.6,0.9
2024-12-12T1500,3294A,119.5653,32.4222,扬州市,引江管理处,,35,33,80,24,54,56,,29,29,22,43,1,6,0.6,0.9
2024-12-12T1500,1699A,111.9797,21.8593,阳江市,鸳鸯湖,,,,,,,,,,,,,,,,
2024-12-12T1500,1701A,111.9491,21.8658,阳江市,马南垌,,40,40,51,21,31,55,,42,42,24,26,8,8,0.6,0.6
2024-12-12T1500,3317A,111.9765,21.8947,阳江市,两阳中学,,40,40,54,18,28,50,,40,40,23,26,9,9,0.6,0.6
2024-12-12T1500,3453A,112.0125,21.8749,阳江市,阳东陶然,,35,35,50,24,27,54,,41,41,22,25,7,8,0.6,0.8
2024-12-12T1500,1738A,113.5758,37.8572,阳泉市,市中心,细颗粒物(PM2.5),119,121,104,90,60,36,,14,14,35,53,12,23,1.1,1.3
2024-12-12T1500,1739A,113.4894,37.8731,阳泉市,赛鱼,细颗粒物(PM2.5),108,129,119,81,79,34,,20,20,42,52,9,7,1.1,1.2
2024-12-12T1500,1740A,113.5819,37.8486,阳泉市,南庄,细颗粒物(PM2.5),118,118,103,89,61,37,,12,12,34,51,10,23,1.2,1.3
2024-12-12T1500,1742A,113.5614,37.8703,阳泉市,平坦,细颗粒物(PM2.5),118,118,108,89,70,32,,14,14,40,55,11,17,1.1,1.2
2024-12-12T1500,1743A,113.5158,37.8392,阳泉市,大阳泉,细颗粒物(PM2.5),97,95,94,72,73,41,,22,22,39,51,10,9,0.9,1
2024-12-12T1500,3619A,113.617,37.8571,阳泉市,龙柱,细颗粒物(PM2.5),134,133,114,102,64,38,,16,16,41,59,14,34,1.1,1.6
2024-12-12T1500,2252A,128.5159,47.4311,伊春市,环保局,,29,21,38,20,30,60,,42,42,11,25,5,4,0.5,0.7
2024-12-12T1500,2253A,128.9102,47.7412,伊春市,电力嘉园,,19,15,37,6,19,58,,35,35,8,24,7,6,0,0.2
2024-12-12T1500,2254A,129.5029,48.471,伊春市,汤旺河国家公园,,22,,8,13,8,68,,50,50,7,9,9,5,0.3,0.3
2024-12-12T1500,3342A,128.4741,47.4346,伊春市,中心小学,,32,28,57,22,58,60,,43,43,8,17,4,4,0.5,0.7
2024-12-12T1500,3343A,128.6871,47.7369,伊春市,检察院,,35,,30,24,32,64,,56,56,9,13,5,6,0.3,0.5
2024-12-12T1500,3344A,128.8431,47.8474,伊春市,双子河社区,,,,33,44,46,56,,46,46,,16,,2,1.9,1.8
2024-12-12T1500,3480A,129.1368,47.6417,伊春市,美溪镇,,38,36,53,26,43,56,,42,42,18,20,8,8,0.5,0.6
2024-12-12T1500,2703A,81.2815,43.9404,伊犁哈萨克自治州,市环保局,颗粒物(PM10),51,52,45,27,34,68,,33,33,17,41,8,13,0.7,1.5
2024-12-12T1500,2704A,81.2996,43.9174,伊犁哈萨克自治州,新政府片区,,,,47,,35,66,,33,31,,39,,7,0.7,1.5
2024-12-12T1500,2705A,81.3364,43.941,伊犁哈萨克自治州,第二水厂,,48,48,48,14,37,73,,36,36,14,37,9,9,0.7,1.7
2024-12-12T1500,1882A,104.563,28.793,宜宾市,石马中学,细颗粒物(PM2.5),55,,53,39,44,28,,38,33,19,21,4,5,0.6,0.6
2024-12-12T1500,1883A,104.6201,28.7728,宜宾市,市委,细颗粒物(PM2.5),69,55,66,50,54,20,,38,29,33,27,9,9,0.8,0.7
2024-12-12T1500,1884A,104.6055,28.793,宜宾市,宜宾四中,细颗粒物(PM2.5),80,60,66,59,57,21,,30,26,29,30,8,8,0.7,0.7
2024-12-12T1500,1885A,104.639,28.7562,宜宾市,市政府,细颗粒物(PM2.5),73,,59,53,52,28,,43,34,29,24,8,8,0.7,0.6
2024-12-12T1500,1886A,104.5742,28.7199,宜宾市,黄金嘴,,49,42,58,34,42,30,,43,38,29,32,6,7,1.0,1
2024-12-12T1500,3728A,104.68,28.8071,宜宾市,白酒学院,细颗粒物(PM2.5),70,71,64,51,47,46,,43,43,21,22,9,9,0.7,0.7
2024-12-12T1500,1840A,111.2992,30.6981,宜昌市,白龙岗,细颗粒物(PM2.5),98,97,74,73,56,35,,49,42,50,35,4,3,0.8,0.6
2024-12-12T1500,1841A,111.3549,30.6465,宜昌市,伍家岗,颗粒物(PM10),106,162,70,73,58,56,,41,37,,41,6,4,0.5,0.6
2024-12-12T1500,1842A,111.2628,30.6961,宜昌市,点军区,细颗粒物(PM2.5),94,99,66,70,44,48,,22,22,39,29,7,5,0.8,0.6
2024-12-12T1500,1843A,111.3275,30.7819,宜昌市,夷陵区,细颗粒物(PM2.5),92,105,77,68,54,32,,30,30,55,37,10,8,0.6,0.6
2024-12-12T1500,3546A,111.4606,30.552,宜昌市,猇亭区张家湾站,细颗粒物(PM2.5),92,100,76,68,48,58,,67,53,36,32,10,9,0.7,0.6
2024-12-12T1500,3653A,111.3119,30.7273,宜昌市,云深路,细颗粒物(PM2.5),108,101,75,81,62,53,,52,45,48,40,7,7,0.9,0.7
2024-12-12T1500,2371A,114.3408,27.8064,宜春市,槟榔水业,,,,,,,,,,,,,,,,
2024-12-12T1500,2373A,114.3956,27.7844,宜春市,市石油公司,细颗粒物(PM2.5),63,69,38,45,37,45,,32,32,20,23,9,7,0.8,0.9
2024-12-12T1500,2374A,114.3703,27.7914,宜春市,市气象局,细颗粒物(PM2.5),60,65,57,43,41,50,,36,36,21,24,10,9,0.9,1
2024-12-12T1500,2375A,114.4013,27.8074,宜春市,市广电局,细颗粒物(PM2.5),72,72,57,52,45,41,,25,25,24,23,18,17,0.8,0.9
2024-12-12T1500,3151A,114.375,27.8097,宜春市,宜春学院北校区,细颗粒物(PM2.5),64,61,51,46,43,49,,36,36,23,24,10,9,0.7,0.9
2024-12-12T1500,3415A,114.4519,28.0828,宜春市,万载县环保局,,,100,66,75,48,35,,31,31,32,29,,16,0.9,0.8
2024-12-12T1500,2467A,112.4067,28.6428,益阳市,甘溪港,细颗粒物(PM2.5),118,113,96,89,68,39,,36,33,20,13,7,5,0.7,0.6
2024-12-12T1500,2468A,112.3458,28.5808,益阳市,市环保局,细颗粒物(PM2.5),117,96,79,88,73,37,,36,34,31,26,4,3,0.6,0.5
2024-12-12T1500,2469A,112.3437,28.5531,益阳市,市特殊教育学校,细颗粒物(PM2.5),127,96,89,96,83,,,39,36,28,20,2,2,0.8,0.7
2024-12-12T1500,2470A,112.3347,28.6047,益阳市,资阳区政务中心,细颗粒物(PM2.5),120,101,80,91,74,37,,35,35,28,27,3,3,0.6,0.5
2024-12-12T1500,2471A,112.3744,28.5819,益阳市,赫山环保分局,细颗粒物(PM2.5),128,115,101,97,79,34,,35,32,28,29,5,2,0.8,0.7
2024-12-12T1500,1484A,105.9512,38.6016,银川市,贺兰山马莲口,,,,,,,,,,,,,,,,
2024-12-12T1500,1488A,106.2328,38.4975,银川市,贺兰山东路,细颗粒物(PM2.5),60,54,99,43,79,78,,42,42,10,37,6,9,0.5,0.8
2024-12-12T1500,1489A,106.1358,38.5036,银川市,学院路,,,,94,53,79,68,,20,,14,43,,10,0.6,1
2024-12-12T1500,2924A,106.2266,38.4418,银川市,水乡路,细颗粒物(PM2.5),63,64,94,45,65,77,,50,50,16,41,12,11,0.6,0.8
2024-12-12T1500,2925A,106.2757,38.4842,银川市,上海东路,细颗粒物(PM2.5),62,45,81,44,76,75,,47,47,13,40,6,5,0.3,0.7
2024-12-12T1500,2926A,106.1015,38.497,银川市,文昌北街,细颗粒物(PM2.5),57,57,101,40,79,71,,39,39,10,40,9,9,0.4,0.8
2024-12-12T1500,3523A,106.5105,38.3856,银川市,滨河新区,细颗粒物(PM2.5),60,68,75,43,66,74,,44,44,24,35,33,27,0.6,0.6
2024-12-12T1500,2357A,116.9822,28.1136,鹰潭市,龙虎山,,,,,,,,,,,,,,,,
2024-12-12T1500,2358A,117.0564,28.2642,鹰潭市,新监测站,,23,17,21,16,17,32,,29,29,15,14,9,10,0.3,0.4
2024-12-12T1500,2359A,117.0311,28.2475,鹰潭市,财苑宾馆,,20,20,22,9,19,30,,28,28,12,14,6,10,0.5,0.6
2024-12-12T1500,2360A,117.0222,28.2264,鹰潭市,体育馆,,24,24,24,14,22,29,,26,26,12,14,13,13,0.5,0.5
2024-12-12T1500,2361A,117.0017,28.2131,鹰潭市,三川水表,,35,28,29,24,36,25,,22,22,15,21,9,10,0.4,0.5
2024-12-12T1500,1597A,122.2703,40.7094,营口市,大庆路,,32,32,93,7,59,57,,34,34,18,50,23,24,0.5,1.7
2024-12-12T1500,1598A,122.2150,40.6511,营口市,镜湖西路,,39,39,57,10,37,60,,42,42,22,47,11,13,0.4,1.1
2024-12-12T1500,1599A,122.1658,40.6789,营口市,西炮台,颗粒物(PM10),65,79,66,12,48,57,,8,,15,43,17,13,0.2,1
2024-12-12T1500,3379A,122.1139,40.2278,营口市,鲅鱼圈市民活动中心,,25,19,55,17,32,54,,42,42,25,39,12,18,0.5,0.8
2024-12-12T1500,3866A,122.2469,40.66302,营口市,三高中,,46,46,66,17,41,59,,40,40,20,37,15,12,0.4,1
2024-12-12T1500,4006A,122.3622,40.6762,营口市,老边实验小学,,36,36,112,16,73,37,,26,26,32,44,15,20,0.9,1.9
2024-12-12T1500,2477A,111.6217,26.2081,永州市,零陵南津渡,细颗粒物(PM2.5),88,89,68,65,48,77,,69,69,16,17,9,10,0.6,0.5
2024-12-12T1500,2478A,111.6156,26.4214,永州市,市环境监测站,细颗粒物(PM2.5),88,70,51,65,49,68,,69,68,17,16,7,8,0.6,0.6
2024-12-12T1500,2479A,111.6236,26.2331,永州市,零陵区环保局,细颗粒物(PM2.5),88,78,55,65,46,74,,61,61,18,20,5,6,0.7,0.7
2024-12-12T1500,2480A,111.5992,26.4364,永州市,永州市环保局,细颗粒物(PM2.5),84,68,47,62,47,71,,68,68,20,20,8,8,0.5,0.5
2024-12-12T1500,2481A,111.5989,26.4519,永州市,冷水滩区环保局,细颗粒物(PM2.5),84,73,54,62,47,70,,68,68,15,19,7,8,0.6,0.6
2024-12-12T1500,2638A,109.7414,38.3344,榆林市,红石峡森林公园,颗粒物(PM10),52,54,48,14,29,82,,55,55,6,32,8,13,0.6,0.9
2024-12-12T1500,2639A,109.7456,38.2911,榆林市,世纪广场,颗粒物(PM10),55,59,56,12,37,73,,48,48,14,50,8,15,0.3,0.8
2024-12-12T1500,2640A,109.7289,38.2839,榆林市,实验中学,颗粒物(PM10),65,79,48,9,32,77,,54,54,11,41,8,15,0.6,0.8
2024-12-12T1500,2641A,109.7336,38.2478,榆林市,环保监测大楼,颗粒物(PM10),60,70,55,10,36,75,,52,52,10,48,6,22,0.4,0.8
2024-12-12T1500,2509A,110.1106,22.7019,玉林市,寒山水库,,30,23,22,21,20,53,,41,41,9,11,3,2,0.6,0.7
2024-12-12T1500,2510A,110.1675,22.6411,玉林市,市监测站,,41,41,37,24,21,58,,42,42,14,19,1,1,0.6,0.7
2024-12-12T1500,2511A,110.1433,22.6164,玉林市,南江一中,,49,49,44,27,23,56,,41,41,15,19,3,2,0.5,0.6
2024-12-12T1500,3532A,110.1945,22.6831,玉林市,玉林师范学院东校区,,38,29,23,26,22,60,,45,45,10,13,3,2,0.6,0.7
2024-12-12T1500,3533A,110.0527,22.5893,玉林市,福绵环保局,,40,30,24,28,21,60,,46,46,16,18,4,4,0.6,0.7
2024-12-12T1500,2675A,97,33.0014,玉树藏族自治州,玉树县结古镇,,,,60,,25,91,,58,58,4,35,7,12,,1.1
2024-12-12T1500,1715A,102.575,24.3711,玉溪市,东风水库,,25,19,23,11,18,77,,54,54,16,19,9,9,0.4,0.6
2024-12-12T1500,2882A,102.5389,24.3703,玉溪市,玉溪一中,,27,16,31,12,19,85,,56,56,6,22,8,9,0.6,0.8
2024-12-12T1500,2883A,102.5381,24.3389,玉溪市,文体中心,,28,18,34,10,18,88,,50,50,8,29,7,8,0.4,0.8
2024-12-12T1500,1847A,113.1094,29.3578,岳阳市,南湖风景区,细颗粒物(PM2.5),93,78,68,69,56,33,,34,26,28,28,6,7,1.0,1
2024-12-12T1500,1848A,113.1493,29.4251,岳阳市,城陵矶,细颗粒物(PM2.5),127,,83,96,86,22,,29,22,43,36,9,11,1.1,1.1
2024-12-12T1500,1849A,113.1497,29.3575,岳阳市,开发区,细颗粒物(PM2.5),117,115,93,88,73,26,,34,27,45,37,12,11,0.9,0.9
2024-12-12T1500,1850A,113.2621,29.4758,岳阳市,云溪区,细颗粒物(PM2.5),82,79,68,60,54,29,,33,28,38,24,8,8,0.8,0.8
2024-12-12T1500,1851A,112.9943,29.4402,岳阳市,君山区,细颗粒物(PM2.5),93,85,75,69,62,38,,31,31,31,28,10,10,0.9,0.8
2024-12-12T1500,1852A,113.2117,29.355,岳阳市,金凤水库,细颗粒物(PM2.5),75,79,67,55,49,28,,35,30,30,20,5,4,1.0,0.9
2024-12-12T1500,1712A,112.0392,22.9169,云浮市,新市府,,27,27,36,17,21,40,,30,30,18,23,4,6,0.7,0.7
2024-12-12T1500,1714A,112.0539,22.9539,云浮市,牧羊,,28,28,30,17,21,48,,37,37,19,26,10,11,0.8,0.8
2024-12-12T1500,3628A,112.0336,22.9374,云浮市,文笔,,31,31,42,18,20,46,,32,32,19,29,12,14,0.7,0.7
2024-12-12T1500,2175A,110.9956,35.0147,运城市,运城中学,细颗粒物(PM2.5),102,146,128,76,98,39,,31,27,28,27,12,10,1.5,1.4
2024-12-12T1500,2178A,110.9686,35.0303,运城市,地区技校,细颗粒物(PM2.5),108,143,129,81,91,47,,32,32,25,29,13,10,1.3,1.4
2024-12-12T1500,2179A,111.0414,35.1147,运城市,空港新区,颗粒物(PM10),85,119,131,49,113,50,,27,27,18,40,8,8,0.6,1.5
2024-12-12T1500,3667A,111.0283,35.0547,运城市,水利职院,细颗粒物(PM2.5),90,125,133,67,115,49,,25,25,20,34,12,10,0.8,1.3
2024-12-12T1500,3670A,111.0522,35.0439,运城市,禹都公园,颗粒物(PM10),89,128,129,41,110,53,,32,32,19,28,12,10,0.8,1.1
2024-12-12T1500,1637A,117.558,34.8438,枣庄市,市中区政府,颗粒物(PM10),53,56,70,34,39,70,,51,51,23,39,5,4,0.7,0.8
2024-12-12T1500,1638A,117.2852,34.7837,枣庄市,薛城环保局,颗粒物(PM10),55,59,70,30,38,72,,54,54,23,41,7,6,0.3,0.4
2024-12-12T1500,1639A,117.5852,34.7745,枣庄市,峄城区政府,颗粒物(PM10),57,63,58,30,28,61,,52,52,28,30,15,9,0.3,0.3
2024-12-12T1500,1640A,117.7276,34.5578,枣庄市,台儿庄区环保局,,,,72,,45,,,42,42,26,45,3,5,0.5,0.8
2024-12-12T1500,1641A,117.4518,35.0992,枣庄市,山亭区环保局,细颗粒物(PM2.5),55,51,49,39,34,76,,59,59,23,28,5,4,0.4,0.4
2024-12-12T1500,3364A,117.3152,34.8103,枣庄市,市环保局,,44,44,61,29,34,69,,55,55,23,33,5,4,0.2,0.3
2024-12-12T1500,1680A,110.3539,21.2706,湛江市,湛江影剧院,颗粒物(PM10),53,56,46,34,30,86,,50,50,16,20,12,18,0.8,0.8
2024-12-12T1500,1681A,110.3928,21.2228,湛江市,市环境监测站,颗粒物(PM10),52,54,44,34,33,81,,49,49,18,19,16,14,0.9,0.8
2024-12-12T1500,1682A,110.4019,21.1997,湛江市,环保局宿舍,细颗粒物(PM2.5),52,50,46,36,37,86,,50,50,15,19,13,12,0.8,0.8
2024-12-12T1500,1683A,110.4111,21.2028,湛江市,霞山游泳场,,,50,51,34,34,87,,57,57,14,20,14,12,,0.8
2024-12-12T1500,1684A,110.3316,21.2679,湛江市,麻章区环保局,细颗粒物(PM2.5),62,63,52,44,37,80,,46,46,17,22,17,16,0.9,0.9
2024-12-12T1500,1685A,110.4558,21.2567,湛江市,坡头区环保局,颗粒物(PM10),54,57,44,36,35,91,,55,55,14,16,14,12,0.8,0.8
2024-12-12T1500,1858A,110.5319,29.1217,张家界市,永定新区,细颗粒物(PM2.5),92,81,65,68,56,67,,49,49,21,26,10,6,0.4,0.4
2024-12-12T1500,1859A,110.4697,29.1242,张家界市,电业局,细颗粒物(PM2.5),84,78,61,62,49,65,,58,58,21,23,7,7,0.5,0.5
2024-12-12T1500,1860A,110.5594,29.3547,张家界市,未央路,细颗粒物(PM2.5),83,78,51,61,42,77,,56,56,13,11,7,5,0.6,0.5
2024-12-12T1500,1861A,110.4417,29.315,张家界市,袁家界,,,,,,,,,,,,,,,,
2024-12-12T1500,1057A,114.8883,40.8336,张家口市,人民公园,,24,18,37,6,30,74,,50,50,3,21,2,3,0.2,0.5
2024-12-12T1500,1059A,114.8687,40.8042,张家口市,五金库,,21,21,42,10,24,67,,48,48,12,23,3,3,0.3,0.5
2024-12-12T1500,1060A,114.8902,40.762,张家口市,世纪豪园,,27,27,47,7,30,72,,45,45,12,24,6,6,0.3,0.5
2024-12-12T1500,1061A,114.8916,40.8661,张家口市,北泵房,,26,22,42,16,28,82,,59,59,5,16,6,8,0.6,0.7
2024-12-12T1500,3131A,114.879,40.7993,张家口市,烟厂,,,,43,,27,,,40,,,20,,4,,0.5
2024-12-12T1500,3323A,115.2773,40.9724,张家口市,青少年活动中心,,23,17,25,6,17,72,,57,57,6,15,4,7,0,0.2
2024-12-12T1500,2654A,100.4698,38.9524,张掖市,润泉湖,颗粒物(PM10),57,64,76,19,59,79,,71,71,10,27,9,11,0.5,0.8
2024-12-12T1500,2655A,100.4154,38.9422,张掖市,区工会,颗粒物(PM10),57,63,83,20,51,76,,70,70,14,29,8,10,0.6,0.9
2024-12-12T1500,2075A,117.6336,24.4674,漳州市,九湖,,,,,,,,,,,,,,,,
2024-12-12T1500,2920A,117.7116,24.506,漳州市,蓝田镇,,33,33,30,17,16,30,,30,20,28,24,3,5,0.5,0.5
2024-12-12T1500,3216A,114.6622,24.5183,漳州市,漳州党校,,34,34,35,18,20,28,,27,16,28,23,3,4,0.7,0.6
2024-12-12T1500,3530A,117.6296,24.5314,漳州市,西洋坪路,,30,30,27,21,19,21,,29,15,29,21,4,4,0.7,0.7
2024-12-12T1500,2596A,103.7667,27.3736,昭通市,监测站,,33,33,35,15,26,34,,38,35,20,19,6,5,0.5,0.5
2024-12-12T1500,2597A,103.7225,27.3361,昭通市,环保局,,25,,30,17,28,42,,42,41,17,19,8,14,0.6,0.5
2024-12-12T1500,1397A,112.4267,23.0706,肇庆市,睦岗子站,,30,30,23,17,13,52,,33,33,23,22,5,4,0.4,0.3
2024-12-12T1500,1398A,112.4645,23.0475,肇庆市,城中子站,,27,27,23,16,13,52,,37,37,20,18,8,7,0.7,0.7
2024-12-12T1500,1399A,112.5544,23.1522,肇庆市,坑口子站,,26,26,20,18,13,61,,32,32,17,16,4,4,0.7,0.7
2024-12-12T1500,1400A,112.4753,23.1,肇庆市,七星岩子站,,,25,19,18,13,,,28,27,22,19,,6,0.7,0.7
2024-12-12T1500,3313A,112.4575,23.0166,肇庆市,高要湖西,,29,29,27,20,15,49,,37,37,27,24,5,4,0.5,0.5
2024-12-12T1500,3451A,112.5617,23.2083,肇庆市,鼎湖凤凰,,29,27,23,20,16,76,,44,44,11,17,6,6,0.7,0.8
2024-12-12T1500,1203A,119.6707,32.1875,镇江市,新区办事处,,42,42,80,24,51,48,,24,24,28,54,5,7,0.4,0.7
2024-12-12T1500,1204A,119.4974,32.1968,镇江市,职教中心,,,39,74,24,52,39,,22,22,30,42,,6,0.5,0.7
2024-12-12T1500,1205A,119.4303,32.1328,镇江市,丹徒区监测站,,40,40,73,25,52,46,,28,28,29,44,6,6,0.4,0.6
2024-12-12T1500,2870A,119.4424,32.1873,镇江市,市疾控中心,,,,76,,54,,,25,,,49,,5,,0.8
2024-12-12T1500,3287A,119.3842,32.1976,镇江市,富润路1号,,42,42,82,26,60,56,,27,27,18,49,8,10,0.6,0.7
2024-12-12T1500,1316A,113.69031,34.76122,郑州市,烟厂,细颗粒物(PM2.5),133,107,83,101,66,47,,28,28,38,50,7,6,0.7,0.7
2024-12-12T1500,1317A,113.65724,34.77134,郑州市,郑纺机,细颗粒物(PM2.5),137,107,89,104,65,45,,23,23,42,59,8,6,0.9,0.9
2024-12-12T1500,1318A,113.67526,34.80246,郑州市,银行学校,细颗粒物(PM2.5),153,129,78,117,72,42,,27,27,39,57,10,6,0.9,0.8
2024-12-12T1500,1319A,113.56746,34.81334,郑州市,供水公司,细颗粒物(PM2.5),137,,89,104,67,41,,22,22,38,51,14,8,0.9,0.9
2024-12-12T1500,1320A,113.7329,34.7178,郑州市,经开区管委,细颗粒物(PM2.5),159,124,98,121,85,50,,25,25,38,58,9,7,0.7,0.8
2024-12-12T1500,1321A,113.73961,34.77172,郑州市,四十七中,细颗粒物(PM2.5),135,124,85,103,71,45,,23,23,34,51,5,4,0.8,0.8
2024-12-12T1500,1322A,113.60532,34.74838,郑州市,市监测站,细颗粒物(PM2.5),133,110,103,101,77,47,,24,24,40,57,9,8,0.6,0.7
2024-12-12T1500,1323A,113.64164,34.7525,郑州市,河医大,细颗粒物(PM2.5),139,109,88,106,72,48,,25,25,30,50,9,8,0.7,0.8
2024-12-12T1500,1324A,113.51488,34.91089,郑州市,岗李水库,,,,,,,,,,,,,,,,
2024-12-12T1500,3471A,113.616563,34.86783,郑州市,惠济区政府,细颗粒物(PM2.5),147,133,96,112,75,36,,19,19,43,50,16,10,0.9,0.8
2024-12-12T1500,3590A,113.8374,34.5589,郑州市,北区建设指挥部,细颗粒物(PM2.5),135,112,83,103,72,63,,34,34,27,49,10,10,0.8,0.8
2024-12-12T1500,3591A,113.30952,34.803229,郑州市,上街区政府,细颗粒物(PM2.5),139,115,111,106,82,38,,17,17,45,59,10,11,1.0,1
2024-12-12T1500,1379A,113.3769,22.5211,中山市,华柏园,,40,40,42,19,28,59,,34,34,36,34,7,8,0.6,0.6
2024-12-12T1500,1380A,113.3881,22.5497,中山市,张溪,,48,48,44,24,22,59,,33,33,34,33,4,3,0.7,0.7
2024-12-12T1500,1381A,113.4075,22.5111,中山市,紫马岭,,49,49,44,22,22,65,,36,36,33,32,6,6,0.7,0.7
2024-12-12T1500,1382A,113.4411,22.4853,中山市,长江旅游区,,43,43,45,25,24,77,,41,41,33,31,6,7,0.9,0.9
2024-12-12T1500,3454A,113.3528,22.478,中山市,中山南区,,39,39,43,22,28,65,,37,37,35,36,5,5,0.7,0.7
2024-12-12T1500,2680A,105.0025,37.4635,中卫市,沙坡头消防站,,,,,,,,,,,,,,,,
2024-12-12T1500,2682A,105.1971,37.5002,中卫市,环保局站,,35,35,46,19,40,87,,78,78,13,22,6,6,0.3,0.4
2024-12-12T1500,3650A,105.1698,37.5162,中卫市,沙坡头区政府站,,33,32,53,23,48,85,,76,76,9,20,6,6,0.3,0.4
2024-12-12T1500,1414A,106.3787,29.8279,重庆市,缙云山,,19,19,36,13,25,37,,35,35,15,21,5,4,0.4,0.4
2024-12-12T1500,1416A,106.4213,29.8253,重庆市,天生,,40,40,59,28,36,30,,30,24,23,30,7,7,0.8,0.8
2024-12-12T1500,1417A,106.6263,29.7228,重庆市,两路,,44,44,66,30,44,16,,21,15,32,35,5,5,0.7,0.8
2024-12-12T1500,1418A,106.2953,29.5983,重庆市,虎溪,,43,43,65,27,49,18,,22,14,32,35,6,6,0.5,0.5
2024-12-12T1500,1419A,106.5777,29.5102,重庆市,南坪,细颗粒物(PM2.5),53,,62,37,53,26,,18,18,26,33,7,8,0.7,0.8
2024-12-12T1500,1420A,106.6556,29.6277,重庆市,唐家沱,,39,30,58,27,45,39,,26,18,19,28,5,6,0.6,0.7
2024-12-12T1500,1421A,106.6349,29.4906,重庆市,茶园,颗粒物(PM10),52,53,70,33,51,21,,17,14,32,38,7,8,0.7,0.8
2024-12-12T1500,1422A,106.3754,29.4572,重庆市,白市驿,,42,36,54,29,43,16,,18,13,35,33,6,7,0.7,0.7
2024-12-12T1500,1425A,106.6205,29.7166,重庆市,空港,,43,34,56,30,45,28,,26,22,30,37,6,6,0.8,0.8
2024-12-12T1500,1426A,106.4782,29.4875,重庆市,新山村,,48,48,62,25,39,18,,17,12,46,47,3,4,0.8,0.9
2024-12-12T1500,1427A,106.5616,29.6453,重庆市,礼嘉,,43,34,55,30,46,36,,28,23,25,33,6,6,0.7,0.8
2024-12-12T1500,1428A,106.4522,29.7091,重庆市,蔡家,,32,27,58,22,42,19,,26,16,27,29,6,6,0.6,0.6
2024-12-12T1500,1429A,106.5093,29.3917,重庆市,鱼新街,,47,47,68,27,44,22,,14,14,30,33,9,9,0.4,0.5
2024-12-12T1500,3014A,106.4958,29.5346,重庆市,歇台子,,45,36,54,31,42,9,,18,13,39,33,6,7,0.7,0.7
2024-12-12T1500,3015A,106.4037,29.5728,重庆市,龙井湾,,38,38,64,22,40,28,,25,22,28,34,5,6,0.7,0.7
2024-12-12T1500,3016A,106.5507,29.4153,重庆市,龙洲湾,,49,49,63,32,42,21,,13,12,28,31,4,5,0.6,0.6
2024-12-12T1500,3133A,106.5468,29.5654,重庆市,上清寺,,50,43,62,35,49,23,,24,18,34,36,6,7,0.7,0.7
2024-12-12T1500,3346A,108.3872,31.1628,重庆市,安康,细颗粒物(PM2.5),53,45,58,37,35,43,,19,19,14,18,6,7,0.6,0.7
2024-12-12T1500,3347A,105.9017,29.3569,重庆市,北山路,,45,33,56,31,50,30,,23,23,26,33,9,10,0.8,0.8
2024-12-12T1500,3348A,105.839,30.1946,重庆市,春阳街,细颗粒物(PM2.5),55,55,64,39,53,20,,31,18,19,23,5,12,0.7,0.7
2024-12-12T1500,3349A,107.7983,30.6758,重庆市,人民东路,细颗粒物(PM2.5),57,48,51,40,37,40,,26,26,8,15,6,6,0.6,0.6
2024-12-12T1500,3350A,106.6479,29.0244,重庆市,滩子口,,26,24,50,18,44,51,,48,48,13,24,7,8,0.4,0.6
2024-12-12T1500,3351A,105.7167,29.7076,重庆市,棠香,,33,27,56,23,45,29,,25,25,20,26,6,6,0.7,0.7
2024-12-12T1500,3352A,107.0732,29.8617,重庆市,桃源西路,,35,31,59,24,40,27,,21,15,14,20,11,12,0.3,0.4
2024-12-12T1500,3353A,107.3535,29.7287,重庆市,迎宾大道,,29,24,49,20,38,31,,33,33,20,25,5,5,0.6,0.9
2024-12-12T1500,3354A,108.815,29.5081,重庆市,舟白,细颗粒物(PM2.5),64,62,43,46,38,51,,40,40,14,11,9,8,0.4,0.4
2024-12-12T1500,3355A,108.3679,30.8426,重庆市,周家坝,,48,,36,33,32,40,,38,37,19,25,10,11,0.6,0.5
2024-12-12T1500,3356A,108.4319,30.7555,重庆市,百安坝,细颗粒物(PM2.5),57,,38,40,34,44,,46,42,14,18,8,7,0.5,0.5
2024-12-12T1500,3482A,107.7541,29.3277,重庆市,芙蓉中路,,43,41,44,30,34,49,,52,50,18,20,6,6,0.7,0.7
2024-12-12T1500,3483A,108.7661,29.5368,重庆市,西山,"颗粒物(PM10),细颗粒物(PM2.5)",58,65,35,41,24,57,,51,51,16,13,3,4,0.5,0.5
2024-12-12T1500,3484A,106.2628,29.32,重庆市,行政中心,,,37,58,22,38,16,,13,13,36,33,,6,0.6,0.7
2024-12-12T1500,3485A,107.0944,29.1608,重庆市,高寺路,,35,34,35,24,23,45,,46,44,5,8,4,4,0.3,0.4
2024-12-12T1500,3599A,106.2649,29.9851,重庆市,书院路,,42,37,46,29,44,29,,31,27,20,22,7,7,0.5,0.5
2024-12-12T1500,3600A,106.2339,29.5559,重庆市,虎峰,,42,42,62,29,50,23,,23,18,29,31,2,3,0.7,0.7
2024-12-12T1500,3601A,106.0499,29.8342,重庆市,龙门街,,36,36,58,20,35,22,,22,18,33,35,12,11,0.6,0.6
2024-12-12T1500,3610A,105.5933,29.4105,重庆市,昌元,,35,34,66,24,48,24,,20,20,28,33,5,6,0.6,0.7
2024-12-12T1500,1258A,122.122,30.0203,舟山市,定海檀枫,,21,,43,13,33,65,,41,41,13,26,8,8,0.3,0.7
2024-12-12T1500,1260A,122.19,29.9944,舟山市,临城新区,,22,12,28,7,18,69,,50,50,12,23,9,10,0.3,0.6
2024-12-12T1500,4033A,122.3123,29.9619,舟山市,普陀东港中学,,22,17,36,3,21,69,,52,52,9,22,8,8,0.3,0.5
2024-12-12T1500,2067A,114.6613,33.6128,周口市,市环境监测站,细颗粒物(PM2.5),114,97,94,86,80,74,,43,43,22,31,9,8,0.5,0.6
2024-12-12T1500,2068A,114.6758,33.6347,周口市,周口师范,细颗粒物(PM2.5),114,104,101,86,83,76,,41,41,29,45,8,6,0.5,0.6
2024-12-12T1500,2069A,114.6546,33.5979,周口市,市运管处,细颗粒物(PM2.5),107,108,100,80,76,,,39,39,23,34,7,6,0.5,0.6
2024-12-12T1500,2070A,114.6369,33.6406,周口市,川汇区环保局,细颗粒物(PM2.5),108,97,102,81,83,82,,47,47,21,39,9,8,0.5,0.5
2024-12-12T1500,1515A,113.135,27.8244,株洲市,天台山庄,细颗粒物(PM2.5),80,73,75,59,59,23,,23,23,36,31,4,5,0.7,0.7
2024-12-12T1500,1518A,113.095,27.8867,株洲市,株冶医院,细颗粒物(PM2.5),74,77,72,54,76,22,,27,27,40,29,8,7,0.8,0.7
2024-12-12T1500,1519A,113.167,27.8667,株洲市,市四中,细颗粒物(PM2.5),80,70,77,59,62,22,,21,20,36,31,2,2,0.7,0.7
2024-12-12T1500,1520A,113.143,27.8381,株洲市,火车站,细颗粒物(PM2.5),77,67,72,56,63,27,,24,21,34,33,6,7,0.8,0.7
2024-12-12T1500,1524A,113.13,27.8528,株洲市,市监测站,细颗粒物(PM2.5),93,78,81,69,68,24,,26,26,41,35,4,5,0.8,0.8
2024-12-12T1500,1559A,113.251,27.8336,株洲市,大京风景区,,,,,,,,,,,,,,,,
2024-12-12T1500,2031A,113.1817,27.9958,株洲市,云田中学,细颗粒物(PM2.5),87,73,68,64,59,17,,28,23,41,26,6,5,0.8,0.7
2024-12-12T1500,1367A,113.5814,22.2618,珠海市,吉大,,40,40,55,22,35,124,,57,57,29,35,6,7,0.7,0.7
2024-12-12T1500,1368A,113.4881,22.2335,珠海市,前山,,43,43,52,20,28,104,,48,48,33,34,7,7,0.6,0.7
2024-12-12T1500,1369A,113.628,22.4251,珠海市,唐家,,40,38,51,28,29,120,,55,55,30,33,5,5,0.6,0.6
2024-12-12T1500,1370A,113.299,22.2281,珠海市,斗门,,43,43,52,22,27,72,,40,40,34,36,7,7,0.7,0.7
2024-12-12T1500,3308A,113.3494,22.0569,珠海市,金湾,颗粒物(PM10),51,51,62,23,30,88,,48,48,29,34,9,9,0.7,0.7
2024-12-12T1500,3448A,113.5433,22.1163,珠海市,横琴,,39,39,50,23,30,109,,56,56,32,32,5,5,0.7,0.8
2024-12-12T1500,2420A,114.0189,32.9656,驻马店市,市一纸厂,细颗粒物(PM2.5),114,129,138,86,88,81,,45,45,25,37,8,8,,0.7
2024-12-12T1500,2421A,114.0114,33.015,驻马店市,市彩印厂,细颗粒物(PM2.5),109,109,130,82,90,77,,51,51,16,29,11,11,0.4,0.5
2024-12-12T1500,2422A,113.9976,32.9771,驻马店市,天方二分厂,细颗粒物(PM2.5),156,157,132,119,92,74,,46,46,39,47,7,6,0.6,0.6
2024-12-12T1500,3339A,114.0012,33.0412,驻马店市,小管楼,细颗粒物(PM2.5),104,108,127,78,85,80,,46,46,24,37,12,9,0.5,0.6
2024-12-12T1500,2561A,104.6617,30.1372,资阳市,莲花山,细颗粒物(PM2.5),58,43,60,41,47,51,,45,45,10,16,4,4,0.5,0.5
2024-12-12T1500,2562A,104.6356,30.1506,资阳市,资阳中学,细颗粒物(PM2.5),60,43,57,43,48,49,,46,46,13,21,4,3,0.6,0.6
2024-12-12T1500,2563A,104.6295,30.1383,资阳市,四三一厂,细颗粒物(PM2.5),62,51,68,44,48,50,,44,44,18,27,2,2,0.6,0.7
2024-12-12T1500,2564A,104.6463,30.1146,资阳市,师范校,细颗粒物(PM2.5),70,,64,51,51,50,,40,40,14,25,1,1,0.6,0.7
2024-12-12T1500,2565A,104.6296,30.1256,资阳市,区法院,细颗粒物(PM2.5),62,53,62,44,48,52,,47,47,13,23,2,2,0.5,0.5
2024-12-12T1500,1631A,118.0414,36.8103,淄博市,人民公园,颗粒物(PM10),60,70,60,41,33,34,,20,20,48,46,16,12,1.0,1
2024-12-12T1500,1633A,117.8525,36.4847,淄博市,双山,,48,48,49,31,29,46,,29,29,35,48,13,13,1.2,1
2024-12-12T1500,1634A,117.9592,36.6331,淄博市,气象站,,46,46,60,27,31,50,,26,26,26,43,14,16,1.0,0.9
2024-12-12T1500,1635A,118.3092,36.8194,淄博市,莆田园,,41,41,77,24,36,55,,26,26,29,44,12,23,0.7,2.1
2024-12-12T1500,3363A,117.9883,36.8372,淄博市,新区,颗粒物(PM10),53,56,60,29,31,34,,10,10,39,46,20,15,0.9,0.9
2024-12-12T1500,3644A,117.8661,36.805,淄博市,三金集团,,,70,67,36,32,37,,17,17,42,46,,14,0.8,0.9
2024-12-12T1500,3645A,118.0253,36.8406,淄博市,东风化工厂,颗粒物(PM10),54,58,56,29,26,40,,20,20,34,40,12,10,0.6,0.7
2024-12-12T1500,3027A,104.72,29.3427,自贡市,青杠林路,颗粒物(PM10),58,66,75,40,47,28,,28,28,24,27,3,2,0.5,0.5
2024-12-12T1500,3028A,104.776,29.3627,自贡市,檀木林体育馆,细颗粒物(PM2.5),60,57,73,43,48,34,,26,26,20,25,6,6,0.4,0.4
2024-12-12T1500,3360A,104.7894,29.3194,自贡市,南湖救助站,细颗粒物(PM2.5),70,71,77,51,58,28,,20,20,22,28,7,7,0.4,0.4
2024-12-12T1500,3638A,104.7636,29.3338,自贡市,轻化工大学,细颗粒物(PM2.5),69,54,61,50,50,33,,24,24,19,28,2,2,0.5,0.5
2024-12-12T1500,1911A,106.9222,27.6869,遵义市,丁字口,,28,23,27,19,24,48,,66,53,13,10,9,8,0.4,0.5
2024-12-12T1500,1912A,106.9242,27.7019,遵义市,凤凰山,,36,36,30,23,24,43,,59,47,11,10,3,7,0.6,0.6
2024-12-12T1500,1913A,106.8906,27.6486,遵义市,忠庄,,42,29,30,29,29,47,,61,52,10,9,2,3,0.4,0.4
2024-12-12T1500,1914A,106.9231,27.6506,遵义市,舟水桥,,33,33,37,10,22,52,,64,55,10,7,6,4,0.3,0.7
2024-12-12T1500,1915A,106.9178,27.72,遵义市,干田坝,,30,22,26,21,26,44,,58,42,18,15,10,10,0.6,0.7
2024-12-12T1500,3536A,106.8547,27.5919,遵义市,第十二小学,,35,32,30,24,23,47,,57,53,13,11,7,12,0.4,0.6
