timepoint,stationcode,longitude,latitude,area,positionname,primarypollutant,aqi,pm10,pm10_24h,pm2_5,pm2_5_24h,o3,o3_24h,o3_8h,o3_8h_24h,no2,no2_24h,so2,so2_24h,co,co_24h
2022-07-01T00:00:00,1001A,116.3621,39.8784,北京市,万寿西宫,"颗粒物(PM10),细颗粒物(PM2.5)",62,73,27,44,15,156,86,143,118,12,11,4,4,0.9,0.6
2022-07-01T00:00:00,1002A,116.2202,40.2915,北京市,定陵(对照点),,35,35,18,18,8,111,71,93,66,7,4,3,3,0.5,0.4
2022-07-01T00:00:00,1003A,116.4174,39.9289,北京市,东四,细颗粒物(PM2.5),60,59,29,43,15,172,126,157,145,13,16,3,4,0.8,0.5
2022-07-01T00:00:00,1004A,116.4072,39.8863,北京市,天坛,细颗粒物(PM2.5),67,62,26,48,17,149,78,136,114,14,13,1,2,0.8,0.5
2022-07-01T00:00:00,1005A,116.462,39.9365,北京市,农展馆,,,58,30,,18,163,111,151,138,7,12,3,2,0.8,0.5
2022-07-01T00:00:00,1006A,116.3392,39.9295,北京市,官园,细颗粒物(PM2.5),70,59,26,51,16,167,118,145,127,13,19,3,3,0.9,0.5
2022-07-01T00:00:00,1007A,116.2878,39.9611,北京市,海淀万柳,,,,,,,,,,,,,,,,
2022-07-01T00:00:00,1008A,116.6636,40.135,北京市,顺义新城,颗粒物(PM10),51,52,29,32,16,132,95,126,116,9,13,3,3,0.6,0.4
2022-07-01T00:00:00,1009A,116.6275,40.3275,北京市,怀柔镇,,39,28,22,18,11,138,123,129,127,6,8,1,3,0.4,0.3
2022-07-01T00:00:00,1010A,116.2296,40.217,北京市,昌平镇,细颗粒物(PM2.5),64,67,22,46,13,120,103,107,94,9,11,3,3,0.7,0.4
2022-07-01T00:00:00,1011A,116.3966,39.9821,北京市,奥体中心,细颗粒物(PM2.5),55,50,28,39,17,148,125,140,137,11,15,3,2,0.8,0.5
2022-07-01T00:00:00,1012A,116.184,39.9136,北京市,古城,,38,16,27,11,16,162,120,143,113,9,20,3,3,0.5,0.5
2022-07-01T00:00:00,1015A,117.1444,39.1661,天津市,勤俭道,细颗粒物(PM2.5),73,78,53,53,33,184,87,158,133,17,20,8,8,0.9,1
2022-07-01T00:00:00,1017A,117.237,39.1082,天津市,大直沽八号路,颗粒物(PM10),56,62,50,26,26,164,78,146,124,14,16,5,6,0.6,1.1
2022-07-01T00:00:00,1018A,117.202,39.0927,天津市,前进道,细颗粒物(PM2.5),58,49,46,41,28,133,62,122,99,22,20,10,9,1.0,1.2
2022-07-01T00:00:00,1019A,117.1837,39.2133,天津市,淮河道,细颗粒物(PM2.5),102,114,59,76,36,183,68,160,127,28,22,7,8,1.1,1.2
2022-07-01T00:00:00,1021A,117.307,39.0877,天津市,跃进路,,48,48,51,17,20,152,73,131,111,17,20,6,6,0.4,0.9
2022-07-01T00:00:00,1023A,117.707,39.0343,天津市,第四大街,颗粒物(PM10),54,58,75,27,30,130,70,114,80,24,34,5,6,0.6,1.1
2022-07-01T00:00:00,1024A,117.457,38.8394,天津市,永明路,,33,17,40,13,24,157,105,147,126,4,22,5,7,0.4,0.9
2022-07-01T00:00:00,1026A,117.764,39.1587,天津市,汉北路,,34,31,42,22,26,189,106,167,129,6,15,5,7,0.7,1.2
2022-07-01T00:00:00,1027A,117.157,38.9194,天津市,团泊洼(对照点),,33,33,45,11,19,156,95,148,120,6,14,6,8,0.9,1.5
2022-07-01T00:00:00,1029A,114.4422,38.0444,石家庄市,职工医院,,37,37,36,12,13,170,114,159,140,15,13,2,2,0.9,0.7
2022-07-01T00:00:00,1030A,114.6063,38.0266,石家庄市,高新区,,34,18,28,11,18,153,106,146,132,20,15,6,5,0.3,0.4
2022-07-01T00:00:00,1031A,114.4898,38.1328,石家庄市,西北水源,,27,15,21,13,15,159,86,152,129,19,10,6,5,0.3,0.3
2022-07-01T00:00:00,1032A,114.4586,38.0058,石家庄市,西南高教,,31,15,24,19,20,133,97,116,99,16,10,4,5,0.3,0.4
2022-07-01T00:00:00,1033A,114.5331,38.0178,石家庄市,世纪公园,,36,23,31,19,19,148,113,138,124,13,11,5,4,0.3,0.4
2022-07-01T00:00:00,1034A,114.509,38.0457,石家庄市,人民会堂,,39,18,22,14,15,164,124,156,143,10,10,4,5,0.3,0.4
2022-07-01T00:00:00,1035A,114.3524,37.8911,石家庄市,封龙山(对照点),,42,30,23,23,14,164,132,149,146,7,8,2,2,0.5,0.4
2022-07-01T00:00:00,1037A,118.131,39.6363,唐山市,雷达站,颗粒物(PM10),51,52,48,22,21,179,69,152,83,19,28,2,7,0.4,1
2022-07-01T00:00:00,1038A,118.1725,39.6334,唐山市,物资局,,,,46,,18,180,,147,92,,20,,10,,1.1
2022-07-01T00:00:00,1040A,118.1705,39.6506,唐山市,十二中,细颗粒物(PM2.5),57,52,41,40,33,172,59,144,80,22,27,5,8,0.6,1
2022-07-01T00:00:00,1041A,118.1869,39.622,唐山市,小山,颗粒物(PM10),52,54,44,22,23,181,70,147,91,17,23,3,7,0.4,1.1
2022-07-01T00:00:00,1042A,119.5134,39.8207,秦皇岛市,北戴河环保局,颗粒物(PM10),53,56,41,17,12,143,124,133,132,6,17,6,7,0.3,0.4
2022-07-01T00:00:00,1043A,119.7493,40.0116,秦皇岛市,第一关,,49,49,36,24,16,121,40,117,92,54,28,9,11,0.2,0.2
2022-07-01T00:00:00,1044A,119.5897,39.9499,秦皇岛市,监测站,,45,39,28,31,14,125,78,115,107,33,26,6,6,0.2,0.2
2022-07-01T00:00:00,1046A,119.5251,39.9041,秦皇岛市,建设大厦,,35,35,29,22,10,124,62,120,110,24,13,2,5,0.3,0.3
2022-07-01T00:00:00,1048A,114.5302,36.6116,邯郸市,东污水处理厂,细颗粒物(PM2.5),54,48,41,38,29,157,80,125,113,28,17,4,5,0.9,0.8
2022-07-01T00:00:00,1049A,114.4918,36.5713,邯郸市,矿院,细颗粒物(PM2.5),73,57,39,53,32,155,62,125,109,30,18,4,4,1.3,0.9
2022-07-01T00:00:00,1050A,114.484,36.6133,邯郸市,丛台公园,细颗粒物(PM2.5),77,74,47,56,34,164,93,136,128,29,21,6,4,1.0,0.6
2022-07-01T00:00:00,1051A,115.493,38.8632,保定市,游泳馆,,37,37,19,16,10,160,37,148,99,51,13,6,7,0.2,0.2
2022-07-01T00:00:00,1052A,115.5213,38.8959,保定市,华电二区,颗粒物(PM10),65,79,34,10,9,157,24,143,99,72,21,5,4,0.4,0.4
2022-07-01T00:00:00,1053A,115.4713,38.9108,保定市,接待中心,,43,43,25,12,9,155,41,146,108,47,18,2,3,0.5,0.5
2022-07-01T00:00:00,1054A,115.4612,38.8416,保定市,地表水厂,,45,45,31,22,14,143,27,131,86,39,12,6,6,0.4,0.4
2022-07-01T00:00:00,1055A,115.4323,38.8697,保定市,胶片厂,,38,38,25,8,7,168,56,155,112,32,18,4,5,0.4,0.4
2022-07-01T00:00:00,1056A,115.5086,38.8639,保定市,监测站,,42,42,26,9,11,163,51,149,107,43,19,9,7,0.4,0.3
2022-07-01T00:00:00,1057A,114.8883,40.8336,张家口市,人民公园,,26,26,23,2,4,142,50,121,88,9,10,4,5,0.1,0.2
2022-07-01T00:00:00,1059A,114.8687,40.8042,张家口市,五金库,,24,24,21,7,7,138,55,117,92,11,13,6,7,0.2,0.3
2022-07-01T00:00:00,1060A,114.8902,40.762,张家口市,世纪豪园,,50,50,23,25,13,144,49,123,97,28,14,4,4,0.3,0.3
2022-07-01T00:00:00,1061A,114.8916,40.8661,张家口市,北泵房(对照点),,39,30,25,27,14,147,38,115,80,12,7,5,6,0.5,0.5
2022-07-01T00:00:00,1062A,117.9531,40.9081,承德市,铁路,,29,29,28,15,13,110,56,96,72,18,18,3,2,0.4,0.4
2022-07-01T00:00:00,1063A,117.9392,40.9763,承德市,中国银行,,13,12,13,6,9,113,34,106,79,26,13,4,4,0.3,0.2
2022-07-01T00:00:00,1064A,117.9503,40.928,承德市,开发区,,31,31,25,11,11,117,61,102,76,14,12,2,3,0.4,0.4
2022-07-01T00:00:00,1065A,117.8051,40.9655,承德市,文化中心,,23,19,18,3,10,120,71,116,103,15,12,4,4,0.4,0.3
2022-07-01T00:00:00,1066A,117.9268,41.0026,承德市,离宫(对照点),,22,9,16,15,10,106,10,92,50,13,7,6,7,0.4,0.3
2022-07-01T00:00:00,1067A,116.6708,39.5111,廊坊市,药材公司,,33,32,33,23,21,150,102,142,132,14,20,2,3,0.5,0.6
2022-07-01T00:00:00,1068A,116.7214,39.5589,廊坊市,开发区,,29,18,30,19,23,153,92,143,129,18,27,6,7,0.6,0.6
2022-07-01T00:00:00,1070A,116.7244,39.5269,廊坊市,北华航天学院,,40,40,44,22,24,157,105,149,138,20,26,8,9,0.5,0.5
2022-07-01T00:00:00,1071A,116.8842,38.2991,沧州市,沧县城建局,细颗粒物(PM2.5),59,56,52,42,32,166,26,137,56,54,38,7,8,0.7,0.8
2022-07-01T00:00:00,1072A,116.8584,38.3254,沧州市,电视转播站,,44,44,37,24,25,153,29,125,54,38,28,10,11,0.5,0.6
2022-07-01T00:00:00,1073A,116.8709,38.3228,沧州市,市环保局,颗粒物(PM10),66,81,73,26,29,179,26,140,63,46,29,7,8,0.5,0.5
2022-07-01T00:00:00,1074A,115.6838,37.7541,衡水市,电机北厂,,46,46,33,26,20,149,38,141,100,39,16,9,9,0.6,0.5
2022-07-01T00:00:00,1075A,115.6303,37.7316,衡水市,市监测站,颗粒物(PM10),51,52,48,16,16,143,42,134,100,25,14,21,21,0.7,0.7
2022-07-01T00:00:00,1077A,114.4704,37.0886,邢台市,达活泉,,46,46,43,16,17,177,48,154,136,28,8,7,7,0.5,0.5
2022-07-01T00:00:00,1078A,114.5062,37.0349,邢台市,邢师高专,颗粒物(PM10),69,87,37,48,25,166,36,149,120,48,18,12,9,1.6,0.7
2022-07-01T00:00:00,1079A,114.5237,37.0851,邢台市,路桥公司,"颗粒物(PM10),细颗粒物(PM2.5)",67,84,52,48,26,148,63,138,117,34,15,11,8,1.2,0.5
2022-07-01T00:00:00,1080A,114.4725,37.0719,邢台市,市环保局,颗粒物(PM10),59,68,57,27,27,172,58,161,129,32,14,9,9,0.8,0.6
2022-07-01T00:00:00,1081A,112.5139,37.8873,太原市,尖草坪,,40,40,38,18,20,170,82,150,109,24,21,8,6,0.6,0.6
2022-07-01T00:00:00,1083A,112.434,38.0108,太原市,上兰(对照点),,22,22,25,9,9,172,56,154,99,6,6,4,4,0.6,0.5
2022-07-01T00:00:00,1084A,112.469,37.7124,太原市,晋源,,33,33,41,20,23,163,90,144,100,24,22,12,9,0.5,0.5
2022-07-01T00:00:00,1085A,112.5583,37.7394,太原市,小店,颗粒物(PM10),51,52,43,22,25,166,103,154,112,23,30,10,6,0.5,0.6
2022-07-01T00:00:00,1086A,112.5369,37.8692,太原市,桃园,,39,36,35,21,19,166,123,149,113,12,24,4,5,0.6,0.6
2022-07-01T00:00:00,1087A,112.57,37.8195,太原市,坞城,,39,31,35,18,21,160,122,148,118,15,24,9,9,0.5,0.6
2022-07-01T00:00:00,1088A,112.549,37.9854,太原市,南寨,,34,34,41,16,18,164,51,143,74,29,27,5,5,0.6,0.6
2022-07-01T00:00:00,1090A,111.6507,40.7517,呼和浩特市,呼市一监,,23,22,19,10,8,128,72,127,107,24,20,6,7,0.5,0.4
2022-07-01T00:00:00,1091A,111.6572,40.8033,呼和浩特市,小召,,,,16,24,8,132,78,129,110,30,24,9,10,0.4,0.4
2022-07-01T00:00:00,1094A,111.7516,40.8369,呼和浩特市,如意水处理厂,,25,25,19,10,8,127,54,125,99,37,26,4,5,0.4,0.4
2022-07-01T00:00:00,1095A,111.7276,40.8062,呼和浩特市,二十九中,,30,30,17,11,8,122,53,121,93,40,25,11,12,0.5,0.5
2022-07-01T00:00:00,1096A,111.5512,40.7866,呼和浩特市,工大金川校区,,36,36,31,14,10,140,62,129,100,32,26,7,7,0.5,0.5
2022-07-01T00:00:00,1097A,111.717,40.7612,呼和浩特市,化肥厂生活区,,32,32,22,14,9,126,61,124,103,26,19,8,10,0.5,0.4
2022-07-01T00:00:00,1098A,123.6836,41.9339,沈阳市,森林路(对照点),,,,,,,,,,,,,,,,
2022-07-01T00:00:00,1099A,123.505,41.7406,沈阳市,浑南东路,,37,37,43,20,28,154,20,134,66,47,30,5,13,1.0,1.1
2022-07-01T00:00:00,1100A,123.4231,41.6989,沈阳市,新秀街,,35,35,43,16,24,154,20,134,62,45,30,4,13,1.0,1.1
2022-07-01T00:00:00,1102A,123.5903,41.8411,沈阳市,东陵路,颗粒物(PM10),52,53,48,25,24,140,29,112,71,26,19,5,8,1.3,1.1
2022-07-01T00:00:00,1103A,123.4264,41.8467,沈阳市,陵东街,,44,44,40,27,27,150,6,113,42,70,31,3,4,1.4,1.1
2022-07-01T00:00:00,1104A,123.4114,41.7653,沈阳市,文化路,,34,34,52,20,33,161,27,145,72,41,35,5,4,0.9,0.9
2022-07-01T00:00:00,1105A,123.4678,41.7867,沈阳市,小河沿,,38,38,48,21,28,124,11,104,45,40,28,2,6,1.0,1
2022-07-01T00:00:00,1106A,123.4017,41.7972,沈阳市,太原街,,38,32,54,26,37,156,24,135,64,53,43,5,6,0.9,0.9
2022-07-01T00:00:00,1108A,123.3783,41.9228,沈阳市,京沈街,颗粒物(PM10),52,54,53,28,33,176,32,151,105,52,31,10,12,1.2,1
2022-07-01T00:00:00,1109A,121.612,38.9741,大连市,甘井子,,,,26,,16,94,,86,40,,21,,5,,0.5
2022-07-01T00:00:00,1110A,121.565,38.9511,大连市,周水子,,24,13,25,4,17,87,76,81,48,17,17,5,5,0.8,0.9
2022-07-01T00:00:00,1111A,121.5637,38.8845,大连市,星海三站,,39,11,20,5,18,124,124,92,68,14,23,4,5,0.3,0.4
2022-07-01T00:00:00,1112A,121.6302,38.9117,大连市,青泥洼桥,,22,8,17,5,16,97,70,89,52,28,24,6,6,0.3,0.4
2022-07-01T00:00:00,1113A,121.6251,38.8638,大连市,傅家庄,,38,12,18,5,11,120,120,76,62,4,7,6,7,0.7,0.8
2022-07-01T00:00:00,1114A,121.5213,38.8661,大连市,七贤岭,,35,9,16,2,10,111,111,102,78,9,12,3,3,0.5,0.7
2022-07-01T00:00:00,1115A,121.2529,38.8061,大连市,旅顺,,38,13,18,3,14,120,120,81,80,9,14,4,4,0.5,0.6
2022-07-01T00:00:00,1116A,121.7485,39.1311,大连市,金州,,19,8,22,6,17,111,59,93,58,14,7,4,4,0.5,0.6
2022-07-01T00:00:00,1117A,121.7811,39.0496,大连市,开发区,,19,17,28,7,18,114,58,96,50,26,20,6,7,0.6,0.7
2022-07-01T00:00:00,1118A,121.9762,39.0631,大连市,双D港,,32,7,14,3,10,126,100,112,60,8,8,4,5,0.4,0.4
2022-07-01T00:00:00,1119A,125.3325,43.9166,长春市,食品厂,颗粒物(PM10),73,96,34,35,12,108,4,95,65,79,32,4,4,1.0,0.6
2022-07-01T00:00:00,1120A,125.2863,43.9027,长春市,客车厂,颗粒物(PM10),59,68,30,32,11,104,4,98,60,81,37,4,5,1.1,0.6
2022-07-01T00:00:00,1121A,125.2841,43.8463,长春市,邮电学院,,42,39,16,29,12,104,4,86,47,52,23,4,4,0.8,0.5
2022-07-01T00:00:00,1122A,125.3716,43.8772,长春市,劳动公园,颗粒物(PM10),71,91,37,34,12,111,7,99,65,68,29,4,4,0.9,0.4
2022-07-01T00:00:00,1123A,125.3297,43.8805,长春市,园林处,颗粒物(PM10),74,97,28,14,9,110,7,100,68,79,32,3,3,1.0,0.5
2022-07-01T00:00:00,1124A,125.4605,43.79,长春市,净月潭,,15,15,18,7,7,103,26,82,50,8,11,2,3,0.3,0.3
2022-07-01T00:00:00,1125A,125.7194,43.515,长春市,甩湾子(对照点),,32,32,27,11,9,125,16,108,66,34,18,4,5,0.2,0.2
2022-07-01T00:00:00,1126A,125.3863,43.8447,长春市,经开区环卫处,颗粒物(PM10),52,54,26,16,10,103,1,90,47,49,28,5,4,0.7,0.4
2022-07-01T00:00:00,1127A,125.245,43.7783,长春市,高新区管委会,颗粒物(PM10),60,69,36,25,14,123,4,104,46,64,33,4,4,0.4,0.4
2022-07-01T00:00:00,1128A,125.1761,43.8325,长春市,岱山公园,颗粒物(PM10),57,63,31,27,13,110,3,101,49,88,34,6,5,0.8,0.4
2022-07-01T00:00:00,1129A,126.5422,45.755,哈尔滨市,岭北(对照点),,20,15,20,14,13,118,44,110,78,28,22,5,5,0.4,0.4
2022-07-01T00:00:00,1130A,126.561,45.8167,哈尔滨市,松北商大,,18,18,33,6,10,116,38,108,69,27,16,4,4,0.7,0.7
2022-07-01T00:00:00,1131A,126.979,45.5419,哈尔滨市,阿城会宁,颗粒物(PM10),70,89,32,27,13,105,6,97,58,46,21,10,10,0.7,0.6
2022-07-01T00:00:00,1132A,126.599,45.7222,哈尔滨市,南岗学府路,,25,25,21,5,5,113,16,106,64,44,24,4,10,0.7,0.7
2022-07-01T00:00:00,1133A,126.689,45.7733,哈尔滨市,太平宏伟公园,,33,33,48,10,13,104,22,97,55,44,33,10,13,0.4,0.4
2022-07-01T00:00:00,1134A,126.635,45.7667,哈尔滨市,道外承德广场,,23,23,40,2,9,99,33,92,59,30,31,12,13,0.5,0.6
2022-07-01T00:00:00,1135A,126.685,45.7319,哈尔滨市,香坊红旗大街,,,,25,11,12,108,17,100,59,57,39,15,12,0.5,0.5
2022-07-01T00:00:00,1136A,126.6411,45.7258,哈尔滨市,动力和平路,,,37,30,,5,112,26,105,66,44,28,10,9,0.5,0.5
2022-07-01T00:00:00,1137A,126.593,45.7478,哈尔滨市,道里建国路,,32,28,30,22,11,112,40,106,75,29,23,13,6,1.0,0.7
2022-07-01T00:00:00,1138A,126.615,45.61,哈尔滨市,平房东轻厂,,40,40,28,12,12,98,3,98,43,58,29,7,6,0.8,0.7
2022-07-01T00:00:00,1139A,126.595,45.9855,哈尔滨市,呼兰师专,,24,23,27,7,9,123,74,113,87,29,25,6,6,0.3,0.4
2022-07-01T00:00:00,1140A,126.6206,45.6842,哈尔滨市,省农科院,,41,41,32,9,7,120,13,107,61,38,25,6,6,0.6,0.6
2022-07-01T00:00:00,1141A,121.4,31.238,上海市,普陀,,22,22,22,9,8,113,26,86,39,13,14,3,3,0.3,0.4
2022-07-01T00:00:00,1142A,121.478,31.2036,上海市,十五厂,,18,18,22,10,11,86,16,66,25,14,14,1,2,0.6,0.6
2022-07-01T00:00:00,1143A,121.467,31.3008,上海市,虹口,,,,,,,,,,,,,,,,
2022-07-01T00:00:00,1144A,121.412,31.1654,上海市,徐汇上师大,,16,16,23,11,9,100,18,78,30,13,11,6,4,0.9,0.9
2022-07-01T00:00:00,1145A,121.536,31.2659,上海市,杨浦四漂,,14,14,19,4,9,99,26,81,40,9,8,4,4,0.5,0.5
2022-07-01T00:00:00,1147A,121.425,31.2261,上海市,静安监测站,,,18,21,7,9,97,24,76,35,,16,2,2,0.3,0.1
2022-07-01T00:00:00,1148A,121.703,31.1907,上海市,浦东川沙,,19,19,27,8,8,97,22,75,33,13,11,4,5,0.3,0.3
2022-07-01T00:00:00,1149A,121.533,31.2284,上海市,浦东新区监测站,,17,17,23,7,7,97,23,79,36,11,11,4,4,0.3,0.4
2022-07-01T00:00:00,1150A,121.577,31.2071,上海市,浦东张江,,10,10,14,6,7,98,23,78,35,16,14,4,4,0.6,0.6
2022-07-01T00:00:00,1151A,118.8086,32.1065,南京市,迈皋桥,,16,8,20,2,3,90,49,77,70,14,15,8,8,0.2,0.2
2022-07-01T00:00:00,1152A,118.7538,32.0551,南京市,草场门,,17,7,13,2,2,95,53,80,69,11,13,3,3,0.1,0.2
2022-07-01T00:00:00,1153A,118.7794,32.0745,南京市,山西路,,16,7,20,7,11,137,49,88,78,4,9,3,4,0.1,0.2
2022-07-01T00:00:00,1154A,118.7752,32.0023,南京市,中华门,,16,2,13,0,1,84,49,72,66,2,7,3,4,0.5,0.6
2022-07-01T00:00:00,1155A,118.8109,32.0309,南京市,瑞金路,,16,16,18,2,7,90,43,78,70,15,10,4,4,0.5,0.5
2022-07-01T00:00:00,1156A,118.7997,32.0754,南京市,玄武湖,,17,14,16,6,9,92,53,80,71,5,7,4,4,0.5,0.6
2022-07-01T00:00:00,1157A,118.6414,32.0931,南京市,浦口,,15,9,24,2,6,92,47,80,68,12,17,5,4,0.0,0.2
2022-07-01T00:00:00,1158A,118.7356,31.9996,南京市,奥体中心,,19,5,18,7,7,102,59,89,79,12,15,2,2,0.1,0.2
2022-07-01T00:00:00,1159A,118.9125,32.1028,南京市,仙林大学城,,,17,12,,0,96,55,86,78,16,10,4,4,0.5,0.4
2022-07-01T00:00:00,1160A,120.561,31.2472,苏州市,上方山(对照点),,26,26,31,7,11,125,11,85,30,34,21,5,7,0.6,0.5
2022-07-01T00:00:00,1162A,120.591,31.3019,苏州市,彩香,,17,8,36,10,9,133,12,86,34,34,18,5,5,0.6,0.5
2022-07-01T00:00:00,1163A,120.596,31.3264,苏州市,轧钢厂,,27,27,21,11,9,123,15,75,34,27,15,7,8,0.4,0.5
2022-07-01T00:00:00,1164A,120.613,31.2703,苏州市,吴中区,,15,13,19,8,8,129,15,78,31,30,22,5,5,0.3,0.3
2022-07-01T00:00:00,1165A,120.543,31.2994,苏州市,苏州新区,,16,16,18,8,12,143,20,92,36,25,16,6,7,0.6,0.6
2022-07-01T00:00:00,1166A,120.669,31.3097,苏州市,苏州工业园区,,13,5,18,6,5,114,20,69,34,26,20,5,6,0.5,0.5
2022-07-01T00:00:00,1167A,120.641,31.3708,苏州市,相城区,,19,15,19,13,14,107,11,64,25,30,21,5,6,0.5,0.5
2022-07-01T00:00:00,1168A,120.9098,31.9663,南通市,狼山街道,,,,,,,,,,,,,,,,
2022-07-01T00:00:00,1169A,120.86,32.0005,南通市,虹桥,,15,12,21,5,13,87,21,61,39,30,32,9,10,0.1,0.3
2022-07-01T00:00:00,1170A,120.87,32.02,南通市,城中,,15,6,18,10,9,79,22,60,37,25,25,5,6,0.4,0.5
2022-07-01T00:00:00,1171A,120.94,31.93,南通市,星湖花园,,13,7,20,0,8,69,19,55,34,25,28,4,4,0.5,0.5
2022-07-01T00:00:00,1172A,120.81,32.0417,南通市,紫琅学院,,14,1,31,0,8,96,21,74,40,28,29,5,6,0.5,0.6
2022-07-01T00:00:00,1173A,119.176,34.5885,连云港市,市环境监测站,,25,22,36,17,24,144,80,127,100,11,13,2,2,0.5,0.6
2022-07-01T00:00:00,1177A,117.179,34.2761,徐州市,黄河新村,,46,46,36,25,17,234,78,173,114,22,17,9,4,0.6,0.5
2022-07-01T00:00:00,1178A,117.1918,34.2384,徐州市,淮塔,,42,12,18,29,17,242,84,183,117,17,14,11,10,0.5,0.5
2022-07-01T00:00:00,1180A,117.256,34.2153,徐州市,新城区,颗粒物(PM10),51,51,43,27,20,212,77,162,108,16,15,6,7,0.7,0.6
2022-07-01T00:00:00,1181A,117.244,34.2911,徐州市,桃园路,,46,46,40,14,12,236,88,181,117,18,14,11,10,0.7,0.7
2022-07-01T00:00:00,1182A,117.2933,34.2778,徐州市,农科院,,36,36,35,9,12,214,81,168,106,19,16,9,8,0.8,0.6
2022-07-01T00:00:00,1186A,119.389,32.3761,扬州市,邗江监测站,,14,9,22,0,11,113,42,93,80,9,11,7,6,0.6,0.6
2022-07-01T00:00:00,1188A,120.269,31.4867,无锡市,雪浪,,13,2,13,9,7,95,32,76,49,8,7,10,10,0.3,0.4
2022-07-01T00:00:00,1189A,120.275,31.6219,无锡市,黄巷,,14,13,18,5,9,104,22,63,31,27,25,8,7,0.6,0.6
2022-07-01T00:00:00,1190A,120.294,31.56,无锡市,曹张,,,,19,,10,95,,71,50,,18,,5,,0.5
2022-07-01T00:00:00,1191A,120.242,31.5031,无锡市,漆塘,,14,14,12,3,9,102,36,80,56,13,10,4,4,0.4,0.4
2022-07-01T00:00:00,1192A,120.3489,31.5863,无锡市,东亭,,22,22,15,9,9,84,0,66,20,42,19,8,7,0.6,0.6
2022-07-01T00:00:00,1193A,120.354,31.5475,无锡市,旺庄,,,,17,,9,91,4,69,27,47,27,11,9,0.5,0.5
2022-07-01T00:00:00,1194A,120.245,31.5631,无锡市,荣巷,,,,17,9,12,98,36,76,46,10,11,10,10,0.4,0.4
2022-07-01T00:00:00,1195A,120.299,31.6817,无锡市,堰桥,,22,22,21,7,10,121,21,68,38,28,21,6,6,0.7,0.7
2022-07-01T00:00:00,1196A,119.9633,31.762,常州市,市监测站,,12,7,28,0,9,112,38,93,70,11,17,5,6,0.3,0.4
2022-07-01T00:00:00,1200A,119.9468,31.7069,常州市,武进监测站,,15,9,23,2,14,127,48,102,79,6,12,2,3,0.5,0.6
2022-07-01T00:00:00,1201A,119.9255,31.9087,常州市,安家,,23,9,25,16,19,125,40,104,73,13,16,6,4,0.9,0.6
2022-07-01T00:00:00,1203A,119.6707,32.1875,镇江市,新区办事处,,14,12,24,0,7,126,44,108,82,18,21,6,8,0.5,0.6
2022-07-01T00:00:00,1204A,119.4974,32.1968,镇江市,职教中心,,13,12,23,3,9,119,40,98,82,16,14,6,3,0.4,0.5
2022-07-01T00:00:00,1205A,119.4303,32.1328,镇江市,丹徒区监测站,,16,6,20,7,17,121,51,103,92,10,12,5,6,0.4,0.5
2022-07-01T00:00:00,1206A,119.905,32.4878,泰州市,公园路,,12,12,29,7,21,131,30,108,72,16,19,5,5,0.9,0.9
2022-07-01T00:00:00,1207A,119.9189,32.4625,泰州市,莲花,,18,17,29,12,23,133,33,109,74,17,20,8,7,1.0,1
2022-07-01T00:00:00,1209A,119.888,32.4639,泰州市,留学生创业园,,25,23,36,17,23,162,35,133,88,18,22,6,7,0.9,0.8
2022-07-01T00:00:00,1210A,119.036,33.5981,淮安市,钵池山,,39,39,27,22,16,151,91,133,110,12,12,8,8,0.9,0.7
2022-07-01T00:00:00,1211A,119.007,33.575,淮安市,北京南路,,38,36,28,26,17,149,92,130,106,16,15,6,7,0.8,0.7
2022-07-01T00:00:00,1212A,118.989,33.6067,淮安市,市监测站,颗粒物(PM10),51,51,42,29,16,151,88,132,109,20,18,9,9,1.0,0.9
2022-07-01T00:00:00,1213A,119.135,33.5039,淮安市,楚州区监测站,,42,42,31,22,15,143,77,130,94,16,19,7,9,0.6,0.4
2022-07-01T00:00:00,1214A,119.0186,33.6297,淮安市,淮阴区监测站,,47,47,35,30,20,154,85,132,108,16,12,6,6,0.8,0.8
2022-07-01T00:00:00,1215A,120.118,33.4022,盐城市,盐城电厂,,,29,39,11,25,164,,135,121,12,17,5,5,0.4,0.5
2022-07-01T00:00:00,1216A,120.156,33.3942,盐城市,市监测站,,19,9,30,2,16,165,59,131,95,13,15,5,13,0.4,0.4
2022-07-01T00:00:00,1218A,120.2144,33.38,盐城市,开发区管委会,,,11,33,2,9,140,,113,100,18,18,7,9,0.7,0.5
2022-07-01T00:00:00,1220A,118.293,33.9528,宿迁市,宿迁学院,,29,29,28,17,19,142,58,125,91,27,18,1,6,0.7,0.7
2022-07-01T00:00:00,1221A,118.2442,33.9592,宿迁市,宿迁中学,,25,16,32,10,19,148,77,132,97,11,14,4,4,0.6,0.7
2022-07-01T00:00:00,1223A,120.2072,30.2111,杭州市,滨江,,16,11,17,6,7,88,17,68,40,31,16,4,4,0.4,0.4
2022-07-01T00:00:00,1224A,120.0633,30.2747,杭州市,西溪,,11,10,14,3,5,97,13,74,38,21,10,10,10,0.3,0.3
2022-07-01T00:00:00,1226A,120.3461,30.3153,杭州市,下沙,,,,,,,,,,,,,,,,
2022-07-01T00:00:00,1227A,120.1269,30.2456,杭州市,卧龙桥,,10,10,15,2,7,88,10,70,35,14,13,4,4,0.6,0.6
2022-07-01T00:00:00,1228A,120.1903,30.2692,杭州市,浙江农大,,9,9,13,4,7,97,24,76,39,18,14,4,4,0.5,0.5
2022-07-01T00:00:00,1230A,120.1197,30.3119,杭州市,和睦小学,,22,22,19,9,9,101,7,79,36,34,14,3,3,0.6,0.6
2022-07-01T00:00:00,1231A,120.3019,30.4183,杭州市,临平镇,,25,25,19,8,6,102,19,80,38,27,17,3,3,0.6,0.6
2022-07-01T00:00:00,1232A,120.2697,30.1819,杭州市,城厢镇,,11,10,21,4,7,96,33,71,40,14,15,5,6,0.4,0.4
2022-07-01T00:00:00,1233A,120.0883,30.1808,杭州市,云栖,,16,16,21,5,6,84,15,68,35,15,13,7,7,0.4,0.4
2022-07-01T00:00:00,1234A,121.8358,29.911,宁波市,区环保大楼,,16,16,21,5,10,52,28,46,32,4,5,5,5,0.4,0.4
2022-07-01T00:00:00,1235A,121.56,29.82,宁波市,万里学院,,12,5,12,4,8,68,36,57,36,2,3,10,8,0.5,0.5
2022-07-01T00:00:00,1236A,121.713,29.9572,宁波市,龙赛医院,,10,10,12,4,5,62,32,54,38,5,3,2,3,0.5,0.5
2022-07-01T00:00:00,1239A,121.633,29.7733,宁波市,钱湖水厂,,11,8,9,3,4,54,33,50,38,5,5,8,7,0.3,0.3
2022-07-01T00:00:00,1240A,121.5856,29.8635,宁波市,太古小学,,14,14,15,3,6,58,30,50,34,5,5,6,6,0.4,0.4
2022-07-01T00:00:00,1241A,121.524,29.8674,宁波市,市环境监测中心,,14,14,16,5,5,54,24,46,26,6,6,3,2,0.3,0.2
2022-07-01T00:00:00,1242A,120.634,28.0089,温州市,瓯海,,20,20,20,4,7,47,27,43,33,8,8,5,5,0.3,0.3
2022-07-01T00:00:00,1243A,120.6748,27.9939,温州市,南浦,,18,18,19,8,8,46,24,40,30,6,5,4,4,0.3,0.3
2022-07-01T00:00:00,1244A,120.76,27.9747,温州市,龙湾,,22,22,22,5,4,46,26,42,32,12,7,4,5,0.4,0.4
2022-07-01T00:00:00,1245A,120.6709,28.0167,温州市,市站,颗粒物(PM10),51,52,28,5,4,44,26,39,31,10,11,5,4,0.3,0.3
2022-07-01T00:00:00,1247A,120.6053,29.9928,绍兴市,城东开发委,,29,11,13,20,5,53,23,40,31,9,8,6,6,0.4,0.4
2022-07-01T00:00:00,1250A,120.0751,30.8669,湖州市,城西水厂,,13,13,19,2,8,116,16,74,40,23,19,5,4,0.3,0.3
2022-07-01T00:00:00,1252A,120.7436,30.778,嘉兴市,清河小学,,14,14,14,7,7,90,25,69,38,21,16,6,6,0.5,0.5
2022-07-01T00:00:00,1253A,120.726,30.7478,嘉兴市,嘉兴学院,,12,12,16,7,9,101,25,75,40,24,19,2,2,0.4,0.4
2022-07-01T00:00:00,1255A,121.273,28.6459,台州市,黄岩环保大楼,,18,18,17,4,6,56,28,50,33,5,5,5,5,0.3,0.3
2022-07-01T00:00:00,1256A,121.419,28.6542,台州市,台州环保大楼,,24,24,17,5,6,47,23,42,31,7,3,3,3,0.4,0.3
2022-07-01T00:00:00,1257A,121.377,28.5773,台州市,路桥田洋王,,25,25,18,6,7,50,20,39,32,13,7,4,4,0.3,0.2
2022-07-01T00:00:00,1258A,122.122,30.0203,舟山市,定海檀枫,,18,18,21,6,7,44,15,39,23,23,13,3,2,0.2,0.2
2022-07-01T00:00:00,1259A,122.3094,29.9558,舟山市,普陀东港,,18,18,20,5,6,43,26,36,25,16,16,2,2,0.2,0.3
2022-07-01T00:00:00,1260A,122.19,29.9944,舟山市,临城新区,,,20,17,3,4,48,17,42,28,,8,2,2,0.2,0.2
2022-07-01T00:00:00,1262A,119.647,29.077,金华市,十五中,,19,16,25,12,17,90,4,56,13,37,23,4,5,0.4,0.4
2022-07-01T00:00:00,1263A,119.686,29.1029,金华市,监测站,,20,18,22,8,9,86,1,62,11,40,25,5,6,0.5,0.4
2022-07-01T00:00:00,1264A,118.8692,28.9398,衢州市,环保大楼,,12,11,25,8,12,113,18,76,28,20,20,3,3,0.5,0.5
2022-07-01T00:00:00,1265A,118.8709,28.9666,衢州市,实验学校,,16,16,25,6,11,124,22,87,31,15,14,3,4,0.4,0.5
2022-07-01T00:00:00,1266A,118.8621,28.9808,衢州市,衢州学院,,17,17,25,5,9,121,18,79,27,14,16,7,7,0.5,0.4
2022-07-01T00:00:00,1267A,119.914,28.4514,丽水市,监测站大楼,,24,24,18,5,8,50,1,38,11,16,12,5,5,0.4,0.4
2022-07-01T00:00:00,1268A,119.93,28.4586,丽水市,莲都小学,,27,27,24,5,6,53,4,43,15,18,12,6,6,0.4,0.3
2022-07-01T00:00:00,1269A,119.879,28.4231,丽水市,余庄前,,21,21,21,6,10,52,3,36,7,12,11,5,4,0.4,0.4
2022-07-01T00:00:00,1270A,117.1959,31.7848,合肥市,明珠广场,,19,19,24,9,9,112,46,107,86,16,14,5,5,0.5,0.4
2022-07-01T00:00:00,1271A,117.3072,31.8764,合肥市,三里街,,17,17,20,9,6,102,32,94,74,28,15,10,9,0.4,0.4
2022-07-01T00:00:00,1272A,117.2588,31.8707,合肥市,琥珀山庄,,14,12,19,9,6,116,43,110,90,19,12,9,8,0.5,0.5
2022-07-01T00:00:00,1273A,117.1604,31.9052,合肥市,董铺水库(对照点),,17,17,22,5,5,107,44,103,88,16,9,8,8,0.6,0.5
2022-07-01T00:00:00,1274A,117.25,31.8571,合肥市,长江中路,,19,19,31,12,11,123,38,115,92,17,7,5,4,0.5,0.5
2022-07-01T00:00:00,1275A,117.266,31.9436,合肥市,庐阳区,,20,19,22,14,10,111,40,106,85,20,11,5,5,0.6,0.6
2022-07-01T00:00:00,1276A,117.336,31.8586,合肥市,瑶海区,,27,27,26,7,8,110,28,99,76,34,14,10,8,0.5,0.4
2022-07-01T00:00:00,1277A,117.3027,31.7964,合肥市,包河区,,18,17,18,12,8,110,40,101,80,19,10,7,7,0.5,0.4
2022-07-01T00:00:00,1278A,117.2776,31.7385,合肥市,滨湖新区,,20,17,22,5,7,136,63,131,103,8,6,9,9,0.4,0.3
2022-07-01T00:00:00,1279A,117.1318,31.8403,合肥市,高新区,,24,24,25,12,12,114,44,109,88,20,11,9,9,0.6,0.6
2022-07-01T00:00:00,1280A,119.3903,26.0543,福州市,鼓山(对照点),,,,,,,,,,,,,,,,
2022-07-01T00:00:00,1282A,119.2681,26.0504,福州市,师大,,15,15,22,4,6,106,36,74,36,2,5,2,2,0.3,0.4
2022-07-01T00:00:00,1283A,119.2984,26.1028,福州市,五四北路,,11,8,18,4,6,76,33,59,34,4,9,2,2,0.2,0.3
2022-07-01T00:00:00,1284A,119.2648,26.0768,福州市,杨桥西路,,16,16,22,4,8,88,31,61,32,6,9,2,2,0.3,0.3
2022-07-01T00:00:00,1285A,119.317,26.0746,福州市,紫阳,,13,13,24,5,8,75,35,58,36,2,8,4,4,0.2,0.3
2022-07-01T00:00:00,1286A,118.1608,24.8169,厦门市,溪东(对照点),,,,,,,,,,,,,,,,
2022-07-01T00:00:00,1287A,118.1514,24.4767,厦门市,洪文,,31,31,27,10,9,151,23,99,45,19,8,4,4,0.6,0.6
2022-07-01T00:00:00,1288A,118.0661,24.4444,厦门市,鼓浪屿,,34,34,28,13,14,170,5,116,56,37,14,5,4,0.3,0.3
2022-07-01T00:00:00,1290A,115.8931,28.6843,南昌市,省外办,,42,42,43,21,17,98,34,78,63,24,25,9,5,0.6,0.7
2022-07-01T00:00:00,1291A,115.8886,28.7003,南昌市,省林业公司,,41,41,21,14,11,106,19,85,63,50,34,10,6,0.7,0.8
2022-07-01T00:00:00,1292A,115.8126,28.7442,南昌市,林科所,,14,14,15,7,8,126,40,93,70,17,20,4,6,0.6,0.6
2022-07-01T00:00:00,1294A,115.8518,28.687,南昌市,建工学校,,33,28,30,23,14,105,51,85,74,17,23,9,9,0.6,0.7
2022-07-01T00:00:00,1295A,115.8921,28.6424,南昌市,象湖,,22,22,24,10,12,103,44,83,69,14,20,3,3,0.5,0.7
2022-07-01T00:00:00,1296A,115.7423,28.7996,南昌市,武术学校(对照点),,25,24,15,17,10,72,2,57,30,3,4,6,4,0.3,0.2
2022-07-01T00:00:00,1298A,115.9314,28.6842,南昌市,省站,,46,46,36,14,13,91,37,81,68,16,20,11,10,0.7,0.8
2022-07-01T00:00:00,1299A,116.9862,36.6114,济南市,科干所,,,,55,,37,197,,151,120,,32,,9,,0.8
2022-07-01T00:00:00,1300A,116.9376,36.665,济南市,农科所,,29,29,48,20,24,177,62,134,107,23,26,8,10,0.2,0.3
2022-07-01T00:00:00,1301A,117.1265,36.6734,济南市,开发区,,45,39,55,31,36,168,78,151,112,22,29,7,10,0.5,0.7
2022-07-01T00:00:00,1303A,117.0624,36.6868,济南市,省种子仓库,,42,39,54,29,35,153,56,131,94,30,28,5,9,0.5,0.7
2022-07-01T00:00:00,1304A,116.9489,36.6447,济南市,机床二厂,,42,42,57,22,28,183,69,147,111,27,27,6,8,0.5,0.6
2022-07-01T00:00:00,1305A,117.0495,36.663,济南市,市监测站,,39,34,51,27,28,156,71,140,102,28,33,8,11,0.7,0.8
2022-07-01T00:00:00,1306A,116.7675,36.5484,济南市,长清党校,,39,37,54,27,29,182,77,137,114,26,33,8,9,0.5,0.6
2022-07-01T00:00:00,1307A,120.6659,36.2403,青岛市,仰口(对照点),,33,19,26,9,21,125,104,103,103,16,18,3,4,0.3,0.3
2022-07-01T00:00:00,1310A,120.4134,36.0658,青岛市,市南区东部子站,,32,22,23,22,16,106,88,100,92,10,10,5,6,0.3,0.4
2022-07-01T00:00:00,1311A,120.3664,36.1032,青岛市,四方区子站,,25,22,26,14,19,120,80,105,87,24,22,2,4,0.5,0.5
2022-07-01T00:00:00,1312A,120.2994,36.054,青岛市,市南区西部子站,,33,27,29,12,14,119,104,95,95,15,24,7,6,0.5,0.5
2022-07-01T00:00:00,1313A,120.4581,36.0858,青岛市,崂山区子站,,34,27,20,17,14,116,107,106,106,12,11,7,7,0.5,0.5
2022-07-01T00:00:00,1314A,120.1983,35.9608,青岛市,黄岛区子站,,37,22,31,15,20,143,118,131,108,10,29,4,4,0.3,0.4
2022-07-01T00:00:00,1315A,120.3999,36.3083,青岛市,城阳区子站,,29,17,35,10,21,210,91,146,107,16,19,4,4,0.6,0.7
2022-07-01T00:00:00,1316A,113.69031,34.76122,郑州市,烟厂,,39,22,37,20,20,174,124,156,142,9,12,5,4,0.5,0.6
2022-07-01T00:00:00,1317A,113.65724,34.77134,郑州市,郑纺机,,,29,36,,8,173,118,156,141,12,10,6,6,0.6,0.7
2022-07-01T00:00:00,1318A,113.67526,34.80246,郑州市,银行学校,,37,29,33,19,17,172,118,156,140,15,14,4,3,0.7,0.7
2022-07-01T00:00:00,1319A,113.56746,34.81334,郑州市,供水公司,,39,28,33,22,21,181,124,160,146,13,14,5,5,0.6,0.5
2022-07-01T00:00:00,1320A,113.7329,34.7178,郑州市,经开区管委,,32,28,30,16,19,167,102,153,132,16,13,2,2,0.8,0.8
2022-07-01T00:00:00,1321A,113.73961,34.77172,郑州市,四十七中,,38,26,33,17,20,171,119,154,138,7,8,5,6,0.6,0.6
2022-07-01T00:00:00,1322A,113.60532,34.74838,郑州市,市监测站,,40,23,33,16,18,180,126,162,145,9,13,1,1,0.6,0.6
2022-07-01T00:00:00,1323A,113.64164,34.7525,郑州市,河医大,,36,32,37,18,17,167,115,147,132,14,16,3,3,0.7,0.7
2022-07-01T00:00:00,1324A,113.51488,34.91089,郑州市,岗李水库(对照点),,37,37,33,24,21,175,106,158,140,9,7,1,2,1.0,0.8
2022-07-01T00:00:00,1325A,114.3677,30.5584,武汉市,东湖梨园,颗粒物(PM10),54,58,38,29,16,184,79,163,127,21,19,8,9,1.0,1.1
2022-07-01T00:00:00,1326A,114.2529,30.558,武汉市,汉阳月湖,,45,45,41,14,14,208,92,184,142,18,21,7,7,0.8,0.9
2022-07-01T00:00:00,1327A,114.282,30.6189,武汉市,汉口花桥,颗粒物(PM10),52,54,45,20,18,191,80,170,136,22,22,7,9,0.7,0.9
2022-07-01T00:00:00,1328A,114.3025,30.5332,武汉市,武昌紫阳,,40,40,36,17,16,181,81,159,130,22,23,5,5,0.8,1.1
2022-07-01T00:00:00,1329A,114.3646,30.6217,武汉市,青山钢花,,48,48,44,29,21,186,76,166,129,27,27,8,10,0.9,1
2022-07-01T00:00:00,1330A,114.1566,30.4825,武汉市,沌口新区,颗粒物(PM10),58,65,46,33,24,151,83,143,125,28,28,10,10,1.0,0.9
2022-07-01T00:00:00,1331A,114.3014,30.5944,武汉市,汉口江滩,,48,48,41,20,18,203,68,174,121,37,33,6,8,0.9,1.1
2022-07-01T00:00:00,1333A,114.135,30.6319,武汉市,吴家山,,49,49,51,22,22,230,95,202,153,28,30,6,7,0.9,1
2022-07-01T00:00:00,1334A,113.8454,30.2917,武汉市,沉湖七壕(对照点),,40,40,47,27,15,140,81,108,101,19,13,6,6,0.8,0.7
2022-07-01T00:00:00,1335A,113.0833,28.2325,长沙市,经开区环保局,,28,22,10,17,14,118,88,108,88,10,10,4,4,0.7,0.7
2022-07-01T00:00:00,1336A,112.8872,28.2189,长沙市,高开区环保局,细颗粒物(PM2.5),82,8,11,60,30,165,82,131,109,8,7,5,5,0.5,0.5
2022-07-01T00:00:00,1337A,113.0792,28.2053,长沙市,马坡岭,,27,24,9,17,7,134,85,118,97,11,7,5,4,0.8,0.7
2022-07-01T00:00:00,1338A,112.9394,28.19,长沙市,湖南师范大学,,25,25,19,14,10,159,77,132,102,6,5,2,2,0.7,0.6
2022-07-01T00:00:00,1339A,113.0178,28.1322,长沙市,雨花区环保局,,26,26,12,18,12,126,70,114,89,10,5,5,5,0.5,0.4
2022-07-01T00:00:00,1340A,112.9792,28.2597,长沙市,伍家岭,,26,0,5,14,12,144,83,123,93,13,11,2,2,0.5,0.4
2022-07-01T00:00:00,1341A,113.0014,28.1944,长沙市,火车新站,,40,12,10,28,13,128,74,115,90,11,10,6,6,0.4,0.4
2022-07-01T00:00:00,1342A,112.9844,28.1178,长沙市,天心区环保局,,30,25,17,21,14,124,63,113,87,14,7,3,3,0.7,0.5
2022-07-01T00:00:00,1343A,112.8908,28.1308,长沙市,湖南中医药大学,,35,24,18,24,16,160,64,135,97,15,9,2,2,0.6,0.5
2022-07-01T00:00:00,1344A,112.9581,28.3611,长沙市,沙坪(对照点),,24,24,19,15,12,115,34,97,67,11,7,1,2,0.5,0.5
2022-07-01T00:00:00,1345A,113.2347,23.1423,广州市,广雅中学,,25,25,23,10,10,74,10,59,28,31,25,4,4,0.8,0.7
2022-07-01T00:00:00,1346A,113.2612,23.105,广州市,市五中,,19,19,19,9,9,82,14,61,31,26,19,6,6,0.6,0.5
2022-07-01T00:00:00,1348A,113.3478,23.0916,广州市,广东商学院,,19,19,20,7,8,80,12,58,26,30,24,4,4,0.6,0.6
2022-07-01T00:00:00,1349A,113.4332,23.1047,广州市,市八十六中,,24,24,23,10,10,93,2,50,16,32,24,7,7,0.5,0.5
2022-07-01T00:00:00,1350A,113.3505,22.9483,广州市,番禺中学,,14,14,19,7,8,69,18,46,19,18,20,6,7,0.5,0.5
2022-07-01T00:00:00,1351A,113.2146,23.3916,广州市,花都师范,,19,19,19,8,8,75,10,57,26,28,18,5,5,0.6,0.7
2022-07-01T00:00:00,1352A,113.2597,23.1331,广州市,市监测站,,19,19,22,8,8,79,17,62,31,23,22,6,6,0.6,0.6
2022-07-01T00:00:00,1353A,113.5618,23.312,广州市,九龙镇镇龙,,12,12,19,4,7,52,7,38,13,19,15,6,6,0.4,0.4
2022-07-01T00:00:00,1354A,113.2765,23.1544,广州市,麓湖,,23,23,21,6,8,78,7,64,28,27,19,4,4,0.7,0.7
2022-07-01T00:00:00,1355A,113.443,23.3035,广州市,帽峰山森林公园(对照点),,9,9,12,3,5,58,24,49,27,4,6,4,4,0.2,0.3
2022-07-01T00:00:00,1356A,114.1063,22.5545,深圳市,通心岭子站,,13,11,12,3,4,39,39,33,33,3,8,5,5,0.5,0.6
2022-07-01T00:00:00,1357A,114.117,22.5625,深圳市,洪湖,,10,10,13,0,2,36,28,27,23,11,13,7,7,0.5,0.5
2022-07-01T00:00:00,1358A,113.987,22.5417,深圳市,华侨城,,14,14,16,0,1,38,25,26,26,10,12,3,3,0.5,0.5
2022-07-01T00:00:00,1359A,113.9181,22.5171,深圳市,南海子站,,10,8,11,2,4,37,29,30,27,13,14,3,3,0.6,0.6
2022-07-01T00:00:00,1360A,114.2458,22.5689,深圳市,盐田,,10,10,12,1,2,32,32,23,19,13,21,2,2,0.5,0.5
2022-07-01T00:00:00,1361A,114.2283,22.7244,深圳市,龙岗,,13,13,18,4,6,54,22,37,28,18,15,5,4,0.3,0.4
2022-07-01T00:00:00,1363A,114.494,22.5422,深圳市,南澳,,15,10,9,1,1,58,47,51,51,4,5,8,8,0.6,0.6
2022-07-01T00:00:00,1364A,114.41,22.6342,深圳市,葵涌,,11,7,9,1,2,41,34,37,37,2,4,6,6,0.5,0.5
2022-07-01T00:00:00,1365A,114.297,22.5978,深圳市,梅沙,,14,10,17,1,2,46,43,43,43,3,5,5,5,0.4,0.4
2022-07-01T00:00:00,1366A,114.0678,22.738,深圳市,观澜,,12,12,19,4,5,37,17,26,19,12,15,5,5,0.7,0.7
2022-07-01T00:00:00,1367A,113.5814,22.2618,珠海市,吉大,,10,7,10,2,3,41,30,28,24,13,22,8,9,0.5,0.5
2022-07-01T00:00:00,1368A,113.4881,22.2335,珠海市,前山,,12,5,9,4,5,52,20,42,24,23,18,8,8,0.3,0.3
2022-07-01T00:00:00,1369A,113.628,22.4251,珠海市,唐家,,9,8,8,3,4,45,26,36,28,18,16,7,7,0.3,0.3
2022-07-01T00:00:00,1370A,113.299,22.2281,珠海市,斗门,,11,11,14,3,5,66,25,45,25,15,15,9,9,0.3,0.4
2022-07-01T00:00:00,1371A,113.1294,23.0067,佛山市,湾梁,,27,27,19,6,8,65,3,40,13,36,26,6,6,0.4,0.4
2022-07-01T00:00:00,1372A,113.1083,23.0478,佛山市,华材职中,,15,14,19,6,9,56,9,46,19,30,24,7,7,0.6,0.6
2022-07-01T00:00:00,1373A,113.144,23.0453,佛山市,南海气象局,,18,14,21,9,11,64,9,45,17,35,26,6,5,0.4,0.4
2022-07-01T00:00:00,1374A,113.2881,22.8094,佛山市,顺德苏岗,,17,3,9,5,5,63,5,34,9,33,28,3,4,0.5,0.5
2022-07-01T00:00:00,1376A,112.8383,22.8678,佛山市,高明孔堂,,16,16,18,4,6,56,4,41,19,32,20,5,5,0.5,0.5
2022-07-01T00:00:00,1377A,112.8836,23.1588,佛山市,三水监测站,,17,17,20,10,7,90,9,55,12,27,30,9,6,0.6,0.6
2022-07-01T00:00:00,1378A,112.867,23.185,佛山市,三水云东海,,21,21,23,12,10,91,3,57,10,24,26,5,5,0.5,0.4
2022-07-01T00:00:00,1379A,113.3769,22.5211,中山市,华柏园,,11,6,15,6,7,50,17,33,16,21,17,3,3,0.4,0.5
2022-07-01T00:00:00,1380A,113.3881,22.5497,中山市,张溪,,20,20,23,11,10,51,15,35,15,27,22,3,4,0.4,0.4
2022-07-01T00:00:00,1381A,113.4075,22.5111,中山市,紫马岭,,10,8,13,5,6,52,22,38,19,19,19,4,4,0.6,0.6
2022-07-01T00:00:00,1382A,113.4411,22.4853,中山市,长江旅游区(对照点),,12,12,11,3,7,49,14,34,18,16,15,3,4,0.4,0.4
2022-07-01T00:00:00,1383A,113.1064,22.6058,江门市,北街,,15,14,19,9,9,44,15,36,23,29,24,6,5,0.4,0.4
2022-07-01T00:00:00,1384A,113.0731,22.5835,江门市,西区,,18,18,20,8,8,68,14,43,22,29,24,8,7,0.4,0.4
2022-07-01T00:00:00,1385A,113.0219,22.5311,江门市,圭峰西,,16,16,18,7,6,71,11,46,20,27,21,3,4,0.4,0.4
2022-07-01T00:00:00,1386A,113.0828,22.5947,江门市,东湖,,22,22,20,14,9,56,13,40,21,26,22,7,8,0.4,0.3
2022-07-01T00:00:00,1389A,113.7547,23.0494,东莞市,莞城梨川,,16,16,16,6,7,78,35,57,38,13,13,7,7,0.5,0.6
2022-07-01T00:00:00,1390A,113.7944,23.0128,东莞市,东城石井,,14,14,17,6,8,74,36,57,40,12,14,8,8,0.5,0.5
2022-07-01T00:00:00,1391A,113.7383,22.9658,东莞市,南城西平,,12,12,17,2,7,75,36,56,36,11,18,3,4,0.6,0.6
2022-07-01T00:00:00,1392A,114.4183,23.0528,惠州市,河南岸金山湖子站,,12,9,16,3,9,49,38,42,35,3,5,1,2,0.4,0.4
2022-07-01T00:00:00,1393A,114.4053,23.0822,惠州市,下埔横江三路子站,,14,6,13,2,4,47,42,42,40,5,9,2,3,0.2,0.3
2022-07-01T00:00:00,1394A,114.4103,23.1142,惠州市,江北云山西路子站,,12,9,13,6,6,46,37,41,40,5,6,2,4,0.3,0.3
2022-07-01T00:00:00,1395A,114.4645,22.7833,惠州市,惠阳区承修路船湖子站,,12,5,15,2,5,50,38,46,44,5,10,4,4,0.2,0.2
2022-07-01T00:00:00,1396A,114.5317,22.7422,惠州市,大亚湾管委会子站,,10,2,14,6,6,47,24,40,35,19,14,5,5,0.3,0.3
2022-07-01T00:00:00,1397A,112.4267,23.0706,肇庆市,睦岗子站,,19,19,21,11,9,96,10,80,41,37,29,10,11,0.4,0.5
2022-07-01T00:00:00,1398A,112.4645,23.0475,肇庆市,城中子站,,20,20,22,12,11,101,19,81,44,39,29,10,12,0.7,0.6
2022-07-01T00:00:00,1399A,112.5544,23.1522,肇庆市,坑口子站,,27,27,21,14,12,106,10,75,37,25,21,8,8,0.4,0.4
2022-07-01T00:00:00,1400A,112.4753,23.1,肇庆市,七星岩子站(对照点),,,,19,,10,101,,97,,,20,,10,,0.9
2022-07-01T00:00:00,1401A,108.3103,22.7881,南宁市,二十一中,,34,34,23,20,13,107,69,94,75,14,12,8,5,0.6,0.6
2022-07-01T00:00:00,1402A,108.3141,22.8528,南宁市,北湖,,43,43,25,22,13,103,52,91,56,16,11,6,5,0.6,0.5
2022-07-01T00:00:00,1403A,108.3206,22.8225,南宁市,市监测站,,36,29,27,25,14,108,56,83,53,24,18,14,9,0.6,0.5
2022-07-01T00:00:00,1404A,108.3829,22.8037,南宁市,大自然花园,,33,33,22,18,13,107,75,97,80,12,12,8,7,0.6,0.6
2022-07-01T00:00:00,1405A,108.4394,22.7904,南宁市,仙葫(对照点),,35,35,24,19,12,96,54,87,70,20,10,4,5,0.7,0.6
2022-07-01T00:00:00,1406A,108.2397,22.8467,南宁市,区农职院,,36,36,22,17,12,126,16,97,43,30,19,11,8,0.6,0.6
2022-07-01T00:00:00,1407A,108.3275,22.735,南宁市,英华嘉园,,38,36,26,26,14,104,57,88,72,21,14,5,5,0.8,0.7
2022-07-01T00:00:00,1408A,108.2257,22.7757,南宁市,沙井镇街道办,颗粒物(PM10),62,73,32,20,14,109,18,85,41,43,28,3,3,0.9,0.7
2022-07-01T00:00:00,1409A,110.576,19.9507,海口市,东寨港(对照点),,,,12,2,3,47,35,39,38,1,5,8,7,0.2,0.1
2022-07-01T00:00:00,1410A,110.3232,20.0574,海口市,海南大学,,13,12,12,2,6,67,41,62,52,2,2,5,5,0.4,0.4
2022-07-01T00:00:00,1411A,110.283,20.0053,海口市,秀英海南医院,,15,9,12,2,7,59,47,52,51,2,6,3,2,0.3,0.3
2022-07-01T00:00:00,1412A,110.338,19.9969,海口市,海南师范大学,,15,15,14,7,8,57,43,50,48,3,4,4,4,0.4,0.4
2022-07-01T00:00:00,1413A,110.33,20.0356,海口市,龙华路环保局宿舍,,15,6,12,5,5,66,48,57,54,2,3,3,4,0.4,0.4
2022-07-01T00:00:00,1414A,106.3787,29.8279,重庆市,缙云山(对照点),臭氧1小时,53,42,39,19,19,200,162,184,168,10,15,12,10,0.4,0.4
2022-07-01T00:00:00,1416A,106.4213,29.8253,重庆市,天生,颗粒物(PM10),59,67,73,28,27,247,91,206,123,28,32,5,7,0.7,0.8
2022-07-01T00:00:00,1417A,106.6263,29.7228,重庆市,两路,,48,48,43,23,21,220,39,165,57,96,74,6,10,0.9,0.8
2022-07-01T00:00:00,1418A,106.2953,29.5983,重庆市,虎溪,,,,,,,,,,,,,,,,
2022-07-01T00:00:00,1419A,106.5777,29.5102,重庆市,南坪,,49,49,55,22,23,260,128,220,138,13,28,11,9,0.5,0.6
2022-07-01T00:00:00,1420A,106.6556,29.6277,重庆市,唐家沱,,44,44,48,14,16,253,42,194,79,59,48,8,10,0.4,0.9
2022-07-01T00:00:00,1421A,106.6349,29.4906,重庆市,茶园,,34,34,54,15,16,238,64,183,102,31,30,6,6,0.6,0.6
2022-07-01T00:00:00,1422A,106.3754,29.4572,重庆市,白市驿,,,,45,,30,153,,127,,,18,,10,,0.8
2022-07-01T00:00:00,1425A,106.6205,29.7166,重庆市,空港,,45,45,41,20,19,224,47,176,67,71,49,8,10,1.1,1.1
2022-07-01T00:00:00,1426A,106.4782,29.4875,重庆市,新山村,,38,38,41,18,15,276,62,208,114,47,52,11,13,0.4,0.5
2022-07-01T00:00:00,1427A,106.5616,29.6453,重庆市,礼嘉,颗粒物(PM10),51,51,60,18,18,238,36,189,82,89,72,12,11,0.7,0.7
2022-07-01T00:00:00,1428A,106.4522,29.7091,重庆市,蔡家,,46,46,48,20,24,260,98,201,100,24,29,5,5,0.5,0.7
2022-07-01T00:00:00,1429A,106.5093,29.3917,重庆市,鱼新街,,41,41,34,25,20,255,74,188,126,22,35,8,8,0.7,0.8
2022-07-01T00:00:00,1431A,103.9728,30.7236,成都市,金泉两河,,26,26,44,9,28,190,38,154,87,44,27,4,6,0.3,0.5
2022-07-01T00:00:00,1432A,104.1419,30.6764,成都市,十里店,,34,34,58,17,28,164,71,142,96,23,46,6,7,0.5,0.7
2022-07-01T00:00:00,1433A,104.0594,30.5767,成都市,三瓦窑,,31,31,57,14,28,135,59,111,73,30,58,4,6,0.4,0.6
2022-07-01T00:00:00,1434A,104.1122,30.6306,成都市,沙河铺,,38,38,51,22,27,145,55,130,86,38,42,4,4,0.5,0.7
2022-07-01T00:00:00,1437A,104.0431,30.6556,成都市,君平街,,30,30,55,14,29,178,60,144,90,38,40,4,5,0.5,0.7
2022-07-01T00:00:00,1438A,103.6202,31.0201,成都市,灵岩寺(对照点),,31,31,27,20,16,140,95,126,109,5,4,13,13,0.6,0.5
2022-07-01T00:00:00,1439A,106.6899,26.5998,贵阳市,马鞍山,,12,12,25,7,13,111,24,81,40,21,14,4,4,0.7,0.7
2022-07-01T00:00:00,1440A,106.6971,26.5694,贵阳市,市环保站,,24,24,25,14,12,101,22,85,46,35,25,3,5,0.4,0.4
2022-07-01T00:00:00,1441A,106.6243,26.6266,贵阳市,鉴湖路,,27,27,22,9,11,105,26,93,60,29,12,3,3,1.0,0.9
2022-07-01T00:00:00,1442A,106.7487,26.6343,贵阳市,燕子冲,,25,14,30,17,21,100,38,86,59,10,17,6,5,0.7,0.7
2022-07-01T00:00:00,1443A,106.6555,26.4365,贵阳市,碧云窝,,24,24,32,7,12,125,22,105,58,14,10,2,4,0.6,0.6
2022-07-01T00:00:00,1444A,106.694,26.5161,贵阳市,中院村,,39,39,30,12,12,120,27,98,49,28,19,2,2,0.4,0.5
2022-07-01T00:00:00,1445A,106.7109,26.6027,贵阳市,红边门,,35,22,28,24,18,112,41,92,55,26,23,2,2,0.3,0.3
2022-07-01T00:00:00,1446A,106.7164,26.5699,贵阳市,新华路,,25,17,26,17,16,106,16,86,50,38,20,5,5,0.5,0.4
2022-07-01T00:00:00,1447A,106.674,26.5424,贵阳市,太慈桥,,19,19,32,9,11,115,5,94,46,26,17,4,5,0.7,0.5
2022-07-01T00:00:00,1450A,102.8204,24.8886,昆明市,呈贡新区,,29,18,39,14,21,116,92,88,88,7,23,11,8,0.3,0.3
2022-07-01T00:00:00,1451A,102.6251,24.9608,昆明市,西山森林公园(对照点),,31,31,35,16,22,169,95,144,130,10,14,7,9,0.4,0.4
2022-07-01T00:00:00,1452A,102.7252,25.0902,昆明市,龙泉镇,,40,28,42,28,22,136,72,130,101,22,17,14,12,0.2,0.2
2022-07-01T00:00:00,1453A,102.7266,25.0375,昆明市,东风东路,,42,42,43,20,18,148,75,141,108,23,18,7,7,0.4,0.3
2022-07-01T00:00:00,1454A,102.6742,25.0669,昆明市,金鼎山,,46,46,44,28,24,141,84,138,114,12,12,9,19,0.4,0.4
2022-07-01T00:00:00,1455A,102.6644,25.0401,昆明市,碧鸡广场,颗粒物(PM10),52,54,40,22,23,153,82,141,113,17,17,10,17,0.4,0.4
2022-07-01T00:00:00,1456A,91.1319,29.6514,拉萨市,八廓街,,39,33,24,10,12,159,122,155,138,14,13,6,6,0.1,0.1
2022-07-01T00:00:00,1457A,91.1221,29.6747,拉萨市,市环保局,,,18,22,,,169,125,160,142,11,16,7,8,0.1,0.2
2022-07-01T00:00:00,1458A,91.0874,29.6475,拉萨市,区监测站,,40,26,24,4,7,175,125,162,141,16,21,8,8,0.2,0.3
2022-07-01T00:00:00,1459A,91.1774,29.6541,拉萨市,西藏大学,,39,26,22,7,8,152,123,150,128,11,12,7,7,0.2,0.2
2022-07-01T00:00:00,1460A,90.9798,29.6588,拉萨市,区辐射站,,34,28,20,14,11,159,108,146,131,22,21,8,9,0.2,0.2
2022-07-01T00:00:00,1461A,91.0834,29.6292,拉萨市,拉萨火车站,,39,30,25,9,9,163,123,153,141,12,19,10,9,0.1,0.2
2022-07-01T00:00:00,1462A,108.882,34.2749,西安市,高压开关厂,颗粒物(PM10),55,59,59,24,28,259,126,241,183,23,29,6,8,0.6,0.6
2022-07-01T00:00:00,1463A,108.993,34.2629,西安市,兴庆小区,颗粒物(PM10),55,59,58,25,26,242,108,226,168,24,33,5,7,0.5,0.7
2022-07-01T00:00:00,1464A,109.06,34.2572,西安市,纺织城,,44,44,71,24,27,237,85,226,121,36,51,7,8,0.5,0.6
2022-07-01T00:00:00,1465A,108.9356,34.2173,西安市,小寨,,43,43,57,13,23,268,100,236,165,32,40,5,7,0.3,0.4
2022-07-01T00:00:00,1466A,108.954,34.2713,西安市,市人民体育场,颗粒物(PM10),56,61,59,20,25,248,107,231,171,31,30,5,8,0.5,0.5
2022-07-01T00:00:00,1467A,108.8922,34.2322,西安市,高新西区,,44,44,58,23,22,274,124,247,184,24,30,7,8,0.6,0.6
2022-07-01T00:00:00,1468A,108.935,34.3474,西安市,经开区,颗粒物(PM10),53,56,60,31,27,216,96,199,153,25,24,5,5,0.5,0.5
2022-07-01T00:00:00,1469A,108.906,34.1546,西安市,长安区,颗粒物(PM10),60,70,72,23,22,313,78,276,187,51,46,7,9,0.5,0.6
2022-07-01T00:00:00,1471A,109.2186,34.3731,西安市,临潼区,,47,47,44,20,17,168,109,168,151,41,31,5,6,0.4,0.4
2022-07-01T00:00:00,1472A,108.869,34.378,西安市,草滩(对照点),,40,38,51,28,24,220,98,205,160,33,26,8,9,0.8,0.8
2022-07-01T00:00:00,1473A,108.985,34.1978,西安市,曲江文化产业集团,颗粒物(PM10),63,75,75,16,24,278,94,242,165,28,41,5,8,0.5,0.6
2022-07-01T00:00:00,1474A,109.051,34.3213,西安市,广运潭,颗粒物(PM10),70,89,59,34,27,215,78,198,153,41,38,7,9,0.6,0.6
2022-07-01T00:00:00,1476A,103.631,36.1031,兰州市,兰炼宾馆,颗粒物(PM10),55,60,55,21,21,176,92,159,124,30,46,4,15,0,0.5
2022-07-01T00:00:00,1477A,104.1373,35.9454,兰州市,榆中兰大校区(对照点),,,,,,,,,,,,,,,,
2022-07-01T00:00:00,1478A,103.8412,36.0726,兰州市,生物制品所,,35,35,61,11,24,189,103,158,126,27,44,5,12,0.6,0.8
2022-07-01T00:00:00,1479A,103.831,36.0464,兰州市,铁路设计院,,38,35,54,26,20,167,104,148,119,28,53,5,18,0.4,0.7
2022-07-01T00:00:00,1483A,101.524,36.6867,西宁市,第五水厂(对照点),颗粒物(PM10),56,61,19,12,8,150,86,142,124,17,13,11,11,0.6,0.6
2022-07-01T00:00:00,1484A,105.9512,38.6016,银川市,贺兰山马莲口(对照点),,48,23,26,18,16,192,152,183,170,5,9,12,16,0.5,0.7
2022-07-01T00:00:00,1488A,106.2328,38.4975,银川市,贺兰山东路,,35,26,24,6,9,166,112,160,149,26,19,14,9,0.6,0.5
2022-07-01T00:00:00,1489A,106.1358,38.5036,银川市,学院路,,35,35,39,22,21,167,96,158,143,38,22,13,11,0.6,0.7
2022-07-01T00:00:00,1490A,87.5801,43.8303,乌鲁木齐市,监测站,颗粒物(PM10),64,78,46,25,14,152,125,137,126,8,30,9,10,0.4,0.5
2022-07-01T00:00:00,1491A,87.6046,43.768,乌鲁木齐市,收费所,颗粒物(PM10),66,82,56,10,18,138,131,130,117,28,44,8,8,0.4,0.4
2022-07-01T00:00:00,1492A,87.4754,43.9469,乌鲁木齐市,新疆农科院农场(对照点),,,,71,23,19,167,105,146,129,16,27,11,11,0.9,0.8
2022-07-01T00:00:00,1493A,87.5525,43.8711,乌鲁木齐市,铁路局,颗粒物(PM10),85,120,50,26,16,172,127,149,132,12,33,9,10,0.3,0.4
2022-07-01T00:00:00,1494A,87.6432,43.831,乌鲁木齐市,三十一中学,,,,,,,,,,,,,,,,
2022-07-01T00:00:00,1496A,87.7216,44.1747,乌鲁木齐市,米东区环保局,颗粒物(PM10),148,245,62,37,18,150,80,143,117,22,27,11,13,0.2,0.3
2022-07-01T00:00:00,1508A,112.9433,27.8614,湘潭市,板塘,,35,35,30,24,20,136,61,126,92,20,17,8,6,0.4,0.3
2022-07-01T00:00:00,1511A,112.9118,27.8403,湘潭市,市监测站,,29,12,18,20,16,129,71,121,94,14,11,6,7,0.7,0.7
2022-07-01T00:00:00,1512A,112.8937,27.8728,湘潭市,江麓,,38,38,30,21,10,149,75,136,105,12,10,2,6,0.4,0.3
2022-07-01T00:00:00,1513A,112.9227,27.8159,湘潭市,岳塘,,35,35,29,12,14,134,46,120,90,18,8,14,11,0.8,0.8
2022-07-01T00:00:00,1514A,112.9074,27.9119,湘潭市,科大,,39,39,31,24,18,143,65,127,94,15,14,6,5,0.2,0.2
2022-07-01T00:00:00,1515A,113.135,27.8244,株洲市,天台山庄,,33,12,14,23,16,113,70,103,89,12,9,5,5,0.4,0.4
2022-07-01T00:00:00,1518A,113.095,27.8867,株洲市,株冶医院,,36,29,15,25,15,112,42,102,82,33,16,5,7,0.4,0.5
2022-07-01T00:00:00,1519A,113.167,27.8667,株洲市,市四中,,,,10,21,14,108,,102,99,10,9,5,4,0.7,0.6
2022-07-01T00:00:00,1520A,113.143,27.8381,株洲市,火车站,,31,31,20,15,15,114,67,102,86,10,8,5,6,0.4,0.4
2022-07-01T00:00:00,1524A,113.13,27.8528,株洲市,市监测站,,32,27,20,22,17,130,78,121,102,12,8,4,7,0.4,0.4
2022-07-01T00:00:00,1552A,106.805,26.3003,贵阳市,桐木岭(对照点),,,,,,,,,,,,,,,,
2022-07-01T00:00:00,1559A,113.251,27.8336,株洲市,大京风景区(对照点),,29,29,22,11,14,105,14,98,60,6,5,1,3,0.4,0.4
2022-07-01T00:00:00,1562A,113.0048,27.9153,湘潭市,昭山,,26,22,19,18,15,124,42,112,74,26,15,6,6,0.6,0.5
2022-07-01T00:00:00,1564A,112.4876,27.9164,湘潭市,韶山(对照点),,32,32,29,15,11,106,26,99,69,12,10,3,3,1.0,0.9
2022-07-01T00:00:00,1585A,109.8756,40.6532,包头市,市环境监测站,,37,37,30,7,13,175,66,146,131,53,30,7,11,0.6,0.8
2022-07-01T00:00:00,1587A,109.9991,40.5842,包头市,包头八中,,38,38,40,12,21,197,117,177,151,20,28,49,25,0.8,1.1
2022-07-01T00:00:00,1588A,109.8538,40.6821,包头市,青山宾馆,颗粒物(PM10),57,64,29,21,13,171,90,136,125,33,25,10,9,0.7,0.7
2022-07-01T00:00:00,1589A,109.8642,40.6288,包头市,惠龙物流,,34,34,34,12,12,182,98,159,151,39,32,12,18,0.6,1.1
2022-07-01T00:00:00,1590A,110.0377,40.5546,包头市,东河鸿龙湾,颗粒物(PM10),55,60,39,34,16,203,63,184,134,70,26,59,14,0.7,0.8
2022-07-01T00:00:00,1591A,110.0023,39.8129,鄂尔多斯市,综合楼,,32,21,20,9,7,138,102,132,122,37,27,8,28,0.4,0.5
2022-07-01T00:00:00,1592A,109.9486,39.8261,鄂尔多斯市,巴音孟克林场办事处,颗粒物(PM10),51,51,34,12,11,138,68,130,114,62,28,8,14,0.6,0.5
2022-07-01T00:00:00,1593A,109.7736,39.5986,鄂尔多斯市,康泽苑,,27,27,22,9,7,146,60,141,120,37,12,4,5,0.4,0.5
2022-07-01T00:00:00,1594A,109.8119,39.5989,鄂尔多斯市,华泰汽车城,,36,36,22,9,9,147,31,141,103,71,20,6,7,0.6,0.5
2022-07-01T00:00:00,1595A,109.9734,39.7884,鄂尔多斯市,奥林花园,,36,36,27,9,11,138,70,131,116,48,22,5,7,0.6,0.5
2022-07-01T00:00:00,1597A,122.2703,40.7094,营口市,大庆路,,33,33,38,18,30,145,24,126,54,29,19,4,4,0.8,0.8
2022-07-01T00:00:00,1598A,122.215,40.6511,营口市,镜湖西路,,24,24,32,7,18,129,43,116,75,22,19,2,2,0.4,0.6
2022-07-01T00:00:00,1599A,122.167,40.6655,营口市,西炮台,,32,32,32,20,20,127,21,118,70,40,23,10,7,0.8,0.6
2022-07-01T00:00:00,1600A,124.3303,40.0625,丹东市,江湾东路,,30,29,16,21,18,95,31,74,63,13,10,9,6,0.4,0.5
2022-07-01T00:00:00,1601A,124.4256,40.1503,丹东市,临江后街,,,,,2,6,100,40,81,72,1,4,10,10,1.0,1.2
2022-07-01T00:00:00,1602A,124.3933,40.1461,丹东市,元宝山,,11,4,13,1,6,78,35,64,59,4,6,5,5,0.1,0.3
2022-07-01T00:00:00,1603A,124.3633,40.1092,丹东市,民主桥,,14,14,16,8,9,90,35,71,63,5,12,8,8,0.3,0.6
2022-07-01T00:00:00,1604A,122.0303,41.1489,盘锦市,开发区,,32,28,30,22,20,117,51,105,79,24,25,2,3,1.1,0.8
2022-07-01T00:00:00,1605A,122.0485,41.0883,盘锦市,兴隆台,,45,45,33,18,18,119,51,113,77,27,32,1,2,0.9,0.8
2022-07-01T00:00:00,1606A,121.8297,41.1028,盘锦市,新生街道,,40,17,20,28,16,141,71,126,108,22,16,5,3,0.8,0.6
2022-07-01T00:00:00,1607A,120.9092,40.7136,葫芦岛市,龙港区,细颗粒物(PM2.5),55,32,31,39,26,122,106,119,111,3,8,2,11,0.5,0.6
2022-07-01T00:00:00,1608A,120.8392,40.7514,葫芦岛市,化工街,细颗粒物(PM2.5),52,31,36,36,24,168,118,143,117,7,22,5,10,0.4,0.4
2022-07-01T00:00:00,1609A,120.8341,40.7073,葫芦岛市,新区,,46,32,34,32,29,132,115,126,117,4,18,4,8,0.5,0.6
2022-07-01T00:00:00,1610A,120.8695,40.7677,葫芦岛市,东城区,细颗粒物(PM2.5),54,33,35,38,26,141,100,124,100,8,20,4,14,0.4,0.4
2022-07-01T00:00:00,1611A,118.5819,24.9117,泉州市,涂山街,,14,14,32,7,9,128,38,98,48,6,11,5,6,0.2,0.2
2022-07-01T00:00:00,1612A,118.5972,24.8978,泉州市,津头埔,,19,19,37,4,12,136,33,91,44,8,15,4,6,0.1,0.2
2022-07-01T00:00:00,1613A,118.6663,24.9424,泉州市,万安,,23,23,35,5,12,134,30,92,42,6,12,5,6,0.5,0.5
2022-07-01T00:00:00,1614A,118.6117,24.9604,泉州市,清源山(对照点),,,,,,,,,,,,,,,,
2022-07-01T00:00:00,1616A,117.6795,36.229,济南市,技术学院,,34,12,25,14,19,187,106,161,131,18,20,7,8,0.8,0.9
2022-07-01T00:00:00,1618A,118.3429,35.0532,临沂市,沂河小区,,36,31,36,25,25,208,90,182,110,21,20,7,7,0.4,0.6
2022-07-01T00:00:00,1619A,118.295,35.0583,临沂市,鲁南制药厂,,33,12,23,13,19,208,103,169,102,16,21,5,5,0.3,0.6
2022-07-01T00:00:00,1620A,118.2794,34.9976,临沂市,新光毛纺厂,,28,24,30,15,18,199,88,166,99,17,19,4,5,0.5,0.7
2022-07-01T00:00:00,1621A,118.3956,35.0888,临沂市,河东保险公司,,29,29,26,14,19,172,48,149,88,25,15,3,4,0.4,0.5
2022-07-01T00:00:00,1622A,116.3032,37.4674,德州市,儿童乐园,颗粒物(PM10),53,56,39,29,27,151,27,137,77,52,21,4,7,0.7,0.7
2022-07-01T00:00:00,1624A,116.2991,37.4451,德州市,监理站,,42,42,30,19,23,156,37,141,85,38,13,10,11,0.9,0.8
2022-07-01T00:00:00,1625A,115.9848,36.4372,聊城市,区政府,,30,30,27,17,18,158,88,146,130,18,14,5,6,0.6,0.6
2022-07-01T00:00:00,1628A,118.0062,37.3803,滨州市,市环保局,,35,5,44,9,33,172,110,159,136,6,8,2,2,0.0,0.2
2022-07-01T00:00:00,1629A,118.0018,37.3617,滨州市,第二水厂,,32,10,32,13,24,156,101,140,120,10,13,6,12,0.6,0.7
2022-07-01T00:00:00,1630A,117.9776,37.393,滨州市,北中新校,,27,8,37,6,26,151,86,138,119,9,16,6,7,0.5,0.6
2022-07-01T00:00:00,1631A,118.0414,36.8103,淄博市,人民公园,,46,46,51,24,34,186,62,161,108,16,21,10,9,0.5,0.4
2022-07-01T00:00:00,1633A,117.8525,36.4847,淄博市,双山,,38,12,34,10,26,203,119,159,123,16,24,6,7,0.3,0.4
2022-07-01T00:00:00,1634A,117.9592,36.6331,淄博市,气象站,,32,25,49,22,34,254,78,194,124,17,25,9,13,0.3,0.5
2022-07-01T00:00:00,1635A,118.3092,36.8194,淄博市,莆田园,,32,29,44,22,31,198,52,163,98,28,27,6,8,0.6,0.9
2022-07-01T00:00:00,1637A,117.558,34.8438,枣庄市,市中区政府,,34,31,28,12,11,220,106,185,134,14,11,8,10,0.4,0.4
2022-07-01T00:00:00,1638A,117.2852,34.7837,枣庄市,薛城环保局,,37,37,36,14,16,211,106,186,131,20,21,18,20,0.7,0.8
2022-07-01T00:00:00,1639A,117.5852,34.7745,枣庄市,峄城区政府,,35,24,30,12,14,201,111,173,121,15,15,10,10,0.4,0.4
2022-07-01T00:00:00,1640A,117.7276,34.5578,枣庄市,台儿庄区环保局,,29,19,21,17,11,166,92,143,103,16,13,9,10,0.6,0.6
2022-07-01T00:00:00,1641A,117.4518,35.0992,枣庄市,山亭区环保局,,,17,25,15,20,216,,197,165,8,12,8,10,0.4,0.5
2022-07-01T00:00:00,1642A,121.2514,37.5639,烟台市,开发区,,43,7,30,2,20,136,136,126,126,3,18,8,9,0.4,0.5
2022-07-01T00:00:00,1643A,121.3719,37.5433,烟台市,轴承厂,,40,7,31,11,21,129,126,110,109,2,16,4,5,0.1,0.3
2022-07-01T00:00:00,1644A,121.3181,37.5436,烟台市,西郊化工站,,38,5,37,0,20,120,120,100,100,2,23,6,6,0.2,0.4
2022-07-01T00:00:00,1645A,121.4478,37.4822,烟台市,莱山环保局,,39,5,22,2,16,128,124,116,116,6,7,6,6,0.4,0.6
2022-07-01T00:00:00,1646A,121.2611,37.4967,烟台市,福山环保局,,36,7,29,2,21,128,114,111,110,5,16,3,6,0.5,0.6
2022-07-01T00:00:00,1650A,119.1437,36.7023,潍坊市,环保局,,29,29,37,18,30,194,90,164,120,11,12,9,10,1.0,0.7
2022-07-01T00:00:00,1653A,116.6251,35.4302,济宁市,火炬城,,35,18,48,12,30,179,110,159,142,9,16,10,11,0.5,0.8
2022-07-01T00:00:00,1655A,116.5491,35.4042,济宁市,电化厂,,38,19,48,14,26,179,121,159,143,7,15,6,7,0.6,0.9
2022-07-01T00:00:00,1656A,117.1437,36.1937,泰安市,监测站,,41,22,46,10,25,166,130,149,144,9,12,10,11,0.4,0.6
2022-07-01T00:00:00,1657A,117.0885,36.2017,泰安市,人口学校,,41,27,42,8,23,166,130,150,148,11,14,7,7,0.1,0.3
2022-07-01T00:00:00,1658A,117.1089,36.1758,泰安市,电力学校,,37,14,50,18,25,171,117,151,143,6,11,6,8,0.3,0.5
2022-07-01T00:00:00,1659A,119.471,35.4209,日照市,监测站,,23,22,29,11,23,139,72,110,77,15,15,8,8,0.7,0.8
2022-07-01T00:00:00,1660A,119.523,35.4216,日照市,市政府广场,,33,12,31,9,19,117,103,105,95,4,9,4,4,0.5,0.7
2022-07-01T00:00:00,1661A,119.5587,35.4044,日照市,港务局,,33,19,32,2,16,126,104,113,100,10,12,3,4,0.5,0.8
2022-07-01T00:00:00,1662A,122.1214,37.4236,威海市,华夏技校,,31,12,25,12,21,98,98,88,88,6,10,4,4,0.4,0.4
2022-07-01T00:00:00,1663A,122.0508,37.5236,威海市,山大分校,,38,5,26,2,23,124,119,101,101,7,13,2,2,0.2,0.3
2022-07-01T00:00:00,1664A,122.1067,37.5072,威海市,市监测站,,33,7,28,10,27,104,104,93,93,8,18,4,5,0.3,0.4
2022-07-01T00:00:00,1666A,118.6614,37.4309,东营市,市环保局,,35,7,25,7,22,128,111,120,116,5,5,8,8,0.8,0.8
2022-07-01T00:00:00,1669A,113.5824,24.7733,韶关市,市八中,,,22,23,,9,72,2,57,14,20,14,12,9,0.5,0.4
2022-07-01T00:00:00,1671A,113.5917,24.7972,韶关市,园林处,,20,17,27,14,9,70,9,57,18,13,9,8,8,0.6,0.5
2022-07-01T00:00:00,1672A,113.6735,24.7791,韶关市,韶关学院,,20,20,16,14,10,62,2,50,14,15,11,8,8,0.5,0.5
2022-07-01T00:00:00,1673A,113.5971,24.6863,韶关市,曲江监测站,,22,22,31,8,11,72,12,52,15,14,14,17,17,0.4,0.8
2022-07-01T00:00:00,1674A,116.6794,23.3667,汕头市,金平子站,,24,24,19,13,13,74,73,65,64,16,8,4,4,0.5,0.7
2022-07-01T00:00:00,1675A,116.7244,23.3633,汕头市,龙湖子站,,28,25,20,4,4,87,87,74,72,12,9,8,7,0.5,0.5
2022-07-01T00:00:00,1676A,116.7258,23.2775,汕头市,濠江子站,,22,16,18,9,7,74,69,68,68,9,6,9,9,0.5,0.5
2022-07-01T00:00:00,1677A,116.7519,23.4714,汕头市,澄海子站,,29,26,21,8,6,90,90,70,70,11,8,5,5,0.5,0.4
2022-07-01T00:00:00,1678A,116.6092,23.2539,汕头市,潮阳子站,,20,20,18,3,5,71,60,66,64,5,5,7,7,0.5,0.5
2022-07-01T00:00:00,1680A,110.3539,21.2706,湛江市,湛江影剧院,,16,16,20,6,8,79,45,73,59,6,6,6,5,0.3,0.3
2022-07-01T00:00:00,1681A,110.3928,21.2228,湛江市,市环境监测站,,16,6,19,11,9,82,45,70,61,9,6,6,6,0.5,0.5
2022-07-01T00:00:00,1682A,110.4019,21.1997,湛江市,环保局宿舍,,23,17,18,16,16,77,40,66,55,10,7,5,5,0.5,0.5
2022-07-01T00:00:00,1683A,110.4111,21.2028,湛江市,霞山游泳场,,13,8,20,8,12,79,40,63,54,13,10,7,6,0.4,0.4
2022-07-01T00:00:00,1684A,110.3316,21.2679,湛江市,麻章区环保局,,18,18,21,12,7,81,42,72,59,7,6,4,4,0.4,0.4
2022-07-01T00:00:00,1685A,110.4558,21.2567,湛江市,坡头区环保局,,18,11,22,12,11,83,47,72,57,8,8,6,6,0.5,0.5
2022-07-01T00:00:00,1686A,111.0286,21.4688,茂名市,电白南海,,19,19,28,12,13,94,48,73,55,6,6,6,5,0.4,0.5
2022-07-01T00:00:00,1687A,110.9294,21.6533,茂名市,茂石化七小,,25,22,18,17,13,65,40,62,49,10,8,5,4,0.6,0.5
2022-07-01T00:00:00,1688A,110.9107,21.6687,茂名市,健康路,,35,14,15,24,7,75,45,67,51,8,7,9,8,0.6,0.6
2022-07-01T00:00:00,1689A,110.8592,21.6828,茂名市,高岭,,15,9,6,2,4,75,48,67,53,8,7,18,16,0.5,0.4
2022-07-01T00:00:00,1690A,116.1231,24.3284,梅州市,梅江月梅,,14,14,15,4,4,56,25,45,28,6,6,2,3,0.4,0.4
2022-07-01T00:00:00,1691A,116.0797,24.2719,梅州市,梅县新城,,19,19,16,8,6,53,6,46,19,22,13,3,3,0.6,0.5
2022-07-01T00:00:00,1692A,116.1248,24.2654,梅州市,环境监控中心,,18,18,17,6,4,51,21,41,23,14,12,17,8,0.5,0.5
2022-07-01T00:00:00,1693A,115.3653,22.775,汕尾市,市环保局,,12,9,12,3,4,52,37,46,44,5,6,5,5,0.5,0.5
2022-07-01T00:00:00,1694A,115.3706,22.7898,汕尾市,市政府,,,,14,,4,51,,49,49,,5,,6,,0.5
2022-07-01T00:00:00,1695A,115.3622,22.7925,汕尾市,新城中学,,,,16,3,6,54,38,48,46,3,3,5,5,0.5,0.5
2022-07-01T00:00:00,1696A,114.6778,23.7569,河源市,源西(对照点),,17,17,17,6,5,39,5,34,16,16,8,4,4,0.3,0.3
2022-07-01T00:00:00,1697A,114.6944,23.7586,河源市,东埔,,22,22,12,6,4,38,16,34,20,15,11,4,4,0.5,0.5
2022-07-01T00:00:00,1698A,114.6892,23.7233,河源市,老城,,11,11,12,5,5,42,20,37,25,14,10,2,2,0.6,0.6
2022-07-01T00:00:00,1699A,111.9797,21.8593,阳江市,鸳鸯湖(对照点),,,,,,,,,,,,,,,,
2022-07-01T00:00:00,1701A,111.9491,21.8658,阳江市,马南垌,,13,12,14,9,9,75,23,62,45,16,11,3,3,0.3,0.4
2022-07-01T00:00:00,1702A,113.0426,23.691,清远市,环保大楼(对照点),,10,10,13,7,10,72,18,63,34,13,9,4,4,0.3,0.3
2022-07-01T00:00:00,1703A,113.0208,23.7106,清远市,凤城街办,,10,10,14,5,7,53,13,47,19,11,10,5,6,0.5,0.5
2022-07-01T00:00:00,1705A,116.6367,23.6719,潮州市,西园路(对照点),,25,14,14,17,10,81,60,75,56,13,8,6,5,0.8,0.7
2022-07-01T00:00:00,1706A,116.6447,23.6706,潮州市,档案局,,29,29,18,5,5,80,74,70,61,11,8,8,7,0.5,0.4
2022-07-01T00:00:00,1708A,116.3701,23.5345,揭阳市,新兴,,49,49,26,12,11,84,43,70,56,17,9,11,7,0.6,0.4
2022-07-01T00:00:00,1709A,116.3264,23.5443,揭阳市,西马,,37,37,21,7,2,92,47,75,60,12,6,11,9,0.6,0.5
2022-07-01T00:00:00,1710A,116.3611,23.5626,揭阳市,东兴,,36,36,21,12,6,81,30,69,53,28,10,12,6,0.6,0.5
2022-07-01T00:00:00,1711A,116.4151,23.5294,揭阳市,渔湖,颗粒物(PM10),53,55,26,22,10,80,34,68,52,22,8,11,5,0.7,0.6
2022-07-01T00:00:00,1712A,112.0392,22.9169,云浮市,新市府(对照点),,,,,,,,,,,,,,,,
2022-07-01T00:00:00,1714A,112.0539,22.9539,云浮市,牧羊,,11,11,24,7,14,90,28,74,52,18,16,8,9,0.4,0.5
2022-07-01T00:00:00,1715A,102.575,24.3711,玉溪市,东风水库,,36,36,33,16,17,129,69,125,103,12,12,4,4,0.6,0.7
2022-07-01T00:00:00,1718A,115.4208,35.2464,菏泽市,气象局,细颗粒物(PM2.5),58,46,35,41,26,170,111,158,140,16,15,5,6,0.5,0.5
2022-07-01T00:00:00,1719A,115.4747,35.2375,菏泽市,市政协,,45,44,36,31,23,174,126,161,142,12,12,6,8,0.3,0.3
2022-07-01T00:00:00,1721A,113.3819,40.1097,大同市,果树场(对照点),,,,,,,,,,,,,,,,
2022-07-01T00:00:00,1723A,113.2994,40.0758,大同市,云冈宾馆,,41,41,36,22,13,123,30,102,51,51,32,8,10,0.6,0.6
2022-07-01T00:00:00,1724A,113.3444,40.0917,大同市,大同大学,,24,24,26,9,8,120,42,107,58,30,22,7,14,0.5,0.5
2022-07-01T00:00:00,1725A,113.2661,40.1269,大同市,安家小村,,34,34,32,6,11,130,57,118,79,25,22,16,13,0.5,0.5
2022-07-01T00:00:00,1726A,113.2711,40.0844,大同市,教育学院,颗粒物(PM10),53,55,42,13,15,125,23,101,56,51,30,10,11,0.7,0.5
2022-07-01T00:00:00,1727A,113.1147,36.1547,长治市,清华站,,34,34,33,22,20,172,69,129,85,22,25,9,10,1.0,0.7
2022-07-01T00:00:00,1728A,113.1031,36.1989,长治市,监测站,,33,33,39,14,17,181,69,144,85,14,13,9,9,0.8,0.8
2022-07-01T00:00:00,1730A,113.0886,36.2125,长治市,审计局,,32,24,24,22,20,182,71,148,97,18,15,8,9,1.1,1
2022-07-01T00:00:00,1731A,113.0844,36.1856,长治市,长治八中,,40,40,30,20,15,179,62,143,87,24,20,10,12,1.2,0.9
2022-07-01T00:00:00,1733A,111.5531,36.0783,临汾市,临钢医院,,36,36,36,15,16,180,64,171,109,40,21,2,3,0.6,0.7
2022-07-01T00:00:00,1734A,111.5028,36.0714,临汾市,技工学校,,33,13,22,23,21,176,86,164,115,14,14,4,8,0.6,0.6
2022-07-01T00:00:00,1736A,111.5018,36.0855,临汾市,市委,,30,30,29,13,19,182,94,174,124,13,14,2,6,0.4,0.5
2022-07-01T00:00:00,1738A,113.5758,37.8572,阳泉市,市中心,颗粒物(PM10),61,72,38,25,16,149,112,144,138,20,15,16,15,0.9,0.8
2022-07-01T00:00:00,1739A,113.4894,37.8731,阳泉市,赛鱼,,39,39,26,17,15,155,64,145,122,39,18,10,10,0.7,0.8
2022-07-01T00:00:00,1740A,113.5819,37.8486,阳泉市,南庄,颗粒物(PM10),52,53,36,28,24,148,112,144,139,20,15,15,14,0.9,0.9
2022-07-01T00:00:00,1742A,113.5614,37.8703,阳泉市,平坦,颗粒物(PM10),53,56,40,11,13,151,117,144,138,18,16,19,14,1.0,0.9
2022-07-01T00:00:00,1743A,113.5158,37.8392,阳泉市,大阳泉,,36,36,24,25,17,143,113,136,133,16,13,13,8,0.7,0.7
2022-07-01T00:00:00,1744A,118.9233,42.2816,赤峰市,松山一中,,31,31,26,14,13,132,35,121,89,46,25,14,14,1.1,0.8
2022-07-01T00:00:00,1745A,118.9576,42.2728,赤峰市,哈达街,,43,43,30,13,9,139,20,116,83,50,24,17,19,1.0,0.8
2022-07-01T00:00:00,1746A,118.8788,42.2554,赤峰市,天义路,,28,28,20,9,7,151,52,132,92,26,19,12,12,0.8,0.6
2022-07-01T00:00:00,1748A,123.044,41.1196,鞍山市,深沟寺,,12,12,22,4,14,100,33,77,39,5,10,5,4,0.3,0.5
2022-07-01T00:00:00,1749A,123.011,41.0931,鞍山市,太阳城,,13,10,22,9,16,101,34,88,29,9,12,6,6,0.7,1
2022-07-01T00:00:00,1750A,123.0485,41.1442,鞍山市,太平,,17,5,24,3,15,113,53,90,47,6,19,5,6,0.7,1
2022-07-01T00:00:00,1751A,122.9642,41.0971,鞍山市,铁西三道街,,15,14,37,4,20,109,46,90,29,14,34,5,7,0.5,1.5
2022-07-01T00:00:00,1752A,122.9341,41.0833,鞍山市,铁西工业园区,,28,28,36,13,20,131,16,103,27,36,31,3,5,0.9,1.4
2022-07-01T00:00:00,1753A,123.022,41.0821,鞍山市,明达新区,,12,12,22,4,12,111,32,100,49,6,10,3,3,0.5,0.7
2022-07-01T00:00:00,1754A,123.1289,41.0228,鞍山市,千山(对照点),,,,,,,,,,,,,,,,
2022-07-01T00:00:00,1755A,123.7977,41.8491,抚顺市,望花区,,,,43,,25,153,,134,102,,21,,2,,1.1
2022-07-01T00:00:00,1756A,123.9161,41.8822,抚顺市,顺城区,,46,46,48,17,27,116,44,106,79,25,29,7,8,0.8,1.2
2022-07-01T00:00:00,1757A,124.0436,41.8611,抚顺市,东洲区,,24,19,38,10,22,152,76,137,105,5,13,4,5,0.6,0.9
2022-07-01T00:00:00,1758A,123.9247,41.8642,抚顺市,新抚区,颗粒物(PM10),51,52,41,33,25,145,42,132,89,20,20,3,4,0.7,1
2022-07-01T00:00:00,1759A,124.0972,41.8961,抚顺市,大伙房水库,,25,21,33,10,23,160,79,140,108,4,9,5,8,0.4,0.7
2022-07-01T00:00:00,1760A,123.7086,41.8391,抚顺市,沈抚新城,,38,33,47,26,28,158,45,140,96,26,20,3,3,0.9,1
2022-07-01T00:00:00,1761A,123.8275,41.3064,本溪市,大峪,,30,30,35,6,10,108,28,94,42,17,17,5,5,0.3,0.4
2022-07-01T00:00:00,1762A,123.7567,41.3325,本溪市,溪湖,,23,23,28,9,15,55,15,45,34,26,27,5,5,0.5,1
2022-07-01T00:00:00,1763A,123.7169,41.3094,本溪市,彩屯,,48,48,36,32,23,90,8,75,34,28,26,4,4,1.7,1.9
2022-07-01T00:00:00,1764A,123.7669,41.2864,本溪市,东明,,15,13,20,9,11,105,48,95,61,15,12,5,6,0.5,0.5
2022-07-01T00:00:00,1765A,123.7992,41.2664,本溪市,新立屯,,19,19,22,6,9,110,15,92,30,25,11,4,4,0.7,0.7
2022-07-01T00:00:00,1766A,123.8142,41.3472,本溪市,威宁,,39,39,37,9,11,108,5,80,15,14,14,8,8,0.6,0.7
2022-07-01T00:00:00,1767A,121.1115,41.0879,锦州市,南山,细颗粒物(PM2.5),54,25,25,38,23,119,58,112,90,33,12,5,7,0.6,0.7
2022-07-01T00:00:00,1768A,121.0533,40.8434,锦州市,开发区,,49,49,51,34,31,141,97,121,92,11,25,6,17,0.6,0.7
2022-07-01T00:00:00,1769A,121.1836,41.1119,锦州市,百股街道,,28,20,27,17,19,136,87,124,96,11,12,1,8,0.5,0.5
2022-07-01T00:00:00,1770A,121.1178,41.1222,锦州市,天安街道,细颗粒物(PM2.5),60,43,34,43,23,122,46,116,94,31,16,7,10,0.7,0.7
2022-07-01T00:00:00,1771A,121.1303,41.1386,锦州市,北湖公园,细颗粒物(PM2.5),57,33,35,40,25,128,59,122,104,14,10,9,8,0.6,0.6
2022-07-01T00:00:00,1772A,126.54,43.8622,吉林市,哈达湾,,35,35,22,18,14,107,20,96,67,31,14,5,8,0.8,0.6
2022-07-01T00:00:00,1773A,126.5844,43.8358,吉林市,东局子,,28,28,22,14,13,107,31,81,50,20,16,5,8,0.8,0.7
2022-07-01T00:00:00,1774A,126.5052,43.8245,吉林市,电力学院,,21,21,14,10,12,108,9,94,56,25,11,6,7,0.6,0.6
2022-07-01T00:00:00,1775A,126.6133,43.8972,吉林市,江北,,18,18,18,7,10,101,15,79,39,27,11,9,9,0.7,0.7
2022-07-01T00:00:00,1776A,126.555,43.8306,吉林市,江南公园,,24,24,21,16,13,101,38,88,64,12,15,2,4,0.7,0.7
2022-07-01T00:00:00,1778A,126.7061,43.7133,吉林市,丰满(对照点),,,,,,,,,,,,,,,,
2022-07-01T00:00:00,1779A,123.9305,47.3636,齐齐哈尔市,安居小区,,,28,26,14,12,130,92,120,85,17,18,,4,0.6,0.6
2022-07-01T00:00:00,1780A,123.9488,47.3386,齐齐哈尔市,中心广场,,40,40,24,26,9,150,81,128,92,13,15,3,3,0.4,0.5
2022-07-01T00:00:00,1781A,123.9483,47.3227,齐齐哈尔市,农牧车辆厂,,,,,,,,,,,,,,,,
2022-07-01T00:00:00,1783A,123.945,47.2988,齐齐哈尔市,市环境监测站,,29,15,20,10,11,145,92,130,102,8,12,6,6,0.3,0.3
2022-07-01T00:00:00,1784A,129.61,44.561,牡丹江市,环保大楼,,10,7,8,4,6,58,29,54,30,6,6,3,3,0.5,0.5
2022-07-01T00:00:00,1785A,129.6115,44.5782,牡丹江市,文化广场,,10,8,10,7,7,56,31,51,30,7,10,2,2,0.4,0.4
2022-07-01T00:00:00,1786A,129.5904,44.5963,牡丹江市,第一医院,,12,7,11,8,7,50,20,46,23,10,10,2,2,0.6,0.6
2022-07-01T00:00:00,1787A,129.6364,44.6075,牡丹江市,机车工厂,,10,7,9,7,6,51,24,48,28,12,10,3,2,0.4,0.4
2022-07-01T00:00:00,1788A,129.6386,44.5462,牡丹江市,第一中学,,31,31,19,7,8,53,22,48,24,13,8,2,2,0.5,0.4
2022-07-01T00:00:00,1789A,124.81117,46.03138,大庆市,大同区,,26,26,18,12,8,117,71,109,96,19,11,5,5,0.4,0.3
2022-07-01T00:00:00,1790A,125.129,46.533,大庆市,龙凤区,,24,7,11,6,6,119,76,111,88,16,15,6,4,0.4,0.3
2022-07-01T00:00:00,1791A,124.902,46.408,大庆市,红岗区,,21,11,10,7,7,134,67,124,91,6,8,4,4,0.3,0.3
2022-07-01T00:00:00,1792A,125.153,46.586,大庆市,萨尔图区,,29,29,18,10,7,115,84,101,91,13,11,4,4,0.3,0.2
2022-07-01T00:00:00,1793A,124.9042,46.6215,大庆市,让胡路区,,33,33,18,5,9,147,54,122,92,30,16,3,3,0.4,0.3
2022-07-01T00:00:00,1794A,118.3606,31.3519,芜湖市,监测站,,12,12,15,5,7,79,38,72,59,18,14,9,8,0.3,0.3
2022-07-01T00:00:00,1795A,118.3714,31.4134,芜湖市,科创中心,,13,10,14,5,7,90,41,75,61,14,14,6,6,0.4,0.5
2022-07-01T00:00:00,1796A,118.3673,31.3131,芜湖市,四水厂,,14,6,16,4,7,96,42,76,64,16,12,6,6,0.4,0.4
2022-07-01T00:00:00,1798A,118.5092,31.6837,马鞍山市,湖东路四小,,20,6,16,3,8,102,61,86,74,8,15,3,3,0.6,0.7
2022-07-01T00:00:00,1799A,118.5024,31.6449,马鞍山市,开发区,,19,14,19,13,10,97,50,81,68,12,14,7,8,0.8,0.7
2022-07-01T00:00:00,1800A,118.5228,31.7231,马鞍山市,慈湖,,20,0,16,2,9,96,61,81,71,3,12,2,4,0.4,0.6
2022-07-01T00:00:00,1802A,118.6245,31.7241,马鞍山市,濮塘(对照点),,15,10,17,2,10,91,47,79,68,2,4,9,9,0.7,0.8
2022-07-01T00:00:00,1803A,115.9872,29.6815,九江市,十里,,20,17,18,8,13,121,18,98,57,40,19,8,8,0.6,0.6
2022-07-01T00:00:00,1804A,115.9584,29.7046,九江市,茅山头,,27,27,16,10,9,108,9,89,60,48,14,8,4,0.5,0.5
2022-07-01T00:00:00,1805A,115.9877,29.7295,九江市,西园,,18,18,24,9,9,124,49,88,70,9,20,12,8,0.3,0.7
2022-07-01T00:00:00,1806A,116.0172,29.6547,九江市,五七二七厂,,23,23,16,12,8,92,48,82,64,9,10,3,3,0.3,0.5
2022-07-01T00:00:00,1808A,115.9114,29.6038,九江市,综合工业园,,14,14,17,7,6,84,35,78,59,14,15,6,6,0.6,0.7
2022-07-01T00:00:00,1809A,116.0721,29.7535,九江市,石化总厂,,49,18,22,34,10,64,35,61,50,20,19,22,7,0.5,0.6
2022-07-01T00:00:00,1810A,115.9773,29.5698,九江市,庐山气象台(对照点),,23,18,9,16,12,89,68,83,68,2,3,2,2,0.2,0.4
2022-07-01T00:00:00,1812A,112.3931,34.6516,洛阳市,市委党校,,41,41,38,28,19,205,130,193,174,8,8,6,6,0.6,0.5
2022-07-01T00:00:00,1814A,112.4657,34.6871,洛阳市,豫西宾馆,,49,47,38,34,25,187,120,177,154,11,11,4,8,0.6,0.4
2022-07-01T00:00:00,1815A,112.494,34.6886,洛阳市,河南林校,,36,36,31,23,16,180,113,169,148,13,10,6,6,0.3,0.3
2022-07-01T00:00:00,1816A,112.3844,34.623,洛阳市,开发区管委会,,45,45,38,31,23,202,131,192,169,7,5,7,7,0.4,0.3
2022-07-01T00:00:00,1817A,112.4267,34.6258,洛阳市,市委新办公区,,43,43,36,30,21,194,126,188,170,10,8,6,6,0.5,0.5
2022-07-01T00:00:00,1818A,114.4839,36.0621,安阳市,棉研所(对照点),细颗粒物(PM2.5),72,81,39,52,30,164,93,143,137,17,14,5,5,1.1,0.8
2022-07-01T00:00:00,1819A,114.3551,36.1017,安阳市,红庙街,细颗粒物(PM2.5),64,66,40,46,22,164,102,147,141,29,20,7,5,0.8,0.5
2022-07-01T00:00:00,1820A,114.361,36.0681,安阳市,银杏小区,颗粒物(PM10),65,80,38,44,27,160,44,142,122,37,16,3,4,0.8,0.7
2022-07-01T00:00:00,1824A,114.3389,34.7781,开封市,肿瘤医院,,36,36,32,18,13,175,103,158,139,12,5,6,6,0.8,0.8
2022-07-01T00:00:00,1826A,114.2885,34.7965,开封市,世纪星幼儿园,,40,33,32,28,16,171,106,154,138,13,10,1,1,0.6,0.6
2022-07-01T00:00:00,1828A,113.227,35.2125,焦作市,市环保局,,32,27,25,22,19,180,100,159,131,10,7,2,2,0.7,0.5
2022-07-01T00:00:00,1830A,113.1992,35.2590,焦作市,影视城(对照点),,31,31,33,21,25,147,83,123,108,9,10,7,7,1.0,0.9
2022-07-01T00:00:00,1832A,113.3257,33.742,平顶山市,新华旅馆,,45,45,34,18,9,191,126,175,146,15,14,5,8,0.4,0.4
2022-07-01T00:00:00,1833A,113.2919,33.737,平顶山市,规划设计院,,44,44,38,12,10,202,133,187,160,22,17,7,10,0.4,0.4
2022-07-01T00:00:00,1834A,113.182,33.774,平顶山市,平顶山工学院,,47,47,30,23,16,203,119,181,149,22,15,4,5,0.5,0.5
2022-07-01T00:00:00,1835A,111.1922,34.7752,三门峡市,市政府,细颗粒物(PM2.5),60,50,50,43,29,202,154,196,186,13,10,7,7,0.7,0.7
2022-07-01T00:00:00,1836A,111.1587,34.7942,三门峡市,开发区,颗粒物(PM10),62,73,57,32,26,190,147,186,177,14,10,5,5,0.6,0.6
2022-07-01T00:00:00,1838A,111.143,34.7955,三门峡市,风景区(对照点),,49,30,65,4,28,201,155,200,185,12,11,2,2,0.3,0.1
2022-07-01T00:00:00,1840A,111.2992,30.6981,宜昌市,白龙岗,,48,48,36,29,16,167,52,146,103,25,16,1,2,0.7,0.6
2022-07-01T00:00:00,1841A,111.3549,30.6465,宜昌市,伍家岗,颗粒物(PM10),51,51,33,27,20,170,48,145,95,32,20,5,5,0.5,0.4
2022-07-01T00:00:00,1842A,111.2628,30.6961,宜昌市,点军区,细颗粒物(PM2.5),58,62,41,41,22,155,46,142,109,17,17,3,3,0.5,0.4
2022-07-01T00:00:00,1843A,111.3275,30.7819,宜昌市,夷陵区,,,,32,,13,163,74,150,129,13,15,4,5,0.4,0.3
2022-07-01T00:00:00,1844A,112.2494,30.3197,荆州市,市图书馆,,34,34,32,23,23,164,108,138,116,10,10,9,9,0.5,0.5
2022-07-01T00:00:00,1845A,112.2008,30.3544,荆州市,市委党校,,46,42,38,32,28,163,108,138,114,12,11,9,10,0.5,0.5
2022-07-01T00:00:00,1847A,113.1094,29.3578,岳阳市,南湖风景区,,35,35,22,16,15,134,60,122,85,20,13,8,11,0.5,0.5
2022-07-01T00:00:00,1848A,113.1493,29.4251,岳阳市,城陵矶,,34,32,24,22,15,123,9,114,66,67,22,7,8,0.8,0.7
2022-07-01T00:00:00,1849A,113.1497,29.3575,岳阳市,开发区,,,23,24,16,16,132,,116,80,18,12,7,9,0.4,0.4
2022-07-01T00:00:00,1850A,113.2621,29.4758,岳阳市,云溪区,,27,27,20,18,14,151,46,121,71,14,10,10,11,0.8,0.6
2022-07-01T00:00:00,1851A,112.9943,29.4402,岳阳市,君山区,,36,36,20,24,15,130,50,124,102,29,11,14,9,0.6,0.4
2022-07-01T00:00:00,1852A,113.2117,29.355,岳阳市,金凤水库(对照点),,30,27,18,21,13,125,38,109,74,16,9,3,3,0.5,0.5
2022-07-01T00:00:00,1854A,111.6975,28.9703,常德市,市二中,,45,44,37,31,24,148,81,130,114,14,10,4,5,0.5,0.5
2022-07-01T00:00:00,1857A,111.7158,29.1456,常德市,白鹤山(对照点),,43,40,37,30,24,115,67,106,88,2,3,2,3,0.6,0.6
2022-07-01T00:00:00,1858A,110.5319,29.1217,张家界市,永定新区,,31,31,29,19,17,97,47,93,70,17,9,1,2,0.5,0.4
2022-07-01T00:00:00,1859A,110.4697,29.1242,张家界市,电业局,,35,35,33,17,11,110,31,100,66,12,9,6,7,0.2,0.2
2022-07-01T00:00:00,1860A,110.5594,29.3547,张家界市,未央路,,25,25,27,12,9,101,20,91,53,8,6,2,2,0.4,0.3
2022-07-01T00:00:00,1861A,110.4417,29.315,张家界市,袁家界(对照点),,35,26,32,24,12,156,65,114,97,4,5,7,8,0.5,0.5
2022-07-01T00:00:00,1862A,110.4144,25.3167,桂林市,电子科大尧山校区(对照点),,38,38,45,17,20,135,40,106,68,5,5,7,11,0.5,0.6
2022-07-01T00:00:00,1863A,110.2819,25.2697,桂林市,监测站,,20,18,40,13,24,148,61,112,82,11,12,11,12,0.5,0.5
2022-07-01T00:00:00,1864A,110.3089,25.2708,桂林市,龙隐路小学,,23,16,37,16,24,151,58,123,85,12,12,10,10,0.4,0.5
2022-07-01T00:00:00,1865A,110.2869,25.2178,桂林市,八中,,15,14,37,10,19,149,46,108,76,10,14,9,11,0.5,0.5
2022-07-01T00:00:00,1866A,109.2262,21.588,北海市,牛尾岭水库(对照点),,39,21,30,27,23,22,17,20,18,12,9,11,6,0.8,0.5
2022-07-01T00:00:00,1867A,109.1436,21.4086,北海市,海滩公园,,18,15,24,12,12,89,49,68,62,10,7,6,5,0.6,0.5
2022-07-01T00:00:00,1868A,109.0981,21.4661,北海市,新市环保局,,28,28,22,19,16,85,34,74,56,22,9,12,5,0.6,0.4
2022-07-01T00:00:00,1869A,109.1778,21.5233,北海市,北海工业园,,39,22,36,27,24,101,39,70,41,13,12,10,7,0.5,0.5
2022-07-01T00:00:00,1870A,109.4856,24.3895,柳州市,柳东小学,,17,17,25,8,19,94,54,88,81,16,7,8,12,0.5,0.5
2022-07-01T00:00:00,1871A,109.4157,24.3277,柳州市,环保监测站,,18,8,24,8,18,111,55,98,81,18,16,5,8,0.5,0.7
2022-07-01T00:00:00,1872A,109.389,24.341,柳州市,河西水厂,,18,17,28,8,21,119,57,104,77,16,16,5,6,0.7,1
2022-07-01T00:00:00,1873A,109.4311,24.2921,柳州市,市四中,,20,14,27,12,16,122,63,98,82,9,13,6,8,0.5,0.7
2022-07-01T00:00:00,1874A,109.4006,24.3631,柳州市,市九中,,18,16,31,7,19,100,55,90,78,10,14,6,10,0.7,0.9
2022-07-01T00:00:00,1875A,109.4958,24.3134,柳州市,古亭山,,17,10,22,4,12,97,54,86,69,12,11,3,3,0.5,0.5
2022-07-01T00:00:00,1876A,109.5078,18.2489,三亚市,河东子站,,26,26,17,12,8,69,8,60,34,18,9,2,2,0.6,0.5
2022-07-01T00:00:00,1877A,109.4964,18.2681,三亚市,河西子站,,25,25,16,8,7,67,12,57,33,15,10,2,3,0.4,0.4
2022-07-01T00:00:00,1878A,104.7778,31.4741,绵阳市,富乐山,颗粒物(PM10),54,58,47,37,28,251,110,206,182,30,19,9,8,0.7,0.6
2022-07-01T00:00:00,1879A,104.7563,31.4535,绵阳市,市人大,颗粒物(PM10),59,67,56,38,28,267,109,219,194,38,26,9,8,0.7,0.6
2022-07-01T00:00:00,1880A,104.6697,31.4668,绵阳市,高新区自来水公司,颗粒物(PM10),69,88,70,46,30,244,105,217,185,36,27,6,6,0.7,0.6
2022-07-01T00:00:00,1881A,104.7287,31.5075,绵阳市,三水厂,颗粒物(PM10),72,93,63,39,32,224,78,195,165,49,34,9,9,0.8,0.6
2022-07-01T00:00:00,1882A,104.563,28.793,宜宾市,石马中学(对照点),,39,39,48,21,27,220,117,164,126,9,14,5,8,0.5,0.6
2022-07-01T00:00:00,1883A,104.6201,28.7728,宜宾市,市委,,43,43,55,20,27,235,104,177,123,14,23,7,11,0.5,0.6
2022-07-01T00:00:00,1884A,104.6055,28.793,宜宾市,宜宾四中,,49,49,56,22,26,222,115,178,132,15,20,9,11,0.5,0.6
2022-07-01T00:00:00,1885A,104.639,28.7562,宜宾市,市政府,,38,38,70,22,29,228,106,183,129,17,32,7,8,0.6,0.6
2022-07-01T00:00:00,1886A,104.5742,28.7199,宜宾市,黄金嘴,,43,43,53,23,26,228,112,181,130,8,13,6,10,0.4,0.5
2022-07-01T00:00:00,1888A,101.6891,26.571,攀枝花市,弄弄坪,,39,39,38,25,24,112,35,102,78,40,26,8,6,1.0,1.3
2022-07-01T00:00:00,1889A,101.5769,26.5928,攀枝花市,河门口,,,39,31,22,19,86,36,80,64,,13,4,3,0.7,0.8
2022-07-01T00:00:00,1890A,101.7169,26.585,攀枝花市,炳草岗,,,38,38,16,23,119,33,104,70,33,25,,21,0.7,1.1
2022-07-01T00:00:00,1891A,101.7369,26.5008,攀枝花市,仁和,颗粒物(PM10),55,60,59,31,29,144,45,111,79,17,24,11,20,1.1,1.7
2022-07-01T00:00:00,1893A,105.4324,28.9634,泸州市,九狮山(对照点),颗粒物(PM10),61,71,46,18,26,181,59,162,106,15,18,6,7,0.2,0.6
2022-07-01T00:00:00,1894A,105.4427,28.9063,泸州市,小市上码头,,35,35,65,18,23,261,111,199,136,12,21,16,13,0.6,0.8
2022-07-01T00:00:00,1895A,105.4241,28.8573,泸州市,兰田宪桥,,35,35,61,7,19,247,101,194,127,11,17,5,7,0.4,0.6
2022-07-01T00:00:00,1896A,105.4379,28.8833,泸州市,市环监站,,38,38,64,18,21,282,114,192,122,11,26,9,12,0.4,0.6
2022-07-01T00:00:00,1901A,104.4239,31.1208,德阳市,东山公园,颗粒物(PM10),54,57,60,29,27,301,90,225,152,31,23,8,9,0.5,0.6
2022-07-01T00:00:00,1902A,104.3826,31.1317,德阳市,西小区,颗粒物(PM10),65,80,71,23,23,289,81,206,136,39,34,9,9,0.7,0.7
2022-07-01T00:00:00,1904A,104.3553,31.1091,德阳市,耐火材料厂,颗粒物(PM10),62,73,83,24,26,259,79,198,131,38,37,7,9,0.6,0.6
2022-07-01T00:00:00,1905A,106.056,30.8064,南充市,西山风景区(对照点),,,58,54,34,30,163,131,139,131,9,13,12,4,,
2022-07-01T00:00:00,1906A,106.0789,30.8023,南充市,南充市委,颗粒物(PM10),57,64,54,29,27,148,69,129,99,24,16,1,3,0.7,0.7
2022-07-01T00:00:00,1907A,106.1031,30.8217,南充市,南充炼油厂,颗粒物(PM10),59,67,61,30,31,221,116,183,143,21,14,10,9,0.6,0.6
2022-07-01T00:00:00,1908A,106.1064,30.7856,南充市,高坪区监测站,颗粒物(PM10),56,61,52,26,32,182,85,153,112,14,22,3,7,0.6,0.7
2022-07-01T00:00:00,1909A,106.0642,30.7636,南充市,嘉陵区环保局,细颗粒物(PM2.5),79,53,59,58,34,156,98,138,112,14,18,6,7,0.5,0.5
2022-07-01T00:00:00,1910A,106.1087,30.8388,南充市,市环境监测站,颗粒物(PM10),54,58,60,34,35,175,94,144,112,21,20,5,5,0.5,0.5
2022-07-01T00:00:00,1911A,106.9222,27.6869,遵义市,丁字口,,22,12,30,12,16,132,69,127,95,22,18,6,6,0.5,0.5
2022-07-01T00:00:00,1912A,106.9242,27.7019,遵义市,凤凰山,,25,20,21,6,6,112,79,101,89,5,8,6,5,0.5,0.6
2022-07-01T00:00:00,1913A,106.8906,27.6486,遵义市,忠庄,,28,19,31,19,10,118,65,113,77,10,16,3,2,0.4,0.5
2022-07-01T00:00:00,1914A,106.9231,27.6506,遵义市,舟水桥,,20,20,29,9,8,112,35,106,71,15,12,2,2,0.4,0.4
2022-07-01T00:00:00,1915A,106.9178,27.72,遵义市,干田坝,,21,21,26,13,11,116,36,112,77,23,14,5,5,0.6,0.6
2022-07-01T00:00:00,1916A,103.7897,25.5035,曲靖市,环境监测站,,39,39,47,12,17,140,86,132,100,13,16,8,12,0.4,0.5
2022-07-01T00:00:00,1917A,103.8,25.5364,曲靖市,烟厂办公区,,35,35,43,14,19,145,95,132,112,8,12,4,10,0.4,0.5
2022-07-01T00:00:00,1918A,108.7197,34.3956,咸阳市,气象站(对照点),颗粒物(PM10),104,158,93,30,25,241,76,225,162,67,36,10,10,0.8,0.9
2022-07-01T00:00:00,1919A,108.673,34.3155,咸阳市,实验中学,,42,42,56,25,23,258,103,240,189,28,19,5,6,0.4,0.4
2022-07-01T00:00:00,1920A,108.7233,34.3617,咸阳市,师范学院,颗粒物(PM10),57,63,61,31,28,235,87,229,158,33,16,9,10,0.6,0.6
2022-07-01T00:00:00,1922A,109.0656,35.0994,铜川市,党校(对照点),,38,38,32,17,15,159,54,131,74,31,23,12,12,0.6,0.5
2022-07-01T00:00:00,1923A,109.0697,35.0697,铜川市,王益区政府,,39,38,38,27,21,178,36,156,101,38,22,3,6,0.6,0.5
2022-07-01T00:00:00,1924A,108.9344,34.9058,铜川市,新区管委会,,49,49,42,21,20,216,98,198,154,23,17,7,11,0.6,0.5
2022-07-01T00:00:00,1926A,109.4131,36.6275,延安市,枣园(对照点),,44,44,29,16,11,188,30,176,94,51,23,3,4,0.6,0.5
2022-07-01T00:00:00,1927A,109.4761,36.6028,延安市,延大医附院,,49,49,29,22,14,190,29,180,106,60,23,4,4,0.4,0.3
2022-07-01T00:00:00,1929A,109.5056,36.6106,延安市,百米大道,颗粒物(PM10),60,69,34,18,12,176,26,170,105,57,25,5,6,0.5,0.4
2022-07-01T00:00:00,1930A,107.185,34.3063,宝鸡市,庙沟村(对照点),,34,30,30,15,10,202,106,175,140,16,16,5,5,0.5,0.5
2022-07-01T00:00:00,1931A,107.0708,34.3017,宝鸡市,竹园沟,,29,19,26,17,14,231,91,185,131,18,17,5,5,0.4,0.4
2022-07-01T00:00:00,1932A,107.1906,34.3672,宝鸡市,三陆医院,细颗粒物(PM2.5),69,75,48,50,17,206,67,189,136,43,24,13,8,0.7,0.5
2022-07-01T00:00:00,1933A,107.1431,34.3547,宝鸡市,监测站,,43,43,39,19,17,216,87,190,126,22,24,5,6,0.4,0.4
2022-07-01T00:00:00,1934A,107.1186,34.3739,宝鸡市,技工学校,颗粒物(PM10),53,55,47,31,20,204,85,183,133,21,20,4,4,0.5,0.4
2022-07-01T00:00:00,1935A,107.3906,34.3528,宝鸡市,陈仓区环保局家属楼,,47,47,43,17,16,189,40,184,125,58,26,6,7,0.4,0.5
2022-07-01T00:00:00,1936A,107.2058,34.3497,宝鸡市,文理学院,,47,47,40,23,15,216,86,198,146,25,22,7,9,0.3,0.2
2022-07-01T00:00:00,1937A,107.2386,34.3622,宝鸡市,三迪小学,颗粒物(PM10),54,58,47,30,19,204,65,187,126,38,24,7,9,0.5,0.4
2022-07-01T00:00:00,1938A,109.5293,34.5101,渭南市,农科所(对照点),颗粒物(PM10),52,53,47,22,26,199,93,183,145,24,25,10,9,0.5,0.5
2022-07-01T00:00:00,1939A,109.4974,34.4877,渭南市,日报社,颗粒物(PM10),51,51,43,29,20,194,84,182,151,44,22,8,8,0.6,0.5
2022-07-01T00:00:00,1940A,109.4636,34.493,渭南市,体育馆,颗粒物(PM10),56,61,50,17,19,209,52,202,151,79,28,10,10,0.5,0.5
2022-07-01T00:00:00,1941A,109.4259,34.5023,渭南市,高新一小,颗粒物(PM10),54,57,62,27,21,202,83,194,157,28,17,4,5,0.7,0.7
2022-07-01T00:00:00,1943A,102.1725,38.5339,金昌市,新川苑,,31,31,55,10,9,133,89,126,106,16,15,8,8,0.6,0.6
2022-07-01T00:00:00,1944A,102.1692,38.5167,金昌市,天庆家园,,30,18,41,5,5,135,94,126,107,12,11,13,14,0.7,0.6
2022-07-01T00:00:00,1945A,98.2908,39.7711,嘉峪关市,气象局,,41,41,65,12,18,149,116,134,126,11,12,5,17,0.4,0.5
2022-07-01T00:00:00,1947A,106.3394,38.817,石嘴山市,沙湖旅游区(对照点),,40,40,35,8,12,164,68,152,118,32,22,44,37,0.7,0.8
2022-07-01T00:00:00,1948A,106.3668,39.0145,石嘴山市,大武口朝阳西街,,33,33,21,10,10,164,68,155,128,39,17,10,7,0.8,0.7
2022-07-01T00:00:00,1949A,106.7704,39.2282,石嘴山市,惠农南大街,,32,32,20,7,9,156,54,153,114,42,17,7,7,0.3,0.4
2022-07-01T00:00:00,1950A,106.7099,39.1325,石嘴山市,红果子镇惠新街,,33,33,27,8,10,167,49,155,108,44,19,6,8,0.3,0.3
2022-07-01T00:00:00,1951A,84.895,45.6094,克拉玛依市,长征新村,,33,17,26,2,6,140,105,125,116,11,10,6,7,0.4,0.3
2022-07-01T00:00:00,1952A,84.8988,45.5893,克拉玛依市,南林小区,,36,4,27,12,12,137,115,112,110,14,19,8,8,0.4,0.4
2022-07-01T00:00:00,1954A,84.905,44.3396,克拉玛依市,独山子区,,,,25,,10,144,97,131,120,8,11,7,9,0.3,0.4
2022-07-01T00:00:00,1955A,85.6979,46.098,克拉玛依市,乌尔禾区商贸楼,,43,43,31,10,9,112,72,95,88,13,14,10,11,0.3,0.3
2022-07-01T00:00:00,1956A,86.1472,41.7538,巴音郭楞州,孔雀公园,颗粒物(PM10),113,175,118,33,33,130,50,122,88,61,27,4,4,0.5,0.3
2022-07-01T00:00:00,1957A,86.1972,41.7166,巴音郭楞州,棉纺厂,颗粒物(PM10),82,114,132,47,38,137,86,127,106,25,20,4,3,0.3,0.3
2022-07-01T00:00:00,1958A,86.2357,41.7173,巴音郭楞州,经济开发区,颗粒物(PM10),89,128,123,29,35,131,98,122,106,7,8,3,3,0.3,0.2
2022-07-01T00:00:00,1961A,117.532,36.6868,济南市,东山小学,,,,64,,38,198,,171,142,,27,,10,,0.7
2022-07-01T00:00:00,1966A,120.0405,35.8735,青岛市,黄岛区4号,,34,19,25,7,15,130,106,117,109,9,17,5,5,0.5,0.6
2022-07-01T00:00:00,1982A,122.0693,37.2174,威海市,文登开发区,,25,19,19,12,10,100,77,78,76,5,10,1,1,0.3,0.3
2022-07-01T00:00:00,2031A,113.1817,27.9958,株洲市,云田中学,,23,22,15,3,14,116,73,108,93,5,3,3,6,0.7,0.5
2022-07-01T00:00:00,2054A,114.1099,32.1059,信阳市,平桥分局,,32,32,22,13,13,176,92,159,137,12,9,8,8,0.6,0.5
2022-07-01T00:00:00,2064A,113.9956,32.1271,信阳市,南湾水厂,,31,31,26,14,11,155,83,147,122,10,8,5,5,0.6,0.5
2022-07-01T00:00:00,2065A,114.0775,32.1195,信阳市,市酿酒公司,,32,28,19,19,13,184,100,170,148,14,8,7,7,0.5,0.3
2022-07-01T00:00:00,2066A,114.0609,32.1399,信阳市,审计局,,,6,22,,11,175,,165,154,,7,,6,,0.2
2022-07-01T00:00:00,2067A,114.6613,33.6128,周口市,市环境监测站,,42,38,34,17,15,184,133,181,166,13,13,4,6,0.4,0.4
2022-07-01T00:00:00,2068A,114.6758,33.6347,周口市,周口师范,,40,28,41,13,14,179,125,177,157,13,12,4,5,0.5,0.5
2022-07-01T00:00:00,2069A,114.6546,33.5979,周口市,市运管处,,41,29,38,14,15,194,130,182,166,11,12,3,3,0.6,0.7
2022-07-01T00:00:00,2070A,114.6369,33.6406,周口市,川汇区环保局,,39,28,39,18,19,188,123,178,164,20,14,5,7,0.6,0.6
2022-07-01T00:00:00,2075A,117.6336,24.4674,漳州市,九湖(对照点),,,,,,,152,64,136,112,3,8,6,10,0.5,0.5
2022-07-01T00:00:00,2160A,112.85,35.5051,晋城市,自来水公司,,49,49,34,27,19,179,113,163,155,19,14,4,4,0.6,0.8
2022-07-01T00:00:00,2161A,112.8318,35.4936,晋城市,白云商贸,,37,34,25,17,15,179,116,164,156,15,12,1,2,0.7,1
2022-07-01T00:00:00,2162A,112.8508,35.4887,晋城市,市环保局,,47,47,28,27,21,175,101,159,148,20,12,4,4,0.6,0.9
2022-07-01T00:00:00,2163A,112.8676,35.4897,晋城市,技术学院,,48,48,22,14,14,180,110,164,155,18,12,2,3,0.8,1
2022-07-01T00:00:00,2165A,112.8453,35.546,晋城市,白马寺 (对照点),,,,,,,,,,,,,,,,
2022-07-01T00:00:00,2166A,112.4397,39.3522,朔州市,平朔,颗粒物(PM10),56,61,40,22,20,131,38,122,95,34,30,5,7,0.8,0.7
2022-07-01T00:00:00,2167A,112.4575,39.3617,朔州市,朔唯,颗粒物(PM10),58,66,40,25,22,134,41,120,91,35,34,5,9,0.6,0.6
2022-07-01T00:00:00,2168A,112.4258,39.3197,朔州市,区政府,颗粒物(PM10),58,65,43,14,15,142,63,132,102,26,25,10,9,0.8,0.7
2022-07-01T00:00:00,2169A,112.4072,39.3278,朔州市,市环保局,颗粒物(PM10),56,61,44,24,14,132,48,126,100,29,24,10,10,0.6,0.6
2022-07-01T00:00:00,2170A,112.4272,39.3681,朔州市,市二中,颗粒物(PM10),66,81,46,29,23,125,25,113,82,39,29,12,13,0.7,0.7
2022-07-01T00:00:00,2171A,112.7532,37.6945,晋中市,锦纶小区,,41,31,33,18,22,160,129,154,143,12,13,7,6,0.4,0.4
2022-07-01T00:00:00,2173A,112.7249,37.7067,晋中市,南都小区,,38,35,36,20,24,154,120,148,135,18,18,7,6,0.4,0.4
2022-07-01T00:00:00,2174A,112.6991,37.6982,晋中市,榆次区政府,,38,38,38,21,27,149,118,143,131,14,14,6,5,0.5,0.5
2022-07-01T00:00:00,2175A,110.9956,35.0147,运城市,运城中学,,50,48,44,26,28,190,160,178,176,10,8,10,8,0.6,0.7
2022-07-01T00:00:00,2178A,110.9686,35.0303,运城市,地区技校,臭氧1小时,58,41,45,25,21,188,166,180,178,9,11,6,5,0.5,0.6
2022-07-01T00:00:00,2179A,111.0414,35.1147,运城市,空港新区,臭氧1小时,65,53,61,33,30,201,172,188,183,12,14,10,12,0.5,0.7
2022-07-01T00:00:00,2181A,112.7383,38.4519,忻州市,开发区,,45,45,29,16,18,146,28,128,92,54,20,13,12,0.6,0.6
2022-07-01T00:00:00,2182A,112.7003,38.4928,忻州市,会展中心,,38,38,34,24,25,148,52,126,80,33,23,9,10,0.5,0.5
2022-07-01T00:00:00,2183A,111.1406,37.5211,吕梁市,环保局,颗粒物(PM10),53,55,34,27,11,172,51,142,113,72,30,6,6,0.6,0.4
2022-07-01T00:00:00,2185A,111.1297,37.5136,吕梁市,自来水公司,,49,49,50,15,12,142,76,130,111,39,25,2,3,0.5,0.4
2022-07-01T00:00:00,2187A,106.8174,39.6973,乌海市,市林业局,,36,36,38,11,12,156,110,139,114,11,15,9,10,0.5,0.6
2022-07-01T00:00:00,2188A,106.7907,39.6667,乌海市,中海勃湾学校,,34,25,33,17,14,175,107,158,125,22,21,12,15,0.4,0.5
2022-07-01T00:00:00,2191A,122.2532,43.6801,通辽市,艺术职业学校,颗粒物(PM10),51,51,39,19,12,137,38,132,90,45,23,4,4,0.5,0.4
2022-07-01T00:00:00,2192A,119.7594,49.2261,呼伦贝尔市,区环保局,,39,39,33,25,20,108,62,101,74,8,10,5,5,0.4,0.4
2022-07-01T00:00:00,2195A,107.4212,40.761,巴彦淖尔市,附二中,颗粒物(PM10),57,63,39,32,18,157,84,149,115,26,16,17,11,0.6,0.6
2022-07-01T00:00:00,2196A,107.37,40.7372,巴彦淖尔市,市环保大楼,颗粒物(PM10),51,52,37,23,14,158,97,154,128,32,14,28,9,0.4,0.7
2022-07-01T00:00:00,2197A,113.1306,40.9923,乌兰察布市,集宁新区,,33,33,22,21,15,128,33,116,68,44,18,8,10,0.5,0.4
2022-07-01T00:00:00,2200A,122.0392,46.0656,兴安盟,胜华新制药厂,,46,46,33,23,16,115,21,109,71,25,11,2,4,0.2,0.4
2022-07-01T00:00:00,2201A,121.9504,46.0741,兴安盟,科右前旗环保局,,33,17,16,23,18,124,40,117,81,24,12,3,5,0.2,0.2
2022-07-01T00:00:00,2202A,116.1042,43.9317,锡林郭勒盟,市环保监测站,,20,12,12,5,5,99,64,97,78,4,6,11,12,0.8,0.7
2022-07-01T00:00:00,2203A,116.0781,43.9311,锡林郭勒盟,市政府,,22,13,16,4,3,112,68,108,83,12,10,9,10,0.6,0.6
2022-07-01T00:00:00,2204A,105.6467,38.8363,阿拉善盟,西城区西花园(对照点),,44,34,20,16,11,154,138,143,142,11,8,6,6,0.6,0.4
2022-07-01T00:00:00,2205A,105.6985,38.8411,阿拉善盟,蒙二幼,,48,34,16,17,11,153,151,145,145,8,6,9,8,0.5,0.4
2022-07-01T00:00:00,2206A,105.724,38.8516,阿拉善盟,环保局新楼,,50,24,16,21,13,158,158,142,142,8,7,11,8,0.4,0.3
2022-07-01T00:00:00,2207A,121.6094,41.998,阜新市,工业园区,细颗粒物(PM2.5),58,60,49,41,32,146,34,132,94,36,24,11,10,0.5,0.5
2022-07-01T00:00:00,2208A,121.6697,42.0279,阜新市,长青街,颗粒物(PM10),52,53,38,24,17,129,48,115,89,25,17,8,10,0.5,0.5
2022-07-01T00:00:00,2209A,121.6673,42.0705,阜新市,农业园区,细颗粒物(PM2.5),64,39,44,46,28,151,101,132,99,14,12,16,17,0.6,0.6
2022-07-01T00:00:00,2210A,121.6717,42.0224,阜新市,东苑,细颗粒物(PM2.5),70,80,51,51,27,140,56,125,99,32,19,16,16,0.5,0.5
2022-07-01T00:00:00,2211A,121.6506,42.0498,阜新市,玉龙新城,,50,50,47,24,19,128,12,111,69,36,15,6,12,0.5,0.6
2022-07-01T00:00:00,2212A,123.2,41.1953,辽阳市,宏伟区,,,,34,0,12,109,54,89,40,4,8,6,6,0.4,0.5
2022-07-01T00:00:00,2213A,123.1683,41.2495,辽阳市,新华园,,18,11,45,5,17,125,57,98,60,9,18,4,6,0.4,0.7
2022-07-01T00:00:00,2214A,123.2354,41.2639,辽阳市,滨河路,,30,30,46,14,15,116,31,93,34,17,16,6,6,0.6,0.8
2022-07-01T00:00:00,2215A,123.149,41.2991,辽阳市,铁西工业园,,19,9,43,13,23,146,48,103,57,8,18,2,3,0.5,0.8
2022-07-01T00:00:00,2216A,123.8139,42.3022,铁岭市,汇工街西,,45,45,50,20,17,158,87,153,107,15,22,4,6,0.5,0.4
2022-07-01T00:00:00,2217A,123.8649,42.2923,铁岭市,水上乐园,细颗粒物(PM2.5),65,44,42,47,25,133,71,128,105,18,22,2,4,0.5,0.4
2022-07-01T00:00:00,2218A,123.8486,42.2867,铁岭市,银州路东段,,44,44,42,23,18,118,60,107,85,32,29,5,6,0.5,0.4
2022-07-01T00:00:00,2219A,123.7153,42.2217,铁岭市,金沙江路北,,41,41,40,23,22,144,54,138,109,50,30,4,4,0.7,0.6
2022-07-01T00:00:00,2220A,120.4318,41.5881,朝阳市,西梁,,36,36,43,17,14,117,20,110,72,32,19,6,7,0.7,1
2022-07-01T00:00:00,2221A,120.4521,41.5646,朝阳市,河畔小区,颗粒物(PM10),59,67,46,33,19,115,43,109,79,16,13,8,10,0.7,0.8
2022-07-01T00:00:00,2222A,120.4176,41.5648,朝阳市,八里堡,,40,40,40,24,16,122,34,114,64,33,20,6,5,0.9,1
2022-07-01T00:00:00,2223A,120.3806,41.5969,朝阳市,农业园区,,33,33,29,19,15,144,13,117,74,39,14,5,6,0.5,0.5
2022-07-01T00:00:00,2225A,124.4002,43.1713,四平市,一商场,颗粒物(PM10),57,64,27,17,13,127,5,117,70,54,22,4,2,0.6,0.6
2022-07-01T00:00:00,2226A,124.388,43.193,四平市,境园,,47,47,18,18,8,102,7,92,58,24,13,4,5,0.4,0.5
2022-07-01T00:00:00,2227A,125.1358,42.8845,辽源市,环保局,,35,35,23,20,16,128,26,118,75,20,11,6,6,0.5,0.5
2022-07-01T00:00:00,2229A,125.9358,41.7173,通化市,光明,,20,20,13,5,6,98,35,94,74,19,8,9,9,0.7,0.5
2022-07-01T00:00:00,2230A,125.9446,41.7325,通化市,铁路,,16,14,14,7,5,93,22,88,67,32,11,10,8,0.7,0.7
2022-07-01T00:00:00,2231A,126.4219,41.9171,白山市,喜丰,,39,39,34,11,10,93,27,84,59,13,14,7,9,0.8,0.8
2022-07-01T00:00:00,2232A,126.4077,41.9419,白山市,环保局,,34,34,29,19,11,114,20,101,59,21,14,11,10,0.7,0.6
2022-07-01T00:00:00,2233A,124.8006,45.1214,松原市,江南,,28,14,13,19,8,118,55,112,98,34,16,2,3,0.5,0.4
2022-07-01T00:00:00,2234A,124.7965,45.1722,松原市,江北,,38,38,18,20,9,119,23,114,73,31,17,1,2,0.5,0.3
2022-07-01T00:00:00,2235A,122.7911,45.6077,白城市,洮北区环保局,,33,33,22,9,4,142,13,128,69,61,24,5,5,0.5,0.4
2022-07-01T00:00:00,2236A,122.8738,45.5725,白城市,市环保局,颗粒物(PM10),56,62,27,32,11,132,19,126,67,51,23,5,6,0.5,0.4
2022-07-01T00:00:00,2237A,129.47,42.8883,延边朝鲜族自治州,妇幼医院,,13,6,13,2,4,70,41,63,43,6,7,6,6,0.5,0.5
2022-07-01T00:00:00,2238A,129.5055,42.9108,延边朝鲜族自治州,延边医院,,13,7,26,3,6,72,41,68,41,4,6,4,5,0.4,0.4
2022-07-01T00:00:00,2239A,129.3964,42.8881,延边朝鲜族自治州,朝阳川镇医院,,12,12,22,3,3,71,35,65,43,8,6,5,5,0.3,0.4
2022-07-01T00:00:00,2240A,130.9762,45.3001,鸡西市,环保局,,18,18,15,6,5,48,17,37,25,27,20,1,2,0.3,0.3
2022-07-01T00:00:00,2243A,130.9429,45.3039,鸡西市,第一中学,,25,25,17,6,6,48,16,37,24,16,14,2,3,0.4,0.3
2022-07-01T00:00:00,2244A,130.2537,47.3416,鹤岗市,哈啤分公司,,19,13,11,5,7,104,60,94,71,9,8,6,5,0.4,0.4
2022-07-01T00:00:00,2245A,130.2684,47.3086,鹤岗市,斯达机电,,28,28,17,5,6,94,58,88,68,9,8,7,8,0.3,0.3
2022-07-01T00:00:00,2246A,130.3114,47.3388,鹤岗市,东山纸板厂,,37,37,25,14,10,96,48,91,58,14,11,9,9,0.3,0.3
2022-07-01T00:00:00,2247A,130.1097,47.3382,鹤岗市,五号水库(对照点),,12,8,6,5,6,95,37,89,63,8,8,8,9,0.3,0.3
2022-07-01T00:00:00,2248A,131.1511,46.6937,双鸭山市,双合村,,15,8,29,8,14,86,46,81,64,11,14,4,8,0.2,0.6
2022-07-01T00:00:00,2249A,131.1652,46.6191,双鸭山市,南小市,,36,36,16,6,8,84,41,77,60,6,7,4,4,0.1,0.1
2022-07-01T00:00:00,2250A,131.1524,46.6554,双鸭山市,环保局,,,,9,,6,83,,76,64,,11,,3,,0.4
2022-07-01T00:00:00,2251A,131.12,46.5656,双鸭山市,苗圃(对照点),,10,9,13,7,13,85,27,76,52,4,4,3,3,0.3,0.4
2022-07-01T00:00:00,2252A,128.5159,47.4311,伊春市,环保局,,22,15,17,15,12,99,32,92,49,5,6,4,7,0.2,0.2
2022-07-01T00:00:00,2253A,128.9102,47.7412,伊春市,电力嘉园,,18,18,12,6,9,96,11,84,40,13,8,5,6,0.4,0.5
2022-07-01T00:00:00,2254A,129.5029,48.471,伊春市,汤旺河国家公园(对照点),,,,,,,,,,,,,,,,
2022-07-01T00:00:00,2255A,130.2751,46.8028,佳木斯市,佳纺,,13,12,25,6,15,89,40,82,53,11,19,3,4,0.3,0.4
2022-07-01T00:00:00,2256A,130.3995,46.8307,佳木斯市,发电厂,,17,17,32,6,14,97,30,87,54,19,20,1,3,0.3,0.3
2022-07-01T00:00:00,2257A,130.3258,46.7975,佳木斯市,环保局,,14,14,33,5,14,86,37,80,60,11,21,3,3,0.3,0.4
2022-07-01T00:00:00,2258A,130.3648,46.8032,佳木斯市,十一中,,19,19,29,13,16,85,35,74,49,16,24,5,7,0.4,0.4
2022-07-01T00:00:00,2259A,130.3794,46.7588,佳木斯市,四丰(对照点),,13,9,14,7,10,87,40,80,56,13,15,2,6,0.5,0.5
2022-07-01T00:00:00,2262A,131.0518,45.8751,七台河市,新一中(对照点),,14,7,5,6,4,65,42,54,48,9,9,7,7,0.7,0.7
2022-07-01T00:00:00,2263A,127.4833,50.2524,黑河市,交通局,,26,26,20,10,7,88,28,82,59,7,8,6,6,0.4,0.5
2022-07-01T00:00:00,2264A,127.5144,50.2341,黑河市,环保局,,44,44,23,21,11,97,25,88,64,21,12,4,3,0.4,0.5
2022-07-01T00:00:00,2265A,127.5291,50.2472,黑河市,大黑河岛(对照点),,26,24,26,18,13,73,25,61,38,11,9,7,7,1.2,0.8
2022-07-01T00:00:00,2266A,126.9785,46.6365,绥化市,人和东街,,22,8,19,12,11,127,70,118,84,17,22,7,7,0.1,0.2
2022-07-01T00:00:00,2267A,126.964,46.6528,绥化市,党政办公中心,,20,20,15,1,9,121,63,115,85,21,23,5,5,0.2,0.2
2022-07-01T00:00:00,2269A,124.1069,50.4097,大兴安岭地区,科技局,,19,16,18,13,10,95,16,91,48,15,12,5,5,0.3,0.2
2022-07-01T00:00:00,2270A,117.396,32.939,蚌埠市,工人疗养院,,35,6,24,4,12,144,110,134,114,2,4,6,8,0.1,0.2
2022-07-01T00:00:00,2271A,117.3605,32.9427,蚌埠市,百货大楼,,34,25,20,3,12,150,108,138,115,4,8,5,8,0.2,0.3
2022-07-01T00:00:00,2273A,117.4185,32.8911,蚌埠市,蚌埠学院,,33,5,25,2,10,137,104,127,110,3,5,10,9,0.1,0.2
2022-07-01T00:00:00,2274A,117.3533,32.9673,蚌埠市,淮上区政府,,33,17,35,2,13,154,105,139,115,3,6,9,10,0.2,0.4
2022-07-01T00:00:00,2275A,117.3145,32.8977,蚌埠市,高新区,,34,7,32,7,15,160,108,145,122,5,9,6,8,0.2,0.4
2022-07-01T00:00:00,2277A,116.8305,32.7727,淮南市,潘集区政府,,29,10,40,7,23,160,92,138,119,9,12,6,7,0.2,0.2
2022-07-01T00:00:00,2278A,117.0067,32.6524,淮南市,师范学院,,30,30,38,1,17,121,88,118,104,4,8,4,5,0.2,0.3
2022-07-01T00:00:00,2279A,116.8569,32.5951,淮南市,谢家集区政府,,30,7,30,5,12,137,94,126,116,8,8,5,5,0.1,0.2
2022-07-01T00:00:00,2280A,116.8281,32.633,淮南市,八公山区政府,,31,24,42,7,16,142,99,129,119,6,10,5,4,0.2,0.3
2022-07-01T00:00:00,2281A,116.6325,32.6201,淮南市,焦岗湖风景区管理处(对照点),,29,21,39,3,14,161,92,145,118,6,12,5,7,0.2,0.3
2022-07-01T00:00:00,2282A,116.8004,33.975,淮北市,监测站,,38,17,32,8,18,204,120,165,131,6,10,7,7,0.4,0.5
2022-07-01T00:00:00,2283A,116.8091,33.9007,淮北市,烈山区政府,,37,10,24,10,20,219,118,172,134,6,9,6,7,0.5,0.6
2022-07-01T00:00:00,2284A,116.7856,33.9477,淮北市,职业技术学院,,42,14,30,6,15,207,132,168,138,4,8,6,5,0.6,0.7
2022-07-01T00:00:00,2285A,117.8177,30.9412,铜陵市,市第四中学,,13,7,10,5,5,82,39,75,54,5,10,4,5,0.2,0.2
2022-07-01T00:00:00,2286A,117.8059,30.9273,铜陵市,市公路局,,19,19,14,4,4,80,30,67,49,9,9,7,5,0.4,0.4
2022-07-01T00:00:00,2287A,117.7807,30.9413,铜陵市,市新民污水厂,,24,24,28,15,15,74,2,67,42,34,17,4,10,0.3,0.3
2022-07-01T00:00:00,2288A,117.7439,30.8792,铜陵市,市第九中学,,26,26,24,10,9,74,4,69,44,39,16,7,7,0.5,0.5
2022-07-01T00:00:00,2289A,117.846,30.9413,铜陵市,车站新区,,16,16,23,10,7,81,15,71,47,20,9,7,7,0.4,0.4
2022-07-01T00:00:00,2290A,117.8483,30.97,铜陵市,市职教基地,,10,10,13,2,6,81,25,70,47,9,10,5,6,0.5,0.6
2022-07-01T00:00:00,2291A,117.0809,30.5177,安庆市,环科院,,20,17,18,9,10,88,7,75,46,40,21,4,4,0.4,0.5
2022-07-01T00:00:00,2292A,117.0331,30.5119,安庆市,马山宾馆,,13,8,14,8,11,91,7,70,44,25,18,6,4,0.5,0.5
2022-07-01T00:00:00,2294A,116.9896,30.6145,安庆市,安庆大学,,21,21,19,8,12,101,13,84,55,21,17,4,5,0.4,0.4
2022-07-01T00:00:00,2295A,118.2903,29.6963,黄山市,延安路89号,,,13,17,4,5,74,17,65,32,3,4,5,8,,0.4
2022-07-01T00:00:00,2296A,118.327,29.7178,黄山市,黄山东路89号,,12,12,14,8,5,69,21,58,38,4,4,7,7,0.4,0.4
2022-07-01T00:00:00,2297A,118.1371,30.2756,黄山市,黄山区政府5号楼,,,,18,,5,43,,28,,,3,,7,,0
2022-07-01T00:00:00,2298A,118.3093,32.3153,滁州市,老年大学,,17,10,23,6,10,122,53,103,82,17,15,13,14,0.5,0.3
2022-07-01T00:00:00,2299A,118.3244,32.2786,滁州市,人大宾馆,,17,3,12,5,6,120,52,105,75,18,19,1,8,0.6,0.5
2022-07-01T00:00:00,2301A,115.8277,32.8929,阜阳市,市监测站,,41,13,24,4,11,181,131,173,146,5,10,6,7,0.4,0.5
2022-07-01T00:00:00,2303A,115.8554,32.8605,阜阳市,开发区,,42,2,22,11,11,184,133,170,145,9,16,6,6,0.3,0.4
2022-07-01T00:00:00,2307A,116.5079,31.737,六安市,监测大楼,,23,17,28,10,14,158,71,146,104,3,6,5,6,0.3,0.3
2022-07-01T00:00:00,2308A,116.4738,31.7643,六安市,皖西学院,,23,21,28,12,10,147,73,139,105,3,5,8,9,0.3,0.3
2022-07-01T00:00:00,2309A,116.4996,31.7905,六安市,朝阳厂,,22,20,24,11,14,147,70,134,99,4,5,8,8,0.4,0.4
2022-07-01T00:00:00,2310A,116.5567,31.7886,六安市,开发区,,24,23,31,14,15,148,75,137,102,2,5,6,7,0.4,0.4
2022-07-01T00:00:00,2311A,115.8072,33.8399,亳州市,污水处理厂,,36,19,22,14,14,187,115,173,145,5,5,5,5,0.5,0.5
2022-07-01T00:00:00,2312A,115.7789,33.8518,亳州市,三国揽胜宫,,36,26,29,8,11,195,115,175,148,6,7,6,6,0.5,0.5
2022-07-01T00:00:00,2314A,117.47,30.6618,池州市,池州学院,,11,11,15,5,7,81,24,64,43,5,5,4,4,0.4,0.4
2022-07-01T00:00:00,2316A,118.7581,30.9454,宣城市,鳌峰子站,,11,8,11,5,6,63,34,54,47,11,12,5,5,0.3,0.3
2022-07-01T00:00:00,2317A,118.7385,30.9743,宣城市,敬亭山子站,,16,16,12,5,6,65,18,52,40,13,17,5,6,0.3,0.3
2022-07-01T00:00:00,2318A,118.7173,30.9427,宣城市,开发区子站,,15,10,11,4,5,72,46,59,54,11,12,4,5,0.3,0.3
2022-07-01T00:00:00,2319A,119.0141,25.4325,莆田市,荔城区仓后路,,14,14,28,5,10,103,28,77,38,7,10,2,2,0.5,0.5
2022-07-01T00:00:00,2320A,119.0015,25.4553,莆田市,莆田市监测站,,13,13,24,6,10,107,24,78,40,8,6,5,5,0.5,0.5
2022-07-01T00:00:00,2321A,119.1119,25.4561,莆田市,涵江区六中,,19,16,27,13,13,107,33,77,39,7,11,4,5,0.4,0.4
2022-07-01T00:00:00,2322A,119.1013,25.3215,莆田市,秀屿区政府,,22,22,36,8,12,109,27,70,34,5,9,4,4,0.6,0.5
2022-07-01T00:00:00,2323A,118.981,25.4792,莆田市,东圳水库(对照点),,,,,,,,,,,,,,,,
2022-07-01T00:00:00,2324A,117.6211,26.2625,三明市,三钢,,18,18,21,12,14,79,28,71,50,14,11,5,4,0.5,0.5
2022-07-01T00:00:00,2325A,117.635,26.2714,三明市,三明二中,,11,9,23,6,13,72,33,68,49,8,9,5,3,0.5,0.5
2022-07-01T00:00:00,2326A,117.6028,26.2378,三明市,三元区政府,,11,8,19,7,10,77,35,66,51,8,9,7,5,0.6,0.7
2022-07-01T00:00:00,2327A,117.7275,26.3108,三明市,洋溪(对照点),,,,,,,,,,,,,,,,
2022-07-01T00:00:00,2331A,118.0966,26.6761,南平市,茫荡山(对照点),,,,,,,,,,,,,,,,
2022-07-01T00:00:00,2332A,118.1681,26.6369,南平市,南平市监测站,,11,11,11,4,8,84,14,72,46,18,6,9,6,0.4,0.3
2022-07-01T00:00:00,2333A,118.1825,26.6489,南平市,南平铝业有限公司,,12,12,16,5,9,78,25,67,46,10,5,6,8,0.5,0.5
2022-07-01T00:00:00,2334A,118.1756,26.6272,南平市,南平七中,,14,14,18,7,15,82,21,71,47,13,4,6,7,0.4,0.4
2022-07-01T00:00:00,2335A,117.0189,25.1181,龙岩市,龙岩师专(对照点),,14,12,23,6,12,78,42,66,53,14,12,5,4,0.4,0.4
2022-07-01T00:00:00,2336A,117.0217,25.1033,龙岩市,龙岩市监测站,,14,13,24,8,12,82,43,67,53,16,15,7,6,0.4,0.5
2022-07-01T00:00:00,2337A,117.0258,25.0661,龙岩市,闽西职业技术学院,,15,15,29,7,9,81,38,53,41,15,13,8,7,0.3,0.4
2022-07-01T00:00:00,2338A,117.0196,25.0306,龙岩市,龙岩学院,,,,22,4,7,82,30,55,36,8,14,2,4,0.3,0.3
2022-07-01T00:00:00,2339A,119.5001,26.6946,宁德市,金涵水库(对照点),,18,8,22,12,15,55,10,46,20,12,11,7,8,0.3,0.4
2022-07-01T00:00:00,2341A,119.5388,26.6612,宁德市,宁德市监测站,,21,21,30,8,14,66,6,48,21,23,14,5,5,0.4,0.5
2022-07-01T00:00:00,2342A,117.3102,29.3867,景德镇市,王港中学(对照点),,19,19,13,5,8,73,15,64,37,4,3,4,4,0.4,0.4
2022-07-01T00:00:00,2343A,117.2117,29.2933,景德镇市,老干部活动中心,,37,37,25,10,23,66,36,55,48,18,10,1,4,0.4,0.5
2022-07-01T00:00:00,2344A,117.1894,29.2789,景德镇市,兽医站,,25,15,15,17,12,63,42,53,50,8,9,4,5,0.6,0.6
2022-07-01T00:00:00,2345A,117.1547,29.2617,景德镇市,台达陶瓷,,27,8,14,3,6,85,85,48,48,6,13,4,11,0.5,0.5
2022-07-01T00:00:00,2346A,117.2461,29.2956,景德镇市,陶研所,,14,12,19,7,7,70,42,61,56,8,7,5,5,0.4,0.4
2022-07-01T00:00:00,2347A,114.0997,27.5002,萍乡市,武功山(对照点),,9,3,4,6,3,69,15,54,33,4,6,12,12,0.3,0.2
2022-07-01T00:00:00,2348A,113.8385,27.6434,萍乡市,中医院,细颗粒物(PM2.5),64,54,25,46,21,121,75,105,92,13,12,19,13,0.8,0.9
2022-07-01T00:00:00,2349A,113.8493,27.6253,萍乡市,市政府车库,颗粒物(PM10),55,60,34,38,24,122,76,107,92,16,16,14,16,1.1,1.3
2022-07-01T00:00:00,2350A,113.8676,27.6435,萍乡市,市环保局,细颗粒物(PM2.5),54,38,24,38,22,118,76,107,94,10,8,18,16,0.4,0.4
2022-07-01T00:00:00,2351A,113.866,27.6198,萍乡市,安源区政府,,,82,39,51,25,115,,96,87,34,14,21,18,1.4,0.7
2022-07-01T00:00:00,2352A,115.0861,27.9317,新余市,北岗(对照点),,50,46,27,35,18,87,43,80,70,14,7,10,6,1.2,1.1
2022-07-01T00:00:00,2353A,114.9886,27.8431,新余市,飞宇,细颗粒物(PM2.5),63,60,35,45,19,90,66,84,78,13,9,15,10,1.0,0.8
2022-07-01T00:00:00,2354A,114.9231,27.8246,新余市,第二水厂,颗粒物(PM10),57,64,42,31,20,101,77,93,89,18,16,9,8,1.0,0.8
2022-07-01T00:00:00,2355A,114.9308,27.8036,新余市,市气象局,细颗粒物(PM2.5),58,56,36,41,23,88,57,80,75,24,13,14,10,1.2,1
2022-07-01T00:00:00,2357A,116.9822,28.1136,鹰潭市,龙虎山(对照点),,13,12,28,6,6,77,40,64,49,7,7,3,2,0.4,0.6
2022-07-01T00:00:00,2358A,117.0564,28.2642,鹰潭市,新监测站,,22,22,29,5,8,102,37,90,52,8,6,33,11,0.7,0.3
2022-07-01T00:00:00,2359A,117.0311,28.2475,鹰潭市,财苑宾馆,,19,19,30,7,6,95,23,82,51,9,6,6,4,0.6,0.5
2022-07-01T00:00:00,2360A,117.0222,28.2264,鹰潭市,体育馆,,,20,25,,8,100,,77,40,6,5,10,13,0.4,0.4
2022-07-01T00:00:00,2361A,117.0017,28.2131,鹰潭市,三川水表,,26,26,28,9,8,87,24,72,38,8,9,8,7,0.6,0.6
2022-07-01T00:00:00,2362A,114.9017,25.9149,赣州市,通天岩(对照点),,30,30,20,20,12,86,10,69,29,15,9,4,6,0.4,0.4
2022-07-01T00:00:00,2363A,114.9367,25.8664,赣州市,地委,颗粒物(PM10),58,66,32,21,10,94,12,71,24,29,17,12,8,0.7,0.7
2022-07-01T00:00:00,2364A,114.9461,25.8481,赣州市,气象台,颗粒物(PM10),52,53,22,19,11,80,13,58,28,26,15,19,8,0.7,0.6
2022-07-01T00:00:00,2365A,114.9322,25.8333,赣州市,市图书馆,,43,43,21,18,10,72,14,48,20,28,16,23,9,0.7,0.7
2022-07-01T00:00:00,2366A,114.8905,25.8471,赣州市,华坚鞋城,,48,48,24,23,10,80,25,60,28,27,17,19,5,0.8,0.7
2022-07-01T00:00:00,2367A,114.9754,27.0803,吉安市,红声器材厂,颗粒物(PM10),52,53,28,30,14,90,48,74,64,13,6,4,7,0.5,0.4
2022-07-01T00:00:00,2368A,114.9658,27.0999,吉安市,市森林工业局,,40,33,23,28,17,89,55,76,66,10,7,4,6,0.5,0.4
2022-07-01T00:00:00,2369A,114.99,27.1312,吉安市,市环境监测站,,40,40,29,24,16,92,49,79,66,15,10,6,10,0.6,0.5
2022-07-01T00:00:00,2370A,115.0093,27.0968,吉安市,青原区法院,,35,35,26,22,14,84,59,68,64,6,7,7,10,0.5,0.4
2022-07-01T00:00:00,2371A,114.3408,27.8064,宜春市,槟榔水业(对照点),细颗粒物(PM2.5),62,53,35,44,22,93,61,84,79,9,9,9,7,0.8,0.7
2022-07-01T00:00:00,2373A,114.3956,27.7844,宜春市,市石油公司,细颗粒物(PM2.5),53,52,35,37,20,91,23,78,70,19,14,8,8,0.7,0.7
2022-07-01T00:00:00,2374A,114.3703,27.7914,宜春市,市气象局,细颗粒物(PM2.5),60,58,37,43,22,99,40,85,78,22,12,11,7,1.2,1
2022-07-01T00:00:00,2375A,114.4013,27.8074,宜春市,市广电局,细颗粒物(PM2.5),62,59,33,44,23,99,62,88,85,12,9,9,5,1.3,1
2022-07-01T00:00:00,2376A,116.2127,28.0814,抚州市,桐源党溪(对照点),,25,25,19,17,10,66,7,55,38,27,9,1,6,0.3,0.4
2022-07-01T00:00:00,2377A,116.3544,27.9831,抚州市,市站,,15,15,22,8,11,80,40,61,56,9,10,2,2,0.4,0.4
2022-07-01T00:00:00,2378A,116.3565,27.963,抚州市,血防站,,20,20,20,8,10,80,42,59,56,9,10,6,2,0.3,0.4
2022-07-01T00:00:00,2379A,116.3564,28.0007,抚州市,采茶剧团,,19,19,22,6,8,79,34,59,51,6,7,3,4,0.5,0.6
2022-07-01T00:00:00,2380A,116.385,27.9647,抚州市,医学分院,,16,16,21,8,8,78,36,62,53,8,9,3,4,0.3,0.3
2022-07-01T00:00:00,2381A,118.005,28.4572,上饶市,百草园(对照点),,,,,,,,,,,,,,,,
2022-07-01T00:00:00,2382A,117.9756,28.4436,上饶市,市监测站,,,19,23,11,11,123,,97,67,10,6,6,8,0.5,0.4
2022-07-01T00:00:00,2383A,117.9519,28.4628,上饶市,凤凰光学,,24,24,22,14,10,102,19,88,48,22,7,10,12,0.6,0.5
2022-07-01T00:00:00,2385A,114.17,35.9019,鹤壁市,市监测站,颗粒物(PM10),57,63,48,25,27,146,61,117,95,22,16,6,5,1.0,1
2022-07-01T00:00:00,2386A,114.2956,35.7511,鹤壁市,市交警支队,细颗粒物(PM2.5),78,85,61,57,44,146,60,123,112,37,19,9,9,1.4,1.4
2022-07-01T00:00:00,2387A,114.2878,35.7306,鹤壁市,迎宾馆,细颗粒物(PM2.5),84,88,55,62,43,146,48,126,114,44,20,4,8,1.0,1.1
2022-07-01T00:00:00,2389A,113.836,35.311,新乡市,环保西院,颗粒物(PM10),58,66,43,36,21,143,109,128,124,16,16,4,5,0.9,0.8
2022-07-01T00:00:00,2390A,113.884,35.272,新乡市,开发区,,50,50,43,29,20,147,109,135,127,11,12,4,5,1.0,1
2022-07-01T00:00:00,2391A,113.883,35.303,新乡市,环保东院,细颗粒物(PM2.5),59,61,42,42,27,146,100,135,127,21,16,4,4,0.9,0.9
2022-07-01T00:00:00,2392A,115.0312,35.7636,濮阳市,环保局,,35,32,34,24,33,121,102,112,108,15,15,4,3,0.7,0.6
2022-07-01T00:00:00,2394A,115.0574,35.7609,濮阳市,油田运输公司,,45,27,36,31,36,129,104,120,113,15,14,2,2,0.6,0.6
2022-07-01T00:00:00,2395A,115.0866,35.7754,濮阳市,油田物探公司,,36,36,34,6,14,126,97,119,110,13,12,3,3,0.5,0.5
2022-07-01T00:00:00,2396A,113.8276,34.0159,许昌市,监测站,颗粒物(PM10),53,56,33,30,13,195,115,185,163,16,14,3,4,0.6,0.5
2022-07-01T00:00:00,2398A,113.7906,33.9953,许昌市,开发区,,,,32,,12,194,,192,192,,6,,4,,0.7
2022-07-01T00:00:00,2399A,114.051,33.5699,漯河市,三五一五工厂,,45,37,30,19,15,188,142,183,168,7,6,6,7,0.4,0.3
2022-07-01T00:00:00,2400A,114.0055,33.5698,漯河市,漯河大学,,48,42,32,13,12,195,152,188,174,6,7,5,6,0.6,0.6
2022-07-01T00:00:00,2401A,114.0138,33.5828,漯河市,市水利局,,47,36,29,20,14,193,150,187,170,4,7,7,8,0.4,0.3
2022-07-01T00:00:00,2402A,114.0261,33.5698,漯河市,市广电局,,47,39,30,19,12,193,150,185,172,6,7,6,8,0.7,0.6
2022-07-01T00:00:00,2403A,112.5192,32.9917,南阳市,环保局,,44,42,26,20,13,177,138,164,148,7,10,5,3,0.5,0.4
2022-07-01T00:00:00,2404A,112.5339,33.0086,南阳市,瓦房庄,颗粒物(PM10),56,62,39,27,21,178,127,166,146,10,11,4,4,0.4,0.3
2022-07-01T00:00:00,2405A,112.5003,32.9735,南阳市,汉画馆,,44,44,30,24,16,167,137,156,144,11,18,5,4,0.4,0.4
2022-07-01T00:00:00,2406A,112.5779,33.0144,南阳市,气象站,,38,38,26,15,13,165,111,156,136,14,12,6,5,0.4,0.3
2022-07-01T00:00:00,2407A,112.548,32.9692,南阳市,理工学院,,42,39,28,29,13,171,130,160,148,15,13,2,2,0.6,0.4
2022-07-01T00:00:00,2408A,115.6702,34.4285,商丘市,环境监测站,,37,31,42,17,18,181,117,178,151,11,10,6,5,0.5,0.6
2022-07-01T00:00:00,2409A,115.6458,34.4045,商丘市,粮食局,,40,29,41,14,20,183,125,178,154,12,14,7,7,0.6,0.6
2022-07-01T00:00:00,2410A,115.6293,34.3948,商丘市,睢阳区环保局,,,,42,,19,183,,178,174,,13,,4,,0.6
2022-07-01T00:00:00,2420A,114.0189,32.9656,驻马店市,市一纸厂,,36,36,26,25,20,187,76,176,133,37,14,8,7,0.3,0.2
2022-07-01T00:00:00,2421A,114.0114,33.015,驻马店市,市彩印厂,颗粒物(PM10),52,54,28,22,14,190,88,180,147,25,10,6,6,0.3,0.2
2022-07-01T00:00:00,2422A,113.9976,32.9771,驻马店市,天方二分厂,,,35,36,21,17,199,,192,174,22,21,5,5,0.2,0.6
2022-07-01T00:00:00,2423A,115.0601,30.2313,黄石市,沈家营,,34,34,34,5,7,162,56,131,98,26,15,19,14,1.5,0.7
2022-07-01T00:00:00,2424A,115.0817,30.2006,黄石市,陈家湾,,41,41,36,20,11,129,58,115,100,23,20,5,5,0.5,0.7
2022-07-01T00:00:00,2426A,114.8988,30.2019,黄石市,铁山,,28,28,33,9,9,176,79,154,121,9,10,8,9,0.8,0.9
2022-07-01T00:00:00,2427A,115.0307,30.2092,黄石市,团城山,,36,36,36,4,7,155,76,134,109,8,11,7,10,0.6,0.7
2022-07-01T00:00:00,2428A,111.0419,32.395,十堰市,武当山(对照点),,37,37,49,21,20,159,110,142,134,5,5,6,7,0.5,0.5
2022-07-01T00:00:00,2429A,110.78,32.6494,十堰市,滨河新村,,48,48,35,15,16,172,98,153,147,14,11,6,7,0.8,0.7
2022-07-01T00:00:00,2430A,110.7258,32.6389,十堰市,刘家沟,,30,25,30,20,7,184,93,168,152,8,8,7,8,0.6,0.6
2022-07-01T00:00:00,2431A,110.8839,32.5714,十堰市,铁二处,,41,41,38,25,20,195,125,173,170,16,11,9,9,0.7,0.6
2022-07-01T00:00:00,2432A,112.155,32.0197,襄阳市,襄城运动路,颗粒物(PM10),54,57,32,22,16,150,92,142,122,12,9,5,6,0.7,0.6
2022-07-01T00:00:00,2433A,112.1392,32.0564,襄阳市,樊城新华路,颗粒物(PM10),51,52,39,27,18,157,93,150,136,9,10,5,5,0.7,0.7
2022-07-01T00:00:00,2434A,112.1825,32.1142,襄阳市,高新管委会,,48,45,30,33,24,143,102,138,124,11,11,5,6,0.7,0.6
2022-07-01T00:00:00,2435A,112.2106,32.0903,襄阳市,襄州航空路,细颗粒物(PM2.5),54,48,30,38,16,152,103,142,130,10,9,6,6,0.8,0.7
2022-07-01T00:00:00,2436A,114.8938,30.3994,鄂州市,市政府,,28,28,32,14,9,145,82,132,109,9,10,4,8,0.5,0.6
2022-07-01T00:00:00,2437A,114.8989,30.3714,鄂州市,赵家坝,,33,33,28,10,6,148,68,133,99,12,14,10,10,0.4,0.5
2022-07-01T00:00:00,2439A,112.2014,31.0481,荆门市,竹园小学,,38,38,38,18,19,136,90,123,97,16,14,9,9,0.9,0.8
2022-07-01T00:00:00,2440A,112.1969,30.9891,荆门市,掇刀,,44,44,38,21,18,151,87,140,116,20,10,18,6,0.6,0.6
2022-07-01T00:00:00,2441A,112.2213,31.0386,荆门市,石化一小,,38,38,36,22,22,140,56,132,101,46,14,43,11,0.6,0.5
2022-07-01T00:00:00,2443A,113.9153,30.9285,孝感市,文化路,颗粒物(PM10),57,63,51,17,23,268,88,225,186,15,16,6,5,0.6,0.8
2022-07-01T00:00:00,2444A,113.942,30.9075,孝感市,东城区,颗粒物(PM10),59,67,54,19,21,266,96,227,190,15,16,5,6,0.5,0.7
2022-07-01T00:00:00,2446A,114.9028,30.4742,黄冈市,职工中心,颗粒物(PM10),51,52,31,6,7,137,73,129,105,9,7,13,11,0.4,0.5
2022-07-01T00:00:00,2447A,114.3175,29.8142,咸宁市,森林公园(对照点),,26,26,20,15,9,135,68,113,104,2,2,6,5,0.7,0.6
2022-07-01T00:00:00,2448A,114.3107,29.8454,咸宁市,市发改委,颗粒物(PM10),62,74,39,12,9,136,96,117,113,1,5,6,6,0.6,0.6
2022-07-01T00:00:00,2449A,114.2936,29.8566,咸宁市,咸安区政府,颗粒物(PM10),70,90,53,18,11,131,94,117,111,7,8,3,4,0.6,0.6
2022-07-01T00:00:00,2451A,113.3583,31.7275,随州市,市委党校,,35,35,23,22,11,136,96,130,110,3,4,6,6,0.7,0.6
2022-07-01T00:00:00,2452A,113.3833,31.6908,随州市,市林业局,颗粒物(PM10),58,65,28,25,9,141,89,130,110,6,4,4,5,0.7,0.6
2022-07-01T00:00:00,2453A,113.3983,31.7308,随州市,市立交桥水厂,颗粒物(PM10),54,58,28,22,13,137,101,128,114,8,5,7,7,0.6,0.5
2022-07-01T00:00:00,2454A,109.4978,30.2981,恩施土家族苗族自治州,湖北民院,,48,48,43,24,26,158,53,129,87,6,7,6,7,0.6,0.6
2022-07-01T00:00:00,2455A,109.4707,30.2798,恩施土家族苗族自治州,州电力总公司,,50,50,46,28,22,152,7,126,55,38,18,4,9,0.8,0.8
2022-07-01T00:00:00,2456A,112.5003,26.9167,衡阳市,原169医院(对照点),,21,21,30,13,15,152,35,130,73,11,12,2,10,0.5,0.8
2022-07-01T00:00:00,2457A,112.6194,26.9258,衡阳市,衡阳化工总厂,,35,35,28,12,18,126,30,112,67,18,12,3,5,0.5,0.6
2022-07-01T00:00:00,2458A,112.6211,26.8956,衡阳市,珠晖区环保局,,,34,25,,,121,17,108,59,25,13,3,4,1.8,0.7
2022-07-01T00:00:00,2459A,112.6197,26.8733,衡阳市,市委党校,,44,44,26,12,13,118,17,108,62,27,11,4,7,0.5,0.4
2022-07-01T00:00:00,2460A,112.6006,26.8919,衡阳市,市监测站,颗粒物(PM10),63,76,31,34,19,129,9,120,57,47,14,32,12,4.9,0.8
2022-07-01T00:00:00,2461A,112.5664,26.9056,衡阳市,真空机电公司,,,33,34,,,145,17,126,64,38,15,29,11,1.1,0.7
2022-07-01T00:00:00,2462A,111.5239,27.3033,邵阳市,市水土所(对照点),,32,20,28,22,22,142,23,109,57,7,5,9,10,0.4,0.4
2022-07-01T00:00:00,2463A,111.4733,27.2317,邵阳市,市一中,,19,19,25,12,12,111,31,100,71,23,13,6,7,0.4,0.4
2022-07-01T00:00:00,2464A,111.5283,27.2442,邵阳市,市化工厂,,39,39,25,15,14,100,18,94,66,32,13,8,6,0.6,0.5
2022-07-01T00:00:00,2465A,111.4503,27.2537,邵阳市,市罐头厂,,26,26,39,17,14,113,50,104,73,12,12,8,10,0.4,0.4
2022-07-01T00:00:00,2466A,111.4328,27.2272,邵阳市,市环保局,,25,25,32,17,18,118,42,101,72,16,15,4,8,0.4,0.4
2022-07-01T00:00:00,2467A,112.4067,28.6428,益阳市,甘溪港(对照点),,42,42,32,7,6,133,66,123,104,19,17,3,11,0.5,0.6
2022-07-01T00:00:00,2468A,112.3458,28.5808,益阳市,市环保局,,38,31,24,26,17,140,62,129,111,20,12,2,3,0.7,0.7
2022-07-01T00:00:00,2469A,112.3437,28.5531,益阳市,市特殊教育学校,细颗粒物(PM2.5),62,53,31,44,18,137,64,126,112,22,14,7,4,0.5,0.6
2022-07-01T00:00:00,2470A,112.3347,28.6047,益阳市,资阳区政务中心,,47,47,41,16,14,139,63,130,109,20,10,2,3,0.7,0.8
2022-07-01T00:00:00,2471A,112.3744,28.5819,益阳市,赫山环保分局,,32,32,33,13,10,137,51,123,99,28,14,5,7,0.7,0.9
2022-07-01T00:00:00,2472A,113.0073,25.9061,郴州市,马头岭(对照点),,21,21,25,8,7,129,6,88,32,20,13,6,8,0.8,0.8
2022-07-01T00:00:00,2473A,113.0116,25.8226,郴州市,市职中,,22,22,28,12,15,135,14,100,43,17,13,6,9,0.4,0.5
2022-07-01T00:00:00,2474A,113.0161,25.8001,郴州市,兴隆步行街,,22,22,27,7,7,109,23,96,46,14,13,21,13,0.4,0.4
2022-07-01T00:00:00,2475A,113.0383,25.8071,郴州市,市审计局,,23,23,24,11,16,115,18,99,46,23,18,8,15,0.3,0.4
2022-07-01T00:00:00,2476A,113.0348,25.7759,郴州市,市环保局,,28,28,29,10,15,108,7,88,43,37,23,20,18,0.6,0.6
2022-07-01T00:00:00,2477A,111.6217,26.2081,永州市,零陵南津渡(对照点),,35,27,26,24,13,119,66,99,76,5,3,8,9,0.5,0.6
2022-07-01T00:00:00,2478A,111.6156,26.4214,永州市,市环境监测站,,27,27,25,14,14,96,41,89,75,17,8,6,12,0.5,0.5
2022-07-01T00:00:00,2479A,111.6236,26.2331,永州市,零陵区环保局,,28,24,24,19,13,108,65,94,78,10,8,9,13,0.3,0.3
2022-07-01T00:00:00,2480A,111.5992,26.4364,永州市,永州市环保局,,32,23,24,22,16,101,68,94,88,6,8,4,14,0.3,0.4
2022-07-01T00:00:00,2481A,111.5989,26.4519,永州市,冷水滩区环保局,,37,37,34,10,17,88,40,74,58,12,13,5,10,0.4,0.4
2022-07-01T00:00:00,2482A,109.5981,27.5721,怀化市,林科所(对照点),,13,11,14,4,5,105,41,82,57,7,8,3,9,0.9,1.2
2022-07-01T00:00:00,2483A,109.9453,27.5444,怀化市,河西地税局,,19,19,15,2,8,82,15,72,47,17,8,2,3,0.6,0.6
2022-07-01T00:00:00,2484A,109.9781,27.5342,怀化市,市四医院,,41,41,23,17,18,93,20,82,46,16,12,2,5,0.5,0.5
2022-07-01T00:00:00,2485A,109.9972,27.5578,怀化市,监测楼,,27,27,24,17,12,100,37,84,51,10,12,4,7,0.4,0.5
2022-07-01T00:00:00,2486A,110.0394,27.583,怀化市,市委党校,,35,27,20,24,20,103,10,83,43,24,11,5,3,0.8,0.7
2022-07-01T00:00:00,2487A,111.9589,27.8901,娄底市,电视发射台(对照点),,25,25,18,17,13,125,31,95,64,4,2,6,7,0.4,0.4
2022-07-01T00:00:00,2488A,111.9975,27.725,娄底市,市监测站,,19,13,31,13,22,95,58,88,75,13,17,4,14,0.3,0.9
2022-07-01T00:00:00,2489A,112.0194,27.7314,娄底市,市委党校,,20,15,30,4,21,94,62,86,72,7,15,8,15,0.4,0.9
2022-07-01T00:00:00,2490A,111.9561,27.7569,娄底市,涟钢,细颗粒物(PM2.5),57,61,52,40,24,153,51,99,72,24,24,15,16,0.5,0.9
2022-07-01T00:00:00,2491A,111.9892,27.7044,娄底市,市政府,,20,14,22,11,14,98,64,95,76,6,9,1,2,0.4,0.7
2022-07-01T00:00:00,2492A,109.6414,28.2558,湘西州,跃进水库(对照点),,19,19,22,11,11,93,6,84,37,3,3,7,6,0.7,0.6
2022-07-01T00:00:00,2493A,109.7325,28.3169,湘西州,州政府,,22,22,22,14,12,97,19,86,53,8,6,3,4,0.5,0.6
2022-07-01T00:00:00,2494A,109.6958,28.2675,湘西州,吉首市计生局,,23,23,21,12,12,92,23,83,55,9,6,6,7,0.6,0.6
2022-07-01T00:00:00,2495A,111.3014,23.4832,梧州市,市逸夫小学,,37,37,50,13,21,112,16,88,46,21,23,11,10,1.0,0.9
2022-07-01T00:00:00,2496A,111.3239,23.4794,梧州市,市十一中,,23,23,53,16,24,96,18,76,39,30,30,12,8,0.7,0.7
2022-07-01T00:00:00,2497A,111.247,23.4189,梧州市,龙圩,,30,30,43,15,23,116,33,87,50,24,25,6,8,0.7,0.8
2022-07-01T00:00:00,2498A,111.2711,23.4835,梧州市,龙新,,42,42,45,16,20,114,4,84,32,30,20,4,7,0.7,0.8
2022-07-01T00:00:00,2499A,108.3411,21.6158,防城港市,沙万,,37,37,33,15,14,86,43,76,57,15,16,7,8,0.7,0.7
2022-07-01T00:00:00,2500A,108.3514,21.7731,防城港市,防城档案局,,19,16,27,8,13,86,58,72,67,9,11,6,7,0.5,0.5
2022-07-01T00:00:00,2501A,108.3506,21.6414,防城港市,大海花园,,23,22,24,16,14,88,38,80,60,27,20,12,10,1.1,0.8
2022-07-01T00:00:00,2502A,108.6236,21.9667,钦州市,市环保站,,20,12,17,14,8,90,54,75,74,10,8,7,7,0.7,0.6
2022-07-01T00:00:00,2503A,108.6549,21.9481,钦州市,沙埠小学,,19,10,23,13,14,89,41,71,64,11,7,6,6,0.6,0.6
2022-07-01T00:00:00,2504A,108.5989,21.7431,钦州市,港区一小,,36,36,37,25,17,83,37,72,55,17,17,7,6,0.6,0.6
2022-07-01T00:00:00,2505A,109.568,23.1478,贵港市,德智高中(对照点),,19,3,20,9,12,74,60,66,65,5,8,5,6,0.3,0.4
2022-07-01T00:00:00,2506A,109.6047,23.0666,贵港市,江南子站,,27,27,28,18,14,97,36,86,70,30,15,9,5,1.2,0.6
2022-07-01T00:00:00,2507A,109.6014,23.0948,贵港市,贵城子站,,25,23,22,17,14,101,54,86,78,15,13,7,6,0.6,0.6
2022-07-01T00:00:00,2508A,109.5669,23.1065,贵港市,荷城子站,,16,14,18,10,9,88,50,77,73,15,9,4,4,0.3,0.4
2022-07-01T00:00:00,2509A,110.1106,22.7019,玉林市,寒山水库(对照点),,50,50,38,12,12,86,30,73,52,14,7,5,5,1.0,1
2022-07-01T00:00:00,2510A,110.1675,22.6411,玉林市,市监测站,,35,35,23,14,14,99,30,84,50,29,12,6,2,0.6,0.6
2022-07-01T00:00:00,2511A,110.1433,22.6164,玉林市,南江一中,,47,47,29,12,15,102,28,89,37,25,15,1,2,0.6,0.5
2022-07-01T00:00:00,2512A,106.6103,23.9011,百色市,市监测站,,16,16,26,7,11,103,46,92,65,8,8,4,7,0.7,0.8
2022-07-01T00:00:00,2513A,106.6538,23.8859,百色市,市中心血站,,34,34,26,13,14,102,34,90,61,14,10,6,8,0.7,0.7
2022-07-01T00:00:00,2514A,111.5264,24.4172,贺州市,环保小区,,23,23,27,11,16,103,14,86,46,24,14,8,8,0.8,0.8
2022-07-01T00:00:00,2515A,111.5608,24.4078,贺州市,政协大楼,,32,32,30,15,17,97,18,85,42,16,15,13,10,0.6,0.7
2022-07-01T00:00:00,2516A,108.2011,24.715,河池市,东仁乐园(对照点),,20,19,23,14,18,94,9,80,43,6,5,2,3,0.2,0.2
2022-07-01T00:00:00,2517A,108.0497,24.6947,河池市,市环保站,,35,35,22,17,11,96,10,79,54,22,11,6,7,0.6,0.6
2022-07-01T00:00:00,2518A,108.0983,24.6989,河池市,市疾控中心,颗粒物(PM10),52,53,33,16,17,105,9,83,51,22,12,6,7,0.7,0.6
2022-07-01T00:00:00,2519A,109.2328,23.7361,来宾市,来宾二中,,,,29,,15,121,68,104,94,12,13,8,9,0.5,0.7
2022-07-01T00:00:00,2520A,109.2203,23.7256,来宾市,来宾技工学校,,20,2,24,8,17,119,61,102,92,12,10,6,8,0.6,0.7
2022-07-01T00:00:00,2521A,107.3476,22.4136,崇左市,市环保局江州分局,,37,37,25,15,11,115,63,102,93,17,8,3,3,0.7,0.7
2022-07-01T00:00:00,2522A,107.3702,22.3707,崇左市,城南新区,,34,34,24,19,13,114,46,104,95,33,10,3,3,0.9,0.9
2022-07-01T00:00:00,2523A,105.8945,32.4535,广元市,黑石坡(对照点),颗粒物(PM10),54,58,33,16,9,172,123,155,136,10,15,6,6,0.3,0.3
2022-07-01T00:00:00,2524A,105.821,32.4444,广元市,老城,,45,45,30,31,16,200,22,164,94,65,37,8,9,0.8,0.8
2022-07-01T00:00:00,2526A,105.8628,32.4287,广元市,监测站,颗粒物(PM10),53,55,30,33,16,184,72,158,112,14,15,9,11,0.6,0.7
2022-07-01T00:00:00,2527A,105.5453,30.5678,遂宁市,石溪浩(对照点),颗粒物(PM10),59,68,64,21,17,171,60,141,103,24,17,10,10,0.5,0.5
2022-07-01T00:00:00,2528A,105.5582,30.5232,遂宁市,市监测站,颗粒物(PM10),56,61,56,22,19,154,87,135,98,9,23,7,9,0.4,0.5
2022-07-01T00:00:00,2529A,105.5861,30.5366,遂宁市,行政中心,颗粒物(PM10),52,53,55,27,25,172,108,156,121,7,14,6,8,0.6,0.6
2022-07-01T00:00:00,2530A,105.5918,30.4728,遂宁市,美宁食品公司,颗粒物(PM10),58,65,65,18,24,184,91,158,116,11,21,6,13,0.3,0.4
2022-07-01T00:00:00,2531A,105.0703,29.61,内江市,市监测站,,42,35,44,26,16,210,132,174,130,16,31,6,8,0.7,0.8
2022-07-01T00:00:00,2532A,105.0717,29.5947,内江市,东兴区政府,,42,28,44,19,16,208,134,177,137,11,24,10,11,0.5,0.7
2022-07-01T00:00:00,2533A,105.0653,29.5817,内江市,内江二中,,43,25,37,13,19,223,136,192,146,10,22,8,9,0.3,0.6
2022-07-01T00:00:00,2534A,105.0406,29.5822,内江市,内江日报社,,41,23,47,16,20,226,129,192,137,10,35,5,10,0.4,0.6
2022-07-01T00:00:00,2535A,103.7723,29.5462,乐山市,花湖湾(对照点),,40,40,43,22,25,170,39,137,75,27,22,14,12,0.6,1.1
2022-07-01T00:00:00,2536A,103.7627,29.5844,乐山市,牛耳桥,,30,30,38,19,23,179,58,138,71,18,22,9,9,0.5,0.7
2022-07-01T00:00:00,2537A,103.7508,29.6006,乐山市,市第三水厂,,27,27,43,16,21,175,68,137,73,20,28,6,8,0.4,0.6
2022-07-01T00:00:00,2538A,103.7571,29.5664,乐山市,市监测站,,35,35,54,21,24,173,60,142,77,19,23,7,10,0.4,1.2
2022-07-01T00:00:00,2539A,104.0308,30.0478,眉山市,黑龙滩水库(对照点),,27,13,16,8,9,108,86,102,92,4,10,2,3,0.3,0.4
2022-07-01T00:00:00,2540A,103.8416,30.0874,眉山市,气象局,,30,22,21,0,9,115,95,105,101,16,39,4,3,0.3,0.5
2022-07-01T00:00:00,2543A,106.6308,30.5278,广安市,小平旧居(对照点),,,,,,,,,,,,,,,,
2022-07-01T00:00:00,2544A,106.6303,30.4576,广安市,市委,细颗粒物(PM2.5),64,70,53,46,33,202,85,184,134,25,14,9,11,0.5,0.5
2022-07-01T00:00:00,2545A,106.6271,30.4663,广安市,友谊中学,颗粒物(PM10),59,67,47,40,28,204,77,188,140,30,17,9,11,0.5,0.4
2022-07-01T00:00:00,2547A,106.6388,30.4551,广安市,广电花园,颗粒物(PM10),63,75,59,40,27,201,94,183,126,22,17,11,10,0.7,0.6
2022-07-01T00:00:00,2548A,107.5277,31.2827,达州市,达州职业技术学院(对照点),,48,48,53,26,27,234,54,187,115,31,28,11,8,0.3,0.4
2022-07-01T00:00:00,2549A,107.5086,31.2186,达州市,市环境监测站,细颗粒物(PM2.5),52,51,52,36,30,229,55,186,124,32,34,9,8,0.6,0.8
2022-07-01T00:00:00,2550A,107.4988,31.2132,达州市,凤凰小区,,41,41,55,27,28,209,59,188,120,28,25,3,4,0.6,0.7
2022-07-01T00:00:00,2551A,107.5082,31.1986,达州市,达县机关宾馆,细颗粒物(PM2.5),53,53,57,37,32,207,57,170,103,34,36,13,8,0.6,0.7
2022-07-01T00:00:00,2552A,107.4644,31.2124,达州市,市政中心,颗粒物(PM10),52,53,48,31,27,201,78,181,122,5,6,6,6,0.5,0.8
2022-07-01T00:00:00,2554A,103.0475,30.02,雅安市,建安厂,,26,12,20,6,9,103,81,92,92,12,16,7,7,0.1,0.2
2022-07-01T00:00:00,2555A,103.0111,29.9833,雅安市,市政府,,23,14,22,3,10,95,71,80,79,8,12,9,10,0.4,0.5
2022-07-01T00:00:00,2556A,102.9905,29.9775,雅安市,川农大,,23,10,17,5,9,87,73,81,81,8,9,9,9,0.3,0.3
2022-07-01T00:00:00,2561A,104.6617,30.1372,资阳市,莲花山(对照点),,43,39,55,30,24,190,90,166,143,15,20,8,12,0.6,0.7
2022-07-01T00:00:00,2562A,104.6356,30.1506,资阳市,资阳中学,,30,30,63,6,20,182,89,158,132,17,31,10,17,0.6,0.7
2022-07-01T00:00:00,2563A,104.6295,30.1383,资阳市,四三一厂,,39,39,68,15,29,169,90,145,125,18,40,9,14,0.4,0.6
2022-07-01T00:00:00,2564A,104.6463,30.1146,资阳市,师范校,,34,34,59,20,31,175,82,151,126,25,35,10,13,0.5,0.7
2022-07-01T00:00:00,2565A,104.6296,30.1256,资阳市,区法院,,32,28,55,22,25,184,84,162,135,19,30,9,14,0.4,0.6
2022-07-01T00:00:00,2566A,102.1879,31.914,阿坝藏族羌族自治州,州农科所(对照点),,23,20,17,16,17,83,0,72,35,14,7,8,8,0.9,0.9
2022-07-01T00:00:00,2567A,102.224,31.9037,阿坝藏族羌族自治州,州监测站,,12,12,10,2,5,86,21,79,44,5,8,12,12,0.7,0.7
2022-07-01T00:00:00,2568A,102.2502,31.8896,阿坝藏族羌族自治州,马师校,,17,17,10,5,7,91,9,83,37,19,15,9,10,0.7,0.8
2022-07-01T00:00:00,2570A,101.9603,30.0475,甘孜藏族自治州,水桥子,,26,12,11,10,9,82,8,62,41,52,34,4,7,0.4,0.3
2022-07-01T00:00:00,2571A,102.3431,27.8099,凉山彝族自治州,青龙寺(对照点),,23,11,14,16,11,110,60,83,66,9,10,12,12,0.1,0.1
2022-07-01T00:00:00,2572A,102.2721,27.8415,凉山彝族自治州,邛海宾馆,,32,32,35,11,15,114,81,97,77,10,15,6,7,0.3,0.4
2022-07-01T00:00:00,2573A,102.2625,27.898,凉山彝族自治州,西昌市政府,,27,26,30,13,14,111,84,86,79,2,8,8,9,0.3,0.4
2022-07-01T00:00:00,2574A,102.2685,27.8851,凉山彝族自治州,凉山州政府,,22,22,29,12,14,110,65,91,77,11,12,9,10,0.5,0.6
2022-07-01T00:00:00,2575A,102.237,27.8914,凉山彝族自治州,长安,,26,25,33,10,14,110,82,87,81,5,15,9,13,0.4,0.5
2022-07-01T00:00:00,2576A,104.8,26.5892,六盘水市,窑上(对照点),,,,,,,,,,,,,,,,
2022-07-01T00:00:00,2577A,104.83,26.5917,六盘水市,黄土坡,,42,26,34,29,19,130,105,127,118,9,10,5,7,0.3,0.3
2022-07-01T00:00:00,2578A,104.89,26.5939,六盘水市,水钢,,36,36,66,10,17,126,96,119,110,8,19,6,10,0.3,2.8
2022-07-01T00:00:00,2579A,104.8475,26.5894,六盘水市,民中,,35,35,42,14,13,124,100,120,110,10,18,5,6,0.3,0.4
2022-07-01T00:00:00,2580A,104.9544,26.5506,六盘水市,双水,,36,36,41,7,25,112,80,106,98,8,13,4,4,0.3,0.7
2022-07-01T00:00:00,2585A,109.1839,27.7344,铜仁地区,铜仁卫校,,10,10,13,6,6,104,32,90,59,15,11,2,4,0.4,0.4
2022-07-01T00:00:00,2586A,109.1753,27.6944,铜仁地区,铜仁七中,,12,12,13,4,7,107,17,82,48,7,10,1,3,0.5,0.5
2022-07-01T00:00:00,2587A,105.2864,27.3125,毕节市,八中,,40,40,33,28,18,130,72,123,106,14,9,6,7,0.4,0.4
2022-07-01T00:00:00,2588A,105.31,27.2944,毕节市,师专,,32,31,36,18,18,126,102,122,111,6,9,6,7,0.2,0.4
2022-07-01T00:00:00,2589A,104.9022,25.0925,黔西南布依族苗族自治州,场坝街,,17,10,15,7,6,110,53,96,66,5,9,5,16,0.3,0.3
2022-07-01T00:00:00,2590A,104.8811,25.0992,黔西南布依族苗族自治州,坪东大道,,16,13,14,11,9,111,45,96,65,7,13,5,7,0.3,0.3
2022-07-01T00:00:00,2591A,107.9783,26.5747,黔东南苗族侗族自治州,市环境监测站,,22,22,16,11,9,79,6,64,27,27,18,3,3,0.5,0.3
2022-07-01T00:00:00,2593A,107.5228,26.2403,黔南布依族苗族自治州,小围寨,,7,5,9,2,4,74,14,67,38,11,5,4,4,0.7,0.6
2022-07-01T00:00:00,2594A,99.1678,25.1081,保山市,市环境监测站,,30,30,23,13,6,82,33,69,48,7,8,5,5,0.5,0.5
2022-07-01T00:00:00,2595A,99.1711,25.1328,保山市,市环保局,,36,36,23,14,7,78,41,67,54,5,6,3,4,0.3,0.4
2022-07-01T00:00:00,2596A,103.7667,27.3736,昭通市,监测站,,47,47,51,21,23,130,130,124,124,7,12,10,11,0.4,0.4
2022-07-01T00:00:00,2597A,103.7225,27.3361,昭通市,环保局,,45,45,44,24,24,139,111,126,118,15,16,7,8,0.5,0.6
2022-07-01T00:00:00,2598A,100.2143,26.8576,丽江市,西南郊(对照点),,,,,,,,,,,,,,,,
2022-07-01T00:00:00,2599A,100.2497,26.8802,丽江市,丽江古城,,27,27,26,6,3,79,42,69,58,14,13,6,6,0.5,0.5
2022-07-01T00:00:00,2600A,100.2203,26.8906,丽江市,市中心,,29,29,18,16,12,89,40,80,60,21,15,7,8,0.6,0.4
2022-07-01T00:00:00,2601A,100.98,22.7633,普洱市,市环保局,,30,29,22,21,10,94,18,84,51,17,14,5,6,0.4,0.4
2022-07-01T00:00:00,2602A,100.9817,22.8322,普洱市,普洱第二中学,,28,28,17,15,6,82,6,73,41,20,9,7,8,0.3,0.2
2022-07-01T00:00:00,2603A,100.0781,23.8982,临沧市,市环保局,颗粒物(PM10),57,63,38,27,14,79,26,73,53,16,12,7,7,0.8,0.7
2022-07-01T00:00:00,2604A,100.0894,23.8822,临沧市,市气象局,颗粒物(PM10),53,56,43,28,19,83,33,74,56,10,12,5,5,0.7,0.7
2022-07-01T00:00:00,2605A,101.5482,25.0441,楚雄州,州环境监测站,,46,35,31,32,20,123,92,117,104,6,9,6,6,0.6,0.6
2022-07-01T00:00:00,2606A,101.538,25.0492,楚雄州,市经济开发区,颗粒物(PM10),52,53,32,34,20,125,90,120,103,8,13,5,7,0.8,0.7
2022-07-01T00:00:00,2608A,103.3772,23.3993,红河州,污水处理厂,,22,17,28,15,15,115,41,94,63,9,10,3,10,0.4,0.4
2022-07-01T00:00:00,2609A,103.3861,23.35,红河州,监测站,,19,19,30,11,16,117,46,92,55,6,11,4,10,0.5,0.5
2022-07-01T00:00:00,2610A,104.2533,23.3594,文山州,州水务局,,20,7,22,4,15,95,62,86,70,8,11,3,6,0.1,0.2
2022-07-01T00:00:00,2611A,104.2319,23.3892,文山州,市便民服务中心,,26,7,23,18,19,85,45,76,59,13,13,3,7,0.3,0.3
2022-07-01T00:00:00,2612A,100.7939,22.0019,西双版纳州,景洪市江南,,,29,24,,10,91,22,75,41,20,12,7,7,0.5,0.4
2022-07-01T00:00:00,2613A,100.8017,22.0225,西双版纳州,景洪市江北,,9,7,7,6,6,84,19,65,36,18,10,7,8,0.6,0.5
2022-07-01T00:00:00,2614A,100.1542,25.7054,大理州,大理市环境监测站,,40,40,38,14,10,98,13,85,49,31,22,3,4,0.6,0.6
2022-07-01T00:00:00,2615A,100.2171,25.5811,大理州,大理古城,,30,30,23,4,6,79,44,70,55,11,11,7,7,0.7,0.8
2022-07-01T00:00:00,2616A,98.5842,24.428,德宏州,德宏州监测站,,32,32,19,16,9,56,19,45,38,7,6,7,9,0.7,0.6
2022-07-01T00:00:00,2618A,98.8601,25.8567,怒江州,州监测站,,31,31,24,15,13,70,42,62,53,8,9,5,5,0.8,0.7
2022-07-01T00:00:00,2619A,98.8546,25.8417,怒江州,泸水一中,,32,32,24,22,9,64,17,50,32,12,10,5,5,0.4,0.3
2022-07-01T00:00:00,2621A,99.7056,27.8317,迪庆州,迪庆州站,,26,20,12,18,11,78,73,72,71,10,10,9,8,0.6,0.5
2022-07-01T00:00:00,2622A,97.1806,31.1273,昌都市,昌都监测站,,24,5,9,0,2,125,75,115,106,8,6,2,3,0.6,0.6
2022-07-01T00:00:00,2624A,91.7608,29.2313,山南市,山南监测站,颗粒物(PM10),111,172,49,42,13,144,103,138,131,8,11,6,6,0.3,0.3
2022-07-01T00:00:00,2625A,91.7706,29.2436,山南市,山南人民医院,,39,39,47,14,14,143,102,137,128,5,7,6,5,0.3,0.3
2022-07-01T00:00:00,2626A,88.8876,29.2718,日喀则市,日喀则监测站,,,17,19,7,6,133,133,125,123,7,6,4,5,,
2022-07-01T00:00:00,2628A,92.0657,31.4846,那曲地区,那曲监测站,,33,33,26,19,12,141,96,136,122,7,6,8,7,0.6,0.4
2022-07-01T00:00:00,2630A,80.1161,32.5,阿里地区,阿里监测站,,42,20,16,7,7,150,134,135,129,4,6,6,6,0.3,0.3
2022-07-01T00:00:00,2632A,94.3681,29.6376,林芝市,林芝监测站,,13,5,6,2,3,93,41,83,68,5,4,8,8,0.5,0.5
2022-07-01T00:00:00,2633A,94.3616,29.6616,林芝市,林芝人民医院,,12,10,8,6,5,101,38,88,67,6,6,9,9,0.4,0.4
2022-07-01T00:00:00,2634A,106.9893,33.1842,汉中市,汉川机床厂子校(对照点),,36,23,45,11,17,191,113,169,147,8,12,3,4,0.3,0.4
2022-07-01T00:00:00,2635A,107.0154,33.0706,汉中市,市监测站,,32,23,39,11,18,101,101,101,101,13,24,4,8,0.4,0.7
2022-07-01T00:00:00,2636A,107.0089,33.1138,汉中市,鑫源开发区,,30,7,35,15,16,206,94,180,136,19,16,4,5,0.3,0.5
2022-07-01T00:00:00,2637A,107.007,33.0323,汉中市,南郑大河坎水厂,,29,20,45,14,20,189,90,172,132,14,19,3,5,0.2,0.6
2022-07-01T00:00:00,2638A,109.7414,38.3344,榆林市,红石峡森林公园(对照点),颗粒物(PM10),62,73,32,22,15,179,6,162,106,100,39,9,10,0.4,0.4
2022-07-01T00:00:00,2639A,109.7456,38.2911,榆林市,世纪广场,颗粒物(PM10),60,70,39,23,16,172,6,159,110,104,38,7,9,0.9,0.6
2022-07-01T00:00:00,2640A,109.7289,38.2839,榆林市,实验中学,颗粒物(PM10),65,80,45,29,18,166,5,154,110,91,34,10,10,1.0,0.5
2022-07-01T00:00:00,2641A,109.7336,38.2478,榆林市,环保监测大楼,颗粒物(PM10),64,77,46,20,17,172,18,160,96,83,43,11,11,0.8,0.8
2022-07-01T00:00:00,2642A,109.0318,32.6537,安康市,香溪洞(对照点),,33,26,30,15,16,150,103,136,114,8,8,11,8,0.5,0.5
2022-07-01T00:00:00,2643A,109.0281,32.6939,安康市,安康市监测站,,33,30,37,15,16,155,105,139,115,6,10,4,9,0.3,0.4
2022-07-01T00:00:00,2644A,109.0072,32.6975,安康市,汉滨区检察院,,36,27,36,15,17,159,115,132,115,5,8,4,6,0.3,0.4
2022-07-01T00:00:00,2645A,109.9154,33.8715,商洛市,监测站,,36,21,36,14,16,169,115,135,110,12,12,13,12,0.5,0.4
2022-07-01T00:00:00,2647A,104.1724,36.5446,白银市,第三小学,,44,44,38,14,12,153,106,134,117,16,12,124,41,0.5,0.5
2022-07-01T00:00:00,2648A,104.1465,36.5482,白银市,动力公司,,38,38,32,21,12,150,82,135,113,33,16,29,22,0.4,0.4
2022-07-01T00:00:00,2649A,106.0055,34.343,天水市,麦积山(对照点),,,,,,,,,,,,,,,,
2022-07-01T00:00:00,2650A,105.7205,34.5786,天水市,公园小学,,47,47,37,13,12,165,56,138,92,28,21,8,6,0.4,0.3
2022-07-01T00:00:00,2651A,105.8945,34.5538,天水市,麦积国土局,,43,43,43,9,15,138,83,120,101,17,19,6,8,0.2,0.3
2022-07-01T00:00:00,2652A,102.6201,37.9251,武威市,监测站,,31,28,48,7,11,136,99,121,102,12,25,4,4,0.3,0.3
2022-07-01T00:00:00,2654A,100.4698,38.9524,张掖市,润泉湖,,25,20,55,7,18,120,78,112,97,20,18,5,6,0.3,0.3
2022-07-01T00:00:00,2655A,100.4154,38.9422,张掖市,区工会,,32,32,49,11,17,132,92,124,111,15,17,7,8,0.2,0.2
2022-07-01T00:00:00,2656A,106.6692,35.5461,平凉市,聚贤嘉苑,,33,33,26,22,12,192,101,168,133,55,31,5,6,0.6,0.5
2022-07-01T00:00:00,2657A,106.7021,35.5307,平凉市,博物馆,,,109,32,21,13,198,8,172,114,139,35,6,6,1.8,0.6
2022-07-01T00:00:00,2658A,98.5061,39.7443,酒泉市,仓门街子站,,36,36,70,19,21,150,84,134,116,31,16,14,10,0.9,0.5
2022-07-01T00:00:00,2659A,98.4989,39.7256,酒泉市,油田生活基地,,30,19,63,21,23,152,86,135,119,26,14,4,8,0.2,0.4
2022-07-01T00:00:00,2661A,107.6325,35.7357,庆阳市,庆阳五中,臭氧1小时,65,47,37,29,13,195,172,191,167,10,11,8,8,0.6,0.4
2022-07-01T00:00:00,2662A,107.6364,35.7067,庆阳市,市环保局,臭氧1小时,82,45,29,20,10,199,185,197,173,9,11,11,9,0.6,0.5
2022-07-01T00:00:00,2663A,104.6241,35.5734,定西市,东关小学,,34,34,47,10,13,144,96,138,126,21,21,4,7,0.2,0.2
2022-07-01T00:00:00,2664A,104.6194,35.5934,定西市,供电公司,,32,32,44,18,18,143,87,136,121,41,29,4,8,0.1,0.2
2022-07-01T00:00:00,2665A,105.0822,33.3261,陇南市,汉王镇固水子(对照点),,,,,,,,,,,,,,,,
2022-07-01T00:00:00,2667A,103.2069,35.5993,临夏回族自治州,环保局,颗粒物(PM10),61,72,45,33,20,168,55,155,118,45,20,5,8,0.6,0.5
2022-07-01T00:00:00,2668A,103.2417,35.6057,临夏回族自治州,建设大厦,颗粒物(PM10),57,63,41,29,18,162,48,152,104,52,20,6,7,0.1,0.1
2022-07-01T00:00:00,2669A,102.9099,34.9841,甘南州,州政府,,37,37,31,19,15,148,49,138,114,46,22,5,6,0.3,0.3
2022-07-01T00:00:00,2671A,100.9048,36.9639,海北藏族自治州,海晏县西海镇,,33,24,14,21,12,140,104,134,126,12,10,6,5,0.9,0.8
2022-07-01T00:00:00,2672A,102.0199,35.5102,黄南藏族自治州,同仁县隆务镇,,27,24,16,12,10,133,86,130,114,7,6,6,6,0.6,0.6
2022-07-01T00:00:00,2673A,100.6188,36.2866,海南藏族自治州,共和县恰卜恰镇,,42,28,22,15,13,147,134,141,135,9,11,8,9,0.7,0.6
2022-07-01T00:00:00,2674A,100.2561,34.4714,果洛藏族自治州,玛沁县大武镇,,45,19,18,21,14,152,142,144,142,10,11,11,11,0.2,0.2
2022-07-01T00:00:00,2675A,97,33.0014,玉树藏族自治州,玉树县结古镇,,40,8,11,4,4,150,128,142,134,2,5,10,10,0.3,0.3
2022-07-01T00:00:00,2676A,97.3731,37.3753,海西蒙古族藏族自治州,德令哈市,,35,13,10,13,12,159,110,155,129,8,5,4,10,0.3,0.3
2022-07-01T00:00:00,2677A,106.1532,37.9648,吴忠市,教育园区,,38,33,34,13,15,241,120,185,150,20,18,9,15,0.4,0.5
2022-07-01T00:00:00,2679A,106.1856,37.9956,吴忠市,新区二泵站,,34,33,37,12,13,231,108,188,142,28,23,4,14,0.5,0.5
2022-07-01T00:00:00,2680A,105.0025,37.4635,中卫市,沙坡头消防站(对照点),颗粒物(PM10),51,52,34,20,16,187,96,165,138,61,30,18,17,0.7,0.6
2022-07-01T00:00:00,2682A,105.1971,37.5002,中卫市,环保局站,颗粒物(PM10),58,65,37,23,16,178,97,163,138,37,21,23,14,0.5,0.4
2022-07-01T00:00:00,2683A,106.2319,36.1417,固原市,马园(对照点),,41,41,31,20,12,203,120,138,117,19,31,7,6,0.6,0.4
2022-07-01T00:00:00,2684A,106.2792,36.0022,固原市,监测站,,44,44,28,15,10,158,62,138,120,47,17,7,8,0.4,0.4
2022-07-01T00:00:00,2685A,106.2375,36.0211,固原市,新区,,,28,23,,11,153,100,138,123,20,28,5,4,0.5,0.4
2022-07-01T00:00:00,2686A,89.1904,42.9418,吐鲁番地区,市环保局,颗粒物(PM10),80,110,53,35,14,139,50,131,112,54,15,5,4,0.8,0.5
2022-07-01T00:00:00,2687A,89.1673,42.9559,吐鲁番地区,地区环保局,颗粒物(PM10),95,140,65,32,23,143,58,132,100,51,26,5,5,0.7,0.6
2022-07-01T00:00:00,2688A,93.5128,42.8172,哈密地区,地区监测站,颗粒物(PM10),82,114,58,35,18,129,71,123,100,42,13,6,5,0.6,0.3
2022-07-01T00:00:00,2689A,93.4961,42.8328,哈密地区,哈密师范学校,颗粒物(PM10),74,97,38,27,12,129,37,123,96,62,14,4,4,0.8,0.4
2022-07-01T00:00:00,2690A,88.1236,43.8886,昌吉州,天山天池(对照点),,30,30,10,18,5,132,81,125,107,8,5,6,6,0.5,0.5
2022-07-01T00:00:00,2692A,87.2717,44.0297,昌吉州,新区政务中心,颗粒物(PM10),53,55,41,29,13,181,112,155,144,11,24,6,6,0.3,0.4
2022-07-01T00:00:00,2693A,82.0485,44.8556,博尔塔拉蒙古自治州,市党校,颗粒物(PM10),56,61,33,35,15,118,109,110,108,4,5,3,4,0.3,0.3
2022-07-01T00:00:00,2694A,82.0806,44.8969,博尔塔拉蒙古自治州,市环保局,,,49,30,16,12,111,,102,96,,13,,2,,0.3
2022-07-01T00:00:00,2695A,80.292,41.1694,阿克苏地区,电视台,,,112,49,,13,160,68,152,136,50,18,2,2,0.9,0.5
2022-07-01T00:00:00,2696A,80.2613,41.1551,阿克苏地区,艺术中心,颗粒物(PM10),84,118,59,29,21,162,45,149,125,76,39,4,4,1.2,0.8
2022-07-01T00:00:00,2697A,76.1454,39.7142,克孜勒苏柯尔克孜自治州,市人民政府,,50,50,47,25,24,167,61,162,124,52,15,9,10,0.3,0.2
2022-07-01T00:00:00,2698A,76.0072,39.4467,喀什地区,巡警大队,颗粒物(PM10),62,73,84,32,31,169,66,164,141,82,45,16,11,1.2,1
2022-07-01T00:00:00,2699A,75.9755,39.4694,喀什地区,吾办,颗粒物(PM10),80,109,106,43,35,171,53,164,141,80,40,13,11,1.2,0.8
2022-07-01T00:00:00,2700A,75.9538,39.4682,喀什地区,市环境监测站,颗粒物(PM10),131,211,123,33,29,167,18,163,129,95,43,9,9,1.1,0.8
2022-07-01T00:00:00,2703A,81.2815,43.9404,伊犁哈萨克州,市环保局,颗粒物(PM10),166,282,79,37,17,157,126,136,127,8,19,5,8,0.3,0.4
2022-07-01T00:00:00,2704A,81.2996,43.9174,伊犁哈萨克州,新政府片区,颗粒物(PM10),96,141,54,21,15,149,124,133,125,6,15,7,10,0.4,0.5
2022-07-01T00:00:00,2705A,81.3364,43.941,伊犁哈萨克州,第二水厂,,,,69,,16,151,,133,127,,15,,10,,0.4
2022-07-01T00:00:00,2706A,82.9994,46.7432,塔城地区,东门外小游园,颗粒物(PM10),57,63,53,5,8,80,60,75,72,10,10,5,5,0.2,0.3
2022-07-01T00:00:00,2708A,88.1264,47.8517,阿勒泰地区,市站,颗粒物(PM10),63,75,43,14,8,119,115,111,106,3,9,2,3,0.5,0.5
2022-07-01T00:00:00,2709A,86.0497,44.2967,石河子市,艾青诗歌馆,颗粒物(PM10),187,324,58,68,16,125,95,123,117,5,12,9,9,0.5,0.4
2022-07-01T00:00:00,2710A,86.0697,44.3075,石河子市,阳光学校,颗粒物(PM10),203,352,61,56,14,128,93,125,117,14,16,6,7,0.4,0.4
2022-07-01T00:00:00,2711A,87.5475,44.1756,五家渠市,农水大厦,颗粒物(PM10),86,121,52,32,15,172,92,150,119,14,25,11,12,0.5,0.6
2022-07-01T00:00:00,2835A,101.7227,26.567,攀枝花市,四十中小,,32,24,23,11,11,118,11,105,70,64,31,12,18,1.7,1.3
2022-07-01T00:00:00,2842A,118.0936,24.5058,厦门市,湖里中学,,32,32,29,17,13,163,17,114,58,33,15,2,2,0.4,0.4
2022-07-01T00:00:00,2845A,113.1569,36.1911,长治市,德盛苑,,28,28,27,17,17,172,45,136,87,25,19,10,9,0.8,1
2022-07-01T00:00:00,2846A,113.3221,23.1322,广州市,体育西,,20,20,23,7,11,77,6,59,23,26,20,6,6,0.6,0.6
2022-07-01T00:00:00,2858A,117.7918,39.2474,天津市,河西一经路,,38,27,43,26,30,180,91,157,119,7,22,5,11,0.6,1.2
2022-07-01T00:00:00,2859A,117.3747,38.9846,天津市,津沽路,,30,25,48,18,34,146,93,138,118,8,19,7,10,0.5,1.2
2022-07-01T00:00:00,2860A,117.1589,39.0845,天津市,宾水西道,细颗粒物(PM2.5),57,50,49,40,36,140,76,123,109,15,18,5,6,1.1,1.3
2022-07-01T00:00:00,2862A,114.5481,38.0378,石家庄市,22中南校区,,36,15,21,8,15,154,115,148,134,15,11,5,3,0.2,0.2
2022-07-01T00:00:00,2865A,112.7195,37.6828,晋中市,榆次三中,颗粒物(PM10),64,78,46,17,25,152,117,147,134,9,10,6,4,0.5,0.4
2022-07-01T00:00:00,2867A,111.1283,37.51,吕梁市,马茂庄小学,颗粒物(PM10),53,55,38,10,8,167,70,141,124,58,27,6,6,0.7,0.5
2022-07-01T00:00:00,2868A,126.4739,43.953,吉林市,九站,,39,35,19,27,13,98,3,88,55,43,20,16,12,0.8,0.8
2022-07-01T00:00:00,2869A,119.447,32.4155,扬州市,五台山医院,,11,10,23,4,13,113,35,96,80,20,20,7,7,0.3,0.4
2022-07-01T00:00:00,2870A,119.4424,32.1873,镇江市,市疾控中心,,15,5,19,9,11,119,48,98,89,15,14,1,3,0.4,0.3
2022-07-01T00:00:00,2871A,121.6147,29.9017,宁波市,万里国际学校,,10,10,12,4,6,53,27,48,32,4,3,6,6,0.5,0.5
2022-07-01T00:00:00,2872A,120.7846,30.7525,嘉兴市,南湖区残联,,25,19,19,17,11,103,29,79,45,23,13,5,6,0.4,0.4
2022-07-01T00:00:00,2873A,120.0875,30.8955,湖州市,仁皇山新区,,21,21,20,2,6,120,22,77,42,24,20,4,4,0.4,0.5
2022-07-01T00:00:00,2875A,115.784,32.8892,阜阳市,阜阳职业技术学院,,43,10,30,1,11,187,135,175,150,4,9,5,6,0.4,0.4
2022-07-01T00:00:00,2877A,119.1641,36.6523,潍坊市,坊子邮政,,29,17,36,9,26,193,91,162,120,12,13,6,7,0.4,0.6
2022-07-01T00:00:00,2878A,116.0072,36.4343,聊城市,聊大东校,,27,24,22,17,16,159,86,142,126,19,15,7,8,0.7,0.8
2022-07-01T00:00:00,2880A,104.0219,30.6558,成都市,大石西路,,29,29,51,16,25,169,56,138,82,36,42,6,5,0.5,0.7
2022-07-01T00:00:00,2881A,107.8908,26.5311,黔东南苗族侗族自治州,凯里学院,,18,18,16,9,9,83,14,71,41,8,10,3,2,0.2,0.2
2022-07-01T00:00:00,2882A,102.5389,24.3703,玉溪市,玉溪一中,,30,30,39,13,17,125,66,118,99,21,19,6,7,0.6,0.8
2022-07-01T00:00:00,2883A,102.5381,24.3389,玉溪市,文体中心,颗粒物(PM10),60,70,40,11,19,130,64,125,101,19,17,11,10,0.6,0.9
2022-07-01T00:00:00,2884A,98.2672,39.7978,嘉峪关市,酒钢宾馆,,35,31,66,7,20,144,110,138,133,19,11,15,22,0.0,0.3
2022-07-01T00:00:00,2885A,104.9339,33.3826,陇南市,滨江中学,,39,39,33,17,12,134,52,121,88,32,18,15,15,0.5,0.4
2022-07-01T00:00:00,2894A,117.0566,32.6531,淮南市,经济技术开发区消防队,,32,14,28,8,12,133,102,126,120,3,6,4,4,0.3,0.4
2022-07-01T00:00:00,2897A,123.2444,41.7347,沈阳市,沈辽西路,,41,41,44,26,24,145,40,136,88,22,22,4,5,0.8,1
2022-07-01T00:00:00,2900A,123.5953,41.9086,沈阳市,裕农路,,39,39,39,25,23,149,38,124,76,18,23,8,8,1.3,1.1
2022-07-01T00:00:00,2902A,106.6351,30.4865,广安市,北辰小学,颗粒物(PM10),57,63,50,39,30,189,57,177,121,20,12,9,13,0.6,0.5
2022-07-01T00:00:00,2907A,120.1844,30.8596,湖州市,吴兴区站,,17,17,23,5,9,127,21,92,41,23,18,5,5,0.4,0.4
2022-07-01T00:00:00,2914A,106.7677,31.8794,巴中市,苏山坪(对照点),颗粒物(PM10),56,62,47,29,22,173,124,156,134,8,8,9,7,0.6,0.6
2022-07-01T00:00:00,2919A,116.7022,39.5453,廊坊市,河北工业大学,,37,25,34,23,22,165,116,158,140,19,23,5,6,0.6,0.5
2022-07-01T00:00:00,2920A,117.7116,24.506,漳州市,蓝田镇,,20,20,29,8,7,165,56,131,97,5,10,6,8,0.4,0.4
2022-07-01T00:00:00,2921A,120.5483,30.0003,绍兴市,树下王站,,12,12,12,3,3,60,24,43,34,13,10,4,4,0.5,0.5
2022-07-01T00:00:00,2922A,117.1941,39.1067,天津市,大理道,颗粒物(PM10),51,52,50,31,30,157,83,144,121,13,17,6,6,0.8,1.2
2022-07-01T00:00:00,2924A,106.2266,38.4418,银川市,水乡路,,36,23,21,12,12,157,113,151,143,28,21,11,6,0.6,0.5
2022-07-01T00:00:00,2925A,106.2757,38.4842,银川市,上海东路,,36,24,19,13,9,163,115,156,149,24,17,15,8,0.5,0.3
2022-07-01T00:00:00,2926A,106.1015,38.497,银川市,文昌北街,,42,42,44,18,18,157,98,153,142,42,22,8,8,0.6,0.7
2022-07-01T00:00:00,2929A,114.8858,30.4519,黄冈市,红卫路,,30,30,30,4,6,139,86,132,111,8,8,10,10,0.5,0.5
2022-07-01T00:00:00,2996A,118.283,33.965,宿迁市,市供电局,,28,28,38,10,17,160,70,139,97,20,16,4,5,0.5,0.5
2022-07-01T00:00:00,2997A,119.8767,32.3289,泰州市,王营,,13,13,30,7,15,139,27,118,74,25,26,7,7,0.8,0.7
2022-07-01T00:00:00,3000A,119.3581,34.6972,连云港市,德源药业,,25,25,35,14,19,164,73,135,91,14,22,3,3,0.5,0.6
2022-07-01T00:00:00,3002A,119.9805,31.8174,常州市,行政中心,,20,20,28,6,16,123,37,102,58,18,17,7,9,0.9,0.7
2022-07-01T00:00:00,3003A,120.0522,31.7748,常州市,经开区,,10,10,26,0,9,130,32,93,59,10,17,5,7,0.5,0.7
2022-07-01T00:00:00,3004A,120.1544,33.3663,盐城市,宝龙广场,,18,7,32,2,16,150,57,125,92,13,16,2,3,0.7,0.7
2022-07-01T00:00:00,3005A,117.1814,34.29,徐州市,鼓楼区政府,,,53,30,19,13,236,74,173,108,17,13,,7,0.3,0.3
2022-07-01T00:00:00,3006A,117.1694,34.1781,徐州市,铜山区招生办,,29,29,30,19,13,242,84,175,112,17,14,9,8,0.4,0.4
2022-07-01T00:00:00,3007A,119.178,34.844,连云港市,新城一中,,30,30,39,15,26,134,51,124,91,25,16,1,2,0.6,0.9
2022-07-01T00:00:00,3008A,119.3608,34.7519,连云港市,胡沟管理处,,29,24,30,9,17,123,90,114,98,8,13,1,2,0.6,0.8
2022-07-01T00:00:00,3009A,119.1478,34.5911,连云港市,矿山设计院,,29,29,41,19,23,142,71,129,100,13,13,3,3,0.7,0.6
2022-07-01T00:00:00,3010A,119.9025,31.7964,常州市,钟楼,,13,10,27,5,13,111,40,92,70,19,19,4,4,0.1,0.3
2022-07-01T00:00:00,3012A,112.1849,31.0362,荆门市,西山林语,,44,44,36,22,20,141,99,121,79,12,10,16,9,0.7,0.6
2022-07-01T00:00:00,3014A,106.4958,29.5346,重庆市,歇台子,,41,41,54,26,29,195,67,162,111,38,52,10,9,1.1,1
2022-07-01T00:00:00,3015A,106.4037,29.5728,重庆市,龙井湾,,41,38,42,19,19,270,130,227,161,19,27,4,7,0.7,0.8
2022-07-01T00:00:00,3016A,106.5507,29.4153,重庆市,龙洲湾,,42,42,38,20,20,280,91,195,83,16,25,5,4,0.6,0.6
2022-07-01T00:00:00,3018A,111.505,36.1014,临汾市,唐尧大酒店,,38,28,27,26,22,188,84,177,120,21,19,2,7,0.5,0.5
2022-07-01T00:00:00,3020A,117.2101,39.1699,天津市,中山北路,细颗粒物(PM2.5),70,76,54,51,33,180,81,165,136,17,17,9,9,1.0,1.3
2022-07-01T00:00:00,3021A,115,35.7668,濮阳市,濮水河管理处,,38,38,49,19,57,88,27,75,59,17,14,3,3,1.1,0.9
2022-07-01T00:00:00,3025A,113.0477,23.6344,清远市,技师学院,,19,19,23,9,11,59,3,48,13,23,14,4,4,0.4,0.4
2022-07-01T00:00:00,3026A,116.6183,23.6608,潮州市,市政府,,24,24,18,9,6,78,66,69,61,12,7,9,7,0.6,0.5
2022-07-01T00:00:00,3027A,104.72,29.3427,自贡市,青杠林路,,38,24,64,21,29,251,120,213,146,6,22,6,11,0.3,0.6
2022-07-01T00:00:00,3028A,104.776,29.3627,自贡市,檀木林体育馆,,39,32,59,12,29,222,124,200,154,12,26,5,12,0.4,0.6
2022-07-01T00:00:00,3033A,87.4651,43.4569,乌鲁木齐市,培训基地,,44,17,23,2,4,148,140,141,141,4,4,3,7,0.3,0.3
2022-07-01T00:00:00,3034A,113.1076,41.0385,乌兰察布市,光明街小学,,38,32,19,24,17,116,10,106,71,75,24,8,11,0.5,0.4
2022-07-01T00:00:00,3035A,122.0931,46.0707,兴安盟,北滨河,颗粒物(PM10),51,51,30,18,17,109,7,101,51,35,19,3,4,0.5,0.5
2022-07-01T00:00:00,3036A,118.6904,37.4338,东营市,开发区管委会,,40,12,39,9,30,147,126,132,126,3,3,5,3,0.4,0.4
2022-07-01T00:00:00,3038A,103.3758,23.368,红河州,州图书馆,,30,19,30,21,17,121,47,94,60,6,10,2,7,0.4,0.5
2022-07-01T00:00:00,3039A,111.1911,34.7829,三门峡市,三门峡市第一小学,细颗粒物(PM2.5),59,56,55,42,29,203,157,195,186,11,10,5,5,0.5,0.6
2022-07-01T00:00:00,3045A,109.9643,33.8471,商洛市,商州区中学,,35,12,38,17,23,168,112,142,116,21,23,6,7,0.3,0.4
2022-07-01T00:00:00,3046A,115.9084,28.6062,南昌市,机电学校,,39,39,39,13,22,113,35,90,63,22,20,5,6,0.8,0.8
2022-07-01T00:00:00,3048A,119.5799,26.0936,福州市,九龙,,20,20,21,7,10,75,35,58,39,2,3,2,2,0.2,0.2
2022-07-01T00:00:00,3051A,117.3876,39.1488,天津市,西四道,,47,47,48,18,23,156,52,143,103,35,23,5,6,0.9,1.2
2022-07-01T00:00:00,3054A,113.9194,35.2847,新乡市,市委党校,细颗粒物(PM2.5),52,46,33,36,32,145,109,136,128,13,13,3,4,1.0,1.1
2022-07-01T00:00:00,3055A,101.7775,36.6428,西宁市,城北区政府,,29,12,18,11,10,150,92,140,126,24,20,12,25,0.5,0.7
2022-07-01T00:00:00,3057A,121.5992,37.4014,烟台市,牟平检察院,,41,5,26,4,19,134,130,122,122,4,7,5,6,0.3,0.5
2022-07-01T00:00:00,3058A,119.2658,42.0353,赤峰市,银河街,,36,36,27,21,14,126,63,114,86,16,15,15,13,0.9,0.8
2022-07-01T00:00:00,3059A,117.7161,36.2049,济南市,泰兴公司,,31,16,28,13,15,171,98,152,121,28,24,5,6,0.5,0.5
2022-07-01T00:00:00,3061A,119.7512,49.1577,呼伦贝尔市,国华电力东,,33,28,24,23,16,105,59,100,80,5,7,2,2,0.3,0.2
2022-07-01T00:00:00,3064A,117.6867,36.2171,济南市,莱芜战役纪念馆,,31,24,32,7,17,173,98,152,119,18,15,7,8,0.9,1
2022-07-01T00:00:00,3065A,101.9533,29.9972,甘孜藏族自治州,州环保局,,25,13,14,7,4,111,2,93,44,49,34,7,6,0.5,0.2
2022-07-01T00:00:00,3066A,116.2721,37.4379,德州市,九衢泉纯净水厂,,42,29,31,29,27,144,32,129,60,32,17,6,8,0.8,0.7
2022-07-01T00:00:00,3109A,115.0093,25.8613,赣州市,赣县区卫计委,,36,36,24,5,6,62,9,49,18,26,14,8,8,1.0,0.9
2022-07-01T00:00:00,3122A,105.9606,26.2611,安顺市,伍家关(对照点),,,,,,,,,,,,,,,,
2022-07-01T00:00:00,3123A,105.9408,26.2431,安顺市,凤凰山,,21,15,29,12,21,130,65,118,100,5,6,11,9,0.5,0.5
2022-07-01T00:00:00,3124A,105.9439,26.2564,安顺市,金钟山,,20,15,29,10,21,125,61,114,96,3,5,8,8,0.2,0.3
2022-07-01T00:00:00,3125A,105.8983,26.2481,安顺市,娄家坡,,20,15,39,14,26,123,63,113,90,4,6,8,8,0.4,0.5
2022-07-01T00:00:00,3128A,92.0506,31.4797,那曲地区,那曲会议中心,,32,14,16,8,7,135,100,131,120,6,8,6,7,0.3,0.4
2022-07-01T00:00:00,3131A,114.879,40.7993,张家口市,烟厂,,28,28,28,15,9,150,60,128,101,13,12,3,4,0.4,0.4
2022-07-01T00:00:00,3132A,119.610547,39.943889,秦皇岛市,文明里,颗粒物(PM10),54,57,33,18,12,128,102,121,117,11,12,8,7,0.4,0.3
2022-07-01T00:00:00,3133A,106.5468,29.5654,重庆市,上清寺,,38,38,38,18,18,272,74,212,125,45,58,12,10,0.8,0.9
2022-07-01T00:00:00,3134A,113.8172,34.0339,许昌市,市一中,颗粒物(PM10),55,59,32,34,12,195,117,185,163,15,12,4,5,0.5,0.5
2022-07-01T00:00:00,3136A,104.2725,30.5589,成都市,龙泉驿区区政府,,27,21,44,11,23,146,84,136,117,17,19,8,9,0.5,0.6
2022-07-01T00:00:00,3137A,103.8578,30.0744,眉山市,市委党校,,24,11,19,11,22,115,74,96,89,20,35,6,8,0.6,0.7
2022-07-01T00:00:00,3138A,111.7153,29.0289,常德市,武陵区永安,细颗粒物(PM2.5),59,57,42,42,30,152,110,141,121,7,8,2,2,0.4,0.4
2022-07-01T00:00:00,3139A,111.6892,28.9881,常德市,鼎城区玉霞,,40,23,38,28,27,153,89,139,123,8,7,4,6,0.9,0.7
2022-07-01T00:00:00,3140A,111.6625,29.0531,常德市,武陵区长庚,,,42,38,30,25,162,,148,142,6,5,5,6,0.7,0.7
2022-07-01T00:00:00,3141A,114.3922,36.0878,安阳市,信访局,,,66,44,,,157,127,145,141,17,17,1,2,1.0,0.7
2022-07-01T00:00:00,3147A,114.3438,34.8106,开封市,龙亭公园,,,,42,,17,173,97,161,132,,9,3,4,0.7,0.6
2022-07-01T00:00:00,3148A,103.8291,30.0564,眉山市,区人社局,,26,26,31,5,16,117,81,99,92,21,37,6,8,0.4,0.5
2022-07-01T00:00:00,3149A,115.0235,30.1578,黄石市,笔架山北路,,35,35,28,7,5,155,75,136,109,9,15,7,8,0.7,0.7
2022-07-01T00:00:00,3151A,114.375,27.8097,宜春市,宜春学院北校区,细颗粒物(PM2.5),67,60,37,48,23,98,65,88,86,10,10,13,8,0.9,0.9
2022-07-01T00:00:00,3153A,114.3877,30.4908,武汉市,民族大道182号,颗粒物(PM10),54,58,40,15,16,177,72,164,130,24,22,4,5,0.8,0.9
2022-07-01T00:00:00,3164A,119.4686,32.3942,扬州市,广陵建设局,,12,12,23,4,13,114,34,95,80,17,18,8,8,0.4,0.5
2022-07-01T00:00:00,3165A,108.6594,34.2969,咸阳市,两寺渡,颗粒物(PM10),53,56,59,27,23,256,109,239,190,26,18,5,6,0.7,0.7
2022-07-01T00:00:00,3169A,113.2725,35.2067,焦作市,太极体育中心(启用180720),颗粒物(PM10),59,67,35,30,19,170,92,154,127,17,9,13,5,0.6,0.3
2022-07-01T00:00:00,3170A,102.1864,38.5253,金昌市,市委党校,,,,,,,138,98,131,114,13,13,14,22,0.5,0.5
2022-07-01T00:00:00,3171A,115.6071,34.4465,商丘市,梁园区档案局,,,27,48,,22,186,108,178,152,18,13,3,3,0.5,0.5
2022-07-01T00:00:00,3173A,117.0598,30.5351,安庆市,市人大,,9,8,14,6,10,95,19,81,56,18,15,5,4,0.5,0.5
2022-07-01T00:00:00,3178A,119.0587,36.721,潍坊市,潍坊七中,,31,9,36,9,23,191,98,160,116,7,16,3,4,0.5,0.7
2022-07-01T00:00:00,3179A,102.7494,25.0119,昆明市,官渡区博物馆,,44,44,45,22,14,152,70,139,105,29,27,11,9,0.4,0.5
2022-07-01T00:00:00,3180A,99.7136,27.8094,迪庆州,质量技术监督局,,25,14,13,11,10,85,78,79,76,8,8,8,8,0.6,0.5
2022-07-01T00:00:00,3182A,106.7656,31.8545,巴中市,丽阳花园,颗粒物(PM10),51,52,44,31,26,173,62,160,104,25,21,4,4,0.5,0.5
2022-07-01T00:00:00,3183A,106.7418,31.8654,巴中市,圣泉水务公司,,44,44,38,29,25,181,64,165,106,24,17,4,5,0.5,0.5
2022-07-01T00:00:00,3185A,112.5628,37.8964,太原市,巨轮,,34,34,45,22,28,159,107,144,102,18,34,6,7,0.5,0.6
2022-07-01T00:00:00,3186A,103.7158,36.1058,兰州市,教育港,,44,44,55,28,24,175,112,162,132,12,35,3,12,0.3,0.5
2022-07-01T00:00:00,3187A,116.9509,33.666,宿州市,远航博物馆,,27,18,33,4,15,171,86,152,134,5,5,2,3,0.3,0.4
2022-07-01T00:00:00,3188A,115.6683,37.7217,衡水市,市城管局,,,,72,15,20,156,81,142,105,14,12,10,12,0.7,0.7
2022-07-01T00:00:00,3190A,116.0254,29.6994,九江市,外国语学校,,20,15,16,14,12,93,48,79,64,12,16,11,6,0.7,0.7
2022-07-01T00:00:00,3191A,118.3225,33.9447,宿迁市,宿豫区政府,,25,25,29,14,19,150,58,129,95,23,15,3,4,0.5,0.5
2022-07-01T00:00:00,3192A,80.0903,32.5028,阿里地区,阿里藏医院,,,,19,15,6,147,134,135,130,3,4,7,7,0.3,0.3
2022-07-01T00:00:00,3194A,112.2747,30.3122,荆州市,管委会,,39,37,38,27,21,155,110,133,113,11,11,7,8,0.5,0.5
2022-07-01T00:00:00,3195A,119.3633,32.3972,扬州市,市体育局,,15,12,26,2,11,142,46,96,80,14,14,9,9,0.3,0.4
2022-07-01T00:00:00,3200A,115.9819,36.4978,聊城市,监控中心,,23,23,21,8,12,160,64,146,123,36,17,10,11,0.6,0.6
2022-07-01T00:00:00,3201A,102.6486,37.9325,武威市,东关招商场,,34,23,60,9,13,139,108,125,111,7,17,4,5,0.2,0.3
2022-07-01T00:00:00,3204A,113.3025,33.73,平顶山市,规划局,细颗粒物(PM2.5),55,33,29,39,17,197,132,186,152,11,11,3,6,0.6,0.6
2022-07-01T00:00:00,3206A,114.9149,27.807,新余市,新钢沁园村,颗粒物(PM10),53,55,38,31,18,86,61,78,75,21,12,15,10,0.6,0.5
2022-07-01T00:00:00,3207A,118.3118,32.3038,滁州市,市政府原办公楼,,17,14,23,5,12,116,52,102,81,17,16,13,12,0.5,0.4
2022-07-01T00:00:00,3208A,112.7283,38.4153,忻州市,市政府,,46,46,34,28,23,153,52,134,92,35,19,12,13,0.5,0.5
2022-07-01T00:00:00,3209A,119.5231,26.6562,宁德市,宁德一中,,20,20,32,4,9,78,14,58,28,17,10,6,6,0.4,0.4
2022-07-01T00:00:00,3210A,114.3644,34.7964,开封市,汴京公园,,30,27,34,21,16,170,94,154,132,14,8,3,4,0.5,0.4
2022-07-01T00:00:00,3216A,114.6622,24.5183,漳州市,漳州党校,,20,14,26,5,15,163,64,132,110,8,12,4,7,0.4,0.5
2022-07-01T00:00:00,3237A,117.4918,30.6617,池州市,展览馆,,10,10,11,5,7,79,23,62,40,5,5,4,4,0.5,0.4
2022-07-01T00:00:00,3239A,125.0764,42.9078,辽源市,银鹰制药,,37,37,20,15,12,127,8,112,59,36,13,6,6,0.7,0.6
2022-07-01T00:00:00,3241A,103.7439,36.0842,兰州市,百合公园,,39,39,46,24,28,136,95,131,109,28,33,14,19,0.5,0.3
2022-07-01T00:00:00,3242A,103.9611,35.998,兰州市,和平,,42,37,45,6,20,178,134,159,138,10,24,9,19,0.4,0.6
2022-07-01T00:00:00,3245A,103.6633,36.533,兰州新区,新区管委会,颗粒物(PM10),54,57,74,16,20,155,103,149,133,16,21,9,10,0.4,0.5
2022-07-01T00:00:00,3246A,103.6975,36.4789,兰州新区,舟曲中学,,33,29,64,5,9,151,103,144,128,18,21,6,12,0.4,0.5
2022-07-01T00:00:00,3247A,104.955,33.371,陇南市,市总工会,,33,33,27,7,6,134,91,123,106,7,8,6,7,0.0,0.1
2022-07-01T00:00:00,3248A,98.2643,39.7724,嘉峪关市,雄关区,,38,38,54,8,15,134,105,129,121,20,13,11,17,0.3,0.4
2022-07-01T00:00:00,3265A,121.4316,31.3322,上海市,宝山庙行,,18,18,20,6,9,89,19,66,31,12,12,4,4,0.3,0.3
2022-07-01T00:00:00,3266A,121.8791,31.4662,上海市,崇明上实东滩,,15,15,18,5,7,94,35,78,48,17,14,9,8,0.6,0.6
2022-07-01T00:00:00,3268A,121.3162,31.2838,上海市,嘉定南翔,,22,22,23,7,8,103,19,75,26,13,17,4,4,0.3,0.3
2022-07-01T00:00:00,3269A,121.3359,30.7456,上海市,金山新城,,14,14,16,7,6,91,26,73,36,18,12,7,6,0.6,0.6
2022-07-01T00:00:00,3270A,121.4996,31.0739,上海市,闵行浦江,,12,11,16,8,8,86,17,71,29,15,10,3,3,0.2,0.3
2022-07-01T00:00:00,3271A,121.2886,31.1663,上海市,青浦徐泾,,16,10,15,11,11,95,21,73,26,11,13,4,4,0.3,0.3
2022-07-01T00:00:00,3272A,121.2186,31.0378,上海市,松江图书馆,,,10,15,,8,135,23,118,50,21,15,3,3,0.5,0.6
2022-07-01T00:00:00,3273A,121.3902,31.2059,上海市,长宁仙霞,,18,18,22,5,8,91,19,68,29,16,16,8,7,0.5,0.5
2022-07-01T00:00:00,3274A,121.7965,31.0507,上海市,浦东惠南,,18,18,27,5,7,91,20,71,30,17,13,4,5,0.6,0.6
2022-07-01T00:00:00,3281A,115.9718,40.4529,北京市,延庆夏都,,48,48,18,25,10,122,92,107,105,12,7,3,3,0.4,0.3
2022-07-01T00:00:00,3282A,113.3397,40.0597,大同市,大同市卫生学校,,32,32,23,9,9,126,75,110,68,16,20,12,12,0.5,0.6
2022-07-01T00:00:00,3283A,109.9154,40.5685,包头市,滨河大厦,颗粒物(PM10),53,56,37,20,19,187,88,172,140,47,35,33,21,0.6,1.1
2022-07-01T00:00:00,3284A,106.813,39.7274,乌海市,海北新区,,35,15,36,3,8,152,109,140,117,14,19,9,9,0.2,0.5
2022-07-01T00:00:00,3285A,113.1376,40.9509,乌兰察布市,北京八中,,40,40,30,12,6,125,1,112,46,68,23,15,14,0.7,0.5
2022-07-01T00:00:00,3286A,118.9359,42.3147,赤峰市,桥北物流园区,,34,34,20,13,8,133,19,127,79,47,24,12,9,0.7,0.5
2022-07-01T00:00:00,3287A,119.3842,32.1976,镇江市,富润路1号,,14,7,18,6,15,106,42,93,84,14,15,4,6,0.2,0.4
2022-07-01T00:00:00,3288A,117.4754,34.4422,徐州市,大泉街道,,30,27,25,10,15,203,93,171,118,10,9,11,10,0.2,0.3
2022-07-01T00:00:00,3289A,120.743,31.3188,苏州市,方洲路,,15,12,18,10,11,117,23,74,35,17,15,4,5,0.4,0.4
2022-07-01T00:00:00,3290A,120.5031,31.2774,苏州市,木渎中学,,18,13,16,12,13,133,16,94,35,31,17,7,6,0.7,0.6
2022-07-01T00:00:00,3291A,121.067,32.062,南通市,通州监测站,,13,12,18,9,11,118,35,84,49,14,18,4,5,0.6,0.6
2022-07-01T00:00:00,3293A,120.1501,33.3367,盐城市,月亮广场,,17,2,31,6,19,157,53,122,90,12,10,6,5,0.5,0.4
2022-07-01T00:00:00,3294A,119.5653,32.4222,扬州市,引江管理处,,15,6,24,7,15,135,46,115,90,14,14,7,6,0.5,0.7
2022-07-01T00:00:00,3295A,120.1259,32.5099,泰州市,姜堰区政府广场,,15,15,31,8,18,109,34,89,66,24,28,5,7,0.5,0.6
2022-07-01T00:00:00,3298A,113.5717,23.5491,广州市,从化街口,,19,19,11,8,5,48,3,39,14,19,11,8,8,0.5,0.4
2022-07-01T00:00:00,3299A,113.3472,23.3692,广州市,白云竹料,,16,16,22,6,9,46,9,37,13,18,17,4,5,0.4,0.4
2022-07-01T00:00:00,3300A,113.2981,23.237,广州市,白云嘉禾,,32,32,25,8,7,64,6,51,14,26,23,6,6,0.7,0.6
2022-07-01T00:00:00,3301A,113.4256,23.1716,广州市,黄埔科学城,,20,20,19,9,7,101,4,67,17,16,9,8,8,0.7,0.8
2022-07-01T00:00:00,3302A,113.3942,23.0483,广州市,番禺大学城,,21,21,24,11,10,83,15,54,23,31,26,7,5,0.6,0.5
2022-07-01T00:00:00,3303A,113.4922,22.8168,广州市,南沙黄阁,,17,17,23,10,10,69,16,43,19,26,27,6,7,0.7,0.8
2022-07-01T00:00:00,3304A,113.5342,22.7896,广州市,南沙街,,12,12,18,5,7,81,32,48,29,14,19,7,8,0.6,0.4
2022-07-01T00:00:00,3305A,114.0731,22.559,深圳市,莲花,,12,12,13,3,5,38,22,26,26,8,10,5,6,0.6,0.6
2022-07-01T00:00:00,3306A,114.0261,22.6198,深圳市,民治,,10,10,15,3,5,41,28,32,27,18,15,2,4,0.4,0.4
2022-07-01T00:00:00,3307A,114.1871,22.6451,深圳市,横岗,,10,10,15,5,7,49,28,39,34,14,13,5,5,0.6,0.6
2022-07-01T00:00:00,3308A,113.3494,22.0569,珠海市,金湾,,15,15,17,6,6,57,23,47,27,19,13,5,5,0.4,0.4
2022-07-01T00:00:00,3311A,113.1075,22.5647,江门市,江海富民,,24,24,26,7,11,59,13,42,22,29,25,6,6,0.4,0.4
2022-07-01T00:00:00,3313A,112.4575,23.0166,肇庆市,高要湖西,,12,12,24,6,9,104,15,81,46,24,21,6,9,0.9,0.9
2022-07-01T00:00:00,3314A,114.4338,22.8134,惠州市,惠阳秋长,,12,7,11,0,1,46,36,42,41,4,7,3,3,0.3,0.4
2022-07-01T00:00:00,3315A,116.1233,24.2991,梅州市,梅龙,,13,9,9,9,7,50,20,45,32,9,5,7,6,0.5,0.4
2022-07-01T00:00:00,3317A,111.9765,21.8947,阳江市,两阳中学,,11,4,7,5,6,69,11,56,32,22,15,6,6,0.4,0.4
2022-07-01T00:00:00,3318A,112.9903,23.7403,清远市,清新太和,,6,4,9,3,5,53,18,50,22,3,4,2,2,0.6,0.6
2022-07-01T00:00:00,3319A,113.7338,23.0381,东莞市,万江金泰,,10,10,11,5,6,68,29,52,35,14,13,4,4,0.6,0.6
2022-07-01T00:00:00,3320A,116.403,23.5699,揭阳市,曲溪,,31,31,18,20,9,80,37,67,53,19,8,10,4,0.5,0.4
2022-07-01T00:00:00,3323A,115.2773,40.9724,张家口市,青少年活动中心,,22,12,14,15,6,114,43,109,70,3,4,4,4,0.2,0.2
2022-07-01T00:00:00,3324A,116.8136,38.3004,沧州市,河北水利电力学院,,50,50,48,35,28,165,43,138,66,24,19,10,11,0.5,0.5
2022-07-01T00:00:00,3325A,117.0365,39.3828,天津市,雍阳西道,细颗粒物(PM2.5),58,60,42,41,29,190,103,173,149,20,17,5,7,0.8,0.9
2022-07-01T00:00:00,3326A,117.0296,39.0605,天津市,辛老路,,37,37,35,22,22,169,84,143,119,14,20,6,7,0.8,1
2022-07-01T00:00:00,3327A,116.9638,38.9375,天津市,地纬路,,35,35,39,19,23,164,94,138,106,12,22,9,9,0.5,0.8
2022-07-01T00:00:00,3328A,118.4209,31.3707,芜湖市,市气象局,,11,11,14,4,8,82,32,70,55,22,13,8,8,0.4,0.5
2022-07-01T00:00:00,3329A,117.0108,32.5893,淮南市,山南新区,,32,1,25,7,8,137,102,125,122,4,5,8,10,0.2,0.3
2022-07-01T00:00:00,3330A,116.8873,33.9836,淮北市,杜集区检察院,,33,17,31,8,17,214,104,166,126,9,10,4,5,0.5,0.5
2022-07-01T00:00:00,3331A,118.3267,32.2634,滁州市,图书馆,,20,20,26,5,11,124,54,107,84,14,12,10,11,0.7,0.6
2022-07-01T00:00:00,3332A,115.7633,33.8034,亳州市,亳州学院,,38,17,25,11,12,197,120,180,151,7,8,4,5,0.5,0.6
2022-07-01T00:00:00,3333A,117.5627,30.695,池州市,第八中学,,16,16,14,6,6,89,11,64,36,11,5,3,3,0.4,0.4
2022-07-01T00:00:00,3334A,117.5038,30.6243,池州市,第十二中学,,14,14,9,6,8,68,7,57,30,16,11,2,2,0.6,0.6
2022-07-01T00:00:00,3335A,113.3137,35.2641,焦作市,马村街道办(新增191226),,46,46,27,24,17,162,82,144,116,16,9,8,8,0.9,0.6
2022-07-01T00:00:00,3336A,113.2465,35.2373,焦作市,焦作技师学院(新增200110),细颗粒物(PM2.5),53,41,32,37,31,159,89,145,117,16,11,5,4,0.9,0.7
2022-07-01T00:00:00,3337A,113.8614,34.0442,许昌市,许昌学院,细颗粒物(PM2.5),73,59,35,53,14,190,104,180,153,14,11,2,3,0.7,0.6
2022-07-01T00:00:00,3338A,113.843,34.0823,许昌市,芙蓉广场,颗粒物(PM10),53,56,35,30,14,190,106,180,154,11,10,3,2,0.6,0.5
2022-07-01T00:00:00,3339A,114.0012,33.0412,驻马店市,小管楼,颗粒物(PM10),56,62,36,27,13,176,75,162,133,37,14,5,5,0.4,0.4
2022-07-01T00:00:00,3340A,112.6005,34.6326,洛阳市,伊滨,,48,48,37,25,17,158,96,151,133,9,8,6,6,0.7,0.6
2022-07-01T00:00:00,3341A,112.4951,34.6332,洛阳市,中移产业园,,37,35,33,21,13,187,118,178,157,12,8,9,9,0.6,0.5
2022-07-01T00:00:00,3342A,128.4741,47.4346,伊春市,中心小学,,23,23,15,9,7,91,9,86,45,18,8,5,6,0.1,0.2
2022-07-01T00:00:00,3343A,128.6871,47.7369,伊春市,检察院,,29,29,16,11,8,102,8,86,42,12,8,2,3,0.4,0.3
2022-07-01T00:00:00,3344A,128.8431,47.8474,伊春市,双子河社区,,38,38,21,19,10,81,4,71,33,18,12,6,6,0.1,0.1
2022-07-01T00:00:00,3345A,131.0577,45.7879,七台河市,中波台,,13,1,7,9,9,56,33,46,38,18,17,10,10,0.4,0.4
2022-07-01T00:00:00,3346A,108.3872,31.1628,重庆市,安康,,35,35,34,16,22,154,60,138,99,18,15,12,13,0.6,0.6
2022-07-01T00:00:00,3347A,105.9017,29.3569,重庆市,北山路,,27,16,40,3,15,169,84,146,119,18,22,3,7,0.1,0.3
2022-07-01T00:00:00,3348A,105.839,30.1946,重庆市,春阳街,,48,48,54,32,32,154,82,143,125,15,15,6,6,0.6,0.7
2022-07-01T00:00:00,3349A,107.7983,30.6758,重庆市,人民东路,,46,41,47,32,26,173,80,155,88,23,18,10,9,0.7,0.7
2022-07-01T00:00:00,3350A,106.6479,29.0244,重庆市,滩子口,,32,32,33,10,17,158,31,134,80,25,20,10,9,0.8,0.7
2022-07-01T00:00:00,3351A,105.7167,29.7076,重庆市,棠香,,40,32,55,20,33,176,126,169,141,10,15,10,15,0.3,0.5
2022-07-01T00:00:00,3352A,107.0732,29.8617,重庆市,桃源西路,,30,25,33,21,33,153,90,146,114,13,18,10,9,0.4,0.7
2022-07-01T00:00:00,3353A,107.3535,29.7287,重庆市,迎宾大道,,40,40,40,26,29,163,35,146,81,39,24,5,6,0.4,0.5
2022-07-01T00:00:00,3354A,108.815,29.5081,重庆市,舟白,,,,28,,16,123,,107,96,,9,,9,,0.5
2022-07-01T00:00:00,3355A,108.3679,30.8426,重庆市,周家坝,,36,36,35,21,18,166,32,150,92,46,32,8,8,0.9,0.7
2022-07-01T00:00:00,3356A,108.4319,30.7555,重庆市,百安坝,,31,31,41,18,23,160,82,150,114,15,23,12,13,0.5,0.6
2022-07-01T00:00:00,3357A,104.0106,30.6931,成都市,金博路,,18,17,51,7,24,198,57,146,86,34,44,2,2,0.4,0.7
2022-07-01T00:00:00,3358A,103.8458,30.6994,成都市,临江路,,25,25,43,15,22,161,72,138,89,17,27,2,4,0.3,0.5
2022-07-01T00:00:00,3359A,104.0578,30.5225,成都市,华阳,,28,22,43,19,29,131,72,114,94,14,30,5,4,0.4,0.6
2022-07-01T00:00:00,3360A,104.7894,29.3194,自贡市,南湖救助站,,42,42,56,19,28,241,121,212,143,17,30,11,10,0.4,0.6
2022-07-01T00:00:00,3361A,103.7311,29.5628,乐山市,理工大学,,28,28,42,17,27,183,61,137,71,17,21,8,10,0.5,1.2
2022-07-01T00:00:00,3362A,120.5014,36.4034,青岛市,即墨2号,,41,26,33,8,15,131,129,122,122,5,10,4,5,0.3,0.4
2022-07-01T00:00:00,3363A,117.9883,36.8372,淄博市,新区,,44,44,55,29,36,185,51,165,115,41,32,8,8,0.7,0.7
2022-07-01T00:00:00,3364A,117.3152,34.8103,枣庄市,市环保局,,41,17,27,12,15,247,130,213,152,10,12,10,10,0.4,0.4
2022-07-01T00:00:00,3365A,118.5719,37.565,东营市,垦利区民丰路,,24,24,39,14,27,116,76,113,101,17,8,4,4,0.9,0.9
2022-07-01T00:00:00,3366A,121.5206,37.4336,烟台市,中国农业大学,,38,9,31,0,16,126,120,113,113,6,7,3,4,0.2,0.3
2022-07-01T00:00:00,3368A,119.1977,36.6872,潍坊市,高新实验学校,,28,24,36,6,20,174,88,155,118,11,12,6,8,0.4,0.5
2022-07-01T00:00:00,3370A,118.3564,35.0215,临沂市,十里堡居委,,29,17,23,14,17,208,90,171,107,12,14,4,5,0.6,0.8
2022-07-01T00:00:00,3371A,116.3728,37.4403,德州市,开发区人民医院,,36,34,28,25,20,147,42,132,83,40,20,8,9,0.8,0.7
2022-07-01T00:00:00,3372A,116.3572,37.4094,德州市,太阳城中学,,43,25,28,30,27,150,28,138,77,38,15,7,9,0.8,0.7
2022-07-01T00:00:00,3374A,115.5564,35.0891,菏泽市,定陶老年大学,,41,41,36,22,19,176,111,162,146,19,17,4,6,0.6,0.6
2022-07-01T00:00:00,3375A,102.8017,24.8336,昆明市,青年创业园,,30,30,34,14,22,139,94,131,105,8,18,6,7,0.4,0.5
2022-07-01T00:00:00,3376A,103.7947,25.462,曲靖市,南苑二区,颗粒物(PM10),51,51,44,17,18,144,84,136,104,9,9,7,10,0.5,0.6
2022-07-01T00:00:00,3377A,103.7444,25.5261,曲靖市,曲靖师范学院,,34,34,43,23,23,143,98,133,108,9,14,4,7,0.5,0.5
2022-07-01T00:00:00,3378A,122.371,40.6771,营口市,老边实验中学,,45,36,47,31,38,147,38,125,51,20,23,3,7,1.0,1.1
2022-07-01T00:00:00,3379A,122.1139,40.2278,营口市,鲅鱼圈市民活动中心,,24,8,48,2,14,138,75,110,76,6,22,3,5,0.4,0.6
2022-07-01T00:00:00,3380A,102.8914,34.9617,甘南州,甘肃民族师范学院,,30,30,20,4,6,143,29,139,102,53,23,3,5,0.2,0.3
2022-07-01T00:00:00,3396A,112.0828,32.0067,襄阳市,襄城隆中路,,,,59,41,16,153,91,145,122,13,12,10,13,0.7,0.6
2022-07-01T00:00:00,3397A,112.1214,32.1008,襄阳市,高新台子湾,,50,44,30,35,24,153,92,149,124,14,11,4,5,0.9,0.7
2022-07-01T00:00:00,3398A,114.9136,30.4445,黄冈市,市林业局,,36,36,30,12,7,131,74,128,102,5,7,8,10,0.5,0.5
2022-07-01T00:00:00,3399A,112.6703,26.882,衡阳市,师范学院,,26,26,23,14,15,112,27,101,62,12,9,5,7,0.5,0.5
2022-07-01T00:00:00,3400A,109.1911,21.4415,北海市,龙潭自来水厂,,25,25,27,16,19,77,32,59,48,14,7,8,6,0.5,0.4
2022-07-01T00:00:00,3401A,108.4834,22.7618,南宁市,红星社区,,29,28,27,20,20,102,66,89,65,12,14,6,6,0.6,0.5
2022-07-01T00:00:00,3402A,109.5422,24.3996,柳州市,市二中,,16,16,23,11,12,81,36,77,69,20,8,9,10,0.6,0.6
2022-07-01T00:00:00,3403A,110.1764,25.2381,桂林市,创业大厦,,21,12,25,12,18,132,66,112,84,7,13,8,14,0.4,0.5
2022-07-01T00:00:00,3404A,108.5959,21.9633,钦州市,北职校,,19,14,20,13,14,95,55,78,76,8,6,7,7,0.6,0.5
2022-07-01T00:00:00,3405A,109.5886,23.1172,贵港市,新世纪学校,,24,24,18,8,8,92,47,82,73,15,10,6,6,0.6,0.6
2022-07-01T00:00:00,3406A,106.6085,23.8798,百色市,祈福高中,,21,21,28,5,15,104,42,94,64,7,9,3,7,0.8,0.8
2022-07-01T00:00:00,3407A,120.6916,30.7739,嘉兴市,秀洲住建,,18,12,15,4,7,101,10,74,30,35,21,3,4,0.4,0.3
2022-07-01T00:00:00,3408A,120.5683,29.9361,绍兴市,绍兴中专,,12,12,13,4,4,61,16,45,32,21,14,3,3,0.4,0.4
2022-07-01T00:00:00,3409A,120.4906,30.0861,绍兴市,柯桥区政府,,36,13,15,25,11,72,22,52,37,22,13,5,5,0.4,0.4
2022-07-01T00:00:00,3410A,120.8752,30.0249,绍兴市,重华小学,,8,8,4,2,7,80,21,60,41,13,11,4,4,0.6,0.6
2022-07-01T00:00:00,3411A,120.8369,30.0137,绍兴市,上虞中学,,16,16,15,11,7,83,21,58,36,18,18,6,6,0.5,0.5
2022-07-01T00:00:00,3413A,118.1953,28.4401,上饶市,广丰区教体局,,29,29,18,15,9,106,26,86,48,20,8,10,7,0.6,0.4
2022-07-01T00:00:00,3414A,115.8347,28.932,赣江新区,桑海产业园,,47,47,36,27,22,128,40,90,73,20,18,6,7,0.5,0.4
2022-07-01T00:00:00,3415A,114.4519,28.0828,宜春市,万载县环保局,,,,36,38,27,110,21,104,78,43,20,9,11,1.0,0.9
2022-07-01T00:00:00,3416A,119.1755,36.7149,潍坊市,潍坊学院,,31,19,37,8,22,175,97,157,116,11,12,8,8,0.6,0.6
2022-07-01T00:00:00,3417A,117.0709,40.1465,北京市,平谷新城,,29,28,23,17,14,142,90,129,116,3,5,3,3,0.4,0.4
2022-07-01T00:00:00,3418A,116.8336,40.4095,北京市,密云新城,,40,40,19,24,11,116,89,106,98,6,5,3,3,0.5,0.4
2022-07-01T00:00:00,3419A,109.9447,40.6261,包头市,包头市委党校,,44,37,38,7,16,192,41,169,144,87,39,8,16,0.4,0.9
2022-07-01T00:00:00,3421A,113.1775,40.9779,乌兰察布市,市委党校,,34,27,18,10,10,117,11,109,63,67,22,14,15,0.5,0.4
2022-07-01T00:00:00,3422A,118.8436,31.9198,南京市,江宁彩虹桥,,16,9,12,0,2,97,50,83,74,4,5,3,4,0.8,0.8
2022-07-01T00:00:00,3423A,119.0138,31.6494,南京市,溧水永阳,,16,5,10,5,7,75,50,69,65,6,6,4,4,0.7,0.7
2022-07-01T00:00:00,3424A,118.879,31.3302,南京市,高淳老职中,,13,13,9,1,8,69,40,62,57,8,5,2,4,0.4,0.6
2022-07-01T00:00:00,3425A,120.624,31.1733,苏州市,越秀幼儿园,,17,17,22,10,12,117,18,77,33,28,17,5,6,0.6,0.5
2022-07-01T00:00:00,3426A,118.8755,33.2894,淮安市,新华书店,,26,26,27,18,16,135,76,120,94,14,12,9,9,0.6,0.7
2022-07-01T00:00:00,3427A,118.8554,32.3578,南京市,六合雄州,,,,29,15,11,103,59,84,74,15,18,18,8,0,0
2022-07-01T00:00:00,3428A,120.3142,31.4753,无锡市,华庄,,15,15,18,9,10,108,32,81,49,14,13,8,8,0.6,0.6
2022-07-01T00:00:00,3429A,119.8598,31.7066,常州市,武进经发区,,16,6,22,3,13,125,49,99,76,7,15,3,4,0.3,0.5
2022-07-01T00:00:00,3430A,119.5826,31.7245,常州市,金坛城区,,12,6,17,3,12,118,37,90,76,14,12,7,7,0.8,0.6
2022-07-01T00:00:00,3431A,120.6505,31.416,苏州市,高铁新城,,14,14,20,9,10,101,18,72,35,25,19,5,6,0.5,0.5
2022-07-01T00:00:00,3432A,120.9348,31.9883,南通市,环境教育馆,,12,12,20,5,11,74,22,59,36,22,26,5,6,0.3,0.4
2022-07-01T00:00:00,3434A,119.2413,34.6539,连云港市,工贸学校,,,15,27,11,19,209,,172,136,6,8,3,3,0.4,0.5
2022-07-01T00:00:00,3435A,119.9192,32.4322,泰州市,周山河街区,,25,25,31,17,18,144,37,118,80,17,20,7,8,0.7,0.7
2022-07-01T00:00:00,3436A,120.4279,33.205,盐城市,大丰高级中学,,17,17,33,5,19,144,49,110,78,16,21,8,11,0.1,0.3
2022-07-01T00:00:00,3437A,88.3118,43.3658,乌鲁木齐市,达坂城区环保局,颗粒物(PM10),147,243,35,41,12,130,127,124,123,7,11,3,2,0.3,0.3
2022-07-01T00:00:00,3438A,87.6162,43.8801,乌鲁木齐市,红光山片区,颗粒物(PM10),70,89,52,2,14,188,142,168,149,22,39,8,9,0.3,0.4
2022-07-01T00:00:00,3439A,87.7024,43.8004,乌鲁木齐市,新师大温泉校区,,,,,,,130,130,128,128,4,5,6,5,0.2,0.3
2022-07-01T00:00:00,3440A,87.4921,43.8411,乌鲁木齐市,大绿谷,颗粒物(PM10),76,101,65,19,20,171,127,150,136,16,34,9,10,0.4,0.5
2022-07-01T00:00:00,3441A,87.546,44.1912,五家渠市,经开区管委会,颗粒物(PM10),93,136,59,24,19,169,94,152,116,12,24,5,7,0.5,0.5
2022-07-01T00:00:00,3442A,86.047,44.2331,石河子市,南区管委会,颗粒物(PM10),167,284,50,55,17,134,101,130,121,4,6,7,8,0.3,0.3
2022-07-01T00:00:00,3443A,113.2902,23.5544,广州市,花都梯面,,14,14,12,8,7,50,0,40,15,21,14,7,6,0.4,0.4
2022-07-01T00:00:00,3444A,116.454,23.2684,汕头市,潮南峡山,,20,5,23,14,5,70,50,65,58,8,6,9,8,0.5,0.5
2022-07-01T00:00:00,3445A,113.7858,23.7478,广州市,从化良口,,8,8,9,2,3,35,11,32,20,13,9,6,7,0.4,0.4
2022-07-01T00:00:00,3446A,113.8051,23.2614,广州市,增城荔城,,11,11,13,4,5,64,10,40,17,10,8,7,6,0.5,0.5
2022-07-01T00:00:00,3447A,114.3551,22.7151,深圳市,坪山,,12,12,18,5,7,40,22,34,29,18,14,4,3,0.5,0.5
2022-07-01T00:00:00,3448A,113.5433,22.1163,珠海市,横琴,,10,10,12,7,11,49,23,38,25,20,15,8,8,0.5,0.5
2022-07-01T00:00:00,3449A,113.05,22.4667,江门市,新会银湖,,17,17,22,4,9,86,8,56,20,27,20,6,6,0.3,0.3
2022-07-01T00:00:00,3450A,111.01,21.5165,茂名市,电白水东,,17,17,15,5,5,91,47,66,51,9,10,3,5,0.5,0.5
2022-07-01T00:00:00,3451A,112.5617,23.2083,肇庆市,鼎湖凤凰,,26,26,21,14,11,93,12,76,45,24,20,6,8,0.5,0.4
2022-07-01T00:00:00,3452A,114.6517,22.775,惠州市,大亚湾霞涌,,12,6,12,3,5,49,37,45,44,4,5,3,3,0.3,0.3
2022-07-01T00:00:00,3453A,112.0125,21.8749,阳江市,阳东陶然,,17,17,17,8,10,64,23,52,42,12,11,5,5,0.4,0.5
2022-07-01T00:00:00,3454A,113.3528,22.478,中山市,中山南区,,10,5,9,7,5,59,21,42,24,18,16,4,4,0.5,0.5
2022-07-01T00:00:00,3455A,113.076,23.7198,清远市,清城东城,,11,11,13,4,6,65,8,52,18,11,7,3,4,0.5,0.5
2022-07-01T00:00:00,3456A,114.289,38.0906,石家庄市,鹿泉一中,,31,31,24,12,16,167,89,155,131,22,10,6,7,0.5,0.5
2022-07-01T00:00:00,3457A,118.4359,39.2762,唐山市,冀东油田职工医院,,38,38,36,21,18,141,108,130,105,12,21,4,5,0.6,0.9
2022-07-01T00:00:00,3458A,114.7895,36.5593,邯郸市,香泉濮院小区,,46,46,45,29,29,148,87,132,121,18,13,6,7,0.5,0.6
2022-07-01T00:00:00,3459A,115.5989,37.5491,衡水市,地表水厂,,39,39,37,18,19,154,76,143,106,14,12,3,4,0.3,0.4
2022-07-01T00:00:00,3460A,117.4067,40.0583,天津市,北环路,,27,27,22,14,13,158,58,149,111,5,7,9,9,0.6,0.6
2022-07-01T00:00:00,3461A,117.3045,39.7169,天津市,建设路,,47,47,41,32,27,187,87,170,131,15,25,6,15,0.6,0.8
2022-07-01T00:00:00,3462A,117.8199,39.3521,天津市,滨水东路,细颗粒物(PM2.5),57,62,43,40,26,180,61,144,114,29,22,8,10,0.5,0.9
2022-07-01T00:00:00,3463A,116.9708,33.591,宿州市,社会福利中心,,31,31,39,9,12,177,99,154,138,4,5,3,2,0.5,0.5
2022-07-01T00:00:00,3464A,117.3803,31.9147,合肥市,高教基地,,17,17,21,10,10,105,41,97,80,15,7,7,6,0.3,0.3
2022-07-01T00:00:00,3465A,118.4781,31.3225,芜湖市,清苑社区,,10,8,13,4,7,81,32,70,53,18,10,5,5,0.3,0.4
2022-07-01T00:00:00,3466A,118.2746,31.2326,芜湖市,扬子职业技术学院,,14,4,12,5,6,83,43,72,60,9,7,7,7,0.3,0.4
2022-07-01T00:00:00,3468A,115.7901,32.8613,阜阳市,市规划展馆,,42,11,30,7,16,182,133,171,145,6,10,4,5,0.4,0.4
2022-07-01T00:00:00,3469A,115.836,32.9183,阜阳市,枣园社区,,42,10,29,7,18,175,132,169,144,9,13,3,3,0.6,0.7
2022-07-01T00:00:00,3470A,118.7724,30.9141,宣城市,夏渡子站,,11,5,11,5,6,70,33,58,50,9,7,4,3,0.3,0.3
2022-07-01T00:00:00,3471A,113.616563,34.86783,郑州市,惠济区政府,,38,34,32,26,23,171,113,154,135,13,13,4,4,0.7,0.8
2022-07-01T00:00:00,3473A,114.2485,34.8306,开封市,技师学院,,,26,32,,,161,82,143,122,14,7,2,2,0.6,0.6
2022-07-01T00:00:00,3474A,114.2617,35.6822,鹤壁市,大新区,,46,46,44,23,39,140,75,120,101,17,14,6,7,1.2,1.4
2022-07-01T00:00:00,3475A,113.9188,35.3045,新乡市,市政府,,48,41,31,33,23,143,86,130,120,31,14,5,5,0.6,0.7
2022-07-01T00:00:00,3476A,113.9135,35.3327,新乡市,河师大,细颗粒物(PM2.5),75,97,51,55,34,140,62,130,114,35,17,5,5,0.9,0.7
2022-07-01T00:00:00,3477A,113.1656,35.2539,焦作市,中站许衡医院(新增191226),,30,30,40,15,21,169,94,153,124,9,13,5,7,0.4,0.6
2022-07-01T00:00:00,3478A,113.9749,33.5664,漯河市,市图书馆,,,33,30,,14,202,,195,189,7,9,7,7,,0.4
2022-07-01T00:00:00,3479A,114.0967,33.5906,漯河市,召陵区卫健委,,45,45,35,26,16,191,137,185,161,11,12,7,8,0.5,0.5
2022-07-01T00:00:00,3480A,129.1368,47.6417,伊春市,美溪镇,,15,15,14,8,6,87,9,82,49,19,10,2,3,0.3,0.4
2022-07-01T00:00:00,3481A,125.141,46.634,大庆市,萨区政府监测点,,32,22,20,12,6,116,100,102,92,6,10,3,3,0.4,0.7
2022-07-01T00:00:00,3482A,107.7541,29.3277,重庆市,芙蓉中路,,35,35,29,9,8,136,14,107,45,26,21,10,10,0.1,0.1
2022-07-01T00:00:00,3483A,108.7661,29.5368,重庆市,西山,,38,33,25,26,19,128,28,110,62,19,12,9,7,0.5,0.4
2022-07-01T00:00:00,3484A,106.2628,29.32,重庆市,行政中心,,38,27,53,26,24,226,80,182,124,19,35,5,6,0.5,0.6
2022-07-01T00:00:00,3485A,107.0944,29.1608,重庆市,高寺路,,43,43,57,24,32,141,22,108,49,29,24,10,8,0.5,0.5
2022-07-01T00:00:00,3486A,124.4036,43.1411,四平市,植物园,,18,17,17,7,10,102,3,102,56,35,22,3,3,0.3,0.4
2022-07-01T00:00:00,3487A,104.2394,30.5319,成都市,车城东七路,,34,34,56,16,26,172,80,154,128,20,21,7,8,0.6,0.8
2022-07-01T00:00:00,3488A,104.3853,30.7453,成都市,青白江技师分院,,28,28,46,12,22,192,53,157,109,45,40,5,3,0.5,0.7
2022-07-01T00:00:00,3489A,104.0789,30.4072,成都市,科学城,,24,22,47,11,24,150,74,130,107,15,25,8,7,0.6,0.7
2022-07-01T00:00:00,3490A,105.3617,28.7703,泸州市,纳溪区环保局,,40,30,48,28,34,220,96,188,125,15,19,11,11,0.5,0.7
2022-07-01T00:00:00,3491A,104.69,31.5322,绵阳市,西科大附属小学,颗粒物(PM10),64,78,53,42,26,208,78,186,145,50,23,6,7,0.6,0.5
2022-07-01T00:00:00,3492A,104.5648,31.5343,绵阳市,安州区旅游局,颗粒物(PM10),74,97,65,45,27,206,94,183,160,28,18,22,8,0.8,0.6
2022-07-01T00:00:00,3494A,117.1673,36.9782,济南市,济阳区政府,,34,17,32,5,17,164,108,145,111,7,11,12,14,0.3,0.4
2022-07-01T00:00:00,3495A,117.1171,36.63,济南市,锦屏中学,,39,37,53,27,38,164,65,148,112,10,13,8,10,0.3,0.5
2022-07-01T00:00:00,3496A,118.3604,35.1084,临沂市,南坊新区,,31,31,29,14,13,196,70,170,102,21,15,1,2,0.4,0.8
2022-07-01T00:00:00,3498A,118.5055,37.8612,东营市,河口城区,,35,14,32,14,25,147,109,138,112,9,11,1,2,0.5,0.6
2022-07-01T00:00:00,3500A,116.5814,35.3707,济宁市,北湖一中,,39,22,58,9,25,178,123,164,148,7,14,6,6,0.4,0.7
2022-07-01T00:00:00,3501A,116.8249,35.5593,济宁市,服务中心,,41,23,50,14,53,185,130,176,169,12,19,4,4,0.5,1.1
2022-07-01T00:00:00,3502A,117.1812,36.2275,泰安市,国网新校,,37,24,40,12,24,173,116,151,143,10,9,4,4,0.5,0.7
2022-07-01T00:00:00,3503A,117.0313,36.2018,泰安市,交通技校,,42,20,44,8,27,178,134,155,151,6,11,7,7,0.5,0.7
2022-07-01T00:00:00,3504A,117.0829,36.13,泰安市,山东第一医科大学,,40,19,43,10,23,163,125,145,142,8,19,9,11,0.4,0.7
2022-07-01T00:00:00,3505A,122.1379,37.3414,威海市,临港区管委会,,27,14,20,8,12,115,85,93,89,8,8,3,3,0.2,0.3
2022-07-01T00:00:00,3507A,119.5328,35.4625,日照市,职业技术学院,,28,22,30,12,23,117,88,111,97,9,8,3,5,0.7,1
2022-07-01T00:00:00,3511A,116.5652,37.3319,德州市,陵城艺术中心,,27,19,22,14,12,149,84,136,114,14,10,4,5,0.6,0.6
2022-07-01T00:00:00,3512A,116.049,36.4674,聊城市,华润纺织,颗粒物(PM10),51,52,36,19,16,162,76,141,114,23,12,2,9,0.4,0.4
2022-07-01T00:00:00,3513A,116.0445,36.4361,聊城市,九州社区,,31,31,27,18,16,172,80,155,129,21,19,9,7,0.4,0.5
2022-07-01T00:00:00,3514A,117.9378,37.3956,滨州市,中海酒店,,33,7,34,7,29,158,105,153,134,11,12,7,11,0.4,0.4
2022-07-01T00:00:00,3515A,117.9378,37.3553,滨州市,开发区一中,,34,7,37,9,27,166,107,153,126,12,14,9,13,0.5,0.6
2022-07-01T00:00:00,3516A,118.0917,37.694,滨州市,金海六路,,30,7,38,0,22,164,96,158,134,19,9,9,12,0.5,0.6
2022-07-01T00:00:00,3520A,106.3495,38.9836,石嘴山市,妇女儿童医院,,23,15,13,5,6,154,73,149,129,33,16,16,15,0.5,0.5
2022-07-01T00:00:00,3521A,106.7492,39.2069,石嘴山市,石大公路,,47,47,28,9,13,146,26,141,98,70,23,5,5,0.3,0.3
2022-07-01T00:00:00,3522A,106.2177,35.9959,固原市,原州区十五小,,43,43,28,17,11,156,118,147,136,16,11,9,6,0.4,0.3
2022-07-01T00:00:00,3523A,106.5105,38.3856,银川市,滨河新区,颗粒物(PM10),55,59,24,19,9,164,47,159,130,40,18,10,11,0.5,0.5
2022-07-01T00:00:00,3524A,108.6116,34.1164,西安市,文体局,,41,41,53,18,22,330,94,263,176,15,20,5,7,0.3,0.3
2022-07-01T00:00:00,3525A,108.6396,34.4078,咸阳市,奥体中心,颗粒物(PM10),58,65,71,30,23,232,72,210,153,35,21,2,3,0.7,0.7
2022-07-01T00:00:00,3526A,119.5189,25.9664,福州市,吴航,,16,16,18,5,7,80,31,63,35,3,4,6,7,0.5,0.5
2022-07-01T00:00:00,3527A,118.0958,24.5688,厦门市,集美中学,,28,28,27,11,8,158,19,117,64,34,16,1,2,0.5,0.4
2022-07-01T00:00:00,3528A,118.1493,24.7245,厦门市,同安二实小,,14,14,23,4,9,180,41,110,76,4,5,2,2,0.5,0.5
2022-07-01T00:00:00,3529A,118.6333,24.9264,泉州市,城华南路,,20,20,28,6,10,113,32,82,42,6,8,4,5,0.3,0.3
2022-07-01T00:00:00,3530A,117.6296,24.5314,漳州市,西洋坪路,,17,15,30,4,14,154,52,118,101,8,10,2,6,0.4,0.4
2022-07-01T00:00:00,3531A,110.296,25.1253,桂林市,旅游学院,,22,22,26,7,15,117,31,98,66,10,12,9,10,0.5,0.5
2022-07-01T00:00:00,3532A,110.1945,22.6831,玉林市,玉林师范学院东校区,,28,28,19,13,14,92,31,81,49,25,10,5,3,0.6,0.5
2022-07-01T00:00:00,3533A,110.0527,22.5893,玉林市,福绵环保局,,18,17,21,12,11,85,32,74,52,9,9,3,2,0.7,0.6
2022-07-01T00:00:00,3534A,111.4744,24.4553,贺州市,西湾,,25,25,29,7,15,116,11,85,36,18,16,7,7,0.8,0.7
2022-07-01T00:00:00,3535A,109.1781,23.7297,来宾市,兴宾区政府,,21,7,18,6,10,112,65,103,90,6,8,4,4,0.6,0.7
2022-07-01T00:00:00,3536A,106.8547,27.5919,遵义市,第十二小学,,22,22,38,12,20,125,50,115,78,19,18,3,3,0.6,0.6
2022-07-01T00:00:00,3537A,105.3631,27.3533,毕节市,长征村,,29,20,22,17,16,126,92,124,110,8,9,6,7,0.4,0.3
2022-07-01T00:00:00,3538A,107.5175,26.2978,黔南布依族苗族自治州,沙坝,,14,14,11,0,2,78,14,69,40,8,6,4,4,0.7,0.6
2022-07-01T00:00:00,3539A,110.5111,19.9736,海口市,桂林洋子站,,15,9,11,2,4,58,46,51,50,3,7,2,2,0.4,0.4
2022-07-01T00:00:00,3540A,109.7348,18.3443,三亚市,君悦子站,,22,22,21,7,7,68,15,60,31,12,10,2,3,0.4,0.4
2022-07-01T00:00:00,3541A,109.5726,19.5167,儋州市,第一中学子站,,25,25,22,7,5,57,46,51,49,12,11,4,4,0.6,0.6
2022-07-01T00:00:00,3542A,109.5567,19.5187,儋州市,东坡学校子站,,14,11,12,6,6,55,42,48,43,7,8,3,4,0.5,0.6
2022-07-01T00:00:00,3544A,121.4891,30.925,上海市,奉贤南桥新城,,21,21,23,4,6,89,24,76,34,11,11,3,4,0.5,0.5
2022-07-01T00:00:00,3545A,110.8054,32.8401,十堰市,郧阳区金沙路,,,30,31,24,19,173,120,146,144,3,8,4,5,,0.4
2022-07-01T00:00:00,3546A,111.4606,30.552,宜昌市,猇亭区张家湾站,细颗粒物(PM2.5),60,59,41,43,19,168,103,152,131,15,16,5,6,0.5,0.5
2022-07-01T00:00:00,3547A,112.1632,31.0138,荆门市,龙泉中学南校,,34,34,32,16,22,150,87,139,114,16,13,7,10,0.8,0.7
2022-07-01T00:00:00,3548A,112.1655,30.3364,荆州市,学苑路,,38,38,35,26,25,152,49,133,93,51,16,6,7,0.6,0.5
2022-07-01T00:00:00,3549A,109.5061,30.3772,恩施土家族苗族自治州,龙凤新区,,31,31,33,20,17,147,32,121,70,8,6,7,6,0.8,0.8
2022-07-01T00:00:00,3550A,102.7997,24.9786,昆明市,昆明学院,,45,45,57,22,26,156,89,143,112,13,26,9,7,0.4,0.4
2022-07-01T00:00:00,3551A,102.5967,24.6736,昆明市,晋宁区生态环境分局,,33,33,39,17,26,155,94,143,119,6,11,6,7,0.4,0.4
2022-07-01T00:00:00,3552A,102.6678,24.9856,昆明市,云天化总部,,40,40,38,23,21,166,87,150,118,16,18,6,8,0.6,0.6
2022-07-01T00:00:00,3557A,119.9464,30.0494,杭州市,镇二中,,15,15,19,3,5,104,21,71,38,25,23,6,6,0.5,0.6
2022-07-01T00:00:00,3558A,119.7183,30.2367,杭州市,市府大楼,,11,11,18,7,8,93,30,75,41,9,9,7,7,0.5,0.5
2022-07-01T00:00:00,3560A,120.4722,30.0415,绍兴市,柯桥妇保,,14,14,16,5,7,75,26,56,39,8,8,6,6,0.6,0.6
2022-07-01T00:00:00,3561A,120.6985,27.9251,温州市,茶山,,13,6,11,3,2,56,39,45,40,6,4,6,6,0.3,0.3
2022-07-01T00:00:00,3562A,120.4148,30.8538,湖州市,南浔区站,,12,7,18,2,9,135,37,97,47,8,11,5,5,0.4,0.4
2022-07-01T00:00:00,3564A,121.2568,28.6681,台州市,台州科技职业学院,,18,18,15,2,4,54,24,46,30,5,4,4,4,0.5,0.5
2022-07-01T00:00:00,3565A,113.1367,40.1122,大同市,云冈站,,28,28,41,11,21,127,27,120,65,15,17,14,18,0.4,0.5
2022-07-01T00:00:00,3566A,113.1186,40.2556,大同市,图书馆,,26,26,26,16,12,114,28,109,77,14,15,6,7,0.4,0.6
2022-07-01T00:00:00,3567A,113.5931,40.0461,大同市,区一中,,24,13,14,9,6,110,74,107,90,4,4,6,6,0.5,0.5
2022-07-01T00:00:00,3568A,113.06,36.0464,长治市,向阳小学,颗粒物(PM10),53,55,54,34,31,179,65,154,101,41,26,7,8,1.3,1
2022-07-01T00:00:00,3569A,112.8792,36.3144,长治市,屯留一中,,46,46,35,31,36,225,27,169,88,49,24,16,10,0.8,0.7
2022-07-01T00:00:00,3570A,113.235,36.3489,长治市,潞城四中,,42,42,47,20,32,160,74,143,98,23,12,9,9,1.0,1.1
2022-07-01T00:00:00,3571A,112.2931,39.53,朔州市,一水厂,,,,68,36,22,130,6,118,82,71,32,12,14,1.0,0.7
2022-07-01T00:00:00,3572A,114.6419615,37.9001925,石家庄市,栾城区政府,,29,24,32,12,16,164,90,154,129,26,17,1,4,0.6,0.6
2022-07-01T00:00:00,3573A,114.8506765,38.0322033,石家庄市,藁城区实验学校,,31,31,42,14,17,148,48,143,112,49,17,6,6,0.4,0.3
2022-07-01T00:00:00,3574A,114.0504658,38.0591645,石家庄市,井陉矿区区委大楼,,39,39,30,9,12,170,96,159,138,25,16,3,3,0.4,0.4
2022-07-01T00:00:00,3575A,118.09279,39.58089,唐山市,正泰大街热力站,,38,38,33,24,15,156,48,136,60,26,34,2,5,0.5,0.9
2022-07-01T00:00:00,3576A,118.1562,39.8322,唐山市,丰润区政府,颗粒物(PM10),55,59,43,27,20,194,29,153,75,44,21,22,10,1.6,1
2022-07-01T00:00:00,3577A,118.43673,39.73809,唐山市,金山小学,,42,42,45,22,16,152,91,135,83,14,22,2,9,0.6,1.5
2022-07-01T00:00:00,3578A,118.24498,39.66941,唐山市,政府服务中心,,48,48,44,31,20,187,84,150,84,14,29,4,8,0.3,0.9
2022-07-01T00:00:00,3579A,114.50634,36.77178,邯郸市,永年区实验高中,颗粒物(PM10),68,86,56,43,29,167,59,135,115,29,19,12,7,2.2,0.7
2022-07-01T00:00:00,3580A,114.20016,36.44293,邯郸市,峰峰矿区临水派出所,颗粒物(PM10),65,80,56,31,24,139,59,127,115,32,14,10,5,1.3,0.8
2022-07-01T00:00:00,3581A,115.31981,38.95208,保定市,满城区生态环境分局,,37,37,35,10,11,161,49,145,96,57,19,5,5,0.1,0.1
2022-07-01T00:00:00,3582A,115.47694,38.76408,保定市,清苑区第二中学,,43,43,35,23,17,167,43,152,104,28,13,6,6,0.3,0.3
2022-07-01T00:00:00,3583A,115.62909,39.02311,保定市,徐水物探局,,48,48,25,18,17,141,45,134,97,31,14,5,5,0.3,0.3
2022-07-01T00:00:00,3584A,115.8844,39.0341,雄安新区,容城县环境保护局,颗粒物(PM10),59,67,50,33,20,150,80,142,122,22,18,4,4,0.6,0.4
2022-07-01T00:00:00,3585A,115.8665,39.0645,雄安新区,河北容城中学,细颗粒物(PM2.5),73,74,48,53,20,154,104,145,132,21,19,1,2,0.6,0.3
2022-07-01T00:00:00,3586A,115.923,38.9405,雄安新区,安新县民政局,"颗粒物(PM10),细颗粒物(PM2.5)",54,58,47,38,26,161,95,149,132,8,10,2,2,0.6,0.4
2022-07-01T00:00:00,3587A,115.9324,38.9338,雄安新区,安新县电力局,,50,46,41,35,24,169,113,156,139,7,13,7,7,0.6,0.5
2022-07-01T00:00:00,3588A,116.0901,38.9816,雄安新区,雄县环境保护局,细颗粒物(PM2.5),90,63,40,67,36,155,76,148,123,24,25,10,9,0.9,0.5
2022-07-01T00:00:00,3589A,116.1105,39.0046,雄安新区,雄县国土资源局,颗粒物(PM10),62,74,47,36,21,174,80,162,130,18,16,7,5,0.7,0.4
2022-07-01T00:00:00,3590A,113.8374,34.5589,郑州市,北区建设指挥部,,36,28,36,12,13,187,113,170,150,11,9,2,3,0.6,0.6
2022-07-01T00:00:00,3591A,113.30952,34.803229,郑州市,上街区政府,,50,50,36,34,26,186,110,161,145,14,12,5,5,0.7,0.5
2022-07-01T00:00:00,3592A,114.4644,34.7556,开封市,祥符区生态环境局,,49,49,34,32,19,173,83,173,124,24,12,7,7,1.4,0.7
2022-07-01T00:00:00,3593A,112.5736,34.8993,洛阳市,吉利监测站,细颗粒物(PM2.5),53,48,32,37,19,180,108,170,151,14,11,5,4,0.5,0.3
2022-07-01T00:00:00,3594A,112.8867,33.9116,平顶山市,石龙区,颗粒物(PM10),56,61,62,19,15,211,125,188,158,21,24,16,12,0.9,0.6
2022-07-01T00:00:00,3596A,114.1572,35.9603,鹤壁市,南山宾馆,,,43,41,45,38,152,113,127,125,,12,11,11,0.9,1.2
2022-07-01T00:00:00,3597A,113.8134,34.1251,许昌市,建安区兴业大厦,颗粒物(PM10),58,65,39,28,14,187,105,184,148,13,11,3,4,1.3,0.6
2022-07-01T00:00:00,3598A,111.1,34.7167,三门峡市,富达温泉假日酒店,细颗粒物(PM2.5),53,50,56,37,35,192,154,184,179,11,10,6,5,0.5,0.5
2022-07-01T00:00:00,3599A,106.2649,29.9851,重庆市,书院路,,46,46,59,17,36,200,115,173,119,16,27,11,16,0.5,0.7
2022-07-01T00:00:00,3600A,106.2339,29.5559,重庆市,虎峰,,31,31,49,19,19,229,89,183,127,10,18,8,13,0.8,0.8
2022-07-01T00:00:00,3601A,106.0499,29.8342,重庆市,龙门街,,31,31,47,15,13,248,87,218,147,13,25,11,11,0.7,0.9
2022-07-01T00:00:00,3604A,119.3266,35.1044,日照市,岚山环保分局,,31,24,30,7,21,123,97,115,103,5,10,6,6,0.6,1
2022-07-01T00:00:00,3605A,109.09,34.5236,西安市,无线电监控中心,颗粒物(PM10),51,52,57,29,24,195,110,180,141,14,15,13,11,0.5,0.5
2022-07-01T00:00:00,3606A,108.7108,34.46,西咸新区,北杜,颗粒物(PM10),55,60,58,30,22,219,79,202,144,32,23,9,10,0.6,0.5
2022-07-01T00:00:00,3607A,108.7096,34.2956,西咸新区,同德佳苑,颗粒物(PM10),58,66,65,24,25,258,105,239,184,36,26,5,7,0.4,0.4
2022-07-01T00:00:00,3608A,108.8558,34.4978,西咸新区,崇文塔,颗粒物(PM10),55,59,61,33,28,200,92,185,140,32,21,7,7,0.6,0.6
2022-07-01T00:00:00,3610A,105.5933,29.4105,重庆市,昌元,,28,14,37,9,18,232,87,195,138,27,17,10,9,0.1,0.4
2022-07-01T00:00:00,3612A,85.1045,45.6899,克拉玛依市,白碱滩区新站,,38,21,30,17,10,135,120,124,123,3,15,9,9,0.1,0.1
2022-07-01T00:00:00,3613A,87.3095,44.0142,昌吉州,亚心广场,,,,57,68,14,172,101,148,133,14,31,8,8,0.5,0.6
2022-07-01T00:00:00,3614A,79.924,37.0877,和田地区,地区环保局,颗粒物(PM10),240,378,172,65,44,157,34,146,121,70,14,8,6,0.6,0.1
2022-07-01T00:00:00,3615A,79.9131,37.113,和田地区,市环保局,细颗粒物(PM2.5),129,180,144,98,58,155,25,146,113,90,17,21,6,1.0,0.2
2022-07-01T00:00:00,3616A,106.7616,31.8344,巴中市,市中心医院,颗粒物(PM10),59,67,48,36,27,170,25,156,87,38,24,4,5,0.7,0.6
2022-07-01T00:00:00,3617A,105.8047,32.4166,广元市,经开区,颗粒物(PM10),52,54,33,26,20,200,46,160,109,41,28,5,11,0.7,0.7
2022-07-01T00:00:00,3618A,112.4701,37.782,太原市,金胜,,34,34,43,16,23,177,92,159,91,28,25,7,5,0.6,0.5
2022-07-01T00:00:00,3619A,113.617,37.8571,阳泉市,龙柱,颗粒物(PM10),55,59,36,25,21,143,95,135,128,27,18,14,16,0.7,0.9
2022-07-01T00:00:00,3620A,112.8271,35.4828,晋城市,泽州一中,,37,33,30,14,16,176,118,159,147,13,13,1,3,0.6,0.9
2022-07-01T00:00:00,3621A,106.8288,39.6778,乌海市,聚英学校,,,,47,20,16,156,108,142,119,18,14,22,20,0.5,0.6
2022-07-01T00:00:00,3622A,113.5556,24.8082,韶关市,碧湖山庄,,26,26,20,9,8,68,14,57,21,6,5,9,9,0.4,0.4
2022-07-01T00:00:00,3623A,113.8953,22.5861,深圳市,西乡,,11,11,14,4,5,38,22,29,18,16,15,4,4,0.4,0.4
2022-07-01T00:00:00,3624A,116.4069,23.2533,汕头市,潮南子站,,18,18,17,8,7,74,44,66,60,12,7,7,8,0.6,0.5
2022-07-01T00:00:00,3625A,113.2544,22.7642,佛山市,容桂街道办,,12,9,11,5,6,65,14,37,18,23,22,4,5,0.6,0.6
2022-07-01T00:00:00,3626A,113.7533,23.0202,东莞市,南城元岭,,17,17,18,6,7,68,30,54,36,16,15,7,7,0.4,0.3
2022-07-01T00:00:00,3627A,113.7875,23.0457,东莞市,东城主山,,15,15,16,7,8,74,29,54,33,17,16,8,8,0.4,0.4
2022-07-01T00:00:00,3628A,112.0336,22.9374,云浮市,文笔,,13,7,20,9,8,99,33,81,63,19,14,11,10,0.3,0.3
2022-07-01T00:00:00,3629A,101.8305,36.5786,西宁市,世纪职校,,28,28,38,18,20,141,72,128,102,19,23,3,17,0.6,0.7
2022-07-01T00:00:00,3630A,101.7413,36.6397,西宁市,师大城西校区,颗粒物(PM10),52,54,37,31,18,141,84,141,113,33,27,27,24,0.8,0.6
2022-07-01T00:00:00,3633A,118.4918,31.6809,马鞍山市,雨山,,18,6,18,2,8,98,57,81,69,3,10,5,6,0.6,0.6
2022-07-01T00:00:00,3634A,116.9884,33.6305,宿州市,宿州学院,,26,10,25,4,11,189,82,158,133,9,5,2,3,0.3,0.4
2022-07-01T00:00:00,3635A,112.3677,34.662,洛阳市,河科大西苑校区,,38,36,33,20,16,180,121,168,147,9,9,6,6,0.4,0.4
2022-07-01T00:00:00,3636A,112.4388,34.6781,洛阳市,英才小学,,40,31,29,20,14,183,126,175,157,14,14,3,3,0.6,0.5
2022-07-01T00:00:00,3637A,131.0176,45.7761,七台河市,人民广场,,12,12,15,1,5,55,35,44,35,12,14,11,11,0.5,0.5
2022-07-01T00:00:00,3638A,104.7636,29.3338,自贡市,轻化工大学,,38,36,64,12,23,212,119,188,145,9,24,4,8,0.3,0.6
2022-07-01T00:00:00,3639A,104.4019,31.1244,德阳市,市教育局,颗粒物(PM10),60,69,66,29,26,286,81,218,134,36,35,6,6,0.5,0.7
2022-07-01T00:00:00,3642A,120.3503,36.0736,青岛市,市北区南部,,28,20,26,14,18,132,88,120,101,29,24,8,7,0.8,0.8
2022-07-01T00:00:00,3643A,120.3948,36.1805,青岛市,李沧区北部,,42,27,38,29,29,158,107,127,107,14,29,5,6,0.4,0.5
2022-07-01T00:00:00,3644A,117.8661,36.805,淄博市,三金集团,,30,30,59,17,39,165,90,150,120,12,21,7,8,1.0,0.9
2022-07-01T00:00:00,3645A,118.0253,36.8406,淄博市,东风化工厂,,43,36,48,30,31,171,52,155,108,31,31,12,10,0.7,0.9
2022-07-01T00:00:00,3646A,118.4978,37.4623,东营市,胜利站,,34,27,30,9,19,137,108,132,115,6,7,3,3,0.7,0.7
2022-07-01T00:00:00,3647A,115.4702,35.2706,菏泽市,菏泽医专,细颗粒物(PM2.5),55,51,38,39,23,166,90,155,128,24,15,3,4,0.5,0.4
2022-07-01T00:00:00,3648A,106.2112,37.9768,吴忠市,文卫南街,颗粒物(PM10),53,55,43,14,13,232,100,190,148,29,21,10,13,0.3,0.3
2022-07-01T00:00:00,3650A,105.1698,37.5162,中卫市,沙坡头区政府站,颗粒物(PM10),62,73,47,36,21,178,71,168,134,49,25,16,15,0.5,0.5
2022-07-01T00:00:00,3651A,108.9543,34.8732,铜川市,旺旺集团,颗粒物(PM10),59,67,49,24,20,213,68,192,139,38,18,13,9,0.8,0.6
2022-07-01T00:00:00,3652A,109.4809,36.5786,延安市,西北局旧址,颗粒物(PM10),60,69,39,17,13,175,39,169,107,39,23,4,4,0.4,0.3
2022-07-01T00:00:00,3653A,111.3119,30.7273,宜昌市,云深路,,41,41,32,28,17,186,64,158,117,14,10,7,6,0.6,0.5
2022-07-01T00:00:00,3654A,114.8094,30.4089,鄂州市,精准医疗中心,,28,28,29,7,8,140,62,129,98,17,14,14,13,1.7,0.9
2022-07-01T00:00:00,3655A,114.3375,29.8683,咸宁市,长江产业园,,46,46,34,16,14,128,69,113,93,22,12,6,6,0.6,0.5
2022-07-01T00:00:00,3656A,120.1556,30.2864,杭州市,消防大队,,15,9,17,6,8,102,19,77,36,29,22,8,8,0.7,0.7
2022-07-01T00:00:00,3658A,120.6153,30.0764,绍兴市,袍江中学,,18,18,13,6,6,62,18,47,33,24,15,5,4,0.6,0.5
2022-07-01T00:00:00,3659A,119.656,29.1131,金华市,气象局,,22,22,22,6,8,80,3,59,10,38,27,27,11,0.6,0.5
2022-07-01T00:00:00,3662A,123.6333,47.2075,齐齐哈尔市,富区青少年活动中心,颗粒物(PM10),53,55,23,29,10,130,70,119,95,10,10,9,7,0.4,0.6
2022-07-01T00:00:00,3663A,124.1164,50.4278,大兴安岭地区,红旗社区,,28,28,21,9,13,95,15,86,51,11,9,6,6,0.5,0.5
2022-07-01T00:00:00,3664A,119.4172,34.7341,连云港市,连云街道,,33,15,33,11,19,142,103,129,126,5,18,4,3,0.8,0.6
2022-07-01T00:00:00,3665A,76.1658,39.7157,克孜勒苏柯尔克孜自治州,克州文化中心,颗粒物(PM10),68,86,62,17,13,162,87,156,134,57,17,9,11,0.3,0.3
2022-07-01T00:00:00,3667A,111.0283,35.0547,运城市,水利职院,臭氧1小时,55,48,47,31,28,182,164,176,175,9,10,8,7,0.7,0.8
2022-07-01T00:00:00,3668A,111.5036,36.0414,临汾市,城南,,29,24,30,16,17,195,90,180,127,16,15,3,6,0.5,0.6
2022-07-01T00:00:00,3669A,114.4705,36.0637,安阳市,左辅环卫站,,,,50,,37,154,80,132,124,,12,7,7,0.9,0.7
2022-07-01T00:00:00,3670A,111.0522,35.0439,运城市,禹都公园,臭氧1小时,59,41,52,23,26,197,167,180,179,7,10,8,7,0.7,0.8
2022-07-01T00:00:00,3671A,116.088,39.9726,北京市,门头沟三家店,,35,22,24,9,11,161,109,131,121,9,11,3,3,0.4,0.4
2022-07-01T00:00:00,3672A,116.1541,39.8204,北京市,丰台云岗,,35,35,29,21,16,180,110,154,128,8,11,3,2,0.5,0.4
2022-07-01T00:00:00,3673A,116.6804,39.9081,北京市,通州东关,颗粒物(PM10),53,55,41,27,21,162,96,149,134,32,22,3,2,0.7,0.6
2022-07-01T00:00:00,3674A,115.9577,39.7603,北京市,房山燕山,,40,18,23,7,12,169,126,139,110,4,7,3,3,0.5,0.4
2022-07-01T00:00:00,3675A,116.4672,39.7733,北京市,大兴旧宫,,45,45,31,31,18,151,119,139,132,13,22,1,1,0.7,0.5
2022-07-01T00:00:00,3676A,113.2802,40.0995,大同市,第二人民医院,颗粒物(PM10),52,54,39,25,19,130,37,111,62,37,27,14,11,0.6,0.6
2022-07-01T00:00:00,3677A,98.5881,24.4368,德宏州,芒市人民政府综合楼,,30,30,20,17,9,68,23,58,49,7,8,3,4,0.6,0.6
2022-07-01T00:00:00,3678A,116.5907,35.4054,济宁市,市第七中学,,41,34,48,9,32,186,131,168,152,14,21,9,9,0.4,0.8
2022-07-01T00:00:00,3682A,116.9814,36.6819,济南市,济南四建,,,,50,,28,169,,139,112,,30,,13,,0.6
2022-07-01T00:00:00,3683A,109.8331,40.6576,包头市,昆区政府,,37,37,26,18,14,172,83,140,130,42,27,7,11,0.8,1.1
2022-07-01T00:00:00,3684A,130.8781,45.8222,七台河市,新建矿广场,,14,14,25,7,7,60,35,46,37,7,11,7,7,0.6,0.6
2022-07-01T00:00:00,3685A,117.897,28.4315,上饶市,双创科技城,,22,22,22,8,9,117,24,92,51,16,7,7,8,0.4,0.4
2022-07-01T00:00:00,3689A,113.9003,35.372,新乡市,行政服务中心,细颗粒物(PM2.5),93,125,53,69,29,143,60,128,116,35,14,10,8,1.0,0.7
2022-07-01T00:00:00,3690A,115.9721,28.7031,南昌市,外国语学校,,33,22,28,23,22,82,50,78,70,8,17,6,7,0.5,0.6
2022-07-01T00:00:00,3692A,118.2059,39.6585,唐山市,消防缸窑路中队,,,,,,,,,,,,,,,,
2022-07-01T00:00:00,3693A,118.1436,39.6202,唐山市,路南电大,颗粒物(PM10),51,51,46,27,22,173,66,142,84,15,24,3,8,0.4,1.2
2022-07-01T00:00:00,3694A,115.986,40.4563,北京市,延庆石河营,,46,46,17,32,11,104,75,91,83,15,8,1,2,0.4,0.3
2022-07-01T00:00:00,3695A,116.6151,40.3053,北京市,怀柔新城,,35,28,20,18,12,132,112,124,120,5,5,1,2,0.6,0.4
2022-07-01T00:00:00,3696A,116.2545,39.8768,北京市,丰台小屯,细颗粒物(PM2.5),57,57,30,40,16,138,104,126,108,8,15,3,3,0.8,0.5
2022-07-01T00:00:00,3697A,116.84,40.3844,北京市,密云镇,,32,31,21,16,12,121,101,104,104,13,10,3,4,0.6,0.4
2022-07-01T00:00:00,3698A,111.5968,40.8178,呼和浩特市,红旗小学,,30,19,21,10,9,131,38,124,100,60,28,5,6,0.5,0.4
2022-07-01T00:00:00,3699A,111.6518,40.8389,呼和浩特市,海东办,,27,12,17,8,8,136,84,132,114,22,26,3,6,0.4,0.4
2022-07-01T00:00:00,3700A,103.0456,29.9956,雅安市,康养中心(对照点),,37,31,27,1,10,142,117,115,115,8,8,11,12,0.1,0.2
2022-07-01T00:00:00,3701A,116.9648,33.6252,宿州市,皖北煤电集团,,30,16,31,2,11,184,93,154,136,6,8,3,2,0.4,0.4
2022-07-01T00:00:00,3703A,114.2917,36.0949,安阳市,安钢职工学校,,,104,42,,16,165,15,142,114,65,21,3,5,0.8,0.9
2022-07-01T00:00:00,3706A,122.2584,43.6333,通辽市,老干部活动中心,,30,21,21,20,15,132,93,129,104,14,15,3,5,0.5,0.5
2022-07-01T00:00:00,3707A,131.0207,45.3073,鸡西市,欧美日汽修厂,,26,26,36,7,8,51,18,40,29,29,21,2,2,0.3,0.2
2022-07-01T00:00:00,3708A,122.2922,43.6189,通辽市,东方明珠社区,,32,25,27,22,15,134,85,129,98,17,20,6,7,0.6,0.6
2022-07-01T00:00:00,3709A,130.9967,45.3106,鸡西市,市政设施管理处,,18,18,17,5,5,46,14,36,24,27,20,2,2,0.4,0.3
2022-07-01T00:00:00,3710A,121.5594,29.8975,宁波市,白沙活动中心,,19,19,19,3,6,62,28,50,32,4,4,3,3,0.5,0.4
2022-07-01T00:00:00,3713A,124.3419,43.1666,四平市,世纪城,颗粒物(PM10),58,65,25,24,10,124,4,116,67,60,20,6,5,0.5,0.3
2022-07-01T00:00:00,3715A,117.3092,32.9314,蚌埠市,蚌埠田家炳中学,,34,9,33,5,17,163,107,148,119,2,6,9,12,0.2,0.3
2022-07-01T00:00:00,3719A,97.1714,31.1406,昌都市,昌都会议中心,,25,7,10,5,6,118,77,108,100,5,4,9,9,0.6,0.6
2022-07-01T00:00:00,3726A,88.8781,29.2426,日喀则市,林业技术推广中心,,39,16,17,7,4,150,124,142,136,4,4,5,5,0.3,0.3
2022-07-01T00:00:00,3728A,104.68,28.8071,宜宾市,白酒学院,,42,42,61,20,27,206,112,171,131,16,23,10,10,0.4,0.5
2022-07-01T00:00:00,3734A,118.35,37.26,东营市,理想之城,,26,14,34,12,25,129,83,125,104,14,15,5,7,0.8,0.8
2022-07-01T00:00:00,3860A,118.3920,35.0300,临沂市,皇山花园小区,,29,29,31,13,19,207,68,168,100,20,15,5,6,0.6,0.8
2022-07-01T00:00:00,3861A,119.2041,36.7699,潍坊市,寒亭区实验一小,,27,27,35,12,21,178,84,162,117,14,15,7,8,0.7,0.7
2022-07-01T00:00:00,3866A,122.2469,40.66302,营口市,三高中,,27,27,34,16,31,244,33,244,53,28,28,5,4,0.9,0.8
2022-07-01T00:00:00,3867A,102.0738,36.5056,海东地区,平安区公安北苑,,37,37,40,22,19,154,89,141,121,16,17,6,16,0.3,0.4
2022-07-01T00:00:00,3981A,113.2449,35.1803,焦作市,原李万街道办（启用20220628）,,45,44,29,31,16,160,89,141,121,20,14,7,3,0.9,0.5
2022-07-01T00:00:00,1001A,116.3621,39.8784,北京市,万寿西宫,"颗粒物(PM10),细颗粒物(PM2.5)",62,73,27,44,15,156,86,143,118,12,11,4,4,0.9,0.6
2022-07-01T00:00:00,1002A,116.2202,40.2915,北京市,定陵(对照点),,35,35,18,18,8,111,71,93,66,7,4,3,3,0.5,0.4
2022-07-01T00:00:00,1003A,116.4174,39.9289,北京市,东四,细颗粒物(PM2.5),60,59,29,43,15,172,126,157,145,13,16,3,4,0.8,0.5
2022-07-01T00:00:00,1004A,116.4072,39.8863,北京市,天坛,细颗粒物(PM2.5),67,62,26,48,17,149,78,136,114,14,13,1,2,0.8,0.5
2022-07-01T00:00:00,1005A,116.462,39.9365,北京市,农展馆,,,58,30,,18,163,111,151,138,7,12,3,2,0.8,0.5
2022-07-01T00:00:00,1006A,116.3392,39.9295,北京市,官园,细颗粒物(PM2.5),70,59,26,51,16,167,118,145,127,13,19,3,3,0.9,0.5
2022-07-01T00:00:00,1007A,116.2878,39.9611,北京市,海淀万柳,,,,,,,,,,,,,,,,
2022-07-01T00:00:00,1008A,116.6636,40.135,北京市,顺义新城,颗粒物(PM10),51,52,29,32,16,132,95,126,116,9,13,3,3,0.6,0.4
2022-07-01T00:00:00,1009A,116.6275,40.3275,北京市,怀柔镇,,39,28,22,18,11,138,123,129,127,6,8,1,3,0.4,0.3
2022-07-01T00:00:00,1010A,116.2296,40.217,北京市,昌平镇,细颗粒物(PM2.5),64,67,22,46,13,120,103,107,94,9,11,3,3,0.7,0.4
2022-07-01T00:00:00,1011A,116.3966,39.9821,北京市,奥体中心,细颗粒物(PM2.5),55,50,28,39,17,148,125,140,137,11,15,3,2,0.8,0.5
2022-07-01T00:00:00,1012A,116.184,39.9136,北京市,古城,,38,16,27,11,16,162,120,143,113,9,20,3,3,0.5,0.5
2022-07-01T00:00:00,1015A,117.1444,39.1661,天津市,勤俭道,细颗粒物(PM2.5),73,78,53,53,33,184,87,158,133,17,20,8,8,0.9,1
2022-07-01T00:00:00,1017A,117.237,39.1082,天津市,大直沽八号路,颗粒物(PM10),56,62,50,26,26,164,78,146,124,14,16,5,6,0.6,1.1
2022-07-01T00:00:00,1018A,117.202,39.0927,天津市,前进道,细颗粒物(PM2.5),58,49,46,41,28,133,62,122,99,22,20,10,9,1.0,1.2
2022-07-01T00:00:00,1019A,117.1837,39.2133,天津市,淮河道,细颗粒物(PM2.5),102,114,59,76,36,183,68,160,127,28,22,7,8,1.1,1.2
2022-07-01T00:00:00,1021A,117.307,39.0877,天津市,跃进路,,48,48,51,17,20,152,73,131,111,17,20,6,6,0.4,0.9
2022-07-01T00:00:00,1023A,117.707,39.0343,天津市,第四大街,颗粒物(PM10),54,58,75,27,30,130,70,114,80,24,34,5,6,0.6,1.1
2022-07-01T00:00:00,1024A,117.457,38.8394,天津市,永明路,,33,17,40,13,24,157,105,147,126,4,22,5,7,0.4,0.9
2022-07-01T00:00:00,1026A,117.764,39.1587,天津市,汉北路,,34,31,42,22,26,189,106,167,129,6,15,5,7,0.7,1.2
2022-07-01T00:00:00,1027A,117.157,38.9194,天津市,团泊洼(对照点),,33,33,45,11,19,156,95,148,120,6,14,6,8,0.9,1.5
2022-07-01T00:00:00,1029A,114.4422,38.0444,石家庄市,职工医院,,37,37,36,12,13,170,114,159,140,15,13,2,2,0.9,0.7
2022-07-01T00:00:00,1030A,114.6063,38.0266,石家庄市,高新区,,34,18,28,11,18,153,106,146,132,20,15,6,5,0.3,0.4
2022-07-01T00:00:00,1031A,114.4898,38.1328,石家庄市,西北水源,,27,15,21,13,15,159,86,152,129,19,10,6,5,0.3,0.3
2022-07-01T00:00:00,1032A,114.4586,38.0058,石家庄市,西南高教,,31,15,24,19,20,133,97,116,99,16,10,4,5,0.3,0.4
2022-07-01T00:00:00,1033A,114.5331,38.0178,石家庄市,世纪公园,,36,23,31,19,19,148,113,138,124,13,11,5,4,0.3,0.4
2022-07-01T00:00:00,1034A,114.509,38.0457,石家庄市,人民会堂,,39,18,22,14,15,164,124,156,143,10,10,4,5,0.3,0.4
2022-07-01T00:00:00,1035A,114.3524,37.8911,石家庄市,封龙山(对照点),,42,30,23,23,14,164,132,149,146,7,8,2,2,0.5,0.4
2022-07-01T00:00:00,1037A,118.131,39.6363,唐山市,雷达站,颗粒物(PM10),51,52,48,22,21,179,69,152,83,19,28,2,7,0.4,1
2022-07-01T00:00:00,1038A,118.1725,39.6334,唐山市,物资局,,,,46,,18,180,,147,92,,20,,10,,1.1
2022-07-01T00:00:00,1040A,118.1705,39.6506,唐山市,十二中,细颗粒物(PM2.5),57,52,41,40,33,172,59,144,80,22,27,5,8,0.6,1
2022-07-01T00:00:00,1041A,118.1869,39.622,唐山市,小山,颗粒物(PM10),52,54,44,22,23,181,70,147,91,17,23,3,7,0.4,1.1
2022-07-01T00:00:00,1042A,119.5134,39.8207,秦皇岛市,北戴河环保局,颗粒物(PM10),53,56,41,17,12,143,124,133,132,6,17,6,7,0.3,0.4
2022-07-01T00:00:00,1043A,119.7493,40.0116,秦皇岛市,第一关,,49,49,36,24,16,121,40,117,92,54,28,9,11,0.2,0.2
2022-07-01T00:00:00,1044A,119.5897,39.9499,秦皇岛市,监测站,,45,39,28,31,14,125,78,115,107,33,26,6,6,0.2,0.2
2022-07-01T00:00:00,1046A,119.5251,39.9041,秦皇岛市,建设大厦,,35,35,29,22,10,124,62,120,110,24,13,2,5,0.3,0.3
2022-07-01T00:00:00,1048A,114.5302,36.6116,邯郸市,东污水处理厂,细颗粒物(PM2.5),54,48,41,38,29,157,80,125,113,28,17,4,5,0.9,0.8
2022-07-01T00:00:00,1049A,114.4918,36.5713,邯郸市,矿院,细颗粒物(PM2.5),73,57,39,53,32,155,62,125,109,30,18,4,4,1.3,0.9
2022-07-01T00:00:00,1050A,114.484,36.6133,邯郸市,丛台公园,细颗粒物(PM2.5),77,74,47,56,34,164,93,136,128,29,21,6,4,1.0,0.6
2022-07-01T00:00:00,1051A,115.493,38.8632,保定市,游泳馆,,37,37,19,16,10,160,37,148,99,51,13,6,7,0.2,0.2
2022-07-01T00:00:00,1052A,115.5213,38.8959,保定市,华电二区,颗粒物(PM10),65,79,34,10,9,157,24,143,99,72,21,5,4,0.4,0.4
2022-07-01T00:00:00,1053A,115.4713,38.9108,保定市,接待中心,,43,43,25,12,9,155,41,146,108,47,18,2,3,0.5,0.5
2022-07-01T00:00:00,1054A,115.4612,38.8416,保定市,地表水厂,,45,45,31,22,14,143,27,131,86,39,12,6,6,0.4,0.4
2022-07-01T00:00:00,1055A,115.4323,38.8697,保定市,胶片厂,,38,38,25,8,7,168,56,155,112,32,18,4,5,0.4,0.4
2022-07-01T00:00:00,1056A,115.5086,38.8639,保定市,监测站,,42,42,26,9,11,163,51,149,107,43,19,9,7,0.4,0.3
2022-07-01T00:00:00,1057A,114.8883,40.8336,张家口市,人民公园,,26,26,23,2,4,142,50,121,88,9,10,4,5,0.1,0.2
2022-07-01T00:00:00,1059A,114.8687,40.8042,张家口市,五金库,,24,24,21,7,7,138,55,117,92,11,13,6,7,0.2,0.3
2022-07-01T00:00:00,1060A,114.8902,40.762,张家口市,世纪豪园,,50,50,23,25,13,144,49,123,97,28,14,4,4,0.3,0.3
2022-07-01T00:00:00,1061A,114.8916,40.8661,张家口市,北泵房(对照点),,39,30,25,27,14,147,38,115,80,12,7,5,6,0.5,0.5
2022-07-01T00:00:00,1062A,117.9531,40.9081,承德市,铁路,,29,29,28,15,13,110,56,96,72,18,18,3,2,0.4,0.4
2022-07-01T00:00:00,1063A,117.9392,40.9763,承德市,中国银行,,13,12,13,6,9,113,34,106,79,26,13,4,4,0.3,0.2
2022-07-01T00:00:00,1064A,117.9503,40.928,承德市,开发区,,31,31,25,11,11,117,61,102,76,14,12,2,3,0.4,0.4
2022-07-01T00:00:00,1065A,117.8051,40.9655,承德市,文化中心,,23,19,18,3,10,120,71,116,103,15,12,4,4,0.4,0.3
2022-07-01T00:00:00,1066A,117.9268,41.0026,承德市,离宫(对照点),,22,9,16,15,10,106,10,92,50,13,7,6,7,0.4,0.3
2022-07-01T00:00:00,1067A,116.6708,39.5111,廊坊市,药材公司,,33,32,33,23,21,150,102,142,132,14,20,2,3,0.5,0.6
2022-07-01T00:00:00,1068A,116.7214,39.5589,廊坊市,开发区,,29,18,30,19,23,153,92,143,129,18,27,6,7,0.6,0.6
2022-07-01T00:00:00,1070A,116.7244,39.5269,廊坊市,北华航天学院,,40,40,44,22,24,157,105,149,138,20,26,8,9,0.5,0.5
2022-07-01T00:00:00,1071A,116.8842,38.2991,沧州市,沧县城建局,细颗粒物(PM2.5),59,56,52,42,32,166,26,137,56,54,38,7,8,0.7,0.8
2022-07-01T00:00:00,1072A,116.8584,38.3254,沧州市,电视转播站,,44,44,37,24,25,153,29,125,54,38,28,10,11,0.5,0.6
2022-07-01T00:00:00,1073A,116.8709,38.3228,沧州市,市环保局,颗粒物(PM10),66,81,73,26,29,179,26,140,63,46,29,7,8,0.5,0.5
2022-07-01T00:00:00,1074A,115.6838,37.7541,衡水市,电机北厂,,46,46,33,26,20,149,38,141,100,39,16,9,9,0.6,0.5
2022-07-01T00:00:00,1075A,115.6303,37.7316,衡水市,市监测站,颗粒物(PM10),51,52,48,16,16,143,42,134,100,25,14,21,21,0.7,0.7
2022-07-01T00:00:00,1077A,114.4704,37.0886,邢台市,达活泉,,46,46,43,16,17,177,48,154,136,28,8,7,7,0.5,0.5
2022-07-01T00:00:00,1078A,114.5062,37.0349,邢台市,邢师高专,颗粒物(PM10),69,87,37,48,25,166,36,149,120,48,18,12,9,1.6,0.7
2022-07-01T00:00:00,1079A,114.5237,37.0851,邢台市,路桥公司,"颗粒物(PM10),细颗粒物(PM2.5)",67,84,52,48,26,148,63,138,117,34,15,11,8,1.2,0.5
2022-07-01T00:00:00,1080A,114.4725,37.0719,邢台市,市环保局,颗粒物(PM10),59,68,57,27,27,172,58,161,129,32,14,9,9,0.8,0.6
2022-07-01T00:00:00,1081A,112.5139,37.8873,太原市,尖草坪,,40,40,38,18,20,170,82,150,109,24,21,8,6,0.6,0.6
2022-07-01T00:00:00,1083A,112.434,38.0108,太原市,上兰(对照点),,22,22,25,9,9,172,56,154,99,6,6,4,4,0.6,0.5
2022-07-01T00:00:00,1084A,112.469,37.7124,太原市,晋源,,33,33,41,20,23,163,90,144,100,24,22,12,9,0.5,0.5
2022-07-01T00:00:00,1085A,112.5583,37.7394,太原市,小店,颗粒物(PM10),51,52,43,22,25,166,103,154,112,23,30,10,6,0.5,0.6
2022-07-01T00:00:00,1086A,112.5369,37.8692,太原市,桃园,,39,36,35,21,19,166,123,149,113,12,24,4,5,0.6,0.6
2022-07-01T00:00:00,1087A,112.57,37.8195,太原市,坞城,,39,31,35,18,21,160,122,148,118,15,24,9,9,0.5,0.6
2022-07-01T00:00:00,1088A,112.549,37.9854,太原市,南寨,,34,34,41,16,18,164,51,143,74,29,27,5,5,0.6,0.6
2022-07-01T00:00:00,1090A,111.6507,40.7517,呼和浩特市,呼市一监,,23,22,19,10,8,128,72,127,107,24,20,6,7,0.5,0.4
2022-07-01T00:00:00,1091A,111.6572,40.8033,呼和浩特市,小召,,,,16,24,8,132,78,129,110,30,24,9,10,0.4,0.4
2022-07-01T00:00:00,1094A,111.7516,40.8369,呼和浩特市,如意水处理厂,,25,25,19,10,8,127,54,125,99,37,26,4,5,0.4,0.4
2022-07-01T00:00:00,1095A,111.7276,40.8062,呼和浩特市,二十九中,,30,30,17,11,8,122,53,121,93,40,25,11,12,0.5,0.5
2022-07-01T00:00:00,1096A,111.5512,40.7866,呼和浩特市,工大金川校区,,36,36,31,14,10,140,62,129,100,32,26,7,7,0.5,0.5
2022-07-01T00:00:00,1097A,111.717,40.7612,呼和浩特市,化肥厂生活区,,32,32,22,14,9,126,61,124,103,26,19,8,10,0.5,0.4
2022-07-01T00:00:00,1098A,123.6836,41.9339,沈阳市,森林路(对照点),,,,,,,,,,,,,,,,
2022-07-01T00:00:00,1099A,123.505,41.7406,沈阳市,浑南东路,,37,37,43,20,28,154,20,134,66,47,30,5,13,1.0,1.1
2022-07-01T00:00:00,1100A,123.4231,41.6989,沈阳市,新秀街,,35,35,43,16,24,154,20,134,62,45,30,4,13,1.0,1.1
2022-07-01T00:00:00,1102A,123.5903,41.8411,沈阳市,东陵路,颗粒物(PM10),52,53,48,25,24,140,29,112,71,26,19,5,8,1.3,1.1
2022-07-01T00:00:00,1103A,123.4264,41.8467,沈阳市,陵东街,,44,44,40,27,27,150,6,113,42,70,31,3,4,1.4,1.1
2022-07-01T00:00:00,1104A,123.4114,41.7653,沈阳市,文化路,,34,34,52,20,33,161,27,145,72,41,35,5,4,0.9,0.9
2022-07-01T00:00:00,1105A,123.4678,41.7867,沈阳市,小河沿,,38,38,48,21,28,124,11,104,45,40,28,2,6,1.0,1
2022-07-01T00:00:00,1106A,123.4017,41.7972,沈阳市,太原街,,38,32,54,26,37,156,24,135,64,53,43,5,6,0.9,0.9
2022-07-01T00:00:00,1108A,123.3783,41.9228,沈阳市,京沈街,颗粒物(PM10),52,54,53,28,33,176,32,151,105,52,31,10,12,1.2,1
2022-07-01T00:00:00,1109A,121.612,38.9741,大连市,甘井子,,,,26,,16,94,,86,40,,21,,5,,0.5
2022-07-01T00:00:00,1110A,121.565,38.9511,大连市,周水子,,24,13,25,4,17,87,76,81,48,17,17,5,5,0.8,0.9
2022-07-01T00:00:00,1111A,121.5637,38.8845,大连市,星海三站,,39,11,20,5,18,124,124,92,68,14,23,4,5,0.3,0.4
2022-07-01T00:00:00,1112A,121.6302,38.9117,大连市,青泥洼桥,,22,8,17,5,16,97,70,89,52,28,24,6,6,0.3,0.4
2022-07-01T00:00:00,1113A,121.6251,38.8638,大连市,傅家庄,,38,12,18,5,11,120,120,76,62,4,7,6,7,0.7,0.8
2022-07-01T00:00:00,1114A,121.5213,38.8661,大连市,七贤岭,,35,9,16,2,10,111,111,102,78,9,12,3,3,0.5,0.7
2022-07-01T00:00:00,1115A,121.2529,38.8061,大连市,旅顺,,38,13,18,3,14,120,120,81,80,9,14,4,4,0.5,0.6
2022-07-01T00:00:00,1116A,121.7485,39.1311,大连市,金州,,19,8,22,6,17,111,59,93,58,14,7,4,4,0.5,0.6
2022-07-01T00:00:00,1117A,121.7811,39.0496,大连市,开发区,,19,17,28,7,18,114,58,96,50,26,20,6,7,0.6,0.7
2022-07-01T00:00:00,1118A,121.9762,39.0631,大连市,双D港,,32,7,14,3,10,126,100,112,60,8,8,4,5,0.4,0.4
2022-07-01T00:00:00,1119A,125.3325,43.9166,长春市,食品厂,颗粒物(PM10),73,96,34,35,12,108,4,95,65,79,32,4,4,1.0,0.6
2022-07-01T00:00:00,1120A,125.2863,43.9027,长春市,客车厂,颗粒物(PM10),59,68,30,32,11,104,4,98,60,81,37,4,5,1.1,0.6
2022-07-01T00:00:00,1121A,125.2841,43.8463,长春市,邮电学院,,42,39,16,29,12,104,4,86,47,52,23,4,4,0.8,0.5
2022-07-01T00:00:00,1122A,125.3716,43.8772,长春市,劳动公园,颗粒物(PM10),71,91,37,34,12,111,7,99,65,68,29,4,4,0.9,0.4
2022-07-01T00:00:00,1123A,125.3297,43.8805,长春市,园林处,颗粒物(PM10),74,97,28,14,9,110,7,100,68,79,32,3,3,1.0,0.5
2022-07-01T00:00:00,1124A,125.4605,43.79,长春市,净月潭,,15,15,18,7,7,103,26,82,50,8,11,2,3,0.3,0.3
2022-07-01T00:00:00,1125A,125.7194,43.515,长春市,甩湾子(对照点),,32,32,27,11,9,125,16,108,66,34,18,4,5,0.2,0.2
2022-07-01T00:00:00,1126A,125.3863,43.8447,长春市,经开区环卫处,颗粒物(PM10),52,54,26,16,10,103,1,90,47,49,28,5,4,0.7,0.4
2022-07-01T00:00:00,1127A,125.245,43.7783,长春市,高新区管委会,颗粒物(PM10),60,69,36,25,14,123,4,104,46,64,33,4,4,0.4,0.4
2022-07-01T00:00:00,1128A,125.1761,43.8325,长春市,岱山公园,颗粒物(PM10),57,63,31,27,13,110,3,101,49,88,34,6,5,0.8,0.4
2022-07-01T00:00:00,1129A,126.5422,45.755,哈尔滨市,岭北(对照点),,20,15,20,14,13,118,44,110,78,28,22,5,5,0.4,0.4
2022-07-01T00:00:00,1130A,126.561,45.8167,哈尔滨市,松北商大,,18,18,33,6,10,116,38,108,69,27,16,4,4,0.7,0.7
2022-07-01T00:00:00,1131A,126.979,45.5419,哈尔滨市,阿城会宁,颗粒物(PM10),70,89,32,27,13,105,6,97,58,46,21,10,10,0.7,0.6
2022-07-01T00:00:00,1132A,126.599,45.7222,哈尔滨市,南岗学府路,,25,25,21,5,5,113,16,106,64,44,24,4,10,0.7,0.7
2022-07-01T00:00:00,1133A,126.689,45.7733,哈尔滨市,太平宏伟公园,,33,33,48,10,13,104,22,97,55,44,33,10,13,0.4,0.4
2022-07-01T00:00:00,1134A,126.635,45.7667,哈尔滨市,道外承德广场,,23,23,40,2,9,99,33,92,59,30,31,12,13,0.5,0.6
2022-07-01T00:00:00,1135A,126.685,45.7319,哈尔滨市,香坊红旗大街,,,,25,11,12,108,17,100,59,57,39,15,12,0.5,0.5
2022-07-01T00:00:00,1136A,126.6411,45.7258,哈尔滨市,动力和平路,,,37,30,,5,112,26,105,66,44,28,10,9,0.5,0.5
2022-07-01T00:00:00,1137A,126.593,45.7478,哈尔滨市,道里建国路,,32,28,30,22,11,112,40,106,75,29,23,13,6,1.0,0.7
2022-07-01T00:00:00,1138A,126.615,45.61,哈尔滨市,平房东轻厂,,40,40,28,12,12,98,3,98,43,58,29,7,6,0.8,0.7
2022-07-01T00:00:00,1139A,126.595,45.9855,哈尔滨市,呼兰师专,,24,23,27,7,9,123,74,113,87,29,25,6,6,0.3,0.4
2022-07-01T00:00:00,1140A,126.6206,45.6842,哈尔滨市,省农科院,,41,41,32,9,7,120,13,107,61,38,25,6,6,0.6,0.6
2022-07-01T00:00:00,1141A,121.4,31.238,上海市,普陀,,22,22,22,9,8,113,26,86,39,13,14,3,3,0.3,0.4
2022-07-01T00:00:00,1142A,121.478,31.2036,上海市,十五厂,,18,18,22,10,11,86,16,66,25,14,14,1,2,0.6,0.6
2022-07-01T00:00:00,1143A,121.467,31.3008,上海市,虹口,,,,,,,,,,,,,,,,
2022-07-01T00:00:00,1144A,121.412,31.1654,上海市,徐汇上师大,,16,16,23,11,9,100,18,78,30,13,11,6,4,0.9,0.9
2022-07-01T00:00:00,1145A,121.536,31.2659,上海市,杨浦四漂,,14,14,19,4,9,99,26,81,40,9,8,4,4,0.5,0.5
2022-07-01T00:00:00,1147A,121.425,31.2261,上海市,静安监测站,,,18,21,7,9,97,24,76,35,,16,2,2,0.3,0.1
2022-07-01T00:00:00,1148A,121.703,31.1907,上海市,浦东川沙,,19,19,27,8,8,97,22,75,33,13,11,4,5,0.3,0.3
2022-07-01T00:00:00,1149A,121.533,31.2284,上海市,浦东新区监测站,,17,17,23,7,7,97,23,79,36,11,11,4,4,0.3,0.4
2022-07-01T00:00:00,1150A,121.577,31.2071,上海市,浦东张江,,10,10,14,6,7,98,23,78,35,16,14,4,4,0.6,0.6
2022-07-01T00:00:00,1151A,118.8086,32.1065,南京市,迈皋桥,,16,8,20,2,3,90,49,77,70,14,15,8,8,0.2,0.2
2022-07-01T00:00:00,1152A,118.7538,32.0551,南京市,草场门,,17,7,13,2,2,95,53,80,69,11,13,3,3,0.1,0.2
2022-07-01T00:00:00,1153A,118.7794,32.0745,南京市,山西路,,16,7,20,7,11,137,49,88,78,4,9,3,4,0.1,0.2
2022-07-01T00:00:00,1154A,118.7752,32.0023,南京市,中华门,,16,2,13,0,1,84,49,72,66,2,7,3,4,0.5,0.6
2022-07-01T00:00:00,1155A,118.8109,32.0309,南京市,瑞金路,,16,16,18,2,7,90,43,78,70,15,10,4,4,0.5,0.5
2022-07-01T00:00:00,1156A,118.7997,32.0754,南京市,玄武湖,,17,14,16,6,9,92,53,80,71,5,7,4,4,0.5,0.6
2022-07-01T00:00:00,1157A,118.6414,32.0931,南京市,浦口,,15,9,24,2,6,92,47,80,68,12,17,5,4,0.0,0.2
2022-07-01T00:00:00,1158A,118.7356,31.9996,南京市,奥体中心,,19,5,18,7,7,102,59,89,79,12,15,2,2,0.1,0.2
2022-07-01T00:00:00,1159A,118.9125,32.1028,南京市,仙林大学城,,,17,12,,0,96,55,86,78,16,10,4,4,0.5,0.4
2022-07-01T00:00:00,1160A,120.561,31.2472,苏州市,上方山(对照点),,26,26,31,7,11,125,11,85,30,34,21,5,7,0.6,0.5
2022-07-01T00:00:00,1162A,120.591,31.3019,苏州市,彩香,,17,8,36,10,9,133,12,86,34,34,18,5,5,0.6,0.5
2022-07-01T00:00:00,1163A,120.596,31.3264,苏州市,轧钢厂,,27,27,21,11,9,123,15,75,34,27,15,7,8,0.4,0.5
2022-07-01T00:00:00,1164A,120.613,31.2703,苏州市,吴中区,,15,13,19,8,8,129,15,78,31,30,22,5,5,0.3,0.3
2022-07-01T00:00:00,1165A,120.543,31.2994,苏州市,苏州新区,,16,16,18,8,12,143,20,92,36,25,16,6,7,0.6,0.6
2022-07-01T00:00:00,1166A,120.669,31.3097,苏州市,苏州工业园区,,13,5,18,6,5,114,20,69,34,26,20,5,6,0.5,0.5
2022-07-01T00:00:00,1167A,120.641,31.3708,苏州市,相城区,,19,15,19,13,14,107,11,64,25,30,21,5,6,0.5,0.5
2022-07-01T00:00:00,1168A,120.9098,31.9663,南通市,狼山街道,,,,,,,,,,,,,,,,
2022-07-01T00:00:00,1169A,120.86,32.0005,南通市,虹桥,,15,12,21,5,13,87,21,61,39,30,32,9,10,0.1,0.3
2022-07-01T00:00:00,1170A,120.87,32.02,南通市,城中,,15,6,18,10,9,79,22,60,37,25,25,5,6,0.4,0.5
2022-07-01T00:00:00,1171A,120.94,31.93,南通市,星湖花园,,13,7,20,0,8,69,19,55,34,25,28,4,4,0.5,0.5
2022-07-01T00:00:00,1172A,120.81,32.0417,南通市,紫琅学院,,14,1,31,0,8,96,21,74,40,28,29,5,6,0.5,0.6
2022-07-01T00:00:00,1173A,119.176,34.5885,连云港市,市环境监测站,,25,22,36,17,24,144,80,127,100,11,13,2,2,0.5,0.6
2022-07-01T00:00:00,1177A,117.179,34.2761,徐州市,黄河新村,,46,46,36,25,17,234,78,173,114,22,17,9,4,0.6,0.5
2022-07-01T00:00:00,1178A,117.1918,34.2384,徐州市,淮塔,,42,12,18,29,17,242,84,183,117,17,14,11,10,0.5,0.5
2022-07-01T00:00:00,1180A,117.256,34.2153,徐州市,新城区,颗粒物(PM10),51,51,43,27,20,212,77,162,108,16,15,6,7,0.7,0.6
2022-07-01T00:00:00,1181A,117.244,34.2911,徐州市,桃园路,,46,46,40,14,12,236,88,181,117,18,14,11,10,0.7,0.7
2022-07-01T00:00:00,1182A,117.2933,34.2778,徐州市,农科院,,36,36,35,9,12,214,81,168,106,19,16,9,8,0.8,0.6
2022-07-01T00:00:00,1186A,119.389,32.3761,扬州市,邗江监测站,,14,9,22,0,11,113,42,93,80,9,11,7,6,0.6,0.6
2022-07-01T00:00:00,1188A,120.269,31.4867,无锡市,雪浪,,13,2,13,9,7,95,32,76,49,8,7,10,10,0.3,0.4
2022-07-01T00:00:00,1189A,120.275,31.6219,无锡市,黄巷,,14,13,18,5,9,104,22,63,31,27,25,8,7,0.6,0.6
2022-07-01T00:00:00,1190A,120.294,31.56,无锡市,曹张,,,,19,,10,95,,71,50,,18,,5,,0.5
2022-07-01T00:00:00,1191A,120.242,31.5031,无锡市,漆塘,,14,14,12,3,9,102,36,80,56,13,10,4,4,0.4,0.4
2022-07-01T00:00:00,1192A,120.3489,31.5863,无锡市,东亭,,22,22,15,9,9,84,0,66,20,42,19,8,7,0.6,0.6
2022-07-01T00:00:00,1193A,120.354,31.5475,无锡市,旺庄,,,,17,,9,91,4,69,27,47,27,11,9,0.5,0.5
2022-07-01T00:00:00,1194A,120.245,31.5631,无锡市,荣巷,,,,17,9,12,98,36,76,46,10,11,10,10,0.4,0.4
2022-07-01T00:00:00,1195A,120.299,31.6817,无锡市,堰桥,,22,22,21,7,10,121,21,68,38,28,21,6,6,0.7,0.7
2022-07-01T00:00:00,1196A,119.9633,31.762,常州市,市监测站,,12,7,28,0,9,112,38,93,70,11,17,5,6,0.3,0.4
2022-07-01T00:00:00,1200A,119.9468,31.7069,常州市,武进监测站,,15,9,23,2,14,127,48,102,79,6,12,2,3,0.5,0.6
2022-07-01T00:00:00,1201A,119.9255,31.9087,常州市,安家,,23,9,25,16,19,125,40,104,73,13,16,6,4,0.9,0.6
2022-07-01T00:00:00,1203A,119.6707,32.1875,镇江市,新区办事处,,14,12,24,0,7,126,44,108,82,18,21,6,8,0.5,0.6
2022-07-01T00:00:00,1204A,119.4974,32.1968,镇江市,职教中心,,13,12,23,3,9,119,40,98,82,16,14,6,3,0.4,0.5
2022-07-01T00:00:00,1205A,119.4303,32.1328,镇江市,丹徒区监测站,,16,6,20,7,17,121,51,103,92,10,12,5,6,0.4,0.5
2022-07-01T00:00:00,1206A,119.905,32.4878,泰州市,公园路,,12,12,29,7,21,131,30,108,72,16,19,5,5,0.9,0.9
2022-07-01T00:00:00,1207A,119.9189,32.4625,泰州市,莲花,,18,17,29,12,23,133,33,109,74,17,20,8,7,1.0,1
2022-07-01T00:00:00,1209A,119.888,32.4639,泰州市,留学生创业园,,25,23,36,17,23,162,35,133,88,18,22,6,7,0.9,0.8
2022-07-01T00:00:00,1210A,119.036,33.5981,淮安市,钵池山,,39,39,27,22,16,151,91,133,110,12,12,8,8,0.9,0.7
2022-07-01T00:00:00,1211A,119.007,33.575,淮安市,北京南路,,38,36,28,26,17,149,92,130,106,16,15,6,7,0.8,0.7
2022-07-01T00:00:00,1212A,118.989,33.6067,淮安市,市监测站,颗粒物(PM10),51,51,42,29,16,151,88,132,109,20,18,9,9,1.0,0.9
2022-07-01T00:00:00,1213A,119.135,33.5039,淮安市,楚州区监测站,,42,42,31,22,15,143,77,130,94,16,19,7,9,0.6,0.4
2022-07-01T00:00:00,1214A,119.0186,33.6297,淮安市,淮阴区监测站,,47,47,35,30,20,154,85,132,108,16,12,6,6,0.8,0.8
2022-07-01T00:00:00,1215A,120.118,33.4022,盐城市,盐城电厂,,,29,39,11,25,164,,135,121,12,17,5,5,0.4,0.5
2022-07-01T00:00:00,1216A,120.156,33.3942,盐城市,市监测站,,19,9,30,2,16,165,59,131,95,13,15,5,13,0.4,0.4
2022-07-01T00:00:00,1218A,120.2144,33.38,盐城市,开发区管委会,,,11,33,2,9,140,,113,100,18,18,7,9,0.7,0.5
2022-07-01T00:00:00,1220A,118.293,33.9528,宿迁市,宿迁学院,,29,29,28,17,19,142,58,125,91,27,18,1,6,0.7,0.7
2022-07-01T00:00:00,1221A,118.2442,33.9592,宿迁市,宿迁中学,,25,16,32,10,19,148,77,132,97,11,14,4,4,0.6,0.7
2022-07-01T00:00:00,1223A,120.2072,30.2111,杭州市,滨江,,16,11,17,6,7,88,17,68,40,31,16,4,4,0.4,0.4
2022-07-01T00:00:00,1224A,120.0633,30.2747,杭州市,西溪,,11,10,14,3,5,97,13,74,38,21,10,10,10,0.3,0.3
2022-07-01T00:00:00,1226A,120.3461,30.3153,杭州市,下沙,,,,,,,,,,,,,,,,
2022-07-01T00:00:00,1227A,120.1269,30.2456,杭州市,卧龙桥,,10,10,15,2,7,88,10,70,35,14,13,4,4,0.6,0.6
2022-07-01T00:00:00,1228A,120.1903,30.2692,杭州市,浙江农大,,9,9,13,4,7,97,24,76,39,18,14,4,4,0.5,0.5
2022-07-01T00:00:00,1230A,120.1197,30.3119,杭州市,和睦小学,,22,22,19,9,9,101,7,79,36,34,14,3,3,0.6,0.6
2022-07-01T00:00:00,1231A,120.3019,30.4183,杭州市,临平镇,,25,25,19,8,6,102,19,80,38,27,17,3,3,0.6,0.6
2022-07-01T00:00:00,1232A,120.2697,30.1819,杭州市,城厢镇,,11,10,21,4,7,96,33,71,40,14,15,5,6,0.4,0.4
2022-07-01T00:00:00,1233A,120.0883,30.1808,杭州市,云栖,,16,16,21,5,6,84,15,68,35,15,13,7,7,0.4,0.4
2022-07-01T00:00:00,1234A,121.8358,29.911,宁波市,区环保大楼,,16,16,21,5,10,52,28,46,32,4,5,5,5,0.4,0.4
2022-07-01T00:00:00,1235A,121.56,29.82,宁波市,万里学院,,12,5,12,4,8,68,36,57,36,2,3,10,8,0.5,0.5
2022-07-01T00:00:00,1236A,121.713,29.9572,宁波市,龙赛医院,,10,10,12,4,5,62,32,54,38,5,3,2,3,0.5,0.5
2022-07-01T00:00:00,1239A,121.633,29.7733,宁波市,钱湖水厂,,11,8,9,3,4,54,33,50,38,5,5,8,7,0.3,0.3
2022-07-01T00:00:00,1240A,121.5856,29.8635,宁波市,太古小学,,14,14,15,3,6,58,30,50,34,5,5,6,6,0.4,0.4
2022-07-01T00:00:00,1241A,121.524,29.8674,宁波市,市环境监测中心,,14,14,16,5,5,54,24,46,26,6,6,3,2,0.3,0.2
2022-07-01T00:00:00,1242A,120.634,28.0089,温州市,瓯海,,20,20,20,4,7,47,27,43,33,8,8,5,5,0.3,0.3
2022-07-01T00:00:00,1243A,120.6748,27.9939,温州市,南浦,,18,18,19,8,8,46,24,40,30,6,5,4,4,0.3,0.3
2022-07-01T00:00:00,1244A,120.76,27.9747,温州市,龙湾,,22,22,22,5,4,46,26,42,32,12,7,4,5,0.4,0.4
2022-07-01T00:00:00,1245A,120.6709,28.0167,温州市,市站,颗粒物(PM10),51,52,28,5,4,44,26,39,31,10,11,5,4,0.3,0.3
2022-07-01T00:00:00,1247A,120.6053,29.9928,绍兴市,城东开发委,,29,11,13,20,5,53,23,40,31,9,8,6,6,0.4,0.4
2022-07-01T00:00:00,1250A,120.0751,30.8669,湖州市,城西水厂,,13,13,19,2,8,116,16,74,40,23,19,5,4,0.3,0.3
2022-07-01T00:00:00,1252A,120.7436,30.778,嘉兴市,清河小学,,14,14,14,7,7,90,25,69,38,21,16,6,6,0.5,0.5
2022-07-01T00:00:00,1253A,120.726,30.7478,嘉兴市,嘉兴学院,,12,12,16,7,9,101,25,75,40,24,19,2,2,0.4,0.4
2022-07-01T00:00:00,1255A,121.273,28.6459,台州市,黄岩环保大楼,,18,18,17,4,6,56,28,50,33,5,5,5,5,0.3,0.3
2022-07-01T00:00:00,1256A,121.419,28.6542,台州市,台州环保大楼,,24,24,17,5,6,47,23,42,31,7,3,3,3,0.4,0.3
2022-07-01T00:00:00,1257A,121.377,28.5773,台州市,路桥田洋王,,25,25,18,6,7,50,20,39,32,13,7,4,4,0.3,0.2
2022-07-01T00:00:00,1258A,122.122,30.0203,舟山市,定海檀枫,,18,18,21,6,7,44,15,39,23,23,13,3,2,0.2,0.2
2022-07-01T00:00:00,1259A,122.3094,29.9558,舟山市,普陀东港,,18,18,20,5,6,43,26,36,25,16,16,2,2,0.2,0.3
2022-07-01T00:00:00,1260A,122.19,29.9944,舟山市,临城新区,,,20,17,3,4,48,17,42,28,,8,2,2,0.2,0.2
2022-07-01T00:00:00,1262A,119.647,29.077,金华市,十五中,,19,16,25,12,17,90,4,56,13,37,23,4,5,0.4,0.4
2022-07-01T00:00:00,1263A,119.686,29.1029,金华市,监测站,,20,18,22,8,9,86,1,62,11,40,25,5,6,0.5,0.4
2022-07-01T00:00:00,1264A,118.8692,28.9398,衢州市,环保大楼,,12,11,25,8,12,113,18,76,28,20,20,3,3,0.5,0.5
2022-07-01T00:00:00,1265A,118.8709,28.9666,衢州市,实验学校,,16,16,25,6,11,124,22,87,31,15,14,3,4,0.4,0.5
2022-07-01T00:00:00,1266A,118.8621,28.9808,衢州市,衢州学院,,17,17,25,5,9,121,18,79,27,14,16,7,7,0.5,0.4
2022-07-01T00:00:00,1267A,119.914,28.4514,丽水市,监测站大楼,,24,24,18,5,8,50,1,38,11,16,12,5,5,0.4,0.4
2022-07-01T00:00:00,1268A,119.93,28.4586,丽水市,莲都小学,,27,27,24,5,6,53,4,43,15,18,12,6,6,0.4,0.3
2022-07-01T00:00:00,1269A,119.879,28.4231,丽水市,余庄前,,21,21,21,6,10,52,3,36,7,12,11,5,4,0.4,0.4
2022-07-01T00:00:00,1270A,117.1959,31.7848,合肥市,明珠广场,,19,19,24,9,9,112,46,107,86,16,14,5,5,0.5,0.4
2022-07-01T00:00:00,1271A,117.3072,31.8764,合肥市,三里街,,17,17,20,9,6,102,32,94,74,28,15,10,9,0.4,0.4
2022-07-01T00:00:00,1272A,117.2588,31.8707,合肥市,琥珀山庄,,14,12,19,9,6,116,43,110,90,19,12,9,8,0.5,0.5
2022-07-01T00:00:00,1273A,117.1604,31.9052,合肥市,董铺水库(对照点),,17,17,22,5,5,107,44,103,88,16,9,8,8,0.6,0.5
2022-07-01T00:00:00,1274A,117.25,31.8571,合肥市,长江中路,,19,19,31,12,11,123,38,115,92,17,7,5,4,0.5,0.5
2022-07-01T00:00:00,1275A,117.266,31.9436,合肥市,庐阳区,,20,19,22,14,10,111,40,106,85,20,11,5,5,0.6,0.6
2022-07-01T00:00:00,1276A,117.336,31.8586,合肥市,瑶海区,,27,27,26,7,8,110,28,99,76,34,14,10,8,0.5,0.4
2022-07-01T00:00:00,1277A,117.3027,31.7964,合肥市,包河区,,18,17,18,12,8,110,40,101,80,19,10,7,7,0.5,0.4
2022-07-01T00:00:00,1278A,117.2776,31.7385,合肥市,滨湖新区,,20,17,22,5,7,136,63,131,103,8,6,9,9,0.4,0.3
2022-07-01T00:00:00,1279A,117.1318,31.8403,合肥市,高新区,,24,24,25,12,12,114,44,109,88,20,11,9,9,0.6,0.6
2022-07-01T00:00:00,1280A,119.3903,26.0543,福州市,鼓山(对照点),,,,,,,,,,,,,,,,
2022-07-01T00:00:00,1282A,119.2681,26.0504,福州市,师大,,15,15,22,4,6,106,36,74,36,2,5,2,2,0.3,0.4
2022-07-01T00:00:00,1283A,119.2984,26.1028,福州市,五四北路,,11,8,18,4,6,76,33,59,34,4,9,2,2,0.2,0.3
2022-07-01T00:00:00,1284A,119.2648,26.0768,福州市,杨桥西路,,16,16,22,4,8,88,31,61,32,6,9,2,2,0.3,0.3
2022-07-01T00:00:00,1285A,119.317,26.0746,福州市,紫阳,,13,13,24,5,8,75,35,58,36,2,8,4,4,0.2,0.3
2022-07-01T00:00:00,1286A,118.1608,24.8169,厦门市,溪东(对照点),,,,,,,,,,,,,,,,
2022-07-01T00:00:00,1287A,118.1514,24.4767,厦门市,洪文,,31,31,27,10,9,151,23,99,45,19,8,4,4,0.6,0.6
2022-07-01T00:00:00,1288A,118.0661,24.4444,厦门市,鼓浪屿,,34,34,28,13,14,170,5,116,56,37,14,5,4,0.3,0.3
2022-07-01T00:00:00,1290A,115.8931,28.6843,南昌市,省外办,,42,42,43,21,17,98,34,78,63,24,25,9,5,0.6,0.7
2022-07-01T00:00:00,1291A,115.8886,28.7003,南昌市,省林业公司,,41,41,21,14,11,106,19,85,63,50,34,10,6,0.7,0.8
2022-07-01T00:00:00,1292A,115.8126,28.7442,南昌市,林科所,,14,14,15,7,8,126,40,93,70,17,20,4,6,0.6,0.6
2022-07-01T00:00:00,1294A,115.8518,28.687,南昌市,建工学校,,33,28,30,23,14,105,51,85,74,17,23,9,9,0.6,0.7
2022-07-01T00:00:00,1295A,115.8921,28.6424,南昌市,象湖,,22,22,24,10,12,103,44,83,69,14,20,3,3,0.5,0.7
2022-07-01T00:00:00,1296A,115.7423,28.7996,南昌市,武术学校(对照点),,25,24,15,17,10,72,2,57,30,3,4,6,4,0.3,0.2
2022-07-01T00:00:00,1298A,115.9314,28.6842,南昌市,省站,,46,46,36,14,13,91,37,81,68,16,20,11,10,0.7,0.8
2022-07-01T00:00:00,1299A,116.9862,36.6114,济南市,科干所,,,,55,,37,197,,151,120,,32,,9,,0.8
2022-07-01T00:00:00,1300A,116.9376,36.665,济南市,农科所,,29,29,48,20,24,177,62,134,107,23,26,8,10,0.2,0.3
2022-07-01T00:00:00,1301A,117.1265,36.6734,济南市,开发区,,45,39,55,31,36,168,78,151,112,22,29,7,10,0.5,0.7
2022-07-01T00:00:00,1303A,117.0624,36.6868,济南市,省种子仓库,,42,39,54,29,35,153,56,131,94,30,28,5,9,0.5,0.7
2022-07-01T00:00:00,1304A,116.9489,36.6447,济南市,机床二厂,,42,42,57,22,28,183,69,147,111,27,27,6,8,0.5,0.6
2022-07-01T00:00:00,1305A,117.0495,36.663,济南市,市监测站,,39,34,51,27,28,156,71,140,102,28,33,8,11,0.7,0.8
2022-07-01T00:00:00,1306A,116.7675,36.5484,济南市,长清党校,,39,37,54,27,29,182,77,137,114,26,33,8,9,0.5,0.6
2022-07-01T00:00:00,1307A,120.6659,36.2403,青岛市,仰口(对照点),,33,19,26,9,21,125,104,103,103,16,18,3,4,0.3,0.3
2022-07-01T00:00:00,1310A,120.4134,36.0658,青岛市,市南区东部子站,,32,22,23,22,16,106,88,100,92,10,10,5,6,0.3,0.4
2022-07-01T00:00:00,1311A,120.3664,36.1032,青岛市,四方区子站,,25,22,26,14,19,120,80,105,87,24,22,2,4,0.5,0.5
2022-07-01T00:00:00,1312A,120.2994,36.054,青岛市,市南区西部子站,,33,27,29,12,14,119,104,95,95,15,24,7,6,0.5,0.5
2022-07-01T00:00:00,1313A,120.4581,36.0858,青岛市,崂山区子站,,34,27,20,17,14,116,107,106,106,12,11,7,7,0.5,0.5
2022-07-01T00:00:00,1314A,120.1983,35.9608,青岛市,黄岛区子站,,37,22,31,15,20,143,118,131,108,10,29,4,4,0.3,0.4
2022-07-01T00:00:00,1315A,120.3999,36.3083,青岛市,城阳区子站,,29,17,35,10,21,210,91,146,107,16,19,4,4,0.6,0.7
2022-07-01T00:00:00,1316A,113.69031,34.76122,郑州市,烟厂,,39,22,37,20,20,174,124,156,142,9,12,5,4,0.5,0.6
2022-07-01T00:00:00,1317A,113.65724,34.77134,郑州市,郑纺机,,,29,36,,8,173,118,156,141,12,10,6,6,0.6,0.7
2022-07-01T00:00:00,1318A,113.67526,34.80246,郑州市,银行学校,,37,29,33,19,17,172,118,156,140,15,14,4,3,0.7,0.7
2022-07-01T00:00:00,1319A,113.56746,34.81334,郑州市,供水公司,,39,28,33,22,21,181,124,160,146,13,14,5,5,0.6,0.5
2022-07-01T00:00:00,1320A,113.7329,34.7178,郑州市,经开区管委,,32,28,30,16,19,167,102,153,132,16,13,2,2,0.8,0.8
2022-07-01T00:00:00,1321A,113.73961,34.77172,郑州市,四十七中,,38,26,33,17,20,171,119,154,138,7,8,5,6,0.6,0.6
2022-07-01T00:00:00,1322A,113.60532,34.74838,郑州市,市监测站,,40,23,33,16,18,180,126,162,145,9,13,1,1,0.6,0.6
2022-07-01T00:00:00,1323A,113.64164,34.7525,郑州市,河医大,,36,32,37,18,17,167,115,147,132,14,16,3,3,0.7,0.7
2022-07-01T00:00:00,1324A,113.51488,34.91089,郑州市,岗李水库(对照点),,37,37,33,24,21,175,106,158,140,9,7,1,2,1.0,0.8
2022-07-01T00:00:00,1325A,114.3677,30.5584,武汉市,东湖梨园,颗粒物(PM10),54,58,38,29,16,184,79,163,127,21,19,8,9,1.0,1.1
2022-07-01T00:00:00,1326A,114.2529,30.558,武汉市,汉阳月湖,,45,45,41,14,14,208,92,184,142,18,21,7,7,0.8,0.9
2022-07-01T00:00:00,1327A,114.282,30.6189,武汉市,汉口花桥,颗粒物(PM10),52,54,45,20,18,191,80,170,136,22,22,7,9,0.7,0.9
2022-07-01T00:00:00,1328A,114.3025,30.5332,武汉市,武昌紫阳,,40,40,36,17,16,181,81,159,130,22,23,5,5,0.8,1.1
2022-07-01T00:00:00,1329A,114.3646,30.6217,武汉市,青山钢花,,48,48,44,29,21,186,76,166,129,27,27,8,10,0.9,1
2022-07-01T00:00:00,1330A,114.1566,30.4825,武汉市,沌口新区,颗粒物(PM10),58,65,46,33,24,151,83,143,125,28,28,10,10,1.0,0.9
2022-07-01T00:00:00,1331A,114.3014,30.5944,武汉市,汉口江滩,,48,48,41,20,18,203,68,174,121,37,33,6,8,0.9,1.1
2022-07-01T00:00:00,1333A,114.135,30.6319,武汉市,吴家山,,49,49,51,22,22,230,95,202,153,28,30,6,7,0.9,1
2022-07-01T00:00:00,1334A,113.8454,30.2917,武汉市,沉湖七壕(对照点),,40,40,47,27,15,140,81,108,101,19,13,6,6,0.8,0.7
2022-07-01T00:00:00,1335A,113.0833,28.2325,长沙市,经开区环保局,,28,22,10,17,14,118,88,108,88,10,10,4,4,0.7,0.7
2022-07-01T00:00:00,1336A,112.8872,28.2189,长沙市,高开区环保局,细颗粒物(PM2.5),82,8,11,60,30,165,82,131,109,8,7,5,5,0.5,0.5
2022-07-01T00:00:00,1337A,113.0792,28.2053,长沙市,马坡岭,,27,24,9,17,7,134,85,118,97,11,7,5,4,0.8,0.7
2022-07-01T00:00:00,1338A,112.9394,28.19,长沙市,湖南师范大学,,25,25,19,14,10,159,77,132,102,6,5,2,2,0.7,0.6
2022-07-01T00:00:00,1339A,113.0178,28.1322,长沙市,雨花区环保局,,26,26,12,18,12,126,70,114,89,10,5,5,5,0.5,0.4
2022-07-01T00:00:00,1340A,112.9792,28.2597,长沙市,伍家岭,,26,0,5,14,12,144,83,123,93,13,11,2,2,0.5,0.4
2022-07-01T00:00:00,1341A,113.0014,28.1944,长沙市,火车新站,,40,12,10,28,13,128,74,115,90,11,10,6,6,0.4,0.4
2022-07-01T00:00:00,1342A,112.9844,28.1178,长沙市,天心区环保局,,30,25,17,21,14,124,63,113,87,14,7,3,3,0.7,0.5
2022-07-01T00:00:00,1343A,112.8908,28.1308,长沙市,湖南中医药大学,,35,24,18,24,16,160,64,135,97,15,9,2,2,0.6,0.5
2022-07-01T00:00:00,1344A,112.9581,28.3611,长沙市,沙坪(对照点),,24,24,19,15,12,115,34,97,67,11,7,1,2,0.5,0.5
2022-07-01T00:00:00,1345A,113.2347,23.1423,广州市,广雅中学,,25,25,23,10,10,74,10,59,28,31,25,4,4,0.8,0.7
2022-07-01T00:00:00,1346A,113.2612,23.105,广州市,市五中,,19,19,19,9,9,82,14,61,31,26,19,6,6,0.6,0.5
2022-07-01T00:00:00,1348A,113.3478,23.0916,广州市,广东商学院,,19,19,20,7,8,80,12,58,26,30,24,4,4,0.6,0.6
2022-07-01T00:00:00,1349A,113.4332,23.1047,广州市,市八十六中,,24,24,23,10,10,93,2,50,16,32,24,7,7,0.5,0.5
2022-07-01T00:00:00,1350A,113.3505,22.9483,广州市,番禺中学,,14,14,19,7,8,69,18,46,19,18,20,6,7,0.5,0.5
2022-07-01T00:00:00,1351A,113.2146,23.3916,广州市,花都师范,,19,19,19,8,8,75,10,57,26,28,18,5,5,0.6,0.7
2022-07-01T00:00:00,1352A,113.2597,23.1331,广州市,市监测站,,19,19,22,8,8,79,17,62,31,23,22,6,6,0.6,0.6
2022-07-01T00:00:00,1353A,113.5618,23.312,广州市,九龙镇镇龙,,12,12,19,4,7,52,7,38,13,19,15,6,6,0.4,0.4
2022-07-01T00:00:00,1354A,113.2765,23.1544,广州市,麓湖,,23,23,21,6,8,78,7,64,28,27,19,4,4,0.7,0.7
2022-07-01T00:00:00,1355A,113.443,23.3035,广州市,帽峰山森林公园(对照点),,9,9,12,3,5,58,24,49,27,4,6,4,4,0.2,0.3
2022-07-01T00:00:00,1356A,114.1063,22.5545,深圳市,通心岭子站,,13,11,12,3,4,39,39,33,33,3,8,5,5,0.5,0.6
2022-07-01T00:00:00,1357A,114.117,22.5625,深圳市,洪湖,,10,10,13,0,2,36,28,27,23,11,13,7,7,0.5,0.5
2022-07-01T00:00:00,1358A,113.987,22.5417,深圳市,华侨城,,14,14,16,0,1,38,25,26,26,10,12,3,3,0.5,0.5
2022-07-01T00:00:00,1359A,113.9181,22.5171,深圳市,南海子站,,10,8,11,2,4,37,29,30,27,13,14,3,3,0.6,0.6
2022-07-01T00:00:00,1360A,114.2458,22.5689,深圳市,盐田,,10,10,12,1,2,32,32,23,19,13,21,2,2,0.5,0.5
2022-07-01T00:00:00,1361A,114.2283,22.7244,深圳市,龙岗,,13,13,18,4,6,54,22,37,28,18,15,5,4,0.3,0.4
2022-07-01T00:00:00,1363A,114.494,22.5422,深圳市,南澳,,15,10,9,1,1,58,47,51,51,4,5,8,8,0.6,0.6
2022-07-01T00:00:00,1364A,114.41,22.6342,深圳市,葵涌,,11,7,9,1,2,41,34,37,37,2,4,6,6,0.5,0.5
2022-07-01T00:00:00,1365A,114.297,22.5978,深圳市,梅沙,,14,10,17,1,2,46,43,43,43,3,5,5,5,0.4,0.4
2022-07-01T00:00:00,1366A,114.0678,22.738,深圳市,观澜,,12,12,19,4,5,37,17,26,19,12,15,5,5,0.7,0.7
2022-07-01T00:00:00,1367A,113.5814,22.2618,珠海市,吉大,,10,7,10,2,3,41,30,28,24,13,22,8,9,0.5,0.5
2022-07-01T00:00:00,1368A,113.4881,22.2335,珠海市,前山,,12,5,9,4,5,52,20,42,24,23,18,8,8,0.3,0.3
2022-07-01T00:00:00,1369A,113.628,22.4251,珠海市,唐家,,9,8,8,3,4,45,26,36,28,18,16,7,7,0.3,0.3
2022-07-01T00:00:00,1370A,113.299,22.2281,珠海市,斗门,,11,11,14,3,5,66,25,45,25,15,15,9,9,0.3,0.4
2022-07-01T00:00:00,1371A,113.1294,23.0067,佛山市,湾梁,,27,27,19,6,8,65,3,40,13,36,26,6,6,0.4,0.4
2022-07-01T00:00:00,1372A,113.1083,23.0478,佛山市,华材职中,,15,14,19,6,9,56,9,46,19,30,24,7,7,0.6,0.6
2022-07-01T00:00:00,1373A,113.144,23.0453,佛山市,南海气象局,,18,14,21,9,11,64,9,45,17,35,26,6,5,0.4,0.4
2022-07-01T00:00:00,1374A,113.2881,22.8094,佛山市,顺德苏岗,,17,3,9,5,5,63,5,34,9,33,28,3,4,0.5,0.5
2022-07-01T00:00:00,1376A,112.8383,22.8678,佛山市,高明孔堂,,16,16,18,4,6,56,4,41,19,32,20,5,5,0.5,0.5
2022-07-01T00:00:00,1377A,112.8836,23.1588,佛山市,三水监测站,,17,17,20,10,7,90,9,55,12,27,30,9,6,0.6,0.6
2022-07-01T00:00:00,1378A,112.867,23.185,佛山市,三水云东海,,21,21,23,12,10,91,3,57,10,24,26,5,5,0.5,0.4
2022-07-01T00:00:00,1379A,113.3769,22.5211,中山市,华柏园,,11,6,15,6,7,50,17,33,16,21,17,3,3,0.4,0.5
2022-07-01T00:00:00,1380A,113.3881,22.5497,中山市,张溪,,20,20,23,11,10,51,15,35,15,27,22,3,4,0.4,0.4
2022-07-01T00:00:00,1381A,113.4075,22.5111,中山市,紫马岭,,10,8,13,5,6,52,22,38,19,19,19,4,4,0.6,0.6
2022-07-01T00:00:00,1382A,113.4411,22.4853,中山市,长江旅游区(对照点),,12,12,11,3,7,49,14,34,18,16,15,3,4,0.4,0.4
2022-07-01T00:00:00,1383A,113.1064,22.6058,江门市,北街,,15,14,19,9,9,44,15,36,23,29,24,6,5,0.4,0.4
2022-07-01T00:00:00,1384A,113.0731,22.5835,江门市,西区,,18,18,20,8,8,68,14,43,22,29,24,8,7,0.4,0.4
2022-07-01T00:00:00,1385A,113.0219,22.5311,江门市,圭峰西,,16,16,18,7,6,71,11,46,20,27,21,3,4,0.4,0.4
2022-07-01T00:00:00,1386A,113.0828,22.5947,江门市,东湖,,22,22,20,14,9,56,13,40,21,26,22,7,8,0.4,0.3
2022-07-01T00:00:00,1389A,113.7547,23.0494,东莞市,莞城梨川,,16,16,16,6,7,78,35,57,38,13,13,7,7,0.5,0.6
2022-07-01T00:00:00,1390A,113.7944,23.0128,东莞市,东城石井,,14,14,17,6,8,74,36,57,40,12,14,8,8,0.5,0.5
2022-07-01T00:00:00,1391A,113.7383,22.9658,东莞市,南城西平,,12,12,17,2,7,75,36,56,36,11,18,3,4,0.6,0.6
2022-07-01T00:00:00,1392A,114.4183,23.0528,惠州市,河南岸金山湖子站,,12,9,16,3,9,49,38,42,35,3,5,1,2,0.4,0.4
2022-07-01T00:00:00,1393A,114.4053,23.0822,惠州市,下埔横江三路子站,,14,6,13,2,4,47,42,42,40,5,9,2,3,0.2,0.3
2022-07-01T00:00:00,1394A,114.4103,23.1142,惠州市,江北云山西路子站,,12,9,13,6,6,46,37,41,40,5,6,2,4,0.3,0.3
2022-07-01T00:00:00,1395A,114.4645,22.7833,惠州市,惠阳区承修路船湖子站,,12,5,15,2,5,50,38,46,44,5,10,4,4,0.2,0.2
2022-07-01T00:00:00,1396A,114.5317,22.7422,惠州市,大亚湾管委会子站,,10,2,14,6,6,47,24,40,35,19,14,5,5,0.3,0.3
2022-07-01T00:00:00,1397A,112.4267,23.0706,肇庆市,睦岗子站,,19,19,21,11,9,96,10,80,41,37,29,10,11,0.4,0.5
2022-07-01T00:00:00,1398A,112.4645,23.0475,肇庆市,城中子站,,20,20,22,12,11,101,19,81,44,39,29,10,12,0.7,0.6
2022-07-01T00:00:00,1399A,112.5544,23.1522,肇庆市,坑口子站,,27,27,21,14,12,106,10,75,37,25,21,8,8,0.4,0.4
2022-07-01T00:00:00,1400A,112.4753,23.1,肇庆市,七星岩子站(对照点),,,,19,,10,101,,97,,,20,,10,,0.9
2022-07-01T00:00:00,1401A,108.3103,22.7881,南宁市,二十一中,,34,34,23,20,13,107,69,94,75,14,12,8,5,0.6,0.6
2022-07-01T00:00:00,1402A,108.3141,22.8528,南宁市,北湖,,43,43,25,22,13,103,52,91,56,16,11,6,5,0.6,0.5
2022-07-01T00:00:00,1403A,108.3206,22.8225,南宁市,市监测站,,36,29,27,25,14,108,56,83,53,24,18,14,9,0.6,0.5
2022-07-01T00:00:00,1404A,108.3829,22.8037,南宁市,大自然花园,,33,33,22,18,13,107,75,97,80,12,12,8,7,0.6,0.6
2022-07-01T00:00:00,1405A,108.4394,22.7904,南宁市,仙葫(对照点),,35,35,24,19,12,96,54,87,70,20,10,4,5,0.7,0.6
2022-07-01T00:00:00,1406A,108.2397,22.8467,南宁市,区农职院,,36,36,22,17,12,126,16,97,43,30,19,11,8,0.6,0.6
2022-07-01T00:00:00,1407A,108.3275,22.735,南宁市,英华嘉园,,38,36,26,26,14,104,57,88,72,21,14,5,5,0.8,0.7
2022-07-01T00:00:00,1408A,108.2257,22.7757,南宁市,沙井镇街道办,颗粒物(PM10),62,73,32,20,14,109,18,85,41,43,28,3,3,0.9,0.7
2022-07-01T00:00:00,1409A,110.576,19.9507,海口市,东寨港(对照点),,,,12,2,3,47,35,39,38,1,5,8,7,0.2,0.1
2022-07-01T00:00:00,1410A,110.3232,20.0574,海口市,海南大学,,13,12,12,2,6,67,41,62,52,2,2,5,5,0.4,0.4
2022-07-01T00:00:00,1411A,110.283,20.0053,海口市,秀英海南医院,,15,9,12,2,7,59,47,52,51,2,6,3,2,0.3,0.3
2022-07-01T00:00:00,1412A,110.338,19.9969,海口市,海南师范大学,,15,15,14,7,8,57,43,50,48,3,4,4,4,0.4,0.4
2022-07-01T00:00:00,1413A,110.33,20.0356,海口市,龙华路环保局宿舍,,15,6,12,5,5,66,48,57,54,2,3,3,4,0.4,0.4
2022-07-01T00:00:00,1414A,106.3787,29.8279,重庆市,缙云山(对照点),臭氧1小时,53,42,39,19,19,200,162,184,168,10,15,12,10,0.4,0.4
2022-07-01T00:00:00,1416A,106.4213,29.8253,重庆市,天生,颗粒物(PM10),59,67,73,28,27,247,91,206,123,28,32,5,7,0.7,0.8
2022-07-01T00:00:00,1417A,106.6263,29.7228,重庆市,两路,,48,48,43,23,21,220,39,165,57,96,74,6,10,0.9,0.8
2022-07-01T00:00:00,1418A,106.2953,29.5983,重庆市,虎溪,,,,,,,,,,,,,,,,
2022-07-01T00:00:00,1419A,106.5777,29.5102,重庆市,南坪,,49,49,55,22,23,260,128,220,138,13,28,11,9,0.5,0.6
2022-07-01T00:00:00,1420A,106.6556,29.6277,重庆市,唐家沱,,44,44,48,14,16,253,42,194,79,59,48,8,10,0.4,0.9
2022-07-01T00:00:00,1421A,106.6349,29.4906,重庆市,茶园,,34,34,54,15,16,238,64,183,102,31,30,6,6,0.6,0.6
2022-07-01T00:00:00,1422A,106.3754,29.4572,重庆市,白市驿,,,,45,,30,153,,127,,,18,,10,,0.8
2022-07-01T00:00:00,1425A,106.6205,29.7166,重庆市,空港,,45,45,41,20,19,224,47,176,67,71,49,8,10,1.1,1.1
2022-07-01T00:00:00,1426A,106.4782,29.4875,重庆市,新山村,,38,38,41,18,15,276,62,208,114,47,52,11,13,0.4,0.5
2022-07-01T00:00:00,1427A,106.5616,29.6453,重庆市,礼嘉,颗粒物(PM10),51,51,60,18,18,238,36,189,82,89,72,12,11,0.7,0.7
2022-07-01T00:00:00,1428A,106.4522,29.7091,重庆市,蔡家,,46,46,48,20,24,260,98,201,100,24,29,5,5,0.5,0.7
2022-07-01T00:00:00,1429A,106.5093,29.3917,重庆市,鱼新街,,41,41,34,25,20,255,74,188,126,22,35,8,8,0.7,0.8
2022-07-01T00:00:00,1431A,103.9728,30.7236,成都市,金泉两河,,26,26,44,9,28,190,38,154,87,44,27,4,6,0.3,0.5
2022-07-01T00:00:00,1432A,104.1419,30.6764,成都市,十里店,,34,34,58,17,28,164,71,142,96,23,46,6,7,0.5,0.7
2022-07-01T00:00:00,1433A,104.0594,30.5767,成都市,三瓦窑,,31,31,57,14,28,135,59,111,73,30,58,4,6,0.4,0.6
2022-07-01T00:00:00,1434A,104.1122,30.6306,成都市,沙河铺,,38,38,51,22,27,145,55,130,86,38,42,4,4,0.5,0.7
2022-07-01T00:00:00,1437A,104.0431,30.6556,成都市,君平街,,30,30,55,14,29,178,60,144,90,38,40,4,5,0.5,0.7
2022-07-01T00:00:00,1438A,103.6202,31.0201,成都市,灵岩寺(对照点),,31,31,27,20,16,140,95,126,109,5,4,13,13,0.6,0.5
2022-07-01T00:00:00,1439A,106.6899,26.5998,贵阳市,马鞍山,,12,12,25,7,13,111,24,81,40,21,14,4,4,0.7,0.7
2022-07-01T00:00:00,1440A,106.6971,26.5694,贵阳市,市环保站,,24,24,25,14,12,101,22,85,46,35,25,3,5,0.4,0.4
2022-07-01T00:00:00,1441A,106.6243,26.6266,贵阳市,鉴湖路,,27,27,22,9,11,105,26,93,60,29,12,3,3,1.0,0.9
2022-07-01T00:00:00,1442A,106.7487,26.6343,贵阳市,燕子冲,,25,14,30,17,21,100,38,86,59,10,17,6,5,0.7,0.7
2022-07-01T00:00:00,1443A,106.6555,26.4365,贵阳市,碧云窝,,24,24,32,7,12,125,22,105,58,14,10,2,4,0.6,0.6
2022-07-01T00:00:00,1444A,106.694,26.5161,贵阳市,中院村,,39,39,30,12,12,120,27,98,49,28,19,2,2,0.4,0.5
2022-07-01T00:00:00,1445A,106.7109,26.6027,贵阳市,红边门,,35,22,28,24,18,112,41,92,55,26,23,2,2,0.3,0.3
2022-07-01T00:00:00,1446A,106.7164,26.5699,贵阳市,新华路,,25,17,26,17,16,106,16,86,50,38,20,5,5,0.5,0.4
2022-07-01T00:00:00,1447A,106.674,26.5424,贵阳市,太慈桥,,19,19,32,9,11,115,5,94,46,26,17,4,5,0.7,0.5
2022-07-01T00:00:00,1450A,102.8204,24.8886,昆明市,呈贡新区,,29,18,39,14,21,116,92,88,88,7,23,11,8,0.3,0.3
2022-07-01T00:00:00,1451A,102.6251,24.9608,昆明市,西山森林公园(对照点),,31,31,35,16,22,169,95,144,130,10,14,7,9,0.4,0.4
2022-07-01T00:00:00,1452A,102.7252,25.0902,昆明市,龙泉镇,,40,28,42,28,22,136,72,130,101,22,17,14,12,0.2,0.2
2022-07-01T00:00:00,1453A,102.7266,25.0375,昆明市,东风东路,,42,42,43,20,18,148,75,141,108,23,18,7,7,0.4,0.3
2022-07-01T00:00:00,1454A,102.6742,25.0669,昆明市,金鼎山,,46,46,44,28,24,141,84,138,114,12,12,9,19,0.4,0.4
2022-07-01T00:00:00,1455A,102.6644,25.0401,昆明市,碧鸡广场,颗粒物(PM10),52,54,40,22,23,153,82,141,113,17,17,10,17,0.4,0.4
2022-07-01T00:00:00,1456A,91.1319,29.6514,拉萨市,八廓街,,39,33,24,10,12,159,122,155,138,14,13,6,6,0.1,0.1
2022-07-01T00:00:00,1457A,91.1221,29.6747,拉萨市,市环保局,,,18,22,,,169,125,160,142,11,16,7,8,0.1,0.2
2022-07-01T00:00:00,1458A,91.0874,29.6475,拉萨市,区监测站,,40,26,24,4,7,175,125,162,141,16,21,8,8,0.2,0.3
2022-07-01T00:00:00,1459A,91.1774,29.6541,拉萨市,西藏大学,,39,26,22,7,8,152,123,150,128,11,12,7,7,0.2,0.2
2022-07-01T00:00:00,1460A,90.9798,29.6588,拉萨市,区辐射站,,34,28,20,14,11,159,108,146,131,22,21,8,9,0.2,0.2
2022-07-01T00:00:00,1461A,91.0834,29.6292,拉萨市,拉萨火车站,,39,30,25,9,9,163,123,153,141,12,19,10,9,0.1,0.2
2022-07-01T00:00:00,1462A,108.882,34.2749,西安市,高压开关厂,颗粒物(PM10),55,59,59,24,28,259,126,241,183,23,29,6,8,0.6,0.6
2022-07-01T00:00:00,1463A,108.993,34.2629,西安市,兴庆小区,颗粒物(PM10),55,59,58,25,26,242,108,226,168,24,33,5,7,0.5,0.7
2022-07-01T00:00:00,1464A,109.06,34.2572,西安市,纺织城,,44,44,71,24,27,237,85,226,121,36,51,7,8,0.5,0.6
2022-07-01T00:00:00,1465A,108.9356,34.2173,西安市,小寨,,43,43,57,13,23,268,100,236,165,32,40,5,7,0.3,0.4
2022-07-01T00:00:00,1466A,108.954,34.2713,西安市,市人民体育场,颗粒物(PM10),56,61,59,20,25,248,107,231,171,31,30,5,8,0.5,0.5
2022-07-01T00:00:00,1467A,108.8922,34.2322,西安市,高新西区,,44,44,58,23,22,274,124,247,184,24,30,7,8,0.6,0.6
2022-07-01T00:00:00,1468A,108.935,34.3474,西安市,经开区,颗粒物(PM10),53,56,60,31,27,216,96,199,153,25,24,5,5,0.5,0.5
2022-07-01T00:00:00,1469A,108.906,34.1546,西安市,长安区,颗粒物(PM10),60,70,72,23,22,313,78,276,187,51,46,7,9,0.5,0.6
2022-07-01T00:00:00,1471A,109.2186,34.3731,西安市,临潼区,,47,47,44,20,17,168,109,168,151,41,31,5,6,0.4,0.4
2022-07-01T00:00:00,1472A,108.869,34.378,西安市,草滩(对照点),,40,38,51,28,24,220,98,205,160,33,26,8,9,0.8,0.8
2022-07-01T00:00:00,1473A,108.985,34.1978,西安市,曲江文化产业集团,颗粒物(PM10),63,75,75,16,24,278,94,242,165,28,41,5,8,0.5,0.6
2022-07-01T00:00:00,1474A,109.051,34.3213,西安市,广运潭,颗粒物(PM10),70,89,59,34,27,215,78,198,153,41,38,7,9,0.6,0.6
2022-07-01T00:00:00,1476A,103.631,36.1031,兰州市,兰炼宾馆,颗粒物(PM10),55,60,55,21,21,176,92,159,124,30,46,4,15,0,0.5
2022-07-01T00:00:00,1477A,104.1373,35.9454,兰州市,榆中兰大校区(对照点),,,,,,,,,,,,,,,,
2022-07-01T00:00:00,1478A,103.8412,36.0726,兰州市,生物制品所,,35,35,61,11,24,189,103,158,126,27,44,5,12,0.6,0.8
2022-07-01T00:00:00,1479A,103.831,36.0464,兰州市,铁路设计院,,38,35,54,26,20,167,104,148,119,28,53,5,18,0.4,0.7
2022-07-01T00:00:00,1483A,101.524,36.6867,西宁市,第五水厂(对照点),颗粒物(PM10),56,61,19,12,8,150,86,142,124,17,13,11,11,0.6,0.6
2022-07-01T00:00:00,1484A,105.9512,38.6016,银川市,贺兰山马莲口(对照点),,48,23,26,18,16,192,152,183,170,5,9,12,16,0.5,0.7
2022-07-01T00:00:00,1488A,106.2328,38.4975,银川市,贺兰山东路,,35,26,24,6,9,166,112,160,149,26,19,14,9,0.6,0.5
2022-07-01T00:00:00,1489A,106.1358,38.5036,银川市,学院路,,35,35,39,22,21,167,96,158,143,38,22,13,11,0.6,0.7
2022-07-01T00:00:00,1490A,87.5801,43.8303,乌鲁木齐市,监测站,颗粒物(PM10),64,78,46,25,14,152,125,137,126,8,30,9,10,0.4,0.5
2022-07-01T00:00:00,1491A,87.6046,43.768,乌鲁木齐市,收费所,颗粒物(PM10),66,82,56,10,18,138,131,130,117,28,44,8,8,0.4,0.4
2022-07-01T00:00:00,1492A,87.4754,43.9469,乌鲁木齐市,新疆农科院农场(对照点),,,,71,23,19,167,105,146,129,16,27,11,11,0.9,0.8
2022-07-01T00:00:00,1493A,87.5525,43.8711,乌鲁木齐市,铁路局,颗粒物(PM10),85,120,50,26,16,172,127,149,132,12,33,9,10,0.3,0.4
2022-07-01T00:00:00,1494A,87.6432,43.831,乌鲁木齐市,三十一中学,,,,,,,,,,,,,,,,
2022-07-01T00:00:00,1496A,87.7216,44.1747,乌鲁木齐市,米东区环保局,颗粒物(PM10),148,245,62,37,18,150,80,143,117,22,27,11,13,0.2,0.3
2022-07-01T00:00:00,1508A,112.9433,27.8614,湘潭市,板塘,,35,35,30,24,20,136,61,126,92,20,17,8,6,0.4,0.3
2022-07-01T00:00:00,1511A,112.9118,27.8403,湘潭市,市监测站,,29,12,18,20,16,129,71,121,94,14,11,6,7,0.7,0.7
2022-07-01T00:00:00,1512A,112.8937,27.8728,湘潭市,江麓,,38,38,30,21,10,149,75,136,105,12,10,2,6,0.4,0.3
2022-07-01T00:00:00,1513A,112.9227,27.8159,湘潭市,岳塘,,35,35,29,12,14,134,46,120,90,18,8,14,11,0.8,0.8
2022-07-01T00:00:00,1514A,112.9074,27.9119,湘潭市,科大,,39,39,31,24,18,143,65,127,94,15,14,6,5,0.2,0.2
2022-07-01T00:00:00,1515A,113.135,27.8244,株洲市,天台山庄,,33,12,14,23,16,113,70,103,89,12,9,5,5,0.4,0.4
2022-07-01T00:00:00,1518A,113.095,27.8867,株洲市,株冶医院,,36,29,15,25,15,112,42,102,82,33,16,5,7,0.4,0.5
2022-07-01T00:00:00,1519A,113.167,27.8667,株洲市,市四中,,,,10,21,14,108,,102,99,10,9,5,4,0.7,0.6
2022-07-01T00:00:00,1520A,113.143,27.8381,株洲市,火车站,,31,31,20,15,15,114,67,102,86,10,8,5,6,0.4,0.4
2022-07-01T00:00:00,1524A,113.13,27.8528,株洲市,市监测站,,32,27,20,22,17,130,78,121,102,12,8,4,7,0.4,0.4
2022-07-01T00:00:00,1552A,106.805,26.3003,贵阳市,桐木岭(对照点),,,,,,,,,,,,,,,,
2022-07-01T00:00:00,1559A,113.251,27.8336,株洲市,大京风景区(对照点),,29,29,22,11,14,105,14,98,60,6,5,1,3,0.4,0.4
2022-07-01T00:00:00,1562A,113.0048,27.9153,湘潭市,昭山,,26,22,19,18,15,124,42,112,74,26,15,6,6,0.6,0.5
2022-07-01T00:00:00,1564A,112.4876,27.9164,湘潭市,韶山(对照点),,32,32,29,15,11,106,26,99,69,12,10,3,3,1.0,0.9
2022-07-01T00:00:00,1585A,109.8756,40.6532,包头市,市环境监测站,,37,37,30,7,13,175,66,146,131,53,30,7,11,0.6,0.8
2022-07-01T00:00:00,1587A,109.9991,40.5842,包头市,包头八中,,38,38,40,12,21,197,117,177,151,20,28,49,25,0.8,1.1
2022-07-01T00:00:00,1588A,109.8538,40.6821,包头市,青山宾馆,颗粒物(PM10),57,64,29,21,13,171,90,136,125,33,25,10,9,0.7,0.7
2022-07-01T00:00:00,1589A,109.8642,40.6288,包头市,惠龙物流,,34,34,34,12,12,182,98,159,151,39,32,12,18,0.6,1.1
2022-07-01T00:00:00,1590A,110.0377,40.5546,包头市,东河鸿龙湾,颗粒物(PM10),55,60,39,34,16,203,63,184,134,70,26,59,14,0.7,0.8
2022-07-01T00:00:00,1591A,110.0023,39.8129,鄂尔多斯市,综合楼,,32,21,20,9,7,138,102,132,122,37,27,8,28,0.4,0.5
2022-07-01T00:00:00,1592A,109.9486,39.8261,鄂尔多斯市,巴音孟克林场办事处,颗粒物(PM10),51,51,34,12,11,138,68,130,114,62,28,8,14,0.6,0.5
2022-07-01T00:00:00,1593A,109.7736,39.5986,鄂尔多斯市,康泽苑,,27,27,22,9,7,146,60,141,120,37,12,4,5,0.4,0.5
2022-07-01T00:00:00,1594A,109.8119,39.5989,鄂尔多斯市,华泰汽车城,,36,36,22,9,9,147,31,141,103,71,20,6,7,0.6,0.5
2022-07-01T00:00:00,1595A,109.9734,39.7884,鄂尔多斯市,奥林花园,,36,36,27,9,11,138,70,131,116,48,22,5,7,0.6,0.5
2022-07-01T00:00:00,1597A,122.2703,40.7094,营口市,大庆路,,33,33,38,18,30,145,24,126,54,29,19,4,4,0.8,0.8
2022-07-01T00:00:00,1598A,122.215,40.6511,营口市,镜湖西路,,24,24,32,7,18,129,43,116,75,22,19,2,2,0.4,0.6
2022-07-01T00:00:00,1599A,122.167,40.6655,营口市,西炮台,,32,32,32,20,20,127,21,118,70,40,23,10,7,0.8,0.6
2022-07-01T00:00:00,1600A,124.3303,40.0625,丹东市,江湾东路,,30,29,16,21,18,95,31,74,63,13,10,9,6,0.4,0.5
2022-07-01T00:00:00,1601A,124.4256,40.1503,丹东市,临江后街,,,,,2,6,100,40,81,72,1,4,10,10,1.0,1.2
2022-07-01T00:00:00,1602A,124.3933,40.1461,丹东市,元宝山,,11,4,13,1,6,78,35,64,59,4,6,5,5,0.1,0.3
2022-07-01T00:00:00,1603A,124.3633,40.1092,丹东市,民主桥,,14,14,16,8,9,90,35,71,63,5,12,8,8,0.3,0.6
2022-07-01T00:00:00,1604A,122.0303,41.1489,盘锦市,开发区,,32,28,30,22,20,117,51,105,79,24,25,2,3,1.1,0.8
2022-07-01T00:00:00,1605A,122.0485,41.0883,盘锦市,兴隆台,,45,45,33,18,18,119,51,113,77,27,32,1,2,0.9,0.8
2022-07-01T00:00:00,1606A,121.8297,41.1028,盘锦市,新生街道,,40,17,20,28,16,141,71,126,108,22,16,5,3,0.8,0.6
2022-07-01T00:00:00,1607A,120.9092,40.7136,葫芦岛市,龙港区,细颗粒物(PM2.5),55,32,31,39,26,122,106,119,111,3,8,2,11,0.5,0.6
2022-07-01T00:00:00,1608A,120.8392,40.7514,葫芦岛市,化工街,细颗粒物(PM2.5),52,31,36,36,24,168,118,143,117,7,22,5,10,0.4,0.4
2022-07-01T00:00:00,1609A,120.8341,40.7073,葫芦岛市,新区,,46,32,34,32,29,132,115,126,117,4,18,4,8,0.5,0.6
2022-07-01T00:00:00,1610A,120.8695,40.7677,葫芦岛市,东城区,细颗粒物(PM2.5),54,33,35,38,26,141,100,124,100,8,20,4,14,0.4,0.4
2022-07-01T00:00:00,1611A,118.5819,24.9117,泉州市,涂山街,,14,14,32,7,9,128,38,98,48,6,11,5,6,0.2,0.2
2022-07-01T00:00:00,1612A,118.5972,24.8978,泉州市,津头埔,,19,19,37,4,12,136,33,91,44,8,15,4,6,0.1,0.2
2022-07-01T00:00:00,1613A,118.6663,24.9424,泉州市,万安,,23,23,35,5,12,134,30,92,42,6,12,5,6,0.5,0.5
2022-07-01T00:00:00,1614A,118.6117,24.9604,泉州市,清源山(对照点),,,,,,,,,,,,,,,,
2022-07-01T00:00:00,1616A,117.6795,36.229,济南市,技术学院,,34,12,25,14,19,187,106,161,131,18,20,7,8,0.8,0.9
2022-07-01T00:00:00,1618A,118.3429,35.0532,临沂市,沂河小区,,36,31,36,25,25,208,90,182,110,21,20,7,7,0.4,0.6
2022-07-01T00:00:00,1619A,118.295,35.0583,临沂市,鲁南制药厂,,33,12,23,13,19,208,103,169,102,16,21,5,5,0.3,0.6
2022-07-01T00:00:00,1620A,118.2794,34.9976,临沂市,新光毛纺厂,,28,24,30,15,18,199,88,166,99,17,19,4,5,0.5,0.7
2022-07-01T00:00:00,1621A,118.3956,35.0888,临沂市,河东保险公司,,29,29,26,14,19,172,48,149,88,25,15,3,4,0.4,0.5
2022-07-01T00:00:00,1622A,116.3032,37.4674,德州市,儿童乐园,颗粒物(PM10),53,56,39,29,27,151,27,137,77,52,21,4,7,0.7,0.7
2022-07-01T00:00:00,1624A,116.2991,37.4451,德州市,监理站,,42,42,30,19,23,156,37,141,85,38,13,10,11,0.9,0.8
2022-07-01T00:00:00,1625A,115.9848,36.4372,聊城市,区政府,,30,30,27,17,18,158,88,146,130,18,14,5,6,0.6,0.6
2022-07-01T00:00:00,1628A,118.0062,37.3803,滨州市,市环保局,,35,5,44,9,33,172,110,159,136,6,8,2,2,0.0,0.2
2022-07-01T00:00:00,1629A,118.0018,37.3617,滨州市,第二水厂,,32,10,32,13,24,156,101,140,120,10,13,6,12,0.6,0.7
2022-07-01T00:00:00,1630A,117.9776,37.393,滨州市,北中新校,,27,8,37,6,26,151,86,138,119,9,16,6,7,0.5,0.6
2022-07-01T00:00:00,1631A,118.0414,36.8103,淄博市,人民公园,,46,46,51,24,34,186,62,161,108,16,21,10,9,0.5,0.4
2022-07-01T00:00:00,1633A,117.8525,36.4847,淄博市,双山,,38,12,34,10,26,203,119,159,123,16,24,6,7,0.3,0.4
2022-07-01T00:00:00,1634A,117.9592,36.6331,淄博市,气象站,,32,25,49,22,34,254,78,194,124,17,25,9,13,0.3,0.5
2022-07-01T00:00:00,1635A,118.3092,36.8194,淄博市,莆田园,,32,29,44,22,31,198,52,163,98,28,27,6,8,0.6,0.9
2022-07-01T00:00:00,1637A,117.558,34.8438,枣庄市,市中区政府,,34,31,28,12,11,220,106,185,134,14,11,8,10,0.4,0.4
2022-07-01T00:00:00,1638A,117.2852,34.7837,枣庄市,薛城环保局,,37,37,36,14,16,211,106,186,131,20,21,18,20,0.7,0.8
2022-07-01T00:00:00,1639A,117.5852,34.7745,枣庄市,峄城区政府,,35,24,30,12,14,201,111,173,121,15,15,10,10,0.4,0.4
2022-07-01T00:00:00,1640A,117.7276,34.5578,枣庄市,台儿庄区环保局,,29,19,21,17,11,166,92,143,103,16,13,9,10,0.6,0.6
2022-07-01T00:00:00,1641A,117.4518,35.0992,枣庄市,山亭区环保局,,,17,25,15,20,216,,197,165,8,12,8,10,0.4,0.5
2022-07-01T00:00:00,1642A,121.2514,37.5639,烟台市,开发区,,43,7,30,2,20,136,136,126,126,3,18,8,9,0.4,0.5
2022-07-01T00:00:00,1643A,121.3719,37.5433,烟台市,轴承厂,,40,7,31,11,21,129,126,110,109,2,16,4,5,0.1,0.3
2022-07-01T00:00:00,1644A,121.3181,37.5436,烟台市,西郊化工站,,38,5,37,0,20,120,120,100,100,2,23,6,6,0.2,0.4
2022-07-01T00:00:00,1645A,121.4478,37.4822,烟台市,莱山环保局,,39,5,22,2,16,128,124,116,116,6,7,6,6,0.4,0.6
2022-07-01T00:00:00,1646A,121.2611,37.4967,烟台市,福山环保局,,36,7,29,2,21,128,114,111,110,5,16,3,6,0.5,0.6
2022-07-01T00:00:00,1650A,119.1437,36.7023,潍坊市,环保局,,29,29,37,18,30,194,90,164,120,11,12,9,10,1.0,0.7
2022-07-01T00:00:00,1653A,116.6251,35.4302,济宁市,火炬城,,35,18,48,12,30,179,110,159,142,9,16,10,11,0.5,0.8
2022-07-01T00:00:00,1655A,116.5491,35.4042,济宁市,电化厂,,38,19,48,14,26,179,121,159,143,7,15,6,7,0.6,0.9
2022-07-01T00:00:00,1656A,117.1437,36.1937,泰安市,监测站,,41,22,46,10,25,166,130,149,144,9,12,10,11,0.4,0.6
2022-07-01T00:00:00,1657A,117.0885,36.2017,泰安市,人口学校,,41,27,42,8,23,166,130,150,148,11,14,7,7,0.1,0.3
2022-07-01T00:00:00,1658A,117.1089,36.1758,泰安市,电力学校,,37,14,50,18,25,171,117,151,143,6,11,6,8,0.3,0.5
2022-07-01T00:00:00,1659A,119.471,35.4209,日照市,监测站,,23,22,29,11,23,139,72,110,77,15,15,8,8,0.7,0.8
2022-07-01T00:00:00,1660A,119.523,35.4216,日照市,市政府广场,,33,12,31,9,19,117,103,105,95,4,9,4,4,0.5,0.7
2022-07-01T00:00:00,1661A,119.5587,35.4044,日照市,港务局,,33,19,32,2,16,126,104,113,100,10,12,3,4,0.5,0.8
2022-07-01T00:00:00,1662A,122.1214,37.4236,威海市,华夏技校,,31,12,25,12,21,98,98,88,88,6,10,4,4,0.4,0.4
2022-07-01T00:00:00,1663A,122.0508,37.5236,威海市,山大分校,,38,5,26,2,23,124,119,101,101,7,13,2,2,0.2,0.3
2022-07-01T00:00:00,1664A,122.1067,37.5072,威海市,市监测站,,33,7,28,10,27,104,104,93,93,8,18,4,5,0.3,0.4
2022-07-01T00:00:00,1666A,118.6614,37.4309,东营市,市环保局,,35,7,25,7,22,128,111,120,116,5,5,8,8,0.8,0.8
2022-07-01T00:00:00,1669A,113.5824,24.7733,韶关市,市八中,,,22,23,,9,72,2,57,14,20,14,12,9,0.5,0.4
2022-07-01T00:00:00,1671A,113.5917,24.7972,韶关市,园林处,,20,17,27,14,9,70,9,57,18,13,9,8,8,0.6,0.5
2022-07-01T00:00:00,1672A,113.6735,24.7791,韶关市,韶关学院,,20,20,16,14,10,62,2,50,14,15,11,8,8,0.5,0.5
2022-07-01T00:00:00,1673A,113.5971,24.6863,韶关市,曲江监测站,,22,22,31,8,11,72,12,52,15,14,14,17,17,0.4,0.8
2022-07-01T00:00:00,1674A,116.6794,23.3667,汕头市,金平子站,,24,24,19,13,13,74,73,65,64,16,8,4,4,0.5,0.7
2022-07-01T00:00:00,1675A,116.7244,23.3633,汕头市,龙湖子站,,28,25,20,4,4,87,87,74,72,12,9,8,7,0.5,0.5
2022-07-01T00:00:00,1676A,116.7258,23.2775,汕头市,濠江子站,,22,16,18,9,7,74,69,68,68,9,6,9,9,0.5,0.5
2022-07-01T00:00:00,1677A,116.7519,23.4714,汕头市,澄海子站,,29,26,21,8,6,90,90,70,70,11,8,5,5,0.5,0.4
2022-07-01T00:00:00,1678A,116.6092,23.2539,汕头市,潮阳子站,,20,20,18,3,5,71,60,66,64,5,5,7,7,0.5,0.5
2022-07-01T00:00:00,1680A,110.3539,21.2706,湛江市,湛江影剧院,,16,16,20,6,8,79,45,73,59,6,6,6,5,0.3,0.3
2022-07-01T00:00:00,1681A,110.3928,21.2228,湛江市,市环境监测站,,16,6,19,11,9,82,45,70,61,9,6,6,6,0.5,0.5
2022-07-01T00:00:00,1682A,110.4019,21.1997,湛江市,环保局宿舍,,23,17,18,16,16,77,40,66,55,10,7,5,5,0.5,0.5
2022-07-01T00:00:00,1683A,110.4111,21.2028,湛江市,霞山游泳场,,13,8,20,8,12,79,40,63,54,13,10,7,6,0.4,0.4
2022-07-01T00:00:00,1684A,110.3316,21.2679,湛江市,麻章区环保局,,18,18,21,12,7,81,42,72,59,7,6,4,4,0.4,0.4
2022-07-01T00:00:00,1685A,110.4558,21.2567,湛江市,坡头区环保局,,18,11,22,12,11,83,47,72,57,8,8,6,6,0.5,0.5
2022-07-01T00:00:00,1686A,111.0286,21.4688,茂名市,电白南海,,19,19,28,12,13,94,48,73,55,6,6,6,5,0.4,0.5
2022-07-01T00:00:00,1687A,110.9294,21.6533,茂名市,茂石化七小,,25,22,18,17,13,65,40,62,49,10,8,5,4,0.6,0.5
2022-07-01T00:00:00,1688A,110.9107,21.6687,茂名市,健康路,,35,14,15,24,7,75,45,67,51,8,7,9,8,0.6,0.6
2022-07-01T00:00:00,1689A,110.8592,21.6828,茂名市,高岭,,15,9,6,2,4,75,48,67,53,8,7,18,16,0.5,0.4
2022-07-01T00:00:00,1690A,116.1231,24.3284,梅州市,梅江月梅,,14,14,15,4,4,56,25,45,28,6,6,2,3,0.4,0.4
2022-07-01T00:00:00,1691A,116.0797,24.2719,梅州市,梅县新城,,19,19,16,8,6,53,6,46,19,22,13,3,3,0.6,0.5
2022-07-01T00:00:00,1692A,116.1248,24.2654,梅州市,环境监控中心,,18,18,17,6,4,51,21,41,23,14,12,17,8,0.5,0.5
2022-07-01T00:00:00,1693A,115.3653,22.775,汕尾市,市环保局,,12,9,12,3,4,52,37,46,44,5,6,5,5,0.5,0.5
2022-07-01T00:00:00,1694A,115.3706,22.7898,汕尾市,市政府,,,,14,,4,51,,49,49,,5,,6,,0.5
2022-07-01T00:00:00,1695A,115.3622,22.7925,汕尾市,新城中学,,,,16,3,6,54,38,48,46,3,3,5,5,0.5,0.5
2022-07-01T00:00:00,1696A,114.6778,23.7569,河源市,源西(对照点),,17,17,17,6,5,39,5,34,16,16,8,4,4,0.3,0.3
2022-07-01T00:00:00,1697A,114.6944,23.7586,河源市,东埔,,22,22,12,6,4,38,16,34,20,15,11,4,4,0.5,0.5
2022-07-01T00:00:00,1698A,114.6892,23.7233,河源市,老城,,11,11,12,5,5,42,20,37,25,14,10,2,2,0.6,0.6
2022-07-01T00:00:00,1699A,111.9797,21.8593,阳江市,鸳鸯湖(对照点),,,,,,,,,,,,,,,,
2022-07-01T00:00:00,1701A,111.9491,21.8658,阳江市,马南垌,,13,12,14,9,9,75,23,62,45,16,11,3,3,0.3,0.4
2022-07-01T00:00:00,1702A,113.0426,23.691,清远市,环保大楼(对照点),,10,10,13,7,10,72,18,63,34,13,9,4,4,0.3,0.3
2022-07-01T00:00:00,1703A,113.0208,23.7106,清远市,凤城街办,,10,10,14,5,7,53,13,47,19,11,10,5,6,0.5,0.5
2022-07-01T00:00:00,1705A,116.6367,23.6719,潮州市,西园路(对照点),,25,14,14,17,10,81,60,75,56,13,8,6,5,0.8,0.7
2022-07-01T00:00:00,1706A,116.6447,23.6706,潮州市,档案局,,29,29,18,5,5,80,74,70,61,11,8,8,7,0.5,0.4
2022-07-01T00:00:00,1708A,116.3701,23.5345,揭阳市,新兴,,49,49,26,12,11,84,43,70,56,17,9,11,7,0.6,0.4
2022-07-01T00:00:00,1709A,116.3264,23.5443,揭阳市,西马,,37,37,21,7,2,92,47,75,60,12,6,11,9,0.6,0.5
2022-07-01T00:00:00,1710A,116.3611,23.5626,揭阳市,东兴,,36,36,21,12,6,81,30,69,53,28,10,12,6,0.6,0.5
2022-07-01T00:00:00,1711A,116.4151,23.5294,揭阳市,渔湖,颗粒物(PM10),53,55,26,22,10,80,34,68,52,22,8,11,5,0.7,0.6
2022-07-01T00:00:00,1712A,112.0392,22.9169,云浮市,新市府(对照点),,,,,,,,,,,,,,,,
2022-07-01T00:00:00,1714A,112.0539,22.9539,云浮市,牧羊,,11,11,24,7,14,90,28,74,52,18,16,8,9,0.4,0.5
2022-07-01T00:00:00,1715A,102.575,24.3711,玉溪市,东风水库,,36,36,33,16,17,129,69,125,103,12,12,4,4,0.6,0.7
2022-07-01T00:00:00,1718A,115.4208,35.2464,菏泽市,气象局,细颗粒物(PM2.5),58,46,35,41,26,170,111,158,140,16,15,5,6,0.5,0.5
2022-07-01T00:00:00,1719A,115.4747,35.2375,菏泽市,市政协,,45,44,36,31,23,174,126,161,142,12,12,6,8,0.3,0.3
2022-07-01T00:00:00,1721A,113.3819,40.1097,大同市,果树场(对照点),,,,,,,,,,,,,,,,
2022-07-01T00:00:00,1723A,113.2994,40.0758,大同市,云冈宾馆,,41,41,36,22,13,123,30,102,51,51,32,8,10,0.6,0.6
2022-07-01T00:00:00,1724A,113.3444,40.0917,大同市,大同大学,,24,24,26,9,8,120,42,107,58,30,22,7,14,0.5,0.5
2022-07-01T00:00:00,1725A,113.2661,40.1269,大同市,安家小村,,34,34,32,6,11,130,57,118,79,25,22,16,13,0.5,0.5
2022-07-01T00:00:00,1726A,113.2711,40.0844,大同市,教育学院,颗粒物(PM10),53,55,42,13,15,125,23,101,56,51,30,10,11,0.7,0.5
2022-07-01T00:00:00,1727A,113.1147,36.1547,长治市,清华站,,34,34,33,22,20,172,69,129,85,22,25,9,10,1.0,0.7
2022-07-01T00:00:00,1728A,113.1031,36.1989,长治市,监测站,,33,33,39,14,17,181,69,144,85,14,13,9,9,0.8,0.8
2022-07-01T00:00:00,1730A,113.0886,36.2125,长治市,审计局,,32,24,24,22,20,182,71,148,97,18,15,8,9,1.1,1
2022-07-01T00:00:00,1731A,113.0844,36.1856,长治市,长治八中,,40,40,30,20,15,179,62,143,87,24,20,10,12,1.2,0.9
2022-07-01T00:00:00,1733A,111.5531,36.0783,临汾市,临钢医院,,36,36,36,15,16,180,64,171,109,40,21,2,3,0.6,0.7
2022-07-01T00:00:00,1734A,111.5028,36.0714,临汾市,技工学校,,33,13,22,23,21,176,86,164,115,14,14,4,8,0.6,0.6
2022-07-01T00:00:00,1736A,111.5018,36.0855,临汾市,市委,,30,30,29,13,19,182,94,174,124,13,14,2,6,0.4,0.5
2022-07-01T00:00:00,1738A,113.5758,37.8572,阳泉市,市中心,颗粒物(PM10),61,72,38,25,16,149,112,144,138,20,15,16,15,0.9,0.8
2022-07-01T00:00:00,1739A,113.4894,37.8731,阳泉市,赛鱼,,39,39,26,17,15,155,64,145,122,39,18,10,10,0.7,0.8
2022-07-01T00:00:00,1740A,113.5819,37.8486,阳泉市,南庄,颗粒物(PM10),52,53,36,28,24,148,112,144,139,20,15,15,14,0.9,0.9
2022-07-01T00:00:00,1742A,113.5614,37.8703,阳泉市,平坦,颗粒物(PM10),53,56,40,11,13,151,117,144,138,18,16,19,14,1.0,0.9
2022-07-01T00:00:00,1743A,113.5158,37.8392,阳泉市,大阳泉,,36,36,24,25,17,143,113,136,133,16,13,13,8,0.7,0.7
2022-07-01T00:00:00,1744A,118.9233,42.2816,赤峰市,松山一中,,31,31,26,14,13,132,35,121,89,46,25,14,14,1.1,0.8
2022-07-01T00:00:00,1745A,118.9576,42.2728,赤峰市,哈达街,,43,43,30,13,9,139,20,116,83,50,24,17,19,1.0,0.8
2022-07-01T00:00:00,1746A,118.8788,42.2554,赤峰市,天义路,,28,28,20,9,7,151,52,132,92,26,19,12,12,0.8,0.6
2022-07-01T00:00:00,1748A,123.044,41.1196,鞍山市,深沟寺,,12,12,22,4,14,100,33,77,39,5,10,5,4,0.3,0.5
2022-07-01T00:00:00,1749A,123.011,41.0931,鞍山市,太阳城,,13,10,22,9,16,101,34,88,29,9,12,6,6,0.7,1
2022-07-01T00:00:00,1750A,123.0485,41.1442,鞍山市,太平,,17,5,24,3,15,113,53,90,47,6,19,5,6,0.7,1
2022-07-01T00:00:00,1751A,122.9642,41.0971,鞍山市,铁西三道街,,15,14,37,4,20,109,46,90,29,14,34,5,7,0.5,1.5
2022-07-01T00:00:00,1752A,122.9341,41.0833,鞍山市,铁西工业园区,,28,28,36,13,20,131,16,103,27,36,31,3,5,0.9,1.4
2022-07-01T00:00:00,1753A,123.022,41.0821,鞍山市,明达新区,,12,12,22,4,12,111,32,100,49,6,10,3,3,0.5,0.7
2022-07-01T00:00:00,1754A,123.1289,41.0228,鞍山市,千山(对照点),,,,,,,,,,,,,,,,
2022-07-01T00:00:00,1755A,123.7977,41.8491,抚顺市,望花区,,,,43,,25,153,,134,102,,21,,2,,1.1
2022-07-01T00:00:00,1756A,123.9161,41.8822,抚顺市,顺城区,,46,46,48,17,27,116,44,106,79,25,29,7,8,0.8,1.2
2022-07-01T00:00:00,1757A,124.0436,41.8611,抚顺市,东洲区,,24,19,38,10,22,152,76,137,105,5,13,4,5,0.6,0.9
2022-07-01T00:00:00,1758A,123.9247,41.8642,抚顺市,新抚区,颗粒物(PM10),51,52,41,33,25,145,42,132,89,20,20,3,4,0.7,1
2022-07-01T00:00:00,1759A,124.0972,41.8961,抚顺市,大伙房水库,,25,21,33,10,23,160,79,140,108,4,9,5,8,0.4,0.7
2022-07-01T00:00:00,1760A,123.7086,41.8391,抚顺市,沈抚新城,,38,33,47,26,28,158,45,140,96,26,20,3,3,0.9,1
2022-07-01T00:00:00,1761A,123.8275,41.3064,本溪市,大峪,,30,30,35,6,10,108,28,94,42,17,17,5,5,0.3,0.4
2022-07-01T00:00:00,1762A,123.7567,41.3325,本溪市,溪湖,,23,23,28,9,15,55,15,45,34,26,27,5,5,0.5,1
2022-07-01T00:00:00,1763A,123.7169,41.3094,本溪市,彩屯,,48,48,36,32,23,90,8,75,34,28,26,4,4,1.7,1.9
2022-07-01T00:00:00,1764A,123.7669,41.2864,本溪市,东明,,15,13,20,9,11,105,48,95,61,15,12,5,6,0.5,0.5
2022-07-01T00:00:00,1765A,123.7992,41.2664,本溪市,新立屯,,19,19,22,6,9,110,15,92,30,25,11,4,4,0.7,0.7
2022-07-01T00:00:00,1766A,123.8142,41.3472,本溪市,威宁,,39,39,37,9,11,108,5,80,15,14,14,8,8,0.6,0.7
2022-07-01T00:00:00,1767A,121.1115,41.0879,锦州市,南山,细颗粒物(PM2.5),54,25,25,38,23,119,58,112,90,33,12,5,7,0.6,0.7
2022-07-01T00:00:00,1768A,121.0533,40.8434,锦州市,开发区,,49,49,51,34,31,141,97,121,92,11,25,6,17,0.6,0.7
2022-07-01T00:00:00,1769A,121.1836,41.1119,锦州市,百股街道,,28,20,27,17,19,136,87,124,96,11,12,1,8,0.5,0.5
2022-07-01T00:00:00,1770A,121.1178,41.1222,锦州市,天安街道,细颗粒物(PM2.5),60,43,34,43,23,122,46,116,94,31,16,7,10,0.7,0.7
2022-07-01T00:00:00,1771A,121.1303,41.1386,锦州市,北湖公园,细颗粒物(PM2.5),57,33,35,40,25,128,59,122,104,14,10,9,8,0.6,0.6
2022-07-01T00:00:00,1772A,126.54,43.8622,吉林市,哈达湾,,35,35,22,18,14,107,20,96,67,31,14,5,8,0.8,0.6
2022-07-01T00:00:00,1773A,126.5844,43.8358,吉林市,东局子,,28,28,22,14,13,107,31,81,50,20,16,5,8,0.8,0.7
2022-07-01T00:00:00,1774A,126.5052,43.8245,吉林市,电力学院,,21,21,14,10,12,108,9,94,56,25,11,6,7,0.6,0.6
2022-07-01T00:00:00,1775A,126.6133,43.8972,吉林市,江北,,18,18,18,7,10,101,15,79,39,27,11,9,9,0.7,0.7
2022-07-01T00:00:00,1776A,126.555,43.8306,吉林市,江南公园,,24,24,21,16,13,101,38,88,64,12,15,2,4,0.7,0.7
2022-07-01T00:00:00,1778A,126.7061,43.7133,吉林市,丰满(对照点),,,,,,,,,,,,,,,,
2022-07-01T00:00:00,1779A,123.9305,47.3636,齐齐哈尔市,安居小区,,,28,26,14,12,130,92,120,85,17,18,,4,0.6,0.6
2022-07-01T00:00:00,1780A,123.9488,47.3386,齐齐哈尔市,中心广场,,40,40,24,26,9,150,81,128,92,13,15,3,3,0.4,0.5
2022-07-01T00:00:00,1781A,123.9483,47.3227,齐齐哈尔市,农牧车辆厂,,,,,,,,,,,,,,,,
2022-07-01T00:00:00,1783A,123.945,47.2988,齐齐哈尔市,市环境监测站,,29,15,20,10,11,145,92,130,102,8,12,6,6,0.3,0.3
2022-07-01T00:00:00,1784A,129.61,44.561,牡丹江市,环保大楼,,10,7,8,4,6,58,29,54,30,6,6,3,3,0.5,0.5
2022-07-01T00:00:00,1785A,129.6115,44.5782,牡丹江市,文化广场,,10,8,10,7,7,56,31,51,30,7,10,2,2,0.4,0.4
2022-07-01T00:00:00,1786A,129.5904,44.5963,牡丹江市,第一医院,,12,7,11,8,7,50,20,46,23,10,10,2,2,0.6,0.6
2022-07-01T00:00:00,1787A,129.6364,44.6075,牡丹江市,机车工厂,,10,7,9,7,6,51,24,48,28,12,10,3,2,0.4,0.4
2022-07-01T00:00:00,1788A,129.6386,44.5462,牡丹江市,第一中学,,31,31,19,7,8,53,22,48,24,13,8,2,2,0.5,0.4
2022-07-01T00:00:00,1789A,124.81117,46.03138,大庆市,大同区,,26,26,18,12,8,117,71,109,96,19,11,5,5,0.4,0.3
2022-07-01T00:00:00,1790A,125.129,46.533,大庆市,龙凤区,,24,7,11,6,6,119,76,111,88,16,15,6,4,0.4,0.3
2022-07-01T00:00:00,1791A,124.902,46.408,大庆市,红岗区,,21,11,10,7,7,134,67,124,91,6,8,4,4,0.3,0.3
2022-07-01T00:00:00,1792A,125.153,46.586,大庆市,萨尔图区,,29,29,18,10,7,115,84,101,91,13,11,4,4,0.3,0.2
2022-07-01T00:00:00,1793A,124.9042,46.6215,大庆市,让胡路区,,33,33,18,5,9,147,54,122,92,30,16,3,3,0.4,0.3
2022-07-01T00:00:00,1794A,118.3606,31.3519,芜湖市,监测站,,12,12,15,5,7,79,38,72,59,18,14,9,8,0.3,0.3
2022-07-01T00:00:00,1795A,118.3714,31.4134,芜湖市,科创中心,,13,10,14,5,7,90,41,75,61,14,14,6,6,0.4,0.5
2022-07-01T00:00:00,1796A,118.3673,31.3131,芜湖市,四水厂,,14,6,16,4,7,96,42,76,64,16,12,6,6,0.4,0.4
2022-07-01T00:00:00,1798A,118.5092,31.6837,马鞍山市,湖东路四小,,20,6,16,3,8,102,61,86,74,8,15,3,3,0.6,0.7
2022-07-01T00:00:00,1799A,118.5024,31.6449,马鞍山市,开发区,,19,14,19,13,10,97,50,81,68,12,14,7,8,0.8,0.7
2022-07-01T00:00:00,1800A,118.5228,31.7231,马鞍山市,慈湖,,20,0,16,2,9,96,61,81,71,3,12,2,4,0.4,0.6
2022-07-01T00:00:00,1802A,118.6245,31.7241,马鞍山市,濮塘(对照点),,15,10,17,2,10,91,47,79,68,2,4,9,9,0.7,0.8
2022-07-01T00:00:00,1803A,115.9872,29.6815,九江市,十里,,20,17,18,8,13,121,18,98,57,40,19,8,8,0.6,0.6
2022-07-01T00:00:00,1804A,115.9584,29.7046,九江市,茅山头,,27,27,16,10,9,108,9,89,60,48,14,8,4,0.5,0.5
2022-07-01T00:00:00,1805A,115.9877,29.7295,九江市,西园,,18,18,24,9,9,124,49,88,70,9,20,12,8,0.3,0.7
2022-07-01T00:00:00,1806A,116.0172,29.6547,九江市,五七二七厂,,23,23,16,12,8,92,48,82,64,9,10,3,3,0.3,0.5
2022-07-01T00:00:00,1808A,115.9114,29.6038,九江市,综合工业园,,14,14,17,7,6,84,35,78,59,14,15,6,6,0.6,0.7
2022-07-01T00:00:00,1809A,116.0721,29.7535,九江市,石化总厂,,49,18,22,34,10,64,35,61,50,20,19,22,7,0.5,0.6
2022-07-01T00:00:00,1810A,115.9773,29.5698,九江市,庐山气象台(对照点),,23,18,9,16,12,89,68,83,68,2,3,2,2,0.2,0.4
2022-07-01T00:00:00,1812A,112.3931,34.6516,洛阳市,市委党校,,41,41,38,28,19,205,130,193,174,8,8,6,6,0.6,0.5
2022-07-01T00:00:00,1814A,112.4657,34.6871,洛阳市,豫西宾馆,,49,47,38,34,25,187,120,177,154,11,11,4,8,0.6,0.4
2022-07-01T00:00:00,1815A,112.494,34.6886,洛阳市,河南林校,,36,36,31,23,16,180,113,169,148,13,10,6,6,0.3,0.3
2022-07-01T00:00:00,1816A,112.3844,34.623,洛阳市,开发区管委会,,45,45,38,31,23,202,131,192,169,7,5,7,7,0.4,0.3
2022-07-01T00:00:00,1817A,112.4267,34.6258,洛阳市,市委新办公区,,43,43,36,30,21,194,126,188,170,10,8,6,6,0.5,0.5
2022-07-01T00:00:00,1818A,114.4839,36.0621,安阳市,棉研所(对照点),细颗粒物(PM2.5),72,81,39,52,30,164,93,143,137,17,14,5,5,1.1,0.8
2022-07-01T00:00:00,1819A,114.3551,36.1017,安阳市,红庙街,细颗粒物(PM2.5),64,66,40,46,22,164,102,147,141,29,20,7,5,0.8,0.5
2022-07-01T00:00:00,1820A,114.361,36.0681,安阳市,银杏小区,颗粒物(PM10),65,80,38,44,27,160,44,142,122,37,16,3,4,0.8,0.7
2022-07-01T00:00:00,1824A,114.3389,34.7781,开封市,肿瘤医院,,36,36,32,18,13,175,103,158,139,12,5,6,6,0.8,0.8
2022-07-01T00:00:00,1826A,114.2885,34.7965,开封市,世纪星幼儿园,,40,33,32,28,16,171,106,154,138,13,10,1,1,0.6,0.6
2022-07-01T00:00:00,1828A,113.227,35.2125,焦作市,市环保局,,32,27,25,22,19,180,100,159,131,10,7,2,2,0.7,0.5
2022-07-01T00:00:00,1830A,113.1992,35.2590,焦作市,影视城(对照点),,31,31,33,21,25,147,83,123,108,9,10,7,7,1.0,0.9
2022-07-01T00:00:00,1832A,113.3257,33.742,平顶山市,新华旅馆,,45,45,34,18,9,191,126,175,146,15,14,5,8,0.4,0.4
2022-07-01T00:00:00,1833A,113.2919,33.737,平顶山市,规划设计院,,44,44,38,12,10,202,133,187,160,22,17,7,10,0.4,0.4
2022-07-01T00:00:00,1834A,113.182,33.774,平顶山市,平顶山工学院,,47,47,30,23,16,203,119,181,149,22,15,4,5,0.5,0.5
2022-07-01T00:00:00,1835A,111.1922,34.7752,三门峡市,市政府,细颗粒物(PM2.5),60,50,50,43,29,202,154,196,186,13,10,7,7,0.7,0.7
2022-07-01T00:00:00,1836A,111.1587,34.7942,三门峡市,开发区,颗粒物(PM10),62,73,57,32,26,190,147,186,177,14,10,5,5,0.6,0.6
2022-07-01T00:00:00,1838A,111.143,34.7955,三门峡市,风景区(对照点),,49,30,65,4,28,201,155,200,185,12,11,2,2,0.3,0.1
2022-07-01T00:00:00,1840A,111.2992,30.6981,宜昌市,白龙岗,,48,48,36,29,16,167,52,146,103,25,16,1,2,0.7,0.6
2022-07-01T00:00:00,1841A,111.3549,30.6465,宜昌市,伍家岗,颗粒物(PM10),51,51,33,27,20,170,48,145,95,32,20,5,5,0.5,0.4
2022-07-01T00:00:00,1842A,111.2628,30.6961,宜昌市,点军区,细颗粒物(PM2.5),58,62,41,41,22,155,46,142,109,17,17,3,3,0.5,0.4
2022-07-01T00:00:00,1843A,111.3275,30.7819,宜昌市,夷陵区,,,,32,,13,163,74,150,129,13,15,4,5,0.4,0.3
2022-07-01T00:00:00,1844A,112.2494,30.3197,荆州市,市图书馆,,34,34,32,23,23,164,108,138,116,10,10,9,9,0.5,0.5
2022-07-01T00:00:00,1845A,112.2008,30.3544,荆州市,市委党校,,46,42,38,32,28,163,108,138,114,12,11,9,10,0.5,0.5
2022-07-01T00:00:00,1847A,113.1094,29.3578,岳阳市,南湖风景区,,35,35,22,16,15,134,60,122,85,20,13,8,11,0.5,0.5
2022-07-01T00:00:00,1848A,113.1493,29.4251,岳阳市,城陵矶,,34,32,24,22,15,123,9,114,66,67,22,7,8,0.8,0.7
2022-07-01T00:00:00,1849A,113.1497,29.3575,岳阳市,开发区,,,23,24,16,16,132,,116,80,18,12,7,9,0.4,0.4
2022-07-01T00:00:00,1850A,113.2621,29.4758,岳阳市,云溪区,,27,27,20,18,14,151,46,121,71,14,10,10,11,0.8,0.6
2022-07-01T00:00:00,1851A,112.9943,29.4402,岳阳市,君山区,,36,36,20,24,15,130,50,124,102,29,11,14,9,0.6,0.4
2022-07-01T00:00:00,1852A,113.2117,29.355,岳阳市,金凤水库(对照点),,30,27,18,21,13,125,38,109,74,16,9,3,3,0.5,0.5
2022-07-01T00:00:00,1854A,111.6975,28.9703,常德市,市二中,,45,44,37,31,24,148,81,130,114,14,10,4,5,0.5,0.5
2022-07-01T00:00:00,1857A,111.7158,29.1456,常德市,白鹤山(对照点),,43,40,37,30,24,115,67,106,88,2,3,2,3,0.6,0.6
2022-07-01T00:00:00,1858A,110.5319,29.1217,张家界市,永定新区,,31,31,29,19,17,97,47,93,70,17,9,1,2,0.5,0.4
2022-07-01T00:00:00,1859A,110.4697,29.1242,张家界市,电业局,,35,35,33,17,11,110,31,100,66,12,9,6,7,0.2,0.2
2022-07-01T00:00:00,1860A,110.5594,29.3547,张家界市,未央路,,25,25,27,12,9,101,20,91,53,8,6,2,2,0.4,0.3
2022-07-01T00:00:00,1861A,110.4417,29.315,张家界市,袁家界(对照点),,35,26,32,24,12,156,65,114,97,4,5,7,8,0.5,0.5
2022-07-01T00:00:00,1862A,110.4144,25.3167,桂林市,电子科大尧山校区(对照点),,38,38,45,17,20,135,40,106,68,5,5,7,11,0.5,0.6
2022-07-01T00:00:00,1863A,110.2819,25.2697,桂林市,监测站,,20,18,40,13,24,148,61,112,82,11,12,11,12,0.5,0.5
2022-07-01T00:00:00,1864A,110.3089,25.2708,桂林市,龙隐路小学,,23,16,37,16,24,151,58,123,85,12,12,10,10,0.4,0.5
2022-07-01T00:00:00,1865A,110.2869,25.2178,桂林市,八中,,15,14,37,10,19,149,46,108,76,10,14,9,11,0.5,0.5
2022-07-01T00:00:00,1866A,109.2262,21.588,北海市,牛尾岭水库(对照点),,39,21,30,27,23,22,17,20,18,12,9,11,6,0.8,0.5
2022-07-01T00:00:00,1867A,109.1436,21.4086,北海市,海滩公园,,18,15,24,12,12,89,49,68,62,10,7,6,5,0.6,0.5
2022-07-01T00:00:00,1868A,109.0981,21.4661,北海市,新市环保局,,28,28,22,19,16,85,34,74,56,22,9,12,5,0.6,0.4
2022-07-01T00:00:00,1869A,109.1778,21.5233,北海市,北海工业园,,39,22,36,27,24,101,39,70,41,13,12,10,7,0.5,0.5
2022-07-01T00:00:00,1870A,109.4856,24.3895,柳州市,柳东小学,,17,17,25,8,19,94,54,88,81,16,7,8,12,0.5,0.5
2022-07-01T00:00:00,1871A,109.4157,24.3277,柳州市,环保监测站,,18,8,24,8,18,111,55,98,81,18,16,5,8,0.5,0.7
2022-07-01T00:00:00,1872A,109.389,24.341,柳州市,河西水厂,,18,17,28,8,21,119,57,104,77,16,16,5,6,0.7,1
2022-07-01T00:00:00,1873A,109.4311,24.2921,柳州市,市四中,,20,14,27,12,16,122,63,98,82,9,13,6,8,0.5,0.7
2022-07-01T00:00:00,1874A,109.4006,24.3631,柳州市,市九中,,18,16,31,7,19,100,55,90,78,10,14,6,10,0.7,0.9
2022-07-01T00:00:00,1875A,109.4958,24.3134,柳州市,古亭山,,17,10,22,4,12,97,54,86,69,12,11,3,3,0.5,0.5
2022-07-01T00:00:00,1876A,109.5078,18.2489,三亚市,河东子站,,26,26,17,12,8,69,8,60,34,18,9,2,2,0.6,0.5
2022-07-01T00:00:00,1877A,109.4964,18.2681,三亚市,河西子站,,25,25,16,8,7,67,12,57,33,15,10,2,3,0.4,0.4
2022-07-01T00:00:00,1878A,104.7778,31.4741,绵阳市,富乐山,颗粒物(PM10),54,58,47,37,28,251,110,206,182,30,19,9,8,0.7,0.6
2022-07-01T00:00:00,1879A,104.7563,31.4535,绵阳市,市人大,颗粒物(PM10),59,67,56,38,28,267,109,219,194,38,26,9,8,0.7,0.6
2022-07-01T00:00:00,1880A,104.6697,31.4668,绵阳市,高新区自来水公司,颗粒物(PM10),69,88,70,46,30,244,105,217,185,36,27,6,6,0.7,0.6
2022-07-01T00:00:00,1881A,104.7287,31.5075,绵阳市,三水厂,颗粒物(PM10),72,93,63,39,32,224,78,195,165,49,34,9,9,0.8,0.6
2022-07-01T00:00:00,1882A,104.563,28.793,宜宾市,石马中学(对照点),,39,39,48,21,27,220,117,164,126,9,14,5,8,0.5,0.6
2022-07-01T00:00:00,1883A,104.6201,28.7728,宜宾市,市委,,43,43,55,20,27,235,104,177,123,14,23,7,11,0.5,0.6
2022-07-01T00:00:00,1884A,104.6055,28.793,宜宾市,宜宾四中,,49,49,56,22,26,222,115,178,132,15,20,9,11,0.5,0.6
2022-07-01T00:00:00,1885A,104.639,28.7562,宜宾市,市政府,,38,38,70,22,29,228,106,183,129,17,32,7,8,0.6,0.6
2022-07-01T00:00:00,1886A,104.5742,28.7199,宜宾市,黄金嘴,,43,43,53,23,26,228,112,181,130,8,13,6,10,0.4,0.5
2022-07-01T00:00:00,1888A,101.6891,26.571,攀枝花市,弄弄坪,,39,39,38,25,24,112,35,102,78,40,26,8,6,1.0,1.3
2022-07-01T00:00:00,1889A,101.5769,26.5928,攀枝花市,河门口,,,39,31,22,19,86,36,80,64,,13,4,3,0.7,0.8
2022-07-01T00:00:00,1890A,101.7169,26.585,攀枝花市,炳草岗,,,38,38,16,23,119,33,104,70,33,25,,21,0.7,1.1
2022-07-01T00:00:00,1891A,101.7369,26.5008,攀枝花市,仁和,颗粒物(PM10),55,60,59,31,29,144,45,111,79,17,24,11,20,1.1,1.7
2022-07-01T00:00:00,1893A,105.4324,28.9634,泸州市,九狮山(对照点),颗粒物(PM10),61,71,46,18,26,181,59,162,106,15,18,6,7,0.2,0.6
2022-07-01T00:00:00,1894A,105.4427,28.9063,泸州市,小市上码头,,35,35,65,18,23,261,111,199,136,12,21,16,13,0.6,0.8
2022-07-01T00:00:00,1895A,105.4241,28.8573,泸州市,兰田宪桥,,35,35,61,7,19,247,101,194,127,11,17,5,7,0.4,0.6
2022-07-01T00:00:00,1896A,105.4379,28.8833,泸州市,市环监站,,38,38,64,18,21,282,114,192,122,11,26,9,12,0.4,0.6
2022-07-01T00:00:00,1901A,104.4239,31.1208,德阳市,东山公园,颗粒物(PM10),54,57,60,29,27,301,90,225,152,31,23,8,9,0.5,0.6
2022-07-01T00:00:00,1902A,104.3826,31.1317,德阳市,西小区,颗粒物(PM10),65,80,71,23,23,289,81,206,136,39,34,9,9,0.7,0.7
2022-07-01T00:00:00,1904A,104.3553,31.1091,德阳市,耐火材料厂,颗粒物(PM10),62,73,83,24,26,259,79,198,131,38,37,7,9,0.6,0.6
2022-07-01T00:00:00,1905A,106.056,30.8064,南充市,西山风景区(对照点),,,58,54,34,30,163,131,139,131,9,13,12,4,,
2022-07-01T00:00:00,1906A,106.0789,30.8023,南充市,南充市委,颗粒物(PM10),57,64,54,29,27,148,69,129,99,24,16,1,3,0.7,0.7
2022-07-01T00:00:00,1907A,106.1031,30.8217,南充市,南充炼油厂,颗粒物(PM10),59,67,61,30,31,221,116,183,143,21,14,10,9,0.6,0.6
2022-07-01T00:00:00,1908A,106.1064,30.7856,南充市,高坪区监测站,颗粒物(PM10),56,61,52,26,32,182,85,153,112,14,22,3,7,0.6,0.7
2022-07-01T00:00:00,1909A,106.0642,30.7636,南充市,嘉陵区环保局,细颗粒物(PM2.5),79,53,59,58,34,156,98,138,112,14,18,6,7,0.5,0.5
2022-07-01T00:00:00,1910A,106.1087,30.8388,南充市,市环境监测站,颗粒物(PM10),54,58,60,34,35,175,94,144,112,21,20,5,5,0.5,0.5
2022-07-01T00:00:00,1911A,106.9222,27.6869,遵义市,丁字口,,22,12,30,12,16,132,69,127,95,22,18,6,6,0.5,0.5
2022-07-01T00:00:00,1912A,106.9242,27.7019,遵义市,凤凰山,,25,20,21,6,6,112,79,101,89,5,8,6,5,0.5,0.6
2022-07-01T00:00:00,1913A,106.8906,27.6486,遵义市,忠庄,,28,19,31,19,10,118,65,113,77,10,16,3,2,0.4,0.5
2022-07-01T00:00:00,1914A,106.9231,27.6506,遵义市,舟水桥,,20,20,29,9,8,112,35,106,71,15,12,2,2,0.4,0.4
2022-07-01T00:00:00,1915A,106.9178,27.72,遵义市,干田坝,,21,21,26,13,11,116,36,112,77,23,14,5,5,0.6,0.6
2022-07-01T00:00:00,1916A,103.7897,25.5035,曲靖市,环境监测站,,39,39,47,12,17,140,86,132,100,13,16,8,12,0.4,0.5
2022-07-01T00:00:00,1917A,103.8,25.5364,曲靖市,烟厂办公区,,35,35,43,14,19,145,95,132,112,8,12,4,10,0.4,0.5
2022-07-01T00:00:00,1918A,108.7197,34.3956,咸阳市,气象站(对照点),颗粒物(PM10),104,158,93,30,25,241,76,225,162,67,36,10,10,0.8,0.9
2022-07-01T00:00:00,1919A,108.673,34.3155,咸阳市,实验中学,,42,42,56,25,23,258,103,240,189,28,19,5,6,0.4,0.4
2022-07-01T00:00:00,1920A,108.7233,34.3617,咸阳市,师范学院,颗粒物(PM10),57,63,61,31,28,235,87,229,158,33,16,9,10,0.6,0.6
2022-07-01T00:00:00,1922A,109.0656,35.0994,铜川市,党校(对照点),,38,38,32,17,15,159,54,131,74,31,23,12,12,0.6,0.5
2022-07-01T00:00:00,1923A,109.0697,35.0697,铜川市,王益区政府,,39,38,38,27,21,178,36,156,101,38,22,3,6,0.6,0.5
2022-07-01T00:00:00,1924A,108.9344,34.9058,铜川市,新区管委会,,49,49,42,21,20,216,98,198,154,23,17,7,11,0.6,0.5
2022-07-01T00:00:00,1926A,109.4131,36.6275,延安市,枣园(对照点),,44,44,29,16,11,188,30,176,94,51,23,3,4,0.6,0.5
2022-07-01T00:00:00,1927A,109.4761,36.6028,延安市,延大医附院,,49,49,29,22,14,190,29,180,106,60,23,4,4,0.4,0.3
2022-07-01T00:00:00,1929A,109.5056,36.6106,延安市,百米大道,颗粒物(PM10),60,69,34,18,12,176,26,170,105,57,25,5,6,0.5,0.4
2022-07-01T00:00:00,1930A,107.185,34.3063,宝鸡市,庙沟村(对照点),,34,30,30,15,10,202,106,175,140,16,16,5,5,0.5,0.5
2022-07-01T00:00:00,1931A,107.0708,34.3017,宝鸡市,竹园沟,,29,19,26,17,14,231,91,185,131,18,17,5,5,0.4,0.4
2022-07-01T00:00:00,1932A,107.1906,34.3672,宝鸡市,三陆医院,细颗粒物(PM2.5),69,75,48,50,17,206,67,189,136,43,24,13,8,0.7,0.5
2022-07-01T00:00:00,1933A,107.1431,34.3547,宝鸡市,监测站,,43,43,39,19,17,216,87,190,126,22,24,5,6,0.4,0.4
2022-07-01T00:00:00,1934A,107.1186,34.3739,宝鸡市,技工学校,颗粒物(PM10),53,55,47,31,20,204,85,183,133,21,20,4,4,0.5,0.4
2022-07-01T00:00:00,1935A,107.3906,34.3528,宝鸡市,陈仓区环保局家属楼,,47,47,43,17,16,189,40,184,125,58,26,6,7,0.4,0.5
2022-07-01T00:00:00,1936A,107.2058,34.3497,宝鸡市,文理学院,,47,47,40,23,15,216,86,198,146,25,22,7,9,0.3,0.2
2022-07-01T00:00:00,1937A,107.2386,34.3622,宝鸡市,三迪小学,颗粒物(PM10),54,58,47,30,19,204,65,187,126,38,24,7,9,0.5,0.4
2022-07-01T00:00:00,1938A,109.5293,34.5101,渭南市,农科所(对照点),颗粒物(PM10),52,53,47,22,26,199,93,183,145,24,25,10,9,0.5,0.5
2022-07-01T00:00:00,1939A,109.4974,34.4877,渭南市,日报社,颗粒物(PM10),51,51,43,29,20,194,84,182,151,44,22,8,8,0.6,0.5
2022-07-01T00:00:00,1940A,109.4636,34.493,渭南市,体育馆,颗粒物(PM10),56,61,50,17,19,209,52,202,151,79,28,10,10,0.5,0.5
2022-07-01T00:00:00,1941A,109.4259,34.5023,渭南市,高新一小,颗粒物(PM10),54,57,62,27,21,202,83,194,157,28,17,4,5,0.7,0.7
2022-07-01T00:00:00,1943A,102.1725,38.5339,金昌市,新川苑,,31,31,55,10,9,133,89,126,106,16,15,8,8,0.6,0.6
2022-07-01T00:00:00,1944A,102.1692,38.5167,金昌市,天庆家园,,30,18,41,5,5,135,94,126,107,12,11,13,14,0.7,0.6
2022-07-01T00:00:00,1945A,98.2908,39.7711,嘉峪关市,气象局,,41,41,65,12,18,149,116,134,126,11,12,5,17,0.4,0.5
2022-07-01T00:00:00,1947A,106.3394,38.817,石嘴山市,沙湖旅游区(对照点),,40,40,35,8,12,164,68,152,118,32,22,44,37,0.7,0.8
2022-07-01T00:00:00,1948A,106.3668,39.0145,石嘴山市,大武口朝阳西街,,33,33,21,10,10,164,68,155,128,39,17,10,7,0.8,0.7
2022-07-01T00:00:00,1949A,106.7704,39.2282,石嘴山市,惠农南大街,,32,32,20,7,9,156,54,153,114,42,17,7,7,0.3,0.4
2022-07-01T00:00:00,1950A,106.7099,39.1325,石嘴山市,红果子镇惠新街,,33,33,27,8,10,167,49,155,108,44,19,6,8,0.3,0.3
2022-07-01T00:00:00,1951A,84.895,45.6094,克拉玛依市,长征新村,,33,17,26,2,6,140,105,125,116,11,10,6,7,0.4,0.3
2022-07-01T00:00:00,1952A,84.8988,45.5893,克拉玛依市,南林小区,,36,4,27,12,12,137,115,112,110,14,19,8,8,0.4,0.4
2022-07-01T00:00:00,1954A,84.905,44.3396,克拉玛依市,独山子区,,,,25,,10,144,97,131,120,8,11,7,9,0.3,0.4
2022-07-01T00:00:00,1955A,85.6979,46.098,克拉玛依市,乌尔禾区商贸楼,,43,43,31,10,9,112,72,95,88,13,14,10,11,0.3,0.3
2022-07-01T00:00:00,1956A,86.1472,41.7538,巴音郭楞州,孔雀公园,颗粒物(PM10),113,175,118,33,33,130,50,122,88,61,27,4,4,0.5,0.3
2022-07-01T00:00:00,1957A,86.1972,41.7166,巴音郭楞州,棉纺厂,颗粒物(PM10),82,114,132,47,38,137,86,127,106,25,20,4,3,0.3,0.3
2022-07-01T00:00:00,1958A,86.2357,41.7173,巴音郭楞州,经济开发区,颗粒物(PM10),89,128,123,29,35,131,98,122,106,7,8,3,3,0.3,0.2
2022-07-01T00:00:00,1961A,117.532,36.6868,济南市,东山小学,,,,64,,38,198,,171,142,,27,,10,,0.7
2022-07-01T00:00:00,1966A,120.0405,35.8735,青岛市,黄岛区4号,,34,19,25,7,15,130,106,117,109,9,17,5,5,0.5,0.6
2022-07-01T00:00:00,1982A,122.0693,37.2174,威海市,文登开发区,,25,19,19,12,10,100,77,78,76,5,10,1,1,0.3,0.3
2022-07-01T00:00:00,2031A,113.1817,27.9958,株洲市,云田中学,,23,22,15,3,14,116,73,108,93,5,3,3,6,0.7,0.5
2022-07-01T00:00:00,2054A,114.1099,32.1059,信阳市,平桥分局,,32,32,22,13,13,176,92,159,137,12,9,8,8,0.6,0.5
2022-07-01T00:00:00,2064A,113.9956,32.1271,信阳市,南湾水厂,,31,31,26,14,11,155,83,147,122,10,8,5,5,0.6,0.5
2022-07-01T00:00:00,2065A,114.0775,32.1195,信阳市,市酿酒公司,,32,28,19,19,13,184,100,170,148,14,8,7,7,0.5,0.3
2022-07-01T00:00:00,2066A,114.0609,32.1399,信阳市,审计局,,,6,22,,11,175,,165,154,,7,,6,,0.2
2022-07-01T00:00:00,2067A,114.6613,33.6128,周口市,市环境监测站,,42,38,34,17,15,184,133,181,166,13,13,4,6,0.4,0.4
2022-07-01T00:00:00,2068A,114.6758,33.6347,周口市,周口师范,,40,28,41,13,14,179,125,177,157,13,12,4,5,0.5,0.5
2022-07-01T00:00:00,2069A,114.6546,33.5979,周口市,市运管处,,41,29,38,14,15,194,130,182,166,11,12,3,3,0.6,0.7
2022-07-01T00:00:00,2070A,114.6369,33.6406,周口市,川汇区环保局,,39,28,39,18,19,188,123,178,164,20,14,5,7,0.6,0.6
2022-07-01T00:00:00,2075A,117.6336,24.4674,漳州市,九湖(对照点),,,,,,,152,64,136,112,3,8,6,10,0.5,0.5
2022-07-01T00:00:00,2160A,112.85,35.5051,晋城市,自来水公司,,49,49,34,27,19,179,113,163,155,19,14,4,4,0.6,0.8
2022-07-01T00:00:00,2161A,112.8318,35.4936,晋城市,白云商贸,,37,34,25,17,15,179,116,164,156,15,12,1,2,0.7,1
2022-07-01T00:00:00,2162A,112.8508,35.4887,晋城市,市环保局,,47,47,28,27,21,175,101,159,148,20,12,4,4,0.6,0.9
2022-07-01T00:00:00,2163A,112.8676,35.4897,晋城市,技术学院,,48,48,22,14,14,180,110,164,155,18,12,2,3,0.8,1
2022-07-01T00:00:00,2165A,112.8453,35.546,晋城市,白马寺 (对照点),,,,,,,,,,,,,,,,
2022-07-01T00:00:00,2166A,112.4397,39.3522,朔州市,平朔,颗粒物(PM10),56,61,40,22,20,131,38,122,95,34,30,5,7,0.8,0.7
2022-07-01T00:00:00,2167A,112.4575,39.3617,朔州市,朔唯,颗粒物(PM10),58,66,40,25,22,134,41,120,91,35,34,5,9,0.6,0.6
2022-07-01T00:00:00,2168A,112.4258,39.3197,朔州市,区政府,颗粒物(PM10),58,65,43,14,15,142,63,132,102,26,25,10,9,0.8,0.7
2022-07-01T00:00:00,2169A,112.4072,39.3278,朔州市,市环保局,颗粒物(PM10),56,61,44,24,14,132,48,126,100,29,24,10,10,0.6,0.6
2022-07-01T00:00:00,2170A,112.4272,39.3681,朔州市,市二中,颗粒物(PM10),66,81,46,29,23,125,25,113,82,39,29,12,13,0.7,0.7
2022-07-01T00:00:00,2171A,112.7532,37.6945,晋中市,锦纶小区,,41,31,33,18,22,160,129,154,143,12,13,7,6,0.4,0.4
2022-07-01T00:00:00,2173A,112.7249,37.7067,晋中市,南都小区,,38,35,36,20,24,154,120,148,135,18,18,7,6,0.4,0.4
2022-07-01T00:00:00,2174A,112.6991,37.6982,晋中市,榆次区政府,,38,38,38,21,27,149,118,143,131,14,14,6,5,0.5,0.5
2022-07-01T00:00:00,2175A,110.9956,35.0147,运城市,运城中学,,50,48,44,26,28,190,160,178,176,10,8,10,8,0.6,0.7
2022-07-01T00:00:00,2178A,110.9686,35.0303,运城市,地区技校,臭氧1小时,58,41,45,25,21,188,166,180,178,9,11,6,5,0.5,0.6
2022-07-01T00:00:00,2179A,111.0414,35.1147,运城市,空港新区,臭氧1小时,65,53,61,33,30,201,172,188,183,12,14,10,12,0.5,0.7
2022-07-01T00:00:00,2181A,112.7383,38.4519,忻州市,开发区,,45,45,29,16,18,146,28,128,92,54,20,13,12,0.6,0.6
2022-07-01T00:00:00,2182A,112.7003,38.4928,忻州市,会展中心,,38,38,34,24,25,148,52,126,80,33,23,9,10,0.5,0.5
2022-07-01T00:00:00,2183A,111.1406,37.5211,吕梁市,环保局,颗粒物(PM10),53,55,34,27,11,172,51,142,113,72,30,6,6,0.6,0.4
2022-07-01T00:00:00,2185A,111.1297,37.5136,吕梁市,自来水公司,,49,49,50,15,12,142,76,130,111,39,25,2,3,0.5,0.4
2022-07-01T00:00:00,2187A,106.8174,39.6973,乌海市,市林业局,,36,36,38,11,12,156,110,139,114,11,15,9,10,0.5,0.6
2022-07-01T00:00:00,2188A,106.7907,39.6667,乌海市,中海勃湾学校,,34,25,33,17,14,175,107,158,125,22,21,12,15,0.4,0.5
2022-07-01T00:00:00,2191A,122.2532,43.6801,通辽市,艺术职业学校,颗粒物(PM10),51,51,39,19,12,137,38,132,90,45,23,4,4,0.5,0.4
2022-07-01T00:00:00,2192A,119.7594,49.2261,呼伦贝尔市,区环保局,,39,39,33,25,20,108,62,101,74,8,10,5,5,0.4,0.4
2022-07-01T00:00:00,2195A,107.4212,40.761,巴彦淖尔市,附二中,颗粒物(PM10),57,63,39,32,18,157,84,149,115,26,16,17,11,0.6,0.6
2022-07-01T00:00:00,2196A,107.37,40.7372,巴彦淖尔市,市环保大楼,颗粒物(PM10),51,52,37,23,14,158,97,154,128,32,14,28,9,0.4,0.7
2022-07-01T00:00:00,2197A,113.1306,40.9923,乌兰察布市,集宁新区,,33,33,22,21,15,128,33,116,68,44,18,8,10,0.5,0.4
2022-07-01T00:00:00,2200A,122.0392,46.0656,兴安盟,胜华新制药厂,,46,46,33,23,16,115,21,109,71,25,11,2,4,0.2,0.4
2022-07-01T00:00:00,2201A,121.9504,46.0741,兴安盟,科右前旗环保局,,33,17,16,23,18,124,40,117,81,24,12,3,5,0.2,0.2
2022-07-01T00:00:00,2202A,116.1042,43.9317,锡林郭勒盟,市环保监测站,,20,12,12,5,5,99,64,97,78,4,6,11,12,0.8,0.7
2022-07-01T00:00:00,2203A,116.0781,43.9311,锡林郭勒盟,市政府,,22,13,16,4,3,112,68,108,83,12,10,9,10,0.6,0.6
2022-07-01T00:00:00,2204A,105.6467,38.8363,阿拉善盟,西城区西花园(对照点),,44,34,20,16,11,154,138,143,142,11,8,6,6,0.6,0.4
2022-07-01T00:00:00,2205A,105.6985,38.8411,阿拉善盟,蒙二幼,,48,34,16,17,11,153,151,145,145,8,6,9,8,0.5,0.4
2022-07-01T00:00:00,2206A,105.724,38.8516,阿拉善盟,环保局新楼,,50,24,16,21,13,158,158,142,142,8,7,11,8,0.4,0.3
2022-07-01T00:00:00,2207A,121.6094,41.998,阜新市,工业园区,细颗粒物(PM2.5),58,60,49,41,32,146,34,132,94,36,24,11,10,0.5,0.5
2022-07-01T00:00:00,2208A,121.6697,42.0279,阜新市,长青街,颗粒物(PM10),52,53,38,24,17,129,48,115,89,25,17,8,10,0.5,0.5
2022-07-01T00:00:00,2209A,121.6673,42.0705,阜新市,农业园区,细颗粒物(PM2.5),64,39,44,46,28,151,101,132,99,14,12,16,17,0.6,0.6
2022-07-01T00:00:00,2210A,121.6717,42.0224,阜新市,东苑,细颗粒物(PM2.5),70,80,51,51,27,140,56,125,99,32,19,16,16,0.5,0.5
2022-07-01T00:00:00,2211A,121.6506,42.0498,阜新市,玉龙新城,,50,50,47,24,19,128,12,111,69,36,15,6,12,0.5,0.6
2022-07-01T00:00:00,2212A,123.2,41.1953,辽阳市,宏伟区,,,,34,0,12,109,54,89,40,4,8,6,6,0.4,0.5
2022-07-01T00:00:00,2213A,123.1683,41.2495,辽阳市,新华园,,18,11,45,5,17,125,57,98,60,9,18,4,6,0.4,0.7
2022-07-01T00:00:00,2214A,123.2354,41.2639,辽阳市,滨河路,,30,30,46,14,15,116,31,93,34,17,16,6,6,0.6,0.8
2022-07-01T00:00:00,2215A,123.149,41.2991,辽阳市,铁西工业园,,19,9,43,13,23,146,48,103,57,8,18,2,3,0.5,0.8
2022-07-01T00:00:00,2216A,123.8139,42.3022,铁岭市,汇工街西,,45,45,50,20,17,158,87,153,107,15,22,4,6,0.5,0.4
2022-07-01T00:00:00,2217A,123.8649,42.2923,铁岭市,水上乐园,细颗粒物(PM2.5),65,44,42,47,25,133,71,128,105,18,22,2,4,0.5,0.4
2022-07-01T00:00:00,2218A,123.8486,42.2867,铁岭市,银州路东段,,44,44,42,23,18,118,60,107,85,32,29,5,6,0.5,0.4
2022-07-01T00:00:00,2219A,123.7153,42.2217,铁岭市,金沙江路北,,41,41,40,23,22,144,54,138,109,50,30,4,4,0.7,0.6
2022-07-01T00:00:00,2220A,120.4318,41.5881,朝阳市,西梁,,36,36,43,17,14,117,20,110,72,32,19,6,7,0.7,1
2022-07-01T00:00:00,2221A,120.4521,41.5646,朝阳市,河畔小区,颗粒物(PM10),59,67,46,33,19,115,43,109,79,16,13,8,10,0.7,0.8
2022-07-01T00:00:00,2222A,120.4176,41.5648,朝阳市,八里堡,,40,40,40,24,16,122,34,114,64,33,20,6,5,0.9,1
2022-07-01T00:00:00,2223A,120.3806,41.5969,朝阳市,农业园区,,33,33,29,19,15,144,13,117,74,39,14,5,6,0.5,0.5
2022-07-01T00:00:00,2225A,124.4002,43.1713,四平市,一商场,颗粒物(PM10),57,64,27,17,13,127,5,117,70,54,22,4,2,0.6,0.6
2022-07-01T00:00:00,2226A,124.388,43.193,四平市,境园,,47,47,18,18,8,102,7,92,58,24,13,4,5,0.4,0.5
2022-07-01T00:00:00,2227A,125.1358,42.8845,辽源市,环保局,,35,35,23,20,16,128,26,118,75,20,11,6,6,0.5,0.5
2022-07-01T00:00:00,2229A,125.9358,41.7173,通化市,光明,,20,20,13,5,6,98,35,94,74,19,8,9,9,0.7,0.5
2022-07-01T00:00:00,2230A,125.9446,41.7325,通化市,铁路,,16,14,14,7,5,93,22,88,67,32,11,10,8,0.7,0.7
2022-07-01T00:00:00,2231A,126.4219,41.9171,白山市,喜丰,,39,39,34,11,10,93,27,84,59,13,14,7,9,0.8,0.8
2022-07-01T00:00:00,2232A,126.4077,41.9419,白山市,环保局,,34,34,29,19,11,114,20,101,59,21,14,11,10,0.7,0.6
2022-07-01T00:00:00,2233A,124.8006,45.1214,松原市,江南,,28,14,13,19,8,118,55,112,98,34,16,2,3,0.5,0.4
2022-07-01T00:00:00,2234A,124.7965,45.1722,松原市,江北,,38,38,18,20,9,119,23,114,73,31,17,1,2,0.5,0.3
2022-07-01T00:00:00,2235A,122.7911,45.6077,白城市,洮北区环保局,,33,33,22,9,4,142,13,128,69,61,24,5,5,0.5,0.4
2022-07-01T00:00:00,2236A,122.8738,45.5725,白城市,市环保局,颗粒物(PM10),56,62,27,32,11,132,19,126,67,51,23,5,6,0.5,0.4
2022-07-01T00:00:00,2237A,129.47,42.8883,延边朝鲜族自治州,妇幼医院,,13,6,13,2,4,70,41,63,43,6,7,6,6,0.5,0.5
2022-07-01T00:00:00,2238A,129.5055,42.9108,延边朝鲜族自治州,延边医院,,13,7,26,3,6,72,41,68,41,4,6,4,5,0.4,0.4
2022-07-01T00:00:00,2239A,129.3964,42.8881,延边朝鲜族自治州,朝阳川镇医院,,12,12,22,3,3,71,35,65,43,8,6,5,5,0.3,0.4
2022-07-01T00:00:00,2240A,130.9762,45.3001,鸡西市,环保局,,18,18,15,6,5,48,17,37,25,27,20,1,2,0.3,0.3
2022-07-01T00:00:00,2243A,130.9429,45.3039,鸡西市,第一中学,,25,25,17,6,6,48,16,37,24,16,14,2,3,0.4,0.3
2022-07-01T00:00:00,2244A,130.2537,47.3416,鹤岗市,哈啤分公司,,19,13,11,5,7,104,60,94,71,9,8,6,5,0.4,0.4
2022-07-01T00:00:00,2245A,130.2684,47.3086,鹤岗市,斯达机电,,28,28,17,5,6,94,58,88,68,9,8,7,8,0.3,0.3
2022-07-01T00:00:00,2246A,130.3114,47.3388,鹤岗市,东山纸板厂,,37,37,25,14,10,96,48,91,58,14,11,9,9,0.3,0.3
2022-07-01T00:00:00,2247A,130.1097,47.3382,鹤岗市,五号水库(对照点),,12,8,6,5,6,95,37,89,63,8,8,8,9,0.3,0.3
2022-07-01T00:00:00,2248A,131.1511,46.6937,双鸭山市,双合村,,15,8,29,8,14,86,46,81,64,11,14,4,8,0.2,0.6
2022-07-01T00:00:00,2249A,131.1652,46.6191,双鸭山市,南小市,,36,36,16,6,8,84,41,77,60,6,7,4,4,0.1,0.1
2022-07-01T00:00:00,2250A,131.1524,46.6554,双鸭山市,环保局,,,,9,,6,83,,76,64,,11,,3,,0.4
2022-07-01T00:00:00,2251A,131.12,46.5656,双鸭山市,苗圃(对照点),,10,9,13,7,13,85,27,76,52,4,4,3,3,0.3,0.4
2022-07-01T00:00:00,2252A,128.5159,47.4311,伊春市,环保局,,22,15,17,15,12,99,32,92,49,5,6,4,7,0.2,0.2
2022-07-01T00:00:00,2253A,128.9102,47.7412,伊春市,电力嘉园,,18,18,12,6,9,96,11,84,40,13,8,5,6,0.4,0.5
2022-07-01T00:00:00,2254A,129.5029,48.471,伊春市,汤旺河国家公园(对照点),,,,,,,,,,,,,,,,
2022-07-01T00:00:00,2255A,130.2751,46.8028,佳木斯市,佳纺,,13,12,25,6,15,89,40,82,53,11,19,3,4,0.3,0.4
2022-07-01T00:00:00,2256A,130.3995,46.8307,佳木斯市,发电厂,,17,17,32,6,14,97,30,87,54,19,20,1,3,0.3,0.3
2022-07-01T00:00:00,2257A,130.3258,46.7975,佳木斯市,环保局,,14,14,33,5,14,86,37,80,60,11,21,3,3,0.3,0.4
2022-07-01T00:00:00,2258A,130.3648,46.8032,佳木斯市,十一中,,19,19,29,13,16,85,35,74,49,16,24,5,7,0.4,0.4
2022-07-01T00:00:00,2259A,130.3794,46.7588,佳木斯市,四丰(对照点),,13,9,14,7,10,87,40,80,56,13,15,2,6,0.5,0.5
2022-07-01T00:00:00,2262A,131.0518,45.8751,七台河市,新一中(对照点),,14,7,5,6,4,65,42,54,48,9,9,7,7,0.7,0.7
2022-07-01T00:00:00,2263A,127.4833,50.2524,黑河市,交通局,,26,26,20,10,7,88,28,82,59,7,8,6,6,0.4,0.5
2022-07-01T00:00:00,2264A,127.5144,50.2341,黑河市,环保局,,44,44,23,21,11,97,25,88,64,21,12,4,3,0.4,0.5
2022-07-01T00:00:00,2265A,127.5291,50.2472,黑河市,大黑河岛(对照点),,26,24,26,18,13,73,25,61,38,11,9,7,7,1.2,0.8
2022-07-01T00:00:00,2266A,126.9785,46.6365,绥化市,人和东街,,22,8,19,12,11,127,70,118,84,17,22,7,7,0.1,0.2
2022-07-01T00:00:00,2267A,126.964,46.6528,绥化市,党政办公中心,,20,20,15,1,9,121,63,115,85,21,23,5,5,0.2,0.2
2022-07-01T00:00:00,2269A,124.1069,50.4097,大兴安岭地区,科技局,,19,16,18,13,10,95,16,91,48,15,12,5,5,0.3,0.2
2022-07-01T00:00:00,2270A,117.396,32.939,蚌埠市,工人疗养院,,35,6,24,4,12,144,110,134,114,2,4,6,8,0.1,0.2
2022-07-01T00:00:00,2271A,117.3605,32.9427,蚌埠市,百货大楼,,34,25,20,3,12,150,108,138,115,4,8,5,8,0.2,0.3
2022-07-01T00:00:00,2273A,117.4185,32.8911,蚌埠市,蚌埠学院,,33,5,25,2,10,137,104,127,110,3,5,10,9,0.1,0.2
2022-07-01T00:00:00,2274A,117.3533,32.9673,蚌埠市,淮上区政府,,33,17,35,2,13,154,105,139,115,3,6,9,10,0.2,0.4
2022-07-01T00:00:00,2275A,117.3145,32.8977,蚌埠市,高新区,,34,7,32,7,15,160,108,145,122,5,9,6,8,0.2,0.4
2022-07-01T00:00:00,2277A,116.8305,32.7727,淮南市,潘集区政府,,29,10,40,7,23,160,92,138,119,9,12,6,7,0.2,0.2
2022-07-01T00:00:00,2278A,117.0067,32.6524,淮南市,师范学院,,30,30,38,1,17,121,88,118,104,4,8,4,5,0.2,0.3
2022-07-01T00:00:00,2279A,116.8569,32.5951,淮南市,谢家集区政府,,30,7,30,5,12,137,94,126,116,8,8,5,5,0.1,0.2
2022-07-01T00:00:00,2280A,116.8281,32.633,淮南市,八公山区政府,,31,24,42,7,16,142,99,129,119,6,10,5,4,0.2,0.3
2022-07-01T00:00:00,2281A,116.6325,32.6201,淮南市,焦岗湖风景区管理处(对照点),,29,21,39,3,14,161,92,145,118,6,12,5,7,0.2,0.3
2022-07-01T00:00:00,2282A,116.8004,33.975,淮北市,监测站,,38,17,32,8,18,204,120,165,131,6,10,7,7,0.4,0.5
2022-07-01T00:00:00,2283A,116.8091,33.9007,淮北市,烈山区政府,,37,10,24,10,20,219,118,172,134,6,9,6,7,0.5,0.6
2022-07-01T00:00:00,2284A,116.7856,33.9477,淮北市,职业技术学院,,42,14,30,6,15,207,132,168,138,4,8,6,5,0.6,0.7
2022-07-01T00:00:00,2285A,117.8177,30.9412,铜陵市,市第四中学,,13,7,10,5,5,82,39,75,54,5,10,4,5,0.2,0.2
2022-07-01T00:00:00,2286A,117.8059,30.9273,铜陵市,市公路局,,19,19,14,4,4,80,30,67,49,9,9,7,5,0.4,0.4
2022-07-01T00:00:00,2287A,117.7807,30.9413,铜陵市,市新民污水厂,,24,24,28,15,15,74,2,67,42,34,17,4,10,0.3,0.3
2022-07-01T00:00:00,2288A,117.7439,30.8792,铜陵市,市第九中学,,26,26,24,10,9,74,4,69,44,39,16,7,7,0.5,0.5
2022-07-01T00:00:00,2289A,117.846,30.9413,铜陵市,车站新区,,16,16,23,10,7,81,15,71,47,20,9,7,7,0.4,0.4
2022-07-01T00:00:00,2290A,117.8483,30.97,铜陵市,市职教基地,,10,10,13,2,6,81,25,70,47,9,10,5,6,0.5,0.6
2022-07-01T00:00:00,2291A,117.0809,30.5177,安庆市,环科院,,20,17,18,9,10,88,7,75,46,40,21,4,4,0.4,0.5
2022-07-01T00:00:00,2292A,117.0331,30.5119,安庆市,马山宾馆,,13,8,14,8,11,91,7,70,44,25,18,6,4,0.5,0.5
2022-07-01T00:00:00,2294A,116.9896,30.6145,安庆市,安庆大学,,21,21,19,8,12,101,13,84,55,21,17,4,5,0.4,0.4
2022-07-01T00:00:00,2295A,118.2903,29.6963,黄山市,延安路89号,,,13,17,4,5,74,17,65,32,3,4,5,8,,0.4
2022-07-01T00:00:00,2296A,118.327,29.7178,黄山市,黄山东路89号,,12,12,14,8,5,69,21,58,38,4,4,7,7,0.4,0.4
2022-07-01T00:00:00,2297A,118.1371,30.2756,黄山市,黄山区政府5号楼,,,,18,,5,43,,28,,,3,,7,,0
2022-07-01T00:00:00,2298A,118.3093,32.3153,滁州市,老年大学,,17,10,23,6,10,122,53,103,82,17,15,13,14,0.5,0.3
2022-07-01T00:00:00,2299A,118.3244,32.2786,滁州市,人大宾馆,,17,3,12,5,6,120,52,105,75,18,19,1,8,0.6,0.5
2022-07-01T00:00:00,2301A,115.8277,32.8929,阜阳市,市监测站,,41,13,24,4,11,181,131,173,146,5,10,6,7,0.4,0.5
2022-07-01T00:00:00,2303A,115.8554,32.8605,阜阳市,开发区,,42,2,22,11,11,184,133,170,145,9,16,6,6,0.3,0.4
2022-07-01T00:00:00,2307A,116.5079,31.737,六安市,监测大楼,,23,17,28,10,14,158,71,146,104,3,6,5,6,0.3,0.3
2022-07-01T00:00:00,2308A,116.4738,31.7643,六安市,皖西学院,,23,21,28,12,10,147,73,139,105,3,5,8,9,0.3,0.3
2022-07-01T00:00:00,2309A,116.4996,31.7905,六安市,朝阳厂,,22,20,24,11,14,147,70,134,99,4,5,8,8,0.4,0.4
2022-07-01T00:00:00,2310A,116.5567,31.7886,六安市,开发区,,24,23,31,14,15,148,75,137,102,2,5,6,7,0.4,0.4
2022-07-01T00:00:00,2311A,115.8072,33.8399,亳州市,污水处理厂,,36,19,22,14,14,187,115,173,145,5,5,5,5,0.5,0.5
2022-07-01T00:00:00,2312A,115.7789,33.8518,亳州市,三国揽胜宫,,36,26,29,8,11,195,115,175,148,6,7,6,6,0.5,0.5
2022-07-01T00:00:00,2314A,117.47,30.6618,池州市,池州学院,,11,11,15,5,7,81,24,64,43,5,5,4,4,0.4,0.4
2022-07-01T00:00:00,2316A,118.7581,30.9454,宣城市,鳌峰子站,,11,8,11,5,6,63,34,54,47,11,12,5,5,0.3,0.3
2022-07-01T00:00:00,2317A,118.7385,30.9743,宣城市,敬亭山子站,,16,16,12,5,6,65,18,52,40,13,17,5,6,0.3,0.3
2022-07-01T00:00:00,2318A,118.7173,30.9427,宣城市,开发区子站,,15,10,11,4,5,72,46,59,54,11,12,4,5,0.3,0.3
2022-07-01T00:00:00,2319A,119.0141,25.4325,莆田市,荔城区仓后路,,14,14,28,5,10,103,28,77,38,7,10,2,2,0.5,0.5
2022-07-01T00:00:00,2320A,119.0015,25.4553,莆田市,莆田市监测站,,13,13,24,6,10,107,24,78,40,8,6,5,5,0.5,0.5
2022-07-01T00:00:00,2321A,119.1119,25.4561,莆田市,涵江区六中,,19,16,27,13,13,107,33,77,39,7,11,4,5,0.4,0.4
2022-07-01T00:00:00,2322A,119.1013,25.3215,莆田市,秀屿区政府,,22,22,36,8,12,109,27,70,34,5,9,4,4,0.6,0.5
2022-07-01T00:00:00,2323A,118.981,25.4792,莆田市,东圳水库(对照点),,,,,,,,,,,,,,,,
2022-07-01T00:00:00,2324A,117.6211,26.2625,三明市,三钢,,18,18,21,12,14,79,28,71,50,14,11,5,4,0.5,0.5
2022-07-01T00:00:00,2325A,117.635,26.2714,三明市,三明二中,,11,9,23,6,13,72,33,68,49,8,9,5,3,0.5,0.5
2022-07-01T00:00:00,2326A,117.6028,26.2378,三明市,三元区政府,,11,8,19,7,10,77,35,66,51,8,9,7,5,0.6,0.7
2022-07-01T00:00:00,2327A,117.7275,26.3108,三明市,洋溪(对照点),,,,,,,,,,,,,,,,
2022-07-01T00:00:00,2331A,118.0966,26.6761,南平市,茫荡山(对照点),,,,,,,,,,,,,,,,
2022-07-01T00:00:00,2332A,118.1681,26.6369,南平市,南平市监测站,,11,11,11,4,8,84,14,72,46,18,6,9,6,0.4,0.3
2022-07-01T00:00:00,2333A,118.1825,26.6489,南平市,南平铝业有限公司,,12,12,16,5,9,78,25,67,46,10,5,6,8,0.5,0.5
2022-07-01T00:00:00,2334A,118.1756,26.6272,南平市,南平七中,,14,14,18,7,15,82,21,71,47,13,4,6,7,0.4,0.4
2022-07-01T00:00:00,2335A,117.0189,25.1181,龙岩市,龙岩师专(对照点),,14,12,23,6,12,78,42,66,53,14,12,5,4,0.4,0.4
2022-07-01T00:00:00,2336A,117.0217,25.1033,龙岩市,龙岩市监测站,,14,13,24,8,12,82,43,67,53,16,15,7,6,0.4,0.5
2022-07-01T00:00:00,2337A,117.0258,25.0661,龙岩市,闽西职业技术学院,,15,15,29,7,9,81,38,53,41,15,13,8,7,0.3,0.4
2022-07-01T00:00:00,2338A,117.0196,25.0306,龙岩市,龙岩学院,,,,22,4,7,82,30,55,36,8,14,2,4,0.3,0.3
2022-07-01T00:00:00,2339A,119.5001,26.6946,宁德市,金涵水库(对照点),,18,8,22,12,15,55,10,46,20,12,11,7,8,0.3,0.4
2022-07-01T00:00:00,2341A,119.5388,26.6612,宁德市,宁德市监测站,,21,21,30,8,14,66,6,48,21,23,14,5,5,0.4,0.5
2022-07-01T00:00:00,2342A,117.3102,29.3867,景德镇市,王港中学(对照点),,19,19,13,5,8,73,15,64,37,4,3,4,4,0.4,0.4
2022-07-01T00:00:00,2343A,117.2117,29.2933,景德镇市,老干部活动中心,,37,37,25,10,23,66,36,55,48,18,10,1,4,0.4,0.5
2022-07-01T00:00:00,2344A,117.1894,29.2789,景德镇市,兽医站,,25,15,15,17,12,63,42,53,50,8,9,4,5,0.6,0.6
2022-07-01T00:00:00,2345A,117.1547,29.2617,景德镇市,台达陶瓷,,27,8,14,3,6,85,85,48,48,6,13,4,11,0.5,0.5
2022-07-01T00:00:00,2346A,117.2461,29.2956,景德镇市,陶研所,,14,12,19,7,7,70,42,61,56,8,7,5,5,0.4,0.4
2022-07-01T00:00:00,2347A,114.0997,27.5002,萍乡市,武功山(对照点),,9,3,4,6,3,69,15,54,33,4,6,12,12,0.3,0.2
2022-07-01T00:00:00,2348A,113.8385,27.6434,萍乡市,中医院,细颗粒物(PM2.5),64,54,25,46,21,121,75,105,92,13,12,19,13,0.8,0.9
2022-07-01T00:00:00,2349A,113.8493,27.6253,萍乡市,市政府车库,颗粒物(PM10),55,60,34,38,24,122,76,107,92,16,16,14,16,1.1,1.3
2022-07-01T00:00:00,2350A,113.8676,27.6435,萍乡市,市环保局,细颗粒物(PM2.5),54,38,24,38,22,118,76,107,94,10,8,18,16,0.4,0.4
2022-07-01T00:00:00,2351A,113.866,27.6198,萍乡市,安源区政府,,,82,39,51,25,115,,96,87,34,14,21,18,1.4,0.7
2022-07-01T00:00:00,2352A,115.0861,27.9317,新余市,北岗(对照点),,50,46,27,35,18,87,43,80,70,14,7,10,6,1.2,1.1
2022-07-01T00:00:00,2353A,114.9886,27.8431,新余市,飞宇,细颗粒物(PM2.5),63,60,35,45,19,90,66,84,78,13,9,15,10,1.0,0.8
2022-07-01T00:00:00,2354A,114.9231,27.8246,新余市,第二水厂,颗粒物(PM10),57,64,42,31,20,101,77,93,89,18,16,9,8,1.0,0.8
2022-07-01T00:00:00,2355A,114.9308,27.8036,新余市,市气象局,细颗粒物(PM2.5),58,56,36,41,23,88,57,80,75,24,13,14,10,1.2,1
2022-07-01T00:00:00,2357A,116.9822,28.1136,鹰潭市,龙虎山(对照点),,13,12,28,6,6,77,40,64,49,7,7,3,2,0.4,0.6
2022-07-01T00:00:00,2358A,117.0564,28.2642,鹰潭市,新监测站,,22,22,29,5,8,102,37,90,52,8,6,33,11,0.7,0.3
2022-07-01T00:00:00,2359A,117.0311,28.2475,鹰潭市,财苑宾馆,,19,19,30,7,6,95,23,82,51,9,6,6,4,0.6,0.5
2022-07-01T00:00:00,2360A,117.0222,28.2264,鹰潭市,体育馆,,,20,25,,8,100,,77,40,6,5,10,13,0.4,0.4
2022-07-01T00:00:00,2361A,117.0017,28.2131,鹰潭市,三川水表,,26,26,28,9,8,87,24,72,38,8,9,8,7,0.6,0.6
2022-07-01T00:00:00,2362A,114.9017,25.9149,赣州市,通天岩(对照点),,30,30,20,20,12,86,10,69,29,15,9,4,6,0.4,0.4
2022-07-01T00:00:00,2363A,114.9367,25.8664,赣州市,地委,颗粒物(PM10),58,66,32,21,10,94,12,71,24,29,17,12,8,0.7,0.7
2022-07-01T00:00:00,2364A,114.9461,25.8481,赣州市,气象台,颗粒物(PM10),52,53,22,19,11,80,13,58,28,26,15,19,8,0.7,0.6
2022-07-01T00:00:00,2365A,114.9322,25.8333,赣州市,市图书馆,,43,43,21,18,10,72,14,48,20,28,16,23,9,0.7,0.7
2022-07-01T00:00:00,2366A,114.8905,25.8471,赣州市,华坚鞋城,,48,48,24,23,10,80,25,60,28,27,17,19,5,0.8,0.7
2022-07-01T00:00:00,2367A,114.9754,27.0803,吉安市,红声器材厂,颗粒物(PM10),52,53,28,30,14,90,48,74,64,13,6,4,7,0.5,0.4
2022-07-01T00:00:00,2368A,114.9658,27.0999,吉安市,市森林工业局,,40,33,23,28,17,89,55,76,66,10,7,4,6,0.5,0.4
2022-07-01T00:00:00,2369A,114.99,27.1312,吉安市,市环境监测站,,40,40,29,24,16,92,49,79,66,15,10,6,10,0.6,0.5
2022-07-01T00:00:00,2370A,115.0093,27.0968,吉安市,青原区法院,,35,35,26,22,14,84,59,68,64,6,7,7,10,0.5,0.4
2022-07-01T00:00:00,2371A,114.3408,27.8064,宜春市,槟榔水业(对照点),细颗粒物(PM2.5),62,53,35,44,22,93,61,84,79,9,9,9,7,0.8,0.7
2022-07-01T00:00:00,2373A,114.3956,27.7844,宜春市,市石油公司,细颗粒物(PM2.5),53,52,35,37,20,91,23,78,70,19,14,8,8,0.7,0.7
2022-07-01T00:00:00,2374A,114.3703,27.7914,宜春市,市气象局,细颗粒物(PM2.5),60,58,37,43,22,99,40,85,78,22,12,11,7,1.2,1
2022-07-01T00:00:00,2375A,114.4013,27.8074,宜春市,市广电局,细颗粒物(PM2.5),62,59,33,44,23,99,62,88,85,12,9,9,5,1.3,1
2022-07-01T00:00:00,2376A,116.2127,28.0814,抚州市,桐源党溪(对照点),,25,25,19,17,10,66,7,55,38,27,9,1,6,0.3,0.4
2022-07-01T00:00:00,2377A,116.3544,27.9831,抚州市,市站,,15,15,22,8,11,80,40,61,56,9,10,2,2,0.4,0.4
2022-07-01T00:00:00,2378A,116.3565,27.963,抚州市,血防站,,20,20,20,8,10,80,42,59,56,9,10,6,2,0.3,0.4
2022-07-01T00:00:00,2379A,116.3564,28.0007,抚州市,采茶剧团,,19,19,22,6,8,79,34,59,51,6,7,3,4,0.5,0.6
2022-07-01T00:00:00,2380A,116.385,27.9647,抚州市,医学分院,,16,16,21,8,8,78,36,62,53,8,9,3,4,0.3,0.3
2022-07-01T00:00:00,2381A,118.005,28.4572,上饶市,百草园(对照点),,,,,,,,,,,,,,,,
2022-07-01T00:00:00,2382A,117.9756,28.4436,上饶市,市监测站,,,19,23,11,11,123,,97,67,10,6,6,8,0.5,0.4
2022-07-01T00:00:00,2383A,117.9519,28.4628,上饶市,凤凰光学,,24,24,22,14,10,102,19,88,48,22,7,10,12,0.6,0.5
2022-07-01T00:00:00,2385A,114.17,35.9019,鹤壁市,市监测站,颗粒物(PM10),57,63,48,25,27,146,61,117,95,22,16,6,5,1.0,1
2022-07-01T00:00:00,2386A,114.2956,35.7511,鹤壁市,市交警支队,细颗粒物(PM2.5),78,85,61,57,44,146,60,123,112,37,19,9,9,1.4,1.4
2022-07-01T00:00:00,2387A,114.2878,35.7306,鹤壁市,迎宾馆,细颗粒物(PM2.5),84,88,55,62,43,146,48,126,114,44,20,4,8,1.0,1.1
2022-07-01T00:00:00,2389A,113.836,35.311,新乡市,环保西院,颗粒物(PM10),58,66,43,36,21,143,109,128,124,16,16,4,5,0.9,0.8
2022-07-01T00:00:00,2390A,113.884,35.272,新乡市,开发区,,50,50,43,29,20,147,109,135,127,11,12,4,5,1.0,1
2022-07-01T00:00:00,2391A,113.883,35.303,新乡市,环保东院,细颗粒物(PM2.5),59,61,42,42,27,146,100,135,127,21,16,4,4,0.9,0.9
2022-07-01T00:00:00,2392A,115.0312,35.7636,濮阳市,环保局,,35,32,34,24,33,121,102,112,108,15,15,4,3,0.7,0.6
2022-07-01T00:00:00,2394A,115.0574,35.7609,濮阳市,油田运输公司,,45,27,36,31,36,129,104,120,113,15,14,2,2,0.6,0.6
2022-07-01T00:00:00,2395A,115.0866,35.7754,濮阳市,油田物探公司,,36,36,34,6,14,126,97,119,110,13,12,3,3,0.5,0.5
2022-07-01T00:00:00,2396A,113.8276,34.0159,许昌市,监测站,颗粒物(PM10),53,56,33,30,13,195,115,185,163,16,14,3,4,0.6,0.5
2022-07-01T00:00:00,2398A,113.7906,33.9953,许昌市,开发区,,,,32,,12,194,,192,192,,6,,4,,0.7
2022-07-01T00:00:00,2399A,114.051,33.5699,漯河市,三五一五工厂,,45,37,30,19,15,188,142,183,168,7,6,6,7,0.4,0.3
2022-07-01T00:00:00,2400A,114.0055,33.5698,漯河市,漯河大学,,48,42,32,13,12,195,152,188,174,6,7,5,6,0.6,0.6
2022-07-01T00:00:00,2401A,114.0138,33.5828,漯河市,市水利局,,47,36,29,20,14,193,150,187,170,4,7,7,8,0.4,0.3
2022-07-01T00:00:00,2402A,114.0261,33.5698,漯河市,市广电局,,47,39,30,19,12,193,150,185,172,6,7,6,8,0.7,0.6
2022-07-01T00:00:00,2403A,112.5192,32.9917,南阳市,环保局,,44,42,26,20,13,177,138,164,148,7,10,5,3,0.5,0.4
2022-07-01T00:00:00,2404A,112.5339,33.0086,南阳市,瓦房庄,颗粒物(PM10),56,62,39,27,21,178,127,166,146,10,11,4,4,0.4,0.3
2022-07-01T00:00:00,2405A,112.5003,32.9735,南阳市,汉画馆,,44,44,30,24,16,167,137,156,144,11,18,5,4,0.4,0.4
2022-07-01T00:00:00,2406A,112.5779,33.0144,南阳市,气象站,,38,38,26,15,13,165,111,156,136,14,12,6,5,0.4,0.3
2022-07-01T00:00:00,2407A,112.548,32.9692,南阳市,理工学院,,42,39,28,29,13,171,130,160,148,15,13,2,2,0.6,0.4
2022-07-01T00:00:00,2408A,115.6702,34.4285,商丘市,环境监测站,,37,31,42,17,18,181,117,178,151,11,10,6,5,0.5,0.6
2022-07-01T00:00:00,2409A,115.6458,34.4045,商丘市,粮食局,,40,29,41,14,20,183,125,178,154,12,14,7,7,0.6,0.6
2022-07-01T00:00:00,2410A,115.6293,34.3948,商丘市,睢阳区环保局,,,,42,,19,183,,178,174,,13,,4,,0.6
2022-07-01T00:00:00,2420A,114.0189,32.9656,驻马店市,市一纸厂,,36,36,26,25,20,187,76,176,133,37,14,8,7,0.3,0.2
2022-07-01T00:00:00,2421A,114.0114,33.015,驻马店市,市彩印厂,颗粒物(PM10),52,54,28,22,14,190,88,180,147,25,10,6,6,0.3,0.2
2022-07-01T00:00:00,2422A,113.9976,32.9771,驻马店市,天方二分厂,,,35,36,21,17,199,,192,174,22,21,5,5,0.2,0.6
2022-07-01T00:00:00,2423A,115.0601,30.2313,黄石市,沈家营,,34,34,34,5,7,162,56,131,98,26,15,19,14,1.5,0.7
2022-07-01T00:00:00,2424A,115.0817,30.2006,黄石市,陈家湾,,41,41,36,20,11,129,58,115,100,23,20,5,5,0.5,0.7
2022-07-01T00:00:00,2426A,114.8988,30.2019,黄石市,铁山,,28,28,33,9,9,176,79,154,121,9,10,8,9,0.8,0.9
2022-07-01T00:00:00,2427A,115.0307,30.2092,黄石市,团城山,,36,36,36,4,7,155,76,134,109,8,11,7,10,0.6,0.7
2022-07-01T00:00:00,2428A,111.0419,32.395,十堰市,武当山(对照点),,37,37,49,21,20,159,110,142,134,5,5,6,7,0.5,0.5
2022-07-01T00:00:00,2429A,110.78,32.6494,十堰市,滨河新村,,48,48,35,15,16,172,98,153,147,14,11,6,7,0.8,0.7
2022-07-01T00:00:00,2430A,110.7258,32.6389,十堰市,刘家沟,,30,25,30,20,7,184,93,168,152,8,8,7,8,0.6,0.6
2022-07-01T00:00:00,2431A,110.8839,32.5714,十堰市,铁二处,,41,41,38,25,20,195,125,173,170,16,11,9,9,0.7,0.6
2022-07-01T00:00:00,2432A,112.155,32.0197,襄阳市,襄城运动路,颗粒物(PM10),54,57,32,22,16,150,92,142,122,12,9,5,6,0.7,0.6
2022-07-01T00:00:00,2433A,112.1392,32.0564,襄阳市,樊城新华路,颗粒物(PM10),51,52,39,27,18,157,93,150,136,9,10,5,5,0.7,0.7
2022-07-01T00:00:00,2434A,112.1825,32.1142,襄阳市,高新管委会,,48,45,30,33,24,143,102,138,124,11,11,5,6,0.7,0.6
2022-07-01T00:00:00,2435A,112.2106,32.0903,襄阳市,襄州航空路,细颗粒物(PM2.5),54,48,30,38,16,152,103,142,130,10,9,6,6,0.8,0.7
2022-07-01T00:00:00,2436A,114.8938,30.3994,鄂州市,市政府,,28,28,32,14,9,145,82,132,109,9,10,4,8,0.5,0.6
2022-07-01T00:00:00,2437A,114.8989,30.3714,鄂州市,赵家坝,,33,33,28,10,6,148,68,133,99,12,14,10,10,0.4,0.5
2022-07-01T00:00:00,2439A,112.2014,31.0481,荆门市,竹园小学,,38,38,38,18,19,136,90,123,97,16,14,9,9,0.9,0.8
2022-07-01T00:00:00,2440A,112.1969,30.9891,荆门市,掇刀,,44,44,38,21,18,151,87,140,116,20,10,18,6,0.6,0.6
2022-07-01T00:00:00,2441A,112.2213,31.0386,荆门市,石化一小,,38,38,36,22,22,140,56,132,101,46,14,43,11,0.6,0.5
2022-07-01T00:00:00,2443A,113.9153,30.9285,孝感市,文化路,颗粒物(PM10),57,63,51,17,23,268,88,225,186,15,16,6,5,0.6,0.8
2022-07-01T00:00:00,2444A,113.942,30.9075,孝感市,东城区,颗粒物(PM10),59,67,54,19,21,266,96,227,190,15,16,5,6,0.5,0.7
2022-07-01T00:00:00,2446A,114.9028,30.4742,黄冈市,职工中心,颗粒物(PM10),51,52,31,6,7,137,73,129,105,9,7,13,11,0.4,0.5
2022-07-01T00:00:00,2447A,114.3175,29.8142,咸宁市,森林公园(对照点),,26,26,20,15,9,135,68,113,104,2,2,6,5,0.7,0.6
2022-07-01T00:00:00,2448A,114.3107,29.8454,咸宁市,市发改委,颗粒物(PM10),62,74,39,12,9,136,96,117,113,1,5,6,6,0.6,0.6
2022-07-01T00:00:00,2449A,114.2936,29.8566,咸宁市,咸安区政府,颗粒物(PM10),70,90,53,18,11,131,94,117,111,7,8,3,4,0.6,0.6
2022-07-01T00:00:00,2451A,113.3583,31.7275,随州市,市委党校,,35,35,23,22,11,136,96,130,110,3,4,6,6,0.7,0.6
2022-07-01T00:00:00,2452A,113.3833,31.6908,随州市,市林业局,颗粒物(PM10),58,65,28,25,9,141,89,130,110,6,4,4,5,0.7,0.6
2022-07-01T00:00:00,2453A,113.3983,31.7308,随州市,市立交桥水厂,颗粒物(PM10),54,58,28,22,13,137,101,128,114,8,5,7,7,0.6,0.5
2022-07-01T00:00:00,2454A,109.4978,30.2981,恩施土家族苗族自治州,湖北民院,,48,48,43,24,26,158,53,129,87,6,7,6,7,0.6,0.6
2022-07-01T00:00:00,2455A,109.4707,30.2798,恩施土家族苗族自治州,州电力总公司,,50,50,46,28,22,152,7,126,55,38,18,4,9,0.8,0.8
2022-07-01T00:00:00,2456A,112.5003,26.9167,衡阳市,原169医院(对照点),,21,21,30,13,15,152,35,130,73,11,12,2,10,0.5,0.8
2022-07-01T00:00:00,2457A,112.6194,26.9258,衡阳市,衡阳化工总厂,,35,35,28,12,18,126,30,112,67,18,12,3,5,0.5,0.6
2022-07-01T00:00:00,2458A,112.6211,26.8956,衡阳市,珠晖区环保局,,,34,25,,,121,17,108,59,25,13,3,4,1.8,0.7
2022-07-01T00:00:00,2459A,112.6197,26.8733,衡阳市,市委党校,,44,44,26,12,13,118,17,108,62,27,11,4,7,0.5,0.4
2022-07-01T00:00:00,2460A,112.6006,26.8919,衡阳市,市监测站,颗粒物(PM10),63,76,31,34,19,129,9,120,57,47,14,32,12,4.9,0.8
2022-07-01T00:00:00,2461A,112.5664,26.9056,衡阳市,真空机电公司,,,33,34,,,145,17,126,64,38,15,29,11,1.1,0.7
2022-07-01T00:00:00,2462A,111.5239,27.3033,邵阳市,市水土所(对照点),,32,20,28,22,22,142,23,109,57,7,5,9,10,0.4,0.4
2022-07-01T00:00:00,2463A,111.4733,27.2317,邵阳市,市一中,,19,19,25,12,12,111,31,100,71,23,13,6,7,0.4,0.4
2022-07-01T00:00:00,2464A,111.5283,27.2442,邵阳市,市化工厂,,39,39,25,15,14,100,18,94,66,32,13,8,6,0.6,0.5
2022-07-01T00:00:00,2465A,111.4503,27.2537,邵阳市,市罐头厂,,26,26,39,17,14,113,50,104,73,12,12,8,10,0.4,0.4
2022-07-01T00:00:00,2466A,111.4328,27.2272,邵阳市,市环保局,,25,25,32,17,18,118,42,101,72,16,15,4,8,0.4,0.4
2022-07-01T00:00:00,2467A,112.4067,28.6428,益阳市,甘溪港(对照点),,42,42,32,7,6,133,66,123,104,19,17,3,11,0.5,0.6
2022-07-01T00:00:00,2468A,112.3458,28.5808,益阳市,市环保局,,38,31,24,26,17,140,62,129,111,20,12,2,3,0.7,0.7
2022-07-01T00:00:00,2469A,112.3437,28.5531,益阳市,市特殊教育学校,细颗粒物(PM2.5),62,53,31,44,18,137,64,126,112,22,14,7,4,0.5,0.6
2022-07-01T00:00:00,2470A,112.3347,28.6047,益阳市,资阳区政务中心,,47,47,41,16,14,139,63,130,109,20,10,2,3,0.7,0.8
2022-07-01T00:00:00,2471A,112.3744,28.5819,益阳市,赫山环保分局,,32,32,33,13,10,137,51,123,99,28,14,5,7,0.7,0.9
2022-07-01T00:00:00,2472A,113.0073,25.9061,郴州市,马头岭(对照点),,21,21,25,8,7,129,6,88,32,20,13,6,8,0.8,0.8
2022-07-01T00:00:00,2473A,113.0116,25.8226,郴州市,市职中,,22,22,28,12,15,135,14,100,43,17,13,6,9,0.4,0.5
2022-07-01T00:00:00,2474A,113.0161,25.8001,郴州市,兴隆步行街,,22,22,27,7,7,109,23,96,46,14,13,21,13,0.4,0.4
2022-07-01T00:00:00,2475A,113.0383,25.8071,郴州市,市审计局,,23,23,24,11,16,115,18,99,46,23,18,8,15,0.3,0.4
2022-07-01T00:00:00,2476A,113.0348,25.7759,郴州市,市环保局,,28,28,29,10,15,108,7,88,43,37,23,20,18,0.6,0.6
2022-07-01T00:00:00,2477A,111.6217,26.2081,永州市,零陵南津渡(对照点),,35,27,26,24,13,119,66,99,76,5,3,8,9,0.5,0.6
2022-07-01T00:00:00,2478A,111.6156,26.4214,永州市,市环境监测站,,27,27,25,14,14,96,41,89,75,17,8,6,12,0.5,0.5
2022-07-01T00:00:00,2479A,111.6236,26.2331,永州市,零陵区环保局,,28,24,24,19,13,108,65,94,78,10,8,9,13,0.3,0.3
2022-07-01T00:00:00,2480A,111.5992,26.4364,永州市,永州市环保局,,32,23,24,22,16,101,68,94,88,6,8,4,14,0.3,0.4
2022-07-01T00:00:00,2481A,111.5989,26.4519,永州市,冷水滩区环保局,,37,37,34,10,17,88,40,74,58,12,13,5,10,0.4,0.4
2022-07-01T00:00:00,2482A,109.5981,27.5721,怀化市,林科所(对照点),,13,11,14,4,5,105,41,82,57,7,8,3,9,0.9,1.2
2022-07-01T00:00:00,2483A,109.9453,27.5444,怀化市,河西地税局,,19,19,15,2,8,82,15,72,47,17,8,2,3,0.6,0.6
2022-07-01T00:00:00,2484A,109.9781,27.5342,怀化市,市四医院,,41,41,23,17,18,93,20,82,46,16,12,2,5,0.5,0.5
2022-07-01T00:00:00,2485A,109.9972,27.5578,怀化市,监测楼,,27,27,24,17,12,100,37,84,51,10,12,4,7,0.4,0.5
2022-07-01T00:00:00,2486A,110.0394,27.583,怀化市,市委党校,,35,27,20,24,20,103,10,83,43,24,11,5,3,0.8,0.7
2022-07-01T00:00:00,2487A,111.9589,27.8901,娄底市,电视发射台(对照点),,25,25,18,17,13,125,31,95,64,4,2,6,7,0.4,0.4
2022-07-01T00:00:00,2488A,111.9975,27.725,娄底市,市监测站,,19,13,31,13,22,95,58,88,75,13,17,4,14,0.3,0.9
2022-07-01T00:00:00,2489A,112.0194,27.7314,娄底市,市委党校,,20,15,30,4,21,94,62,86,72,7,15,8,15,0.4,0.9
2022-07-01T00:00:00,2490A,111.9561,27.7569,娄底市,涟钢,细颗粒物(PM2.5),57,61,52,40,24,153,51,99,72,24,24,15,16,0.5,0.9
2022-07-01T00:00:00,2491A,111.9892,27.7044,娄底市,市政府,,20,14,22,11,14,98,64,95,76,6,9,1,2,0.4,0.7
2022-07-01T00:00:00,2492A,109.6414,28.2558,湘西州,跃进水库(对照点),,19,19,22,11,11,93,6,84,37,3,3,7,6,0.7,0.6
2022-07-01T00:00:00,2493A,109.7325,28.3169,湘西州,州政府,,22,22,22,14,12,97,19,86,53,8,6,3,4,0.5,0.6
2022-07-01T00:00:00,2494A,109.6958,28.2675,湘西州,吉首市计生局,,23,23,21,12,12,92,23,83,55,9,6,6,7,0.6,0.6
2022-07-01T00:00:00,2495A,111.3014,23.4832,梧州市,市逸夫小学,,37,37,50,13,21,112,16,88,46,21,23,11,10,1.0,0.9
2022-07-01T00:00:00,2496A,111.3239,23.4794,梧州市,市十一中,,23,23,53,16,24,96,18,76,39,30,30,12,8,0.7,0.7
2022-07-01T00:00:00,2497A,111.247,23.4189,梧州市,龙圩,,30,30,43,15,23,116,33,87,50,24,25,6,8,0.7,0.8
2022-07-01T00:00:00,2498A,111.2711,23.4835,梧州市,龙新,,42,42,45,16,20,114,4,84,32,30,20,4,7,0.7,0.8
2022-07-01T00:00:00,2499A,108.3411,21.6158,防城港市,沙万,,37,37,33,15,14,86,43,76,57,15,16,7,8,0.7,0.7
2022-07-01T00:00:00,2500A,108.3514,21.7731,防城港市,防城档案局,,19,16,27,8,13,86,58,72,67,9,11,6,7,0.5,0.5
2022-07-01T00:00:00,2501A,108.3506,21.6414,防城港市,大海花园,,23,22,24,16,14,88,38,80,60,27,20,12,10,1.1,0.8
2022-07-01T00:00:00,2502A,108.6236,21.9667,钦州市,市环保站,,20,12,17,14,8,90,54,75,74,10,8,7,7,0.7,0.6
2022-07-01T00:00:00,2503A,108.6549,21.9481,钦州市,沙埠小学,,19,10,23,13,14,89,41,71,64,11,7,6,6,0.6,0.6
2022-07-01T00:00:00,2504A,108.5989,21.7431,钦州市,港区一小,,36,36,37,25,17,83,37,72,55,17,17,7,6,0.6,0.6
2022-07-01T00:00:00,2505A,109.568,23.1478,贵港市,德智高中(对照点),,19,3,20,9,12,74,60,66,65,5,8,5,6,0.3,0.4
2022-07-01T00:00:00,2506A,109.6047,23.0666,贵港市,江南子站,,27,27,28,18,14,97,36,86,70,30,15,9,5,1.2,0.6
2022-07-01T00:00:00,2507A,109.6014,23.0948,贵港市,贵城子站,,25,23,22,17,14,101,54,86,78,15,13,7,6,0.6,0.6
2022-07-01T00:00:00,2508A,109.5669,23.1065,贵港市,荷城子站,,16,14,18,10,9,88,50,77,73,15,9,4,4,0.3,0.4
2022-07-01T00:00:00,2509A,110.1106,22.7019,玉林市,寒山水库(对照点),,50,50,38,12,12,86,30,73,52,14,7,5,5,1.0,1
2022-07-01T00:00:00,2510A,110.1675,22.6411,玉林市,市监测站,,35,35,23,14,14,99,30,84,50,29,12,6,2,0.6,0.6
2022-07-01T00:00:00,2511A,110.1433,22.6164,玉林市,南江一中,,47,47,29,12,15,102,28,89,37,25,15,1,2,0.6,0.5
2022-07-01T00:00:00,2512A,106.6103,23.9011,百色市,市监测站,,16,16,26,7,11,103,46,92,65,8,8,4,7,0.7,0.8
2022-07-01T00:00:00,2513A,106.6538,23.8859,百色市,市中心血站,,34,34,26,13,14,102,34,90,61,14,10,6,8,0.7,0.7
2022-07-01T00:00:00,2514A,111.5264,24.4172,贺州市,环保小区,,23,23,27,11,16,103,14,86,46,24,14,8,8,0.8,0.8
2022-07-01T00:00:00,2515A,111.5608,24.4078,贺州市,政协大楼,,32,32,30,15,17,97,18,85,42,16,15,13,10,0.6,0.7
2022-07-01T00:00:00,2516A,108.2011,24.715,河池市,东仁乐园(对照点),,20,19,23,14,18,94,9,80,43,6,5,2,3,0.2,0.2
2022-07-01T00:00:00,2517A,108.0497,24.6947,河池市,市环保站,,35,35,22,17,11,96,10,79,54,22,11,6,7,0.6,0.6
2022-07-01T00:00:00,2518A,108.0983,24.6989,河池市,市疾控中心,颗粒物(PM10),52,53,33,16,17,105,9,83,51,22,12,6,7,0.7,0.6
2022-07-01T00:00:00,2519A,109.2328,23.7361,来宾市,来宾二中,,,,29,,15,121,68,104,94,12,13,8,9,0.5,0.7
2022-07-01T00:00:00,2520A,109.2203,23.7256,来宾市,来宾技工学校,,20,2,24,8,17,119,61,102,92,12,10,6,8,0.6,0.7
2022-07-01T00:00:00,2521A,107.3476,22.4136,崇左市,市环保局江州分局,,37,37,25,15,11,115,63,102,93,17,8,3,3,0.7,0.7
2022-07-01T00:00:00,2522A,107.3702,22.3707,崇左市,城南新区,,34,34,24,19,13,114,46,104,95,33,10,3,3,0.9,0.9
2022-07-01T00:00:00,2523A,105.8945,32.4535,广元市,黑石坡(对照点),颗粒物(PM10),54,58,33,16,9,172,123,155,136,10,15,6,6,0.3,0.3
2022-07-01T00:00:00,2524A,105.821,32.4444,广元市,老城,,45,45,30,31,16,200,22,164,94,65,37,8,9,0.8,0.8
2022-07-01T00:00:00,2526A,105.8628,32.4287,广元市,监测站,颗粒物(PM10),53,55,30,33,16,184,72,158,112,14,15,9,11,0.6,0.7
2022-07-01T00:00:00,2527A,105.5453,30.5678,遂宁市,石溪浩(对照点),颗粒物(PM10),59,68,64,21,17,171,60,141,103,24,17,10,10,0.5,0.5
2022-07-01T00:00:00,2528A,105.5582,30.5232,遂宁市,市监测站,颗粒物(PM10),56,61,56,22,19,154,87,135,98,9,23,7,9,0.4,0.5
2022-07-01T00:00:00,2529A,105.5861,30.5366,遂宁市,行政中心,颗粒物(PM10),52,53,55,27,25,172,108,156,121,7,14,6,8,0.6,0.6
2022-07-01T00:00:00,2530A,105.5918,30.4728,遂宁市,美宁食品公司,颗粒物(PM10),58,65,65,18,24,184,91,158,116,11,21,6,13,0.3,0.4
2022-07-01T00:00:00,2531A,105.0703,29.61,内江市,市监测站,,42,35,44,26,16,210,132,174,130,16,31,6,8,0.7,0.8
2022-07-01T00:00:00,2532A,105.0717,29.5947,内江市,东兴区政府,,42,28,44,19,16,208,134,177,137,11,24,10,11,0.5,0.7
2022-07-01T00:00:00,2533A,105.0653,29.5817,内江市,内江二中,,43,25,37,13,19,223,136,192,146,10,22,8,9,0.3,0.6
2022-07-01T00:00:00,2534A,105.0406,29.5822,内江市,内江日报社,,41,23,47,16,20,226,129,192,137,10,35,5,10,0.4,0.6
2022-07-01T00:00:00,2535A,103.7723,29.5462,乐山市,花湖湾(对照点),,40,40,43,22,25,170,39,137,75,27,22,14,12,0.6,1.1
2022-07-01T00:00:00,2536A,103.7627,29.5844,乐山市,牛耳桥,,30,30,38,19,23,179,58,138,71,18,22,9,9,0.5,0.7
2022-07-01T00:00:00,2537A,103.7508,29.6006,乐山市,市第三水厂,,27,27,43,16,21,175,68,137,73,20,28,6,8,0.4,0.6
2022-07-01T00:00:00,2538A,103.7571,29.5664,乐山市,市监测站,,35,35,54,21,24,173,60,142,77,19,23,7,10,0.4,1.2
2022-07-01T00:00:00,2539A,104.0308,30.0478,眉山市,黑龙滩水库(对照点),,27,13,16,8,9,108,86,102,92,4,10,2,3,0.3,0.4
2022-07-01T00:00:00,2540A,103.8416,30.0874,眉山市,气象局,,30,22,21,0,9,115,95,105,101,16,39,4,3,0.3,0.5
2022-07-01T00:00:00,2543A,106.6308,30.5278,广安市,小平旧居(对照点),,,,,,,,,,,,,,,,
2022-07-01T00:00:00,2544A,106.6303,30.4576,广安市,市委,细颗粒物(PM2.5),64,70,53,46,33,202,85,184,134,25,14,9,11,0.5,0.5
2022-07-01T00:00:00,2545A,106.6271,30.4663,广安市,友谊中学,颗粒物(PM10),59,67,47,40,28,204,77,188,140,30,17,9,11,0.5,0.4
2022-07-01T00:00:00,2547A,106.6388,30.4551,广安市,广电花园,颗粒物(PM10),63,75,59,40,27,201,94,183,126,22,17,11,10,0.7,0.6
2022-07-01T00:00:00,2548A,107.5277,31.2827,达州市,达州职业技术学院(对照点),,48,48,53,26,27,234,54,187,115,31,28,11,8,0.3,0.4
2022-07-01T00:00:00,2549A,107.5086,31.2186,达州市,市环境监测站,细颗粒物(PM2.5),52,51,52,36,30,229,55,186,124,32,34,9,8,0.6,0.8
2022-07-01T00:00:00,2550A,107.4988,31.2132,达州市,凤凰小区,,41,41,55,27,28,209,59,188,120,28,25,3,4,0.6,0.7
2022-07-01T00:00:00,2551A,107.5082,31.1986,达州市,达县机关宾馆,细颗粒物(PM2.5),53,53,57,37,32,207,57,170,103,34,36,13,8,0.6,0.7
2022-07-01T00:00:00,2552A,107.4644,31.2124,达州市,市政中心,颗粒物(PM10),52,53,48,31,27,201,78,181,122,5,6,6,6,0.5,0.8
2022-07-01T00:00:00,2554A,103.0475,30.02,雅安市,建安厂,,26,12,20,6,9,103,81,92,92,12,16,7,7,0.1,0.2
2022-07-01T00:00:00,2555A,103.0111,29.9833,雅安市,市政府,,23,14,22,3,10,95,71,80,79,8,12,9,10,0.4,0.5
2022-07-01T00:00:00,2556A,102.9905,29.9775,雅安市,川农大,,23,10,17,5,9,87,73,81,81,8,9,9,9,0.3,0.3
2022-07-01T00:00:00,2561A,104.6617,30.1372,资阳市,莲花山(对照点),,43,39,55,30,24,190,90,166,143,15,20,8,12,0.6,0.7
2022-07-01T00:00:00,2562A,104.6356,30.1506,资阳市,资阳中学,,30,30,63,6,20,182,89,158,132,17,31,10,17,0.6,0.7
2022-07-01T00:00:00,2563A,104.6295,30.1383,资阳市,四三一厂,,39,39,68,15,29,169,90,145,125,18,40,9,14,0.4,0.6
2022-07-01T00:00:00,2564A,104.6463,30.1146,资阳市,师范校,,34,34,59,20,31,175,82,151,126,25,35,10,13,0.5,0.7
2022-07-01T00:00:00,2565A,104.6296,30.1256,资阳市,区法院,,32,28,55,22,25,184,84,162,135,19,30,9,14,0.4,0.6
2022-07-01T00:00:00,2566A,102.1879,31.914,阿坝藏族羌族自治州,州农科所(对照点),,23,20,17,16,17,83,0,72,35,14,7,8,8,0.9,0.9
2022-07-01T00:00:00,2567A,102.224,31.9037,阿坝藏族羌族自治州,州监测站,,12,12,10,2,5,86,21,79,44,5,8,12,12,0.7,0.7
2022-07-01T00:00:00,2568A,102.2502,31.8896,阿坝藏族羌族自治州,马师校,,17,17,10,5,7,91,9,83,37,19,15,9,10,0.7,0.8
2022-07-01T00:00:00,2570A,101.9603,30.0475,甘孜藏族自治州,水桥子,,26,12,11,10,9,82,8,62,41,52,34,4,7,0.4,0.3
2022-07-01T00:00:00,2571A,102.3431,27.8099,凉山彝族自治州,青龙寺(对照点),,23,11,14,16,11,110,60,83,66,9,10,12,12,0.1,0.1
2022-07-01T00:00:00,2572A,102.2721,27.8415,凉山彝族自治州,邛海宾馆,,32,32,35,11,15,114,81,97,77,10,15,6,7,0.3,0.4
2022-07-01T00:00:00,2573A,102.2625,27.898,凉山彝族自治州,西昌市政府,,27,26,30,13,14,111,84,86,79,2,8,8,9,0.3,0.4
2022-07-01T00:00:00,2574A,102.2685,27.8851,凉山彝族自治州,凉山州政府,,22,22,29,12,14,110,65,91,77,11,12,9,10,0.5,0.6
2022-07-01T00:00:00,2575A,102.237,27.8914,凉山彝族自治州,长安,,26,25,33,10,14,110,82,87,81,5,15,9,13,0.4,0.5
2022-07-01T00:00:00,2576A,104.8,26.5892,六盘水市,窑上(对照点),,,,,,,,,,,,,,,,
2022-07-01T00:00:00,2577A,104.83,26.5917,六盘水市,黄土坡,,42,26,34,29,19,130,105,127,118,9,10,5,7,0.3,0.3
2022-07-01T00:00:00,2578A,104.89,26.5939,六盘水市,水钢,,36,36,66,10,17,126,96,119,110,8,19,6,10,0.3,2.8
2022-07-01T00:00:00,2579A,104.8475,26.5894,六盘水市,民中,,35,35,42,14,13,124,100,120,110,10,18,5,6,0.3,0.4
2022-07-01T00:00:00,2580A,104.9544,26.5506,六盘水市,双水,,36,36,41,7,25,112,80,106,98,8,13,4,4,0.3,0.7
2022-07-01T00:00:00,2585A,109.1839,27.7344,铜仁地区,铜仁卫校,,10,10,13,6,6,104,32,90,59,15,11,2,4,0.4,0.4
2022-07-01T00:00:00,2586A,109.1753,27.6944,铜仁地区,铜仁七中,,12,12,13,4,7,107,17,82,48,7,10,1,3,0.5,0.5
2022-07-01T00:00:00,2587A,105.2864,27.3125,毕节市,八中,,40,40,33,28,18,130,72,123,106,14,9,6,7,0.4,0.4
2022-07-01T00:00:00,2588A,105.31,27.2944,毕节市,师专,,32,31,36,18,18,126,102,122,111,6,9,6,7,0.2,0.4
2022-07-01T00:00:00,2589A,104.9022,25.0925,黔西南布依族苗族自治州,场坝街,,17,10,15,7,6,110,53,96,66,5,9,5,16,0.3,0.3
2022-07-01T00:00:00,2590A,104.8811,25.0992,黔西南布依族苗族自治州,坪东大道,,16,13,14,11,9,111,45,96,65,7,13,5,7,0.3,0.3
2022-07-01T00:00:00,2591A,107.9783,26.5747,黔东南苗族侗族自治州,市环境监测站,,22,22,16,11,9,79,6,64,27,27,18,3,3,0.5,0.3
2022-07-01T00:00:00,2593A,107.5228,26.2403,黔南布依族苗族自治州,小围寨,,7,5,9,2,4,74,14,67,38,11,5,4,4,0.7,0.6
2022-07-01T00:00:00,2594A,99.1678,25.1081,保山市,市环境监测站,,30,30,23,13,6,82,33,69,48,7,8,5,5,0.5,0.5
2022-07-01T00:00:00,2595A,99.1711,25.1328,保山市,市环保局,,36,36,23,14,7,78,41,67,54,5,6,3,4,0.3,0.4
2022-07-01T00:00:00,2596A,103.7667,27.3736,昭通市,监测站,,47,47,51,21,23,130,130,124,124,7,12,10,11,0.4,0.4
2022-07-01T00:00:00,2597A,103.7225,27.3361,昭通市,环保局,,45,45,44,24,24,139,111,126,118,15,16,7,8,0.5,0.6
2022-07-01T00:00:00,2598A,100.2143,26.8576,丽江市,西南郊(对照点),,,,,,,,,,,,,,,,
2022-07-01T00:00:00,2599A,100.2497,26.8802,丽江市,丽江古城,,27,27,26,6,3,79,42,69,58,14,13,6,6,0.5,0.5
2022-07-01T00:00:00,2600A,100.2203,26.8906,丽江市,市中心,,29,29,18,16,12,89,40,80,60,21,15,7,8,0.6,0.4
2022-07-01T00:00:00,2601A,100.98,22.7633,普洱市,市环保局,,30,29,22,21,10,94,18,84,51,17,14,5,6,0.4,0.4
2022-07-01T00:00:00,2602A,100.9817,22.8322,普洱市,普洱第二中学,,28,28,17,15,6,82,6,73,41,20,9,7,8,0.3,0.2
2022-07-01T00:00:00,2603A,100.0781,23.8982,临沧市,市环保局,颗粒物(PM10),57,63,38,27,14,79,26,73,53,16,12,7,7,0.8,0.7
2022-07-01T00:00:00,2604A,100.0894,23.8822,临沧市,市气象局,颗粒物(PM10),53,56,43,28,19,83,33,74,56,10,12,5,5,0.7,0.7
2022-07-01T00:00:00,2605A,101.5482,25.0441,楚雄州,州环境监测站,,46,35,31,32,20,123,92,117,104,6,9,6,6,0.6,0.6
2022-07-01T00:00:00,2606A,101.538,25.0492,楚雄州,市经济开发区,颗粒物(PM10),52,53,32,34,20,125,90,120,103,8,13,5,7,0.8,0.7
2022-07-01T00:00:00,2608A,103.3772,23.3993,红河州,污水处理厂,,22,17,28,15,15,115,41,94,63,9,10,3,10,0.4,0.4
2022-07-01T00:00:00,2609A,103.3861,23.35,红河州,监测站,,19,19,30,11,16,117,46,92,55,6,11,4,10,0.5,0.5
2022-07-01T00:00:00,2610A,104.2533,23.3594,文山州,州水务局,,20,7,22,4,15,95,62,86,70,8,11,3,6,0.1,0.2
2022-07-01T00:00:00,2611A,104.2319,23.3892,文山州,市便民服务中心,,26,7,23,18,19,85,45,76,59,13,13,3,7,0.3,0.3
2022-07-01T00:00:00,2612A,100.7939,22.0019,西双版纳州,景洪市江南,,,29,24,,10,91,22,75,41,20,12,7,7,0.5,0.4
2022-07-01T00:00:00,2613A,100.8017,22.0225,西双版纳州,景洪市江北,,9,7,7,6,6,84,19,65,36,18,10,7,8,0.6,0.5
2022-07-01T00:00:00,2614A,100.1542,25.7054,大理州,大理市环境监测站,,40,40,38,14,10,98,13,85,49,31,22,3,4,0.6,0.6
2022-07-01T00:00:00,2615A,100.2171,25.5811,大理州,大理古城,,30,30,23,4,6,79,44,70,55,11,11,7,7,0.7,0.8
2022-07-01T00:00:00,2616A,98.5842,24.428,德宏州,德宏州监测站,,32,32,19,16,9,56,19,45,38,7,6,7,9,0.7,0.6
2022-07-01T00:00:00,2618A,98.8601,25.8567,怒江州,州监测站,,31,31,24,15,13,70,42,62,53,8,9,5,5,0.8,0.7
2022-07-01T00:00:00,2619A,98.8546,25.8417,怒江州,泸水一中,,32,32,24,22,9,64,17,50,32,12,10,5,5,0.4,0.3
2022-07-01T00:00:00,2621A,99.7056,27.8317,迪庆州,迪庆州站,,26,20,12,18,11,78,73,72,71,10,10,9,8,0.6,0.5
2022-07-01T00:00:00,2622A,97.1806,31.1273,昌都市,昌都监测站,,24,5,9,0,2,125,75,115,106,8,6,2,3,0.6,0.6
2022-07-01T00:00:00,2624A,91.7608,29.2313,山南市,山南监测站,颗粒物(PM10),111,172,49,42,13,144,103,138,131,8,11,6,6,0.3,0.3
2022-07-01T00:00:00,2625A,91.7706,29.2436,山南市,山南人民医院,,39,39,47,14,14,143,102,137,128,5,7,6,5,0.3,0.3
2022-07-01T00:00:00,2626A,88.8876,29.2718,日喀则市,日喀则监测站,,,17,19,7,6,133,133,125,123,7,6,4,5,,
2022-07-01T00:00:00,2628A,92.0657,31.4846,那曲地区,那曲监测站,,33,33,26,19,12,141,96,136,122,7,6,8,7,0.6,0.4
2022-07-01T00:00:00,2630A,80.1161,32.5,阿里地区,阿里监测站,,42,20,16,7,7,150,134,135,129,4,6,6,6,0.3,0.3
2022-07-01T00:00:00,2632A,94.3681,29.6376,林芝市,林芝监测站,,13,5,6,2,3,93,41,83,68,5,4,8,8,0.5,0.5
2022-07-01T00:00:00,2633A,94.3616,29.6616,林芝市,林芝人民医院,,12,10,8,6,5,101,38,88,67,6,6,9,9,0.4,0.4
2022-07-01T00:00:00,2634A,106.9893,33.1842,汉中市,汉川机床厂子校(对照点),,36,23,45,11,17,191,113,169,147,8,12,3,4,0.3,0.4
2022-07-01T00:00:00,2635A,107.0154,33.0706,汉中市,市监测站,,32,23,39,11,18,101,101,101,101,13,24,4,8,0.4,0.7
2022-07-01T00:00:00,2636A,107.0089,33.1138,汉中市,鑫源开发区,,30,7,35,15,16,206,94,180,136,19,16,4,5,0.3,0.5
2022-07-01T00:00:00,2637A,107.007,33.0323,汉中市,南郑大河坎水厂,,29,20,45,14,20,189,90,172,132,14,19,3,5,0.2,0.6
2022-07-01T00:00:00,2638A,109.7414,38.3344,榆林市,红石峡森林公园(对照点),颗粒物(PM10),62,73,32,22,15,179,6,162,106,100,39,9,10,0.4,0.4
2022-07-01T00:00:00,2639A,109.7456,38.2911,榆林市,世纪广场,颗粒物(PM10),60,70,39,23,16,172,6,159,110,104,38,7,9,0.9,0.6
2022-07-01T00:00:00,2640A,109.7289,38.2839,榆林市,实验中学,颗粒物(PM10),65,80,45,29,18,166,5,154,110,91,34,10,10,1.0,0.5
2022-07-01T00:00:00,2641A,109.7336,38.2478,榆林市,环保监测大楼,颗粒物(PM10),64,77,46,20,17,172,18,160,96,83,43,11,11,0.8,0.8
2022-07-01T00:00:00,2642A,109.0318,32.6537,安康市,香溪洞(对照点),,33,26,30,15,16,150,103,136,114,8,8,11,8,0.5,0.5
2022-07-01T00:00:00,2643A,109.0281,32.6939,安康市,安康市监测站,,33,30,37,15,16,155,105,139,115,6,10,4,9,0.3,0.4
2022-07-01T00:00:00,2644A,109.0072,32.6975,安康市,汉滨区检察院,,36,27,36,15,17,159,115,132,115,5,8,4,6,0.3,0.4
2022-07-01T00:00:00,2645A,109.9154,33.8715,商洛市,监测站,,36,21,36,14,16,169,115,135,110,12,12,13,12,0.5,0.4
2022-07-01T00:00:00,2647A,104.1724,36.5446,白银市,第三小学,,44,44,38,14,12,153,106,134,117,16,12,124,41,0.5,0.5
2022-07-01T00:00:00,2648A,104.1465,36.5482,白银市,动力公司,,38,38,32,21,12,150,82,135,113,33,16,29,22,0.4,0.4
2022-07-01T00:00:00,2649A,106.0055,34.343,天水市,麦积山(对照点),,,,,,,,,,,,,,,,
2022-07-01T00:00:00,2650A,105.7205,34.5786,天水市,公园小学,,47,47,37,13,12,165,56,138,92,28,21,8,6,0.4,0.3
2022-07-01T00:00:00,2651A,105.8945,34.5538,天水市,麦积国土局,,43,43,43,9,15,138,83,120,101,17,19,6,8,0.2,0.3
2022-07-01T00:00:00,2652A,102.6201,37.9251,武威市,监测站,,31,28,48,7,11,136,99,121,102,12,25,4,4,0.3,0.3
2022-07-01T00:00:00,2654A,100.4698,38.9524,张掖市,润泉湖,,25,20,55,7,18,120,78,112,97,20,18,5,6,0.3,0.3
2022-07-01T00:00:00,2655A,100.4154,38.9422,张掖市,区工会,,32,32,49,11,17,132,92,124,111,15,17,7,8,0.2,0.2
2022-07-01T00:00:00,2656A,106.6692,35.5461,平凉市,聚贤嘉苑,,33,33,26,22,12,192,101,168,133,55,31,5,6,0.6,0.5
2022-07-01T00:00:00,2657A,106.7021,35.5307,平凉市,博物馆,,,109,32,21,13,198,8,172,114,139,35,6,6,1.8,0.6
2022-07-01T00:00:00,2658A,98.5061,39.7443,酒泉市,仓门街子站,,36,36,70,19,21,150,84,134,116,31,16,14,10,0.9,0.5
2022-07-01T00:00:00,2659A,98.4989,39.7256,酒泉市,油田生活基地,,30,19,63,21,23,152,86,135,119,26,14,4,8,0.2,0.4
2022-07-01T00:00:00,2661A,107.6325,35.7357,庆阳市,庆阳五中,臭氧1小时,65,47,37,29,13,195,172,191,167,10,11,8,8,0.6,0.4
2022-07-01T00:00:00,2662A,107.6364,35.7067,庆阳市,市环保局,臭氧1小时,82,45,29,20,10,199,185,197,173,9,11,11,9,0.6,0.5
2022-07-01T00:00:00,2663A,104.6241,35.5734,定西市,东关小学,,34,34,47,10,13,144,96,138,126,21,21,4,7,0.2,0.2
2022-07-01T00:00:00,2664A,104.6194,35.5934,定西市,供电公司,,32,32,44,18,18,143,87,136,121,41,29,4,8,0.1,0.2
2022-07-01T00:00:00,2665A,105.0822,33.3261,陇南市,汉王镇固水子(对照点),,,,,,,,,,,,,,,,
2022-07-01T00:00:00,2667A,103.2069,35.5993,临夏回族自治州,环保局,颗粒物(PM10),61,72,45,33,20,168,55,155,118,45,20,5,8,0.6,0.5
2022-07-01T00:00:00,2668A,103.2417,35.6057,临夏回族自治州,建设大厦,颗粒物(PM10),57,63,41,29,18,162,48,152,104,52,20,6,7,0.1,0.1
2022-07-01T00:00:00,2669A,102.9099,34.9841,甘南州,州政府,,37,37,31,19,15,148,49,138,114,46,22,5,6,0.3,0.3
2022-07-01T00:00:00,2671A,100.9048,36.9639,海北藏族自治州,海晏县西海镇,,33,24,14,21,12,140,104,134,126,12,10,6,5,0.9,0.8
2022-07-01T00:00:00,2672A,102.0199,35.5102,黄南藏族自治州,同仁县隆务镇,,27,24,16,12,10,133,86,130,114,7,6,6,6,0.6,0.6
2022-07-01T00:00:00,2673A,100.6188,36.2866,海南藏族自治州,共和县恰卜恰镇,,42,28,22,15,13,147,134,141,135,9,11,8,9,0.7,0.6
2022-07-01T00:00:00,2674A,100.2561,34.4714,果洛藏族自治州,玛沁县大武镇,,45,19,18,21,14,152,142,144,142,10,11,11,11,0.2,0.2
2022-07-01T00:00:00,2675A,97,33.0014,玉树藏族自治州,玉树县结古镇,,40,8,11,4,4,150,128,142,134,2,5,10,10,0.3,0.3
2022-07-01T00:00:00,2676A,97.3731,37.3753,海西蒙古族藏族自治州,德令哈市,,35,13,10,13,12,159,110,155,129,8,5,4,10,0.3,0.3
2022-07-01T00:00:00,2677A,106.1532,37.9648,吴忠市,教育园区,,38,33,34,13,15,241,120,185,150,20,18,9,15,0.4,0.5
2022-07-01T00:00:00,2679A,106.1856,37.9956,吴忠市,新区二泵站,,34,33,37,12,13,231,108,188,142,28,23,4,14,0.5,0.5
2022-07-01T00:00:00,2680A,105.0025,37.4635,中卫市,沙坡头消防站(对照点),颗粒物(PM10),51,52,34,20,16,187,96,165,138,61,30,18,17,0.7,0.6
2022-07-01T00:00:00,2682A,105.1971,37.5002,中卫市,环保局站,颗粒物(PM10),58,65,37,23,16,178,97,163,138,37,21,23,14,0.5,0.4
2022-07-01T00:00:00,2683A,106.2319,36.1417,固原市,马园(对照点),,41,41,31,20,12,203,120,138,117,19,31,7,6,0.6,0.4
2022-07-01T00:00:00,2684A,106.2792,36.0022,固原市,监测站,,44,44,28,15,10,158,62,138,120,47,17,7,8,0.4,0.4
2022-07-01T00:00:00,2685A,106.2375,36.0211,固原市,新区,,,28,23,,11,153,100,138,123,20,28,5,4,0.5,0.4
2022-07-01T00:00:00,2686A,89.1904,42.9418,吐鲁番地区,市环保局,颗粒物(PM10),80,110,53,35,14,139,50,131,112,54,15,5,4,0.8,0.5
2022-07-01T00:00:00,2687A,89.1673,42.9559,吐鲁番地区,地区环保局,颗粒物(PM10),95,140,65,32,23,143,58,132,100,51,26,5,5,0.7,0.6
2022-07-01T00:00:00,2688A,93.5128,42.8172,哈密地区,地区监测站,颗粒物(PM10),82,114,58,35,18,129,71,123,100,42,13,6,5,0.6,0.3
2022-07-01T00:00:00,2689A,93.4961,42.8328,哈密地区,哈密师范学校,颗粒物(PM10),74,97,38,27,12,129,37,123,96,62,14,4,4,0.8,0.4
2022-07-01T00:00:00,2690A,88.1236,43.8886,昌吉州,天山天池(对照点),,30,30,10,18,5,132,81,125,107,8,5,6,6,0.5,0.5
2022-07-01T00:00:00,2692A,87.2717,44.0297,昌吉州,新区政务中心,颗粒物(PM10),53,55,41,29,13,181,112,155,144,11,24,6,6,0.3,0.4
2022-07-01T00:00:00,2693A,82.0485,44.8556,博尔塔拉蒙古自治州,市党校,颗粒物(PM10),56,61,33,35,15,118,109,110,108,4,5,3,4,0.3,0.3
2022-07-01T00:00:00,2694A,82.0806,44.8969,博尔塔拉蒙古自治州,市环保局,,,49,30,16,12,111,,102,96,,13,,2,,0.3
2022-07-01T00:00:00,2695A,80.292,41.1694,阿克苏地区,电视台,,,112,49,,13,160,68,152,136,50,18,2,2,0.9,0.5
2022-07-01T00:00:00,2696A,80.2613,41.1551,阿克苏地区,艺术中心,颗粒物(PM10),84,118,59,29,21,162,45,149,125,76,39,4,4,1.2,0.8
2022-07-01T00:00:00,2697A,76.1454,39.7142,克孜勒苏柯尔克孜自治州,市人民政府,,50,50,47,25,24,167,61,162,124,52,15,9,10,0.3,0.2
2022-07-01T00:00:00,2698A,76.0072,39.4467,喀什地区,巡警大队,颗粒物(PM10),62,73,84,32,31,169,66,164,141,82,45,16,11,1.2,1
2022-07-01T00:00:00,2699A,75.9755,39.4694,喀什地区,吾办,颗粒物(PM10),80,109,106,43,35,171,53,164,141,80,40,13,11,1.2,0.8
2022-07-01T00:00:00,2700A,75.9538,39.4682,喀什地区,市环境监测站,颗粒物(PM10),131,211,123,33,29,167,18,163,129,95,43,9,9,1.1,0.8
2022-07-01T00:00:00,2703A,81.2815,43.9404,伊犁哈萨克州,市环保局,颗粒物(PM10),166,282,79,37,17,157,126,136,127,8,19,5,8,0.3,0.4
2022-07-01T00:00:00,2704A,81.2996,43.9174,伊犁哈萨克州,新政府片区,颗粒物(PM10),96,141,54,21,15,149,124,133,125,6,15,7,10,0.4,0.5
2022-07-01T00:00:00,2705A,81.3364,43.941,伊犁哈萨克州,第二水厂,,,,69,,16,151,,133,127,,15,,10,,0.4
2022-07-01T00:00:00,2706A,82.9994,46.7432,塔城地区,东门外小游园,颗粒物(PM10),57,63,53,5,8,80,60,75,72,10,10,5,5,0.2,0.3
2022-07-01T00:00:00,2708A,88.1264,47.8517,阿勒泰地区,市站,颗粒物(PM10),63,75,43,14,8,119,115,111,106,3,9,2,3,0.5,0.5
2022-07-01T00:00:00,2709A,86.0497,44.2967,石河子市,艾青诗歌馆,颗粒物(PM10),187,324,58,68,16,125,95,123,117,5,12,9,9,0.5,0.4
2022-07-01T00:00:00,2710A,86.0697,44.3075,石河子市,阳光学校,颗粒物(PM10),203,352,61,56,14,128,93,125,117,14,16,6,7,0.4,0.4
2022-07-01T00:00:00,2711A,87.5475,44.1756,五家渠市,农水大厦,颗粒物(PM10),86,121,52,32,15,172,92,150,119,14,25,11,12,0.5,0.6
2022-07-01T00:00:00,2835A,101.7227,26.567,攀枝花市,四十中小,,32,24,23,11,11,118,11,105,70,64,31,12,18,1.7,1.3
2022-07-01T00:00:00,2842A,118.0936,24.5058,厦门市,湖里中学,,32,32,29,17,13,163,17,114,58,33,15,2,2,0.4,0.4
2022-07-01T00:00:00,2845A,113.1569,36.1911,长治市,德盛苑,,28,28,27,17,17,172,45,136,87,25,19,10,9,0.8,1
2022-07-01T00:00:00,2846A,113.3221,23.1322,广州市,体育西,,20,20,23,7,11,77,6,59,23,26,20,6,6,0.6,0.6
2022-07-01T00:00:00,2858A,117.7918,39.2474,天津市,河西一经路,,38,27,43,26,30,180,91,157,119,7,22,5,11,0.6,1.2
2022-07-01T00:00:00,2859A,117.3747,38.9846,天津市,津沽路,,30,25,48,18,34,146,93,138,118,8,19,7,10,0.5,1.2
2022-07-01T00:00:00,2860A,117.1589,39.0845,天津市,宾水西道,细颗粒物(PM2.5),57,50,49,40,36,140,76,123,109,15,18,5,6,1.1,1.3
2022-07-01T00:00:00,2862A,114.5481,38.0378,石家庄市,22中南校区,,36,15,21,8,15,154,115,148,134,15,11,5,3,0.2,0.2
2022-07-01T00:00:00,2865A,112.7195,37.6828,晋中市,榆次三中,颗粒物(PM10),64,78,46,17,25,152,117,147,134,9,10,6,4,0.5,0.4
2022-07-01T00:00:00,2867A,111.1283,37.51,吕梁市,马茂庄小学,颗粒物(PM10),53,55,38,10,8,167,70,141,124,58,27,6,6,0.7,0.5
2022-07-01T00:00:00,2868A,126.4739,43.953,吉林市,九站,,39,35,19,27,13,98,3,88,55,43,20,16,12,0.8,0.8
2022-07-01T00:00:00,2869A,119.447,32.4155,扬州市,五台山医院,,11,10,23,4,13,113,35,96,80,20,20,7,7,0.3,0.4
2022-07-01T00:00:00,2870A,119.4424,32.1873,镇江市,市疾控中心,,15,5,19,9,11,119,48,98,89,15,14,1,3,0.4,0.3
2022-07-01T00:00:00,2871A,121.6147,29.9017,宁波市,万里国际学校,,10,10,12,4,6,53,27,48,32,4,3,6,6,0.5,0.5
2022-07-01T00:00:00,2872A,120.7846,30.7525,嘉兴市,南湖区残联,,25,19,19,17,11,103,29,79,45,23,13,5,6,0.4,0.4
2022-07-01T00:00:00,2873A,120.0875,30.8955,湖州市,仁皇山新区,,21,21,20,2,6,120,22,77,42,24,20,4,4,0.4,0.5
2022-07-01T00:00:00,2875A,115.784,32.8892,阜阳市,阜阳职业技术学院,,43,10,30,1,11,187,135,175,150,4,9,5,6,0.4,0.4
2022-07-01T00:00:00,2877A,119.1641,36.6523,潍坊市,坊子邮政,,29,17,36,9,26,193,91,162,120,12,13,6,7,0.4,0.6
2022-07-01T00:00:00,2878A,116.0072,36.4343,聊城市,聊大东校,,27,24,22,17,16,159,86,142,126,19,15,7,8,0.7,0.8
2022-07-01T00:00:00,2880A,104.0219,30.6558,成都市,大石西路,,29,29,51,16,25,169,56,138,82,36,42,6,5,0.5,0.7
2022-07-01T00:00:00,2881A,107.8908,26.5311,黔东南苗族侗族自治州,凯里学院,,18,18,16,9,9,83,14,71,41,8,10,3,2,0.2,0.2
2022-07-01T00:00:00,2882A,102.5389,24.3703,玉溪市,玉溪一中,,30,30,39,13,17,125,66,118,99,21,19,6,7,0.6,0.8
2022-07-01T00:00:00,2883A,102.5381,24.3389,玉溪市,文体中心,颗粒物(PM10),60,70,40,11,19,130,64,125,101,19,17,11,10,0.6,0.9
2022-07-01T00:00:00,2884A,98.2672,39.7978,嘉峪关市,酒钢宾馆,,35,31,66,7,20,144,110,138,133,19,11,15,22,0.0,0.3
2022-07-01T00:00:00,2885A,104.9339,33.3826,陇南市,滨江中学,,39,39,33,17,12,134,52,121,88,32,18,15,15,0.5,0.4
2022-07-01T00:00:00,2894A,117.0566,32.6531,淮南市,经济技术开发区消防队,,32,14,28,8,12,133,102,126,120,3,6,4,4,0.3,0.4
2022-07-01T00:00:00,2897A,123.2444,41.7347,沈阳市,沈辽西路,,41,41,44,26,24,145,40,136,88,22,22,4,5,0.8,1
2022-07-01T00:00:00,2900A,123.5953,41.9086,沈阳市,裕农路,,39,39,39,25,23,149,38,124,76,18,23,8,8,1.3,1.1
2022-07-01T00:00:00,2902A,106.6351,30.4865,广安市,北辰小学,颗粒物(PM10),57,63,50,39,30,189,57,177,121,20,12,9,13,0.6,0.5
2022-07-01T00:00:00,2907A,120.1844,30.8596,湖州市,吴兴区站,,17,17,23,5,9,127,21,92,41,23,18,5,5,0.4,0.4
2022-07-01T00:00:00,2914A,106.7677,31.8794,巴中市,苏山坪(对照点),颗粒物(PM10),56,62,47,29,22,173,124,156,134,8,8,9,7,0.6,0.6
2022-07-01T00:00:00,2919A,116.7022,39.5453,廊坊市,河北工业大学,,37,25,34,23,22,165,116,158,140,19,23,5,6,0.6,0.5
2022-07-01T00:00:00,2920A,117.7116,24.506,漳州市,蓝田镇,,20,20,29,8,7,165,56,131,97,5,10,6,8,0.4,0.4
2022-07-01T00:00:00,2921A,120.5483,30.0003,绍兴市,树下王站,,12,12,12,3,3,60,24,43,34,13,10,4,4,0.5,0.5
2022-07-01T00:00:00,2922A,117.1941,39.1067,天津市,大理道,颗粒物(PM10),51,52,50,31,30,157,83,144,121,13,17,6,6,0.8,1.2
2022-07-01T00:00:00,2924A,106.2266,38.4418,银川市,水乡路,,36,23,21,12,12,157,113,151,143,28,21,11,6,0.6,0.5
2022-07-01T00:00:00,2925A,106.2757,38.4842,银川市,上海东路,,36,24,19,13,9,163,115,156,149,24,17,15,8,0.5,0.3
2022-07-01T00:00:00,2926A,106.1015,38.497,银川市,文昌北街,,42,42,44,18,18,157,98,153,142,42,22,8,8,0.6,0.7
2022-07-01T00:00:00,2929A,114.8858,30.4519,黄冈市,红卫路,,30,30,30,4,6,139,86,132,111,8,8,10,10,0.5,0.5
2022-07-01T00:00:00,2996A,118.283,33.965,宿迁市,市供电局,,28,28,38,10,17,160,70,139,97,20,16,4,5,0.5,0.5
2022-07-01T00:00:00,2997A,119.8767,32.3289,泰州市,王营,,13,13,30,7,15,139,27,118,74,25,26,7,7,0.8,0.7
2022-07-01T00:00:00,3000A,119.3581,34.6972,连云港市,德源药业,,25,25,35,14,19,164,73,135,91,14,22,3,3,0.5,0.6
2022-07-01T00:00:00,3002A,119.9805,31.8174,常州市,行政中心,,20,20,28,6,16,123,37,102,58,18,17,7,9,0.9,0.7
2022-07-01T00:00:00,3003A,120.0522,31.7748,常州市,经开区,,10,10,26,0,9,130,32,93,59,10,17,5,7,0.5,0.7
2022-07-01T00:00:00,3004A,120.1544,33.3663,盐城市,宝龙广场,,18,7,32,2,16,150,57,125,92,13,16,2,3,0.7,0.7
2022-07-01T00:00:00,3005A,117.1814,34.29,徐州市,鼓楼区政府,,,53,30,19,13,236,74,173,108,17,13,,7,0.3,0.3
2022-07-01T00:00:00,3006A,117.1694,34.1781,徐州市,铜山区招生办,,29,29,30,19,13,242,84,175,112,17,14,9,8,0.4,0.4
2022-07-01T00:00:00,3007A,119.178,34.844,连云港市,新城一中,,30,30,39,15,26,134,51,124,91,25,16,1,2,0.6,0.9
2022-07-01T00:00:00,3008A,119.3608,34.7519,连云港市,胡沟管理处,,29,24,30,9,17,123,90,114,98,8,13,1,2,0.6,0.8
2022-07-01T00:00:00,3009A,119.1478,34.5911,连云港市,矿山设计院,,29,29,41,19,23,142,71,129,100,13,13,3,3,0.7,0.6
2022-07-01T00:00:00,3010A,119.9025,31.7964,常州市,钟楼,,13,10,27,5,13,111,40,92,70,19,19,4,4,0.1,0.3
2022-07-01T00:00:00,3012A,112.1849,31.0362,荆门市,西山林语,,44,44,36,22,20,141,99,121,79,12,10,16,9,0.7,0.6
2022-07-01T00:00:00,3014A,106.4958,29.5346,重庆市,歇台子,,41,41,54,26,29,195,67,162,111,38,52,10,9,1.1,1
2022-07-01T00:00:00,3015A,106.4037,29.5728,重庆市,龙井湾,,41,38,42,19,19,270,130,227,161,19,27,4,7,0.7,0.8
2022-07-01T00:00:00,3016A,106.5507,29.4153,重庆市,龙洲湾,,42,42,38,20,20,280,91,195,83,16,25,5,4,0.6,0.6
2022-07-01T00:00:00,3018A,111.505,36.1014,临汾市,唐尧大酒店,,38,28,27,26,22,188,84,177,120,21,19,2,7,0.5,0.5
2022-07-01T00:00:00,3020A,117.2101,39.1699,天津市,中山北路,细颗粒物(PM2.5),70,76,54,51,33,180,81,165,136,17,17,9,9,1.0,1.3
2022-07-01T00:00:00,3021A,115,35.7668,濮阳市,濮水河管理处,,38,38,49,19,57,88,27,75,59,17,14,3,3,1.1,0.9
2022-07-01T00:00:00,3025A,113.0477,23.6344,清远市,技师学院,,19,19,23,9,11,59,3,48,13,23,14,4,4,0.4,0.4
2022-07-01T00:00:00,3026A,116.6183,23.6608,潮州市,市政府,,24,24,18,9,6,78,66,69,61,12,7,9,7,0.6,0.5
2022-07-01T00:00:00,3027A,104.72,29.3427,自贡市,青杠林路,,38,24,64,21,29,251,120,213,146,6,22,6,11,0.3,0.6
2022-07-01T00:00:00,3028A,104.776,29.3627,自贡市,檀木林体育馆,,39,32,59,12,29,222,124,200,154,12,26,5,12,0.4,0.6
2022-07-01T00:00:00,3033A,87.4651,43.4569,乌鲁木齐市,培训基地,,44,17,23,2,4,148,140,141,141,4,4,3,7,0.3,0.3
2022-07-01T00:00:00,3034A,113.1076,41.0385,乌兰察布市,光明街小学,,38,32,19,24,17,116,10,106,71,75,24,8,11,0.5,0.4
2022-07-01T00:00:00,3035A,122.0931,46.0707,兴安盟,北滨河,颗粒物(PM10),51,51,30,18,17,109,7,101,51,35,19,3,4,0.5,0.5
2022-07-01T00:00:00,3036A,118.6904,37.4338,东营市,开发区管委会,,40,12,39,9,30,147,126,132,126,3,3,5,3,0.4,0.4
2022-07-01T00:00:00,3038A,103.3758,23.368,红河州,州图书馆,,30,19,30,21,17,121,47,94,60,6,10,2,7,0.4,0.5
2022-07-01T00:00:00,3039A,111.1911,34.7829,三门峡市,三门峡市第一小学,细颗粒物(PM2.5),59,56,55,42,29,203,157,195,186,11,10,5,5,0.5,0.6
2022-07-01T00:00:00,3045A,109.9643,33.8471,商洛市,商州区中学,,35,12,38,17,23,168,112,142,116,21,23,6,7,0.3,0.4
2022-07-01T00:00:00,3046A,115.9084,28.6062,南昌市,机电学校,,39,39,39,13,22,113,35,90,63,22,20,5,6,0.8,0.8
2022-07-01T00:00:00,3048A,119.5799,26.0936,福州市,九龙,,20,20,21,7,10,75,35,58,39,2,3,2,2,0.2,0.2
2022-07-01T00:00:00,3051A,117.3876,39.1488,天津市,西四道,,47,47,48,18,23,156,52,143,103,35,23,5,6,0.9,1.2
2022-07-01T00:00:00,3054A,113.9194,35.2847,新乡市,市委党校,细颗粒物(PM2.5),52,46,33,36,32,145,109,136,128,13,13,3,4,1.0,1.1
2022-07-01T00:00:00,3055A,101.7775,36.6428,西宁市,城北区政府,,29,12,18,11,10,150,92,140,126,24,20,12,25,0.5,0.7
2022-07-01T00:00:00,3057A,121.5992,37.4014,烟台市,牟平检察院,,41,5,26,4,19,134,130,122,122,4,7,5,6,0.3,0.5
2022-07-01T00:00:00,3058A,119.2658,42.0353,赤峰市,银河街,,36,36,27,21,14,126,63,114,86,16,15,15,13,0.9,0.8
2022-07-01T00:00:00,3059A,117.7161,36.2049,济南市,泰兴公司,,31,16,28,13,15,171,98,152,121,28,24,5,6,0.5,0.5
2022-07-01T00:00:00,3061A,119.7512,49.1577,呼伦贝尔市,国华电力东,,33,28,24,23,16,105,59,100,80,5,7,2,2,0.3,0.2
2022-07-01T00:00:00,3064A,117.6867,36.2171,济南市,莱芜战役纪念馆,,31,24,32,7,17,173,98,152,119,18,15,7,8,0.9,1
2022-07-01T00:00:00,3065A,101.9533,29.9972,甘孜藏族自治州,州环保局,,25,13,14,7,4,111,2,93,44,49,34,7,6,0.5,0.2
2022-07-01T00:00:00,3066A,116.2721,37.4379,德州市,九衢泉纯净水厂,,42,29,31,29,27,144,32,129,60,32,17,6,8,0.8,0.7
2022-07-01T00:00:00,3109A,115.0093,25.8613,赣州市,赣县区卫计委,,36,36,24,5,6,62,9,49,18,26,14,8,8,1.0,0.9
2022-07-01T00:00:00,3122A,105.9606,26.2611,安顺市,伍家关(对照点),,,,,,,,,,,,,,,,
2022-07-01T00:00:00,3123A,105.9408,26.2431,安顺市,凤凰山,,21,15,29,12,21,130,65,118,100,5,6,11,9,0.5,0.5
2022-07-01T00:00:00,3124A,105.9439,26.2564,安顺市,金钟山,,20,15,29,10,21,125,61,114,96,3,5,8,8,0.2,0.3
2022-07-01T00:00:00,3125A,105.8983,26.2481,安顺市,娄家坡,,20,15,39,14,26,123,63,113,90,4,6,8,8,0.4,0.5
2022-07-01T00:00:00,3128A,92.0506,31.4797,那曲地区,那曲会议中心,,32,14,16,8,7,135,100,131,120,6,8,6,7,0.3,0.4
2022-07-01T00:00:00,3131A,114.879,40.7993,张家口市,烟厂,,28,28,28,15,9,150,60,128,101,13,12,3,4,0.4,0.4
2022-07-01T00:00:00,3132A,119.610547,39.943889,秦皇岛市,文明里,颗粒物(PM10),54,57,33,18,12,128,102,121,117,11,12,8,7,0.4,0.3
2022-07-01T00:00:00,3133A,106.5468,29.5654,重庆市,上清寺,,38,38,38,18,18,272,74,212,125,45,58,12,10,0.8,0.9
2022-07-01T00:00:00,3134A,113.8172,34.0339,许昌市,市一中,颗粒物(PM10),55,59,32,34,12,195,117,185,163,15,12,4,5,0.5,0.5
2022-07-01T00:00:00,3136A,104.2725,30.5589,成都市,龙泉驿区区政府,,27,21,44,11,23,146,84,136,117,17,19,8,9,0.5,0.6
2022-07-01T00:00:00,3137A,103.8578,30.0744,眉山市,市委党校,,24,11,19,11,22,115,74,96,89,20,35,6,8,0.6,0.7
2022-07-01T00:00:00,3138A,111.7153,29.0289,常德市,武陵区永安,细颗粒物(PM2.5),59,57,42,42,30,152,110,141,121,7,8,2,2,0.4,0.4
2022-07-01T00:00:00,3139A,111.6892,28.9881,常德市,鼎城区玉霞,,40,23,38,28,27,153,89,139,123,8,7,4,6,0.9,0.7
2022-07-01T00:00:00,3140A,111.6625,29.0531,常德市,武陵区长庚,,,42,38,30,25,162,,148,142,6,5,5,6,0.7,0.7
2022-07-01T00:00:00,3141A,114.3922,36.0878,安阳市,信访局,,,66,44,,,157,127,145,141,17,17,1,2,1.0,0.7
2022-07-01T00:00:00,3147A,114.3438,34.8106,开封市,龙亭公园,,,,42,,17,173,97,161,132,,9,3,4,0.7,0.6
2022-07-01T00:00:00,3148A,103.8291,30.0564,眉山市,区人社局,,26,26,31,5,16,117,81,99,92,21,37,6,8,0.4,0.5
2022-07-01T00:00:00,3149A,115.0235,30.1578,黄石市,笔架山北路,,35,35,28,7,5,155,75,136,109,9,15,7,8,0.7,0.7
2022-07-01T00:00:00,3151A,114.375,27.8097,宜春市,宜春学院北校区,细颗粒物(PM2.5),67,60,37,48,23,98,65,88,86,10,10,13,8,0.9,0.9
2022-07-01T00:00:00,3153A,114.3877,30.4908,武汉市,民族大道182号,颗粒物(PM10),54,58,40,15,16,177,72,164,130,24,22,4,5,0.8,0.9
2022-07-01T00:00:00,3164A,119.4686,32.3942,扬州市,广陵建设局,,12,12,23,4,13,114,34,95,80,17,18,8,8,0.4,0.5
2022-07-01T00:00:00,3165A,108.6594,34.2969,咸阳市,两寺渡,颗粒物(PM10),53,56,59,27,23,256,109,239,190,26,18,5,6,0.7,0.7
2022-07-01T00:00:00,3169A,113.2725,35.2067,焦作市,太极体育中心(启用180720),颗粒物(PM10),59,67,35,30,19,170,92,154,127,17,9,13,5,0.6,0.3
2022-07-01T00:00:00,3170A,102.1864,38.5253,金昌市,市委党校,,,,,,,138,98,131,114,13,13,14,22,0.5,0.5
2022-07-01T00:00:00,3171A,115.6071,34.4465,商丘市,梁园区档案局,,,27,48,,22,186,108,178,152,18,13,3,3,0.5,0.5
2022-07-01T00:00:00,3173A,117.0598,30.5351,安庆市,市人大,,9,8,14,6,10,95,19,81,56,18,15,5,4,0.5,0.5
2022-07-01T00:00:00,3178A,119.0587,36.721,潍坊市,潍坊七中,,31,9,36,9,23,191,98,160,116,7,16,3,4,0.5,0.7
2022-07-01T00:00:00,3179A,102.7494,25.0119,昆明市,官渡区博物馆,,44,44,45,22,14,152,70,139,105,29,27,11,9,0.4,0.5
2022-07-01T00:00:00,3180A,99.7136,27.8094,迪庆州,质量技术监督局,,25,14,13,11,10,85,78,79,76,8,8,8,8,0.6,0.5
2022-07-01T00:00:00,3182A,106.7656,31.8545,巴中市,丽阳花园,颗粒物(PM10),51,52,44,31,26,173,62,160,104,25,21,4,4,0.5,0.5
2022-07-01T00:00:00,3183A,106.7418,31.8654,巴中市,圣泉水务公司,,44,44,38,29,25,181,64,165,106,24,17,4,5,0.5,0.5
2022-07-01T00:00:00,3185A,112.5628,37.8964,太原市,巨轮,,34,34,45,22,28,159,107,144,102,18,34,6,7,0.5,0.6
2022-07-01T00:00:00,3186A,103.7158,36.1058,兰州市,教育港,,44,44,55,28,24,175,112,162,132,12,35,3,12,0.3,0.5
2022-07-01T00:00:00,3187A,116.9509,33.666,宿州市,远航博物馆,,27,18,33,4,15,171,86,152,134,5,5,2,3,0.3,0.4
2022-07-01T00:00:00,3188A,115.6683,37.7217,衡水市,市城管局,,,,72,15,20,156,81,142,105,14,12,10,12,0.7,0.7
2022-07-01T00:00:00,3190A,116.0254,29.6994,九江市,外国语学校,,20,15,16,14,12,93,48,79,64,12,16,11,6,0.7,0.7
2022-07-01T00:00:00,3191A,118.3225,33.9447,宿迁市,宿豫区政府,,25,25,29,14,19,150,58,129,95,23,15,3,4,0.5,0.5
2022-07-01T00:00:00,3192A,80.0903,32.5028,阿里地区,阿里藏医院,,,,19,15,6,147,134,135,130,3,4,7,7,0.3,0.3
2022-07-01T00:00:00,3194A,112.2747,30.3122,荆州市,管委会,,39,37,38,27,21,155,110,133,113,11,11,7,8,0.5,0.5
2022-07-01T00:00:00,3195A,119.3633,32.3972,扬州市,市体育局,,15,12,26,2,11,142,46,96,80,14,14,9,9,0.3,0.4
2022-07-01T00:00:00,3200A,115.9819,36.4978,聊城市,监控中心,,23,23,21,8,12,160,64,146,123,36,17,10,11,0.6,0.6
2022-07-01T00:00:00,3201A,102.6486,37.9325,武威市,东关招商场,,34,23,60,9,13,139,108,125,111,7,17,4,5,0.2,0.3
2022-07-01T00:00:00,3204A,113.3025,33.73,平顶山市,规划局,细颗粒物(PM2.5),55,33,29,39,17,197,132,186,152,11,11,3,6,0.6,0.6
2022-07-01T00:00:00,3206A,114.9149,27.807,新余市,新钢沁园村,颗粒物(PM10),53,55,38,31,18,86,61,78,75,21,12,15,10,0.6,0.5
2022-07-01T00:00:00,3207A,118.3118,32.3038,滁州市,市政府原办公楼,,17,14,23,5,12,116,52,102,81,17,16,13,12,0.5,0.4
2022-07-01T00:00:00,3208A,112.7283,38.4153,忻州市,市政府,,46,46,34,28,23,153,52,134,92,35,19,12,13,0.5,0.5
2022-07-01T00:00:00,3209A,119.5231,26.6562,宁德市,宁德一中,,20,20,32,4,9,78,14,58,28,17,10,6,6,0.4,0.4
2022-07-01T00:00:00,3210A,114.3644,34.7964,开封市,汴京公园,,30,27,34,21,16,170,94,154,132,14,8,3,4,0.5,0.4
2022-07-01T00:00:00,3216A,114.6622,24.5183,漳州市,漳州党校,,20,14,26,5,15,163,64,132,110,8,12,4,7,0.4,0.5
2022-07-01T00:00:00,3237A,117.4918,30.6617,池州市,展览馆,,10,10,11,5,7,79,23,62,40,5,5,4,4,0.5,0.4
2022-07-01T00:00:00,3239A,125.0764,42.9078,辽源市,银鹰制药,,37,37,20,15,12,127,8,112,59,36,13,6,6,0.7,0.6
2022-07-01T00:00:00,3241A,103.7439,36.0842,兰州市,百合公园,,39,39,46,24,28,136,95,131,109,28,33,14,19,0.5,0.3
2022-07-01T00:00:00,3242A,103.9611,35.998,兰州市,和平,,42,37,45,6,20,178,134,159,138,10,24,9,19,0.4,0.6
2022-07-01T00:00:00,3245A,103.6633,36.533,兰州新区,新区管委会,颗粒物(PM10),54,57,74,16,20,155,103,149,133,16,21,9,10,0.4,0.5
2022-07-01T00:00:00,3246A,103.6975,36.4789,兰州新区,舟曲中学,,33,29,64,5,9,151,103,144,128,18,21,6,12,0.4,0.5
2022-07-01T00:00:00,3247A,104.955,33.371,陇南市,市总工会,,33,33,27,7,6,134,91,123,106,7,8,6,7,0.0,0.1
2022-07-01T00:00:00,3248A,98.2643,39.7724,嘉峪关市,雄关区,,38,38,54,8,15,134,105,129,121,20,13,11,17,0.3,0.4
2022-07-01T00:00:00,3265A,121.4316,31.3322,上海市,宝山庙行,,18,18,20,6,9,89,19,66,31,12,12,4,4,0.3,0.3
2022-07-01T00:00:00,3266A,121.8791,31.4662,上海市,崇明上实东滩,,15,15,18,5,7,94,35,78,48,17,14,9,8,0.6,0.6
2022-07-01T00:00:00,3268A,121.3162,31.2838,上海市,嘉定南翔,,22,22,23,7,8,103,19,75,26,13,17,4,4,0.3,0.3
2022-07-01T00:00:00,3269A,121.3359,30.7456,上海市,金山新城,,14,14,16,7,6,91,26,73,36,18,12,7,6,0.6,0.6
2022-07-01T00:00:00,3270A,121.4996,31.0739,上海市,闵行浦江,,12,11,16,8,8,86,17,71,29,15,10,3,3,0.2,0.3
2022-07-01T00:00:00,3271A,121.2886,31.1663,上海市,青浦徐泾,,16,10,15,11,11,95,21,73,26,11,13,4,4,0.3,0.3
2022-07-01T00:00:00,3272A,121.2186,31.0378,上海市,松江图书馆,,,10,15,,8,135,23,118,50,21,15,3,3,0.5,0.6
2022-07-01T00:00:00,3273A,121.3902,31.2059,上海市,长宁仙霞,,18,18,22,5,8,91,19,68,29,16,16,8,7,0.5,0.5
2022-07-01T00:00:00,3274A,121.7965,31.0507,上海市,浦东惠南,,18,18,27,5,7,91,20,71,30,17,13,4,5,0.6,0.6
2022-07-01T00:00:00,3281A,115.9718,40.4529,北京市,延庆夏都,,48,48,18,25,10,122,92,107,105,12,7,3,3,0.4,0.3
2022-07-01T00:00:00,3282A,113.3397,40.0597,大同市,大同市卫生学校,,32,32,23,9,9,126,75,110,68,16,20,12,12,0.5,0.6
2022-07-01T00:00:00,3283A,109.9154,40.5685,包头市,滨河大厦,颗粒物(PM10),53,56,37,20,19,187,88,172,140,47,35,33,21,0.6,1.1
2022-07-01T00:00:00,3284A,106.813,39.7274,乌海市,海北新区,,35,15,36,3,8,152,109,140,117,14,19,9,9,0.2,0.5
2022-07-01T00:00:00,3285A,113.1376,40.9509,乌兰察布市,北京八中,,40,40,30,12,6,125,1,112,46,68,23,15,14,0.7,0.5
2022-07-01T00:00:00,3286A,118.9359,42.3147,赤峰市,桥北物流园区,,34,34,20,13,8,133,19,127,79,47,24,12,9,0.7,0.5
2022-07-01T00:00:00,3287A,119.3842,32.1976,镇江市,富润路1号,,14,7,18,6,15,106,42,93,84,14,15,4,6,0.2,0.4
2022-07-01T00:00:00,3288A,117.4754,34.4422,徐州市,大泉街道,,30,27,25,10,15,203,93,171,118,10,9,11,10,0.2,0.3
2022-07-01T00:00:00,3289A,120.743,31.3188,苏州市,方洲路,,15,12,18,10,11,117,23,74,35,17,15,4,5,0.4,0.4
2022-07-01T00:00:00,3290A,120.5031,31.2774,苏州市,木渎中学,,18,13,16,12,13,133,16,94,35,31,17,7,6,0.7,0.6
2022-07-01T00:00:00,3291A,121.067,32.062,南通市,通州监测站,,13,12,18,9,11,118,35,84,49,14,18,4,5,0.6,0.6
2022-07-01T00:00:00,3293A,120.1501,33.3367,盐城市,月亮广场,,17,2,31,6,19,157,53,122,90,12,10,6,5,0.5,0.4
2022-07-01T00:00:00,3294A,119.5653,32.4222,扬州市,引江管理处,,15,6,24,7,15,135,46,115,90,14,14,7,6,0.5,0.7
2022-07-01T00:00:00,3295A,120.1259,32.5099,泰州市,姜堰区政府广场,,15,15,31,8,18,109,34,89,66,24,28,5,7,0.5,0.6
2022-07-01T00:00:00,3298A,113.5717,23.5491,广州市,从化街口,,19,19,11,8,5,48,3,39,14,19,11,8,8,0.5,0.4
2022-07-01T00:00:00,3299A,113.3472,23.3692,广州市,白云竹料,,16,16,22,6,9,46,9,37,13,18,17,4,5,0.4,0.4
2022-07-01T00:00:00,3300A,113.2981,23.237,广州市,白云嘉禾,,32,32,25,8,7,64,6,51,14,26,23,6,6,0.7,0.6
2022-07-01T00:00:00,3301A,113.4256,23.1716,广州市,黄埔科学城,,20,20,19,9,7,101,4,67,17,16,9,8,8,0.7,0.8
2022-07-01T00:00:00,3302A,113.3942,23.0483,广州市,番禺大学城,,21,21,24,11,10,83,15,54,23,31,26,7,5,0.6,0.5
2022-07-01T00:00:00,3303A,113.4922,22.8168,广州市,南沙黄阁,,17,17,23,10,10,69,16,43,19,26,27,6,7,0.7,0.8
2022-07-01T00:00:00,3304A,113.5342,22.7896,广州市,南沙街,,12,12,18,5,7,81,32,48,29,14,19,7,8,0.6,0.4
2022-07-01T00:00:00,3305A,114.0731,22.559,深圳市,莲花,,12,12,13,3,5,38,22,26,26,8,10,5,6,0.6,0.6
2022-07-01T00:00:00,3306A,114.0261,22.6198,深圳市,民治,,10,10,15,3,5,41,28,32,27,18,15,2,4,0.4,0.4
2022-07-01T00:00:00,3307A,114.1871,22.6451,深圳市,横岗,,10,10,15,5,7,49,28,39,34,14,13,5,5,0.6,0.6
2022-07-01T00:00:00,3308A,113.3494,22.0569,珠海市,金湾,,15,15,17,6,6,57,23,47,27,19,13,5,5,0.4,0.4
2022-07-01T00:00:00,3311A,113.1075,22.5647,江门市,江海富民,,24,24,26,7,11,59,13,42,22,29,25,6,6,0.4,0.4
2022-07-01T00:00:00,3313A,112.4575,23.0166,肇庆市,高要湖西,,12,12,24,6,9,104,15,81,46,24,21,6,9,0.9,0.9
2022-07-01T00:00:00,3314A,114.4338,22.8134,惠州市,惠阳秋长,,12,7,11,0,1,46,36,42,41,4,7,3,3,0.3,0.4
2022-07-01T00:00:00,3315A,116.1233,24.2991,梅州市,梅龙,,13,9,9,9,7,50,20,45,32,9,5,7,6,0.5,0.4
2022-07-01T00:00:00,3317A,111.9765,21.8947,阳江市,两阳中学,,11,4,7,5,6,69,11,56,32,22,15,6,6,0.4,0.4
2022-07-01T00:00:00,3318A,112.9903,23.7403,清远市,清新太和,,6,4,9,3,5,53,18,50,22,3,4,2,2,0.6,0.6
2022-07-01T00:00:00,3319A,113.7338,23.0381,东莞市,万江金泰,,10,10,11,5,6,68,29,52,35,14,13,4,4,0.6,0.6
2022-07-01T00:00:00,3320A,116.403,23.5699,揭阳市,曲溪,,31,31,18,20,9,80,37,67,53,19,8,10,4,0.5,0.4
2022-07-01T00:00:00,3323A,115.2773,40.9724,张家口市,青少年活动中心,,22,12,14,15,6,114,43,109,70,3,4,4,4,0.2,0.2
2022-07-01T00:00:00,3324A,116.8136,38.3004,沧州市,河北水利电力学院,,50,50,48,35,28,165,43,138,66,24,19,10,11,0.5,0.5
2022-07-01T00:00:00,3325A,117.0365,39.3828,天津市,雍阳西道,细颗粒物(PM2.5),58,60,42,41,29,190,103,173,149,20,17,5,7,0.8,0.9
2022-07-01T00:00:00,3326A,117.0296,39.0605,天津市,辛老路,,37,37,35,22,22,169,84,143,119,14,20,6,7,0.8,1
2022-07-01T00:00:00,3327A,116.9638,38.9375,天津市,地纬路,,35,35,39,19,23,164,94,138,106,12,22,9,9,0.5,0.8
2022-07-01T00:00:00,3328A,118.4209,31.3707,芜湖市,市气象局,,11,11,14,4,8,82,32,70,55,22,13,8,8,0.4,0.5
2022-07-01T00:00:00,3329A,117.0108,32.5893,淮南市,山南新区,,32,1,25,7,8,137,102,125,122,4,5,8,10,0.2,0.3
2022-07-01T00:00:00,3330A,116.8873,33.9836,淮北市,杜集区检察院,,33,17,31,8,17,214,104,166,126,9,10,4,5,0.5,0.5
2022-07-01T00:00:00,3331A,118.3267,32.2634,滁州市,图书馆,,20,20,26,5,11,124,54,107,84,14,12,10,11,0.7,0.6
2022-07-01T00:00:00,3332A,115.7633,33.8034,亳州市,亳州学院,,38,17,25,11,12,197,120,180,151,7,8,4,5,0.5,0.6
2022-07-01T00:00:00,3333A,117.5627,30.695,池州市,第八中学,,16,16,14,6,6,89,11,64,36,11,5,3,3,0.4,0.4
2022-07-01T00:00:00,3334A,117.5038,30.6243,池州市,第十二中学,,14,14,9,6,8,68,7,57,30,16,11,2,2,0.6,0.6
2022-07-01T00:00:00,3335A,113.3137,35.2641,焦作市,马村街道办(新增191226),,46,46,27,24,17,162,82,144,116,16,9,8,8,0.9,0.6
2022-07-01T00:00:00,3336A,113.2465,35.2373,焦作市,焦作技师学院(新增200110),细颗粒物(PM2.5),53,41,32,37,31,159,89,145,117,16,11,5,4,0.9,0.7
2022-07-01T00:00:00,3337A,113.8614,34.0442,许昌市,许昌学院,细颗粒物(PM2.5),73,59,35,53,14,190,104,180,153,14,11,2,3,0.7,0.6
2022-07-01T00:00:00,3338A,113.843,34.0823,许昌市,芙蓉广场,颗粒物(PM10),53,56,35,30,14,190,106,180,154,11,10,3,2,0.6,0.5
2022-07-01T00:00:00,3339A,114.0012,33.0412,驻马店市,小管楼,颗粒物(PM10),56,62,36,27,13,176,75,162,133,37,14,5,5,0.4,0.4
2022-07-01T00:00:00,3340A,112.6005,34.6326,洛阳市,伊滨,,48,48,37,25,17,158,96,151,133,9,8,6,6,0.7,0.6
2022-07-01T00:00:00,3341A,112.4951,34.6332,洛阳市,中移产业园,,37,35,33,21,13,187,118,178,157,12,8,9,9,0.6,0.5
2022-07-01T00:00:00,3342A,128.4741,47.4346,伊春市,中心小学,,23,23,15,9,7,91,9,86,45,18,8,5,6,0.1,0.2
2022-07-01T00:00:00,3343A,128.6871,47.7369,伊春市,检察院,,29,29,16,11,8,102,8,86,42,12,8,2,3,0.4,0.3
2022-07-01T00:00:00,3344A,128.8431,47.8474,伊春市,双子河社区,,38,38,21,19,10,81,4,71,33,18,12,6,6,0.1,0.1
2022-07-01T00:00:00,3345A,131.0577,45.7879,七台河市,中波台,,13,1,7,9,9,56,33,46,38,18,17,10,10,0.4,0.4
2022-07-01T00:00:00,3346A,108.3872,31.1628,重庆市,安康,,35,35,34,16,22,154,60,138,99,18,15,12,13,0.6,0.6
2022-07-01T00:00:00,3347A,105.9017,29.3569,重庆市,北山路,,27,16,40,3,15,169,84,146,119,18,22,3,7,0.1,0.3
2022-07-01T00:00:00,3348A,105.839,30.1946,重庆市,春阳街,,48,48,54,32,32,154,82,143,125,15,15,6,6,0.6,0.7
2022-07-01T00:00:00,3349A,107.7983,30.6758,重庆市,人民东路,,46,41,47,32,26,173,80,155,88,23,18,10,9,0.7,0.7
2022-07-01T00:00:00,3350A,106.6479,29.0244,重庆市,滩子口,,32,32,33,10,17,158,31,134,80,25,20,10,9,0.8,0.7
2022-07-01T00:00:00,3351A,105.7167,29.7076,重庆市,棠香,,40,32,55,20,33,176,126,169,141,10,15,10,15,0.3,0.5
2022-07-01T00:00:00,3352A,107.0732,29.8617,重庆市,桃源西路,,30,25,33,21,33,153,90,146,114,13,18,10,9,0.4,0.7
2022-07-01T00:00:00,3353A,107.3535,29.7287,重庆市,迎宾大道,,40,40,40,26,29,163,35,146,81,39,24,5,6,0.4,0.5
2022-07-01T00:00:00,3354A,108.815,29.5081,重庆市,舟白,,,,28,,16,123,,107,96,,9,,9,,0.5
2022-07-01T00:00:00,3355A,108.3679,30.8426,重庆市,周家坝,,36,36,35,21,18,166,32,150,92,46,32,8,8,0.9,0.7
2022-07-01T00:00:00,3356A,108.4319,30.7555,重庆市,百安坝,,31,31,41,18,23,160,82,150,114,15,23,12,13,0.5,0.6
2022-07-01T00:00:00,3357A,104.0106,30.6931,成都市,金博路,,18,17,51,7,24,198,57,146,86,34,44,2,2,0.4,0.7
2022-07-01T00:00:00,3358A,103.8458,30.6994,成都市,临江路,,25,25,43,15,22,161,72,138,89,17,27,2,4,0.3,0.5
2022-07-01T00:00:00,3359A,104.0578,30.5225,成都市,华阳,,28,22,43,19,29,131,72,114,94,14,30,5,4,0.4,0.6
2022-07-01T00:00:00,3360A,104.7894,29.3194,自贡市,南湖救助站,,42,42,56,19,28,241,121,212,143,17,30,11,10,0.4,0.6
2022-07-01T00:00:00,3361A,103.7311,29.5628,乐山市,理工大学,,28,28,42,17,27,183,61,137,71,17,21,8,10,0.5,1.2
2022-07-01T00:00:00,3362A,120.5014,36.4034,青岛市,即墨2号,,41,26,33,8,15,131,129,122,122,5,10,4,5,0.3,0.4
2022-07-01T00:00:00,3363A,117.9883,36.8372,淄博市,新区,,44,44,55,29,36,185,51,165,115,41,32,8,8,0.7,0.7
2022-07-01T00:00:00,3364A,117.3152,34.8103,枣庄市,市环保局,,41,17,27,12,15,247,130,213,152,10,12,10,10,0.4,0.4
2022-07-01T00:00:00,3365A,118.5719,37.565,东营市,垦利区民丰路,,24,24,39,14,27,116,76,113,101,17,8,4,4,0.9,0.9
2022-07-01T00:00:00,3366A,121.5206,37.4336,烟台市,中国农业大学,,38,9,31,0,16,126,120,113,113,6,7,3,4,0.2,0.3
2022-07-01T00:00:00,3368A,119.1977,36.6872,潍坊市,高新实验学校,,28,24,36,6,20,174,88,155,118,11,12,6,8,0.4,0.5
2022-07-01T00:00:00,3370A,118.3564,35.0215,临沂市,十里堡居委,,29,17,23,14,17,208,90,171,107,12,14,4,5,0.6,0.8
2022-07-01T00:00:00,3371A,116.3728,37.4403,德州市,开发区人民医院,,36,34,28,25,20,147,42,132,83,40,20,8,9,0.8,0.7
2022-07-01T00:00:00,3372A,116.3572,37.4094,德州市,太阳城中学,,43,25,28,30,27,150,28,138,77,38,15,7,9,0.8,0.7
2022-07-01T00:00:00,3374A,115.5564,35.0891,菏泽市,定陶老年大学,,41,41,36,22,19,176,111,162,146,19,17,4,6,0.6,0.6
2022-07-01T00:00:00,3375A,102.8017,24.8336,昆明市,青年创业园,,30,30,34,14,22,139,94,131,105,8,18,6,7,0.4,0.5
2022-07-01T00:00:00,3376A,103.7947,25.462,曲靖市,南苑二区,颗粒物(PM10),51,51,44,17,18,144,84,136,104,9,9,7,10,0.5,0.6
2022-07-01T00:00:00,3377A,103.7444,25.5261,曲靖市,曲靖师范学院,,34,34,43,23,23,143,98,133,108,9,14,4,7,0.5,0.5
2022-07-01T00:00:00,3378A,122.371,40.6771,营口市,老边实验中学,,45,36,47,31,38,147,38,125,51,20,23,3,7,1.0,1.1
2022-07-01T00:00:00,3379A,122.1139,40.2278,营口市,鲅鱼圈市民活动中心,,24,8,48,2,14,138,75,110,76,6,22,3,5,0.4,0.6
2022-07-01T00:00:00,3380A,102.8914,34.9617,甘南州,甘肃民族师范学院,,30,30,20,4,6,143,29,139,102,53,23,3,5,0.2,0.3
2022-07-01T00:00:00,3396A,112.0828,32.0067,襄阳市,襄城隆中路,,,,59,41,16,153,91,145,122,13,12,10,13,0.7,0.6
2022-07-01T00:00:00,3397A,112.1214,32.1008,襄阳市,高新台子湾,,50,44,30,35,24,153,92,149,124,14,11,4,5,0.9,0.7
2022-07-01T00:00:00,3398A,114.9136,30.4445,黄冈市,市林业局,,36,36,30,12,7,131,74,128,102,5,7,8,10,0.5,0.5
2022-07-01T00:00:00,3399A,112.6703,26.882,衡阳市,师范学院,,26,26,23,14,15,112,27,101,62,12,9,5,7,0.5,0.5
2022-07-01T00:00:00,3400A,109.1911,21.4415,北海市,龙潭自来水厂,,25,25,27,16,19,77,32,59,48,14,7,8,6,0.5,0.4
2022-07-01T00:00:00,3401A,108.4834,22.7618,南宁市,红星社区,,29,28,27,20,20,102,66,89,65,12,14,6,6,0.6,0.5
2022-07-01T00:00:00,3402A,109.5422,24.3996,柳州市,市二中,,16,16,23,11,12,81,36,77,69,20,8,9,10,0.6,0.6
2022-07-01T00:00:00,3403A,110.1764,25.2381,桂林市,创业大厦,,21,12,25,12,18,132,66,112,84,7,13,8,14,0.4,0.5
2022-07-01T00:00:00,3404A,108.5959,21.9633,钦州市,北职校,,19,14,20,13,14,95,55,78,76,8,6,7,7,0.6,0.5
2022-07-01T00:00:00,3405A,109.5886,23.1172,贵港市,新世纪学校,,24,24,18,8,8,92,47,82,73,15,10,6,6,0.6,0.6
2022-07-01T00:00:00,3406A,106.6085,23.8798,百色市,祈福高中,,21,21,28,5,15,104,42,94,64,7,9,3,7,0.8,0.8
2022-07-01T00:00:00,3407A,120.6916,30.7739,嘉兴市,秀洲住建,,18,12,15,4,7,101,10,74,30,35,21,3,4,0.4,0.3
2022-07-01T00:00:00,3408A,120.5683,29.9361,绍兴市,绍兴中专,,12,12,13,4,4,61,16,45,32,21,14,3,3,0.4,0.4
2022-07-01T00:00:00,3409A,120.4906,30.0861,绍兴市,柯桥区政府,,36,13,15,25,11,72,22,52,37,22,13,5,5,0.4,0.4
2022-07-01T00:00:00,3410A,120.8752,30.0249,绍兴市,重华小学,,8,8,4,2,7,80,21,60,41,13,11,4,4,0.6,0.6
2022-07-01T00:00:00,3411A,120.8369,30.0137,绍兴市,上虞中学,,16,16,15,11,7,83,21,58,36,18,18,6,6,0.5,0.5
2022-07-01T00:00:00,3413A,118.1953,28.4401,上饶市,广丰区教体局,,29,29,18,15,9,106,26,86,48,20,8,10,7,0.6,0.4
2022-07-01T00:00:00,3414A,115.8347,28.932,赣江新区,桑海产业园,,47,47,36,27,22,128,40,90,73,20,18,6,7,0.5,0.4
2022-07-01T00:00:00,3415A,114.4519,28.0828,宜春市,万载县环保局,,,,36,38,27,110,21,104,78,43,20,9,11,1.0,0.9
2022-07-01T00:00:00,3416A,119.1755,36.7149,潍坊市,潍坊学院,,31,19,37,8,22,175,97,157,116,11,12,8,8,0.6,0.6
2022-07-01T00:00:00,3417A,117.0709,40.1465,北京市,平谷新城,,29,28,23,17,14,142,90,129,116,3,5,3,3,0.4,0.4
2022-07-01T00:00:00,3418A,116.8336,40.4095,北京市,密云新城,,40,40,19,24,11,116,89,106,98,6,5,3,3,0.5,0.4
2022-07-01T00:00:00,3419A,109.9447,40.6261,包头市,包头市委党校,,44,37,38,7,16,192,41,169,144,87,39,8,16,0.4,0.9
2022-07-01T00:00:00,3421A,113.1775,40.9779,乌兰察布市,市委党校,,34,27,18,10,10,117,11,109,63,67,22,14,15,0.5,0.4
2022-07-01T00:00:00,3422A,118.8436,31.9198,南京市,江宁彩虹桥,,16,9,12,0,2,97,50,83,74,4,5,3,4,0.8,0.8
2022-07-01T00:00:00,3423A,119.0138,31.6494,南京市,溧水永阳,,16,5,10,5,7,75,50,69,65,6,6,4,4,0.7,0.7
2022-07-01T00:00:00,3424A,118.879,31.3302,南京市,高淳老职中,,13,13,9,1,8,69,40,62,57,8,5,2,4,0.4,0.6
2022-07-01T00:00:00,3425A,120.624,31.1733,苏州市,越秀幼儿园,,17,17,22,10,12,117,18,77,33,28,17,5,6,0.6,0.5
2022-07-01T00:00:00,3426A,118.8755,33.2894,淮安市,新华书店,,26,26,27,18,16,135,76,120,94,14,12,9,9,0.6,0.7
2022-07-01T00:00:00,3427A,118.8554,32.3578,南京市,六合雄州,,,,29,15,11,103,59,84,74,15,18,18,8,0,0
2022-07-01T00:00:00,3428A,120.3142,31.4753,无锡市,华庄,,15,15,18,9,10,108,32,81,49,14,13,8,8,0.6,0.6
2022-07-01T00:00:00,3429A,119.8598,31.7066,常州市,武进经发区,,16,6,22,3,13,125,49,99,76,7,15,3,4,0.3,0.5
2022-07-01T00:00:00,3430A,119.5826,31.7245,常州市,金坛城区,,12,6,17,3,12,118,37,90,76,14,12,7,7,0.8,0.6
2022-07-01T00:00:00,3431A,120.6505,31.416,苏州市,高铁新城,,14,14,20,9,10,101,18,72,35,25,19,5,6,0.5,0.5
2022-07-01T00:00:00,3432A,120.9348,31.9883,南通市,环境教育馆,,12,12,20,5,11,74,22,59,36,22,26,5,6,0.3,0.4
2022-07-01T00:00:00,3434A,119.2413,34.6539,连云港市,工贸学校,,,15,27,11,19,209,,172,136,6,8,3,3,0.4,0.5
2022-07-01T00:00:00,3435A,119.9192,32.4322,泰州市,周山河街区,,25,25,31,17,18,144,37,118,80,17,20,7,8,0.7,0.7
2022-07-01T00:00:00,3436A,120.4279,33.205,盐城市,大丰高级中学,,17,17,33,5,19,144,49,110,78,16,21,8,11,0.1,0.3
2022-07-01T00:00:00,3437A,88.3118,43.3658,乌鲁木齐市,达坂城区环保局,颗粒物(PM10),147,243,35,41,12,130,127,124,123,7,11,3,2,0.3,0.3
2022-07-01T00:00:00,3438A,87.6162,43.8801,乌鲁木齐市,红光山片区,颗粒物(PM10),70,89,52,2,14,188,142,168,149,22,39,8,9,0.3,0.4
2022-07-01T00:00:00,3439A,87.7024,43.8004,乌鲁木齐市,新师大温泉校区,,,,,,,130,130,128,128,4,5,6,5,0.2,0.3
2022-07-01T00:00:00,3440A,87.4921,43.8411,乌鲁木齐市,大绿谷,颗粒物(PM10),76,101,65,19,20,171,127,150,136,16,34,9,10,0.4,0.5
2022-07-01T00:00:00,3441A,87.546,44.1912,五家渠市,经开区管委会,颗粒物(PM10),93,136,59,24,19,169,94,152,116,12,24,5,7,0.5,0.5
2022-07-01T00:00:00,3442A,86.047,44.2331,石河子市,南区管委会,颗粒物(PM10),167,284,50,55,17,134,101,130,121,4,6,7,8,0.3,0.3
2022-07-01T00:00:00,3443A,113.2902,23.5544,广州市,花都梯面,,14,14,12,8,7,50,0,40,15,21,14,7,6,0.4,0.4
2022-07-01T00:00:00,3444A,116.454,23.2684,汕头市,潮南峡山,,20,5,23,14,5,70,50,65,58,8,6,9,8,0.5,0.5
2022-07-01T00:00:00,3445A,113.7858,23.7478,广州市,从化良口,,8,8,9,2,3,35,11,32,20,13,9,6,7,0.4,0.4
2022-07-01T00:00:00,3446A,113.8051,23.2614,广州市,增城荔城,,11,11,13,4,5,64,10,40,17,10,8,7,6,0.5,0.5
2022-07-01T00:00:00,3447A,114.3551,22.7151,深圳市,坪山,,12,12,18,5,7,40,22,34,29,18,14,4,3,0.5,0.5
2022-07-01T00:00:00,3448A,113.5433,22.1163,珠海市,横琴,,10,10,12,7,11,49,23,38,25,20,15,8,8,0.5,0.5
2022-07-01T00:00:00,3449A,113.05,22.4667,江门市,新会银湖,,17,17,22,4,9,86,8,56,20,27,20,6,6,0.3,0.3
2022-07-01T00:00:00,3450A,111.01,21.5165,茂名市,电白水东,,17,17,15,5,5,91,47,66,51,9,10,3,5,0.5,0.5
2022-07-01T00:00:00,3451A,112.5617,23.2083,肇庆市,鼎湖凤凰,,26,26,21,14,11,93,12,76,45,24,20,6,8,0.5,0.4
2022-07-01T00:00:00,3452A,114.6517,22.775,惠州市,大亚湾霞涌,,12,6,12,3,5,49,37,45,44,4,5,3,3,0.3,0.3
2022-07-01T00:00:00,3453A,112.0125,21.8749,阳江市,阳东陶然,,17,17,17,8,10,64,23,52,42,12,11,5,5,0.4,0.5
2022-07-01T00:00:00,3454A,113.3528,22.478,中山市,中山南区,,10,5,9,7,5,59,21,42,24,18,16,4,4,0.5,0.5
2022-07-01T00:00:00,3455A,113.076,23.7198,清远市,清城东城,,11,11,13,4,6,65,8,52,18,11,7,3,4,0.5,0.5
2022-07-01T00:00:00,3456A,114.289,38.0906,石家庄市,鹿泉一中,,31,31,24,12,16,167,89,155,131,22,10,6,7,0.5,0.5
2022-07-01T00:00:00,3457A,118.4359,39.2762,唐山市,冀东油田职工医院,,38,38,36,21,18,141,108,130,105,12,21,4,5,0.6,0.9
2022-07-01T00:00:00,3458A,114.7895,36.5593,邯郸市,香泉濮院小区,,46,46,45,29,29,148,87,132,121,18,13,6,7,0.5,0.6
2022-07-01T00:00:00,3459A,115.5989,37.5491,衡水市,地表水厂,,39,39,37,18,19,154,76,143,106,14,12,3,4,0.3,0.4
2022-07-01T00:00:00,3460A,117.4067,40.0583,天津市,北环路,,27,27,22,14,13,158,58,149,111,5,7,9,9,0.6,0.6
2022-07-01T00:00:00,3461A,117.3045,39.7169,天津市,建设路,,47,47,41,32,27,187,87,170,131,15,25,6,15,0.6,0.8
2022-07-01T00:00:00,3462A,117.8199,39.3521,天津市,滨水东路,细颗粒物(PM2.5),57,62,43,40,26,180,61,144,114,29,22,8,10,0.5,0.9
2022-07-01T00:00:00,3463A,116.9708,33.591,宿州市,社会福利中心,,31,31,39,9,12,177,99,154,138,4,5,3,2,0.5,0.5
2022-07-01T00:00:00,3464A,117.3803,31.9147,合肥市,高教基地,,17,17,21,10,10,105,41,97,80,15,7,7,6,0.3,0.3
2022-07-01T00:00:00,3465A,118.4781,31.3225,芜湖市,清苑社区,,10,8,13,4,7,81,32,70,53,18,10,5,5,0.3,0.4
2022-07-01T00:00:00,3466A,118.2746,31.2326,芜湖市,扬子职业技术学院,,14,4,12,5,6,83,43,72,60,9,7,7,7,0.3,0.4
2022-07-01T00:00:00,3468A,115.7901,32.8613,阜阳市,市规划展馆,,42,11,30,7,16,182,133,171,145,6,10,4,5,0.4,0.4
2022-07-01T00:00:00,3469A,115.836,32.9183,阜阳市,枣园社区,,42,10,29,7,18,175,132,169,144,9,13,3,3,0.6,0.7
2022-07-01T00:00:00,3470A,118.7724,30.9141,宣城市,夏渡子站,,11,5,11,5,6,70,33,58,50,9,7,4,3,0.3,0.3
2022-07-01T00:00:00,3471A,113.616563,34.86783,郑州市,惠济区政府,,38,34,32,26,23,171,113,154,135,13,13,4,4,0.7,0.8
2022-07-01T00:00:00,3473A,114.2485,34.8306,开封市,技师学院,,,26,32,,,161,82,143,122,14,7,2,2,0.6,0.6
2022-07-01T00:00:00,3474A,114.2617,35.6822,鹤壁市,大新区,,46,46,44,23,39,140,75,120,101,17,14,6,7,1.2,1.4
2022-07-01T00:00:00,3475A,113.9188,35.3045,新乡市,市政府,,48,41,31,33,23,143,86,130,120,31,14,5,5,0.6,0.7
2022-07-01T00:00:00,3476A,113.9135,35.3327,新乡市,河师大,细颗粒物(PM2.5),75,97,51,55,34,140,62,130,114,35,17,5,5,0.9,0.7
2022-07-01T00:00:00,3477A,113.1656,35.2539,焦作市,中站许衡医院(新增191226),,30,30,40,15,21,169,94,153,124,9,13,5,7,0.4,0.6
2022-07-01T00:00:00,3478A,113.9749,33.5664,漯河市,市图书馆,,,33,30,,14,202,,195,189,7,9,7,7,,0.4
2022-07-01T00:00:00,3479A,114.0967,33.5906,漯河市,召陵区卫健委,,45,45,35,26,16,191,137,185,161,11,12,7,8,0.5,0.5
2022-07-01T00:00:00,3480A,129.1368,47.6417,伊春市,美溪镇,,15,15,14,8,6,87,9,82,49,19,10,2,3,0.3,0.4
2022-07-01T00:00:00,3481A,125.141,46.634,大庆市,萨区政府监测点,,32,22,20,12,6,116,100,102,92,6,10,3,3,0.4,0.7
2022-07-01T00:00:00,3482A,107.7541,29.3277,重庆市,芙蓉中路,,35,35,29,9,8,136,14,107,45,26,21,10,10,0.1,0.1
2022-07-01T00:00:00,3483A,108.7661,29.5368,重庆市,西山,,38,33,25,26,19,128,28,110,62,19,12,9,7,0.5,0.4
2022-07-01T00:00:00,3484A,106.2628,29.32,重庆市,行政中心,,38,27,53,26,24,226,80,182,124,19,35,5,6,0.5,0.6
2022-07-01T00:00:00,3485A,107.0944,29.1608,重庆市,高寺路,,43,43,57,24,32,141,22,108,49,29,24,10,8,0.5,0.5
2022-07-01T00:00:00,3486A,124.4036,43.1411,四平市,植物园,,18,17,17,7,10,102,3,102,56,35,22,3,3,0.3,0.4
2022-07-01T00:00:00,3487A,104.2394,30.5319,成都市,车城东七路,,34,34,56,16,26,172,80,154,128,20,21,7,8,0.6,0.8
2022-07-01T00:00:00,3488A,104.3853,30.7453,成都市,青白江技师分院,,28,28,46,12,22,192,53,157,109,45,40,5,3,0.5,0.7
2022-07-01T00:00:00,3489A,104.0789,30.4072,成都市,科学城,,24,22,47,11,24,150,74,130,107,15,25,8,7,0.6,0.7
2022-07-01T00:00:00,3490A,105.3617,28.7703,泸州市,纳溪区环保局,,40,30,48,28,34,220,96,188,125,15,19,11,11,0.5,0.7
2022-07-01T00:00:00,3491A,104.69,31.5322,绵阳市,西科大附属小学,颗粒物(PM10),64,78,53,42,26,208,78,186,145,50,23,6,7,0.6,0.5
2022-07-01T00:00:00,3492A,104.5648,31.5343,绵阳市,安州区旅游局,颗粒物(PM10),74,97,65,45,27,206,94,183,160,28,18,22,8,0.8,0.6
2022-07-01T00:00:00,3494A,117.1673,36.9782,济南市,济阳区政府,,34,17,32,5,17,164,108,145,111,7,11,12,14,0.3,0.4
2022-07-01T00:00:00,3495A,117.1171,36.63,济南市,锦屏中学,,39,37,53,27,38,164,65,148,112,10,13,8,10,0.3,0.5
2022-07-01T00:00:00,3496A,118.3604,35.1084,临沂市,南坊新区,,31,31,29,14,13,196,70,170,102,21,15,1,2,0.4,0.8
2022-07-01T00:00:00,3498A,118.5055,37.8612,东营市,河口城区,,35,14,32,14,25,147,109,138,112,9,11,1,2,0.5,0.6
2022-07-01T00:00:00,3500A,116.5814,35.3707,济宁市,北湖一中,,39,22,58,9,25,178,123,164,148,7,14,6,6,0.4,0.7
2022-07-01T00:00:00,3501A,116.8249,35.5593,济宁市,服务中心,,41,23,50,14,53,185,130,176,169,12,19,4,4,0.5,1.1
2022-07-01T00:00:00,3502A,117.1812,36.2275,泰安市,国网新校,,37,24,40,12,24,173,116,151,143,10,9,4,4,0.5,0.7
2022-07-01T00:00:00,3503A,117.0313,36.2018,泰安市,交通技校,,42,20,44,8,27,178,134,155,151,6,11,7,7,0.5,0.7
2022-07-01T00:00:00,3504A,117.0829,36.13,泰安市,山东第一医科大学,,40,19,43,10,23,163,125,145,142,8,19,9,11,0.4,0.7
2022-07-01T00:00:00,3505A,122.1379,37.3414,威海市,临港区管委会,,27,14,20,8,12,115,85,93,89,8,8,3,3,0.2,0.3
2022-07-01T00:00:00,3507A,119.5328,35.4625,日照市,职业技术学院,,28,22,30,12,23,117,88,111,97,9,8,3,5,0.7,1
2022-07-01T00:00:00,3511A,116.5652,37.3319,德州市,陵城艺术中心,,27,19,22,14,12,149,84,136,114,14,10,4,5,0.6,0.6
2022-07-01T00:00:00,3512A,116.049,36.4674,聊城市,华润纺织,颗粒物(PM10),51,52,36,19,16,162,76,141,114,23,12,2,9,0.4,0.4
2022-07-01T00:00:00,3513A,116.0445,36.4361,聊城市,九州社区,,31,31,27,18,16,172,80,155,129,21,19,9,7,0.4,0.5
2022-07-01T00:00:00,3514A,117.9378,37.3956,滨州市,中海酒店,,33,7,34,7,29,158,105,153,134,11,12,7,11,0.4,0.4
2022-07-01T00:00:00,3515A,117.9378,37.3553,滨州市,开发区一中,,34,7,37,9,27,166,107,153,126,12,14,9,13,0.5,0.6
2022-07-01T00:00:00,3516A,118.0917,37.694,滨州市,金海六路,,30,7,38,0,22,164,96,158,134,19,9,9,12,0.5,0.6
2022-07-01T00:00:00,3520A,106.3495,38.9836,石嘴山市,妇女儿童医院,,23,15,13,5,6,154,73,149,129,33,16,16,15,0.5,0.5
2022-07-01T00:00:00,3521A,106.7492,39.2069,石嘴山市,石大公路,,47,47,28,9,13,146,26,141,98,70,23,5,5,0.3,0.3
2022-07-01T00:00:00,3522A,106.2177,35.9959,固原市,原州区十五小,,43,43,28,17,11,156,118,147,136,16,11,9,6,0.4,0.3
2022-07-01T00:00:00,3523A,106.5105,38.3856,银川市,滨河新区,颗粒物(PM10),55,59,24,19,9,164,47,159,130,40,18,10,11,0.5,0.5
2022-07-01T00:00:00,3524A,108.6116,34.1164,西安市,文体局,,41,41,53,18,22,330,94,263,176,15,20,5,7,0.3,0.3
2022-07-01T00:00:00,3525A,108.6396,34.4078,咸阳市,奥体中心,颗粒物(PM10),58,65,71,30,23,232,72,210,153,35,21,2,3,0.7,0.7
2022-07-01T00:00:00,3526A,119.5189,25.9664,福州市,吴航,,16,16,18,5,7,80,31,63,35,3,4,6,7,0.5,0.5
2022-07-01T00:00:00,3527A,118.0958,24.5688,厦门市,集美中学,,28,28,27,11,8,158,19,117,64,34,16,1,2,0.5,0.4
2022-07-01T00:00:00,3528A,118.1493,24.7245,厦门市,同安二实小,,14,14,23,4,9,180,41,110,76,4,5,2,2,0.5,0.5
2022-07-01T00:00:00,3529A,118.6333,24.9264,泉州市,城华南路,,20,20,28,6,10,113,32,82,42,6,8,4,5,0.3,0.3
2022-07-01T00:00:00,3530A,117.6296,24.5314,漳州市,西洋坪路,,17,15,30,4,14,154,52,118,101,8,10,2,6,0.4,0.4
2022-07-01T00:00:00,3531A,110.296,25.1253,桂林市,旅游学院,,22,22,26,7,15,117,31,98,66,10,12,9,10,0.5,0.5
2022-07-01T00:00:00,3532A,110.1945,22.6831,玉林市,玉林师范学院东校区,,28,28,19,13,14,92,31,81,49,25,10,5,3,0.6,0.5
2022-07-01T00:00:00,3533A,110.0527,22.5893,玉林市,福绵环保局,,18,17,21,12,11,85,32,74,52,9,9,3,2,0.7,0.6
2022-07-01T00:00:00,3534A,111.4744,24.4553,贺州市,西湾,,25,25,29,7,15,116,11,85,36,18,16,7,7,0.8,0.7
2022-07-01T00:00:00,3535A,109.1781,23.7297,来宾市,兴宾区政府,,21,7,18,6,10,112,65,103,90,6,8,4,4,0.6,0.7
2022-07-01T00:00:00,3536A,106.8547,27.5919,遵义市,第十二小学,,22,22,38,12,20,125,50,115,78,19,18,3,3,0.6,0.6
2022-07-01T00:00:00,3537A,105.3631,27.3533,毕节市,长征村,,29,20,22,17,16,126,92,124,110,8,9,6,7,0.4,0.3
2022-07-01T00:00:00,3538A,107.5175,26.2978,黔南布依族苗族自治州,沙坝,,14,14,11,0,2,78,14,69,40,8,6,4,4,0.7,0.6
2022-07-01T00:00:00,3539A,110.5111,19.9736,海口市,桂林洋子站,,15,9,11,2,4,58,46,51,50,3,7,2,2,0.4,0.4
2022-07-01T00:00:00,3540A,109.7348,18.3443,三亚市,君悦子站,,22,22,21,7,7,68,15,60,31,12,10,2,3,0.4,0.4
2022-07-01T00:00:00,3541A,109.5726,19.5167,儋州市,第一中学子站,,25,25,22,7,5,57,46,51,49,12,11,4,4,0.6,0.6
2022-07-01T00:00:00,3542A,109.5567,19.5187,儋州市,东坡学校子站,,14,11,12,6,6,55,42,48,43,7,8,3,4,0.5,0.6
2022-07-01T00:00:00,3544A,121.4891,30.925,上海市,奉贤南桥新城,,21,21,23,4,6,89,24,76,34,11,11,3,4,0.5,0.5
2022-07-01T00:00:00,3545A,110.8054,32.8401,十堰市,郧阳区金沙路,,,30,31,24,19,173,120,146,144,3,8,4,5,,0.4
2022-07-01T00:00:00,3546A,111.4606,30.552,宜昌市,猇亭区张家湾站,细颗粒物(PM2.5),60,59,41,43,19,168,103,152,131,15,16,5,6,0.5,0.5
2022-07-01T00:00:00,3547A,112.1632,31.0138,荆门市,龙泉中学南校,,34,34,32,16,22,150,87,139,114,16,13,7,10,0.8,0.7
2022-07-01T00:00:00,3548A,112.1655,30.3364,荆州市,学苑路,,38,38,35,26,25,152,49,133,93,51,16,6,7,0.6,0.5
2022-07-01T00:00:00,3549A,109.5061,30.3772,恩施土家族苗族自治州,龙凤新区,,31,31,33,20,17,147,32,121,70,8,6,7,6,0.8,0.8
2022-07-01T00:00:00,3550A,102.7997,24.9786,昆明市,昆明学院,,45,45,57,22,26,156,89,143,112,13,26,9,7,0.4,0.4
2022-07-01T00:00:00,3551A,102.5967,24.6736,昆明市,晋宁区生态环境分局,,33,33,39,17,26,155,94,143,119,6,11,6,7,0.4,0.4
2022-07-01T00:00:00,3552A,102.6678,24.9856,昆明市,云天化总部,,40,40,38,23,21,166,87,150,118,16,18,6,8,0.6,0.6
2022-07-01T00:00:00,3557A,119.9464,30.0494,杭州市,镇二中,,15,15,19,3,5,104,21,71,38,25,23,6,6,0.5,0.6
2022-07-01T00:00:00,3558A,119.7183,30.2367,杭州市,市府大楼,,11,11,18,7,8,93,30,75,41,9,9,7,7,0.5,0.5
2022-07-01T00:00:00,3560A,120.4722,30.0415,绍兴市,柯桥妇保,,14,14,16,5,7,75,26,56,39,8,8,6,6,0.6,0.6
2022-07-01T00:00:00,3561A,120.6985,27.9251,温州市,茶山,,13,6,11,3,2,56,39,45,40,6,4,6,6,0.3,0.3
2022-07-01T00:00:00,3562A,120.4148,30.8538,湖州市,南浔区站,,12,7,18,2,9,135,37,97,47,8,11,5,5,0.4,0.4
2022-07-01T00:00:00,3564A,121.2568,28.6681,台州市,台州科技职业学院,,18,18,15,2,4,54,24,46,30,5,4,4,4,0.5,0.5
2022-07-01T00:00:00,3565A,113.1367,40.1122,大同市,云冈站,,28,28,41,11,21,127,27,120,65,15,17,14,18,0.4,0.5
2022-07-01T00:00:00,3566A,113.1186,40.2556,大同市,图书馆,,26,26,26,16,12,114,28,109,77,14,15,6,7,0.4,0.6
2022-07-01T00:00:00,3567A,113.5931,40.0461,大同市,区一中,,24,13,14,9,6,110,74,107,90,4,4,6,6,0.5,0.5
2022-07-01T00:00:00,3568A,113.06,36.0464,长治市,向阳小学,颗粒物(PM10),53,55,54,34,31,179,65,154,101,41,26,7,8,1.3,1
2022-07-01T00:00:00,3569A,112.8792,36.3144,长治市,屯留一中,,46,46,35,31,36,225,27,169,88,49,24,16,10,0.8,0.7
2022-07-01T00:00:00,3570A,113.235,36.3489,长治市,潞城四中,,42,42,47,20,32,160,74,143,98,23,12,9,9,1.0,1.1
2022-07-01T00:00:00,3571A,112.2931,39.53,朔州市,一水厂,,,,68,36,22,130,6,118,82,71,32,12,14,1.0,0.7
2022-07-01T00:00:00,3572A,114.6419615,37.9001925,石家庄市,栾城区政府,,29,24,32,12,16,164,90,154,129,26,17,1,4,0.6,0.6
2022-07-01T00:00:00,3573A,114.8506765,38.0322033,石家庄市,藁城区实验学校,,31,31,42,14,17,148,48,143,112,49,17,6,6,0.4,0.3
2022-07-01T00:00:00,3574A,114.0504658,38.0591645,石家庄市,井陉矿区区委大楼,,39,39,30,9,12,170,96,159,138,25,16,3,3,0.4,0.4
2022-07-01T00:00:00,3575A,118.09279,39.58089,唐山市,正泰大街热力站,,38,38,33,24,15,156,48,136,60,26,34,2,5,0.5,0.9
2022-07-01T00:00:00,3576A,118.1562,39.8322,唐山市,丰润区政府,颗粒物(PM10),55,59,43,27,20,194,29,153,75,44,21,22,10,1.6,1
2022-07-01T00:00:00,3577A,118.43673,39.73809,唐山市,金山小学,,42,42,45,22,16,152,91,135,83,14,22,2,9,0.6,1.5
2022-07-01T00:00:00,3578A,118.24498,39.66941,唐山市,政府服务中心,,48,48,44,31,20,187,84,150,84,14,29,4,8,0.3,0.9
2022-07-01T00:00:00,3579A,114.50634,36.77178,邯郸市,永年区实验高中,颗粒物(PM10),68,86,56,43,29,167,59,135,115,29,19,12,7,2.2,0.7
2022-07-01T00:00:00,3580A,114.20016,36.44293,邯郸市,峰峰矿区临水派出所,颗粒物(PM10),65,80,56,31,24,139,59,127,115,32,14,10,5,1.3,0.8
2022-07-01T00:00:00,3581A,115.31981,38.95208,保定市,满城区生态环境分局,,37,37,35,10,11,161,49,145,96,57,19,5,5,0.1,0.1
2022-07-01T00:00:00,3582A,115.47694,38.76408,保定市,清苑区第二中学,,43,43,35,23,17,167,43,152,104,28,13,6,6,0.3,0.3
2022-07-01T00:00:00,3583A,115.62909,39.02311,保定市,徐水物探局,,48,48,25,18,17,141,45,134,97,31,14,5,5,0.3,0.3
2022-07-01T00:00:00,3584A,115.8844,39.0341,雄安新区,容城县环境保护局,颗粒物(PM10),59,67,50,33,20,150,80,142,122,22,18,4,4,0.6,0.4
2022-07-01T00:00:00,3585A,115.8665,39.0645,雄安新区,河北容城中学,细颗粒物(PM2.5),73,74,48,53,20,154,104,145,132,21,19,1,2,0.6,0.3
2022-07-01T00:00:00,3586A,115.923,38.9405,雄安新区,安新县民政局,"颗粒物(PM10),细颗粒物(PM2.5)",54,58,47,38,26,161,95,149,132,8,10,2,2,0.6,0.4
2022-07-01T00:00:00,3587A,115.9324,38.9338,雄安新区,安新县电力局,,50,46,41,35,24,169,113,156,139,7,13,7,7,0.6,0.5
2022-07-01T00:00:00,3588A,116.0901,38.9816,雄安新区,雄县环境保护局,细颗粒物(PM2.5),90,63,40,67,36,155,76,148,123,24,25,10,9,0.9,0.5
2022-07-01T00:00:00,3589A,116.1105,39.0046,雄安新区,雄县国土资源局,颗粒物(PM10),62,74,47,36,21,174,80,162,130,18,16,7,5,0.7,0.4
2022-07-01T00:00:00,3590A,113.8374,34.5589,郑州市,北区建设指挥部,,36,28,36,12,13,187,113,170,150,11,9,2,3,0.6,0.6
2022-07-01T00:00:00,3591A,113.30952,34.803229,郑州市,上街区政府,,50,50,36,34,26,186,110,161,145,14,12,5,5,0.7,0.5
2022-07-01T00:00:00,3592A,114.4644,34.7556,开封市,祥符区生态环境局,,49,49,34,32,19,173,83,173,124,24,12,7,7,1.4,0.7
2022-07-01T00:00:00,3593A,112.5736,34.8993,洛阳市,吉利监测站,细颗粒物(PM2.5),53,48,32,37,19,180,108,170,151,14,11,5,4,0.5,0.3
2022-07-01T00:00:00,3594A,112.8867,33.9116,平顶山市,石龙区,颗粒物(PM10),56,61,62,19,15,211,125,188,158,21,24,16,12,0.9,0.6
2022-07-01T00:00:00,3596A,114.1572,35.9603,鹤壁市,南山宾馆,,,43,41,45,38,152,113,127,125,,12,11,11,0.9,1.2
2022-07-01T00:00:00,3597A,113.8134,34.1251,许昌市,建安区兴业大厦,颗粒物(PM10),58,65,39,28,14,187,105,184,148,13,11,3,4,1.3,0.6
2022-07-01T00:00:00,3598A,111.1,34.7167,三门峡市,富达温泉假日酒店,细颗粒物(PM2.5),53,50,56,37,35,192,154,184,179,11,10,6,5,0.5,0.5
2022-07-01T00:00:00,3599A,106.2649,29.9851,重庆市,书院路,,46,46,59,17,36,200,115,173,119,16,27,11,16,0.5,0.7
2022-07-01T00:00:00,3600A,106.2339,29.5559,重庆市,虎峰,,31,31,49,19,19,229,89,183,127,10,18,8,13,0.8,0.8
2022-07-01T00:00:00,3601A,106.0499,29.8342,重庆市,龙门街,,31,31,47,15,13,248,87,218,147,13,25,11,11,0.7,0.9
2022-07-01T00:00:00,3604A,119.3266,35.1044,日照市,岚山环保分局,,31,24,30,7,21,123,97,115,103,5,10,6,6,0.6,1
2022-07-01T00:00:00,3605A,109.09,34.5236,西安市,无线电监控中心,颗粒物(PM10),51,52,57,29,24,195,110,180,141,14,15,13,11,0.5,0.5
2022-07-01T00:00:00,3606A,108.7108,34.46,西咸新区,北杜,颗粒物(PM10),55,60,58,30,22,219,79,202,144,32,23,9,10,0.6,0.5
2022-07-01T00:00:00,3607A,108.7096,34.2956,西咸新区,同德佳苑,颗粒物(PM10),58,66,65,24,25,258,105,239,184,36,26,5,7,0.4,0.4
2022-07-01T00:00:00,3608A,108.8558,34.4978,西咸新区,崇文塔,颗粒物(PM10),55,59,61,33,28,200,92,185,140,32,21,7,7,0.6,0.6
2022-07-01T00:00:00,3610A,105.5933,29.4105,重庆市,昌元,,28,14,37,9,18,232,87,195,138,27,17,10,9,0.1,0.4
2022-07-01T00:00:00,3612A,85.1045,45.6899,克拉玛依市,白碱滩区新站,,38,21,30,17,10,135,120,124,123,3,15,9,9,0.1,0.1
2022-07-01T00:00:00,3613A,87.3095,44.0142,昌吉州,亚心广场,,,,57,68,14,172,101,148,133,14,31,8,8,0.5,0.6
2022-07-01T00:00:00,3614A,79.924,37.0877,和田地区,地区环保局,颗粒物(PM10),240,378,172,65,44,157,34,146,121,70,14,8,6,0.6,0.1
2022-07-01T00:00:00,3615A,79.9131,37.113,和田地区,市环保局,细颗粒物(PM2.5),129,180,144,98,58,155,25,146,113,90,17,21,6,1.0,0.2
2022-07-01T00:00:00,3616A,106.7616,31.8344,巴中市,市中心医院,颗粒物(PM10),59,67,48,36,27,170,25,156,87,38,24,4,5,0.7,0.6
2022-07-01T00:00:00,3617A,105.8047,32.4166,广元市,经开区,颗粒物(PM10),52,54,33,26,20,200,46,160,109,41,28,5,11,0.7,0.7
2022-07-01T00:00:00,3618A,112.4701,37.782,太原市,金胜,,34,34,43,16,23,177,92,159,91,28,25,7,5,0.6,0.5
2022-07-01T00:00:00,3619A,113.617,37.8571,阳泉市,龙柱,颗粒物(PM10),55,59,36,25,21,143,95,135,128,27,18,14,16,0.7,0.9
2022-07-01T00:00:00,3620A,112.8271,35.4828,晋城市,泽州一中,,37,33,30,14,16,176,118,159,147,13,13,1,3,0.6,0.9
2022-07-01T00:00:00,3621A,106.8288,39.6778,乌海市,聚英学校,,,,47,20,16,156,108,142,119,18,14,22,20,0.5,0.6
2022-07-01T00:00:00,3622A,113.5556,24.8082,韶关市,碧湖山庄,,26,26,20,9,8,68,14,57,21,6,5,9,9,0.4,0.4
2022-07-01T00:00:00,3623A,113.8953,22.5861,深圳市,西乡,,11,11,14,4,5,38,22,29,18,16,15,4,4,0.4,0.4
2022-07-01T00:00:00,3624A,116.4069,23.2533,汕头市,潮南子站,,18,18,17,8,7,74,44,66,60,12,7,7,8,0.6,0.5
2022-07-01T00:00:00,3625A,113.2544,22.7642,佛山市,容桂街道办,,12,9,11,5,6,65,14,37,18,23,22,4,5,0.6,0.6
2022-07-01T00:00:00,3626A,113.7533,23.0202,东莞市,南城元岭,,17,17,18,6,7,68,30,54,36,16,15,7,7,0.4,0.3
2022-07-01T00:00:00,3627A,113.7875,23.0457,东莞市,东城主山,,15,15,16,7,8,74,29,54,33,17,16,8,8,0.4,0.4
2022-07-01T00:00:00,3628A,112.0336,22.9374,云浮市,文笔,,13,7,20,9,8,99,33,81,63,19,14,11,10,0.3,0.3
2022-07-01T00:00:00,3629A,101.8305,36.5786,西宁市,世纪职校,,28,28,38,18,20,141,72,128,102,19,23,3,17,0.6,0.7
2022-07-01T00:00:00,3630A,101.7413,36.6397,西宁市,师大城西校区,颗粒物(PM10),52,54,37,31,18,141,84,141,113,33,27,27,24,0.8,0.6
2022-07-01T00:00:00,3633A,118.4918,31.6809,马鞍山市,雨山,,18,6,18,2,8,98,57,81,69,3,10,5,6,0.6,0.6
2022-07-01T00:00:00,3634A,116.9884,33.6305,宿州市,宿州学院,,26,10,25,4,11,189,82,158,133,9,5,2,3,0.3,0.4
2022-07-01T00:00:00,3635A,112.3677,34.662,洛阳市,河科大西苑校区,,38,36,33,20,16,180,121,168,147,9,9,6,6,0.4,0.4
2022-07-01T00:00:00,3636A,112.4388,34.6781,洛阳市,英才小学,,40,31,29,20,14,183,126,175,157,14,14,3,3,0.6,0.5
2022-07-01T00:00:00,3637A,131.0176,45.7761,七台河市,人民广场,,12,12,15,1,5,55,35,44,35,12,14,11,11,0.5,0.5
2022-07-01T00:00:00,3638A,104.7636,29.3338,自贡市,轻化工大学,,38,36,64,12,23,212,119,188,145,9,24,4,8,0.3,0.6
2022-07-01T00:00:00,3639A,104.4019,31.1244,德阳市,市教育局,颗粒物(PM10),60,69,66,29,26,286,81,218,134,36,35,6,6,0.5,0.7
2022-07-01T00:00:00,3642A,120.3503,36.0736,青岛市,市北区南部,,28,20,26,14,18,132,88,120,101,29,24,8,7,0.8,0.8
2022-07-01T00:00:00,3643A,120.3948,36.1805,青岛市,李沧区北部,,42,27,38,29,29,158,107,127,107,14,29,5,6,0.4,0.5
2022-07-01T00:00:00,3644A,117.8661,36.805,淄博市,三金集团,,30,30,59,17,39,165,90,150,120,12,21,7,8,1.0,0.9
2022-07-01T00:00:00,3645A,118.0253,36.8406,淄博市,东风化工厂,,43,36,48,30,31,171,52,155,108,31,31,12,10,0.7,0.9
2022-07-01T00:00:00,3646A,118.4978,37.4623,东营市,胜利站,,34,27,30,9,19,137,108,132,115,6,7,3,3,0.7,0.7
2022-07-01T00:00:00,3647A,115.4702,35.2706,菏泽市,菏泽医专,细颗粒物(PM2.5),55,51,38,39,23,166,90,155,128,24,15,3,4,0.5,0.4
2022-07-01T00:00:00,3648A,106.2112,37.9768,吴忠市,文卫南街,颗粒物(PM10),53,55,43,14,13,232,100,190,148,29,21,10,13,0.3,0.3
2022-07-01T00:00:00,3650A,105.1698,37.5162,中卫市,沙坡头区政府站,颗粒物(PM10),62,73,47,36,21,178,71,168,134,49,25,16,15,0.5,0.5
2022-07-01T00:00:00,3651A,108.9543,34.8732,铜川市,旺旺集团,颗粒物(PM10),59,67,49,24,20,213,68,192,139,38,18,13,9,0.8,0.6
2022-07-01T00:00:00,3652A,109.4809,36.5786,延安市,西北局旧址,颗粒物(PM10),60,69,39,17,13,175,39,169,107,39,23,4,4,0.4,0.3
2022-07-01T00:00:00,3653A,111.3119,30.7273,宜昌市,云深路,,41,41,32,28,17,186,64,158,117,14,10,7,6,0.6,0.5
2022-07-01T00:00:00,3654A,114.8094,30.4089,鄂州市,精准医疗中心,,28,28,29,7,8,140,62,129,98,17,14,14,13,1.7,0.9
2022-07-01T00:00:00,3655A,114.3375,29.8683,咸宁市,长江产业园,,46,46,34,16,14,128,69,113,93,22,12,6,6,0.6,0.5
2022-07-01T00:00:00,3656A,120.1556,30.2864,杭州市,消防大队,,15,9,17,6,8,102,19,77,36,29,22,8,8,0.7,0.7
2022-07-01T00:00:00,3658A,120.6153,30.0764,绍兴市,袍江中学,,18,18,13,6,6,62,18,47,33,24,15,5,4,0.6,0.5
2022-07-01T00:00:00,3659A,119.656,29.1131,金华市,气象局,,22,22,22,6,8,80,3,59,10,38,27,27,11,0.6,0.5
2022-07-01T00:00:00,3662A,123.6333,47.2075,齐齐哈尔市,富区青少年活动中心,颗粒物(PM10),53,55,23,29,10,130,70,119,95,10,10,9,7,0.4,0.6
2022-07-01T00:00:00,3663A,124.1164,50.4278,大兴安岭地区,红旗社区,,28,28,21,9,13,95,15,86,51,11,9,6,6,0.5,0.5
2022-07-01T00:00:00,3664A,119.4172,34.7341,连云港市,连云街道,,33,15,33,11,19,142,103,129,126,5,18,4,3,0.8,0.6
2022-07-01T00:00:00,3665A,76.1658,39.7157,克孜勒苏柯尔克孜自治州,克州文化中心,颗粒物(PM10),68,86,62,17,13,162,87,156,134,57,17,9,11,0.3,0.3
2022-07-01T00:00:00,3667A,111.0283,35.0547,运城市,水利职院,臭氧1小时,55,48,47,31,28,182,164,176,175,9,10,8,7,0.7,0.8
2022-07-01T00:00:00,3668A,111.5036,36.0414,临汾市,城南,,29,24,30,16,17,195,90,180,127,16,15,3,6,0.5,0.6
2022-07-01T00:00:00,3669A,114.4705,36.0637,安阳市,左辅环卫站,,,,50,,37,154,80,132,124,,12,7,7,0.9,0.7
2022-07-01T00:00:00,3670A,111.0522,35.0439,运城市,禹都公园,臭氧1小时,59,41,52,23,26,197,167,180,179,7,10,8,7,0.7,0.8
2022-07-01T00:00:00,3671A,116.088,39.9726,北京市,门头沟三家店,,35,22,24,9,11,161,109,131,121,9,11,3,3,0.4,0.4
2022-07-01T00:00:00,3672A,116.1541,39.8204,北京市,丰台云岗,,35,35,29,21,16,180,110,154,128,8,11,3,2,0.5,0.4
2022-07-01T00:00:00,3673A,116.6804,39.9081,北京市,通州东关,颗粒物(PM10),53,55,41,27,21,162,96,149,134,32,22,3,2,0.7,0.6
2022-07-01T00:00:00,3674A,115.9577,39.7603,北京市,房山燕山,,40,18,23,7,12,169,126,139,110,4,7,3,3,0.5,0.4
2022-07-01T00:00:00,3675A,116.4672,39.7733,北京市,大兴旧宫,,45,45,31,31,18,151,119,139,132,13,22,1,1,0.7,0.5
2022-07-01T00:00:00,3676A,113.2802,40.0995,大同市,第二人民医院,颗粒物(PM10),52,54,39,25,19,130,37,111,62,37,27,14,11,0.6,0.6
2022-07-01T00:00:00,3677A,98.5881,24.4368,德宏州,芒市人民政府综合楼,,30,30,20,17,9,68,23,58,49,7,8,3,4,0.6,0.6
2022-07-01T00:00:00,3678A,116.5907,35.4054,济宁市,市第七中学,,41,34,48,9,32,186,131,168,152,14,21,9,9,0.4,0.8
2022-07-01T00:00:00,3682A,116.9814,36.6819,济南市,济南四建,,,,50,,28,169,,139,112,,30,,13,,0.6
2022-07-01T00:00:00,3683A,109.8331,40.6576,包头市,昆区政府,,37,37,26,18,14,172,83,140,130,42,27,7,11,0.8,1.1
2022-07-01T00:00:00,3684A,130.8781,45.8222,七台河市,新建矿广场,,14,14,25,7,7,60,35,46,37,7,11,7,7,0.6,0.6
2022-07-01T00:00:00,3685A,117.897,28.4315,上饶市,双创科技城,,22,22,22,8,9,117,24,92,51,16,7,7,8,0.4,0.4
2022-07-01T00:00:00,3689A,113.9003,35.372,新乡市,行政服务中心,细颗粒物(PM2.5),93,125,53,69,29,143,60,128,116,35,14,10,8,1.0,0.7
2022-07-01T00:00:00,3690A,115.9721,28.7031,南昌市,外国语学校,,33,22,28,23,22,82,50,78,70,8,17,6,7,0.5,0.6
2022-07-01T00:00:00,3692A,118.2059,39.6585,唐山市,消防缸窑路中队,,,,,,,,,,,,,,,,
2022-07-01T00:00:00,3693A,118.1436,39.6202,唐山市,路南电大,颗粒物(PM10),51,51,46,27,22,173,66,142,84,15,24,3,8,0.4,1.2
2022-07-01T00:00:00,3694A,115.986,40.4563,北京市,延庆石河营,,46,46,17,32,11,104,75,91,83,15,8,1,2,0.4,0.3
2022-07-01T00:00:00,3695A,116.6151,40.3053,北京市,怀柔新城,,35,28,20,18,12,132,112,124,120,5,5,1,2,0.6,0.4
2022-07-01T00:00:00,3696A,116.2545,39.8768,北京市,丰台小屯,细颗粒物(PM2.5),57,57,30,40,16,138,104,126,108,8,15,3,3,0.8,0.5
2022-07-01T00:00:00,3697A,116.84,40.3844,北京市,密云镇,,32,31,21,16,12,121,101,104,104,13,10,3,4,0.6,0.4
2022-07-01T00:00:00,3698A,111.5968,40.8178,呼和浩特市,红旗小学,,30,19,21,10,9,131,38,124,100,60,28,5,6,0.5,0.4
2022-07-01T00:00:00,3699A,111.6518,40.8389,呼和浩特市,海东办,,27,12,17,8,8,136,84,132,114,22,26,3,6,0.4,0.4
2022-07-01T00:00:00,3700A,103.0456,29.9956,雅安市,康养中心(对照点),,37,31,27,1,10,142,117,115,115,8,8,11,12,0.1,0.2
2022-07-01T00:00:00,3701A,116.9648,33.6252,宿州市,皖北煤电集团,,30,16,31,2,11,184,93,154,136,6,8,3,2,0.4,0.4
2022-07-01T00:00:00,3703A,114.2917,36.0949,安阳市,安钢职工学校,,,104,42,,16,165,15,142,114,65,21,3,5,0.8,0.9
2022-07-01T00:00:00,3706A,122.2584,43.6333,通辽市,老干部活动中心,,30,21,21,20,15,132,93,129,104,14,15,3,5,0.5,0.5
2022-07-01T00:00:00,3707A,131.0207,45.3073,鸡西市,欧美日汽修厂,,26,26,36,7,8,51,18,40,29,29,21,2,2,0.3,0.2
2022-07-01T00:00:00,3708A,122.2922,43.6189,通辽市,东方明珠社区,,32,25,27,22,15,134,85,129,98,17,20,6,7,0.6,0.6
2022-07-01T00:00:00,3709A,130.9967,45.3106,鸡西市,市政设施管理处,,18,18,17,5,5,46,14,36,24,27,20,2,2,0.4,0.3
2022-07-01T00:00:00,3710A,121.5594,29.8975,宁波市,白沙活动中心,,19,19,19,3,6,62,28,50,32,4,4,3,3,0.5,0.4
2022-07-01T00:00:00,3713A,124.3419,43.1666,四平市,世纪城,颗粒物(PM10),58,65,25,24,10,124,4,116,67,60,20,6,5,0.5,0.3
2022-07-01T00:00:00,3715A,117.3092,32.9314,蚌埠市,蚌埠田家炳中学,,34,9,33,5,17,163,107,148,119,2,6,9,12,0.2,0.3
2022-07-01T00:00:00,3719A,97.1714,31.1406,昌都市,昌都会议中心,,25,7,10,5,6,118,77,108,100,5,4,9,9,0.6,0.6
2022-07-01T00:00:00,3726A,88.8781,29.2426,日喀则市,林业技术推广中心,,39,16,17,7,4,150,124,142,136,4,4,5,5,0.3,0.3
2022-07-01T00:00:00,3728A,104.68,28.8071,宜宾市,白酒学院,,42,42,61,20,27,206,112,171,131,16,23,10,10,0.4,0.5
2022-07-01T00:00:00,3734A,118.35,37.26,东营市,理想之城,,26,14,34,12,25,129,83,125,104,14,15,5,7,0.8,0.8
2022-07-01T00:00:00,3860A,118.3920,35.0300,临沂市,皇山花园小区,,29,29,31,13,19,207,68,168,100,20,15,5,6,0.6,0.8
2022-07-01T00:00:00,3861A,119.2041,36.7699,潍坊市,寒亭区实验一小,,27,27,35,12,21,178,84,162,117,14,15,7,8,0.7,0.7
2022-07-01T00:00:00,3866A,122.2469,40.66302,营口市,三高中,,27,27,34,16,31,244,33,244,53,28,28,5,4,0.9,0.8
2022-07-01T00:00:00,3867A,102.0738,36.5056,海东地区,平安区公安北苑,,37,37,40,22,19,154,89,141,121,16,17,6,16,0.3,0.4
2022-07-01T00:00:00,3981A,113.2449,35.1803,焦作市,原李万街道办（启用20220628）,,45,44,29,31,16,160,89,141,121,20,14,7,3,0.9,0.5
