timepoint,stationcode,longitude,latitude,area,positionname,primarypollutant,aqi,pm10,pm10_24h,pm2_5,pm2_5_24h,o3,o3_24h,o3_8h,o3_8h_24h,no2,no2_24h,so2,so2_24h,co,co_24h
2022-11-10T23:00:00,1001A,116.3621,39.8784,北京市,万寿西宫,细颗粒物(PM2.5),202,172,116,152,94,95,48,82,67,46,39,3,2,1.4,0.9
2022-11-10T23:00:00,1002A,116.2202,40.2915,北京市,定陵(对照点),细颗粒物(PM2.5),107,113,90,80,64,101,39,79,67,13,15,1,2,1.0,0.6
2022-11-10T23:00:00,1003A,116.4174,39.9289,北京市,东四,细颗粒物(PM2.5),217,180,120,167,103,97,60,87,77,21,27,1,2,1.1,0.7
2022-11-10T23:00:00,1004A,116.4072,39.8863,北京市,天坛,细颗粒物(PM2.5),186,157,112,140,91,100,15,84,56,22,29,3,2,1.3,0.9
2022-11-10T23:00:00,1005A,116.462,39.9365,北京市,农展馆,细颗粒物(PM2.5),193,162,104,145,87,106,60,92,80,24,34,1,2,1.5,0.8
2022-11-10T23:00:00,1006A,116.3392,39.9295,北京市,官园,细颗粒物(PM2.5),206,168,113,156,91,105,69,89,83,25,35,2,3,1.3,0.8
2022-11-10T23:00:00,1007A,116.2878,39.9611,北京市,海淀万柳,细颗粒物(PM2.5),201,178,116,151,88,99,48,74,66,44,49,1,2,1.2,0.8
2022-11-10T23:00:00,1008A,116.6636,40.135,北京市,顺义新城,细颗粒物(PM2.5),150,146,108,115,87,108,8,87,59,57,24,1,2,1.6,0.8
2022-11-10T23:00:00,1009A,116.6275,40.3275,北京市,怀柔镇,细颗粒物(PM2.5),172,160,93,130,72,89,44,77,65,56,27,1,2,1.4,0.7
2022-11-10T23:00:00,1010A,116.2296,40.217,北京市,昌平镇,细颗粒物(PM2.5),208,194,108,158,85,94,57,76,64,32,34,1,2,1.3,0.7
2022-11-10T23:00:00,1011A,116.3966,39.9821,北京市,奥体中心,细颗粒物(PM2.5),193,180,118,145,89,96,76,80,77,27,37,1,2,1.2,0.8
2022-11-10T23:00:00,1012A,116.184,39.9136,北京市,古城,细颗粒物(PM2.5),193,193,123,145,86,96,7,72,41,91,55,3,2,1.4,0.9
2022-11-10T23:00:00,1015A,117.1444,39.1661,天津市,勤俭道,细颗粒物(PM2.5),204,205,243,154,195,84,8,60,20,44,57,7,8,1.5,1.6
2022-11-10T23:00:00,1017A,117.237,39.1082,天津市,大直沽八号路,细颗粒物(PM2.5),196,184,228,147,188,59,20,42,19,36,61,5,6,1.4,1.6
2022-11-10T23:00:00,1018A,117.202,39.0927,天津市,前进道,,,,228,,188,22,,22,,,65,,7,,1.4
2022-11-10T23:00:00,1019A,117.1837,39.2133,天津市,淮河道,细颗粒物(PM2.5),189,204,254,142,189,89,7,66,23,50,58,8,9,1.4,1.6
2022-11-10T23:00:00,1021A,117.307,39.0877,天津市,跃进路,细颗粒物(PM2.5),185,206,251,139,189,66,15,40,18,44,59,7,8,1.4,1.6
2022-11-10T23:00:00,1023A,117.707,39.0343,天津市,第四大街,细颗粒物(PM2.5),189,185,206,142,165,40,8,20,10,42,61,5,6,1.4,1.7
2022-11-10T23:00:00,1024A,117.457,38.8394,天津市,永明路,细颗粒物(PM2.5),168,163,204,127,167,54,5,54,15,54,62,8,8,1.4,1.5
2022-11-10T23:00:00,1026A,117.764,39.1587,天津市,汉北路,细颗粒物(PM2.5),169,156,190,128,159,55,15,26,15,33,50,9,8,1.2,1.7
2022-11-10T23:00:00,1027A,117.157,38.9194,天津市,团泊洼(对照点),颗粒物(PM10),140,230,237,81,114,78,0,42,22,59,55,2,7,1.7,2
2022-11-10T23:00:00,1029A,114.4422,38.0444,石家庄市,职工医院,细颗粒物(PM2.5),211,174,157,161,127,123,58,108,87,36,46,6,8,1.0,0.8
2022-11-10T23:00:00,1030A,114.6063,38.0266,石家庄市,高新区,细颗粒物(PM2.5),173,174,178,131,133,126,54,106,71,44,52,4,6,0.8,1
2022-11-10T23:00:00,1031A,114.4898,38.1328,石家庄市,西北水源,细颗粒物(PM2.5),210,222,177,160,127,118,20,106,69,60,49,6,7,1.2,1.1
2022-11-10T23:00:00,1032A,114.4586,38.0058,石家庄市,西南高教,细颗粒物(PM2.5),183,167,161,138,133,122,78,106,86,26,50,6,7,1.1,1
2022-11-10T23:00:00,1033A,114.5331,38.0178,石家庄市,世纪公园,细颗粒物(PM2.5),160,146,168,122,124,110,59,93,70,21,48,5,7,1.4,1.3
2022-11-10T23:00:00,1034A,114.509,38.0457,石家庄市,人民会堂,细颗粒物(PM2.5),206,159,125,156,112,127,78,114,94,27,26,4,16,0.9,1
2022-11-10T23:00:00,1035A,114.3524,37.8911,石家庄市,封龙山(对照点),细颗粒物(PM2.5),179,165,153,135,116,122,107,116,116,25,36,,,1.5,1.3
2022-11-10T23:00:00,1037A,118.131,39.6363,唐山市,雷达站,细颗粒物(PM2.5),170,168,185,129,161,46,19,24,17,40,58,3,4,2.3,2.2
2022-11-10T23:00:00,1038A,118.1725,39.6334,唐山市,物资局,细颗粒物(PM2.5),152,165,174,116,146,40,12,22,10,47,66,6,8,2.1,2.2
2022-11-10T23:00:00,1040A,118.1705,39.6506,唐山市,十二中,细颗粒物(PM2.5),117,129,164,88,133,30,0,16,4,62,67,6,5,2.0,2.1
2022-11-10T23:00:00,1041A,118.1869,39.622,唐山市,小山,细颗粒物(PM2.5),148,149,174,113,151,35,9,17,8,46,62,7,7,1.8,2.1
2022-11-10T23:00:00,1042A,119.5134,39.8207,秦皇岛市,北戴河环保局,细颗粒物(PM2.5),87,69,92,64,83,91,34,80,49,40,28,5,4,0.4,0.6
2022-11-10T23:00:00,1043A,119.7493,40.0116,秦皇岛市,第一关,细颗粒物(PM2.5),75,64,97,55,81,99,33,81,34,50,51,5,5,0.8,1
2022-11-10T23:00:00,1044A,119.5897,39.9499,秦皇岛市,监测站,细颗粒物(PM2.5),73,66,102,53,90,78,26,72,28,47,45,5,6,0.6,0.9
2022-11-10T23:00:00,1046A,119.5251,39.9041,秦皇岛市,建设大厦,细颗粒物(PM2.5),73,70,104,53,82,102,32,79,49,53,47,6,5,0.7,1.1
2022-11-10T23:00:00,1047A,114.5129,36.61763,邯郸市,环保局,,,,,,,,,,,,,,,,
2022-11-10T23:00:00,1048A,114.5302,36.6116,邯郸市,东污水处理厂,细颗粒物(PM2.5),264,246,210,214,185,48,20,36,26,51,56,4,6,1.1,1.2
2022-11-10T23:00:00,1049A,114.4918,36.5713,邯郸市,矿院,细颗粒物(PM2.5),279,251,214,229,200,56,30,48,41,50,58,6,8,1.4,1.5
2022-11-10T23:00:00,1050A,114.484,36.6133,邯郸市,丛台公园,细颗粒物(PM2.5),261,249,213,211,181,62,26,49,38,41,46,6,8,0.9,1
2022-11-10T23:00:00,1051A,115.493,38.8632,保定市,游泳馆,细颗粒物(PM2.5),200,181,125,150,105,104,2,86,40,104,66,8,9,0.9,0.4
2022-11-10T23:00:00,1052A,115.5213,38.8959,保定市,华电二区,细颗粒物(PM2.5),173,171,117,131,96,101,4,79,32,114,80,13,8,1.4,1.1
2022-11-10T23:00:00,1053A,115.4713,38.9108,保定市,接待中心,细颗粒物(PM2.5),137,171,126,104,84,96,0,81,39,91,58,5,6,1.0,0.8
2022-11-10T23:00:00,1054A,115.4612,38.8416,保定市,地表水厂,细颗粒物(PM2.5),133,208,137,101,82,91,2,78,31,96,69,8,8,1.1,0.8
2022-11-10T23:00:00,1055A,115.4323,38.8697,保定市,胶片厂,,,,,,,,,,,,,,,,
2022-11-10T23:00:00,1056A,115.5086,38.8639,保定市,监测站,细颗粒物(PM2.5),210,183,135,160,103,106,6,81,34,103,71,7,7,1.2,0.9
2022-11-10T23:00:00,1057A,114.8883,40.8336,张家口市,人民公园,细颗粒物(PM2.5),100,102,48,75,38,98,14,78,54,51,25,23,9,0.8,0.6
2022-11-10T23:00:00,1059A,114.8687,40.8042,张家口市,五金库,细颗粒物(PM2.5),62,46,44,44,41,88,83,66,49,14,26,10,10,0.5,0.7
2022-11-10T23:00:00,1060A,114.8902,40.762,张家口市,世纪豪园,细颗粒物(PM2.5),69,70,62,50,50,93,73,71,61,19,26,2,4,0.8,1
2022-11-10T23:00:00,1061A,114.8916,40.8661,张家口市,北泵房(对照点),细颗粒物(PM2.5),114,87,53,86,43,100,12,82,47,46,28,18,11,1.1,1
2022-11-10T23:00:00,1062A,117.9531,40.9081,承德市,铁路,细颗粒物(PM2.5),108,124,114,81,76,38,3,26,11,56,56,10,9,1.3,1
2022-11-10T23:00:00,1063A,117.9392,40.9763,承德市,中国银行,细颗粒物(PM2.5),100,113,96,75,76,42,3,34,14,48,47,4,4,1.1,1
2022-11-10T23:00:00,1064A,117.9503,40.928,承德市,开发区,细颗粒物(PM2.5),97,99,93,72,73,41,4,32,17,49,53,6,7,1.2,1.1
2022-11-10T23:00:00,1065A,117.8051,40.9655,承德市,文化中心,细颗粒物(PM2.5),115,125,113,87,92,72,2,44,25,54,44,4,5,1.2,1.1
2022-11-10T23:00:00,1066A,117.9268,41.0026,承德市,离宫(对照点),细颗粒物(PM2.5),104,86,88,78,71,49,1,28,5,38,37,7,7,0.8,0.9
2022-11-10T23:00:00,1067A,116.6708,39.5111,廊坊市,药材公司,细颗粒物(PM2.5),213,231,167,163,123,120,20,98,64,47,52,6,8,1.8,1.1
2022-11-10T23:00:00,1068A,116.7214,39.5589,廊坊市,开发区,细颗粒物(PM2.5),196,204,148,147,120,120,25,98,64,48,63,7,9,1.7,1.1
2022-11-10T23:00:00,1070A,116.7244,39.5269,廊坊市,北华航天学院,细颗粒物(PM2.5),229,223,167,179,136,115,24,93,63,49,63,4,6,1.6,1.1
2022-11-10T23:00:00,1071A,116.8842,38.2991,沧州市,沧县城建局,细颗粒物(PM2.5),247,268,224,197,212,43,13,31,27,51,68,8,7,1.8,1.6
2022-11-10T23:00:00,1072A,116.8584,38.3254,沧州市,电视转播站,细颗粒物(PM2.5),235,246,233,185,195,54,19,36,35,41,55,9,6,1.7,1.4
2022-11-10T23:00:00,1073A,116.8709,38.3228,沧州市,市环保局,细颗粒物(PM2.5),235,271,235,185,196,56,23,40,38,41,57,10,9,1.7,1.5
2022-11-10T23:00:00,1074A,115.6838,37.7541,衡水市,电机北厂,细颗粒物(PM2.5),249,308,273,199,206,24,3,19,10,65,58,12,13,1.0,1
2022-11-10T23:00:00,1075A,115.6303,37.7316,衡水市,市监测站,细颗粒物(PM2.5),261,285,275,211,211,25,1,17,7,67,60,5,5,,1.4
2022-11-10T23:00:00,1077A,114.4704,37.0886,邢台市,达活泉,细颗粒物(PM2.5),262,236,199,212,178,94,45,82,65,39,49,6,8,1.3,1.2
2022-11-10T23:00:00,1078A,114.5062,37.0349,邢台市,邢师高专,细颗粒物(PM2.5),279,210,179,229,186,87,43,79,66,31,40,8,8,1.3,1.3
2022-11-10T23:00:00,1079A,114.5237,37.0851,邢台市,路桥公司,,,,209,,172,46,,37,,,43,,8,,1.3
2022-11-10T23:00:00,1080A,114.4725,37.0719,邢台市,市环保局,细颗粒物(PM2.5),267,240,206,217,178,91,41,80,63,34,45,6,9,1.2,1.2
2022-11-10T23:00:00,1081A,112.5139,37.8873,太原市,尖草坪,细颗粒物(PM2.5),138,133,154,105,119,74,50,67,64,52,55,7,13,1.0,1.3
2022-11-10T23:00:00,1083A,112.434,38.0108,太原市,上兰(对照点),,,,,,,,,,,,,,,,
2022-11-10T23:00:00,1084A,112.469,37.7124,太原市,晋源,细颗粒物(PM2.5),152,150,148,116,107,87,70,73,66,38,48,11,13,1.1,1.3
2022-11-10T23:00:00,1085A,112.5583,37.7394,太原市,小店,细颗粒物(PM2.5),159,154,168,121,126,77,60,63,57,47,54,9,12,1.0,1.5
2022-11-10T23:00:00,1086A,112.5369,37.8692,太原市,桃园,细颗粒物(PM2.5),127,121,149,96,115,79,71,68,68,33,51,6,11,1.0,1.4
2022-11-10T23:00:00,1087A,112.57,37.8195,太原市,坞城,细颗粒物(PM2.5),120,112,140,91,112,80,75,70,70,29,46,8,11,0.9,1.2
2022-11-10T23:00:00,1088A,112.549,37.9854,太原市,南寨,细颗粒物(PM2.5),150,134,151,115,103,94,72,71,52,34,48,9,8,1.0,1.2
2022-11-10T23:00:00,1089A,112.4701,37.782,太原市,金胜,,,,,,,,,,,,,,,,
2022-11-10T23:00:00,1090A,111.6507,40.7517,呼和浩特市,呼市一监,,,61,40,51,40,16,4,11,6,,,6,6,1.2,1.3
2022-11-10T23:00:00,1091A,111.6572,40.8033,呼和浩特市,小召,细颗粒物(PM2.5),65,48,38,47,42,86,3,66,41,69,46,12,12,0.9,1
2022-11-10T23:00:00,1094A,111.7516,40.8369,呼和浩特市,如意水处理厂,细颗粒物(PM2.5),58,56,39,41,31,56,2,36,22,59,45,4,4,1.2,1.4
2022-11-10T23:00:00,1095A,111.7276,40.8062,呼和浩特市,二十九中,细颗粒物(PM2.5),64,59,37,46,36,84,10,69,50,51,39,8,8,1.3,1.4
2022-11-10T23:00:00,1096A,111.5512,40.7866,呼和浩特市,工大金川校区,,,,,,,,,,,,,,,,
2022-11-10T23:00:00,1097A,111.717,40.7612,呼和浩特市,化肥厂生活区,,,55,43,51,42,80,20,66,42,,,10,10,1.1,1.3
2022-11-10T23:00:00,1098A,123.6836,41.9339,沈阳市,森林路(对照点),,,,,,,,,,,,,,,,
2022-11-10T23:00:00,1099A,123.505,41.7406,沈阳市,浑南东路,细颗粒物(PM2.5),119,158,119,90,81,104,6,77,23,71,49,19,14,1.7,1.3
2022-11-10T23:00:00,1100A,123.4231,41.6989,沈阳市,新秀街,细颗粒物(PM2.5),90,90,112,67,86,98,10,75,17,58,47,52,25,1.5,1.3
2022-11-10T23:00:00,1102A,123.5903,41.8411,沈阳市,东陵路,细颗粒物(PM2.5),125,129,112,95,93,99,4,67,14,60,47,10,13,1.5,1.2
2022-11-10T23:00:00,1103A,123.4264,41.8467,沈阳市,陵东街,,,337,171,176,109,83,5,74,8,66,51,12,14,3.0,1.4
2022-11-10T23:00:00,1104A,123.4114,41.7653,沈阳市,文化路,细颗粒物(PM2.5),134,132,119,102,102,94,6,77,15,75,49,26,22,1.6,1.4
2022-11-10T23:00:00,1105A,123.4678,41.7867,沈阳市,小河沿,细颗粒物(PM2.5),172,222,148,130,100,91,7,75,19,86,56,9,10,2.0,1.2
2022-11-10T23:00:00,1106A,123.4017,41.7972,沈阳市,太原街,细颗粒物(PM2.5),169,229,175,128,107,89,4,77,6,82,55,12,16,2.5,1.4
2022-11-10T23:00:00,1108A,123.3783,41.9228,沈阳市,京沈街,细颗粒物(PM2.5),227,276,185,177,146,75,5,71,16,63,40,41,20,1.7,1.3
2022-11-10T23:00:00,1109A,121.612,38.9741,大连市,甘井子,细颗粒物(PM2.5),64,54,82,46,70,107,101,88,88,14,40,5,6,0.5,0.6
2022-11-10T23:00:00,1110A,121.565,38.9511,大连市,周水子,颗粒物(PM10),60,70,98,39,63,89,89,74,74,16,40,5,6,0.6,0.8
2022-11-10T23:00:00,1111A,121.5637,38.8845,大连市,星海三站,细颗粒物(PM2.5),83,62,68,61,69,88,85,77,77,17,31,7,7,0.7,0.7
2022-11-10T23:00:00,1112A,121.6302,38.9117,大连市,青泥洼桥,颗粒物(PM10),64,78,86,38,54,93,83,79,78,35,46,16,12,0.7,0.9
2022-11-10T23:00:00,1113A,121.6251,38.8638,大连市,傅家庄,颗粒物(PM10),55,59,65,35,42,96,91,84,84,20,26,6,7,0.5,1
2022-11-10T23:00:00,1114A,121.5213,38.8661,大连市,七贤岭,颗粒物(PM10),57,64,73,36,52,116,116,98,98,12,26,7,8,0.6,0.6
2022-11-10T23:00:00,1115A,121.2529,38.8061,大连市,旅顺,,33,33,49,21,27,106,104,92,92,10,25,2,4,0.4,0.4
2022-11-10T23:00:00,1116A,121.7485,39.1311,大连市,金州,,46,46,71,32,55,102,102,93,93,13,24,7,8,0.6,0.7
2022-11-10T23:00:00,1117A,121.7811,39.0496,大连市,开发区,细颗粒物(PM2.5),62,65,90,44,60,102,98,78,78,28,54,5,7,0.6,0.8
2022-11-10T23:00:00,1118A,121.9762,39.0631,大连市,双D港,颗粒物(PM10),59,68,75,41,48,98,93,78,78,6,13,7,8,0.7,0.8
2022-11-10T23:00:00,1119A,125.3325,43.9166,长春市,食品厂,细颗粒物(PM2.5),145,172,150,111,118,97,7,70,24,77,58,10,12,1.0,1
2022-11-10T23:00:00,1120A,125.2863,43.9027,长春市,客车厂,细颗粒物(PM2.5),119,144,128,90,101,87,6,64,19,81,65,12,14,0.9,1
2022-11-10T23:00:00,1121A,125.2841,43.8463,长春市,邮电学院,细颗粒物(PM2.5),104,111,135,78,95,100,5,76,34,80,63,11,14,0.9,1
2022-11-10T23:00:00,1122A,125.3716,43.8772,长春市,劳动公园,细颗粒物(PM2.5),94,125,151,70,91,89,10,62,27,72,62,10,16,0.7,0.9
2022-11-10T23:00:00,1123A,125.3297,43.8805,长春市,园林处,细颗粒物(PM2.5),98,119,130,73,95,94,14,66,31,74,62,12,18,0.8,1
2022-11-10T23:00:00,1124A,125.4605,43.79,长春市,净月潭,"颗粒物(PM10),细颗粒物(PM2.5)",85,119,86,63,61,96,50,84,65,23,26,8,7,0.5,0.6
2022-11-10T23:00:00,1125A,125.7194,43.515,长春市,甩湾子(对照点),,,,,,,,,,,,,,,,
2022-11-10T23:00:00,1126A,125.3863,43.8447,长春市,经开区环卫处,细颗粒物(PM2.5),103,149,155,77,90,93,11,62,20,66,61,10,12,0.8,0.9
2022-11-10T23:00:00,1127A,125.245,43.7783,长春市,高新区管委会,细颗粒物(PM2.5),104,150,132,78,93,81,8,60,16,62,61,6,8,0.6,0.9
2022-11-10T23:00:00,1128A,125.1761,43.8325,长春市,岱山公园,细颗粒物(PM2.5),89,108,125,66,87,84,10,57,22,73,70,10,18,0.6,1
2022-11-10T23:00:00,1129A,126.5422,45.755,哈尔滨市,岭北(对照点),细颗粒物(PM2.5),87,82,156,64,131,53,17,41,27,47,45,13,16,0.7,0.7
2022-11-10T23:00:00,1130A,126.561,45.8167,哈尔滨市,松北商大,细颗粒物(PM2.5),107,143,129,80,108,80,18,80,16,49,43,9,20,1.0,0.8
2022-11-10T23:00:00,1131A,126.979,45.5419,哈尔滨市,阿城会宁,细颗粒物(PM2.5),290,332,188,240,142,78,17,56,29,58,48,26,25,1.6,1
2022-11-10T23:00:00,1132A,126.599,45.7222,哈尔滨市,南岗学府路,细颗粒物(PM2.5),134,68,54,102,81,58,24,45,20,58,49,12,19,0.6,0.8
2022-11-10T23:00:00,1133A,126.689,45.7733,哈尔滨市,太平宏伟公园,细颗粒物(PM2.5),176,147,188,133,129,84,24,46,25,53,53,20,13,0.7,0.6
2022-11-10T23:00:00,1134A,126.635,45.7667,哈尔滨市,道外承德广场,颗粒物(PM10),97,144,204,46,110,51,4,31,8,48,50,13,20,1.0,0.9
2022-11-10T23:00:00,1135A,126.685,45.7319,哈尔滨市,香坊红旗大街,细颗粒物(PM2.5),85,66,138,63,108,58,12,46,17,51,51,25,21,0.8,0.9
2022-11-10T23:00:00,1136A,126.6411,45.7258,哈尔滨市,动力和平路,细颗粒物(PM2.5),217,70,102,167,86,69,30,42,22,64,43,22,13,1.1,0.7
2022-11-10T23:00:00,1137A,126.593,45.7478,哈尔滨市,道里建国路,细颗粒物(PM2.5),149,64,110,114,95,54,20,39,17,62,46,15,17,1.5,0.9
2022-11-10T23:00:00,1138A,126.615,45.61,哈尔滨市,平房东轻厂,细颗粒物(PM2.5),144,134,147,110,107,44,24,34,14,62,50,26,19,0.9,0.7
2022-11-10T23:00:00,1139A,126.595,45.9855,哈尔滨市,呼兰师专,细颗粒物(PM2.5),69,46,125,50,109,53,24,43,28,27,34,10,14,0.8,0.9
2022-11-10T23:00:00,1140A,126.6206,45.6842,哈尔滨市,省农科院,颗粒物(PM10),76,102,119,53,101,56,7,40,12,46,48,17,17,0.7,0.9
2022-11-10T23:00:00,1141A,121.4,31.238,上海市,普陀,,36,27,51,25,37,114,67,80,63,17,33,4,6,0.6,0.8
2022-11-10T23:00:00,1142A,121.478,31.2036,上海市,十五厂,,43,39,42,30,39,114,59,84,66,25,36,7,10,0.5,0.6
2022-11-10T23:00:00,1143A,121.467,31.3008,上海市,虹口,,43,36,51,30,34,72,53,59,55,23,39,5,8,0.5,0.7
2022-11-10T23:00:00,1144A,121.412,31.1654,上海市,徐汇上师大,,35,33,40,24,35,87,60,74,66,33,46,7,8,0.7,0.8
2022-11-10T23:00:00,1145A,121.536,31.2659,上海市,杨浦四漂,,48,44,51,33,40,88,38,72,60,42,42,7,9,0.7,0.8
2022-11-10T23:00:00,1146A,120.978,31.0935,上海市,青浦淀山湖(对照点),,,,,,,,,,,,,,,,
2022-11-10T23:00:00,1147A,121.425,31.2261,上海市,静安监测站,,40,40,65,26,38,114,64,82,68,18,32,5,7,0.6,0.6
2022-11-10T23:00:00,1148A,121.703,31.1907,上海市,浦东川沙,细颗粒物(PM2.5),52,32,39,36,35,100,18,82,60,41,24,6,6,0.5,0.6
2022-11-10T23:00:00,1149A,121.533,31.2284,上海市,浦东新区监测站,,42,40,58,29,40,79,48,71,64,19,23,6,6,0.6,0.6
2022-11-10T23:00:00,1150A,121.577,31.2071,上海市,浦东张江,细颗粒物(PM2.5),54,30,38,38,38,74,34,69,61,32,28,4,4,0.7,0.8
2022-11-10T23:00:00,1151A,118.8086,32.1065,南京市,迈皋桥,细颗粒物(PM2.5),98,104,95,73,55,159,9,111,53,71,61,6,6,0.9,0.8
2022-11-10T23:00:00,1152A,118.7538,32.0551,南京市,草场门,细颗粒物(PM2.5),110,102,79,83,55,158,13,119,65,64,66,3,4,1.2,0.9
2022-11-10T23:00:00,1153A,118.7794,32.0745,南京市,山西路,细颗粒物(PM2.5),98,114,84,73,53,180,8,136,71,69,54,3,5,0.9,0.6
2022-11-10T23:00:00,1154A,118.7752,32.0023,南京市,中华门,颗粒物(PM10),78,105,96,56,51,167,31,129,81,52,63,4,6,0.6,0.6
2022-11-10T23:00:00,1155A,118.8109,32.0309,南京市,瑞金路,细颗粒物(PM2.5),100,25,56,75,50,179,16,138,80,25,43,4,5,0.6,0.5
2022-11-10T23:00:00,1156A,118.7997,32.0754,南京市,玄武湖,细颗粒物(PM2.5),110,108,79,83,60,172,4,127,63,66,51,4,4,1.0,0.6
2022-11-10T23:00:00,1157A,118.6414,32.0931,南京市,浦口,细颗粒物(PM2.5),89,75,60,66,51,181,4,146,81,67,44,3,6,0.8,0.7
2022-11-10T23:00:00,1158A,118.7356,31.9996,南京市,奥体中心,细颗粒物(PM2.5),113,75,75,85,65,163,27,129,85,50,59,2,5,0.8,0.7
2022-11-10T23:00:00,1159A,118.9125,32.1028,南京市,仙林大学城,细颗粒物(PM2.5),89,100,82,66,50,159,8,123,66,64,49,4,4,1.2,0.9
2022-11-10T23:00:00,1160A,120.561,31.2472,苏州市,上方山(对照点),细颗粒物(PM2.5),65,72,63,47,39,112,14,79,38,40,48,5,6,0.6,0.7
2022-11-10T23:00:00,1161A,120.628,31.2864,苏州市,南门,,,,,,,,,,,,,,,,
2022-11-10T23:00:00,1162A,120.591,31.3019,苏州市,彩香,细颗粒物(PM2.5),67,70,68,48,48,115,13,83,49,58,49,6,6,0.7,0.8
2022-11-10T23:00:00,1163A,120.596,31.3264,苏州市,轧钢厂,颗粒物(PM10),60,69,70,42,44,115,3,83,45,66,50,6,6,0.9,0.9
2022-11-10T23:00:00,1164A,120.613,31.2703,苏州市,吴中区,细颗粒物(PM2.5),74,79,70,54,48,124,10,89,40,58,52,6,7,0.6,0.7
2022-11-10T23:00:00,1165A,120.543,31.2994,苏州市,苏州新区,细颗粒物(PM2.5),75,77,68,55,50,108,18,84,48,44,44,6,6,0.6,0.7
2022-11-10T23:00:00,1166A,120.669,31.3097,苏州市,苏州工业园区,细颗粒物(PM2.5),55,55,64,39,43,82,4,82,37,62,46,6,6,0.8,0.9
2022-11-10T23:00:00,1167A,120.641,31.3708,苏州市,相城区,,,48,57,29,34,104,,84,67,38,39,5,6,0.7,0.7
2022-11-10T23:00:00,1168A,120.9098,31.9663,南通市,狼山街道,,50,50,44,27,29,110,63,86,68,15,28,6,6,0.4,0.5
2022-11-10T23:00:00,1169A,120.86,32.0005,南通市,虹桥,,50,46,48,35,44,98,62,78,65,17,31,5,5,0.5,0.6
2022-11-10T23:00:00,1170A,120.87,32.02,南通市,城中,细颗粒物(PM2.5),100,59,43,75,64,103,63,82,66,16,27,4,4,0.3,0.5
2022-11-10T23:00:00,1171A,120.94,31.93,南通市,星湖花园,,39,34,40,27,31,114,69,88,68,11,27,6,7,0.4,0.5
2022-11-10T23:00:00,1172A,120.81,32.0417,南通市,紫琅学院,颗粒物(PM10),54,58,51,36,33,99,62,82,61,16,29,6,6,0.4,0.5
2022-11-10T23:00:00,1173A,119.176,34.5885,连云港市,市环境监测站,,44,44,54,24,25,122,75,108,89,19,21,5,6,0.3,0.4
2022-11-10T23:00:00,1177A,117.179,34.2761,徐州市,黄河新村,细颗粒物(PM2.5),125,129,99,95,65,61,16,39,27,62,46,8,8,1.0,0.9
2022-11-10T23:00:00,1178A,117.1918,34.2384,徐州市,淮塔,细颗粒物(PM2.5),140,164,112,107,71,67,8,47,28,67,46,7,6,0.9,0.8
2022-11-10T23:00:00,1180A,117.256,34.2153,徐州市,新城区,细颗粒物(PM2.5),163,151,105,124,82,64,5,44,30,76,49,11,10,1.1,1.1
2022-11-10T23:00:00,1181A,117.244,34.2911,徐州市,桃园路,细颗粒物(PM2.5),175,178,120,132,77,76,20,53,35,65,41,3,4,1.1,1
2022-11-10T23:00:00,1182A,117.2933,34.2778,徐州市,农科院,细颗粒物(PM2.5),149,153,104,114,71,91,,45,17,75,50,6,6,1.0,0.9
2022-11-10T23:00:00,1186A,119.389,32.3761,扬州市,邗江监测站,颗粒物(PM10),62,73,90,42,50,104,50,74,53,26,53,6,8,0.8,1.2
2022-11-10T23:00:00,1188A,120.269,31.4867,无锡市,雪浪,细颗粒物(PM2.5),55,58,68,39,40,127,34,76,51,28,55,7,10,1.0,0.9
2022-11-10T23:00:00,1189A,120.275,31.6219,无锡市,黄巷,,,,83,,46,137,,93,65,23,49,11,11,0.8,1
2022-11-10T23:00:00,1190A,120.294,31.56,无锡市,曹张,细颗粒物(PM2.5),55,40,54,39,39,145,50,100,65,18,46,9,10,0.9,0.8
2022-11-10T23:00:00,1191A,120.242,31.5031,无锡市,漆塘,细颗粒物(PM2.5),55,53,69,39,43,160,47,99,70,24,49,10,11,0.8,0.7
2022-11-10T23:00:00,1192A,120.3489,31.5863,无锡市,东亭,颗粒物(PM10),53,56,67,36,46,133,48,92,59,18,43,8,7,1.0,0.9
2022-11-10T23:00:00,1193A,120.354,31.5475,无锡市,旺庄,细颗粒物(PM2.5),62,58,69,44,46,126,35,89,55,37,54,10,10,1.2,1.2
2022-11-10T23:00:00,1194A,120.245,31.5631,无锡市,荣巷,细颗粒物(PM2.5),64,53,68,46,43,157,39,107,72,43,56,8,9,0.9,0.9
2022-11-10T23:00:00,1195A,120.299,31.6817,无锡市,堰桥,,44,44,67,29,43,144,52,105,69,21,46,6,8,0.9,1
2022-11-10T23:00:00,1196A,119.9633,31.762,常州市,市监测站,颗粒物(PM10),84,118,144,54,69,141,40,96,50,30,69,6,8,0.6,1.2
2022-11-10T23:00:00,1200A,119.9468,31.7069,常州市,武进监测站,颗粒物(PM10),84,118,129,47,53,151,30,108,56,41,68,11,12,1.3,1.1
2022-11-10T23:00:00,1201A,119.9255,31.9087,常州市,安家,细颗粒物(PM2.5),83,112,110,61,59,172,42,124,59,31,59,5,6,0.9,0.9
2022-11-10T23:00:00,1203A,119.6707,32.1875,镇江市,新区办事处,细颗粒物(PM2.5),54,51,72,38,47,112,47,80,64,33,57,2,4,0.6,1
2022-11-10T23:00:00,1204A,119.4974,32.1968,镇江市,职教中心,细颗粒物(PM2.5),97,49,70,72,86,112,35,86,51,42,66,3,5,0.8,1
2022-11-10T23:00:00,1205A,119.4303,32.1328,镇江市,丹徒区监测站,细颗粒物(PM2.5),83,63,82,61,66,134,41,100,60,29,62,5,7,0.6,0.8
2022-11-10T23:00:00,1206A,119.905,32.4878,泰州市,公园路,细颗粒物(PM2.5),58,63,65,41,47,73,28,62,55,28,32,8,8,0.8,1
2022-11-10T23:00:00,1207A,119.9189,32.4625,泰州市,莲花,细颗粒物(PM2.5),67,59,66,48,51,81,46,72,67,27,37,9,9,0.5,0.8
2022-11-10T23:00:00,1209A,119.888,32.4639,泰州市,留学生创业园,细颗粒物(PM2.5),69,56,58,50,48,79,49,67,64,17,31,6,6,0.7,1
2022-11-10T23:00:00,1210A,119.036,33.5981,淮安市,钵池山,颗粒物(PM10),75,100,67,38,35,90,32,61,42,38,32,6,6,0.8,0.9
2022-11-10T23:00:00,1211A,119.007,33.575,淮安市,北京南路,细颗粒物(PM2.5),88,75,69,65,57,84,26,61,45,41,29,6,5,0.8,0.9
2022-11-10T23:00:00,1212A,118.989,33.6067,淮安市,市监测站,颗粒物(PM10),80,110,70,54,59,92,25,66,51,54,35,4,3,0.8,0.9
2022-11-10T23:00:00,1213A,119.135,33.5039,淮安市,楚州区监测站,颗粒物(PM10),62,73,66,41,44,83,49,64,56,21,28,7,6,0.7,0.8
2022-11-10T23:00:00,1214A,119.0186,33.6297,淮安市,淮阴区监测站,颗粒物(PM10),79,107,65,54,48,90,26,64,47,47,33,8,5,0.6,0.7
2022-11-10T23:00:00,1215A,120.118,33.4022,盐城市,盐城电厂,,35,22,36,24,23,107,65,87,76,12,21,5,6,0.4,0.5
2022-11-10T23:00:00,1216A,120.156,33.3942,盐城市,市监测站,,35,35,47,24,24,92,56,72,66,14,24,7,8,0.3,0.4
2022-11-10T23:00:00,1218A,120.2144,33.38,盐城市,开发区管委会,,28,28,34,11,25,102,51,80,63,21,23,7,8,0.2,0.4
2022-11-10T23:00:00,1220A,118.293,33.9528,宿迁市,宿迁学院,颗粒物(PM10),55,59,49,34,25,90,35,66,51,36,30,5,5,0.7,0.7
2022-11-10T23:00:00,1221A,118.2442,33.9592,宿迁市,宿迁中学,颗粒物(PM10),57,64,55,34,29,89,31,69,55,41,27,5,4,0.7,0.6
2022-11-10T23:00:00,1223A,120.2072,30.2111,杭州市,滨江,颗粒物(PM10),74,97,86,46,44,132,26,104,72,51,55,6,6,0.7,0.8
2022-11-10T23:00:00,1224A,120.0633,30.2747,杭州市,西溪,颗粒物(PM10),64,78,57,44,32,114,42,94,68,36,31,9,9,0.5,0.6
2022-11-10T23:00:00,1225A,119.026,29.635,杭州市,千岛湖(对照点),,,,,,,,,,,,,,,,
2022-11-10T23:00:00,1226A,120.3461,30.3153,杭州市,下沙,,49,49,71,29,38,128,50,111,84,26,52,7,9,0.5,0.9
2022-11-10T23:00:00,1227A,120.1269,30.2456,杭州市,卧龙桥,细颗粒物(PM2.5),77,67,58,56,42,115,9,96,46,36,30,5,6,0.7,0.7
2022-11-10T23:00:00,1228A,120.1903,30.2692,杭州市,浙江农大,颗粒物(PM10),57,63,62,36,37,122,51,106,86,31,45,7,7,0.5,0.7
2022-11-10T23:00:00,1229A,120.157,30.2897,杭州市,朝晖五区,,,,,,,,,,,,,,,,
2022-11-10T23:00:00,1230A,120.1197,30.3119,杭州市,和睦小学,颗粒物(PM10),65,80,80,43,43,109,45,98,69,38,54,1,2,0.6,0.8
2022-11-10T23:00:00,1231A,120.3019,30.4183,杭州市,临平镇,颗粒物(PM10),57,64,81,28,37,142,62,108,89,16,50,6,7,0.7,0.9
2022-11-10T23:00:00,1232A,120.2697,30.1819,杭州市,城厢镇,细颗粒物(PM2.5),70,73,78,51,46,148,26,108,84,47,54,7,7,0.7,0.8
2022-11-10T23:00:00,1233A,120.0883,30.1808,杭州市,云栖,,,,92,43,35,111,20,100,69,39,37,6,6,0.6,0.6
2022-11-10T23:00:00,1234A,121.8358,29.911,宁波市,区环保大楼,,37,37,43,24,26,68,2,42,15,52,49,5,7,0.4,0.6
2022-11-10T23:00:00,1235A,121.56,29.82,宁波市,万里学院,,26,26,45,14,24,96,45,72,42,16,32,5,7,0.4,0.5
2022-11-10T23:00:00,1236A,121.713,29.9572,宁波市,龙赛医院,颗粒物(PM10),53,55,76,32,37,101,12,53,10,48,65,10,12,0.5,0.6
2022-11-10T23:00:00,1239A,121.633,29.7733,宁波市,钱湖水厂,,22,17,25,15,20,90,41,74,55,9,10,5,5,0.4,0.4
2022-11-10T23:00:00,1240A,121.5856,29.8635,宁波市,太古小学,,29,20,31,20,27,85,32,61,34,29,39,9,11,0.5,0.6
2022-11-10T23:00:00,1241A,121.524,29.8674,宁波市,市环境监测中心,,32,32,46,18,22,84,30,56,23,23,41,6,9,0.5,0.5
2022-11-10T23:00:00,1242A,120.634,28.0089,温州市,瓯海,,50,50,94,20,41,95,36,72,46,31,47,7,8,0.5,0.7
2022-11-10T23:00:00,1243A,120.6748,27.9939,温州市,南浦,颗粒物(PM10),53,56,84,23,38,91,31,67,38,34,50,6,7,0.3,0.5
2022-11-10T23:00:00,1244A,120.76,27.9747,温州市,龙湾,颗粒物(PM10),55,59,79,20,31,73,20,56,39,49,53,6,6,0.5,0.6
2022-11-10T23:00:00,1245A,120.6709,28.0167,温州市,市站,颗粒物(PM10),57,63,79,23,38,102,30,78,44,37,45,6,6,0.5,0.6
2022-11-10T23:00:00,1246A,120.598,30.0911,绍兴市,袍江站,,,,,,,,,,,,,,,,
2022-11-10T23:00:00,1247A,120.6053,29.9928,绍兴市,城东开发委,细颗粒物(PM2.5),102,97,68,76,44,117,21,98,64,43,33,12,9,0.7,0.7
2022-11-10T23:00:00,1250A,120.0751,30.8669,湖州市,城西水厂,颗粒物(PM10),52,53,80,33,44,194,32,142,109,43,55,5,7,0.6,0.7
2022-11-10T23:00:00,1252A,120.7436,30.778,嘉兴市,清河小学,细颗粒物(PM2.5),64,72,59,46,33,160,48,123,82,22,38,6,8,0.4,0.5
2022-11-10T23:00:00,1253A,120.726,30.7478,嘉兴市,嘉兴学院,细颗粒物(PM2.5),85,77,57,63,40,157,45,111,75,27,40,6,8,0.4,0.5
2022-11-10T23:00:00,1255A,121.273,28.6459,台州市,黄岩环保大楼,颗粒物(PM10),52,54,51,24,24,106,34,88,59,24,21,6,6,0.4,0.4
2022-11-10T23:00:00,1256A,121.419,28.6542,台州市,台州环保大楼,,40,40,55,21,31,139,54,84,52,6,27,6,8,0.4,0.5
2022-11-10T23:00:00,1257A,121.377,28.5773,台州市,路桥田洋王,颗粒物(PM10),73,96,73,47,39,124,35,88,47,22,30,5,6,0.3,0.6
2022-11-10T23:00:00,1258A,122.122,30.0203,舟山市,定海檀枫,,29,29,33,19,20,112,36,78,42,21,25,4,5,0.2,0.3
2022-11-10T23:00:00,1259A,122.3094,29.9558,舟山市,普陀东港,,30,30,34,19,22,80,17,61,21,45,32,5,5,0.3,0.3
2022-11-10T23:00:00,1260A,122.19,29.9944,舟山市,临城新区,,33,33,38,17,20,99,33,71,39,24,25,5,5,0.3,0.3
2022-11-10T23:00:00,1261A,119.649,29.1131,金华市,四中(停运161031),,,,,,,,,,,,,,,,
2022-11-10T23:00:00,1262A,119.647,29.077,金华市,十五中,,26,17,66,18,37,148,28,103,52,26,47,6,7,0.4,0.6
2022-11-10T23:00:00,1263A,119.686,29.1029,金华市,监测站,,,,76,,45,43,,24,,,42,,6,,0.6
2022-11-10T23:00:00,1264A,118.8692,28.9398,衢州市,环保大楼,颗粒物(PM10),51,52,73,25,47,140,22,102,54,32,39,9,10,0.4,0.6
2022-11-10T23:00:00,1265A,118.8709,28.9666,衢州市,实验学校,,38,34,63,26,44,101,20,82,52,34,38,8,9,0.6,0.7
2022-11-10T23:00:00,1266A,118.8621,28.9808,衢州市,衢州学院,,38,38,60,19,38,130,25,109,58,31,35,9,9,0.4,0.6
2022-11-10T23:00:00,1267A,119.914,28.4514,丽水市,监测站大楼,,33,33,39,20,26,65,32,52,43,22,28,7,8,0.6,0.6
2022-11-10T23:00:00,1268A,119.93,28.4586,丽水市,莲都小学,,30,30,44,12,22,64,39,55,49,17,28,6,7,0.4,0.5
2022-11-10T23:00:00,1269A,119.879,28.4231,丽水市,余庄前,,25,25,36,16,23,76,17,58,36,23,18,5,6,0.4,0.5
2022-11-10T23:00:00,1270A,117.1959,31.7848,合肥市,明珠广场,,,,100,,51,153,44,114,81,,61,11,14,0.8,0.9
2022-11-10T23:00:00,1271A,117.3072,31.8764,合肥市,三里街,细颗粒物(PM2.5),125,146,113,95,54,151,38,118,95,49,64,8,12,1.1,1
2022-11-10T23:00:00,1272A,117.2588,31.8707,合肥市,琥珀山庄,细颗粒物(PM2.5),110,144,107,83,54,154,47,122,100,40,45,8,11,1.0,0.9
2022-11-10T23:00:00,1273A,117.1604,31.9052,合肥市,董铺水库(对照点),,,124,105,,51,158,71,131,118,32,48,11,12,1.2,1
2022-11-10T23:00:00,1274A,117.25,31.8571,合肥市,长江中路,细颗粒物(PM2.5),100,136,108,75,63,155,54,129,109,39,44,9,14,1.0,0.8
2022-11-10T23:00:00,1275A,117.266,31.9436,合肥市,庐阳区,细颗粒物(PM2.5),89,110,110,66,52,153,64,126,109,32,54,5,8,0.8,0.7
2022-11-10T23:00:00,1276A,117.336,31.8586,合肥市,瑶海区,细颗粒物(PM2.5),130,161,118,99,65,152,49,130,100,55,66,12,16,1.1,1.3
2022-11-10T23:00:00,1277A,117.3027,31.7964,合肥市,包河区,细颗粒物(PM2.5),125,134,114,95,67,150,25,108,73,76,65,10,13,1.1,1
2022-11-10T23:00:00,1278A,117.2776,31.7385,合肥市,滨湖新区,细颗粒物(PM2.5),107,146,101,80,55,164,68,140,117,47,34,13,16,1.1,0.9
2022-11-10T23:00:00,1279A,117.1318,31.8403,合肥市,高新区,细颗粒物(PM2.5),94,124,95,70,52,154,77,130,114,43,45,6,10,0.8,0.6
2022-11-10T23:00:00,1280A,119.3903,26.0543,福州市,鼓山(对照点),,,,,,,,,,,,,,,,
2022-11-10T23:00:00,1282A,119.2681,26.0504,福州市,师大,,28,24,36,19,24,95,39,73,53,17,18,3,6,0.4,0.5
2022-11-10T23:00:00,1283A,119.2984,26.1028,福州市,五四北路,,20,15,26,10,18,77,64,67,60,5,11,2,3,0.5,0.6
2022-11-10T23:00:00,1284A,119.2648,26.0768,福州市,杨桥西路,,20,10,34,14,18,95,61,74,59,6,16,2,5,0.3,0.5
2022-11-10T23:00:00,1285A,119.317,26.0746,福州市,紫阳,,20,16,29,3,18,85,62,72,66,6,11,4,5,0.2,0.3
2022-11-10T23:00:00,1286A,118.1608,24.8169,厦门市,溪东(对照点),,,,,,,,,,,,,,,,
2022-11-10T23:00:00,1287A,118.1514,24.4767,厦门市,洪文,,31,31,34,16,19,108,38,90,61,22,19,2,2,0.5,0.4
2022-11-10T23:00:00,1288A,118.0661,24.4444,厦门市,鼓浪屿,,27,27,34,14,16,98,37,78,57,20,28,4,4,0.4,0.4
2022-11-10T23:00:00,1290A,115.8931,28.6843,南昌市,省外办,颗粒物(PM10),64,78,83,37,40,147,17,113,51,61,47,7,10,0.6,0.9
2022-11-10T23:00:00,1291A,115.8886,28.7003,南昌市,省林业公司,颗粒物(PM10),74,97,79,31,38,149,1,114,62,95,59,7,10,0.7,0.9
2022-11-10T23:00:00,1292A,115.8126,28.7442,南昌市,林科所,"颗粒物(PM10),细颗粒物(PM2.5)",67,83,49,48,27,138,53,122,80,41,27,9,11,0.6,0.7
2022-11-10T23:00:00,1294A,115.8518,28.687,南昌市,建工学校,颗粒物(PM10),71,92,74,47,39,162,34,125,80,54,40,9,12,0.7,0.7
2022-11-10T23:00:00,1295A,115.8921,28.6424,南昌市,象湖,细颗粒物(PM2.5),89,91,72,66,41,147,34,113,63,48,43,6,9,0.8,0.8
2022-11-10T23:00:00,1296A,115.7423,28.7996,南昌市,武术学校(对照点),,32,27,34,22,29,123,30,107,71,10,9,18,17,0.7,0.8
2022-11-10T23:00:00,1298A,115.9314,28.6842,南昌市,省站,颗粒物(PM10),83,115,103,54,48,135,30,105,52,45,50,8,12,1.0,1
2022-11-10T23:00:00,1299A,116.9862,36.6114,济南市,科干所,细颗粒物(PM2.5),138,153,100,105,61,64,12,59,35,54,52,8,8,1.5,1
2022-11-10T23:00:00,1300A,116.9376,36.665,济南市,农科所,细颗粒物(PM2.5),138,166,123,105,63,58,2,45,30,85,73,7,8,1.1,0.7
2022-11-10T23:00:00,1301A,117.1265,36.6734,济南市,开发区,细颗粒物(PM2.5),148,171,122,113,67,87,4,66,38,84,66,11,13,1.7,0.9
2022-11-10T23:00:00,1303A,117.0624,36.6868,济南市,省种子仓库,细颗粒物(PM2.5),158,205,142,120,69,66,7,51,40,96,80,10,8,1.2,0.8
2022-11-10T23:00:00,1304A,116.9489,36.6447,济南市,机床二厂,细颗粒物(PM2.5),158,195,134,120,73,63,5,53,39,81,72,9,9,1.7,1.1
2022-11-10T23:00:00,1305A,117.0495,36.663,济南市,市监测站,细颗粒物(PM2.5),140,188,131,107,64,63,3,55,36,75,76,12,11,1.5,1
2022-11-10T23:00:00,1306A,116.7675,36.5484,济南市,长清党校,细颗粒物(PM2.5),104,134,91,78,52,75,5,64,30,76,58,7,7,1.1,1
2022-11-10T23:00:00,1307A,120.6659,36.2403,青岛市,仰口(对照点),,37,24,29,17,22,126,117,122,121,8,10,4,6,0.4,0.2
2022-11-10T23:00:00,1308A,120.3905,36.1851,青岛市,李沧区子站,,,,,,,,,,,,,,,,
2022-11-10T23:00:00,1309A,120.3471,36.0699,青岛市,市北区子站,,,,,,,,,,,,,,,,
2022-11-10T23:00:00,1310A,120.4134,36.0658,青岛市,市南区东部子站,,30,29,31,14,17,112,94,112,103,13,10,6,7,0.5,0.5
2022-11-10T23:00:00,1311A,120.3664,36.1032,青岛市,四方区子站,,36,36,39,22,21,100,90,97,94,14,23,5,5,0.5,0.6
2022-11-10T23:00:00,1312A,120.2994,36.054,青岛市,市南区西部子站,,33,31,33,15,14,122,105,121,111,18,21,6,6,0.6,0.7
2022-11-10T23:00:00,1313A,120.4581,36.0858,青岛市,崂山区子站,,35,27,31,9,13,120,110,118,116,18,17,5,5,0.2,0.2
2022-11-10T23:00:00,1314A,120.1983,35.9608,青岛市,黄岛区子站,,37,24,33,12,16,123,117,122,113,11,29,4,6,0.3,0.4
2022-11-10T23:00:00,1315A,120.3999,36.3083,青岛市,城阳区子站,,46,46,61,23,26,98,18,90,55,68,49,6,5,0.8,0.7
2022-11-10T23:00:00,1316A,113.69031,34.76122,郑州市,烟厂,细颗粒物(PM2.5),176,172,146,133,119,43,34,31,23,32,46,6,4,1.6,1.1
2022-11-10T23:00:00,1317A,113.65724,34.77134,郑州市,郑纺机,细颗粒物(PM2.5),212,173,158,162,134,45,36,36,28,35,46,12,9,1.9,1.4
2022-11-10T23:00:00,1318A,113.67526,34.80246,郑州市,银行学校,细颗粒物(PM2.5),189,196,157,142,121,40,34,34,29,42,49,14,8,2.2,1.6
2022-11-10T23:00:00,1319A,113.56746,34.81334,郑州市,供水公司,颗粒物(PM10),129,208,167,97,82,37,32,29,26,33,45,8,6,1.8,1.2
2022-11-10T23:00:00,1320A,113.7329,34.7178,郑州市,经开区管委,细颗粒物(PM2.5),149,208,168,114,89,55,31,35,21,27,37,6,5,1.5,1.2
2022-11-10T23:00:00,1321A,113.73961,34.77172,郑州市,四十七中,颗粒物(PM10),140,229,189,94,87,37,31,26,22,35,49,10,8,1.7,1.3
2022-11-10T23:00:00,1322A,113.60532,34.74838,郑州市,市监测站,细颗粒物(PM2.5),138,219,188,105,142,47,29,35,27,35,46,9,7,1.5,1.1
2022-11-10T23:00:00,1323A,113.64164,34.7525,郑州市,河医大,细颗粒物(PM2.5),163,216,170,124,113,40,22,29,21,49,53,12,8,1.9,1.4
2022-11-10T23:00:00,1324A,113.51488,34.91089,郑州市,岗李水库(对照点),,,,,,,,,,,,,,,,
2022-11-10T23:00:00,1325A,114.3677,30.5584,武汉市,东湖梨园,细颗粒物(PM2.5),68,77,84,49,51,186,58,168,123,48,46,11,11,1.1,1.2
2022-11-10T23:00:00,1326A,114.2529,30.558,武汉市,汉阳月湖,细颗粒物(PM2.5),64,76,82,46,50,170,16,130,67,113,83,10,11,1.0,1.1
2022-11-10T23:00:00,1327A,114.282,30.6189,武汉市,汉口花桥,颗粒物(PM10),62,73,83,37,45,160,54,136,94,54,54,9,10,0.8,0.9
2022-11-10T23:00:00,1328A,114.3025,30.5332,武汉市,武昌紫阳,细颗粒物(PM2.5),62,69,78,44,50,168,37,144,98,80,63,13,15,1.2,1.3
2022-11-10T23:00:00,1329A,114.3646,30.6217,武汉市,青山钢花,颗粒物(PM10),81,111,107,48,62,166,68,138,76,47,71,16,16,1.3,1.4
2022-11-10T23:00:00,1330A,114.1566,30.4825,武汉市,沌口新区,颗粒物(PM10),67,84,99,41,52,165,67,146,109,63,79,18,19,0.9,1.2
2022-11-10T23:00:00,1331A,114.3014,30.5944,武汉市,汉口江滩,细颗粒物(PM2.5),57,62,77,40,46,181,56,146,95,63,71,13,13,1.0,1
2022-11-10T23:00:00,1333A,114.135,30.6319,武汉市,吴家山,细颗粒物(PM2.5),68,73,90,49,55,162,48,129,88,77,80,11,12,1.0,1.2
2022-11-10T23:00:00,1334A,113.8454,30.2917,武汉市,沉湖七壕(对照点),颗粒物(PM10),61,72,68,37,36,153,80,136,110,36,38,13,12,0.8,0.9
2022-11-10T23:00:00,1335A,113.0833,28.2325,长沙市,经开区环保局,颗粒物(PM10),57,64,46,33,31,139,29,119,62,77,44,10,10,0.8,0.7
2022-11-10T23:00:00,1336A,112.8872,28.2189,长沙市,高开区环保局,颗粒物(PM10),52,53,55,32,41,146,81,129,95,28,46,13,12,0.5,0.7
2022-11-10T23:00:00,1337A,113.0792,28.2053,长沙市,马坡岭,颗粒物(PM10),68,86,62,39,35,144,5,121,65,91,41,10,10,0.7,0.6
2022-11-10T23:00:00,1338A,112.9394,28.19,长沙市,湖南师范大学,颗粒物(PM10),51,51,48,32,36,133,67,108,80,21,26,8,8,0.7,1
2022-11-10T23:00:00,1339A,113.0178,28.1322,长沙市,雨花区环保局,,49,48,57,34,33,118,67,105,74,27,47,11,10,0.4,0.4
2022-11-10T23:00:00,1340A,112.9792,28.2597,长沙市,伍家岭,颗粒物(PM10),92,133,78,47,43,157,4,122,45,77,58,7,8,0.8,0.8
2022-11-10T23:00:00,1341A,113.0014,28.1944,长沙市,火车新站,颗粒物(PM10),55,60,59,29,34,126,66,112,68,32,50,11,9,0.7,0.8
2022-11-10T23:00:00,1342A,112.9844,28.1178,长沙市,天心区环保局,颗粒物(PM10),54,58,53,28,33,138,76,118,83,29,42,11,11,0.6,0.6
2022-11-10T23:00:00,1343A,112.8908,28.1308,长沙市,湖南中医药大学,颗粒物(PM10),77,103,86,33,44,134,22,108,46,66,53,6,5,0.8,0.8
2022-11-10T23:00:00,1344A,112.9581,28.3611,长沙市,沙坪(对照点),,38,38,39,25,27,141,87,114,89,14,21,5,4,0.6,0.6
2022-11-10T23:00:00,1345A,113.2347,23.1423,广州市,广雅中学,细颗粒物(PM2.5),84,110,89,62,49,116,4,90,50,99,79,4,5,1.5,1.1
2022-11-10T23:00:00,1346A,113.2612,23.105,广州市,市五中,细颗粒物(PM2.5),103,100,79,77,56,134,9,95,58,82,78,5,7,1.7,1.3
2022-11-10T23:00:00,1348A,113.3478,23.0916,广州市,广东商学院,细颗粒物(PM2.5),80,94,79,59,50,141,4,117,70,98,69,6,6,1.2,1.1
2022-11-10T23:00:00,1349A,113.4332,23.1047,广州市,市八十六中,颗粒物(PM10),89,127,100,54,44,138,5,106,65,119,77,10,9,1.7,1.2
2022-11-10T23:00:00,1350A,113.3505,22.9483,广州市,番禺中学,细颗粒物(PM2.5),79,94,72,58,41,160,2,128,73,74,60,6,6,1.2,1.1
2022-11-10T23:00:00,1351A,113.2146,23.3916,广州市,花都师范,细颗粒物(PM2.5),74,88,72,54,42,196,39,160,119,61,51,8,7,1.0,0.8
2022-11-10T23:00:00,1352A,113.2597,23.1331,广州市,市监测站,细颗粒物(PM2.5),78,93,85,57,49,142,6,111,75,90,73,5,6,1.1,1
2022-11-10T23:00:00,1353A,113.5618,23.312,广州市,九龙镇镇龙,颗粒物(PM10),67,83,61,39,31,152,1,116,68,65,38,5,5,0.9,0.7
2022-11-10T23:00:00,1354A,113.2765,23.1544,广州市,麓湖,细颗粒物(PM2.5),70,75,70,51,41,128,3,94,55,68,59,3,4,0.9,0.9
2022-11-10T23:00:00,1355A,113.443,23.3035,广州市,帽峰山森林公园(对照点),细颗粒物(PM2.5),95,111,71,71,42,129,91,118,112,19,24,5,5,0.6,0.6
2022-11-10T23:00:00,1356A,114.1063,22.5545,深圳市,通心岭子站,,27,27,39,16,23,97,58,84,71,23,33,3,3,0.4,0.5
2022-11-10T23:00:00,1357A,114.117,22.5625,深圳市,洪湖,,43,43,56,25,30,122,43,100,77,40,42,6,6,0.7,0.7
2022-11-10T23:00:00,1358A,113.987,22.5417,深圳市,华侨城,颗粒物(PM10),65,79,54,46,32,187,36,109,100,48,42,6,7,1.0,0.8
2022-11-10T23:00:00,1359A,113.9181,22.5171,深圳市,南海子站,细颗粒物(PM2.5),94,114,63,70,33,203,42,137,102,70,55,4,4,0.7,0.6
2022-11-10T23:00:00,1360A,114.2458,22.5689,深圳市,盐田,,38,33,24,20,15,92,30,77,44,75,48,9,8,0.6,0.7
2022-11-10T23:00:00,1361A,114.2283,22.7244,深圳市,龙岗,"颗粒物(PM10),细颗粒物(PM2.5)",70,90,70,51,39,170,37,141,93,60,49,5,5,0.7,0.7
2022-11-10T23:00:00,1362A,113.8953,22.5861,深圳市,西乡,,,,,,,,,,,,,,,,
2022-11-10T23:00:00,1363A,114.494,22.5422,深圳市,南澳,,31,31,27,17,14,130,56,104,85,9,12,6,6,0.4,0.4
2022-11-10T23:00:00,1364A,114.41,22.6342,深圳市,葵涌,,31,31,22,20,14,107,24,92,70,17,13,8,8,0.6,0.5
2022-11-10T23:00:00,1365A,114.297,22.5978,深圳市,梅沙,颗粒物(PM10),52,54,29,21,14,113,76,99,78,12,11,9,9,0.6,0.4
2022-11-10T23:00:00,1366A,114.0678,22.738,深圳市,观澜,细颗粒物(PM2.5),142,166,93,108,52,172,13,146,96,95,53,8,8,1.0,0.7
2022-11-10T23:00:00,1367A,113.5814,22.2618,珠海市,吉大,细颗粒物(PM2.5),53,31,30,37,30,134,72,112,96,16,25,6,6,0.4,0.4
2022-11-10T23:00:00,1368A,113.4881,22.2335,珠海市,前山,颗粒物(PM10),55,60,45,37,21,132,3,98,63,86,50,6,6,0.8,0.6
2022-11-10T23:00:00,1369A,113.628,22.4251,珠海市,唐家,,31,31,41,14,29,155,52,134,111,22,28,7,7,0.2,0.3
2022-11-10T23:00:00,1370A,113.299,22.2281,珠海市,斗门,颗粒物(PM10),60,70,49,35,25,172,22,135,111,58,33,8,9,1.0,0.6
2022-11-10T23:00:00,1371A,113.1294,23.0067,佛山市,湾梁,颗粒物(PM10),79,107,80,52,38,115,5,86,55,80,61,11,12,1.2,1
2022-11-10T23:00:00,1372A,113.1083,23.0478,佛山市,华材职中,细颗粒物(PM2.5),87,90,81,64,49,112,2,78,46,84,57,7,11,0.9,0.8
2022-11-10T23:00:00,1373A,113.144,23.0453,佛山市,南海气象局,细颗粒物(PM2.5),93,83,77,69,52,117,22,96,69,79,69,9,9,0.9,0.9
2022-11-10T23:00:00,1374A,113.2881,22.8094,佛山市,顺德苏岗,细颗粒物(PM2.5),89,72,63,66,52,182,23,125,91,56,61,6,7,1.1,1.3
2022-11-10T23:00:00,1375A,113.2544,22.7642,佛山市,容桂街道办,,,,,,,,,,,,,,,,
2022-11-10T23:00:00,1376A,112.8383,22.8678,佛山市,高明孔堂,颗粒物(PM10),51,51,52,30,29,119,37,86,66,19,25,6,11,0.6,0.7
2022-11-10T23:00:00,1377A,112.8836,23.1588,佛山市,三水监测站,颗粒物(PM10),87,124,69,61,41,108,11,87,47,93,52,9,7,0.9,0.7
2022-11-10T23:00:00,1378A,112.867,23.185,佛山市,三水云东海,"颗粒物(PM10),细颗粒物(PM2.5)",60,70,56,43,33,139,2,106,59,58,31,5,6,0.6,0.5
2022-11-10T23:00:00,1379A,113.3769,22.5211,中山市,华柏园,细颗粒物(PM2.5),73,74,55,53,36,154,27,114,82,64,45,6,6,1.3,1
2022-11-10T23:00:00,1380A,113.3881,22.5497,中山市,张溪,颗粒物(PM10),91,131,72,52,42,157,13,132,79,32,24,5,6,1.3,0.9
2022-11-10T23:00:00,1381A,113.4075,22.5111,中山市,紫马岭,细颗粒物(PM2.5),65,76,54,47,28,143,22,105,69,48,32,6,7,0.8,0.6
2022-11-10T23:00:00,1382A,113.4411,22.4853,中山市,长江旅游区(对照点),,,,34,,22,30,,27,,,18,,7,,0.5
2022-11-10T23:00:00,1383A,113.1064,22.6058,江门市,北街,颗粒物(PM10),59,68,57,38,31,146,18,127,83,67,44,6,7,1.8,1.1
2022-11-10T23:00:00,1384A,113.0731,22.5835,江门市,西区,颗粒物(PM10),63,76,58,41,36,145,7,116,66,83,52,7,8,1.2,1.1
2022-11-10T23:00:00,1385A,113.0219,22.5311,江门市,圭峰西,,45,44,49,31,30,134,106,123,116,23,29,5,6,0.7,0.9
2022-11-10T23:00:00,1386A,113.0828,22.5947,江门市,东湖,颗粒物(PM10),66,81,65,44,36,142,8,117,70,70,42,7,8,1.4,1.1
2022-11-10T23:00:00,1387A,113.7875,23.0457,东莞市,东城主山,,,,,,,,,,,,,,,,
2022-11-10T23:00:00,1388A,113.7533,23.0202,东莞市,南城元岭,,,,,,,,,,,,,,,,
2022-11-10T23:00:00,1389A,113.7547,23.0494,东莞市,莞城梨川,细颗粒物(PM2.5),103,114,84,77,57,220,20,163,102,114,61,11,11,1.3,1.1
2022-11-10T23:00:00,1390A,113.7944,23.0128,东莞市,东城石井,细颗粒物(PM2.5),79,82,65,58,45,218,16,166,94,52,38,10,11,1.0,0.9
2022-11-10T23:00:00,1391A,113.7383,22.9658,东莞市,南城西平,颗粒物(PM10),86,122,96,37,40,193,67,152,112,47,57,8,9,1.2,1.1
2022-11-10T23:00:00,1392A,114.4183,23.0528,惠州市,河南岸金山湖子站,颗粒物(PM10),68,86,62,33,25,128,36,103,56,37,33,5,6,0.7,0.8
2022-11-10T23:00:00,1393A,114.4053,23.0822,惠州市,下埔横江三路子站,颗粒物(PM10),64,78,54,34,27,161,43,153,83,39,36,7,7,0.6,0.6
2022-11-10T23:00:00,1394A,114.4103,23.1142,惠州市,江北云山西路子站,,49,49,52,24,28,161,59,136,108,27,24,4,6,0.5,0.5
2022-11-10T23:00:00,1395A,114.4645,22.7833,惠州市,惠阳区承修路船湖子站,,36,36,53,22,24,153,98,124,108,15,26,4,4,0.5,0.6
2022-11-10T23:00:00,1396A,114.5317,22.7422,惠州市,大亚湾管委会子站,颗粒物(PM10),60,69,50,22,19,134,60,115,96,44,32,4,4,0.4,0.4
2022-11-10T23:00:00,1397A,112.4267,23.0706,肇庆市,睦岗子站,,50,50,42,33,25,120,4,86,54,97,39,8,14,0.5,0.6
2022-11-10T23:00:00,1398A,112.4645,23.0475,肇庆市,城中子站,颗粒物(PM10),52,54,45,33,29,113,6,84,54,64,36,14,15,1.0,0.8
2022-11-10T23:00:00,1399A,112.5544,23.1522,肇庆市,坑口子站,,44,44,51,30,35,131,42,98,79,18,25,8,10,0.5,0.5
2022-11-10T23:00:00,1400A,112.4753,23.1,肇庆市,七星岩子站(对照点),,34,34,38,21,22,117,49,100,87,21,25,4,7,0.6,0.7
2022-11-10T23:00:00,1401A,108.3103,22.7881,南宁市,二十一中,,43,43,45,22,27,90,71,83,76,16,15,7,7,0.7,0.7
2022-11-10T23:00:00,1402A,108.3141,22.8528,南宁市,北湖,,43,43,55,19,27,96,74,84,72,15,14,8,8,0.6,0.6
2022-11-10T23:00:00,1403A,108.3206,22.8225,南宁市,市监测站,,41,41,45,23,30,93,59,81,64,36,23,13,11,0.7,0.7
2022-11-10T23:00:00,1404A,108.3829,22.8037,南宁市,大自然花园,,38,38,45,23,31,89,46,82,66,19,13,7,7,0.7,0.7
2022-11-10T23:00:00,1405A,108.4394,22.7904,南宁市,仙葫(对照点),颗粒物(PM10),61,71,53,28,34,81,42,76,64,22,14,7,7,0.7,0.8
2022-11-10T23:00:00,1406A,108.2397,22.8467,南宁市,区农职院,,38,38,44,19,26,94,63,86,68,31,26,8,7,0.7,0.6
2022-11-10T23:00:00,1407A,108.3275,22.735,南宁市,英华嘉园,,42,42,50,17,28,78,50,71,55,31,26,8,9,0.7,0.7
2022-11-10T23:00:00,1408A,108.2257,22.7757,南宁市,沙井镇街道办,颗粒物(PM10),57,63,55,23,32,86,29,77,62,56,29,10,10,0.6,0.6
2022-11-10T23:00:00,1409A,110.576,19.9507,海口市,东寨港(对照点),,,11,19,9,12,65,43,61,56,,,8,7,0.3,0.3
2022-11-10T23:00:00,1410A,110.3232,20.0574,海口市,海南大学,,29,28,27,13,14,113,91,105,99,8,8,3,4,0.5,0.5
2022-11-10T23:00:00,1411A,110.283,20.0053,海口市,秀英海南医院,,32,32,32,10,12,106,84,99,90,8,8,4,4,0.5,0.5
2022-11-10T23:00:00,1412A,110.338,19.9969,海口市,海南师范大学,,35,35,36,10,11,113,81,103,94,9,8,2,2,0.4,0.3
2022-11-10T23:00:00,1413A,110.33,20.0356,海口市,龙华路环保局宿舍,,32,32,30,13,13,101,78,95,88,6,7,4,4,0.5,0.5
2022-11-10T23:00:00,1414A,106.3787,29.8279,重庆市,缙云山(对照点),,36,36,49,19,25,105,96,88,88,13,15,3,5,0.4,0.5
2022-11-10T23:00:00,1416A,106.4213,29.8253,重庆市,天生,细颗粒物(PM2.5),94,109,93,70,64,61,13,46,34,28,31,30,15,0.9,0.8
2022-11-10T23:00:00,1417A,106.6263,29.7228,重庆市,两路,细颗粒物(PM2.5),63,55,78,45,49,76,43,47,36,49,58,8,10,1.0,1.1
2022-11-10T23:00:00,1418A,106.2953,29.5983,重庆市,虎溪,细颗粒物(PM2.5),97,83,83,72,70,65,29,64,36,35,37,11,15,1.1,1.2
2022-11-10T23:00:00,1419A,106.5777,29.5102,重庆市,南坪,细颗粒物(PM2.5),94,90,102,70,71,59,11,42,28,76,70,7,10,1.0,1.1
2022-11-10T23:00:00,1420A,106.6556,29.6277,重庆市,唐家沱,细颗粒物(PM2.5),69,85,79,50,42,27,3,18,10,74,63,9,9,0.8,0.7
2022-11-10T23:00:00,1421A,106.6349,29.4906,重庆市,茶园,"颗粒物(PM10),细颗粒物(PM2.5)",73,95,108,53,62,48,13,33,22,71,77,8,11,0.7,0.8
2022-11-10T23:00:00,1422A,106.3754,29.4572,重庆市,白市驿,细颗粒物(PM2.5),94,90,89,70,64,93,20,69,49,38,32,9,15,0.9,0.8
2022-11-10T23:00:00,1425A,106.6205,29.7166,重庆市,空港,细颗粒物(PM2.5),75,72,88,55,57,53,23,30,23,54,55,7,10,0.9,0.9
2022-11-10T23:00:00,1426A,106.4782,29.4875,重庆市,新山村,细颗粒物(PM2.5),79,80,105,58,65,87,8,53,38,67,61,5,7,0.9,0.8
2022-11-10T23:00:00,1427A,106.5616,29.6453,重庆市,礼嘉,颗粒物(PM10),76,102,92,52,51,68,6,39,26,66,62,15,14,0.7,0.8
2022-11-10T23:00:00,1428A,106.4522,29.7091,重庆市,蔡家,细颗粒物(PM2.5),94,102,87,70,58,57,3,49,17,51,49,6,7,1.0,0.9
2022-11-10T23:00:00,1429A,106.5093,29.3917,重庆市,鱼新街,细颗粒物(PM2.5),113,112,110,85,72,79,4,49,25,71,60,9,21,1.8,1.4
2022-11-10T23:00:00,1431A,103.9728,30.7236,成都市,金泉两河,细颗粒物(PM2.5),80,105,88,59,57,69,9,38,24,44,38,2,4,0.7,0.8
2022-11-10T23:00:00,1432A,104.1419,30.6764,成都市,十里店,细颗粒物(PM2.5),90,96,87,67,65,60,0,47,32,69,45,3,4,0.8,0.7
2022-11-10T23:00:00,1433A,104.0594,30.5767,成都市,三瓦窑,细颗粒物(PM2.5),93,104,96,69,68,58,3,42,33,64,45,3,3,0.7,0.7
2022-11-10T23:00:00,1434A,104.1122,30.6306,成都市,沙河铺,细颗粒物(PM2.5),89,110,97,66,65,58,4,38,32,60,43,4,3,0.8,0.8
2022-11-10T23:00:00,1437A,104.0431,30.6556,成都市,君平街,细颗粒物(PM2.5),98,105,86,73,67,81,2,59,43,73,40,4,5,0.9,0.6
2022-11-10T23:00:00,1438A,103.6202,31.0201,成都市,灵岩寺(对照点),细颗粒物(PM2.5),60,56,39,43,32,79,58,56,56,16,13,4,3,0.7,0.7
2022-11-10T23:00:00,1439A,106.6899,26.5998,贵阳市,马鞍山,,49,39,40,34,30,95,50,91,75,18,19,5,5,0.7,0.7
2022-11-10T23:00:00,1440A,106.6971,26.5694,贵阳市,市环保站,,48,48,52,32,29,85,40,80,60,42,35,5,5,0.5,0.4
2022-11-10T23:00:00,1441A,106.6243,26.6266,贵阳市,鉴湖路,,49,46,44,34,26,94,68,92,79,22,13,5,5,0.4,0.3
2022-11-10T23:00:00,1442A,106.7487,26.6343,贵阳市,燕子冲,细颗粒物(PM2.5),52,46,49,36,36,103,41,98,75,38,24,5,5,0.7,0.5
2022-11-10T23:00:00,1443A,106.6555,26.4365,贵阳市,碧云窝,颗粒物(PM10),54,58,49,31,28,101,84,97,87,12,12,6,8,0.5,0.5
2022-11-10T23:00:00,1444A,106.694,26.5161,贵阳市,中院村,细颗粒物(PM2.5),58,58,61,41,34,85,26,82,58,60,38,11,10,0.6,0.5
2022-11-10T23:00:00,1445A,106.7109,26.6027,贵阳市,红边门,细颗粒物(PM2.5),58,61,54,41,37,97,39,90,67,54,36,5,6,0.6,0.6
2022-11-10T23:00:00,1446A,106.7164,26.5699,贵阳市,新华路,颗粒物(PM10),54,58,54,31,33,98,44,92,68,39,28,7,6,0.5,0.5
2022-11-10T23:00:00,1447A,106.674,26.5424,贵阳市,太慈桥,颗粒物(PM10),52,53,52,31,25,94,78,92,81,16,19,7,6,0.4,0.4
2022-11-10T23:00:00,1450A,102.8204,24.8886,昆明市,呈贡新区,,40,40,30,24,19,104,51,94,77,34,20,10,10,0.6,0.6
2022-11-10T23:00:00,1451A,102.6251,24.9608,昆明市,西山森林公园(对照点),,26,20,23,15,15,105,82,94,91,6,10,7,8,0.5,0.6
2022-11-10T23:00:00,1452A,102.7252,25.0902,昆明市,龙泉镇,颗粒物(PM10),57,63,44,24,22,93,4,78,44,66,37,5,6,0.9,0.9
2022-11-10T23:00:00,1453A,102.7266,25.0375,昆明市,东风东路,,36,36,35,20,22,95,35,80,66,40,32,9,10,0.5,0.7
2022-11-10T23:00:00,1454A,102.6742,25.0669,昆明市,金鼎山,细颗粒物(PM2.5),53,41,45,37,25,99,32,83,60,37,30,7,8,0.6,0.7
2022-11-10T23:00:00,1455A,102.6644,25.0401,昆明市,碧鸡广场,,46,46,41,25,24,97,24,80,56,51,39,12,14,0.5,0.6
2022-11-10T23:00:00,1456A,91.1319,29.6514,拉萨市,八廓街,,,20,10,,,102,100,101,100,7,7,8,8,0,0
2022-11-10T23:00:00,1457A,91.1221,29.6747,拉萨市,市环保局,,30,26,13,9,5,102,96,100,97,5,7,2,2,0.3,0.3
2022-11-10T23:00:00,1458A,91.0874,29.6475,拉萨市,区监测站,,35,29,12,2,2,112,110,110,110,2,3,8,8,0.3,0.3
2022-11-10T23:00:00,1459A,91.1774,29.6541,拉萨市,西藏大学,,35,35,16,6,4,103,96,102,101,8,7,10,10,0.2,0.1
2022-11-10T23:00:00,1460A,90.9798,29.6588,拉萨市,区辐射站,,,,6,6,6,100,97,99,98,5,7,8,8,0.4,0.4
2022-11-10T23:00:00,1461A,91.0834,29.6292,拉萨市,拉萨火车站,,33,24,12,13,4,109,105,106,104,4,5,10,10,0,0
2022-11-10T23:00:00,1462A,108.882,34.2749,西安市,高压开关厂,颗粒物(PM10),70,90,157,42,75,22,5,12,6,42,49,6,6,0.9,1
2022-11-10T23:00:00,1463A,108.993,34.2629,西安市,兴庆小区,颗粒物(PM10),96,142,122,49,57,13,3,8,3,41,45,5,5,1.3,1.4
2022-11-10T23:00:00,1464A,109.06,34.2572,西安市,纺织城,颗粒物(PM10),119,188,146,56,54,9,3,6,4,48,48,7,7,1.2,1.2
2022-11-10T23:00:00,1465A,108.9356,34.2173,西安市,小寨,颗粒物(PM10),81,112,112,40,47,18,4,13,6,42,45,7,7,1.1,1
2022-11-10T23:00:00,1466A,108.954,34.2713,西安市,市人民体育场,颗粒物(PM10),84,118,134,55,79,14,4,10,4,36,44,6,6,0.8,0.9
2022-11-10T23:00:00,1467A,108.8922,34.2322,西安市,高新西区,颗粒物(PM10),78,106,126,33,51,28,7,18,8,38,40,6,6,1.0,1
2022-11-10T23:00:00,1468A,108.935,34.3474,西安市,经开区,颗粒物(PM10),63,75,110,34,66,61,2,18,13,41,49,5,5,1.1,1.1
2022-11-10T23:00:00,1469A,108.906,34.1546,西安市,长安区,颗粒物(PM10),60,69,96,35,53,27,7,23,10,36,37,5,5,1.1,1.1
2022-11-10T23:00:00,1470A,109.2,34.6575,西安市,阎良区,,,,,,,,,,,,,,,,
2022-11-10T23:00:00,1471A,109.2186,34.3731,西安市,临潼区,颗粒物(PM10),110,170,187,56,77,69,5,60,39,57,47,5,6,1.2,1.1
2022-11-10T23:00:00,1472A,108.869,34.378,西安市,草滩(对照点),颗粒物(PM10),93,135,130,40,63,62,3,22,13,49,53,7,8,1.2,1.1
2022-11-10T23:00:00,1473A,108.985,34.1978,西安市,曲江文化产业集团,颗粒物(PM10),100,149,153,69,84,12,3,9,4,42,49,4,4,1.2,1.2
2022-11-10T23:00:00,1474A,109.051,34.3213,西安市,广运潭,颗粒物(PM10),99,148,142,56,66,64,3,34,18,44,43,5,6,1.1,1
2022-11-10T23:00:00,1476A,103.631,36.1031,兰州市,兰炼宾馆,颗粒物(PM10),93,136,116,47,69,160,91,116,91,19,52,5,35,0.5,1
2022-11-10T23:00:00,1477A,104.1373,35.9454,兰州市,榆中兰大校区(对照点),,,,,,,,,,,,,,,,
2022-11-10T23:00:00,1478A,103.8412,36.0726,兰州市,生物制品所,颗粒物(PM10),88,125,97,43,53,107,84,90,86,21,49,5,15,1.0,1.3
2022-11-10T23:00:00,1479A,103.831,36.0464,兰州市,铁路设计院,颗粒物(PM10),95,140,96,41,53,114,87,93,87,22,54,14,21,0.5,1.1
2022-11-10T23:00:00,1480A,101.748,36.6428,西宁市,市环境监测站,,,,,,,,,,,,,,,,
2022-11-10T23:00:00,1482A,101.834,36.5819,西宁市,四陆医院,,,,,,,,,,,,,,,,
2022-11-10T23:00:00,1483A,101.524,36.6867,西宁市,第五水厂(对照点),,,,,,,,,,,,,,,,
2022-11-10T23:00:00,1484A,105.9512,38.6016,银川市,贺兰山马莲口(对照点),细颗粒物(PM2.5),105,96,82,79,64,117,90,103,101,20,25,16,17,0.9,1.1
2022-11-10T23:00:00,1488A,106.2328,38.4975,银川市,贺兰山东路,细颗粒物(PM2.5),145,142,150,111,115,119,16,82,64,89,58,12,14,1.2,1.2
2022-11-10T23:00:00,1489A,106.1358,38.5036,银川市,学院路,细颗粒物(PM2.5),123,166,157,93,91,103,34,79,63,70,48,15,17,1.3,1.5
2022-11-10T23:00:00,1490A,87.5801,43.8303,乌鲁木齐市,监测站,,35,17,12,24,7,65,11,54,44,52,25,5,5,1.2,1
2022-11-10T23:00:00,1491A,87.6046,43.768,乌鲁木齐市,收费所,,26,20,11,16,8,74,8,65,49,52,22,7,7,0.4,0.3
2022-11-10T23:00:00,1492A,87.4754,43.9469,乌鲁木齐市,新疆农科院农场(对照点),,30,16,7,21,11,56,1,44,30,48,24,8,8,1.1,1
2022-11-10T23:00:00,1493A,87.5525,43.8711,乌鲁木齐市,铁路局,,,20,11,19,8,60,9,54,42,,29,5,5,1.1,0.9
2022-11-10T23:00:00,1494A,87.6432,43.831,乌鲁木齐市,三十一中学,,,30,19,,,78,27,66,56,41,19,9,9,0.4,0.3
2022-11-10T23:00:00,1496A,87.7216,44.1747,乌鲁木齐市,米东区环保局,,40,40,20,13,11,61,1,57,38,44,16,8,8,0.3,0.4
2022-11-10T23:00:00,1508A,112.9433,27.8614,湘潭市,板塘,,48,43,53,33,34,132,59,118,85,37,45,5,5,0.5,0.5
2022-11-10T23:00:00,1511A,112.9118,27.8403,湘潭市,市监测站,颗粒物(PM10),51,52,66,26,35,122,69,104,73,25,38,17,13,0.7,0.8
2022-11-10T23:00:00,1512A,112.8937,27.8728,湘潭市,江麓,颗粒物(PM10),58,65,67,35,38,123,20,112,66,80,57,6,13,0.5,0.7
2022-11-10T23:00:00,1513A,112.9227,27.8159,湘潭市,岳塘,颗粒物(PM10),59,67,70,36,40,129,57,118,90,41,49,8,11,0.5,0.5
2022-11-10T23:00:00,1514A,112.9074,27.9119,湘潭市,科大,,46,36,55,32,33,132,32,116,71,61,48,14,14,0.5,0.5
2022-11-10T23:00:00,1515A,113.135,27.8244,株洲市,天台山庄,,36,29,34,25,30,128,89,120,102,11,13,7,7,0.5,0.4
2022-11-10T23:00:00,1518A,113.095,27.8867,株洲市,株冶医院,,49,42,41,34,31,131,58,118,83,39,35,17,14,0.5,0.4
2022-11-10T23:00:00,1519A,113.167,27.8667,株洲市,市四中,细颗粒物(PM2.5),53,36,36,37,33,140,43,126,95,45,20,7,8,0.6,0.4
2022-11-10T23:00:00,1520A,113.143,27.8381,株洲市,火车站,,42,39,48,29,40,126,73,115,84,19,18,11,11,0.8,0.8
2022-11-10T23:00:00,1524A,113.13,27.8528,株洲市,市监测站,细颗粒物(PM2.5),63,53,41,45,35,132,51,120,93,34,20,8,13,0.7,0.6
2022-11-10T23:00:00,1552A,106.805,26.3003,贵阳市,桐木岭(对照点),,,,,,,,,,,,,,,,
2022-11-10T23:00:00,1559A,113.251,27.8336,株洲市,大京风景区(对照点),,,,31,28,25,117,44,108,77,5,4,6,8,0.6,0.6
2022-11-10T23:00:00,1562A,113.0048,27.9153,湘潭市,昭山,颗粒物(PM10),63,76,66,32,31,132,12,113,58,78,47,11,8,0.6,0.5
2022-11-10T23:00:00,1564A,112.4876,27.9164,湘潭市,韶山(对照点),颗粒物(PM10),51,52,45,28,24,132,39,116,75,25,20,6,8,0.8,0.7
2022-11-10T23:00:00,1585A,109.8756,40.6532,包头市,市环境监测站,细颗粒物(PM2.5),90,92,76,67,63,72,9,46,31,74,50,12,20,1.2,1.2
2022-11-10T23:00:00,1587A,109.9991,40.5842,包头市,包头八中,细颗粒物(PM2.5),117,94,95,88,84,74,24,62,50,50,40,14,28,1.1,1.1
2022-11-10T23:00:00,1588A,109.8538,40.6821,包头市,青山宾馆,细颗粒物(PM2.5),117,109,94,88,92,74,11,46,30,63,50,16,26,1.1,1.3
2022-11-10T23:00:00,1589A,109.8642,40.6288,包头市,惠龙物流,细颗粒物(PM2.5),90,90,90,67,63,72,26,48,43,58,44,10,13,1.2,1.2
2022-11-10T23:00:00,1590A,110.0377,40.5546,包头市,东河鸿龙湾,细颗粒物(PM2.5),70,69,88,51,61,77,26,60,42,36,33,10,13,0.9,1
2022-11-10T23:00:00,1591A,110.0023,39.8129,鄂尔多斯市,综合楼,细颗粒物(PM2.5),54,50,77,38,58,72,56,59,54,27,38,10,8,0.9,1.1
2022-11-10T23:00:00,1592A,109.9486,39.8261,鄂尔多斯市,巴音孟克林场办事处,细颗粒物(PM2.5),73,56,92,53,60,84,45,67,60,41,41,10,9,1.2,1.3
2022-11-10T23:00:00,1593A,109.7736,39.5986,鄂尔多斯市,康泽苑,细颗粒物(PM2.5),55,51,77,39,58,84,56,76,70,20,21,5,6,0.7,0.8
2022-11-10T23:00:00,1594A,109.8119,39.5989,鄂尔多斯市,华泰汽车城,细颗粒物(PM2.5),62,51,78,44,65,82,56,71,65,24,27,5,5,0.6,0.6
2022-11-10T23:00:00,1595A,109.9734,39.7884,鄂尔多斯市,奥林花园,细颗粒物(PM2.5),64,70,98,46,66,80,37,63,53,38,41,6,6,1.1,1.2
2022-11-10T23:00:00,1596A,122.2414,40.6592,营口市,学府南路,,,,,,,,,,,,,,,,
2022-11-10T23:00:00,1597A,122.2703,40.7094,营口市,大庆路,,,,113,,84,67,,78,,,45,,7,,1.3
2022-11-10T23:00:00,1598A,122.215,40.6511,营口市,镜湖西路,细颗粒物(PM2.5),73,76,96,53,73,107,42,95,29,29,38,3,3,1.2,1.3
2022-11-10T23:00:00,1599A,122.167,40.6655,营口市,西炮台,细颗粒物(PM2.5),132,120,110,100,87,112,11,102,30,68,40,16,10,1.8,1
2022-11-10T23:00:00,1600A,124.3303,40.0625,丹东市,江湾东路,细颗粒物(PM2.5),82,71,64,60,52,84,13,81,35,38,21,16,11,3.1,1.6
2022-11-10T23:00:00,1601A,124.4256,40.1503,丹东市,临江后街,细颗粒物(PM2.5),60,59,67,43,43,71,30,71,35,13,20,8,9,1.4,1.2
2022-11-10T23:00:00,1602A,124.3933,40.1461,丹东市,元宝山,细颗粒物(PM2.5),83,70,99,61,77,68,32,68,37,14,29,10,14,1.0,0.9
2022-11-10T23:00:00,1603A,124.3633,40.1092,丹东市,民主桥,颗粒物(PM10),56,62,85,39,52,67,14,66,33,37,30,10,12,1.6,1.5
2022-11-10T23:00:00,1604A,122.0303,41.1489,盘锦市,开发区,细颗粒物(PM2.5),193,137,123,145,129,100,15,96,25,41,29,8,8,1.3,1.1
2022-11-10T23:00:00,1605A,122.0485,41.0883,盘锦市,兴隆台,细颗粒物(PM2.5),222,179,126,172,127,93,7,90,11,44,29,15,10,1.6,1.2
2022-11-10T23:00:00,1606A,121.8297,41.1028,盘锦市,新生街道,细颗粒物(PM2.5),204,181,111,154,137,96,12,89,17,36,27,8,10,1.2,1.1
2022-11-10T23:00:00,1607A,120.9092,40.7136,葫芦岛市,龙港区,细颗粒物(PM2.5),166,119,127,126,136,95,7,80,12,49,43,14,34,1.2,1.4
2022-11-10T23:00:00,1608A,120.8392,40.7514,葫芦岛市,化工街,细颗粒物(PM2.5),163,146,161,124,135,62,8,50,13,50,50,13,17,1.2,1.2
2022-11-10T23:00:00,1609A,120.8341,40.7073,葫芦岛市,新区,细颗粒物(PM2.5),172,114,121,130,127,74,7,62,9,55,49,14,17,1.2,1.2
2022-11-10T23:00:00,1610A,120.8695,40.7677,葫芦岛市,东城区,细颗粒物(PM2.5),138,120,138,105,130,55,5,54,9,56,54,12,24,1.6,1.8
2022-11-10T23:00:00,1611A,118.5819,24.9117,泉州市,涂山街,,18,12,32,11,14,104,57,88,68,9,13,7,8,0.5,0.6
2022-11-10T23:00:00,1612A,118.5972,24.8978,泉州市,津头埔,,19,19,34,10,18,99,45,86,62,18,17,7,7,0.5,0.6
2022-11-10T23:00:00,1613A,118.6663,24.9424,泉州市,万安,,19,19,30,10,20,106,59,94,72,9,10,8,7,0.4,0.5
2022-11-10T23:00:00,1614A,118.6117,24.9604,泉州市,清源山(对照点),,,,,,,,,,,,,,,,
2022-11-10T23:00:00,1616A,117.6795,36.229,济南市,技术学院,颗粒物(PM10),78,105,115,42,67,88,10,75,30,81,56,6,8,1.2,1.6
2022-11-10T23:00:00,1618A,118.3429,35.0532,临沂市,沂河小区,颗粒物(PM10),67,83,76,44,42,97,36,86,64,43,41,8,6,0.4,0.5
2022-11-10T23:00:00,1619A,118.295,35.0583,临沂市,鲁南制药厂,颗粒物(PM10),58,66,71,28,31,106,63,93,80,29,32,7,7,0.6,0.7
2022-11-10T23:00:00,1620A,118.2794,34.9976,临沂市,新光毛纺厂,颗粒物(PM10),54,58,67,31,33,103,58,90,78,33,32,3,3,0.7,0.8
2022-11-10T23:00:00,1621A,118.3956,35.0888,临沂市,河东保险公司,颗粒物(PM10),75,100,75,40,38,99,26,90,60,47,40,6,6,0.6,0.7
2022-11-10T23:00:00,1622A,116.3032,37.4674,德州市,儿童乐园,细颗粒物(PM2.5),260,318,247,210,159,71,6,52,28,68,58,13,12,1.5,1.2
2022-11-10T23:00:00,1624A,116.2991,37.4451,德州市,监理站,颗粒物(PM10),162,274,222,116,108,78,11,60,35,57,47,19,15,1.3,1.1
2022-11-10T23:00:00,1625A,115.9848,36.4372,聊城市,区政府,细颗粒物(PM2.5),273,279,167,223,118,65,5,47,14,62,44,8,24,1.4,1
2022-11-10T23:00:00,1628A,118.0062,37.3803,滨州市,市环保局,细颗粒物(PM2.5),142,150,166,108,108,105,54,75,68,26,52,22,18,0.9,1.2
2022-11-10T23:00:00,1629A,118.0018,37.3617,滨州市,第二水厂,细颗粒物(PM2.5),120,112,155,91,98,96,56,76,72,35,72,28,18,0.8,1.2
2022-11-10T23:00:00,1630A,117.9776,37.393,滨州市,北中新校,细颗粒物(PM2.5),134,91,109,102,103,103,27,59,39,62,74,17,16,0.8,1.1
2022-11-10T23:00:00,1631A,118.0414,36.8103,淄博市,人民公园,细颗粒物(PM2.5),168,156,139,127,103,107,6,86,50,72,57,12,10,0.8,1
2022-11-10T23:00:00,1632A,118.0253,36.8406,淄博市,东风化工厂,,,,,,,,,,,,,,,,
2022-11-10T23:00:00,1633A,117.8525,36.4847,淄博市,双山,细颗粒物(PM2.5),138,155,104,105,67,113,16,100,54,61,32,10,9,1.2,0.9
2022-11-10T23:00:00,1634A,117.9592,36.6331,淄博市,气象站,细颗粒物(PM2.5),149,190,117,114,66,127,10,102,54,81,48,15,13,1.2,0.9
2022-11-10T23:00:00,1635A,118.3092,36.8194,淄博市,莆田园,细颗粒物(PM2.5),85,117,133,63,79,117,2,94,44,80,61,8,14,0.6,2.5
2022-11-10T23:00:00,1636A,117.8661,36.805,淄博市,三金集团,,,,,,,,,,,,,,,,
2022-11-10T23:00:00,1637A,117.558,34.8438,枣庄市,市中区政府,细颗粒物(PM2.5),79,100,89,58,53,101,55,88,72,44,32,7,8,0.8,0.7
2022-11-10T23:00:00,1638A,117.2852,34.7837,枣庄市,薛城环保局,细颗粒物(PM2.5),85,90,89,63,64,89,70,76,66,36,34,11,8,0.9,0.9
2022-11-10T23:00:00,1639A,117.5852,34.7745,枣庄市,峄城区政府,细颗粒物(PM2.5),67,70,84,48,58,103,79,94,92,27,25,12,14,0.4,0.7
2022-11-10T23:00:00,1640A,117.7276,34.5578,枣庄市,台儿庄区环保局,细颗粒物(PM2.5),73,80,72,53,49,116,51,95,77,30,24,13,10,1.0,0.9
2022-11-10T23:00:00,1641A,117.4518,35.0992,枣庄市,山亭区环保局,细颗粒物(PM2.5),70,78,63,51,45,112,92,100,95,30,29,8,8,1.1,1
2022-11-10T23:00:00,1642A,121.2514,37.5639,烟台市,开发区,,45,29,40,31,31,80,76,63,63,22,40,8,10,0.8,0.9
2022-11-10T23:00:00,1643A,121.3719,37.5433,烟台市,轴承厂,,40,31,39,28,34,113,113,91,91,6,22,8,8,0.2,0.4
2022-11-10T23:00:00,1644A,121.3181,37.5436,烟台市,西郊化工站,,43,41,55,30,33,100,99,86,86,11,36,8,10,0.8,1
2022-11-10T23:00:00,1645A,121.4478,37.4822,烟台市,莱山环保局,,45,41,39,31,27,93,88,86,86,9,20,15,8,0.6,0.6
2022-11-10T23:00:00,1646A,121.2611,37.4967,烟台市,福山环保局,,41,41,53,24,28,90,64,90,54,21,37,5,7,0.3,0.4
2022-11-10T23:00:00,1648A,119.12,36.7019,潍坊市,仲裁委,,,,,,,,,,,,,,,,
2022-11-10T23:00:00,1650A,119.1437,36.7023,潍坊市,环保局,颗粒物(PM10),71,92,71,51,42,101,36,82,50,38,41,4,4,0.8,0.6
2022-11-10T23:00:00,1652A,119.1936,36.7729,潍坊市,寒亭监测站,,,,,,,,,,,,,,,,
2022-11-10T23:00:00,1653A,116.6251,35.4302,济宁市,火炬城,细颗粒物(PM2.5),73,50,87,53,71,69,21,38,38,46,47,6,7,0.5,0.6
2022-11-10T23:00:00,1655A,116.5491,35.4042,济宁市,电化厂,细颗粒物(PM2.5),79,76,95,58,60,71,28,44,44,38,34,18,10,0.7,0.7
2022-11-10T23:00:00,1656A,117.1437,36.1937,泰安市,监测站,颗粒物(PM10),78,105,113,51,48,79,50,63,44,23,29,9,11,0.7,1.2
2022-11-10T23:00:00,1657A,117.0885,36.2017,泰安市,人口学校,颗粒物(PM10),53,56,99,32,48,92,70,78,53,21,33,9,13,0.3,1
2022-11-10T23:00:00,1658A,117.1089,36.1758,泰安市,电力学校,细颗粒物(PM2.5),241,112,115,191,74,77,24,66,36,54,44,8,10,0.6,1.3
2022-11-10T23:00:00,1659A,119.471,35.4209,日照市,监测站,,33,27,37,23,23,112,33,96,49,30,48,5,7,0.7,0.7
2022-11-10T23:00:00,1660A,119.523,35.4216,日照市,市政府广场,,27,27,35,16,20,109,84,99,80,5,22,3,4,0.4,0.5
2022-11-10T23:00:00,1661A,119.5587,35.4044,日照市,港务局,,26,24,33,14,18,122,81,115,81,2,12,4,4,0.5,0.5
2022-11-10T23:00:00,1662A,122.1214,37.4236,威海市,华夏技校,细颗粒物(PM2.5),62,51,45,44,31,98,69,88,85,24,28,5,5,0.4,0.4
2022-11-10T23:00:00,1663A,122.0508,37.5236,威海市,山大分校,颗粒物(PM10),51,51,43,29,25,114,85,112,88,23,25,3,3,0.4,0.3
2022-11-10T23:00:00,1664A,122.1067,37.5072,威海市,市监测站,细颗粒物(PM2.5),59,56,43,42,30,105,62,95,82,30,28,5,6,0.7,0.7
2022-11-10T23:00:00,1665A,118.5019,37.4658,东营市,西城阳光环保公司,,,,,,,,,,,,,,,,
2022-11-10T23:00:00,1666A,118.6614,37.4309,东营市,市环保局,,42,34,88,29,71,94,88,72,71,11,42,8,13,0.6,1
2022-11-10T23:00:00,1669A,113.5824,24.7733,韶关市,市八中,颗粒物(PM10),55,60,43,25,24,126,32,97,66,51,27,23,16,0.7,0.6
2022-11-10T23:00:00,1670A,113.5556,24.8082,韶关市,碧湖山庄,,,,,,,,,,,,,,,,
2022-11-10T23:00:00,1671A,113.5917,24.7972,韶关市,园林处,颗粒物(PM10),57,64,41,30,23,138,9,104,66,56,26,9,11,1.2,0.9
2022-11-10T23:00:00,1672A,113.6735,24.7791,韶关市,韶关学院,,43,43,41,30,26,116,19,87,56,40,25,12,14,1.0,0.7
2022-11-10T23:00:00,1673A,113.5971,24.6863,韶关市,曲江监测站,颗粒物(PM10),51,52,49,12,26,112,11,89,56,42,25,9,13,0.7,1
2022-11-10T23:00:00,1674A,116.6794,23.3667,汕头市,金平子站,,20,15,35,14,22,125,60,115,84,16,26,9,14,0.4,0.6
2022-11-10T23:00:00,1675A,116.7244,23.3633,汕头市,龙湖子站,,27,27,45,11,17,128,62,112,87,16,20,10,11,0.6,0.7
2022-11-10T23:00:00,1676A,116.7258,23.2775,汕头市,濠江子站,,28,18,31,19,22,115,68,102,87,11,19,7,10,0.7,0.8
2022-11-10T23:00:00,1677A,116.7519,23.4714,汕头市,澄海子站,,30,22,36,21,25,129,55,117,89,22,22,4,7,0.6,0.6
2022-11-10T23:00:00,1678A,116.6092,23.2539,汕头市,潮阳子站,,21,21,34,13,18,139,64,115,84,10,16,7,10,0.6,0.8
2022-11-10T23:00:00,1679A,116.4069,23.2533,汕头市,潮南子站,,,,,,,,,,,,,,,,
2022-11-10T23:00:00,1680A,110.3539,21.2706,湛江市,湛江影剧院,,31,22,33,19,24,139,98,128,106,10,13,5,7,0.5,0.5
2022-11-10T23:00:00,1681A,110.3928,21.2228,湛江市,市环境监测站,,,,33,20,20,135,99,126,108,8,10,5,7,0.5,0.5
2022-11-10T23:00:00,1682A,110.4019,21.1997,湛江市,环保局宿舍,,32,28,29,15,23,129,102,125,108,6,10,6,8,0.5,0.5
2022-11-10T23:00:00,1683A,110.4111,21.2028,湛江市,霞山游泳场,,33,26,35,14,21,132,105,124,113,7,10,6,8,0.4,0.4
2022-11-10T23:00:00,1684A,110.3316,21.2679,湛江市,麻章区环保局,,29,27,33,16,23,134,92,119,100,10,14,6,8,0.6,0.6
2022-11-10T23:00:00,1685A,110.4558,21.2567,湛江市,坡头区环保局,,28,27,35,18,25,141,88,126,105,11,10,5,9,0.4,0.5
2022-11-10T23:00:00,1686A,111.0286,21.4688,茂名市,电白南海,,,39,45,17,21,137,,120,105,,15,7,10,0.4,0.4
2022-11-10T23:00:00,1687A,110.9294,21.6533,茂名市,茂石化七小,,34,34,38,22,27,135,83,113,106,12,11,12,15,0.5,0.5
2022-11-10T23:00:00,1688A,110.9107,21.6687,茂名市,健康路,,31,31,34,15,19,133,89,112,105,9,9,9,14,0.6,0.7
2022-11-10T23:00:00,1689A,110.8592,21.6828,茂名市,高岭,,42,39,35,29,28,138,73,114,100,16,13,10,12,0.0,0
2022-11-10T23:00:00,1690A,116.1231,24.3284,梅州市,梅江月梅,,39,36,36,27,21,130,30,114,82,36,22,3,4,0.4,0.4
2022-11-10T23:00:00,1691A,116.0797,24.2719,梅州市,梅县新城,,40,40,41,26,23,135,18,116,61,43,27,6,8,0.5,0.5
2022-11-10T23:00:00,1692A,116.1248,24.2654,梅州市,环境监控中心,,31,31,36,20,18,132,8,109,61,56,27,6,7,0.4,0.4
2022-11-10T23:00:00,1693A,115.3653,22.775,汕尾市,市环保局,,25,25,28,15,14,126,75,113,100,9,10,7,8,0.5,0.6
2022-11-10T23:00:00,1694A,115.3706,22.7898,汕尾市,市政府,,39,25,27,27,20,129,67,115,101,15,11,7,8,0.6,0.5
2022-11-10T23:00:00,1695A,115.3622,22.7925,汕尾市,新城中学,,,37,32,22,17,128,,113,99,9,8,8,9,0.7,0.6
2022-11-10T23:00:00,1696A,114.6778,23.7569,河源市,源西(对照点),颗粒物(PM10),57,63,33,24,19,91,4,61,22,38,25,4,5,0.7,0.6
2022-11-10T23:00:00,1697A,114.6944,23.7586,河源市,东埔,颗粒物(PM10),54,58,37,24,19,104,0,75,31,45,25,4,5,1.1,0.8
2022-11-10T23:00:00,1698A,114.6892,23.7233,河源市,老城,,39,39,42,10,17,99,10,74,38,27,18,3,4,0.7,0.8
2022-11-10T23:00:00,1699A,111.9797,21.8593,阳江市,鸳鸯湖(对照点),细颗粒物(PM2.5),54,47,43,38,29,109,69,101,91,20,21,8,7,0.9,0.8
2022-11-10T23:00:00,1700A,111.9508,21.8536,阳江市,南恩路,,,,,,,,,,,,,,,,
2022-11-10T23:00:00,1701A,111.9491,21.8658,阳江市,马南垌,细颗粒物(PM2.5),85,64,46,63,39,106,75,99,88,26,25,11,7,0.9,0.8
2022-11-10T23:00:00,1702A,113.0426,23.691,清远市,环保大楼(对照点),细颗粒物(PM2.5),72,78,41,52,29,200,54,161,145,39,16,5,4,0.9,0.7
2022-11-10T23:00:00,1703A,113.0208,23.7106,清远市,凤城街办,细颗粒物(PM2.5),72,62,39,52,29,112,47,92,79,21,20,8,9,1.0,0.8
2022-11-10T23:00:00,1705A,116.6367,23.6719,潮州市,西园路(对照点),,42,22,50,29,31,159,59,138,92,12,14,9,14,0.7,0.8
2022-11-10T23:00:00,1706A,116.6447,23.6706,潮州市,档案局,,30,19,48,21,30,164,55,144,92,12,13,10,15,0.8,0.7
2022-11-10T23:00:00,1708A,116.3701,23.5345,揭阳市,新兴,,33,22,50,23,31,164,52,137,88,16,20,11,11,0.6,0.7
2022-11-10T23:00:00,1709A,116.3264,23.5443,揭阳市,西马,,41,41,55,20,30,160,44,136,91,17,17,9,8,0.8,0.8
2022-11-10T23:00:00,1710A,116.3611,23.5626,揭阳市,东兴,,35,30,58,24,30,158,59,142,91,9,22,9,11,0.6,0.7
2022-11-10T23:00:00,1711A,116.4151,23.5294,揭阳市,渔湖,,28,23,46,19,29,165,53,144,87,13,18,8,9,0.6,0.8
2022-11-10T23:00:00,1712A,112.0392,22.9169,云浮市,新市府(对照点),,26,25,34,18,21,91,23,72,51,6,12,5,9,0.5,0.6
2022-11-10T23:00:00,1713A,112.0369,22.9394,云浮市,市监测站,,,,,,,,,,,,,,,,
2022-11-10T23:00:00,1714A,112.0539,22.9539,云浮市,牧羊,,44,44,56,23,25,90,7,71,41,30,24,32,21,0.7,0.7
2022-11-10T23:00:00,1715A,102.575,24.3711,玉溪市,东风水库,,35,35,25,17,16,95,30,81,65,18,14,6,5,0.6,0.6
2022-11-10T23:00:00,1718A,115.4208,35.2464,菏泽市,气象局,细颗粒物(PM2.5),165,150,107,125,83,62,22,60,32,33,31,4,5,0.7,0.6
2022-11-10T23:00:00,1719A,115.4747,35.2375,菏泽市,市政协,细颗粒物(PM2.5),104,89,102,78,87,62,35,60,34,31,37,4,6,0.4,0.5
2022-11-10T23:00:00,1720A,115.455,35.27,菏泽市,菏泽学院,,,,,,,,,,,,,,,,
2022-11-10T23:00:00,1721A,113.3819,40.1097,大同市,果树场(对照点),,,,,,,,,,,,,,,,
2022-11-10T23:00:00,1723A,113.2994,40.0758,大同市,云冈宾馆,细颗粒物(PM2.5),54,46,61,38,51,75,16,64,45,50,34,15,13,1.3,1.3
2022-11-10T23:00:00,1724A,113.3444,40.0917,大同市,大同大学,,,,,30,41,80,26,64,53,38,25,8,11,1.1,1.1
2022-11-10T23:00:00,1725A,113.2661,40.1269,大同市,安家小村,,,,,,,,,,,,,,,,
2022-11-10T23:00:00,1726A,113.2711,40.0844,大同市,教育学院,,,65,62,,,75,2,64,44,55,25,9,12,1.1,0.9
2022-11-10T23:00:00,1727A,113.1147,36.1547,长治市,清华站,细颗粒物(PM2.5),122,77,77,92,81,55,44,44,42,19,31,6,8,1.9,1.3
2022-11-10T23:00:00,1728A,113.1031,36.1989,长治市,监测站,细颗粒物(PM2.5),119,74,87,90,90,53,29,38,35,28,40,6,7,1.8,1.4
2022-11-10T23:00:00,1730A,113.0886,36.2125,长治市,审计局,细颗粒物(PM2.5),138,87,94,105,102,60,48,43,43,16,39,3,4,1.6,1.3
2022-11-10T23:00:00,1731A,113.0844,36.1856,长治市,长治八中,细颗粒物(PM2.5),109,102,111,82,78,52,33,38,36,21,41,9,10,2.2,1.5
2022-11-10T23:00:00,1733A,111.5531,36.0783,临汾市,临钢医院,细颗粒物(PM2.5),119,73,124,90,121,73,42,47,47,28,45,4,6,1.1,1.4
2022-11-10T23:00:00,1734A,111.5028,36.0714,临汾市,技工学校,细颗粒物(PM2.5),115,91,133,87,112,87,68,64,64,22,41,4,13,0.8,1.1
2022-11-10T23:00:00,1735A,111.5169,36.0822,临汾市,工商学校,,,,,,,,,,,,,,,,
2022-11-10T23:00:00,1736A,111.5018,36.0855,临汾市,市委,细颗粒物(PM2.5),112,95,131,84,100,94,80,69,69,18,40,4,7,0.7,0.9
2022-11-10T23:00:00,1738A,113.5758,37.8572,阳泉市,市中心,细颗粒物(PM2.5),144,145,174,110,115,106,86,95,93,33,48,13,17,1.0,1.4
2022-11-10T23:00:00,1739A,113.4894,37.8731,阳泉市,赛鱼,细颗粒物(PM2.5),150,157,145,115,100,99,71,90,87,33,41,11,12,1.1,1.1
2022-11-10T23:00:00,1740A,113.5819,37.8486,阳泉市,南庄,细颗粒物(PM2.5),118,151,187,89,109,107,90,96,94,27,46,10,15,1.1,1.5
2022-11-10T23:00:00,1741A,113.6292,37.8531,阳泉市,白羊墅,,,,,,,,,,,,,,,,
2022-11-10T23:00:00,1742A,113.5614,37.8703,阳泉市,平坦,细颗粒物(PM2.5),150,162,198,115,133,103,81,96,93,36,48,14,18,1.1,1.6
2022-11-10T23:00:00,1743A,113.5158,37.8392,阳泉市,大阳泉,细颗粒物(PM2.5),144,130,129,110,101,107,85,98,96,32,41,11,13,1.0,1.2
2022-11-10T23:00:00,1744A,118.9233,42.2816,赤峰市,松山一中,颗粒物(PM10),70,89,69,32,29,53,11,44,22,55,46,40,28,1.1,0.9
2022-11-10T23:00:00,1745A,118.9576,42.2728,赤峰市,哈达街,颗粒物(PM10),87,124,81,56,34,60,13,48,20,56,44,54,58,1.0,0.9
2022-11-10T23:00:00,1746A,118.8788,42.2554,赤峰市,天义路,颗粒物(PM10),70,90,72,43,30,58,11,47,23,51,44,91,42,1.1,0.8
2022-11-10T23:00:00,1748A,123.044,41.1196,鞍山市,深沟寺,细颗粒物(PM2.5),55,49,96,39,77,132,69,125,63,10,20,5,7,0.8,1.2
2022-11-10T23:00:00,1749A,123.011,41.0931,鞍山市,太阳城,,49,47,102,34,72,125,48,116,54,15,20,6,8,0.9,1.2
2022-11-10T23:00:00,1750A,123.0485,41.1442,鞍山市,太平,细颗粒物(PM2.5),60,58,155,43,96,121,70,114,38,10,37,10,12,0.6,1.3
2022-11-10T23:00:00,1751A,122.9642,41.0971,鞍山市,铁西三道街,细颗粒物(PM2.5),54,56,126,38,87,121,35,116,26,40,49,9,9,0.9,1.3
2022-11-10T23:00:00,1752A,122.9341,41.0833,鞍山市,铁西工业园区,细颗粒物(PM2.5),67,63,151,48,111,110,16,105,24,54,46,10,11,1.0,1.7
2022-11-10T23:00:00,1753A,123.022,41.0821,鞍山市,明达新区,细颗粒物(PM2.5),54,47,95,38,74,130,66,123,71,15,21,8,9,0.7,1
2022-11-10T23:00:00,1754A,123.1289,41.0228,鞍山市,千山(对照点),,,,,,,,,,,,,,,,
2022-11-10T23:00:00,1755A,123.7977,41.8491,抚顺市,望花区,细颗粒物(PM2.5),188,209,125,141,106,107,5,88,30,72,42,13,18,2.0,1.2
2022-11-10T23:00:00,1756A,123.9161,41.8822,抚顺市,顺城区,细颗粒物(PM2.5),212,232,132,162,104,85,4,69,22,52,54,11,15,2.1,1.4
2022-11-10T23:00:00,1757A,124.0436,41.8611,抚顺市,东洲区,细颗粒物(PM2.5),166,188,143,126,103,91,5,90,20,44,46,7,13,1.7,1.4
2022-11-10T23:00:00,1758A,123.9247,41.8642,抚顺市,新抚区,细颗粒物(PM2.5),168,203,146,127,102,79,4,61,19,54,57,11,11,1.7,1.3
2022-11-10T23:00:00,1759A,124.0972,41.8961,抚顺市,大伙房水库,细颗粒物(PM2.5),137,135,126,104,96,87,19,81,43,33,29,5,8,1.4,1.2
2022-11-10T23:00:00,1760A,123.7086,41.8391,抚顺市,沈抚新城,细颗粒物(PM2.5),172,189,132,130,100,101,4,83,32,54,35,12,14,1.9,1.3
2022-11-10T23:00:00,1761A,123.8275,41.3064,本溪市,大峪,,33,30,68,23,69,84,14,75,10,35,45,7,8,0.9,1.2
2022-11-10T23:00:00,1762A,123.7567,41.3325,本溪市,溪湖,颗粒物(PM10),55,59,143,30,101,96,47,96,17,45,59,13,10,1.0,1.8
2022-11-10T23:00:00,1763A,123.7169,41.3094,本溪市,彩屯,细颗粒物(PM2.5),94,96,145,70,101,81,27,64,17,60,62,26,18,3.3,2.5
2022-11-10T23:00:00,1764A,123.7669,41.2864,本溪市,东明,,33,26,77,23,59,105,74,104,38,28,55,13,12,0.7,1.3
2022-11-10T23:00:00,1765A,123.7992,41.2664,本溪市,新立屯,,32,15,59,22,54,116,82,116,36,14,43,7,8,0.5,0.8
2022-11-10T23:00:00,1766A,123.8142,41.3472,本溪市,威宁,,48,48,108,29,72,60,8,59,11,45,52,5,6,1.1,1.2
2022-11-10T23:00:00,1767A,121.1115,41.0879,锦州市,南山,细颗粒物(PM2.5),178,74,95,134,146,54,35,42,32,23,47,9,24,1.4,1.4
2022-11-10T23:00:00,1768A,121.0533,40.8434,锦州市,开发区,细颗粒物(PM2.5),153,64,110,117,157,51,16,51,25,35,47,9,21,1.6,1.9
2022-11-10T23:00:00,1769A,121.1836,41.1119,锦州市,百股街道,细颗粒物(PM2.5),189,139,152,142,151,54,37,41,36,26,47,13,27,1.8,1.9
2022-11-10T23:00:00,1770A,121.1178,41.1222,锦州市,天安街道,细颗粒物(PM2.5),216,86,117,166,156,41,37,34,31,31,56,8,21,2.0,1.7
2022-11-10T23:00:00,1771A,121.1303,41.1386,锦州市,北湖公园,,,93,114,,147,56,41,42,38,25,43,8,20,2.3,1.8
2022-11-10T23:00:00,1772A,126.54,43.8622,吉林市,哈达湾,细颗粒物(PM2.5),115,136,135,87,83,88,28,70,45,53,53,19,33,1.1,1.5
2022-11-10T23:00:00,1773A,126.5844,43.8358,吉林市,东局子,细颗粒物(PM2.5),125,143,137,95,87,90,7,68,32,63,57,11,13,1.3,1.2
2022-11-10T23:00:00,1774A,126.5052,43.8245,吉林市,电力学院,细颗粒物(PM2.5),122,157,148,92,91,88,7,67,28,54,52,13,22,1.3,1.3
2022-11-10T23:00:00,1775A,126.6133,43.8972,吉林市,江北,细颗粒物(PM2.5),89,93,117,66,79,90,21,71,38,40,41,10,10,1.2,1.2
2022-11-10T23:00:00,1776A,126.555,43.8306,吉林市,江南公园,细颗粒物(PM2.5),133,156,129,101,82,86,8,64,30,62,61,11,16,1.4,1.3
2022-11-10T23:00:00,1778A,126.7061,43.7133,吉林市,丰满(对照点),,,,,,,,,,,,,,,,
2022-11-10T23:00:00,1779A,123.9305,47.3636,齐齐哈尔市,安居小区,颗粒物(PM10),75,100,49,46,20,51,51,39,36,24,19,12,7,0.7,0.5
2022-11-10T23:00:00,1780A,123.9488,47.3386,齐齐哈尔市,中心广场,细颗粒物(PM2.5),99,89,41,74,17,48,39,44,37,25,19,10,5,0.5,0.5
2022-11-10T23:00:00,1781A,123.9483,47.3227,齐齐哈尔市,农牧车辆厂,颗粒物(PM10),78,105,45,42,18,50,35,43,34,29,18,12,8,0.7,0.5
2022-11-10T23:00:00,1783A,123.945,47.2988,齐齐哈尔市,市环境监测站,颗粒物(PM10),85,120,42,54,29,51,49,49,44,25,18,8,6,0.4,0.4
2022-11-10T23:00:00,1784A,129.61,44.561,牡丹江市,环保大楼,细颗粒物(PM2.5),94,93,68,70,45,75,5,60,23,50,32,10,10,0.8,0.6
2022-11-10T23:00:00,1785A,129.6115,44.5782,牡丹江市,文化广场,颗粒物(PM10),108,166,83,79,49,64,9,55,16,46,36,10,8,1.0,0.8
2022-11-10T23:00:00,1786A,129.5904,44.5963,牡丹江市,第一医院,细颗粒物(PM2.5),162,151,80,123,61,67,7,51,16,44,31,20,16,1.2,1
2022-11-10T23:00:00,1787A,129.6364,44.6075,牡丹江市,机车工厂,细颗粒物(PM2.5),90,99,82,67,42,75,8,62,19,40,28,6,3,1.2,0.8
2022-11-10T23:00:00,1788A,129.6386,44.5462,牡丹江市,第一中学,,,49,61,29,33,68,,55,20,36,31,4,4,0.6,0.6
2022-11-10T23:00:00,1789A,124.81117,46.03138,大庆市,大同区,细颗粒物(PM2.5),418,432,163,376,135,61,33,48,34,89,41,19,8,1.4,0.8
2022-11-10T23:00:00,1790A,125.129,46.533,大庆市,龙凤区,细颗粒物(PM2.5),275,241,173,225,158,93,74,62,43,112,37,32,13,2.4,0.8
2022-11-10T23:00:00,1791A,124.902,46.408,大庆市,红岗区,细颗粒物(PM2.5),240,219,126,190,111,77,29,63,42,37,26,13,10,0.8,0.7
2022-11-10T23:00:00,1792A,125.153,46.586,大庆市,萨尔图区,,,,191,1009,215,87,85,53,53,164,50,50,15,4.2,1
2022-11-10T23:00:00,1793A,124.9042,46.6215,大庆市,让胡路区,细颗粒物(PM2.5),138,118,85,105,62,53,34,44,30,40,34,12,7,1.0,0.9
2022-11-10T23:00:00,1794A,118.3606,31.3519,芜湖市,监测站,细颗粒物(PM2.5),113,89,60,85,45,137,43,118,96,42,46,10,10,1.3,0.9
2022-11-10T23:00:00,1795A,118.3714,31.4134,芜湖市,科创中心,细颗粒物(PM2.5),105,104,68,79,43,150,35,140,104,52,50,8,8,1.3,0.7
2022-11-10T23:00:00,1796A,118.3673,31.3131,芜湖市,四水厂,细颗粒物(PM2.5),82,95,65,60,43,151,47,132,106,39,41,9,10,1.3,0.8
2022-11-10T23:00:00,1797A,118.4022,31.3839,芜湖市,济民医院(对照点),,,,,,,,,,,,,,,,
2022-11-10T23:00:00,1798A,118.5092,31.6837,马鞍山市,湖东路四小,颗粒物(PM10),85,119,78,57,36,164,37,144,104,33,41,6,7,1.0,0.9
2022-11-10T23:00:00,1799A,118.5024,31.6449,马鞍山市,开发区,细颗粒物(PM2.5),135,84,72,103,64,159,35,142,104,37,43,7,9,1.1,0.8
2022-11-10T23:00:00,1800A,118.5228,31.7231,马鞍山市,慈湖,细颗粒物(PM2.5),83,104,89,61,52,156,42,145,110,33,42,9,11,1.0,0.9
2022-11-10T23:00:00,1801A,118.48,31.6928,马鞍山市,马钢动力厂,,,,,,,,,,,,,,,,
2022-11-10T23:00:00,1802A,118.6245,31.7241,马鞍山市,濮塘(对照点),细颗粒物(PM2.5),107,120,62,80,40,158,38,145,107,26,19,5,5,1.0,0.7
2022-11-10T23:00:00,1803A,115.9872,29.6815,九江市,十里,颗粒物(PM10),57,64,78,39,48,155,69,123,89,38,45,22,17,1.0,1.4
2022-11-10T23:00:00,1804A,115.9584,29.7046,九江市,茅山头,细颗粒物(PM2.5),67,74,73,48,47,160,74,130,91,38,56,12,11,1.0,1
2022-11-10T23:00:00,1805A,115.9877,29.7295,九江市,西园,颗粒物(PM10),71,92,94,48,56,141,21,119,78,93,58,15,15,0.8,0.9
2022-11-10T23:00:00,1806A,116.0172,29.6547,九江市,五七二七厂,,42,42,62,29,46,138,78,117,104,30,29,14,15,1.1,1
2022-11-10T23:00:00,1808A,115.9114,29.6038,九江市,综合工业园,颗粒物(PM10),65,79,75,46,41,157,32,123,84,63,54,13,10,0.8,0.6
2022-11-10T23:00:00,1809A,116.0721,29.7535,九江市,石化总厂,颗粒物(PM10),64,78,90,41,46,143,43,123,78,64,55,14,13,0.9,0.9
2022-11-10T23:00:00,1810A,115.9773,29.5698,九江市,庐山气象台(对照点),,16,16,13,9,14,117,19,109,81,12,9,9,9,0.4,0.4
2022-11-10T23:00:00,1811A,112.3628,34.6692,洛阳市,中信二小,,,,,,,,,,,,,,,,
2022-11-10T23:00:00,1812A,112.3931,34.6516,洛阳市,市委党校,细颗粒物(PM2.5),192,178,196,144,154,69,51,59,56,24,37,4,6,0.8,1
2022-11-10T23:00:00,1814A,112.4657,34.6871,洛阳市,豫西宾馆,细颗粒物(PM2.5),202,170,191,152,158,52,40,45,41,19,36,3,5,0.7,1
2022-11-10T23:00:00,1815A,112.494,34.6886,洛阳市,河南林校,细颗粒物(PM2.5),193,154,162,145,153,53,43,44,42,19,37,,,0.6,0.9
2022-11-10T23:00:00,1816A,112.3844,34.623,洛阳市,开发区管委会,细颗粒物(PM2.5),172,157,173,130,146,56,40,46,45,22,36,4,5,0.8,0.9
2022-11-10T23:00:00,1817A,112.4267,34.6258,洛阳市,市委新办公区,细颗粒物(PM2.5),178,166,182,134,153,52,41,44,43,20,37,4,4,0.8,0.9
2022-11-10T23:00:00,1818A,114.4839,36.0621,安阳市,棉研所(对照点),,,,,,,,,,,,,,,,
2022-11-10T23:00:00,1819A,114.3551,36.1017,安阳市,红庙街,细颗粒物(PM2.5),254,223,206,204,181,35,22,26,24,58,59,12,11,0.9,1.2
2022-11-10T23:00:00,1820A,114.361,36.0681,安阳市,银杏小区,细颗粒物(PM2.5),266,232,190,216,181,37,25,30,29,56,56,11,11,1.3,1.6
2022-11-10T23:00:00,1824A,114.3389,34.7781,开封市,肿瘤医院,细颗粒物(PM2.5),288,249,154,238,149,32,1,26,9,46,43,4,4,1.3,1.1
2022-11-10T23:00:00,1826A,114.2885,34.7965,开封市,世纪星幼儿园,细颗粒物(PM2.5),242,261,159,192,120,33,5,26,6,44,42,5,5,1.4,1.1
2022-11-10T23:00:00,1828A,113.227,35.2125,焦作市,市环保局,细颗粒物(PM2.5),201,183,181,151,139,55,27,55,24,35,33,7,9,1.5,1.5
2022-11-10T23:00:00,1829A,113.2464,35.1764,焦作市,高新区政府（停运20220628）,,,,,,,,,,,,,,,,
2022-11-10T23:00:00,1830A,113.1992,35.2590,焦作市,影视城(对照点),,,,,,,,,,,,,,,,
2022-11-10T23:00:00,1832A,113.3257,33.742,平顶山市,新华旅馆,细颗粒物(PM2.5),178,202,186,134,153,115,30,88,61,23,36,5,12,0.8,0.9
2022-11-10T23:00:00,1833A,113.2919,33.737,平顶山市,规划设计院,细颗粒物(PM2.5),192,189,203,144,150,126,39,100,72,35,56,4,9,1.0,1.2
2022-11-10T23:00:00,1834A,113.182,33.774,平顶山市,平顶山工学院,细颗粒物(PM2.5),199,195,200,149,152,136,40,104,76,27,33,3,10,0.8,0.9
2022-11-10T23:00:00,1835A,111.1922,34.7752,三门峡市,市政府,细颗粒物(PM2.5),84,49,95,62,104,113,70,110,81,17,20,5,7,0.9,0.9
2022-11-10T23:00:00,1836A,111.1587,34.7942,三门峡市,开发区,细颗粒物(PM2.5),85,99,150,63,104,106,71,104,81,20,22,4,6,1.0,1.1
2022-11-10T23:00:00,1838A,111.143,34.7955,三门峡市,风景区(对照点),,,,,,,,,,,,,,,,
2022-11-10T23:00:00,1839A,111.3009,30.7157,宜昌市,四零三,,,,,,,,,,,,,,,,
2022-11-10T23:00:00,1840A,111.2992,30.6981,宜昌市,白龙岗,细颗粒物(PM2.5),77,80,82,56,59,187,54,154,108,52,35,5,4,0.8,0.6
2022-11-10T23:00:00,1841A,111.3549,30.6465,宜昌市,伍家岗,细颗粒物(PM2.5),98,106,89,73,63,170,11,141,74,84,46,5,6,1.1,0.9
2022-11-10T23:00:00,1842A,111.2628,30.6961,宜昌市,点军区,细颗粒物(PM2.5),160,140,92,122,72,179,39,132,82,37,32,5,5,1.1,0.8
2022-11-10T23:00:00,1843A,111.3275,30.7819,宜昌市,夷陵区,细颗粒物(PM2.5),92,115,89,68,64,175,33,146,85,58,36,6,9,0.9,0.8
2022-11-10T23:00:00,1844A,112.2494,30.3197,荆州市,市图书馆,细颗粒物(PM2.5),89,85,113,66,87,175,90,151,121,35,53,10,10,1.0,1.1
2022-11-10T23:00:00,1845A,112.2008,30.3544,荆州市,市委党校,细颗粒物(PM2.5),80,93,119,59,71,179,85,153,116,38,47,7,8,0.9,1
2022-11-10T23:00:00,1847A,113.1094,29.3578,岳阳市,南湖风景区,细颗粒物(PM2.5),73,67,61,53,43,149,61,128,108,57,38,15,15,1.0,0.9
2022-11-10T23:00:00,1848A,113.1493,29.4251,岳阳市,城陵矶,颗粒物(PM10),63,76,84,28,44,137,36,118,96,76,71,14,13,0.9,0.9
2022-11-10T23:00:00,1849A,113.1497,29.3575,岳阳市,开发区,颗粒物(PM10),66,81,66,46,40,139,33,126,95,70,44,12,12,0.8,0.8
2022-11-10T23:00:00,1850A,113.2621,29.4758,岳阳市,云溪区,细颗粒物(PM2.5),62,58,62,44,42,158,90,134,124,18,34,11,12,0.7,0.8
2022-11-10T23:00:00,1851A,112.9943,29.4402,岳阳市,君山区,细颗粒物(PM2.5),70,66,63,51,50,127,68,114,99,34,33,11,10,0.6,0.7
2022-11-10T23:00:00,1852A,113.2117,29.355,岳阳市,金凤水库(对照点),颗粒物(PM10),56,62,47,38,34,152,94,138,127,19,26,8,8,0.8,0.8
2022-11-10T23:00:00,1854A,111.6975,28.9703,常德市,市二中,细颗粒物(PM2.5),87,96,99,64,74,173,90,150,122,28,34,11,12,0.7,0.5
2022-11-10T23:00:00,1857A,111.7158,29.1456,常德市,白鹤山(对照点),细颗粒物(PM2.5),57,56,64,40,47,145,105,134,123,1,5,7,6,0.5,0.6
2022-11-10T23:00:00,1858A,110.5319,29.1217,张家界市,永定新区,细颗粒物(PM2.5),68,68,60,49,41,137,27,110,65,46,26,4,4,0.7,0.5
2022-11-10T23:00:00,1859A,110.4697,29.1242,张家界市,电业局,细颗粒物(PM2.5),58,62,54,41,35,126,51,100,74,50,31,6,5,0.6,0.4
2022-11-10T23:00:00,1860A,110.5594,29.3547,张家界市,未央路,,40,39,39,28,27,136,46,114,79,12,11,4,5,0.0,0.2
2022-11-10T23:00:00,1861A,110.4417,29.315,张家界市,袁家界(对照点),颗粒物(PM10),56,62,45,37,30,155,134,147,126,8,8,11,12,0.5,0.5
2022-11-10T23:00:00,1862A,110.4144,25.3167,桂林市,电子科大尧山校区(对照点),,31,31,27,20,19,100,43,92,68,12,10,6,6,0.6,0.6
2022-11-10T23:00:00,1863A,110.2819,25.2697,桂林市,监测站,,38,38,33,25,21,100,56,88,69,14,16,6,7,0.5,0.6
2022-11-10T23:00:00,1864A,110.3089,25.2708,桂林市,龙隐路小学,,35,32,31,24,22,89,37,76,57,24,19,8,9,0.6,0.5
2022-11-10T23:00:00,1865A,110.2869,25.2178,桂林市,八中,,30,30,30,19,16,84,43,73,54,19,21,8,6,0.3,0.3
2022-11-10T23:00:00,1866A,109.2262,21.588,北海市,牛尾岭水库(对照点),,,29,29,,21,129,66,109,97,6,6,6,9,0.5,0.5
2022-11-10T23:00:00,1867A,109.1436,21.4086,北海市,海滩公园,,36,32,33,17,15,168,113,148,128,5,7,7,9,0.6,0.6
2022-11-10T23:00:00,1868A,109.0981,21.4661,北海市,新市环保局,,33,27,29,22,20,144,104,129,118,7,10,5,7,0.5,0.5
2022-11-10T23:00:00,1869A,109.1778,21.5233,北海市,北海工业园,,44,44,42,29,22,143,74,124,110,18,14,7,10,0.4,0.4
2022-11-10T23:00:00,1870A,109.4856,24.3895,柳州市,柳东小学,,48,38,40,33,36,90,72,85,78,11,22,5,10,0.5,0.5
2022-11-10T23:00:00,1871A,109.4157,24.3277,柳州市,环保监测站,,48,48,36,28,21,83,47,77,66,26,15,4,5,0.7,0.6
2022-11-10T23:00:00,1872A,109.389,24.341,柳州市,河西水厂,,39,39,38,24,23,84,54,76,66,20,16,8,9,1.1,1
2022-11-10T23:00:00,1873A,109.4311,24.2921,柳州市,市四中,颗粒物(PM10),52,53,49,24,23,85,58,77,66,17,16,7,8,0.8,0.8
2022-11-10T23:00:00,1874A,109.4006,24.3631,柳州市,市九中,颗粒物(PM10),52,54,42,26,20,88,58,77,67,16,17,7,8,0.7,0.7
2022-11-10T23:00:00,1875A,109.4958,24.3134,柳州市,古亭山,,40,36,34,28,24,80,56,74,62,18,21,8,9,0.5,0.7
2022-11-10T23:00:00,1876A,109.5078,18.2489,三亚市,河东子站,,18,16,18,10,8,68,57,64,60,5,5,1,1,0.3,0.3
2022-11-10T23:00:00,1877A,109.4964,18.2681,三亚市,河西子站,,19,19,18,8,7,66,48,62,55,7,6,1,1,0.3,0.3
2022-11-10T23:00:00,1878A,104.7778,31.4741,绵阳市,富乐山,细颗粒物(PM2.5),57,49,53,40,40,89,31,59,50,21,20,4,4,0.4,0.6
2022-11-10T23:00:00,1879A,104.7563,31.4535,绵阳市,市人大,细颗粒物(PM2.5),67,65,70,48,48,69,20,40,35,36,33,3,3,0.6,0.7
2022-11-10T23:00:00,1880A,104.6697,31.4668,绵阳市,高新区自来水公司,细颗粒物(PM2.5),70,68,76,51,48,63,13,42,38,44,31,6,7,0.7,0.8
2022-11-10T23:00:00,1881A,104.7287,31.5075,绵阳市,三水厂,细颗粒物(PM2.5),75,77,74,55,55,61,6,38,34,48,34,4,5,0.7,0.8
2022-11-10T23:00:00,1882A,104.563,28.793,宜宾市,石马中学(对照点),细颗粒物(PM2.5),105,104,91,79,68,70,8,58,42,45,20,5,5,0.9,0.8
2022-11-10T23:00:00,1883A,104.6201,28.7728,宜宾市,市委,细颗粒物(PM2.5),132,120,95,100,82,61,6,51,36,48,29,7,7,1.1,0.9
2022-11-10T23:00:00,1884A,104.6055,28.793,宜宾市,宜宾四中,细颗粒物(PM2.5),134,127,107,102,87,61,12,52,37,42,27,5,5,1.0,0.9
2022-11-10T23:00:00,1885A,104.639,28.7562,宜宾市,市政府,细颗粒物(PM2.5),127,126,100,96,80,66,8,55,40,45,29,7,7,1.0,0.8
2022-11-10T23:00:00,1886A,104.5742,28.7199,宜宾市,黄金嘴,细颗粒物(PM2.5),120,115,91,91,75,78,4,57,39,48,25,6,7,1.1,0.9
2022-11-10T23:00:00,1888A,101.6891,26.571,攀枝花市,弄弄坪,颗粒物(PM10),52,54,60,29,33,110,23,90,66,46,39,6,15,0.8,1.5
2022-11-10T23:00:00,1889A,101.5769,26.5928,攀枝花市,河门口,颗粒物(PM10),53,55,38,34,23,125,26,97,78,39,25,12,15,1.1,1.2
2022-11-10T23:00:00,1890A,101.7169,26.585,攀枝花市,炳草岗,颗粒物(PM10),57,64,51,20,21,114,3,86,52,72,41,13,15,1.8,1.4
2022-11-10T23:00:00,1891A,101.7369,26.5008,攀枝花市,仁和,颗粒物(PM10),52,54,36,25,22,110,34,88,61,19,20,6,13,0.8,1.1
2022-11-10T23:00:00,1893A,105.4324,28.9634,泸州市,九狮山(对照点),细颗粒物(PM2.5),80,28,58,59,56,68,29,56,49,23,18,13,10,0.5,0.5
2022-11-10T23:00:00,1894A,105.4427,28.9063,泸州市,小市上码头,细颗粒物(PM2.5),124,105,97,94,88,92,37,76,66,29,23,3,8,0.8,0.8
2022-11-10T23:00:00,1895A,105.4241,28.8573,泸州市,兰田宪桥,,,99,95,,75,93,46,79,70,17,19,17,20,0.8,0.7
2022-11-10T23:00:00,1896A,105.4379,28.8833,泸州市,市环监站,细颗粒物(PM2.5),108,99,92,81,77,87,39,70,60,22,20,5,7,0.7,0.7
2022-11-10T23:00:00,1897A,104.7547,29.3628,自贡市,大塘山(对照点),,,,,,,,,,,,,,,,
2022-11-10T23:00:00,1900A,104.7692,29.3411,自贡市,春华路,,,,,,,,,,,,,,,,
2022-11-10T23:00:00,1901A,104.4239,31.1208,德阳市,东山公园,颗粒物(PM10),65,80,79,46,45,60,28,45,43,29,32,5,7,0.8,0.9
2022-11-10T23:00:00,1902A,104.3826,31.1317,德阳市,西小区,颗粒物(PM10),60,70,85,42,45,54,9,30,28,47,42,5,8,0.8,0.8
2022-11-10T23:00:00,1903A,104.4053,31.1167,德阳市,市检察院,,,,,,,,,,,,,,,,
2022-11-10T23:00:00,1904A,104.3553,31.1091,德阳市,耐火材料厂,颗粒物(PM10),74,97,107,50,52,54,5,32,30,54,40,7,9,0.8,0.8
2022-11-10T23:00:00,1905A,106.056,30.8064,南充市,西山风景区(对照点),细颗粒物(PM2.5),62,53,54,44,42,40,11,36,14,16,15,5,8,0.9,0.8
2022-11-10T23:00:00,1906A,106.0789,30.8023,南充市,南充市委,颗粒物(PM10),59,67,64,35,42,22,3,22,5,24,25,7,9,0.7,0.7
2022-11-10T23:00:00,1907A,106.1031,30.8217,南充市,南充炼油厂,细颗粒物(PM2.5),64,62,66,46,40,27,3,24,8,27,27,11,11,0.7,0.7
2022-11-10T23:00:00,1908A,106.1064,30.7856,南充市,高坪区监测站,细颗粒物(PM2.5),72,77,65,52,46,20,2,18,6,22,26,13,15,0.7,0.7
2022-11-10T23:00:00,1909A,106.0642,30.7636,南充市,嘉陵区环保局,细颗粒物(PM2.5),65,49,56,47,51,30,10,26,11,24,29,11,15,0.8,0.8
2022-11-10T23:00:00,1910A,106.1087,30.8388,南充市,市环境监测站,细颗粒物(PM2.5),64,57,58,46,44,24,3,23,8,23,24,13,12,0.7,0.7
2022-11-10T23:00:00,1911A,106.9222,27.6869,遵义市,丁字口,细颗粒物(PM2.5),60,50,41,43,33,119,21,109,56,52,33,18,12,1.0,0.8
2022-11-10T23:00:00,1912A,106.9242,27.7019,遵义市,凤凰山,,38,38,38,26,19,119,90,113,102,12,12,7,7,0.5,0.5
2022-11-10T23:00:00,1913A,106.8906,27.6486,遵义市,忠庄,颗粒物(PM10),54,58,50,36,28,117,74,108,85,13,17,2,3,0.3,0.5
2022-11-10T23:00:00,1914A,106.9231,27.6506,遵义市,舟水桥,细颗粒物(PM2.5),75,91,61,55,34,115,22,108,66,35,24,5,5,0.6,0.6
2022-11-10T23:00:00,1915A,106.9178,27.72,遵义市,干田坝,,50,42,42,35,28,115,56,107,82,27,22,6,7,0.5,0.5
2022-11-10T23:00:00,1916A,103.7897,25.5035,曲靖市,环境监测站,颗粒物(PM10),52,53,34,19,24,124,63,104,93,21,14,5,5,0.6,0.4
2022-11-10T23:00:00,1917A,103.8,25.5364,曲靖市,烟厂办公区,,46,46,35,20,20,125,74,107,98,18,13,7,7,0.6,0.5
2022-11-10T23:00:00,1918A,108.7197,34.3956,咸阳市,气象站(对照点),颗粒物(PM10),77,103,141,41,60,34,3,15,8,38,45,6,7,1.1,1.1
2022-11-10T23:00:00,1919A,108.673,34.3155,咸阳市,实验中学,颗粒物(PM10),70,89,149,35,58,28,2,19,3,46,46,4,4,0.9,0.9
2022-11-10T23:00:00,1920A,108.7233,34.3617,咸阳市,师范学院,颗粒物(PM10),69,88,137,39,64,21,2,13,4,39,46,6,6,1.2,1.2
2022-11-10T23:00:00,1922A,109.0656,35.0994,铜川市,党校(对照点),细颗粒物(PM2.5),102,103,121,76,87,88,88,84,84,23,30,14,14,1.1,1.2
2022-11-10T23:00:00,1923A,109.0697,35.0697,铜川市,王益区政府,细颗粒物(PM2.5),92,111,133,68,69,81,72,77,77,19,24,5,6,1.1,1.2
2022-11-10T23:00:00,1924A,108.9344,34.9058,铜川市,新区管委会,颗粒物(PM10),91,131,159,63,71,82,82,45,43,18,41,8,8,1.1,1.3
2022-11-10T23:00:00,1925A,108.9589,34.8731,铜川市,新区兰芝公司,,,,,,,,,,,,,,,,
2022-11-10T23:00:00,1926A,109.4131,36.6275,延安市,枣园(对照点),细颗粒物(PM2.5),80,107,75,59,46,39,3,30,19,37,32,5,5,1.5,1.3
2022-11-10T23:00:00,1927A,109.4761,36.6028,延安市,延大医附院,颗粒物(PM10),74,97,74,51,42,37,3,29,16,43,35,5,5,1.3,1.1
2022-11-10T23:00:00,1928A,109.4824,36.5767,延安市,市监测站,,,,,,,,,,,,,,,,
2022-11-10T23:00:00,1929A,109.5056,36.6106,延安市,百米大道,细颗粒物(PM2.5),79,80,71,58,48,36,3,28,22,54,42,7,8,1.3,1.2
2022-11-10T23:00:00,1930A,107.185,34.3063,宝鸡市,庙沟村(对照点),,31,31,41,14,25,37,1,27,8,22,21,5,4,1.3,1.3
2022-11-10T23:00:00,1931A,107.0708,34.3017,宝鸡市,竹园沟,,48,40,49,33,39,44,6,38,22,27,27,6,6,1.1,1
2022-11-10T23:00:00,1932A,107.1906,34.3672,宝鸡市,三陆医院,,48,48,65,32,41,41,4,28,6,34,38,7,8,1.2,1.1
2022-11-10T23:00:00,1933A,107.1431,34.3547,宝鸡市,监测站,,42,40,66,29,50,35,5,24,8,31,42,6,7,1.0,1.1
2022-11-10T23:00:00,1934A,107.1186,34.3739,宝鸡市,技工学校,细颗粒物(PM2.5),55,35,57,39,57,48,6,38,10,42,41,5,6,1.1,1.1
2022-11-10T23:00:00,1935A,107.3906,34.3528,宝鸡市,陈仓区环保局家属楼,,50,50,83,28,53,38,28,27,27,23,37,5,6,1.0,1.2
2022-11-10T23:00:00,1936A,107.2058,34.3497,宝鸡市,文理学院,,44,44,71,28,41,33,10,25,9,35,46,6,7,1.1,1.2
2022-11-10T23:00:00,1937A,107.2386,34.3622,宝鸡市,三迪小学,细颗粒物(PM2.5),63,50,75,45,60,41,5,30,8,40,42,7,8,1.1,1.1
2022-11-10T23:00:00,1938A,109.5293,34.5101,渭南市,农科所(对照点),细颗粒物(PM2.5),140,129,155,107,117,83,58,66,61,26,40,6,7,1.1,1.2
2022-11-10T23:00:00,1939A,109.4974,34.4877,渭南市,日报社,细颗粒物(PM2.5),138,134,172,105,132,84,66,58,53,27,52,8,10,0.9,1.1
2022-11-10T23:00:00,1940A,109.4636,34.493,渭南市,体育馆,细颗粒物(PM2.5),138,134,166,105,136,85,69,69,62,24,46,7,8,0.9,1.1
2022-11-10T23:00:00,1941A,109.4259,34.5023,渭南市,高新一小,细颗粒物(PM2.5),143,114,171,109,136,84,68,66,59,23,46,6,7,0.9,1.1
2022-11-10T23:00:00,1943A,102.1725,38.5339,金昌市,新川苑,,36,36,104,3,22,93,84,84,84,11,17,5,12,0.4,0.6
2022-11-10T23:00:00,1944A,102.1692,38.5167,金昌市,天庆家园,,25,25,86,8,20,92,80,83,83,10,17,5,7,0.5,0.6
2022-11-10T23:00:00,1945A,98.2908,39.7711,嘉峪关市,气象局,,,53,54,29,20,119,41,108,67,,21,8,23,0.2,0.5
2022-11-10T23:00:00,1947A,106.3394,38.817,石嘴山市,沙湖旅游区(对照点),细颗粒物(PM2.5),166,170,170,126,125,108,15,71,52,63,49,14,15,1.3,1.8
2022-11-10T23:00:00,1948A,106.3668,39.0145,石嘴山市,大武口朝阳西街,细颗粒物(PM2.5),77,48,98,56,81,83,69,71,68,13,39,5,16,0.7,1.2
2022-11-10T23:00:00,1949A,106.7704,39.2282,石嘴山市,惠农南大街,细颗粒物(PM2.5),100,94,62,75,59,76,36,50,38,32,29,17,14,1.5,0.9
2022-11-10T23:00:00,1950A,106.7099,39.1325,石嘴山市,红果子镇惠新街,细颗粒物(PM2.5),104,135,67,78,53,80,28,63,47,49,31,24,12,1.8,1
2022-11-10T23:00:00,1951A,84.895,45.6094,克拉玛依市,长征新村,,15,15,6,5,6,64,43,64,53,14,7,5,5,0.2,0.2
2022-11-10T23:00:00,1952A,84.8988,45.5893,克拉玛依市,南林小区,,16,16,7,10,9,67,49,66,54,11,8,1,2,0.4,0.4
2022-11-10T23:00:00,1953A,85.1186,45.6886,克拉玛依市,白碱滩区,,,,,,,,,,,,,,,,
2022-11-10T23:00:00,1954A,84.905,44.3396,克拉玛依市,独山子区,,26,26,14,17,10,54,12,50,39,26,17,6,6,0.6,0.4
2022-11-10T23:00:00,1955A,85.6979,46.098,克拉玛依市,乌尔禾区商贸楼,,17,17,13,11,11,60,35,59,48,13,7,2,2,0.7,0.6
2022-11-10T23:00:00,1956A,86.1472,41.7538,巴音郭楞州,孔雀公园,,49,49,34,19,12,82,14,79,45,55,14,4,4,0.3,0.2
2022-11-10T23:00:00,1957A,86.1972,41.7166,巴音郭楞州,棉纺厂,颗粒物(PM10),81,112,45,27,12,86,24,81,54,34,13,5,5,0.3,0.2
2022-11-10T23:00:00,1958A,86.2357,41.7173,巴音郭楞州,经济开发区,,40,40,44,17,7,88,57,83,67,8,7,6,6,0.2,0.2
2022-11-10T23:00:00,1959A,118.746,36.881,寿光市,监测站,,,,,,,,,,,,,,,,
2022-11-10T23:00:00,1960A,118.780,36.864,寿光市,世纪学校,,,,,,,,,,,,,,,,
2022-11-10T23:00:00,1961A,117.532,36.6868,济南市,东山小学,细颗粒物(PM2.5),132,178,119,100,64,113,21,81,60,62,49,7,8,0.8,0.8
2022-11-10T23:00:00,1962A,117.541,36.710,章丘市,明水开发区,,,,,,,,,,,,,,,,
2022-11-10T23:00:00,1963A,120.610,36.440,即墨市,环保局子站,,,,,,,,,,,,,,,,
2022-11-10T23:00:00,1964A,120.470,36.390,即墨市,开发区子站,,,,,,,,,,,,,,,,
2022-11-10T23:00:00,1965A,120.005,35.878,胶南市,JN子站,,,,,,,,,,,,,,,,
2022-11-10T23:00:00,1966A,120.0405,35.8735,青岛市,黄岛区4号,,35,31,37,17,20,114,110,114,106,12,30,5,6,0.6,0.6
2022-11-10T23:00:00,1967A,120.008,36.283,胶州市,胶州环保局,,,,,,,,,,,,,,,,
2022-11-10T23:00:00,1968A,120.014,36.253,胶州市,胶州一中,,,,,,,,,,,,,,,,
2022-11-10T23:00:00,1969A,120.537,36.865,莱西市,环保局子站,,,,,,,,,,,,,,,,
2022-11-10T23:00:00,1970A,120.515,36.885,莱西市,人民广场子站,,,,,,,,,,,,,,,,
2022-11-10T23:00:00,1971A,119.952,36.792,平度市,1号,,,,,,,,,,,,,,,,
2022-11-10T23:00:00,1972A,119.976,36.799,平度市,2号,,,,,,,,,,,,,,,,
2022-11-10T23:00:00,1973A,120.747,37.825,蓬莱市,蓬莱环保局,,,,,,,,,,,,,,,,
2022-11-10T23:00:00,1974A,120.773,37.809,蓬莱市,蓬莱博物馆,,,,,,,,,,,,,,,,
2022-11-10T23:00:00,1975A,120.399,37.374,招远市,招远环保局,,,,,,,,,,,,,,,,
2022-11-10T23:00:00,1976A,120.394,37.364,招远市,招远教育局,,,,,,,,,,,,,,,,
2022-11-10T23:00:00,1977A,119.941,37.177,莱州市,莱州环保局,,,,,,,,,,,,,,,,
2022-11-10T23:00:00,1978A,119.959,37.180,莱州市,莱州外经委,,,,,,,,,,,,,,,,
2022-11-10T23:00:00,1979A,122.471,37.154,荣成市,荣成市环保局办公楼,,,,,,,,,,,,,,,,
2022-11-10T23:00:00,1980A,122.410,37.161,荣成市,山东成山轮胎公司,,,,,,,,,,,,,,,,
2022-11-10T23:00:00,1981A,122.038,37.197,文登市,文登市环保局,,,,,,,,,,,,,,,,
2022-11-10T23:00:00,1982A,122.0693,37.2174,威海市,文登开发区,细颗粒物(PM2.5),70,63,58,51,37,106,72,98,74,22,28,5,4,0.6,0.6
2022-11-10T23:00:00,1983A,121.531,36.913,乳山市,乳山市环保局,,,,,,,,,,,,,,,,
2022-11-10T23:00:00,1984A,121.544,36.907,乳山市,乳山市气象局,,,,,,,,,,,,,,,,
2022-11-10T23:00:00,1985A,120.636,31.155,吴江市,吴江市环保局,,,,,,,,,,,,,,,,
2022-11-10T23:00:00,1986A,120.635,31.170,吴江市,教师进修学校,,,,,,,,,,,,,,,,
2022-11-10T23:00:00,1987A,120.658,31.172,吴江市,吴江开发区,,,,,,,,,,,,,,,,
2022-11-10T23:00:00,1988A,120.953,31.388,昆山市,昆山实验小学,,,,,,,,,,,,,,,,
2022-11-10T23:00:00,1989A,120.999,31.381,昆山市,震川中学,,,,,,,,,,,,,,,,
2022-11-10T23:00:00,1990A,120.758,31.670,常熟市,海虞子站,,,,,,,,,,,,,,,,
2022-11-10T23:00:00,1991A,120.721,31.671,常熟市,兴福子站,,,,,,,,,,,,,,,,
2022-11-10T23:00:00,1992A,120.734,31.656,常熟市,菱塘子站,,,,,,,,,,,,,,,,
2022-11-10T23:00:00,1993A,120.526,31.874,张家港市,张家港市监测站,,,,,,,,,,,,,,,,
2022-11-10T23:00:00,1994A,120.550,31.882,张家港市,城北小学,,,,,,,,,,,,,,,,
2022-11-10T23:00:00,1995A,121.115,31.453,太仓市,太仓市监测站,,,,,,,,,,,,,,,,
2022-11-10T23:00:00,1996A,121.140,31.422,太仓市,科教新城实小,,,,,,,,,,,,,,,,
2022-11-10T23:00:00,1997A,119.146,31.955,句容市,消防指挥中心,,,,,,,,,,,,,,,,
2022-11-10T23:00:00,1998A,119.180,31.955,句容市,房家坝,,,,,,,,,,,,,,,,
2022-11-10T23:00:00,1999A,120.268,31.920,江阴市,虹桥邮政,,,,,,,,,,,,,,,,
2022-11-10T23:00:00,2000A,120.237,31.909,江阴市,五星公园,,,,,,,,,,,,,,,,
2022-11-10T23:00:00,2001A,120.302,31.920,江阴市,第二实验小学,,,,,,,,,,,,,,,,
2022-11-10T23:00:00,2002A,119.818,31.354,宜兴市,宜兴市环保局,,,,,,,,,,,,,,,,
2022-11-10T23:00:00,2003A,119.794,31.371,宜兴市,宜园,,,,,,,,,,,,,,,,
2022-11-10T23:00:00,2004A,119.579,31.751,金坛市,金坛市环境监测站,,,,,,,,,,,,,,,,
2022-11-10T23:00:00,2005A,119.579,31.737,金坛市,金坛市自来水公司,,,,,,,,,,,,,,,,
2022-11-10T23:00:00,2006A,119.460,31.400,溧阳市,溧阳市东门子站,,,,,,,,,,,,,,,,
2022-11-10T23:00:00,2007A,119.438,31.317,溧阳市,燕山子站,,,,,,,,,,,,,,,,
2022-11-10T23:00:00,2008A,121.173,31.896,海门市,海门市监测站,,,,,,,,,,,,,,,,
2022-11-10T23:00:00,2009A,121.1518,31.89708,海门市,社会福利院,,,,,,,,,,,,,,,,
2022-11-10T23:00:00,2010A,119.7183,30.2366,临安市,市政府,,,,,,,,,,,,,,,,
2022-11-10T23:00:00,2011A,119.6942,30.2311,临安市,四中,,,,,,,,,,,,,,,,
2022-11-10T23:00:00,2012A,119.954,30.054,富阳市,监测站,,,,,,,,,,,,,,,,
2022-11-10T23:00:00,2013A,119.946,30.049,富阳市,富春二小,,,,,,,,,,,,,,,,
2022-11-10T23:00:00,2014A,120.091,29.305,义乌市,江东,,,,,,,,,,,,,,,,
2022-11-10T23:00:00,2015A,120.040,29.334,义乌市,北苑,,,,,,,,,,,,,,,,
2022-11-10T23:00:00,2016A,120.251,29.719,诸暨市,图书馆,,,,,,,,,,,,,,,,
2022-11-10T23:00:00,2017A,120.209,29.732,诸暨市,富林印务,,,,,,,,,,,,,,,,
2022-11-10T23:00:00,2018A,121.989,39.625,瓦房店市,抱龙山庄,,,,,,,,,,,,,,,,
2022-11-10T23:00:00,2019A,122.011,39.617,瓦房店市,东山公园,,,,,,,,,,,,,,,,
2022-11-10T23:00:00,2031A,113.1817,27.9958,株洲市,云田中学,,43,43,46,23,23,122,94,114,104,13,15,14,11,0.6,0.7
2022-11-10T23:00:00,2054A,114.1099,32.1059,信阳市,平桥分局,细颗粒物(PM2.5),130,130,106,99,72,163,50,141,116,59,34,8,8,1.1,0.9
2022-11-10T23:00:00,2064A,113.9956,32.1271,信阳市,南湾水厂,细颗粒物(PM2.5),132,137,103,100,75,163,100,150,138,24,23,9,9,1.1,1
2022-11-10T23:00:00,2065A,114.0775,32.1195,信阳市,市酿酒公司,细颗粒物(PM2.5),138,134,97,105,77,163,59,148,118,48,35,8,8,1.1,1.1
2022-11-10T23:00:00,2066A,114.0609,32.1399,信阳市,审计局,细颗粒物(PM2.5),132,145,104,100,85,170,51,142,104,54,43,8,9,1.2,0.7
2022-11-10T23:00:00,2067A,114.6613,33.6128,周口市,市环境监测站,颗粒物(PM10),90,129,128,63,61,155,53,134,104,18,21,8,16,1.0,1.1
2022-11-10T23:00:00,2068A,114.6758,33.6347,周口市,周口师范,细颗粒物(PM2.5),93,114,127,69,69,154,52,134,98,22,29,6,10,1.1,1.1
2022-11-10T23:00:00,2069A,114.6546,33.5979,周口市,市运管处,颗粒物(PM10),100,150,126,67,70,152,53,140,115,22,29,5,14,0.9,0.8
2022-11-10T23:00:00,2070A,114.6369,33.6406,周口市,川汇区环保局,细颗粒物(PM2.5),95,125,130,71,71,149,51,128,92,23,31,5,10,0.9,1
2022-11-10T23:00:00,2075A,117.6336,24.4674,漳州市,九湖(对照点),,,,,,,,,,,,,,,,
2022-11-10T23:00:00,2160A,112.85,35.5051,晋城市,自来水公司,细颗粒物(PM2.5),98,83,80,73,68,103,88,98,97,20,25,6,6,0.9,1
2022-11-10T23:00:00,2161A,112.8318,35.4936,晋城市,白云商贸,细颗粒物(PM2.5),85,74,89,63,63,104,96,100,100,16,24,3,4,1.1,1.1
2022-11-10T23:00:00,2162A,112.8508,35.4887,晋城市,市环保局,细颗粒物(PM2.5),98,94,87,73,72,104,85,98,96,24,33,5,5,1.0,1
2022-11-10T23:00:00,2163A,112.8676,35.4897,晋城市,技术学院,,,,,,,,,,,,,,,,
2022-11-10T23:00:00,2164A,112.8271,35.4828,晋城市,泽州一中,,,,,,,,,,,,,,,,
2022-11-10T23:00:00,2165A,112.8453,35.546,晋城市,白马寺 (对照点),,,,,,,,,,,,,,,,
2022-11-10T23:00:00,2166A,112.4397,39.3522,朔州市,平朔,细颗粒物(PM2.5),152,110,131,116,127,100,29,81,66,34,32,9,18,1.1,1.2
2022-11-10T23:00:00,2167A,112.4575,39.3617,朔州市,朔唯,细颗粒物(PM2.5),149,112,141,114,127,104,32,77,62,33,32,10,17,1.0,1.1
2022-11-10T23:00:00,2168A,112.4258,39.3197,朔州市,区政府,细颗粒物(PM2.5),180,145,149,136,115,93,29,80,65,41,33,8,13,1.1,1.1
2022-11-10T23:00:00,2169A,112.4072,39.3278,朔州市,市环保局,细颗粒物(PM2.5),166,150,148,126,120,76,36,72,58,31,35,8,17,1.0,1.2
2022-11-10T23:00:00,2170A,112.4272,39.3681,朔州市,市二中,细颗粒物(PM2.5),169,188,166,128,122,98,29,76,61,38,38,9,17,1.5,1.5
2022-11-10T23:00:00,2171A,112.7532,37.6945,晋中市,锦纶小区,细颗粒物(PM2.5),147,147,146,112,113,104,82,85,77,36,41,10,10,0.8,1
2022-11-10T23:00:00,2173A,112.7249,37.7067,晋中市,南都小区,细颗粒物(PM2.5),139,155,156,106,110,99,74,78,70,38,46,11,14,0.9,1.1
2022-11-10T23:00:00,2174A,112.6991,37.6982,晋中市,榆次区政府,细颗粒物(PM2.5),150,142,148,115,115,82,68,71,67,38,46,10,11,0.9,1.1
2022-11-10T23:00:00,2175A,110.9956,35.0147,运城市,运城中学,,,,155,74,117,113,84,104,102,13,21,6,9,0.8,1
2022-11-10T23:00:00,2176A,111.0233,35.0611,运城市,禹都开发区,,,,,,,,,,,,,,,,
2022-11-10T23:00:00,2178A,110.9686,35.0303,运城市,地区技校,细颗粒物(PM2.5),87,109,159,64,108,114,86,106,102,11,25,6,9,1.0,1.3
2022-11-10T23:00:00,2179A,111.0414,35.1147,运城市,空港新区,细颗粒物(PM2.5),120,139,181,91,117,113,93,103,100,16,28,7,10,1.0,1.3
2022-11-10T23:00:00,2181A,112.7383,38.4519,忻州市,开发区,细颗粒物(PM2.5),130,114,140,99,121,108,88,86,84,18,38,7,8,1.1,1.2
2022-11-10T23:00:00,2182A,112.7003,38.4928,忻州市,会展中心,细颗粒物(PM2.5),129,115,145,98,124,97,75,78,73,21,40,14,12,0.7,0.9
2022-11-10T23:00:00,2183A,111.1406,37.5211,吕梁市,环保局,颗粒物(PM10),64,77,69,42,35,89,1,65,32,70,41,10,7,0.8,0.7
2022-11-10T23:00:00,2185A,111.1297,37.5136,吕梁市,自来水公司,颗粒物(PM10),70,90,71,43,36,84,12,69,53,65,34,6,7,0.8,0.8
2022-11-10T23:00:00,2186A,106.8288,39.6778,乌海市,聚英学校,,,,,,,,,,,,,,,,
2022-11-10T23:00:00,2187A,106.8174,39.6973,乌海市,市林业局,细颗粒物(PM2.5),67,69,87,48,51,78,43,58,50,17,40,8,13,0.8,0.9
2022-11-10T23:00:00,2188A,106.7907,39.6667,乌海市,中海勃湾学校,细颗粒物(PM2.5),90,93,88,67,62,79,53,66,60,17,43,7,15,0.7,1
2022-11-10T23:00:00,2191A,122.2532,43.6801,通辽市,艺术职业学校,细颗粒物(PM2.5),153,173,172,117,120,140,80,106,57,26,45,6,9,1.1,1
2022-11-10T23:00:00,2192A,119.7594,49.2261,呼伦贝尔市,区环保局,,21,21,35,14,17,36,36,28,28,12,22,7,5,0.5,0.5
2022-11-10T23:00:00,2194A,107.5936,40.916,巴彦淖尔市,秋林养殖基地(对照点),,,,,,,,,,,,,,,,
2022-11-10T23:00:00,2195A,107.4212,40.761,巴彦淖尔市,附二中,细颗粒物(PM2.5),100,109,101,75,60,33,10,30,20,36,26,11,7,1.1,0.9
2022-11-10T23:00:00,2196A,107.37,40.7372,巴彦淖尔市,市环保大楼,细颗粒物(PM2.5),127,119,93,96,64,33,12,28,21,36,27,6,4,1.1,0.9
2022-11-10T23:00:00,2197A,113.1306,40.9923,乌兰察布市,集宁新区,,50,42,53,35,40,36,17,23,22,36,40,8,12,0.6,0.9
2022-11-10T23:00:00,2200A,122.0392,46.0656,兴安盟,胜华新制药厂,细颗粒物(PM2.5),287,286,125,237,99,71,5,54,39,68,35,5,7,1.5,0.7
2022-11-10T23:00:00,2201A,121.9504,46.0741,兴安盟,科右前旗环保局,细颗粒物(PM2.5),278,265,127,228,105,93,8,71,36,68,36,8,10,1.7,0.7
2022-11-10T23:00:00,2202A,116.1042,43.9317,锡林郭勒盟,市环保监测站,,23,14,40,12,17,98,71,84,74,11,18,9,9,0.4,0.4
2022-11-10T23:00:00,2203A,116.0781,43.9311,锡林郭勒盟,市政府,,23,23,34,8,15,93,70,78,73,14,23,9,10,0.4,0.4
2022-11-10T23:00:00,2204A,105.6467,38.8363,阿拉善盟,西城区西花园(对照点),细颗粒物(PM2.5),120,122,81,91,60,91,63,83,75,16,21,9,10,0.7,0.6
2022-11-10T23:00:00,2205A,105.6985,38.8411,阿拉善盟,蒙二幼,细颗粒物(PM2.5),97,81,57,72,58,97,64,88,78,12,13,8,9,0.6,0.5
2022-11-10T23:00:00,2206A,105.724,38.8516,阿拉善盟,环保局新楼,细颗粒物(PM2.5),93,66,44,69,41,100,64,100,78,16,14,7,7,0.6,0.5
2022-11-10T23:00:00,2207A,121.6094,41.998,阜新市,工业园区,细颗粒物(PM2.5),182,191,157,137,95,65,3,50,29,77,58,20,18,2.1,1.3
2022-11-10T23:00:00,2208A,121.6697,42.0279,阜新市,长青街,细颗粒物(PM2.5),173,213,163,131,96,71,16,56,34,68,58,31,20,1.7,1.5
2022-11-10T23:00:00,2209A,121.6673,42.0705,阜新市,农业园区,细颗粒物(PM2.5),173,146,108,131,79,71,51,67,60,20,20,32,37,1.3,1
2022-11-10T23:00:00,2210A,121.6717,42.0224,阜新市,东苑,颗粒物(PM10),124,197,174,91,75,68,19,54,32,64,56,44,35,1.5,1.4
2022-11-10T23:00:00,2211A,121.6506,42.0498,阜新市,玉龙新城,细颗粒物(PM2.5),172,143,130,130,85,68,7,49,23,71,51,22,18,2.1,1.2
2022-11-10T23:00:00,2212A,123.2,41.1953,辽阳市,宏伟区,,35,31,71,24,47,100,82,100,60,8,22,6,7,0.6,0.9
2022-11-10T23:00:00,2213A,123.1683,41.2495,辽阳市,新华园,细颗粒物(PM2.5),52,35,106,36,72,93,76,88,43,14,37,12,16,0.6,1
2022-11-10T23:00:00,2214A,123.2354,41.2639,辽阳市,滨河路,,40,36,71,28,73,107,76,104,31,12,42,5,6,0.8,1.2
2022-11-10T23:00:00,2215A,123.149,41.2991,辽阳市,铁西工业园,细颗粒物(PM2.5),65,55,151,47,142,102,80,99,24,12,46,11,14,0.7,1.6
2022-11-10T23:00:00,2216A,123.8139,42.3022,铁岭市,汇工街西,细颗粒物(PM2.5),260,222,173,210,163,88,4,80,30,48,46,20,18,1.6,1.2
2022-11-10T23:00:00,2217A,123.8649,42.2923,铁岭市,水上乐园,细颗粒物(PM2.5),273,304,217,223,156,76,16,70,30,39,53,8,11,1.3,0.9
2022-11-10T23:00:00,2218A,123.8486,42.2867,铁岭市,银州路东段,细颗粒物(PM2.5),248,268,192,198,153,79,5,78,24,59,63,5,7,1.5,1.5
2022-11-10T23:00:00,2219A,123.7153,42.2217,铁岭市,金沙江路北,细颗粒物(PM2.5),230,206,144,180,149,81,5,64,29,62,34,5,9,1.5,1.3
2022-11-10T23:00:00,2220A,120.4318,41.5881,朝阳市,西梁,细颗粒物(PM2.5),98,130,126,73,79,82,11,64,36,50,43,30,28,1.3,1.3
2022-11-10T23:00:00,2221A,120.4521,41.5646,朝阳市,河畔小区,细颗粒物(PM2.5),99,142,122,74,75,75,10,62,37,55,40,21,29,1.2,1.1
2022-11-10T23:00:00,2222A,120.4176,41.5648,朝阳市,八里堡,细颗粒物(PM2.5),108,121,126,81,71,77,47,58,44,30,42,52,34,0.9,1.1
2022-11-10T23:00:00,2223A,120.3806,41.5969,朝阳市,农业园区,细颗粒物(PM2.5),110,107,115,83,73,72,21,58,24,53,56,45,21,1.2,1.1
2022-11-10T23:00:00,2225A,124.4002,43.1713,四平市,一商场,细颗粒物(PM2.5),144,162,139,110,88,88,15,67,44,72,49,8,8,1.2,1
2022-11-10T23:00:00,2226A,124.388,43.193,四平市,境园,细颗粒物(PM2.5),147,166,136,112,85,90,9,66,30,70,54,10,10,1.3,1
2022-11-10T23:00:00,2227A,125.1358,42.8845,辽源市,环保局,细颗粒物(PM2.5),182,174,105,137,84,102,10,76,32,50,51,8,12,1.8,1.4
2022-11-10T23:00:00,2229A,125.9358,41.7173,通化市,光明,颗粒物(PM10),72,93,106,49,57,26,5,20,6,42,63,16,39,1.0,1.2
2022-11-10T23:00:00,2230A,125.9446,41.7325,通化市,铁路,细颗粒物(PM2.5),68,78,111,49,64,41,6,25,8,45,66,23,32,1.6,1.7
2022-11-10T23:00:00,2231A,126.4219,41.9171,白山市,喜丰,颗粒物(PM10),88,125,123,47,53,69,6,36,18,45,49,10,24,1.1,1
2022-11-10T23:00:00,2232A,126.4077,41.9419,白山市,环保局,细颗粒物(PM2.5),99,129,119,74,66,72,4,35,16,39,60,10,22,1.2,1.3
2022-11-10T23:00:00,2233A,124.8006,45.1214,松原市,江南,细颗粒物(PM2.5),104,72,226,78,199,69,31,53,36,26,57,8,15,0.3,0.9
2022-11-10T23:00:00,2234A,124.7965,45.1722,松原市,江北,细颗粒物(PM2.5),75,68,231,55,189,66,38,42,25,27,57,6,11,0.4,1
2022-11-10T23:00:00,2235A,122.7911,45.6077,白城市,洮北区环保局,细颗粒物(PM2.5),152,113,121,116,126,128,41,94,64,43,29,9,10,0.7,0.5
2022-11-10T23:00:00,2236A,122.8738,45.5725,白城市,市环保局,细颗粒物(PM2.5),104,141,140,78,93,114,21,82,34,54,39,11,13,0.5,0.6
2022-11-10T23:00:00,2237A,129.47,42.8883,延边朝鲜族自治州,妇幼医院,细颗粒物(PM2.5),90,86,65,67,49,88,10,56,23,40,41,7,8,1.0,0.9
2022-11-10T23:00:00,2238A,129.5055,42.9108,延边朝鲜族自治州,延边医院,细颗粒物(PM2.5),103,86,91,77,69,69,11,45,18,44,51,9,14,1.1,1.1
2022-11-10T23:00:00,2239A,129.3964,42.8881,延边朝鲜族自治州,朝阳川镇医院,细颗粒物(PM2.5),79,79,68,58,47,85,4,46,10,34,37,5,8,0.8,0.7
2022-11-10T23:00:00,2240A,130.9762,45.3001,鸡西市,环保局,细颗粒物(PM2.5),108,136,64,81,41,57,4,52,13,36,25,15,7,1.3,0.6
2022-11-10T23:00:00,2243A,130.9429,45.3039,鸡西市,第一中学,颗粒物(PM10),75,100,53,40,27,65,6,65,15,38,18,13,8,0.7,0.5
2022-11-10T23:00:00,2244A,130.2537,47.3416,鹤岗市,哈啤分公司,,32,32,24,21,18,47,18,41,31,22,10,9,10,0.4,0.3
2022-11-10T23:00:00,2245A,130.2684,47.3086,鹤岗市,斯达机电,,49,49,31,27,18,48,15,40,26,32,18,8,7,0.7,0.3
2022-11-10T23:00:00,2246A,130.3114,47.3388,鹤岗市,东山纸板厂,颗粒物(PM10),94,138,64,49,34,44,5,42,10,28,24,14,11,1.3,0.9
2022-11-10T23:00:00,2247A,130.1097,47.3382,鹤岗市,五号水库(对照点),,22,22,19,8,14,54,25,49,33,16,7,6,6,0.4,0.4
2022-11-10T23:00:00,2248A,131.1511,46.6937,双鸭山市,双合村,颗粒物(PM10),99,148,47,70,24,51,8,44,13,34,17,36,16,2.5,0.9
2022-11-10T23:00:00,2249A,131.1652,46.6191,双鸭山市,南小市,,12,5,42,6,24,55,36,48,25,8,16,5,8,0.3,0.5
2022-11-10T23:00:00,2250A,131.1524,46.6554,双鸭山市,环保局,,40,40,42,22,24,54,20,47,18,22,21,5,6,0.3,0.4
2022-11-10T23:00:00,2251A,131.12,46.5656,双鸭山市,苗圃(对照点),,24,24,33,14,21,42,25,36,26,6,10,4,7,0.3,0.5
2022-11-10T23:00:00,2252A,128.5159,47.4311,伊春市,环保局,,17,17,30,9,23,41,20,30,15,14,18,4,5,0.5,0.6
2022-11-10T23:00:00,2253A,128.9102,47.7412,伊春市,电力嘉园,,,23,36,14,18,43,10,33,12,18,15,1,2,,0.5
2022-11-10T23:00:00,2254A,129.5029,48.471,伊春市,汤旺河国家公园(对照点),,23,23,21,12,17,43,20,35,25,1,2,5,6,0,0.1
2022-11-10T23:00:00,2255A,130.2751,46.8028,佳木斯市,佳纺,颗粒物(PM10),77,104,58,36,26,43,8,33,11,24,24,3,4,0.7,0.6
2022-11-10T23:00:00,2256A,130.3995,46.8307,佳木斯市,发电厂,细颗粒物(PM2.5),68,76,40,49,29,46,2,38,9,32,20,6,3,0.7,0.5
2022-11-10T23:00:00,2257A,130.3258,46.7975,佳木斯市,环保局,,,149,51,58,28,46,4,34,8,37,29,11,6,1.3,0.8
2022-11-10T23:00:00,2258A,130.3648,46.8032,佳木斯市,十一中,颗粒物(PM10),56,62,42,37,26,45,10,38,12,40,30,5,4,1.1,0.7
2022-11-10T23:00:00,2259A,130.3794,46.7588,佳木斯市,四丰(对照点),,13,13,27,7,16,45,38,37,35,4,13,1,1,0.2,0.3
2022-11-10T23:00:00,2262A,131.0518,45.8751,七台河市,新一中(对照点),,33,33,45,12,29,53,23,47,19,11,15,7,8,0.5,1.2
2022-11-10T23:00:00,2263A,127.4833,50.2524,黑河市,交通局,,42,42,19,20,10,41,11,36,17,21,14,6,4,0.6,0.4
2022-11-10T23:00:00,2264A,127.5144,50.2341,黑河市,环保局,,46,46,18,17,14,46,23,41,27,20,9,31,8,0.3,0.3
2022-11-10T23:00:00,2265A,127.5291,50.2472,黑河市,大黑河岛(对照点),,35,35,18,8,12,46,6,43,19,10,4,2,3,0.3,0.2
2022-11-10T23:00:00,2266A,126.9785,46.6365,绥化市,人和东街,,48,42,78,33,65,54,37,49,39,13,21,3,6,0.9,1
2022-11-10T23:00:00,2267A,126.964,46.6528,绥化市,党政办公中心,,43,34,85,30,83,70,41,62,43,17,20,3,8,0.8,0.9
2022-11-10T23:00:00,2269A,124.1069,50.4097,大兴安岭地区,科技局,,19,15,13,13,15,42,19,36,18,8,11,6,7,0.2,0.3
2022-11-10T23:00:00,2270A,117.396,32.939,蚌埠市,工人疗养院,细颗粒物(PM2.5),87,117,104,64,65,133,74,108,78,13,37,5,8,0.5,0.6
2022-11-10T23:00:00,2271A,117.3605,32.9427,蚌埠市,百货大楼,细颗粒物(PM2.5),82,73,69,60,64,128,70,95,73,20,46,8,12,0.5,0.7
2022-11-10T23:00:00,2273A,117.4185,32.8911,蚌埠市,蚌埠学院,细颗粒物(PM2.5),117,127,100,88,69,135,76,86,66,17,45,10,16,0.5,0.7
2022-11-10T23:00:00,2274A,117.3533,32.9673,蚌埠市,淮上区政府,细颗粒物(PM2.5),107,124,102,80,66,123,63,93,75,19,36,8,9,0.5,0.6
2022-11-10T23:00:00,2275A,117.3145,32.8977,蚌埠市,高新区,细颗粒物(PM2.5),128,114,90,97,67,147,73,108,83,25,43,12,12,0.6,0.7
2022-11-10T23:00:00,2277A,116.8305,32.7727,淮南市,潘集区政府,细颗粒物(PM2.5),119,119,119,90,90,149,42,114,78,26,36,4,8,0.6,0.6
2022-11-10T23:00:00,2278A,117.0067,32.6524,淮南市,师范学院,细颗粒物(PM2.5),138,124,114,105,76,150,53,120,79,24,33,6,13,0.8,0.9
2022-11-10T23:00:00,2279A,116.8569,32.5951,淮南市,谢家集区政府,细颗粒物(PM2.5),108,118,96,81,59,142,49,116,74,31,37,7,16,0.6,0.6
2022-11-10T23:00:00,2280A,116.8281,32.633,淮南市,八公山区政府,细颗粒物(PM2.5),109,110,86,82,65,159,45,125,79,24,28,8,17,0.6,0.7
2022-11-10T23:00:00,2281A,116.6325,32.6201,淮南市,焦岗湖风景区管理处(对照点),细颗粒物(PM2.5),119,120,92,90,67,170,44,134,82,7,8,12,15,0.7,0.6
2022-11-10T23:00:00,2282A,116.8004,33.975,淮北市,监测站,细颗粒物(PM2.5),62,71,70,44,46,80,70,73,71,16,23,5,6,0.7,0.6
2022-11-10T23:00:00,2283A,116.8091,33.9007,淮北市,烈山区政府,细颗粒物(PM2.5),95,77,64,71,65,108,81,86,81,16,26,3,4,0.6,0.6
2022-11-10T23:00:00,2284A,116.7856,33.9477,淮北市,职业技术学院,细颗粒物(PM2.5),59,60,67,42,42,103,72,82,77,20,23,5,7,0.8,0.8
2022-11-10T23:00:00,2285A,117.8177,30.9412,铜陵市,市第四中学,细颗粒物(PM2.5),63,71,75,45,43,132,104,123,118,28,36,5,5,0.3,0.4
2022-11-10T23:00:00,2286A,117.8059,30.9273,铜陵市,市公路局,颗粒物(PM10),74,98,72,50,47,125,96,119,113,25,36,6,7,0.6,0.7
2022-11-10T23:00:00,2287A,117.7807,30.9413,铜陵市,市新民污水厂,细颗粒物(PM2.5),72,85,83,52,45,137,109,124,120,24,42,7,11,0.4,0.5
2022-11-10T23:00:00,2288A,117.7439,30.8792,铜陵市,市第九中学,颗粒物(PM10),69,88,109,39,54,130,92,106,106,32,61,11,12,2.1,1
2022-11-10T23:00:00,2289A,117.846,30.9413,铜陵市,车站新区,颗粒物(PM10),59,67,73,38,44,126,98,118,113,22,38,4,5,0.3,0.4
2022-11-10T23:00:00,2290A,117.8483,30.97,铜陵市,市职教基地,"颗粒物(PM10),细颗粒物(PM2.5)",64,77,68,46,46,141,114,129,125,18,24,6,7,0.5,0.5
2022-11-10T23:00:00,2291A,117.0809,30.5177,安庆市,环科院,细颗粒物(PM2.5),73,77,67,53,45,156,110,126,108,17,29,11,11,0.8,0.8
2022-11-10T23:00:00,2292A,117.0331,30.5119,安庆市,马山宾馆,细颗粒物(PM2.5),64,76,63,46,40,153,116,123,108,21,31,11,10,0.9,0.9
2022-11-10T23:00:00,2294A,116.9896,30.6145,安庆市,安庆大学,细颗粒物(PM2.5),64,66,66,46,41,152,108,132,112,17,31,8,8,0.9,0.9
2022-11-10T23:00:00,2295A,118.2903,29.6963,黄山市,延安路89号,,43,43,31,30,21,99,21,91,56,17,17,5,6,0.6,0.5
2022-11-10T23:00:00,2296A,118.327,29.7178,黄山市,黄山东路89号,,30,30,30,16,21,105,10,86,35,31,22,5,5,0.4,0.3
2022-11-10T23:00:00,2297A,118.1371,30.2756,黄山市,黄山区政府5号楼,细颗粒物(PM2.5),77,89,51,56,27,124,18,104,51,12,14,5,5,0.7,0.5
2022-11-10T23:00:00,2298A,118.3093,32.3153,滁州市,老年大学,细颗粒物(PM2.5),98,88,66,73,58,162,46,126,82,29,43,9,10,0.5,0.6
2022-11-10T23:00:00,2299A,118.3244,32.2786,滁州市,人大宾馆,细颗粒物(PM2.5),89,91,83,66,50,157,46,128,82,27,47,3,5,0.6,0.8
2022-11-10T23:00:00,2301A,115.8277,32.8929,阜阳市,市监测站,细颗粒物(PM2.5),109,121,127,82,87,140,50,122,92,25,36,7,13,0.7,0.8
2022-11-10T23:00:00,2303A,115.8554,32.8605,阜阳市,开发区,细颗粒物(PM2.5),135,116,125,103,101,160,51,132,94,30,38,5,10,0.7,0.8
2022-11-10T23:00:00,2306A,116.989,33.6306,宿州市,火车站,,,,,,,,,,,,,,,,
2022-11-10T23:00:00,2307A,116.5079,31.737,六安市,监测大楼,颗粒物(PM10),83,115,78,59,52,147,54,131,105,57,29,10,8,0.6,0.5
2022-11-10T23:00:00,2308A,116.4738,31.7643,六安市,皖西学院,"颗粒物(PM10),细颗粒物(PM2.5)",69,87,76,50,46,150,64,130,105,44,32,11,8,0.7,0.6
2022-11-10T23:00:00,2309A,116.4996,31.7905,六安市,朝阳厂,细颗粒物(PM2.5),84,77,70,62,56,145,79,128,107,32,29,6,6,0.9,0.7
2022-11-10T23:00:00,2310A,116.5567,31.7886,六安市,开发区,颗粒物(PM10),81,111,99,55,59,152,61,134,102,40,33,8,9,0.7,0.5
2022-11-10T23:00:00,2311A,115.8072,33.8399,亳州市,污水处理厂,细颗粒物(PM2.5),130,113,98,99,84,152,44,122,82,18,22,4,8,0.9,0.8
2022-11-10T23:00:00,2312A,115.7789,33.8518,亳州市,三国揽胜宫,细颗粒物(PM2.5),117,72,75,88,75,152,47,122,84,23,28,5,6,0.9,0.9
2022-11-10T23:00:00,2314A,117.47,30.6618,池州市,池州学院,细颗粒物(PM2.5),64,72,64,46,42,134,98,116,104,22,27,8,9,0.8,0.9
2022-11-10T23:00:00,2315A,117.4974,30.6539,池州市,平天湖(对照点),,,,,,,,,,,,,,,,
2022-11-10T23:00:00,2316A,118.7581,30.9454,宣城市,鳌峰子站,细颗粒物(PM2.5),124,85,64,94,44,138,98,118,108,29,36,6,10,0.6,0.6
2022-11-10T23:00:00,2317A,118.7385,30.9743,宣城市,敬亭山子站,细颗粒物(PM2.5),99,76,65,74,37,128,52,98,66,43,36,11,8,0.6,0.6
2022-11-10T23:00:00,2318A,118.7173,30.9427,宣城市,开发区子站,细颗粒物(PM2.5),94,65,59,70,42,130,85,111,100,28,33,7,14,0.5,0.6
2022-11-10T23:00:00,2319A,119.0141,25.4325,莆田市,荔城区仓后路,,20,18,27,7,14,78,62,73,65,7,7,5,5,0.6,0.6
2022-11-10T23:00:00,2320A,119.0015,25.4553,莆田市,莆田市监测站,,20,8,22,8,11,77,62,75,60,9,7,5,5,0.5,0.6
2022-11-10T23:00:00,2321A,119.1119,25.4561,莆田市,涵江区六中,,21,13,26,7,17,74,65,69,67,3,6,7,7,0.5,0.6
2022-11-10T23:00:00,2322A,119.1013,25.3215,莆田市,秀屿区政府,,20,17,33,9,23,80,63,72,64,7,12,7,8,0.6,0.7
2022-11-10T23:00:00,2323A,118.981,25.4792,莆田市,东圳水库(对照点),,,,,,,,,,,,,,,,
2022-11-10T23:00:00,2324A,117.6211,26.2625,三明市,三钢,,32,32,30,17,18,93,6,78,30,39,27,5,6,0.4,0.4
2022-11-10T23:00:00,2325A,117.635,26.2714,三明市,三明二中,,23,19,25,16,15,87,5,76,37,41,24,7,8,0.7,0.6
2022-11-10T23:00:00,2326A,117.6028,26.2378,三明市,三元区政府,颗粒物(PM10),52,54,37,26,20,88,2,71,26,44,28,11,8,1.3,0.7
2022-11-10T23:00:00,2327A,117.7275,26.3108,三明市,洋溪(对照点),,,,,,,,,,,,,,,,
2022-11-10T23:00:00,2331A,118.0966,26.6761,南平市,茫荡山(对照点),,,,,,,,,,,,,,,,
2022-11-10T23:00:00,2332A,118.1681,26.6369,南平市,南平市监测站,,32,31,28,22,20,79,8,69,32,35,24,7,11,1.4,0.8
2022-11-10T23:00:00,2333A,118.1825,26.6489,南平市,南平铝业有限公司,,27,27,28,18,19,79,4,66,22,41,28,14,10,0.7,0.6
2022-11-10T23:00:00,2334A,118.1756,26.6272,南平市,南平七中,,28,28,31,18,21,96,13,77,31,33,25,6,8,0.8,0.7
2022-11-10T23:00:00,2335A,117.0189,25.1181,龙岩市,龙岩师专(对照点),,,,,,,,,,,,,,,,
2022-11-10T23:00:00,2336A,117.0217,25.1033,龙岩市,龙岩市监测站,,44,44,29,16,17,93,11,80,38,44,25,8,9,0.6,0.6
2022-11-10T23:00:00,2337A,117.0258,25.0661,龙岩市,闽西职业技术学院,颗粒物(PM10),51,51,46,19,19,100,9,82,34,48,26,22,22,0.6,0.6
2022-11-10T23:00:00,2338A,117.0196,25.0306,龙岩市,龙岩学院,,33,33,30,23,18,103,17,83,46,28,21,6,6,0.4,0.5
2022-11-10T23:00:00,2339A,119.5001,26.6946,宁德市,金涵水库(对照点),,,,,,,,,,,,,,,,
2022-11-10T23:00:00,2341A,119.5388,26.6612,宁德市,宁德市监测站,,27,27,29,18,18,65,41,54,50,20,20,4,5,0.5,0.6
2022-11-10T23:00:00,2342A,117.3102,29.3867,景德镇市,王港中学(对照点),,41,41,31,22,16,76,19,63,31,13,9,4,4,0.3,0.3
2022-11-10T23:00:00,2343A,117.2117,29.2933,景德镇市,老干部活动中心,颗粒物(PM10),68,86,60,33,30,121,8,98,55,45,27,9,8,0.5,0.6
2022-11-10T23:00:00,2344A,117.1894,29.2789,景德镇市,兽医站,颗粒物(PM10),65,79,50,40,30,128,16,108,64,44,27,6,7,0.6,0.6
2022-11-10T23:00:00,2345A,117.1547,29.2617,景德镇市,台达陶瓷,颗粒物(PM10),67,84,47,44,25,94,20,82,45,42,26,8,9,0.8,0.8
2022-11-10T23:00:00,2346A,117.2461,29.2956,景德镇市,陶研所,颗粒物(PM10),58,65,47,25,21,120,3,97,51,41,22,4,4,0.6,0.6
2022-11-10T23:00:00,2347A,114.0997,27.5002,萍乡市,武功山(对照点),,15,11,11,5,10,80,45,69,54,10,9,14,15,0.5,0.5
2022-11-10T23:00:00,2348A,113.8385,27.6434,萍乡市,中医院,,42,40,43,29,33,130,70,118,87,21,21,27,28,0.7,0.9
2022-11-10T23:00:00,2349A,113.8493,27.6253,萍乡市,市政府车库,,49,47,51,34,35,139,50,121,85,27,26,18,26,0.7,1.2
2022-11-10T23:00:00,2350A,113.8676,27.6435,萍乡市,市环保局,,48,45,51,33,34,138,63,121,92,19,16,20,33,0.6,0.9
2022-11-10T23:00:00,2351A,113.866,27.6198,萍乡市,安源区政府,,50,38,50,35,33,132,36,114,76,40,24,21,27,0.9,1
2022-11-10T23:00:00,2352A,115.0861,27.9317,新余市,北岗(对照点),颗粒物(PM10),52,53,62,23,37,86,30,82,59,16,15,13,37,0.6,0.7
2022-11-10T23:00:00,2353A,114.9886,27.8431,新余市,飞宇,颗粒物(PM10),55,59,66,31,38,106,45,100,72,40,31,36,34,0.8,0.9
2022-11-10T23:00:00,2354A,114.9231,27.8246,新余市,第二水厂,颗粒物(PM10),80,109,86,42,46,109,22,94,34,61,49,16,29,1.1,1.4
2022-11-10T23:00:00,2355A,114.9308,27.8036,新余市,市气象局,颗粒物(PM10),80,110,74,47,46,119,20,97,60,65,44,13,29,0.7,0.9
2022-11-10T23:00:00,2357A,116.9822,28.1136,鹰潭市,龙虎山(对照点),,30,30,31,10,9,128,50,116,89,14,11,1,2,0.4,0.4
2022-11-10T23:00:00,2358A,117.0564,28.2642,鹰潭市,新监测站,,49,46,64,34,35,123,41,110,67,23,27,9,21,0.6,0.7
2022-11-10T23:00:00,2359A,117.0311,28.2475,鹰潭市,财苑宾馆,颗粒物(PM10),62,74,69,38,35,179,20,129,55,48,34,21,26,0.3,0.5
2022-11-10T23:00:00,2360A,117.0222,28.2264,鹰潭市,体育馆,,48,37,64,33,35,164,58,124,73,15,27,8,20,0.2,0.4
2022-11-10T23:00:00,2361A,117.0017,28.2131,鹰潭市,三川水表,,42,37,61,29,29,132,39,116,63,24,25,6,11,0.7,0.9
2022-11-10T23:00:00,2362A,114.9017,25.9149,赣州市,通天岩(对照点),,36,36,56,15,26,117,30,105,72,30,28,6,11,0.7,0.7
2022-11-10T23:00:00,2363A,114.9367,25.8664,赣州市,地委,颗粒物(PM10),81,111,65,34,30,124,6,103,51,52,35,17,12,0.8,0.9
2022-11-10T23:00:00,2364A,114.9461,25.8481,赣州市,气象台,颗粒物(PM10),68,85,56,37,31,122,0,102,49,64,37,16,11,0.9,0.7
2022-11-10T23:00:00,2365A,114.9322,25.8333,赣州市,市图书馆,颗粒物(PM10),68,85,58,41,33,128,5,110,49,63,40,7,7,1.3,1.1
2022-11-10T23:00:00,2366A,114.8905,25.8471,赣州市,华坚鞋城,颗粒物(PM10),86,122,74,51,38,114,7,89,36,64,38,8,10,1.4,1
2022-11-10T23:00:00,2367A,114.9754,27.0803,吉安市,红声器材厂,颗粒物(PM10),64,78,54,38,31,115,12,102,60,55,31,12,16,0.8,0.6
2022-11-10T23:00:00,2368A,114.9658,27.0999,吉安市,市森林工业局,颗粒物(PM10),73,96,65,50,38,126,1,103,46,69,36,17,13,1.0,0.8
2022-11-10T23:00:00,2369A,114.99,27.1312,吉安市,市环境监测站,细颗粒物(PM2.5),60,64,56,43,33,128,26,104,65,48,33,32,13,0.5,0.5
2022-11-10T23:00:00,2370A,115.0093,27.0968,吉安市,青原区法院,颗粒物(PM10),52,54,52,28,28,117,5,101,52,67,35,30,18,0.9,0.6
2022-11-10T23:00:00,2371A,114.3408,27.8064,宜春市,槟榔水业(对照点),,,,,,,,,,,,,,,,
2022-11-10T23:00:00,2373A,114.3956,27.7844,宜春市,市石油公司,颗粒物(PM10),57,63,66,37,38,126,24,104,63,41,31,5,14,1.0,0.9
2022-11-10T23:00:00,2374A,114.3703,27.7914,宜春市,市气象局,颗粒物(PM10),62,73,74,36,37,117,30,97,58,41,34,8,18,0.8,0.9
2022-11-10T23:00:00,2375A,114.4013,27.8074,宜春市,市广电局,颗粒物(PM10),68,86,69,46,40,124,24,98,59,54,31,8,22,1.2,1.1
2022-11-10T23:00:00,2376A,116.2127,28.0814,抚州市,桐源党溪(对照点),,26,26,44,16,21,115,15,94,52,30,19,2,6,0.3,0.4
2022-11-10T23:00:00,2377A,116.3544,27.9831,抚州市,市站,颗粒物(PM10),51,51,49,28,27,95,27,81,58,36,27,4,4,0.7,0.7
2022-11-10T23:00:00,2378A,116.3565,27.963,抚州市,血防站,,43,43,46,22,24,95,22,85,67,43,28,5,6,0.7,0.5
2022-11-10T23:00:00,2379A,116.3564,28.0007,抚州市,采茶剧团,颗粒物(PM10),52,54,54,32,30,92,26,82,61,32,29,4,4,0.7,0.7
2022-11-10T23:00:00,2380A,116.385,27.9647,抚州市,医学分院,,43,43,47,19,21,89,22,77,64,48,31,5,8,0.8,0.7
2022-11-10T23:00:00,2381A,118.005,28.4572,上饶市,百草园(对照点),颗粒物(PM10),59,68,54,15,19,74,45,68,62,23,18,11,13,0.8,0.8
2022-11-10T23:00:00,2382A,117.9756,28.4436,上饶市,市监测站,颗粒物(PM10),53,56,64,23,32,117,56,100,80,27,26,36,27,0.5,0.5
2022-11-10T23:00:00,2383A,117.9519,28.4628,上饶市,凤凰光学,颗粒物(PM10),53,55,58,26,31,90,41,82,67,39,30,80,31,0.5,0.5
2022-11-10T23:00:00,2385A,114.17,35.9019,鹤壁市,市监测站,细颗粒物(PM2.5),240,215,205,190,173,36,30,26,24,54,59,18,13,2.4,2.1
2022-11-10T23:00:00,2386A,114.2956,35.7511,鹤壁市,市交警支队,细颗粒物(PM2.5),230,230,227,180,186,30,11,20,20,62,54,17,16,2.1,1.6
2022-11-10T23:00:00,2387A,114.2878,35.7306,鹤壁市,迎宾馆,细颗粒物(PM2.5),222,196,198,172,175,21,16,14,14,62,62,16,12,2.3,1.9
2022-11-10T23:00:00,2389A,113.836,35.311,新乡市,环保西院,细颗粒物(PM2.5),195,182,221,146,162,46,40,38,38,39,48,8,12,1.6,1.6
2022-11-10T23:00:00,2390A,113.884,35.272,新乡市,开发区,细颗粒物(PM2.5),188,183,213,141,159,58,40,45,45,44,51,11,11,1.7,1.5
2022-11-10T23:00:00,2391A,113.883,35.303,新乡市,环保东院,细颗粒物(PM2.5),183,168,194,138,147,50,40,42,42,47,56,7,7,1.6,1.5
2022-11-10T23:00:00,2392A,115.0312,35.7636,濮阳市,环保局,细颗粒物(PM2.5),263,244,160,213,159,40,3,31,4,63,45,6,8,1.3,1
2022-11-10T23:00:00,2394A,115.0574,35.7609,濮阳市,油田运输公司,细颗粒物(PM2.5),295,236,163,245,174,45,5,34,6,56,38,7,9,1.3,1.2
2022-11-10T23:00:00,2395A,115.0866,35.7754,濮阳市,油田物探公司,细颗粒物(PM2.5),287,194,149,237,180,41,1,38,2,56,41,6,8,1.3,1
2022-11-10T23:00:00,2396A,113.8276,34.0159,许昌市,监测站,颗粒物(PM10),118,186,144,87,73,104,24,85,56,29,34,20,20,0.9,0.9
2022-11-10T23:00:00,2398A,113.7906,33.9953,许昌市,开发区,细颗粒物(PM2.5),118,146,132,89,68,110,23,91,56,28,32,11,17,0.8,0.7
2022-11-10T23:00:00,2399A,114.051,33.5699,漯河市,三五一五工厂,细颗粒物(PM2.5),156,134,147,119,126,140,35,112,82,22,36,9,14,1.0,1
2022-11-10T23:00:00,2400A,114.0055,33.5698,漯河市,漯河大学,细颗粒物(PM2.5),148,131,152,113,121,147,39,116,86,31,44,8,13,0.8,0.9
2022-11-10T23:00:00,2401A,114.0138,33.5828,漯河市,市水利局,细颗粒物(PM2.5),147,132,143,112,125,142,38,111,83,23,36,12,17,0.9,0.9
2022-11-10T23:00:00,2402A,114.0261,33.5698,漯河市,市广电局,细颗粒物(PM2.5),135,132,141,103,114,138,34,105,82,22,33,7,14,0.6,0.7
2022-11-10T23:00:00,2403A,112.5192,32.9917,南阳市,环保局,细颗粒物(PM2.5),138,117,153,105,132,159,82,139,118,17,22,8,11,0.6,0.8
2022-11-10T23:00:00,2404A,112.5339,33.0086,南阳市,瓦房庄,细颗粒物(PM2.5),162,130,162,123,139,132,79,120,109,18,28,7,10,0.8,0.9
2022-11-10T23:00:00,2405A,112.5003,32.9735,南阳市,汉画馆,细颗粒物(PM2.5),128,151,175,97,129,158,85,140,120,20,25,8,10,0.9,1
2022-11-10T23:00:00,2406A,112.5779,33.0144,南阳市,气象站,细颗粒物(PM2.5),129,113,163,98,126,156,76,136,114,18,24,9,13,0.9,1
2022-11-10T23:00:00,2407A,112.548,32.9692,南阳市,理工学院,细颗粒物(PM2.5),129,129,171,98,129,155,68,132,109,18,22,7,12,0.7,0.9
2022-11-10T23:00:00,2408A,115.6702,34.4285,商丘市,环境监测站,细颗粒物(PM2.5),109,139,124,82,85,97,44,71,58,33,36,8,10,0.8,0.8
2022-11-10T23:00:00,2409A,115.6458,34.4045,商丘市,粮食局,颗粒物(PM10),96,142,128,70,71,97,59,72,64,23,31,3,5,0.8,0.8
2022-11-10T23:00:00,2410A,115.6293,34.3948,商丘市,睢阳区环保局,细颗粒物(PM2.5),93,112,112,69,79,100,64,74,66,23,34,2,4,0.6,0.7
2022-11-10T23:00:00,2420A,114.0189,32.9656,驻马店市,市一纸厂,细颗粒物(PM2.5),138,185,192,105,125,144,56,122,103,38,47,7,7,0.7,0.9
2022-11-10T23:00:00,2421A,114.0114,33.015,驻马店市,市彩印厂,细颗粒物(PM2.5),192,170,180,144,147,149,52,121,101,30,38,7,9,0.6,0.7
2022-11-10T23:00:00,2422A,113.9976,32.9771,驻马店市,天方二分厂,细颗粒物(PM2.5),178,171,196,134,150,138,56,117,100,27,38,4,5,0.2,0.8
2022-11-10T23:00:00,2423A,115.0601,30.2313,黄石市,沈家营,颗粒物(PM10),55,60,94,35,53,184,63,149,102,34,38,15,13,0.9,0.7
2022-11-10T23:00:00,2424A,115.0817,30.2006,黄石市,陈家湾,,42,34,93,29,53,161,106,140,122,18,48,16,10,0.6,0.8
2022-11-10T23:00:00,2426A,114.8988,30.2019,黄石市,铁山,颗粒物(PM10),58,65,80,33,40,176,86,160,127,17,23,15,19,0.9,1.2
2022-11-10T23:00:00,2427A,115.0307,30.2092,黄石市,团城山,颗粒物(PM10),55,59,94,24,48,183,93,159,124,27,41,13,11,0.8,0.9
2022-11-10T23:00:00,2428A,111.0419,32.395,十堰市,武当山(对照点),细颗粒物(PM2.5),103,93,80,77,65,153,134,142,128,16,13,9,8,1.0,0.9
2022-11-10T23:00:00,2429A,110.78,32.6494,十堰市,滨河新村,细颗粒物(PM2.5),142,170,128,108,90,114,57,101,76,69,44,9,8,1.2,1.2
2022-11-10T23:00:00,2430A,110.7258,32.6389,十堰市,刘家沟,细颗粒物(PM2.5),118,132,108,89,71,126,52,100,76,52,31,10,8,1.3,1.1
2022-11-10T23:00:00,2431A,110.8839,32.5714,十堰市,铁二处,细颗粒物(PM2.5),98,104,107,73,69,132,60,114,93,29,27,7,8,1.0,1
2022-11-10T23:00:00,2432A,112.155,32.0197,襄阳市,襄城运动路,细颗粒物(PM2.5),227,250,222,177,160,150,72,127,108,37,40,12,13,0.9,0.9
2022-11-10T23:00:00,2433A,112.1392,32.0564,襄阳市,樊城新华路,细颗粒物(PM2.5),232,234,227,182,177,159,64,139,119,48,35,11,11,1.1,1.1
2022-11-10T23:00:00,2434A,112.1825,32.1142,襄阳市,高新管委会,颗粒物(PM10),145,239,229,,175,172,79,139,108,28,46,7,8,1.3,1.3
2022-11-10T23:00:00,2435A,112.2106,32.0903,襄阳市,襄州航空路,细颗粒物(PM2.5),203,232,237,153,172,168,64,140,105,36,50,12,12,1.1,1.2
2022-11-10T23:00:00,2436A,114.8938,30.3994,鄂州市,市政府,颗粒物(PM10),57,64,86,35,48,155,74,134,105,26,35,13,18,0.7,0.8
2022-11-10T23:00:00,2437A,114.8989,30.3714,鄂州市,赵家坝,"颗粒物(PM10),细颗粒物(PM2.5)",62,74,80,44,51,158,75,138,107,24,30,13,18,0.6,0.8
2022-11-10T23:00:00,2438A,114.8131,30.4133,鄂州市,凡口开发区,,,,,,,,,,,,,,,,
2022-11-10T23:00:00,2439A,112.2014,31.0481,荆门市,竹园小学,细颗粒物(PM2.5),226,240,144,176,101,177,93,156,126,34,40,10,12,1.0,1.1
2022-11-10T23:00:00,2440A,112.1969,30.9891,荆门市,掇刀,细颗粒物(PM2.5),223,204,143,173,120,172,131,156,131,20,40,10,11,1.1,1.3
2022-11-10T23:00:00,2441A,112.2213,31.0386,荆门市,石化一小,细颗粒物(PM2.5),229,224,159,179,116,181,112,161,139,25,39,12,17,0.8,0.9
2022-11-10T23:00:00,2443A,113.9153,30.9285,孝感市,文化路,细颗粒物(PM2.5),117,152,100,88,56,156,69,139,92,44,44,9,11,1.0,1.1
2022-11-10T23:00:00,2444A,113.942,30.9075,孝感市,东城区,细颗粒物(PM2.5),110,141,101,83,54,164,77,146,110,53,54,11,11,1.0,1.1
2022-11-10T23:00:00,2446A,114.9028,30.4742,黄冈市,职工中心,颗粒物(PM10),66,81,96,40,42,172,78,143,109,24,23,11,13,0.7,0.7
2022-11-10T23:00:00,2447A,114.3175,29.8142,咸宁市,森林公园(对照点),颗粒物(PM10),54,58,43,32,23,158,117,135,133,15,6,12,10,0.8,0.7
2022-11-10T23:00:00,2448A,114.3107,29.8454,咸宁市,市发改委,颗粒物(PM10),64,78,62,32,27,159,118,141,140,21,17,15,12,0.9,0.7
2022-11-10T23:00:00,2449A,114.2936,29.8566,咸宁市,咸安区政府,颗粒物(PM10),55,60,53,28,23,147,115,134,128,15,15,15,13,0.9,0.8
2022-11-10T23:00:00,2450A,114.3375,29.8683,咸宁市,长江产业园,,,,,,,,,,,,,,,,
2022-11-10T23:00:00,2451A,113.3583,31.7275,随州市,市委党校,细颗粒物(PM2.5),87,83,88,64,56,165,79,155,118,31,39,6,9,0.9,1
2022-11-10T23:00:00,2452A,113.3833,31.6908,随州市,市林业局,细颗粒物(PM2.5),64,66,74,46,49,166,111,152,138,20,31,8,10,0.8,0.9
2022-11-10T23:00:00,2453A,113.3983,31.7308,随州市,市立交桥水厂,细颗粒物(PM2.5),70,84,72,51,47,163,90,145,121,28,33,9,7,0.9,0.8
2022-11-10T23:00:00,2454A,109.4978,30.2981,恩施土家族苗族自治州,湖北民院,细颗粒物(PM2.5),133,105,68,101,60,111,13,82,48,28,20,8,9,1.3,1.1
2022-11-10T23:00:00,2455A,109.4707,30.2798,恩施土家族苗族自治州,州电力总公司,细颗粒物(PM2.5),104,127,74,78,49,119,6,88,51,22,16,12,8,1.4,1.2
2022-11-10T23:00:00,2456A,112.5003,26.9167,衡阳市,原169医院(对照点),颗粒物(PM10),51,52,69,29,33,125,44,94,61,37,37,34,17,0.8,0.8
2022-11-10T23:00:00,2457A,112.6194,26.9258,衡阳市,衡阳化工总厂,,35,32,72,24,34,121,72,107,82,12,22,5,18,0.6,0.7
2022-11-10T23:00:00,2458A,112.6211,26.8956,衡阳市,珠晖区环保局,,,48,50,,,123,33,100,67,45,29,7,10,0.6,0.7
2022-11-10T23:00:00,2459A,112.6197,26.8733,衡阳市,市委党校,颗粒物(PM10),51,52,47,32,30,113,62,104,82,17,21,11,12,0.6,0.6
2022-11-10T23:00:00,2460A,112.6006,26.8919,衡阳市,市监测站,颗粒物(PM10),51,51,58,30,33,119,36,99,60,44,32,6,11,0.7,0.7
2022-11-10T23:00:00,2461A,112.5664,26.9056,衡阳市,真空机电公司,,38,34,64,26,36,130,62,99,68,19,35,6,15,0.7,1
2022-11-10T23:00:00,2462A,111.5239,27.3033,邵阳市,市水土所(对照点),,,,,,,,,,,,,,,,
2022-11-10T23:00:00,2463A,111.4733,27.2317,邵阳市,市一中,细颗粒物(PM2.5),58,55,58,41,41,129,68,116,98,16,18,20,21,0.6,0.6
2022-11-10T23:00:00,2464A,111.5283,27.2442,邵阳市,市化工厂,,,,55,40,39,129,78,113,96,15,14,43,19,,0.6
2022-11-10T23:00:00,2465A,111.4503,27.2537,邵阳市,市罐头厂,细颗粒物(PM2.5),63,55,49,45,40,127,69,120,101,17,13,29,20,0.5,0.5
2022-11-10T23:00:00,2466A,111.4328,27.2272,邵阳市,市环保局,细颗粒物(PM2.5),67,49,67,48,54,133,75,122,101,16,16,19,34,0.5,0.7
2022-11-10T23:00:00,2467A,112.4067,28.6428,益阳市,甘溪港(对照点),细颗粒物(PM2.5),115,118,91,87,61,150,47,150,86,22,24,9,7,0.9,0.8
2022-11-10T23:00:00,2468A,112.3458,28.5808,益阳市,市环保局,细颗粒物(PM2.5),293,270,101,243,77,159,43,134,92,86,41,21,12,1.8,1
2022-11-10T23:00:00,2469A,112.3437,28.5531,益阳市,市特殊教育学校,,,,110,,81,155,62,137,105,48,29,16,14,1.4,0.9
2022-11-10T23:00:00,2470A,112.3347,28.6047,益阳市,资阳区政务中心,细颗粒物(PM2.5),203,165,88,153,70,164,23,135,79,74,35,11,10,1.5,0.9
2022-11-10T23:00:00,2471A,112.3744,28.5819,益阳市,赫山环保分局,细颗粒物(PM2.5),268,231,107,218,76,152,29,119,67,79,48,14,10,1.6,1.1
2022-11-10T23:00:00,2472A,113.0073,25.9061,郴州市,马头岭(对照点),,26,18,18,18,10,125,55,112,82,42,28,8,6,0.6,0.5
2022-11-10T23:00:00,2473A,113.0116,25.8226,郴州市,市职中,,42,42,41,19,20,97,2,85,38,50,32,6,6,0.6,0.6
2022-11-10T23:00:00,2474A,113.0161,25.8001,郴州市,兴隆步行街,颗粒物(PM10),59,68,42,33,21,94,4,72,27,57,38,10,8,1.0,0.7
2022-11-10T23:00:00,2475A,113.0383,25.8071,郴州市,市审计局,,37,37,39,20,19,96,40,77,44,39,32,32,11,0.4,0.5
2022-11-10T23:00:00,2476A,113.0348,25.7759,郴州市,市环保局,,45,45,34,20,14,94,33,69,39,50,38,25,12,0.5,0.5
2022-11-10T23:00:00,2477A,111.6217,26.2081,永州市,零陵南津渡(对照点),,25,25,29,11,10,100,57,91,69,6,7,5,7,0.3,0.4
2022-11-10T23:00:00,2478A,111.6156,26.4214,永州市,市环境监测站,颗粒物(PM10),65,80,54,15,24,114,3,97,41,54,31,6,14,1.1,0.6
2022-11-10T23:00:00,2479A,111.6236,26.2331,永州市,零陵区环保局,,45,20,30,31,18,100,48,88,62,15,17,8,11,0.5,0.5
2022-11-10T23:00:00,2480A,111.5992,26.4364,永州市,永州市环保局,,35,35,43,20,25,101,30,93,65,38,30,5,9,0.5,0.6
2022-11-10T23:00:00,2481A,111.5989,26.4519,永州市,冷水滩区环保局,颗粒物(PM10),58,66,59,33,32,100,10,83,46,42,29,5,15,0.8,0.7
2022-11-10T23:00:00,2482A,109.5981,27.5721,怀化市,林科所(对照点),,25,20,31,13,25,106,79,98,84,11,13,5,7,0.7,0.7
2022-11-10T23:00:00,2483A,109.9453,27.5444,怀化市,河西地税局,细颗粒物(PM2.5),60,57,40,43,30,99,13,91,48,45,21,4,4,0.7,0.6
2022-11-10T23:00:00,2484A,109.9781,27.5342,怀化市,市四医院,,,31,43,27,32,,,,,22,20,8,10,0.6,0.6
2022-11-10T23:00:00,2485A,109.9972,27.5578,怀化市,监测楼,,40,40,53,19,32,100,15,95,57,25,14,7,10,0.6,0.6
2022-11-10T23:00:00,2486A,110.0394,27.583,怀化市,市委党校,,46,46,73,29,54,104,34,96,68,19,18,14,15,0.6,0.7
2022-11-10T23:00:00,2487A,111.9589,27.8901,娄底市,电视发射台(对照点),,36,36,45,19,26,138,64,124,88,8,11,2,6,0.4,0.6
2022-11-10T23:00:00,2488A,111.9975,27.725,娄底市,市监测站,颗粒物(PM10),58,66,85,38,49,142,37,115,73,52,41,9,17,1.0,1.1
2022-11-10T23:00:00,2489A,112.0194,27.7314,娄底市,市委党校,颗粒物(PM10),56,61,75,36,46,144,44,112,77,40,32,5,7,0.7,0.8
2022-11-10T23:00:00,2490A,111.9561,27.7569,娄底市,涟钢,颗粒物(PM10),78,105,82,37,49,112,32,86,55,85,49,16,30,0.8,1.1
2022-11-10T23:00:00,2491A,111.9892,27.7044,娄底市,市政府,颗粒物(PM10),75,99,69,45,47,127,10,105,70,57,26,7,11,1.0,0.8
2022-11-10T23:00:00,2492A,109.6414,28.2558,湘西州,跃进水库(对照点),,39,39,36,27,31,109,17,90,51,15,14,8,9,0.3,0.4
2022-11-10T23:00:00,2493A,109.7325,28.3169,湘西州,州政府,细颗粒物(PM2.5),54,56,45,38,32,126,44,102,75,17,19,7,8,0.6,0.5
2022-11-10T23:00:00,2494A,109.6958,28.2675,湘西州,吉首市计生局,,,,45,24,32,122,44,94,68,23,25,8,9,0.4,0.5
2022-11-10T23:00:00,2495A,111.3014,23.4832,梧州市,市逸夫小学,颗粒物(PM10),101,152,71,44,29,104,0,80,35,59,33,11,12,1.1,0.9
2022-11-10T23:00:00,2496A,111.3239,23.4794,梧州市,市十一中,颗粒物(PM10),89,128,74,33,26,109,7,86,44,50,31,7,8,0.8,0.8
2022-11-10T23:00:00,2497A,111.247,23.4189,梧州市,龙圩,颗粒物(PM10),64,77,76,42,32,100,21,78,53,43,30,6,9,1.3,1.2
2022-11-10T23:00:00,2498A,111.2711,23.4835,梧州市,龙新,颗粒物(PM10),93,135,70,42,28,104,0,81,40,46,25,6,7,0.5,0.6
2022-11-10T23:00:00,2499A,108.3411,21.6158,防城港市,沙万,,45,42,44,31,19,105,62,97,84,29,29,43,17,0.7,0.6
2022-11-10T23:00:00,2500A,108.3514,21.7731,防城港市,防城档案局,颗粒物(PM10),52,54,56,32,27,88,18,76,53,28,26,8,12,0.9,0.8
2022-11-10T23:00:00,2501A,108.3506,21.6414,防城港市,大海花园,,48,42,36,33,22,114,59,103,90,24,18,20,12,0.6,0.6
2022-11-10T23:00:00,2502A,108.6236,21.9667,钦州市,市环保站,颗粒物(PM10),56,61,41,36,19,125,94,115,112,26,19,6,7,0.8,0.7
2022-11-10T23:00:00,2503A,108.6549,21.9481,钦州市,沙埠小学,"颗粒物(PM10),细颗粒物(PM2.5)",63,75,47,45,25,137,35,118,97,69,30,13,9,0.9,0.7
2022-11-10T23:00:00,2504A,108.5989,21.7431,钦州市,港区一小,颗粒物(PM10),65,80,60,25,24,141,77,126,110,36,30,10,10,0.9,0.8
2022-11-10T23:00:00,2505A,109.568,23.1478,贵港市,德智高中(对照点),颗粒物(PM10),68,85,47,36,26,83,35,80,67,48,24,7,9,1.1,0.8
2022-11-10T23:00:00,2506A,109.6047,23.0666,贵港市,江南子站,,,,61,,30,56,,47,,,20,,11,,0.8
2022-11-10T23:00:00,2507A,109.6014,23.0948,贵港市,贵城子站,细颗粒物(PM2.5),87,100,58,64,39,111,22,101,69,51,25,12,13,1.1,0.8
2022-11-10T23:00:00,2508A,109.5669,23.1065,贵港市,荷城子站,细颗粒物(PM2.5),83,107,55,61,32,99,11,88,52,61,25,9,13,1.1,0.8
2022-11-10T23:00:00,2509A,110.1106,22.7019,玉林市,寒山水库(对照点),颗粒物(PM10),69,87,66,49,35,113,9,91,52,23,18,3,12,0.6,0.4
2022-11-10T23:00:00,2510A,110.1675,22.6411,玉林市,市监测站,颗粒物(PM10),65,80,64,42,31,99,46,85,66,30,20,56,36,0.9,0.7
2022-11-10T23:00:00,2511A,110.1433,22.6164,玉林市,南江一中,颗粒物(PM10),75,100,73,54,43,99,36,84,49,36,25,38,29,0.7,0.7
2022-11-10T23:00:00,2512A,106.6103,23.9011,百色市,市监测站,颗粒物(PM10),67,84,68,47,42,142,37,120,88,31,21,11,15,0.9,0.8
2022-11-10T23:00:00,2513A,106.6538,23.8859,百色市,市中心血站,细颗粒物(PM2.5),82,81,70,60,48,130,48,112,92,19,17,13,15,0.9,0.9
2022-11-10T23:00:00,2514A,111.5264,24.4172,贺州市,环保小区,,49,49,31,21,15,94,30,81,59,32,21,13,11,0.7,0.7
2022-11-10T23:00:00,2515A,111.5608,24.4078,贺州市,政协大楼,颗粒物(PM10),64,77,34,33,19,98,25,78,51,34,25,18,13,0.8,0.7
2022-11-10T23:00:00,2516A,108.2011,24.715,河池市,东仁乐园(对照点),,28,21,35,19,29,92,48,87,70,10,14,6,8,0.6,0.6
2022-11-10T23:00:00,2517A,108.0497,24.6947,河池市,市环保站,,36,29,48,25,26,99,46,87,74,20,28,5,6,0.7,0.7
2022-11-10T23:00:00,2518A,108.0983,24.6989,河池市,市疾控中心,,23,18,62,15,30,96,72,89,81,8,30,6,8,0.6,0.7
2022-11-10T23:00:00,2519A,109.2328,23.7361,来宾市,来宾二中,,,,,,,,,,,,,,,,
2022-11-10T23:00:00,2520A,109.2203,23.7256,来宾市,来宾技工学校,细颗粒物(PM2.5),54,56,59,38,37,89,58,79,68,20,20,10,13,0.8,0.7
2022-11-10T23:00:00,2521A,107.3476,22.4136,崇左市,市环保局江州分局,颗粒物(PM10),69,88,68,41,39,112,15,94,65,26,18,5,6,0.6,0.6
2022-11-10T23:00:00,2522A,107.3702,22.3707,崇左市,城南新区,细颗粒物(PM2.5),85,85,63,63,41,105,14,90,59,39,25,2,3,0.6,0.5
2022-11-10T23:00:00,2523A,105.8945,32.4535,广元市,黑石坡(对照点),,36,36,39,12,26,22,7,15,9,30,21,5,5,0.8,0.7
2022-11-10T23:00:00,2524A,105.821,32.4444,广元市,老城,颗粒物(PM10),55,60,48,30,27,9,6,7,6,28,25,6,6,1.5,1.1
2022-11-10T23:00:00,2525A,105.8153,32.4246,广元市,南坝,,,,,,,,,,,,,,,,
2022-11-10T23:00:00,2526A,105.8628,32.4287,广元市,监测站,,43,43,33,26,21,11,4,9,5,19,23,6,6,1.1,0.9
2022-11-10T23:00:00,2527A,105.5453,30.5678,遂宁市,石溪浩(对照点),颗粒物(PM10),63,75,70,34,36,39,7,32,19,28,24,10,11,0.6,0.6
2022-11-10T23:00:00,2528A,105.5582,30.5232,遂宁市,市监测站,颗粒物(PM10),55,59,56,32,33,45,9,30,23,30,27,6,8,0.6,0.6
2022-11-10T23:00:00,2529A,105.5861,30.5366,遂宁市,行政中心,颗粒物(PM10),58,65,58,39,41,43,19,34,25,28,25,9,12,0.6,0.6
2022-11-10T23:00:00,2530A,105.5918,30.4728,遂宁市,美宁食品公司,细颗粒物(PM2.5),58,60,61,41,36,53,7,31,19,29,32,8,12,0.4,0.5
2022-11-10T23:00:00,2531A,105.0703,29.61,内江市,市监测站,细颗粒物(PM2.5),63,54,53,45,45,74,30,61,45,22,17,11,10,0.5,0.4
2022-11-10T23:00:00,2532A,105.0717,29.5947,内江市,东兴区政府,细颗粒物(PM2.5),65,56,64,47,48,76,40,66,52,21,27,6,8,0.6,0.6
2022-11-10T23:00:00,2533A,105.0653,29.5817,内江市,内江二中,细颗粒物(PM2.5),72,71,60,52,48,68,23,57,46,41,26,5,4,0.7,0.6
2022-11-10T23:00:00,2534A,105.0406,29.5822,内江市,内江日报社,细颗粒物(PM2.5),90,97,82,67,64,73,40,63,52,30,26,4,4,0.7,0.7
2022-11-10T23:00:00,2535A,103.7723,29.5462,乐山市,花湖湾(对照点),细颗粒物(PM2.5),89,77,59,66,54,81,12,68,49,48,23,4,4,1.0,0.8
2022-11-10T23:00:00,2536A,103.7627,29.5844,乐山市,牛耳桥,细颗粒物(PM2.5),90,94,76,67,58,69,12,55,23,52,34,4,5,0.9,0.8
2022-11-10T23:00:00,2537A,103.7508,29.6006,乐山市,市第三水厂,细颗粒物(PM2.5),89,90,74,66,54,92,4,74,46,60,32,6,7,1.0,0.8
2022-11-10T23:00:00,2538A,103.7571,29.5664,乐山市,市监测站,细颗粒物(PM2.5),79,85,67,58,50,85,12,70,45,46,26,8,7,0.9,0.7
2022-11-10T23:00:00,2539A,104.0308,30.0478,眉山市,黑龙滩水库(对照点),颗粒物(PM10),59,68,64,36,42,79,20,67,56,2,5,3,4,0.7,0.8
2022-11-10T23:00:00,2540A,103.8416,30.0874,眉山市,气象局,细颗粒物(PM2.5),99,87,91,74,64,86,4,60,42,59,41,6,8,1.0,0.9
2022-11-10T23:00:00,2543A,106.6308,30.5278,广安市,小平旧居(对照点),,,,,,,,,,,,,,,,
2022-11-10T23:00:00,2544A,106.6303,30.4576,广安市,市委,细颗粒物(PM2.5),100,86,79,75,64,46,13,39,31,29,26,12,16,0.9,0.8
2022-11-10T23:00:00,2545A,106.6271,30.4663,广安市,友谊中学,细颗粒物(PM2.5),82,79,72,60,50,41,22,34,28,22,29,15,20,0.9,0.9
2022-11-10T23:00:00,2547A,106.6388,30.4551,广安市,广电花园,细颗粒物(PM2.5),89,96,82,66,59,45,9,36,26,32,28,15,18,0.9,0.8
2022-11-10T23:00:00,2548A,107.5277,31.2827,达州市,达州职业技术学院(对照点),颗粒物(PM10),54,57,55,34,30,63,3,30,10,34,35,7,10,0.9,0.9
2022-11-10T23:00:00,2549A,107.5086,31.2186,达州市,市环境监测站,颗粒物(PM10),58,66,57,34,28,54,3,27,13,49,44,7,9,0.9,0.9
2022-11-10T23:00:00,2550A,107.4988,31.2132,达州市,凤凰小区,颗粒物(PM10),59,68,58,36,33,57,5,31,16,51,44,5,7,0.9,0.9
2022-11-10T23:00:00,2551A,107.5082,31.1986,达州市,达县机关宾馆,颗粒物(PM10),71,92,67,43,35,65,2,30,10,66,52,9,10,1.2,0.9
2022-11-10T23:00:00,2552A,107.4644,31.2124,达州市,市政中心,颗粒物(PM10),59,67,55,41,34,45,4,22,9,62,53,5,7,0.9,0.8
2022-11-10T23:00:00,2554A,103.0475,30.02,雅安市,建安厂,颗粒物(PM10),59,67,56,41,39,52,2,36,16,32,34,6,6,0.9,0.8
2022-11-10T23:00:00,2555A,103.0111,29.9833,雅安市,市政府,,49,49,58,27,36,54,5,32,14,23,31,9,9,0.8,0.8
2022-11-10T23:00:00,2556A,102.9905,29.9775,雅安市,川农大,细颗粒物(PM2.5),53,49,44,37,34,54,5,37,15,29,23,10,9,0.9,0.8
2022-11-10T23:00:00,2561A,104.6617,30.1372,资阳市,莲花山(对照点),细颗粒物(PM2.5),80,83,80,59,60,68,47,62,60,13,19,5,6,0.6,0.7
2022-11-10T23:00:00,2562A,104.6356,30.1506,资阳市,资阳中学,细颗粒物(PM2.5),74,75,72,54,51,64,12,53,42,35,24,8,8,0.7,0.7
2022-11-10T23:00:00,2563A,104.6295,30.1383,资阳市,四三一厂,细颗粒物(PM2.5),87,89,90,64,59,57,8,38,29,57,38,9,8,0.7,0.7
2022-11-10T23:00:00,2564A,104.6463,30.1146,资阳市,师范校,细颗粒物(PM2.5),82,106,83,60,61,58,17,45,32,51,41,5,7,0.7,0.8
2022-11-10T23:00:00,2565A,104.6296,30.1256,资阳市,区法院,细颗粒物(PM2.5),79,86,80,58,51,70,14,47,42,50,30,5,6,0.7,0.7
2022-11-10T23:00:00,2566A,102.1879,31.914,阿坝藏族羌族自治州,州农科所(对照点),,,,,,,80,24,65,44,22,14,2,3,0.5,0.5
2022-11-10T23:00:00,2567A,102.224,31.9037,阿坝藏族羌族自治州,州监测站,,,,,,,,,,,,,,,,
2022-11-10T23:00:00,2568A,102.2502,31.8896,阿坝藏族羌族自治州,马师校,,33,33,26,15,12,72,9,61,25,42,27,4,4,0.4,0.4
2022-11-10T23:00:00,2570A,101.9603,30.0475,甘孜藏族自治州,水桥子,,30,30,24,11,10,66,6,59,38,59,28,5,7,0.4,0.3
2022-11-10T23:00:00,2571A,102.3431,27.8099,凉山彝族自治州,青龙寺(对照点),颗粒物(PM10),69,88,50,14,17,95,63,95,76,10,9,9,9,0.7,0.7
2022-11-10T23:00:00,2572A,102.2721,27.8415,凉山彝族自治州,邛海宾馆,,33,33,32,18,19,111,44,99,78,30,17,8,10,0.4,0.5
2022-11-10T23:00:00,2573A,102.2625,27.898,凉山彝族自治州,西昌市政府,,38,38,32,18,19,100,45,92,80,29,17,9,10,0.7,0.6
2022-11-10T23:00:00,2574A,102.2685,27.8851,凉山彝族自治州,凉山州政府,,39,39,36,26,23,95,45,89,75,26,18,10,11,0.5,0.5
2022-11-10T23:00:00,2575A,102.237,27.8914,凉山彝族自治州,长安,,48,48,46,25,21,98,50,92,84,24,21,7,9,0.9,0.9
2022-11-10T23:00:00,2576A,104.8,26.5892,六盘水市,窑上(对照点),,,,,,,,,,,,,,,,
2022-11-10T23:00:00,2577A,104.83,26.5917,六盘水市,黄土坡,,49,49,34,34,27,127,73,107,97,22,13,8,8,0.7,0.6
2022-11-10T23:00:00,2578A,104.89,26.5939,六盘水市,水钢,颗粒物(PM10),83,116,52,43,37,114,48,106,95,38,10,8,7,0.8,0.7
2022-11-10T23:00:00,2579A,104.8475,26.5894,六盘水市,民中,细颗粒物(PM2.5),58,52,44,41,31,110,64,98,89,23,12,12,11,0.9,0.7
2022-11-10T23:00:00,2580A,104.9544,26.5506,六盘水市,双水,细颗粒物(PM2.5),53,46,43,37,37,102,82,97,95,8,9,5,5,0.7,0.7
2022-11-10T23:00:00,2585A,109.1839,27.7344,铜仁地区,铜仁卫校,颗粒物(PM10),61,72,37,26,22,124,12,110,66,48,15,1,2,1.9,0.7
2022-11-10T23:00:00,2586A,109.1753,27.6944,铜仁地区,铜仁七中,颗粒物(PM10),53,56,30,20,20,115,2,95,36,42,18,1,2,1.0,0.7
2022-11-10T23:00:00,2587A,105.2864,27.3125,毕节市,八中,细颗粒物(PM2.5),92,87,72,68,54,110,44,99,72,32,25,8,9,0.8,0.7
2022-11-10T23:00:00,2588A,105.31,27.2944,毕节市,师专,细颗粒物(PM2.5),94,87,56,70,44,115,42,104,88,33,17,6,7,0.7,0.5
2022-11-10T23:00:00,2589A,104.9022,25.0925,黔西南布依族苗族自治州,场坝街,颗粒物(PM10),52,53,47,34,35,83,58,76,67,18,9,2,2,0.4,0.2
2022-11-10T23:00:00,2590A,104.8811,25.0992,黔西南布依族苗族自治州,坪东大道,颗粒物(PM10),54,57,42,33,34,82,4,75,44,48,13,5,5,0.6,0.4
2022-11-10T23:00:00,2591A,107.9783,26.5747,黔东南苗族侗族自治州,市环境监测站,,30,27,40,21,28,101,84,96,86,11,28,2,7,0.3,0.5
2022-11-10T23:00:00,2593A,107.5228,26.2403,黔南布依族苗族自治州,小围寨,,32,22,30,22,21,107,71,104,93,7,11,8,5,0.4,0.4
2022-11-10T23:00:00,2594A,99.1678,25.1081,保山市,市环境监测站,,20,19,19,12,8,99,63,87,75,7,9,5,5,0.3,0.3
2022-11-10T23:00:00,2595A,99.1711,25.1328,保山市,市环保局,,23,20,20,16,11,97,64,86,77,5,8,6,6,0.2,0.3
2022-11-10T23:00:00,2596A,103.7667,27.3736,昭通市,监测站,,42,42,40,19,26,103,75,100,95,15,19,14,9,0.2,0.4
2022-11-10T23:00:00,2597A,103.7225,27.3361,昭通市,环保局,颗粒物(PM10),54,58,38,36,28,102,33,96,84,39,17,15,10,0.6,0.4
2022-11-10T23:00:00,2598A,100.2143,26.8576,丽江市,西南郊(对照点),,,,,,,,,,,,,,,,
2022-11-10T23:00:00,2599A,100.2497,26.8802,丽江市,丽江古城,,39,33,28,27,23,79,67,74,69,11,11,5,5,0.5,0.5
2022-11-10T23:00:00,2600A,100.2203,26.8906,丽江市,市中心,,25,25,19,7,11,85,64,83,73,14,14,4,4,0.5,0.6
2022-11-10T23:00:00,2601A,100.98,22.7633,普洱市,市环保局,,32,22,21,22,15,80,19,73,49,18,15,4,4,0.7,0.7
2022-11-10T23:00:00,2602A,100.9817,22.8322,普洱市,普洱第二中学,,26,25,18,18,9,86,7,79,53,36,17,7,7,0.9,0.8
2022-11-10T23:00:00,2603A,100.0781,23.8982,临沧市,市环保局,细颗粒物(PM2.5),53,34,23,37,19,97,34,82,65,13,10,8,8,0.7,0.7
2022-11-10T23:00:00,2604A,100.0894,23.8822,临沧市,市气象局,,50,34,28,35,23,102,38,84,65,12,10,6,6,0.7,0.7
2022-11-10T23:00:00,2605A,101.5482,25.0441,楚雄州,州环境监测站,,28,28,28,17,20,74,46,70,63,14,17,8,17,0.4,0.3
2022-11-10T23:00:00,2606A,101.538,25.0492,楚雄州,市经济开发区,,45,44,28,31,20,71,15,67,56,43,18,5,6,0.6,0.4
2022-11-10T23:00:00,2608A,103.3772,23.3993,红河州,污水处理厂,细颗粒物(PM2.5),57,47,48,40,39,94,65,92,75,11,9,8,7,0.5,0.5
2022-11-10T23:00:00,2609A,103.3861,23.35,红河州,监测站,细颗粒物(PM2.5),67,58,49,48,40,97,84,97,78,8,6,8,4,0.6,0.5
2022-11-10T23:00:00,2610A,104.2533,23.3594,文山州,州水务局,细颗粒物(PM2.5),89,78,62,66,48,99,70,95,87,18,14,11,9,0.4,0.4
2022-11-10T23:00:00,2611A,104.2319,23.3892,文山州,市便民服务中心,细颗粒物(PM2.5),80,66,58,59,49,94,76,90,84,13,13,8,10,0.5,0.5
2022-11-10T23:00:00,2612A,100.7939,22.0019,西双版纳州,景洪市江南,,49,45,33,34,22,88,24,75,54,26,20,8,8,0.8,0.7
2022-11-10T23:00:00,2613A,100.8017,22.0225,西双版纳州,景洪市江北,,28,28,14,11,9,104,30,89,64,21,13,10,10,0.5,0.5
2022-11-10T23:00:00,2614A,100.1542,25.7054,大理州,大理市环境监测站,,30,30,31,9,11,82,66,76,73,18,11,6,6,0.7,0.7
2022-11-10T23:00:00,2615A,100.2171,25.5811,大理州,大理古城,,33,33,20,11,8,104,62,90,72,14,12,6,6,0.4,0.4
2022-11-10T23:00:00,2616A,98.5842,24.428,德宏州,德宏州监测站,,,,34,,15,16,,22,,,13,,20,,0.3
2022-11-10T23:00:00,2618A,98.8601,25.8567,怒江州,州监测站,,33,30,32,23,17,83,42,72,62,13,9,7,7,0.4,0.4
2022-11-10T23:00:00,2619A,98.8546,25.8417,怒江州,泸水一中,颗粒物(PM10),51,52,39,29,20,73,2,55,30,45,26,6,6,0.8,0.7
2022-11-10T23:00:00,2621A,99.7056,27.8317,迪庆州,迪庆州站,,40,32,17,28,18,108,56,96,82,27,16,12,9,1.1,0.7
2022-11-10T23:00:00,2622A,97.1806,31.1273,昌都市,昌都监测站,"颗粒物(PM10),细颗粒物(PM2.5)",54,57,28,38,15,93,9,83,54,65,19,10,6,1.2,0.8
2022-11-10T23:00:00,2624A,91.7608,29.2313,山南市,山南监测站,,29,9,22,4,7,103,90,99,92,1,6,5,6,0.3,0.3
2022-11-10T23:00:00,2625A,91.7706,29.2436,山南市,山南人民医院,,26,16,26,7,11,96,81,92,86,3,6,5,5,0.3,0.3
2022-11-10T23:00:00,2626A,88.8876,29.2718,日喀则市,日喀则监测站,,32,21,16,6,6,102,101,98,98,5,7,2,4,0.4,0.4
2022-11-10T23:00:00,2628A,92.0657,31.4846,那曲地区,那曲监测站,颗粒物(PM10),53,56,59,27,28,92,42,85,69,32,18,12,11,1.6,1
2022-11-10T23:00:00,2630A,80.1161,32.5,阿里地区,阿里监测站,,28,4,6,2,2,96,87,92,91,5,3,13,9,0.4,0.3
2022-11-10T23:00:00,2632A,94.3681,29.6376,林芝市,林芝监测站,,24,4,11,0,4,80,75,76,74,1,3,9,9,0.2,0.5
2022-11-10T23:00:00,2633A,94.3616,29.6616,林芝市,林芝人民医院,,24,8,14,5,5,79,74,76,74,5,5,9,9,0.2,0.3
2022-11-10T23:00:00,2634A,106.9893,33.1842,汉中市,汉川机床厂子校(对照点),细颗粒物(PM2.5),60,39,38,43,42,75,17,54,29,22,17,6,7,0.8,0.8
2022-11-10T23:00:00,2635A,107.0154,33.0706,汉中市,市监测站,颗粒物(PM10),66,81,85,42,49,50,11,42,23,22,26,4,4,1.2,1.1
2022-11-10T23:00:00,2636A,107.0089,33.1138,汉中市,鑫源开发区,颗粒物(PM10),62,73,84,35,48,46,5,36,19,28,29,3,3,1.2,1.1
2022-11-10T23:00:00,2637A,107.007,33.0323,汉中市,南郑大河坎水厂,颗粒物(PM10),58,65,85,38,50,49,12,40,24,20,24,5,5,1.0,1.1
2022-11-10T23:00:00,2638A,109.7414,38.3344,榆林市,红石峡森林公园(对照点),,,60,38,,45,60,10,51,36,50,32,4,3,1.9,1.6
2022-11-10T23:00:00,2639A,109.7456,38.2911,榆林市,世纪广场,细颗粒物(PM2.5),59,57,43,42,35,61,17,46,31,55,44,8,7,1.3,1.1
2022-11-10T23:00:00,2640A,109.7289,38.2839,榆林市,实验中学,,,,43,,39,55,,46,38,,39,,9,,1.1
2022-11-10T23:00:00,2641A,109.7336,38.2478,榆林市,环保监测大楼,细颗粒物(PM2.5),64,51,45,46,42,61,16,49,37,49,36,8,8,1.1,0.9
2022-11-10T23:00:00,2642A,109.0318,32.6537,安康市,香溪洞(对照点),细颗粒物(PM2.5),83,76,88,61,65,64,46,58,57,12,19,7,14,0.9,1
2022-11-10T23:00:00,2643A,109.0281,32.6939,安康市,安康市监测站,细颗粒物(PM2.5),80,105,120,59,72,62,14,41,26,25,26,5,25,0.9,1.1
2022-11-10T23:00:00,2644A,109.0072,32.6975,安康市,汉滨区检察院,细颗粒物(PM2.5),75,83,108,55,75,56,10,41,28,26,26,5,17,0.8,0.9
2022-11-10T23:00:00,2645A,109.9154,33.8715,商洛市,监测站,颗粒物(PM10),82,113,103,58,56,114,41,84,59,37,33,9,10,0.9,0.9
2022-11-10T23:00:00,2647A,104.1724,36.5446,白银市,第三小学,颗粒物(PM10),72,93,87,26,37,102,102,89,89,9,30,7,30,0.4,1
2022-11-10T23:00:00,2648A,104.1465,36.5482,白银市,动力公司,颗粒物(PM10),64,78,75,24,39,102,102,89,89,10,20,11,18,0.4,0.9
2022-11-10T23:00:00,2649A,106.0055,34.343,天水市,麦积山(对照点),,,,,,,,,,,,,,,,
2022-11-10T23:00:00,2650A,105.7205,34.5786,天水市,公园小学,,45,34,39,31,24,64,60,60,60,22,30,8,8,0.9,0.8
2022-11-10T23:00:00,2651A,105.8945,34.5538,天水市,麦积国土局,,43,34,36,30,18,63,49,56,52,25,23,3,12,1.1,1
2022-11-10T23:00:00,2652A,102.6201,37.9251,武威市,监测站,颗粒物(PM10),103,155,132,45,42,100,19,87,52,50,27,8,10,0.7,0.5
2022-11-10T23:00:00,2654A,100.4698,38.9524,张掖市,润泉湖,颗粒物(PM10),55,60,74,18,24,99,70,88,82,13,18,8,9,0.5,0.5
2022-11-10T23:00:00,2655A,100.4154,38.9422,张掖市,区工会,颗粒物(PM10),58,66,61,25,30,105,75,92,86,15,18,11,10,0.5,0.4
2022-11-10T23:00:00,2656A,106.6692,35.5461,平凉市,聚贤嘉苑,,48,33,35,33,23,58,7,45,23,47,29,7,6,0.9,0.8
2022-11-10T23:00:00,2657A,106.7021,35.5307,平凉市,博物馆,,40,40,40,19,17,45,6,43,18,48,32,5,5,0.8,0.8
2022-11-10T23:00:00,2658A,98.5061,39.7443,酒泉市,仓门街子站,颗粒物(PM10),80,110,65,39,23,98,12,94,54,63,25,9,9,0.7,0.6
2022-11-10T23:00:00,2659A,98.4989,39.7256,酒泉市,油田生活基地,颗粒物(PM10),98,146,70,45,27,102,14,84,52,66,28,7,9,0.9,0.7
2022-11-10T23:00:00,2660A,107.6831,35.7289,庆阳市,区环保局(对照点),,,,,,,,,,,,,,,,
2022-11-10T23:00:00,2661A,107.6325,35.7357,庆阳市,庆阳五中,颗粒物(PM10),52,54,41,29,24,63,38,58,44,19,17,7,5,1.2,1
2022-11-10T23:00:00,2662A,107.6364,35.7067,庆阳市,市环保局,细颗粒物(PM2.5),55,52,32,39,24,68,38,65,52,20,15,7,5,1.2,1
2022-11-10T23:00:00,2663A,104.6241,35.5734,定西市,东关小学,颗粒物(PM10),73,96,46,29,22,72,63,67,56,14,16,6,10,0.6,0.4
2022-11-10T23:00:00,2664A,104.6194,35.5934,定西市,供电公司,颗粒物(PM10),68,86,39,25,22,69,61,60,56,17,18,3,4,0.5,0.4
2022-11-10T23:00:00,2665A,105.0822,33.3261,陇南市,汉王镇固水子(对照点),,,,,,,,,,,,,,,,
2022-11-10T23:00:00,2667A,103.2069,35.5993,临夏回族自治州,环保局,,34,34,48,15,21,101,61,87,78,17,33,21,15,0.6,1.1
2022-11-10T23:00:00,2668A,103.2417,35.6057,临夏回族自治州,建设大厦,,46,46,42,14,16,92,49,87,74,28,29,16,13,0.9,1.1
2022-11-10T23:00:00,2669A,102.9099,34.9841,甘南州,州政府,细颗粒物(PM2.5),74,79,43,54,23,102,78,93,92,18,20,5,8,0.6,0.5
2022-11-10T23:00:00,2671A,100.9048,36.9639,海北藏族自治州,海晏县西海镇,颗粒物(PM10),64,77,35,42,22,116,109,112,108,16,11,16,13,0.7,0.6
2022-11-10T23:00:00,2672A,102.0199,35.5102,黄南藏族自治州,同仁县隆务镇,细颗粒物(PM2.5),79,88,43,58,23,91,91,82,82,8,16,9,9,1.1,1
2022-11-10T23:00:00,2673A,100.6188,36.2866,海南藏族自治州,共和县恰卜恰镇,,45,45,26,22,15,100,15,94,60,42,14,13,10,0.7,0.4
2022-11-10T23:00:00,2674A,100.2561,34.4714,果洛藏族自治州,玛沁县大武镇,,39,35,35,27,20,107,35,98,76,27,16,20,23,0.7,0.6
2022-11-10T23:00:00,2675A,97,33.0014,玉树藏族自治州,玉树县结古镇,,26,26,18,16,10,94,61,89,76,10,12,12,15,1.5,1.5
2022-11-10T23:00:00,2676A,97.3731,37.3753,海西蒙古族藏族自治州,德令哈市,颗粒物(PM10),73,96,32,23,12,93,77,86,83,7,6,2,3,0.4,0.4
2022-11-10T23:00:00,2677A,106.1532,37.9648,吴忠市,教育园区,颗粒物(PM10),104,157,64,47,51,93,69,78,75,11,26,8,8,0.5,0.8
2022-11-10T23:00:00,2678A,106.2025,37.9844,吴忠市,高级中学,,,,,,,,,,,,,,,,
2022-11-10T23:00:00,2679A,106.1856,37.9956,吴忠市,新区二泵站,颗粒物(PM10),109,167,67,48,59,88,69,69,67,11,28,5,23,0.5,0.8
2022-11-10T23:00:00,2680A,105.0025,37.4635,中卫市,沙坡头消防站(对照点),颗粒物(PM10),60,69,92,21,55,97,97,91,91,10,24,8,9,0.4,1
2022-11-10T23:00:00,2681A,105.18,37.0172,中卫市,官桥站,,,,,,,,,,,,,,,,
2022-11-10T23:00:00,2682A,105.1971,37.5002,中卫市,环保局站,颗粒物(PM10),91,132,88,34,57,78,78,72,72,14,21,3,4,0.3,0.6
2022-11-10T23:00:00,2683A,106.2319,36.1417,固原市,马园(对照点),细颗粒物(PM2.5),62,43,24,44,22,52,52,42,29,20,21,4,4,0.6,0.7
2022-11-10T23:00:00,2684A,106.2792,36.0022,固原市,监测站,,22,9,16,15,19,38,34,35,35,15,15,4,5,0.7,0.7
2022-11-10T23:00:00,2685A,106.2375,36.0211,固原市,新区,,32,14,17,22,17,40,40,36,36,14,14,5,5,1.1,1.1
2022-11-10T23:00:00,2686A,89.1904,42.9418,吐鲁番地区,市环保局,,,,0,30,44,65,27,61,50,39,21,6,6,0.6,0.4
2022-11-10T23:00:00,2687A,89.1673,42.9559,吐鲁番地区,地区环保局,颗粒物(PM10),65,79,165,39,50,70,19,63,47,49,24,7,8,0.9,0.8
2022-11-10T23:00:00,2688A,93.5128,42.8172,哈密地区,地区监测站,颗粒物(PM10),53,55,70,10,17,75,52,74,59,14,15,4,5,0.3,0.3
2022-11-10T23:00:00,2689A,93.4961,42.8328,哈密地区,哈密师范学校,颗粒物(PM10),51,52,57,19,21,69,50,68,59,12,13,6,6,0.3,0.4
2022-11-10T23:00:00,2690A,88.1236,43.8886,昌吉州,天山天池(对照点),,20,2,3,0,1,71,62,67,58,5,6,3,3,1.0,1
2022-11-10T23:00:00,2691A,87.2997,44.0114,昌吉州,州监测站,,,,,,,,,,,,,,,,
2022-11-10T23:00:00,2692A,87.2717,44.0297,昌吉州,新区政务中心,,43,43,16,22,11,73,26,66,60,34,16,7,6,1.1,1
2022-11-10T23:00:00,2693A,82.0485,44.8556,博尔塔拉蒙古自治州,市党校,,23,23,23,6,8,56,38,52,48,10,9,6,9,0.2,0.2
2022-11-10T23:00:00,2694A,82.0806,44.8969,博尔塔拉蒙古自治州,市环保局,,43,43,25,16,10,52,23,48,43,30,12,7,9,0.8,0.4
2022-11-10T23:00:00,2695A,80.292,41.1694,阿克苏地区,电视台,细颗粒物(PM2.5),103,134,28,77,14,84,30,77,62,45,12,4,4,1.7,0.9
2022-11-10T23:00:00,2696A,80.2613,41.1551,阿克苏地区,艺术中心,,47,47,27,27,17,79,14,71,57,36,5,5,5,0.8,0.3
2022-11-10T23:00:00,2697A,76.1454,39.7142,克孜勒苏柯尔克孜自治州,市人民政府,,46,46,31,20,10,91,52,90,69,11,4,10,10,0.9,0.7
2022-11-10T23:00:00,2698A,76.0072,39.4467,喀什地区,巡警大队,颗粒物(PM10),60,70,74,25,25,85,61,78,74,27,22,3,5,0.6,0.8
2022-11-10T23:00:00,2699A,75.9755,39.4694,喀什地区,吾办,颗粒物(PM10),71,92,66,50,29,96,47,88,78,39,23,4,3,1.5,1
2022-11-10T23:00:00,2700A,75.9538,39.4682,喀什地区,市环境监测站,,,118,83,59,35,,,,,44,27,4,4,2.1,1.6
2022-11-10T23:00:00,2703A,81.2815,43.9404,伊犁哈萨克州,市环保局,细颗粒物(PM2.5),54,48,22,38,22,62,27,55,44,30,18,14,11,1.6,1
2022-11-10T23:00:00,2704A,81.2996,43.9174,伊犁哈萨克州,新政府片区,,34,34,18,23,15,66,25,60,53,28,12,12,11,1.3,0.8
2022-11-10T23:00:00,2705A,81.3364,43.941,伊犁哈萨克州,第二水厂,颗粒物(PM10),51,52,24,35,19,66,20,59,49,44,18,12,10,1.8,1
2022-11-10T23:00:00,2706A,82.9994,46.7432,塔城地区,东门外小游园,,23,23,26,10,13,58,36,54,47,7,9,5,5,0.4,0.4
2022-11-10T23:00:00,2707A,88.1214,47.9047,阿勒泰地区,小东沟(对照点),,,,,,,,,,,,,,,,
2022-11-10T23:00:00,2708A,88.1264,47.8517,阿勒泰地区,市站,,27,14,8,8,6,84,84,82,67,2,4,2,3,0.6,0.6
2022-11-10T23:00:00,2709A,86.0497,44.2967,石河子市,艾青诗歌馆,,19,17,11,8,7,64,14,59,50,38,16,5,6,0.5,0.5
2022-11-10T23:00:00,2710A,86.0697,44.3075,石河子市,阳光学校,,,21,13,,,63,25,56,48,22,13,3,3,0.5,0.4
2022-11-10T23:00:00,2711A,87.5475,44.1756,五家渠市,农水大厦,,29,29,14,12,9,55,18,50,40,29,14,8,9,0.7,0.7
2022-11-10T23:00:00,2835A,101.7227,26.567,攀枝花市,四十中小,颗粒物(PM10),58,66,57,37,31,116,8,82,52,78,42,17,18,2.2,1.4
2022-11-10T23:00:00,2842A,118.0936,24.5058,厦门市,湖里中学,,40,40,37,18,18,118,23,94,54,36,30,3,4,0.5,0.5
2022-11-10T23:00:00,2845A,113.1569,36.1911,长治市,德盛苑,细颗粒物(PM2.5),113,72,72,85,71,87,32,87,29,23,30,2,3,1.7,1.1
2022-11-10T23:00:00,2846A,113.3221,23.1322,广州市,体育西,细颗粒物(PM2.5),85,99,81,63,48,150,2,106,73,105,69,4,5,1.5,1.1
2022-11-10T23:00:00,2858A,117.7918,39.2474,天津市,河西一经路,细颗粒物(PM2.5),168,160,198,127,164,56,39,38,38,18,48,7,7,1.3,1.9
2022-11-10T23:00:00,2859A,117.3747,38.9846,天津市,津沽路,细颗粒物(PM2.5),183,172,214,138,174,51,18,22,12,42,64,4,5,1.6,1.6
2022-11-10T23:00:00,2860A,117.1589,39.0845,天津市,宾水西道,细颗粒物(PM2.5),200,188,213,150,168,64,10,50,21,44,52,4,5,1.5,1.7
2022-11-10T23:00:00,2862A,114.5481,38.0378,石家庄市,22中南校区,细颗粒物(PM2.5),199,140,153,149,135,115,65,97,80,27,51,2,5,0.9,0.9
2022-11-10T23:00:00,2865A,112.7195,37.6828,晋中市,榆次三中,细颗粒物(PM2.5),156,159,155,119,112,102,76,77,71,31,40,11,12,0.9,1
2022-11-10T23:00:00,2866A,111.0522,35.0439,运城市,外滩首府,,,,,,,,,,,,,,,,
2022-11-10T23:00:00,2867A,111.1283,37.51,吕梁市,马茂庄小学,细颗粒物(PM2.5),88,102,79,65,42,81,7,70,50,67,35,10,9,0.8,0.8
2022-11-10T23:00:00,2868A,126.4739,43.953,吉林市,九站,细颗粒物(PM2.5),112,122,150,84,99,74,6,60,31,61,51,169,36,1.1,1
2022-11-10T23:00:00,2869A,119.447,32.4155,扬州市,五台山医院,细颗粒物(PM2.5),59,63,73,42,45,87,24,61,37,41,51,6,8,0.4,0.7
2022-11-10T23:00:00,2870A,119.4424,32.1873,镇江市,市疾控中心,细颗粒物(PM2.5),82,66,89,60,76,135,41,98,68,44,54,3,2,0.7,1
2022-11-10T23:00:00,2871A,121.6147,29.9017,宁波市,万里国际学校,,36,36,37,21,24,86,3,71,27,52,40,6,7,0.9,0.7
2022-11-10T23:00:00,2872A,120.7846,30.7525,嘉兴市,南湖区残联,细颗粒物(PM2.5),69,82,62,50,35,161,46,120,74,28,42,4,7,0.5,0.6
2022-11-10T23:00:00,2873A,120.0875,30.8955,湖州市,仁皇山新区,颗粒物(PM10),62,74,85,42,50,193,3,137,97,69,53,5,7,0.6,0.8
2022-11-10T23:00:00,2875A,115.784,32.8892,阜阳市,阜阳职业技术学院,细颗粒物(PM2.5),94,110,124,70,73,161,56,134,101,22,32,6,11,0.7,0.8
2022-11-10T23:00:00,2877A,119.1641,36.6523,潍坊市,坊子邮政,颗粒物(PM10),64,78,72,44,43,101,47,83,53,28,34,4,4,0.5,0.6
2022-11-10T23:00:00,2878A,116.0072,36.4343,聊城市,聊大东校,细颗粒物(PM2.5),268,301,170,218,110,65,5,49,16,57,40,5,22,1.3,0.9
2022-11-10T23:00:00,2880A,104.0219,30.6558,成都市,大石西路,细颗粒物(PM2.5),104,100,89,78,69,78,1,56,37,73,40,1,4,0.9,0.8
2022-11-10T23:00:00,2881A,107.8908,26.5311,黔东南苗族侗族自治州,凯里学院,,32,26,30,19,22,116,102,114,107,5,14,4,4,0.3,0.4
2022-11-10T23:00:00,2882A,102.5389,24.3703,玉溪市,玉溪一中,,,88,40,32,22,97,8,83,56,50,24,45,12,,1.5
2022-11-10T23:00:00,2883A,102.5381,24.3389,玉溪市,文体中心,,37,37,35,20,21,96,31,82,62,26,28,9,10,0.8,0.9
2022-11-10T23:00:00,2884A,98.2672,39.7978,嘉峪关市,酒钢宾馆,颗粒物(PM10),51,51,66,14,25,99,61,94,69,21,25,7,41,0.3,0.6
2022-11-10T23:00:00,2885A,104.9339,33.3826,陇南市,滨江中学,,30,28,38,21,20,88,87,85,85,7,17,6,7,0.5,0.6
2022-11-10T23:00:00,2894A,117.0566,32.6531,淮南市,经济技术开发区消防队,细颗粒物(PM2.5),99,125,106,74,65,140,49,122,79,29,37,2,6,0.6,1
2022-11-10T23:00:00,2897A,123.2444,41.7347,沈阳市,沈辽西路,细颗粒物(PM2.5),216,288,169,166,112,99,5,76,8,65,43,11,11,1.9,1.1
2022-11-10T23:00:00,2900A,123.5953,41.9086,沈阳市,裕农路,细颗粒物(PM2.5),107,119,129,80,98,76,37,63,14,36,52,13,11,1.3,1.2
2022-11-10T23:00:00,2902A,106.6351,30.4865,广安市,北辰小学,细颗粒物(PM2.5),93,81,80,69,64,44,21,34,29,20,27,14,16,0.9,0.9
2022-11-10T23:00:00,2907A,120.1844,30.8596,湖州市,吴兴区站,细颗粒物(PM2.5),83,68,83,61,59,189,45,128,91,31,56,6,7,0.5,0.7
2022-11-10T23:00:00,2914A,106.7677,31.8794,巴中市,苏山坪(对照点),,35,29,33,24,28,89,86,82,82,7,8,5,6,0.4,0.4
2022-11-10T23:00:00,2915A,106.7619,31.84139,巴中市,职业中学,,,,,,,,,,,,,,,,
2022-11-10T23:00:00,2919A,116.7022,39.5453,廊坊市,河北工业大学,细颗粒物(PM2.5),188,216,152,141,116,126,26,101,63,41,56,6,8,1.6,1
2022-11-10T23:00:00,2920A,117.7116,24.506,漳州市,蓝田镇,,43,43,52,12,21,142,28,115,76,28,30,6,9,0.5,0.6
2022-11-10T23:00:00,2921A,120.5483,30.0003,绍兴市,树下王站,细颗粒物(PM2.5),80,86,61,59,41,138,23,103,72,39,29,7,6,0.8,0.7
2022-11-10T23:00:00,2922A,117.1941,39.1067,天津市,大理道,细颗粒物(PM2.5),179,178,225,135,184,60,20,45,22,38,62,6,7,1.3,1.5
2022-11-10T23:00:00,2924A,106.2266,38.4418,银川市,水乡路,细颗粒物(PM2.5),114,150,139,86,90,95,17,71,54,74,68,12,14,1.4,1.6
2022-11-10T23:00:00,2925A,106.2757,38.4842,银川市,上海东路,细颗粒物(PM2.5),105,122,128,79,92,108,38,85,75,48,56,11,12,0.9,1.2
2022-11-10T23:00:00,2926A,106.1015,38.497,银川市,文昌北街,细颗粒物(PM2.5),152,162,147,116,109,100,36,83,68,69,46,7,9,1.1,1.2
2022-11-10T23:00:00,2929A,114.8858,30.4519,黄冈市,红卫路,颗粒物(PM10),66,81,84,44,45,170,58,146,104,38,24,22,13,0.8,0.9
2022-11-10T23:00:00,2994A,119.6533,29.1128,金华市,武警支队(启用161031),,,,,,,,,,,,,,,,
2022-11-10T23:00:00,2996A,118.283,33.965,宿迁市,市供电局,颗粒物(PM10),55,59,49,37,29,89,24,63,42,41,32,4,3,0.6,0.6
2022-11-10T23:00:00,2997A,119.8767,32.3289,泰州市,王营,细颗粒物(PM2.5),62,58,58,44,49,85,26,70,55,30,35,9,9,0.5,0.8
2022-11-10T23:00:00,3000A,119.3581,34.6972,连云港市,德源药业,,46,46,52,24,25,112,54,97,75,36,33,1,2,0.4,0.5
2022-11-10T23:00:00,3002A,119.9805,31.8174,常州市,行政中心,颗粒物(PM10),87,124,143,54,63,149,43,105,49,33,75,7,12,0.6,1
2022-11-10T23:00:00,3003A,120.0522,31.7748,常州市,经开区,颗粒物(PM10),72,93,129,44,65,136,54,98,54,27,68,7,11,0.5,1.1
2022-11-10T23:00:00,3004A,120.1544,33.3663,盐城市,宝龙广场,,41,41,41,19,21,97,51,77,66,22,21,8,8,0.3,0.4
2022-11-10T23:00:00,3005A,117.1814,34.29,徐州市,鼓楼区政府,细颗粒物(PM2.5),114,85,74,86,59,70,17,46,30,65,49,5,6,1.2,1
2022-11-10T23:00:00,3006A,117.1694,34.1781,徐州市,铜山区招生办,细颗粒物(PM2.5),103,114,100,77,71,67,41,49,41,45,46,9,7,0.8,0.8
2022-11-10T23:00:00,3007A,119.178,34.844,连云港市,新城一中,,35,35,37,14,17,118,70,95,82,23,37,2,3,0.6,0.7
2022-11-10T23:00:00,3008A,119.3608,34.7519,连云港市,胡沟管理处,,36,36,39,17,21,103,36,103,63,55,22,9,7,0.5,0.4
2022-11-10T23:00:00,3009A,119.1478,34.5911,连云港市,矿山设计院,颗粒物(PM10),51,51,61,29,34,98,68,90,80,17,24,7,7,0.4,0.5
2022-11-10T23:00:00,3010A,119.9025,31.7964,常州市,钟楼,颗粒物(PM10),75,100,123,53,66,160,46,106,56,27,66,5,8,0.4,0.9
2022-11-10T23:00:00,3012A,112.1849,31.0362,荆门市,西山林语,细颗粒物(PM2.5),199,202,120,149,78,181,144,163,132,17,28,12,13,1.0,0.9
2022-11-10T23:00:00,3014A,106.4958,29.5346,重庆市,歇台子,细颗粒物(PM2.5),78,95,103,57,61,90,8,60,36,64,57,10,11,1.1,1
2022-11-10T23:00:00,3015A,106.4037,29.5728,重庆市,龙井湾,细颗粒物(PM2.5),77,73,83,56,54,87,26,70,46,37,34,8,13,0.9,0.9
2022-11-10T23:00:00,3016A,106.5507,29.4153,重庆市,龙洲湾,细颗粒物(PM2.5),75,88,93,55,76,89,32,68,51,48,47,2,11,0.7,0.8
2022-11-10T23:00:00,3018A,111.505,36.1014,临汾市,唐尧大酒店,细颗粒物(PM2.5),85,112,126,63,89,79,57,56,56,29,44,2,10,0.8,1.1
2022-11-10T23:00:00,3020A,117.2101,39.1699,天津市,中山北路,细颗粒物(PM2.5),173,183,231,131,184,76,7,48,16,40,53,7,7,1.3,1.7
2022-11-10T23:00:00,3021A,115,35.7668,濮阳市,濮水河管理处,细颗粒物(PM2.5),276,254,174,226,166,22,4,14,5,50,35,8,8,1.3,1
2022-11-10T23:00:00,3022A,112.4433,34.6686,洛阳市,凯旋路小学,,,,,,,,,,,,,,,,
2022-11-10T23:00:00,3025A,113.0477,23.6344,清远市,技师学院,细颗粒物(PM2.5),114,119,59,86,38,142,11,118,91,68,24,9,10,1.1,0.9
2022-11-10T23:00:00,3026A,116.6183,23.6608,潮州市,市政府,,39,39,57,19,27,168,55,142,90,16,27,10,20,0.6,0.7
2022-11-10T23:00:00,3027A,104.72,29.3427,自贡市,青杠林路,细颗粒物(PM2.5),87,88,86,64,65,93,28,78,64,34,22,5,6,0.4,0.4
2022-11-10T23:00:00,3028A,104.776,29.3627,自贡市,檀木林体育馆,细颗粒物(PM2.5),84,84,73,62,59,99,41,84,71,30,22,7,9,0.6,0.6
2022-11-10T23:00:00,3033A,87.4651,43.4569,乌鲁木齐市,培训基地,,21,0,2,0,1,69,67,67,66,5,6,7,8,0.6,0.6
2022-11-10T23:00:00,3034A,113.1076,41.0385,乌兰察布市,光明街小学,,42,42,52,28,43,33,20,26,26,47,50,15,14,1.1,1.2
2022-11-10T23:00:00,3035A,122.0931,46.0707,兴安盟,北滨河,细颗粒物(PM2.5),248,264,130,198,98,93,10,63,34,71,37,6,6,1.5,0.8
2022-11-10T23:00:00,3036A,118.6904,37.4338,东营市,开发区管委会,,,43,102,,79,101,87,77,75,11,37,6,11,0.4,0.8
2022-11-10T23:00:00,3038A,103.3758,23.368,红河州,州图书馆,细颗粒物(PM2.5),62,56,47,44,37,96,86,96,78,7,7,4,4,0.6,0.5
2022-11-10T23:00:00,3039A,111.1911,34.7829,三门峡市,三门峡市第一小学,细颗粒物(PM2.5),89,53,101,66,109,115,76,113,87,17,19,4,7,0.9,1
2022-11-10T23:00:00,3045A,109.9643,33.8471,商洛市,商州区中学,细颗粒物(PM2.5),90,114,106,67,67,140,42,94,50,60,41,9,7,0.9,0.9
2022-11-10T23:00:00,3046A,115.9084,28.6062,南昌市,机电学校,颗粒物(PM10),78,105,85,52,36,129,28,113,58,55,46,8,9,0.7,0.6
2022-11-10T23:00:00,3048A,119.5799,26.0936,福州市,九龙,,39,25,27,27,23,83,60,76,75,11,9,3,4,0.3,0.4
2022-11-10T23:00:00,3051A,117.3876,39.1488,天津市,西四道,细颗粒物(PM2.5),180,181,210,136,171,49,0,33,10,55,55,7,6,1.4,1.7
2022-11-10T23:00:00,3054A,113.9194,35.2847,新乡市,市委党校,细颗粒物(PM2.5),175,178,189,132,146,53,26,32,32,57,57,13,11,2.0,1.7
2022-11-10T23:00:00,3055A,101.7775,36.6428,西宁市,城北区政府,颗粒物(PM10),61,71,85,36,57,129,78,108,94,26,32,23,36,0.4,1.1
2022-11-10T23:00:00,3057A,121.5992,37.4014,烟台市,牟平检察院,,,58,56,45,37,95,63,77,66,,35,5,9,0.8,0.8
2022-11-10T23:00:00,3058A,119.2658,42.0353,赤峰市,银河街,颗粒物(PM10),118,185,92,81,35,62,19,51,25,66,42,73,31,1.5,0.9
2022-11-10T23:00:00,3059A,117.7161,36.2049,济南市,泰兴公司,"颗粒物(PM10),细颗粒物(PM2.5)",84,117,113,62,64,73,5,63,18,73,66,8,9,1.3,1.7
2022-11-10T23:00:00,3061A,119.7512,49.1577,呼伦贝尔市,国华电力东,,20,18,22,14,14,41,41,35,35,6,12,3,3,0.2,0.3
2022-11-10T23:00:00,3064A,117.6867,36.2171,济南市,莱芜战役纪念馆,细颗粒物(PM2.5),79,95,101,58,64,80,6,62,19,84,60,6,8,1.5,1.9
2022-11-10T23:00:00,3065A,101.9533,29.9972,甘孜藏族自治州,州环保局,,21,17,26,6,7,78,19,70,55,42,14,8,8,0.4,0.3
2022-11-10T23:00:00,3066A,116.2721,37.4379,德州市,九衢泉纯净水厂,细颗粒物(PM2.5),243,252,205,193,142,74,4,50,26,64,51,12,12,1.6,1.3
2022-11-10T23:00:00,3109A,115.0093,25.8613,赣州市,赣县区卫计委,颗粒物(PM10),59,68,54,23,22,138,1,106,52,52,32,12,7,0.8,0.8
2022-11-10T23:00:00,3122A,105.9606,26.2611,安顺市,伍家关(对照点),,,,,,,,,,,,,,,,
2022-11-10T23:00:00,3123A,105.9408,26.2431,安顺市,凤凰山,细颗粒物(PM2.5),52,41,39,36,32,104,98,94,93,6,7,9,9,0.5,0.5
2022-11-10T23:00:00,3124A,105.9439,26.2564,安顺市,金钟山,,49,41,38,34,33,104,97,95,93,5,5,9,10,0.6,0.6
2022-11-10T23:00:00,3125A,105.8983,26.2481,安顺市,娄家坡,细颗粒物(PM2.5),53,45,41,37,33,100,97,95,91,5,6,6,5,0.5,0.5
2022-11-10T23:00:00,3128A,92.0506,31.4797,那曲地区,那曲会议中心,,42,42,30,21,13,87,45,79,70,26,13,12,9,1.1,0.8
2022-11-10T23:00:00,3129A,102.0306,36.5067,海东地区,平安高铁新区,,,,,,,,,,,,,,,,
2022-11-10T23:00:00,3131A,114.879,40.7993,张家口市,烟厂,细颗粒物(PM2.5),63,72,58,45,43,95,85,74,57,28,38,4,5,1.2,1.4
2022-11-10T23:00:00,3132A,119.610547,39.943889,秦皇岛市,文明里,细颗粒物(PM2.5),70,72,114,51,78,83,42,74,40,47,46,8,9,0.7,1
2022-11-10T23:00:00,3133A,106.5468,29.5654,重庆市,上清寺,细颗粒物(PM2.5),77,93,99,56,58,66,2,41,25,78,77,10,13,1.3,1.3
2022-11-10T23:00:00,3134A,113.8172,34.0339,许昌市,市一中,细颗粒物(PM2.5),113,170,144,85,68,104,22,84,56,31,35,11,17,0.9,1
2022-11-10T23:00:00,3136A,104.2725,30.5589,成都市,龙泉驿区区政府,细颗粒物(PM2.5),79,78,78,58,58,75,28,52,49,20,31,4,5,0.8,0.9
2022-11-10T23:00:00,3137A,103.8578,30.0744,眉山市,市委党校,细颗粒物(PM2.5),102,90,100,76,82,85,3,58,40,56,42,6,8,1.0,0.9
2022-11-10T23:00:00,3138A,111.7153,29.0289,常德市,武陵区永安,,,81,108,,92,166,95,148,125,15,31,6,6,0.7,1
2022-11-10T23:00:00,3139A,111.6892,28.9881,常德市,鼎城区玉霞,细颗粒物(PM2.5),112,94,102,84,67,178,73,154,122,30,33,13,13,0.8,0.8
2022-11-10T23:00:00,3140A,111.6625,29.0531,常德市,武陵区长庚,细颗粒物(PM2.5),83,69,95,61,78,178,87,154,125,23,24,10,10,0.7,0.8
2022-11-10T23:00:00,3141A,114.3922,36.0878,安阳市,信访局,细颗粒物(PM2.5),261,239,231,211,201,34,16,26,24,63,60,10,10,1.3,1.7
2022-11-10T23:00:00,3147A,114.3438,34.8106,开封市,龙亭公园,细颗粒物(PM2.5),248,264,179,198,138,33,7,26,9,47,46,3,3,1.3,1
2022-11-10T23:00:00,3148A,103.8291,30.0564,眉山市,区人社局,细颗粒物(PM2.5),100,101,89,75,70,83,2,58,38,68,44,7,7,1.2,1
2022-11-10T23:00:00,3149A,115.0235,30.1578,黄石市,笔架山北路,颗粒物(PM10),54,58,76,32,43,168,82,154,123,23,32,10,8,0.4,0.5
2022-11-10T23:00:00,3151A,114.375,27.8097,宜春市,宜春学院北校区,颗粒物(PM10),63,75,66,31,37,117,24,97,60,50,29,8,20,0.9,0.8
2022-11-10T23:00:00,3153A,114.3877,30.4908,武汉市,民族大道182号,颗粒物(PM10),61,71,91,30,44,170,78,147,110,44,50,15,16,0.9,1
2022-11-10T23:00:00,3164A,119.4686,32.3942,扬州市,广陵建设局,细颗粒物(PM2.5),63,62,76,45,48,85,23,55,33,38,52,5,7,0.6,0.9
2022-11-10T23:00:00,3165A,108.6594,34.2969,咸阳市,两寺渡,颗粒物(PM10),59,67,128,28,50,22,2,14,5,44,44,4,3,1.3,1.3
2022-11-10T23:00:00,3169A,113.2725,35.2067,焦作市,太极体育中心(启用180720),细颗粒物(PM2.5),198,160,189,148,144,66,18,44,22,41,39,5,9,1.4,1.3
2022-11-10T23:00:00,3170A,102.1864,38.5253,金昌市,市委党校,,,,,,,93,85,86,83,10,17,5,29,0.5,0.6
2022-11-10T23:00:00,3171A,115.6071,34.4465,商丘市,梁园区档案局,细颗粒物(PM2.5),85,112,117,63,74,92,45,65,56,22,41,8,10,0.6,0.7
2022-11-10T23:00:00,3173A,117.0598,30.5351,安庆市,市人大,颗粒物(PM10),61,72,63,38,39,144,108,118,95,18,29,12,11,1.0,1
2022-11-10T23:00:00,3178A,119.0587,36.721,潍坊市,潍坊七中,细颗粒物(PM2.5),74,92,69,54,43,96,27,80,44,44,31,6,6,0.8,0.7
2022-11-10T23:00:00,3179A,102.7494,25.0119,昆明市,官渡区博物馆,颗粒物(PM10),53,55,49,28,24,102,33,84,65,40,32,8,8,0.5,0.6
2022-11-10T23:00:00,3180A,99.7136,27.8094,迪庆州,质量技术监督局,,30,28,22,21,15,105,60,96,90,29,12,8,7,1.0,0.6
2022-11-10T23:00:00,3182A,106.7656,31.8545,巴中市,丽阳花园,细颗粒物(PM2.5),83,71,51,61,40,28,4,19,8,18,21,1,1,0.8,0.8
2022-11-10T23:00:00,3183A,106.7418,31.8654,巴中市,圣泉水务公司,,45,43,38,31,31,29,9,23,8,28,21,4,4,0.6,0.6
2022-11-10T23:00:00,3185A,112.5628,37.8964,太原市,巨轮,细颗粒物(PM2.5),130,130,155,99,117,78,68,70,70,36,46,7,12,1.1,1.5
2022-11-10T23:00:00,3186A,103.7158,36.1058,兰州市,教育港,颗粒物(PM10),86,122,110,42,59,132,90,101,92,29,49,7,25,4.3,1.6
2022-11-10T23:00:00,3187A,116.9509,33.666,宿州市,远航博物馆,细颗粒物(PM2.5),115,108,102,87,69,81,44,67,60,26,29,2,2,0.6,0.6
2022-11-10T23:00:00,3188A,115.6683,37.7217,衡水市,市城管局,细颗粒物(PM2.5),286,308,286,236,221,27,0,18,10,75,62,12,11,0.8,0.5
2022-11-10T23:00:00,3190A,116.0254,29.6994,九江市,外国语学校,细颗粒物(PM2.5),65,57,69,47,51,144,71,117,91,32,49,13,18,1.0,1.2
2022-11-10T23:00:00,3191A,118.3225,33.9447,宿迁市,宿豫区政府,细颗粒物(PM2.5),53,49,45,37,29,98,45,73,63,25,24,5,4,0.6,0.6
2022-11-10T23:00:00,3192A,80.0903,32.5028,阿里地区,阿里藏医院,,28,3,11,2,2,94,88,92,90,2,2,8,8,0.5,0.5
2022-11-10T23:00:00,3194A,112.2747,30.3122,荆州市,管委会,细颗粒物(PM2.5),79,94,106,58,71,180,81,156,116,38,47,10,10,1.0,1.1
2022-11-10T23:00:00,3195A,119.3633,32.3972,扬州市,市体育局,颗粒物(PM10),67,83,95,45,53,105,40,72,49,33,55,6,8,0.8,1.2
2022-11-10T23:00:00,3200A,115.9819,36.4978,聊城市,监控中心,细颗粒物(PM2.5),258,278,172,208,111,59,4,53,11,56,44,10,21,1.0,0.6
2022-11-10T23:00:00,3201A,102.6486,37.9325,武威市,东关招商场,颗粒物(PM10),99,148,139,43,47,104,49,91,63,23,22,8,12,0.6,0.6
2022-11-10T23:00:00,3204A,113.3025,33.73,平顶山市,规划局,,,,212,,155,47,,36,,,48,,12,,1.3
2022-11-10T23:00:00,3206A,114.9149,27.807,新余市,新钢沁园村,细颗粒物(PM2.5),70,86,87,51,46,104,17,87,40,66,43,16,33,0.9,1.2
2022-11-10T23:00:00,3207A,118.3118,32.3038,滁州市,市政府原办公楼,细颗粒物(PM2.5),93,123,98,69,51,160,50,140,83,23,44,5,8,0.5,0.7
2022-11-10T23:00:00,3208A,112.7283,38.4153,忻州市,市政府,细颗粒物(PM2.5),135,123,144,103,121,113,88,88,81,26,44,12,15,1.0,1.2
2022-11-10T23:00:00,3209A,119.5231,26.6562,宁德市,宁德一中,,21,21,25,13,19,64,26,51,43,15,19,5,5,0.6,0.7
2022-11-10T23:00:00,3210A,114.3644,34.7964,开封市,汴京公园,细颗粒物(PM2.5),274,256,142,224,155,30,3,22,7,42,41,5,5,1.3,1
2022-11-10T23:00:00,3216A,114.6622,24.5183,漳州市,漳州党校,,37,37,45,21,28,150,31,118,80,31,32,5,9,0.7,0.7
2022-11-10T23:00:00,3237A,117.4918,30.6617,池州市,展览馆,颗粒物(PM10),60,70,60,38,37,128,97,109,100,16,27,7,9,0.7,0.9
2022-11-10T23:00:00,3239A,125.0764,42.9078,辽源市,银鹰制药,细颗粒物(PM2.5),198,244,138,148,90,100,6,75,21,60,49,21,13,1.8,1.3
2022-11-10T23:00:00,3241A,103.7439,36.0842,兰州市,百合公园,颗粒物(PM10),89,128,102,37,56,121,90,98,90,13,39,8,21,0.6,1
2022-11-10T23:00:00,3242A,103.9611,35.998,兰州市,和平,颗粒物(PM10),114,178,92,52,51,111,89,93,88,20,33,23,17,1.2,1.4
2022-11-10T23:00:00,3247A,104.955,33.371,陇南市,市总工会,,28,28,36,9,16,90,89,88,88,10,17,9,9,0.5,0.5
2022-11-10T23:00:00,3248A,98.2643,39.7724,嘉峪关市,雄关区,颗粒物(PM10),58,65,52,32,24,113,50,93,59,37,34,9,29,0.1,0.6
2022-11-10T23:00:00,3265A,121.4316,31.3322,上海市,宝山庙行,,44,44,64,30,42,81,56,55,50,26,45,4,6,0.5,0.7
2022-11-10T23:00:00,3266A,121.8791,31.4662,上海市,崇明上实东滩,,,7,24,14,22,101,54,81,69,12,22,,9,,0.7
2022-11-10T23:00:00,3268A,121.3162,31.2838,上海市,嘉定南翔,,42,31,47,29,39,100,63,71,60,16,35,4,6,0.5,0.6
2022-11-10T23:00:00,3269A,121.3359,30.7456,上海市,金山新城,,33,30,48,23,34,146,56,124,80,10,21,4,8,0.5,0.6
2022-11-10T23:00:00,3270A,121.4996,31.0739,上海市,闵行浦江,,49,44,39,34,31,113,37,85,60,32,32,5,5,0.5,0.7
2022-11-10T23:00:00,3271A,121.2886,31.1663,上海市,青浦徐泾,,42,34,48,29,33,97,62,80,65,19,30,6,6,0.7,0.8
2022-11-10T23:00:00,3272A,121.2186,31.0378,上海市,松江图书馆,细颗粒物(PM2.5),62,44,44,44,38,119,44,90,60,30,43,7,8,0.7,0.8
2022-11-10T23:00:00,3273A,121.3902,31.2059,上海市,长宁仙霞,,36,36,61,25,36,105,61,71,57,20,34,6,7,0.7,0.8
2022-11-10T23:00:00,3274A,121.7965,31.0507,上海市,浦东惠南,细颗粒物(PM2.5),60,43,39,43,34,101,4,76,47,62,34,5,5,0.7,0.7
2022-11-10T23:00:00,3281A,115.9718,40.4529,北京市,延庆夏都,细颗粒物(PM2.5),132,129,98,100,79,80,47,68,57,27,27,3,3,0.9,0.8
2022-11-10T23:00:00,3282A,113.3397,40.0597,大同市,大同市卫生学校,,35,30,46,24,45,77,55,65,59,19,22,5,8,1.1,1.1
2022-11-10T23:00:00,3283A,109.9154,40.5685,包头市,滨河大厦,细颗粒物(PM2.5),92,92,85,68,64,77,26,62,52,48,30,12,13,1.1,1.1
2022-11-10T23:00:00,3284A,106.813,39.7274,乌海市,海北新区,颗粒物(PM10),64,77,109,38,56,70,30,53,41,23,46,16,22,1.1,1.3
2022-11-10T23:00:00,3285A,113.1376,40.9509,乌兰察布市,北京八中,,45,38,59,31,47,30,2,19,15,36,47,13,20,0.9,1.4
2022-11-10T23:00:00,3286A,118.9359,42.3147,赤峰市,桥北物流园区,颗粒物(PM10),70,90,91,33,34,56,12,46,25,39,38,40,25,0.9,0.7
2022-11-10T23:00:00,3287A,119.3842,32.1976,镇江市,富润路1号,细颗粒物(PM2.5),64,54,76,46,64,144,54,108,68,32,59,7,9,0.6,1
2022-11-10T23:00:00,3288A,117.4754,34.4422,徐州市,大泉街道,细颗粒物(PM2.5),108,125,115,81,55,109,45,76,66,32,23,9,8,0.9,0.8
2022-11-10T23:00:00,3289A,120.743,31.3188,苏州市,方洲路,细颗粒物(PM2.5),60,56,58,43,45,94,1,72,41,62,43,6,7,0.6,0.7
2022-11-10T23:00:00,3290A,120.5031,31.2774,苏州市,木渎中学,细颗粒物(PM2.5),55,55,49,39,35,114,26,94,56,44,48,6,6,0.7,0.8
2022-11-10T23:00:00,3291A,121.067,32.062,南通市,通州监测站,,45,44,44,31,32,110,68,93,79,6,16,3,4,0.5,0.6
2022-11-10T23:00:00,3293A,120.1501,33.3367,盐城市,月亮广场,,,,69,11,17,107,63,90,78,13,16,6,6,0.5,0.6
2022-11-10T23:00:00,3294A,119.5653,32.4222,扬州市,引江管理处,细颗粒物(PM2.5),52,48,63,36,42,81,25,56,32,32,50,6,6,0.6,0.9
2022-11-10T23:00:00,3295A,120.1259,32.5099,泰州市,姜堰区政府广场,颗粒物(PM10),57,63,51,34,30,91,48,75,70,22,29,9,9,0.5,0.8
2022-11-10T23:00:00,3298A,113.5717,23.5491,广州市,从化街口,细颗粒物(PM2.5),79,86,66,58,41,181,11,150,102,56,28,6,6,0.9,0.8
2022-11-10T23:00:00,3299A,113.3472,23.3692,广州市,白云竹料,细颗粒物(PM2.5),130,205,97,99,52,192,17,150,98,89,53,5,5,1.2,0.8
2022-11-10T23:00:00,3300A,113.2981,23.237,广州市,白云嘉禾,颗粒物(PM10),117,183,124,74,56,181,4,110,70,102,81,7,7,1.1,0.9
2022-11-10T23:00:00,3301A,113.4256,23.1716,广州市,黄埔科学城,细颗粒物(PM2.5),82,98,68,60,41,133,9,109,70,65,43,4,5,0.8,0.7
2022-11-10T23:00:00,3302A,113.3942,23.0483,广州市,番禺大学城,颗粒物(PM10),80,110,88,57,44,139,19,123,73,82,65,6,8,1.0,1
2022-11-10T23:00:00,3303A,113.4922,22.8168,广州市,南沙黄阁,细颗粒物(PM2.5),72,90,70,52,46,176,8,138,90,107,69,5,5,1.2,1.1
2022-11-10T23:00:00,3304A,113.5342,22.7896,广州市,南沙街,细颗粒物(PM2.5),83,83,61,61,44,154,67,138,116,49,55,6,7,1.0,0.9
2022-11-10T23:00:00,3305A,114.0731,22.559,深圳市,莲花,,29,29,42,17,24,92,31,76,56,33,31,5,5,0.7,0.8
2022-11-10T23:00:00,3306A,114.0261,22.6198,深圳市,民治,细颗粒物(PM2.5),88,104,126,65,82,93,47,93,65,63,82,34,32,0.9,1.1
2022-11-10T23:00:00,3307A,114.1871,22.6451,深圳市,横岗,,42,42,45,26,26,193,69,134,96,42,44,7,8,0.7,0.7
2022-11-10T23:00:00,3308A,113.3494,22.0569,珠海市,金湾,,42,33,32,29,25,128,59,101,88,22,20,7,8,0.5,0.4
2022-11-10T23:00:00,3311A,113.1075,22.5647,江门市,江海富民,颗粒物(PM10),92,134,104,61,54,158,5,127,67,108,60,7,7,1.9,1.2
2022-11-10T23:00:00,3313A,112.4575,23.0166,肇庆市,高要湖西,,38,38,36,26,24,110,23,90,66,27,21,6,22,0.8,0.7
2022-11-10T23:00:00,3314A,114.4338,22.8134,惠州市,惠阳秋长,,34,34,47,18,21,143,100,122,106,15,24,5,5,0.6,0.7
2022-11-10T23:00:00,3315A,116.1233,24.2991,梅州市,梅龙,,39,39,38,25,22,129,29,112,64,25,21,8,9,0.8,0.7
2022-11-10T23:00:00,3317A,111.9765,21.8947,阳江市,两阳中学,细颗粒物(PM2.5),68,82,55,49,32,116,49,105,76,46,31,14,9,0.6,0.6
2022-11-10T23:00:00,3318A,112.9903,23.7403,清远市,清新太和,细颗粒物(PM2.5),68,76,34,49,22,123,69,94,92,18,16,9,6,0.8,0.7
2022-11-10T23:00:00,3319A,113.7338,23.0381,东莞市,万江金泰,细颗粒物(PM2.5),100,139,94,75,56,205,6,148,89,136,64,7,9,1.3,1.2
2022-11-10T23:00:00,3320A,116.403,23.5699,揭阳市,曲溪,,40,40,48,21,28,170,54,145,95,11,18,6,7,0.4,0.6
2022-11-10T23:00:00,3323A,115.2773,40.9724,张家口市,青少年活动中心,,,17,21,25,17,107,53,90,71,12,12,4,4,,0.4
2022-11-10T23:00:00,3324A,116.8136,38.3004,沧州市,河北水利电力学院,细颗粒物(PM2.5),235,,,185,205,49,22,39,36,41,55,12,12,1.4,1.2
2022-11-10T23:00:00,3325A,117.0365,39.3828,天津市,雍阳西道,细颗粒物(PM2.5),173,173,216,131,175,109,16,81,42,42,47,5,8,1.2,1.3
2022-11-10T23:00:00,3326A,117.0296,39.0605,天津市,辛老路,细颗粒物(PM2.5),222,236,258,172,192,65,5,52,21,56,65,7,9,1.6,1.6
2022-11-10T23:00:00,3327A,116.9638,38.9375,天津市,地纬路,细颗粒物(PM2.5),219,235,241,169,195,56,0,44,16,65,65,8,9,2.0,1.6
2022-11-10T23:00:00,3328A,118.4209,31.3707,芜湖市,市气象局,细颗粒物(PM2.5),109,112,73,82,46,154,43,135,109,28,28,9,10,1.1,0.7
2022-11-10T23:00:00,3329A,117.0108,32.5893,淮南市,山南新区,细颗粒物(PM2.5),132,150,107,100,74,154,53,131,89,43,36,6,7,0.8,0.7
2022-11-10T23:00:00,3330A,116.8873,33.9836,淮北市,杜集区检察院,细颗粒物(PM2.5),69,72,77,50,55,99,82,81,81,14,20,7,9,0.7,0.7
2022-11-10T23:00:00,3331A,118.3267,32.2634,滁州市,图书馆,颗粒物(PM10),76,101,92,50,43,160,46,133,89,26,43,7,9,0.7,0.8
2022-11-10T23:00:00,3332A,115.7633,33.8034,亳州市,亳州学院,细颗粒物(PM2.5),110,111,110,83,86,144,52,114,81,11,16,4,6,0.8,0.8
2022-11-10T23:00:00,3333A,117.5627,30.695,池州市,第八中学,"颗粒物(PM10),细颗粒物(PM2.5)",58,66,60,41,38,130,93,117,96,20,29,6,6,0.6,0.9
2022-11-10T23:00:00,3334A,117.5038,30.6243,池州市,第十二中学,细颗粒物(PM2.5),65,66,58,47,38,140,103,120,111,21,36,6,6,0.7,0.8
2022-11-10T23:00:00,3335A,113.3137,35.2641,焦作市,马村街道办(新增191226),细颗粒物(PM2.5),186,192,171,140,130,61,25,47,25,31,28,13,6,1.5,1.3
2022-11-10T23:00:00,3336A,113.2465,35.2373,焦作市,焦作技师学院(新增200110),细颗粒物(PM2.5),203,204,180,153,134,60,24,50,24,32,29,14,7,1.4,1.3
2022-11-10T23:00:00,3337A,113.8614,34.0442,许昌市,许昌学院,颗粒物(PM10),116,181,162,81,68,103,21,83,55,29,38,30,25,0.9,1
2022-11-10T23:00:00,3338A,113.843,34.0823,许昌市,芙蓉广场,细颗粒物(PM2.5),137,190,164,104,84,108,15,87,53,37,37,7,17,1.0,1.1
2022-11-10T23:00:00,3339A,114.0012,33.0412,驻马店市,小管楼,细颗粒物(PM2.5),170,185,206,129,139,142,47,122,100,43,54,9,11,0.8,0.8
2022-11-10T23:00:00,3340A,112.6005,34.6326,洛阳市,伊滨,细颗粒物(PM2.5),180,135,163,136,158,46,36,37,37,19,35,7,8,0.8,0.9
2022-11-10T23:00:00,3341A,112.4951,34.6332,洛阳市,中移产业园,细颗粒物(PM2.5),195,149,171,146,171,51,35,40,39,24,40,5,6,0.6,0.7
2022-11-10T23:00:00,3342A,128.4741,47.4346,伊春市,中心小学,颗粒物(PM10),51,52,64,26,44,40,3,30,8,20,17,4,4,0.6,0.6
2022-11-10T23:00:00,3343A,128.6871,47.7369,伊春市,检察院,颗粒物(PM10),66,82,40,20,20,50,4,39,13,18,11,2,2,0.5,0.4
2022-11-10T23:00:00,3344A,128.8431,47.8474,伊春市,双子河社区,,23,11,44,16,21,45,16,37,15,17,15,6,6,0.6,0.7
2022-11-10T23:00:00,3345A,131.0577,45.7879,七台河市,中波台,颗粒物(PM10),67,83,63,31,37,45,4,39,12,42,37,15,12,1.1,0.7
2022-11-10T23:00:00,3346A,108.3872,31.1628,重庆市,安康,细颗粒物(PM2.5),67,62,52,48,40,54,2,35,13,34,29,9,10,0.6,0.6
2022-11-10T23:00:00,3347A,105.9017,29.3569,重庆市,北山路,细颗粒物(PM2.5),94,56,70,70,71,113,64,92,86,18,27,13,14,0.7,0.8
2022-11-10T23:00:00,3348A,105.839,30.1946,重庆市,春阳街,细颗粒物(PM2.5),69,64,57,50,40,58,20,42,37,17,21,12,12,0.7,0.7
2022-11-10T23:00:00,3349A,107.7983,30.6758,重庆市,人民东路,"颗粒物(PM10),细颗粒物(PM2.5)",55,60,54,39,34,99,67,89,76,18,14,8,8,0.7,0.7
2022-11-10T23:00:00,3350A,106.6479,29.0244,重庆市,滩子口,细颗粒物(PM2.5),160,146,128,122,99,118,21,97,71,46,36,28,36,1.2,1.1
2022-11-10T23:00:00,3351A,105.7167,29.7076,重庆市,棠香,颗粒物(PM10),57,64,61,34,36,81,28,68,58,21,17,9,7,0.7,0.7
2022-11-10T23:00:00,3352A,107.0732,29.8617,重庆市,桃源西路,细颗粒物(PM2.5),135,119,79,103,59,83,28,67,49,34,36,11,12,0.9,0.8
2022-11-10T23:00:00,3353A,107.3535,29.7287,重庆市,迎宾大道,细颗粒物(PM2.5),83,69,65,61,54,117,6,71,47,76,50,6,8,1.0,0.7
2022-11-10T23:00:00,3354A,108.815,29.5081,重庆市,舟白,细颗粒物(PM2.5),65,51,48,47,39,130,93,113,100,13,13,8,7,0.5,0.5
2022-11-10T23:00:00,3355A,108.3679,30.8426,重庆市,周家坝,细颗粒物(PM2.5),87,101,67,64,50,64,10,42,33,71,52,15,11,0.9,0.8
2022-11-10T23:00:00,3356A,108.4319,30.7555,重庆市,百安坝,,50,43,47,35,34,86,51,72,60,35,36,12,11,0.5,0.6
2022-11-10T23:00:00,3357A,104.0106,30.6931,成都市,金博路,细颗粒物(PM2.5),89,98,87,66,61,65,0,44,24,54,36,2,3,0.9,0.8
2022-11-10T23:00:00,3358A,103.8458,30.6994,成都市,临江路,细颗粒物(PM2.5),117,135,90,88,63,67,1,48,28,64,41,3,5,0.8,0.7
2022-11-10T23:00:00,3359A,104.0578,30.5225,成都市,华阳,细颗粒物(PM2.5),83,78,77,61,58,43,15,30,22,50,46,1,1,0.8,0.9
2022-11-10T23:00:00,3360A,104.7894,29.3194,自贡市,南湖救助站,细颗粒物(PM2.5),83,78,85,61,61,89,30,71,61,37,23,10,10,0.6,0.6
2022-11-10T23:00:00,3361A,103.7311,29.5628,乐山市,理工大学,细颗粒物(PM2.5),67,76,71,48,49,89,6,73,43,50,27,10,6,0.9,0.8
2022-11-10T23:00:00,3362A,120.5014,36.4034,青岛市,即墨2号,,33,20,35,15,16,106,103,103,103,8,18,4,5,0.3,0.3
2022-11-10T23:00:00,3363A,117.9883,36.8372,淄博市,新区,细颗粒物(PM2.5),125,132,109,95,74,111,12,89,54,79,55,5,10,0.6,0.7
2022-11-10T23:00:00,3364A,117.3152,34.8103,枣庄市,市环保局,细颗粒物(PM2.5),117,134,105,88,70,90,40,77,60,46,35,10,11,0.9,0.8
2022-11-10T23:00:00,3365A,118.5719,37.565,东营市,垦利区民丰路,颗粒物(PM10),51,51,107,34,73,110,71,89,82,28,49,12,16,0.7,1.1
2022-11-10T23:00:00,3366A,121.5206,37.4336,烟台市,中国农业大学,颗粒物(PM10),58,66,54,34,23,94,90,86,86,18,30,7,7,0.4,0.4
2022-11-10T23:00:00,3368A,119.1977,36.6872,潍坊市,高新实验学校,细颗粒物(PM2.5),62,70,66,44,40,94,44,80,49,19,22,7,8,0.6,0.7
2022-11-10T23:00:00,3369A,118.3977,35.0278,临沂市,开发区幼儿园,,,,,,,,,,,,,,,,
2022-11-10T23:00:00,3370A,118.3564,35.0215,临沂市,十里堡居委,细颗粒物(PM2.5),58,63,60,41,42,105,54,97,80,33,33,3,4,0.7,0.8
2022-11-10T23:00:00,3371A,116.3728,37.4403,德州市,开发区人民医院,细颗粒物(PM2.5),271,267,207,221,163,79,12,55,32,50,47,8,10,1.1,1
2022-11-10T23:00:00,3372A,116.3572,37.4094,德州市,太阳城中学,细颗粒物(PM2.5),260,265,198,210,154,86,9,69,33,56,48,9,11,1.5,1.1
2022-11-10T23:00:00,3374A,115.5564,35.0891,菏泽市,定陶老年大学,细颗粒物(PM2.5),85,75,98,63,72,59,29,44,40,38,35,8,9,0.7,0.9
2022-11-10T23:00:00,3375A,102.8017,24.8336,昆明市,青年创业园,颗粒物(PM10),57,63,39,26,18,102,16,90,63,57,30,8,9,0.7,0.6
2022-11-10T23:00:00,3376A,103.7947,25.462,曲靖市,南苑二区,,40,40,29,22,20,123,77,108,102,14,12,10,8,0.5,0.5
2022-11-10T23:00:00,3377A,103.7444,25.5261,曲靖市,曲靖师范学院,颗粒物(PM10),64,78,45,43,30,124,13,109,85,101,26,20,11,1.1,0.5
2022-11-10T23:00:00,3378A,122.371,40.6771,营口市,老边实验中学,细颗粒物(PM2.5),77,73,68,56,69,119,40,111,40,42,45,29,14,1.3,1.2
2022-11-10T23:00:00,3379A,122.1139,40.2278,营口市,鲅鱼圈市民活动中心,,46,42,88,32,59,107,75,88,36,20,39,4,6,0.7,1
2022-11-10T23:00:00,3380A,102.8914,34.9617,甘南州,甘肃民族师范学院,细颗粒物(PM2.5),79,76,34,58,18,96,80,89,88,19,24,12,15,0.6,0.5
2022-11-10T23:00:00,3396A,112.0828,32.0067,襄阳市,襄城隆中路,细颗粒物(PM2.5),217,232,212,167,152,144,69,119,99,35,32,11,13,1.0,1
2022-11-10T23:00:00,3397A,112.1214,32.1008,襄阳市,高新台子湾,细颗粒物(PM2.5),208,189,206,158,150,151,30,118,93,59,42,10,11,1.1,1.1
2022-11-10T23:00:00,3398A,114.9136,30.4445,黄冈市,市林业局,细颗粒物(PM2.5),67,79,84,48,43,172,65,142,101,33,24,16,15,0.7,0.7
2022-11-10T23:00:00,3399A,112.6703,26.882,衡阳市,师范学院,,47,47,44,31,29,112,58,99,77,16,16,10,11,0.6,0.7
2022-11-10T23:00:00,3400A,109.1911,21.4415,北海市,龙潭自来水厂,,32,24,30,18,20,148,100,132,113,7,9,6,8,0.5,0.5
2022-11-10T23:00:00,3401A,108.4834,22.7618,南宁市,红星社区,颗粒物(PM10),53,56,59,30,37,80,44,73,59,25,19,8,8,0.8,0.8
2022-11-10T23:00:00,3402A,109.5422,24.3996,柳州市,市二中,,43,43,54,23,30,85,62,77,70,14,24,7,10,0.7,0.7
2022-11-10T23:00:00,3403A,110.1764,25.2381,桂林市,创业大厦,,48,48,45,22,23,98,50,84,65,26,30,11,35,0.4,0.4
2022-11-10T23:00:00,3404A,108.5959,21.9633,钦州市,北职校,细颗粒物(PM2.5),68,54,42,49,25,130,76,119,110,39,23,9,12,0.7,0.7
2022-11-10T23:00:00,3405A,109.5886,23.1172,贵港市,新世纪学校,细颗粒物(PM2.5),74,92,57,54,33,109,9,99,55,59,25,10,15,1.3,0.9
2022-11-10T23:00:00,3406A,106.6085,23.8798,百色市,祈福高中,细颗粒物(PM2.5),67,81,70,48,49,145,20,118,85,50,29,10,15,0.9,0.9
2022-11-10T23:00:00,3407A,120.6916,30.7739,嘉兴市,秀洲住建,细颗粒物(PM2.5),55,56,53,39,35,162,49,123,85,27,44,4,6,0.4,0.5
2022-11-10T23:00:00,3408A,120.5683,29.9361,绍兴市,绍兴中专,细颗粒物(PM2.5),93,115,63,69,39,150,4,101,55,56,35,8,9,0.9,0.7
2022-11-10T23:00:00,3409A,120.4906,30.0861,绍兴市,柯桥区政府,颗粒物(PM10),73,95,69,51,36,114,26,95,60,36,43,8,8,0.7,0.8
2022-11-10T23:00:00,3410A,120.8752,30.0249,绍兴市,重华小学,颗粒物(PM10),74,97,68,42,34,143,0,100,60,48,26,8,7,0.8,0.8
2022-11-10T23:00:00,3411A,120.8369,30.0137,绍兴市,上虞中学,颗粒物(PM10),74,97,66,50,39,139,12,94,63,48,33,7,7,0.7,0.7
2022-11-10T23:00:00,3413A,118.1953,28.4401,上饶市,广丰区教体局,颗粒物(PM10),56,62,64,37,44,110,57,102,86,36,28,33,29,0.9,1
2022-11-10T23:00:00,3415A,114.4519,28.0828,宜春市,万载县环保局,颗粒物(PM10),85,119,90,49,50,139,42,127,59,53,44,24,23,0.8,0.9
2022-11-10T23:00:00,3416A,119.1755,36.7149,潍坊市,潍坊学院,颗粒物(PM10),63,75,74,38,38,96,57,80,42,25,35,4,5,0.6,0.8
2022-11-10T23:00:00,3417A,117.0709,40.1465,北京市,平谷新城,细颗粒物(PM2.5),147,142,120,112,92,112,3,99,58,49,21,3,3,1.5,0.9
2022-11-10T23:00:00,3418A,116.8336,40.4095,北京市,密云新城,细颗粒物(PM2.5),159,161,90,121,73,100,64,86,80,20,12,1,2,1.4,0.7
2022-11-10T23:00:00,3419A,109.9447,40.6261,包头市,包头市委党校,细颗粒物(PM2.5),89,102,92,66,66,82,10,57,37,86,51,13,25,1.1,1.2
2022-11-10T23:00:00,3421A,113.1775,40.9779,乌兰察布市,市委党校,,40,39,51,28,30,24,8,18,12,47,54,13,15,0.8,1.3
2022-11-10T23:00:00,3422A,118.8436,31.9198,南京市,江宁彩虹桥,细颗粒物(PM2.5),83,65,60,61,54,172,37,151,96,40,45,5,4,0.7,0.7
2022-11-10T23:00:00,3423A,119.0138,31.6494,南京市,溧水永阳,细颗粒物(PM2.5),93,105,79,69,52,167,28,148,101,38,46,3,4,0.9,0.9
2022-11-10T23:00:00,3424A,118.879,31.3302,南京市,高淳老职中,细颗粒物(PM2.5),80,85,65,59,51,160,13,142,104,56,38,5,8,1.4,0.9
2022-11-10T23:00:00,3425A,120.624,31.1733,苏州市,越秀幼儿园,细颗粒物(PM2.5),69,60,57,50,41,144,14,102,47,54,47,6,7,0.8,0.9
2022-11-10T23:00:00,3426A,118.8755,33.2894,淮安市,新华书店,颗粒物(PM10),57,64,57,34,32,118,44,90,66,28,26,7,6,0.5,0.6
2022-11-10T23:00:00,3427A,118.8554,32.3578,南京市,六合雄州,颗粒物(PM10),65,80,72,38,40,142,33,95,64,29,46,4,4,0.7,0.9
2022-11-10T23:00:00,3428A,120.3142,31.4753,无锡市,华庄,"颗粒物(PM10),细颗粒物(PM2.5)",60,69,77,43,46,117,42,75,46,19,46,9,10,1.0,0.9
2022-11-10T23:00:00,3429A,119.8598,31.7066,常州市,武进经发区,细颗粒物(PM2.5),68,73,78,49,50,157,28,117,60,44,63,8,9,1.4,1.1
2022-11-10T23:00:00,3430A,119.5826,31.7245,常州市,金坛城区,细颗粒物(PM2.5),69,81,73,50,48,238,19,137,77,53,55,5,6,1.1,0.9
2022-11-10T23:00:00,3431A,120.6505,31.416,苏州市,高铁新城,颗粒物(PM10),54,58,57,36,37,123,20,93,62,42,41,7,6,0.8,0.7
2022-11-10T23:00:00,3432A,120.9348,31.9883,南通市,环境教育馆,,,51,42,24,32,108,56,85,59,,34,1,2,0.3,0.4
2022-11-10T23:00:00,3434A,119.2413,34.6539,连云港市,工贸学校,,43,43,35,24,20,113,76,112,98,16,13,6,5,0.7,0.6
2022-11-10T23:00:00,3435A,119.9192,32.4322,泰州市,周山河街区,颗粒物(PM10),51,52,55,33,40,73,43,63,58,18,30,7,7,0.6,0.9
2022-11-10T23:00:00,3436A,120.4279,33.205,盐城市,大丰高级中学,,27,27,45,12,22,103,75,102,75,13,16,4,5,0.4,0.4
2022-11-10T23:00:00,3437A,88.3118,43.3658,乌鲁木齐市,达坂城区环保局,,18,7,9,7,6,74,57,70,66,11,7,2,2,0.2,0.2
2022-11-10T23:00:00,3438A,87.6162,43.8801,乌鲁木齐市,红光山片区,,24,15,11,3,4,75,16,62,47,48,25,4,3,0.9,0.4
2022-11-10T23:00:00,3439A,87.7024,43.8004,乌鲁木齐市,新师大温泉校区,,20,8,13,9,8,94,63,74,60,5,11,4,4,0.2,0.2
2022-11-10T23:00:00,3440A,87.4921,43.8411,乌鲁木齐市,大绿谷,,29,23,11,20,8,65,19,60,48,58,26,7,7,1.1,0.9
2022-11-10T23:00:00,3441A,87.546,44.1912,五家渠市,经开区管委会,,33,33,19,21,12,61,17,55,45,30,14,8,8,0.8,0.5
2022-11-10T23:00:00,3442A,86.047,44.2331,石河子市,南区管委会,,18,18,9,10,9,65,30,58,48,24,12,8,9,0.8,0.7
2022-11-10T23:00:00,3443A,113.2902,23.5544,广州市,花都梯面,细颗粒物(PM2.5),75,75,50,55,31,192,7,152,78,33,30,3,4,0.8,0.7
2022-11-10T23:00:00,3444A,116.454,23.2684,汕头市,潮南峡山,,19,19,29,8,16,160,52,122,84,9,11,7,8,0.6,0.6
2022-11-10T23:00:00,3445A,113.7858,23.7478,广州市,从化良口,,36,36,25,22,15,144,39,102,78,16,15,3,3,0.7,0.7
2022-11-10T23:00:00,3446A,113.8051,23.2614,广州市,增城荔城,颗粒物(PM10),57,63,46,35,26,158,22,128,68,40,27,6,6,0.7,0.6
2022-11-10T23:00:00,3447A,114.3551,22.7151,深圳市,坪山,,37,37,46,20,23,156,66,122,84,27,34,7,7,0.6,0.7
2022-11-10T23:00:00,3448A,113.5433,22.1163,珠海市,横琴,,33,33,28,21,21,129,66,106,95,13,17,8,8,0.5,0.5
2022-11-10T23:00:00,3449A,113.05,22.4667,江门市,新会银湖,颗粒物(PM10),58,66,64,32,37,154,16,112,61,34,38,6,6,0.9,0.9
2022-11-10T23:00:00,3450A,111.01,21.5165,茂名市,电白水东,,30,27,31,12,21,133,94,126,108,6,10,6,10,0.5,0.6
2022-11-10T23:00:00,3451A,112.5617,23.2083,肇庆市,鼎湖凤凰,,40,31,26,28,17,116,30,105,39,10,12,6,8,0.6,0.6
2022-11-10T23:00:00,3452A,114.6517,22.775,惠州市,大亚湾霞涌,,30,30,33,19,17,140,62,128,94,21,19,5,8,0.2,0.2
2022-11-10T23:00:00,3453A,112.0125,21.8749,阳江市,阳东陶然,细颗粒物(PM2.5),78,83,62,57,44,115,58,103,90,29,24,10,9,0.9,0.8
2022-11-10T23:00:00,3454A,113.3528,22.478,中山市,中山南区,细颗粒物(PM2.5),73,68,51,53,34,156,35,116,88,40,33,2,2,0.8,0.6
2022-11-10T23:00:00,3455A,113.076,23.7198,清远市,清城东城,细颗粒物(PM2.5),70,69,35,51,23,166,53,127,111,16,15,6,6,0.9,0.7
2022-11-10T23:00:00,3456A,114.289,38.0906,石家庄市,鹿泉一中,细颗粒物(PM2.5),153,163,147,117,105,112,49,103,79,23,30,4,7,1.0,0.9
2022-11-10T23:00:00,3457A,118.4359,39.2762,唐山市,冀东油田职工医院,细颗粒物(PM2.5),156,144,159,119,136,92,52,92,52,22,36,6,8,0.8,1.1
2022-11-10T23:00:00,3458A,114.7895,36.5593,邯郸市,香泉濮院小区,细颗粒物(PM2.5),267,268,240,217,203,40,17,34,28,44,50,8,8,1.0,1.5
2022-11-10T23:00:00,3459A,115.5989,37.5491,衡水市,地表水厂,细颗粒物(PM2.5),246,213,207,196,191,24,1,16,5,46,43,8,10,1.0,1
2022-11-10T23:00:00,3460A,117.4067,40.0583,天津市,北环路,细颗粒物(PM2.5),129,120,133,98,106,101,30,86,60,32,23,8,8,2.4,1.5
2022-11-10T23:00:00,3461A,117.3045,39.7169,天津市,建设路,细颗粒物(PM2.5),178,172,200,134,168,102,24,80,42,35,44,10,13,1.8,1.7
2022-11-10T23:00:00,3462A,117.8199,39.3521,天津市,滨水东路,细颗粒物(PM2.5),139,126,169,106,140,50,34,37,37,27,51,7,8,1.1,1.7
2022-11-10T23:00:00,3463A,116.9708,33.591,宿州市,社会福利中心,细颗粒物(PM2.5),112,115,102,84,78,82,53,74,70,22,26,2,2,0.6,0.5
2022-11-10T23:00:00,3464A,117.3803,31.9147,合肥市,高教基地,细颗粒物(PM2.5),100,129,79,75,35,163,44,134,106,38,45,3,5,0.8,0.6
2022-11-10T23:00:00,3465A,118.4781,31.3225,芜湖市,清苑社区,细颗粒物(PM2.5),99,94,67,74,46,166,43,137,101,43,44,7,8,1.1,0.7
2022-11-10T23:00:00,3466A,118.2746,31.2326,芜湖市,扬子职业技术学院,细颗粒物(PM2.5),104,95,64,78,45,157,60,136,118,30,32,6,6,1.1,0.6
2022-11-10T23:00:00,3468A,115.7901,32.8613,阜阳市,市规划展馆,细颗粒物(PM2.5),79,72,96,58,58,164,57,139,102,24,34,6,12,0.8,0.8
2022-11-10T23:00:00,3469A,115.836,32.9183,阜阳市,枣园社区,细颗粒物(PM2.5),78,70,87,57,58,161,52,130,93,27,38,5,10,0.8,0.8
2022-11-10T23:00:00,3470A,118.7724,30.9141,宣城市,夏渡子站,细颗粒物(PM2.5),102,66,60,76,39,146,96,121,113,33,29,8,7,0.6,0.5
2022-11-10T23:00:00,3471A,113.616563,34.86783,郑州市,惠济区政府,细颗粒物(PM2.5),223,192,163,173,151,33,28,28,26,41,44,9,6,2.0,1.4
2022-11-10T23:00:00,3473A,114.2485,34.8306,开封市,技师学院,细颗粒物(PM2.5),291,254,166,241,163,39,10,39,10,45,38,8,6,1.3,1
2022-11-10T23:00:00,3474A,114.2617,35.6822,鹤壁市,大新区,细颗粒物(PM2.5),239,179,168,189,177,37,37,26,26,52,55,22,16,2.6,1.9
2022-11-10T23:00:00,3475A,113.9188,35.3045,新乡市,市政府,细颗粒物(PM2.5),219,176,196,169,190,48,39,40,40,42,51,10,9,1.8,1.7
2022-11-10T23:00:00,3476A,113.9135,35.3327,新乡市,河师大,细颗粒物(PM2.5),206,204,247,156,176,46,38,36,36,46,57,11,13,1.7,1.7
2022-11-10T23:00:00,3477A,113.1656,35.2539,焦作市,中站许衡医院(新增191226),细颗粒物(PM2.5),186,191,148,140,117,86,22,62,24,46,33,8,8,1.6,1.5
2022-11-10T23:00:00,3478A,113.9749,33.5664,漯河市,市图书馆,细颗粒物(PM2.5),147,143,156,112,118,134,38,111,82,27,58,8,15,0.8,1
2022-11-10T23:00:00,3479A,114.0967,33.5906,漯河市,召陵区卫健委,细颗粒物(PM2.5),175,146,165,132,133,146,34,114,79,25,38,13,15,0.7,0.9
2022-11-10T23:00:00,3480A,129.1368,47.6417,伊春市,美溪镇,,47,47,38,27,24,51,9,41,17,21,13,2,3,1.0,0.9
2022-11-10T23:00:00,3481A,125.141,46.634,大庆市,萨区政府监测点,细颗粒物(PM2.5),500,202,170,1021,205,105,93,62,62,141,54,53,15,3.8,1.6
2022-11-10T23:00:00,3482A,107.7541,29.3277,重庆市,芙蓉中路,颗粒物(PM10),64,77,68,45,32,114,10,90,58,50,33,11,14,0.5,0.6
2022-11-10T23:00:00,3483A,108.7661,29.5368,重庆市,西山,颗粒物(PM10),58,66,39,36,33,107,38,96,71,28,28,7,8,0.8,0.5
2022-11-10T23:00:00,3484A,106.2628,29.32,重庆市,行政中心,细颗粒物(PM2.5),89,94,101,66,68,88,15,62,41,42,38,6,10,1.1,1.1
2022-11-10T23:00:00,3485A,107.0944,29.1608,重庆市,高寺路,细颗粒物(PM2.5),118,93,76,89,62,96,3,60,28,64,44,9,8,0.9,0.8
2022-11-10T23:00:00,3486A,124.4036,43.1411,四平市,植物园,细颗粒物(PM2.5),163,170,141,124,104,95,3,68,31,80,59,6,7,1.1,0.9
2022-11-10T23:00:00,3487A,104.2394,30.5319,成都市,车城东七路,细颗粒物(PM2.5),83,84,78,61,57,70,14,51,44,47,36,3,4,0.9,0.8
2022-11-10T23:00:00,3488A,104.3853,30.7453,成都市,青白江技师分院,细颗粒物(PM2.5),89,82,79,66,67,58,1,35,23,43,36,4,4,0.9,0.9
2022-11-10T23:00:00,3489A,104.0789,30.4072,成都市,科学城,细颗粒物(PM2.5),82,72,79,60,60,59,2,49,38,58,37,6,6,0.8,0.8
2022-11-10T23:00:00,3490A,105.3617,28.7703,泸州市,纳溪区环保局,细颗粒物(PM2.5),139,114,95,106,77,93,46,77,69,19,19,9,10,1.1,1
2022-11-10T23:00:00,3491A,104.69,31.5322,绵阳市,西科大附属小学,细颗粒物(PM2.5),63,70,65,45,40,63,6,35,33,48,32,4,4,0.6,0.5
2022-11-10T23:00:00,3492A,104.5648,31.5343,绵阳市,安州区旅游局,细颗粒物(PM2.5),70,84,87,51,45,49,24,36,35,29,27,2,6,0.7,0.8
2022-11-10T23:00:00,3494A,117.1673,36.9782,济南市,济阳区政府,细颗粒物(PM2.5),175,176,134,132,88,91,42,76,66,36,49,43,15,1.3,0.9
2022-11-10T23:00:00,3495A,117.1171,36.63,济南市,锦屏中学,细颗粒物(PM2.5),158,154,94,120,65,91,16,77,42,41,41,5,8,1.4,0.8
2022-11-10T23:00:00,3496A,118.3604,35.1084,临沂市,南坊新区,"颗粒物(PM10),细颗粒物(PM2.5)",70,90,72,51,45,104,29,93,69,55,42,9,7,0.5,0.5
2022-11-10T23:00:00,3498A,118.5055,37.8612,东营市,河口城区,细颗粒物(PM2.5),70,85,143,51,86,106,63,74,55,19,39,4,9,0.8,1
2022-11-10T23:00:00,3500A,116.5814,35.3707,济宁市,北湖一中,细颗粒物(PM2.5),90,68,74,67,65,66,32,37,37,39,40,13,7,0.8,0.8
2022-11-10T23:00:00,3501A,116.8249,35.5593,济宁市,服务中心,细颗粒物(PM2.5),65,51,85,47,64,52,15,41,37,48,40,8,9,1.2,1.2
2022-11-10T23:00:00,3502A,117.1812,36.2275,泰安市,国网新校,,,,,56,68,93,44,65,42,28,33,7,10,0.9,1.3
2022-11-10T23:00:00,3503A,117.0313,36.2018,泰安市,交通技校,细颗粒物(PM2.5),98,66,89,73,78,82,63,82,35,17,31,7,9,0.8,1.3
2022-11-10T23:00:00,3504A,117.0829,36.13,泰安市,山东第一医科大学,颗粒物(PM10),86,122,108,56,50,73,8,61,36,70,43,10,10,1.1,1.1
2022-11-10T23:00:00,3505A,122.1379,37.3414,威海市,临港区管委会,颗粒物(PM10),52,53,43,29,24,108,92,104,96,20,21,3,3,0.3,0.3
2022-11-10T23:00:00,3507A,119.5328,35.4625,日照市,职业技术学院,,29,29,35,19,20,109,75,103,76,10,23,4,4,0.3,0.3
2022-11-10T23:00:00,3511A,116.5652,37.3319,德州市,陵城艺术中心,细颗粒物(PM2.5),244,249,157,194,113,96,19,79,55,41,38,11,11,1.2,0.8
2022-11-10T23:00:00,3512A,116.049,36.4674,聊城市,华润纺织,细颗粒物(PM2.5),284,302,166,234,117,74,2,63,15,49,34,5,26,1.3,0.9
2022-11-10T23:00:00,3513A,116.0445,36.4361,聊城市,九州社区,细颗粒物(PM2.5),268,274,155,218,108,70,7,56,21,50,36,4,20,1.0,0.6
2022-11-10T23:00:00,3514A,117.9378,37.3956,滨州市,中海酒店,细颗粒物(PM2.5),142,143,148,108,98,105,46,69,61,48,71,17,17,0.9,1.1
2022-11-10T23:00:00,3515A,117.9378,37.3553,滨州市,开发区一中,细颗粒物(PM2.5),125,136,162,95,96,114,70,87,82,34,70,39,19,0.9,1.2
2022-11-10T23:00:00,3516A,118.0917,37.694,滨州市,金海六路,细颗粒物(PM2.5),134,143,143,102,96,101,33,71,51,37,54,37,18,0.6,1.6
2022-11-10T23:00:00,3520A,106.3495,38.9836,石嘴山市,妇女儿童医院,细颗粒物(PM2.5),72,64,102,52,84,91,66,72,70,14,35,3,9,0.6,1.1
2022-11-10T23:00:00,3521A,106.7492,39.2069,石嘴山市,石大公路,颗粒物(PM10),114,178,91,85,64,77,42,52,39,40,35,16,11,1.4,1
2022-11-10T23:00:00,3522A,106.2177,35.9959,固原市,原州区十五小,,35,35,21,19,13,32,26,28,24,22,20,1,1,1.0,1
2022-11-10T23:00:00,3523A,106.5105,38.3856,银川市,滨河新区,细颗粒物(PM2.5),83,103,69,61,62,97,51,82,79,24,34,8,13,0.8,0.9
2022-11-10T23:00:00,3524A,108.6116,34.1164,西安市,文体局,细颗粒物(PM2.5),52,43,107,36,95,38,23,31,24,24,28,7,7,1.2,1.3
2022-11-10T23:00:00,3525A,108.6396,34.4078,咸阳市,奥体中心,颗粒物(PM10),72,94,162,50,71,19,0,15,4,35,44,4,4,1.3,1.3
2022-11-10T23:00:00,3526A,119.5189,25.9664,福州市,吴航,,23,11,34,4,19,78,73,73,73,3,17,2,3,0.4,0.5
2022-11-10T23:00:00,3527A,118.0958,24.5688,厦门市,集美中学,,39,39,31,17,14,119,31,91,57,30,23,3,2,0.5,0.4
2022-11-10T23:00:00,3528A,118.1493,24.7245,厦门市,同安二实小,,46,46,28,20,14,112,40,93,72,27,18,8,5,0.5,0.5
2022-11-10T23:00:00,3529A,118.6333,24.9264,泉州市,城华南路,,23,23,31,10,15,96,47,87,63,14,14,7,8,0.4,0.5
2022-11-10T23:00:00,3530A,117.6296,24.5314,漳州市,西洋坪路,,47,47,50,21,25,154,30,118,82,28,26,5,8,0.6,0.6
2022-11-10T23:00:00,3531A,110.296,25.1253,桂林市,旅游学院,,31,31,27,14,16,93,32,84,61,30,24,11,13,0.5,0.4
2022-11-10T23:00:00,3532A,110.1945,22.6831,玉林市,玉林师范学院东校区,细颗粒物(PM2.5),84,73,53,62,37,94,40,82,50,27,29,62,24,0.8,0.7
2022-11-10T23:00:00,3533A,110.0527,22.5893,玉林市,福绵环保局,颗粒物(PM10),64,77,61,42,38,94,29,84,53,26,21,6,14,0.9,0.8
2022-11-10T23:00:00,3534A,111.4744,24.4553,贺州市,西湾,颗粒物(PM10),69,88,37,32,21,84,20,77,41,42,26,8,8,0.8,0.9
2022-11-10T23:00:00,3535A,109.1781,23.7297,来宾市,兴宾区政府,颗粒物(PM10),59,67,49,35,30,89,54,83,63,16,15,9,6,0.6,0.6
2022-11-10T23:00:00,3536A,106.8547,27.5919,遵义市,第十二小学,,48,45,51,33,35,108,70,102,75,19,23,7,18,0.7,0.8
2022-11-10T23:00:00,3537A,105.3631,27.3533,毕节市,长征村,细颗粒物(PM2.5),100,78,44,75,42,115,72,107,98,9,11,7,8,0.7,0.5
2022-11-10T23:00:00,3538A,107.5175,26.2978,黔南布依族苗族自治州,沙坝,,27,27,34,9,21,104,62,99,84,13,18,5,4,0.6,0.6
2022-11-10T23:00:00,3539A,110.5111,19.9736,海口市,桂林洋子站,,23,18,22,11,12,106,72,94,87,7,6,5,5,0.5,0.5
2022-11-10T23:00:00,3540A,109.7348,18.3443,三亚市,君悦子站,,15,15,21,9,9,77,46,72,63,9,3,3,3,0.4,0.4
2022-11-10T23:00:00,3541A,109.5726,19.5167,儋州市,第一中学子站,,23,23,23,10,10,75,48,68,58,11,10,4,4,0.4,0.5
2022-11-10T23:00:00,3542A,109.5567,19.5187,儋州市,东坡学校子站,,25,25,25,12,8,74,53,72,61,7,9,4,4,0.5,0.5
2022-11-10T23:00:00,3544A,121.4891,30.925,上海市,奉贤南桥新城,细颗粒物(PM2.5),64,65,58,46,39,133,44,104,67,14,25,5,6,0.7,0.8
2022-11-10T23:00:00,3545A,110.8054,32.8401,十堰市,郧阳区金沙路,细颗粒物(PM2.5),143,127,111,109,93,112,44,92,73,40,27,9,8,1.2,1.1
2022-11-10T23:00:00,3546A,111.4606,30.552,宜昌市,猇亭区张家湾站,细颗粒物(PM2.5),99,97,92,74,67,167,94,153,140,42,30,17,14,0.7,0.7
2022-11-10T23:00:00,3547A,112.1632,31.0138,荆门市,龙泉中学南校,细颗粒物(PM2.5),114,153,110,86,64,181,149,166,140,19,34,12,12,1.0,1
2022-11-10T23:00:00,3548A,112.1655,30.3364,荆州市,学苑路,细颗粒物(PM2.5),83,62,101,61,89,184,93,160,131,36,43,7,10,1.0,1.1
2022-11-10T23:00:00,3549A,109.5061,30.3772,恩施土家族苗族自治州,龙凤新区,细颗粒物(PM2.5),84,75,52,62,38,116,27,80,59,15,12,7,6,1.1,1.1
2022-11-10T23:00:00,3550A,102.7997,24.9786,昆明市,昆明学院,,40,40,35,20,20,104,49,89,78,28,20,8,8,0.8,0.7
2022-11-10T23:00:00,3551A,102.5967,24.6736,昆明市,晋宁区生态环境分局,,35,30,34,24,26,107,49,96,78,24,21,10,8,0.4,1
2022-11-10T23:00:00,3552A,102.6678,24.9856,昆明市,云天化总部,,34,34,31,20,19,110,35,94,76,48,32,7,8,0.4,0.5
2022-11-10T23:00:00,3557A,119.9464,30.0494,杭州市,镇二中,颗粒物(PM10),69,88,70,46,41,129,48,116,98,48,44,8,7,0.7,0.8
2022-11-10T23:00:00,3558A,119.7183,30.2367,杭州市,市府大楼,细颗粒物(PM2.5),90,107,59,67,35,138,72,113,96,42,34,11,9,0.7,0.6
2022-11-10T23:00:00,3560A,120.4722,30.0415,绍兴市,柯桥妇保,细颗粒物(PM2.5),102,113,65,76,42,118,23,100,69,43,33,5,5,0.7,0.7
2022-11-10T23:00:00,3561A,120.6985,27.9251,温州市,茶山,,32,32,56,16,29,95,57,79,67,15,32,6,7,0.4,0.5
2022-11-10T23:00:00,3562A,120.4148,30.8538,湖州市,南浔区站,细颗粒物(PM2.5),73,87,76,53,40,196,61,146,95,22,45,5,5,0.6,0.7
2022-11-10T23:00:00,3564A,121.2568,28.6681,台州市,台州科技职业学院,颗粒物(PM10),55,60,65,31,32,58,26,58,36,30,29,6,7,0.6,0.6
2022-11-10T23:00:00,3565A,113.1367,40.1122,大同市,云冈站,颗粒物(PM10),61,71,78,36,53,79,11,66,38,40,35,20,20,1.1,1.4
2022-11-10T23:00:00,3566A,113.1186,40.2556,大同市,图书馆,细颗粒物(PM2.5),90,76,82,67,76,75,3,55,36,42,35,12,11,1.7,1.7
2022-11-10T23:00:00,3567A,113.5931,40.0461,大同市,区一中,细颗粒物(PM2.5),55,48,65,39,44,66,55,62,58,12,14,8,10,0.6,0.7
2022-11-10T23:00:00,3568A,113.06,36.0464,长治市,向阳小学,细颗粒物(PM2.5),140,117,101,107,86,54,19,39,36,33,38,12,13,3.1,1.5
2022-11-10T23:00:00,3569A,112.8792,36.3144,长治市,屯留一中,细颗粒物(PM2.5),137,102,97,104,103,50,35,27,27,32,43,10,13,1.9,1.6
2022-11-10T23:00:00,3570A,113.235,36.3489,长治市,潞城四中,细颗粒物(PM2.5),165,107,105,125,113,53,43,34,29,32,51,6,7,2.4,1.9
2022-11-10T23:00:00,3571A,112.2931,39.53,朔州市,一水厂,细颗粒物(PM2.5),133,180,181,101,100,101,54,87,74,36,44,11,22,1.2,1.3
2022-11-10T23:00:00,3572A,114.6419615,37.9001925,石家庄市,栾城区政府,,,,185,,155,36,,19,,,51,,7,,1.4
2022-11-10T23:00:00,3573A,114.8506765,38.0322033,石家庄市,藁城区实验学校,细颗粒物(PM2.5),228,205,175,178,146,64,0,50,27,80,62,8,10,1.0,1
2022-11-10T23:00:00,3574A,114.0504658,38.0591645,石家庄市,井陉矿区区委大楼,细颗粒物(PM2.5),132,130,125,100,105,111,38,88,69,80,63,9,11,0.8,1
2022-11-10T23:00:00,3575A,118.09279,39.58089,唐山市,正泰大街热力站,细颗粒物(PM2.5),132,119,144,100,150,50,28,34,34,42,60,8,8,1.3,1.9
2022-11-10T23:00:00,3576A,118.1562,39.8322,唐山市,丰润区政府,细颗粒物(PM2.5),100,119,130,75,110,54,35,48,34,41,43,15,6,2.2,1.8
2022-11-10T23:00:00,3577A,118.43673,39.73809,唐山市,金山小学,细颗粒物(PM2.5),109,113,150,82,118,46,4,33,17,73,63,8,5,1.3,1.9
2022-11-10T23:00:00,3578A,118.24498,39.66941,唐山市,政府服务中心,细颗粒物(PM2.5),122,106,158,92,140,42,0,22,6,62,63,11,7,1.7,2.1
2022-11-10T23:00:00,3579A,114.50634,36.77178,邯郸市,永年区实验高中,细颗粒物(PM2.5),267,257,216,217,178,80,34,58,39,41,54,4,6,1.1,1.1
2022-11-10T23:00:00,3580A,114.20016,36.44293,邯郸市,峰峰矿区临水派出所,细颗粒物(PM2.5),251,248,208,201,165,73,48,58,50,38,44,10,15,1.6,1.7
2022-11-10T23:00:00,3581A,115.31981,38.95208,保定市,满城区生态环境分局,细颗粒物(PM2.5),180,195,147,136,100,106,6,89,39,106,65,6,19,0.9,0.8
2022-11-10T23:00:00,3582A,115.47694,38.76408,保定市,清苑区第二中学,细颗粒物(PM2.5),193,216,148,145,108,114,7,90,42,94,63,11,12,1.0,0.8
2022-11-10T23:00:00,3583A,115.62909,39.02311,保定市,徐水物探局,细颗粒物(PM2.5),201,180,122,151,97,103,4,80,46,100,62,11,11,1.1,0.8
2022-11-10T23:00:00,3590A,113.8374,34.5589,郑州市,北区建设指挥部,细颗粒物(PM2.5),149,205,107,114,85,86,14,64,28,38,41,6,7,1.6,1.3
2022-11-10T23:00:00,3591A,113.30952,34.803229,郑州市,上街区政府,细颗粒物(PM2.5),128,196,170,97,110,45,36,34,31,25,38,8,7,1.5,1.2
2022-11-10T23:00:00,3592A,114.4644,34.7556,开封市,祥符区生态环境局,细颗粒物(PM2.5),188,207,128,141,94,34,0,25,10,47,49,9,12,1.2,0.8
2022-11-10T23:00:00,3593A,112.5736,34.8993,洛阳市,吉利监测站,细颗粒物(PM2.5),244,224,164,194,159,67,34,52,38,24,31,4,4,1.4,1.2
2022-11-10T23:00:00,3594A,112.8867,33.9116,平顶山市,石龙区,细颗粒物(PM2.5),185,169,196,139,150,117,36,96,75,30,54,4,9,0.8,1
2022-11-10T23:00:00,3596A,114.1572,35.9603,鹤壁市,南山宾馆,,,,206,,185,14,,15,,,55,,19,,1.8
2022-11-10T23:00:00,3597A,113.8134,34.1251,许昌市,建安区兴业大厦,细颗粒物(PM2.5),112,149,112,84,72,105,9,79,49,44,38,6,17,1.3,1.1
2022-11-10T23:00:00,3598A,111.1,34.7167,三门峡市,富达温泉假日酒店,细颗粒物(PM2.5),100,84,123,75,106,94,62,83,72,17,23,8,10,1.3,1.3
2022-11-10T23:00:00,3599A,106.2649,29.9851,重庆市,书院路,细颗粒物(PM2.5),97,76,68,72,58,64,10,47,32,37,26,11,9,0.7,0.6
2022-11-10T23:00:00,3600A,106.2339,29.5559,重庆市,虎峰,细颗粒物(PM2.5),107,102,96,80,73,86,28,64,48,31,32,24,20,0.7,0.7
2022-11-10T23:00:00,3601A,106.0499,29.8342,重庆市,龙门街,细颗粒物(PM2.5),92,88,68,68,60,81,25,68,53,31,24,18,19,0.7,0.6
2022-11-10T23:00:00,3604A,119.3266,35.1044,日照市,岚山环保分局,,,39,39,15,21,115,,108,94,24,24,4,6,0.6,0.6
2022-11-10T23:00:00,3605A,109.09,34.5236,西安市,无线电监控中心,颗粒物(PM10),115,179,155,68,83,80,38,62,33,34,43,9,9,1.0,1.1
2022-11-10T23:00:00,3610A,105.5933,29.4105,重庆市,昌元,细颗粒物(PM2.5),59,60,62,42,41,96,47,76,66,25,22,10,8,0.8,0.7
2022-11-10T23:00:00,3612A,85.1045,45.6899,克拉玛依市,白碱滩区新站,,19,17,16,13,6,63,23,61,41,26,16,4,5,0.6,0.5
2022-11-10T23:00:00,3613A,87.3095,44.0142,昌吉州,亚心广场,,27,24,10,18,6,64,4,48,31,54,14,1,2,0.7,0.5
2022-11-10T23:00:00,3614A,79.924,37.0877,和田地区,地区环保局,颗粒物(PM10),142,234,246,52,47,105,72,91,81,22,17,16,7,1.5,1.4
2022-11-10T23:00:00,3615A,79.9131,37.113,和田地区,市环保局,颗粒物(PM10),120,189,225,41,41,98,74,94,85,25,16,17,10,1.5,1
2022-11-10T23:00:00,3616A,106.7616,31.8344,巴中市,市中心医院,细颗粒物(PM2.5),63,53,48,45,36,37,2,25,10,19,20,4,4,0.9,0.8
2022-11-10T23:00:00,3617A,105.8047,32.4166,广元市,经开区,,42,41,37,29,27,11,2,7,3,22,25,8,9,1.1,1
2022-11-10T23:00:00,3618A,112.4701,37.782,太原市,金胜,细颗粒物(PM2.5),147,149,145,112,105,91,32,69,50,71,49,8,10,1.0,1.1
2022-11-10T23:00:00,3619A,113.617,37.8571,阳泉市,龙柱,细颗粒物(PM2.5),132,131,172,100,114,106,85,94,89,39,55,10,16,1.0,1.3
2022-11-10T23:00:00,3620A,112.8271,35.4828,晋城市,泽州一中,细颗粒物(PM2.5),85,91,91,63,71,103,90,97,96,12,22,6,6,1.0,1
2022-11-10T23:00:00,3621A,106.8288,39.6778,乌海市,聚英学校,细颗粒物(PM2.5),93,92,98,69,66,76,53,53,50,18,48,9,18,0.8,1
2022-11-10T23:00:00,3622A,113.5556,24.8082,韶关市,碧湖山庄,颗粒物(PM10),54,57,40,23,23,123,27,100,69,28,19,8,12,0.7,0.7
2022-11-10T23:00:00,3623A,113.8953,22.5861,深圳市,西乡,细颗粒物(PM2.5),97,135,68,72,35,250,23,174,128,100,46,7,7,0.9,0.7
2022-11-10T23:00:00,3624A,116.4069,23.2533,汕头市,潮南子站,,26,11,35,18,26,164,59,125,86,8,13,6,8,0.6,0.7
2022-11-10T23:00:00,3625A,113.2544,22.7642,佛山市,容桂街道办,细颗粒物(PM2.5),83,83,84,61,55,189,14,134,96,114,70,4,6,1.5,1.3
2022-11-10T23:00:00,3626A,113.7533,23.0202,东莞市,南城元岭,,,139,98,79,58,214,6,160,98,133,67,12,12,1.7,1.1
2022-11-10T23:00:00,3627A,113.7875,23.0457,东莞市,东城主山,细颗粒物(PM2.5),105,116,88,79,56,236,30,183,119,93,60,12,12,1.2,1.1
2022-11-10T23:00:00,3628A,112.0336,22.9374,云浮市,文笔,颗粒物(PM10),55,59,51,24,20,94,4,78,45,29,18,7,9,0.9,0.8
2022-11-10T23:00:00,3629A,101.8305,36.5786,西宁市,世纪职校,颗粒物(PM10),65,79,76,29,46,130,87,111,99,18,30,8,17,0.9,1.1
2022-11-10T23:00:00,3630A,101.7413,36.6397,西宁市,师大城西校区,颗粒物(PM10),63,75,82,43,54,124,87,106,97,13,26,10,16,0.7,1
2022-11-10T23:00:00,3631A,114.6063,38.0266,石家庄市,高新区,,,,,,,,,,,,,,,,
2022-11-10T23:00:00,3633A,118.4918,31.6809,马鞍山市,雨山,细颗粒物(PM2.5),93,75,62,69,47,167,38,148,110,29,33,9,10,1.0,0.9
2022-11-10T23:00:00,3634A,116.9884,33.6305,宿州市,宿州学院,细颗粒物(PM2.5),97,125,110,72,70,78,48,67,61,20,27,2,2,0.6,0.6
2022-11-10T23:00:00,3635A,112.3677,34.662,洛阳市,河科大西苑校区,细颗粒物(PM2.5),204,194,193,154,152,57,38,48,44,26,41,5,7,1.1,1.2
2022-11-10T23:00:00,3636A,112.4388,34.6781,洛阳市,英才小学,细颗粒物(PM2.5),214,173,177,164,175,48,32,39,36,29,40,6,7,1.0,1.1
2022-11-10T23:00:00,3637A,131.0176,45.7761,七台河市,人民广场,颗粒物(PM10),82,113,82,37,42,40,2,30,6,36,34,13,14,1.1,0.7
2022-11-10T23:00:00,3638A,104.7636,29.3338,自贡市,轻化工大学,细颗粒物(PM2.5),83,79,77,61,58,87,46,70,63,19,20,5,5,0.7,0.7
2022-11-10T23:00:00,3639A,104.4019,31.1244,德阳市,市教育局,颗粒物(PM10),61,71,76,43,39,59,16,29,26,42,40,6,7,0.8,0.9
2022-11-10T23:00:00,3642A,120.3503,36.0736,青岛市,市北区南部,,30,30,30,12,18,106,89,104,100,28,25,4,4,0.5,0.6
2022-11-10T23:00:00,3643A,120.3948,36.1805,青岛市,李沧区北部,,31,29,37,17,20,101,97,97,93,18,25,6,7,0.4,0.4
2022-11-10T23:00:00,3644A,117.8661,36.805,淄博市,三金集团,细颗粒物(PM2.5),149,169,131,114,85,103,,86,63,66,44,14,13,1.0,0.9
2022-11-10T23:00:00,3645A,118.0253,36.8406,淄博市,东风化工厂,细颗粒物(PM2.5),144,136,126,110,97,102,0,85,45,81,56,10,12,1.1,1
2022-11-10T23:00:00,3646A,118.4978,37.4623,东营市,胜利站,细颗粒物(PM2.5),62,46,85,44,76,84,72,69,65,19,46,10,17,0.7,1.1
2022-11-10T23:00:00,3647A,115.4702,35.2706,菏泽市,菏泽医专,细颗粒物(PM2.5),128,108,99,97,90,58,14,54,18,41,40,6,6,0.7,0.7
2022-11-10T23:00:00,3648A,106.2112,37.9768,吴忠市,文卫南街,颗粒物(PM10),108,165,85,69,52,97,72,79,78,12,23,8,9,0.6,0.8
2022-11-10T23:00:00,3650A,105.1698,37.5162,中卫市,沙坡头区政府站,颗粒物(PM10),99,147,106,42,59,78,78,72,72,13,20,3,5,0.3,0.6
2022-11-10T23:00:00,3651A,108.9543,34.8732,铜川市,旺旺集团,细颗粒物(PM2.5),84,110,148,62,68,84,71,62,60,28,39,7,6,1.0,1
2022-11-10T23:00:00,3652A,109.4809,36.5786,延安市,西北局旧址,细颗粒物(PM2.5),83,94,67,61,48,43,11,34,26,47,39,7,6,1.4,1.1
2022-11-10T23:00:00,3653A,111.3119,30.7273,宜昌市,云深路,,,,79,,51,181,,161,132,36,27,7,7,0.7,0.6
2022-11-10T23:00:00,3654A,114.8094,30.4089,鄂州市,精准医疗中心,颗粒物(PM10),68,86,101,38,49,176,79,149,114,36,54,45,26,1.5,1.2
2022-11-10T23:00:00,3655A,114.3375,29.8683,咸宁市,长江产业园,颗粒物(PM10),56,62,58,36,33,149,115,130,129,17,18,12,11,0.6,0.6
2022-11-10T23:00:00,3656A,120.1556,30.2864,杭州市,消防大队,颗粒物(PM10),58,66,70,40,39,108,43,98,75,40,55,5,6,0.5,0.7
2022-11-10T23:00:00,3658A,120.6153,30.0764,绍兴市,袍江中学,颗粒物(PM10),56,61,69,36,38,138,19,107,67,39,44,8,6,0.6,0.7
2022-11-10T23:00:00,3659A,119.656,29.1131,金华市,气象局,,31,31,71,16,36,128,12,97,48,45,49,4,7,0.5,0.7
2022-11-10T23:00:00,3661A,112.5667,37.8875,太原市,坝陵桥,,,,,,,,,,,,,,,,
2022-11-10T23:00:00,3662A,123.6333,47.2075,齐齐哈尔市,富区青少年活动中心,颗粒物(PM10),65,79,40,36,18,57,52,50,44,14,12,7,6,0.5,0.4
2022-11-10T23:00:00,3663A,124.1164,50.4278,大兴安岭地区,红旗社区,,46,42,24,32,18,40,5,31,11,30,21,15,12,0.8,0.5
2022-11-10T23:00:00,3664A,119.4172,34.7341,连云港市,连云街道,,31,25,36,13,19,116,97,116,93,6,24,3,4,0.4,0.5
2022-11-10T23:00:00,3665A,76.1658,39.7157,克孜勒苏柯尔克孜自治州,克州文化中心,颗粒物(PM10),58,66,48,14,8,94,62,94,72,17,7,9,9,1.9,1.3
2022-11-10T23:00:00,3667A,111.0283,35.0547,运城市,水利职院,细颗粒物(PM2.5),124,121,159,94,117,127,96,118,116,13,21,6,8,0.9,1.2
2022-11-10T23:00:00,3668A,111.5036,36.0414,临汾市,城南,细颗粒物(PM2.5),87,82,112,64,87,88,52,59,59,27,41,3,8,0.8,1.1
2022-11-10T23:00:00,3669A,114.4705,36.0637,安阳市,左辅环卫站,细颗粒物(PM2.5),281,233,217,231,201,37,26,28,25,58,53,14,12,1.2,1.7
2022-11-10T23:00:00,3670A,111.0522,35.0439,运城市,禹都公园,细颗粒物(PM2.5),82,105,150,60,88,124,93,115,112,13,21,8,9,0.9,1.1
2022-11-10T23:00:00,3671A,116.088,39.9726,北京市,门头沟三家店,细颗粒物(PM2.5),202,208,105,152,79,93,55,77,44,38,37,1,2,1.3,0.7
2022-11-10T23:00:00,3672A,116.1541,39.8204,北京市,丰台云岗,细颗粒物(PM2.5),209,198,122,159,90,104,41,88,67,42,43,2,2,1.2,0.7
2022-11-10T23:00:00,3673A,116.6804,39.9081,北京市,通州东关,细颗粒物(PM2.5),209,183,141,159,107,111,36,90,71,44,39,1,2,1.4,0.9
2022-11-10T23:00:00,3674A,115.9577,39.7603,北京市,房山燕山,细颗粒物(PM2.5),182,173,114,137,87,114,52,96,82,39,35,3,2,1.2,0.7
2022-11-10T23:00:00,3675A,116.4672,39.7733,北京市,大兴旧宫,细颗粒物(PM2.5),213,171,129,163,110,106,37,91,72,22,39,3,2,1.3,0.9
2022-11-10T23:00:00,3676A,113.2802,40.0995,大同市,第二人民医院,细颗粒物(PM2.5),79,66,68,58,60,83,11,72,46,56,29,11,12,1.3,1.2
2022-11-10T23:00:00,3677A,98.5881,24.4368,德宏州,芒市人民政府综合楼,,39,39,32,19,19,93,37,80,64,14,13,6,14,0.6,0.5
2022-11-10T23:00:00,3678A,116.5907,35.4054,济宁市,市第七中学,细颗粒物(PM2.5),83,53,70,61,63,68,20,40,38,45,39,14,8,0.8,0.7
2022-11-10T23:00:00,3682A,116.9814,36.6819,济南市,济南四建,细颗粒物(PM2.5),199,205,135,149,85,60,3,40,26,106,89,13,9,1.6,1.3
2022-11-10T23:00:00,3683A,109.8331,40.6576,包头市,昆区政府,细颗粒物(PM2.5),117,103,91,88,85,66,7,47,35,76,49,14,24,1.4,1.4
2022-11-10T23:00:00,3684A,130.8781,45.8222,七台河市,新建矿广场,,,256,117,,36,45,5,36,9,44,30,25,18,0.9,0.7
2022-11-10T23:00:00,3685A,117.897,28.4315,上饶市,双创科技城,颗粒物(PM10),63,75,61,20,28,116,44,96,72,35,24,64,25,0.7,0.7
2022-11-10T23:00:00,3689A,113.9003,35.372,新乡市,行政服务中心,细颗粒物(PM2.5),211,198,230,161,167,44,16,31,30,55,46,9,9,1.5,1.5
2022-11-10T23:00:00,3690A,115.9721,28.7031,南昌市,外国语学校,细颗粒物(PM2.5),108,76,76,81,48,137,58,116,75,24,32,8,11,0.6,0.8
2022-11-10T23:00:00,3692A,118.2059,39.6585,唐山市,消防缸窑路中队,细颗粒物(PM2.5),128,120,179,97,137,38,0,20,7,59,55,9,6,1.8,2.2
2022-11-10T23:00:00,3693A,118.1436,39.6202,唐山市,路南电大,细颗粒物(PM2.5),125,146,155,95,123,38,13,20,11,40,56,5,5,1.9,2.1
2022-11-10T23:00:00,3694A,115.986,40.4563,北京市,延庆石河营,细颗粒物(PM2.5),124,114,93,94,74,82,27,63,43,30,27,1,1,0.9,0.8
2022-11-10T23:00:00,3695A,116.6151,40.3053,北京市,怀柔新城,细颗粒物(PM2.5),182,159,90,137,77,102,41,86,70,37,20,1,2,1.5,0.7
2022-11-10T23:00:00,3696A,116.2545,39.8768,北京市,丰台小屯,细颗粒物(PM2.5),199,200,121,149,88,104,36,86,70,48,41,3,2,1.2,0.8
2022-11-10T23:00:00,3697A,116.84,40.3844,北京市,密云镇,细颗粒物(PM2.5),170,162,95,129,75,92,45,76,62,23,20,3,3,1.6,0.8
2022-11-10T23:00:00,3698A,111.5968,40.8178,呼和浩特市,红旗小学,细颗粒物(PM2.5),68,56,43,49,42,72,42,50,43,28,37,7,7,0.7,0.9
2022-11-10T23:00:00,3699A,111.6518,40.8389,呼和浩特市,海东办,细颗粒物(PM2.5),68,51,39,49,40,75,3,52,30,64,45,7,10,0.8,0.9
2022-11-10T23:00:00,3700A,103.0456,29.9956,雅安市,康养中心(对照点),细颗粒物(PM2.5),70,68,61,51,44,63,52,50,50,20,17,6,6,0.8,0.7
2022-11-10T23:00:00,3701A,116.9648,33.6252,宿州市,皖北煤电集团,细颗粒物(PM2.5),95,102,87,71,68,74,50,65,61,20,28,1,2,0.6,0.5
2022-11-10T23:00:00,3703A,114.2917,36.0949,安阳市,安钢职工学校,细颗粒物(PM2.5),267,272,228,217,184,41,17,33,28,67,52,17,15,1.9,1.6
2022-11-10T23:00:00,3706A,122.2584,43.6333,通辽市,老干部活动中心,细颗粒物(PM2.5),130,152,146,99,93,128,89,102,72,18,28,6,8,0.5,0.3
2022-11-10T23:00:00,3707A,131.0207,45.3073,鸡西市,欧美日汽修厂,颗粒物(PM10),142,233,111,98,56,41,2,33,7,32,30,19,14,1.5,0.8
2022-11-10T23:00:00,3708A,122.2922,43.6189,通辽市,东方明珠社区,细颗粒物(PM2.5),159,163,153,121,117,119,88,95,73,22,36,13,14,0.9,0.7
2022-11-10T23:00:00,3709A,130.9967,45.3106,鸡西市,市政设施管理处,颗粒物(PM10),111,172,85,63,50,45,3,34,8,35,33,11,9,0.7,0.5
2022-11-10T23:00:00,3710A,121.5594,29.8975,宁波市,白沙活动中心,,33,33,44,21,25,98,28,67,28,30,43,5,7,0.5,0.7
2022-11-10T23:00:00,3713A,124.3419,43.1666,四平市,世纪城,细颗粒物(PM2.5),163,165,124,124,95,92,12,68,40,84,65,10,12,1.3,1.1
2022-11-10T23:00:00,3715A,117.3092,32.9314,蚌埠市,蚌埠田家炳中学,细颗粒物(PM2.5),103,124,106,77,65,130,60,97,78,25,34,7,13,0.4,0.6
2022-11-10T23:00:00,3719A,97.1714,31.1406,昌都市,昌都会议中心,,22,22,17,5,6,88,52,81,72,13,8,4,4,0.3,0.3
2022-11-10T23:00:00,3726A,88.8781,29.2426,日喀则市,林业技术推广中心,,33,16,19,4,4,106,104,103,103,7,5,5,4,0.4,0.4
2022-11-10T23:00:00,3728A,104.68,28.8071,宜宾市,白酒学院,细颗粒物(PM2.5),139,127,102,106,86,79,29,62,54,36,26,8,8,0.9,0.8
2022-11-10T23:00:00,3734A,118.35,37.26,东营市,理想之城,颗粒物(PM10),57,63,120,34,69,86,84,66,64,19,58,8,12,0.6,1
2022-11-10T23:00:00,3860A,118.3920,35.0300,临沂市,皇山花园小区,颗粒物(PM10),62,73,71,40,51,103,33,92,66,42,39,4,5,0.7,0.8
2022-11-10T23:00:00,3861A,119.2041,36.7699,潍坊市,寒亭区实验一小,"颗粒物(PM10),细颗粒物(PM2.5)",62,73,75,44,47,99,26,84,44,42,40,6,7,0.5,0.7
2022-11-10T23:00:00,3866A,122.2469,40.66302,营口市,三高中,细颗粒物(PM2.5),88,81,108,65,82,115,35,110,29,35,39,7,6,0.8,1
2022-11-10T23:00:00,3867A,102.0738,36.5056,海东地区,平安区公安北苑,颗粒物(PM10),79,107,83,35,52,130,90,109,100,11,22,12,19,0.4,0.7
2022-11-10T23:00:00,3981A,113.2449,35.1803,焦作市,原李万街道办（启用20220628）,细颗粒物(PM2.5),218,204,196,168,157,54,10,44,23,50,38,3,5,1.7,1.5
2022-11-10T23:00:00,4004A,115.4202,38.8656,保定市,双鹰农机,细颗粒物(PM2.5),128,132,116,97,100,100,1,84,34,98,70,10,9,1.2,1
2022-11-10T23:00:00,1001A,116.3621,39.8784,北京市,万寿西宫,细颗粒物(PM2.5),202,172,116,152,94,95,48,82,67,46,39,3,2,1.4,0.9
2022-11-10T23:00:00,1002A,116.2202,40.2915,北京市,定陵(对照点),细颗粒物(PM2.5),107,113,90,80,64,101,39,79,67,13,15,1,2,1.0,0.6
2022-11-10T23:00:00,1003A,116.4174,39.9289,北京市,东四,细颗粒物(PM2.5),217,180,120,167,103,97,60,87,77,21,27,1,2,1.1,0.7
2022-11-10T23:00:00,1004A,116.4072,39.8863,北京市,天坛,细颗粒物(PM2.5),186,157,112,140,91,100,15,84,56,22,29,3,2,1.3,0.9
2022-11-10T23:00:00,1005A,116.462,39.9365,北京市,农展馆,细颗粒物(PM2.5),193,162,104,145,87,106,60,92,80,24,34,1,2,1.5,0.8
2022-11-10T23:00:00,1006A,116.3392,39.9295,北京市,官园,细颗粒物(PM2.5),206,168,113,156,91,105,69,89,83,25,35,2,3,1.3,0.8
2022-11-10T23:00:00,1007A,116.2878,39.9611,北京市,海淀万柳,细颗粒物(PM2.5),201,178,116,151,88,99,48,74,66,44,49,1,2,1.2,0.8
2022-11-10T23:00:00,1008A,116.6636,40.135,北京市,顺义新城,细颗粒物(PM2.5),150,146,108,115,87,108,8,87,59,57,24,1,2,1.6,0.8
2022-11-10T23:00:00,1009A,116.6275,40.3275,北京市,怀柔镇,细颗粒物(PM2.5),172,160,93,130,72,89,44,77,65,56,27,1,2,1.4,0.7
2022-11-10T23:00:00,1010A,116.2296,40.217,北京市,昌平镇,细颗粒物(PM2.5),208,194,108,158,85,94,57,76,64,32,34,1,2,1.3,0.7
2022-11-10T23:00:00,1011A,116.3966,39.9821,北京市,奥体中心,细颗粒物(PM2.5),193,180,118,145,89,96,76,80,77,27,37,1,2,1.2,0.8
2022-11-10T23:00:00,1012A,116.184,39.9136,北京市,古城,细颗粒物(PM2.5),193,193,123,145,86,96,7,72,41,91,55,3,2,1.4,0.9
2022-11-10T23:00:00,1015A,117.1444,39.1661,天津市,勤俭道,细颗粒物(PM2.5),204,205,243,154,195,84,8,60,20,44,57,7,8,1.5,1.6
2022-11-10T23:00:00,1017A,117.237,39.1082,天津市,大直沽八号路,细颗粒物(PM2.5),196,184,228,147,188,59,20,42,19,36,61,5,6,1.4,1.6
2022-11-10T23:00:00,1018A,117.202,39.0927,天津市,前进道,,,,228,,188,22,,22,,,65,,7,,1.4
2022-11-10T23:00:00,1019A,117.1837,39.2133,天津市,淮河道,细颗粒物(PM2.5),189,204,254,142,189,89,7,66,23,50,58,8,9,1.4,1.6
2022-11-10T23:00:00,1021A,117.307,39.0877,天津市,跃进路,细颗粒物(PM2.5),185,206,251,139,189,66,15,40,18,44,59,7,8,1.4,1.6
2022-11-10T23:00:00,1023A,117.707,39.0343,天津市,第四大街,细颗粒物(PM2.5),189,185,206,142,165,40,8,20,10,42,61,5,6,1.4,1.7
2022-11-10T23:00:00,1024A,117.457,38.8394,天津市,永明路,细颗粒物(PM2.5),168,163,204,127,167,54,5,54,15,54,62,8,8,1.4,1.5
2022-11-10T23:00:00,1026A,117.764,39.1587,天津市,汉北路,细颗粒物(PM2.5),169,156,190,128,159,55,15,26,15,33,50,9,8,1.2,1.7
2022-11-10T23:00:00,1027A,117.157,38.9194,天津市,团泊洼(对照点),颗粒物(PM10),140,230,237,81,114,78,0,42,22,59,55,2,7,1.7,2
2022-11-10T23:00:00,1029A,114.4422,38.0444,石家庄市,职工医院,细颗粒物(PM2.5),211,174,157,161,127,123,58,108,87,36,46,6,8,1.0,0.8
2022-11-10T23:00:00,1030A,114.6063,38.0266,石家庄市,高新区,细颗粒物(PM2.5),173,174,178,131,133,126,54,106,71,44,52,4,6,0.8,1
2022-11-10T23:00:00,1031A,114.4898,38.1328,石家庄市,西北水源,细颗粒物(PM2.5),210,222,177,160,127,118,20,106,69,60,49,6,7,1.2,1.1
2022-11-10T23:00:00,1032A,114.4586,38.0058,石家庄市,西南高教,细颗粒物(PM2.5),183,167,161,138,133,122,78,106,86,26,50,6,7,1.1,1
2022-11-10T23:00:00,1033A,114.5331,38.0178,石家庄市,世纪公园,细颗粒物(PM2.5),160,146,168,122,124,110,59,93,70,21,48,5,7,1.4,1.3
2022-11-10T23:00:00,1034A,114.509,38.0457,石家庄市,人民会堂,细颗粒物(PM2.5),206,159,125,156,112,127,78,114,94,27,26,4,16,0.9,1
2022-11-10T23:00:00,1035A,114.3524,37.8911,石家庄市,封龙山(对照点),细颗粒物(PM2.5),179,165,153,135,116,122,107,116,116,25,36,,,1.5,1.3
2022-11-10T23:00:00,1037A,118.131,39.6363,唐山市,雷达站,细颗粒物(PM2.5),170,168,185,129,161,46,19,24,17,40,58,3,4,2.3,2.2
2022-11-10T23:00:00,1038A,118.1725,39.6334,唐山市,物资局,细颗粒物(PM2.5),152,165,174,116,146,40,12,22,10,47,66,6,8,2.1,2.2
2022-11-10T23:00:00,1040A,118.1705,39.6506,唐山市,十二中,细颗粒物(PM2.5),117,129,164,88,133,30,0,16,4,62,67,6,5,2.0,2.1
2022-11-10T23:00:00,1041A,118.1869,39.622,唐山市,小山,细颗粒物(PM2.5),148,149,174,113,151,35,9,17,8,46,62,7,7,1.8,2.1
2022-11-10T23:00:00,1042A,119.5134,39.8207,秦皇岛市,北戴河环保局,细颗粒物(PM2.5),87,69,92,64,83,91,34,80,49,40,28,5,4,0.4,0.6
2022-11-10T23:00:00,1043A,119.7493,40.0116,秦皇岛市,第一关,细颗粒物(PM2.5),75,64,97,55,81,99,33,81,34,50,51,5,5,0.8,1
2022-11-10T23:00:00,1044A,119.5897,39.9499,秦皇岛市,监测站,细颗粒物(PM2.5),73,66,102,53,90,78,26,72,28,47,45,5,6,0.6,0.9
2022-11-10T23:00:00,1046A,119.5251,39.9041,秦皇岛市,建设大厦,细颗粒物(PM2.5),73,70,104,53,82,102,32,79,49,53,47,6,5,0.7,1.1
2022-11-10T23:00:00,1047A,114.5129,36.61763,邯郸市,环保局,,,,,,,,,,,,,,,,
2022-11-10T23:00:00,1048A,114.5302,36.6116,邯郸市,东污水处理厂,细颗粒物(PM2.5),264,246,210,214,185,48,20,36,26,51,56,4,6,1.1,1.2
2022-11-10T23:00:00,1049A,114.4918,36.5713,邯郸市,矿院,细颗粒物(PM2.5),279,251,214,229,200,56,30,48,41,50,58,6,8,1.4,1.5
2022-11-10T23:00:00,1050A,114.484,36.6133,邯郸市,丛台公园,细颗粒物(PM2.5),261,249,213,211,181,62,26,49,38,41,46,6,8,0.9,1
2022-11-10T23:00:00,1051A,115.493,38.8632,保定市,游泳馆,细颗粒物(PM2.5),200,181,125,150,105,104,2,86,40,104,66,8,9,0.9,0.4
2022-11-10T23:00:00,1052A,115.5213,38.8959,保定市,华电二区,细颗粒物(PM2.5),173,171,117,131,96,101,4,79,32,114,80,13,8,1.4,1.1
2022-11-10T23:00:00,1053A,115.4713,38.9108,保定市,接待中心,细颗粒物(PM2.5),137,171,126,104,84,96,0,81,39,91,58,5,6,1.0,0.8
2022-11-10T23:00:00,1054A,115.4612,38.8416,保定市,地表水厂,细颗粒物(PM2.5),133,208,137,101,82,91,2,78,31,96,69,8,8,1.1,0.8
2022-11-10T23:00:00,1055A,115.4323,38.8697,保定市,胶片厂,,,,,,,,,,,,,,,,
2022-11-10T23:00:00,1056A,115.5086,38.8639,保定市,监测站,细颗粒物(PM2.5),210,183,135,160,103,106,6,81,34,103,71,7,7,1.2,0.9
2022-11-10T23:00:00,1057A,114.8883,40.8336,张家口市,人民公园,细颗粒物(PM2.5),100,102,48,75,38,98,14,78,54,51,25,23,9,0.8,0.6
2022-11-10T23:00:00,1059A,114.8687,40.8042,张家口市,五金库,细颗粒物(PM2.5),62,46,44,44,41,88,83,66,49,14,26,10,10,0.5,0.7
2022-11-10T23:00:00,1060A,114.8902,40.762,张家口市,世纪豪园,细颗粒物(PM2.5),69,70,62,50,50,93,73,71,61,19,26,2,4,0.8,1
2022-11-10T23:00:00,1061A,114.8916,40.8661,张家口市,北泵房(对照点),细颗粒物(PM2.5),114,87,53,86,43,100,12,82,47,46,28,18,11,1.1,1
2022-11-10T23:00:00,1062A,117.9531,40.9081,承德市,铁路,细颗粒物(PM2.5),108,124,114,81,76,38,3,26,11,56,56,10,9,1.3,1
2022-11-10T23:00:00,1063A,117.9392,40.9763,承德市,中国银行,细颗粒物(PM2.5),100,113,96,75,76,42,3,34,14,48,47,4,4,1.1,1
2022-11-10T23:00:00,1064A,117.9503,40.928,承德市,开发区,细颗粒物(PM2.5),97,99,93,72,73,41,4,32,17,49,53,6,7,1.2,1.1
2022-11-10T23:00:00,1065A,117.8051,40.9655,承德市,文化中心,细颗粒物(PM2.5),115,125,113,87,92,72,2,44,25,54,44,4,5,1.2,1.1
2022-11-10T23:00:00,1066A,117.9268,41.0026,承德市,离宫(对照点),细颗粒物(PM2.5),104,86,88,78,71,49,1,28,5,38,37,7,7,0.8,0.9
2022-11-10T23:00:00,1067A,116.6708,39.5111,廊坊市,药材公司,细颗粒物(PM2.5),213,231,167,163,123,120,20,98,64,47,52,6,8,1.8,1.1
2022-11-10T23:00:00,1068A,116.7214,39.5589,廊坊市,开发区,细颗粒物(PM2.5),196,204,148,147,120,120,25,98,64,48,63,7,9,1.7,1.1
2022-11-10T23:00:00,1070A,116.7244,39.5269,廊坊市,北华航天学院,细颗粒物(PM2.5),229,223,167,179,136,115,24,93,63,49,63,4,6,1.6,1.1
2022-11-10T23:00:00,1071A,116.8842,38.2991,沧州市,沧县城建局,细颗粒物(PM2.5),247,268,224,197,212,43,13,31,27,51,68,8,7,1.8,1.6
2022-11-10T23:00:00,1072A,116.8584,38.3254,沧州市,电视转播站,细颗粒物(PM2.5),235,246,233,185,195,54,19,36,35,41,55,9,6,1.7,1.4
2022-11-10T23:00:00,1073A,116.8709,38.3228,沧州市,市环保局,细颗粒物(PM2.5),235,271,235,185,196,56,23,40,38,41,57,10,9,1.7,1.5
2022-11-10T23:00:00,1074A,115.6838,37.7541,衡水市,电机北厂,细颗粒物(PM2.5),249,308,273,199,206,24,3,19,10,65,58,12,13,1.0,1
2022-11-10T23:00:00,1075A,115.6303,37.7316,衡水市,市监测站,细颗粒物(PM2.5),261,285,275,211,211,25,1,17,7,67,60,5,5,,1.4
2022-11-10T23:00:00,1077A,114.4704,37.0886,邢台市,达活泉,细颗粒物(PM2.5),262,236,199,212,178,94,45,82,65,39,49,6,8,1.3,1.2
2022-11-10T23:00:00,1078A,114.5062,37.0349,邢台市,邢师高专,细颗粒物(PM2.5),279,210,179,229,186,87,43,79,66,31,40,8,8,1.3,1.3
2022-11-10T23:00:00,1079A,114.5237,37.0851,邢台市,路桥公司,,,,209,,172,46,,37,,,43,,8,,1.3
2022-11-10T23:00:00,1080A,114.4725,37.0719,邢台市,市环保局,细颗粒物(PM2.5),267,240,206,217,178,91,41,80,63,34,45,6,9,1.2,1.2
2022-11-10T23:00:00,1081A,112.5139,37.8873,太原市,尖草坪,细颗粒物(PM2.5),138,133,154,105,119,74,50,67,64,52,55,7,13,1.0,1.3
2022-11-10T23:00:00,1083A,112.434,38.0108,太原市,上兰(对照点),,,,,,,,,,,,,,,,
2022-11-10T23:00:00,1084A,112.469,37.7124,太原市,晋源,细颗粒物(PM2.5),152,150,148,116,107,87,70,73,66,38,48,11,13,1.1,1.3
2022-11-10T23:00:00,1085A,112.5583,37.7394,太原市,小店,细颗粒物(PM2.5),159,154,168,121,126,77,60,63,57,47,54,9,12,1.0,1.5
2022-11-10T23:00:00,1086A,112.5369,37.8692,太原市,桃园,细颗粒物(PM2.5),127,121,149,96,115,79,71,68,68,33,51,6,11,1.0,1.4
2022-11-10T23:00:00,1087A,112.57,37.8195,太原市,坞城,细颗粒物(PM2.5),120,112,140,91,112,80,75,70,70,29,46,8,11,0.9,1.2
2022-11-10T23:00:00,1088A,112.549,37.9854,太原市,南寨,细颗粒物(PM2.5),150,134,151,115,103,94,72,71,52,34,48,9,8,1.0,1.2
2022-11-10T23:00:00,1089A,112.4701,37.782,太原市,金胜,,,,,,,,,,,,,,,,
2022-11-10T23:00:00,1090A,111.6507,40.7517,呼和浩特市,呼市一监,,,61,40,51,40,16,4,11,6,,,6,6,1.2,1.3
2022-11-10T23:00:00,1091A,111.6572,40.8033,呼和浩特市,小召,细颗粒物(PM2.5),65,48,38,47,42,86,3,66,41,69,46,12,12,0.9,1
2022-11-10T23:00:00,1094A,111.7516,40.8369,呼和浩特市,如意水处理厂,细颗粒物(PM2.5),58,56,39,41,31,56,2,36,22,59,45,4,4,1.2,1.4
2022-11-10T23:00:00,1095A,111.7276,40.8062,呼和浩特市,二十九中,细颗粒物(PM2.5),64,59,37,46,36,84,10,69,50,51,39,8,8,1.3,1.4
2022-11-10T23:00:00,1096A,111.5512,40.7866,呼和浩特市,工大金川校区,,,,,,,,,,,,,,,,
2022-11-10T23:00:00,1097A,111.717,40.7612,呼和浩特市,化肥厂生活区,,,55,43,51,42,80,20,66,42,,,10,10,1.1,1.3
2022-11-10T23:00:00,1098A,123.6836,41.9339,沈阳市,森林路(对照点),,,,,,,,,,,,,,,,
2022-11-10T23:00:00,1099A,123.505,41.7406,沈阳市,浑南东路,细颗粒物(PM2.5),119,158,119,90,81,104,6,77,23,71,49,19,14,1.7,1.3
2022-11-10T23:00:00,1100A,123.4231,41.6989,沈阳市,新秀街,细颗粒物(PM2.5),90,90,112,67,86,98,10,75,17,58,47,52,25,1.5,1.3
2022-11-10T23:00:00,1102A,123.5903,41.8411,沈阳市,东陵路,细颗粒物(PM2.5),125,129,112,95,93,99,4,67,14,60,47,10,13,1.5,1.2
2022-11-10T23:00:00,1103A,123.4264,41.8467,沈阳市,陵东街,,,337,171,176,109,83,5,74,8,66,51,12,14,3.0,1.4
2022-11-10T23:00:00,1104A,123.4114,41.7653,沈阳市,文化路,细颗粒物(PM2.5),134,132,119,102,102,94,6,77,15,75,49,26,22,1.6,1.4
2022-11-10T23:00:00,1105A,123.4678,41.7867,沈阳市,小河沿,细颗粒物(PM2.5),172,222,148,130,100,91,7,75,19,86,56,9,10,2.0,1.2
2022-11-10T23:00:00,1106A,123.4017,41.7972,沈阳市,太原街,细颗粒物(PM2.5),169,229,175,128,107,89,4,77,6,82,55,12,16,2.5,1.4
2022-11-10T23:00:00,1108A,123.3783,41.9228,沈阳市,京沈街,细颗粒物(PM2.5),227,276,185,177,146,75,5,71,16,63,40,41,20,1.7,1.3
2022-11-10T23:00:00,1109A,121.612,38.9741,大连市,甘井子,细颗粒物(PM2.5),64,54,82,46,70,107,101,88,88,14,40,5,6,0.5,0.6
2022-11-10T23:00:00,1110A,121.565,38.9511,大连市,周水子,颗粒物(PM10),60,70,98,39,63,89,89,74,74,16,40,5,6,0.6,0.8
2022-11-10T23:00:00,1111A,121.5637,38.8845,大连市,星海三站,细颗粒物(PM2.5),83,62,68,61,69,88,85,77,77,17,31,7,7,0.7,0.7
2022-11-10T23:00:00,1112A,121.6302,38.9117,大连市,青泥洼桥,颗粒物(PM10),64,78,86,38,54,93,83,79,78,35,46,16,12,0.7,0.9
2022-11-10T23:00:00,1113A,121.6251,38.8638,大连市,傅家庄,颗粒物(PM10),55,59,65,35,42,96,91,84,84,20,26,6,7,0.5,1
2022-11-10T23:00:00,1114A,121.5213,38.8661,大连市,七贤岭,颗粒物(PM10),57,64,73,36,52,116,116,98,98,12,26,7,8,0.6,0.6
2022-11-10T23:00:00,1115A,121.2529,38.8061,大连市,旅顺,,33,33,49,21,27,106,104,92,92,10,25,2,4,0.4,0.4
2022-11-10T23:00:00,1116A,121.7485,39.1311,大连市,金州,,46,46,71,32,55,102,102,93,93,13,24,7,8,0.6,0.7
2022-11-10T23:00:00,1117A,121.7811,39.0496,大连市,开发区,细颗粒物(PM2.5),62,65,90,44,60,102,98,78,78,28,54,5,7,0.6,0.8
2022-11-10T23:00:00,1118A,121.9762,39.0631,大连市,双D港,颗粒物(PM10),59,68,75,41,48,98,93,78,78,6,13,7,8,0.7,0.8
2022-11-10T23:00:00,1119A,125.3325,43.9166,长春市,食品厂,细颗粒物(PM2.5),145,172,150,111,118,97,7,70,24,77,58,10,12,1.0,1
2022-11-10T23:00:00,1120A,125.2863,43.9027,长春市,客车厂,细颗粒物(PM2.5),119,144,128,90,101,87,6,64,19,81,65,12,14,0.9,1
2022-11-10T23:00:00,1121A,125.2841,43.8463,长春市,邮电学院,细颗粒物(PM2.5),104,111,135,78,95,100,5,76,34,80,63,11,14,0.9,1
2022-11-10T23:00:00,1122A,125.3716,43.8772,长春市,劳动公园,细颗粒物(PM2.5),94,125,151,70,91,89,10,62,27,72,62,10,16,0.7,0.9
2022-11-10T23:00:00,1123A,125.3297,43.8805,长春市,园林处,细颗粒物(PM2.5),98,119,130,73,95,94,14,66,31,74,62,12,18,0.8,1
2022-11-10T23:00:00,1124A,125.4605,43.79,长春市,净月潭,"颗粒物(PM10),细颗粒物(PM2.5)",85,119,86,63,61,96,50,84,65,23,26,8,7,0.5,0.6
2022-11-10T23:00:00,1125A,125.7194,43.515,长春市,甩湾子(对照点),,,,,,,,,,,,,,,,
2022-11-10T23:00:00,1126A,125.3863,43.8447,长春市,经开区环卫处,细颗粒物(PM2.5),103,149,155,77,90,93,11,62,20,66,61,10,12,0.8,0.9
2022-11-10T23:00:00,1127A,125.245,43.7783,长春市,高新区管委会,细颗粒物(PM2.5),104,150,132,78,93,81,8,60,16,62,61,6,8,0.6,0.9
2022-11-10T23:00:00,1128A,125.1761,43.8325,长春市,岱山公园,细颗粒物(PM2.5),89,108,125,66,87,84,10,57,22,73,70,10,18,0.6,1
2022-11-10T23:00:00,1129A,126.5422,45.755,哈尔滨市,岭北(对照点),细颗粒物(PM2.5),87,82,156,64,131,53,17,41,27,47,45,13,16,0.7,0.7
2022-11-10T23:00:00,1130A,126.561,45.8167,哈尔滨市,松北商大,细颗粒物(PM2.5),107,143,129,80,108,80,18,80,16,49,43,9,20,1.0,0.8
2022-11-10T23:00:00,1131A,126.979,45.5419,哈尔滨市,阿城会宁,细颗粒物(PM2.5),290,332,188,240,142,78,17,56,29,58,48,26,25,1.6,1
2022-11-10T23:00:00,1132A,126.599,45.7222,哈尔滨市,南岗学府路,细颗粒物(PM2.5),134,68,54,102,81,58,24,45,20,58,49,12,19,0.6,0.8
2022-11-10T23:00:00,1133A,126.689,45.7733,哈尔滨市,太平宏伟公园,细颗粒物(PM2.5),176,147,188,133,129,84,24,46,25,53,53,20,13,0.7,0.6
2022-11-10T23:00:00,1134A,126.635,45.7667,哈尔滨市,道外承德广场,颗粒物(PM10),97,144,204,46,110,51,4,31,8,48,50,13,20,1.0,0.9
2022-11-10T23:00:00,1135A,126.685,45.7319,哈尔滨市,香坊红旗大街,细颗粒物(PM2.5),85,66,138,63,108,58,12,46,17,51,51,25,21,0.8,0.9
2022-11-10T23:00:00,1136A,126.6411,45.7258,哈尔滨市,动力和平路,细颗粒物(PM2.5),217,70,102,167,86,69,30,42,22,64,43,22,13,1.1,0.7
2022-11-10T23:00:00,1137A,126.593,45.7478,哈尔滨市,道里建国路,细颗粒物(PM2.5),149,64,110,114,95,54,20,39,17,62,46,15,17,1.5,0.9
2022-11-10T23:00:00,1138A,126.615,45.61,哈尔滨市,平房东轻厂,细颗粒物(PM2.5),144,134,147,110,107,44,24,34,14,62,50,26,19,0.9,0.7
2022-11-10T23:00:00,1139A,126.595,45.9855,哈尔滨市,呼兰师专,细颗粒物(PM2.5),69,46,125,50,109,53,24,43,28,27,34,10,14,0.8,0.9
2022-11-10T23:00:00,1140A,126.6206,45.6842,哈尔滨市,省农科院,颗粒物(PM10),76,102,119,53,101,56,7,40,12,46,48,17,17,0.7,0.9
2022-11-10T23:00:00,1141A,121.4,31.238,上海市,普陀,,36,27,51,25,37,114,67,80,63,17,33,4,6,0.6,0.8
2022-11-10T23:00:00,1142A,121.478,31.2036,上海市,十五厂,,43,39,42,30,39,114,59,84,66,25,36,7,10,0.5,0.6
2022-11-10T23:00:00,1143A,121.467,31.3008,上海市,虹口,,43,36,51,30,34,72,53,59,55,23,39,5,8,0.5,0.7
2022-11-10T23:00:00,1144A,121.412,31.1654,上海市,徐汇上师大,,35,33,40,24,35,87,60,74,66,33,46,7,8,0.7,0.8
2022-11-10T23:00:00,1145A,121.536,31.2659,上海市,杨浦四漂,,48,44,51,33,40,88,38,72,60,42,42,7,9,0.7,0.8
2022-11-10T23:00:00,1146A,120.978,31.0935,上海市,青浦淀山湖(对照点),,,,,,,,,,,,,,,,
2022-11-10T23:00:00,1147A,121.425,31.2261,上海市,静安监测站,,40,40,65,26,38,114,64,82,68,18,32,5,7,0.6,0.6
2022-11-10T23:00:00,1148A,121.703,31.1907,上海市,浦东川沙,细颗粒物(PM2.5),52,32,39,36,35,100,18,82,60,41,24,6,6,0.5,0.6
2022-11-10T23:00:00,1149A,121.533,31.2284,上海市,浦东新区监测站,,42,40,58,29,40,79,48,71,64,19,23,6,6,0.6,0.6
2022-11-10T23:00:00,1150A,121.577,31.2071,上海市,浦东张江,细颗粒物(PM2.5),54,30,38,38,38,74,34,69,61,32,28,4,4,0.7,0.8
2022-11-10T23:00:00,1151A,118.8086,32.1065,南京市,迈皋桥,细颗粒物(PM2.5),98,104,95,73,55,159,9,111,53,71,61,6,6,0.9,0.8
2022-11-10T23:00:00,1152A,118.7538,32.0551,南京市,草场门,细颗粒物(PM2.5),110,102,79,83,55,158,13,119,65,64,66,3,4,1.2,0.9
2022-11-10T23:00:00,1153A,118.7794,32.0745,南京市,山西路,细颗粒物(PM2.5),98,114,84,73,53,180,8,136,71,69,54,3,5,0.9,0.6
2022-11-10T23:00:00,1154A,118.7752,32.0023,南京市,中华门,颗粒物(PM10),78,105,96,56,51,167,31,129,81,52,63,4,6,0.6,0.6
2022-11-10T23:00:00,1155A,118.8109,32.0309,南京市,瑞金路,细颗粒物(PM2.5),100,25,56,75,50,179,16,138,80,25,43,4,5,0.6,0.5
2022-11-10T23:00:00,1156A,118.7997,32.0754,南京市,玄武湖,细颗粒物(PM2.5),110,108,79,83,60,172,4,127,63,66,51,4,4,1.0,0.6
2022-11-10T23:00:00,1157A,118.6414,32.0931,南京市,浦口,细颗粒物(PM2.5),89,75,60,66,51,181,4,146,81,67,44,3,6,0.8,0.7
2022-11-10T23:00:00,1158A,118.7356,31.9996,南京市,奥体中心,细颗粒物(PM2.5),113,75,75,85,65,163,27,129,85,50,59,2,5,0.8,0.7
2022-11-10T23:00:00,1159A,118.9125,32.1028,南京市,仙林大学城,细颗粒物(PM2.5),89,100,82,66,50,159,8,123,66,64,49,4,4,1.2,0.9
2022-11-10T23:00:00,1160A,120.561,31.2472,苏州市,上方山(对照点),细颗粒物(PM2.5),65,72,63,47,39,112,14,79,38,40,48,5,6,0.6,0.7
2022-11-10T23:00:00,1161A,120.628,31.2864,苏州市,南门,,,,,,,,,,,,,,,,
2022-11-10T23:00:00,1162A,120.591,31.3019,苏州市,彩香,细颗粒物(PM2.5),67,70,68,48,48,115,13,83,49,58,49,6,6,0.7,0.8
2022-11-10T23:00:00,1163A,120.596,31.3264,苏州市,轧钢厂,颗粒物(PM10),60,69,70,42,44,115,3,83,45,66,50,6,6,0.9,0.9
2022-11-10T23:00:00,1164A,120.613,31.2703,苏州市,吴中区,细颗粒物(PM2.5),74,79,70,54,48,124,10,89,40,58,52,6,7,0.6,0.7
2022-11-10T23:00:00,1165A,120.543,31.2994,苏州市,苏州新区,细颗粒物(PM2.5),75,77,68,55,50,108,18,84,48,44,44,6,6,0.6,0.7
2022-11-10T23:00:00,1166A,120.669,31.3097,苏州市,苏州工业园区,细颗粒物(PM2.5),55,55,64,39,43,82,4,82,37,62,46,6,6,0.8,0.9
2022-11-10T23:00:00,1167A,120.641,31.3708,苏州市,相城区,,,48,57,29,34,104,,84,67,38,39,5,6,0.7,0.7
2022-11-10T23:00:00,1168A,120.9098,31.9663,南通市,狼山街道,,50,50,44,27,29,110,63,86,68,15,28,6,6,0.4,0.5
2022-11-10T23:00:00,1169A,120.86,32.0005,南通市,虹桥,,50,46,48,35,44,98,62,78,65,17,31,5,5,0.5,0.6
2022-11-10T23:00:00,1170A,120.87,32.02,南通市,城中,细颗粒物(PM2.5),100,59,43,75,64,103,63,82,66,16,27,4,4,0.3,0.5
2022-11-10T23:00:00,1171A,120.94,31.93,南通市,星湖花园,,39,34,40,27,31,114,69,88,68,11,27,6,7,0.4,0.5
2022-11-10T23:00:00,1172A,120.81,32.0417,南通市,紫琅学院,颗粒物(PM10),54,58,51,36,33,99,62,82,61,16,29,6,6,0.4,0.5
2022-11-10T23:00:00,1173A,119.176,34.5885,连云港市,市环境监测站,,44,44,54,24,25,122,75,108,89,19,21,5,6,0.3,0.4
2022-11-10T23:00:00,1177A,117.179,34.2761,徐州市,黄河新村,细颗粒物(PM2.5),125,129,99,95,65,61,16,39,27,62,46,8,8,1.0,0.9
2022-11-10T23:00:00,1178A,117.1918,34.2384,徐州市,淮塔,细颗粒物(PM2.5),140,164,112,107,71,67,8,47,28,67,46,7,6,0.9,0.8
2022-11-10T23:00:00,1180A,117.256,34.2153,徐州市,新城区,细颗粒物(PM2.5),163,151,105,124,82,64,5,44,30,76,49,11,10,1.1,1.1
2022-11-10T23:00:00,1181A,117.244,34.2911,徐州市,桃园路,细颗粒物(PM2.5),175,178,120,132,77,76,20,53,35,65,41,3,4,1.1,1
2022-11-10T23:00:00,1182A,117.2933,34.2778,徐州市,农科院,细颗粒物(PM2.5),149,153,104,114,71,91,,45,17,75,50,6,6,1.0,0.9
2022-11-10T23:00:00,1186A,119.389,32.3761,扬州市,邗江监测站,颗粒物(PM10),62,73,90,42,50,104,50,74,53,26,53,6,8,0.8,1.2
2022-11-10T23:00:00,1188A,120.269,31.4867,无锡市,雪浪,细颗粒物(PM2.5),55,58,68,39,40,127,34,76,51,28,55,7,10,1.0,0.9
2022-11-10T23:00:00,1189A,120.275,31.6219,无锡市,黄巷,,,,83,,46,137,,93,65,23,49,11,11,0.8,1
2022-11-10T23:00:00,1190A,120.294,31.56,无锡市,曹张,细颗粒物(PM2.5),55,40,54,39,39,145,50,100,65,18,46,9,10,0.9,0.8
2022-11-10T23:00:00,1191A,120.242,31.5031,无锡市,漆塘,细颗粒物(PM2.5),55,53,69,39,43,160,47,99,70,24,49,10,11,0.8,0.7
2022-11-10T23:00:00,1192A,120.3489,31.5863,无锡市,东亭,颗粒物(PM10),53,56,67,36,46,133,48,92,59,18,43,8,7,1.0,0.9
2022-11-10T23:00:00,1193A,120.354,31.5475,无锡市,旺庄,细颗粒物(PM2.5),62,58,69,44,46,126,35,89,55,37,54,10,10,1.2,1.2
2022-11-10T23:00:00,1194A,120.245,31.5631,无锡市,荣巷,细颗粒物(PM2.5),64,53,68,46,43,157,39,107,72,43,56,8,9,0.9,0.9
2022-11-10T23:00:00,1195A,120.299,31.6817,无锡市,堰桥,,44,44,67,29,43,144,52,105,69,21,46,6,8,0.9,1
2022-11-10T23:00:00,1196A,119.9633,31.762,常州市,市监测站,颗粒物(PM10),84,118,144,54,69,141,40,96,50,30,69,6,8,0.6,1.2
2022-11-10T23:00:00,1200A,119.9468,31.7069,常州市,武进监测站,颗粒物(PM10),84,118,129,47,53,151,30,108,56,41,68,11,12,1.3,1.1
2022-11-10T23:00:00,1201A,119.9255,31.9087,常州市,安家,细颗粒物(PM2.5),83,112,110,61,59,172,42,124,59,31,59,5,6,0.9,0.9
2022-11-10T23:00:00,1203A,119.6707,32.1875,镇江市,新区办事处,细颗粒物(PM2.5),54,51,72,38,47,112,47,80,64,33,57,2,4,0.6,1
2022-11-10T23:00:00,1204A,119.4974,32.1968,镇江市,职教中心,细颗粒物(PM2.5),97,49,70,72,86,112,35,86,51,42,66,3,5,0.8,1
2022-11-10T23:00:00,1205A,119.4303,32.1328,镇江市,丹徒区监测站,细颗粒物(PM2.5),83,63,82,61,66,134,41,100,60,29,62,5,7,0.6,0.8
2022-11-10T23:00:00,1206A,119.905,32.4878,泰州市,公园路,细颗粒物(PM2.5),58,63,65,41,47,73,28,62,55,28,32,8,8,0.8,1
2022-11-10T23:00:00,1207A,119.9189,32.4625,泰州市,莲花,细颗粒物(PM2.5),67,59,66,48,51,81,46,72,67,27,37,9,9,0.5,0.8
2022-11-10T23:00:00,1209A,119.888,32.4639,泰州市,留学生创业园,细颗粒物(PM2.5),69,56,58,50,48,79,49,67,64,17,31,6,6,0.7,1
2022-11-10T23:00:00,1210A,119.036,33.5981,淮安市,钵池山,颗粒物(PM10),75,100,67,38,35,90,32,61,42,38,32,6,6,0.8,0.9
2022-11-10T23:00:00,1211A,119.007,33.575,淮安市,北京南路,细颗粒物(PM2.5),88,75,69,65,57,84,26,61,45,41,29,6,5,0.8,0.9
2022-11-10T23:00:00,1212A,118.989,33.6067,淮安市,市监测站,颗粒物(PM10),80,110,70,54,59,92,25,66,51,54,35,4,3,0.8,0.9
2022-11-10T23:00:00,1213A,119.135,33.5039,淮安市,楚州区监测站,颗粒物(PM10),62,73,66,41,44,83,49,64,56,21,28,7,6,0.7,0.8
2022-11-10T23:00:00,1214A,119.0186,33.6297,淮安市,淮阴区监测站,颗粒物(PM10),79,107,65,54,48,90,26,64,47,47,33,8,5,0.6,0.7
2022-11-10T23:00:00,1215A,120.118,33.4022,盐城市,盐城电厂,,35,22,36,24,23,107,65,87,76,12,21,5,6,0.4,0.5
2022-11-10T23:00:00,1216A,120.156,33.3942,盐城市,市监测站,,35,35,47,24,24,92,56,72,66,14,24,7,8,0.3,0.4
2022-11-10T23:00:00,1218A,120.2144,33.38,盐城市,开发区管委会,,28,28,34,11,25,102,51,80,63,21,23,7,8,0.2,0.4
2022-11-10T23:00:00,1220A,118.293,33.9528,宿迁市,宿迁学院,颗粒物(PM10),55,59,49,34,25,90,35,66,51,36,30,5,5,0.7,0.7
2022-11-10T23:00:00,1221A,118.2442,33.9592,宿迁市,宿迁中学,颗粒物(PM10),57,64,55,34,29,89,31,69,55,41,27,5,4,0.7,0.6
2022-11-10T23:00:00,1223A,120.2072,30.2111,杭州市,滨江,颗粒物(PM10),74,97,86,46,44,132,26,104,72,51,55,6,6,0.7,0.8
2022-11-10T23:00:00,1224A,120.0633,30.2747,杭州市,西溪,颗粒物(PM10),64,78,57,44,32,114,42,94,68,36,31,9,9,0.5,0.6
2022-11-10T23:00:00,1225A,119.026,29.635,杭州市,千岛湖(对照点),,,,,,,,,,,,,,,,
2022-11-10T23:00:00,1226A,120.3461,30.3153,杭州市,下沙,,49,49,71,29,38,128,50,111,84,26,52,7,9,0.5,0.9
2022-11-10T23:00:00,1227A,120.1269,30.2456,杭州市,卧龙桥,细颗粒物(PM2.5),77,67,58,56,42,115,9,96,46,36,30,5,6,0.7,0.7
2022-11-10T23:00:00,1228A,120.1903,30.2692,杭州市,浙江农大,颗粒物(PM10),57,63,62,36,37,122,51,106,86,31,45,7,7,0.5,0.7
2022-11-10T23:00:00,1229A,120.157,30.2897,杭州市,朝晖五区,,,,,,,,,,,,,,,,
2022-11-10T23:00:00,1230A,120.1197,30.3119,杭州市,和睦小学,颗粒物(PM10),65,80,80,43,43,109,45,98,69,38,54,1,2,0.6,0.8
2022-11-10T23:00:00,1231A,120.3019,30.4183,杭州市,临平镇,颗粒物(PM10),57,64,81,28,37,142,62,108,89,16,50,6,7,0.7,0.9
2022-11-10T23:00:00,1232A,120.2697,30.1819,杭州市,城厢镇,细颗粒物(PM2.5),70,73,78,51,46,148,26,108,84,47,54,7,7,0.7,0.8
2022-11-10T23:00:00,1233A,120.0883,30.1808,杭州市,云栖,,,,92,43,35,111,20,100,69,39,37,6,6,0.6,0.6
2022-11-10T23:00:00,1234A,121.8358,29.911,宁波市,区环保大楼,,37,37,43,24,26,68,2,42,15,52,49,5,7,0.4,0.6
2022-11-10T23:00:00,1235A,121.56,29.82,宁波市,万里学院,,26,26,45,14,24,96,45,72,42,16,32,5,7,0.4,0.5
2022-11-10T23:00:00,1236A,121.713,29.9572,宁波市,龙赛医院,颗粒物(PM10),53,55,76,32,37,101,12,53,10,48,65,10,12,0.5,0.6
2022-11-10T23:00:00,1239A,121.633,29.7733,宁波市,钱湖水厂,,22,17,25,15,20,90,41,74,55,9,10,5,5,0.4,0.4
2022-11-10T23:00:00,1240A,121.5856,29.8635,宁波市,太古小学,,29,20,31,20,27,85,32,61,34,29,39,9,11,0.5,0.6
2022-11-10T23:00:00,1241A,121.524,29.8674,宁波市,市环境监测中心,,32,32,46,18,22,84,30,56,23,23,41,6,9,0.5,0.5
2022-11-10T23:00:00,1242A,120.634,28.0089,温州市,瓯海,,50,50,94,20,41,95,36,72,46,31,47,7,8,0.5,0.7
2022-11-10T23:00:00,1243A,120.6748,27.9939,温州市,南浦,颗粒物(PM10),53,56,84,23,38,91,31,67,38,34,50,6,7,0.3,0.5
2022-11-10T23:00:00,1244A,120.76,27.9747,温州市,龙湾,颗粒物(PM10),55,59,79,20,31,73,20,56,39,49,53,6,6,0.5,0.6
2022-11-10T23:00:00,1245A,120.6709,28.0167,温州市,市站,颗粒物(PM10),57,63,79,23,38,102,30,78,44,37,45,6,6,0.5,0.6
2022-11-10T23:00:00,1246A,120.598,30.0911,绍兴市,袍江站,,,,,,,,,,,,,,,,
2022-11-10T23:00:00,1247A,120.6053,29.9928,绍兴市,城东开发委,细颗粒物(PM2.5),102,97,68,76,44,117,21,98,64,43,33,12,9,0.7,0.7
2022-11-10T23:00:00,1250A,120.0751,30.8669,湖州市,城西水厂,颗粒物(PM10),52,53,80,33,44,194,32,142,109,43,55,5,7,0.6,0.7
2022-11-10T23:00:00,1252A,120.7436,30.778,嘉兴市,清河小学,细颗粒物(PM2.5),64,72,59,46,33,160,48,123,82,22,38,6,8,0.4,0.5
2022-11-10T23:00:00,1253A,120.726,30.7478,嘉兴市,嘉兴学院,细颗粒物(PM2.5),85,77,57,63,40,157,45,111,75,27,40,6,8,0.4,0.5
2022-11-10T23:00:00,1255A,121.273,28.6459,台州市,黄岩环保大楼,颗粒物(PM10),52,54,51,24,24,106,34,88,59,24,21,6,6,0.4,0.4
2022-11-10T23:00:00,1256A,121.419,28.6542,台州市,台州环保大楼,,40,40,55,21,31,139,54,84,52,6,27,6,8,0.4,0.5
2022-11-10T23:00:00,1257A,121.377,28.5773,台州市,路桥田洋王,颗粒物(PM10),73,96,73,47,39,124,35,88,47,22,30,5,6,0.3,0.6
2022-11-10T23:00:00,1258A,122.122,30.0203,舟山市,定海檀枫,,29,29,33,19,20,112,36,78,42,21,25,4,5,0.2,0.3
2022-11-10T23:00:00,1259A,122.3094,29.9558,舟山市,普陀东港,,30,30,34,19,22,80,17,61,21,45,32,5,5,0.3,0.3
2022-11-10T23:00:00,1260A,122.19,29.9944,舟山市,临城新区,,33,33,38,17,20,99,33,71,39,24,25,5,5,0.3,0.3
2022-11-10T23:00:00,1261A,119.649,29.1131,金华市,四中(停运161031),,,,,,,,,,,,,,,,
2022-11-10T23:00:00,1262A,119.647,29.077,金华市,十五中,,26,17,66,18,37,148,28,103,52,26,47,6,7,0.4,0.6
2022-11-10T23:00:00,1263A,119.686,29.1029,金华市,监测站,,,,76,,45,43,,24,,,42,,6,,0.6
2022-11-10T23:00:00,1264A,118.8692,28.9398,衢州市,环保大楼,颗粒物(PM10),51,52,73,25,47,140,22,102,54,32,39,9,10,0.4,0.6
2022-11-10T23:00:00,1265A,118.8709,28.9666,衢州市,实验学校,,38,34,63,26,44,101,20,82,52,34,38,8,9,0.6,0.7
2022-11-10T23:00:00,1266A,118.8621,28.9808,衢州市,衢州学院,,38,38,60,19,38,130,25,109,58,31,35,9,9,0.4,0.6
2022-11-10T23:00:00,1267A,119.914,28.4514,丽水市,监测站大楼,,33,33,39,20,26,65,32,52,43,22,28,7,8,0.6,0.6
2022-11-10T23:00:00,1268A,119.93,28.4586,丽水市,莲都小学,,30,30,44,12,22,64,39,55,49,17,28,6,7,0.4,0.5
2022-11-10T23:00:00,1269A,119.879,28.4231,丽水市,余庄前,,25,25,36,16,23,76,17,58,36,23,18,5,6,0.4,0.5
2022-11-10T23:00:00,1270A,117.1959,31.7848,合肥市,明珠广场,,,,100,,51,153,44,114,81,,61,11,14,0.8,0.9
2022-11-10T23:00:00,1271A,117.3072,31.8764,合肥市,三里街,细颗粒物(PM2.5),125,146,113,95,54,151,38,118,95,49,64,8,12,1.1,1
2022-11-10T23:00:00,1272A,117.2588,31.8707,合肥市,琥珀山庄,细颗粒物(PM2.5),110,144,107,83,54,154,47,122,100,40,45,8,11,1.0,0.9
2022-11-10T23:00:00,1273A,117.1604,31.9052,合肥市,董铺水库(对照点),,,124,105,,51,158,71,131,118,32,48,11,12,1.2,1
2022-11-10T23:00:00,1274A,117.25,31.8571,合肥市,长江中路,细颗粒物(PM2.5),100,136,108,75,63,155,54,129,109,39,44,9,14,1.0,0.8
2022-11-10T23:00:00,1275A,117.266,31.9436,合肥市,庐阳区,细颗粒物(PM2.5),89,110,110,66,52,153,64,126,109,32,54,5,8,0.8,0.7
2022-11-10T23:00:00,1276A,117.336,31.8586,合肥市,瑶海区,细颗粒物(PM2.5),130,161,118,99,65,152,49,130,100,55,66,12,16,1.1,1.3
2022-11-10T23:00:00,1277A,117.3027,31.7964,合肥市,包河区,细颗粒物(PM2.5),125,134,114,95,67,150,25,108,73,76,65,10,13,1.1,1
2022-11-10T23:00:00,1278A,117.2776,31.7385,合肥市,滨湖新区,细颗粒物(PM2.5),107,146,101,80,55,164,68,140,117,47,34,13,16,1.1,0.9
2022-11-10T23:00:00,1279A,117.1318,31.8403,合肥市,高新区,细颗粒物(PM2.5),94,124,95,70,52,154,77,130,114,43,45,6,10,0.8,0.6
2022-11-10T23:00:00,1280A,119.3903,26.0543,福州市,鼓山(对照点),,,,,,,,,,,,,,,,
2022-11-10T23:00:00,1282A,119.2681,26.0504,福州市,师大,,28,24,36,19,24,95,39,73,53,17,18,3,6,0.4,0.5
2022-11-10T23:00:00,1283A,119.2984,26.1028,福州市,五四北路,,20,15,26,10,18,77,64,67,60,5,11,2,3,0.5,0.6
2022-11-10T23:00:00,1284A,119.2648,26.0768,福州市,杨桥西路,,20,10,34,14,18,95,61,74,59,6,16,2,5,0.3,0.5
2022-11-10T23:00:00,1285A,119.317,26.0746,福州市,紫阳,,20,16,29,3,18,85,62,72,66,6,11,4,5,0.2,0.3
2022-11-10T23:00:00,1286A,118.1608,24.8169,厦门市,溪东(对照点),,,,,,,,,,,,,,,,
2022-11-10T23:00:00,1287A,118.1514,24.4767,厦门市,洪文,,31,31,34,16,19,108,38,90,61,22,19,2,2,0.5,0.4
2022-11-10T23:00:00,1288A,118.0661,24.4444,厦门市,鼓浪屿,,27,27,34,14,16,98,37,78,57,20,28,4,4,0.4,0.4
2022-11-10T23:00:00,1290A,115.8931,28.6843,南昌市,省外办,颗粒物(PM10),64,78,83,37,40,147,17,113,51,61,47,7,10,0.6,0.9
2022-11-10T23:00:00,1291A,115.8886,28.7003,南昌市,省林业公司,颗粒物(PM10),74,97,79,31,38,149,1,114,62,95,59,7,10,0.7,0.9
2022-11-10T23:00:00,1292A,115.8126,28.7442,南昌市,林科所,"颗粒物(PM10),细颗粒物(PM2.5)",67,83,49,48,27,138,53,122,80,41,27,9,11,0.6,0.7
2022-11-10T23:00:00,1294A,115.8518,28.687,南昌市,建工学校,颗粒物(PM10),71,92,74,47,39,162,34,125,80,54,40,9,12,0.7,0.7
2022-11-10T23:00:00,1295A,115.8921,28.6424,南昌市,象湖,细颗粒物(PM2.5),89,91,72,66,41,147,34,113,63,48,43,6,9,0.8,0.8
2022-11-10T23:00:00,1296A,115.7423,28.7996,南昌市,武术学校(对照点),,32,27,34,22,29,123,30,107,71,10,9,18,17,0.7,0.8
2022-11-10T23:00:00,1298A,115.9314,28.6842,南昌市,省站,颗粒物(PM10),83,115,103,54,48,135,30,105,52,45,50,8,12,1.0,1
2022-11-10T23:00:00,1299A,116.9862,36.6114,济南市,科干所,细颗粒物(PM2.5),138,153,100,105,61,64,12,59,35,54,52,8,8,1.5,1
2022-11-10T23:00:00,1300A,116.9376,36.665,济南市,农科所,细颗粒物(PM2.5),138,166,123,105,63,58,2,45,30,85,73,7,8,1.1,0.7
2022-11-10T23:00:00,1301A,117.1265,36.6734,济南市,开发区,细颗粒物(PM2.5),148,171,122,113,67,87,4,66,38,84,66,11,13,1.7,0.9
2022-11-10T23:00:00,1303A,117.0624,36.6868,济南市,省种子仓库,细颗粒物(PM2.5),158,205,142,120,69,66,7,51,40,96,80,10,8,1.2,0.8
2022-11-10T23:00:00,1304A,116.9489,36.6447,济南市,机床二厂,细颗粒物(PM2.5),158,195,134,120,73,63,5,53,39,81,72,9,9,1.7,1.1
2022-11-10T23:00:00,1305A,117.0495,36.663,济南市,市监测站,细颗粒物(PM2.5),140,188,131,107,64,63,3,55,36,75,76,12,11,1.5,1
2022-11-10T23:00:00,1306A,116.7675,36.5484,济南市,长清党校,细颗粒物(PM2.5),104,134,91,78,52,75,5,64,30,76,58,7,7,1.1,1
2022-11-10T23:00:00,1307A,120.6659,36.2403,青岛市,仰口(对照点),,37,24,29,17,22,126,117,122,121,8,10,4,6,0.4,0.2
2022-11-10T23:00:00,1308A,120.3905,36.1851,青岛市,李沧区子站,,,,,,,,,,,,,,,,
2022-11-10T23:00:00,1309A,120.3471,36.0699,青岛市,市北区子站,,,,,,,,,,,,,,,,
2022-11-10T23:00:00,1310A,120.4134,36.0658,青岛市,市南区东部子站,,30,29,31,14,17,112,94,112,103,13,10,6,7,0.5,0.5
2022-11-10T23:00:00,1311A,120.3664,36.1032,青岛市,四方区子站,,36,36,39,22,21,100,90,97,94,14,23,5,5,0.5,0.6
2022-11-10T23:00:00,1312A,120.2994,36.054,青岛市,市南区西部子站,,33,31,33,15,14,122,105,121,111,18,21,6,6,0.6,0.7
2022-11-10T23:00:00,1313A,120.4581,36.0858,青岛市,崂山区子站,,35,27,31,9,13,120,110,118,116,18,17,5,5,0.2,0.2
2022-11-10T23:00:00,1314A,120.1983,35.9608,青岛市,黄岛区子站,,37,24,33,12,16,123,117,122,113,11,29,4,6,0.3,0.4
2022-11-10T23:00:00,1315A,120.3999,36.3083,青岛市,城阳区子站,,46,46,61,23,26,98,18,90,55,68,49,6,5,0.8,0.7
2022-11-10T23:00:00,1316A,113.69031,34.76122,郑州市,烟厂,细颗粒物(PM2.5),176,172,146,133,119,43,34,31,23,32,46,6,4,1.6,1.1
2022-11-10T23:00:00,1317A,113.65724,34.77134,郑州市,郑纺机,细颗粒物(PM2.5),212,173,158,162,134,45,36,36,28,35,46,12,9,1.9,1.4
2022-11-10T23:00:00,1318A,113.67526,34.80246,郑州市,银行学校,细颗粒物(PM2.5),189,196,157,142,121,40,34,34,29,42,49,14,8,2.2,1.6
2022-11-10T23:00:00,1319A,113.56746,34.81334,郑州市,供水公司,颗粒物(PM10),129,208,167,97,82,37,32,29,26,33,45,8,6,1.8,1.2
2022-11-10T23:00:00,1320A,113.7329,34.7178,郑州市,经开区管委,细颗粒物(PM2.5),149,208,168,114,89,55,31,35,21,27,37,6,5,1.5,1.2
2022-11-10T23:00:00,1321A,113.73961,34.77172,郑州市,四十七中,颗粒物(PM10),140,229,189,94,87,37,31,26,22,35,49,10,8,1.7,1.3
2022-11-10T23:00:00,1322A,113.60532,34.74838,郑州市,市监测站,细颗粒物(PM2.5),138,219,188,105,142,47,29,35,27,35,46,9,7,1.5,1.1
2022-11-10T23:00:00,1323A,113.64164,34.7525,郑州市,河医大,细颗粒物(PM2.5),163,216,170,124,113,40,22,29,21,49,53,12,8,1.9,1.4
2022-11-10T23:00:00,1324A,113.51488,34.91089,郑州市,岗李水库(对照点),,,,,,,,,,,,,,,,
2022-11-10T23:00:00,1325A,114.3677,30.5584,武汉市,东湖梨园,细颗粒物(PM2.5),68,77,84,49,51,186,58,168,123,48,46,11,11,1.1,1.2
2022-11-10T23:00:00,1326A,114.2529,30.558,武汉市,汉阳月湖,细颗粒物(PM2.5),64,76,82,46,50,170,16,130,67,113,83,10,11,1.0,1.1
2022-11-10T23:00:00,1327A,114.282,30.6189,武汉市,汉口花桥,颗粒物(PM10),62,73,83,37,45,160,54,136,94,54,54,9,10,0.8,0.9
2022-11-10T23:00:00,1328A,114.3025,30.5332,武汉市,武昌紫阳,细颗粒物(PM2.5),62,69,78,44,50,168,37,144,98,80,63,13,15,1.2,1.3
2022-11-10T23:00:00,1329A,114.3646,30.6217,武汉市,青山钢花,颗粒物(PM10),81,111,107,48,62,166,68,138,76,47,71,16,16,1.3,1.4
2022-11-10T23:00:00,1330A,114.1566,30.4825,武汉市,沌口新区,颗粒物(PM10),67,84,99,41,52,165,67,146,109,63,79,18,19,0.9,1.2
2022-11-10T23:00:00,1331A,114.3014,30.5944,武汉市,汉口江滩,细颗粒物(PM2.5),57,62,77,40,46,181,56,146,95,63,71,13,13,1.0,1
2022-11-10T23:00:00,1333A,114.135,30.6319,武汉市,吴家山,细颗粒物(PM2.5),68,73,90,49,55,162,48,129,88,77,80,11,12,1.0,1.2
2022-11-10T23:00:00,1334A,113.8454,30.2917,武汉市,沉湖七壕(对照点),颗粒物(PM10),61,72,68,37,36,153,80,136,110,36,38,13,12,0.8,0.9
2022-11-10T23:00:00,1335A,113.0833,28.2325,长沙市,经开区环保局,颗粒物(PM10),57,64,46,33,31,139,29,119,62,77,44,10,10,0.8,0.7
2022-11-10T23:00:00,1336A,112.8872,28.2189,长沙市,高开区环保局,颗粒物(PM10),52,53,55,32,41,146,81,129,95,28,46,13,12,0.5,0.7
2022-11-10T23:00:00,1337A,113.0792,28.2053,长沙市,马坡岭,颗粒物(PM10),68,86,62,39,35,144,5,121,65,91,41,10,10,0.7,0.6
2022-11-10T23:00:00,1338A,112.9394,28.19,长沙市,湖南师范大学,颗粒物(PM10),51,51,48,32,36,133,67,108,80,21,26,8,8,0.7,1
2022-11-10T23:00:00,1339A,113.0178,28.1322,长沙市,雨花区环保局,,49,48,57,34,33,118,67,105,74,27,47,11,10,0.4,0.4
2022-11-10T23:00:00,1340A,112.9792,28.2597,长沙市,伍家岭,颗粒物(PM10),92,133,78,47,43,157,4,122,45,77,58,7,8,0.8,0.8
2022-11-10T23:00:00,1341A,113.0014,28.1944,长沙市,火车新站,颗粒物(PM10),55,60,59,29,34,126,66,112,68,32,50,11,9,0.7,0.8
2022-11-10T23:00:00,1342A,112.9844,28.1178,长沙市,天心区环保局,颗粒物(PM10),54,58,53,28,33,138,76,118,83,29,42,11,11,0.6,0.6
2022-11-10T23:00:00,1343A,112.8908,28.1308,长沙市,湖南中医药大学,颗粒物(PM10),77,103,86,33,44,134,22,108,46,66,53,6,5,0.8,0.8
2022-11-10T23:00:00,1344A,112.9581,28.3611,长沙市,沙坪(对照点),,38,38,39,25,27,141,87,114,89,14,21,5,4,0.6,0.6
2022-11-10T23:00:00,1345A,113.2347,23.1423,广州市,广雅中学,细颗粒物(PM2.5),84,110,89,62,49,116,4,90,50,99,79,4,5,1.5,1.1
2022-11-10T23:00:00,1346A,113.2612,23.105,广州市,市五中,细颗粒物(PM2.5),103,100,79,77,56,134,9,95,58,82,78,5,7,1.7,1.3
2022-11-10T23:00:00,1348A,113.3478,23.0916,广州市,广东商学院,细颗粒物(PM2.5),80,94,79,59,50,141,4,117,70,98,69,6,6,1.2,1.1
2022-11-10T23:00:00,1349A,113.4332,23.1047,广州市,市八十六中,颗粒物(PM10),89,127,100,54,44,138,5,106,65,119,77,10,9,1.7,1.2
2022-11-10T23:00:00,1350A,113.3505,22.9483,广州市,番禺中学,细颗粒物(PM2.5),79,94,72,58,41,160,2,128,73,74,60,6,6,1.2,1.1
2022-11-10T23:00:00,1351A,113.2146,23.3916,广州市,花都师范,细颗粒物(PM2.5),74,88,72,54,42,196,39,160,119,61,51,8,7,1.0,0.8
2022-11-10T23:00:00,1352A,113.2597,23.1331,广州市,市监测站,细颗粒物(PM2.5),78,93,85,57,49,142,6,111,75,90,73,5,6,1.1,1
2022-11-10T23:00:00,1353A,113.5618,23.312,广州市,九龙镇镇龙,颗粒物(PM10),67,83,61,39,31,152,1,116,68,65,38,5,5,0.9,0.7
2022-11-10T23:00:00,1354A,113.2765,23.1544,广州市,麓湖,细颗粒物(PM2.5),70,75,70,51,41,128,3,94,55,68,59,3,4,0.9,0.9
2022-11-10T23:00:00,1355A,113.443,23.3035,广州市,帽峰山森林公园(对照点),细颗粒物(PM2.5),95,111,71,71,42,129,91,118,112,19,24,5,5,0.6,0.6
2022-11-10T23:00:00,1356A,114.1063,22.5545,深圳市,通心岭子站,,27,27,39,16,23,97,58,84,71,23,33,3,3,0.4,0.5
2022-11-10T23:00:00,1357A,114.117,22.5625,深圳市,洪湖,,43,43,56,25,30,122,43,100,77,40,42,6,6,0.7,0.7
2022-11-10T23:00:00,1358A,113.987,22.5417,深圳市,华侨城,颗粒物(PM10),65,79,54,46,32,187,36,109,100,48,42,6,7,1.0,0.8
2022-11-10T23:00:00,1359A,113.9181,22.5171,深圳市,南海子站,细颗粒物(PM2.5),94,114,63,70,33,203,42,137,102,70,55,4,4,0.7,0.6
2022-11-10T23:00:00,1360A,114.2458,22.5689,深圳市,盐田,,38,33,24,20,15,92,30,77,44,75,48,9,8,0.6,0.7
2022-11-10T23:00:00,1361A,114.2283,22.7244,深圳市,龙岗,"颗粒物(PM10),细颗粒物(PM2.5)",70,90,70,51,39,170,37,141,93,60,49,5,5,0.7,0.7
2022-11-10T23:00:00,1362A,113.8953,22.5861,深圳市,西乡,,,,,,,,,,,,,,,,
2022-11-10T23:00:00,1363A,114.494,22.5422,深圳市,南澳,,31,31,27,17,14,130,56,104,85,9,12,6,6,0.4,0.4
2022-11-10T23:00:00,1364A,114.41,22.6342,深圳市,葵涌,,31,31,22,20,14,107,24,92,70,17,13,8,8,0.6,0.5
2022-11-10T23:00:00,1365A,114.297,22.5978,深圳市,梅沙,颗粒物(PM10),52,54,29,21,14,113,76,99,78,12,11,9,9,0.6,0.4
2022-11-10T23:00:00,1366A,114.0678,22.738,深圳市,观澜,细颗粒物(PM2.5),142,166,93,108,52,172,13,146,96,95,53,8,8,1.0,0.7
2022-11-10T23:00:00,1367A,113.5814,22.2618,珠海市,吉大,细颗粒物(PM2.5),53,31,30,37,30,134,72,112,96,16,25,6,6,0.4,0.4
2022-11-10T23:00:00,1368A,113.4881,22.2335,珠海市,前山,颗粒物(PM10),55,60,45,37,21,132,3,98,63,86,50,6,6,0.8,0.6
2022-11-10T23:00:00,1369A,113.628,22.4251,珠海市,唐家,,31,31,41,14,29,155,52,134,111,22,28,7,7,0.2,0.3
2022-11-10T23:00:00,1370A,113.299,22.2281,珠海市,斗门,颗粒物(PM10),60,70,49,35,25,172,22,135,111,58,33,8,9,1.0,0.6
2022-11-10T23:00:00,1371A,113.1294,23.0067,佛山市,湾梁,颗粒物(PM10),79,107,80,52,38,115,5,86,55,80,61,11,12,1.2,1
2022-11-10T23:00:00,1372A,113.1083,23.0478,佛山市,华材职中,细颗粒物(PM2.5),87,90,81,64,49,112,2,78,46,84,57,7,11,0.9,0.8
2022-11-10T23:00:00,1373A,113.144,23.0453,佛山市,南海气象局,细颗粒物(PM2.5),93,83,77,69,52,117,22,96,69,79,69,9,9,0.9,0.9
2022-11-10T23:00:00,1374A,113.2881,22.8094,佛山市,顺德苏岗,细颗粒物(PM2.5),89,72,63,66,52,182,23,125,91,56,61,6,7,1.1,1.3
2022-11-10T23:00:00,1375A,113.2544,22.7642,佛山市,容桂街道办,,,,,,,,,,,,,,,,
2022-11-10T23:00:00,1376A,112.8383,22.8678,佛山市,高明孔堂,颗粒物(PM10),51,51,52,30,29,119,37,86,66,19,25,6,11,0.6,0.7
2022-11-10T23:00:00,1377A,112.8836,23.1588,佛山市,三水监测站,颗粒物(PM10),87,124,69,61,41,108,11,87,47,93,52,9,7,0.9,0.7
2022-11-10T23:00:00,1378A,112.867,23.185,佛山市,三水云东海,"颗粒物(PM10),细颗粒物(PM2.5)",60,70,56,43,33,139,2,106,59,58,31,5,6,0.6,0.5
2022-11-10T23:00:00,1379A,113.3769,22.5211,中山市,华柏园,细颗粒物(PM2.5),73,74,55,53,36,154,27,114,82,64,45,6,6,1.3,1
2022-11-10T23:00:00,1380A,113.3881,22.5497,中山市,张溪,颗粒物(PM10),91,131,72,52,42,157,13,132,79,32,24,5,6,1.3,0.9
2022-11-10T23:00:00,1381A,113.4075,22.5111,中山市,紫马岭,细颗粒物(PM2.5),65,76,54,47,28,143,22,105,69,48,32,6,7,0.8,0.6
2022-11-10T23:00:00,1382A,113.4411,22.4853,中山市,长江旅游区(对照点),,,,34,,22,30,,27,,,18,,7,,0.5
2022-11-10T23:00:00,1383A,113.1064,22.6058,江门市,北街,颗粒物(PM10),59,68,57,38,31,146,18,127,83,67,44,6,7,1.8,1.1
2022-11-10T23:00:00,1384A,113.0731,22.5835,江门市,西区,颗粒物(PM10),63,76,58,41,36,145,7,116,66,83,52,7,8,1.2,1.1
2022-11-10T23:00:00,1385A,113.0219,22.5311,江门市,圭峰西,,45,44,49,31,30,134,106,123,116,23,29,5,6,0.7,0.9
2022-11-10T23:00:00,1386A,113.0828,22.5947,江门市,东湖,颗粒物(PM10),66,81,65,44,36,142,8,117,70,70,42,7,8,1.4,1.1
2022-11-10T23:00:00,1387A,113.7875,23.0457,东莞市,东城主山,,,,,,,,,,,,,,,,
2022-11-10T23:00:00,1388A,113.7533,23.0202,东莞市,南城元岭,,,,,,,,,,,,,,,,
2022-11-10T23:00:00,1389A,113.7547,23.0494,东莞市,莞城梨川,细颗粒物(PM2.5),103,114,84,77,57,220,20,163,102,114,61,11,11,1.3,1.1
2022-11-10T23:00:00,1390A,113.7944,23.0128,东莞市,东城石井,细颗粒物(PM2.5),79,82,65,58,45,218,16,166,94,52,38,10,11,1.0,0.9
2022-11-10T23:00:00,1391A,113.7383,22.9658,东莞市,南城西平,颗粒物(PM10),86,122,96,37,40,193,67,152,112,47,57,8,9,1.2,1.1
2022-11-10T23:00:00,1392A,114.4183,23.0528,惠州市,河南岸金山湖子站,颗粒物(PM10),68,86,62,33,25,128,36,103,56,37,33,5,6,0.7,0.8
2022-11-10T23:00:00,1393A,114.4053,23.0822,惠州市,下埔横江三路子站,颗粒物(PM10),64,78,54,34,27,161,43,153,83,39,36,7,7,0.6,0.6
2022-11-10T23:00:00,1394A,114.4103,23.1142,惠州市,江北云山西路子站,,49,49,52,24,28,161,59,136,108,27,24,4,6,0.5,0.5
2022-11-10T23:00:00,1395A,114.4645,22.7833,惠州市,惠阳区承修路船湖子站,,36,36,53,22,24,153,98,124,108,15,26,4,4,0.5,0.6
2022-11-10T23:00:00,1396A,114.5317,22.7422,惠州市,大亚湾管委会子站,颗粒物(PM10),60,69,50,22,19,134,60,115,96,44,32,4,4,0.4,0.4
2022-11-10T23:00:00,1397A,112.4267,23.0706,肇庆市,睦岗子站,,50,50,42,33,25,120,4,86,54,97,39,8,14,0.5,0.6
2022-11-10T23:00:00,1398A,112.4645,23.0475,肇庆市,城中子站,颗粒物(PM10),52,54,45,33,29,113,6,84,54,64,36,14,15,1.0,0.8
2022-11-10T23:00:00,1399A,112.5544,23.1522,肇庆市,坑口子站,,44,44,51,30,35,131,42,98,79,18,25,8,10,0.5,0.5
2022-11-10T23:00:00,1400A,112.4753,23.1,肇庆市,七星岩子站(对照点),,34,34,38,21,22,117,49,100,87,21,25,4,7,0.6,0.7
2022-11-10T23:00:00,1401A,108.3103,22.7881,南宁市,二十一中,,43,43,45,22,27,90,71,83,76,16,15,7,7,0.7,0.7
2022-11-10T23:00:00,1402A,108.3141,22.8528,南宁市,北湖,,43,43,55,19,27,96,74,84,72,15,14,8,8,0.6,0.6
2022-11-10T23:00:00,1403A,108.3206,22.8225,南宁市,市监测站,,41,41,45,23,30,93,59,81,64,36,23,13,11,0.7,0.7
2022-11-10T23:00:00,1404A,108.3829,22.8037,南宁市,大自然花园,,38,38,45,23,31,89,46,82,66,19,13,7,7,0.7,0.7
2022-11-10T23:00:00,1405A,108.4394,22.7904,南宁市,仙葫(对照点),颗粒物(PM10),61,71,53,28,34,81,42,76,64,22,14,7,7,0.7,0.8
2022-11-10T23:00:00,1406A,108.2397,22.8467,南宁市,区农职院,,38,38,44,19,26,94,63,86,68,31,26,8,7,0.7,0.6
2022-11-10T23:00:00,1407A,108.3275,22.735,南宁市,英华嘉园,,42,42,50,17,28,78,50,71,55,31,26,8,9,0.7,0.7
2022-11-10T23:00:00,1408A,108.2257,22.7757,南宁市,沙井镇街道办,颗粒物(PM10),57,63,55,23,32,86,29,77,62,56,29,10,10,0.6,0.6
2022-11-10T23:00:00,1409A,110.576,19.9507,海口市,东寨港(对照点),,,11,19,9,12,65,43,61,56,,,8,7,0.3,0.3
2022-11-10T23:00:00,1410A,110.3232,20.0574,海口市,海南大学,,29,28,27,13,14,113,91,105,99,8,8,3,4,0.5,0.5
2022-11-10T23:00:00,1411A,110.283,20.0053,海口市,秀英海南医院,,32,32,32,10,12,106,84,99,90,8,8,4,4,0.5,0.5
2022-11-10T23:00:00,1412A,110.338,19.9969,海口市,海南师范大学,,35,35,36,10,11,113,81,103,94,9,8,2,2,0.4,0.3
2022-11-10T23:00:00,1413A,110.33,20.0356,海口市,龙华路环保局宿舍,,32,32,30,13,13,101,78,95,88,6,7,4,4,0.5,0.5
2022-11-10T23:00:00,1414A,106.3787,29.8279,重庆市,缙云山(对照点),,36,36,49,19,25,105,96,88,88,13,15,3,5,0.4,0.5
2022-11-10T23:00:00,1416A,106.4213,29.8253,重庆市,天生,细颗粒物(PM2.5),94,109,93,70,64,61,13,46,34,28,31,30,15,0.9,0.8
2022-11-10T23:00:00,1417A,106.6263,29.7228,重庆市,两路,细颗粒物(PM2.5),63,55,78,45,49,76,43,47,36,49,58,8,10,1.0,1.1
2022-11-10T23:00:00,1418A,106.2953,29.5983,重庆市,虎溪,细颗粒物(PM2.5),97,83,83,72,70,65,29,64,36,35,37,11,15,1.1,1.2
2022-11-10T23:00:00,1419A,106.5777,29.5102,重庆市,南坪,细颗粒物(PM2.5),94,90,102,70,71,59,11,42,28,76,70,7,10,1.0,1.1
2022-11-10T23:00:00,1420A,106.6556,29.6277,重庆市,唐家沱,细颗粒物(PM2.5),69,85,79,50,42,27,3,18,10,74,63,9,9,0.8,0.7
2022-11-10T23:00:00,1421A,106.6349,29.4906,重庆市,茶园,"颗粒物(PM10),细颗粒物(PM2.5)",73,95,108,53,62,48,13,33,22,71,77,8,11,0.7,0.8
2022-11-10T23:00:00,1422A,106.3754,29.4572,重庆市,白市驿,细颗粒物(PM2.5),94,90,89,70,64,93,20,69,49,38,32,9,15,0.9,0.8
2022-11-10T23:00:00,1425A,106.6205,29.7166,重庆市,空港,细颗粒物(PM2.5),75,72,88,55,57,53,23,30,23,54,55,7,10,0.9,0.9
2022-11-10T23:00:00,1426A,106.4782,29.4875,重庆市,新山村,细颗粒物(PM2.5),79,80,105,58,65,87,8,53,38,67,61,5,7,0.9,0.8
2022-11-10T23:00:00,1427A,106.5616,29.6453,重庆市,礼嘉,颗粒物(PM10),76,102,92,52,51,68,6,39,26,66,62,15,14,0.7,0.8
2022-11-10T23:00:00,1428A,106.4522,29.7091,重庆市,蔡家,细颗粒物(PM2.5),94,102,87,70,58,57,3,49,17,51,49,6,7,1.0,0.9
2022-11-10T23:00:00,1429A,106.5093,29.3917,重庆市,鱼新街,细颗粒物(PM2.5),113,112,110,85,72,79,4,49,25,71,60,9,21,1.8,1.4
2022-11-10T23:00:00,1431A,103.9728,30.7236,成都市,金泉两河,细颗粒物(PM2.5),80,105,88,59,57,69,9,38,24,44,38,2,4,0.7,0.8
2022-11-10T23:00:00,1432A,104.1419,30.6764,成都市,十里店,细颗粒物(PM2.5),90,96,87,67,65,60,0,47,32,69,45,3,4,0.8,0.7
2022-11-10T23:00:00,1433A,104.0594,30.5767,成都市,三瓦窑,细颗粒物(PM2.5),93,104,96,69,68,58,3,42,33,64,45,3,3,0.7,0.7
2022-11-10T23:00:00,1434A,104.1122,30.6306,成都市,沙河铺,细颗粒物(PM2.5),89,110,97,66,65,58,4,38,32,60,43,4,3,0.8,0.8
2022-11-10T23:00:00,1437A,104.0431,30.6556,成都市,君平街,细颗粒物(PM2.5),98,105,86,73,67,81,2,59,43,73,40,4,5,0.9,0.6
2022-11-10T23:00:00,1438A,103.6202,31.0201,成都市,灵岩寺(对照点),细颗粒物(PM2.5),60,56,39,43,32,79,58,56,56,16,13,4,3,0.7,0.7
2022-11-10T23:00:00,1439A,106.6899,26.5998,贵阳市,马鞍山,,49,39,40,34,30,95,50,91,75,18,19,5,5,0.7,0.7
2022-11-10T23:00:00,1440A,106.6971,26.5694,贵阳市,市环保站,,48,48,52,32,29,85,40,80,60,42,35,5,5,0.5,0.4
2022-11-10T23:00:00,1441A,106.6243,26.6266,贵阳市,鉴湖路,,49,46,44,34,26,94,68,92,79,22,13,5,5,0.4,0.3
2022-11-10T23:00:00,1442A,106.7487,26.6343,贵阳市,燕子冲,细颗粒物(PM2.5),52,46,49,36,36,103,41,98,75,38,24,5,5,0.7,0.5
2022-11-10T23:00:00,1443A,106.6555,26.4365,贵阳市,碧云窝,颗粒物(PM10),54,58,49,31,28,101,84,97,87,12,12,6,8,0.5,0.5
2022-11-10T23:00:00,1444A,106.694,26.5161,贵阳市,中院村,细颗粒物(PM2.5),58,58,61,41,34,85,26,82,58,60,38,11,10,0.6,0.5
2022-11-10T23:00:00,1445A,106.7109,26.6027,贵阳市,红边门,细颗粒物(PM2.5),58,61,54,41,37,97,39,90,67,54,36,5,6,0.6,0.6
2022-11-10T23:00:00,1446A,106.7164,26.5699,贵阳市,新华路,颗粒物(PM10),54,58,54,31,33,98,44,92,68,39,28,7,6,0.5,0.5
2022-11-10T23:00:00,1447A,106.674,26.5424,贵阳市,太慈桥,颗粒物(PM10),52,53,52,31,25,94,78,92,81,16,19,7,6,0.4,0.4
2022-11-10T23:00:00,1450A,102.8204,24.8886,昆明市,呈贡新区,,40,40,30,24,19,104,51,94,77,34,20,10,10,0.6,0.6
2022-11-10T23:00:00,1451A,102.6251,24.9608,昆明市,西山森林公园(对照点),,26,20,23,15,15,105,82,94,91,6,10,7,8,0.5,0.6
2022-11-10T23:00:00,1452A,102.7252,25.0902,昆明市,龙泉镇,颗粒物(PM10),57,63,44,24,22,93,4,78,44,66,37,5,6,0.9,0.9
2022-11-10T23:00:00,1453A,102.7266,25.0375,昆明市,东风东路,,36,36,35,20,22,95,35,80,66,40,32,9,10,0.5,0.7
2022-11-10T23:00:00,1454A,102.6742,25.0669,昆明市,金鼎山,细颗粒物(PM2.5),53,41,45,37,25,99,32,83,60,37,30,7,8,0.6,0.7
2022-11-10T23:00:00,1455A,102.6644,25.0401,昆明市,碧鸡广场,,46,46,41,25,24,97,24,80,56,51,39,12,14,0.5,0.6
2022-11-10T23:00:00,1456A,91.1319,29.6514,拉萨市,八廓街,,,20,10,,,102,100,101,100,7,7,8,8,0,0
2022-11-10T23:00:00,1457A,91.1221,29.6747,拉萨市,市环保局,,30,26,13,9,5,102,96,100,97,5,7,2,2,0.3,0.3
2022-11-10T23:00:00,1458A,91.0874,29.6475,拉萨市,区监测站,,35,29,12,2,2,112,110,110,110,2,3,8,8,0.3,0.3
2022-11-10T23:00:00,1459A,91.1774,29.6541,拉萨市,西藏大学,,35,35,16,6,4,103,96,102,101,8,7,10,10,0.2,0.1
2022-11-10T23:00:00,1460A,90.9798,29.6588,拉萨市,区辐射站,,,,6,6,6,100,97,99,98,5,7,8,8,0.4,0.4
2022-11-10T23:00:00,1461A,91.0834,29.6292,拉萨市,拉萨火车站,,33,24,12,13,4,109,105,106,104,4,5,10,10,0,0
2022-11-10T23:00:00,1462A,108.882,34.2749,西安市,高压开关厂,颗粒物(PM10),70,90,157,42,75,22,5,12,6,42,49,6,6,0.9,1
2022-11-10T23:00:00,1463A,108.993,34.2629,西安市,兴庆小区,颗粒物(PM10),96,142,122,49,57,13,3,8,3,41,45,5,5,1.3,1.4
2022-11-10T23:00:00,1464A,109.06,34.2572,西安市,纺织城,颗粒物(PM10),119,188,146,56,54,9,3,6,4,48,48,7,7,1.2,1.2
2022-11-10T23:00:00,1465A,108.9356,34.2173,西安市,小寨,颗粒物(PM10),81,112,112,40,47,18,4,13,6,42,45,7,7,1.1,1
2022-11-10T23:00:00,1466A,108.954,34.2713,西安市,市人民体育场,颗粒物(PM10),84,118,134,55,79,14,4,10,4,36,44,6,6,0.8,0.9
2022-11-10T23:00:00,1467A,108.8922,34.2322,西安市,高新西区,颗粒物(PM10),78,106,126,33,51,28,7,18,8,38,40,6,6,1.0,1
2022-11-10T23:00:00,1468A,108.935,34.3474,西安市,经开区,颗粒物(PM10),63,75,110,34,66,61,2,18,13,41,49,5,5,1.1,1.1
2022-11-10T23:00:00,1469A,108.906,34.1546,西安市,长安区,颗粒物(PM10),60,69,96,35,53,27,7,23,10,36,37,5,5,1.1,1.1
2022-11-10T23:00:00,1470A,109.2,34.6575,西安市,阎良区,,,,,,,,,,,,,,,,
2022-11-10T23:00:00,1471A,109.2186,34.3731,西安市,临潼区,颗粒物(PM10),110,170,187,56,77,69,5,60,39,57,47,5,6,1.2,1.1
2022-11-10T23:00:00,1472A,108.869,34.378,西安市,草滩(对照点),颗粒物(PM10),93,135,130,40,63,62,3,22,13,49,53,7,8,1.2,1.1
2022-11-10T23:00:00,1473A,108.985,34.1978,西安市,曲江文化产业集团,颗粒物(PM10),100,149,153,69,84,12,3,9,4,42,49,4,4,1.2,1.2
2022-11-10T23:00:00,1474A,109.051,34.3213,西安市,广运潭,颗粒物(PM10),99,148,142,56,66,64,3,34,18,44,43,5,6,1.1,1
2022-11-10T23:00:00,1476A,103.631,36.1031,兰州市,兰炼宾馆,颗粒物(PM10),93,136,116,47,69,160,91,116,91,19,52,5,35,0.5,1
2022-11-10T23:00:00,1477A,104.1373,35.9454,兰州市,榆中兰大校区(对照点),,,,,,,,,,,,,,,,
2022-11-10T23:00:00,1478A,103.8412,36.0726,兰州市,生物制品所,颗粒物(PM10),88,125,97,43,53,107,84,90,86,21,49,5,15,1.0,1.3
2022-11-10T23:00:00,1479A,103.831,36.0464,兰州市,铁路设计院,颗粒物(PM10),95,140,96,41,53,114,87,93,87,22,54,14,21,0.5,1.1
2022-11-10T23:00:00,1480A,101.748,36.6428,西宁市,市环境监测站,,,,,,,,,,,,,,,,
2022-11-10T23:00:00,1482A,101.834,36.5819,西宁市,四陆医院,,,,,,,,,,,,,,,,
2022-11-10T23:00:00,1483A,101.524,36.6867,西宁市,第五水厂(对照点),,,,,,,,,,,,,,,,
2022-11-10T23:00:00,1484A,105.9512,38.6016,银川市,贺兰山马莲口(对照点),细颗粒物(PM2.5),105,96,82,79,64,117,90,103,101,20,25,16,17,0.9,1.1
2022-11-10T23:00:00,1488A,106.2328,38.4975,银川市,贺兰山东路,细颗粒物(PM2.5),145,142,150,111,115,119,16,82,64,89,58,12,14,1.2,1.2
2022-11-10T23:00:00,1489A,106.1358,38.5036,银川市,学院路,细颗粒物(PM2.5),123,166,157,93,91,103,34,79,63,70,48,15,17,1.3,1.5
2022-11-10T23:00:00,1490A,87.5801,43.8303,乌鲁木齐市,监测站,,35,17,12,24,7,65,11,54,44,52,25,5,5,1.2,1
2022-11-10T23:00:00,1491A,87.6046,43.768,乌鲁木齐市,收费所,,26,20,11,16,8,74,8,65,49,52,22,7,7,0.4,0.3
2022-11-10T23:00:00,1492A,87.4754,43.9469,乌鲁木齐市,新疆农科院农场(对照点),,30,16,7,21,11,56,1,44,30,48,24,8,8,1.1,1
2022-11-10T23:00:00,1493A,87.5525,43.8711,乌鲁木齐市,铁路局,,,20,11,19,8,60,9,54,42,,29,5,5,1.1,0.9
2022-11-10T23:00:00,1494A,87.6432,43.831,乌鲁木齐市,三十一中学,,,30,19,,,78,27,66,56,41,19,9,9,0.4,0.3
2022-11-10T23:00:00,1496A,87.7216,44.1747,乌鲁木齐市,米东区环保局,,40,40,20,13,11,61,1,57,38,44,16,8,8,0.3,0.4
2022-11-10T23:00:00,1508A,112.9433,27.8614,湘潭市,板塘,,48,43,53,33,34,132,59,118,85,37,45,5,5,0.5,0.5
2022-11-10T23:00:00,1511A,112.9118,27.8403,湘潭市,市监测站,颗粒物(PM10),51,52,66,26,35,122,69,104,73,25,38,17,13,0.7,0.8
2022-11-10T23:00:00,1512A,112.8937,27.8728,湘潭市,江麓,颗粒物(PM10),58,65,67,35,38,123,20,112,66,80,57,6,13,0.5,0.7
2022-11-10T23:00:00,1513A,112.9227,27.8159,湘潭市,岳塘,颗粒物(PM10),59,67,70,36,40,129,57,118,90,41,49,8,11,0.5,0.5
2022-11-10T23:00:00,1514A,112.9074,27.9119,湘潭市,科大,,46,36,55,32,33,132,32,116,71,61,48,14,14,0.5,0.5
2022-11-10T23:00:00,1515A,113.135,27.8244,株洲市,天台山庄,,36,29,34,25,30,128,89,120,102,11,13,7,7,0.5,0.4
2022-11-10T23:00:00,1518A,113.095,27.8867,株洲市,株冶医院,,49,42,41,34,31,131,58,118,83,39,35,17,14,0.5,0.4
2022-11-10T23:00:00,1519A,113.167,27.8667,株洲市,市四中,细颗粒物(PM2.5),53,36,36,37,33,140,43,126,95,45,20,7,8,0.6,0.4
2022-11-10T23:00:00,1520A,113.143,27.8381,株洲市,火车站,,42,39,48,29,40,126,73,115,84,19,18,11,11,0.8,0.8
2022-11-10T23:00:00,1524A,113.13,27.8528,株洲市,市监测站,细颗粒物(PM2.5),63,53,41,45,35,132,51,120,93,34,20,8,13,0.7,0.6
2022-11-10T23:00:00,1552A,106.805,26.3003,贵阳市,桐木岭(对照点),,,,,,,,,,,,,,,,
2022-11-10T23:00:00,1559A,113.251,27.8336,株洲市,大京风景区(对照点),,,,31,28,25,117,44,108,77,5,4,6,8,0.6,0.6
2022-11-10T23:00:00,1562A,113.0048,27.9153,湘潭市,昭山,颗粒物(PM10),63,76,66,32,31,132,12,113,58,78,47,11,8,0.6,0.5
2022-11-10T23:00:00,1564A,112.4876,27.9164,湘潭市,韶山(对照点),颗粒物(PM10),51,52,45,28,24,132,39,116,75,25,20,6,8,0.8,0.7
2022-11-10T23:00:00,1585A,109.8756,40.6532,包头市,市环境监测站,细颗粒物(PM2.5),90,92,76,67,63,72,9,46,31,74,50,12,20,1.2,1.2
2022-11-10T23:00:00,1587A,109.9991,40.5842,包头市,包头八中,细颗粒物(PM2.5),117,94,95,88,84,74,24,62,50,50,40,14,28,1.1,1.1
2022-11-10T23:00:00,1588A,109.8538,40.6821,包头市,青山宾馆,细颗粒物(PM2.5),117,109,94,88,92,74,11,46,30,63,50,16,26,1.1,1.3
2022-11-10T23:00:00,1589A,109.8642,40.6288,包头市,惠龙物流,细颗粒物(PM2.5),90,90,90,67,63,72,26,48,43,58,44,10,13,1.2,1.2
2022-11-10T23:00:00,1590A,110.0377,40.5546,包头市,东河鸿龙湾,细颗粒物(PM2.5),70,69,88,51,61,77,26,60,42,36,33,10,13,0.9,1
2022-11-10T23:00:00,1591A,110.0023,39.8129,鄂尔多斯市,综合楼,细颗粒物(PM2.5),54,50,77,38,58,72,56,59,54,27,38,10,8,0.9,1.1
2022-11-10T23:00:00,1592A,109.9486,39.8261,鄂尔多斯市,巴音孟克林场办事处,细颗粒物(PM2.5),73,56,92,53,60,84,45,67,60,41,41,10,9,1.2,1.3
2022-11-10T23:00:00,1593A,109.7736,39.5986,鄂尔多斯市,康泽苑,细颗粒物(PM2.5),55,51,77,39,58,84,56,76,70,20,21,5,6,0.7,0.8
2022-11-10T23:00:00,1594A,109.8119,39.5989,鄂尔多斯市,华泰汽车城,细颗粒物(PM2.5),62,51,78,44,65,82,56,71,65,24,27,5,5,0.6,0.6
2022-11-10T23:00:00,1595A,109.9734,39.7884,鄂尔多斯市,奥林花园,细颗粒物(PM2.5),64,70,98,46,66,80,37,63,53,38,41,6,6,1.1,1.2
2022-11-10T23:00:00,1596A,122.2414,40.6592,营口市,学府南路,,,,,,,,,,,,,,,,
2022-11-10T23:00:00,1597A,122.2703,40.7094,营口市,大庆路,,,,113,,84,67,,78,,,45,,7,,1.3
2022-11-10T23:00:00,1598A,122.215,40.6511,营口市,镜湖西路,细颗粒物(PM2.5),73,76,96,53,73,107,42,95,29,29,38,3,3,1.2,1.3
2022-11-10T23:00:00,1599A,122.167,40.6655,营口市,西炮台,细颗粒物(PM2.5),132,120,110,100,87,112,11,102,30,68,40,16,10,1.8,1
2022-11-10T23:00:00,1600A,124.3303,40.0625,丹东市,江湾东路,细颗粒物(PM2.5),82,71,64,60,52,84,13,81,35,38,21,16,11,3.1,1.6
2022-11-10T23:00:00,1601A,124.4256,40.1503,丹东市,临江后街,细颗粒物(PM2.5),60,59,67,43,43,71,30,71,35,13,20,8,9,1.4,1.2
2022-11-10T23:00:00,1602A,124.3933,40.1461,丹东市,元宝山,细颗粒物(PM2.5),83,70,99,61,77,68,32,68,37,14,29,10,14,1.0,0.9
2022-11-10T23:00:00,1603A,124.3633,40.1092,丹东市,民主桥,颗粒物(PM10),56,62,85,39,52,67,14,66,33,37,30,10,12,1.6,1.5
2022-11-10T23:00:00,1604A,122.0303,41.1489,盘锦市,开发区,细颗粒物(PM2.5),193,137,123,145,129,100,15,96,25,41,29,8,8,1.3,1.1
2022-11-10T23:00:00,1605A,122.0485,41.0883,盘锦市,兴隆台,细颗粒物(PM2.5),222,179,126,172,127,93,7,90,11,44,29,15,10,1.6,1.2
2022-11-10T23:00:00,1606A,121.8297,41.1028,盘锦市,新生街道,细颗粒物(PM2.5),204,181,111,154,137,96,12,89,17,36,27,8,10,1.2,1.1
2022-11-10T23:00:00,1607A,120.9092,40.7136,葫芦岛市,龙港区,细颗粒物(PM2.5),166,119,127,126,136,95,7,80,12,49,43,14,34,1.2,1.4
2022-11-10T23:00:00,1608A,120.8392,40.7514,葫芦岛市,化工街,细颗粒物(PM2.5),163,146,161,124,135,62,8,50,13,50,50,13,17,1.2,1.2
2022-11-10T23:00:00,1609A,120.8341,40.7073,葫芦岛市,新区,细颗粒物(PM2.5),172,114,121,130,127,74,7,62,9,55,49,14,17,1.2,1.2
2022-11-10T23:00:00,1610A,120.8695,40.7677,葫芦岛市,东城区,细颗粒物(PM2.5),138,120,138,105,130,55,5,54,9,56,54,12,24,1.6,1.8
2022-11-10T23:00:00,1611A,118.5819,24.9117,泉州市,涂山街,,18,12,32,11,14,104,57,88,68,9,13,7,8,0.5,0.6
2022-11-10T23:00:00,1612A,118.5972,24.8978,泉州市,津头埔,,19,19,34,10,18,99,45,86,62,18,17,7,7,0.5,0.6
2022-11-10T23:00:00,1613A,118.6663,24.9424,泉州市,万安,,19,19,30,10,20,106,59,94,72,9,10,8,7,0.4,0.5
2022-11-10T23:00:00,1614A,118.6117,24.9604,泉州市,清源山(对照点),,,,,,,,,,,,,,,,
2022-11-10T23:00:00,1616A,117.6795,36.229,济南市,技术学院,颗粒物(PM10),78,105,115,42,67,88,10,75,30,81,56,6,8,1.2,1.6
2022-11-10T23:00:00,1618A,118.3429,35.0532,临沂市,沂河小区,颗粒物(PM10),67,83,76,44,42,97,36,86,64,43,41,8,6,0.4,0.5
2022-11-10T23:00:00,1619A,118.295,35.0583,临沂市,鲁南制药厂,颗粒物(PM10),58,66,71,28,31,106,63,93,80,29,32,7,7,0.6,0.7
2022-11-10T23:00:00,1620A,118.2794,34.9976,临沂市,新光毛纺厂,颗粒物(PM10),54,58,67,31,33,103,58,90,78,33,32,3,3,0.7,0.8
2022-11-10T23:00:00,1621A,118.3956,35.0888,临沂市,河东保险公司,颗粒物(PM10),75,100,75,40,38,99,26,90,60,47,40,6,6,0.6,0.7
2022-11-10T23:00:00,1622A,116.3032,37.4674,德州市,儿童乐园,细颗粒物(PM2.5),260,318,247,210,159,71,6,52,28,68,58,13,12,1.5,1.2
2022-11-10T23:00:00,1624A,116.2991,37.4451,德州市,监理站,颗粒物(PM10),162,274,222,116,108,78,11,60,35,57,47,19,15,1.3,1.1
2022-11-10T23:00:00,1625A,115.9848,36.4372,聊城市,区政府,细颗粒物(PM2.5),273,279,167,223,118,65,5,47,14,62,44,8,24,1.4,1
2022-11-10T23:00:00,1628A,118.0062,37.3803,滨州市,市环保局,细颗粒物(PM2.5),142,150,166,108,108,105,54,75,68,26,52,22,18,0.9,1.2
2022-11-10T23:00:00,1629A,118.0018,37.3617,滨州市,第二水厂,细颗粒物(PM2.5),120,112,155,91,98,96,56,76,72,35,72,28,18,0.8,1.2
2022-11-10T23:00:00,1630A,117.9776,37.393,滨州市,北中新校,细颗粒物(PM2.5),134,91,109,102,103,103,27,59,39,62,74,17,16,0.8,1.1
2022-11-10T23:00:00,1631A,118.0414,36.8103,淄博市,人民公园,细颗粒物(PM2.5),168,156,139,127,103,107,6,86,50,72,57,12,10,0.8,1
2022-11-10T23:00:00,1632A,118.0253,36.8406,淄博市,东风化工厂,,,,,,,,,,,,,,,,
2022-11-10T23:00:00,1633A,117.8525,36.4847,淄博市,双山,细颗粒物(PM2.5),138,155,104,105,67,113,16,100,54,61,32,10,9,1.2,0.9
2022-11-10T23:00:00,1634A,117.9592,36.6331,淄博市,气象站,细颗粒物(PM2.5),149,190,117,114,66,127,10,102,54,81,48,15,13,1.2,0.9
2022-11-10T23:00:00,1635A,118.3092,36.8194,淄博市,莆田园,细颗粒物(PM2.5),85,117,133,63,79,117,2,94,44,80,61,8,14,0.6,2.5
2022-11-10T23:00:00,1636A,117.8661,36.805,淄博市,三金集团,,,,,,,,,,,,,,,,
2022-11-10T23:00:00,1637A,117.558,34.8438,枣庄市,市中区政府,细颗粒物(PM2.5),79,100,89,58,53,101,55,88,72,44,32,7,8,0.8,0.7
2022-11-10T23:00:00,1638A,117.2852,34.7837,枣庄市,薛城环保局,细颗粒物(PM2.5),85,90,89,63,64,89,70,76,66,36,34,11,8,0.9,0.9
2022-11-10T23:00:00,1639A,117.5852,34.7745,枣庄市,峄城区政府,细颗粒物(PM2.5),67,70,84,48,58,103,79,94,92,27,25,12,14,0.4,0.7
2022-11-10T23:00:00,1640A,117.7276,34.5578,枣庄市,台儿庄区环保局,细颗粒物(PM2.5),73,80,72,53,49,116,51,95,77,30,24,13,10,1.0,0.9
2022-11-10T23:00:00,1641A,117.4518,35.0992,枣庄市,山亭区环保局,细颗粒物(PM2.5),70,78,63,51,45,112,92,100,95,30,29,8,8,1.1,1
2022-11-10T23:00:00,1642A,121.2514,37.5639,烟台市,开发区,,45,29,40,31,31,80,76,63,63,22,40,8,10,0.8,0.9
2022-11-10T23:00:00,1643A,121.3719,37.5433,烟台市,轴承厂,,40,31,39,28,34,113,113,91,91,6,22,8,8,0.2,0.4
2022-11-10T23:00:00,1644A,121.3181,37.5436,烟台市,西郊化工站,,43,41,55,30,33,100,99,86,86,11,36,8,10,0.8,1
2022-11-10T23:00:00,1645A,121.4478,37.4822,烟台市,莱山环保局,,45,41,39,31,27,93,88,86,86,9,20,15,8,0.6,0.6
2022-11-10T23:00:00,1646A,121.2611,37.4967,烟台市,福山环保局,,41,41,53,24,28,90,64,90,54,21,37,5,7,0.3,0.4
2022-11-10T23:00:00,1648A,119.12,36.7019,潍坊市,仲裁委,,,,,,,,,,,,,,,,
2022-11-10T23:00:00,1650A,119.1437,36.7023,潍坊市,环保局,颗粒物(PM10),71,92,71,51,42,101,36,82,50,38,41,4,4,0.8,0.6
2022-11-10T23:00:00,1652A,119.1936,36.7729,潍坊市,寒亭监测站,,,,,,,,,,,,,,,,
2022-11-10T23:00:00,1653A,116.6251,35.4302,济宁市,火炬城,细颗粒物(PM2.5),73,50,87,53,71,69,21,38,38,46,47,6,7,0.5,0.6
2022-11-10T23:00:00,1655A,116.5491,35.4042,济宁市,电化厂,细颗粒物(PM2.5),79,76,95,58,60,71,28,44,44,38,34,18,10,0.7,0.7
2022-11-10T23:00:00,1656A,117.1437,36.1937,泰安市,监测站,颗粒物(PM10),78,105,113,51,48,79,50,63,44,23,29,9,11,0.7,1.2
2022-11-10T23:00:00,1657A,117.0885,36.2017,泰安市,人口学校,颗粒物(PM10),53,56,99,32,48,92,70,78,53,21,33,9,13,0.3,1
2022-11-10T23:00:00,1658A,117.1089,36.1758,泰安市,电力学校,细颗粒物(PM2.5),241,112,115,191,74,77,24,66,36,54,44,8,10,0.6,1.3
2022-11-10T23:00:00,1659A,119.471,35.4209,日照市,监测站,,33,27,37,23,23,112,33,96,49,30,48,5,7,0.7,0.7
2022-11-10T23:00:00,1660A,119.523,35.4216,日照市,市政府广场,,27,27,35,16,20,109,84,99,80,5,22,3,4,0.4,0.5
2022-11-10T23:00:00,1661A,119.5587,35.4044,日照市,港务局,,26,24,33,14,18,122,81,115,81,2,12,4,4,0.5,0.5
2022-11-10T23:00:00,1662A,122.1214,37.4236,威海市,华夏技校,细颗粒物(PM2.5),62,51,45,44,31,98,69,88,85,24,28,5,5,0.4,0.4
2022-11-10T23:00:00,1663A,122.0508,37.5236,威海市,山大分校,颗粒物(PM10),51,51,43,29,25,114,85,112,88,23,25,3,3,0.4,0.3
2022-11-10T23:00:00,1664A,122.1067,37.5072,威海市,市监测站,细颗粒物(PM2.5),59,56,43,42,30,105,62,95,82,30,28,5,6,0.7,0.7
2022-11-10T23:00:00,1665A,118.5019,37.4658,东营市,西城阳光环保公司,,,,,,,,,,,,,,,,
2022-11-10T23:00:00,1666A,118.6614,37.4309,东营市,市环保局,,42,34,88,29,71,94,88,72,71,11,42,8,13,0.6,1
2022-11-10T23:00:00,1669A,113.5824,24.7733,韶关市,市八中,颗粒物(PM10),55,60,43,25,24,126,32,97,66,51,27,23,16,0.7,0.6
2022-11-10T23:00:00,1670A,113.5556,24.8082,韶关市,碧湖山庄,,,,,,,,,,,,,,,,
2022-11-10T23:00:00,1671A,113.5917,24.7972,韶关市,园林处,颗粒物(PM10),57,64,41,30,23,138,9,104,66,56,26,9,11,1.2,0.9
2022-11-10T23:00:00,1672A,113.6735,24.7791,韶关市,韶关学院,,43,43,41,30,26,116,19,87,56,40,25,12,14,1.0,0.7
2022-11-10T23:00:00,1673A,113.5971,24.6863,韶关市,曲江监测站,颗粒物(PM10),51,52,49,12,26,112,11,89,56,42,25,9,13,0.7,1
2022-11-10T23:00:00,1674A,116.6794,23.3667,汕头市,金平子站,,20,15,35,14,22,125,60,115,84,16,26,9,14,0.4,0.6
2022-11-10T23:00:00,1675A,116.7244,23.3633,汕头市,龙湖子站,,27,27,45,11,17,128,62,112,87,16,20,10,11,0.6,0.7
2022-11-10T23:00:00,1676A,116.7258,23.2775,汕头市,濠江子站,,28,18,31,19,22,115,68,102,87,11,19,7,10,0.7,0.8
2022-11-10T23:00:00,1677A,116.7519,23.4714,汕头市,澄海子站,,30,22,36,21,25,129,55,117,89,22,22,4,7,0.6,0.6
2022-11-10T23:00:00,1678A,116.6092,23.2539,汕头市,潮阳子站,,21,21,34,13,18,139,64,115,84,10,16,7,10,0.6,0.8
2022-11-10T23:00:00,1679A,116.4069,23.2533,汕头市,潮南子站,,,,,,,,,,,,,,,,
2022-11-10T23:00:00,1680A,110.3539,21.2706,湛江市,湛江影剧院,,31,22,33,19,24,139,98,128,106,10,13,5,7,0.5,0.5
2022-11-10T23:00:00,1681A,110.3928,21.2228,湛江市,市环境监测站,,,,33,20,20,135,99,126,108,8,10,5,7,0.5,0.5
2022-11-10T23:00:00,1682A,110.4019,21.1997,湛江市,环保局宿舍,,32,28,29,15,23,129,102,125,108,6,10,6,8,0.5,0.5
2022-11-10T23:00:00,1683A,110.4111,21.2028,湛江市,霞山游泳场,,33,26,35,14,21,132,105,124,113,7,10,6,8,0.4,0.4
2022-11-10T23:00:00,1684A,110.3316,21.2679,湛江市,麻章区环保局,,29,27,33,16,23,134,92,119,100,10,14,6,8,0.6,0.6
2022-11-10T23:00:00,1685A,110.4558,21.2567,湛江市,坡头区环保局,,28,27,35,18,25,141,88,126,105,11,10,5,9,0.4,0.5
2022-11-10T23:00:00,1686A,111.0286,21.4688,茂名市,电白南海,,,39,45,17,21,137,,120,105,,15,7,10,0.4,0.4
2022-11-10T23:00:00,1687A,110.9294,21.6533,茂名市,茂石化七小,,34,34,38,22,27,135,83,113,106,12,11,12,15,0.5,0.5
2022-11-10T23:00:00,1688A,110.9107,21.6687,茂名市,健康路,,31,31,34,15,19,133,89,112,105,9,9,9,14,0.6,0.7
2022-11-10T23:00:00,1689A,110.8592,21.6828,茂名市,高岭,,42,39,35,29,28,138,73,114,100,16,13,10,12,0.0,0
2022-11-10T23:00:00,1690A,116.1231,24.3284,梅州市,梅江月梅,,39,36,36,27,21,130,30,114,82,36,22,3,4,0.4,0.4
2022-11-10T23:00:00,1691A,116.0797,24.2719,梅州市,梅县新城,,40,40,41,26,23,135,18,116,61,43,27,6,8,0.5,0.5
2022-11-10T23:00:00,1692A,116.1248,24.2654,梅州市,环境监控中心,,31,31,36,20,18,132,8,109,61,56,27,6,7,0.4,0.4
2022-11-10T23:00:00,1693A,115.3653,22.775,汕尾市,市环保局,,25,25,28,15,14,126,75,113,100,9,10,7,8,0.5,0.6
2022-11-10T23:00:00,1694A,115.3706,22.7898,汕尾市,市政府,,39,25,27,27,20,129,67,115,101,15,11,7,8,0.6,0.5
2022-11-10T23:00:00,1695A,115.3622,22.7925,汕尾市,新城中学,,,37,32,22,17,128,,113,99,9,8,8,9,0.7,0.6
2022-11-10T23:00:00,1696A,114.6778,23.7569,河源市,源西(对照点),颗粒物(PM10),57,63,33,24,19,91,4,61,22,38,25,4,5,0.7,0.6
2022-11-10T23:00:00,1697A,114.6944,23.7586,河源市,东埔,颗粒物(PM10),54,58,37,24,19,104,0,75,31,45,25,4,5,1.1,0.8
2022-11-10T23:00:00,1698A,114.6892,23.7233,河源市,老城,,39,39,42,10,17,99,10,74,38,27,18,3,4,0.7,0.8
2022-11-10T23:00:00,1699A,111.9797,21.8593,阳江市,鸳鸯湖(对照点),细颗粒物(PM2.5),54,47,43,38,29,109,69,101,91,20,21,8,7,0.9,0.8
2022-11-10T23:00:00,1700A,111.9508,21.8536,阳江市,南恩路,,,,,,,,,,,,,,,,
2022-11-10T23:00:00,1701A,111.9491,21.8658,阳江市,马南垌,细颗粒物(PM2.5),85,64,46,63,39,106,75,99,88,26,25,11,7,0.9,0.8
2022-11-10T23:00:00,1702A,113.0426,23.691,清远市,环保大楼(对照点),细颗粒物(PM2.5),72,78,41,52,29,200,54,161,145,39,16,5,4,0.9,0.7
2022-11-10T23:00:00,1703A,113.0208,23.7106,清远市,凤城街办,细颗粒物(PM2.5),72,62,39,52,29,112,47,92,79,21,20,8,9,1.0,0.8
2022-11-10T23:00:00,1705A,116.6367,23.6719,潮州市,西园路(对照点),,42,22,50,29,31,159,59,138,92,12,14,9,14,0.7,0.8
2022-11-10T23:00:00,1706A,116.6447,23.6706,潮州市,档案局,,30,19,48,21,30,164,55,144,92,12,13,10,15,0.8,0.7
2022-11-10T23:00:00,1708A,116.3701,23.5345,揭阳市,新兴,,33,22,50,23,31,164,52,137,88,16,20,11,11,0.6,0.7
2022-11-10T23:00:00,1709A,116.3264,23.5443,揭阳市,西马,,41,41,55,20,30,160,44,136,91,17,17,9,8,0.8,0.8
2022-11-10T23:00:00,1710A,116.3611,23.5626,揭阳市,东兴,,35,30,58,24,30,158,59,142,91,9,22,9,11,0.6,0.7
2022-11-10T23:00:00,1711A,116.4151,23.5294,揭阳市,渔湖,,28,23,46,19,29,165,53,144,87,13,18,8,9,0.6,0.8
2022-11-10T23:00:00,1712A,112.0392,22.9169,云浮市,新市府(对照点),,26,25,34,18,21,91,23,72,51,6,12,5,9,0.5,0.6
2022-11-10T23:00:00,1713A,112.0369,22.9394,云浮市,市监测站,,,,,,,,,,,,,,,,
2022-11-10T23:00:00,1714A,112.0539,22.9539,云浮市,牧羊,,44,44,56,23,25,90,7,71,41,30,24,32,21,0.7,0.7
2022-11-10T23:00:00,1715A,102.575,24.3711,玉溪市,东风水库,,35,35,25,17,16,95,30,81,65,18,14,6,5,0.6,0.6
2022-11-10T23:00:00,1718A,115.4208,35.2464,菏泽市,气象局,细颗粒物(PM2.5),165,150,107,125,83,62,22,60,32,33,31,4,5,0.7,0.6
2022-11-10T23:00:00,1719A,115.4747,35.2375,菏泽市,市政协,细颗粒物(PM2.5),104,89,102,78,87,62,35,60,34,31,37,4,6,0.4,0.5
2022-11-10T23:00:00,1720A,115.455,35.27,菏泽市,菏泽学院,,,,,,,,,,,,,,,,
2022-11-10T23:00:00,1721A,113.3819,40.1097,大同市,果树场(对照点),,,,,,,,,,,,,,,,
2022-11-10T23:00:00,1723A,113.2994,40.0758,大同市,云冈宾馆,细颗粒物(PM2.5),54,46,61,38,51,75,16,64,45,50,34,15,13,1.3,1.3
2022-11-10T23:00:00,1724A,113.3444,40.0917,大同市,大同大学,,,,,30,41,80,26,64,53,38,25,8,11,1.1,1.1
2022-11-10T23:00:00,1725A,113.2661,40.1269,大同市,安家小村,,,,,,,,,,,,,,,,
2022-11-10T23:00:00,1726A,113.2711,40.0844,大同市,教育学院,,,65,62,,,75,2,64,44,55,25,9,12,1.1,0.9
2022-11-10T23:00:00,1727A,113.1147,36.1547,长治市,清华站,细颗粒物(PM2.5),122,77,77,92,81,55,44,44,42,19,31,6,8,1.9,1.3
2022-11-10T23:00:00,1728A,113.1031,36.1989,长治市,监测站,细颗粒物(PM2.5),119,74,87,90,90,53,29,38,35,28,40,6,7,1.8,1.4
2022-11-10T23:00:00,1730A,113.0886,36.2125,长治市,审计局,细颗粒物(PM2.5),138,87,94,105,102,60,48,43,43,16,39,3,4,1.6,1.3
2022-11-10T23:00:00,1731A,113.0844,36.1856,长治市,长治八中,细颗粒物(PM2.5),109,102,111,82,78,52,33,38,36,21,41,9,10,2.2,1.5
2022-11-10T23:00:00,1733A,111.5531,36.0783,临汾市,临钢医院,细颗粒物(PM2.5),119,73,124,90,121,73,42,47,47,28,45,4,6,1.1,1.4
2022-11-10T23:00:00,1734A,111.5028,36.0714,临汾市,技工学校,细颗粒物(PM2.5),115,91,133,87,112,87,68,64,64,22,41,4,13,0.8,1.1
2022-11-10T23:00:00,1735A,111.5169,36.0822,临汾市,工商学校,,,,,,,,,,,,,,,,
2022-11-10T23:00:00,1736A,111.5018,36.0855,临汾市,市委,细颗粒物(PM2.5),112,95,131,84,100,94,80,69,69,18,40,4,7,0.7,0.9
2022-11-10T23:00:00,1738A,113.5758,37.8572,阳泉市,市中心,细颗粒物(PM2.5),144,145,174,110,115,106,86,95,93,33,48,13,17,1.0,1.4
2022-11-10T23:00:00,1739A,113.4894,37.8731,阳泉市,赛鱼,细颗粒物(PM2.5),150,157,145,115,100,99,71,90,87,33,41,11,12,1.1,1.1
2022-11-10T23:00:00,1740A,113.5819,37.8486,阳泉市,南庄,细颗粒物(PM2.5),118,151,187,89,109,107,90,96,94,27,46,10,15,1.1,1.5
2022-11-10T23:00:00,1741A,113.6292,37.8531,阳泉市,白羊墅,,,,,,,,,,,,,,,,
2022-11-10T23:00:00,1742A,113.5614,37.8703,阳泉市,平坦,细颗粒物(PM2.5),150,162,198,115,133,103,81,96,93,36,48,14,18,1.1,1.6
2022-11-10T23:00:00,1743A,113.5158,37.8392,阳泉市,大阳泉,细颗粒物(PM2.5),144,130,129,110,101,107,85,98,96,32,41,11,13,1.0,1.2
2022-11-10T23:00:00,1744A,118.9233,42.2816,赤峰市,松山一中,颗粒物(PM10),70,89,69,32,29,53,11,44,22,55,46,40,28,1.1,0.9
2022-11-10T23:00:00,1745A,118.9576,42.2728,赤峰市,哈达街,颗粒物(PM10),87,124,81,56,34,60,13,48,20,56,44,54,58,1.0,0.9
2022-11-10T23:00:00,1746A,118.8788,42.2554,赤峰市,天义路,颗粒物(PM10),70,90,72,43,30,58,11,47,23,51,44,91,42,1.1,0.8
2022-11-10T23:00:00,1748A,123.044,41.1196,鞍山市,深沟寺,细颗粒物(PM2.5),55,49,96,39,77,132,69,125,63,10,20,5,7,0.8,1.2
2022-11-10T23:00:00,1749A,123.011,41.0931,鞍山市,太阳城,,49,47,102,34,72,125,48,116,54,15,20,6,8,0.9,1.2
2022-11-10T23:00:00,1750A,123.0485,41.1442,鞍山市,太平,细颗粒物(PM2.5),60,58,155,43,96,121,70,114,38,10,37,10,12,0.6,1.3
2022-11-10T23:00:00,1751A,122.9642,41.0971,鞍山市,铁西三道街,细颗粒物(PM2.5),54,56,126,38,87,121,35,116,26,40,49,9,9,0.9,1.3
2022-11-10T23:00:00,1752A,122.9341,41.0833,鞍山市,铁西工业园区,细颗粒物(PM2.5),67,63,151,48,111,110,16,105,24,54,46,10,11,1.0,1.7
2022-11-10T23:00:00,1753A,123.022,41.0821,鞍山市,明达新区,细颗粒物(PM2.5),54,47,95,38,74,130,66,123,71,15,21,8,9,0.7,1
2022-11-10T23:00:00,1754A,123.1289,41.0228,鞍山市,千山(对照点),,,,,,,,,,,,,,,,
2022-11-10T23:00:00,1755A,123.7977,41.8491,抚顺市,望花区,细颗粒物(PM2.5),188,209,125,141,106,107,5,88,30,72,42,13,18,2.0,1.2
2022-11-10T23:00:00,1756A,123.9161,41.8822,抚顺市,顺城区,细颗粒物(PM2.5),212,232,132,162,104,85,4,69,22,52,54,11,15,2.1,1.4
2022-11-10T23:00:00,1757A,124.0436,41.8611,抚顺市,东洲区,细颗粒物(PM2.5),166,188,143,126,103,91,5,90,20,44,46,7,13,1.7,1.4
2022-11-10T23:00:00,1758A,123.9247,41.8642,抚顺市,新抚区,细颗粒物(PM2.5),168,203,146,127,102,79,4,61,19,54,57,11,11,1.7,1.3
2022-11-10T23:00:00,1759A,124.0972,41.8961,抚顺市,大伙房水库,细颗粒物(PM2.5),137,135,126,104,96,87,19,81,43,33,29,5,8,1.4,1.2
2022-11-10T23:00:00,1760A,123.7086,41.8391,抚顺市,沈抚新城,细颗粒物(PM2.5),172,189,132,130,100,101,4,83,32,54,35,12,14,1.9,1.3
2022-11-10T23:00:00,1761A,123.8275,41.3064,本溪市,大峪,,33,30,68,23,69,84,14,75,10,35,45,7,8,0.9,1.2
2022-11-10T23:00:00,1762A,123.7567,41.3325,本溪市,溪湖,颗粒物(PM10),55,59,143,30,101,96,47,96,17,45,59,13,10,1.0,1.8
2022-11-10T23:00:00,1763A,123.7169,41.3094,本溪市,彩屯,细颗粒物(PM2.5),94,96,145,70,101,81,27,64,17,60,62,26,18,3.3,2.5
2022-11-10T23:00:00,1764A,123.7669,41.2864,本溪市,东明,,33,26,77,23,59,105,74,104,38,28,55,13,12,0.7,1.3
2022-11-10T23:00:00,1765A,123.7992,41.2664,本溪市,新立屯,,32,15,59,22,54,116,82,116,36,14,43,7,8,0.5,0.8
2022-11-10T23:00:00,1766A,123.8142,41.3472,本溪市,威宁,,48,48,108,29,72,60,8,59,11,45,52,5,6,1.1,1.2
2022-11-10T23:00:00,1767A,121.1115,41.0879,锦州市,南山,细颗粒物(PM2.5),178,74,95,134,146,54,35,42,32,23,47,9,24,1.4,1.4
2022-11-10T23:00:00,1768A,121.0533,40.8434,锦州市,开发区,细颗粒物(PM2.5),153,64,110,117,157,51,16,51,25,35,47,9,21,1.6,1.9
2022-11-10T23:00:00,1769A,121.1836,41.1119,锦州市,百股街道,细颗粒物(PM2.5),189,139,152,142,151,54,37,41,36,26,47,13,27,1.8,1.9
2022-11-10T23:00:00,1770A,121.1178,41.1222,锦州市,天安街道,细颗粒物(PM2.5),216,86,117,166,156,41,37,34,31,31,56,8,21,2.0,1.7
2022-11-10T23:00:00,1771A,121.1303,41.1386,锦州市,北湖公园,,,93,114,,147,56,41,42,38,25,43,8,20,2.3,1.8
2022-11-10T23:00:00,1772A,126.54,43.8622,吉林市,哈达湾,细颗粒物(PM2.5),115,136,135,87,83,88,28,70,45,53,53,19,33,1.1,1.5
2022-11-10T23:00:00,1773A,126.5844,43.8358,吉林市,东局子,细颗粒物(PM2.5),125,143,137,95,87,90,7,68,32,63,57,11,13,1.3,1.2
2022-11-10T23:00:00,1774A,126.5052,43.8245,吉林市,电力学院,细颗粒物(PM2.5),122,157,148,92,91,88,7,67,28,54,52,13,22,1.3,1.3
2022-11-10T23:00:00,1775A,126.6133,43.8972,吉林市,江北,细颗粒物(PM2.5),89,93,117,66,79,90,21,71,38,40,41,10,10,1.2,1.2
2022-11-10T23:00:00,1776A,126.555,43.8306,吉林市,江南公园,细颗粒物(PM2.5),133,156,129,101,82,86,8,64,30,62,61,11,16,1.4,1.3
2022-11-10T23:00:00,1778A,126.7061,43.7133,吉林市,丰满(对照点),,,,,,,,,,,,,,,,
2022-11-10T23:00:00,1779A,123.9305,47.3636,齐齐哈尔市,安居小区,颗粒物(PM10),75,100,49,46,20,51,51,39,36,24,19,12,7,0.7,0.5
2022-11-10T23:00:00,1780A,123.9488,47.3386,齐齐哈尔市,中心广场,细颗粒物(PM2.5),99,89,41,74,17,48,39,44,37,25,19,10,5,0.5,0.5
2022-11-10T23:00:00,1781A,123.9483,47.3227,齐齐哈尔市,农牧车辆厂,颗粒物(PM10),78,105,45,42,18,50,35,43,34,29,18,12,8,0.7,0.5
2022-11-10T23:00:00,1783A,123.945,47.2988,齐齐哈尔市,市环境监测站,颗粒物(PM10),85,120,42,54,29,51,49,49,44,25,18,8,6,0.4,0.4
2022-11-10T23:00:00,1784A,129.61,44.561,牡丹江市,环保大楼,细颗粒物(PM2.5),94,93,68,70,45,75,5,60,23,50,32,10,10,0.8,0.6
2022-11-10T23:00:00,1785A,129.6115,44.5782,牡丹江市,文化广场,颗粒物(PM10),108,166,83,79,49,64,9,55,16,46,36,10,8,1.0,0.8
2022-11-10T23:00:00,1786A,129.5904,44.5963,牡丹江市,第一医院,细颗粒物(PM2.5),162,151,80,123,61,67,7,51,16,44,31,20,16,1.2,1
2022-11-10T23:00:00,1787A,129.6364,44.6075,牡丹江市,机车工厂,细颗粒物(PM2.5),90,99,82,67,42,75,8,62,19,40,28,6,3,1.2,0.8
2022-11-10T23:00:00,1788A,129.6386,44.5462,牡丹江市,第一中学,,,49,61,29,33,68,,55,20,36,31,4,4,0.6,0.6
2022-11-10T23:00:00,1789A,124.81117,46.03138,大庆市,大同区,细颗粒物(PM2.5),418,432,163,376,135,61,33,48,34,89,41,19,8,1.4,0.8
2022-11-10T23:00:00,1790A,125.129,46.533,大庆市,龙凤区,细颗粒物(PM2.5),275,241,173,225,158,93,74,62,43,112,37,32,13,2.4,0.8
2022-11-10T23:00:00,1791A,124.902,46.408,大庆市,红岗区,细颗粒物(PM2.5),240,219,126,190,111,77,29,63,42,37,26,13,10,0.8,0.7
2022-11-10T23:00:00,1792A,125.153,46.586,大庆市,萨尔图区,,,,191,1009,215,87,85,53,53,164,50,50,15,4.2,1
2022-11-10T23:00:00,1793A,124.9042,46.6215,大庆市,让胡路区,细颗粒物(PM2.5),138,118,85,105,62,53,34,44,30,40,34,12,7,1.0,0.9
2022-11-10T23:00:00,1794A,118.3606,31.3519,芜湖市,监测站,细颗粒物(PM2.5),113,89,60,85,45,137,43,118,96,42,46,10,10,1.3,0.9
2022-11-10T23:00:00,1795A,118.3714,31.4134,芜湖市,科创中心,细颗粒物(PM2.5),105,104,68,79,43,150,35,140,104,52,50,8,8,1.3,0.7
2022-11-10T23:00:00,1796A,118.3673,31.3131,芜湖市,四水厂,细颗粒物(PM2.5),82,95,65,60,43,151,47,132,106,39,41,9,10,1.3,0.8
2022-11-10T23:00:00,1797A,118.4022,31.3839,芜湖市,济民医院(对照点),,,,,,,,,,,,,,,,
2022-11-10T23:00:00,1798A,118.5092,31.6837,马鞍山市,湖东路四小,颗粒物(PM10),85,119,78,57,36,164,37,144,104,33,41,6,7,1.0,0.9
2022-11-10T23:00:00,1799A,118.5024,31.6449,马鞍山市,开发区,细颗粒物(PM2.5),135,84,72,103,64,159,35,142,104,37,43,7,9,1.1,0.8
2022-11-10T23:00:00,1800A,118.5228,31.7231,马鞍山市,慈湖,细颗粒物(PM2.5),83,104,89,61,52,156,42,145,110,33,42,9,11,1.0,0.9
2022-11-10T23:00:00,1801A,118.48,31.6928,马鞍山市,马钢动力厂,,,,,,,,,,,,,,,,
2022-11-10T23:00:00,1802A,118.6245,31.7241,马鞍山市,濮塘(对照点),细颗粒物(PM2.5),107,120,62,80,40,158,38,145,107,26,19,5,5,1.0,0.7
2022-11-10T23:00:00,1803A,115.9872,29.6815,九江市,十里,颗粒物(PM10),57,64,78,39,48,155,69,123,89,38,45,22,17,1.0,1.4
2022-11-10T23:00:00,1804A,115.9584,29.7046,九江市,茅山头,细颗粒物(PM2.5),67,74,73,48,47,160,74,130,91,38,56,12,11,1.0,1
2022-11-10T23:00:00,1805A,115.9877,29.7295,九江市,西园,颗粒物(PM10),71,92,94,48,56,141,21,119,78,93,58,15,15,0.8,0.9
2022-11-10T23:00:00,1806A,116.0172,29.6547,九江市,五七二七厂,,42,42,62,29,46,138,78,117,104,30,29,14,15,1.1,1
2022-11-10T23:00:00,1808A,115.9114,29.6038,九江市,综合工业园,颗粒物(PM10),65,79,75,46,41,157,32,123,84,63,54,13,10,0.8,0.6
2022-11-10T23:00:00,1809A,116.0721,29.7535,九江市,石化总厂,颗粒物(PM10),64,78,90,41,46,143,43,123,78,64,55,14,13,0.9,0.9
2022-11-10T23:00:00,1810A,115.9773,29.5698,九江市,庐山气象台(对照点),,16,16,13,9,14,117,19,109,81,12,9,9,9,0.4,0.4
2022-11-10T23:00:00,1811A,112.3628,34.6692,洛阳市,中信二小,,,,,,,,,,,,,,,,
2022-11-10T23:00:00,1812A,112.3931,34.6516,洛阳市,市委党校,细颗粒物(PM2.5),192,178,196,144,154,69,51,59,56,24,37,4,6,0.8,1
2022-11-10T23:00:00,1814A,112.4657,34.6871,洛阳市,豫西宾馆,细颗粒物(PM2.5),202,170,191,152,158,52,40,45,41,19,36,3,5,0.7,1
2022-11-10T23:00:00,1815A,112.494,34.6886,洛阳市,河南林校,细颗粒物(PM2.5),193,154,162,145,153,53,43,44,42,19,37,,,0.6,0.9
2022-11-10T23:00:00,1816A,112.3844,34.623,洛阳市,开发区管委会,细颗粒物(PM2.5),172,157,173,130,146,56,40,46,45,22,36,4,5,0.8,0.9
2022-11-10T23:00:00,1817A,112.4267,34.6258,洛阳市,市委新办公区,细颗粒物(PM2.5),178,166,182,134,153,52,41,44,43,20,37,4,4,0.8,0.9
2022-11-10T23:00:00,1818A,114.4839,36.0621,安阳市,棉研所(对照点),,,,,,,,,,,,,,,,
2022-11-10T23:00:00,1819A,114.3551,36.1017,安阳市,红庙街,细颗粒物(PM2.5),254,223,206,204,181,35,22,26,24,58,59,12,11,0.9,1.2
2022-11-10T23:00:00,1820A,114.361,36.0681,安阳市,银杏小区,细颗粒物(PM2.5),266,232,190,216,181,37,25,30,29,56,56,11,11,1.3,1.6
2022-11-10T23:00:00,1824A,114.3389,34.7781,开封市,肿瘤医院,细颗粒物(PM2.5),288,249,154,238,149,32,1,26,9,46,43,4,4,1.3,1.1
2022-11-10T23:00:00,1826A,114.2885,34.7965,开封市,世纪星幼儿园,细颗粒物(PM2.5),242,261,159,192,120,33,5,26,6,44,42,5,5,1.4,1.1
2022-11-10T23:00:00,1828A,113.227,35.2125,焦作市,市环保局,细颗粒物(PM2.5),201,183,181,151,139,55,27,55,24,35,33,7,9,1.5,1.5
2022-11-10T23:00:00,1829A,113.2464,35.1764,焦作市,高新区政府（停运20220628）,,,,,,,,,,,,,,,,
2022-11-10T23:00:00,1830A,113.1992,35.2590,焦作市,影视城(对照点),,,,,,,,,,,,,,,,
2022-11-10T23:00:00,1832A,113.3257,33.742,平顶山市,新华旅馆,细颗粒物(PM2.5),178,202,186,134,153,115,30,88,61,23,36,5,12,0.8,0.9
2022-11-10T23:00:00,1833A,113.2919,33.737,平顶山市,规划设计院,细颗粒物(PM2.5),192,189,203,144,150,126,39,100,72,35,56,4,9,1.0,1.2
2022-11-10T23:00:00,1834A,113.182,33.774,平顶山市,平顶山工学院,细颗粒物(PM2.5),199,195,200,149,152,136,40,104,76,27,33,3,10,0.8,0.9
2022-11-10T23:00:00,1835A,111.1922,34.7752,三门峡市,市政府,细颗粒物(PM2.5),84,49,95,62,104,113,70,110,81,17,20,5,7,0.9,0.9
2022-11-10T23:00:00,1836A,111.1587,34.7942,三门峡市,开发区,细颗粒物(PM2.5),85,99,150,63,104,106,71,104,81,20,22,4,6,1.0,1.1
2022-11-10T23:00:00,1838A,111.143,34.7955,三门峡市,风景区(对照点),,,,,,,,,,,,,,,,
2022-11-10T23:00:00,1839A,111.3009,30.7157,宜昌市,四零三,,,,,,,,,,,,,,,,
2022-11-10T23:00:00,1840A,111.2992,30.6981,宜昌市,白龙岗,细颗粒物(PM2.5),77,80,82,56,59,187,54,154,108,52,35,5,4,0.8,0.6
2022-11-10T23:00:00,1841A,111.3549,30.6465,宜昌市,伍家岗,细颗粒物(PM2.5),98,106,89,73,63,170,11,141,74,84,46,5,6,1.1,0.9
2022-11-10T23:00:00,1842A,111.2628,30.6961,宜昌市,点军区,细颗粒物(PM2.5),160,140,92,122,72,179,39,132,82,37,32,5,5,1.1,0.8
2022-11-10T23:00:00,1843A,111.3275,30.7819,宜昌市,夷陵区,细颗粒物(PM2.5),92,115,89,68,64,175,33,146,85,58,36,6,9,0.9,0.8
2022-11-10T23:00:00,1844A,112.2494,30.3197,荆州市,市图书馆,细颗粒物(PM2.5),89,85,113,66,87,175,90,151,121,35,53,10,10,1.0,1.1
2022-11-10T23:00:00,1845A,112.2008,30.3544,荆州市,市委党校,细颗粒物(PM2.5),80,93,119,59,71,179,85,153,116,38,47,7,8,0.9,1
2022-11-10T23:00:00,1847A,113.1094,29.3578,岳阳市,南湖风景区,细颗粒物(PM2.5),73,67,61,53,43,149,61,128,108,57,38,15,15,1.0,0.9
2022-11-10T23:00:00,1848A,113.1493,29.4251,岳阳市,城陵矶,颗粒物(PM10),63,76,84,28,44,137,36,118,96,76,71,14,13,0.9,0.9
2022-11-10T23:00:00,1849A,113.1497,29.3575,岳阳市,开发区,颗粒物(PM10),66,81,66,46,40,139,33,126,95,70,44,12,12,0.8,0.8
2022-11-10T23:00:00,1850A,113.2621,29.4758,岳阳市,云溪区,细颗粒物(PM2.5),62,58,62,44,42,158,90,134,124,18,34,11,12,0.7,0.8
2022-11-10T23:00:00,1851A,112.9943,29.4402,岳阳市,君山区,细颗粒物(PM2.5),70,66,63,51,50,127,68,114,99,34,33,11,10,0.6,0.7
2022-11-10T23:00:00,1852A,113.2117,29.355,岳阳市,金凤水库(对照点),颗粒物(PM10),56,62,47,38,34,152,94,138,127,19,26,8,8,0.8,0.8
2022-11-10T23:00:00,1854A,111.6975,28.9703,常德市,市二中,细颗粒物(PM2.5),87,96,99,64,74,173,90,150,122,28,34,11,12,0.7,0.5
2022-11-10T23:00:00,1857A,111.7158,29.1456,常德市,白鹤山(对照点),细颗粒物(PM2.5),57,56,64,40,47,145,105,134,123,1,5,7,6,0.5,0.6
2022-11-10T23:00:00,1858A,110.5319,29.1217,张家界市,永定新区,细颗粒物(PM2.5),68,68,60,49,41,137,27,110,65,46,26,4,4,0.7,0.5
2022-11-10T23:00:00,1859A,110.4697,29.1242,张家界市,电业局,细颗粒物(PM2.5),58,62,54,41,35,126,51,100,74,50,31,6,5,0.6,0.4
2022-11-10T23:00:00,1860A,110.5594,29.3547,张家界市,未央路,,40,39,39,28,27,136,46,114,79,12,11,4,5,0.0,0.2
2022-11-10T23:00:00,1861A,110.4417,29.315,张家界市,袁家界(对照点),颗粒物(PM10),56,62,45,37,30,155,134,147,126,8,8,11,12,0.5,0.5
2022-11-10T23:00:00,1862A,110.4144,25.3167,桂林市,电子科大尧山校区(对照点),,31,31,27,20,19,100,43,92,68,12,10,6,6,0.6,0.6
2022-11-10T23:00:00,1863A,110.2819,25.2697,桂林市,监测站,,38,38,33,25,21,100,56,88,69,14,16,6,7,0.5,0.6
2022-11-10T23:00:00,1864A,110.3089,25.2708,桂林市,龙隐路小学,,35,32,31,24,22,89,37,76,57,24,19,8,9,0.6,0.5
2022-11-10T23:00:00,1865A,110.2869,25.2178,桂林市,八中,,30,30,30,19,16,84,43,73,54,19,21,8,6,0.3,0.3
2022-11-10T23:00:00,1866A,109.2262,21.588,北海市,牛尾岭水库(对照点),,,29,29,,21,129,66,109,97,6,6,6,9,0.5,0.5
2022-11-10T23:00:00,1867A,109.1436,21.4086,北海市,海滩公园,,36,32,33,17,15,168,113,148,128,5,7,7,9,0.6,0.6
2022-11-10T23:00:00,1868A,109.0981,21.4661,北海市,新市环保局,,33,27,29,22,20,144,104,129,118,7,10,5,7,0.5,0.5
2022-11-10T23:00:00,1869A,109.1778,21.5233,北海市,北海工业园,,44,44,42,29,22,143,74,124,110,18,14,7,10,0.4,0.4
2022-11-10T23:00:00,1870A,109.4856,24.3895,柳州市,柳东小学,,48,38,40,33,36,90,72,85,78,11,22,5,10,0.5,0.5
2022-11-10T23:00:00,1871A,109.4157,24.3277,柳州市,环保监测站,,48,48,36,28,21,83,47,77,66,26,15,4,5,0.7,0.6
2022-11-10T23:00:00,1872A,109.389,24.341,柳州市,河西水厂,,39,39,38,24,23,84,54,76,66,20,16,8,9,1.1,1
2022-11-10T23:00:00,1873A,109.4311,24.2921,柳州市,市四中,颗粒物(PM10),52,53,49,24,23,85,58,77,66,17,16,7,8,0.8,0.8
2022-11-10T23:00:00,1874A,109.4006,24.3631,柳州市,市九中,颗粒物(PM10),52,54,42,26,20,88,58,77,67,16,17,7,8,0.7,0.7
2022-11-10T23:00:00,1875A,109.4958,24.3134,柳州市,古亭山,,40,36,34,28,24,80,56,74,62,18,21,8,9,0.5,0.7
2022-11-10T23:00:00,1876A,109.5078,18.2489,三亚市,河东子站,,18,16,18,10,8,68,57,64,60,5,5,1,1,0.3,0.3
2022-11-10T23:00:00,1877A,109.4964,18.2681,三亚市,河西子站,,19,19,18,8,7,66,48,62,55,7,6,1,1,0.3,0.3
2022-11-10T23:00:00,1878A,104.7778,31.4741,绵阳市,富乐山,细颗粒物(PM2.5),57,49,53,40,40,89,31,59,50,21,20,4,4,0.4,0.6
2022-11-10T23:00:00,1879A,104.7563,31.4535,绵阳市,市人大,细颗粒物(PM2.5),67,65,70,48,48,69,20,40,35,36,33,3,3,0.6,0.7
2022-11-10T23:00:00,1880A,104.6697,31.4668,绵阳市,高新区自来水公司,细颗粒物(PM2.5),70,68,76,51,48,63,13,42,38,44,31,6,7,0.7,0.8
2022-11-10T23:00:00,1881A,104.7287,31.5075,绵阳市,三水厂,细颗粒物(PM2.5),75,77,74,55,55,61,6,38,34,48,34,4,5,0.7,0.8
2022-11-10T23:00:00,1882A,104.563,28.793,宜宾市,石马中学(对照点),细颗粒物(PM2.5),105,104,91,79,68,70,8,58,42,45,20,5,5,0.9,0.8
2022-11-10T23:00:00,1883A,104.6201,28.7728,宜宾市,市委,细颗粒物(PM2.5),132,120,95,100,82,61,6,51,36,48,29,7,7,1.1,0.9
2022-11-10T23:00:00,1884A,104.6055,28.793,宜宾市,宜宾四中,细颗粒物(PM2.5),134,127,107,102,87,61,12,52,37,42,27,5,5,1.0,0.9
2022-11-10T23:00:00,1885A,104.639,28.7562,宜宾市,市政府,细颗粒物(PM2.5),127,126,100,96,80,66,8,55,40,45,29,7,7,1.0,0.8
2022-11-10T23:00:00,1886A,104.5742,28.7199,宜宾市,黄金嘴,细颗粒物(PM2.5),120,115,91,91,75,78,4,57,39,48,25,6,7,1.1,0.9
2022-11-10T23:00:00,1888A,101.6891,26.571,攀枝花市,弄弄坪,颗粒物(PM10),52,54,60,29,33,110,23,90,66,46,39,6,15,0.8,1.5
2022-11-10T23:00:00,1889A,101.5769,26.5928,攀枝花市,河门口,颗粒物(PM10),53,55,38,34,23,125,26,97,78,39,25,12,15,1.1,1.2
2022-11-10T23:00:00,1890A,101.7169,26.585,攀枝花市,炳草岗,颗粒物(PM10),57,64,51,20,21,114,3,86,52,72,41,13,15,1.8,1.4
2022-11-10T23:00:00,1891A,101.7369,26.5008,攀枝花市,仁和,颗粒物(PM10),52,54,36,25,22,110,34,88,61,19,20,6,13,0.8,1.1
2022-11-10T23:00:00,1893A,105.4324,28.9634,泸州市,九狮山(对照点),细颗粒物(PM2.5),80,28,58,59,56,68,29,56,49,23,18,13,10,0.5,0.5
2022-11-10T23:00:00,1894A,105.4427,28.9063,泸州市,小市上码头,细颗粒物(PM2.5),124,105,97,94,88,92,37,76,66,29,23,3,8,0.8,0.8
2022-11-10T23:00:00,1895A,105.4241,28.8573,泸州市,兰田宪桥,,,99,95,,75,93,46,79,70,17,19,17,20,0.8,0.7
2022-11-10T23:00:00,1896A,105.4379,28.8833,泸州市,市环监站,细颗粒物(PM2.5),108,99,92,81,77,87,39,70,60,22,20,5,7,0.7,0.7
2022-11-10T23:00:00,1897A,104.7547,29.3628,自贡市,大塘山(对照点),,,,,,,,,,,,,,,,
2022-11-10T23:00:00,1900A,104.7692,29.3411,自贡市,春华路,,,,,,,,,,,,,,,,
2022-11-10T23:00:00,1901A,104.4239,31.1208,德阳市,东山公园,颗粒物(PM10),65,80,79,46,45,60,28,45,43,29,32,5,7,0.8,0.9
2022-11-10T23:00:00,1902A,104.3826,31.1317,德阳市,西小区,颗粒物(PM10),60,70,85,42,45,54,9,30,28,47,42,5,8,0.8,0.8
2022-11-10T23:00:00,1903A,104.4053,31.1167,德阳市,市检察院,,,,,,,,,,,,,,,,
2022-11-10T23:00:00,1904A,104.3553,31.1091,德阳市,耐火材料厂,颗粒物(PM10),74,97,107,50,52,54,5,32,30,54,40,7,9,0.8,0.8
2022-11-10T23:00:00,1905A,106.056,30.8064,南充市,西山风景区(对照点),细颗粒物(PM2.5),62,53,54,44,42,40,11,36,14,16,15,5,8,0.9,0.8
2022-11-10T23:00:00,1906A,106.0789,30.8023,南充市,南充市委,颗粒物(PM10),59,67,64,35,42,22,3,22,5,24,25,7,9,0.7,0.7
2022-11-10T23:00:00,1907A,106.1031,30.8217,南充市,南充炼油厂,细颗粒物(PM2.5),64,62,66,46,40,27,3,24,8,27,27,11,11,0.7,0.7
2022-11-10T23:00:00,1908A,106.1064,30.7856,南充市,高坪区监测站,细颗粒物(PM2.5),72,77,65,52,46,20,2,18,6,22,26,13,15,0.7,0.7
2022-11-10T23:00:00,1909A,106.0642,30.7636,南充市,嘉陵区环保局,细颗粒物(PM2.5),65,49,56,47,51,30,10,26,11,24,29,11,15,0.8,0.8
2022-11-10T23:00:00,1910A,106.1087,30.8388,南充市,市环境监测站,细颗粒物(PM2.5),64,57,58,46,44,24,3,23,8,23,24,13,12,0.7,0.7
2022-11-10T23:00:00,1911A,106.9222,27.6869,遵义市,丁字口,细颗粒物(PM2.5),60,50,41,43,33,119,21,109,56,52,33,18,12,1.0,0.8
2022-11-10T23:00:00,1912A,106.9242,27.7019,遵义市,凤凰山,,38,38,38,26,19,119,90,113,102,12,12,7,7,0.5,0.5
2022-11-10T23:00:00,1913A,106.8906,27.6486,遵义市,忠庄,颗粒物(PM10),54,58,50,36,28,117,74,108,85,13,17,2,3,0.3,0.5
2022-11-10T23:00:00,1914A,106.9231,27.6506,遵义市,舟水桥,细颗粒物(PM2.5),75,91,61,55,34,115,22,108,66,35,24,5,5,0.6,0.6
2022-11-10T23:00:00,1915A,106.9178,27.72,遵义市,干田坝,,50,42,42,35,28,115,56,107,82,27,22,6,7,0.5,0.5
2022-11-10T23:00:00,1916A,103.7897,25.5035,曲靖市,环境监测站,颗粒物(PM10),52,53,34,19,24,124,63,104,93,21,14,5,5,0.6,0.4
2022-11-10T23:00:00,1917A,103.8,25.5364,曲靖市,烟厂办公区,,46,46,35,20,20,125,74,107,98,18,13,7,7,0.6,0.5
2022-11-10T23:00:00,1918A,108.7197,34.3956,咸阳市,气象站(对照点),颗粒物(PM10),77,103,141,41,60,34,3,15,8,38,45,6,7,1.1,1.1
2022-11-10T23:00:00,1919A,108.673,34.3155,咸阳市,实验中学,颗粒物(PM10),70,89,149,35,58,28,2,19,3,46,46,4,4,0.9,0.9
2022-11-10T23:00:00,1920A,108.7233,34.3617,咸阳市,师范学院,颗粒物(PM10),69,88,137,39,64,21,2,13,4,39,46,6,6,1.2,1.2
2022-11-10T23:00:00,1922A,109.0656,35.0994,铜川市,党校(对照点),细颗粒物(PM2.5),102,103,121,76,87,88,88,84,84,23,30,14,14,1.1,1.2
2022-11-10T23:00:00,1923A,109.0697,35.0697,铜川市,王益区政府,细颗粒物(PM2.5),92,111,133,68,69,81,72,77,77,19,24,5,6,1.1,1.2
2022-11-10T23:00:00,1924A,108.9344,34.9058,铜川市,新区管委会,颗粒物(PM10),91,131,159,63,71,82,82,45,43,18,41,8,8,1.1,1.3
2022-11-10T23:00:00,1925A,108.9589,34.8731,铜川市,新区兰芝公司,,,,,,,,,,,,,,,,
2022-11-10T23:00:00,1926A,109.4131,36.6275,延安市,枣园(对照点),细颗粒物(PM2.5),80,107,75,59,46,39,3,30,19,37,32,5,5,1.5,1.3
2022-11-10T23:00:00,1927A,109.4761,36.6028,延安市,延大医附院,颗粒物(PM10),74,97,74,51,42,37,3,29,16,43,35,5,5,1.3,1.1
2022-11-10T23:00:00,1928A,109.4824,36.5767,延安市,市监测站,,,,,,,,,,,,,,,,
2022-11-10T23:00:00,1929A,109.5056,36.6106,延安市,百米大道,细颗粒物(PM2.5),79,80,71,58,48,36,3,28,22,54,42,7,8,1.3,1.2
2022-11-10T23:00:00,1930A,107.185,34.3063,宝鸡市,庙沟村(对照点),,31,31,41,14,25,37,1,27,8,22,21,5,4,1.3,1.3
2022-11-10T23:00:00,1931A,107.0708,34.3017,宝鸡市,竹园沟,,48,40,49,33,39,44,6,38,22,27,27,6,6,1.1,1
2022-11-10T23:00:00,1932A,107.1906,34.3672,宝鸡市,三陆医院,,48,48,65,32,41,41,4,28,6,34,38,7,8,1.2,1.1
2022-11-10T23:00:00,1933A,107.1431,34.3547,宝鸡市,监测站,,42,40,66,29,50,35,5,24,8,31,42,6,7,1.0,1.1
2022-11-10T23:00:00,1934A,107.1186,34.3739,宝鸡市,技工学校,细颗粒物(PM2.5),55,35,57,39,57,48,6,38,10,42,41,5,6,1.1,1.1
2022-11-10T23:00:00,1935A,107.3906,34.3528,宝鸡市,陈仓区环保局家属楼,,50,50,83,28,53,38,28,27,27,23,37,5,6,1.0,1.2
2022-11-10T23:00:00,1936A,107.2058,34.3497,宝鸡市,文理学院,,44,44,71,28,41,33,10,25,9,35,46,6,7,1.1,1.2
2022-11-10T23:00:00,1937A,107.2386,34.3622,宝鸡市,三迪小学,细颗粒物(PM2.5),63,50,75,45,60,41,5,30,8,40,42,7,8,1.1,1.1
2022-11-10T23:00:00,1938A,109.5293,34.5101,渭南市,农科所(对照点),细颗粒物(PM2.5),140,129,155,107,117,83,58,66,61,26,40,6,7,1.1,1.2
2022-11-10T23:00:00,1939A,109.4974,34.4877,渭南市,日报社,细颗粒物(PM2.5),138,134,172,105,132,84,66,58,53,27,52,8,10,0.9,1.1
2022-11-10T23:00:00,1940A,109.4636,34.493,渭南市,体育馆,细颗粒物(PM2.5),138,134,166,105,136,85,69,69,62,24,46,7,8,0.9,1.1
2022-11-10T23:00:00,1941A,109.4259,34.5023,渭南市,高新一小,细颗粒物(PM2.5),143,114,171,109,136,84,68,66,59,23,46,6,7,0.9,1.1
2022-11-10T23:00:00,1943A,102.1725,38.5339,金昌市,新川苑,,36,36,104,3,22,93,84,84,84,11,17,5,12,0.4,0.6
2022-11-10T23:00:00,1944A,102.1692,38.5167,金昌市,天庆家园,,25,25,86,8,20,92,80,83,83,10,17,5,7,0.5,0.6
2022-11-10T23:00:00,1945A,98.2908,39.7711,嘉峪关市,气象局,,,53,54,29,20,119,41,108,67,,21,8,23,0.2,0.5
2022-11-10T23:00:00,1947A,106.3394,38.817,石嘴山市,沙湖旅游区(对照点),细颗粒物(PM2.5),166,170,170,126,125,108,15,71,52,63,49,14,15,1.3,1.8
2022-11-10T23:00:00,1948A,106.3668,39.0145,石嘴山市,大武口朝阳西街,细颗粒物(PM2.5),77,48,98,56,81,83,69,71,68,13,39,5,16,0.7,1.2
2022-11-10T23:00:00,1949A,106.7704,39.2282,石嘴山市,惠农南大街,细颗粒物(PM2.5),100,94,62,75,59,76,36,50,38,32,29,17,14,1.5,0.9
2022-11-10T23:00:00,1950A,106.7099,39.1325,石嘴山市,红果子镇惠新街,细颗粒物(PM2.5),104,135,67,78,53,80,28,63,47,49,31,24,12,1.8,1
2022-11-10T23:00:00,1951A,84.895,45.6094,克拉玛依市,长征新村,,15,15,6,5,6,64,43,64,53,14,7,5,5,0.2,0.2
2022-11-10T23:00:00,1952A,84.8988,45.5893,克拉玛依市,南林小区,,16,16,7,10,9,67,49,66,54,11,8,1,2,0.4,0.4
2022-11-10T23:00:00,1953A,85.1186,45.6886,克拉玛依市,白碱滩区,,,,,,,,,,,,,,,,
2022-11-10T23:00:00,1954A,84.905,44.3396,克拉玛依市,独山子区,,26,26,14,17,10,54,12,50,39,26,17,6,6,0.6,0.4
2022-11-10T23:00:00,1955A,85.6979,46.098,克拉玛依市,乌尔禾区商贸楼,,17,17,13,11,11,60,35,59,48,13,7,2,2,0.7,0.6
2022-11-10T23:00:00,1956A,86.1472,41.7538,巴音郭楞州,孔雀公园,,49,49,34,19,12,82,14,79,45,55,14,4,4,0.3,0.2
2022-11-10T23:00:00,1957A,86.1972,41.7166,巴音郭楞州,棉纺厂,颗粒物(PM10),81,112,45,27,12,86,24,81,54,34,13,5,5,0.3,0.2
2022-11-10T23:00:00,1958A,86.2357,41.7173,巴音郭楞州,经济开发区,,40,40,44,17,7,88,57,83,67,8,7,6,6,0.2,0.2
2022-11-10T23:00:00,1959A,118.746,36.881,寿光市,监测站,,,,,,,,,,,,,,,,
2022-11-10T23:00:00,1960A,118.780,36.864,寿光市,世纪学校,,,,,,,,,,,,,,,,
2022-11-10T23:00:00,1961A,117.532,36.6868,济南市,东山小学,细颗粒物(PM2.5),132,178,119,100,64,113,21,81,60,62,49,7,8,0.8,0.8
2022-11-10T23:00:00,1962A,117.541,36.710,章丘市,明水开发区,,,,,,,,,,,,,,,,
2022-11-10T23:00:00,1963A,120.610,36.440,即墨市,环保局子站,,,,,,,,,,,,,,,,
2022-11-10T23:00:00,1964A,120.470,36.390,即墨市,开发区子站,,,,,,,,,,,,,,,,
2022-11-10T23:00:00,1965A,120.005,35.878,胶南市,JN子站,,,,,,,,,,,,,,,,
2022-11-10T23:00:00,1966A,120.0405,35.8735,青岛市,黄岛区4号,,35,31,37,17,20,114,110,114,106,12,30,5,6,0.6,0.6
2022-11-10T23:00:00,1967A,120.008,36.283,胶州市,胶州环保局,,,,,,,,,,,,,,,,
2022-11-10T23:00:00,1968A,120.014,36.253,胶州市,胶州一中,,,,,,,,,,,,,,,,
2022-11-10T23:00:00,1969A,120.537,36.865,莱西市,环保局子站,,,,,,,,,,,,,,,,
2022-11-10T23:00:00,1970A,120.515,36.885,莱西市,人民广场子站,,,,,,,,,,,,,,,,
2022-11-10T23:00:00,1971A,119.952,36.792,平度市,1号,,,,,,,,,,,,,,,,
2022-11-10T23:00:00,1972A,119.976,36.799,平度市,2号,,,,,,,,,,,,,,,,
2022-11-10T23:00:00,1973A,120.747,37.825,蓬莱市,蓬莱环保局,,,,,,,,,,,,,,,,
2022-11-10T23:00:00,1974A,120.773,37.809,蓬莱市,蓬莱博物馆,,,,,,,,,,,,,,,,
2022-11-10T23:00:00,1975A,120.399,37.374,招远市,招远环保局,,,,,,,,,,,,,,,,
2022-11-10T23:00:00,1976A,120.394,37.364,招远市,招远教育局,,,,,,,,,,,,,,,,
2022-11-10T23:00:00,1977A,119.941,37.177,莱州市,莱州环保局,,,,,,,,,,,,,,,,
2022-11-10T23:00:00,1978A,119.959,37.180,莱州市,莱州外经委,,,,,,,,,,,,,,,,
2022-11-10T23:00:00,1979A,122.471,37.154,荣成市,荣成市环保局办公楼,,,,,,,,,,,,,,,,
2022-11-10T23:00:00,1980A,122.410,37.161,荣成市,山东成山轮胎公司,,,,,,,,,,,,,,,,
2022-11-10T23:00:00,1981A,122.038,37.197,文登市,文登市环保局,,,,,,,,,,,,,,,,
2022-11-10T23:00:00,1982A,122.0693,37.2174,威海市,文登开发区,细颗粒物(PM2.5),70,63,58,51,37,106,72,98,74,22,28,5,4,0.6,0.6
2022-11-10T23:00:00,1983A,121.531,36.913,乳山市,乳山市环保局,,,,,,,,,,,,,,,,
2022-11-10T23:00:00,1984A,121.544,36.907,乳山市,乳山市气象局,,,,,,,,,,,,,,,,
2022-11-10T23:00:00,1985A,120.636,31.155,吴江市,吴江市环保局,,,,,,,,,,,,,,,,
2022-11-10T23:00:00,1986A,120.635,31.170,吴江市,教师进修学校,,,,,,,,,,,,,,,,
2022-11-10T23:00:00,1987A,120.658,31.172,吴江市,吴江开发区,,,,,,,,,,,,,,,,
2022-11-10T23:00:00,1988A,120.953,31.388,昆山市,昆山实验小学,,,,,,,,,,,,,,,,
2022-11-10T23:00:00,1989A,120.999,31.381,昆山市,震川中学,,,,,,,,,,,,,,,,
2022-11-10T23:00:00,1990A,120.758,31.670,常熟市,海虞子站,,,,,,,,,,,,,,,,
2022-11-10T23:00:00,1991A,120.721,31.671,常熟市,兴福子站,,,,,,,,,,,,,,,,
2022-11-10T23:00:00,1992A,120.734,31.656,常熟市,菱塘子站,,,,,,,,,,,,,,,,
2022-11-10T23:00:00,1993A,120.526,31.874,张家港市,张家港市监测站,,,,,,,,,,,,,,,,
2022-11-10T23:00:00,1994A,120.550,31.882,张家港市,城北小学,,,,,,,,,,,,,,,,
2022-11-10T23:00:00,1995A,121.115,31.453,太仓市,太仓市监测站,,,,,,,,,,,,,,,,
2022-11-10T23:00:00,1996A,121.140,31.422,太仓市,科教新城实小,,,,,,,,,,,,,,,,
2022-11-10T23:00:00,1997A,119.146,31.955,句容市,消防指挥中心,,,,,,,,,,,,,,,,
2022-11-10T23:00:00,1998A,119.180,31.955,句容市,房家坝,,,,,,,,,,,,,,,,
2022-11-10T23:00:00,1999A,120.268,31.920,江阴市,虹桥邮政,,,,,,,,,,,,,,,,
2022-11-10T23:00:00,2000A,120.237,31.909,江阴市,五星公园,,,,,,,,,,,,,,,,
2022-11-10T23:00:00,2001A,120.302,31.920,江阴市,第二实验小学,,,,,,,,,,,,,,,,
2022-11-10T23:00:00,2002A,119.818,31.354,宜兴市,宜兴市环保局,,,,,,,,,,,,,,,,
2022-11-10T23:00:00,2003A,119.794,31.371,宜兴市,宜园,,,,,,,,,,,,,,,,
2022-11-10T23:00:00,2004A,119.579,31.751,金坛市,金坛市环境监测站,,,,,,,,,,,,,,,,
2022-11-10T23:00:00,2005A,119.579,31.737,金坛市,金坛市自来水公司,,,,,,,,,,,,,,,,
2022-11-10T23:00:00,2006A,119.460,31.400,溧阳市,溧阳市东门子站,,,,,,,,,,,,,,,,
2022-11-10T23:00:00,2007A,119.438,31.317,溧阳市,燕山子站,,,,,,,,,,,,,,,,
2022-11-10T23:00:00,2008A,121.173,31.896,海门市,海门市监测站,,,,,,,,,,,,,,,,
2022-11-10T23:00:00,2009A,121.1518,31.89708,海门市,社会福利院,,,,,,,,,,,,,,,,
2022-11-10T23:00:00,2010A,119.7183,30.2366,临安市,市政府,,,,,,,,,,,,,,,,
2022-11-10T23:00:00,2011A,119.6942,30.2311,临安市,四中,,,,,,,,,,,,,,,,
2022-11-10T23:00:00,2012A,119.954,30.054,富阳市,监测站,,,,,,,,,,,,,,,,
2022-11-10T23:00:00,2013A,119.946,30.049,富阳市,富春二小,,,,,,,,,,,,,,,,
2022-11-10T23:00:00,2014A,120.091,29.305,义乌市,江东,,,,,,,,,,,,,,,,
2022-11-10T23:00:00,2015A,120.040,29.334,义乌市,北苑,,,,,,,,,,,,,,,,
2022-11-10T23:00:00,2016A,120.251,29.719,诸暨市,图书馆,,,,,,,,,,,,,,,,
2022-11-10T23:00:00,2017A,120.209,29.732,诸暨市,富林印务,,,,,,,,,,,,,,,,
2022-11-10T23:00:00,2018A,121.989,39.625,瓦房店市,抱龙山庄,,,,,,,,,,,,,,,,
2022-11-10T23:00:00,2019A,122.011,39.617,瓦房店市,东山公园,,,,,,,,,,,,,,,,
2022-11-10T23:00:00,2031A,113.1817,27.9958,株洲市,云田中学,,43,43,46,23,23,122,94,114,104,13,15,14,11,0.6,0.7
2022-11-10T23:00:00,2054A,114.1099,32.1059,信阳市,平桥分局,细颗粒物(PM2.5),130,130,106,99,72,163,50,141,116,59,34,8,8,1.1,0.9
2022-11-10T23:00:00,2064A,113.9956,32.1271,信阳市,南湾水厂,细颗粒物(PM2.5),132,137,103,100,75,163,100,150,138,24,23,9,9,1.1,1
2022-11-10T23:00:00,2065A,114.0775,32.1195,信阳市,市酿酒公司,细颗粒物(PM2.5),138,134,97,105,77,163,59,148,118,48,35,8,8,1.1,1.1
2022-11-10T23:00:00,2066A,114.0609,32.1399,信阳市,审计局,细颗粒物(PM2.5),132,145,104,100,85,170,51,142,104,54,43,8,9,1.2,0.7
2022-11-10T23:00:00,2067A,114.6613,33.6128,周口市,市环境监测站,颗粒物(PM10),90,129,128,63,61,155,53,134,104,18,21,8,16,1.0,1.1
2022-11-10T23:00:00,2068A,114.6758,33.6347,周口市,周口师范,细颗粒物(PM2.5),93,114,127,69,69,154,52,134,98,22,29,6,10,1.1,1.1
2022-11-10T23:00:00,2069A,114.6546,33.5979,周口市,市运管处,颗粒物(PM10),100,150,126,67,70,152,53,140,115,22,29,5,14,0.9,0.8
2022-11-10T23:00:00,2070A,114.6369,33.6406,周口市,川汇区环保局,细颗粒物(PM2.5),95,125,130,71,71,149,51,128,92,23,31,5,10,0.9,1
2022-11-10T23:00:00,2075A,117.6336,24.4674,漳州市,九湖(对照点),,,,,,,,,,,,,,,,
2022-11-10T23:00:00,2160A,112.85,35.5051,晋城市,自来水公司,细颗粒物(PM2.5),98,83,80,73,68,103,88,98,97,20,25,6,6,0.9,1
2022-11-10T23:00:00,2161A,112.8318,35.4936,晋城市,白云商贸,细颗粒物(PM2.5),85,74,89,63,63,104,96,100,100,16,24,3,4,1.1,1.1
2022-11-10T23:00:00,2162A,112.8508,35.4887,晋城市,市环保局,细颗粒物(PM2.5),98,94,87,73,72,104,85,98,96,24,33,5,5,1.0,1
2022-11-10T23:00:00,2163A,112.8676,35.4897,晋城市,技术学院,,,,,,,,,,,,,,,,
2022-11-10T23:00:00,2164A,112.8271,35.4828,晋城市,泽州一中,,,,,,,,,,,,,,,,
2022-11-10T23:00:00,2165A,112.8453,35.546,晋城市,白马寺 (对照点),,,,,,,,,,,,,,,,
2022-11-10T23:00:00,2166A,112.4397,39.3522,朔州市,平朔,细颗粒物(PM2.5),152,110,131,116,127,100,29,81,66,34,32,9,18,1.1,1.2
2022-11-10T23:00:00,2167A,112.4575,39.3617,朔州市,朔唯,细颗粒物(PM2.5),149,112,141,114,127,104,32,77,62,33,32,10,17,1.0,1.1
2022-11-10T23:00:00,2168A,112.4258,39.3197,朔州市,区政府,细颗粒物(PM2.5),180,145,149,136,115,93,29,80,65,41,33,8,13,1.1,1.1
2022-11-10T23:00:00,2169A,112.4072,39.3278,朔州市,市环保局,细颗粒物(PM2.5),166,150,148,126,120,76,36,72,58,31,35,8,17,1.0,1.2
2022-11-10T23:00:00,2170A,112.4272,39.3681,朔州市,市二中,细颗粒物(PM2.5),169,188,166,128,122,98,29,76,61,38,38,9,17,1.5,1.5
2022-11-10T23:00:00,2171A,112.7532,37.6945,晋中市,锦纶小区,细颗粒物(PM2.5),147,147,146,112,113,104,82,85,77,36,41,10,10,0.8,1
2022-11-10T23:00:00,2173A,112.7249,37.7067,晋中市,南都小区,细颗粒物(PM2.5),139,155,156,106,110,99,74,78,70,38,46,11,14,0.9,1.1
2022-11-10T23:00:00,2174A,112.6991,37.6982,晋中市,榆次区政府,细颗粒物(PM2.5),150,142,148,115,115,82,68,71,67,38,46,10,11,0.9,1.1
2022-11-10T23:00:00,2175A,110.9956,35.0147,运城市,运城中学,,,,155,74,117,113,84,104,102,13,21,6,9,0.8,1
2022-11-10T23:00:00,2176A,111.0233,35.0611,运城市,禹都开发区,,,,,,,,,,,,,,,,
2022-11-10T23:00:00,2178A,110.9686,35.0303,运城市,地区技校,细颗粒物(PM2.5),87,109,159,64,108,114,86,106,102,11,25,6,9,1.0,1.3
2022-11-10T23:00:00,2179A,111.0414,35.1147,运城市,空港新区,细颗粒物(PM2.5),120,139,181,91,117,113,93,103,100,16,28,7,10,1.0,1.3
2022-11-10T23:00:00,2181A,112.7383,38.4519,忻州市,开发区,细颗粒物(PM2.5),130,114,140,99,121,108,88,86,84,18,38,7,8,1.1,1.2
2022-11-10T23:00:00,2182A,112.7003,38.4928,忻州市,会展中心,细颗粒物(PM2.5),129,115,145,98,124,97,75,78,73,21,40,14,12,0.7,0.9
2022-11-10T23:00:00,2183A,111.1406,37.5211,吕梁市,环保局,颗粒物(PM10),64,77,69,42,35,89,1,65,32,70,41,10,7,0.8,0.7
2022-11-10T23:00:00,2185A,111.1297,37.5136,吕梁市,自来水公司,颗粒物(PM10),70,90,71,43,36,84,12,69,53,65,34,6,7,0.8,0.8
2022-11-10T23:00:00,2186A,106.8288,39.6778,乌海市,聚英学校,,,,,,,,,,,,,,,,
2022-11-10T23:00:00,2187A,106.8174,39.6973,乌海市,市林业局,细颗粒物(PM2.5),67,69,87,48,51,78,43,58,50,17,40,8,13,0.8,0.9
2022-11-10T23:00:00,2188A,106.7907,39.6667,乌海市,中海勃湾学校,细颗粒物(PM2.5),90,93,88,67,62,79,53,66,60,17,43,7,15,0.7,1
2022-11-10T23:00:00,2191A,122.2532,43.6801,通辽市,艺术职业学校,细颗粒物(PM2.5),153,173,172,117,120,140,80,106,57,26,45,6,9,1.1,1
2022-11-10T23:00:00,2192A,119.7594,49.2261,呼伦贝尔市,区环保局,,21,21,35,14,17,36,36,28,28,12,22,7,5,0.5,0.5
2022-11-10T23:00:00,2194A,107.5936,40.916,巴彦淖尔市,秋林养殖基地(对照点),,,,,,,,,,,,,,,,
2022-11-10T23:00:00,2195A,107.4212,40.761,巴彦淖尔市,附二中,细颗粒物(PM2.5),100,109,101,75,60,33,10,30,20,36,26,11,7,1.1,0.9
2022-11-10T23:00:00,2196A,107.37,40.7372,巴彦淖尔市,市环保大楼,细颗粒物(PM2.5),127,119,93,96,64,33,12,28,21,36,27,6,4,1.1,0.9
2022-11-10T23:00:00,2197A,113.1306,40.9923,乌兰察布市,集宁新区,,50,42,53,35,40,36,17,23,22,36,40,8,12,0.6,0.9
2022-11-10T23:00:00,2200A,122.0392,46.0656,兴安盟,胜华新制药厂,细颗粒物(PM2.5),287,286,125,237,99,71,5,54,39,68,35,5,7,1.5,0.7
2022-11-10T23:00:00,2201A,121.9504,46.0741,兴安盟,科右前旗环保局,细颗粒物(PM2.5),278,265,127,228,105,93,8,71,36,68,36,8,10,1.7,0.7
2022-11-10T23:00:00,2202A,116.1042,43.9317,锡林郭勒盟,市环保监测站,,23,14,40,12,17,98,71,84,74,11,18,9,9,0.4,0.4
2022-11-10T23:00:00,2203A,116.0781,43.9311,锡林郭勒盟,市政府,,23,23,34,8,15,93,70,78,73,14,23,9,10,0.4,0.4
2022-11-10T23:00:00,2204A,105.6467,38.8363,阿拉善盟,西城区西花园(对照点),细颗粒物(PM2.5),120,122,81,91,60,91,63,83,75,16,21,9,10,0.7,0.6
2022-11-10T23:00:00,2205A,105.6985,38.8411,阿拉善盟,蒙二幼,细颗粒物(PM2.5),97,81,57,72,58,97,64,88,78,12,13,8,9,0.6,0.5
2022-11-10T23:00:00,2206A,105.724,38.8516,阿拉善盟,环保局新楼,细颗粒物(PM2.5),93,66,44,69,41,100,64,100,78,16,14,7,7,0.6,0.5
2022-11-10T23:00:00,2207A,121.6094,41.998,阜新市,工业园区,细颗粒物(PM2.5),182,191,157,137,95,65,3,50,29,77,58,20,18,2.1,1.3
2022-11-10T23:00:00,2208A,121.6697,42.0279,阜新市,长青街,细颗粒物(PM2.5),173,213,163,131,96,71,16,56,34,68,58,31,20,1.7,1.5
2022-11-10T23:00:00,2209A,121.6673,42.0705,阜新市,农业园区,细颗粒物(PM2.5),173,146,108,131,79,71,51,67,60,20,20,32,37,1.3,1
2022-11-10T23:00:00,2210A,121.6717,42.0224,阜新市,东苑,颗粒物(PM10),124,197,174,91,75,68,19,54,32,64,56,44,35,1.5,1.4
2022-11-10T23:00:00,2211A,121.6506,42.0498,阜新市,玉龙新城,细颗粒物(PM2.5),172,143,130,130,85,68,7,49,23,71,51,22,18,2.1,1.2
2022-11-10T23:00:00,2212A,123.2,41.1953,辽阳市,宏伟区,,35,31,71,24,47,100,82,100,60,8,22,6,7,0.6,0.9
2022-11-10T23:00:00,2213A,123.1683,41.2495,辽阳市,新华园,细颗粒物(PM2.5),52,35,106,36,72,93,76,88,43,14,37,12,16,0.6,1
2022-11-10T23:00:00,2214A,123.2354,41.2639,辽阳市,滨河路,,40,36,71,28,73,107,76,104,31,12,42,5,6,0.8,1.2
2022-11-10T23:00:00,2215A,123.149,41.2991,辽阳市,铁西工业园,细颗粒物(PM2.5),65,55,151,47,142,102,80,99,24,12,46,11,14,0.7,1.6
2022-11-10T23:00:00,2216A,123.8139,42.3022,铁岭市,汇工街西,细颗粒物(PM2.5),260,222,173,210,163,88,4,80,30,48,46,20,18,1.6,1.2
2022-11-10T23:00:00,2217A,123.8649,42.2923,铁岭市,水上乐园,细颗粒物(PM2.5),273,304,217,223,156,76,16,70,30,39,53,8,11,1.3,0.9
2022-11-10T23:00:00,2218A,123.8486,42.2867,铁岭市,银州路东段,细颗粒物(PM2.5),248,268,192,198,153,79,5,78,24,59,63,5,7,1.5,1.5
2022-11-10T23:00:00,2219A,123.7153,42.2217,铁岭市,金沙江路北,细颗粒物(PM2.5),230,206,144,180,149,81,5,64,29,62,34,5,9,1.5,1.3
2022-11-10T23:00:00,2220A,120.4318,41.5881,朝阳市,西梁,细颗粒物(PM2.5),98,130,126,73,79,82,11,64,36,50,43,30,28,1.3,1.3
2022-11-10T23:00:00,2221A,120.4521,41.5646,朝阳市,河畔小区,细颗粒物(PM2.5),99,142,122,74,75,75,10,62,37,55,40,21,29,1.2,1.1
2022-11-10T23:00:00,2222A,120.4176,41.5648,朝阳市,八里堡,细颗粒物(PM2.5),108,121,126,81,71,77,47,58,44,30,42,52,34,0.9,1.1
2022-11-10T23:00:00,2223A,120.3806,41.5969,朝阳市,农业园区,细颗粒物(PM2.5),110,107,115,83,73,72,21,58,24,53,56,45,21,1.2,1.1
2022-11-10T23:00:00,2225A,124.4002,43.1713,四平市,一商场,细颗粒物(PM2.5),144,162,139,110,88,88,15,67,44,72,49,8,8,1.2,1
2022-11-10T23:00:00,2226A,124.388,43.193,四平市,境园,细颗粒物(PM2.5),147,166,136,112,85,90,9,66,30,70,54,10,10,1.3,1
2022-11-10T23:00:00,2227A,125.1358,42.8845,辽源市,环保局,细颗粒物(PM2.5),182,174,105,137,84,102,10,76,32,50,51,8,12,1.8,1.4
2022-11-10T23:00:00,2229A,125.9358,41.7173,通化市,光明,颗粒物(PM10),72,93,106,49,57,26,5,20,6,42,63,16,39,1.0,1.2
2022-11-10T23:00:00,2230A,125.9446,41.7325,通化市,铁路,细颗粒物(PM2.5),68,78,111,49,64,41,6,25,8,45,66,23,32,1.6,1.7
2022-11-10T23:00:00,2231A,126.4219,41.9171,白山市,喜丰,颗粒物(PM10),88,125,123,47,53,69,6,36,18,45,49,10,24,1.1,1
2022-11-10T23:00:00,2232A,126.4077,41.9419,白山市,环保局,细颗粒物(PM2.5),99,129,119,74,66,72,4,35,16,39,60,10,22,1.2,1.3
2022-11-10T23:00:00,2233A,124.8006,45.1214,松原市,江南,细颗粒物(PM2.5),104,72,226,78,199,69,31,53,36,26,57,8,15,0.3,0.9
2022-11-10T23:00:00,2234A,124.7965,45.1722,松原市,江北,细颗粒物(PM2.5),75,68,231,55,189,66,38,42,25,27,57,6,11,0.4,1
2022-11-10T23:00:00,2235A,122.7911,45.6077,白城市,洮北区环保局,细颗粒物(PM2.5),152,113,121,116,126,128,41,94,64,43,29,9,10,0.7,0.5
2022-11-10T23:00:00,2236A,122.8738,45.5725,白城市,市环保局,细颗粒物(PM2.5),104,141,140,78,93,114,21,82,34,54,39,11,13,0.5,0.6
2022-11-10T23:00:00,2237A,129.47,42.8883,延边朝鲜族自治州,妇幼医院,细颗粒物(PM2.5),90,86,65,67,49,88,10,56,23,40,41,7,8,1.0,0.9
2022-11-10T23:00:00,2238A,129.5055,42.9108,延边朝鲜族自治州,延边医院,细颗粒物(PM2.5),103,86,91,77,69,69,11,45,18,44,51,9,14,1.1,1.1
2022-11-10T23:00:00,2239A,129.3964,42.8881,延边朝鲜族自治州,朝阳川镇医院,细颗粒物(PM2.5),79,79,68,58,47,85,4,46,10,34,37,5,8,0.8,0.7
2022-11-10T23:00:00,2240A,130.9762,45.3001,鸡西市,环保局,细颗粒物(PM2.5),108,136,64,81,41,57,4,52,13,36,25,15,7,1.3,0.6
2022-11-10T23:00:00,2243A,130.9429,45.3039,鸡西市,第一中学,颗粒物(PM10),75,100,53,40,27,65,6,65,15,38,18,13,8,0.7,0.5
2022-11-10T23:00:00,2244A,130.2537,47.3416,鹤岗市,哈啤分公司,,32,32,24,21,18,47,18,41,31,22,10,9,10,0.4,0.3
2022-11-10T23:00:00,2245A,130.2684,47.3086,鹤岗市,斯达机电,,49,49,31,27,18,48,15,40,26,32,18,8,7,0.7,0.3
2022-11-10T23:00:00,2246A,130.3114,47.3388,鹤岗市,东山纸板厂,颗粒物(PM10),94,138,64,49,34,44,5,42,10,28,24,14,11,1.3,0.9
2022-11-10T23:00:00,2247A,130.1097,47.3382,鹤岗市,五号水库(对照点),,22,22,19,8,14,54,25,49,33,16,7,6,6,0.4,0.4
2022-11-10T23:00:00,2248A,131.1511,46.6937,双鸭山市,双合村,颗粒物(PM10),99,148,47,70,24,51,8,44,13,34,17,36,16,2.5,0.9
2022-11-10T23:00:00,2249A,131.1652,46.6191,双鸭山市,南小市,,12,5,42,6,24,55,36,48,25,8,16,5,8,0.3,0.5
2022-11-10T23:00:00,2250A,131.1524,46.6554,双鸭山市,环保局,,40,40,42,22,24,54,20,47,18,22,21,5,6,0.3,0.4
2022-11-10T23:00:00,2251A,131.12,46.5656,双鸭山市,苗圃(对照点),,24,24,33,14,21,42,25,36,26,6,10,4,7,0.3,0.5
2022-11-10T23:00:00,2252A,128.5159,47.4311,伊春市,环保局,,17,17,30,9,23,41,20,30,15,14,18,4,5,0.5,0.6
2022-11-10T23:00:00,2253A,128.9102,47.7412,伊春市,电力嘉园,,,23,36,14,18,43,10,33,12,18,15,1,2,,0.5
2022-11-10T23:00:00,2254A,129.5029,48.471,伊春市,汤旺河国家公园(对照点),,23,23,21,12,17,43,20,35,25,1,2,5,6,0,0.1
2022-11-10T23:00:00,2255A,130.2751,46.8028,佳木斯市,佳纺,颗粒物(PM10),77,104,58,36,26,43,8,33,11,24,24,3,4,0.7,0.6
2022-11-10T23:00:00,2256A,130.3995,46.8307,佳木斯市,发电厂,细颗粒物(PM2.5),68,76,40,49,29,46,2,38,9,32,20,6,3,0.7,0.5
2022-11-10T23:00:00,2257A,130.3258,46.7975,佳木斯市,环保局,,,149,51,58,28,46,4,34,8,37,29,11,6,1.3,0.8
2022-11-10T23:00:00,2258A,130.3648,46.8032,佳木斯市,十一中,颗粒物(PM10),56,62,42,37,26,45,10,38,12,40,30,5,4,1.1,0.7
2022-11-10T23:00:00,2259A,130.3794,46.7588,佳木斯市,四丰(对照点),,13,13,27,7,16,45,38,37,35,4,13,1,1,0.2,0.3
2022-11-10T23:00:00,2262A,131.0518,45.8751,七台河市,新一中(对照点),,33,33,45,12,29,53,23,47,19,11,15,7,8,0.5,1.2
2022-11-10T23:00:00,2263A,127.4833,50.2524,黑河市,交通局,,42,42,19,20,10,41,11,36,17,21,14,6,4,0.6,0.4
2022-11-10T23:00:00,2264A,127.5144,50.2341,黑河市,环保局,,46,46,18,17,14,46,23,41,27,20,9,31,8,0.3,0.3
2022-11-10T23:00:00,2265A,127.5291,50.2472,黑河市,大黑河岛(对照点),,35,35,18,8,12,46,6,43,19,10,4,2,3,0.3,0.2
2022-11-10T23:00:00,2266A,126.9785,46.6365,绥化市,人和东街,,48,42,78,33,65,54,37,49,39,13,21,3,6,0.9,1
2022-11-10T23:00:00,2267A,126.964,46.6528,绥化市,党政办公中心,,43,34,85,30,83,70,41,62,43,17,20,3,8,0.8,0.9
2022-11-10T23:00:00,2269A,124.1069,50.4097,大兴安岭地区,科技局,,19,15,13,13,15,42,19,36,18,8,11,6,7,0.2,0.3
2022-11-10T23:00:00,2270A,117.396,32.939,蚌埠市,工人疗养院,细颗粒物(PM2.5),87,117,104,64,65,133,74,108,78,13,37,5,8,0.5,0.6
2022-11-10T23:00:00,2271A,117.3605,32.9427,蚌埠市,百货大楼,细颗粒物(PM2.5),82,73,69,60,64,128,70,95,73,20,46,8,12,0.5,0.7
2022-11-10T23:00:00,2273A,117.4185,32.8911,蚌埠市,蚌埠学院,细颗粒物(PM2.5),117,127,100,88,69,135,76,86,66,17,45,10,16,0.5,0.7
2022-11-10T23:00:00,2274A,117.3533,32.9673,蚌埠市,淮上区政府,细颗粒物(PM2.5),107,124,102,80,66,123,63,93,75,19,36,8,9,0.5,0.6
2022-11-10T23:00:00,2275A,117.3145,32.8977,蚌埠市,高新区,细颗粒物(PM2.5),128,114,90,97,67,147,73,108,83,25,43,12,12,0.6,0.7
2022-11-10T23:00:00,2277A,116.8305,32.7727,淮南市,潘集区政府,细颗粒物(PM2.5),119,119,119,90,90,149,42,114,78,26,36,4,8,0.6,0.6
2022-11-10T23:00:00,2278A,117.0067,32.6524,淮南市,师范学院,细颗粒物(PM2.5),138,124,114,105,76,150,53,120,79,24,33,6,13,0.8,0.9
2022-11-10T23:00:00,2279A,116.8569,32.5951,淮南市,谢家集区政府,细颗粒物(PM2.5),108,118,96,81,59,142,49,116,74,31,37,7,16,0.6,0.6
2022-11-10T23:00:00,2280A,116.8281,32.633,淮南市,八公山区政府,细颗粒物(PM2.5),109,110,86,82,65,159,45,125,79,24,28,8,17,0.6,0.7
2022-11-10T23:00:00,2281A,116.6325,32.6201,淮南市,焦岗湖风景区管理处(对照点),细颗粒物(PM2.5),119,120,92,90,67,170,44,134,82,7,8,12,15,0.7,0.6
2022-11-10T23:00:00,2282A,116.8004,33.975,淮北市,监测站,细颗粒物(PM2.5),62,71,70,44,46,80,70,73,71,16,23,5,6,0.7,0.6
2022-11-10T23:00:00,2283A,116.8091,33.9007,淮北市,烈山区政府,细颗粒物(PM2.5),95,77,64,71,65,108,81,86,81,16,26,3,4,0.6,0.6
2022-11-10T23:00:00,2284A,116.7856,33.9477,淮北市,职业技术学院,细颗粒物(PM2.5),59,60,67,42,42,103,72,82,77,20,23,5,7,0.8,0.8
2022-11-10T23:00:00,2285A,117.8177,30.9412,铜陵市,市第四中学,细颗粒物(PM2.5),63,71,75,45,43,132,104,123,118,28,36,5,5,0.3,0.4
2022-11-10T23:00:00,2286A,117.8059,30.9273,铜陵市,市公路局,颗粒物(PM10),74,98,72,50,47,125,96,119,113,25,36,6,7,0.6,0.7
2022-11-10T23:00:00,2287A,117.7807,30.9413,铜陵市,市新民污水厂,细颗粒物(PM2.5),72,85,83,52,45,137,109,124,120,24,42,7,11,0.4,0.5
2022-11-10T23:00:00,2288A,117.7439,30.8792,铜陵市,市第九中学,颗粒物(PM10),69,88,109,39,54,130,92,106,106,32,61,11,12,2.1,1
2022-11-10T23:00:00,2289A,117.846,30.9413,铜陵市,车站新区,颗粒物(PM10),59,67,73,38,44,126,98,118,113,22,38,4,5,0.3,0.4
2022-11-10T23:00:00,2290A,117.8483,30.97,铜陵市,市职教基地,"颗粒物(PM10),细颗粒物(PM2.5)",64,77,68,46,46,141,114,129,125,18,24,6,7,0.5,0.5
2022-11-10T23:00:00,2291A,117.0809,30.5177,安庆市,环科院,细颗粒物(PM2.5),73,77,67,53,45,156,110,126,108,17,29,11,11,0.8,0.8
2022-11-10T23:00:00,2292A,117.0331,30.5119,安庆市,马山宾馆,细颗粒物(PM2.5),64,76,63,46,40,153,116,123,108,21,31,11,10,0.9,0.9
2022-11-10T23:00:00,2294A,116.9896,30.6145,安庆市,安庆大学,细颗粒物(PM2.5),64,66,66,46,41,152,108,132,112,17,31,8,8,0.9,0.9
2022-11-10T23:00:00,2295A,118.2903,29.6963,黄山市,延安路89号,,43,43,31,30,21,99,21,91,56,17,17,5,6,0.6,0.5
2022-11-10T23:00:00,2296A,118.327,29.7178,黄山市,黄山东路89号,,30,30,30,16,21,105,10,86,35,31,22,5,5,0.4,0.3
2022-11-10T23:00:00,2297A,118.1371,30.2756,黄山市,黄山区政府5号楼,细颗粒物(PM2.5),77,89,51,56,27,124,18,104,51,12,14,5,5,0.7,0.5
2022-11-10T23:00:00,2298A,118.3093,32.3153,滁州市,老年大学,细颗粒物(PM2.5),98,88,66,73,58,162,46,126,82,29,43,9,10,0.5,0.6
2022-11-10T23:00:00,2299A,118.3244,32.2786,滁州市,人大宾馆,细颗粒物(PM2.5),89,91,83,66,50,157,46,128,82,27,47,3,5,0.6,0.8
2022-11-10T23:00:00,2301A,115.8277,32.8929,阜阳市,市监测站,细颗粒物(PM2.5),109,121,127,82,87,140,50,122,92,25,36,7,13,0.7,0.8
2022-11-10T23:00:00,2303A,115.8554,32.8605,阜阳市,开发区,细颗粒物(PM2.5),135,116,125,103,101,160,51,132,94,30,38,5,10,0.7,0.8
2022-11-10T23:00:00,2306A,116.989,33.6306,宿州市,火车站,,,,,,,,,,,,,,,,
2022-11-10T23:00:00,2307A,116.5079,31.737,六安市,监测大楼,颗粒物(PM10),83,115,78,59,52,147,54,131,105,57,29,10,8,0.6,0.5
2022-11-10T23:00:00,2308A,116.4738,31.7643,六安市,皖西学院,"颗粒物(PM10),细颗粒物(PM2.5)",69,87,76,50,46,150,64,130,105,44,32,11,8,0.7,0.6
2022-11-10T23:00:00,2309A,116.4996,31.7905,六安市,朝阳厂,细颗粒物(PM2.5),84,77,70,62,56,145,79,128,107,32,29,6,6,0.9,0.7
2022-11-10T23:00:00,2310A,116.5567,31.7886,六安市,开发区,颗粒物(PM10),81,111,99,55,59,152,61,134,102,40,33,8,9,0.7,0.5
2022-11-10T23:00:00,2311A,115.8072,33.8399,亳州市,污水处理厂,细颗粒物(PM2.5),130,113,98,99,84,152,44,122,82,18,22,4,8,0.9,0.8
2022-11-10T23:00:00,2312A,115.7789,33.8518,亳州市,三国揽胜宫,细颗粒物(PM2.5),117,72,75,88,75,152,47,122,84,23,28,5,6,0.9,0.9
2022-11-10T23:00:00,2314A,117.47,30.6618,池州市,池州学院,细颗粒物(PM2.5),64,72,64,46,42,134,98,116,104,22,27,8,9,0.8,0.9
2022-11-10T23:00:00,2315A,117.4974,30.6539,池州市,平天湖(对照点),,,,,,,,,,,,,,,,
2022-11-10T23:00:00,2316A,118.7581,30.9454,宣城市,鳌峰子站,细颗粒物(PM2.5),124,85,64,94,44,138,98,118,108,29,36,6,10,0.6,0.6
2022-11-10T23:00:00,2317A,118.7385,30.9743,宣城市,敬亭山子站,细颗粒物(PM2.5),99,76,65,74,37,128,52,98,66,43,36,11,8,0.6,0.6
2022-11-10T23:00:00,2318A,118.7173,30.9427,宣城市,开发区子站,细颗粒物(PM2.5),94,65,59,70,42,130,85,111,100,28,33,7,14,0.5,0.6
2022-11-10T23:00:00,2319A,119.0141,25.4325,莆田市,荔城区仓后路,,20,18,27,7,14,78,62,73,65,7,7,5,5,0.6,0.6
2022-11-10T23:00:00,2320A,119.0015,25.4553,莆田市,莆田市监测站,,20,8,22,8,11,77,62,75,60,9,7,5,5,0.5,0.6
2022-11-10T23:00:00,2321A,119.1119,25.4561,莆田市,涵江区六中,,21,13,26,7,17,74,65,69,67,3,6,7,7,0.5,0.6
2022-11-10T23:00:00,2322A,119.1013,25.3215,莆田市,秀屿区政府,,20,17,33,9,23,80,63,72,64,7,12,7,8,0.6,0.7
2022-11-10T23:00:00,2323A,118.981,25.4792,莆田市,东圳水库(对照点),,,,,,,,,,,,,,,,
2022-11-10T23:00:00,2324A,117.6211,26.2625,三明市,三钢,,32,32,30,17,18,93,6,78,30,39,27,5,6,0.4,0.4
2022-11-10T23:00:00,2325A,117.635,26.2714,三明市,三明二中,,23,19,25,16,15,87,5,76,37,41,24,7,8,0.7,0.6
2022-11-10T23:00:00,2326A,117.6028,26.2378,三明市,三元区政府,颗粒物(PM10),52,54,37,26,20,88,2,71,26,44,28,11,8,1.3,0.7
2022-11-10T23:00:00,2327A,117.7275,26.3108,三明市,洋溪(对照点),,,,,,,,,,,,,,,,
2022-11-10T23:00:00,2331A,118.0966,26.6761,南平市,茫荡山(对照点),,,,,,,,,,,,,,,,
2022-11-10T23:00:00,2332A,118.1681,26.6369,南平市,南平市监测站,,32,31,28,22,20,79,8,69,32,35,24,7,11,1.4,0.8
2022-11-10T23:00:00,2333A,118.1825,26.6489,南平市,南平铝业有限公司,,27,27,28,18,19,79,4,66,22,41,28,14,10,0.7,0.6
2022-11-10T23:00:00,2334A,118.1756,26.6272,南平市,南平七中,,28,28,31,18,21,96,13,77,31,33,25,6,8,0.8,0.7
2022-11-10T23:00:00,2335A,117.0189,25.1181,龙岩市,龙岩师专(对照点),,,,,,,,,,,,,,,,
2022-11-10T23:00:00,2336A,117.0217,25.1033,龙岩市,龙岩市监测站,,44,44,29,16,17,93,11,80,38,44,25,8,9,0.6,0.6
2022-11-10T23:00:00,2337A,117.0258,25.0661,龙岩市,闽西职业技术学院,颗粒物(PM10),51,51,46,19,19,100,9,82,34,48,26,22,22,0.6,0.6
2022-11-10T23:00:00,2338A,117.0196,25.0306,龙岩市,龙岩学院,,33,33,30,23,18,103,17,83,46,28,21,6,6,0.4,0.5
2022-11-10T23:00:00,2339A,119.5001,26.6946,宁德市,金涵水库(对照点),,,,,,,,,,,,,,,,
2022-11-10T23:00:00,2341A,119.5388,26.6612,宁德市,宁德市监测站,,27,27,29,18,18,65,41,54,50,20,20,4,5,0.5,0.6
2022-11-10T23:00:00,2342A,117.3102,29.3867,景德镇市,王港中学(对照点),,41,41,31,22,16,76,19,63,31,13,9,4,4,0.3,0.3
2022-11-10T23:00:00,2343A,117.2117,29.2933,景德镇市,老干部活动中心,颗粒物(PM10),68,86,60,33,30,121,8,98,55,45,27,9,8,0.5,0.6
2022-11-10T23:00:00,2344A,117.1894,29.2789,景德镇市,兽医站,颗粒物(PM10),65,79,50,40,30,128,16,108,64,44,27,6,7,0.6,0.6
2022-11-10T23:00:00,2345A,117.1547,29.2617,景德镇市,台达陶瓷,颗粒物(PM10),67,84,47,44,25,94,20,82,45,42,26,8,9,0.8,0.8
2022-11-10T23:00:00,2346A,117.2461,29.2956,景德镇市,陶研所,颗粒物(PM10),58,65,47,25,21,120,3,97,51,41,22,4,4,0.6,0.6
2022-11-10T23:00:00,2347A,114.0997,27.5002,萍乡市,武功山(对照点),,15,11,11,5,10,80,45,69,54,10,9,14,15,0.5,0.5
2022-11-10T23:00:00,2348A,113.8385,27.6434,萍乡市,中医院,,42,40,43,29,33,130,70,118,87,21,21,27,28,0.7,0.9
2022-11-10T23:00:00,2349A,113.8493,27.6253,萍乡市,市政府车库,,49,47,51,34,35,139,50,121,85,27,26,18,26,0.7,1.2
2022-11-10T23:00:00,2350A,113.8676,27.6435,萍乡市,市环保局,,48,45,51,33,34,138,63,121,92,19,16,20,33,0.6,0.9
2022-11-10T23:00:00,2351A,113.866,27.6198,萍乡市,安源区政府,,50,38,50,35,33,132,36,114,76,40,24,21,27,0.9,1
2022-11-10T23:00:00,2352A,115.0861,27.9317,新余市,北岗(对照点),颗粒物(PM10),52,53,62,23,37,86,30,82,59,16,15,13,37,0.6,0.7
2022-11-10T23:00:00,2353A,114.9886,27.8431,新余市,飞宇,颗粒物(PM10),55,59,66,31,38,106,45,100,72,40,31,36,34,0.8,0.9
2022-11-10T23:00:00,2354A,114.9231,27.8246,新余市,第二水厂,颗粒物(PM10),80,109,86,42,46,109,22,94,34,61,49,16,29,1.1,1.4
2022-11-10T23:00:00,2355A,114.9308,27.8036,新余市,市气象局,颗粒物(PM10),80,110,74,47,46,119,20,97,60,65,44,13,29,0.7,0.9
2022-11-10T23:00:00,2357A,116.9822,28.1136,鹰潭市,龙虎山(对照点),,30,30,31,10,9,128,50,116,89,14,11,1,2,0.4,0.4
2022-11-10T23:00:00,2358A,117.0564,28.2642,鹰潭市,新监测站,,49,46,64,34,35,123,41,110,67,23,27,9,21,0.6,0.7
2022-11-10T23:00:00,2359A,117.0311,28.2475,鹰潭市,财苑宾馆,颗粒物(PM10),62,74,69,38,35,179,20,129,55,48,34,21,26,0.3,0.5
2022-11-10T23:00:00,2360A,117.0222,28.2264,鹰潭市,体育馆,,48,37,64,33,35,164,58,124,73,15,27,8,20,0.2,0.4
2022-11-10T23:00:00,2361A,117.0017,28.2131,鹰潭市,三川水表,,42,37,61,29,29,132,39,116,63,24,25,6,11,0.7,0.9
2022-11-10T23:00:00,2362A,114.9017,25.9149,赣州市,通天岩(对照点),,36,36,56,15,26,117,30,105,72,30,28,6,11,0.7,0.7
2022-11-10T23:00:00,2363A,114.9367,25.8664,赣州市,地委,颗粒物(PM10),81,111,65,34,30,124,6,103,51,52,35,17,12,0.8,0.9
2022-11-10T23:00:00,2364A,114.9461,25.8481,赣州市,气象台,颗粒物(PM10),68,85,56,37,31,122,0,102,49,64,37,16,11,0.9,0.7
2022-11-10T23:00:00,2365A,114.9322,25.8333,赣州市,市图书馆,颗粒物(PM10),68,85,58,41,33,128,5,110,49,63,40,7,7,1.3,1.1
2022-11-10T23:00:00,2366A,114.8905,25.8471,赣州市,华坚鞋城,颗粒物(PM10),86,122,74,51,38,114,7,89,36,64,38,8,10,1.4,1
2022-11-10T23:00:00,2367A,114.9754,27.0803,吉安市,红声器材厂,颗粒物(PM10),64,78,54,38,31,115,12,102,60,55,31,12,16,0.8,0.6
2022-11-10T23:00:00,2368A,114.9658,27.0999,吉安市,市森林工业局,颗粒物(PM10),73,96,65,50,38,126,1,103,46,69,36,17,13,1.0,0.8
2022-11-10T23:00:00,2369A,114.99,27.1312,吉安市,市环境监测站,细颗粒物(PM2.5),60,64,56,43,33,128,26,104,65,48,33,32,13,0.5,0.5
2022-11-10T23:00:00,2370A,115.0093,27.0968,吉安市,青原区法院,颗粒物(PM10),52,54,52,28,28,117,5,101,52,67,35,30,18,0.9,0.6
2022-11-10T23:00:00,2371A,114.3408,27.8064,宜春市,槟榔水业(对照点),,,,,,,,,,,,,,,,
2022-11-10T23:00:00,2373A,114.3956,27.7844,宜春市,市石油公司,颗粒物(PM10),57,63,66,37,38,126,24,104,63,41,31,5,14,1.0,0.9
2022-11-10T23:00:00,2374A,114.3703,27.7914,宜春市,市气象局,颗粒物(PM10),62,73,74,36,37,117,30,97,58,41,34,8,18,0.8,0.9
2022-11-10T23:00:00,2375A,114.4013,27.8074,宜春市,市广电局,颗粒物(PM10),68,86,69,46,40,124,24,98,59,54,31,8,22,1.2,1.1
2022-11-10T23:00:00,2376A,116.2127,28.0814,抚州市,桐源党溪(对照点),,26,26,44,16,21,115,15,94,52,30,19,2,6,0.3,0.4
2022-11-10T23:00:00,2377A,116.3544,27.9831,抚州市,市站,颗粒物(PM10),51,51,49,28,27,95,27,81,58,36,27,4,4,0.7,0.7
2022-11-10T23:00:00,2378A,116.3565,27.963,抚州市,血防站,,43,43,46,22,24,95,22,85,67,43,28,5,6,0.7,0.5
2022-11-10T23:00:00,2379A,116.3564,28.0007,抚州市,采茶剧团,颗粒物(PM10),52,54,54,32,30,92,26,82,61,32,29,4,4,0.7,0.7
2022-11-10T23:00:00,2380A,116.385,27.9647,抚州市,医学分院,,43,43,47,19,21,89,22,77,64,48,31,5,8,0.8,0.7
2022-11-10T23:00:00,2381A,118.005,28.4572,上饶市,百草园(对照点),颗粒物(PM10),59,68,54,15,19,74,45,68,62,23,18,11,13,0.8,0.8
2022-11-10T23:00:00,2382A,117.9756,28.4436,上饶市,市监测站,颗粒物(PM10),53,56,64,23,32,117,56,100,80,27,26,36,27,0.5,0.5
2022-11-10T23:00:00,2383A,117.9519,28.4628,上饶市,凤凰光学,颗粒物(PM10),53,55,58,26,31,90,41,82,67,39,30,80,31,0.5,0.5
2022-11-10T23:00:00,2385A,114.17,35.9019,鹤壁市,市监测站,细颗粒物(PM2.5),240,215,205,190,173,36,30,26,24,54,59,18,13,2.4,2.1
2022-11-10T23:00:00,2386A,114.2956,35.7511,鹤壁市,市交警支队,细颗粒物(PM2.5),230,230,227,180,186,30,11,20,20,62,54,17,16,2.1,1.6
2022-11-10T23:00:00,2387A,114.2878,35.7306,鹤壁市,迎宾馆,细颗粒物(PM2.5),222,196,198,172,175,21,16,14,14,62,62,16,12,2.3,1.9
2022-11-10T23:00:00,2389A,113.836,35.311,新乡市,环保西院,细颗粒物(PM2.5),195,182,221,146,162,46,40,38,38,39,48,8,12,1.6,1.6
2022-11-10T23:00:00,2390A,113.884,35.272,新乡市,开发区,细颗粒物(PM2.5),188,183,213,141,159,58,40,45,45,44,51,11,11,1.7,1.5
2022-11-10T23:00:00,2391A,113.883,35.303,新乡市,环保东院,细颗粒物(PM2.5),183,168,194,138,147,50,40,42,42,47,56,7,7,1.6,1.5
2022-11-10T23:00:00,2392A,115.0312,35.7636,濮阳市,环保局,细颗粒物(PM2.5),263,244,160,213,159,40,3,31,4,63,45,6,8,1.3,1
2022-11-10T23:00:00,2394A,115.0574,35.7609,濮阳市,油田运输公司,细颗粒物(PM2.5),295,236,163,245,174,45,5,34,6,56,38,7,9,1.3,1.2
2022-11-10T23:00:00,2395A,115.0866,35.7754,濮阳市,油田物探公司,细颗粒物(PM2.5),287,194,149,237,180,41,1,38,2,56,41,6,8,1.3,1
2022-11-10T23:00:00,2396A,113.8276,34.0159,许昌市,监测站,颗粒物(PM10),118,186,144,87,73,104,24,85,56,29,34,20,20,0.9,0.9
2022-11-10T23:00:00,2398A,113.7906,33.9953,许昌市,开发区,细颗粒物(PM2.5),118,146,132,89,68,110,23,91,56,28,32,11,17,0.8,0.7
2022-11-10T23:00:00,2399A,114.051,33.5699,漯河市,三五一五工厂,细颗粒物(PM2.5),156,134,147,119,126,140,35,112,82,22,36,9,14,1.0,1
2022-11-10T23:00:00,2400A,114.0055,33.5698,漯河市,漯河大学,细颗粒物(PM2.5),148,131,152,113,121,147,39,116,86,31,44,8,13,0.8,0.9
2022-11-10T23:00:00,2401A,114.0138,33.5828,漯河市,市水利局,细颗粒物(PM2.5),147,132,143,112,125,142,38,111,83,23,36,12,17,0.9,0.9
2022-11-10T23:00:00,2402A,114.0261,33.5698,漯河市,市广电局,细颗粒物(PM2.5),135,132,141,103,114,138,34,105,82,22,33,7,14,0.6,0.7
2022-11-10T23:00:00,2403A,112.5192,32.9917,南阳市,环保局,细颗粒物(PM2.5),138,117,153,105,132,159,82,139,118,17,22,8,11,0.6,0.8
2022-11-10T23:00:00,2404A,112.5339,33.0086,南阳市,瓦房庄,细颗粒物(PM2.5),162,130,162,123,139,132,79,120,109,18,28,7,10,0.8,0.9
2022-11-10T23:00:00,2405A,112.5003,32.9735,南阳市,汉画馆,细颗粒物(PM2.5),128,151,175,97,129,158,85,140,120,20,25,8,10,0.9,1
2022-11-10T23:00:00,2406A,112.5779,33.0144,南阳市,气象站,细颗粒物(PM2.5),129,113,163,98,126,156,76,136,114,18,24,9,13,0.9,1
2022-11-10T23:00:00,2407A,112.548,32.9692,南阳市,理工学院,细颗粒物(PM2.5),129,129,171,98,129,155,68,132,109,18,22,7,12,0.7,0.9
2022-11-10T23:00:00,2408A,115.6702,34.4285,商丘市,环境监测站,细颗粒物(PM2.5),109,139,124,82,85,97,44,71,58,33,36,8,10,0.8,0.8
2022-11-10T23:00:00,2409A,115.6458,34.4045,商丘市,粮食局,颗粒物(PM10),96,142,128,70,71,97,59,72,64,23,31,3,5,0.8,0.8
2022-11-10T23:00:00,2410A,115.6293,34.3948,商丘市,睢阳区环保局,细颗粒物(PM2.5),93,112,112,69,79,100,64,74,66,23,34,2,4,0.6,0.7
2022-11-10T23:00:00,2420A,114.0189,32.9656,驻马店市,市一纸厂,细颗粒物(PM2.5),138,185,192,105,125,144,56,122,103,38,47,7,7,0.7,0.9
2022-11-10T23:00:00,2421A,114.0114,33.015,驻马店市,市彩印厂,细颗粒物(PM2.5),192,170,180,144,147,149,52,121,101,30,38,7,9,0.6,0.7
2022-11-10T23:00:00,2422A,113.9976,32.9771,驻马店市,天方二分厂,细颗粒物(PM2.5),178,171,196,134,150,138,56,117,100,27,38,4,5,0.2,0.8
2022-11-10T23:00:00,2423A,115.0601,30.2313,黄石市,沈家营,颗粒物(PM10),55,60,94,35,53,184,63,149,102,34,38,15,13,0.9,0.7
2022-11-10T23:00:00,2424A,115.0817,30.2006,黄石市,陈家湾,,42,34,93,29,53,161,106,140,122,18,48,16,10,0.6,0.8
2022-11-10T23:00:00,2426A,114.8988,30.2019,黄石市,铁山,颗粒物(PM10),58,65,80,33,40,176,86,160,127,17,23,15,19,0.9,1.2
2022-11-10T23:00:00,2427A,115.0307,30.2092,黄石市,团城山,颗粒物(PM10),55,59,94,24,48,183,93,159,124,27,41,13,11,0.8,0.9
2022-11-10T23:00:00,2428A,111.0419,32.395,十堰市,武当山(对照点),细颗粒物(PM2.5),103,93,80,77,65,153,134,142,128,16,13,9,8,1.0,0.9
2022-11-10T23:00:00,2429A,110.78,32.6494,十堰市,滨河新村,细颗粒物(PM2.5),142,170,128,108,90,114,57,101,76,69,44,9,8,1.2,1.2
2022-11-10T23:00:00,2430A,110.7258,32.6389,十堰市,刘家沟,细颗粒物(PM2.5),118,132,108,89,71,126,52,100,76,52,31,10,8,1.3,1.1
2022-11-10T23:00:00,2431A,110.8839,32.5714,十堰市,铁二处,细颗粒物(PM2.5),98,104,107,73,69,132,60,114,93,29,27,7,8,1.0,1
2022-11-10T23:00:00,2432A,112.155,32.0197,襄阳市,襄城运动路,细颗粒物(PM2.5),227,250,222,177,160,150,72,127,108,37,40,12,13,0.9,0.9
2022-11-10T23:00:00,2433A,112.1392,32.0564,襄阳市,樊城新华路,细颗粒物(PM2.5),232,234,227,182,177,159,64,139,119,48,35,11,11,1.1,1.1
2022-11-10T23:00:00,2434A,112.1825,32.1142,襄阳市,高新管委会,颗粒物(PM10),145,239,229,,175,172,79,139,108,28,46,7,8,1.3,1.3
2022-11-10T23:00:00,2435A,112.2106,32.0903,襄阳市,襄州航空路,细颗粒物(PM2.5),203,232,237,153,172,168,64,140,105,36,50,12,12,1.1,1.2
2022-11-10T23:00:00,2436A,114.8938,30.3994,鄂州市,市政府,颗粒物(PM10),57,64,86,35,48,155,74,134,105,26,35,13,18,0.7,0.8
2022-11-10T23:00:00,2437A,114.8989,30.3714,鄂州市,赵家坝,"颗粒物(PM10),细颗粒物(PM2.5)",62,74,80,44,51,158,75,138,107,24,30,13,18,0.6,0.8
2022-11-10T23:00:00,2438A,114.8131,30.4133,鄂州市,凡口开发区,,,,,,,,,,,,,,,,
2022-11-10T23:00:00,2439A,112.2014,31.0481,荆门市,竹园小学,细颗粒物(PM2.5),226,240,144,176,101,177,93,156,126,34,40,10,12,1.0,1.1
2022-11-10T23:00:00,2440A,112.1969,30.9891,荆门市,掇刀,细颗粒物(PM2.5),223,204,143,173,120,172,131,156,131,20,40,10,11,1.1,1.3
2022-11-10T23:00:00,2441A,112.2213,31.0386,荆门市,石化一小,细颗粒物(PM2.5),229,224,159,179,116,181,112,161,139,25,39,12,17,0.8,0.9
2022-11-10T23:00:00,2443A,113.9153,30.9285,孝感市,文化路,细颗粒物(PM2.5),117,152,100,88,56,156,69,139,92,44,44,9,11,1.0,1.1
2022-11-10T23:00:00,2444A,113.942,30.9075,孝感市,东城区,细颗粒物(PM2.5),110,141,101,83,54,164,77,146,110,53,54,11,11,1.0,1.1
2022-11-10T23:00:00,2446A,114.9028,30.4742,黄冈市,职工中心,颗粒物(PM10),66,81,96,40,42,172,78,143,109,24,23,11,13,0.7,0.7
2022-11-10T23:00:00,2447A,114.3175,29.8142,咸宁市,森林公园(对照点),颗粒物(PM10),54,58,43,32,23,158,117,135,133,15,6,12,10,0.8,0.7
2022-11-10T23:00:00,2448A,114.3107,29.8454,咸宁市,市发改委,颗粒物(PM10),64,78,62,32,27,159,118,141,140,21,17,15,12,0.9,0.7
2022-11-10T23:00:00,2449A,114.2936,29.8566,咸宁市,咸安区政府,颗粒物(PM10),55,60,53,28,23,147,115,134,128,15,15,15,13,0.9,0.8
2022-11-10T23:00:00,2450A,114.3375,29.8683,咸宁市,长江产业园,,,,,,,,,,,,,,,,
2022-11-10T23:00:00,2451A,113.3583,31.7275,随州市,市委党校,细颗粒物(PM2.5),87,83,88,64,56,165,79,155,118,31,39,6,9,0.9,1
2022-11-10T23:00:00,2452A,113.3833,31.6908,随州市,市林业局,细颗粒物(PM2.5),64,66,74,46,49,166,111,152,138,20,31,8,10,0.8,0.9
2022-11-10T23:00:00,2453A,113.3983,31.7308,随州市,市立交桥水厂,细颗粒物(PM2.5),70,84,72,51,47,163,90,145,121,28,33,9,7,0.9,0.8
2022-11-10T23:00:00,2454A,109.4978,30.2981,恩施土家族苗族自治州,湖北民院,细颗粒物(PM2.5),133,105,68,101,60,111,13,82,48,28,20,8,9,1.3,1.1
2022-11-10T23:00:00,2455A,109.4707,30.2798,恩施土家族苗族自治州,州电力总公司,细颗粒物(PM2.5),104,127,74,78,49,119,6,88,51,22,16,12,8,1.4,1.2
2022-11-10T23:00:00,2456A,112.5003,26.9167,衡阳市,原169医院(对照点),颗粒物(PM10),51,52,69,29,33,125,44,94,61,37,37,34,17,0.8,0.8
2022-11-10T23:00:00,2457A,112.6194,26.9258,衡阳市,衡阳化工总厂,,35,32,72,24,34,121,72,107,82,12,22,5,18,0.6,0.7
2022-11-10T23:00:00,2458A,112.6211,26.8956,衡阳市,珠晖区环保局,,,48,50,,,123,33,100,67,45,29,7,10,0.6,0.7
2022-11-10T23:00:00,2459A,112.6197,26.8733,衡阳市,市委党校,颗粒物(PM10),51,52,47,32,30,113,62,104,82,17,21,11,12,0.6,0.6
2022-11-10T23:00:00,2460A,112.6006,26.8919,衡阳市,市监测站,颗粒物(PM10),51,51,58,30,33,119,36,99,60,44,32,6,11,0.7,0.7
2022-11-10T23:00:00,2461A,112.5664,26.9056,衡阳市,真空机电公司,,38,34,64,26,36,130,62,99,68,19,35,6,15,0.7,1
2022-11-10T23:00:00,2462A,111.5239,27.3033,邵阳市,市水土所(对照点),,,,,,,,,,,,,,,,
2022-11-10T23:00:00,2463A,111.4733,27.2317,邵阳市,市一中,细颗粒物(PM2.5),58,55,58,41,41,129,68,116,98,16,18,20,21,0.6,0.6
2022-11-10T23:00:00,2464A,111.5283,27.2442,邵阳市,市化工厂,,,,55,40,39,129,78,113,96,15,14,43,19,,0.6
2022-11-10T23:00:00,2465A,111.4503,27.2537,邵阳市,市罐头厂,细颗粒物(PM2.5),63,55,49,45,40,127,69,120,101,17,13,29,20,0.5,0.5
2022-11-10T23:00:00,2466A,111.4328,27.2272,邵阳市,市环保局,细颗粒物(PM2.5),67,49,67,48,54,133,75,122,101,16,16,19,34,0.5,0.7
2022-11-10T23:00:00,2467A,112.4067,28.6428,益阳市,甘溪港(对照点),细颗粒物(PM2.5),115,118,91,87,61,150,47,150,86,22,24,9,7,0.9,0.8
2022-11-10T23:00:00,2468A,112.3458,28.5808,益阳市,市环保局,细颗粒物(PM2.5),293,270,101,243,77,159,43,134,92,86,41,21,12,1.8,1
2022-11-10T23:00:00,2469A,112.3437,28.5531,益阳市,市特殊教育学校,,,,110,,81,155,62,137,105,48,29,16,14,1.4,0.9
2022-11-10T23:00:00,2470A,112.3347,28.6047,益阳市,资阳区政务中心,细颗粒物(PM2.5),203,165,88,153,70,164,23,135,79,74,35,11,10,1.5,0.9
2022-11-10T23:00:00,2471A,112.3744,28.5819,益阳市,赫山环保分局,细颗粒物(PM2.5),268,231,107,218,76,152,29,119,67,79,48,14,10,1.6,1.1
2022-11-10T23:00:00,2472A,113.0073,25.9061,郴州市,马头岭(对照点),,26,18,18,18,10,125,55,112,82,42,28,8,6,0.6,0.5
2022-11-10T23:00:00,2473A,113.0116,25.8226,郴州市,市职中,,42,42,41,19,20,97,2,85,38,50,32,6,6,0.6,0.6
2022-11-10T23:00:00,2474A,113.0161,25.8001,郴州市,兴隆步行街,颗粒物(PM10),59,68,42,33,21,94,4,72,27,57,38,10,8,1.0,0.7
2022-11-10T23:00:00,2475A,113.0383,25.8071,郴州市,市审计局,,37,37,39,20,19,96,40,77,44,39,32,32,11,0.4,0.5
2022-11-10T23:00:00,2476A,113.0348,25.7759,郴州市,市环保局,,45,45,34,20,14,94,33,69,39,50,38,25,12,0.5,0.5
2022-11-10T23:00:00,2477A,111.6217,26.2081,永州市,零陵南津渡(对照点),,25,25,29,11,10,100,57,91,69,6,7,5,7,0.3,0.4
2022-11-10T23:00:00,2478A,111.6156,26.4214,永州市,市环境监测站,颗粒物(PM10),65,80,54,15,24,114,3,97,41,54,31,6,14,1.1,0.6
2022-11-10T23:00:00,2479A,111.6236,26.2331,永州市,零陵区环保局,,45,20,30,31,18,100,48,88,62,15,17,8,11,0.5,0.5
2022-11-10T23:00:00,2480A,111.5992,26.4364,永州市,永州市环保局,,35,35,43,20,25,101,30,93,65,38,30,5,9,0.5,0.6
2022-11-10T23:00:00,2481A,111.5989,26.4519,永州市,冷水滩区环保局,颗粒物(PM10),58,66,59,33,32,100,10,83,46,42,29,5,15,0.8,0.7
2022-11-10T23:00:00,2482A,109.5981,27.5721,怀化市,林科所(对照点),,25,20,31,13,25,106,79,98,84,11,13,5,7,0.7,0.7
2022-11-10T23:00:00,2483A,109.9453,27.5444,怀化市,河西地税局,细颗粒物(PM2.5),60,57,40,43,30,99,13,91,48,45,21,4,4,0.7,0.6
2022-11-10T23:00:00,2484A,109.9781,27.5342,怀化市,市四医院,,,31,43,27,32,,,,,22,20,8,10,0.6,0.6
2022-11-10T23:00:00,2485A,109.9972,27.5578,怀化市,监测楼,,40,40,53,19,32,100,15,95,57,25,14,7,10,0.6,0.6
2022-11-10T23:00:00,2486A,110.0394,27.583,怀化市,市委党校,,46,46,73,29,54,104,34,96,68,19,18,14,15,0.6,0.7
2022-11-10T23:00:00,2487A,111.9589,27.8901,娄底市,电视发射台(对照点),,36,36,45,19,26,138,64,124,88,8,11,2,6,0.4,0.6
2022-11-10T23:00:00,2488A,111.9975,27.725,娄底市,市监测站,颗粒物(PM10),58,66,85,38,49,142,37,115,73,52,41,9,17,1.0,1.1
2022-11-10T23:00:00,2489A,112.0194,27.7314,娄底市,市委党校,颗粒物(PM10),56,61,75,36,46,144,44,112,77,40,32,5,7,0.7,0.8
2022-11-10T23:00:00,2490A,111.9561,27.7569,娄底市,涟钢,颗粒物(PM10),78,105,82,37,49,112,32,86,55,85,49,16,30,0.8,1.1
2022-11-10T23:00:00,2491A,111.9892,27.7044,娄底市,市政府,颗粒物(PM10),75,99,69,45,47,127,10,105,70,57,26,7,11,1.0,0.8
2022-11-10T23:00:00,2492A,109.6414,28.2558,湘西州,跃进水库(对照点),,39,39,36,27,31,109,17,90,51,15,14,8,9,0.3,0.4
2022-11-10T23:00:00,2493A,109.7325,28.3169,湘西州,州政府,细颗粒物(PM2.5),54,56,45,38,32,126,44,102,75,17,19,7,8,0.6,0.5
2022-11-10T23:00:00,2494A,109.6958,28.2675,湘西州,吉首市计生局,,,,45,24,32,122,44,94,68,23,25,8,9,0.4,0.5
2022-11-10T23:00:00,2495A,111.3014,23.4832,梧州市,市逸夫小学,颗粒物(PM10),101,152,71,44,29,104,0,80,35,59,33,11,12,1.1,0.9
2022-11-10T23:00:00,2496A,111.3239,23.4794,梧州市,市十一中,颗粒物(PM10),89,128,74,33,26,109,7,86,44,50,31,7,8,0.8,0.8
2022-11-10T23:00:00,2497A,111.247,23.4189,梧州市,龙圩,颗粒物(PM10),64,77,76,42,32,100,21,78,53,43,30,6,9,1.3,1.2
2022-11-10T23:00:00,2498A,111.2711,23.4835,梧州市,龙新,颗粒物(PM10),93,135,70,42,28,104,0,81,40,46,25,6,7,0.5,0.6
2022-11-10T23:00:00,2499A,108.3411,21.6158,防城港市,沙万,,45,42,44,31,19,105,62,97,84,29,29,43,17,0.7,0.6
2022-11-10T23:00:00,2500A,108.3514,21.7731,防城港市,防城档案局,颗粒物(PM10),52,54,56,32,27,88,18,76,53,28,26,8,12,0.9,0.8
2022-11-10T23:00:00,2501A,108.3506,21.6414,防城港市,大海花园,,48,42,36,33,22,114,59,103,90,24,18,20,12,0.6,0.6
2022-11-10T23:00:00,2502A,108.6236,21.9667,钦州市,市环保站,颗粒物(PM10),56,61,41,36,19,125,94,115,112,26,19,6,7,0.8,0.7
2022-11-10T23:00:00,2503A,108.6549,21.9481,钦州市,沙埠小学,"颗粒物(PM10),细颗粒物(PM2.5)",63,75,47,45,25,137,35,118,97,69,30,13,9,0.9,0.7
2022-11-10T23:00:00,2504A,108.5989,21.7431,钦州市,港区一小,颗粒物(PM10),65,80,60,25,24,141,77,126,110,36,30,10,10,0.9,0.8
2022-11-10T23:00:00,2505A,109.568,23.1478,贵港市,德智高中(对照点),颗粒物(PM10),68,85,47,36,26,83,35,80,67,48,24,7,9,1.1,0.8
2022-11-10T23:00:00,2506A,109.6047,23.0666,贵港市,江南子站,,,,61,,30,56,,47,,,20,,11,,0.8
2022-11-10T23:00:00,2507A,109.6014,23.0948,贵港市,贵城子站,细颗粒物(PM2.5),87,100,58,64,39,111,22,101,69,51,25,12,13,1.1,0.8
2022-11-10T23:00:00,2508A,109.5669,23.1065,贵港市,荷城子站,细颗粒物(PM2.5),83,107,55,61,32,99,11,88,52,61,25,9,13,1.1,0.8
2022-11-10T23:00:00,2509A,110.1106,22.7019,玉林市,寒山水库(对照点),颗粒物(PM10),69,87,66,49,35,113,9,91,52,23,18,3,12,0.6,0.4
2022-11-10T23:00:00,2510A,110.1675,22.6411,玉林市,市监测站,颗粒物(PM10),65,80,64,42,31,99,46,85,66,30,20,56,36,0.9,0.7
2022-11-10T23:00:00,2511A,110.1433,22.6164,玉林市,南江一中,颗粒物(PM10),75,100,73,54,43,99,36,84,49,36,25,38,29,0.7,0.7
2022-11-10T23:00:00,2512A,106.6103,23.9011,百色市,市监测站,颗粒物(PM10),67,84,68,47,42,142,37,120,88,31,21,11,15,0.9,0.8
2022-11-10T23:00:00,2513A,106.6538,23.8859,百色市,市中心血站,细颗粒物(PM2.5),82,81,70,60,48,130,48,112,92,19,17,13,15,0.9,0.9
2022-11-10T23:00:00,2514A,111.5264,24.4172,贺州市,环保小区,,49,49,31,21,15,94,30,81,59,32,21,13,11,0.7,0.7
2022-11-10T23:00:00,2515A,111.5608,24.4078,贺州市,政协大楼,颗粒物(PM10),64,77,34,33,19,98,25,78,51,34,25,18,13,0.8,0.7
2022-11-10T23:00:00,2516A,108.2011,24.715,河池市,东仁乐园(对照点),,28,21,35,19,29,92,48,87,70,10,14,6,8,0.6,0.6
2022-11-10T23:00:00,2517A,108.0497,24.6947,河池市,市环保站,,36,29,48,25,26,99,46,87,74,20,28,5,6,0.7,0.7
2022-11-10T23:00:00,2518A,108.0983,24.6989,河池市,市疾控中心,,23,18,62,15,30,96,72,89,81,8,30,6,8,0.6,0.7
2022-11-10T23:00:00,2519A,109.2328,23.7361,来宾市,来宾二中,,,,,,,,,,,,,,,,
2022-11-10T23:00:00,2520A,109.2203,23.7256,来宾市,来宾技工学校,细颗粒物(PM2.5),54,56,59,38,37,89,58,79,68,20,20,10,13,0.8,0.7
2022-11-10T23:00:00,2521A,107.3476,22.4136,崇左市,市环保局江州分局,颗粒物(PM10),69,88,68,41,39,112,15,94,65,26,18,5,6,0.6,0.6
2022-11-10T23:00:00,2522A,107.3702,22.3707,崇左市,城南新区,细颗粒物(PM2.5),85,85,63,63,41,105,14,90,59,39,25,2,3,0.6,0.5
2022-11-10T23:00:00,2523A,105.8945,32.4535,广元市,黑石坡(对照点),,36,36,39,12,26,22,7,15,9,30,21,5,5,0.8,0.7
2022-11-10T23:00:00,2524A,105.821,32.4444,广元市,老城,颗粒物(PM10),55,60,48,30,27,9,6,7,6,28,25,6,6,1.5,1.1
2022-11-10T23:00:00,2525A,105.8153,32.4246,广元市,南坝,,,,,,,,,,,,,,,,
2022-11-10T23:00:00,2526A,105.8628,32.4287,广元市,监测站,,43,43,33,26,21,11,4,9,5,19,23,6,6,1.1,0.9
2022-11-10T23:00:00,2527A,105.5453,30.5678,遂宁市,石溪浩(对照点),颗粒物(PM10),63,75,70,34,36,39,7,32,19,28,24,10,11,0.6,0.6
2022-11-10T23:00:00,2528A,105.5582,30.5232,遂宁市,市监测站,颗粒物(PM10),55,59,56,32,33,45,9,30,23,30,27,6,8,0.6,0.6
2022-11-10T23:00:00,2529A,105.5861,30.5366,遂宁市,行政中心,颗粒物(PM10),58,65,58,39,41,43,19,34,25,28,25,9,12,0.6,0.6
2022-11-10T23:00:00,2530A,105.5918,30.4728,遂宁市,美宁食品公司,细颗粒物(PM2.5),58,60,61,41,36,53,7,31,19,29,32,8,12,0.4,0.5
2022-11-10T23:00:00,2531A,105.0703,29.61,内江市,市监测站,细颗粒物(PM2.5),63,54,53,45,45,74,30,61,45,22,17,11,10,0.5,0.4
2022-11-10T23:00:00,2532A,105.0717,29.5947,内江市,东兴区政府,细颗粒物(PM2.5),65,56,64,47,48,76,40,66,52,21,27,6,8,0.6,0.6
2022-11-10T23:00:00,2533A,105.0653,29.5817,内江市,内江二中,细颗粒物(PM2.5),72,71,60,52,48,68,23,57,46,41,26,5,4,0.7,0.6
2022-11-10T23:00:00,2534A,105.0406,29.5822,内江市,内江日报社,细颗粒物(PM2.5),90,97,82,67,64,73,40,63,52,30,26,4,4,0.7,0.7
2022-11-10T23:00:00,2535A,103.7723,29.5462,乐山市,花湖湾(对照点),细颗粒物(PM2.5),89,77,59,66,54,81,12,68,49,48,23,4,4,1.0,0.8
2022-11-10T23:00:00,2536A,103.7627,29.5844,乐山市,牛耳桥,细颗粒物(PM2.5),90,94,76,67,58,69,12,55,23,52,34,4,5,0.9,0.8
2022-11-10T23:00:00,2537A,103.7508,29.6006,乐山市,市第三水厂,细颗粒物(PM2.5),89,90,74,66,54,92,4,74,46,60,32,6,7,1.0,0.8
2022-11-10T23:00:00,2538A,103.7571,29.5664,乐山市,市监测站,细颗粒物(PM2.5),79,85,67,58,50,85,12,70,45,46,26,8,7,0.9,0.7
2022-11-10T23:00:00,2539A,104.0308,30.0478,眉山市,黑龙滩水库(对照点),颗粒物(PM10),59,68,64,36,42,79,20,67,56,2,5,3,4,0.7,0.8
2022-11-10T23:00:00,2540A,103.8416,30.0874,眉山市,气象局,细颗粒物(PM2.5),99,87,91,74,64,86,4,60,42,59,41,6,8,1.0,0.9
2022-11-10T23:00:00,2543A,106.6308,30.5278,广安市,小平旧居(对照点),,,,,,,,,,,,,,,,
2022-11-10T23:00:00,2544A,106.6303,30.4576,广安市,市委,细颗粒物(PM2.5),100,86,79,75,64,46,13,39,31,29,26,12,16,0.9,0.8
2022-11-10T23:00:00,2545A,106.6271,30.4663,广安市,友谊中学,细颗粒物(PM2.5),82,79,72,60,50,41,22,34,28,22,29,15,20,0.9,0.9
2022-11-10T23:00:00,2547A,106.6388,30.4551,广安市,广电花园,细颗粒物(PM2.5),89,96,82,66,59,45,9,36,26,32,28,15,18,0.9,0.8
2022-11-10T23:00:00,2548A,107.5277,31.2827,达州市,达州职业技术学院(对照点),颗粒物(PM10),54,57,55,34,30,63,3,30,10,34,35,7,10,0.9,0.9
2022-11-10T23:00:00,2549A,107.5086,31.2186,达州市,市环境监测站,颗粒物(PM10),58,66,57,34,28,54,3,27,13,49,44,7,9,0.9,0.9
2022-11-10T23:00:00,2550A,107.4988,31.2132,达州市,凤凰小区,颗粒物(PM10),59,68,58,36,33,57,5,31,16,51,44,5,7,0.9,0.9
2022-11-10T23:00:00,2551A,107.5082,31.1986,达州市,达县机关宾馆,颗粒物(PM10),71,92,67,43,35,65,2,30,10,66,52,9,10,1.2,0.9
2022-11-10T23:00:00,2552A,107.4644,31.2124,达州市,市政中心,颗粒物(PM10),59,67,55,41,34,45,4,22,9,62,53,5,7,0.9,0.8
2022-11-10T23:00:00,2554A,103.0475,30.02,雅安市,建安厂,颗粒物(PM10),59,67,56,41,39,52,2,36,16,32,34,6,6,0.9,0.8
2022-11-10T23:00:00,2555A,103.0111,29.9833,雅安市,市政府,,49,49,58,27,36,54,5,32,14,23,31,9,9,0.8,0.8
2022-11-10T23:00:00,2556A,102.9905,29.9775,雅安市,川农大,细颗粒物(PM2.5),53,49,44,37,34,54,5,37,15,29,23,10,9,0.9,0.8
2022-11-10T23:00:00,2561A,104.6617,30.1372,资阳市,莲花山(对照点),细颗粒物(PM2.5),80,83,80,59,60,68,47,62,60,13,19,5,6,0.6,0.7
2022-11-10T23:00:00,2562A,104.6356,30.1506,资阳市,资阳中学,细颗粒物(PM2.5),74,75,72,54,51,64,12,53,42,35,24,8,8,0.7,0.7
2022-11-10T23:00:00,2563A,104.6295,30.1383,资阳市,四三一厂,细颗粒物(PM2.5),87,89,90,64,59,57,8,38,29,57,38,9,8,0.7,0.7
2022-11-10T23:00:00,2564A,104.6463,30.1146,资阳市,师范校,细颗粒物(PM2.5),82,106,83,60,61,58,17,45,32,51,41,5,7,0.7,0.8
2022-11-10T23:00:00,2565A,104.6296,30.1256,资阳市,区法院,细颗粒物(PM2.5),79,86,80,58,51,70,14,47,42,50,30,5,6,0.7,0.7
2022-11-10T23:00:00,2566A,102.1879,31.914,阿坝藏族羌族自治州,州农科所(对照点),,,,,,,80,24,65,44,22,14,2,3,0.5,0.5
2022-11-10T23:00:00,2567A,102.224,31.9037,阿坝藏族羌族自治州,州监测站,,,,,,,,,,,,,,,,
2022-11-10T23:00:00,2568A,102.2502,31.8896,阿坝藏族羌族自治州,马师校,,33,33,26,15,12,72,9,61,25,42,27,4,4,0.4,0.4
2022-11-10T23:00:00,2570A,101.9603,30.0475,甘孜藏族自治州,水桥子,,30,30,24,11,10,66,6,59,38,59,28,5,7,0.4,0.3
2022-11-10T23:00:00,2571A,102.3431,27.8099,凉山彝族自治州,青龙寺(对照点),颗粒物(PM10),69,88,50,14,17,95,63,95,76,10,9,9,9,0.7,0.7
2022-11-10T23:00:00,2572A,102.2721,27.8415,凉山彝族自治州,邛海宾馆,,33,33,32,18,19,111,44,99,78,30,17,8,10,0.4,0.5
2022-11-10T23:00:00,2573A,102.2625,27.898,凉山彝族自治州,西昌市政府,,38,38,32,18,19,100,45,92,80,29,17,9,10,0.7,0.6
2022-11-10T23:00:00,2574A,102.2685,27.8851,凉山彝族自治州,凉山州政府,,39,39,36,26,23,95,45,89,75,26,18,10,11,0.5,0.5
2022-11-10T23:00:00,2575A,102.237,27.8914,凉山彝族自治州,长安,,48,48,46,25,21,98,50,92,84,24,21,7,9,0.9,0.9
2022-11-10T23:00:00,2576A,104.8,26.5892,六盘水市,窑上(对照点),,,,,,,,,,,,,,,,
2022-11-10T23:00:00,2577A,104.83,26.5917,六盘水市,黄土坡,,49,49,34,34,27,127,73,107,97,22,13,8,8,0.7,0.6
2022-11-10T23:00:00,2578A,104.89,26.5939,六盘水市,水钢,颗粒物(PM10),83,116,52,43,37,114,48,106,95,38,10,8,7,0.8,0.7
2022-11-10T23:00:00,2579A,104.8475,26.5894,六盘水市,民中,细颗粒物(PM2.5),58,52,44,41,31,110,64,98,89,23,12,12,11,0.9,0.7
2022-11-10T23:00:00,2580A,104.9544,26.5506,六盘水市,双水,细颗粒物(PM2.5),53,46,43,37,37,102,82,97,95,8,9,5,5,0.7,0.7
2022-11-10T23:00:00,2585A,109.1839,27.7344,铜仁地区,铜仁卫校,颗粒物(PM10),61,72,37,26,22,124,12,110,66,48,15,1,2,1.9,0.7
2022-11-10T23:00:00,2586A,109.1753,27.6944,铜仁地区,铜仁七中,颗粒物(PM10),53,56,30,20,20,115,2,95,36,42,18,1,2,1.0,0.7
2022-11-10T23:00:00,2587A,105.2864,27.3125,毕节市,八中,细颗粒物(PM2.5),92,87,72,68,54,110,44,99,72,32,25,8,9,0.8,0.7
2022-11-10T23:00:00,2588A,105.31,27.2944,毕节市,师专,细颗粒物(PM2.5),94,87,56,70,44,115,42,104,88,33,17,6,7,0.7,0.5
2022-11-10T23:00:00,2589A,104.9022,25.0925,黔西南布依族苗族自治州,场坝街,颗粒物(PM10),52,53,47,34,35,83,58,76,67,18,9,2,2,0.4,0.2
2022-11-10T23:00:00,2590A,104.8811,25.0992,黔西南布依族苗族自治州,坪东大道,颗粒物(PM10),54,57,42,33,34,82,4,75,44,48,13,5,5,0.6,0.4
2022-11-10T23:00:00,2591A,107.9783,26.5747,黔东南苗族侗族自治州,市环境监测站,,30,27,40,21,28,101,84,96,86,11,28,2,7,0.3,0.5
2022-11-10T23:00:00,2593A,107.5228,26.2403,黔南布依族苗族自治州,小围寨,,32,22,30,22,21,107,71,104,93,7,11,8,5,0.4,0.4
2022-11-10T23:00:00,2594A,99.1678,25.1081,保山市,市环境监测站,,20,19,19,12,8,99,63,87,75,7,9,5,5,0.3,0.3
2022-11-10T23:00:00,2595A,99.1711,25.1328,保山市,市环保局,,23,20,20,16,11,97,64,86,77,5,8,6,6,0.2,0.3
2022-11-10T23:00:00,2596A,103.7667,27.3736,昭通市,监测站,,42,42,40,19,26,103,75,100,95,15,19,14,9,0.2,0.4
2022-11-10T23:00:00,2597A,103.7225,27.3361,昭通市,环保局,颗粒物(PM10),54,58,38,36,28,102,33,96,84,39,17,15,10,0.6,0.4
2022-11-10T23:00:00,2598A,100.2143,26.8576,丽江市,西南郊(对照点),,,,,,,,,,,,,,,,
2022-11-10T23:00:00,2599A,100.2497,26.8802,丽江市,丽江古城,,39,33,28,27,23,79,67,74,69,11,11,5,5,0.5,0.5
2022-11-10T23:00:00,2600A,100.2203,26.8906,丽江市,市中心,,25,25,19,7,11,85,64,83,73,14,14,4,4,0.5,0.6
2022-11-10T23:00:00,2601A,100.98,22.7633,普洱市,市环保局,,32,22,21,22,15,80,19,73,49,18,15,4,4,0.7,0.7
2022-11-10T23:00:00,2602A,100.9817,22.8322,普洱市,普洱第二中学,,26,25,18,18,9,86,7,79,53,36,17,7,7,0.9,0.8
2022-11-10T23:00:00,2603A,100.0781,23.8982,临沧市,市环保局,细颗粒物(PM2.5),53,34,23,37,19,97,34,82,65,13,10,8,8,0.7,0.7
2022-11-10T23:00:00,2604A,100.0894,23.8822,临沧市,市气象局,,50,34,28,35,23,102,38,84,65,12,10,6,6,0.7,0.7
2022-11-10T23:00:00,2605A,101.5482,25.0441,楚雄州,州环境监测站,,28,28,28,17,20,74,46,70,63,14,17,8,17,0.4,0.3
2022-11-10T23:00:00,2606A,101.538,25.0492,楚雄州,市经济开发区,,45,44,28,31,20,71,15,67,56,43,18,5,6,0.6,0.4
2022-11-10T23:00:00,2608A,103.3772,23.3993,红河州,污水处理厂,细颗粒物(PM2.5),57,47,48,40,39,94,65,92,75,11,9,8,7,0.5,0.5
2022-11-10T23:00:00,2609A,103.3861,23.35,红河州,监测站,细颗粒物(PM2.5),67,58,49,48,40,97,84,97,78,8,6,8,4,0.6,0.5
2022-11-10T23:00:00,2610A,104.2533,23.3594,文山州,州水务局,细颗粒物(PM2.5),89,78,62,66,48,99,70,95,87,18,14,11,9,0.4,0.4
2022-11-10T23:00:00,2611A,104.2319,23.3892,文山州,市便民服务中心,细颗粒物(PM2.5),80,66,58,59,49,94,76,90,84,13,13,8,10,0.5,0.5
2022-11-10T23:00:00,2612A,100.7939,22.0019,西双版纳州,景洪市江南,,49,45,33,34,22,88,24,75,54,26,20,8,8,0.8,0.7
2022-11-10T23:00:00,2613A,100.8017,22.0225,西双版纳州,景洪市江北,,28,28,14,11,9,104,30,89,64,21,13,10,10,0.5,0.5
2022-11-10T23:00:00,2614A,100.1542,25.7054,大理州,大理市环境监测站,,30,30,31,9,11,82,66,76,73,18,11,6,6,0.7,0.7
2022-11-10T23:00:00,2615A,100.2171,25.5811,大理州,大理古城,,33,33,20,11,8,104,62,90,72,14,12,6,6,0.4,0.4
2022-11-10T23:00:00,2616A,98.5842,24.428,德宏州,德宏州监测站,,,,34,,15,16,,22,,,13,,20,,0.3
2022-11-10T23:00:00,2618A,98.8601,25.8567,怒江州,州监测站,,33,30,32,23,17,83,42,72,62,13,9,7,7,0.4,0.4
2022-11-10T23:00:00,2619A,98.8546,25.8417,怒江州,泸水一中,颗粒物(PM10),51,52,39,29,20,73,2,55,30,45,26,6,6,0.8,0.7
2022-11-10T23:00:00,2621A,99.7056,27.8317,迪庆州,迪庆州站,,40,32,17,28,18,108,56,96,82,27,16,12,9,1.1,0.7
2022-11-10T23:00:00,2622A,97.1806,31.1273,昌都市,昌都监测站,"颗粒物(PM10),细颗粒物(PM2.5)",54,57,28,38,15,93,9,83,54,65,19,10,6,1.2,0.8
2022-11-10T23:00:00,2624A,91.7608,29.2313,山南市,山南监测站,,29,9,22,4,7,103,90,99,92,1,6,5,6,0.3,0.3
2022-11-10T23:00:00,2625A,91.7706,29.2436,山南市,山南人民医院,,26,16,26,7,11,96,81,92,86,3,6,5,5,0.3,0.3
2022-11-10T23:00:00,2626A,88.8876,29.2718,日喀则市,日喀则监测站,,32,21,16,6,6,102,101,98,98,5,7,2,4,0.4,0.4
2022-11-10T23:00:00,2628A,92.0657,31.4846,那曲地区,那曲监测站,颗粒物(PM10),53,56,59,27,28,92,42,85,69,32,18,12,11,1.6,1
2022-11-10T23:00:00,2630A,80.1161,32.5,阿里地区,阿里监测站,,28,4,6,2,2,96,87,92,91,5,3,13,9,0.4,0.3
2022-11-10T23:00:00,2632A,94.3681,29.6376,林芝市,林芝监测站,,24,4,11,0,4,80,75,76,74,1,3,9,9,0.2,0.5
2022-11-10T23:00:00,2633A,94.3616,29.6616,林芝市,林芝人民医院,,24,8,14,5,5,79,74,76,74,5,5,9,9,0.2,0.3
2022-11-10T23:00:00,2634A,106.9893,33.1842,汉中市,汉川机床厂子校(对照点),细颗粒物(PM2.5),60,39,38,43,42,75,17,54,29,22,17,6,7,0.8,0.8
2022-11-10T23:00:00,2635A,107.0154,33.0706,汉中市,市监测站,颗粒物(PM10),66,81,85,42,49,50,11,42,23,22,26,4,4,1.2,1.1
2022-11-10T23:00:00,2636A,107.0089,33.1138,汉中市,鑫源开发区,颗粒物(PM10),62,73,84,35,48,46,5,36,19,28,29,3,3,1.2,1.1
2022-11-10T23:00:00,2637A,107.007,33.0323,汉中市,南郑大河坎水厂,颗粒物(PM10),58,65,85,38,50,49,12,40,24,20,24,5,5,1.0,1.1
2022-11-10T23:00:00,2638A,109.7414,38.3344,榆林市,红石峡森林公园(对照点),,,60,38,,45,60,10,51,36,50,32,4,3,1.9,1.6
2022-11-10T23:00:00,2639A,109.7456,38.2911,榆林市,世纪广场,细颗粒物(PM2.5),59,57,43,42,35,61,17,46,31,55,44,8,7,1.3,1.1
2022-11-10T23:00:00,2640A,109.7289,38.2839,榆林市,实验中学,,,,43,,39,55,,46,38,,39,,9,,1.1
2022-11-10T23:00:00,2641A,109.7336,38.2478,榆林市,环保监测大楼,细颗粒物(PM2.5),64,51,45,46,42,61,16,49,37,49,36,8,8,1.1,0.9
2022-11-10T23:00:00,2642A,109.0318,32.6537,安康市,香溪洞(对照点),细颗粒物(PM2.5),83,76,88,61,65,64,46,58,57,12,19,7,14,0.9,1
2022-11-10T23:00:00,2643A,109.0281,32.6939,安康市,安康市监测站,细颗粒物(PM2.5),80,105,120,59,72,62,14,41,26,25,26,5,25,0.9,1.1
2022-11-10T23:00:00,2644A,109.0072,32.6975,安康市,汉滨区检察院,细颗粒物(PM2.5),75,83,108,55,75,56,10,41,28,26,26,5,17,0.8,0.9
2022-11-10T23:00:00,2645A,109.9154,33.8715,商洛市,监测站,颗粒物(PM10),82,113,103,58,56,114,41,84,59,37,33,9,10,0.9,0.9
2022-11-10T23:00:00,2647A,104.1724,36.5446,白银市,第三小学,颗粒物(PM10),72,93,87,26,37,102,102,89,89,9,30,7,30,0.4,1
2022-11-10T23:00:00,2648A,104.1465,36.5482,白银市,动力公司,颗粒物(PM10),64,78,75,24,39,102,102,89,89,10,20,11,18,0.4,0.9
2022-11-10T23:00:00,2649A,106.0055,34.343,天水市,麦积山(对照点),,,,,,,,,,,,,,,,
2022-11-10T23:00:00,2650A,105.7205,34.5786,天水市,公园小学,,45,34,39,31,24,64,60,60,60,22,30,8,8,0.9,0.8
2022-11-10T23:00:00,2651A,105.8945,34.5538,天水市,麦积国土局,,43,34,36,30,18,63,49,56,52,25,23,3,12,1.1,1
2022-11-10T23:00:00,2652A,102.6201,37.9251,武威市,监测站,颗粒物(PM10),103,155,132,45,42,100,19,87,52,50,27,8,10,0.7,0.5
2022-11-10T23:00:00,2654A,100.4698,38.9524,张掖市,润泉湖,颗粒物(PM10),55,60,74,18,24,99,70,88,82,13,18,8,9,0.5,0.5
2022-11-10T23:00:00,2655A,100.4154,38.9422,张掖市,区工会,颗粒物(PM10),58,66,61,25,30,105,75,92,86,15,18,11,10,0.5,0.4
2022-11-10T23:00:00,2656A,106.6692,35.5461,平凉市,聚贤嘉苑,,48,33,35,33,23,58,7,45,23,47,29,7,6,0.9,0.8
2022-11-10T23:00:00,2657A,106.7021,35.5307,平凉市,博物馆,,40,40,40,19,17,45,6,43,18,48,32,5,5,0.8,0.8
2022-11-10T23:00:00,2658A,98.5061,39.7443,酒泉市,仓门街子站,颗粒物(PM10),80,110,65,39,23,98,12,94,54,63,25,9,9,0.7,0.6
2022-11-10T23:00:00,2659A,98.4989,39.7256,酒泉市,油田生活基地,颗粒物(PM10),98,146,70,45,27,102,14,84,52,66,28,7,9,0.9,0.7
2022-11-10T23:00:00,2660A,107.6831,35.7289,庆阳市,区环保局(对照点),,,,,,,,,,,,,,,,
2022-11-10T23:00:00,2661A,107.6325,35.7357,庆阳市,庆阳五中,颗粒物(PM10),52,54,41,29,24,63,38,58,44,19,17,7,5,1.2,1
2022-11-10T23:00:00,2662A,107.6364,35.7067,庆阳市,市环保局,细颗粒物(PM2.5),55,52,32,39,24,68,38,65,52,20,15,7,5,1.2,1
2022-11-10T23:00:00,2663A,104.6241,35.5734,定西市,东关小学,颗粒物(PM10),73,96,46,29,22,72,63,67,56,14,16,6,10,0.6,0.4
2022-11-10T23:00:00,2664A,104.6194,35.5934,定西市,供电公司,颗粒物(PM10),68,86,39,25,22,69,61,60,56,17,18,3,4,0.5,0.4
2022-11-10T23:00:00,2665A,105.0822,33.3261,陇南市,汉王镇固水子(对照点),,,,,,,,,,,,,,,,
2022-11-10T23:00:00,2667A,103.2069,35.5993,临夏回族自治州,环保局,,34,34,48,15,21,101,61,87,78,17,33,21,15,0.6,1.1
2022-11-10T23:00:00,2668A,103.2417,35.6057,临夏回族自治州,建设大厦,,46,46,42,14,16,92,49,87,74,28,29,16,13,0.9,1.1
2022-11-10T23:00:00,2669A,102.9099,34.9841,甘南州,州政府,细颗粒物(PM2.5),74,79,43,54,23,102,78,93,92,18,20,5,8,0.6,0.5
2022-11-10T23:00:00,2671A,100.9048,36.9639,海北藏族自治州,海晏县西海镇,颗粒物(PM10),64,77,35,42,22,116,109,112,108,16,11,16,13,0.7,0.6
2022-11-10T23:00:00,2672A,102.0199,35.5102,黄南藏族自治州,同仁县隆务镇,细颗粒物(PM2.5),79,88,43,58,23,91,91,82,82,8,16,9,9,1.1,1
2022-11-10T23:00:00,2673A,100.6188,36.2866,海南藏族自治州,共和县恰卜恰镇,,45,45,26,22,15,100,15,94,60,42,14,13,10,0.7,0.4
2022-11-10T23:00:00,2674A,100.2561,34.4714,果洛藏族自治州,玛沁县大武镇,,39,35,35,27,20,107,35,98,76,27,16,20,23,0.7,0.6
2022-11-10T23:00:00,2675A,97,33.0014,玉树藏族自治州,玉树县结古镇,,26,26,18,16,10,94,61,89,76,10,12,12,15,1.5,1.5
2022-11-10T23:00:00,2676A,97.3731,37.3753,海西蒙古族藏族自治州,德令哈市,颗粒物(PM10),73,96,32,23,12,93,77,86,83,7,6,2,3,0.4,0.4
2022-11-10T23:00:00,2677A,106.1532,37.9648,吴忠市,教育园区,颗粒物(PM10),104,157,64,47,51,93,69,78,75,11,26,8,8,0.5,0.8
2022-11-10T23:00:00,2678A,106.2025,37.9844,吴忠市,高级中学,,,,,,,,,,,,,,,,
2022-11-10T23:00:00,2679A,106.1856,37.9956,吴忠市,新区二泵站,颗粒物(PM10),109,167,67,48,59,88,69,69,67,11,28,5,23,0.5,0.8
2022-11-10T23:00:00,2680A,105.0025,37.4635,中卫市,沙坡头消防站(对照点),颗粒物(PM10),60,69,92,21,55,97,97,91,91,10,24,8,9,0.4,1
2022-11-10T23:00:00,2681A,105.18,37.0172,中卫市,官桥站,,,,,,,,,,,,,,,,
2022-11-10T23:00:00,2682A,105.1971,37.5002,中卫市,环保局站,颗粒物(PM10),91,132,88,34,57,78,78,72,72,14,21,3,4,0.3,0.6
2022-11-10T23:00:00,2683A,106.2319,36.1417,固原市,马园(对照点),细颗粒物(PM2.5),62,43,24,44,22,52,52,42,29,20,21,4,4,0.6,0.7
2022-11-10T23:00:00,2684A,106.2792,36.0022,固原市,监测站,,22,9,16,15,19,38,34,35,35,15,15,4,5,0.7,0.7
2022-11-10T23:00:00,2685A,106.2375,36.0211,固原市,新区,,32,14,17,22,17,40,40,36,36,14,14,5,5,1.1,1.1
2022-11-10T23:00:00,2686A,89.1904,42.9418,吐鲁番地区,市环保局,,,,0,30,44,65,27,61,50,39,21,6,6,0.6,0.4
2022-11-10T23:00:00,2687A,89.1673,42.9559,吐鲁番地区,地区环保局,颗粒物(PM10),65,79,165,39,50,70,19,63,47,49,24,7,8,0.9,0.8
2022-11-10T23:00:00,2688A,93.5128,42.8172,哈密地区,地区监测站,颗粒物(PM10),53,55,70,10,17,75,52,74,59,14,15,4,5,0.3,0.3
2022-11-10T23:00:00,2689A,93.4961,42.8328,哈密地区,哈密师范学校,颗粒物(PM10),51,52,57,19,21,69,50,68,59,12,13,6,6,0.3,0.4
2022-11-10T23:00:00,2690A,88.1236,43.8886,昌吉州,天山天池(对照点),,20,2,3,0,1,71,62,67,58,5,6,3,3,1.0,1
2022-11-10T23:00:00,2691A,87.2997,44.0114,昌吉州,州监测站,,,,,,,,,,,,,,,,
2022-11-10T23:00:00,2692A,87.2717,44.0297,昌吉州,新区政务中心,,43,43,16,22,11,73,26,66,60,34,16,7,6,1.1,1
2022-11-10T23:00:00,2693A,82.0485,44.8556,博尔塔拉蒙古自治州,市党校,,23,23,23,6,8,56,38,52,48,10,9,6,9,0.2,0.2
2022-11-10T23:00:00,2694A,82.0806,44.8969,博尔塔拉蒙古自治州,市环保局,,43,43,25,16,10,52,23,48,43,30,12,7,9,0.8,0.4
2022-11-10T23:00:00,2695A,80.292,41.1694,阿克苏地区,电视台,细颗粒物(PM2.5),103,134,28,77,14,84,30,77,62,45,12,4,4,1.7,0.9
2022-11-10T23:00:00,2696A,80.2613,41.1551,阿克苏地区,艺术中心,,47,47,27,27,17,79,14,71,57,36,5,5,5,0.8,0.3
2022-11-10T23:00:00,2697A,76.1454,39.7142,克孜勒苏柯尔克孜自治州,市人民政府,,46,46,31,20,10,91,52,90,69,11,4,10,10,0.9,0.7
2022-11-10T23:00:00,2698A,76.0072,39.4467,喀什地区,巡警大队,颗粒物(PM10),60,70,74,25,25,85,61,78,74,27,22,3,5,0.6,0.8
2022-11-10T23:00:00,2699A,75.9755,39.4694,喀什地区,吾办,颗粒物(PM10),71,92,66,50,29,96,47,88,78,39,23,4,3,1.5,1
2022-11-10T23:00:00,2700A,75.9538,39.4682,喀什地区,市环境监测站,,,118,83,59,35,,,,,44,27,4,4,2.1,1.6
2022-11-10T23:00:00,2703A,81.2815,43.9404,伊犁哈萨克州,市环保局,细颗粒物(PM2.5),54,48,22,38,22,62,27,55,44,30,18,14,11,1.6,1
2022-11-10T23:00:00,2704A,81.2996,43.9174,伊犁哈萨克州,新政府片区,,34,34,18,23,15,66,25,60,53,28,12,12,11,1.3,0.8
2022-11-10T23:00:00,2705A,81.3364,43.941,伊犁哈萨克州,第二水厂,颗粒物(PM10),51,52,24,35,19,66,20,59,49,44,18,12,10,1.8,1
2022-11-10T23:00:00,2706A,82.9994,46.7432,塔城地区,东门外小游园,,23,23,26,10,13,58,36,54,47,7,9,5,5,0.4,0.4
2022-11-10T23:00:00,2707A,88.1214,47.9047,阿勒泰地区,小东沟(对照点),,,,,,,,,,,,,,,,
2022-11-10T23:00:00,2708A,88.1264,47.8517,阿勒泰地区,市站,,27,14,8,8,6,84,84,82,67,2,4,2,3,0.6,0.6
2022-11-10T23:00:00,2709A,86.0497,44.2967,石河子市,艾青诗歌馆,,19,17,11,8,7,64,14,59,50,38,16,5,6,0.5,0.5
2022-11-10T23:00:00,2710A,86.0697,44.3075,石河子市,阳光学校,,,21,13,,,63,25,56,48,22,13,3,3,0.5,0.4
2022-11-10T23:00:00,2711A,87.5475,44.1756,五家渠市,农水大厦,,29,29,14,12,9,55,18,50,40,29,14,8,9,0.7,0.7
2022-11-10T23:00:00,2835A,101.7227,26.567,攀枝花市,四十中小,颗粒物(PM10),58,66,57,37,31,116,8,82,52,78,42,17,18,2.2,1.4
2022-11-10T23:00:00,2842A,118.0936,24.5058,厦门市,湖里中学,,40,40,37,18,18,118,23,94,54,36,30,3,4,0.5,0.5
2022-11-10T23:00:00,2845A,113.1569,36.1911,长治市,德盛苑,细颗粒物(PM2.5),113,72,72,85,71,87,32,87,29,23,30,2,3,1.7,1.1
2022-11-10T23:00:00,2846A,113.3221,23.1322,广州市,体育西,细颗粒物(PM2.5),85,99,81,63,48,150,2,106,73,105,69,4,5,1.5,1.1
2022-11-10T23:00:00,2858A,117.7918,39.2474,天津市,河西一经路,细颗粒物(PM2.5),168,160,198,127,164,56,39,38,38,18,48,7,7,1.3,1.9
2022-11-10T23:00:00,2859A,117.3747,38.9846,天津市,津沽路,细颗粒物(PM2.5),183,172,214,138,174,51,18,22,12,42,64,4,5,1.6,1.6
2022-11-10T23:00:00,2860A,117.1589,39.0845,天津市,宾水西道,细颗粒物(PM2.5),200,188,213,150,168,64,10,50,21,44,52,4,5,1.5,1.7
2022-11-10T23:00:00,2862A,114.5481,38.0378,石家庄市,22中南校区,细颗粒物(PM2.5),199,140,153,149,135,115,65,97,80,27,51,2,5,0.9,0.9
2022-11-10T23:00:00,2865A,112.7195,37.6828,晋中市,榆次三中,细颗粒物(PM2.5),156,159,155,119,112,102,76,77,71,31,40,11,12,0.9,1
2022-11-10T23:00:00,2866A,111.0522,35.0439,运城市,外滩首府,,,,,,,,,,,,,,,,
2022-11-10T23:00:00,2867A,111.1283,37.51,吕梁市,马茂庄小学,细颗粒物(PM2.5),88,102,79,65,42,81,7,70,50,67,35,10,9,0.8,0.8
2022-11-10T23:00:00,2868A,126.4739,43.953,吉林市,九站,细颗粒物(PM2.5),112,122,150,84,99,74,6,60,31,61,51,169,36,1.1,1
2022-11-10T23:00:00,2869A,119.447,32.4155,扬州市,五台山医院,细颗粒物(PM2.5),59,63,73,42,45,87,24,61,37,41,51,6,8,0.4,0.7
2022-11-10T23:00:00,2870A,119.4424,32.1873,镇江市,市疾控中心,细颗粒物(PM2.5),82,66,89,60,76,135,41,98,68,44,54,3,2,0.7,1
2022-11-10T23:00:00,2871A,121.6147,29.9017,宁波市,万里国际学校,,36,36,37,21,24,86,3,71,27,52,40,6,7,0.9,0.7
2022-11-10T23:00:00,2872A,120.7846,30.7525,嘉兴市,南湖区残联,细颗粒物(PM2.5),69,82,62,50,35,161,46,120,74,28,42,4,7,0.5,0.6
2022-11-10T23:00:00,2873A,120.0875,30.8955,湖州市,仁皇山新区,颗粒物(PM10),62,74,85,42,50,193,3,137,97,69,53,5,7,0.6,0.8
2022-11-10T23:00:00,2875A,115.784,32.8892,阜阳市,阜阳职业技术学院,细颗粒物(PM2.5),94,110,124,70,73,161,56,134,101,22,32,6,11,0.7,0.8
2022-11-10T23:00:00,2877A,119.1641,36.6523,潍坊市,坊子邮政,颗粒物(PM10),64,78,72,44,43,101,47,83,53,28,34,4,4,0.5,0.6
2022-11-10T23:00:00,2878A,116.0072,36.4343,聊城市,聊大东校,细颗粒物(PM2.5),268,301,170,218,110,65,5,49,16,57,40,5,22,1.3,0.9
2022-11-10T23:00:00,2880A,104.0219,30.6558,成都市,大石西路,细颗粒物(PM2.5),104,100,89,78,69,78,1,56,37,73,40,1,4,0.9,0.8
2022-11-10T23:00:00,2881A,107.8908,26.5311,黔东南苗族侗族自治州,凯里学院,,32,26,30,19,22,116,102,114,107,5,14,4,4,0.3,0.4
2022-11-10T23:00:00,2882A,102.5389,24.3703,玉溪市,玉溪一中,,,88,40,32,22,97,8,83,56,50,24,45,12,,1.5
2022-11-10T23:00:00,2883A,102.5381,24.3389,玉溪市,文体中心,,37,37,35,20,21,96,31,82,62,26,28,9,10,0.8,0.9
2022-11-10T23:00:00,2884A,98.2672,39.7978,嘉峪关市,酒钢宾馆,颗粒物(PM10),51,51,66,14,25,99,61,94,69,21,25,7,41,0.3,0.6
2022-11-10T23:00:00,2885A,104.9339,33.3826,陇南市,滨江中学,,30,28,38,21,20,88,87,85,85,7,17,6,7,0.5,0.6
2022-11-10T23:00:00,2894A,117.0566,32.6531,淮南市,经济技术开发区消防队,细颗粒物(PM2.5),99,125,106,74,65,140,49,122,79,29,37,2,6,0.6,1
2022-11-10T23:00:00,2897A,123.2444,41.7347,沈阳市,沈辽西路,细颗粒物(PM2.5),216,288,169,166,112,99,5,76,8,65,43,11,11,1.9,1.1
2022-11-10T23:00:00,2900A,123.5953,41.9086,沈阳市,裕农路,细颗粒物(PM2.5),107,119,129,80,98,76,37,63,14,36,52,13,11,1.3,1.2
2022-11-10T23:00:00,2902A,106.6351,30.4865,广安市,北辰小学,细颗粒物(PM2.5),93,81,80,69,64,44,21,34,29,20,27,14,16,0.9,0.9
2022-11-10T23:00:00,2907A,120.1844,30.8596,湖州市,吴兴区站,细颗粒物(PM2.5),83,68,83,61,59,189,45,128,91,31,56,6,7,0.5,0.7
2022-11-10T23:00:00,2914A,106.7677,31.8794,巴中市,苏山坪(对照点),,35,29,33,24,28,89,86,82,82,7,8,5,6,0.4,0.4
2022-11-10T23:00:00,2915A,106.7619,31.84139,巴中市,职业中学,,,,,,,,,,,,,,,,
2022-11-10T23:00:00,2919A,116.7022,39.5453,廊坊市,河北工业大学,细颗粒物(PM2.5),188,216,152,141,116,126,26,101,63,41,56,6,8,1.6,1
2022-11-10T23:00:00,2920A,117.7116,24.506,漳州市,蓝田镇,,43,43,52,12,21,142,28,115,76,28,30,6,9,0.5,0.6
2022-11-10T23:00:00,2921A,120.5483,30.0003,绍兴市,树下王站,细颗粒物(PM2.5),80,86,61,59,41,138,23,103,72,39,29,7,6,0.8,0.7
2022-11-10T23:00:00,2922A,117.1941,39.1067,天津市,大理道,细颗粒物(PM2.5),179,178,225,135,184,60,20,45,22,38,62,6,7,1.3,1.5
2022-11-10T23:00:00,2924A,106.2266,38.4418,银川市,水乡路,细颗粒物(PM2.5),114,150,139,86,90,95,17,71,54,74,68,12,14,1.4,1.6
2022-11-10T23:00:00,2925A,106.2757,38.4842,银川市,上海东路,细颗粒物(PM2.5),105,122,128,79,92,108,38,85,75,48,56,11,12,0.9,1.2
2022-11-10T23:00:00,2926A,106.1015,38.497,银川市,文昌北街,细颗粒物(PM2.5),152,162,147,116,109,100,36,83,68,69,46,7,9,1.1,1.2
2022-11-10T23:00:00,2929A,114.8858,30.4519,黄冈市,红卫路,颗粒物(PM10),66,81,84,44,45,170,58,146,104,38,24,22,13,0.8,0.9
2022-11-10T23:00:00,2994A,119.6533,29.1128,金华市,武警支队(启用161031),,,,,,,,,,,,,,,,
2022-11-10T23:00:00,2996A,118.283,33.965,宿迁市,市供电局,颗粒物(PM10),55,59,49,37,29,89,24,63,42,41,32,4,3,0.6,0.6
2022-11-10T23:00:00,2997A,119.8767,32.3289,泰州市,王营,细颗粒物(PM2.5),62,58,58,44,49,85,26,70,55,30,35,9,9,0.5,0.8
2022-11-10T23:00:00,3000A,119.3581,34.6972,连云港市,德源药业,,46,46,52,24,25,112,54,97,75,36,33,1,2,0.4,0.5
2022-11-10T23:00:00,3002A,119.9805,31.8174,常州市,行政中心,颗粒物(PM10),87,124,143,54,63,149,43,105,49,33,75,7,12,0.6,1
2022-11-10T23:00:00,3003A,120.0522,31.7748,常州市,经开区,颗粒物(PM10),72,93,129,44,65,136,54,98,54,27,68,7,11,0.5,1.1
2022-11-10T23:00:00,3004A,120.1544,33.3663,盐城市,宝龙广场,,41,41,41,19,21,97,51,77,66,22,21,8,8,0.3,0.4
2022-11-10T23:00:00,3005A,117.1814,34.29,徐州市,鼓楼区政府,细颗粒物(PM2.5),114,85,74,86,59,70,17,46,30,65,49,5,6,1.2,1
2022-11-10T23:00:00,3006A,117.1694,34.1781,徐州市,铜山区招生办,细颗粒物(PM2.5),103,114,100,77,71,67,41,49,41,45,46,9,7,0.8,0.8
2022-11-10T23:00:00,3007A,119.178,34.844,连云港市,新城一中,,35,35,37,14,17,118,70,95,82,23,37,2,3,0.6,0.7
2022-11-10T23:00:00,3008A,119.3608,34.7519,连云港市,胡沟管理处,,36,36,39,17,21,103,36,103,63,55,22,9,7,0.5,0.4
2022-11-10T23:00:00,3009A,119.1478,34.5911,连云港市,矿山设计院,颗粒物(PM10),51,51,61,29,34,98,68,90,80,17,24,7,7,0.4,0.5
2022-11-10T23:00:00,3010A,119.9025,31.7964,常州市,钟楼,颗粒物(PM10),75,100,123,53,66,160,46,106,56,27,66,5,8,0.4,0.9
2022-11-10T23:00:00,3012A,112.1849,31.0362,荆门市,西山林语,细颗粒物(PM2.5),199,202,120,149,78,181,144,163,132,17,28,12,13,1.0,0.9
2022-11-10T23:00:00,3014A,106.4958,29.5346,重庆市,歇台子,细颗粒物(PM2.5),78,95,103,57,61,90,8,60,36,64,57,10,11,1.1,1
2022-11-10T23:00:00,3015A,106.4037,29.5728,重庆市,龙井湾,细颗粒物(PM2.5),77,73,83,56,54,87,26,70,46,37,34,8,13,0.9,0.9
2022-11-10T23:00:00,3016A,106.5507,29.4153,重庆市,龙洲湾,细颗粒物(PM2.5),75,88,93,55,76,89,32,68,51,48,47,2,11,0.7,0.8
2022-11-10T23:00:00,3018A,111.505,36.1014,临汾市,唐尧大酒店,细颗粒物(PM2.5),85,112,126,63,89,79,57,56,56,29,44,2,10,0.8,1.1
2022-11-10T23:00:00,3020A,117.2101,39.1699,天津市,中山北路,细颗粒物(PM2.5),173,183,231,131,184,76,7,48,16,40,53,7,7,1.3,1.7
2022-11-10T23:00:00,3021A,115,35.7668,濮阳市,濮水河管理处,细颗粒物(PM2.5),276,254,174,226,166,22,4,14,5,50,35,8,8,1.3,1
2022-11-10T23:00:00,3022A,112.4433,34.6686,洛阳市,凯旋路小学,,,,,,,,,,,,,,,,
2022-11-10T23:00:00,3025A,113.0477,23.6344,清远市,技师学院,细颗粒物(PM2.5),114,119,59,86,38,142,11,118,91,68,24,9,10,1.1,0.9
2022-11-10T23:00:00,3026A,116.6183,23.6608,潮州市,市政府,,39,39,57,19,27,168,55,142,90,16,27,10,20,0.6,0.7
2022-11-10T23:00:00,3027A,104.72,29.3427,自贡市,青杠林路,细颗粒物(PM2.5),87,88,86,64,65,93,28,78,64,34,22,5,6,0.4,0.4
2022-11-10T23:00:00,3028A,104.776,29.3627,自贡市,檀木林体育馆,细颗粒物(PM2.5),84,84,73,62,59,99,41,84,71,30,22,7,9,0.6,0.6
2022-11-10T23:00:00,3033A,87.4651,43.4569,乌鲁木齐市,培训基地,,21,0,2,0,1,69,67,67,66,5,6,7,8,0.6,0.6
2022-11-10T23:00:00,3034A,113.1076,41.0385,乌兰察布市,光明街小学,,42,42,52,28,43,33,20,26,26,47,50,15,14,1.1,1.2
2022-11-10T23:00:00,3035A,122.0931,46.0707,兴安盟,北滨河,细颗粒物(PM2.5),248,264,130,198,98,93,10,63,34,71,37,6,6,1.5,0.8
2022-11-10T23:00:00,3036A,118.6904,37.4338,东营市,开发区管委会,,,43,102,,79,101,87,77,75,11,37,6,11,0.4,0.8
2022-11-10T23:00:00,3038A,103.3758,23.368,红河州,州图书馆,细颗粒物(PM2.5),62,56,47,44,37,96,86,96,78,7,7,4,4,0.6,0.5
2022-11-10T23:00:00,3039A,111.1911,34.7829,三门峡市,三门峡市第一小学,细颗粒物(PM2.5),89,53,101,66,109,115,76,113,87,17,19,4,7,0.9,1
2022-11-10T23:00:00,3045A,109.9643,33.8471,商洛市,商州区中学,细颗粒物(PM2.5),90,114,106,67,67,140,42,94,50,60,41,9,7,0.9,0.9
2022-11-10T23:00:00,3046A,115.9084,28.6062,南昌市,机电学校,颗粒物(PM10),78,105,85,52,36,129,28,113,58,55,46,8,9,0.7,0.6
2022-11-10T23:00:00,3048A,119.5799,26.0936,福州市,九龙,,39,25,27,27,23,83,60,76,75,11,9,3,4,0.3,0.4
2022-11-10T23:00:00,3051A,117.3876,39.1488,天津市,西四道,细颗粒物(PM2.5),180,181,210,136,171,49,0,33,10,55,55,7,6,1.4,1.7
2022-11-10T23:00:00,3054A,113.9194,35.2847,新乡市,市委党校,细颗粒物(PM2.5),175,178,189,132,146,53,26,32,32,57,57,13,11,2.0,1.7
2022-11-10T23:00:00,3055A,101.7775,36.6428,西宁市,城北区政府,颗粒物(PM10),61,71,85,36,57,129,78,108,94,26,32,23,36,0.4,1.1
2022-11-10T23:00:00,3057A,121.5992,37.4014,烟台市,牟平检察院,,,58,56,45,37,95,63,77,66,,35,5,9,0.8,0.8
2022-11-10T23:00:00,3058A,119.2658,42.0353,赤峰市,银河街,颗粒物(PM10),118,185,92,81,35,62,19,51,25,66,42,73,31,1.5,0.9
2022-11-10T23:00:00,3059A,117.7161,36.2049,济南市,泰兴公司,"颗粒物(PM10),细颗粒物(PM2.5)",84,117,113,62,64,73,5,63,18,73,66,8,9,1.3,1.7
2022-11-10T23:00:00,3061A,119.7512,49.1577,呼伦贝尔市,国华电力东,,20,18,22,14,14,41,41,35,35,6,12,3,3,0.2,0.3
2022-11-10T23:00:00,3064A,117.6867,36.2171,济南市,莱芜战役纪念馆,细颗粒物(PM2.5),79,95,101,58,64,80,6,62,19,84,60,6,8,1.5,1.9
2022-11-10T23:00:00,3065A,101.9533,29.9972,甘孜藏族自治州,州环保局,,21,17,26,6,7,78,19,70,55,42,14,8,8,0.4,0.3
2022-11-10T23:00:00,3066A,116.2721,37.4379,德州市,九衢泉纯净水厂,细颗粒物(PM2.5),243,252,205,193,142,74,4,50,26,64,51,12,12,1.6,1.3
2022-11-10T23:00:00,3109A,115.0093,25.8613,赣州市,赣县区卫计委,颗粒物(PM10),59,68,54,23,22,138,1,106,52,52,32,12,7,0.8,0.8
2022-11-10T23:00:00,3122A,105.9606,26.2611,安顺市,伍家关(对照点),,,,,,,,,,,,,,,,
2022-11-10T23:00:00,3123A,105.9408,26.2431,安顺市,凤凰山,细颗粒物(PM2.5),52,41,39,36,32,104,98,94,93,6,7,9,9,0.5,0.5
2022-11-10T23:00:00,3124A,105.9439,26.2564,安顺市,金钟山,,49,41,38,34,33,104,97,95,93,5,5,9,10,0.6,0.6
2022-11-10T23:00:00,3125A,105.8983,26.2481,安顺市,娄家坡,细颗粒物(PM2.5),53,45,41,37,33,100,97,95,91,5,6,6,5,0.5,0.5
2022-11-10T23:00:00,3128A,92.0506,31.4797,那曲地区,那曲会议中心,,42,42,30,21,13,87,45,79,70,26,13,12,9,1.1,0.8
2022-11-10T23:00:00,3129A,102.0306,36.5067,海东地区,平安高铁新区,,,,,,,,,,,,,,,,
2022-11-10T23:00:00,3131A,114.879,40.7993,张家口市,烟厂,细颗粒物(PM2.5),63,72,58,45,43,95,85,74,57,28,38,4,5,1.2,1.4
2022-11-10T23:00:00,3132A,119.610547,39.943889,秦皇岛市,文明里,细颗粒物(PM2.5),70,72,114,51,78,83,42,74,40,47,46,8,9,0.7,1
2022-11-10T23:00:00,3133A,106.5468,29.5654,重庆市,上清寺,细颗粒物(PM2.5),77,93,99,56,58,66,2,41,25,78,77,10,13,1.3,1.3
2022-11-10T23:00:00,3134A,113.8172,34.0339,许昌市,市一中,细颗粒物(PM2.5),113,170,144,85,68,104,22,84,56,31,35,11,17,0.9,1
2022-11-10T23:00:00,3136A,104.2725,30.5589,成都市,龙泉驿区区政府,细颗粒物(PM2.5),79,78,78,58,58,75,28,52,49,20,31,4,5,0.8,0.9
2022-11-10T23:00:00,3137A,103.8578,30.0744,眉山市,市委党校,细颗粒物(PM2.5),102,90,100,76,82,85,3,58,40,56,42,6,8,1.0,0.9
2022-11-10T23:00:00,3138A,111.7153,29.0289,常德市,武陵区永安,,,81,108,,92,166,95,148,125,15,31,6,6,0.7,1
2022-11-10T23:00:00,3139A,111.6892,28.9881,常德市,鼎城区玉霞,细颗粒物(PM2.5),112,94,102,84,67,178,73,154,122,30,33,13,13,0.8,0.8
2022-11-10T23:00:00,3140A,111.6625,29.0531,常德市,武陵区长庚,细颗粒物(PM2.5),83,69,95,61,78,178,87,154,125,23,24,10,10,0.7,0.8
2022-11-10T23:00:00,3141A,114.3922,36.0878,安阳市,信访局,细颗粒物(PM2.5),261,239,231,211,201,34,16,26,24,63,60,10,10,1.3,1.7
2022-11-10T23:00:00,3147A,114.3438,34.8106,开封市,龙亭公园,细颗粒物(PM2.5),248,264,179,198,138,33,7,26,9,47,46,3,3,1.3,1
2022-11-10T23:00:00,3148A,103.8291,30.0564,眉山市,区人社局,细颗粒物(PM2.5),100,101,89,75,70,83,2,58,38,68,44,7,7,1.2,1
2022-11-10T23:00:00,3149A,115.0235,30.1578,黄石市,笔架山北路,颗粒物(PM10),54,58,76,32,43,168,82,154,123,23,32,10,8,0.4,0.5
2022-11-10T23:00:00,3151A,114.375,27.8097,宜春市,宜春学院北校区,颗粒物(PM10),63,75,66,31,37,117,24,97,60,50,29,8,20,0.9,0.8
2022-11-10T23:00:00,3153A,114.3877,30.4908,武汉市,民族大道182号,颗粒物(PM10),61,71,91,30,44,170,78,147,110,44,50,15,16,0.9,1
2022-11-10T23:00:00,3164A,119.4686,32.3942,扬州市,广陵建设局,细颗粒物(PM2.5),63,62,76,45,48,85,23,55,33,38,52,5,7,0.6,0.9
2022-11-10T23:00:00,3165A,108.6594,34.2969,咸阳市,两寺渡,颗粒物(PM10),59,67,128,28,50,22,2,14,5,44,44,4,3,1.3,1.3
2022-11-10T23:00:00,3169A,113.2725,35.2067,焦作市,太极体育中心(启用180720),细颗粒物(PM2.5),198,160,189,148,144,66,18,44,22,41,39,5,9,1.4,1.3
2022-11-10T23:00:00,3170A,102.1864,38.5253,金昌市,市委党校,,,,,,,93,85,86,83,10,17,5,29,0.5,0.6
2022-11-10T23:00:00,3171A,115.6071,34.4465,商丘市,梁园区档案局,细颗粒物(PM2.5),85,112,117,63,74,92,45,65,56,22,41,8,10,0.6,0.7
2022-11-10T23:00:00,3173A,117.0598,30.5351,安庆市,市人大,颗粒物(PM10),61,72,63,38,39,144,108,118,95,18,29,12,11,1.0,1
2022-11-10T23:00:00,3178A,119.0587,36.721,潍坊市,潍坊七中,细颗粒物(PM2.5),74,92,69,54,43,96,27,80,44,44,31,6,6,0.8,0.7
2022-11-10T23:00:00,3179A,102.7494,25.0119,昆明市,官渡区博物馆,颗粒物(PM10),53,55,49,28,24,102,33,84,65,40,32,8,8,0.5,0.6
2022-11-10T23:00:00,3180A,99.7136,27.8094,迪庆州,质量技术监督局,,30,28,22,21,15,105,60,96,90,29,12,8,7,1.0,0.6
2022-11-10T23:00:00,3182A,106.7656,31.8545,巴中市,丽阳花园,细颗粒物(PM2.5),83,71,51,61,40,28,4,19,8,18,21,1,1,0.8,0.8
2022-11-10T23:00:00,3183A,106.7418,31.8654,巴中市,圣泉水务公司,,45,43,38,31,31,29,9,23,8,28,21,4,4,0.6,0.6
2022-11-10T23:00:00,3185A,112.5628,37.8964,太原市,巨轮,细颗粒物(PM2.5),130,130,155,99,117,78,68,70,70,36,46,7,12,1.1,1.5
2022-11-10T23:00:00,3186A,103.7158,36.1058,兰州市,教育港,颗粒物(PM10),86,122,110,42,59,132,90,101,92,29,49,7,25,4.3,1.6
2022-11-10T23:00:00,3187A,116.9509,33.666,宿州市,远航博物馆,细颗粒物(PM2.5),115,108,102,87,69,81,44,67,60,26,29,2,2,0.6,0.6
2022-11-10T23:00:00,3188A,115.6683,37.7217,衡水市,市城管局,细颗粒物(PM2.5),286,308,286,236,221,27,0,18,10,75,62,12,11,0.8,0.5
2022-11-10T23:00:00,3190A,116.0254,29.6994,九江市,外国语学校,细颗粒物(PM2.5),65,57,69,47,51,144,71,117,91,32,49,13,18,1.0,1.2
2022-11-10T23:00:00,3191A,118.3225,33.9447,宿迁市,宿豫区政府,细颗粒物(PM2.5),53,49,45,37,29,98,45,73,63,25,24,5,4,0.6,0.6
2022-11-10T23:00:00,3192A,80.0903,32.5028,阿里地区,阿里藏医院,,28,3,11,2,2,94,88,92,90,2,2,8,8,0.5,0.5
2022-11-10T23:00:00,3194A,112.2747,30.3122,荆州市,管委会,细颗粒物(PM2.5),79,94,106,58,71,180,81,156,116,38,47,10,10,1.0,1.1
2022-11-10T23:00:00,3195A,119.3633,32.3972,扬州市,市体育局,颗粒物(PM10),67,83,95,45,53,105,40,72,49,33,55,6,8,0.8,1.2
2022-11-10T23:00:00,3200A,115.9819,36.4978,聊城市,监控中心,细颗粒物(PM2.5),258,278,172,208,111,59,4,53,11,56,44,10,21,1.0,0.6
2022-11-10T23:00:00,3201A,102.6486,37.9325,武威市,东关招商场,颗粒物(PM10),99,148,139,43,47,104,49,91,63,23,22,8,12,0.6,0.6
2022-11-10T23:00:00,3204A,113.3025,33.73,平顶山市,规划局,,,,212,,155,47,,36,,,48,,12,,1.3
2022-11-10T23:00:00,3206A,114.9149,27.807,新余市,新钢沁园村,细颗粒物(PM2.5),70,86,87,51,46,104,17,87,40,66,43,16,33,0.9,1.2
2022-11-10T23:00:00,3207A,118.3118,32.3038,滁州市,市政府原办公楼,细颗粒物(PM2.5),93,123,98,69,51,160,50,140,83,23,44,5,8,0.5,0.7
2022-11-10T23:00:00,3208A,112.7283,38.4153,忻州市,市政府,细颗粒物(PM2.5),135,123,144,103,121,113,88,88,81,26,44,12,15,1.0,1.2
2022-11-10T23:00:00,3209A,119.5231,26.6562,宁德市,宁德一中,,21,21,25,13,19,64,26,51,43,15,19,5,5,0.6,0.7
2022-11-10T23:00:00,3210A,114.3644,34.7964,开封市,汴京公园,细颗粒物(PM2.5),274,256,142,224,155,30,3,22,7,42,41,5,5,1.3,1
2022-11-10T23:00:00,3216A,114.6622,24.5183,漳州市,漳州党校,,37,37,45,21,28,150,31,118,80,31,32,5,9,0.7,0.7
2022-11-10T23:00:00,3237A,117.4918,30.6617,池州市,展览馆,颗粒物(PM10),60,70,60,38,37,128,97,109,100,16,27,7,9,0.7,0.9
2022-11-10T23:00:00,3239A,125.0764,42.9078,辽源市,银鹰制药,细颗粒物(PM2.5),198,244,138,148,90,100,6,75,21,60,49,21,13,1.8,1.3
2022-11-10T23:00:00,3241A,103.7439,36.0842,兰州市,百合公园,颗粒物(PM10),89,128,102,37,56,121,90,98,90,13,39,8,21,0.6,1
2022-11-10T23:00:00,3242A,103.9611,35.998,兰州市,和平,颗粒物(PM10),114,178,92,52,51,111,89,93,88,20,33,23,17,1.2,1.4
2022-11-10T23:00:00,3247A,104.955,33.371,陇南市,市总工会,,28,28,36,9,16,90,89,88,88,10,17,9,9,0.5,0.5
2022-11-10T23:00:00,3248A,98.2643,39.7724,嘉峪关市,雄关区,颗粒物(PM10),58,65,52,32,24,113,50,93,59,37,34,9,29,0.1,0.6
2022-11-10T23:00:00,3265A,121.4316,31.3322,上海市,宝山庙行,,44,44,64,30,42,81,56,55,50,26,45,4,6,0.5,0.7
2022-11-10T23:00:00,3266A,121.8791,31.4662,上海市,崇明上实东滩,,,7,24,14,22,101,54,81,69,12,22,,9,,0.7
2022-11-10T23:00:00,3268A,121.3162,31.2838,上海市,嘉定南翔,,42,31,47,29,39,100,63,71,60,16,35,4,6,0.5,0.6
2022-11-10T23:00:00,3269A,121.3359,30.7456,上海市,金山新城,,33,30,48,23,34,146,56,124,80,10,21,4,8,0.5,0.6
2022-11-10T23:00:00,3270A,121.4996,31.0739,上海市,闵行浦江,,49,44,39,34,31,113,37,85,60,32,32,5,5,0.5,0.7
2022-11-10T23:00:00,3271A,121.2886,31.1663,上海市,青浦徐泾,,42,34,48,29,33,97,62,80,65,19,30,6,6,0.7,0.8
2022-11-10T23:00:00,3272A,121.2186,31.0378,上海市,松江图书馆,细颗粒物(PM2.5),62,44,44,44,38,119,44,90,60,30,43,7,8,0.7,0.8
2022-11-10T23:00:00,3273A,121.3902,31.2059,上海市,长宁仙霞,,36,36,61,25,36,105,61,71,57,20,34,6,7,0.7,0.8
2022-11-10T23:00:00,3274A,121.7965,31.0507,上海市,浦东惠南,细颗粒物(PM2.5),60,43,39,43,34,101,4,76,47,62,34,5,5,0.7,0.7
2022-11-10T23:00:00,3281A,115.9718,40.4529,北京市,延庆夏都,细颗粒物(PM2.5),132,129,98,100,79,80,47,68,57,27,27,3,3,0.9,0.8
2022-11-10T23:00:00,3282A,113.3397,40.0597,大同市,大同市卫生学校,,35,30,46,24,45,77,55,65,59,19,22,5,8,1.1,1.1
2022-11-10T23:00:00,3283A,109.9154,40.5685,包头市,滨河大厦,细颗粒物(PM2.5),92,92,85,68,64,77,26,62,52,48,30,12,13,1.1,1.1
2022-11-10T23:00:00,3284A,106.813,39.7274,乌海市,海北新区,颗粒物(PM10),64,77,109,38,56,70,30,53,41,23,46,16,22,1.1,1.3
2022-11-10T23:00:00,3285A,113.1376,40.9509,乌兰察布市,北京八中,,45,38,59,31,47,30,2,19,15,36,47,13,20,0.9,1.4
2022-11-10T23:00:00,3286A,118.9359,42.3147,赤峰市,桥北物流园区,颗粒物(PM10),70,90,91,33,34,56,12,46,25,39,38,40,25,0.9,0.7
2022-11-10T23:00:00,3287A,119.3842,32.1976,镇江市,富润路1号,细颗粒物(PM2.5),64,54,76,46,64,144,54,108,68,32,59,7,9,0.6,1
2022-11-10T23:00:00,3288A,117.4754,34.4422,徐州市,大泉街道,细颗粒物(PM2.5),108,125,115,81,55,109,45,76,66,32,23,9,8,0.9,0.8
2022-11-10T23:00:00,3289A,120.743,31.3188,苏州市,方洲路,细颗粒物(PM2.5),60,56,58,43,45,94,1,72,41,62,43,6,7,0.6,0.7
2022-11-10T23:00:00,3290A,120.5031,31.2774,苏州市,木渎中学,细颗粒物(PM2.5),55,55,49,39,35,114,26,94,56,44,48,6,6,0.7,0.8
2022-11-10T23:00:00,3291A,121.067,32.062,南通市,通州监测站,,45,44,44,31,32,110,68,93,79,6,16,3,4,0.5,0.6
2022-11-10T23:00:00,3293A,120.1501,33.3367,盐城市,月亮广场,,,,69,11,17,107,63,90,78,13,16,6,6,0.5,0.6
2022-11-10T23:00:00,3294A,119.5653,32.4222,扬州市,引江管理处,细颗粒物(PM2.5),52,48,63,36,42,81,25,56,32,32,50,6,6,0.6,0.9
2022-11-10T23:00:00,3295A,120.1259,32.5099,泰州市,姜堰区政府广场,颗粒物(PM10),57,63,51,34,30,91,48,75,70,22,29,9,9,0.5,0.8
2022-11-10T23:00:00,3298A,113.5717,23.5491,广州市,从化街口,细颗粒物(PM2.5),79,86,66,58,41,181,11,150,102,56,28,6,6,0.9,0.8
2022-11-10T23:00:00,3299A,113.3472,23.3692,广州市,白云竹料,细颗粒物(PM2.5),130,205,97,99,52,192,17,150,98,89,53,5,5,1.2,0.8
2022-11-10T23:00:00,3300A,113.2981,23.237,广州市,白云嘉禾,颗粒物(PM10),117,183,124,74,56,181,4,110,70,102,81,7,7,1.1,0.9
2022-11-10T23:00:00,3301A,113.4256,23.1716,广州市,黄埔科学城,细颗粒物(PM2.5),82,98,68,60,41,133,9,109,70,65,43,4,5,0.8,0.7
2022-11-10T23:00:00,3302A,113.3942,23.0483,广州市,番禺大学城,颗粒物(PM10),80,110,88,57,44,139,19,123,73,82,65,6,8,1.0,1
2022-11-10T23:00:00,3303A,113.4922,22.8168,广州市,南沙黄阁,细颗粒物(PM2.5),72,90,70,52,46,176,8,138,90,107,69,5,5,1.2,1.1
2022-11-10T23:00:00,3304A,113.5342,22.7896,广州市,南沙街,细颗粒物(PM2.5),83,83,61,61,44,154,67,138,116,49,55,6,7,1.0,0.9
2022-11-10T23:00:00,3305A,114.0731,22.559,深圳市,莲花,,29,29,42,17,24,92,31,76,56,33,31,5,5,0.7,0.8
2022-11-10T23:00:00,3306A,114.0261,22.6198,深圳市,民治,细颗粒物(PM2.5),88,104,126,65,82,93,47,93,65,63,82,34,32,0.9,1.1
2022-11-10T23:00:00,3307A,114.1871,22.6451,深圳市,横岗,,42,42,45,26,26,193,69,134,96,42,44,7,8,0.7,0.7
2022-11-10T23:00:00,3308A,113.3494,22.0569,珠海市,金湾,,42,33,32,29,25,128,59,101,88,22,20,7,8,0.5,0.4
2022-11-10T23:00:00,3311A,113.1075,22.5647,江门市,江海富民,颗粒物(PM10),92,134,104,61,54,158,5,127,67,108,60,7,7,1.9,1.2
2022-11-10T23:00:00,3313A,112.4575,23.0166,肇庆市,高要湖西,,38,38,36,26,24,110,23,90,66,27,21,6,22,0.8,0.7
2022-11-10T23:00:00,3314A,114.4338,22.8134,惠州市,惠阳秋长,,34,34,47,18,21,143,100,122,106,15,24,5,5,0.6,0.7
2022-11-10T23:00:00,3315A,116.1233,24.2991,梅州市,梅龙,,39,39,38,25,22,129,29,112,64,25,21,8,9,0.8,0.7
2022-11-10T23:00:00,3317A,111.9765,21.8947,阳江市,两阳中学,细颗粒物(PM2.5),68,82,55,49,32,116,49,105,76,46,31,14,9,0.6,0.6
2022-11-10T23:00:00,3318A,112.9903,23.7403,清远市,清新太和,细颗粒物(PM2.5),68,76,34,49,22,123,69,94,92,18,16,9,6,0.8,0.7
2022-11-10T23:00:00,3319A,113.7338,23.0381,东莞市,万江金泰,细颗粒物(PM2.5),100,139,94,75,56,205,6,148,89,136,64,7,9,1.3,1.2
2022-11-10T23:00:00,3320A,116.403,23.5699,揭阳市,曲溪,,40,40,48,21,28,170,54,145,95,11,18,6,7,0.4,0.6
2022-11-10T23:00:00,3323A,115.2773,40.9724,张家口市,青少年活动中心,,,17,21,25,17,107,53,90,71,12,12,4,4,,0.4
2022-11-10T23:00:00,3324A,116.8136,38.3004,沧州市,河北水利电力学院,细颗粒物(PM2.5),235,,,185,205,49,22,39,36,41,55,12,12,1.4,1.2
2022-11-10T23:00:00,3325A,117.0365,39.3828,天津市,雍阳西道,细颗粒物(PM2.5),173,173,216,131,175,109,16,81,42,42,47,5,8,1.2,1.3
2022-11-10T23:00:00,3326A,117.0296,39.0605,天津市,辛老路,细颗粒物(PM2.5),222,236,258,172,192,65,5,52,21,56,65,7,9,1.6,1.6
2022-11-10T23:00:00,3327A,116.9638,38.9375,天津市,地纬路,细颗粒物(PM2.5),219,235,241,169,195,56,0,44,16,65,65,8,9,2.0,1.6
2022-11-10T23:00:00,3328A,118.4209,31.3707,芜湖市,市气象局,细颗粒物(PM2.5),109,112,73,82,46,154,43,135,109,28,28,9,10,1.1,0.7
2022-11-10T23:00:00,3329A,117.0108,32.5893,淮南市,山南新区,细颗粒物(PM2.5),132,150,107,100,74,154,53,131,89,43,36,6,7,0.8,0.7
2022-11-10T23:00:00,3330A,116.8873,33.9836,淮北市,杜集区检察院,细颗粒物(PM2.5),69,72,77,50,55,99,82,81,81,14,20,7,9,0.7,0.7
2022-11-10T23:00:00,3331A,118.3267,32.2634,滁州市,图书馆,颗粒物(PM10),76,101,92,50,43,160,46,133,89,26,43,7,9,0.7,0.8
2022-11-10T23:00:00,3332A,115.7633,33.8034,亳州市,亳州学院,细颗粒物(PM2.5),110,111,110,83,86,144,52,114,81,11,16,4,6,0.8,0.8
2022-11-10T23:00:00,3333A,117.5627,30.695,池州市,第八中学,"颗粒物(PM10),细颗粒物(PM2.5)",58,66,60,41,38,130,93,117,96,20,29,6,6,0.6,0.9
2022-11-10T23:00:00,3334A,117.5038,30.6243,池州市,第十二中学,细颗粒物(PM2.5),65,66,58,47,38,140,103,120,111,21,36,6,6,0.7,0.8
2022-11-10T23:00:00,3335A,113.3137,35.2641,焦作市,马村街道办(新增191226),细颗粒物(PM2.5),186,192,171,140,130,61,25,47,25,31,28,13,6,1.5,1.3
2022-11-10T23:00:00,3336A,113.2465,35.2373,焦作市,焦作技师学院(新增200110),细颗粒物(PM2.5),203,204,180,153,134,60,24,50,24,32,29,14,7,1.4,1.3
2022-11-10T23:00:00,3337A,113.8614,34.0442,许昌市,许昌学院,颗粒物(PM10),116,181,162,81,68,103,21,83,55,29,38,30,25,0.9,1
2022-11-10T23:00:00,3338A,113.843,34.0823,许昌市,芙蓉广场,细颗粒物(PM2.5),137,190,164,104,84,108,15,87,53,37,37,7,17,1.0,1.1
2022-11-10T23:00:00,3339A,114.0012,33.0412,驻马店市,小管楼,细颗粒物(PM2.5),170,185,206,129,139,142,47,122,100,43,54,9,11,0.8,0.8
2022-11-10T23:00:00,3340A,112.6005,34.6326,洛阳市,伊滨,细颗粒物(PM2.5),180,135,163,136,158,46,36,37,37,19,35,7,8,0.8,0.9
2022-11-10T23:00:00,3341A,112.4951,34.6332,洛阳市,中移产业园,细颗粒物(PM2.5),195,149,171,146,171,51,35,40,39,24,40,5,6,0.6,0.7
2022-11-10T23:00:00,3342A,128.4741,47.4346,伊春市,中心小学,颗粒物(PM10),51,52,64,26,44,40,3,30,8,20,17,4,4,0.6,0.6
2022-11-10T23:00:00,3343A,128.6871,47.7369,伊春市,检察院,颗粒物(PM10),66,82,40,20,20,50,4,39,13,18,11,2,2,0.5,0.4
2022-11-10T23:00:00,3344A,128.8431,47.8474,伊春市,双子河社区,,23,11,44,16,21,45,16,37,15,17,15,6,6,0.6,0.7
2022-11-10T23:00:00,3345A,131.0577,45.7879,七台河市,中波台,颗粒物(PM10),67,83,63,31,37,45,4,39,12,42,37,15,12,1.1,0.7
2022-11-10T23:00:00,3346A,108.3872,31.1628,重庆市,安康,细颗粒物(PM2.5),67,62,52,48,40,54,2,35,13,34,29,9,10,0.6,0.6
2022-11-10T23:00:00,3347A,105.9017,29.3569,重庆市,北山路,细颗粒物(PM2.5),94,56,70,70,71,113,64,92,86,18,27,13,14,0.7,0.8
2022-11-10T23:00:00,3348A,105.839,30.1946,重庆市,春阳街,细颗粒物(PM2.5),69,64,57,50,40,58,20,42,37,17,21,12,12,0.7,0.7
2022-11-10T23:00:00,3349A,107.7983,30.6758,重庆市,人民东路,"颗粒物(PM10),细颗粒物(PM2.5)",55,60,54,39,34,99,67,89,76,18,14,8,8,0.7,0.7
2022-11-10T23:00:00,3350A,106.6479,29.0244,重庆市,滩子口,细颗粒物(PM2.5),160,146,128,122,99,118,21,97,71,46,36,28,36,1.2,1.1
2022-11-10T23:00:00,3351A,105.7167,29.7076,重庆市,棠香,颗粒物(PM10),57,64,61,34,36,81,28,68,58,21,17,9,7,0.7,0.7
2022-11-10T23:00:00,3352A,107.0732,29.8617,重庆市,桃源西路,细颗粒物(PM2.5),135,119,79,103,59,83,28,67,49,34,36,11,12,0.9,0.8
2022-11-10T23:00:00,3353A,107.3535,29.7287,重庆市,迎宾大道,细颗粒物(PM2.5),83,69,65,61,54,117,6,71,47,76,50,6,8,1.0,0.7
2022-11-10T23:00:00,3354A,108.815,29.5081,重庆市,舟白,细颗粒物(PM2.5),65,51,48,47,39,130,93,113,100,13,13,8,7,0.5,0.5
2022-11-10T23:00:00,3355A,108.3679,30.8426,重庆市,周家坝,细颗粒物(PM2.5),87,101,67,64,50,64,10,42,33,71,52,15,11,0.9,0.8
2022-11-10T23:00:00,3356A,108.4319,30.7555,重庆市,百安坝,,50,43,47,35,34,86,51,72,60,35,36,12,11,0.5,0.6
2022-11-10T23:00:00,3357A,104.0106,30.6931,成都市,金博路,细颗粒物(PM2.5),89,98,87,66,61,65,0,44,24,54,36,2,3,0.9,0.8
2022-11-10T23:00:00,3358A,103.8458,30.6994,成都市,临江路,细颗粒物(PM2.5),117,135,90,88,63,67,1,48,28,64,41,3,5,0.8,0.7
2022-11-10T23:00:00,3359A,104.0578,30.5225,成都市,华阳,细颗粒物(PM2.5),83,78,77,61,58,43,15,30,22,50,46,1,1,0.8,0.9
2022-11-10T23:00:00,3360A,104.7894,29.3194,自贡市,南湖救助站,细颗粒物(PM2.5),83,78,85,61,61,89,30,71,61,37,23,10,10,0.6,0.6
2022-11-10T23:00:00,3361A,103.7311,29.5628,乐山市,理工大学,细颗粒物(PM2.5),67,76,71,48,49,89,6,73,43,50,27,10,6,0.9,0.8
2022-11-10T23:00:00,3362A,120.5014,36.4034,青岛市,即墨2号,,33,20,35,15,16,106,103,103,103,8,18,4,5,0.3,0.3
2022-11-10T23:00:00,3363A,117.9883,36.8372,淄博市,新区,细颗粒物(PM2.5),125,132,109,95,74,111,12,89,54,79,55,5,10,0.6,0.7
2022-11-10T23:00:00,3364A,117.3152,34.8103,枣庄市,市环保局,细颗粒物(PM2.5),117,134,105,88,70,90,40,77,60,46,35,10,11,0.9,0.8
2022-11-10T23:00:00,3365A,118.5719,37.565,东营市,垦利区民丰路,颗粒物(PM10),51,51,107,34,73,110,71,89,82,28,49,12,16,0.7,1.1
2022-11-10T23:00:00,3366A,121.5206,37.4336,烟台市,中国农业大学,颗粒物(PM10),58,66,54,34,23,94,90,86,86,18,30,7,7,0.4,0.4
2022-11-10T23:00:00,3368A,119.1977,36.6872,潍坊市,高新实验学校,细颗粒物(PM2.5),62,70,66,44,40,94,44,80,49,19,22,7,8,0.6,0.7
2022-11-10T23:00:00,3369A,118.3977,35.0278,临沂市,开发区幼儿园,,,,,,,,,,,,,,,,
2022-11-10T23:00:00,3370A,118.3564,35.0215,临沂市,十里堡居委,细颗粒物(PM2.5),58,63,60,41,42,105,54,97,80,33,33,3,4,0.7,0.8
2022-11-10T23:00:00,3371A,116.3728,37.4403,德州市,开发区人民医院,细颗粒物(PM2.5),271,267,207,221,163,79,12,55,32,50,47,8,10,1.1,1
2022-11-10T23:00:00,3372A,116.3572,37.4094,德州市,太阳城中学,细颗粒物(PM2.5),260,265,198,210,154,86,9,69,33,56,48,9,11,1.5,1.1
2022-11-10T23:00:00,3374A,115.5564,35.0891,菏泽市,定陶老年大学,细颗粒物(PM2.5),85,75,98,63,72,59,29,44,40,38,35,8,9,0.7,0.9
2022-11-10T23:00:00,3375A,102.8017,24.8336,昆明市,青年创业园,颗粒物(PM10),57,63,39,26,18,102,16,90,63,57,30,8,9,0.7,0.6
2022-11-10T23:00:00,3376A,103.7947,25.462,曲靖市,南苑二区,,40,40,29,22,20,123,77,108,102,14,12,10,8,0.5,0.5
2022-11-10T23:00:00,3377A,103.7444,25.5261,曲靖市,曲靖师范学院,颗粒物(PM10),64,78,45,43,30,124,13,109,85,101,26,20,11,1.1,0.5
2022-11-10T23:00:00,3378A,122.371,40.6771,营口市,老边实验中学,细颗粒物(PM2.5),77,73,68,56,69,119,40,111,40,42,45,29,14,1.3,1.2
2022-11-10T23:00:00,3379A,122.1139,40.2278,营口市,鲅鱼圈市民活动中心,,46,42,88,32,59,107,75,88,36,20,39,4,6,0.7,1
2022-11-10T23:00:00,3380A,102.8914,34.9617,甘南州,甘肃民族师范学院,细颗粒物(PM2.5),79,76,34,58,18,96,80,89,88,19,24,12,15,0.6,0.5
2022-11-10T23:00:00,3396A,112.0828,32.0067,襄阳市,襄城隆中路,细颗粒物(PM2.5),217,232,212,167,152,144,69,119,99,35,32,11,13,1.0,1
2022-11-10T23:00:00,3397A,112.1214,32.1008,襄阳市,高新台子湾,细颗粒物(PM2.5),208,189,206,158,150,151,30,118,93,59,42,10,11,1.1,1.1
2022-11-10T23:00:00,3398A,114.9136,30.4445,黄冈市,市林业局,细颗粒物(PM2.5),67,79,84,48,43,172,65,142,101,33,24,16,15,0.7,0.7
2022-11-10T23:00:00,3399A,112.6703,26.882,衡阳市,师范学院,,47,47,44,31,29,112,58,99,77,16,16,10,11,0.6,0.7
2022-11-10T23:00:00,3400A,109.1911,21.4415,北海市,龙潭自来水厂,,32,24,30,18,20,148,100,132,113,7,9,6,8,0.5,0.5
2022-11-10T23:00:00,3401A,108.4834,22.7618,南宁市,红星社区,颗粒物(PM10),53,56,59,30,37,80,44,73,59,25,19,8,8,0.8,0.8
2022-11-10T23:00:00,3402A,109.5422,24.3996,柳州市,市二中,,43,43,54,23,30,85,62,77,70,14,24,7,10,0.7,0.7
2022-11-10T23:00:00,3403A,110.1764,25.2381,桂林市,创业大厦,,48,48,45,22,23,98,50,84,65,26,30,11,35,0.4,0.4
2022-11-10T23:00:00,3404A,108.5959,21.9633,钦州市,北职校,细颗粒物(PM2.5),68,54,42,49,25,130,76,119,110,39,23,9,12,0.7,0.7
2022-11-10T23:00:00,3405A,109.5886,23.1172,贵港市,新世纪学校,细颗粒物(PM2.5),74,92,57,54,33,109,9,99,55,59,25,10,15,1.3,0.9
2022-11-10T23:00:00,3406A,106.6085,23.8798,百色市,祈福高中,细颗粒物(PM2.5),67,81,70,48,49,145,20,118,85,50,29,10,15,0.9,0.9
2022-11-10T23:00:00,3407A,120.6916,30.7739,嘉兴市,秀洲住建,细颗粒物(PM2.5),55,56,53,39,35,162,49,123,85,27,44,4,6,0.4,0.5
2022-11-10T23:00:00,3408A,120.5683,29.9361,绍兴市,绍兴中专,细颗粒物(PM2.5),93,115,63,69,39,150,4,101,55,56,35,8,9,0.9,0.7
2022-11-10T23:00:00,3409A,120.4906,30.0861,绍兴市,柯桥区政府,颗粒物(PM10),73,95,69,51,36,114,26,95,60,36,43,8,8,0.7,0.8
2022-11-10T23:00:00,3410A,120.8752,30.0249,绍兴市,重华小学,颗粒物(PM10),74,97,68,42,34,143,0,100,60,48,26,8,7,0.8,0.8
2022-11-10T23:00:00,3411A,120.8369,30.0137,绍兴市,上虞中学,颗粒物(PM10),74,97,66,50,39,139,12,94,63,48,33,7,7,0.7,0.7
2022-11-10T23:00:00,3413A,118.1953,28.4401,上饶市,广丰区教体局,颗粒物(PM10),56,62,64,37,44,110,57,102,86,36,28,33,29,0.9,1
2022-11-10T23:00:00,3415A,114.4519,28.0828,宜春市,万载县环保局,颗粒物(PM10),85,119,90,49,50,139,42,127,59,53,44,24,23,0.8,0.9
2022-11-10T23:00:00,3416A,119.1755,36.7149,潍坊市,潍坊学院,颗粒物(PM10),63,75,74,38,38,96,57,80,42,25,35,4,5,0.6,0.8
2022-11-10T23:00:00,3417A,117.0709,40.1465,北京市,平谷新城,细颗粒物(PM2.5),147,142,120,112,92,112,3,99,58,49,21,3,3,1.5,0.9
2022-11-10T23:00:00,3418A,116.8336,40.4095,北京市,密云新城,细颗粒物(PM2.5),159,161,90,121,73,100,64,86,80,20,12,1,2,1.4,0.7
2022-11-10T23:00:00,3419A,109.9447,40.6261,包头市,包头市委党校,细颗粒物(PM2.5),89,102,92,66,66,82,10,57,37,86,51,13,25,1.1,1.2
2022-11-10T23:00:00,3421A,113.1775,40.9779,乌兰察布市,市委党校,,40,39,51,28,30,24,8,18,12,47,54,13,15,0.8,1.3
2022-11-10T23:00:00,3422A,118.8436,31.9198,南京市,江宁彩虹桥,细颗粒物(PM2.5),83,65,60,61,54,172,37,151,96,40,45,5,4,0.7,0.7
2022-11-10T23:00:00,3423A,119.0138,31.6494,南京市,溧水永阳,细颗粒物(PM2.5),93,105,79,69,52,167,28,148,101,38,46,3,4,0.9,0.9
2022-11-10T23:00:00,3424A,118.879,31.3302,南京市,高淳老职中,细颗粒物(PM2.5),80,85,65,59,51,160,13,142,104,56,38,5,8,1.4,0.9
2022-11-10T23:00:00,3425A,120.624,31.1733,苏州市,越秀幼儿园,细颗粒物(PM2.5),69,60,57,50,41,144,14,102,47,54,47,6,7,0.8,0.9
2022-11-10T23:00:00,3426A,118.8755,33.2894,淮安市,新华书店,颗粒物(PM10),57,64,57,34,32,118,44,90,66,28,26,7,6,0.5,0.6
2022-11-10T23:00:00,3427A,118.8554,32.3578,南京市,六合雄州,颗粒物(PM10),65,80,72,38,40,142,33,95,64,29,46,4,4,0.7,0.9
2022-11-10T23:00:00,3428A,120.3142,31.4753,无锡市,华庄,"颗粒物(PM10),细颗粒物(PM2.5)",60,69,77,43,46,117,42,75,46,19,46,9,10,1.0,0.9
2022-11-10T23:00:00,3429A,119.8598,31.7066,常州市,武进经发区,细颗粒物(PM2.5),68,73,78,49,50,157,28,117,60,44,63,8,9,1.4,1.1
2022-11-10T23:00:00,3430A,119.5826,31.7245,常州市,金坛城区,细颗粒物(PM2.5),69,81,73,50,48,238,19,137,77,53,55,5,6,1.1,0.9
2022-11-10T23:00:00,3431A,120.6505,31.416,苏州市,高铁新城,颗粒物(PM10),54,58,57,36,37,123,20,93,62,42,41,7,6,0.8,0.7
2022-11-10T23:00:00,3432A,120.9348,31.9883,南通市,环境教育馆,,,51,42,24,32,108,56,85,59,,34,1,2,0.3,0.4
2022-11-10T23:00:00,3434A,119.2413,34.6539,连云港市,工贸学校,,43,43,35,24,20,113,76,112,98,16,13,6,5,0.7,0.6
2022-11-10T23:00:00,3435A,119.9192,32.4322,泰州市,周山河街区,颗粒物(PM10),51,52,55,33,40,73,43,63,58,18,30,7,7,0.6,0.9
2022-11-10T23:00:00,3436A,120.4279,33.205,盐城市,大丰高级中学,,27,27,45,12,22,103,75,102,75,13,16,4,5,0.4,0.4
2022-11-10T23:00:00,3437A,88.3118,43.3658,乌鲁木齐市,达坂城区环保局,,18,7,9,7,6,74,57,70,66,11,7,2,2,0.2,0.2
2022-11-10T23:00:00,3438A,87.6162,43.8801,乌鲁木齐市,红光山片区,,24,15,11,3,4,75,16,62,47,48,25,4,3,0.9,0.4
2022-11-10T23:00:00,3439A,87.7024,43.8004,乌鲁木齐市,新师大温泉校区,,20,8,13,9,8,94,63,74,60,5,11,4,4,0.2,0.2
2022-11-10T23:00:00,3440A,87.4921,43.8411,乌鲁木齐市,大绿谷,,29,23,11,20,8,65,19,60,48,58,26,7,7,1.1,0.9
2022-11-10T23:00:00,3441A,87.546,44.1912,五家渠市,经开区管委会,,33,33,19,21,12,61,17,55,45,30,14,8,8,0.8,0.5
2022-11-10T23:00:00,3442A,86.047,44.2331,石河子市,南区管委会,,18,18,9,10,9,65,30,58,48,24,12,8,9,0.8,0.7
2022-11-10T23:00:00,3443A,113.2902,23.5544,广州市,花都梯面,细颗粒物(PM2.5),75,75,50,55,31,192,7,152,78,33,30,3,4,0.8,0.7
2022-11-10T23:00:00,3444A,116.454,23.2684,汕头市,潮南峡山,,19,19,29,8,16,160,52,122,84,9,11,7,8,0.6,0.6
2022-11-10T23:00:00,3445A,113.7858,23.7478,广州市,从化良口,,36,36,25,22,15,144,39,102,78,16,15,3,3,0.7,0.7
2022-11-10T23:00:00,3446A,113.8051,23.2614,广州市,增城荔城,颗粒物(PM10),57,63,46,35,26,158,22,128,68,40,27,6,6,0.7,0.6
2022-11-10T23:00:00,3447A,114.3551,22.7151,深圳市,坪山,,37,37,46,20,23,156,66,122,84,27,34,7,7,0.6,0.7
2022-11-10T23:00:00,3448A,113.5433,22.1163,珠海市,横琴,,33,33,28,21,21,129,66,106,95,13,17,8,8,0.5,0.5
2022-11-10T23:00:00,3449A,113.05,22.4667,江门市,新会银湖,颗粒物(PM10),58,66,64,32,37,154,16,112,61,34,38,6,6,0.9,0.9
2022-11-10T23:00:00,3450A,111.01,21.5165,茂名市,电白水东,,30,27,31,12,21,133,94,126,108,6,10,6,10,0.5,0.6
2022-11-10T23:00:00,3451A,112.5617,23.2083,肇庆市,鼎湖凤凰,,40,31,26,28,17,116,30,105,39,10,12,6,8,0.6,0.6
2022-11-10T23:00:00,3452A,114.6517,22.775,惠州市,大亚湾霞涌,,30,30,33,19,17,140,62,128,94,21,19,5,8,0.2,0.2
2022-11-10T23:00:00,3453A,112.0125,21.8749,阳江市,阳东陶然,细颗粒物(PM2.5),78,83,62,57,44,115,58,103,90,29,24,10,9,0.9,0.8
2022-11-10T23:00:00,3454A,113.3528,22.478,中山市,中山南区,细颗粒物(PM2.5),73,68,51,53,34,156,35,116,88,40,33,2,2,0.8,0.6
2022-11-10T23:00:00,3455A,113.076,23.7198,清远市,清城东城,细颗粒物(PM2.5),70,69,35,51,23,166,53,127,111,16,15,6,6,0.9,0.7
2022-11-10T23:00:00,3456A,114.289,38.0906,石家庄市,鹿泉一中,细颗粒物(PM2.5),153,163,147,117,105,112,49,103,79,23,30,4,7,1.0,0.9
2022-11-10T23:00:00,3457A,118.4359,39.2762,唐山市,冀东油田职工医院,细颗粒物(PM2.5),156,144,159,119,136,92,52,92,52,22,36,6,8,0.8,1.1
2022-11-10T23:00:00,3458A,114.7895,36.5593,邯郸市,香泉濮院小区,细颗粒物(PM2.5),267,268,240,217,203,40,17,34,28,44,50,8,8,1.0,1.5
2022-11-10T23:00:00,3459A,115.5989,37.5491,衡水市,地表水厂,细颗粒物(PM2.5),246,213,207,196,191,24,1,16,5,46,43,8,10,1.0,1
2022-11-10T23:00:00,3460A,117.4067,40.0583,天津市,北环路,细颗粒物(PM2.5),129,120,133,98,106,101,30,86,60,32,23,8,8,2.4,1.5
2022-11-10T23:00:00,3461A,117.3045,39.7169,天津市,建设路,细颗粒物(PM2.5),178,172,200,134,168,102,24,80,42,35,44,10,13,1.8,1.7
2022-11-10T23:00:00,3462A,117.8199,39.3521,天津市,滨水东路,细颗粒物(PM2.5),139,126,169,106,140,50,34,37,37,27,51,7,8,1.1,1.7
2022-11-10T23:00:00,3463A,116.9708,33.591,宿州市,社会福利中心,细颗粒物(PM2.5),112,115,102,84,78,82,53,74,70,22,26,2,2,0.6,0.5
2022-11-10T23:00:00,3464A,117.3803,31.9147,合肥市,高教基地,细颗粒物(PM2.5),100,129,79,75,35,163,44,134,106,38,45,3,5,0.8,0.6
2022-11-10T23:00:00,3465A,118.4781,31.3225,芜湖市,清苑社区,细颗粒物(PM2.5),99,94,67,74,46,166,43,137,101,43,44,7,8,1.1,0.7
2022-11-10T23:00:00,3466A,118.2746,31.2326,芜湖市,扬子职业技术学院,细颗粒物(PM2.5),104,95,64,78,45,157,60,136,118,30,32,6,6,1.1,0.6
2022-11-10T23:00:00,3468A,115.7901,32.8613,阜阳市,市规划展馆,细颗粒物(PM2.5),79,72,96,58,58,164,57,139,102,24,34,6,12,0.8,0.8
2022-11-10T23:00:00,3469A,115.836,32.9183,阜阳市,枣园社区,细颗粒物(PM2.5),78,70,87,57,58,161,52,130,93,27,38,5,10,0.8,0.8
2022-11-10T23:00:00,3470A,118.7724,30.9141,宣城市,夏渡子站,细颗粒物(PM2.5),102,66,60,76,39,146,96,121,113,33,29,8,7,0.6,0.5
2022-11-10T23:00:00,3471A,113.616563,34.86783,郑州市,惠济区政府,细颗粒物(PM2.5),223,192,163,173,151,33,28,28,26,41,44,9,6,2.0,1.4
2022-11-10T23:00:00,3473A,114.2485,34.8306,开封市,技师学院,细颗粒物(PM2.5),291,254,166,241,163,39,10,39,10,45,38,8,6,1.3,1
2022-11-10T23:00:00,3474A,114.2617,35.6822,鹤壁市,大新区,细颗粒物(PM2.5),239,179,168,189,177,37,37,26,26,52,55,22,16,2.6,1.9
2022-11-10T23:00:00,3475A,113.9188,35.3045,新乡市,市政府,细颗粒物(PM2.5),219,176,196,169,190,48,39,40,40,42,51,10,9,1.8,1.7
2022-11-10T23:00:00,3476A,113.9135,35.3327,新乡市,河师大,细颗粒物(PM2.5),206,204,247,156,176,46,38,36,36,46,57,11,13,1.7,1.7
2022-11-10T23:00:00,3477A,113.1656,35.2539,焦作市,中站许衡医院(新增191226),细颗粒物(PM2.5),186,191,148,140,117,86,22,62,24,46,33,8,8,1.6,1.5
2022-11-10T23:00:00,3478A,113.9749,33.5664,漯河市,市图书馆,细颗粒物(PM2.5),147,143,156,112,118,134,38,111,82,27,58,8,15,0.8,1
2022-11-10T23:00:00,3479A,114.0967,33.5906,漯河市,召陵区卫健委,细颗粒物(PM2.5),175,146,165,132,133,146,34,114,79,25,38,13,15,0.7,0.9
2022-11-10T23:00:00,3480A,129.1368,47.6417,伊春市,美溪镇,,47,47,38,27,24,51,9,41,17,21,13,2,3,1.0,0.9
2022-11-10T23:00:00,3481A,125.141,46.634,大庆市,萨区政府监测点,细颗粒物(PM2.5),500,202,170,1021,205,105,93,62,62,141,54,53,15,3.8,1.6
2022-11-10T23:00:00,3482A,107.7541,29.3277,重庆市,芙蓉中路,颗粒物(PM10),64,77,68,45,32,114,10,90,58,50,33,11,14,0.5,0.6
2022-11-10T23:00:00,3483A,108.7661,29.5368,重庆市,西山,颗粒物(PM10),58,66,39,36,33,107,38,96,71,28,28,7,8,0.8,0.5
2022-11-10T23:00:00,3484A,106.2628,29.32,重庆市,行政中心,细颗粒物(PM2.5),89,94,101,66,68,88,15,62,41,42,38,6,10,1.1,1.1
2022-11-10T23:00:00,3485A,107.0944,29.1608,重庆市,高寺路,细颗粒物(PM2.5),118,93,76,89,62,96,3,60,28,64,44,9,8,0.9,0.8
2022-11-10T23:00:00,3486A,124.4036,43.1411,四平市,植物园,细颗粒物(PM2.5),163,170,141,124,104,95,3,68,31,80,59,6,7,1.1,0.9
2022-11-10T23:00:00,3487A,104.2394,30.5319,成都市,车城东七路,细颗粒物(PM2.5),83,84,78,61,57,70,14,51,44,47,36,3,4,0.9,0.8
2022-11-10T23:00:00,3488A,104.3853,30.7453,成都市,青白江技师分院,细颗粒物(PM2.5),89,82,79,66,67,58,1,35,23,43,36,4,4,0.9,0.9
2022-11-10T23:00:00,3489A,104.0789,30.4072,成都市,科学城,细颗粒物(PM2.5),82,72,79,60,60,59,2,49,38,58,37,6,6,0.8,0.8
2022-11-10T23:00:00,3490A,105.3617,28.7703,泸州市,纳溪区环保局,细颗粒物(PM2.5),139,114,95,106,77,93,46,77,69,19,19,9,10,1.1,1
2022-11-10T23:00:00,3491A,104.69,31.5322,绵阳市,西科大附属小学,细颗粒物(PM2.5),63,70,65,45,40,63,6,35,33,48,32,4,4,0.6,0.5
2022-11-10T23:00:00,3492A,104.5648,31.5343,绵阳市,安州区旅游局,细颗粒物(PM2.5),70,84,87,51,45,49,24,36,35,29,27,2,6,0.7,0.8
2022-11-10T23:00:00,3494A,117.1673,36.9782,济南市,济阳区政府,细颗粒物(PM2.5),175,176,134,132,88,91,42,76,66,36,49,43,15,1.3,0.9
2022-11-10T23:00:00,3495A,117.1171,36.63,济南市,锦屏中学,细颗粒物(PM2.5),158,154,94,120,65,91,16,77,42,41,41,5,8,1.4,0.8
2022-11-10T23:00:00,3496A,118.3604,35.1084,临沂市,南坊新区,"颗粒物(PM10),细颗粒物(PM2.5)",70,90,72,51,45,104,29,93,69,55,42,9,7,0.5,0.5
2022-11-10T23:00:00,3498A,118.5055,37.8612,东营市,河口城区,细颗粒物(PM2.5),70,85,143,51,86,106,63,74,55,19,39,4,9,0.8,1
2022-11-10T23:00:00,3500A,116.5814,35.3707,济宁市,北湖一中,细颗粒物(PM2.5),90,68,74,67,65,66,32,37,37,39,40,13,7,0.8,0.8
2022-11-10T23:00:00,3501A,116.8249,35.5593,济宁市,服务中心,细颗粒物(PM2.5),65,51,85,47,64,52,15,41,37,48,40,8,9,1.2,1.2
2022-11-10T23:00:00,3502A,117.1812,36.2275,泰安市,国网新校,,,,,56,68,93,44,65,42,28,33,7,10,0.9,1.3
2022-11-10T23:00:00,3503A,117.0313,36.2018,泰安市,交通技校,细颗粒物(PM2.5),98,66,89,73,78,82,63,82,35,17,31,7,9,0.8,1.3
2022-11-10T23:00:00,3504A,117.0829,36.13,泰安市,山东第一医科大学,颗粒物(PM10),86,122,108,56,50,73,8,61,36,70,43,10,10,1.1,1.1
2022-11-10T23:00:00,3505A,122.1379,37.3414,威海市,临港区管委会,颗粒物(PM10),52,53,43,29,24,108,92,104,96,20,21,3,3,0.3,0.3
2022-11-10T23:00:00,3507A,119.5328,35.4625,日照市,职业技术学院,,29,29,35,19,20,109,75,103,76,10,23,4,4,0.3,0.3
2022-11-10T23:00:00,3511A,116.5652,37.3319,德州市,陵城艺术中心,细颗粒物(PM2.5),244,249,157,194,113,96,19,79,55,41,38,11,11,1.2,0.8
2022-11-10T23:00:00,3512A,116.049,36.4674,聊城市,华润纺织,细颗粒物(PM2.5),284,302,166,234,117,74,2,63,15,49,34,5,26,1.3,0.9
2022-11-10T23:00:00,3513A,116.0445,36.4361,聊城市,九州社区,细颗粒物(PM2.5),268,274,155,218,108,70,7,56,21,50,36,4,20,1.0,0.6
2022-11-10T23:00:00,3514A,117.9378,37.3956,滨州市,中海酒店,细颗粒物(PM2.5),142,143,148,108,98,105,46,69,61,48,71,17,17,0.9,1.1
2022-11-10T23:00:00,3515A,117.9378,37.3553,滨州市,开发区一中,细颗粒物(PM2.5),125,136,162,95,96,114,70,87,82,34,70,39,19,0.9,1.2
2022-11-10T23:00:00,3516A,118.0917,37.694,滨州市,金海六路,细颗粒物(PM2.5),134,143,143,102,96,101,33,71,51,37,54,37,18,0.6,1.6
2022-11-10T23:00:00,3520A,106.3495,38.9836,石嘴山市,妇女儿童医院,细颗粒物(PM2.5),72,64,102,52,84,91,66,72,70,14,35,3,9,0.6,1.1
2022-11-10T23:00:00,3521A,106.7492,39.2069,石嘴山市,石大公路,颗粒物(PM10),114,178,91,85,64,77,42,52,39,40,35,16,11,1.4,1
2022-11-10T23:00:00,3522A,106.2177,35.9959,固原市,原州区十五小,,35,35,21,19,13,32,26,28,24,22,20,1,1,1.0,1
2022-11-10T23:00:00,3523A,106.5105,38.3856,银川市,滨河新区,细颗粒物(PM2.5),83,103,69,61,62,97,51,82,79,24,34,8,13,0.8,0.9
2022-11-10T23:00:00,3524A,108.6116,34.1164,西安市,文体局,细颗粒物(PM2.5),52,43,107,36,95,38,23,31,24,24,28,7,7,1.2,1.3
2022-11-10T23:00:00,3525A,108.6396,34.4078,咸阳市,奥体中心,颗粒物(PM10),72,94,162,50,71,19,0,15,4,35,44,4,4,1.3,1.3
2022-11-10T23:00:00,3526A,119.5189,25.9664,福州市,吴航,,23,11,34,4,19,78,73,73,73,3,17,2,3,0.4,0.5
2022-11-10T23:00:00,3527A,118.0958,24.5688,厦门市,集美中学,,39,39,31,17,14,119,31,91,57,30,23,3,2,0.5,0.4
2022-11-10T23:00:00,3528A,118.1493,24.7245,厦门市,同安二实小,,46,46,28,20,14,112,40,93,72,27,18,8,5,0.5,0.5
2022-11-10T23:00:00,3529A,118.6333,24.9264,泉州市,城华南路,,23,23,31,10,15,96,47,87,63,14,14,7,8,0.4,0.5
2022-11-10T23:00:00,3530A,117.6296,24.5314,漳州市,西洋坪路,,47,47,50,21,25,154,30,118,82,28,26,5,8,0.6,0.6
2022-11-10T23:00:00,3531A,110.296,25.1253,桂林市,旅游学院,,31,31,27,14,16,93,32,84,61,30,24,11,13,0.5,0.4
2022-11-10T23:00:00,3532A,110.1945,22.6831,玉林市,玉林师范学院东校区,细颗粒物(PM2.5),84,73,53,62,37,94,40,82,50,27,29,62,24,0.8,0.7
2022-11-10T23:00:00,3533A,110.0527,22.5893,玉林市,福绵环保局,颗粒物(PM10),64,77,61,42,38,94,29,84,53,26,21,6,14,0.9,0.8
2022-11-10T23:00:00,3534A,111.4744,24.4553,贺州市,西湾,颗粒物(PM10),69,88,37,32,21,84,20,77,41,42,26,8,8,0.8,0.9
2022-11-10T23:00:00,3535A,109.1781,23.7297,来宾市,兴宾区政府,颗粒物(PM10),59,67,49,35,30,89,54,83,63,16,15,9,6,0.6,0.6
2022-11-10T23:00:00,3536A,106.8547,27.5919,遵义市,第十二小学,,48,45,51,33,35,108,70,102,75,19,23,7,18,0.7,0.8
2022-11-10T23:00:00,3537A,105.3631,27.3533,毕节市,长征村,细颗粒物(PM2.5),100,78,44,75,42,115,72,107,98,9,11,7,8,0.7,0.5
2022-11-10T23:00:00,3538A,107.5175,26.2978,黔南布依族苗族自治州,沙坝,,27,27,34,9,21,104,62,99,84,13,18,5,4,0.6,0.6
2022-11-10T23:00:00,3539A,110.5111,19.9736,海口市,桂林洋子站,,23,18,22,11,12,106,72,94,87,7,6,5,5,0.5,0.5
2022-11-10T23:00:00,3540A,109.7348,18.3443,三亚市,君悦子站,,15,15,21,9,9,77,46,72,63,9,3,3,3,0.4,0.4
2022-11-10T23:00:00,3541A,109.5726,19.5167,儋州市,第一中学子站,,23,23,23,10,10,75,48,68,58,11,10,4,4,0.4,0.5
2022-11-10T23:00:00,3542A,109.5567,19.5187,儋州市,东坡学校子站,,25,25,25,12,8,74,53,72,61,7,9,4,4,0.5,0.5
2022-11-10T23:00:00,3544A,121.4891,30.925,上海市,奉贤南桥新城,细颗粒物(PM2.5),64,65,58,46,39,133,44,104,67,14,25,5,6,0.7,0.8
2022-11-10T23:00:00,3545A,110.8054,32.8401,十堰市,郧阳区金沙路,细颗粒物(PM2.5),143,127,111,109,93,112,44,92,73,40,27,9,8,1.2,1.1
2022-11-10T23:00:00,3546A,111.4606,30.552,宜昌市,猇亭区张家湾站,细颗粒物(PM2.5),99,97,92,74,67,167,94,153,140,42,30,17,14,0.7,0.7
2022-11-10T23:00:00,3547A,112.1632,31.0138,荆门市,龙泉中学南校,细颗粒物(PM2.5),114,153,110,86,64,181,149,166,140,19,34,12,12,1.0,1
2022-11-10T23:00:00,3548A,112.1655,30.3364,荆州市,学苑路,细颗粒物(PM2.5),83,62,101,61,89,184,93,160,131,36,43,7,10,1.0,1.1
2022-11-10T23:00:00,3549A,109.5061,30.3772,恩施土家族苗族自治州,龙凤新区,细颗粒物(PM2.5),84,75,52,62,38,116,27,80,59,15,12,7,6,1.1,1.1
2022-11-10T23:00:00,3550A,102.7997,24.9786,昆明市,昆明学院,,40,40,35,20,20,104,49,89,78,28,20,8,8,0.8,0.7
2022-11-10T23:00:00,3551A,102.5967,24.6736,昆明市,晋宁区生态环境分局,,35,30,34,24,26,107,49,96,78,24,21,10,8,0.4,1
2022-11-10T23:00:00,3552A,102.6678,24.9856,昆明市,云天化总部,,34,34,31,20,19,110,35,94,76,48,32,7,8,0.4,0.5
2022-11-10T23:00:00,3557A,119.9464,30.0494,杭州市,镇二中,颗粒物(PM10),69,88,70,46,41,129,48,116,98,48,44,8,7,0.7,0.8
2022-11-10T23:00:00,3558A,119.7183,30.2367,杭州市,市府大楼,细颗粒物(PM2.5),90,107,59,67,35,138,72,113,96,42,34,11,9,0.7,0.6
2022-11-10T23:00:00,3560A,120.4722,30.0415,绍兴市,柯桥妇保,细颗粒物(PM2.5),102,113,65,76,42,118,23,100,69,43,33,5,5,0.7,0.7
2022-11-10T23:00:00,3561A,120.6985,27.9251,温州市,茶山,,32,32,56,16,29,95,57,79,67,15,32,6,7,0.4,0.5
2022-11-10T23:00:00,3562A,120.4148,30.8538,湖州市,南浔区站,细颗粒物(PM2.5),73,87,76,53,40,196,61,146,95,22,45,5,5,0.6,0.7
2022-11-10T23:00:00,3564A,121.2568,28.6681,台州市,台州科技职业学院,颗粒物(PM10),55,60,65,31,32,58,26,58,36,30,29,6,7,0.6,0.6
2022-11-10T23:00:00,3565A,113.1367,40.1122,大同市,云冈站,颗粒物(PM10),61,71,78,36,53,79,11,66,38,40,35,20,20,1.1,1.4
2022-11-10T23:00:00,3566A,113.1186,40.2556,大同市,图书馆,细颗粒物(PM2.5),90,76,82,67,76,75,3,55,36,42,35,12,11,1.7,1.7
2022-11-10T23:00:00,3567A,113.5931,40.0461,大同市,区一中,细颗粒物(PM2.5),55,48,65,39,44,66,55,62,58,12,14,8,10,0.6,0.7
2022-11-10T23:00:00,3568A,113.06,36.0464,长治市,向阳小学,细颗粒物(PM2.5),140,117,101,107,86,54,19,39,36,33,38,12,13,3.1,1.5
2022-11-10T23:00:00,3569A,112.8792,36.3144,长治市,屯留一中,细颗粒物(PM2.5),137,102,97,104,103,50,35,27,27,32,43,10,13,1.9,1.6
2022-11-10T23:00:00,3570A,113.235,36.3489,长治市,潞城四中,细颗粒物(PM2.5),165,107,105,125,113,53,43,34,29,32,51,6,7,2.4,1.9
2022-11-10T23:00:00,3571A,112.2931,39.53,朔州市,一水厂,细颗粒物(PM2.5),133,180,181,101,100,101,54,87,74,36,44,11,22,1.2,1.3
2022-11-10T23:00:00,3572A,114.6419615,37.9001925,石家庄市,栾城区政府,,,,185,,155,36,,19,,,51,,7,,1.4
2022-11-10T23:00:00,3573A,114.8506765,38.0322033,石家庄市,藁城区实验学校,细颗粒物(PM2.5),228,205,175,178,146,64,0,50,27,80,62,8,10,1.0,1
2022-11-10T23:00:00,3574A,114.0504658,38.0591645,石家庄市,井陉矿区区委大楼,细颗粒物(PM2.5),132,130,125,100,105,111,38,88,69,80,63,9,11,0.8,1
2022-11-10T23:00:00,3575A,118.09279,39.58089,唐山市,正泰大街热力站,细颗粒物(PM2.5),132,119,144,100,150,50,28,34,34,42,60,8,8,1.3,1.9
2022-11-10T23:00:00,3576A,118.1562,39.8322,唐山市,丰润区政府,细颗粒物(PM2.5),100,119,130,75,110,54,35,48,34,41,43,15,6,2.2,1.8
2022-11-10T23:00:00,3577A,118.43673,39.73809,唐山市,金山小学,细颗粒物(PM2.5),109,113,150,82,118,46,4,33,17,73,63,8,5,1.3,1.9
2022-11-10T23:00:00,3578A,118.24498,39.66941,唐山市,政府服务中心,细颗粒物(PM2.5),122,106,158,92,140,42,0,22,6,62,63,11,7,1.7,2.1
2022-11-10T23:00:00,3579A,114.50634,36.77178,邯郸市,永年区实验高中,细颗粒物(PM2.5),267,257,216,217,178,80,34,58,39,41,54,4,6,1.1,1.1
2022-11-10T23:00:00,3580A,114.20016,36.44293,邯郸市,峰峰矿区临水派出所,细颗粒物(PM2.5),251,248,208,201,165,73,48,58,50,38,44,10,15,1.6,1.7
2022-11-10T23:00:00,3581A,115.31981,38.95208,保定市,满城区生态环境分局,细颗粒物(PM2.5),180,195,147,136,100,106,6,89,39,106,65,6,19,0.9,0.8
2022-11-10T23:00:00,3582A,115.47694,38.76408,保定市,清苑区第二中学,细颗粒物(PM2.5),193,216,148,145,108,114,7,90,42,94,63,11,12,1.0,0.8
2022-11-10T23:00:00,3583A,115.62909,39.02311,保定市,徐水物探局,细颗粒物(PM2.5),201,180,122,151,97,103,4,80,46,100,62,11,11,1.1,0.8
2022-11-10T23:00:00,3590A,113.8374,34.5589,郑州市,北区建设指挥部,细颗粒物(PM2.5),149,205,107,114,85,86,14,64,28,38,41,6,7,1.6,1.3
2022-11-10T23:00:00,3591A,113.30952,34.803229,郑州市,上街区政府,细颗粒物(PM2.5),128,196,170,97,110,45,36,34,31,25,38,8,7,1.5,1.2
2022-11-10T23:00:00,3592A,114.4644,34.7556,开封市,祥符区生态环境局,细颗粒物(PM2.5),188,207,128,141,94,34,0,25,10,47,49,9,12,1.2,0.8
2022-11-10T23:00:00,3593A,112.5736,34.8993,洛阳市,吉利监测站,细颗粒物(PM2.5),244,224,164,194,159,67,34,52,38,24,31,4,4,1.4,1.2
2022-11-10T23:00:00,3594A,112.8867,33.9116,平顶山市,石龙区,细颗粒物(PM2.5),185,169,196,139,150,117,36,96,75,30,54,4,9,0.8,1
2022-11-10T23:00:00,3596A,114.1572,35.9603,鹤壁市,南山宾馆,,,,206,,185,14,,15,,,55,,19,,1.8
2022-11-10T23:00:00,3597A,113.8134,34.1251,许昌市,建安区兴业大厦,细颗粒物(PM2.5),112,149,112,84,72,105,9,79,49,44,38,6,17,1.3,1.1
2022-11-10T23:00:00,3598A,111.1,34.7167,三门峡市,富达温泉假日酒店,细颗粒物(PM2.5),100,84,123,75,106,94,62,83,72,17,23,8,10,1.3,1.3
2022-11-10T23:00:00,3599A,106.2649,29.9851,重庆市,书院路,细颗粒物(PM2.5),97,76,68,72,58,64,10,47,32,37,26,11,9,0.7,0.6
2022-11-10T23:00:00,3600A,106.2339,29.5559,重庆市,虎峰,细颗粒物(PM2.5),107,102,96,80,73,86,28,64,48,31,32,24,20,0.7,0.7
2022-11-10T23:00:00,3601A,106.0499,29.8342,重庆市,龙门街,细颗粒物(PM2.5),92,88,68,68,60,81,25,68,53,31,24,18,19,0.7,0.6
2022-11-10T23:00:00,3604A,119.3266,35.1044,日照市,岚山环保分局,,,39,39,15,21,115,,108,94,24,24,4,6,0.6,0.6
2022-11-10T23:00:00,3605A,109.09,34.5236,西安市,无线电监控中心,颗粒物(PM10),115,179,155,68,83,80,38,62,33,34,43,9,9,1.0,1.1
2022-11-10T23:00:00,3610A,105.5933,29.4105,重庆市,昌元,细颗粒物(PM2.5),59,60,62,42,41,96,47,76,66,25,22,10,8,0.8,0.7
2022-11-10T23:00:00,3612A,85.1045,45.6899,克拉玛依市,白碱滩区新站,,19,17,16,13,6,63,23,61,41,26,16,4,5,0.6,0.5
2022-11-10T23:00:00,3613A,87.3095,44.0142,昌吉州,亚心广场,,27,24,10,18,6,64,4,48,31,54,14,1,2,0.7,0.5
2022-11-10T23:00:00,3614A,79.924,37.0877,和田地区,地区环保局,颗粒物(PM10),142,234,246,52,47,105,72,91,81,22,17,16,7,1.5,1.4
2022-11-10T23:00:00,3615A,79.9131,37.113,和田地区,市环保局,颗粒物(PM10),120,189,225,41,41,98,74,94,85,25,16,17,10,1.5,1
2022-11-10T23:00:00,3616A,106.7616,31.8344,巴中市,市中心医院,细颗粒物(PM2.5),63,53,48,45,36,37,2,25,10,19,20,4,4,0.9,0.8
2022-11-10T23:00:00,3617A,105.8047,32.4166,广元市,经开区,,42,41,37,29,27,11,2,7,3,22,25,8,9,1.1,1
2022-11-10T23:00:00,3618A,112.4701,37.782,太原市,金胜,细颗粒物(PM2.5),147,149,145,112,105,91,32,69,50,71,49,8,10,1.0,1.1
2022-11-10T23:00:00,3619A,113.617,37.8571,阳泉市,龙柱,细颗粒物(PM2.5),132,131,172,100,114,106,85,94,89,39,55,10,16,1.0,1.3
2022-11-10T23:00:00,3620A,112.8271,35.4828,晋城市,泽州一中,细颗粒物(PM2.5),85,91,91,63,71,103,90,97,96,12,22,6,6,1.0,1
2022-11-10T23:00:00,3621A,106.8288,39.6778,乌海市,聚英学校,细颗粒物(PM2.5),93,92,98,69,66,76,53,53,50,18,48,9,18,0.8,1
2022-11-10T23:00:00,3622A,113.5556,24.8082,韶关市,碧湖山庄,颗粒物(PM10),54,57,40,23,23,123,27,100,69,28,19,8,12,0.7,0.7
2022-11-10T23:00:00,3623A,113.8953,22.5861,深圳市,西乡,细颗粒物(PM2.5),97,135,68,72,35,250,23,174,128,100,46,7,7,0.9,0.7
2022-11-10T23:00:00,3624A,116.4069,23.2533,汕头市,潮南子站,,26,11,35,18,26,164,59,125,86,8,13,6,8,0.6,0.7
2022-11-10T23:00:00,3625A,113.2544,22.7642,佛山市,容桂街道办,细颗粒物(PM2.5),83,83,84,61,55,189,14,134,96,114,70,4,6,1.5,1.3
2022-11-10T23:00:00,3626A,113.7533,23.0202,东莞市,南城元岭,,,139,98,79,58,214,6,160,98,133,67,12,12,1.7,1.1
2022-11-10T23:00:00,3627A,113.7875,23.0457,东莞市,东城主山,细颗粒物(PM2.5),105,116,88,79,56,236,30,183,119,93,60,12,12,1.2,1.1
2022-11-10T23:00:00,3628A,112.0336,22.9374,云浮市,文笔,颗粒物(PM10),55,59,51,24,20,94,4,78,45,29,18,7,9,0.9,0.8
2022-11-10T23:00:00,3629A,101.8305,36.5786,西宁市,世纪职校,颗粒物(PM10),65,79,76,29,46,130,87,111,99,18,30,8,17,0.9,1.1
2022-11-10T23:00:00,3630A,101.7413,36.6397,西宁市,师大城西校区,颗粒物(PM10),63,75,82,43,54,124,87,106,97,13,26,10,16,0.7,1
2022-11-10T23:00:00,3631A,114.6063,38.0266,石家庄市,高新区,,,,,,,,,,,,,,,,
2022-11-10T23:00:00,3633A,118.4918,31.6809,马鞍山市,雨山,细颗粒物(PM2.5),93,75,62,69,47,167,38,148,110,29,33,9,10,1.0,0.9
2022-11-10T23:00:00,3634A,116.9884,33.6305,宿州市,宿州学院,细颗粒物(PM2.5),97,125,110,72,70,78,48,67,61,20,27,2,2,0.6,0.6
2022-11-10T23:00:00,3635A,112.3677,34.662,洛阳市,河科大西苑校区,细颗粒物(PM2.5),204,194,193,154,152,57,38,48,44,26,41,5,7,1.1,1.2
2022-11-10T23:00:00,3636A,112.4388,34.6781,洛阳市,英才小学,细颗粒物(PM2.5),214,173,177,164,175,48,32,39,36,29,40,6,7,1.0,1.1
2022-11-10T23:00:00,3637A,131.0176,45.7761,七台河市,人民广场,颗粒物(PM10),82,113,82,37,42,40,2,30,6,36,34,13,14,1.1,0.7
2022-11-10T23:00:00,3638A,104.7636,29.3338,自贡市,轻化工大学,细颗粒物(PM2.5),83,79,77,61,58,87,46,70,63,19,20,5,5,0.7,0.7
2022-11-10T23:00:00,3639A,104.4019,31.1244,德阳市,市教育局,颗粒物(PM10),61,71,76,43,39,59,16,29,26,42,40,6,7,0.8,0.9
2022-11-10T23:00:00,3642A,120.3503,36.0736,青岛市,市北区南部,,30,30,30,12,18,106,89,104,100,28,25,4,4,0.5,0.6
2022-11-10T23:00:00,3643A,120.3948,36.1805,青岛市,李沧区北部,,31,29,37,17,20,101,97,97,93,18,25,6,7,0.4,0.4
2022-11-10T23:00:00,3644A,117.8661,36.805,淄博市,三金集团,细颗粒物(PM2.5),149,169,131,114,85,103,,86,63,66,44,14,13,1.0,0.9
2022-11-10T23:00:00,3645A,118.0253,36.8406,淄博市,东风化工厂,细颗粒物(PM2.5),144,136,126,110,97,102,0,85,45,81,56,10,12,1.1,1
2022-11-10T23:00:00,3646A,118.4978,37.4623,东营市,胜利站,细颗粒物(PM2.5),62,46,85,44,76,84,72,69,65,19,46,10,17,0.7,1.1
2022-11-10T23:00:00,3647A,115.4702,35.2706,菏泽市,菏泽医专,细颗粒物(PM2.5),128,108,99,97,90,58,14,54,18,41,40,6,6,0.7,0.7
2022-11-10T23:00:00,3648A,106.2112,37.9768,吴忠市,文卫南街,颗粒物(PM10),108,165,85,69,52,97,72,79,78,12,23,8,9,0.6,0.8
2022-11-10T23:00:00,3650A,105.1698,37.5162,中卫市,沙坡头区政府站,颗粒物(PM10),99,147,106,42,59,78,78,72,72,13,20,3,5,0.3,0.6
2022-11-10T23:00:00,3651A,108.9543,34.8732,铜川市,旺旺集团,细颗粒物(PM2.5),84,110,148,62,68,84,71,62,60,28,39,7,6,1.0,1
2022-11-10T23:00:00,3652A,109.4809,36.5786,延安市,西北局旧址,细颗粒物(PM2.5),83,94,67,61,48,43,11,34,26,47,39,7,6,1.4,1.1
2022-11-10T23:00:00,3653A,111.3119,30.7273,宜昌市,云深路,,,,79,,51,181,,161,132,36,27,7,7,0.7,0.6
2022-11-10T23:00:00,3654A,114.8094,30.4089,鄂州市,精准医疗中心,颗粒物(PM10),68,86,101,38,49,176,79,149,114,36,54,45,26,1.5,1.2
2022-11-10T23:00:00,3655A,114.3375,29.8683,咸宁市,长江产业园,颗粒物(PM10),56,62,58,36,33,149,115,130,129,17,18,12,11,0.6,0.6
2022-11-10T23:00:00,3656A,120.1556,30.2864,杭州市,消防大队,颗粒物(PM10),58,66,70,40,39,108,43,98,75,40,55,5,6,0.5,0.7
2022-11-10T23:00:00,3658A,120.6153,30.0764,绍兴市,袍江中学,颗粒物(PM10),56,61,69,36,38,138,19,107,67,39,44,8,6,0.6,0.7
2022-11-10T23:00:00,3659A,119.656,29.1131,金华市,气象局,,31,31,71,16,36,128,12,97,48,45,49,4,7,0.5,0.7
2022-11-10T23:00:00,3661A,112.5667,37.8875,太原市,坝陵桥,,,,,,,,,,,,,,,,
2022-11-10T23:00:00,3662A,123.6333,47.2075,齐齐哈尔市,富区青少年活动中心,颗粒物(PM10),65,79,40,36,18,57,52,50,44,14,12,7,6,0.5,0.4
2022-11-10T23:00:00,3663A,124.1164,50.4278,大兴安岭地区,红旗社区,,46,42,24,32,18,40,5,31,11,30,21,15,12,0.8,0.5
2022-11-10T23:00:00,3664A,119.4172,34.7341,连云港市,连云街道,,31,25,36,13,19,116,97,116,93,6,24,3,4,0.4,0.5
2022-11-10T23:00:00,3665A,76.1658,39.7157,克孜勒苏柯尔克孜自治州,克州文化中心,颗粒物(PM10),58,66,48,14,8,94,62,94,72,17,7,9,9,1.9,1.3
2022-11-10T23:00:00,3667A,111.0283,35.0547,运城市,水利职院,细颗粒物(PM2.5),124,121,159,94,117,127,96,118,116,13,21,6,8,0.9,1.2
2022-11-10T23:00:00,3668A,111.5036,36.0414,临汾市,城南,细颗粒物(PM2.5),87,82,112,64,87,88,52,59,59,27,41,3,8,0.8,1.1
2022-11-10T23:00:00,3669A,114.4705,36.0637,安阳市,左辅环卫站,细颗粒物(PM2.5),281,233,217,231,201,37,26,28,25,58,53,14,12,1.2,1.7
2022-11-10T23:00:00,3670A,111.0522,35.0439,运城市,禹都公园,细颗粒物(PM2.5),82,105,150,60,88,124,93,115,112,13,21,8,9,0.9,1.1
2022-11-10T23:00:00,3671A,116.088,39.9726,北京市,门头沟三家店,细颗粒物(PM2.5),202,208,105,152,79,93,55,77,44,38,37,1,2,1.3,0.7
2022-11-10T23:00:00,3672A,116.1541,39.8204,北京市,丰台云岗,细颗粒物(PM2.5),209,198,122,159,90,104,41,88,67,42,43,2,2,1.2,0.7
2022-11-10T23:00:00,3673A,116.6804,39.9081,北京市,通州东关,细颗粒物(PM2.5),209,183,141,159,107,111,36,90,71,44,39,1,2,1.4,0.9
2022-11-10T23:00:00,3674A,115.9577,39.7603,北京市,房山燕山,细颗粒物(PM2.5),182,173,114,137,87,114,52,96,82,39,35,3,2,1.2,0.7
2022-11-10T23:00:00,3675A,116.4672,39.7733,北京市,大兴旧宫,细颗粒物(PM2.5),213,171,129,163,110,106,37,91,72,22,39,3,2,1.3,0.9
2022-11-10T23:00:00,3676A,113.2802,40.0995,大同市,第二人民医院,细颗粒物(PM2.5),79,66,68,58,60,83,11,72,46,56,29,11,12,1.3,1.2
2022-11-10T23:00:00,3677A,98.5881,24.4368,德宏州,芒市人民政府综合楼,,39,39,32,19,19,93,37,80,64,14,13,6,14,0.6,0.5
2022-11-10T23:00:00,3678A,116.5907,35.4054,济宁市,市第七中学,细颗粒物(PM2.5),83,53,70,61,63,68,20,40,38,45,39,14,8,0.8,0.7
2022-11-10T23:00:00,3682A,116.9814,36.6819,济南市,济南四建,细颗粒物(PM2.5),199,205,135,149,85,60,3,40,26,106,89,13,9,1.6,1.3
2022-11-10T23:00:00,3683A,109.8331,40.6576,包头市,昆区政府,细颗粒物(PM2.5),117,103,91,88,85,66,7,47,35,76,49,14,24,1.4,1.4
2022-11-10T23:00:00,3684A,130.8781,45.8222,七台河市,新建矿广场,,,256,117,,36,45,5,36,9,44,30,25,18,0.9,0.7
2022-11-10T23:00:00,3685A,117.897,28.4315,上饶市,双创科技城,颗粒物(PM10),63,75,61,20,28,116,44,96,72,35,24,64,25,0.7,0.7
2022-11-10T23:00:00,3689A,113.9003,35.372,新乡市,行政服务中心,细颗粒物(PM2.5),211,198,230,161,167,44,16,31,30,55,46,9,9,1.5,1.5
2022-11-10T23:00:00,3690A,115.9721,28.7031,南昌市,外国语学校,细颗粒物(PM2.5),108,76,76,81,48,137,58,116,75,24,32,8,11,0.6,0.8
2022-11-10T23:00:00,3692A,118.2059,39.6585,唐山市,消防缸窑路中队,细颗粒物(PM2.5),128,120,179,97,137,38,0,20,7,59,55,9,6,1.8,2.2
2022-11-10T23:00:00,3693A,118.1436,39.6202,唐山市,路南电大,细颗粒物(PM2.5),125,146,155,95,123,38,13,20,11,40,56,5,5,1.9,2.1
2022-11-10T23:00:00,3694A,115.986,40.4563,北京市,延庆石河营,细颗粒物(PM2.5),124,114,93,94,74,82,27,63,43,30,27,1,1,0.9,0.8
2022-11-10T23:00:00,3695A,116.6151,40.3053,北京市,怀柔新城,细颗粒物(PM2.5),182,159,90,137,77,102,41,86,70,37,20,1,2,1.5,0.7
2022-11-10T23:00:00,3696A,116.2545,39.8768,北京市,丰台小屯,细颗粒物(PM2.5),199,200,121,149,88,104,36,86,70,48,41,3,2,1.2,0.8
2022-11-10T23:00:00,3697A,116.84,40.3844,北京市,密云镇,细颗粒物(PM2.5),170,162,95,129,75,92,45,76,62,23,20,3,3,1.6,0.8
2022-11-10T23:00:00,3698A,111.5968,40.8178,呼和浩特市,红旗小学,细颗粒物(PM2.5),68,56,43,49,42,72,42,50,43,28,37,7,7,0.7,0.9
2022-11-10T23:00:00,3699A,111.6518,40.8389,呼和浩特市,海东办,细颗粒物(PM2.5),68,51,39,49,40,75,3,52,30,64,45,7,10,0.8,0.9
2022-11-10T23:00:00,3700A,103.0456,29.9956,雅安市,康养中心(对照点),细颗粒物(PM2.5),70,68,61,51,44,63,52,50,50,20,17,6,6,0.8,0.7
2022-11-10T23:00:00,3701A,116.9648,33.6252,宿州市,皖北煤电集团,细颗粒物(PM2.5),95,102,87,71,68,74,50,65,61,20,28,1,2,0.6,0.5
2022-11-10T23:00:00,3703A,114.2917,36.0949,安阳市,安钢职工学校,细颗粒物(PM2.5),267,272,228,217,184,41,17,33,28,67,52,17,15,1.9,1.6
2022-11-10T23:00:00,3706A,122.2584,43.6333,通辽市,老干部活动中心,细颗粒物(PM2.5),130,152,146,99,93,128,89,102,72,18,28,6,8,0.5,0.3
2022-11-10T23:00:00,3707A,131.0207,45.3073,鸡西市,欧美日汽修厂,颗粒物(PM10),142,233,111,98,56,41,2,33,7,32,30,19,14,1.5,0.8
2022-11-10T23:00:00,3708A,122.2922,43.6189,通辽市,东方明珠社区,细颗粒物(PM2.5),159,163,153,121,117,119,88,95,73,22,36,13,14,0.9,0.7
2022-11-10T23:00:00,3709A,130.9967,45.3106,鸡西市,市政设施管理处,颗粒物(PM10),111,172,85,63,50,45,3,34,8,35,33,11,9,0.7,0.5
2022-11-10T23:00:00,3710A,121.5594,29.8975,宁波市,白沙活动中心,,33,33,44,21,25,98,28,67,28,30,43,5,7,0.5,0.7
2022-11-10T23:00:00,3713A,124.3419,43.1666,四平市,世纪城,细颗粒物(PM2.5),163,165,124,124,95,92,12,68,40,84,65,10,12,1.3,1.1
2022-11-10T23:00:00,3715A,117.3092,32.9314,蚌埠市,蚌埠田家炳中学,细颗粒物(PM2.5),103,124,106,77,65,130,60,97,78,25,34,7,13,0.4,0.6
2022-11-10T23:00:00,3719A,97.1714,31.1406,昌都市,昌都会议中心,,22,22,17,5,6,88,52,81,72,13,8,4,4,0.3,0.3
2022-11-10T23:00:00,3726A,88.8781,29.2426,日喀则市,林业技术推广中心,,33,16,19,4,4,106,104,103,103,7,5,5,4,0.4,0.4
2022-11-10T23:00:00,3728A,104.68,28.8071,宜宾市,白酒学院,细颗粒物(PM2.5),139,127,102,106,86,79,29,62,54,36,26,8,8,0.9,0.8
2022-11-10T23:00:00,3734A,118.35,37.26,东营市,理想之城,颗粒物(PM10),57,63,120,34,69,86,84,66,64,19,58,8,12,0.6,1
2022-11-10T23:00:00,3860A,118.3920,35.0300,临沂市,皇山花园小区,颗粒物(PM10),62,73,71,40,51,103,33,92,66,42,39,4,5,0.7,0.8
2022-11-10T23:00:00,3861A,119.2041,36.7699,潍坊市,寒亭区实验一小,"颗粒物(PM10),细颗粒物(PM2.5)",62,73,75,44,47,99,26,84,44,42,40,6,7,0.5,0.7
2022-11-10T23:00:00,3866A,122.2469,40.66302,营口市,三高中,细颗粒物(PM2.5),88,81,108,65,82,115,35,110,29,35,39,7,6,0.8,1
2022-11-10T23:00:00,3867A,102.0738,36.5056,海东地区,平安区公安北苑,颗粒物(PM10),79,107,83,35,52,130,90,109,100,11,22,12,19,0.4,0.7
2022-11-10T23:00:00,3981A,113.2449,35.1803,焦作市,原李万街道办（启用20220628）,细颗粒物(PM2.5),218,204,196,168,157,54,10,44,23,50,38,3,5,1.7,1.5
2022-11-10T23:00:00,4004A,115.4202,38.8656,保定市,双鹰农机,细颗粒物(PM2.5),128,132,116,97,100,100,1,84,34,98,70,10,9,1.2,1
