timepoint,stationcode,longitude,latitude,area,positionname,primarypollutant,aqi,pm10,pm10_24h,pm2_5,pm2_5_24h,o3,o3_24h,o3_8h,o3_8h_24h,no2,no2_24h,so2,so2_24h,co,co_24h
2025-10-24T0200,2566A,102.1879,31.914,阿坝藏族羌族自治州,州农科所,,,,,,,,,,,,,,,,
2025-10-24T0200,2568A,102.2502,31.8896,阿坝藏族羌族自治州,马师校,,22,,20,15,15,42,,,,4,14,5,5,0.6,0.6
2025-10-24T0200,3994A,102.2165,31.9024,阿坝藏族羌族自治州,马尔康中学西区,,23,,15,16,12,54,,,,4,11,4,4,0.7,0.6
2025-10-24T0200,2695A,80.292,41.1694,阿克苏地区,电视台,颗粒物(PM10),112,173,186,58,50,12,,,,60,35,6,6,1.2,1
2025-10-24T0200,2696A,80.2613,41.1551,阿克苏地区,艺术中心,颗粒物(PM10),104,158,165,58,55,22,,,,38,41,5,4,0.5,0.6
2025-10-24T0200,2204A,105.6467,38.8363,阿拉善盟,西城区西花园,,,,,,,,,,,,,,,,
2025-10-24T0200,2205A,105.6985,38.8411,阿拉善盟,蒙二幼,,35,35,52,21,32,67,,,,7,13,9,10,0.6,0.7
2025-10-24T0200,2206A,105.724,38.8516,阿拉善盟,环保局新楼,,38,29,43,26,36,72,,,,9,13,10,10,0.7,0.7
2025-10-24T0200,2708A,88.1264,47.8517,阿勒泰地区,市站,,29,20,31,3,6,92,,,,4,12,3,3,0.1,0.3
2025-10-24T0200,2630A,80.1161,32.5,阿里地区,阿里监测站,,15,6,3,3,3,47,,,,27,14,5,6,0.4,0.4
2025-10-24T0200,3192A,80.0903,32.5028,阿里地区,阿里藏医院,,26,12,12,3,4,82,,,,5,5,9,9,0.2,0.2
2025-10-24T0200,2642A,109.0318,32.6537,安康市,香溪洞,,,,,,,,,,,,,,,,
2025-10-24T0200,2644A,109.0072,32.6975,安康市,汉滨区检察院,,45,44,36,31,27,82,,,,10,10,5,5,0.4,0.4
2025-10-24T0200,4054A,109.0325,32.6913,安康市,市邮政管理局,,44,44,39,28,27,67,,,,12,12,6,6,0.5,0.6
2025-10-24T0200,2291A,117.0809,30.5177,安庆市,环科院,,33,33,31,20,18,77,,,,10,9,9,9,0.4,0.4
2025-10-24T0200,2292A,117.0331,30.5119,安庆市,马山宾馆,,33,33,29,16,15,78,,,,13,13,8,8,0.3,0.3
2025-10-24T0200,2294A,116.9896,30.6145,安庆市,安庆大学,,41,41,32,23,21,64,,,,12,9,6,6,0.2,0.2
2025-10-24T0200,3173A,117.0598,30.5351,安庆市,市人大,,30,30,31,17,16,67,,,,20,15,8,8,0.3,0.3
2025-10-24T0200,3122A,105.9606,26.2611,安顺市,伍家关,细颗粒物(PM2.5),69,68,56,50,28,38,,,,11,8,24,14,0.4,0.4
2025-10-24T0200,3123A,105.9408,26.2431,安顺市,凤凰山,细颗粒物(PM2.5),83,64,41,61,39,31,,,,12,8,24,17,0.4,0.4
2025-10-24T0200,3124A,105.9439,26.2564,安顺市,金钟山,细颗粒物(PM2.5),84,64,38,62,38,34,,,,10,7,27,17,0.5,0.5
2025-10-24T0200,3125A,105.8983,26.2481,安顺市,娄家坡,细颗粒物(PM2.5),80,64,43,59,40,30,,,,10,10,14,14,0.5,0.5
2025-10-24T0200,1818A,114.4839,36.0621,安阳市,棉研所,,,,,,,,,,,,,,,,
2025-10-24T0200,1819A,114.3551,36.1017,安阳市,红庙街,细颗粒物(PM2.5),104,78,76,78,62,15,,,,39,48,4,6,0.7,0.6
2025-10-24T0200,1820A,114.361,36.0681,安阳市,银杏小区,细颗粒物(PM2.5),110,,74,83,63,13,,,,39,45,7,9,0.7,0.6
2025-10-24T0200,3141A,114.3922,36.0878,安阳市,信访局,细颗粒物(PM2.5),108,97,75,81,61,11,,,,41,42,6,9,0.4,0.3
2025-10-24T0200,3669A,114.4705,36.0637,安阳市,左辅环卫站,细颗粒物(PM2.5),93,113,105,69,61,9,,,,50,42,5,9,0.6,0.7
2025-10-24T0200,3703A,114.2917,36.0949,安阳市,安钢职工学校,细颗粒物(PM2.5),118,,76,89,66,13,,,,39,42,8,7,1.0,0.8
2025-10-24T0200,1748A,123.044,41.1196,鞍山市,深沟寺,细颗粒物(PM2.5),88,105,89,65,54,5,,,,66,46,8,13,1.0,1
2025-10-24T0200,1749A,123.011,41.0931,鞍山市,太阳城,细颗粒物(PM2.5),74,75,65,54,43,7,,,,55,37,10,16,0.7,0.8
2025-10-24T0200,1750A,123.0485,41.1442,鞍山市,太平,颗粒物(PM10),96,142,106,71,50,2,,,,52,44,8,14,1.2,1
2025-10-24T0200,1751A,122.9642,41.0971,鞍山市,铁西三道街,细颗粒物(PM2.5),68,84,102,49,56,18,,,,53,50,26,26,0.8,1.8
2025-10-24T0200,1753A,123.022,41.0821,鞍山市,明达新区,细颗粒物(PM2.5),89,108,74,66,44,3,,,,48,30,13,19,1.0,0.9
2025-10-24T0200,1754A,123.1289,41.0228,鞍山市,千山,,,,27,,22,,,50,,,26,,6,,0.3
2025-10-24T0200,4201A,122.9446,41.0826,鞍山市,兴盛南路290号,细颗粒物(PM2.5),102,123,108,76,61,2,,,,71,59,18,32,1.6,2
2025-10-24T0200,2195A,107.4212,40.761,巴彦淖尔市,附二中,细颗粒物(PM2.5),109,120,69,82,42,4,,,,66,27,15,12,1.1,0.6
2025-10-24T0200,2196A,107.37,40.7372,巴彦淖尔市,市环保大楼,细颗粒物(PM2.5),72,86,55,52,34,20,,,,56,25,9,10,0.9,0.6
2025-10-24T0200,1956A,86.1472,41.7538,巴音郭楞蒙古自治州,孔雀公园,颗粒物(PM10),96,141,154,45,42,85,,,,18,44,8,9,0.6,0.7
2025-10-24T0200,1957A,86.1972,41.7166,巴音郭楞蒙古自治州,棉纺厂,颗粒物(PM10),111,172,183,43,52,77,,,,29,27,8,6,0.6,0.7
2025-10-24T0200,1958A,86.2357,41.7173,巴音郭楞蒙古自治州,经济开发区,颗粒物(PM10),101,152,152,52,36,88,,,,14,21,18,8,1.0,0.8
2025-10-24T0200,2914A,106.7677,31.8794,巴中市,苏山坪,,,,,,,,,,,,,,,,
2025-10-24T0200,3181A,106.7768,31.8526,巴中市,市五中,,19,19,14,10,10,4,,,,10,12,7,7,0.6,0.7
2025-10-24T0200,3183A,106.7418,31.8654,巴中市,圣泉水务公司,,10,10,11,7,7,9,,,,9,10,9,8,0.6,0.6
2025-10-24T0200,3616A,106.7616,31.8344,巴中市,市中心医院,,15,15,14,9,9,3,,,,20,31,10,10,0.7,0.7
2025-10-24T0200,2235A,122.7911,45.6077,白城市,洮北区环保局,细颗粒物(PM2.5),57,48,53,40,42,15,,,,54,43,4,6,0.5,0.6
2025-10-24T0200,2236A,122.8738,45.5725,白城市,市环保局,细颗粒物(PM2.5),52,51,55,36,34,4,,,,56,42,5,6,0.4,0.4
2025-10-24T0200,2231A,126.4219,41.9171,白山市,喜丰,颗粒物(PM10),78,106,100,43,34,33,,,,28,30,15,15,0.6,0.6
2025-10-24T0200,2232A,126.4077,41.9419,白山市,环保局,细颗粒物(PM2.5),62,62,55,44,41,35,,,,18,19,8,10,0.6,0.6
2025-10-24T0200,2647A,104.1724,36.5446,白银市,第三小学,颗粒物(PM10),51,52,32,26,20,3,,,,46,26,30,24,0.8,0.7
2025-10-24T0200,2648A,104.1465,36.5482,白银市,动力公司,,39,39,26,24,17,22,,,,38,25,8,14,1.0,0.6
2025-10-24T0200,2512A,106.6103,23.9011,百色市,市监测站,,47,47,30,19,15,23,,,,22,18,19,16,0.5,0.5
2025-10-24T0200,2513A,106.6538,23.8859,百色市,市中心血站,颗粒物(PM10),54,57,29,32,14,12,,,,36,23,12,14,0.6,0.5
2025-10-24T0200,3406A,106.6085,23.8798,百色市,祈福高中,,36,36,33,18,14,26,,,,16,18,6,9,0.5,0.5
2025-10-24T0200,2270A,117.396,32.939,蚌埠市,工人疗养院,颗粒物(PM10),55,60,55,25,22,43,,,,30,22,4,6,0.4,0.4
2025-10-24T0200,2271A,117.3605,32.9427,蚌埠市,百货大楼,,45,45,45,25,21,42,,,,32,22,6,8,0.3,0.3
2025-10-24T0200,2273A,117.4185,32.8911,蚌埠市,蚌埠学院,,48,48,45,29,25,27,,,,49,30,7,6,0.5,0.4
2025-10-24T0200,2274A,117.3533,32.9673,蚌埠市,淮上区政府,颗粒物(PM10),56,61,53,34,27,24,,,,46,27,7,7,0.3,0.3
2025-10-24T0200,2275A,117.3145,32.8977,蚌埠市,高新区,,46,46,45,31,26,46,,,,30,30,8,9,0.4,0.4
2025-10-24T0200,3715A,117.3092,32.9314,蚌埠市,蚌埠田家炳中学,颗粒物(PM10),59,67,56,28,27,28,,,,39,24,3,4,0.3,0.3
2025-10-24T0200,1585A,109.8756,40.6532,包头市,市环境监测站,细颗粒物(PM2.5),67,76,62,48,32,1,,,,60,41,10,14,1.3,1.1
2025-10-24T0200,1587A,109.9991,40.5842,包头市,包头八中,细颗粒物(PM2.5),100,101,61,75,48,1,,,,59,43,11,11,2.3,1
2025-10-24T0200,1588A,109.8538,40.6821,包头市,青山宾馆,细颗粒物(PM2.5),85,78,59,63,49,2,,,,54,42,9,16,1.6,1.3
2025-10-24T0200,1589A,109.8642,40.6288,包头市,惠龙物流,细颗粒物(PM2.5),70,71,50,51,35,1,,,,67,37,14,15,1.4,1.1
2025-10-24T0200,1590A,110.0377,40.5546,包头市,东河鸿龙湾,颗粒物(PM10),79,108,68,49,44,3,,,,62,45,12,15,1.3,1.2
2025-10-24T0200,3283A,109.9154,40.5685,包头市,滨河大厦,细颗粒物(PM2.5),67,81,45,48,31,2,,,,57,34,12,12,1.2,0.8
2025-10-24T0200,3419A,109.9447,40.6261,包头市,包头市委党校,细颗粒物(PM2.5),77,89,54,56,33,8,,,,56,40,14,12,1.7,0.9
2025-10-24T0200,3683A,109.8331,40.6576,包头市,昆区政府,细颗粒物(PM2.5),89,98,65,66,49,1,,,,62,41,12,18,1.6,1.3
2025-10-24T0200,1930A,107.185,34.3063,宝鸡市,庙沟村,,,,,,,,,,,,,,,,
2025-10-24T0200,1931A,107.0708,34.3017,宝鸡市,竹园沟,,23,22,27,16,25,28,,,,11,15,7,7,0.5,0.5
2025-10-24T0200,1932A,107.1906,34.3672,宝鸡市,三陆医院,,49,36,41,34,48,24,,,,27,28,6,5,0.6,0.6
2025-10-24T0200,1933A,107.1431,34.3547,宝鸡市,监测站,,38,34,44,26,36,17,,,,29,26,4,4,0.6,0.6
2025-10-24T0200,1934A,107.1186,34.3739,宝鸡市,技工学校,细颗粒物(PM2.5),52,,38,36,50,27,,,,23,26,4,4,0.6,0.7
2025-10-24T0200,1936A,107.2058,34.3497,宝鸡市,文理学院,,39,28,37,27,35,25,,,,28,28,5,5,0.6,0.6
2025-10-24T0200,1937A,107.2386,34.3622,宝鸡市,三迪小学,细颗粒物(PM2.5),59,,42,42,49,17,,,,32,30,4,4,0.6,0.5
2025-10-24T0200,4308A,107.3898,34.3601,宝鸡市,陈仓区北开路21号,细颗粒物(PM2.5),58,,52,41,49,20,,,,23,20,5,5,0.6,0.5
2025-10-24T0200,1051A,115.493,38.8632,保定市,游泳馆,细颗粒物(PM2.5),122,103,84,92,66,1,,,,50,51,3,4,0.5,0.5
2025-10-24T0200,1052A,115.5213,38.8959,保定市,华电二区,细颗粒物(PM2.5),107,85,67,80,61,2,,,,49,42,5,6,0.8,0.5
2025-10-24T0200,1053A,115.4713,38.9108,保定市,接待中心,细颗粒物(PM2.5),117,97,81,88,66,0,,,,47,39,4,5,0.4,0.4
2025-10-24T0200,1054A,115.4612,38.8416,保定市,地表水厂,细颗粒物(PM2.5),105,114,84,79,62,1,,,,49,42,8,9,0.5,0.5
2025-10-24T0200,3581A,115.31981,38.95208,保定市,满城区生态环境分局,细颗粒物(PM2.5),98,97,90,73,62,1,,,,38,38,3,2,0.4,0.4
2025-10-24T0200,3582A,115.47694,38.76408,保定市,清苑区第二中学,细颗粒物(PM2.5),84,94,76,62,52,3,,,,53,44,3,2,0.6,0.6
2025-10-24T0200,3583A,115.62909,39.02311,保定市,徐水物探局,细颗粒物(PM2.5),120,,70,91,69,2,,,,52,42,4,4,0.7,0.7
2025-10-24T0200,4004A,115.4202,38.8656,保定市,双鹰农机,细颗粒物(PM2.5),117,131,97,88,66,3,,,,51,46,3,2,0.6,0.6
2025-10-24T0200,4034A,115.5150,38.8590,保定市,植保所站,细颗粒物(PM2.5),115,115,94,87,65,0,,,,50,45,3,5,0.9,0.8
2025-10-24T0200,2594A,99.1678,25.1081,保山市,市环境监测站,,17,17,23,6,12,36,,,,7,8,7,6,0.5,0.5
2025-10-24T0200,2595A,99.1711,25.1328,保山市,市环保局,,26,22,24,18,16,54,,,,5,6,6,6,0.7,0.6
2025-10-24T0200,1866A,109.2262,21.588,北海市,牛尾岭水库,,29,25,24,20,14,41,,,,18,12,3,3,0.6,0.6
2025-10-24T0200,1867A,109.1436,21.4086,北海市,海滩公园,,28,28,28,12,17,59,,,,10,10,7,7,0.3,0.3
2025-10-24T0200,1868A,109.0981,21.4661,北海市,新市环保局,,28,28,27,17,20,60,,,,9,8,11,7,0.4,0.4
2025-10-24T0200,1869A,109.1778,21.5233,北海市,北海工业园,,32,32,30,20,18,56,,,,13,11,11,6,0.4,0.4
2025-10-24T0200,3400A,109.1911,21.4415,北海市,龙潭自来水厂,,30,30,28,20,18,59,,,,8,6,9,7,0.4,0.4
2025-10-24T0200,1001A,116.3621,39.8784,北京市,万寿西宫,细颗粒物(PM2.5),93,98,74,69,55,1,,,,70,41,2,3,0.8,0.7
2025-10-24T0200,1002A,116.2202,40.2915,北京市,定陵,,,,,,,,,,,,,,,,
2025-10-24T0200,1003A,116.4174,39.9289,北京市,东四,细颗粒物(PM2.5),89,98,75,66,54,3,,,,57,34,3,4,0.8,0.7
2025-10-24T0200,1004A,116.4072,39.8863,北京市,天坛,细颗粒物(PM2.5),74,67,62,54,48,0,,,,28,28,1,2,0.8,0.6
2025-10-24T0200,1005A,116.462,39.9365,北京市,农展馆,细颗粒物(PM2.5),85,81,68,63,52,0,,,,49,35,4,4,0.7,0.5
2025-10-24T0200,1006A,116.3392,39.9295,北京市,官园,细颗粒物(PM2.5),80,94,72,59,53,1,,,,56,37,6,7,0.7,0.6
2025-10-24T0200,1007A,116.2878,39.9611,北京市,海淀万柳,细颗粒物(PM2.5),68,75,70,49,52,0,,,,45,42,3,4,0.8,0.7
2025-10-24T0200,1008A,116.6636,40.135,北京市,顺义新城,颗粒物(PM10),72,94,65,47,44,1,,,,39,29,2,3,0.9,0.7
2025-10-24T0200,1009A,116.6275,40.3275,北京市,怀柔镇,细颗粒物(PM2.5),60,54,48,43,40,25,,,,22,25,3,4,0.8,0.8
2025-10-24T0200,1010A,116.2296,40.217,北京市,昌平镇,细颗粒物(PM2.5),69,65,53,50,41,4,,,,37,22,4,5,0.7,0.6
2025-10-24T0200,1011A,116.3966,39.9821,北京市,奥体中心,细颗粒物(PM2.5),78,83,66,57,49,0,,,,58,40,5,5,1.0,0.6
2025-10-24T0200,3281A,115.9718,40.4529,北京市,延庆夏都,细颗粒物(PM2.5),60,66,52,43,38,24,,,,14,21,2,2,0.5,0.5
2025-10-24T0200,3418A,116.8336,40.4095,北京市,密云新城,,,,52,,40,,,45,,,24,,2,,0.6
2025-10-24T0200,3671A,116.088,39.9726,北京市,门头沟三家店,颗粒物(PM10),61,72,65,42,43,1,,,,31,32,3,2,0.6,0.6
2025-10-24T0200,3672A,116.1541,39.8204,北京市,丰台云岗,细颗粒物(PM2.5),78,94,79,57,55,0,,,,47,34,3,4,0.6,0.6
2025-10-24T0200,3673A,116.6804,39.9081,北京市,通州东关,细颗粒物(PM2.5),77,92,75,56,49,1,,,,61,41,4,4,0.7,0.4
2025-10-24T0200,3674A,115.9577,39.7603,北京市,房山燕山,细颗粒物(PM2.5),67,63,65,48,47,4,,,,24,27,3,3,0.6,0.6
2025-10-24T0200,3675A,116.4672,39.7733,北京市,大兴旧宫,颗粒物(PM10),70,89,72,43,43,1,,,,46,34,2,3,0.8,0.6
2025-10-24T0200,3694A,115.986,40.4563,北京市,延庆石河营,细颗粒物(PM2.5),54,55,47,38,35,13,,,,17,20,2,2,0.5,0.5
2025-10-24T0200,3695A,116.6151,40.3053,北京市,怀柔新城,细颗粒物(PM2.5),64,57,48,46,39,29,,,,16,21,3,4,0.6,0.5
2025-10-24T0200,3696A,116.2545,39.8768,北京市,丰台小屯,颗粒物(PM10),68,85,74,39,47,0,,,,37,36,3,4,0.8,0.7
2025-10-24T0200,3697A,116.84,40.3844,北京市,密云镇,细颗粒物(PM2.5),75,72,61,55,47,3,,,,37,32,5,6,0.5,0.6
2025-10-24T0200,4182A,116.1942,39.9158,北京市,八角北路9号,细颗粒物(PM2.5),77,91,77,56,54,1,,,,17,25,2,2,0.7,0.5
2025-10-24T0200,4194A,117.0790,40.1518,北京市,洳河巡河路,颗粒物(PM10),66,81,65,47,44,14,,,,13,17,3,4,0.6,0.5
2025-10-24T0200,1761A,123.8275,41.3064,本溪市,大峪,颗粒物(PM10),57,63,54,39,33,15,,,,41,27,7,9,0.3,0.4
2025-10-24T0200,1762A,123.7567,41.3325,本溪市,溪湖,细颗粒物(PM2.5),68,80,67,49,34,6,,,,50,33,4,3,1.0,0.6
2025-10-24T0200,1763A,123.7169,41.3094,本溪市,彩屯,细颗粒物(PM2.5),75,81,68,55,43,20,,,,38,35,7,9,0.8,0.9
2025-10-24T0200,1764A,123.7669,41.2864,本溪市,东明,细颗粒物(PM2.5),65,67,62,47,38,11,,,,48,36,7,8,0.7,0.8
2025-10-24T0200,1765A,123.7992,41.2664,本溪市,新立屯,细颗粒物(PM2.5),59,52,41,42,28,16,,,,50,39,6,7,0.7,0.6
2025-10-24T0200,1766A,123.8142,41.3472,本溪市,威宁,细颗粒物(PM2.5),69,73,62,50,37,6,,,,38,33,4,5,0.8,0.7
2025-10-24T0200,2587A,105.2864,27.3125,毕节市,八中,,49,44,27,34,22,28,,,,7,10,9,9,0.5,0.5
2025-10-24T0200,2588A,105.31,27.2944,毕节市,师专,,48,39,24,33,19,30,,,,8,12,9,10,0.6,0.7
2025-10-24T0200,4263A,105.3688,27.3598,毕节市,工业大道,,40,34,25,28,19,34,,,,11,10,8,10,0.5,0.6
2025-10-24T0200,1629A,118.0018,37.3617,滨州市,第二水厂,,27,27,41,11,20,30,,,,36,32,5,8,0.2,0.3
2025-10-24T0200,1630A,117.9776,37.393,滨州市,北中新校,,28,27,40,19,21,18,,,,23,33,3,7,0.3,0.4
2025-10-24T0200,3514A,117.9378,37.3956,滨州市,中海酒店,,27,27,42,12,24,19,,,,22,31,2,5,0.5,0.6
2025-10-24T0200,3515A,117.9378,37.3553,滨州市,开发区一中,,27,27,45,9,21,58,,,,17,30,3,4,0.4,0.5
2025-10-24T0200,3516A,118.0917,37.694,滨州市,金海六路,,39,39,40,17,19,1,,,,46,31,3,5,0.7,0.8
2025-10-24T0200,4028A,117.9956,37.3753,滨州市,滨州市西街道办事处,,32,29,41,22,25,23,,,,27,34,5,8,0.6,0.5
2025-10-24T0200,2311A,115.8072,33.8399,亳州市,污水处理厂,细颗粒物(PM2.5),98,101,85,73,60,34,,,,30,25,10,12,0.5,0.5
2025-10-24T0200,2312A,115.7789,33.8518,亳州市,三国揽胜宫,颗粒物(PM10),72,94,79,48,46,43,,,,26,24,7,10,0.6,0.6
2025-10-24T0200,3332A,115.7633,33.8034,亳州市,亳州学院,"颗粒物(PM10),细颗粒物(PM2.5)",80,110,89,59,57,46,,,,26,21,8,11,0.4,0.4
2025-10-24T0200,2693A,82.0485,44.8556,博尔塔拉蒙古自治州,市党校,颗粒物(PM10),77,104,89,45,48,35,,,,17,21,4,7,0.2,0.3
2025-10-24T0200,2694A,82.0806,44.8969,博尔塔拉蒙古自治州,市环保局,,,,88,,31,18,,,,29,29,6,10,0.7,0.7
2025-10-24T0200,1071A,116.8842,38.2991,沧州市,沧县城建局,细颗粒物(PM2.5),110,98,73,83,58,14,,,,61,46,4,6,0.8,0.7
2025-10-24T0200,1072A,116.8584,38.3254,沧州市,电视转播站,细颗粒物(PM2.5),89,92,72,66,56,0,,,,62,48,3,4,0.7,0.8
2025-10-24T0200,1073A,116.8709,38.3228,沧州市,市环保局,细颗粒物(PM2.5),88,82,76,65,61,1,,,,76,51,6,5,0.7,0.8
2025-10-24T0200,3324A,116.8136,38.3004,沧州市,河北水利电力学院,细颗粒物(PM2.5),70,85,69,51,42,11,,,,56,42,3,4,0.5,0.6
2025-10-24T0200,2622A,97.1806,31.1273,昌都市,昌都监测站,,27,9,15,7,8,84,,,,3,8,3,3,0.3,0.3
2025-10-24T0200,3719A,97.1714,31.1406,昌都市,昌都会议中心,,24,13,19,3,7,76,,,,3,5,2,2,0.2,0.2
2025-10-24T0200,2690A,88.1236,43.8886,昌吉回族自治州,天山天池,,,,,,,,,,,,,,,,
2025-10-24T0200,2692A,87.2717,44.0297,昌吉回族自治州,新区政务中心,细颗粒物(PM2.5),114,169,132,86,60,4,,,,88,46,7,11,1.1,0.8
2025-10-24T0200,3613A,87.3095,44.0142,昌吉回族自治州,亚心广场,细颗粒物(PM2.5),156,237,193,119,89,4,,,,82,47,10,13,1.1,0.9
2025-10-24T0200,1120A,125.2863,43.9027,长春市,客车厂,细颗粒物(PM2.5),68,63,50,49,37,7,,,,69,46,7,8,0.5,0.5
2025-10-24T0200,1121A,125.2841,43.8463,长春市,邮电学院,细颗粒物(PM2.5),59,56,41,42,30,12,,,,47,32,6,7,0.6,0.5
2025-10-24T0200,1122A,125.3716,43.8772,长春市,劳动公园,"颗粒物(PM10),细颗粒物(PM2.5)",65,79,56,47,30,2,,,,58,41,8,10,0.8,0.6
2025-10-24T0200,1123A,125.3297,43.8805,长春市,园林处,细颗粒物(PM2.5),67,62,39,48,27,18,,,,40,38,6,7,0.5,0.3
2025-10-24T0200,1124A,125.4605,43.79,长春市,净月潭,,33,33,37,23,24,28,,,,15,24,5,6,0.3,0.3
2025-10-24T0200,1125A,125.7194,43.515,长春市,甩湾子,细颗粒物(PM2.5),73,76,51,53,43,9,,,,34,27,4,5,0.7,0.6
2025-10-24T0200,1126A,125.3863,43.8447,长春市,经开区环卫处,细颗粒物(PM2.5),83,102,55,61,32,3,,,,62,44,8,8,1.0,0.7
2025-10-24T0200,1127A,125.245,43.7783,长春市,高新区管委会,细颗粒物(PM2.5),59,61,63,42,40,4,,,,60,44,6,7,0.6,0.6
2025-10-24T0200,1128A,125.1761,43.8325,长春市,岱山公园,细颗粒物(PM2.5),92,99,64,68,40,6,,,,89,56,12,9,0.8,0.6
2025-10-24T0200,4281A,125.3346,43.9164,长春市,北亚泰大街1068号,细颗粒物(PM2.5),78,81,52,57,43,2,,,,65,48,8,10,0.8,0.5
2025-10-24T0200,1335A,113.0833,28.2325,长沙市,经开区环保局,,43,43,41,23,23,74,,,,23,18,6,6,0.4,0.4
2025-10-24T0200,1336A,112.8872,28.2189,长沙市,高开区环保局,细颗粒物(PM2.5),54,45,44,38,29,68,,,,23,18,8,6,0.3,0.3
2025-10-24T0200,1337A,113.0792,28.2053,长沙市,马坡岭,,41,41,43,26,25,69,,,,26,16,6,6,0.4,0.4
2025-10-24T0200,1338A,112.9394,28.19,长沙市,湖南师范大学,,42,40,43,29,25,76,,,,22,16,5,5,0.5,0.5
2025-10-24T0200,1339A,113.0178,28.1322,长沙市,雨花区环保局,,39,39,41,26,23,83,,,,19,18,8,8,0.3,0.3
2025-10-24T0200,1340A,112.9792,28.2597,长沙市,伍家岭,,48,48,42,24,21,74,,,,22,18,5,5,0.4,0.4
2025-10-24T0200,1341A,113.0014,28.1944,长沙市,火车新站,,45,40,43,31,27,85,,,,20,19,10,10,0.4,0.4
2025-10-24T0200,1342A,112.9844,28.1178,长沙市,天心区环保局,,38,38,41,25,24,90,,,,18,15,6,6,0.4,0.4
2025-10-24T0200,1343A,112.8908,28.1308,长沙市,湖南中医药大学,,45,45,48,30,24,67,,,,19,14,6,6,0.5,0.5
2025-10-24T0200,1344A,112.9581,28.3611,长沙市,沙坪,,,,,,,,,,,,,,,,
2025-10-24T0200,1727A,113.1147,36.1547,长治市,清华站,细颗粒物(PM2.5),100,,60,75,56,57,,,,29,28,33,19,0.8,0.9
2025-10-24T0200,1730A,113.0886,36.2125,长治市,审计局,细颗粒物(PM2.5),107,,47,80,64,40,,,,26,25,10,11,1.2,0.9
2025-10-24T0200,1731A,113.0844,36.1856,长治市,长治八中,细颗粒物(PM2.5),110,100,77,83,62,60,,,,21,23,15,12,0.7,0.8
2025-10-24T0200,2845A,113.1569,36.1911,长治市,德盛苑,细颗粒物(PM2.5),104,,58,78,54,64,,,,19,20,20,13,1.1,1.2
2025-10-24T0200,3568A,113.06,36.0464,长治市,向阳小学,细颗粒物(PM2.5),90,112,86,67,51,58,,,,34,31,85,25,0.7,0.7
2025-10-24T0200,3569A,112.8792,36.3144,长治市,屯留一中,细颗粒物(PM2.5),109,97,74,82,55,60,,,,18,21,9,11,0.8,1.7
2025-10-24T0200,4189A,113.1131,36.19948,长治市,英华南巷50号,细颗粒物(PM2.5),110,,68,83,61,37,,,,30,29,12,13,1.6,1.4
2025-10-24T0200,4190A,113.2367,36.3344,长治市,学府街1号,细颗粒物(PM2.5),109,89,71,82,65,18,,,,48,30,16,14,1.4,1.1
2025-10-24T0200,1854A,111.6975,28.9703,常德市,市二中,颗粒物(PM10),54,57,51,37,32,87,,,,11,10,8,6,0.3,0.3
2025-10-24T0200,1857A,111.7158,29.1456,常德市,白鹤山,,,,,,,,,,,,,,,,
2025-10-24T0200,3138A,111.7153,29.0289,常德市,武陵区永安,颗粒物(PM10),54,58,49,27,26,86,,,,13,12,8,7,0.5,0.5
2025-10-24T0200,3139A,111.6892,28.9881,常德市,鼎城区玉霞,颗粒物(PM10),52,54,47,30,30,86,,,,9,8,8,7,0.5,0.5
2025-10-24T0200,3140A,111.6625,29.0531,常德市,武陵区长庚,颗粒物(PM10),57,64,53,32,29,79,,,,10,9,5,4,0.3,0.2
2025-10-24T0200,1196A,119.9633,31.762,常州市,市监测站,,44,44,31,18,13,65,,,,20,16,8,8,0.5,0.4
2025-10-24T0200,1200A,119.9468,31.7069,常州市,武进监测站,,40,40,27,13,8,67,,,,22,19,13,9,0.4,0.4
2025-10-24T0200,1201A,119.9255,31.9087,常州市,安家,,41,41,29,15,11,33,,,,38,26,14,10,0.6,0.4
2025-10-24T0200,3002A,119.9805,31.8174,常州市,行政中心,,43,43,36,23,17,62,,,,23,19,7,5,0.7,0.6
2025-10-24T0200,3003A,120.0522,31.7748,常州市,经开区,颗粒物(PM10),55,60,37,14,11,44,,,,34,24,8,8,0.5,0.5
2025-10-24T0200,3010A,119.9025,31.7964,常州市,钟楼,,40,40,31,20,13,42,,,,41,24,12,9,0.8,0.6
2025-10-24T0200,3429A,119.8598,31.7066,常州市,武进经发区,颗粒物(PM10),52,54,33,28,15,35,,,,52,34,13,12,0.9,0.7
2025-10-24T0200,3430A,119.5826,31.7245,常州市,金坛城区,,42,42,31,27,16,52,,,,22,17,13,10,0.6,0.5
2025-10-24T0200,2220A,120.4318,41.5881,朝阳市,西梁,颗粒物(PM10),51,52,66,29,22,3,,,,51,39,6,8,0.9,0.7
2025-10-24T0200,2221A,120.4521,41.5646,朝阳市,河畔小区,,38,33,50,26,24,3,,,,47,31,5,6,0.7,0.6
2025-10-24T0200,2222A,120.4176,41.5648,朝阳市,八里堡,,38,28,55,26,32,2,,,,48,40,5,8,0.6,0.7
2025-10-24T0200,2223A,120.3806,41.5969,朝阳市,农业园区,,21,21,36,14,21,20,,,,35,31,5,7,0.3,0.4
2025-10-24T0200,1705A,116.6367,23.6719,潮州市,西园路,,,,,,,,,,,,,,,,
2025-10-24T0200,3026A,116.6183,23.6608,潮州市,市政府,,19,19,21,11,10,55,,,,1,2,2,2,0.1,0.1
2025-10-24T0200,4036A,116.6461,23.6761,潮州市,金山,,20,18,22,14,12,50,,,,2,4,3,3,0.4,0.4
2025-10-24T0200,2472A,113.0073,25.9061,郴州市,马头岭,,,,,,,,,,,,,,,,
2025-10-24T0200,2473A,113.0116,25.8226,郴州市,市职中,,43,42,35,30,25,68,,,,12,18,3,3,0.4,0.7
2025-10-24T0200,2475A,113.0383,25.8071,郴州市,市审计局,,45,45,35,30,25,60,,,,12,15,10,10,0.2,0.3
2025-10-24T0200,2476A,113.0348,25.7759,郴州市,市环保局,,,54,47,28,24,,,,,13,20,2,2,0.4,0.4
2025-10-24T0200,4252A,113.0138,25.8011,郴州市,好美居路49号,,29,28,33,20,25,76,,,,14,23,10,10,0.5,0.6
2025-10-24T0200,1431A,103.9728,30.7236,成都市,金泉两河,,13,9,7,3,3,39,,,,10,16,2,2,0.3,0.4
2025-10-24T0200,1432A,104.176,30.6872,成都市,十里店,,13,8,9,3,4,40,,,,13,17,3,3,0.3,0.4
2025-10-24T0200,1433A,104.079,30.5706,成都市,三瓦窑,,15,8,16,7,14,48,,,,10,17,4,4,0.5,0.6
2025-10-24T0200,1434A,104.1114,30.63,成都市,沙河铺,,26,26,22,13,15,38,,,,14,22,2,3,0.4,0.5
2025-10-24T0200,1437A,104.0786,30.6531,成都市,君平街,,12,7,16,3,8,37,,,,10,17,4,4,0.4,0.5
2025-10-24T0200,1438A,103.613,31.0283,成都市,灵岩寺,,,,,,,,,,,,,,,,
2025-10-24T0200,2880A,104.0239,30.65639,成都市,大石西路,,12,10,12,3,10,38,,,,15,21,2,2,0.4,0.5
2025-10-24T0200,3136A,104.2725,30.5589,成都市,龙泉驿区区政府,,14,6,3,3,2,43,,,,13,13,5,5,0.5,0.5
2025-10-24T0200,3357A,104.0106,30.6931,成都市,金博路,,13,6,5,3,3,40,,,,13,22,6,6,0.4,0.5
2025-10-24T0200,3359A,104.0578,30.5225,成都市,华阳,,18,,11,12,11,40,,,,11,20,4,4,0.4,0.6
2025-10-24T0200,3488A,104.3880,30.7467,成都市,青石路225号,,20,20,14,3,7,40,,,,10,13,3,2,0.5,0.6
2025-10-24T0200,3489A,104.0789,30.4072,成都市,科学城,,12,11,10,8,7,33,,,,13,11,4,4,0.5,0.5
2025-10-24T0200,4011A,103.8506,30.6947,成都市,光华大道三段,,13,6,14,3,4,39,,,,10,18,1,1,0.5,0.6
2025-10-24T0200,4224A,104.2433,30.5353,成都市,鲸龙路1057号,,19,,7,13,8,38,,,,18,19,5,4,0.5,0.6
2025-10-24T0200,1062A,117.9531,40.9081,承德市,铁路,细颗粒物(PM2.5),54,53,53,38,29,20,,,,24,31,2,3,0.5,0.6
2025-10-24T0200,1063A,117.9392,40.9763,承德市,中国银行,颗粒物(PM10),58,65,53,34,23,5,,,,30,29,2,3,0.8,0.6
2025-10-24T0200,1064A,117.9503,40.928,承德市,开发区,颗粒物(PM10),55,60,62,38,32,12,,,,33,34,2,3,0.6,0.5
2025-10-24T0200,1066A,117.9268,41.0026,承德市,离宫,,,,,,,,,,,,,,,,
2025-10-24T0200,4274A,117.7994,40.9605,承德市,滨河大街98号,颗粒物(PM10),53,55,46,32,30,9,,,,32,29,3,3,0.6,0.6
2025-10-24T0200,2314A,117.47,30.6618,池州市,池州学院,,43,43,43,22,23,37,,,,39,32,11,13,0.6,0.6
2025-10-24T0200,3237A,117.4918,30.6617,池州市,展览馆,,46,46,41,25,21,16,,,,57,32,10,10,0.7,0.7
2025-10-24T0200,3333A,117.5627,30.695,池州市,第八中学,,48,48,43,25,22,13,,,,53,29,8,9,0.7,0.6
2025-10-24T0200,3334A,117.5038,30.6243,池州市,第十二中学,颗粒物(PM10),51,51,37,33,21,17,,,,49,31,8,8,0.6,0.6
2025-10-24T0200,1744A,118.9233,42.2816,赤峰市,松山一中,颗粒物(PM10),55,60,52,36,27,3,,,,50,48,11,17,0.6,0.8
2025-10-24T0200,1745A,118.9576,42.2728,赤峰市,哈达街,细颗粒物(PM2.5),72,90,70,52,35,6,,,,48,51,14,31,0.7,1
2025-10-24T0200,1746A,118.8788,42.2554,赤峰市,天义路,细颗粒物(PM2.5),64,54,40,46,33,5,,,,44,45,13,22,0.6,0.7
2025-10-24T0200,3058A,119.2658,42.0353,赤峰市,银河街,颗粒物(PM10),61,71,49,26,22,2,,,,47,29,14,20,0.7,0.4
2025-10-24T0200,3286A,118.9359,42.3147,赤峰市,桥北物流园区,,47,47,46,32,29,4,,,,47,37,11,14,0.6,0.6
2025-10-24T0200,2521A,107.3476,22.4136,崇左市,市环保局江州分局,,18,16,19,12,9,26,,,,7,7,1,2,0.5,0.5
2025-10-24T0200,4256A,107.3750,22.3736,崇左市,石景林东路7号,,18,18,16,12,9,22,,,,11,9,5,6,0.5,0.5
2025-10-24T0200,2298A,118.3093,32.3153,滁州市,老年大学,,33,33,32,22,21,42,,,,12,13,9,10,0.2,0.2
2025-10-24T0200,2299A,118.3244,32.2786,滁州市,人大宾馆,,44,44,31,19,14,53,,,,12,10,4,5,0.2,0.2
2025-10-24T0200,3207A,118.3118,32.3038,滁州市,市政府原办公楼,,38,38,34,23,19,56,,,,14,16,5,6,0.3,0.3
2025-10-24T0200,3331A,118.3267,32.2634,滁州市,图书馆,,30,30,28,19,14,52,,,,18,15,6,7,0.3,0.2
2025-10-24T0200,2605A,101.5482,25.0441,楚雄彝族自治州,州环境监测站,,32,30,20,22,15,12,,,,28,12,21,12,0.7,0.7
2025-10-24T0200,2606A,101.538,25.0492,楚雄彝族自治州,市经济开发区,,32,28,26,22,17,25,,,,23,14,7,9,0.7,0.8
2025-10-24T0200,2548A,107.5277,31.2827,达州市,达州职业技术学院,,,,,,,,,,,,,,,,
2025-10-24T0200,2549A,107.5086,31.2186,达州市,市环境监测站,,21,21,27,9,5,5,,,,25,24,7,9,0.4,0.4
2025-10-24T0200,2550A,107.4988,31.2132,达州市,凤凰小区,,19,19,19,9,7,8,,,,24,22,8,8,0.3,0.3
2025-10-24T0200,2551A,107.5082,31.1986,达州市,达县机关宾馆,,19,19,19,7,4,3,,,,27,24,8,8,0.3,0.4
2025-10-24T0200,2552A,107.4644,31.2124,达州市,市政中心,,31,31,27,9,7,11,,,,18,19,17,10,0.3,0.3
2025-10-24T0200,2614A,100.1542,25.7054,大理白族自治州,大理市环境监测站,,18,18,21,7,10,44,,,,10,11,5,5,0.5,0.7
2025-10-24T0200,2615A,100.2171,25.5811,大理白族自治州,大理古城,,20,14,20,14,15,50,,,,5,7,6,7,0.8,0.9
2025-10-24T0200,1109A,121.612,38.9741,大连市,甘井子,,47,47,43,25,19,56,,,,24,23,8,9,0.3,0.5
2025-10-24T0200,1110A,121.565,38.9511,大连市,周水子,,34,34,31,23,18,68,,,,22,26,7,8,0.4,0.4
2025-10-24T0200,1111A,121.5637,38.8845,大连市,星海三站,,35,33,28,24,18,64,,,,10,13,7,8,0.4,0.4
2025-10-24T0200,1112A,121.6302,38.9117,大连市,青泥洼桥,,46,46,38,27,18,57,,,,21,24,12,12,0.3,0.3
2025-10-24T0200,1113A,121.6251,38.8638,大连市,傅家庄,,41,41,35,22,17,57,,,,18,17,7,7,0.6,0.6
2025-10-24T0200,1114A,121.5213,38.8661,大连市,七贤岭,,38,38,31,20,16,64,,,,15,15,7,8,0.7,0.6
2025-10-24T0200,1115A,121.2529,38.8061,大连市,旅顺,,26,26,24,18,15,66,,,,11,10,8,8,0.4,0.3
2025-10-24T0200,1116A,121.7485,39.1311,大连市,金州,,45,45,39,28,23,60,,,,27,25,9,10,0.4,0.4
2025-10-24T0200,1117A,121.7811,39.0496,大连市,开发区,,34,34,27,22,16,57,,,,16,16,6,6,0.5,0.5
2025-10-24T0200,1118A,121.9762,39.0631,大连市,双D港,,50,50,42,28,24,62,,,,16,16,10,9,0.6,0.8
2025-10-24T0200,1789A,124.81117,46.03138,大庆市,大同区,,45,45,43,19,22,31,,,,22,27,10,10,0.6,0.6
2025-10-24T0200,1790A,125.129,46.533,大庆市,龙凤区,,34,34,35,21,17,38,,,,20,26,10,10,0.6,0.6
2025-10-24T0200,1791A,124.902,46.408,大庆市,红岗区,,37,37,38,22,17,40,,,,9,11,13,7,0.6,0.6
2025-10-24T0200,1792A,125.153,46.586,大庆市,萨尔图区,,29,26,35,20,19,46,,,,23,29,10,9,0.4,0.4
2025-10-24T0200,1793A,124.9042,46.6215,大庆市,让胡路区,细颗粒物(PM2.5),53,41,38,37,26,38,,,,27,35,7,6,0.5,0.5
2025-10-24T0200,3481A,125.141,46.634,大庆市,萨区政府监测点,,21,21,29,9,11,57,,,,11,16,12,8,0.3,0.4
2025-10-24T0200,1721A,113.3819,40.1097,大同市,果树场,,50,50,34,26,29,6,,,,17,26,6,8,1.6,0.9
2025-10-24T0200,1723A,113.2994,40.0758,大同市,云冈宾馆,细颗粒物(PM2.5),59,66,41,42,31,2,,,,29,28,5,6,1.1,1
2025-10-24T0200,1724A,113.3444,40.0917,大同市,大同大学,颗粒物(PM10),55,60,37,36,30,1,,,,40,29,8,8,1.0,0.8
2025-10-24T0200,1725A,113.2661,40.1269,大同市,安家小村,,45,45,40,28,28,8,,,,32,28,4,5,0.6,0.6
2025-10-24T0200,1726A,113.2711,40.0844,大同市,教育学院,颗粒物(PM10),57,63,44,37,30,1,,,,36,31,5,6,0.9,0.8
2025-10-24T0200,3282A,113.3397,40.0597,大同市,大同市卫生学校,,46,45,41,32,28,1,,,,38,32,5,5,0.8,0.8
2025-10-24T0200,3565A,113.1367,40.1122,大同市,云冈站,,,66,50,40,38,2,,,,23,27,6,8,,1
2025-10-24T0200,3566A,113.1186,40.2556,大同市,图书馆,,50,50,54,34,39,2,,,,19,29,4,13,0.6,1.2
2025-10-24T0200,3567A,113.5931,40.0461,大同市,区一中,,46,38,39,32,30,33,,,,14,17,1,3,0.7,0.7
2025-10-24T0200,4199A,113.2798,40.0997,大同市,魏都大道141号,细颗粒物(PM2.5),65,75,46,47,33,1,,,,36,34,5,5,1.1,0.7
2025-10-24T0200,2269A,124.1069,50.4097,大兴安岭地区,科技局,,30,,31,21,20,30,,,,4,10,4,4,0.2,0.3
2025-10-24T0200,3663A,124.1164,50.4278,大兴安岭地区,红旗社区,,45,44,28,31,15,2,,,,28,18,3,4,0.5,0.4
2025-10-24T0200,1600A,124.3303,40.0625,丹东市,江湾东路,,40,39,36,28,27,74,,,,14,19,9,9,0.5,0.6
2025-10-24T0200,1601A,124.4256,40.1503,丹东市,临江后街,,33,33,32,22,20,71,,,,10,14,10,7,0.4,0.4
2025-10-24T0200,1602A,124.3933,40.1461,丹东市,元宝山,,33,30,30,23,21,67,,,,13,15,10,10,0.4,0.4
2025-10-24T0200,1603A,124.3633,40.1092,丹东市,民主桥,,35,35,35,24,21,71,,,,12,18,6,7,0.5,0.4
2025-10-24T0200,3541A,109.5726,19.5167,儋州市,第一中学子站,,,,24,16,14,34,,,,8,7,2,2,0.4,0.7
2025-10-24T0200,3542A,109.5567,19.5187,儋州市,东坡学校子站,,23,17,18,16,12,42,,,,7,8,2,2,0.5,0.5
2025-10-24T0200,2616A,98.5842,24.428,德宏傣族景颇族自治州,德宏州监测站,,26,25,24,18,18,13,,,,14,16,8,12,0.6,0.6
2025-10-24T0200,3677A,98.5881,24.4368,德宏傣族景颇族自治州,芒市人民政府综合楼,,38,38,32,20,17,17,,,,10,12,6,9,0.6,0.6
2025-10-24T0200,1901A,104.4239,31.1208,德阳市,东山公园,,13,,3,3,7,39,,,,5,7,1,1,0.6,0.7
2025-10-24T0200,1902A,104.3826,31.1317,德阳市,西小区,,15,15,15,3,6,35,,,,12,12,1,3,0.6,0.5
2025-10-24T0200,1904A,104.3553,31.1091,德阳市,耐火材料厂,,13,13,12,6,6,23,,,,22,17,3,2,0.7,0.8
2025-10-24T0200,3639A,104.4019,31.1244,德阳市,市教育局,,11,9,8,3,7,34,,,,10,12,2,3,0.7,0.8
2025-10-24T0200,1622A,116.3032,37.4674,德州市,儿童乐园,细颗粒物(PM2.5),85,102,87,63,50,7,,,,69,51,13,14,0.9,0.8
2025-10-24T0200,1624A,116.2991,37.4451,德州市,监理站,细颗粒物(PM2.5),92,95,72,68,48,21,,,,69,56,16,18,0.9,0.7
2025-10-24T0200,3066A,116.2721,37.4379,德州市,九衢泉纯净水厂,颗粒物(PM10),71,92,80,44,41,8,,,,74,53,13,17,0.7,0.6
2025-10-24T0200,3371A,116.3728,37.4403,德州市,开发区人民医院,细颗粒物(PM2.5),70,88,76,51,40,2,,,,77,58,14,17,0.9,0.8
2025-10-24T0200,3511A,116.5652,37.3319,德州市,陵城艺术中心,细颗粒物(PM2.5),92,90,78,68,50,0,,,,61,44,12,13,0.9,0.7
2025-10-24T0200,4292A,116.3525,37.4209,德州市,新河东路,细颗粒物(PM2.5),73,92,73,53,40,10,,,,78,57,7,12,0.9,0.8
2025-10-24T0200,2621A,99.7056,27.8317,迪庆藏族自治州,迪庆州站,,21,,21,14,15,67,,,,4,7,6,6,0.3,0.4
2025-10-24T0200,3180A,99.7136,27.8094,迪庆藏族自治州,质量技术监督局,,23,15,25,6,12,71,,,,6,11,8,8,0.4,0.5
2025-10-24T0200,4257A,104.6092,35.5962,定西市,将台街,,25,25,26,16,18,31,,,,18,18,6,7,0.4,0.4
2025-10-24T0200,4309A,104.6159,35.5701,定西市,正龙路62号,,36,35,37,25,22,32,,,,11,11,4,4,0.3,0.4
2025-10-24T0200,1389A,113.7547,23.0494,东莞市,莞城梨川,,25,23,20,15,13,79,,,,10,12,5,5,0.4,0.5
2025-10-24T0200,1390A,113.7944,23.0128,东莞市,东城石井,,27,27,22,15,14,70,,,,12,14,8,7,0.5,0.5
2025-10-24T0200,1391A,113.7383,22.9658,东莞市,南城西平,,23,23,22,16,13,62,,,,23,19,8,7,0.6,0.6
2025-10-24T0200,3319A,113.7338,23.0381,东莞市,万江金泰,,24,21,19,12,12,75,,,,6,9,4,4,0.7,0.7
2025-10-24T0200,3626A,113.7533,23.0202,东莞市,南城元岭,,25,24,21,16,15,79,,,,10,11,6,6,0.3,0.3
2025-10-24T0200,3627A,113.7875,23.0457,东莞市,东城主山,,27,27,21,15,11,76,,,,12,13,2,2,0.2,0.3
2025-10-24T0200,1666A,118.6614,37.4309,东营市,市环保局,,27,27,30,14,9,52,,,,24,22,6,7,0.5,0.6
2025-10-24T0200,3036A,118.6904,37.4338,东营市,开发区管委会,,35,35,27,14,13,52,,,,20,16,5,6,0.4,0.4
2025-10-24T0200,3365A,118.5719,37.565,东营市,垦利区民丰路,,22,22,28,7,12,37,,,,22,22,4,4,0.5,0.5
2025-10-24T0200,3498A,118.5055,37.8612,东营市,河口城区,,27,27,38,10,14,54,,,,19,24,5,7,0.3,0.4
2025-10-24T0200,3646A,118.4978,37.4623,东营市,胜利站,,43,43,42,14,14,40,,,,29,29,8,9,0.4,0.5
2025-10-24T0200,3734A,118.35,37.26,东营市,理想之城,,27,27,32,7,14,43,,,,22,31,1,3,0.4,0.4
2025-10-24T0200,1591A,110.0023,39.8129,鄂尔多斯市,综合楼,颗粒物(PM10),51,51,44,22,24,28,,,,53,36,6,8,0.4,0.6
2025-10-24T0200,1592A,109.9486,39.8261,鄂尔多斯市,巴音孟克林场办事处,,44,44,47,22,29,41,,,,39,35,8,10,0.7,0.7
2025-10-24T0200,1593A,109.7736,39.5986,鄂尔多斯市,康泽苑,,28,27,37,19,25,19,,,,20,23,4,5,0.4,0.5
2025-10-24T0200,1594A,109.8119,39.5989,鄂尔多斯市,华泰汽车城,,39,39,39,22,25,0,,,,33,33,5,5,0.5,0.6
2025-10-24T0200,1595A,109.9734,39.7884,鄂尔多斯市,奥林花园,颗粒物(PM10),54,58,54,22,26,6,,,,63,43,5,7,0.6,0.7
2025-10-24T0200,2436A,114.8938,30.3994,鄂州市,市政府,,26,26,33,8,19,78,,,,17,20,7,8,0.2,0.3
2025-10-24T0200,2437A,114.8989,30.3714,鄂州市,赵家坝,,44,44,34,16,17,72,,,,11,12,10,9,0.4,0.5
2025-10-24T0200,3654A,114.8094,30.4089,鄂州市,精准医疗中心,,32,32,33,13,17,82,,,,10,15,3,7,0.2,0.3
2025-10-24T0200,2454A,109.4978,30.2981,恩施土家族苗族自治州,湖北民院,,23,23,19,9,10,10,,,,4,9,6,6,0.4,0.4
2025-10-24T0200,2455A,109.4707,30.2798,恩施土家族苗族自治州,州电力总公司,,19,13,15,13,10,10,,,,8,9,5,5,0.6,0.5
2025-10-24T0200,3549A,109.5061,30.3772,恩施土家族苗族自治州,龙凤新区,,22,22,15,9,10,5,,,,6,6,6,6,0.4,0.4
2025-10-24T0200,2499A,108.3411,21.6158,防城港市,沙万,,26,21,23,18,13,52,,,,7,6,4,4,0.3,0.3
2025-10-24T0200,2500A,108.3514,21.7731,防城港市,防城档案局,,31,31,32,11,11,51,,,,8,9,6,6,0.5,0.5
2025-10-24T0200,2501A,108.3506,21.6414,防城港市,大海花园,,29,21,22,20,13,55,,,,8,7,5,15,0.3,0.4
2025-10-24T0200,1371A,113.1294,23.0067,佛山市,湾梁,,29,29,25,14,14,68,,,,22,23,8,8,0.5,0.5
2025-10-24T0200,1372A,113.1083,23.0478,佛山市,华材职中,,31,31,25,18,15,71,,,,14,15,7,6,0.6,0.6
2025-10-24T0200,1373A,113.144,23.0453,佛山市,南海气象局,,30,30,25,16,11,73,,,,18,21,9,8,0.4,0.5
2025-10-24T0200,1374A,113.2881,22.8094,佛山市,顺德苏岗,,28,22,25,19,13,55,,,,22,21,6,7,0.3,0.4
2025-10-24T0200,1376A,112.8383,22.8678,佛山市,高明孔堂,,32,32,29,22,14,50,,,,19,18,6,4,0.5,0.5
2025-10-24T0200,1377A,112.8836,23.1588,佛山市,三水监测站,,31,31,24,21,13,46,,,,23,22,7,8,0.5,0.5
2025-10-24T0200,1378A,112.867,23.185,佛山市,三水云东海,,33,33,21,19,12,55,,,,10,12,6,5,0.6,0.5
2025-10-24T0200,3625A,113.2544,22.7642,佛山市,容桂街道办,,27,27,23,17,14,59,,,,20,20,6,6,0.6,0.7
2025-10-24T0200,1280A,119.3903,26.0543,福州市,鼓山,,28,16,20,7,9,87,,,,7,8,1,1,0.7,0.7
2025-10-24T0200,1282A,119.2681,26.0504,福州市,师大,,27,14,26,6,10,85,,,,8,12,6,5,0.3,0.3
2025-10-24T0200,1283A,119.2984,26.1028,福州市,五四北路,,27,11,24,7,9,86,,,,8,12,4,4,0.3,0.4
2025-10-24T0200,1284A,119.2648,26.0768,福州市,杨桥西路,,27,13,24,6,10,84,,,,7,11,4,4,0.3,0.3
2025-10-24T0200,1285A,119.317,26.0746,福州市,紫阳,,27,17,30,8,10,85,,,,7,12,6,7,0.3,0.3
2025-10-24T0200,3048A,119.5799,26.0936,福州市,九龙,,26,19,24,9,11,82,,,,8,9,4,4,0.5,0.4
2025-10-24T0200,3526A,119.5189,25.9664,福州市,吴航,,26,24,23,11,11,82,,,,6,7,5,6,0.4,0.3
2025-10-24T0200,1755A,123.7977,41.8491,抚顺市,望花区,细颗粒物(PM2.5),72,65,77,52,46,9,,,,49,36,8,9,0.7,0.7
2025-10-24T0200,1756A,123.9161,41.8822,抚顺市,顺城区,颗粒物(PM10),64,77,63,40,37,2,,,,57,39,10,9,0.7,0.7
2025-10-24T0200,1757A,124.0436,41.8611,抚顺市,东洲区,细颗粒物(PM2.5),77,89,63,56,45,19,,,,41,25,8,8,0.8,0.7
2025-10-24T0200,1758A,123.9247,41.8642,抚顺市,新抚区,细颗粒物(PM2.5),89,91,64,66,42,5,,,,45,32,6,8,0.9,0.8
2025-10-24T0200,1759A,124.0972,41.8961,抚顺市,大伙房水库,细颗粒物(PM2.5),69,68,55,50,43,34,,,,39,27,11,11,0.6,0.6
2025-10-24T0200,1760A,123.7086,41.8391,抚顺市,沈抚新城,细颗粒物(PM2.5),67,58,46,48,38,22,,,,34,28,7,9,0.4,0.4
2025-10-24T0200,2376A,116.2127,28.0814,抚州市,桐源党溪,,,,,,,,,,,,,,,,
2025-10-24T0200,2377A,116.3544,27.9831,抚州市,市站,,38,38,45,19,24,69,,,,8,7,4,4,0.7,0.6
2025-10-24T0200,2378A,116.3565,27.963,抚州市,血防站,,40,40,44,23,22,71,,,,10,8,2,7,0.5,0.5
2025-10-24T0200,2379A,116.3564,28.0007,抚州市,采茶剧团,,39,39,47,14,23,70,,,,6,5,3,3,0.5,0.5
2025-10-24T0200,2380A,116.385,27.9647,抚州市,医学分院,颗粒物(PM10),51,52,50,22,23,68,,,,7,6,44,13,0.6,0.6
2025-10-24T0200,2207A,121.6094,41.998,阜新市,工业园区,颗粒物(PM10),51,52,43,21,23,7,,,,41,33,7,8,0.6,0.6
2025-10-24T0200,2208A,121.6697,42.0279,阜新市,长青街,,49,49,41,27,27,3,,,,55,35,18,11,2.5,1.6
2025-10-24T0200,2209A,121.6673,42.0705,阜新市,农业园区,,21,21,20,9,8,63,,,,7,9,9,6,0.9,1.1
2025-10-24T0200,2210A,121.6717,42.0224,阜新市,东苑,颗粒物(PM10),59,68,65,25,26,2,,,,55,39,20,14,1.8,1.5
2025-10-24T0200,2211A,121.6506,42.0498,阜新市,玉龙新城,颗粒物(PM10),76,101,47,19,18,3,,,,48,36,8,9,2.6,1
2025-10-24T0200,2301A,115.8277,32.8929,阜阳市,市监测站,颗粒物(PM10),60,70,57,40,34,40,,,,47,42,5,6,0.3,0.3
2025-10-24T0200,2303A,115.8554,32.8605,阜阳市,开发区,颗粒物(PM10),60,69,71,37,36,25,,,,38,27,9,10,0.3,0.5
2025-10-24T0200,2875A,115.784,32.8892,阜阳市,阜阳职业技术学院,颗粒物(PM10),51,52,45,32,34,49,,,,28,23,7,8,0.3,0.3
2025-10-24T0200,3468A,115.7901,32.8613,阜阳市,市规划展馆,颗粒物(PM10),52,53,46,31,28,60,,,,27,20,7,7,0.2,0.3
2025-10-24T0200,3469A,115.836,32.9183,阜阳市,枣园社区,颗粒物(PM10),67,83,66,39,38,17,,,,66,39,9,10,0.3,0.3
2025-10-24T0200,2669A,102.9099,34.9841,甘南藏族自治州,州政府,,20,18,18,10,18,64,,,,5,8,4,4,0.3,0.3
2025-10-24T0200,3380A,102.8914,34.9617,甘南藏族自治州,甘肃民族师范学院,,20,,9,14,12,55,,,,4,9,4,4,0.4,0.2
2025-10-24T0200,2570A,101.9603,30.0475,甘孜藏族自治州,水桥子,,15,6,5,3,5,45,,,,6,10,7,7,0.8,0.8
2025-10-24T0200,3065A,101.9533,29.9972,甘孜藏族自治州,州环保局,,16,6,5,3,6,51,,,,6,10,5,5,0.8,0.8
2025-10-24T0200,3414A,115.8347,28.932,赣江新区,桑海产业园,,46,46,39,29,19,73,,,,20,15,9,8,0.0,0.1
2025-10-24T0200,2362A,114.9017,25.9149,赣州市,通天岩,,30,30,36,19,18,81,,,,6,6,17,17,0.4,0.4
2025-10-24T0200,2363A,114.9367,25.8664,赣州市,地委,,47,47,46,24,21,95,,,,10,12,6,6,0.7,0.6
2025-10-24T0200,2364A,114.9461,25.8481,赣州市,气象台,,49,49,46,18,17,95,,,,5,10,4,7,0.6,0.6
2025-10-24T0200,2365A,114.9322,25.8333,赣州市,市图书馆,,36,36,38,25,23,100,,,,9,11,3,4,0.5,0.5
2025-10-24T0200,2366A,114.8905,25.8471,赣州市,华坚鞋城,颗粒物(PM10),51,51,39,22,19,92,,,,10,12,6,6,0.4,0.5
2025-10-24T0200,3109A,115.0093,25.8613,赣州市,赣县区卫计委,,49,,35,34,28,92,,,,5,5,7,7,0.5,0.5
2025-10-24T0200,2683A,106.2319,36.1417,固原市,马园,,,,,,,,,,,,,,,,
2025-10-24T0200,2684A,106.2792,36.0022,固原市,监测站,,9,7,11,6,9,26,,,,9,10,5,4,0.5,0.5
2025-10-24T0200,2685A,106.2375,36.0211,固原市,新区,,7,6,10,3,7,21,,,,10,12,3,3,0.4,0.4
2025-10-24T0200,3522A,106.2177,35.9959,固原市,原州区十五小,,9,6,12,3,8,15,,,,18,14,5,5,0.7,0.7
2025-10-24T0200,2543A,106.6308,30.5278,广安市,小平旧居,,,,,,,,,,,,,,,,
2025-10-24T0200,2544A,106.6303,30.4576,广安市,市委,,33,29,24,23,16,31,,,,8,10,3,4,0.5,0.5
2025-10-24T0200,2545A,106.6271,30.4663,广安市,友谊中学,,25,23,21,17,14,35,,,,8,11,5,5,0.5,0.6
2025-10-24T0200,2547A,106.6388,30.4551,广安市,广电花园,,28,24,19,19,13,28,,,,10,13,8,8,0.5,0.5
2025-10-24T0200,2902A,106.6351,30.4865,广安市,北辰小学,,26,26,22,18,13,32,,,,7,9,7,7,0.5,0.5
2025-10-24T0200,2523A,105.8945,32.4535,广元市,黑石坡,,,,,,,,,,,,,,,,
2025-10-24T0200,2524A,105.821,32.4444,广元市,老城,,12,11,12,3,5,37,,,,11,12,4,4,0.5,0.6
2025-10-24T0200,2526A,105.8628,32.4287,广元市,监测站,,14,14,13,3,10,25,,,,14,13,3,3,0.7,0.7
2025-10-24T0200,3617A,105.8047,32.4166,广元市,经开区,,10,6,8,3,3,30,,,,10,12,3,2,0.5,0.5
2025-10-24T0200,1345A,113.2347,23.1423,广州市,广雅中学,,39,39,34,18,19,53,,,,32,24,8,7,0.7,0.7
2025-10-24T0200,1346A,113.2612,23.105,广州市,市五中,,31,31,28,18,18,83,,,,24,26,6,7,0.7,0.7
2025-10-24T0200,1348A,113.3478,23.0916,广州市,广东商学院,,28,28,25,19,19,80,,,,18,21,4,5,0.3,0.2
2025-10-24T0200,1349A,113.4332,23.1047,广州市,市八十六中,,26,26,26,18,17,78,,,,18,26,5,6,0.3,0.3
2025-10-24T0200,1350A,113.3505,22.9483,广州市,番禺中学,,30,30,27,16,16,72,,,,17,16,6,6,0.4,0.4
2025-10-24T0200,1351A,113.2146,23.3916,广州市,花都师范,,36,36,31,20,16,68,,,,14,14,7,6,0.4,0.4
2025-10-24T0200,1352A,113.2597,23.1331,广州市,市监测站,,37,37,31,19,16,76,,,,20,20,7,7,0.4,0.7
2025-10-24T0200,1353A,113.5618,23.312,广州市,九龙镇镇龙,,31,31,27,17,15,77,,,,11,14,5,5,0.5,0.5
2025-10-24T0200,1354A,113.2765,23.1544,广州市,麓湖,,32,32,25,18,16,64,,,,24,21,7,7,0.3,0.3
2025-10-24T0200,1355A,113.443,23.3035,广州市,帽峰山森林公园,,,,,,,,,,,,,,,,
2025-10-24T0200,2846A,113.3221,23.1322,广州市,体育西,,26,26,23,18,19,66,,,,19,18,7,6,0.6,0.5
2025-10-24T0200,3298A,113.5717,23.5491,广州市,从化街口,,29,29,25,18,16,88,,,,8,8,8,7,0.5,0.5
2025-10-24T0200,3299A,113.3472,23.3692,广州市,白云竹料,,36,36,27,21,17,89,,,,11,10,7,7,0.4,0.4
2025-10-24T0200,3300A,113.2981,23.237,广州市,白云嘉禾,,33,33,30,17,17,82,,,,14,15,7,7,0.3,0.3
2025-10-24T0200,3301A,113.4256,23.1716,广州市,黄埔科学城,,29,28,24,16,16,91,,,,9,11,5,5,0.5,0.6
2025-10-24T0200,3302A,113.3942,23.0483,广州市,番禺大学城,,27,27,21,16,14,77,,,,15,21,4,4,0.4,0.4
2025-10-24T0200,3303A,113.4922,22.8168,广州市,南沙黄阁,,28,28,30,18,17,74,,,,16,22,11,8,0.2,0.2
2025-10-24T0200,3304A,113.5342,22.7896,广州市,南沙街,,28,28,27,17,15,67,,,,15,18,7,6,0.4,0.4
2025-10-24T0200,3443A,113.2902,23.5544,广州市,花都梯面,,33,31,21,23,15,76,,,,11,9,10,11,0.3,0.3
2025-10-24T0200,3445A,113.7858,23.7478,广州市,从化良口,,32,31,24,22,15,90,,,,12,8,6,6,0.1,0.2
2025-10-24T0200,3446A,113.8051,23.2614,广州市,增城荔城,,25,25,20,17,13,79,,,,9,10,7,6,0.5,0.5
2025-10-24T0200,2505A,109.568,23.1478,贵港市,德智高中,,,,,,,,,,,,,,,,
2025-10-24T0200,2506A,109.6047,23.0666,贵港市,江南子站,,31,31,27,20,16,70,,,,7,7,4,4,0.5,0.5
2025-10-24T0200,2508A,109.5669,23.1065,贵港市,荷城子站,,31,31,26,12,12,64,,,,8,8,3,4,0.5,0.5
2025-10-24T0200,3405A,109.5886,23.1172,贵港市,新世纪学校,,39,39,30,24,16,70,,,,5,5,2,2,0.4,0.4
2025-10-24T0200,4260A,109.5933,23.0951,贵港市,中山路155-3号,,25,25,23,16,14,68,,,,7,6,3,3,0.5,0.5
2025-10-24T0200,1439A,106.6899,26.5998,贵阳市,马鞍山,,32,,20,22,21,50,,,,5,6,3,4,0.2,0.2
2025-10-24T0200,1441A,106.6243,26.6266,贵阳市,鉴湖路,,27,27,34,7,17,42,,,,8,9,3,4,0.3,0.3
2025-10-24T0200,1442A,106.7487,26.6343,贵阳市,燕子冲,,35,,24,24,23,51,,,,7,8,5,4,0.2,0.2
2025-10-24T0200,1443A,106.6555,26.4365,贵阳市,碧云窝,,34,34,38,17,15,54,,,,7,11,4,4,0.2,0.2
2025-10-24T0200,1445A,106.7109,26.6027,贵阳市,红边门,,25,19,25,17,20,52,,,,10,14,2,3,0.5,0.4
2025-10-24T0200,1446A,106.7164,26.5699,贵阳市,新华路,,29,29,28,14,15,48,,,,7,8,8,7,0.4,0.4
2025-10-24T0200,1447A,106.674,26.5424,贵阳市,太慈桥,,,,7,,1,,,44,,,6,,2,,0.2
2025-10-24T0200,1552A,106.805,26.3003,贵阳市,桐木岭,,39,39,37,27,24,51,,,,1,3,3,5,0.5,0.5
2025-10-24T0200,4230A,106.6882,26.5695,贵阳市,花果园大街66号,,26,,18,18,19,46,,,,6,8,3,2,0.4,0.3
2025-10-24T0200,4231A,106.6873,26.5169,贵阳市,漓江路57号,,32,22,24,22,17,61,,,,5,7,7,7,0.2,0.3
2025-10-24T0200,1862A,110.4144,25.3167,桂林市,电子科大尧山校区,,,,,,,,,,,,,,,,
2025-10-24T0200,1864A,110.3089,25.2708,桂林市,龙隐路小学,,40,40,31,28,22,86,,,,7,7,6,6,0.4,0.3
2025-10-24T0200,1865A,110.2869,25.2178,桂林市,八中,,39,36,33,27,24,90,,,,8,8,8,9,0.2,0.2
2025-10-24T0200,3531A,110.296,25.1253,桂林市,旅游学院,,39,36,27,27,19,89,,,,9,8,4,4,0.6,0.5
2025-10-24T0200,4222A,110.1835,25.2444,桂林市,环湖路276号,,42,41,31,29,24,83,,,,9,9,8,6,0.2,0.1
2025-10-24T0200,4301A,110.2803,25.2773,桂林市,信义路13号,,34,34,33,20,23,85,,,,7,7,8,7,0.4,0.4
2025-10-24T0200,2674A,100.2561,34.4714,果洛藏族自治州,玛沁县大武镇,,27,27,30,13,17,55,,,,3,3,14,11,0.4,0.3
2025-10-24T0200,1129A,126.5422,45.755,哈尔滨市,岭北,,,,,,,,,,,,,,,,
2025-10-24T0200,1130A,126.561,45.8167,哈尔滨市,松北商大,颗粒物(PM10),107,163,49,44,34,12,,,,46,40,5,5,0.6,0.6
2025-10-24T0200,1131A,126.979,45.5419,哈尔滨市,阿城会宁,颗粒物(PM10),78,105,82,56,42,5,,,,38,41,8,11,0.4,0.6
2025-10-24T0200,1132A,126.599,45.7222,哈尔滨市,南岗学府路,,,122,57,,15,6,,,,63,39,10,10,1.4,0.6
2025-10-24T0200,1133A,126.689,45.7733,哈尔滨市,太平宏伟公园,细颗粒物(PM2.5),133,197,74,101,40,6,,,,55,38,12,10,1.8,0.8
2025-10-24T0200,1134A,126.635,45.7667,哈尔滨市,道外承德广场,细颗粒物(PM2.5),90,111,63,67,32,3,,,,77,43,13,9,1.6,0.8
2025-10-24T0200,1135A,126.685,45.7319,哈尔滨市,香坊红旗大街,颗粒物(PM10),67,83,67,45,26,4,,,,82,46,14,7,0.8,0.6
2025-10-24T0200,1136A,126.6411,45.7258,哈尔滨市,动力和平路,颗粒物(PM10),74,97,46,49,29,5,,,,72,40,12,9,0.9,0.6
2025-10-24T0200,1137A,126.593,45.7478,哈尔滨市,道里建国路,细颗粒物(PM2.5),74,79,50,54,33,9,,,,68,40,24,9,0.9,0.5
2025-10-24T0200,1138A,126.615,45.61,哈尔滨市,平房东轻厂,细颗粒物(PM2.5),52,44,58,36,34,5,,,,66,53,12,13,0.6,0.6
2025-10-24T0200,1139A,126.595,45.9855,哈尔滨市,呼兰师专,细颗粒物(PM2.5),59,54,49,42,38,14,,,,55,35,5,7,0.6,0.5
2025-10-24T0200,1140A,126.6206,45.6842,哈尔滨市,省农科院,颗粒物(PM10),55,60,57,30,28,1,,,,69,45,10,12,1.4,0.7
2025-10-24T0200,2688A,93.5128,42.8172,哈密市,地区监测站,颗粒物(PM10),81,112,93,42,33,5,,,,65,39,8,9,0.4,0.3
2025-10-24T0200,2689A,93.4961,42.8328,哈密市,哈密师范学校,颗粒物(PM10),79,108,89,36,31,0,,,,66,40,4,10,0.7,0.8
2025-10-24T0200,2671A,100.9048,36.9639,海北藏族自治州,海晏县西海镇,,23,16,16,16,13,49,,,,12,11,4,7,0.2,0.6
2025-10-24T0200,3867A,102.0738,36.5056,海东市,平安区公安北苑,,43,,26,30,17,43,,,,14,13,19,13,0.7,0.9
2025-10-24T0200,1409A,110.576,19.9507,海口市,东寨港,,,,,,,,,,,,,,,,
2025-10-24T0200,1410A,110.3232,20.0574,海口市,海南大学,,25,25,24,15,12,51,,,,8,7,6,6,0.4,0.4
2025-10-24T0200,1411A,110.283,20.0053,海口市,秀英海南医院,,25,25,22,16,13,42,,,,16,12,8,7,0.3,0.3
2025-10-24T0200,1412A,110.338,19.9969,海口市,海南师范大学,,26,26,20,15,13,69,,,,7,7,6,6,0.4,0.4
2025-10-24T0200,1413A,110.33,20.0356,海口市,龙华路环保局宿舍,,28,28,21,14,12,68,,,,7,9,7,7,0.1,0.1
2025-10-24T0200,3539A,110.5111,19.9736,海口市,桂林洋子站,,30,30,24,17,12,70,,,,6,7,6,6,0.3,0.3
2025-10-24T0200,2673A,100.6188,36.2866,海南藏族自治州,共和县恰卜恰镇,,28,28,26,9,12,45,,,,6,12,9,14,0.7,0.6
2025-10-24T0200,2676A,97.3731,37.3753,海西蒙古族藏族自治州,德令哈市,,24,15,33,7,15,76,,,,1,8,16,18,0.4,0.5
2025-10-24T0200,1048A,114.5302,36.6116,邯郸市,东污水处理厂,细颗粒物(PM2.5),112,,59,84,70,6,,,,52,39,5,19,0.6,0.6
2025-10-24T0200,1049A,114.4918,36.5713,邯郸市,矿院,,,73,63,,70,10,,,,52,44,7,14,0.6,0.5
2025-10-24T0200,1050A,114.484,36.6133,邯郸市,丛台公园,细颗粒物(PM2.5),113,93,69,85,65,7,,,,50,41,5,8,0.6,0.5
2025-10-24T0200,3458A,114.7895,36.5593,邯郸市,香泉濮院小区,细颗粒物(PM2.5),87,94,78,64,62,1,,,,53,40,6,7,0.7,0.5
2025-10-24T0200,3579A,114.50634,36.77178,邯郸市,永年区实验高中,"颗粒物(PM10),细颗粒物(PM2.5)",73,96,72,53,42,8,,,,56,43,1,4,0.6,0.6
2025-10-24T0200,3580A,114.20016,36.44293,邯郸市,峰峰矿区临水派出所,细颗粒物(PM2.5),94,,64,70,68,32,,,,39,40,8,7,0.5,0.8
2025-10-24T0200,2634A,106.9893,33.1842,汉中市,汉川机床厂子校,,,,,,,,,,,,,,,,
2025-10-24T0200,2635A,107.0154,33.0706,汉中市,市监测站,,21,21,23,13,16,40,,,,8,10,4,4,0.5,0.5
2025-10-24T0200,2636A,107.0089,33.1138,汉中市,鑫源开发区,,20,17,22,14,17,29,,,,14,11,4,4,0.7,0.7
2025-10-24T0200,2637A,107.007,33.0323,汉中市,南郑大河坎水厂,,20,14,23,14,18,40,,,,7,11,8,8,0.5,0.5
2025-10-24T0200,1223A,120.2072,30.2111,杭州市,滨江,,38,38,35,12,12,67,,,,25,26,10,10,0.7,0.6
2025-10-24T0200,1224A,120.0633,30.2747,杭州市,西溪,,30,30,31,20,11,12,,,,30,21,7,8,0.5,0.4
2025-10-24T0200,1226A,120.3417,30.3150,杭州市,下沙,,33,33,30,18,15,69,,,,19,22,11,10,0.4,0.3
2025-10-24T0200,1227A,120.1269,30.2456,杭州市,卧龙桥,,31,31,30,16,14,46,,,,22,20,9,9,0.5,0.5
2025-10-24T0200,1228A,120.1903,30.2692,杭州市,浙江农大,,38,38,32,16,16,45,,,,46,29,7,7,0.6,0.5
2025-10-24T0200,1230A,120.1197,30.3119,杭州市,和睦小学,,30,30,29,15,14,57,,,,20,21,8,8,0.6,0.5
2025-10-24T0200,1231A,120.3019,30.4183,杭州市,临平镇,,47,47,35,20,14,65,,,,19,18,8,7,0.5,0.3
2025-10-24T0200,1232A,120.2753,30.1839,杭州市,城厢镇,,35,35,35,18,17,78,,,,20,26,8,7,0.6,0.4
2025-10-24T0200,1233A,120.0883,30.1808,杭州市,云栖,,31,31,30,16,14,61,,,,26,24,6,6,0.5,0.5
2025-10-24T0200,3557A,119.9464,30.0494,杭州市,镇二中,,23,23,30,14,15,67,,,,15,17,5,6,0.5,0.5
2025-10-24T0200,3558A,119.7183,30.2367,杭州市,市府大楼,,32,32,29,21,17,25,,,,24,18,8,9,0.4,0.3
2025-10-24T0200,3656A,120.1556,30.2864,杭州市,消防大队,,38,38,35,20,17,48,,,,35,27,10,10,0.3,0.2
2025-10-24T0200,1270A,117.1959,31.7848,合肥市,明珠广场,,29,29,28,9,13,77,,,,18,19,7,7,0.4,0.4
2025-10-24T0200,1271A,117.3072,31.8764,合肥市,三里街,,31,31,30,14,12,64,,,,22,21,6,6,0.4,0.4
2025-10-24T0200,1272A,117.2588,31.8707,合肥市,琥珀山庄,,,29,30,16,15,,,,,16,16,5,5,0.3,0.4
2025-10-24T0200,1273A,117.1604,31.9052,合肥市,董铺水库,,,,,,,,,,,,,,,,
2025-10-24T0200,1274A,117.25,31.8571,合肥市,长江中路,,34,34,36,11,14,74,,,,16,16,6,6,0.3,0.4
2025-10-24T0200,1275A,117.266,31.9436,合肥市,庐阳区,颗粒物(PM10),54,58,40,29,16,34,,,,54,27,5,4,0.4,0.4
2025-10-24T0200,1276A,117.3453,31.8616,合肥市,瑶海区,,34,34,28,15,12,70,,,,22,21,9,8,0.3,0.3
2025-10-24T0200,1277A,117.3027,31.7964,合肥市,包河区,,36,36,34,12,13,50,,,,44,43,5,5,0.4,0.4
2025-10-24T0200,1278A,117.2776,31.7385,合肥市,滨湖新区,,34,34,32,19,18,74,,,,21,17,4,4,0.4,0.4
2025-10-24T0200,1279A,117.1318,31.8403,合肥市,高新区,,44,44,36,18,17,68,,,,29,25,6,5,0.5,0.5
2025-10-24T0200,3464A,117.3803,31.9147,合肥市,高教基地,,31,31,27,14,12,61,,,,16,15,6,6,0.3,0.4
2025-10-24T0200,3614A,79.924,37.0877,和田地区,地区环保局,颗粒物(PM10),145,239,166,78,64,37,,,,50,23,4,8,1.3,0.8
2025-10-24T0200,3615A,79.9131,37.113,和田地区,市环保局,细颗粒物(PM2.5),196,289,212,147,69,3,,,,73,46,6,9,2.8,1
2025-10-24T0200,2516A,108.2011,24.715,河池市,东仁乐园,,,,,,,,,,,,,,,,
2025-10-24T0200,2517A,108.0497,24.6947,河池市,市环保站,,21,19,15,14,11,65,,,,6,6,6,6,0.6,0.6
2025-10-24T0200,2518A,108.0983,24.6989,河池市,市疾控中心,,26,,14,18,12,61,,,,5,6,9,8,0.6,0.5
2025-10-24T0200,1696A,114.6778,23.7569,河源市,源西,,,,,,,,,,,,,,,,
2025-10-24T0200,1697A,114.6944,23.7586,河源市,东埔,,26,24,25,18,31,70,,,,9,9,6,5,0.6,0.7
2025-10-24T0200,1698A,114.6892,23.7233,河源市,老城,,33,33,30,14,18,76,,,,7,7,7,6,0.4,0.5
2025-10-24T0200,1718A,115.4208,35.2464,菏泽市,气象局,细颗粒物(PM2.5),94,101,125,70,79,28,,,,34,38,5,9,0.4,0.6
2025-10-24T0200,3374A,115.5564,35.0891,菏泽市,定陶老年大学,,,102,107,70,71,,,,,40,42,10,16,0.5,0.6
2025-10-24T0200,4184A,115.4797,35.24401,菏泽市,永昌路1号,细颗粒物(PM2.5),83,90,115,61,74,34,,,,26,36,4,12,0.4,0.5
2025-10-24T0200,4193A,115.4715,35.2800,菏泽市,长城路999号,细颗粒物(PM2.5),83,95,120,61,73,25,,,,38,46,12,17,0.7,0.7
2025-10-24T0200,2514A,111.5264,24.4172,贺州市,环保小区,细颗粒物(PM2.5),54,,24,38,19,71,,,,10,8,4,5,0.5,0.4
2025-10-24T0200,2515A,111.5608,24.4078,贺州市,政协大楼,,43,,29,30,17,62,,,,10,11,5,4,0.4,0.4
2025-10-24T0200,3534A,111.4744,24.4553,贺州市,西湾,,42,42,26,19,17,72,,,,9,8,4,3,0.5,0.4
2025-10-24T0200,2385A,114.17,35.9019,鹤壁市,市监测站,细颗粒物(PM2.5),115,98,92,87,68,20,,,,34,42,6,7,1.4,1.1
2025-10-24T0200,2386A,114.2956,35.7511,鹤壁市,市交警支队,细颗粒物(PM2.5),94,115,103,70,61,14,,,,42,47,10,9,0.8,0.9
2025-10-24T0200,2387A,114.2878,35.7306,鹤壁市,迎宾馆,细颗粒物(PM2.5),99,112,110,74,61,14,,,,35,43,11,11,0.8,0.9
2025-10-24T0200,3474A,114.2617,35.6822,鹤壁市,大新区,细颗粒物(PM2.5),110,,84,83,62,16,,,,37,41,9,9,0.9,0.9
2025-10-24T0200,3596A,114.1572,35.9603,鹤壁市,南山宾馆,细颗粒物(PM2.5),107,103,99,80,68,19,,,,37,42,5,8,1.1,0.9
2025-10-24T0200,2244A,130.2537,47.3416,鹤岗市,哈啤分公司,,20,20,24,12,15,53,,,,13,6,10,10,0.4,0.4
2025-10-24T0200,2245A,130.2684,47.3086,鹤岗市,斯达机电,,20,17,19,7,12,62,,,,7,8,10,10,0.5,0.5
2025-10-24T0200,2246A,130.3114,47.3388,鹤岗市,东山纸板厂,颗粒物(PM10),60,70,52,16,21,23,,,,28,24,12,11,1.1,0.7
2025-10-24T0200,2247A,130.1097,47.3382,鹤岗市,五号水库,,,,,,,,,,,,,,,,
2025-10-24T0200,2263A,127.4833,50.2524,黑河市,交通局,,26,26,32,16,17,28,,,,16,21,4,5,0.6,0.6
2025-10-24T0200,2264A,127.5144,50.2341,黑河市,环保局,颗粒物(PM10),56,62,39,25,15,2,,,,38,26,7,14,0.6,0.5
2025-10-24T0200,2265A,127.5291,50.2472,黑河市,大黑河岛,,,,,,,,,,,,,,,,
2025-10-24T0200,1074A,115.6838,37.7541,衡水市,电机北厂,细颗粒物(PM2.5),88,78,68,65,55,0,,,,57,47,3,10,0.5,0.5
2025-10-24T0200,1075A,115.6303,37.7316,衡水市,市监测站,细颗粒物(PM2.5),89,70,59,66,50,0,,,,57,49,7,8,0.6,0.5
2025-10-24T0200,3188A,115.6683,37.7217,衡水市,市城管局,细颗粒物(PM2.5),78,75,59,57,48,1,,,,61,48,9,8,0.6,0.5
2025-10-24T0200,3459A,115.5989,37.5491,衡水市,地表水厂,细颗粒物(PM2.5),77,60,62,56,53,0,,,,53,49,4,6,0.5,0.5
2025-10-24T0200,2456A,112.5003,26.9167,衡阳市,原169医院,,,,,,,,,,,,,,,,
2025-10-24T0200,2457A,112.6194,26.9258,衡阳市,衡阳化工总厂,,37,37,41,25,22,94,,,,16,17,7,7,0.8,0.7
2025-10-24T0200,2458A,112.6211,26.8956,衡阳市,珠晖区环保局,,44,44,36,30,23,78,,,,36,25,9,9,0.9,0.9
2025-10-24T0200,2459A,112.6197,26.8733,衡阳市,市委党校,,33,32,36,23,17,93,,,,10,10,6,4,0.5,0.5
2025-10-24T0200,2460A,112.6006,26.8919,衡阳市,市监测站,,49,49,42,25,24,99,,,,12,13,6,5,0.7,0.7
2025-10-24T0200,2461A,112.5664,26.9056,衡阳市,真空机电公司,,46,37,36,32,22,98,,,,10,10,6,6,0.7,0.6
2025-10-24T0200,3399A,112.6703,26.882,衡阳市,师范学院,,41,41,40,25,27,96,,,,13,14,8,8,0.7,0.8
2025-10-24T0200,2608A,103.3772,23.3993,红河哈尼族彝族自治州,污水处理厂,,46,33,28,32,26,44,,,,8,6,10,9,0.3,0.2
2025-10-24T0200,2609A,103.3861,23.35,红河哈尼族彝族自治州,监测站,,40,40,29,27,22,46,,,,5,4,3,2,0.3,0.2
2025-10-24T0200,3038A,103.3758,23.368,红河哈尼族彝族自治州,州图书馆,,50,,21,35,29,41,,,,7,5,7,4,0.4,0.3
2025-10-24T0200,1090A,111.6507,40.7517,呼和浩特市,呼市一监,,,,26,,22,,,40,,,16,,4,,0.7
2025-10-24T0200,1091A,111.6572,40.8033,呼和浩特市,小召,细颗粒物(PM2.5),55,51,44,39,32,5,,,,65,34,6,6,0.8,0.7
2025-10-24T0200,1094A,111.7516,40.8369,呼和浩特市,如意水处理厂,颗粒物(PM10),54,58,39,36,28,2,,,,50,33,8,9,0.6,0.5
2025-10-24T0200,1095A,111.7276,40.8062,呼和浩特市,二十九中,颗粒物(PM10),55,59,42,36,27,5,,,,50,28,8,8,0.7,0.6
2025-10-24T0200,1096A,111.5512,40.7866,呼和浩特市,工大金川校区,颗粒物(PM10),57,63,47,37,27,2,,,,55,33,5,6,0.4,0.3
2025-10-24T0200,1097A,111.717,40.7612,呼和浩特市,化肥厂生活区,细颗粒物(PM2.5),54,56,41,38,28,1,,,,56,33,5,5,0.6,0.5
2025-10-24T0200,3698A,111.5968,40.8178,呼和浩特市,红旗小学,细颗粒物(PM2.5),54,46,43,38,28,2,,,,52,31,3,3,0.5,0.5
2025-10-24T0200,3699A,111.6518,40.8389,呼和浩特市,海东办,,49,44,40,34,26,5,,,,55,32,6,6,0.6,0.5
2025-10-24T0200,2192A,119.7594,49.2261,呼伦贝尔市,区环保局,,,,,,,,,,,,,,,,
2025-10-24T0200,3061A,119.7512,49.1577,呼伦贝尔市,国华电力东,,26,26,22,13,13,30,,,,23,18,5,5,0.6,0.6
2025-10-24T0200,1250A,120.0751,30.8669,湖州市,城西水厂,,50,50,32,27,19,74,,,,25,24,10,9,0.7,0.5
2025-10-24T0200,2873A,120.0830,30.8929,湖州市,仁皇山新区,颗粒物(PM10),51,51,31,27,15,66,,,,24,19,9,7,0.5,0.3
2025-10-24T0200,2907A,120.1844,30.8596,湖州市,吴兴区站,,48,48,32,27,15,54,,,,42,27,7,7,0.7,0.5
2025-10-24T0200,3562A,120.4148,30.8538,湖州市,南浔区站,颗粒物(PM10),52,54,29,25,15,69,,,,20,21,11,10,0.7,0.4
2025-10-24T0200,1607A,120.9049,40.7211,葫芦岛市,龙港区,细颗粒物(PM2.5),64,73,67,46,30,3,,,,58,40,18,26,0.8,0.7
2025-10-24T0200,1608A,120.8392,40.7514,葫芦岛市,化工街,,41,41,75,22,24,6,,,,63,47,33,19,0.5,0.6
2025-10-24T0200,1609A,120.8341,40.7073,葫芦岛市,新区,颗粒物(PM10),53,56,53,24,26,12,,,,54,46,14,16,0.7,0.7
2025-10-24T0200,1610A,120.8695,40.7677,葫芦岛市,东城区,颗粒物(PM10),60,70,52,24,23,13,,,,52,44,60,17,0.7,0.7
2025-10-24T0200,2482A,109.5981,27.5721,怀化市,林科所,,,,,,,,,,,,,,,,
2025-10-24T0200,2483A,109.9453,27.5444,怀化市,河西地税局,,34,34,34,22,23,84,,,,8,10,1,6,0.2,0.3
2025-10-24T0200,2484A,109.9781,27.5342,怀化市,市四医院,颗粒物(PM10),52,53,44,26,25,98,,,,7,7,12,8,0.1,0.1
2025-10-24T0200,2485A,109.9972,27.5578,怀化市,监测楼,,36,36,37,24,24,93,,,,5,7,4,3,0.1,0.2
2025-10-24T0200,2486A,110.0394,27.583,怀化市,市委党校,,38,36,41,26,26,85,,,,14,12,9,13,0.1,0.1
2025-10-24T0200,1210A,119.036,33.5981,淮安市,钵池山,颗粒物(PM10),53,56,39,24,19,24,,,,45,30,8,8,0.7,0.6
2025-10-24T0200,1211A,119.007,33.575,淮安市,北京南路,颗粒物(PM10),52,53,39,22,17,30,,,,42,28,10,9,0.7,0.5
2025-10-24T0200,1212A,118.989,33.6067,淮安市,市监测站,颗粒物(PM10),52,53,37,31,22,20,,,,51,38,8,7,0.8,0.8
2025-10-24T0200,1213A,119.135,33.5039,淮安市,楚州区监测站,颗粒物(PM10),53,56,40,25,18,35,,,,42,25,9,9,0.6,0.5
2025-10-24T0200,3426A,118.8755,33.2894,淮安市,新华书店,颗粒物(PM10),55,59,44,32,23,41,,,,34,30,10,10,0.6,0.6
2025-10-24T0200,4206A,119.0288,33.6319,淮安市,承德北路606号,颗粒物(PM10),57,63,44,22,20,22,,,,48,32,8,8,0.7,0.5
2025-10-24T0200,2282A,116.8004,33.975,淮北市,监测站,颗粒物(PM10),71,92,65,45,34,35,,,,47,35,10,11,0.6,0.7
2025-10-24T0200,2283A,116.8091,33.9007,淮北市,烈山区政府,细颗粒物(PM2.5),78,76,53,57,36,24,,,,47,33,9,10,0.6,0.6
2025-10-24T0200,3330A,116.8873,33.9836,淮北市,杜集区检察院,细颗粒物(PM2.5),69,79,63,50,36,34,,,,39,27,6,6,0.4,0.3
2025-10-24T0200,4017A,116.7923,33.9535,淮北市,市博物馆,细颗粒物(PM2.5),74,81,63,54,39,39,,,,42,32,11,11,0.5,0.5
2025-10-24T0200,2277A,116.8305,32.7727,淮南市,潘集区政府,细颗粒物(PM2.5),70,83,63,51,38,24,,,,44,29,7,6,0.4,0.4
2025-10-24T0200,2279A,116.8569,32.5951,淮南市,谢家集区政府,颗粒物(PM10),53,55,46,26,26,32,,,,32,23,11,9,0.4,0.3
2025-10-24T0200,2280A,116.8281,32.633,淮南市,八公山区政府,颗粒物(PM10),55,59,51,31,27,40,,,,25,19,9,8,0.5,0.4
2025-10-24T0200,2281A,116.6325,32.6201,淮南市,焦岗湖风景区管理处,,,,,,,,,,,,,,,,
2025-10-24T0200,2894A,117.0566,32.6531,淮南市,经济技术开发区消防队,颗粒物(PM10),62,74,53,26,21,14,,,,63,34,11,10,0.3,0.2
2025-10-24T0200,3329A,117.0108,32.5893,淮南市,山南新区,颗粒物(PM10),54,57,44,18,10,54,,,,33,27,5,5,0.2,0.1
2025-10-24T0200,4209A,117.0031,32.6445,淮南市,国庆中路369号,,42,42,47,28,26,22,,,,47,30,7,6,0.3,0.3
2025-10-24T0200,2446A,114.9028,30.4742,黄冈市,职工中心,,27,24,28,11,16,85,,,,9,12,3,4,0.4,0.4
2025-10-24T0200,2929A,114.8858,30.4519,黄冈市,红卫路,,28,24,26,13,18,88,,,,8,12,4,5,0.4,0.3
2025-10-24T0200,3398A,114.9136,30.4445,黄冈市,市林业局,,28,20,28,13,18,87,,,,9,12,3,3,0.3,0.3
2025-10-24T0200,2672A,102.0199,35.5102,黄南藏族自治州,同仁县隆务镇,,31,31,28,13,13,35,,,,1,5,10,10,0.4,0.4
2025-10-24T0200,2295A,118.2903,29.6963,黄山市,延安路89号,,26,26,31,3,11,38,,,,8,6,3,4,0.3,0.3
2025-10-24T0200,2297A,118.1371,30.2756,黄山市,黄山区政府5号楼,,23,23,27,7,16,17,,,,7,7,5,6,0.4,0.4
2025-10-24T0200,4210A,118.3354,29.7203,黄山市,滨江东路7-2号,,28,28,35,7,10,45,,,,8,8,3,4,0.3,0.3
2025-10-24T0200,2423A,115.0601,30.2313,黄石市,沈家营,,39,39,33,11,16,62,,,,17,12,7,8,0.4,0.4
2025-10-24T0200,2426A,114.8988,30.2019,黄石市,铁山,,36,36,38,13,16,75,,,,11,17,4,4,0.3,0.4
2025-10-24T0200,2427A,115.0307,30.2092,黄石市,团城山,,32,32,34,13,18,75,,,,12,14,6,7,0.2,0.3
2025-10-24T0200,3149A,115.0235,30.1578,黄石市,笔架山北路,,43,43,41,6,13,70,,,,11,10,12,7,0.8,0.4
2025-10-24T0200,4185A,115.0780,30.21118,黄石市,磁湖东路29号,,36,36,34,19,21,60,,,,17,16,8,8,0.5,0.5
2025-10-24T0200,1392A,114.4183,23.0528,惠州市,河南岸金山湖子站,,24,24,24,13,14,66,,,,10,13,10,10,0.5,0.5
2025-10-24T0200,1393A,114.4053,23.0822,惠州市,下埔横江三路子站,,27,27,27,16,16,68,,,,10,10,6,5,0.4,0.5
2025-10-24T0200,1394A,114.4103,23.1142,惠州市,江北云山西路子站,,25,25,28,16,16,72,,,,10,11,6,5,0.6,0.6
2025-10-24T0200,1395A,114.4645,22.7833,惠州市,惠阳区承修路船湖子站,,26,26,28,17,17,67,,,,9,10,9,9,0.5,0.5
2025-10-24T0200,1396A,114.5317,22.7422,惠州市,大亚湾管委会子站,,26,26,23,17,15,63,,,,11,14,10,9,0.6,0.6
2025-10-24T0200,3314A,114.4338,22.8134,惠州市,惠阳秋长,,23,22,27,16,16,73,,,,6,7,8,11,0.5,0.6
2025-10-24T0200,3452A,114.6517,22.775,惠州市,大亚湾霞涌,,28,28,25,19,17,58,,,,9,8,7,7,0.3,0.3
2025-10-24T0200,2240A,130.9762,45.3001,鸡西市,环保局,颗粒物(PM10),56,61,52,38,31,30,,,,25,23,8,8,0.6,0.6
2025-10-24T0200,2243A,130.9429,45.3039,鸡西市,第一中学,"颗粒物(PM10),细颗粒物(PM2.5)",55,59,53,39,28,29,,,,28,16,7,8,0.8,0.7
2025-10-24T0200,3707A,131.0207,45.3073,鸡西市,欧美日汽修厂,细颗粒物(PM2.5),60,63,70,43,43,30,,,,24,31,17,14,0.7,0.8
2025-10-24T0200,3709A,130.9967,45.3106,鸡西市,市政设施管理处,颗粒物(PM10),63,75,62,40,33,7,,,,48,32,10,11,0.7,0.5
2025-10-24T0200,2367A,114.9754,27.0803,吉安市,红声器材厂,,46,46,44,16,19,89,,,,19,17,13,12,0.6,0.5
2025-10-24T0200,2368A,114.9658,27.0999,吉安市,市森林工业局,,33,33,42,16,21,95,,,,14,15,8,9,0.5,0.4
2025-10-24T0200,2369A,114.99,27.1312,吉安市,市环境监测站,,50,50,43,32,22,86,,,,17,13,11,11,0.4,0.3
2025-10-24T0200,2370A,115.0093,27.0968,吉安市,青原区法院,,34,34,41,18,20,84,,,,17,14,11,10,0.8,0.7
2025-10-24T0200,1772A,126.54,43.8622,吉林市,哈达湾,细颗粒物(PM2.5),67,79,61,48,38,22,,,,39,35,10,13,0.7,0.6
2025-10-24T0200,1773A,126.5844,43.8358,吉林市,东局子,细颗粒物(PM2.5),62,70,66,44,43,12,,,,35,34,7,11,0.9,0.9
2025-10-24T0200,1774A,126.5052,43.8245,吉林市,电力学院,细颗粒物(PM2.5),70,69,73,51,51,5,,,,39,35,8,13,0.7,0.8
2025-10-24T0200,1775A,126.6133,43.8972,吉林市,江北,细颗粒物(PM2.5),105,110,83,79,58,3,,,,52,34,6,7,1.3,1
2025-10-24T0200,1776A,126.555,43.8306,吉林市,江南公园,细颗粒物(PM2.5),79,75,68,58,49,5,,,,43,39,6,9,0.7,0.7
2025-10-24T0200,1778A,126.7061,43.7133,吉林市,丰满,,40,30,36,28,34,71,,,,10,16,8,10,0.5,0.5
2025-10-24T0200,2868A,126.4739,43.953,吉林市,九站,细颗粒物(PM2.5),73,76,77,53,74,2,,,,53,46,13,12,0.9,0.8
2025-10-24T0200,1299A,116.9862,36.6114,济南市,科干所,颗粒物(PM10),56,61,54,34,27,11,,,,54,44,9,9,0.6,0.5
2025-10-24T0200,1300A,116.9376,36.665,济南市,农科所,颗粒物(PM10),67,83,69,44,26,0,,,,53,48,8,9,0.9,0.7
2025-10-24T0200,1301A,117.1265,36.6734,济南市,开发区,颗粒物(PM10),67,83,61,44,32,5,,,,50,39,4,5,0.7,0.6
2025-10-24T0200,1303A,117.0624,36.6868,济南市,省种子仓库,颗粒物(PM10),76,102,79,51,35,5,,,,59,46,10,10,1.0,0.8
2025-10-24T0200,1304A,116.9489,36.6447,济南市,机床二厂,细颗粒物(PM2.5),83,112,76,61,38,0,,,,66,49,10,10,0.9,0.7
2025-10-24T0200,1305A,117.0495,36.663,济南市,市监测站,颗粒物(PM10),68,85,67,46,33,0,,,,59,46,5,5,1.0,0.8
2025-10-24T0200,1306A,116.7675,36.5484,济南市,长清党校,颗粒物(PM10),69,88,63,32,27,1,,,,66,48,9,8,0.8,0.7
2025-10-24T0200,1616A,117.6795,36.229,济南市,技术学院,细颗粒物(PM2.5),52,41,39,36,26,17,,,,43,30,8,9,0.6,0.6
2025-10-24T0200,1961A,117.532,36.6868,济南市,东山小学,颗粒物(PM10),63,76,56,42,26,4,,,,57,39,7,9,0.5,0.5
2025-10-24T0200,3059A,117.7161,36.2049,济南市,泰兴公司,,49,44,40,34,26,7,,,,51,32,6,7,0.5,0.4
2025-10-24T0200,3064A,117.6867,36.2171,济南市,莱芜战役纪念馆,细颗粒物(PM2.5),57,48,44,40,30,21,,,,38,30,10,11,0.3,0.2
2025-10-24T0200,3494A,117.1673,36.9782,济南市,济阳区政府,颗粒物(PM10),75,100,66,54,32,11,,,,57,35,13,11,0.8,0.5
2025-10-24T0200,3495A,117.1171,36.63,济南市,锦屏中学,细颗粒物(PM2.5),53,51,42,37,21,24,,,,28,29,4,6,0.7,0.6
2025-10-24T0200,3682A,116.9814,36.6819,济南市,济南四建,颗粒物(PM10),73,95,67,49,33,1,,,,57,46,10,8,0.9,0.7
2025-10-24T0200,1653A,116.6251,35.4302,济宁市,火炬城,细颗粒物(PM2.5),100,99,78,75,55,10,,,,48,41,5,7,0.4,0.3
2025-10-24T0200,1655A,116.5491,35.4042,济宁市,电化厂,细颗粒物(PM2.5),85,101,99,63,53,23,,,,45,48,5,6,0.4,0.3
2025-10-24T0200,3500A,116.5814,35.3707,济宁市,北湖一中,细颗粒物(PM2.5),85,81,61,63,51,19,,,,46,39,6,5,0.4,0.3
2025-10-24T0200,3501A,116.8249,35.5593,济宁市,服务中心,颗粒物(PM10),64,78,68,36,32,23,,,,28,33,8,9,0.4,0.4
2025-10-24T0200,3678A,116.5907,35.4054,济宁市,市第七中学,细颗粒物(PM2.5),77,101,78,56,46,21,,,,44,38,7,9,0.5,0.5
2025-10-24T0200,2255A,130.2751,46.8028,佳木斯市,佳纺,颗粒物(PM10),66,81,59,39,27,3,,,,44,35,5,5,0.6,0.6
2025-10-24T0200,2256A,130.3995,46.8307,佳木斯市,发电厂,细颗粒物(PM2.5),64,74,49,46,26,10,,,,46,28,6,7,0.5,0.5
2025-10-24T0200,2257A,130.3258,46.7975,佳木斯市,环保局,颗粒物(PM10),55,60,44,37,21,3,,,,49,38,5,5,0.7,0.6
2025-10-24T0200,2258A,130.3648,46.8032,佳木斯市,十一中,颗粒物(PM10),57,63,44,38,22,3,,,,49,34,8,21,0.6,0.6
2025-10-24T0200,2259A,130.3794,46.7588,佳木斯市,四丰,,,,,,,,,,,,,,,,
2025-10-24T0200,1252A,120.7436,30.778,嘉兴市,清河小学,,44,44,32,17,13,52,,,,27,23,8,8,0.7,0.5
2025-10-24T0200,1253A,120.726,30.7478,嘉兴市,嘉兴学院,颗粒物(PM10),52,54,33,25,14,49,,,,31,23,6,6,0.7,0.7
2025-10-24T0200,2872A,120.7846,30.7525,嘉兴市,南湖区残联,,40,40,31,21,14,65,,,,24,21,7,7,0.6,0.5
2025-10-24T0200,3407A,120.6916,30.7739,嘉兴市,秀洲住建,颗粒物(PM10),52,53,33,29,15,47,,,,29,19,9,8,1.1,0.9
2025-10-24T0200,1945A,98.2908,39.7711,嘉峪关市,气象局,颗粒物(PM10),60,70,95,36,42,54,,,,24,28,4,10,0.7,0.9
2025-10-24T0200,2884A,98.2672,39.7978,嘉峪关市,酒钢宾馆,颗粒物(PM10),64,78,103,36,45,62,,,,15,25,11,19,0.6,0.8
2025-10-24T0200,3248A,98.2643,39.7724,嘉峪关市,雄关区,颗粒物(PM10),63,75,79,39,40,67,,,,21,36,12,17,0.3,0.5
2025-10-24T0200,1383A,113.1064,22.6058,江门市,北街,,28,28,30,18,19,62,,,,22,23,6,6,0.5,0.6
2025-10-24T0200,1384A,113.0731,22.5835,江门市,西区,,31,31,32,18,15,63,,,,19,21,6,6,0.3,0.4
2025-10-24T0200,1385A,113.0219,22.5311,江门市,圭峰西,,30,30,28,15,17,68,,,,16,20,6,6,0.5,0.6
2025-10-24T0200,1386A,113.0828,22.5947,江门市,东湖,,29,29,30,16,16,60,,,,19,20,5,6,0.2,0.3
2025-10-24T0200,3311A,113.1075,22.5647,江门市,江海富民,,40,40,28,7,12,57,,,,25,25,8,9,0.3,0.4
2025-10-24T0200,3449A,113.05,22.4667,江门市,新会银湖,,29,29,27,19,20,54,,,,21,23,4,5,0.4,0.5
2025-10-24T0200,1830A,113.1992,35.2590,焦作市,影视城,,,,80,,48,,,83,,,22,,11,,0.6
2025-10-24T0200,3335A,113.3137,35.2641,焦作市,马村街道办,细颗粒物(PM2.5),102,106,95,76,60,46,,,,27,28,8,8,1.0,0.6
2025-10-24T0200,3336A,113.2465,35.2373,焦作市,焦作技师学院,细颗粒物(PM2.5),107,102,92,80,65,49,,,,29,31,14,13,1.2,0.7
2025-10-24T0200,3477A,113.1656,35.2539,焦作市,中站许衡医院,细颗粒物(PM2.5),123,104,94,93,67,40,,,,30,30,7,7,1.0,0.6
2025-10-24T0200,3981A,113.2449,35.1803,焦作市,原李万街道办,细颗粒物(PM2.5),104,118,96,78,60,6,,,,43,23,8,11,1.0,0.8
2025-10-24T0200,4264A,113.2340,35.2190,焦作市,新安路1731号,细颗粒物(PM2.5),113,118,101,85,67,52,,,,20,23,11,10,1.0,0.7
2025-10-24T0200,4295A,113.2722,35.2121,焦作市,人民路3066号,细颗粒物(PM2.5),100,115,96,75,58,36,,,,29,28,9,12,1.0,0.7
2025-10-24T0200,1708A,116.3701,23.5345,揭阳市,新兴,,25,23,29,17,36,41,,,,15,15,7,6,0.5,0.5
2025-10-24T0200,1709A,116.3264,23.5443,揭阳市,西马,,30,30,28,16,15,45,,,,11,12,4,4,0.5,0.6
2025-10-24T0200,1710A,116.3611,23.5626,揭阳市,东兴,,29,29,31,16,14,34,,,,19,17,9,7,0.4,0.4
2025-10-24T0200,1711A,116.4151,23.5294,揭阳市,渔湖,,30,30,26,11,13,34,,,,21,16,8,7,0.7,0.6
2025-10-24T0200,3320A,116.403,23.5699,揭阳市,曲溪,,25,,25,17,15,57,,,,7,12,1,3,0.3,0.4
2025-10-24T0200,1944A,102.1692,38.5167,金昌市,天庆家园,细颗粒物(PM2.5),84,105,98,62,55,29,,,,23,23,4,5,0.9,0.8
2025-10-24T0200,4022A,102.1647,38.5371,金昌市,金川区人防中心,细颗粒物(PM2.5),85,102,91,63,56,35,,,,15,18,17,6,0.8,0.7
2025-10-24T0200,4239A,102.1930,38.5319,金昌市,长春路96号,颗粒物(PM10),81,111,90,57,50,27,,,,24,22,8,8,0.8,0.7
2025-10-24T0200,1262A,119.647,29.077,金华市,十五中,,34,34,26,16,14,53,,,,25,15,1,2,0.4,0.3
2025-10-24T0200,1263A,119.686,29.1029,金华市,监测站,,40,40,32,21,15,25,,,,44,20,2,2,0.4,0.3
2025-10-24T0200,3659A,119.656,29.1131,金华市,气象局,,34,34,30,17,14,49,,,,38,27,4,4,0.5,0.5
2025-10-24T0200,1767A,121.1115,41.0879,锦州市,南山,细颗粒物(PM2.5),59,60,44,42,31,5,,,,45,33,8,18,0.8,0.8
2025-10-24T0200,1768A,121.0604,40.8428,锦州市,开发区,颗粒物(PM10),76,102,55,49,28,11,,,,56,34,37,21,1.0,0.6
2025-10-24T0200,1769A,121.1836,41.1119,锦州市,百股街道,颗粒物(PM10),53,56,54,36,29,12,,,,36,30,10,19,0.8,0.9
2025-10-24T0200,1770A,121.1178,41.1222,锦州市,天安街道,颗粒物(PM10),54,58,67,33,38,16,,,,42,40,9,14,0.9,1.3
2025-10-24T0200,1771A,121.1303,41.1386,锦州市,北湖公园,颗粒物(PM10),51,52,56,20,29,22,,,,25,31,7,12,0.5,0.7
2025-10-24T0200,2160A,112.85,35.5051,晋城市,自来水公司,细颗粒物(PM2.5),107,114,98,80,59,55,,,,27,27,6,7,0.6,0.5
2025-10-24T0200,2161A,112.8318,35.4936,晋城市,白云商贸,细颗粒物(PM2.5),104,136,115,78,49,54,,,,24,23,3,4,0.5,0.4
2025-10-24T0200,2162A,112.8508,35.4887,晋城市,市环保局,细颗粒物(PM2.5),94,107,103,70,48,46,,,,21,18,5,6,0.8,0.8
2025-10-24T0200,2163A,112.8676,35.4897,晋城市,技术学院,细颗粒物(PM2.5),100,130,98,75,52,45,,,,29,28,6,7,1.0,0.8
2025-10-24T0200,2165A,112.8453,35.546,晋城市,白马寺,细颗粒物(PM2.5),108,118,83,81,56,81,,,,15,16,9,9,0.8,0.7
2025-10-24T0200,3620A,112.8271,35.4828,晋城市,泽州一中,细颗粒物(PM2.5),117,154,111,88,62,58,,,,26,22,4,5,0.7,0.6
2025-10-24T0200,2173A,112.7249,37.7067,晋中市,南都小区,,,79,79,54,51,,,,,39,36,7,13,1.1,1.1
2025-10-24T0200,2174A,112.6991,37.6982,晋中市,榆次区政府,细颗粒物(PM2.5),99,75,83,74,66,18,,,,44,37,8,11,1.3,1.3
2025-10-24T0200,2865A,112.7195,37.6828,晋中市,榆次三中,细颗粒物(PM2.5),92,85,90,68,59,16,,,,35,34,10,13,0.9,0.9
2025-10-24T0200,4200A,112.7478,37.6954,晋中市,迎宾街26号,细颗粒物(PM2.5),98,97,80,73,59,16,,,,41,33,7,10,0.9,0.9
2025-10-24T0200,2439A,112.2014,31.0481,荆门市,竹园小学,细颗粒物(PM2.5),85,100,71,63,43,84,,,,20,19,1,1,0.6,0.2
2025-10-24T0200,2440A,112.1969,30.9891,荆门市,掇刀,细颗粒物(PM2.5),78,93,70,57,44,99,,,,13,12,1,1,0.4,0.4
2025-10-24T0200,2441A,112.2213,31.0386,荆门市,石化一小,细颗粒物(PM2.5),85,91,78,63,54,78,,,,16,18,6,6,0.4,0.5
2025-10-24T0200,3012A,112.1849,31.0362,荆门市,西山林语,细颗粒物(PM2.5),84,87,67,62,43,91,,,,17,15,4,6,0.5,0.4
2025-10-24T0200,3547A,112.1632,31.0138,荆门市,龙泉中学南校,细颗粒物(PM2.5),75,94,75,55,44,103,,,,17,15,7,7,0.3,0.2
2025-10-24T0200,1844A,112.2494,30.3197,荆州市,市图书馆,细颗粒物(PM2.5),67,58,46,48,39,74,,,,20,21,9,9,0.4,0.4
2025-10-24T0200,1845A,112.2008,30.3544,荆州市,市委党校,细颗粒物(PM2.5),67,68,49,48,36,62,,,,25,23,10,9,0.6,0.5
2025-10-24T0200,3194A,112.2747,30.3122,荆州市,管委会,细颗粒物(PM2.5),52,48,45,36,37,73,,,,16,16,11,10,0.5,0.5
2025-10-24T0200,4268A,112.1722,30.3366,荆州市,学苑路85号,颗粒物(PM10),56,61,50,39,35,74,,,,11,15,4,9,0.3,0.2
2025-10-24T0200,2342A,117.3102,29.3867,景德镇市,王港中学,,,,,,,,,,,,,,,,
2025-10-24T0200,2343A,117.2117,29.2933,景德镇市,老干部活动中心,,27,27,24,14,15,65,,,,17,7,3,4,0.7,0.7
2025-10-24T0200,2344A,117.1894,29.2789,景德镇市,兽医站,,22,13,29,9,11,68,,,,11,7,5,6,0.6,0.5
2025-10-24T0200,2346A,117.2461,29.2956,景德镇市,陶研所,,22,16,22,13,19,69,,,,4,4,6,6,0.6,0.6
2025-10-24T0200,4289A,117.1542,29.2566,景德镇市,青少年活动中心,,32,32,23,14,15,68,,,,11,8,3,3,0.7,0.7
2025-10-24T0200,1803A,115.9872,29.6815,九江市,十里,,31,31,28,17,15,78,,,,22,16,5,5,0.5,0.5
2025-10-24T0200,1804A,115.9584,29.7046,九江市,茅山头,,33,33,25,19,21,71,,,,16,14,4,4,0.5,0.5
2025-10-24T0200,1805A,115.9877,29.7295,九江市,西园,,31,31,29,16,15,79,,,,27,24,5,5,0.4,0.4
2025-10-24T0200,1808A,115.9114,29.6038,九江市,综合工业园,,36,28,29,25,19,87,,,,16,20,3,3,0.4,0.4
2025-10-24T0200,1809A,116.0721,29.7535,九江市,石化总厂,,48,48,34,17,18,69,,,,23,25,2,3,0.4,0.4
2025-10-24T0200,1810A,115.9773,29.5698,九江市,庐山气象台,,,,,,,,,,,,,,,,
2025-10-24T0200,3190A,116.0254,29.6994,九江市,外国语学校,,42,42,33,24,17,71,,,,22,20,3,3,0.5,0.5
2025-10-24T0200,4253A,116.0102,29.6594,九江市,莲花大道8号,,39,39,32,19,18,78,,,,13,11,6,6,0.3,0.3
2025-10-24T0200,4240A,98.4958,39.7339,酒泉市,玉门东路5号,颗粒物(PM10),68,85,98,42,38,44,,,,15,26,8,12,0.5,0.7
2025-10-24T0200,4241A,98.5099,39.7506,酒泉市,北大街108号,细颗粒物(PM2.5),64,75,88,46,37,33,,,,23,24,6,9,0.6,0.6
2025-10-24T0200,2698A,76.0072,39.4467,喀什地区,巡警大队,颗粒物(PM10),131,212,249,73,81,53,,,,46,48,4,5,0.5,0.7
2025-10-24T0200,2699A,75.9755,39.4694,喀什地区,吾办,颗粒物(PM10),123,196,235,72,87,25,,,,47,50,7,8,0.9,0.9
2025-10-24T0200,4027A,75.9483,39.4689,喀什地区,老干局,颗粒物(PM10),128,206,240,63,65,49,,,,43,39,2,2,0.7,0.8
2025-10-24T0200,1824A,114.3389,34.7781,开封市,肿瘤医院,细颗粒物(PM2.5),88,81,101,65,65,26,,,,34,42,11,14,0.8,0.8
2025-10-24T0200,1826A,114.2885,34.7965,开封市,世纪星幼儿园,细颗粒物(PM2.5),108,103,95,81,77,22,,,,40,46,8,11,0.6,0.6
2025-10-24T0200,3147A,114.3438,34.8106,开封市,龙亭公园,细颗粒物(PM2.5),102,100,108,76,82,21,,,,36,45,9,12,0.7,0.8
2025-10-24T0200,3210A,114.3644,34.7964,开封市,汴京公园,细颗粒物(PM2.5),99,94,110,74,75,26,,,,38,45,9,11,0.6,0.6
2025-10-24T0200,3473A,114.2485,34.8306,开封市,技师学院,细颗粒物(PM2.5),102,94,103,76,73,21,,,,39,48,11,13,0.8,0.8
2025-10-24T0200,3592A,114.4644,34.7556,开封市,祥符区生态环境局,颗粒物(PM10),97,144,131,68,76,23,,,,32,44,6,10,0.7,0.8
2025-10-24T0200,1951A,84.895,45.6094,克拉玛依市,长征新村,颗粒物(PM10),57,63,67,19,19,57,,,,14,20,4,3,0.3,0.4
2025-10-24T0200,1952A,84.8988,45.5893,克拉玛依市,南林小区,颗粒物(PM10),56,61,71,22,21,40,,,,20,25,4,4,0.5,0.6
2025-10-24T0200,1954A,84.905,44.3396,克拉玛依市,独山子区,颗粒物(PM10),89,128,124,47,45,55,,,,21,28,5,12,0.5,0.6
2025-10-24T0200,1955A,85.6979,46.098,克拉玛依市,乌尔禾区商贸楼,,46,46,63,13,16,38,,,,21,23,5,6,0.2,0.3
2025-10-24T0200,3612A,85.1045,45.6899,克拉玛依市,白碱滩区新站,颗粒物(PM10),56,61,90,17,23,71,,,,3,22,6,6,0.3,0.4
2025-10-24T0200,2697A,76.1454,39.7142,克孜勒苏柯尔克孜自治州,市人民政府,颗粒物(PM10),132,213,212,76,85,67,,,,19,21,11,7,0.3,0.2
2025-10-24T0200,3665A,76.1658,39.7157,克孜勒苏柯尔克孜自治州,克州文化中心,颗粒物(PM10),136,222,222,83,80,53,,,,33,21,11,9,0.3,0.4
2025-10-24T0200,1450A,102.8204,24.8886,昆明市,呈贡新区,,46,33,18,32,17,20,,,,31,12,2,4,0.7,0.6
2025-10-24T0200,1451A,102.6251,24.9608,昆明市,西山森林公园,,,,,,,,,,,,,,,,
2025-10-24T0200,1452A,102.7252,25.0902,昆明市,龙泉镇,,40,40,21,17,10,1,,,,33,17,3,2,0.7,0.6
2025-10-24T0200,1453A,102.7266,25.0375,昆明市,东风东路,,42,42,31,22,15,32,,,,21,16,2,1,0.5,0.5
2025-10-24T0200,1454A,102.6742,25.0669,昆明市,金鼎山,,34,34,27,15,13,15,,,,29,14,2,1,0.5,0.4
2025-10-24T0200,1455A,102.6644,25.0401,昆明市,碧鸡广场,颗粒物(PM10),51,51,25,24,15,3,,,,44,23,8,8,0.5,0.4
2025-10-24T0200,3179A,102.7494,25.0119,昆明市,官渡区博物馆,,42,42,21,20,14,3,,,,49,24,2,2,0.5,0.5
2025-10-24T0200,3375A,102.8017,24.8336,昆明市,青年创业园,,38,38,19,22,13,3,,,,33,13,2,2,0.7,0.5
2025-10-24T0200,3550A,102.7997,24.9786,昆明市,昆明学院,,49,49,24,30,14,28,,,,24,17,10,8,0.7,0.6
2025-10-24T0200,3551A,102.5967,24.6736,昆明市,晋宁区生态环境分局,,45,45,24,27,16,15,,,,27,13,2,2,0.5,0.4
2025-10-24T0200,3552A,102.6678,24.9856,昆明市,云天化总部,,44,44,22,26,13,15,,,,39,19,5,4,0.6,0.5
2025-10-24T0200,1456A,91.1319,29.6514,拉萨市,八廓街,,27,9,12,3,7,84,,,,9,10,5,5,0.1,0.2
2025-10-24T0200,1457A,91.1221,29.6747,拉萨市,市环保局,,29,11,15,6,7,91,,,,5,12,7,8,0.1,0.3
2025-10-24T0200,1458A,91.0874,29.6475,拉萨市,区监测站,,29,9,10,3,6,90,,,,8,17,4,4,0.3,0.4
2025-10-24T0200,1459A,91.1774,29.6541,拉萨市,西藏大学,,26,14,11,7,6,82,,,,12,12,6,6,0.5,0.3
2025-10-24T0200,1460A,90.9798,29.6588,拉萨市,区辐射站,,29,13,18,3,8,90,,,,4,19,5,5,0.2,0.3
2025-10-24T0200,1461A,91.0834,29.6292,拉萨市,拉萨火车站,,28,10,11,8,6,88,,,,10,7,5,5,0.2,0.2
2025-10-24T0200,2520A,109.2203,23.7256,来宾市,来宾技工学校,,32,31,28,22,21,56,,,,7,7,9,8,0.4,0.5
2025-10-24T0200,3535A,109.1781,23.7297,来宾市,兴宾区政府,,31,31,25,20,17,57,,,,6,6,8,8,0.4,0.4
2025-10-24T0200,4002A,109.2416,23.7461,来宾市,中南小学,,33,28,28,23,17,53,,,,8,9,7,7,0.5,0.6
2025-10-24T0200,1477A,104.1373,35.9454,兰州市,榆中兰大校区,,,,,,,,,,,,,,,,
2025-10-24T0200,1479A,103.831,36.0464,兰州市,铁路设计院,,,,,,,,,,,,,,,,
2025-10-24T0200,3241A,103.7439,36.0842,兰州市,百合公园,,37,37,28,25,17,4,,,,34,19,9,7,0.9,0.7
2025-10-24T0200,3242A,103.9611,35.998,兰州市,和平,,30,30,21,8,10,7,,,,27,15,2,3,0.4,0.4
2025-10-24T0200,4236A,103.6293,36.0938,兰州市,庄浪东路808号,,40,33,33,28,24,11,,,,37,39,5,7,0.4,0.5
2025-10-24T0200,4237A,103.7251,36.1043,兰州市,安宁西路88号,,39,35,34,27,29,29,,,,18,16,1,2,0.5,0.4
2025-10-24T0200,4238A,103.8470,36.0676,兰州市,北滨河东路1号,,36,34,27,25,21,1,,,,47,26,8,7,1.0,0.8
2025-10-24T0200,3245A,103.6633,36.533,兰州新区,新区管委会,,41,41,34,23,22,20,,,,23,15,15,12,0.4,0.4
2025-10-24T0200,3246A,103.6975,36.4789,兰州新区,舟曲中学,,28,28,23,15,12,39,,,,18,14,4,8,0.3,0.3
2025-10-24T0200,1067A,116.6708,39.5111,廊坊市,药材公司,细颗粒物(PM2.5),104,93,78,78,59,1,,,,53,45,2,2,0.8,0.6
2025-10-24T0200,1068A,116.7214,39.5589,廊坊市,开发区,细颗粒物(PM2.5),90,84,74,67,57,0,,,,33,37,2,2,0.8,0.5
2025-10-24T0200,1070A,116.7244,39.5269,廊坊市,北华航天学院,细颗粒物(PM2.5),98,105,93,73,60,1,,,,39,44,8,7,0.8,0.6
2025-10-24T0200,2919A,116.7022,39.5453,廊坊市,河北工业大学,细颗粒物(PM2.5),110,108,86,83,61,1,,,,51,41,3,3,0.8,0.6
2025-10-24T0200,2535A,103.7723,29.5462,乐山市,花湖湾,,,,,,,,,,,,,,,,
2025-10-24T0200,2536A,103.7627,29.5844,乐山市,牛耳桥,,12,11,15,7,12,38,,,,12,17,6,6,0.5,0.6
2025-10-24T0200,2537A,103.7508,29.6006,乐山市,市第三水厂,,12,10,14,7,10,37,,,,10,16,5,5,0.5,0.6
2025-10-24T0200,2538A,103.7571,29.5664,乐山市,市监测站,,13,10,14,9,11,37,,,,9,13,5,5,0.6,0.6
2025-10-24T0200,3361A,103.7311,29.5628,乐山市,理工大学,,13,9,13,8,10,40,,,,10,11,6,6,0.6,0.6
2025-10-24T0200,2598A,100.2143,26.8576,丽江市,西南郊,,29,26,22,20,12,68,,,,4,4,7,7,0.8,0.7
2025-10-24T0200,2599A,100.2497,26.8802,丽江市,丽江古城,,26,26,27,3,6,61,,,,11,11,10,10,0.6,0.6
2025-10-24T0200,2600A,100.2203,26.8906,丽江市,市中心,,30,,22,21,19,68,,,,10,11,11,11,0.6,0.6
2025-10-24T0200,1267A,119.914,28.4514,丽水市,监测站大楼,,35,35,32,13,12,48,,,,24,15,7,5,0.4,0.3
2025-10-24T0200,1268A,119.93,28.4586,丽水市,莲都小学,,42,42,39,22,15,46,,,,25,15,5,4,0.4,0.3
2025-10-24T0200,1269A,119.879,28.4231,丽水市,余庄前,,35,35,32,23,16,10,,,,22,17,3,3,0.3,0.3
2025-10-24T0200,1173A,119.176,34.5885,连云港市,市环境监测站,,44,44,38,27,19,36,,,,39,28,10,10,0.9,0.8
2025-10-24T0200,3000A,119.3581,34.6972,连云港市,德源药业,,29,29,41,14,11,50,,,,30,27,6,6,0.4,0.3
2025-10-24T0200,3007A,119.178,34.844,连云港市,新城一中,颗粒物(PM10),57,64,48,30,24,48,,,,30,40,7,10,0.9,0.9
2025-10-24T0200,3008A,119.3608,34.7519,连云港市,胡沟管理处,,29,29,25,9,8,64,,,,17,15,12,12,0.8,0.8
2025-10-24T0200,3009A,119.1478,34.5911,连云港市,矿山设计院,,48,48,39,19,17,50,,,,15,23,5,5,0.8,0.8
2025-10-24T0200,3434A,119.2413,34.6539,连云港市,工贸学校,,40,40,35,19,17,59,,,,24,24,14,12,1.0,0.7
2025-10-24T0200,3664A,119.4172,34.7341,连云港市,连云街道,,32,32,31,13,14,69,,,,18,21,4,4,0.4,0.3
2025-10-24T0200,2571A,102.3431,27.8099,凉山彝族自治州,青龙寺,,,,,,,,,,,,,,,,
2025-10-24T0200,2572A,102.2721,27.8415,凉山彝族自治州,邛海宾馆,,22,22,24,15,16,54,,,,9,9,11,11,0.6,0.6
2025-10-24T0200,2573A,102.2625,27.898,凉山彝族自治州,西昌市政府,,26,20,20,18,16,57,,,,6,7,8,7,0.5,0.6
2025-10-24T0200,2574A,102.2685,27.8851,凉山彝族自治州,凉山州政府,,25,25,23,16,15,56,,,,5,5,8,9,0.7,0.7
2025-10-24T0200,4229A,102.2342,27.8859,凉山彝族自治州,凯乐南路30号,,25,25,24,13,15,69,,,,6,14,9,10,0.5,0.6
2025-10-24T0200,2212A,123.2,41.1953,辽阳市,宏伟区,颗粒物(PM10),66,81,79,43,39,4,,,,52,35,11,10,0.9,0.7
2025-10-24T0200,2213A,123.1683,41.2495,辽阳市,新华园,细颗粒物(PM2.5),80,104,76,59,42,4,,,,50,38,6,8,1.3,0.7
2025-10-24T0200,2214A,123.2354,41.2639,辽阳市,滨河路,颗粒物(PM10),70,89,92,47,48,2,,,,47,38,7,9,1.0,0.8
2025-10-24T0200,2215A,123.149,41.2991,辽阳市,铁西工业园,细颗粒物(PM2.5),72,76,85,52,53,0,,,,55,42,6,9,0.7,0.8
2025-10-24T0200,2227A,125.1358,42.8845,辽源市,环保局,颗粒物(PM10),89,128,119,55,52,3,,,,36,33,4,5,1.0,0.8
2025-10-24T0200,3239A,125.0764,42.9078,辽源市,银鹰制药,细颗粒物(PM2.5),92,110,90,68,66,7,,,,43,32,7,7,0.9,0.7
2025-10-24T0200,1625A,115.9848,36.4372,聊城市,区政府,细颗粒物(PM2.5),87,101,77,64,40,12,,,,59,45,16,14,0.9,0.6
2025-10-24T0200,2878A,116.0072,36.4343,聊城市,聊大东校,细颗粒物(PM2.5),98,119,86,73,46,11,,,,58,45,14,14,0.9,0.6
2025-10-24T0200,3200A,115.9819,36.4978,聊城市,监控中心,细颗粒物(PM2.5),77,85,76,56,42,10,,,,49,40,10,14,0.8,0.7
2025-10-24T0200,3513A,116.0445,36.4361,聊城市,九州社区,细颗粒物(PM2.5),84,106,84,62,41,9,,,,53,41,4,7,0.9,0.6
2025-10-24T0200,4018A,116.0567,36.4608,聊城市,星美广场,颗粒物(PM10),83,115,87,59,39,10,,,,50,43,17,14,0.8,0.6
2025-10-24T0200,2632A,94.3681,29.6376,林芝市,林芝监测站,,22,,11,3,6,68,,,,2,3,3,3,0.3,0.3
2025-10-24T0200,2633A,94.3616,29.6616,林芝市,林芝人民医院,,21,7,14,3,5,65,,,,1,3,4,4,0.4,0.3
2025-10-24T0200,2603A,100.0781,23.8982,临沧市,市环保局,,45,,20,31,31,30,,,,4,5,2,4,1.0,1
2025-10-24T0200,2604A,100.0894,23.8822,临沧市,市气象局,,26,18,22,18,16,28,,,,6,7,6,6,0.6,0.6
2025-10-24T0200,1733A,111.5531,36.0783,临汾市,临钢医院,颗粒物(PM10),88,126,85,59,51,3,,,,38,29,7,7,1.1,1
2025-10-24T0200,1734A,111.5028,36.0714,临汾市,技工学校,颗粒物(PM10),95,140,96,65,55,1,,,,50,36,8,8,1.1,0.9
2025-10-24T0200,1736A,111.5018,36.0855,临汾市,市委,颗粒物(PM10),103,156,108,74,57,1,,,,48,35,7,8,0.9,0.8
2025-10-24T0200,3018A,111.505,36.1014,临汾市,唐尧大酒店,"颗粒物(PM10),细颗粒物(PM2.5)",87,124,104,64,55,1,,,,37,29,3,4,0.9,0.9
2025-10-24T0200,4244A,111.4879,36.0530,临汾市,启星学校,细颗粒物(PM2.5),87,116,90,64,53,1,,,,47,39,6,7,1.0,0.9
2025-10-24T0200,4271A,103.2464,35.6123,临夏回族自治州,滨河东路1号,,47,47,36,28,19,5,,,,24,16,6,6,0.5,0.4
2025-10-24T0200,4310A,103.2093,35.5995,临夏回族自治州,新华街21号,,42,42,28,27,18,23,,,,22,15,6,7,0.6,0.5
2025-10-24T0200,1618A,118.3429,35.0532,临沂市,沂河小区,,42,39,45,29,30,65,,,,18,20,7,8,0.3,0.4
2025-10-24T0200,1619A,118.295,35.0583,临沂市,鲁南制药厂,,30,29,40,21,23,69,,,,20,22,8,8,0.5,0.5
2025-10-24T0200,1620A,118.2794,34.9976,临沂市,新光毛纺厂,,32,24,36,22,24,67,,,,21,25,8,8,0.3,0.3
2025-10-24T0200,1621A,118.3956,35.0888,临沂市,河东保险公司,,36,36,45,18,21,62,,,,22,28,7,7,0.5,0.6
2025-10-24T0200,3370A,118.3564,35.0215,临沂市,十里堡居委,,24,24,41,12,16,70,,,,19,29,8,8,0.3,0.3
2025-10-24T0200,3496A,118.3604,35.1084,临沂市,南坊新区,,36,36,42,17,21,60,,,,22,23,9,9,0.6,0.5
2025-10-24T0200,3860A,118.3920,35.0300,临沂市,皇山花园小区,,44,44,52,21,25,55,,,,24,26,9,9,0.5,0.5
2025-10-24T0200,1870A,109.4856,24.3895,柳州市,柳东小学,,35,29,23,24,17,66,,,,6,5,5,5,0.3,0.3
2025-10-24T0200,1871A,109.4157,24.3277,柳州市,环保监测站,,31,31,26,17,13,59,,,,8,6,8,7,0.4,0.4
2025-10-24T0200,1872A,109.389,24.341,柳州市,河西水厂,,46,46,35,28,21,46,,,,24,19,15,12,1.7,1.1
2025-10-24T0200,1873A,109.4311,24.2921,柳州市,市四中,,28,28,28,18,15,60,,,,8,8,8,8,0.3,0.2
2025-10-24T0200,1874A,109.4006,24.3631,柳州市,市九中,,36,36,32,15,22,62,,,,10,11,3,3,0.3,0.4
2025-10-24T0200,1875A,109.4958,24.3134,柳州市,古亭山,,32,27,24,22,15,61,,,,3,4,6,6,0.4,0.4
2025-10-24T0200,3402A,109.5422,24.3996,柳州市,市二中,,28,28,23,19,16,62,,,,9,8,7,7,0.4,0.3
2025-10-24T0200,2307A,116.5079,31.737,六安市,监测大楼,,47,47,34,19,18,65,,,,23,19,4,4,0.3,0.3
2025-10-24T0200,2308A,116.4738,31.7643,六安市,皖西学院,,42,42,37,23,19,56,,,,27,18,3,3,0.4,0.4
2025-10-24T0200,2309A,116.4996,31.7905,六安市,朝阳厂,颗粒物(PM10),53,55,39,25,20,53,,,,31,25,5,4,0.3,0.3
2025-10-24T0200,2310A,116.5567,31.7886,六安市,开发区,颗粒物(PM10),62,74,51,31,26,28,,,,38,24,1,2,0.4,0.3
2025-10-24T0200,2576A,104.8,26.5892,六盘水市,窑上,,50,47,31,35,18,46,,,,5,6,1,2,0.4,0.5
2025-10-24T0200,2577A,104.83,26.5917,六盘水市,黄土坡,,45,45,25,31,16,51,,,,9,10,3,5,0.6,0.7
2025-10-24T0200,2578A,104.89,26.5939,六盘水市,水钢,细颗粒物(PM2.5),63,74,32,45,18,53,,,,6,9,2,3,0.5,0.6
2025-10-24T0200,2579A,104.8475,26.5894,六盘水市,民中,细颗粒物(PM2.5),64,,24,46,15,47,,,,8,9,2,3,0.5,0.6
2025-10-24T0200,2580A,104.9544,26.5506,六盘水市,双水,细颗粒物(PM2.5),90,80,31,67,22,49,,,,7,7,2,3,0.5,0.5
2025-10-24T0200,2335A,117.0189,25.1181,龙岩市,龙岩师专,,,,,,,,,,,,,,,,
2025-10-24T0200,2336A,117.0217,25.1033,龙岩市,龙岩市监测站,,21,21,18,13,13,63,,,,8,8,7,6,0.4,0.3
2025-10-24T0200,2337A,117.0258,25.0661,龙岩市,闽西职业技术学院,,21,18,15,12,9,66,,,,4,3,6,5,0.4,0.4
2025-10-24T0200,2338A,117.0196,25.0306,龙岩市,龙岩学院,,24,22,16,15,12,74,,,,5,6,10,9,0.4,0.4
2025-10-24T0200,2665A,105.0822,33.3261,陇南市,汉王镇固水子,,,,,,,,,,,,,,,,
2025-10-24T0200,2885A,104.9339,33.3826,陇南市,滨江中学,,23,18,32,16,13,17,,,,7,7,6,6,0.6,0.7
2025-10-24T0200,3247A,104.955,33.371,陇南市,市总工会,,24,24,27,8,9,16,,,,11,9,6,6,1.0,1
2025-10-24T0200,2487A,111.9589,27.8901,娄底市,电视发射台,,,,,,,,,,,,,,,,
2025-10-24T0200,2488A,111.9975,27.725,娄底市,市监测站,,39,39,37,25,24,105,,,,16,13,8,9,0.4,0.3
2025-10-24T0200,2489A,112.0194,27.7314,娄底市,市委党校,,43,43,37,22,22,105,,,,12,9,3,2,0.4,0.4
2025-10-24T0200,2490A,111.9561,27.7569,娄底市,涟钢,颗粒物(PM10),54,58,38,32,24,89,,,,8,12,10,7,0.6,0.7
2025-10-24T0200,2491A,111.9892,27.7044,娄底市,市政府,细颗粒物(PM2.5),52,38,34,36,24,106,,,,12,10,9,7,0.6,0.5
2025-10-24T0200,1893A,105.4324,28.9634,泸州市,九狮山,,,,,,,,,,,,,,,,
2025-10-24T0200,1894A,105.4427,28.9063,泸州市,小市上码头,,31,31,26,17,15,37,,,,15,15,9,9,0.6,0.7
2025-10-24T0200,1895A,105.4241,28.8573,泸州市,兰田宪桥,,32,24,64,22,15,26,,,,8,9,5,5,0.4,0.4
2025-10-24T0200,1896A,105.4379,28.8833,泸州市,市环监站,,45,45,33,20,14,27,,,,15,15,10,9,0.4,0.4
2025-10-24T0200,4272A,105.3689,28.7783,泸州市,纳溪中医医院,,45,41,26,31,18,21,,,,18,16,6,6,0.5,0.6
2025-10-24T0200,2183A,111.1406,37.5211,吕梁市,环保局,细颗粒物(PM2.5),97,112,79,72,35,11,,,,60,42,5,5,1.0,0.7
2025-10-24T0200,2185A,111.1297,37.5136,吕梁市,自来水公司,细颗粒物(PM2.5),102,101,72,76,37,21,,,,39,37,8,5,1.2,0.8
2025-10-24T0200,2867A,111.1283,37.51,吕梁市,马茂庄小学,细颗粒物(PM2.5),107,118,100,80,37,10,,,,53,44,7,7,1.1,0.9
2025-10-24T0200,1812A,112.3931,34.6516,洛阳市,市委党校,细颗粒物(PM2.5),90,96,94,67,65,40,,,,40,42,7,6,0.7,0.6
2025-10-24T0200,1815A,112.494,34.6886,洛阳市,河南林校,细颗粒物(PM2.5),109,105,96,82,74,35,,,,46,44,12,12,0.6,0.6
2025-10-24T0200,1816A,112.3844,34.623,洛阳市,开发区管委会,细颗粒物(PM2.5),104,113,104,78,73,41,,,,36,34,10,9,0.7,0.7
2025-10-24T0200,1817A,112.4267,34.6258,洛阳市,市委新办公区,颗粒物(PM10),88,126,107,56,56,35,,,,40,35,11,10,0.8,0.7
2025-10-24T0200,3340A,112.6005,34.6326,洛阳市,伊滨,细颗粒物(PM2.5),100,121,111,75,74,32,,,,36,39,6,7,0.6,0.6
2025-10-24T0200,3341A,112.4951,34.6332,洛阳市,中移产业园,细颗粒物(PM2.5),99,112,106,74,75,29,,,,43,43,11,10,0.6,0.5
2025-10-24T0200,3593A,112.5736,34.8993,洛阳市,吉利监测站,细颗粒物(PM2.5),104,108,99,78,71,28,,,,35,34,8,9,0.7,0.8
2025-10-24T0200,3635A,112.3677,34.662,洛阳市,河科大西苑校区,细颗粒物(PM2.5),88,110,103,65,66,43,,,,42,42,12,11,0.9,0.8
2025-10-24T0200,3636A,112.4388,34.6781,洛阳市,英才小学,颗粒物(PM10),89,127,121,52,50,28,,,,38,42,10,10,0.7,0.7
2025-10-24T0200,4214A,112.4600,34.6949,洛阳市,春都路1号院,细颗粒物(PM2.5),83,107,102,61,55,28,,,,36,38,12,11,0.8,0.8
2025-10-24T0200,2399A,114.051,33.5699,漯河市,三五一五工厂,细颗粒物(PM2.5),133,176,117,101,72,26,,,,34,22,9,9,0.6,0.5
2025-10-24T0200,2400A,114.0055,33.5698,漯河市,漯河大学,细颗粒物(PM2.5),119,161,118,90,69,27,,,,33,25,8,8,0.7,0.6
2025-10-24T0200,2401A,114.0138,33.5828,漯河市,市水利局,细颗粒物(PM2.5),122,153,118,92,69,27,,,,33,28,9,9,0.7,0.6
2025-10-24T0200,2402A,114.0261,33.5698,漯河市,市广电局,细颗粒物(PM2.5),105,156,117,79,65,25,,,,31,21,8,8,0.6,0.6
2025-10-24T0200,3478A,113.9749,33.5664,漯河市,市图书馆,细颗粒物(PM2.5),132,193,128,100,71,27,,,,33,25,8,7,0.7,0.6
2025-10-24T0200,4250A,114.0892,33.5882,漯河市,韶山路11号,细颗粒物(PM2.5),130,163,119,99,71,16,,,,41,31,8,9,0.8,0.7
2025-10-24T0200,1798A,118.5092,31.6837,马鞍山市,湖东路四小,,46,46,32,16,11,72,,,,20,23,4,4,0.4,0.4
2025-10-24T0200,1799A,118.5024,31.6449,马鞍山市,开发区,,31,31,29,15,12,73,,,,18,18,7,6,0.5,0.4
2025-10-24T0200,1802A,118.6245,31.7241,马鞍山市,濮塘,,,,,,,,,,,,,,,,
2025-10-24T0200,3633A,118.4918,31.6809,马鞍山市,雨山,,33,33,32,19,13,72,,,,20,24,7,7,0.6,0.5
2025-10-24T0200,4191A,118.5274,31.72227,马鞍山市,慈湖高新区,,48,48,35,19,15,69,,,,20,22,3,4,0.4,0.4
2025-10-24T0200,1686A,111.0286,21.4688,茂名市,电白南海,,,27,28,9,16,43,,,,14,12,10,8,,0.6
2025-10-24T0200,1687A,110.9294,21.6533,茂名市,茂石化七小,,22,22,25,14,16,38,,,,14,14,16,11,0.2,0.3
2025-10-24T0200,1688A,110.9107,21.6687,茂名市,健康路,,24,24,22,14,17,41,,,,16,14,21,21,0.9,0.9
2025-10-24T0200,1689A,110.8592,21.6828,茂名市,高岭,,,34,28,14,10,39,,,,,13,28,9,0.8,0.7
2025-10-24T0200,3450A,111.01,21.5165,茂名市,电白水东,,24,24,22,12,12,37,,,,16,13,12,8,0.6,0.6
2025-10-24T0200,2539A,104.0308,30.0478,眉山市,黑龙滩水库,,,,,,,,,,,,,,,,
2025-10-24T0200,2540A,103.8416,30.0874,眉山市,气象局,,27,27,18,3,7,46,,,,6,12,6,6,0.3,0.4
2025-10-24T0200,3137A,103.8578,30.0744,眉山市,市委党校,,13,6,8,3,4,40,,,,8,11,4,5,0.4,0.5
2025-10-24T0200,3148A,103.8291,30.0564,眉山市,区人社局,,21,21,24,3,3,52,,,,8,15,4,4,0.8,0.9
2025-10-24T0200,1690A,116.1231,24.3284,梅州市,梅江月梅,,26,22,20,18,14,64,,,,11,11,6,6,0.4,0.4
2025-10-24T0200,1691A,116.0797,24.2719,梅州市,梅县新城,,25,22,22,17,15,67,,,,5,6,7,7,0.4,0.5
2025-10-24T0200,1692A,116.1248,24.2654,梅州市,环境监控中心,,24,24,20,14,13,62,,,,10,11,5,5,0.5,0.5
2025-10-24T0200,3315A,116.1233,24.2991,梅州市,梅龙,,23,22,21,16,12,54,,,,8,9,7,6,0.5,0.5
2025-10-24T0200,1878A,104.7778,31.4741,绵阳市,富乐山,,8,6,6,3,3,23,,,,6,6,7,7,0.6,0.6
2025-10-24T0200,1880A,104.6697,31.4668,绵阳市,高新区自来水公司,,11,,5,3,5,10,,,,21,12,7,7,0.5,0.6
2025-10-24T0200,1881A,104.7287,31.5075,绵阳市,三水厂,,,,7,2,5,13,,,,17,8,6,6,0.3,0.4
2025-10-24T0200,3491A,104.69,31.5322,绵阳市,西科大附属小学,,12,7,6,3,3,12,,,,24,15,10,9,0.2,0.2
2025-10-24T0200,3492A,104.5648,31.5343,绵阳市,安州区旅游局,,8,6,4,3,3,23,,,,13,10,6,8,0.5,0.5
2025-10-24T0200,4226A,104.7651,31.4531,绵阳市,绵阳市气象局,,7,7,5,3,3,22,,,,6,8,7,14,0.3,0.4
2025-10-24T0200,1784A,129.61,44.561,牡丹江市,环保大楼,,37,37,44,17,27,12,,,,36,30,6,6,0.4,0.4
2025-10-24T0200,1785A,129.6115,44.5782,牡丹江市,文化广场,,48,48,53,32,35,11,,,,40,35,6,7,0.4,0.5
2025-10-24T0200,1786A,129.5904,44.5963,牡丹江市,第一医院,,49,40,55,34,41,27,,,,24,30,6,5,0.5,0.5
2025-10-24T0200,1787A,129.6364,44.6075,牡丹江市,机车工厂,颗粒物(PM10),60,70,71,40,38,4,,,,40,30,6,18,0.5,0.5
2025-10-24T0200,1788A,129.6386,44.5462,牡丹江市,第一中学,,25,25,40,17,20,11,,,,25,27,3,4,0.3,0.3
2025-10-24T0200,2531A,105.0703,29.61,内江市,市监测站,,29,29,26,12,16,30,,,,8,12,3,4,0.5,0.5
2025-10-24T0200,2532A,105.0717,29.5947,内江市,东兴区政府,,25,18,19,17,12,26,,,,9,13,9,10,0.2,0.3
2025-10-24T0200,2533A,105.0653,29.5817,内江市,内江二中,,32,,20,22,17,24,,,,9,12,1,2,0.6,0.6
2025-10-24T0200,2534A,105.0406,29.5822,内江市,内江日报社,,26,19,18,18,15,27,,,,15,14,4,5,0.4,0.5
2025-10-24T0200,2628A,92.0657,31.4846,那曲市,那曲监测站,,22,18,47,9,24,69,,,,19,23,6,9,0.8,0.6
2025-10-24T0200,4243A,92.0515,31.4787,那曲市,那曲市委宣传部,,30,,25,15,14,96,,,,6,17,4,5,0.4,0.4
2025-10-24T0200,1290A,115.8931,28.6843,南昌市,省外办,,42,40,36,29,23,72,,,,21,16,6,6,0.7,0.7
2025-10-24T0200,1291A,115.8886,28.7003,南昌市,省林业公司,,34,34,31,19,21,73,,,,22,18,4,4,0.7,0.6
2025-10-24T0200,1292A,115.8126,28.7442,南昌市,林科所,,36,36,31,19,17,80,,,,16,15,7,7,0.4,0.3
2025-10-24T0200,1294A,115.8518,28.687,南昌市,建工学校,颗粒物(PM10),55,60,41,27,22,78,,,,16,15,12,11,0.3,0.3
2025-10-24T0200,1295A,115.8921,28.6424,南昌市,象湖,,39,36,40,27,21,77,,,,17,15,9,9,0.5,0.5
2025-10-24T0200,1296A,115.7423,28.7996,南昌市,武术学校,,,,,,,,,,,,,,,,
2025-10-24T0200,3046A,115.9084,28.6062,南昌市,机电学校,,47,47,45,24,23,80,,,,17,14,8,8,0.4,0.4
2025-10-24T0200,3690A,115.9721,28.7031,南昌市,外国语学校,,48,48,43,31,29,73,,,,24,21,8,8,0.4,0.4
2025-10-24T0200,4192A,115.9316,28.68677,南昌市,南京东路235号,,39,38,43,27,22,78,,,,21,19,7,6,0.5,0.5
2025-10-24T0200,1905A,106.056,30.8064,南充市,西山风景区,,,,,,,,,,,,,,,,
2025-10-24T0200,1906A,106.0789,30.8023,南充市,南充市委,,14,14,24,9,17,23,,,,10,14,4,4,0.3,0.4
2025-10-24T0200,1907A,106.1031,30.8217,南充市,南充炼油厂,,23,23,29,9,17,24,,,,6,8,6,6,0.3,0.4
2025-10-24T0200,4227A,106.1083,30.7884,南充市,梨树横街98号,,15,15,22,3,10,26,,,,7,9,4,4,0.3,0.4
2025-10-24T0200,4304A,106.1172,30.843,南充市,清泉寺北路188号,,12,9,17,8,12,24,,,,6,8,6,6,0.4,0.4
2025-10-24T0200,4305A,106.067,30.7616,南充市,同庆路1号,,10,,17,7,11,24,,,,9,15,6,6,0.3,0.4
2025-10-24T0200,1151A,118.8086,32.1065,南京市,迈皋桥,,21,21,21,9,10,56,,,,8,12,4,4,0.5,0.5
2025-10-24T0200,1152A,118.7538,32.0551,南京市,草场门,,22,22,25,12,11,65,,,,20,22,2,2,0.3,0.3
2025-10-24T0200,1153A,118.7794,32.0745,南京市,山西路,,27,27,28,7,7,71,,,,8,10,4,4,0.5,0.6
2025-10-24T0200,1154A,118.7752,32.0023,南京市,中华门,,28,22,25,19,9,70,,,,16,19,4,4,0.4,0.4
2025-10-24T0200,1155A,118.8109,32.0309,南京市,瑞金路,,22,22,22,9,9,67,,,,17,10,7,6,0.5,0.6
2025-10-24T0200,1156A,118.7997,32.0754,南京市,玄武湖,,31,31,25,6,5,59,,,,17,15,4,4,0.5,0.5
2025-10-24T0200,1157A,118.6414,32.0931,南京市,浦口,,34,34,31,12,13,57,,,,27,21,8,9,0.3,0.5
2025-10-24T0200,1158A,118.7356,31.9996,南京市,奥体中心,,35,35,28,17,10,79,,,,18,19,4,4,0.3,0.3
2025-10-24T0200,1159A,118.9125,32.1028,南京市,仙林大学城,,29,29,30,9,6,54,,,,25,20,7,7,0.4,0.4
2025-10-24T0200,3422A,118.8436,31.9198,南京市,江宁彩虹桥,,32,32,26,12,9,58,,,,25,21,6,6,0.5,0.4
2025-10-24T0200,3427A,118.8554,32.3578,南京市,六合雄州,,30,30,30,17,13,64,,,,4,16,5,6,0.3,0.3
2025-10-24T0200,4249A,118.8708,31.3402,南京市,汶溪路181号,,24,24,22,16,14,73,,,,24,25,6,4,0.5,0.4
2025-10-24T0200,4312A,119.019,31.6512,南京市,中山西路1号,,31,31,24,19,14,56,,,,19,15,3,4,0.5,0.4
2025-10-24T0200,1401A,108.3103,22.7881,南宁市,二十一中,,38,29,19,26,15,2,,,,44,14,4,4,0.7,0.5
2025-10-24T0200,1402A,108.3141,22.8528,南宁市,北湖,,34,34,22,21,12,12,,,,37,19,12,8,0.6,0.4
2025-10-24T0200,1403A,108.3206,22.8225,南宁市,市监测站,,31,31,24,18,14,22,,,,28,18,9,6,0.5,0.5
2025-10-24T0200,1404A,108.3829,22.8037,南宁市,大自然花园,,29,22,18,20,14,31,,,,12,9,4,5,0.4,0.3
2025-10-24T0200,1405A,108.4394,22.7904,南宁市,仙葫,,,,,,,,,,,,,,,,
2025-10-24T0200,1406A,108.2397,22.8467,南宁市,区农职院,,37,37,22,24,15,6,,,,24,15,23,6,0.8,0.7
2025-10-24T0200,1407A,108.3275,22.735,南宁市,英华嘉园,,36,,16,25,11,9,,,,34,11,2,2,0.5,0.4
2025-10-24T0200,3401A,108.4834,22.7618,南宁市,红星社区,,19,15,20,12,12,60,,,,6,8,6,5,0.3,0.2
2025-10-24T0200,4221A,108.2177,22.7774,南宁市,乐贤路16号,,38,38,27,22,15,4,,,,27,16,24,13,0.4,0.4
2025-10-24T0200,2331A,118.0966,26.6761,南平市,茫荡山,,,24,21,,,96,,,,,,1,1,,
2025-10-24T0200,2332A,118.1681,26.6369,南平市,南平市监测站,,21,21,23,10,27,50,,,,10,13,4,3,0.2,0.4
2025-10-24T0200,2333A,118.1825,26.6489,南平市,南平铝业有限公司,,27,27,26,13,15,62,,,,11,13,4,3,0.5,0.6
2025-10-24T0200,2334A,118.1756,26.6272,南平市,南平七中,,22,21,27,15,14,49,,,,14,11,10,5,0.7,0.6
2025-10-24T0200,1168A,120.9098,31.9663,南通市,狼山街道,,25,25,25,12,10,79,,,,12,11,4,4,0.4,0.4
2025-10-24T0200,1169A,120.86,32.0005,南通市,虹桥,,23,23,21,14,10,71,,,,12,12,6,4,0.6,0.5
2025-10-24T0200,1170A,120.87,32.02,南通市,城中,,33,33,30,10,8,68,,,,19,17,6,5,0.5,0.5
2025-10-24T0200,1171A,120.94,31.93,南通市,星湖花园,,32,32,27,14,11,73,,,,15,13,4,4,0.5,0.5
2025-10-24T0200,1172A,120.81,32.0417,南通市,紫琅学院,,37,37,29,15,10,58,,,,17,14,4,6,0.5,0.5
2025-10-24T0200,3291A,121.067,32.062,南通市,通州监测站,,24,12,14,9,9,75,,,,11,12,2,1,0.2,0.2
2025-10-24T0200,3432A,120.9348,31.9883,南通市,环境教育馆,,29,29,29,14,10,78,,,,12,13,4,4,0.3,0.3
2025-10-24T0200,2404A,112.5224,33.0122,南阳市,瓦房庄,细颗粒物(PM2.5),103,115,93,77,57,84,,,,17,17,10,11,0.6,0.6
2025-10-24T0200,2405A,112.5003,32.9735,南阳市,汉画馆,细颗粒物(PM2.5),92,92,76,68,54,87,,,,17,20,9,10,0.6,0.5
2025-10-24T0200,2406A,112.5573,33.027,南阳市,气象站,细颗粒物(PM2.5),94,119,95,70,56,87,,,,20,21,10,11,0.7,0.6
2025-10-24T0200,2407A,112.5481,32.9689,南阳市,理工学院,颗粒物(PM10),85,120,93,50,33,97,,,,17,17,13,14,0.6,0.6
2025-10-24T0200,4008A,112.5234,32.9922,南阳市,卧龙区政府,颗粒物(PM10),82,113,89,40,32,90,,,,17,18,10,11,0.7,0.7
2025-10-24T0200,1234A,121.8358,29.911,宁波市,区环保大楼,,30,30,32,10,17,82,,,,16,17,5,5,0.4,0.4
2025-10-24T0200,1235A,121.56,29.82,宁波市,万里学院,,35,35,31,14,16,67,,,,18,16,8,7,0.4,0.4
2025-10-24T0200,1236A,121.713,29.9572,宁波市,龙赛医院,,31,31,32,6,9,84,,,,9,16,6,6,0.4,0.4
2025-10-24T0200,1239A,121.633,29.7733,宁波市,钱湖水厂,,25,25,29,11,13,69,,,,15,15,6,7,0.4,0.4
2025-10-24T0200,1240A,121.5856,29.8635,宁波市,太古小学,,33,33,34,14,14,64,,,,18,14,4,3,0.4,0.4
2025-10-24T0200,1241A,121.524,29.8674,宁波市,市环境监测中心,,28,28,31,3,9,59,,,,23,21,7,6,0.5,0.5
2025-10-24T0200,2871A,121.6147,29.9017,宁波市,万里国际学校,,27,20,26,9,12,86,,,,10,14,4,5,0.3,0.3
2025-10-24T0200,3710A,121.5594,29.8975,宁波市,白沙活动中心,,23,23,26,7,10,62,,,,15,8,5,5,0.5,0.5
2025-10-24T0200,2339A,119.5001,26.6946,宁德市,金涵水库,,19,18,22,13,12,45,,,,2,3,2,2,0.3,0.3
2025-10-24T0200,2341A,119.5388,26.6612,宁德市,宁德市监测站,,23,20,21,14,13,71,,,,11,14,5,5,0.4,0.5
2025-10-24T0200,3209A,119.5231,26.6562,宁德市,宁德一中,,23,18,21,13,15,72,,,,8,9,6,5,0.3,0.4
2025-10-24T0200,2618A,98.8601,25.8567,怒江傈僳族自治州,州监测站,,35,28,28,24,18,25,,,,10,9,5,6,0.5,0.4
2025-10-24T0200,2619A,98.8546,25.8417,怒江傈僳族自治州,泸水一中,,25,20,23,17,15,10,,,,16,15,5,5,0.5,0.5
2025-10-24T0200,1888A,101.6891,26.571,攀枝花市,弄弄坪,,44,44,38,26,23,46,,,,16,16,14,11,0.8,0.8
2025-10-24T0200,1889A,101.5769,26.5928,攀枝花市,河门口,,33,31,31,23,21,53,,,,12,13,19,16,1.1,1
2025-10-24T0200,1890A,101.7169,26.585,攀枝花市,炳草岗,颗粒物(PM10),52,53,38,31,26,43,,,,18,20,25,14,1.0,0.9
2025-10-24T0200,1891A,101.7369,26.5008,攀枝花市,仁和,,35,31,28,24,18,53,,,,9,10,7,6,0.7,0.7
2025-10-24T0200,2835A,101.7227,26.567,攀枝花市,四十中小,,33,33,35,21,21,46,,,,15,15,38,18,1.0,0.8
2025-10-24T0200,1604A,122.0303,41.1489,盘锦市,开发区,,45,43,33,31,21,38,,,,21,19,2,3,0.5,0.4
2025-10-24T0200,1605A,122.0485,41.0883,盘锦市,兴隆台,,40,40,29,22,17,50,,,,19,21,6,7,0.5,0.4
2025-10-24T0200,1606A,121.8297,41.1028,盘锦市,新生街道,,44,44,30,29,18,19,,,,48,35,8,8,0.3,0.2
2025-10-24T0200,1832A,113.3257,33.742,平顶山市,新华旅馆,颗粒物(PM10),85,119,113,60,48,27,,,,36,31,6,7,0.6,0.6
2025-10-24T0200,1833A,113.2919,33.737,平顶山市,规划设计院,细颗粒物(PM2.5),115,151,116,87,72,35,,,,35,34,6,7,0.4,0.4
2025-10-24T0200,1834A,113.182,33.774,平顶山市,平顶山工学院,细颗粒物(PM2.5),107,141,108,80,68,38,,,,33,29,8,9,0.5,0.5
2025-10-24T0200,3204A,113.3025,33.73,平顶山市,规划局,细颗粒物(PM2.5),118,151,122,89,64,31,,,,35,30,8,10,0.5,0.6
2025-10-24T0200,3594A,112.8867,33.9116,平顶山市,石龙区,细颗粒物(PM2.5),112,143,113,84,62,34,,,,37,38,8,8,0.7,0.7
2025-10-24T0200,2656A,106.6692,35.5461,平凉市,聚贤嘉苑,,30,24,34,21,25,19,,,,23,21,8,10,0.6,0.6
2025-10-24T0200,2657A,106.7021,35.5307,平凉市,博物馆,,38,38,44,22,24,19,,,,22,21,9,9,0.5,0.8
2025-10-24T0200,2347A,114.0997,27.5002,萍乡市,武功山,,,,,,,,,,,,,,,,
2025-10-24T0200,2348A,113.8385,27.6434,萍乡市,中医院,,31,31,39,18,18,93,,,,12,20,5,5,0.4,0.5
2025-10-24T0200,2349A,113.8493,27.6253,萍乡市,市政府车库,,45,45,41,20,22,87,,,,14,19,17,14,0.4,0.5
2025-10-24T0200,2350A,113.8676,27.6435,萍乡市,市环保局,,42,33,35,29,21,93,,,,7,11,9,6,0.3,0.4
2025-10-24T0200,2351A,113.866,27.6198,萍乡市,安源区政府,,42,40,37,29,24,84,,,,17,17,14,10,1.0,0.7
2025-10-24T0200,2319A,119.0141,25.4325,莆田市,荔城区仓后路,,,23,32,,9,78,,,,7,9,5,6,0.5,0.6
2025-10-24T0200,2320A,119.0015,25.4553,莆田市,莆田市监测站,,27,13,20,9,9,85,,,,7,7,5,5,0.6,0.6
2025-10-24T0200,2321A,119.1119,25.4561,莆田市,涵江区六中,,27,21,22,8,8,86,,,,7,8,6,6,0.5,0.5
2025-10-24T0200,2322A,119.1013,25.3215,莆田市,秀屿区政府,,27,23,27,11,13,84,,,,8,10,5,5,0.5,0.5
2025-10-24T0200,2323A,118.981,25.4792,莆田市,东圳水库,,31,18,16,8,10,98,,,,6,7,6,6,0.2,0.3
2025-10-24T0200,2392A,115.0312,35.7636,濮阳市,环保局,细颗粒物(PM2.5),88,69,88,65,71,8,,,,53,54,11,12,0.6,0.6
2025-10-24T0200,2394A,115.0574,35.7609,濮阳市,油田运输公司,细颗粒物(PM2.5),95,98,115,71,78,8,,,,52,54,10,11,0.9,0.9
2025-10-24T0200,3021A,115,35.7668,濮阳市,濮水河管理处,细颗粒物(PM2.5),99,120,123,74,76,0,,,,39,41,8,9,0.7,0.7
2025-10-24T0200,4216A,115.0924,35.7686,濮阳市,任丘路479号,细颗粒物(PM2.5),102,104,122,76,80,3,,,,51,55,8,10,0.8,0.9
2025-10-24T0200,2601A,100.98,22.7633,普洱市,市环保局,,30,30,31,21,17,43,,,,4,8,6,6,0.5,0.5
2025-10-24T0200,2602A,100.9817,22.8322,普洱市,普洱第二中学,,24,24,24,16,12,21,,,,18,10,4,4,0.3,0.4
2025-10-24T0200,2262A,131.0518,45.8751,七台河市,新一中,,,,,,,,,,,,,,,,
2025-10-24T0200,3345A,131.0577,45.7879,七台河市,中波台,细颗粒物(PM2.5),58,63,65,41,39,23,,,,28,33,15,8,0.8,0.7
2025-10-24T0200,3637A,131.0176,45.7761,七台河市,人民广场,颗粒物(PM10),61,71,76,41,42,22,,,,31,30,6,7,0.7,0.6
2025-10-24T0200,3684A,130.8781,45.8222,七台河市,新建矿广场,,40,31,72,28,34,34,,,,11,24,5,7,0.4,0.5
2025-10-24T0200,1779A,123.9305,47.3636,齐齐哈尔市,安居小区,,42,42,46,9,18,42,,,,24,25,2,4,0.3,0.4
2025-10-24T0200,1780A,123.9488,47.3386,齐齐哈尔市,中心广场,,34,34,40,12,19,46,,,,24,27,6,6,0.3,0.5
2025-10-24T0200,1781A,123.9483,47.3227,齐齐哈尔市,农牧车辆厂,,39,39,46,16,16,41,,,,25,23,4,5,0.5,0.5
2025-10-24T0200,1783A,123.945,47.2988,齐齐哈尔市,市环境监测站,,39,39,52,22,23,40,,,,27,26,7,8,0.4,0.5
2025-10-24T0200,3662A,123.6333,47.2075,齐齐哈尔市,富区青少年活动中心,颗粒物(PM10),62,73,58,34,27,38,,,,18,17,6,5,0.9,0.6
2025-10-24T0200,2591A,107.9783,26.5747,黔东南苗族侗族自治州,市环境监测站,,36,36,35,24,25,73,,,,6,7,8,4,0.5,0.4
2025-10-24T0200,2881A,107.8908,26.5311,黔东南苗族侗族自治州,凯里学院,,34,34,32,22,26,57,,,,12,11,3,3,0.5,0.5
2025-10-24T0200,2593A,107.5228,26.2403,黔南布依族苗族自治州,小围寨,,31,31,24,19,17,59,,,,5,4,3,3,0.7,0.7
2025-10-24T0200,3538A,107.5175,26.2978,黔南布依族苗族自治州,沙坝,,39,36,31,27,23,54,,,,7,6,3,4,0.4,0.4
2025-10-24T0200,2589A,104.9022,25.0925,黔西南布依族苗族自治州,场坝街,,25,,34,17,25,53,,,,5,8,3,18,0.3,0.4
2025-10-24T0200,2590A,104.8811,25.0992,黔西南布依族苗族自治州,坪东大道,,26,18,29,18,27,54,,,,4,8,3,9,0.5,0.5
2025-10-24T0200,2502A,108.6236,21.9667,钦州市,市环保站,,27,27,26,14,12,55,,,,8,8,4,3,0.6,0.7
2025-10-24T0200,2503A,108.6549,21.9481,钦州市,沙埠小学,,28,20,29,19,17,59,,,,8,9,4,3,0.5,0.5
2025-10-24T0200,2504A,108.5989,21.7431,钦州市,港区一小,,33,32,32,23,23,33,,,,32,25,10,8,0.5,0.5
2025-10-24T0200,3404A,108.5959,21.9633,钦州市,北职校,,26,25,22,18,15,50,,,,7,5,6,5,0.5,0.5
2025-10-24T0200,1043A,119.7493,40.0116,秦皇岛市,第一关,,49,38,36,34,27,8,,,,70,42,8,8,0.3,0.3
2025-10-24T0200,1044A,119.5897,39.9499,秦皇岛市,监测站,,46,46,49,22,19,10,,,,46,38,5,7,0.3,0.4
2025-10-24T0200,1046A,119.5251,39.9041,秦皇岛市,建设大厦,,43,43,47,22,19,3,,,,47,32,4,5,0.3,0.3
2025-10-24T0200,3132A,119.610547,39.943889,秦皇岛市,文明里,,49,49,41,20,18,6,,,,49,30,8,10,0.3,0.3
2025-10-24T0200,4198A,119.5090,39.8253,秦皇岛市,北戴河轮滑馆,,43,43,38,19,12,2,,,,51,27,2,4,0.4,0.4
2025-10-24T0200,1307A,120.6659,36.2403,青岛市,仰口,,,,,,,,,,,,,,,,
2025-10-24T0200,1310A,120.4134,36.0658,青岛市,市南区东部子站,,39,39,32,19,12,47,,,,19,14,6,7,0.3,0.3
2025-10-24T0200,1311A,120.3664,36.1032,青岛市,四方区子站,,35,34,33,24,19,42,,,,19,17,2,2,0.2,0.2
2025-10-24T0200,1312A,120.2994,36.054,青岛市,市南区西部子站,,34,34,35,12,13,60,,,,21,23,7,7,0.4,0.4
2025-10-24T0200,1313A,120.4581,36.0858,青岛市,崂山区子站,,34,34,27,12,8,60,,,,17,15,8,9,0.3,0.3
2025-10-24T0200,1315A,120.3999,36.3083,青岛市,城阳区子站,,36,36,39,20,17,37,,,,26,18,4,5,0.4,0.4
2025-10-24T0200,3362A,120.5014,36.4034,青岛市,即墨2号,,49,37,35,34,27,37,,,,28,24,3,5,0.3,0.3
2025-10-24T0200,3642A,120.3503,36.0736,青岛市,市北区南部,,39,39,39,17,13,53,,,,18,23,4,4,0.3,0.2
2025-10-24T0200,3643A,120.3948,36.1805,青岛市,李沧区北部,,44,44,39,24,21,30,,,,38,22,6,6,0.4,0.4
2025-10-24T0200,4290A,120.1969,35.9546,青岛市,珠江路669号,,39,29,39,27,16,54,,,,28,39,10,11,0.3,0.3
2025-10-24T0200,4291A,120.0424,35.8656,青岛市,黄岛区人民政府广场,,27,27,32,7,10,58,,,,17,19,7,7,0.5,0.5
2025-10-24T0200,1702A,113.0426,23.691,清远市,环保大楼,,,,,,,,,,,,,,,,
2025-10-24T0200,1703A,113.0208,23.7106,清远市,凤城街办,,25,25,19,17,12,64,,,,9,12,7,6,0.5,0.5
2025-10-24T0200,3025A,113.0477,23.6344,清远市,技师学院,,31,31,24,17,13,66,,,,14,16,5,4,0.5,0.5
2025-10-24T0200,3318A,112.9903,23.7403,清远市,清新太和,,25,25,16,16,11,73,,,,11,12,5,6,0.6,0.6
2025-10-24T0200,3455A,113.076,23.7198,清远市,清城东城,,34,34,22,19,12,66,,,,12,11,6,5,0.5,0.5
2025-10-24T0200,2661A,107.6325,35.7357,庆阳市,庆阳五中,,19,17,35,13,28,47,,,,8,11,1,1,0.3,0.4
2025-10-24T0200,2662A,107.6364,35.7067,庆阳市,市环保局,,18,14,30,12,28,49,,,,9,12,2,3,0.4,0.5
2025-10-24T0200,1916A,103.7897,25.5035,曲靖市,环境监测站,,24,24,22,16,12,44,,,,13,13,6,5,0.5,0.5
2025-10-24T0200,1917A,103.8,25.5364,曲靖市,烟厂办公区,,24,24,22,12,12,42,,,,13,12,4,4,0.5,0.5
2025-10-24T0200,3376A,103.7947,25.462,曲靖市,南苑二区,,28,28,20,17,13,42,,,,14,12,5,4,0.5,0.5
2025-10-24T0200,3377A,103.7444,25.5261,曲靖市,曲靖师范学院,,28,24,21,19,14,43,,,,11,13,4,3,0.5,0.5
2025-10-24T0200,1264A,118.8692,28.9398,衢州市,环保大楼,,36,36,35,18,17,64,,,,22,17,5,5,0.4,0.4
2025-10-24T0200,1265A,118.8709,28.9666,衢州市,实验学校,,31,31,34,16,17,52,,,,27,19,5,4,0.3,0.3
2025-10-24T0200,1266A,118.8621,28.9808,衢州市,衢州学院,,33,33,32,17,16,57,,,,24,18,6,6,0.4,0.3
2025-10-24T0200,1611A,118.5819,24.9117,泉州市,涂山街,,28,22,22,13,12,87,,,,7,6,4,3,0.5,0.4
2025-10-24T0200,1612A,118.5972,24.8978,泉州市,津头埔,,27,19,22,14,12,84,,,,9,10,3,2,0.4,0.4
2025-10-24T0200,1613A,118.6663,24.9424,泉州市,万安,,25,23,26,13,12,80,,,,8,7,3,3,0.4,0.4
2025-10-24T0200,1614A,118.6117,24.9604,泉州市,清源山,,28,19,18,9,8,87,,,,6,6,2,1,0.4,0.4
2025-10-24T0200,3529A,118.6333,24.9264,泉州市,城华南路,,26,22,20,12,10,82,,,,11,11,4,3,0.2,0.2
2025-10-24T0200,2626A,88.8876,29.2718,日喀则市,日喀则监测站,,26,11,16,7,3,83,,,,8,11,12,13,0.2,0.3
2025-10-24T0200,3726A,88.8781,29.2426,日喀则市,林业技术推广中心,,30,8,17,3,4,96,,,,2,3,5,5,0.4,0.3
2025-10-24T0200,1659A,119.471,35.4209,日照市,监测站,,24,24,31,10,13,62,,,,17,21,8,8,0.5,0.5
2025-10-24T0200,1660A,119.523,35.4216,日照市,市政府广场,,29,29,26,10,13,78,,,,9,13,7,7,0.6,0.6
2025-10-24T0200,1661A,119.5587,35.4044,日照市,港务局,,29,27,28,20,19,88,,,,14,16,9,8,0.6,0.5
2025-10-24T0200,3507A,119.5328,35.4625,日照市,职业技术学院,,31,31,29,7,9,88,,,,10,13,8,7,0.6,0.5
2025-10-24T0200,3604A,119.3266,35.1044,日照市,岚山环保分局,,41,41,45,26,26,63,,,,27,29,35,33,3.1,2.6
2025-10-24T0200,1835A,111.1922,34.7752,三门峡市,市政府,细颗粒物(PM2.5),110,100,65,83,64,73,,,,24,23,12,13,0.5,0.5
2025-10-24T0200,1836A,111.1587,34.7942,三门峡市,开发区,细颗粒物(PM2.5),119,106,92,90,67,74,,,,31,29,9,10,0.5,0.5
2025-10-24T0200,1838A,111.143,34.7955,三门峡市,风景区,细颗粒物(PM2.5),112,93,66,84,59,77,,,,21,19,12,13,0.6,0.6
2025-10-24T0200,3039A,111.1911,34.7829,三门峡市,三门峡市第一小学,细颗粒物(PM2.5),125,97,71,95,67,66,,,,22,20,10,13,0.5,0.5
2025-10-24T0200,3598A,111.1,34.7167,三门峡市,富达温泉假日酒店,细颗粒物(PM2.5),114,106,80,86,65,68,,,,36,30,14,11,0.5,0.6
2025-10-24T0200,2324A,117.6211,26.2625,三明市,三钢,,28,26,25,19,16,64,,,,11,13,4,2,0.4,0.4
2025-10-24T0200,2325A,117.635,26.2714,三明市,三明二中,,29,29,31,18,18,60,,,,6,8,4,2,0.4,0.4
2025-10-24T0200,2326A,117.6028,26.2378,三明市,三元区政府,,25,25,24,16,14,69,,,,8,12,4,3,0.5,0.5
2025-10-24T0200,2327A,117.7275,26.3108,三明市,洋溪,,26,23,19,18,15,50,,,,10,9,8,8,1.0,1
2025-10-24T0200,1876A,109.5078,18.2489,三亚市,河东子站,,22,14,7,3,2,70,,,,6,7,3,3,0.4,0.5
2025-10-24T0200,1877A,109.4964,18.2681,三亚市,河西子站,,21,9,5,3,2,66,,,,5,6,7,6,0.6,0.6
2025-10-24T0200,3540A,109.7348,18.3443,三亚市,君悦子站,,20,6,12,3,4,64,,,,6,6,4,4,0.5,0.5
2025-10-24T0200,2624A,91.7608,29.2313,山南市,山南监测站,,30,6,11,3,4,93,,,,1,5,4,4,0.3,0.3
2025-10-24T0200,2625A,91.7706,29.2436,山南市,山南人民医院,,30,6,16,3,5,94,,,,1,5,3,4,0.3,0.3
2025-10-24T0200,1674A,116.6794,23.3667,汕头市,金平子站,,25,25,33,14,15,45,,,,16,21,10,7,0.6,0.6
2025-10-24T0200,1675A,116.7244,23.3633,汕头市,龙湖子站,,19,18,28,13,14,45,,,,11,16,8,9,0.4,0.4
2025-10-24T0200,1676A,116.7258,23.2775,汕头市,濠江子站,,26,23,30,18,17,37,,,,14,15,8,8,0.5,0.6
2025-10-24T0200,1677A,116.7519,23.4714,汕头市,澄海子站,,18,15,26,12,12,46,,,,9,13,5,5,0.5,0.6
2025-10-24T0200,1678A,116.6092,23.2539,汕头市,潮阳子站,,20,20,24,14,11,44,,,,10,11,9,8,0.5,0.6
2025-10-24T0200,3444A,116.454,23.2684,汕头市,潮南峡山,,27,27,29,17,17,39,,,,13,12,7,8,0.5,0.7
2025-10-24T0200,3624A,116.4069,23.2533,汕头市,潮南子站,,36,36,35,22,16,38,,,,13,16,6,5,0.5,0.6
2025-10-24T0200,1693A,115.3653,22.775,汕尾市,市环保局,,26,21,20,18,15,63,,,,6,6,5,5,0.7,0.7
2025-10-24T0200,1694A,115.3706,22.7898,汕尾市,市政府,,22,20,19,15,16,62,,,,8,8,7,6,0.3,0.4
2025-10-24T0200,1695A,115.3622,22.7925,汕尾市,新城中学,,28,,23,19,16,61,,,,7,7,7,7,0.6,0.6
2025-10-24T0200,2645A,109.9154,33.8715,商洛市,监测站,,43,42,42,30,28,72,,,,14,20,2,6,0.4,0.5
2025-10-24T0200,3045A,109.9643,33.8471,商洛市,商州区中学,颗粒物(PM10),51,52,54,32,32,48,,,,25,22,5,6,0.4,0.6
2025-10-24T0200,2408A,115.6702,34.4285,商丘市,环境监测站,细颗粒物(PM2.5),117,111,82,88,61,19,,,,44,34,2,4,0.7,0.5
2025-10-24T0200,2409A,115.6458,34.4045,商丘市,粮食局,细颗粒物(PM2.5),102,97,74,76,54,26,,,,37,27,6,7,0.8,0.7
2025-10-24T0200,2410A,115.6293,34.3948,商丘市,睢阳区环保局,细颗粒物(PM2.5),114,105,76,86,54,30,,,,37,27,9,10,0.7,0.6
2025-10-24T0200,3171A,115.6071,34.4465,商丘市,梁园区档案局,细颗粒物(PM2.5),122,93,70,92,55,19,,,,44,35,2,9,0.7,0.6
2025-10-24T0200,1141A,121.4,31.238,上海市,普陀,,31,31,30,14,13,70,,,,24,23,7,6,0.6,0.5
2025-10-24T0200,1142A,121.478,31.2036,上海市,十五厂,,28,24,28,9,10,87,,,,11,15,7,7,0.6,0.6
2025-10-24T0200,1143A,121.467,31.3008,上海市,虹口,,28,26,28,10,10,87,,,,9,14,8,8,0.4,0.4
2025-10-24T0200,1147A,121.425,31.2261,上海市,静安监测站,,29,29,32,13,13,77,,,,19,20,4,4,0.4,0.3
2025-10-24T0200,1148A,121.703,31.1907,上海市,浦东川沙,,29,29,29,12,9,83,,,,14,15,9,9,0.1,0.1
2025-10-24T0200,1149A,121.533,31.2284,上海市,浦东新区监测站,,24,24,26,16,14,76,,,,17,16,6,6,0.6,0.6
2025-10-24T0200,1150A,121.577,31.2071,上海市,浦东张江,,29,28,28,14,12,91,,,,16,15,6,6,0.5,0.5
2025-10-24T0200,3265A,121.4316,31.3322,上海市,宝山庙行,,26,25,29,8,12,82,,,,16,21,8,9,0.4,0.6
2025-10-24T0200,3266A,121.8791,31.4662,上海市,崇明上实东滩,,30,23,21,10,9,93,,,,4,5,4,4,0.4,0.4
2025-10-24T0200,3268A,121.3162,31.2838,上海市,嘉定南翔,,28,28,30,14,11,75,,,,24,22,6,6,0.3,0.3
2025-10-24T0200,3269A,121.3359,30.7456,上海市,金山新城,,39,39,32,18,16,39,,,,36,24,6,6,0.4,0.5
2025-10-24T0200,3270A,121.4996,31.0739,上海市,闵行浦江,,28,28,28,8,10,81,,,,15,17,5,5,0.9,0.8
2025-10-24T0200,3271A,121.2886,31.1663,上海市,青浦徐泾,,34,34,28,8,7,58,,,,31,17,8,8,0.5,0.5
2025-10-24T0200,3272A,121.2186,31.0378,上海市,松江图书馆,,37,37,29,13,11,55,,,,33,28,5,5,0.4,0.4
2025-10-24T0200,3273A,121.3902,31.2059,上海市,长宁仙霞,,32,32,31,15,12,61,,,,25,22,6,6,0.7,0.6
2025-10-24T0200,3274A,121.7965,31.0507,上海市,浦东惠南,,27,26,28,6,9,86,,,,17,18,7,8,0.4,0.4
2025-10-24T0200,3544A,121.4891,30.925,上海市,奉贤南桥新城,,36,36,29,13,12,55,,,,35,22,4,4,0.6,0.4
2025-10-24T0200,4183A,121.4174,31.16637,上海市,冠生园路458号,,32,32,28,13,11,67,,,,22,20,5,6,0.7,0.5
2025-10-24T0200,4205A,121.5419,31.2683,上海市,宁武路151号,,27,27,28,13,12,78,,,,20,18,5,6,0.4,0.4
2025-10-24T0200,2381A,118.005,28.4572,上饶市,百草园,,,,,,,,,,,,,,,,
2025-10-24T0200,2382A,117.9756,28.4436,上饶市,市监测站,,33,33,35,13,15,64,,,,24,12,16,6,0.3,0.3
2025-10-24T0200,2383A,117.9519,28.4628,上饶市,凤凰光学,,34,34,36,11,15,52,,,,26,12,11,6,0.4,0.4
2025-10-24T0200,3685A,117.897,28.4315,上饶市,双创科技城,,30,30,34,21,17,67,,,,27,17,6,5,0.3,0.3
2025-10-24T0200,4211A,118.1904,28.4448,上饶市,裕丰大道,,43,43,40,20,17,75,,,,14,13,4,2,0.6,0.4
2025-10-24T0200,1669A,113.5824,24.7733,韶关市,市八中,,29,29,28,16,18,57,,,,9,12,6,5,0.5,0.5
2025-10-24T0200,1671A,113.5917,24.7972,韶关市,园林处,,35,28,24,24,19,54,,,,8,9,10,7,0.5,0.5
2025-10-24T0200,1673A,113.5971,24.6863,韶关市,曲江监测站,,30,30,25,20,20,56,,,,8,10,10,8,0.4,0.4
2025-10-24T0200,2809A,113.6668,24.7756,韶关市,大学路288号,,29,28,28,20,21,61,,,,13,11,14,10,0.5,0.6
2025-10-24T0200,3622A,113.5556,24.8082,韶关市,碧湖山庄,,34,34,30,20,18,58,,,,9,9,8,7,0.5,0.5
2025-10-24T0200,2462A,111.5239,27.3033,邵阳市,市水土所,,,,,,,,,,,,,,,,
2025-10-24T0200,2464A,111.5283,27.2442,邵阳市,市化工厂,细颗粒物(PM2.5),58,,33,41,23,99,,,,12,12,5,6,0.4,0.4
2025-10-24T0200,2466A,111.4328,27.2272,邵阳市,市环保局,,50,37,37,35,22,96,,,,12,11,5,4,0.8,0.7
2025-10-24T0200,4218A,111.4460,27.2472,邵阳市,北塔二期4-26地块,,45,40,33,31,22,86,,,,12,13,5,4,0.8,0.8
2025-10-24T0200,4219A,111.4739,27.2282,邵阳市,邵水西路287号,,46,46,37,28,22,97,,,,10,14,9,8,0.4,0.2
2025-10-24T0200,1247A,120.6053,29.9928,绍兴市,城东开发委,,33,33,35,16,15,62,,,,22,25,8,8,0.2,0.2
2025-10-24T0200,2921A,120.5483,30.0003,绍兴市,树下王站,,34,34,34,13,14,63,,,,26,24,7,7,0.6,0.6
2025-10-24T0200,3408A,120.5683,29.9361,绍兴市,绍兴中专,,34,34,35,13,20,66,,,,18,17,9,9,0.4,0.5
2025-10-24T0200,3409A,120.4906,30.0861,绍兴市,柯桥区政府,,34,34,32,18,20,62,,,,27,26,6,7,0.5,0.4
2025-10-24T0200,3410A,120.8752,30.0249,绍兴市,重华小学,,34,34,31,13,14,63,,,,18,19,8,9,0.4,0.4
2025-10-24T0200,3411A,120.8369,30.0137,绍兴市,上虞中学,,34,34,30,16,16,57,,,,27,24,6,6,0.5,0.5
2025-10-24T0200,3560A,120.4722,30.0415,绍兴市,柯桥妇保,,,,34,,16,,,80,,,22,,6,,0.5
2025-10-24T0200,3658A,120.6153,30.0764,绍兴市,袍江中学,,31,31,35,14,16,57,,,,27,30,3,4,0.4,0.4
2025-10-24T0200,1356A,114.1063,22.5545,深圳市,通心岭子站,,23,23,27,12,13,61,,,,9,14,14,10,0.5,0.6
2025-10-24T0200,1357A,114.117,22.5625,深圳市,洪湖,,28,28,26,14,14,62,,,,8,12,9,8,0.7,0.7
2025-10-24T0200,1358A,113.987,22.5417,深圳市,华侨城,,25,25,26,15,16,64,,,,8,15,7,7,0.5,0.6
2025-10-24T0200,1359A,113.9181,22.5171,深圳市,南海子站,,32,32,29,18,16,54,,,,18,20,6,6,0.6,0.6
2025-10-24T0200,1360A,114.2458,22.5689,深圳市,盐田,,28,28,24,16,14,65,,,,4,6,8,8,0.4,0.5
2025-10-24T0200,1361A,114.2283,22.7244,深圳市,龙岗,,26,26,29,16,17,67,,,,6,8,8,8,0.6,0.7
2025-10-24T0200,1363A,114.494,22.5422,深圳市,南澳,,25,25,22,15,11,63,,,,6,6,8,8,0.4,0.4
2025-10-24T0200,1364A,114.41,22.6342,深圳市,葵涌,,26,26,24,18,13,64,,,,5,6,7,7,0.5,0.5
2025-10-24T0200,1365A,114.297,22.5978,深圳市,梅沙,,28,28,28,14,16,68,,,,5,6,8,8,0.4,0.4
2025-10-24T0200,1366A,114.0678,22.738,深圳市,观澜,,35,35,35,17,18,62,,,,11,14,8,8,0.6,0.7
2025-10-24T0200,3305A,114.0731,22.559,深圳市,莲花,,24,24,27,16,18,60,,,,9,15,9,8,0.4,0.5
2025-10-24T0200,3306A,114.0261,22.6198,深圳市,民治,,26,26,27,16,19,60,,,,14,18,7,7,0.5,0.5
2025-10-24T0200,3307A,114.1871,22.6451,深圳市,横岗,,31,31,29,18,18,65,,,,8,12,6,6,0.8,0.8
2025-10-24T0200,3447A,114.3551,22.7151,深圳市,坪山,,31,31,32,17,18,60,,,,14,17,9,8,0.6,0.6
2025-10-24T0200,3623A,113.8953,22.5861,深圳市,西乡,,27,27,26,15,15,64,,,,10,13,8,8,0.7,0.7
2025-10-24T0200,1098A,123.6836,41.9339,沈阳市,森林路,,,,35,,19,,,62,,,11,,6,,0.5
2025-10-24T0200,1099A,123.505,41.7406,沈阳市,浑南东路,颗粒物(PM10),53,55,57,36,36,30,,,,41,41,5,6,0.6,0.7
2025-10-24T0200,1100A,123.4231,41.6989,沈阳市,新秀街,颗粒物(PM10),52,53,50,32,32,36,,,,33,33,8,7,0.9,0.7
2025-10-24T0200,1102A,123.5903,41.8411,沈阳市,东陵路,颗粒物(PM10),51,52,42,30,24,27,,,,31,27,8,8,0.4,0.4
2025-10-24T0200,1103A,123.4264,41.8467,沈阳市,陵东街,细颗粒物(PM2.5),58,62,62,41,35,1,,,,62,40,7,7,0.6,0.5
2025-10-24T0200,1104A,123.4114,41.7653,沈阳市,文化路,颗粒物(PM10),58,65,67,34,37,28,,,,48,41,8,9,0.6,0.7
2025-10-24T0200,1105A,123.4678,41.7867,沈阳市,小河沿,细颗粒物(PM2.5),53,53,56,37,34,16,,,,46,35,7,8,0.4,0.6
2025-10-24T0200,1106A,123.4017,41.7972,沈阳市,太原街,细颗粒物(PM2.5),67,76,67,48,43,10,,,,69,47,10,11,0.6,0.6
2025-10-24T0200,1108A,123.3783,41.9228,沈阳市,京沈街,细颗粒物(PM2.5),69,74,48,50,36,21,,,,50,36,11,13,0.6,0.6
2025-10-24T0200,2897A,123.2444,41.7347,沈阳市,沈辽西路,颗粒物(PM10),70,90,77,49,43,3,,,,72,52,11,11,0.9,0.8
2025-10-24T0200,2900A,123.5953,41.9086,沈阳市,裕农路,颗粒物(PM10),51,51,46,34,29,21,,,,50,33,4,5,0.5,0.5
2025-10-24T0200,2428A,111.0419,32.395,十堰市,武当山,,,,,,,,,,,,,,,,
2025-10-24T0200,2429A,110.78,32.6494,十堰市,滨河新村,细颗粒物(PM2.5),64,73,73,46,43,14,,,,29,27,8,8,0.7,0.7
2025-10-24T0200,2430A,110.7258,32.6389,十堰市,刘家沟,细颗粒物(PM2.5),67,56,63,48,44,32,,,,12,14,7,8,0.5,0.5
2025-10-24T0200,2431A,110.8839,32.5714,十堰市,铁二处,细颗粒物(PM2.5),65,51,48,47,42,28,,,,12,14,7,7,0.7,0.6
2025-10-24T0200,3545A,110.8054,32.8401,十堰市,郧阳区金沙路,,45,41,53,31,38,44,,,,18,19,6,6,0.7,0.7
2025-10-24T0200,2709A,86.0497,44.2967,石河子市,艾青诗歌馆,颗粒物(PM10),84,117,131,46,61,23,,,,46,42,7,10,0.5,0.7
2025-10-24T0200,3442A,86.047,44.2331,石河子市,南区管委会,颗粒物(PM10),77,103,142,39,63,49,,,,22,26,5,12,0.3,0.5
2025-10-24T0200,4051A,86.0791,44.3017,石河子市,世纪广场,颗粒物(PM10),107,164,154,43,55,3,,,,64,45,9,10,0.8,0.8
2025-10-24T0200,1029A,114.4422,38.0444,石家庄市,职工医院,细颗粒物(PM2.5),109,101,84,82,70,5,,,,41,36,2,2,0.8,0.7
2025-10-24T0200,1030A,114.6063,38.0266,石家庄市,高新区,细颗粒物(PM2.5),89,107,86,66,63,5,,,,52,41,4,4,0.7,0.6
2025-10-24T0200,1031A,114.4898,38.1328,石家庄市,西北水源,细颗粒物(PM2.5),104,101,89,78,71,4,,,,32,29,2,3,0.7,0.7
2025-10-24T0200,1032A,114.4586,38.0058,石家庄市,西南高教,细颗粒物(PM2.5),110,133,99,83,73,1,,,,46,38,2,2,0.6,0.6
2025-10-24T0200,1033A,114.5331,38.0178,石家庄市,世纪公园,细颗粒物(PM2.5),110,109,81,83,66,5,,,,36,27,3,3,0.8,0.6
2025-10-24T0200,1034A,114.509,38.0457,石家庄市,人民会堂,细颗粒物(PM2.5),113,125,91,85,68,2,,,,36,31,2,2,0.8,0.7
2025-10-24T0200,1035A,114.3524,37.8911,石家庄市,封龙山,,,,,,,,,,,,,,,,
2025-10-24T0200,2862A,114.5481,38.0378,石家庄市,22中南校区,细颗粒物(PM2.5),83,84,66,61,62,0,,,,41,31,1,2,0.7,0.6
2025-10-24T0200,3456A,114.289,38.0906,石家庄市,鹿泉一中,细颗粒物(PM2.5),90,102,94,67,72,8,,,,17,29,3,4,0.5,0.6
2025-10-24T0200,3573A,114.8506765,38.0322033,石家庄市,藁城区实验学校,细颗粒物(PM2.5),83,104,81,61,53,1,,,,48,42,3,2,0.6,0.6
2025-10-24T0200,4024A,114.6549,37.9020,石家庄市,栾城区星河路,细颗粒物(PM2.5),100,,65,75,68,1,,,,26,33,4,6,0.6,0.6
2025-10-24T0200,4314A,114.0494,38.059,石家庄市,矿区区委大楼,细颗粒物(PM2.5),87,89,95,64,65,2,,,,27,41,4,5,0.6,0.6
2025-10-24T0200,1947A,106.3394,38.817,石嘴山市,沙湖旅游区,,,,,,,,,,,,,,,,
2025-10-24T0200,1948A,106.3668,39.0145,石嘴山市,大武口朝阳西街,细颗粒物(PM2.5),84,75,65,62,48,29,,,,33,36,9,20,0.4,0.6
2025-10-24T0200,1949A,106.7704,39.2282,石嘴山市,惠农南大街,,34,34,54,21,27,28,,,,23,31,6,8,0.5,0.6
2025-10-24T0200,1950A,106.7099,39.1325,石嘴山市,红果子镇惠新街,细颗粒物(PM2.5),85,76,69,63,37,18,,,,35,30,6,10,0.7,0.7
2025-10-24T0200,3520A,106.3495,38.9836,石嘴山市,妇女儿童医院,细颗粒物(PM2.5),107,105,65,80,42,24,,,,37,30,5,15,0.8,0.7
2025-10-24T0200,3521A,106.7492,39.2069,石嘴山市,石大公路,颗粒物(PM10),62,73,65,33,40,18,,,,33,34,5,7,0.6,0.6
2025-10-24T0200,2248A,131.1511,46.6937,双鸭山市,双合村,颗粒物(PM10),69,88,62,39,27,22,,,,29,23,26,12,1.8,0.6
2025-10-24T0200,2249A,131.1652,46.6191,双鸭山市,南小市,,25,,35,17,24,41,,,,9,18,8,8,0.2,0.4
2025-10-24T0200,2250A,131.1524,46.6554,双鸭山市,环保局,,35,35,60,11,20,30,,,,19,34,7,5,0.1,0.6
2025-10-24T0200,2251A,131.12,46.5656,双鸭山市,苗圃,,,,,,,,,,,,,,,,
2025-10-24T0200,2166A,112.4397,39.3522,朔州市,平朔,细颗粒物(PM2.5),65,68,58,47,42,4,,,,26,23,4,4,0.5,0.5
2025-10-24T0200,2167A,112.4575,39.3617,朔州市,朔唯,细颗粒物(PM2.5),64,75,56,46,42,8,,,,35,30,5,5,0.8,0.7
2025-10-24T0200,2168A,112.4258,39.3197,朔州市,区政府,,,59,58,36,41,,,,,28,24,3,4,0.8,0.7
2025-10-24T0200,2169A,112.4072,39.3278,朔州市,市环保局,,,74,68,36,43,,,,,30,26,4,4,0.4,0.5
2025-10-24T0200,2170A,112.4272,39.3681,朔州市,市二中,颗粒物(PM10),65,79,67,33,41,2,,,,28,25,4,5,0.6,0.6
2025-10-24T0200,3571A,112.2931,39.53,朔州市,一水厂,,,55,75,46,56,,,,,25,30,2,3,0.7,0.8
2025-10-24T0200,2225A,124.4002,43.1713,四平市,一商场,颗粒物(PM10),56,62,51,31,28,9,,,,56,38,8,5,0.4,0.3
2025-10-24T0200,2226A,124.388,43.193,四平市,境园,颗粒物(PM10),57,64,58,37,32,2,,,,38,39,8,9,0.4,0.4
2025-10-24T0200,3486A,124.4036,43.1411,四平市,植物园,,42,42,36,15,14,27,,,,34,30,6,7,0.3,0.3
2025-10-24T0200,3713A,124.3419,43.1666,四平市,世纪城,细颗粒物(PM2.5),80,92,66,59,44,2,,,,47,35,11,12,0.7,0.5
2025-10-24T0200,2233A,124.8006,45.1214,松原市,江南,颗粒物(PM10),75,99,58,32,33,5,,,,62,38,28,11,0.5,0.5
2025-10-24T0200,2234A,124.7965,45.1722,松原市,江北,,41,41,48,26,30,22,,,,43,33,9,9,0.4,0.5
2025-10-24T0200,1160A,120.561,31.2472,苏州市,上方山,,,,,,,,,,,,,,,,
2025-10-24T0200,1162A,120.591,31.3019,苏州市,彩香,,,62,35,,13,59,,,,28,22,8,7,0.8,0.5
2025-10-24T0200,1163A,120.596,31.3264,苏州市,轧钢厂,颗粒物(PM10),55,59,35,29,13,58,,,,29,24,8,7,1.2,0.8
2025-10-24T0200,1164A,120.613,31.2703,苏州市,吴中区,,,53,30,,26,58,,,,25,21,7,7,1.1,0.7
2025-10-24T0200,1165A,120.543,31.2994,苏州市,苏州新区,颗粒物(PM10),52,54,33,29,15,58,,,,36,29,10,7,0.9,0.6
2025-10-24T0200,1166A,120.669,31.3097,苏州市,苏州工业园区,颗粒物(PM10),52,54,43,22,15,71,,,,28,25,8,6,0.9,0.6
2025-10-24T0200,1167A,120.641,31.3708,苏州市,相城区,,42,42,31,24,13,68,,,,25,22,8,7,1.0,0.5
2025-10-24T0200,3289A,120.743,31.3188,苏州市,方洲路,,39,39,29,22,14,65,,,,24,22,4,4,0.7,0.5
2025-10-24T0200,3290A,120.5031,31.2774,苏州市,木渎中学,颗粒物(PM10),51,52,31,27,14,59,,,,37,22,8,6,0.9,0.7
2025-10-24T0200,3425A,120.624,31.1733,苏州市,越秀幼儿园,颗粒物(PM10),51,52,36,24,13,64,,,,27,19,8,6,1.0,0.7
2025-10-24T0200,3431A,120.6505,31.416,苏州市,高铁新城,颗粒物(PM10),54,57,36,27,14,40,,,,48,32,10,7,1.2,0.7
2025-10-24T0200,1220A,118.293,33.9528,宿迁市,宿迁学院,细颗粒物(PM2.5),65,78,44,47,24,53,,,,30,31,5,6,0.5,0.6
2025-10-24T0200,1221A,118.2442,33.9592,宿迁市,宿迁中学,颗粒物(PM10),58,66,44,35,22,61,,,,21,27,9,10,0.5,0.6
2025-10-24T0200,2996A,118.283,33.965,宿迁市,市供电局,细颗粒物(PM2.5),62,68,41,44,23,49,,,,29,30,8,9,0.6,0.6
2025-10-24T0200,3191A,118.3225,33.9447,宿迁市,宿豫区政府,颗粒物(PM10),63,76,48,40,25,53,,,,20,24,9,10,0.9,0.9
2025-10-24T0200,3187A,116.9509,33.666,宿州市,远航博物馆,,,96,64,54,36,36,,,,,32,8,6,0.4,0.4
2025-10-24T0200,3463A,116.9708,33.591,宿州市,社会福利中心,颗粒物(PM10),61,71,56,40,30,41,,,,28,24,8,8,0.3,0.3
2025-10-24T0200,3634A,116.9884,33.6305,宿州市,宿州学院,细颗粒物(PM2.5),75,91,67,55,37,32,,,,45,32,10,9,0.4,0.3
2025-10-24T0200,3701A,116.9648,33.6252,宿州市,皖北煤电集团,细颗粒物(PM2.5),79,84,63,58,37,40,,,,37,27,7,6,0.4,0.4
2025-10-24T0200,2266A,126.9785,46.6365,绥化市,人和东街,,38,38,52,25,28,46,,,,23,28,4,5,0.4,0.4
2025-10-24T0200,2267A,126.964,46.6528,绥化市,党政办公中心,,32,32,44,19,25,48,,,,22,25,7,6,0.5,0.4
2025-10-24T0200,2451A,113.3583,31.7275,随州市,市委党校,,,61,46,36,29,74,,,,,20,4,4,0.6,0.6
2025-10-24T0200,2452A,113.3833,31.6908,随州市,市林业局,,50,50,41,33,27,68,,,,15,18,5,5,0.7,0.7
2025-10-24T0200,2453A,113.3983,31.7308,随州市,市立交桥水厂,颗粒物(PM10),53,56,44,31,23,67,,,,25,22,6,6,0.7,0.6
2025-10-24T0200,2527A,105.5453,30.5678,遂宁市,石溪浩,,,,,,,,,,,,,,,,
2025-10-24T0200,2528A,105.5582,30.5232,遂宁市,市监测站,,13,13,21,6,6,26,,,,6,13,7,6,0.4,0.5
2025-10-24T0200,2529A,105.5861,30.5366,遂宁市,行政中心,,14,14,22,3,5,26,,,,3,8,6,6,0.3,0.4
2025-10-24T0200,2530A,105.5918,30.4728,遂宁市,美宁食品公司,,10,10,20,6,7,30,,,,4,10,5,6,0.4,0.5
2025-10-24T0200,2706A,82.9994,46.7432,塔城地区,东门外小游园,,50,44,53,35,16,31,,,,15,18,4,4,0.7,0.7
2025-10-24T0200,1255A,121.273,28.6459,台州市,黄岩环保大楼,,29,29,35,13,16,70,,,,13,12,5,5,0.3,0.3
2025-10-24T0200,1256A,121.419,28.6542,台州市,台州环保大楼,,28,28,31,9,12,76,,,,12,10,7,7,0.5,0.5
2025-10-24T0200,1257A,121.377,28.5773,台州市,路桥田洋王,,26,26,34,9,13,69,,,,12,12,4,4,0.4,0.4
2025-10-24T0200,3564A,121.2568,28.6681,台州市,台州科技职业学院,,28,28,30,6,11,73,,,,12,12,6,6,0.3,0.4
2025-10-24T0200,1081A,112.522,37.8873,太原市,尖草坪,细颗粒物(PM2.5),72,68,81,52,61,16,,,,41,44,3,5,0.9,1.2
2025-10-24T0200,1083A,112.434,38.0108,太原市,上兰,细颗粒物(PM2.5),84,87,97,62,71,9,,,,33,35,7,8,0.9,1.1
2025-10-24T0200,1084A,112.469,37.7124,太原市,晋源,细颗粒物(PM2.5),89,86,86,66,65,6,,,,52,45,12,14,0.9,1
2025-10-24T0200,1085A,112.5583,37.7394,太原市,小店,细颗粒物(PM2.5),90,94,92,67,62,12,,,,49,42,8,11,0.9,1
2025-10-24T0200,1086A,112.5369,37.8692,太原市,桃园,细颗粒物(PM2.5),79,76,82,58,64,14,,,,36,42,4,5,0.8,1
2025-10-24T0200,1087A,112.57,37.8195,太原市,坞城,细颗粒物(PM2.5),85,87,92,63,66,1,,,,59,49,10,13,1.3,1.2
2025-10-24T0200,1088A,112.549,37.9854,太原市,南寨,细颗粒物(PM2.5),65,60,70,47,51,9,,,,35,34,8,9,0.9,1.1
2025-10-24T0200,3618A,112.4719,37.7831,太原市,金胜,细颗粒物(PM2.5),80,84,91,59,62,5,,,,39,42,2,4,0.9,1
2025-10-24T0200,4010A,112.5608,37.8807,太原市,育英中学,细颗粒物(PM2.5),75,77,79,55,58,2,,,,50,42,8,8,1.1,1.1
2025-10-24T0200,1656A,117.1437,36.1937,泰安市,监测站,颗粒物(PM10),56,61,50,26,22,55,,,,17,21,5,6,0.6,0.8
2025-10-24T0200,1657A,117.0885,36.2017,泰安市,人口学校,颗粒物(PM10),53,56,53,36,30,71,,,,10,16,5,6,0.5,0.6
2025-10-24T0200,1658A,117.1089,36.1758,泰安市,电力学校,细颗粒物(PM2.5),64,56,51,46,35,56,,,,15,18,3,4,0.3,0.5
2025-10-24T0200,3502A,117.1812,36.2275,泰安市,国网新校,颗粒物(PM10),51,51,41,24,20,46,,,,11,13,2,4,0.4,0.5
2025-10-24T0200,3503A,117.0313,36.2018,泰安市,交通技校,,49,39,41,34,29,48,,,,19,25,4,5,0.3,0.4
2025-10-24T0200,3504A,117.0829,36.13,泰安市,山东第一医科大学,细颗粒物(PM2.5),75,75,56,55,38,33,,,,37,30,4,4,0.5,0.6
2025-10-24T0200,1206A,119.905,32.4878,泰州市,公园路,,27,27,24,14,10,51,,,,17,16,14,9,0.4,0.3
2025-10-24T0200,1207A,119.9189,32.4625,泰州市,莲花,,27,27,26,14,10,57,,,,18,15,13,10,0.3,0.3
2025-10-24T0200,1209A,119.888,32.4639,泰州市,留学生创业园,,38,38,30,18,15,50,,,,14,12,15,11,0.5,0.5
2025-10-24T0200,2997A,119.8767,32.3289,泰州市,王营,,32,32,29,17,12,40,,,,29,23,8,8,0.5,0.4
2025-10-24T0200,3295A,120.1259,32.5099,泰州市,姜堰区政府广场,,37,37,32,23,15,35,,,,24,16,4,5,0.5,0.4
2025-10-24T0200,3435A,119.9192,32.4322,泰州市,周山河街区,,23,23,25,15,13,60,,,,17,14,13,12,0.4,0.4
2025-10-24T0200,1038A,118.1725,39.6334,唐山市,物资局,,35,35,50,19,32,44,,,,28,28,5,6,0.5,0.7
2025-10-24T0200,1040A,118.1705,39.6506,唐山市,十二中,,31,31,54,16,30,36,,,,25,27,4,6,0.5,0.7
2025-10-24T0200,1041A,118.1869,39.622,唐山市,小山,,39,39,52,18,34,27,,,,37,34,6,6,0.5,0.7
2025-10-24T0200,3457A,118.4359,39.2762,唐山市,冀东油田职工医院,,31,31,44,16,25,19,,,,35,24,3,6,0.5,0.6
2025-10-24T0200,3575A,118.09279,39.58089,唐山市,正泰大街热力站,颗粒物(PM10),56,62,60,30,38,2,,,,40,35,3,4,0.7,0.8
2025-10-24T0200,3576A,118.1562,39.8322,唐山市,丰润区政府,颗粒物(PM10),110,169,89,70,50,2,,,,28,27,7,9,1.3,1
2025-10-24T0200,3577A,118.43673,39.73809,唐山市,金山小学,,43,43,44,18,22,10,,,,22,21,3,7,0.6,0.9
2025-10-24T0200,3578A,118.24498,39.66941,唐山市,政府服务中心,颗粒物(PM10),55,60,54,22,31,3,,,,55,37,7,6,0.7,0.7
2025-10-24T0200,3692A,118.2059,39.6585,唐山市,消防缸窑路中队,颗粒物(PM10),64,78,72,28,28,6,,,,45,29,8,9,0.6,0.7
2025-10-24T0200,3693A,118.1436,39.6202,唐山市,路南电大,,30,30,51,14,32,37,,,,27,32,5,9,0.5,0.8
2025-10-24T0200,4197A,118.1309,39.6360,唐山市,友谊北路34号,,35,35,60,17,35,39,,,,26,30,7,8,0.6,0.8
2025-10-24T0200,1015A,117.1444,39.1661,天津市,勤俭道,细颗粒物(PM2.5),115,141,95,87,59,1,,,,76,58,10,10,0.9,0.8
2025-10-24T0200,1018A,117.202,39.0927,天津市,前进道,细颗粒物(PM2.5),100,126,94,75,58,1,,,,65,53,8,9,1.0,0.8
2025-10-24T0200,1019A,117.1837,39.2133,天津市,淮河道,细颗粒物(PM2.5),110,157,101,83,56,1,,,,79,65,8,9,0.8,0.7
2025-10-24T0200,1021A,117.3083,39.0884,天津市,跃进路,细颗粒物(PM2.5),110,148,115,83,66,2,,,,72,67,9,10,1.3,1
2025-10-24T0200,1023A,117.707,39.0343,天津市,第四大街,颗粒物(PM10),58,66,83,28,46,0,,,,77,61,9,9,1.1,1
2025-10-24T0200,1024A,117.457,38.8394,天津市,永明路,细颗粒物(PM2.5),107,125,101,80,62,1,,,,60,61,11,11,1.4,1
2025-10-24T0200,1026A,117.764,39.1587,天津市,汉北路,,38,38,65,16,35,0,,,,47,52,10,13,0.6,0.6
2025-10-24T0200,1027A,117.157,38.9194,天津市,团泊洼,,,,,,,,,,,,,,,,
2025-10-24T0200,2858A,117.7918,39.2474,天津市,河西一经路,,44,44,70,20,38,0,,,,73,51,9,11,0.8,0.7
2025-10-24T0200,2859A,117.3747,38.9846,天津市,津沽路,细颗粒物(PM2.5),94,111,96,70,61,3,,,,68,59,10,11,0.9,0.9
2025-10-24T0200,2860A,117.1589,39.0845,天津市,宾水西道,细颗粒物(PM2.5),99,115,85,74,59,2,,,,49,44,4,5,1.1,0.8
2025-10-24T0200,2922A,117.1941,39.1067,天津市,大理道,细颗粒物(PM2.5),109,136,91,82,58,1,,,,70,56,8,9,1.0,1
2025-10-24T0200,3020A,117.2101,39.1699,天津市,中山北路,细颗粒物(PM2.5),112,147,100,84,61,1,,,,51,42,7,7,1.3,1.1
2025-10-24T0200,3051A,117.3876,39.1488,天津市,西四道,颗粒物(PM10),79,107,88,56,51,0,,,,67,62,10,10,1.2,0.9
2025-10-24T0200,3325A,117.0365,39.3828,天津市,雍阳西道,细颗粒物(PM2.5),88,115,80,65,47,2,,,,59,53,7,8,0.6,0.6
2025-10-24T0200,3326A,117.0296,39.0605,天津市,辛老路,细颗粒物(PM2.5),113,136,93,85,58,0,,,,60,51,14,12,1.1,0.8
2025-10-24T0200,3327A,116.9638,38.9375,天津市,地纬路,细颗粒物(PM2.5),115,138,100,87,62,2,,,,64,53,11,10,0.8,0.7
2025-10-24T0200,3460A,117.4067,40.0583,天津市,北环路,细颗粒物(PM2.5),85,90,62,63,44,34,,,,26,24,4,5,0.6,0.5
2025-10-24T0200,3461A,117.3045,39.7169,天津市,建设路,细颗粒物(PM2.5),80,93,77,59,53,1,,,,54,48,14,13,1.1,0.8
2025-10-24T0200,3462A,117.8199,39.3521,天津市,滨水东路,,,65,68,20,36,,,,,82,58,18,15,0.9,0.8
2025-10-24T0200,4196A,117.2437,39.1029,天津市,光华路,细颗粒物(PM2.5),110,135,98,83,62,1,,,,63,54,9,10,1.3,1
2025-10-24T0200,2649A,106.0055,34.343,天水市,麦积山,,,,,,,,,,,,,,,,
2025-10-24T0200,2650A,105.7205,34.5786,天水市,公园小学,,25,24,27,17,18,47,,,,12,15,8,9,0.5,1.4
2025-10-24T0200,2651A,105.8945,34.5538,天水市,麦积国土局,,17,12,22,3,12,52,,,,7,11,6,6,0.5,0.5
2025-10-24T0200,2216A,123.8139,42.3022,铁岭市,汇工街西,细颗粒物(PM2.5),89,,51,66,36,3,,,,56,35,8,12,1.0,0.7
2025-10-24T0200,2217A,123.8649,42.2923,铁岭市,水上乐园,细颗粒物(PM2.5),77,65,50,56,38,5,,,,56,40,6,7,0.6,0.5
2025-10-24T0200,2218A,123.8486,42.2867,铁岭市,银州路东段,细颗粒物(PM2.5),65,63,52,47,36,16,,,,37,29,4,5,0.6,0.6
2025-10-24T0200,2219A,123.7153,42.2217,铁岭市,金沙江路北,细颗粒物(PM2.5),78,63,48,57,34,4,,,,58,33,3,7,0.7,0.6
2025-10-24T0200,2229A,125.9358,41.7173,通化市,光明,颗粒物(PM10),53,56,57,31,33,37,,,,19,24,13,17,0.7,0.7
2025-10-24T0200,2230A,125.9446,41.7325,通化市,铁路,细颗粒物(PM2.5),64,64,59,46,40,8,,,,55,33,10,18,0.8,0.9
2025-10-24T0200,2191A,122.2532,43.6801,通辽市,艺术职业学校,颗粒物(PM10),72,94,68,44,31,2,,,,55,40,7,7,1.1,0.7
2025-10-24T0200,3706A,122.2584,43.6333,通辽市,老干部活动中心,细颗粒物(PM2.5),78,95,69,57,40,4,,,,62,44,2,4,1.2,0.9
2025-10-24T0200,3708A,122.2922,43.6189,通辽市,东方明珠社区,细颗粒物(PM2.5),85,76,86,63,61,28,,,,55,59,17,11,0.8,0.9
2025-10-24T0200,1922A,109.0656,35.0994,铜川市,党校,,,,,,,,,,,,,,,,
2025-10-24T0200,1923A,109.0697,35.0697,铜川市,王益区政府,细颗粒物(PM2.5),52,47,52,36,41,50,,,,10,24,3,4,1.0,0.9
2025-10-24T0200,1924A,108.9344,34.9058,铜川市,新区管委会,细颗粒物(PM2.5),64,62,66,46,54,24,,,,31,25,3,4,0.8,0.8
2025-10-24T0200,4234A,108.9497,34.8705,铜川市,大唐三路,细颗粒物(PM2.5),74,55,62,54,57,30,,,,23,20,2,4,0.8,0.8
2025-10-24T0200,2285A,117.8177,30.9412,铜陵市,市第四中学,颗粒物(PM10),52,54,46,24,27,51,,,,24,25,8,10,0.7,0.9
2025-10-24T0200,2286A,117.8059,30.9273,铜陵市,市公路局,,49,49,60,31,31,45,,,,28,24,8,9,0.5,0.7
2025-10-24T0200,2287A,117.7807,30.9413,铜陵市,市新民污水厂,,45,45,44,26,27,41,,,,38,44,7,8,0.4,0.6
2025-10-24T0200,2288A,117.7439,30.8792,铜陵市,市第九中学,颗粒物(PM10),57,63,58,28,26,18,,,,48,34,11,11,1.5,1.2
2025-10-24T0200,2289A,117.846,30.9413,铜陵市,车站新区,,50,50,42,22,27,40,,,,30,26,6,8,0.4,0.6
2025-10-24T0200,2290A,117.8483,30.97,铜陵市,市职教基地,,42,35,41,29,25,48,,,,21,23,6,9,0.4,0.7
2025-10-24T0200,2585A,109.1839,27.7344,铜仁市,铜仁卫校,,40,,33,28,22,99,,,,7,11,2,2,0.4,0.4
2025-10-24T0200,2586A,109.1753,27.6944,铜仁市,铜仁七中,,32,,19,20,22,102,,,,7,8,4,4,0.3,0.3
2025-10-24T0200,2686A,89.1904,42.9418,吐鲁番市,市环保局,颗粒物(PM10),94,138,128,36,38,46,,,,33,35,7,8,0.9,1
2025-10-24T0200,2687A,89.1673,42.9559,吐鲁番市,地区环保局,颗粒物(PM10),91,131,124,43,43,22,,,,54,36,3,4,1.0,0.9
2025-10-24T0200,1662A,122.1214,37.4236,威海市,华夏技校,,29,29,21,13,6,69,,,,12,12,5,4,0.3,0.2
2025-10-24T0200,1663A,122.0508,37.5236,威海市,山大分校,,27,27,22,15,6,68,,,,12,11,5,4,0.4,0.3
2025-10-24T0200,1664A,122.1067,37.5072,威海市,市监测站,,37,37,25,17,9,65,,,,8,9,4,7,0.5,0.4
2025-10-24T0200,1982A,122.0693,37.2174,威海市,文登开发区,,43,43,30,19,11,56,,,,15,15,5,4,0.5,0.4
2025-10-24T0200,3505A,122.1379,37.3414,威海市,临港区管委会,,31,31,25,10,5,69,,,,11,10,4,3,0.4,0.3
2025-10-24T0200,1650A,119.1437,36.7023,潍坊市,环保局,,48,48,47,21,19,32,,,,44,38,6,6,0.5,0.5
2025-10-24T0200,2877A,119.1641,36.6523,潍坊市,坊子邮政,颗粒物(PM10),58,66,52,29,21,18,,,,46,37,8,8,0.6,0.6
2025-10-24T0200,3178A,119.0587,36.721,潍坊市,潍坊七中,,39,39,49,19,24,24,,,,49,39,5,6,0.4,0.4
2025-10-24T0200,3368A,119.1977,36.6872,潍坊市,高新实验学校,,46,46,43,26,19,34,,,,31,26,8,7,0.5,0.6
2025-10-24T0200,3416A,119.1755,36.7149,潍坊市,潍坊学院,,46,46,43,23,18,31,,,,49,36,10,9,0.5,0.5
2025-10-24T0200,3861A,119.2041,36.7699,潍坊市,寒亭区实验一小,颗粒物(PM10),51,51,46,24,20,5,,,,61,43,6,5,0.5,0.5
2025-10-24T0200,1938A,109.5293,34.5101,渭南市,农科所,,,,,,,,,,,,,,,,
2025-10-24T0200,1940A,109.4636,34.493,渭南市,体育馆,细颗粒物(PM2.5),92,90,88,68,58,5,,,,47,36,4,6,0.7,0.6
2025-10-24T0200,1941A,109.4259,34.5023,渭南市,高新一小,细颗粒物(PM2.5),94,86,71,70,61,15,,,,34,24,4,5,0.7,0.6
2025-10-24T0200,4235A,109.5051,34.4921,渭南市,渭花路4号,细颗粒物(PM2.5),98,83,79,73,60,17,,,,36,30,5,6,0.7,0.6
2025-10-24T0200,1242A,120.634,28.0089,温州市,瓯海,,31,31,32,21,18,72,,,,16,16,3,3,0.3,0.3
2025-10-24T0200,1243A,120.6748,27.9939,温州市,南浦,,34,34,35,18,17,71,,,,17,17,5,5,0.4,0.4
2025-10-24T0200,1244A,120.76,27.9747,温州市,龙湾,,32,32,40,14,16,62,,,,22,22,4,4,0.3,0.3
2025-10-24T0200,1245A,120.6709,28.0167,温州市,市站,,33,29,33,23,21,67,,,,20,18,5,5,0.3,0.3
2025-10-24T0200,3561A,120.6985,27.9251,温州市,茶山,,32,32,35,21,20,74,,,,17,17,4,4,0.3,0.3
2025-10-24T0200,2610A,104.2533,23.3594,文山壮族苗族自治州,州水务局,,33,,18,23,14,33,,,,9,9,4,5,0.4,0.5
2025-10-24T0200,2611A,104.2319,23.3892,文山壮族苗族自治州,市便民服务中心,,26,24,18,18,15,32,,,,13,11,36,11,0.4,0.4
2025-10-24T0200,2187A,106.8174,39.6973,乌海市,市林业局,颗粒物(PM10),70,89,65,47,30,20,,,,26,22,8,13,0.7,0.7
2025-10-24T0200,2188A,106.7907,39.6667,乌海市,中海勃湾学校,颗粒物(PM10),62,74,46,38,28,31,,,,32,20,8,11,0.6,0.5
2025-10-24T0200,3284A,106.813,39.7274,乌海市,海北新区,细颗粒物(PM2.5),67,64,52,48,26,2,,,,52,33,16,19,0.7,0.7
2025-10-24T0200,3621A,106.8288,39.6778,乌海市,聚英学校,细颗粒物(PM2.5),95,89,62,71,34,23,,,,39,34,10,15,0.8,0.9
2025-10-24T0200,2197A,113.1306,40.9923,乌兰察布市,集宁新区,细颗粒物(PM2.5),63,49,33,45,28,8,,,,37,22,8,12,0.8,0.6
2025-10-24T0200,3034A,113.1076,41.0385,乌兰察布市,光明街小学,细颗粒物(PM2.5),63,58,36,45,31,3,,,,83,31,15,12,0.9,0.7
2025-10-24T0200,3285A,113.1376,40.9509,乌兰察布市,北京八中,细颗粒物(PM2.5),63,66,46,45,26,0,,,,49,31,16,16,1.0,0.8
2025-10-24T0200,3421A,113.1775,40.9779,乌兰察布市,市委党校,细颗粒物(PM2.5),53,46,37,37,27,3,,,,51,39,9,32,1.0,0.8
2025-10-24T0200,1490A,87.5801,43.8303,乌鲁木齐市,监测站,细颗粒物(PM2.5),158,211,176,120,88,2,,,,90,65,8,9,0.9,1
2025-10-24T0200,1491A,87.6046,43.768,乌鲁木齐市,收费所,细颗粒物(PM2.5),176,222,179,133,95,2,,,,64,48,7,8,1.0,0.9
2025-10-24T0200,1492A,87.4754,43.9469,乌鲁木齐市,新疆农科院农场,,,,,,,,,,,,,,,,
2025-10-24T0200,1493A,87.5525,43.8711,乌鲁木齐市,铁路局,细颗粒物(PM2.5),196,245,193,147,100,0,,,,102,61,7,8,1.2,1.1
2025-10-24T0200,1494A,87.6432,43.831,乌鲁木齐市,三十一中学,细颗粒物(PM2.5),162,249,180,123,90,1,,,,106,59,10,9,0.8,0.7
2025-10-24T0200,1496A,87.7216,44.1747,乌鲁木齐市,米东区环保局,细颗粒物(PM2.5),179,273,187,135,89,26,,,,56,49,13,13,1.4,0.9
2025-10-24T0200,3033A,87.4651,43.4569,乌鲁木齐市,培训基地,颗粒物(PM10),69,88,88,41,36,83,,,,16,22,6,6,1.0,0.9
2025-10-24T0200,3437A,88.3118,43.3658,乌鲁木齐市,达坂城区环保局,细颗粒物(PM2.5),119,169,122,90,61,55,,,,39,33,12,12,0.9,0.7
2025-10-24T0200,3438A,87.6162,43.8801,乌鲁木齐市,红光山片区,细颗粒物(PM2.5),176,201,173,133,97,2,,,,105,67,12,14,1.2,0.7
2025-10-24T0200,3439A,87.7024,43.8004,乌鲁木齐市,新师大温泉校区,细颗粒物(PM2.5),148,197,175,113,89,87,,,,23,30,11,10,0.7,0.7
2025-10-24T0200,3440A,87.4921,43.8411,乌鲁木齐市,大绿谷,细颗粒物(PM2.5),185,231,185,139,86,38,,,,67,56,10,9,1.1,1
2025-10-24T0200,1188A,120.269,31.4867,无锡市,雪浪,,44,44,33,19,10,55,,,,29,26,10,8,0.6,0.3
2025-10-24T0200,1189A,120.275,31.6219,无锡市,黄巷,颗粒物(PM10),52,53,39,19,12,20,,,,51,31,7,7,0.7,0.6
2025-10-24T0200,1191A,120.242,31.5031,无锡市,漆塘,颗粒物(PM10),56,62,46,22,12,39,,,,41,24,7,7,0.7,0.6
2025-10-24T0200,1192A,120.3489,31.5863,无锡市,东亭,,34,34,27,17,12,46,,,,39,30,9,8,0.8,0.7
2025-10-24T0200,1193A,120.354,31.5475,无锡市,旺庄,,47,47,37,19,14,59,,,,27,24,8,8,0.9,0.9
2025-10-24T0200,1194A,120.245,31.5631,无锡市,荣巷,,41,41,31,9,9,57,,,,36,26,10,8,0.8,0.5
2025-10-24T0200,1195A,120.299,31.6817,无锡市,堰桥,,41,41,31,17,12,42,,,,38,22,8,8,0.8,0.5
2025-10-24T0200,3428A,120.3142,31.4753,无锡市,华庄,,40,40,32,23,16,61,,,,32,24,8,8,0.4,0.3
2025-10-24T0200,4254A,120.2925,31.5685,无锡市,健康路105号,,41,41,35,27,14,18,,,,70,36,4,5,0.7,0.5
2025-10-24T0200,2677A,106.1532,37.9648,吴忠市,教育园区,,29,20,46,20,37,4,,,,30,26,4,7,0.5,0.7
2025-10-24T0200,2679A,106.1856,37.9956,吴忠市,新区二泵站,,19,19,74,13,44,8,,,,31,30,5,7,0.5,0.8
2025-10-24T0200,3648A,106.2112,37.9768,吴忠市,文卫南街,,28,28,64,11,39,2,,,,27,27,6,10,0.4,0.8
2025-10-24T0200,1794A,118.3606,31.3519,芜湖市,监测站,,39,39,32,21,16,53,,,,29,27,6,5,0.5,0.6
2025-10-24T0200,1795A,118.3714,31.4134,芜湖市,科创中心,,,56,39,31,18,,,,,49,28,10,9,0.6,0.4
2025-10-24T0200,1796A,118.3673,31.3131,芜湖市,四水厂,,30,30,30,20,15,69,,,,26,26,5,4,0.6,0.6
2025-10-24T0200,3328A,118.4209,31.3707,芜湖市,市气象局,,40,40,32,24,15,57,,,,20,18,8,7,0.6,0.6
2025-10-24T0200,3465A,118.4781,31.3225,芜湖市,清苑社区,,41,41,37,19,18,45,,,,37,31,6,6,0.6,0.5
2025-10-24T0200,3466A,118.2746,31.2326,芜湖市,扬子职业技术学院,,35,35,31,18,14,68,,,,20,19,7,7,0.6,0.6
2025-10-24T0200,2495A,111.3014,23.4832,梧州市,市逸夫小学,,49,47,42,34,21,62,,,,4,5,10,10,0.4,0.4
2025-10-24T0200,2496A,111.3239,23.4794,梧州市,市十一中,,32,32,22,14,12,65,,,,3,3,7,7,0.4,0.5
2025-10-24T0200,2498A,111.2711,23.4835,梧州市,龙新,,33,32,29,23,13,54,,,,4,2,7,8,0.4,0.4
2025-10-24T0200,4258A,111.2419,23.4154,梧州市,政贤路18号,,44,44,28,19,11,49,,,,14,9,11,5,0.8,0.7
2025-10-24T0200,2711A,87.5475,44.1756,五家渠市,农水大厦,细颗粒物(PM2.5),192,262,192,144,103,4,,,,84,56,10,12,1.6,1
2025-10-24T0200,3441A,87.546,44.1912,五家渠市,经开区管委会,细颗粒物(PM2.5),190,288,209,143,100,2,,,,98,61,12,14,1.6,1
2025-10-24T0200,1325A,114.3677,30.5584,武汉市,东湖梨园,,23,21,26,15,14,71,,,,15,15,7,8,0.7,0.4
2025-10-24T0200,1326A,114.2529,30.558,武汉市,汉阳月湖,,26,21,25,14,14,82,,,,18,18,6,6,0.0,0
2025-10-24T0200,1327A,114.282,30.6189,武汉市,汉口花桥,,26,26,29,17,15,79,,,,15,17,8,8,0.4,0.4
2025-10-24T0200,1328A,114.3025,30.5332,武汉市,武昌紫阳,,34,34,29,14,18,76,,,,19,17,6,7,0.4,0.4
2025-10-24T0200,1329A,114.3646,30.6217,武汉市,青山钢花,,32,28,29,22,19,75,,,,19,17,4,4,0.2,0.2
2025-10-24T0200,1330A,114.1566,30.4825,武汉市,沌口新区,,26,26,26,15,14,76,,,,14,16,7,6,0.5,0.4
2025-10-24T0200,1331A,114.3014,30.5944,武汉市,汉口江滩,,29,29,26,19,20,79,,,,16,16,7,7,0.2,0.2
2025-10-24T0200,1333A,114.135,30.6319,武汉市,吴家山,,32,25,25,22,19,77,,,,23,23,6,7,0.2,0.1
2025-10-24T0200,1334A,113.8454,30.2917,武汉市,沉湖七壕,,,,,,,,,,,,,,,,
2025-10-24T0200,3153A,114.3877,30.4908,武汉市,民族大道182号,,40,40,32,13,11,42,,,,45,24,17,7,1.0,0.3
2025-10-24T0200,2652A,102.6201,37.9251,武威市,监测站,细颗粒物(PM2.5),118,116,88,89,72,20,,,,32,30,5,7,0.8,0.8
2025-10-24T0200,4270A,102.6447,37.9293,武威市,钟楼街149号,细颗粒物(PM2.5),132,124,98,100,79,11,,,,50,28,8,7,1.1,0.8
2025-10-24T0200,1463A,108.993,34.2629,西安市,兴庆小区,颗粒物(PM10),57,64,56,39,38,25,,,,27,32,2,2,0.7,0.7
2025-10-24T0200,1464A,109.06,34.2572,西安市,纺织城,细颗粒物(PM2.5),75,92,78,55,44,13,,,,35,33,2,2,0.6,0.6
2025-10-24T0200,1465A,108.9356,34.2173,西安市,小寨,细颗粒物(PM2.5),57,62,62,40,37,21,,,,27,30,1,2,0.7,0.7
2025-10-24T0200,1466A,108.954,34.2713,西安市,市人民体育场,细颗粒物(PM2.5),74,67,66,54,55,16,,,,34,33,2,1,0.6,0.6
2025-10-24T0200,1467A,108.8922,34.2322,西安市,高新西区,颗粒物(PM10),68,85,82,44,44,18,,,,26,28,1,2,0.6,0.6
2025-10-24T0200,1468A,108.935,34.3474,西安市,经开区,颗粒物(PM10),61,71,70,38,36,6,,,,35,31,2,4,0.6,0.6
2025-10-24T0200,1469A,108.906,34.1546,西安市,长安区,细颗粒物(PM2.5),75,82,80,55,49,26,,,,20,27,1,2,0.6,0.6
2025-10-24T0200,1471A,109.2186,34.3731,西安市,临潼区,颗粒物(PM10),72,94,77,37,35,0,,,,49,29,3,2,0.7,0.7
2025-10-24T0200,1472A,108.869,34.378,西安市,草滩,,,,,,,,,,,,,,,,
2025-10-24T0200,1473A,108.985,34.1978,西安市,曲江文化产业集团,细颗粒物(PM2.5),84,92,87,62,55,15,,,,31,31,2,2,0.6,0.7
2025-10-24T0200,1474A,109.051,34.3213,西安市,广运潭,细颗粒物(PM2.5),88,79,78,65,64,10,,,,42,33,2,3,0.7,0.6
2025-10-24T0200,3605A,109.09,34.5236,西安市,无线电监控中心,颗粒物(PM10),59,68,59,40,46,6,,,,49,35,1,3,0.8,0.7
2025-10-24T0200,4055A,108.8869,34.2662,西安市,行知小学,颗粒物(PM10),68,85,84,35,35,14,,,,31,37,1,2,0.7,0.7
2025-10-24T0200,4233A,108.5962,34.1188,西安市,西苑北路977号,细颗粒物(PM2.5),64,55,69,46,49,20,,,,20,24,4,4,0.6,0.6
2025-10-24T0200,1483A,101.524,36.6867,西宁市,第五水厂,,,,,,,,,,,,,,,,
2025-10-24T0200,3055A,101.7775,36.6428,西宁市,城北区政府,,22,19,20,15,13,31,,,,26,23,7,7,0.4,0.4
2025-10-24T0200,3629A,101.8305,36.5786,西宁市,世纪职校,,19,19,18,12,13,29,,,,16,24,11,10,0.6,0.6
2025-10-24T0200,3630A,101.7413,36.6397,西宁市,师大城西校区,,36,29,31,25,20,47,,,,22,23,24,14,0.4,0.6
2025-10-24T0200,2612A,100.8018,21.9995,西双版纳傣族自治州,景洪市江南,,28,21,25,19,18,25,,,,7,11,7,7,0.7,0.6
2025-10-24T0200,2613A,100.8017,22.0225,西双版纳傣族自治州,景洪市江北,,28,28,27,18,15,19,,,,3,6,6,6,0.4,0.6
2025-10-24T0200,3606A,108.7108,34.46,西咸新区,北杜,细颗粒物(PM2.5),89,67,58,66,61,24,,,,26,25,7,8,0.7,0.5
2025-10-24T0200,3607A,108.7096,34.2956,西咸新区,同德佳苑,细颗粒物(PM2.5),94,,62,70,67,25,,,,22,31,6,7,0.6,0.6
2025-10-24T0200,3608A,108.8558,34.4978,西咸新区,崇文塔,细颗粒物(PM2.5),85,71,61,63,51,19,,,,41,29,6,8,0.4,0.3
2025-10-24T0200,2202A,116.1042,43.9317,锡林郭勒盟,市环保监测站,,23,23,42,3,10,16,,,,26,31,5,8,0.2,0.3
2025-10-24T0200,2203A,116.0781,43.9311,锡林郭勒盟,市政府,,16,16,29,3,10,20,,,,22,31,2,3,0.2,0.2
2025-10-24T0200,1286A,118.1608,24.8169,厦门市,溪东,,26,12,14,9,6,81,,,,4,3,2,2,0.4,0.3
2025-10-24T0200,1287A,118.1514,24.4767,厦门市,洪文,细颗粒物(PM2.5),65,,23,47,28,74,,,,6,8,2,2,0.3,0.3
2025-10-24T0200,1288A,118.0661,24.4444,厦门市,鼓浪屿,,25,22,19,13,10,80,,,,9,11,3,2,0.6,0.5
2025-10-24T0200,2842A,118.0936,24.5058,厦门市,湖里中学,,23,20,19,13,11,72,,,,14,18,2,2,0.4,0.4
2025-10-24T0200,3527A,118.0958,24.5688,厦门市,集美中学,,25,19,17,13,11,80,,,,8,10,2,1,0.4,0.4
2025-10-24T0200,3528A,118.1493,24.7245,厦门市,同安二实小,,26,12,11,10,9,82,,,,7,7,2,2,0.4,0.3
2025-10-24T0200,2447A,114.3175,29.8142,咸宁市,森林公园,,,,,,,,,,,,,,,,
2025-10-24T0200,3655A,114.3375,29.8683,咸宁市,长江产业园,,49,36,40,34,26,10,,,,29,22,5,6,0.2,0.3
2025-10-24T0200,4217A,114.3182,29.8447,咸宁市,双鹤路18号,,34,34,41,20,21,31,,,,10,12,5,6,0.4,0.5
2025-10-24T0200,4298A,114.284,29.8595,咸宁市,碧桂路,,30,30,43,21,21,21,,,,13,22,3,4,0.4,0.7
2025-10-24T0200,1918A,108.7197,34.3956,咸阳市,气象站,,,,,,,,,,,,,,,,
2025-10-24T0200,1919A,108.673,34.3155,咸阳市,实验中学,,,88,84,44,55,29,,,,,33,2,3,0.8,0.7
2025-10-24T0200,1920A,108.7233,34.3617,咸阳市,师范学院,颗粒物(PM10),61,72,65,29,40,16,,,,31,28,4,4,0.8,0.6
2025-10-24T0200,3165A,108.6594,34.2969,咸阳市,两寺渡,细颗粒物(PM2.5),70,83,94,51,58,22,,,,21,30,4,5,0.7,0.6
2025-10-24T0200,3525A,108.6396,34.4078,咸阳市,奥体中心,细颗粒物(PM2.5),94,74,82,70,65,25,,,,22,23,3,3,0.7,0.5
2025-10-24T0200,1508A,112.9433,27.8614,湘潭市,板塘,"颗粒物(PM10),细颗粒物(PM2.5)",55,60,47,39,27,56,,,,28,17,2,2,0.4,0.5
2025-10-24T0200,1511A,112.9118,27.8403,湘潭市,市监测站,细颗粒物(PM2.5),58,46,38,41,31,61,,,,21,17,3,3,0.5,0.5
2025-10-24T0200,1512A,112.8937,27.8728,湘潭市,江麓,细颗粒物(PM2.5),69,59,40,50,31,56,,,,20,14,9,8,0.9,0.9
2025-10-24T0200,1513A,112.9227,27.8159,湘潭市,岳塘,,48,45,35,33,22,63,,,,25,17,8,8,0.4,0.4
2025-10-24T0200,1514A,112.9074,27.9119,湘潭市,科大,细颗粒物(PM2.5),52,51,43,36,25,61,,,,17,11,4,4,0.6,0.5
2025-10-24T0200,1562A,113.0048,27.9153,湘潭市,昭山,,43,34,33,30,24,55,,,,31,16,2,3,0.2,0.2
2025-10-24T0200,1564A,112.4876,27.9164,湘潭市,韶山,,,,,,,,,,,,,,,,
2025-10-24T0200,2492A,109.6414,28.2558,湘西土家族苗族自治州,跃进水库,,,,,,,,,,,,,,,,
2025-10-24T0200,2493A,109.7325,28.3169,湘西土家族苗族自治州,州政府,,35,28,30,24,21,62,,,,11,13,4,4,0.2,0.2
2025-10-24T0200,2494A,109.6958,28.2675,湘西土家族苗族自治州,吉首市计生局,,41,41,32,24,18,94,,,,8,10,11,11,0.3,0.3
2025-10-24T0200,2432A,112.155,32.0197,襄阳市,襄城运动路,"颗粒物(PM10),细颗粒物(PM2.5)",85,119,82,63,46,41,,,,31,25,9,13,0.4,0.4
2025-10-24T0200,2434A,112.1825,32.1142,襄阳市,高新管委会,细颗粒物(PM2.5),104,128,91,78,56,51,,,,27,27,,9,0.5,0.5
2025-10-24T0200,2435A,112.2106,32.0903,襄阳市,襄州航空路,细颗粒物(PM2.5),102,118,87,76,51,70,,,,24,25,,10,0.5,0.6
2025-10-24T0200,3396A,112.0828,32.0067,襄阳市,襄城隆中路,细颗粒物(PM2.5),83,114,75,61,42,59,,,,25,25,9,10,0.4,0.4
2025-10-24T0200,3397A,112.1214,32.1008,襄阳市,高新台子湾,颗粒物(PM10),86,122,85,59,40,36,,,,36,24,10,9,0.6,0.5
2025-10-24T0200,4251A,112.1433,32.0581,襄阳市,铁院东路4号,细颗粒物(PM2.5),122,118,84,92,57,56,,,,33,25,,12,0.6,0.5
2025-10-24T0200,2443A,113.9153,30.9285,孝感市,文化路,,40,39,37,28,24,76,,,,21,19,4,8,0.4,0.4
2025-10-24T0200,2444A,113.942,30.9075,孝感市,东城区,,45,32,37,31,22,67,,,,16,15,11,10,0.4,0.4
2025-10-24T0200,2181A,112.7383,38.4519,忻州市,开发区,,36,28,49,25,44,27,,,,25,30,12,10,0.8,1
2025-10-24T0200,2182A,112.7003,38.4928,忻州市,会展中心,,49,,51,34,44,26,,,,15,28,12,7,0.8,0.7
2025-10-24T0200,3208A,112.7283,38.4153,忻州市,市政府,,38,28,56,26,41,31,,,,21,34,10,8,0.8,1
2025-10-24T0200,2389A,113.836,35.311,新乡市,环保西院,细颗粒物(PM2.5),89,104,96,66,50,31,,,,33,36,8,10,1.0,0.9
2025-10-24T0200,2390A,113.884,35.272,新乡市,开发区,细颗粒物(PM2.5),104,106,83,78,61,31,,,,32,37,7,10,0.9,0.9
2025-10-24T0200,2391A,113.883,35.303,新乡市,环保东院,,,,90,,58,,,49,,,35,,9,,0.8
2025-10-24T0200,3054A,113.9194,35.2847,新乡市,市委党校,细颗粒物(PM2.5),108,119,94,81,62,28,,,,40,43,7,9,0.8,0.8
2025-10-24T0200,3475A,113.9188,35.3045,新乡市,市政府,细颗粒物(PM2.5),105,108,96,79,62,31,,,,35,44,8,8,0.6,0.6
2025-10-24T0200,3689A,113.9003,35.372,新乡市,行政服务中心,细颗粒物(PM2.5),108,106,93,81,59,30,,,,38,40,7,7,0.9,0.8
2025-10-24T0200,4215A,113.9166,35.3315,新乡市,建设东路46号,细颗粒物(PM2.5),112,104,96,84,58,30,,,,34,40,9,11,0.5,0.5
2025-10-24T0200,2352A,115.0861,27.9317,新余市,北岗,,,,,,,,,,,,,,,,
2025-10-24T0200,2353A,114.9886,27.8431,新余市,飞宇,,45,43,42,31,22,76,,,,13,14,28,19,0.3,0.2
2025-10-24T0200,2354A,114.9231,27.8246,新余市,第二水厂,,32,30,34,22,19,84,,,,15,12,16,11,0.2,0.2
2025-10-24T0200,2355A,114.9308,27.8036,新余市,市气象局,,35,30,30,24,18,84,,,,5,5,8,11,0.6,0.7
2025-10-24T0200,3206A,114.9149,27.807,新余市,新钢沁园村,,44,44,39,25,18,83,,,,17,17,14,11,0.4,0.5
2025-10-24T0200,2054A,114.1099,32.1059,信阳市,平桥分局,细颗粒物(PM2.5),75,78,54,55,33,82,,,,17,21,8,8,0.4,0.4
2025-10-24T0200,2064A,113.9956,32.1271,信阳市,南湾水厂,细颗粒物(PM2.5),70,86,57,51,31,79,,,,19,17,6,6,0.4,0.4
2025-10-24T0200,2065A,114.0775,32.1195,信阳市,市酿酒公司,细颗粒物(PM2.5),65,68,53,47,34,77,,,,20,22,5,5,0.4,0.4
2025-10-24T0200,2066A,114.0609,32.1399,信阳市,审计局,颗粒物(PM10),70,89,62,45,29,81,,,,20,21,7,7,0.4,0.4
2025-10-24T0200,2201A,121.9504,46.0741,兴安盟,科右前旗环保局,,42,35,55,29,34,10,,,,26,28,6,6,0.7,0.9
2025-10-24T0200,4280A,122.0921,46.0650,兴安盟,洮儿河南路,细颗粒物(PM2.5),65,71,62,47,37,5,,,,35,30,5,7,1.3,1
2025-10-24T0200,4311A,122.0383,46.0691,兴安盟,科尔沁北路63号,细颗粒物(PM2.5),57,,45,40,32,19,,,,23,28,7,7,0.7,0.8
2025-10-24T0200,1077A,114.4704,37.0886,邢台市,达活泉,细颗粒物(PM2.5),100,86,74,75,60,18,,,,36,31,1,2,0.7,0.7
2025-10-24T0200,1078A,114.5062,37.0349,邢台市,邢师高专,细颗粒物(PM2.5),77,65,60,56,53,5,,,,45,31,6,7,0.5,0.5
2025-10-24T0200,1079A,114.5237,37.0851,邢台市,路桥公司,细颗粒物(PM2.5),99,89,71,74,60,4,,,,47,35,5,6,0.4,0.4
2025-10-24T0200,1080A,114.4725,37.0719,邢台市,市环保局,细颗粒物(PM2.5),93,84,72,69,59,18,,,,35,30,3,4,0.5,0.5
2025-10-24T0200,3584A,115.8844,39.0341,雄安新区,容城县环境保护局,细颗粒物(PM2.5),113,161,95,85,63,1,,,,58,51,7,7,0.7,0.6
2025-10-24T0200,3585A,115.8665,39.0645,雄安新区,河北容城中学,细颗粒物(PM2.5),103,105,83,77,61,1,,,,58,50,8,9,0.8,0.7
2025-10-24T0200,3586A,115.923,38.9405,雄安新区,安新县民政局,细颗粒物(PM2.5),95,119,89,71,54,8,,,,59,44,12,8,0.7,0.5
2025-10-24T0200,3587A,115.9324,38.9338,雄安新区,安新县电力局,细颗粒物(PM2.5),112,114,89,84,58,4,,,,59,46,4,5,0.7,0.6
2025-10-24T0200,3588A,116.0901,38.9816,雄安新区,雄县环境保护局,细颗粒物(PM2.5),98,102,89,73,57,1,,,,39,43,7,7,0.8,0.7
2025-10-24T0200,3589A,116.1105,39.0046,雄安新区,雄县国土资源局,细颗粒物(PM2.5),95,95,81,71,55,6,,,,45,53,14,20,0.8,0.4
2025-10-24T0200,1177A,117.179,34.2761,徐州市,黄河新村,细颗粒物(PM2.5),118,119,67,89,39,31,,,,46,41,8,9,0.6,0.4
2025-10-24T0200,1180A,117.256,34.2153,徐州市,新城区,细颗粒物(PM2.5),84,105,66,62,35,39,,,,25,28,10,10,0.8,0.6
2025-10-24T0200,1182A,117.2933,34.2778,徐州市,农科院,细颗粒物(PM2.5),99,117,69,74,39,28,,,,42,45,11,11,0.6,0.4
2025-10-24T0200,3005A,117.1814,34.29,徐州市,鼓楼区政府,细颗粒物(PM2.5),97,98,54,72,35,30,,,,45,32,8,8,0.4,0.4
2025-10-24T0200,3006A,117.1694,34.1781,徐州市,铜山区招生办,颗粒物(PM10),76,102,63,50,28,46,,,,33,35,8,8,0.5,0.4
2025-10-24T0200,3288A,117.4754,34.4422,徐州市,大泉街道,颗粒物(PM10),74,98,76,53,44,51,,,,25,30,8,8,0.5,0.5
2025-10-24T0200,4186A,117.1942,34.22935,徐州市,解放南路202号,细颗粒物(PM2.5),79,91,64,58,35,26,,,,36,34,9,9,0.4,0.3
2025-10-24T0200,4288A,117.2456,34.2908,徐州市,龙潭环路5号,细颗粒物(PM2.5),90,112,66,67,38,34,,,,34,35,9,9,0.8,0.7
2025-10-24T0200,2398A,113.7906,33.9953,许昌市,开发区,细颗粒物(PM2.5),143,185,142,109,85,23,,,,37,34,7,8,0.6,0.6
2025-10-24T0200,3134A,113.8172,34.0339,许昌市,市一中,细颗粒物(PM2.5),140,137,115,107,89,24,,,,36,37,8,10,0.6,0.6
2025-10-24T0200,3337A,113.8614,34.0442,许昌市,许昌学院,细颗粒物(PM2.5),148,175,149,113,86,26,,,,36,37,10,10,0.6,0.6
2025-10-24T0200,3338A,113.843,34.0823,许昌市,芙蓉广场,细颗粒物(PM2.5),142,159,132,108,86,14,,,,50,47,9,9,0.6,0.6
2025-10-24T0200,4180A,113.8157,34.12670,许昌市,新元大道996号,细颗粒物(PM2.5),138,172,158,105,91,20,,,,46,47,9,11,0.5,0.6
2025-10-24T0200,4259A,113.8358,34.01552,许昌市,望田路111号,细颗粒物(PM2.5),135,142,121,103,80,24,,,,39,40,10,10,0.5,0.5
2025-10-24T0200,2316A,118.7581,30.9454,宣城市,鳌峰子站,,45,45,29,15,12,53,,,,22,14,10,8,0.4,0.2
2025-10-24T0200,2317A,118.7385,30.9743,宣城市,敬亭山子站,,36,31,36,25,17,41,,,,21,18,4,4,0.2,0.2
2025-10-24T0200,2318A,118.7173,30.9427,宣城市,开发区子站,,38,38,31,25,14,59,,,,23,18,9,6,0.5,0.4
2025-10-24T0200,3470A,118.7724,30.9141,宣城市,夏渡子站,,47,47,32,15,12,37,,,,32,22,6,5,0.5,0.3
2025-10-24T0200,2555A,103.0111,29.9833,雅安市,市政府,,9,6,6,3,4,28,,,,11,16,5,6,0.6,0.7
2025-10-24T0200,2556A,102.9905,29.9775,雅安市,川农大,,8,6,5,3,3,24,,,,12,15,4,4,0.7,0.8
2025-10-24T0200,3700A,103.0456,29.9956,雅安市,康养中心,,,,,,,,,,,,,,,,
2025-10-24T0200,4306A,103.0545,30.0133,雅安市,滨江西路,,10,6,8,3,4,29,,,,10,15,6,6,0.5,0.5
2025-10-24T0200,1642A,121.2514,37.5639,烟台市,开发区,,25,14,14,3,7,78,,,,9,11,9,9,0.3,0.2
2025-10-24T0200,1644A,121.3181,37.5436,烟台市,西郊化工站,,27,27,21,9,9,76,,,,9,10,7,7,0.3,0.2
2025-10-24T0200,1645A,121.4478,37.4822,烟台市,莱山环保局,,,,18,8,7,71,,,,14,10,6,5,0.2,0.2
2025-10-24T0200,1646A,121.2611,37.4967,烟台市,福山环保局,,27,27,25,12,8,76,,,,9,9,6,7,0.4,0.3
2025-10-24T0200,3057A,121.5992,37.4014,烟台市,牟平检察院,,27,27,19,16,11,77,,,,14,12,3,2,0.2,0.2
2025-10-24T0200,3366A,121.5206,37.4336,烟台市,中国农业大学,,31,31,22,12,8,77,,,,10,8,3,3,0.6,0.4
2025-10-24T0200,4213A,121.3642,37.5296,烟台市,青年南路118号,,25,24,22,13,11,80,,,,8,10,9,9,0.3,0.3
2025-10-24T0200,1926A,109.4131,36.6275,延安市,枣园,,,,,,,,,,,,,,,,
2025-10-24T0200,1927A,109.4761,36.6028,延安市,延大医附院,,45,40,38,31,36,1,,,,28,23,6,6,0.9,0.8
2025-10-24T0200,1929A,109.5056,36.6106,延安市,百米大道,,45,35,47,31,36,2,,,,30,28,2,3,1.1,0.9
2025-10-24T0200,3652A,109.4809,36.5786,延安市,西北局旧址,,38,27,43,26,33,4,,,,27,25,5,5,0.7,0.7
2025-10-24T0200,2237A,129.47,42.8883,延边朝鲜族自治州,妇幼医院,,30,30,37,18,19,31,,,,13,21,6,9,0.4,0.5
2025-10-24T0200,2238A,129.5055,42.9108,延边朝鲜族自治州,延边医院,,36,33,40,25,29,17,,,,28,33,4,7,0.6,0.7
2025-10-24T0200,2239A,129.3964,42.8881,延边朝鲜族自治州,朝阳川镇医院,,32,32,32,16,18,16,,,,18,20,4,5,0.4,0.5
2025-10-24T0200,1216A,120.156,33.3942,盐城市,市监测站,,31,31,31,15,14,42,,,,23,19,7,7,0.4,0.5
2025-10-24T0200,1218A,120.2144,33.38,盐城市,开发区管委会,,36,36,34,14,13,46,,,,18,16,16,8,0.5,0.5
2025-10-24T0200,3004A,120.1544,33.3663,盐城市,宝龙广场,,27,27,25,9,13,52,,,,14,14,6,8,0.4,0.4
2025-10-24T0200,3293A,120.1501,33.3367,盐城市,月亮广场,,24,24,26,10,12,55,,,,14,15,8,9,0.4,0.4
2025-10-24T0200,3436A,120.4279,33.205,盐城市,大丰高级中学,,36,36,33,12,11,42,,,,27,25,7,8,0.6,0.6
2025-10-24T0200,4207A,120.1221,33.3940,盐城市,黄海中路88号,,34,34,31,14,14,58,,,,16,16,6,6,0.3,0.4
2025-10-24T0200,1186A,119.389,32.3761,扬州市,邗江监测站,,29,29,30,15,12,68,,,,13,13,3,3,0.5,0.3
2025-10-24T0200,2869A,119.447,32.4155,扬州市,五台山医院,,38,38,30,18,13,62,,,,11,13,3,3,0.2,0.4
2025-10-24T0200,3164A,119.4686,32.3942,扬州市,广陵建设局,,23,21,21,16,13,66,,,,15,19,7,7,0.2,0.3
2025-10-24T0200,3195A,119.3633,32.3972,扬州市,市体育局,,31,31,30,14,13,61,,,,16,14,4,3,0.3,0.2
2025-10-24T0200,3294A,119.5653,32.4222,扬州市,引江管理处,,39,39,30,18,15,44,,,,30,18,6,6,0.6,0.5
2025-10-24T0200,1699A,111.9797,21.8593,阳江市,鸳鸯湖,,,,,,,,,,,,,,,,
2025-10-24T0200,1701A,111.9491,21.8658,阳江市,马南垌,,25,25,23,15,13,49,,,,14,15,6,5,0.4,0.5
2025-10-24T0200,3317A,111.9765,21.8947,阳江市,两阳中学,,26,26,19,14,10,63,,,,10,10,7,5,0.4,0.4
2025-10-24T0200,3453A,112.0125,21.8749,阳江市,阳东陶然,,29,23,21,20,13,62,,,,13,14,7,6,0.5,0.5
2025-10-24T0200,1738A,113.5758,37.8572,阳泉市,市中心,细颗粒物(PM2.5),120,117,96,91,71,19,,,,28,32,11,9,0.9,1
2025-10-24T0200,1739A,113.4894,37.8731,阳泉市,赛鱼,细颗粒物(PM2.5),99,121,114,74,70,10,,,,41,37,6,6,0.7,0.9
2025-10-24T0200,1740A,113.5819,37.8486,阳泉市,南庄,细颗粒物(PM2.5),104,120,99,78,69,19,,,,34,36,16,10,0.9,1
2025-10-24T0200,1742A,113.5614,37.8703,阳泉市,平坦,细颗粒物(PM2.5),120,120,100,91,69,14,,,,36,36,9,8,1.1,1.1
2025-10-24T0200,1743A,113.5158,37.8392,阳泉市,大阳泉,颗粒物(PM10),63,75,52,35,37,13,,,,31,34,6,6,0.6,0.8
2025-10-24T0200,3619A,113.617,37.8571,阳泉市,龙柱,细颗粒物(PM2.5),114,115,88,86,65,10,,,,39,35,14,12,1.0,1
2025-10-24T0200,2252A,128.5159,47.4311,伊春市,环保局,,19,19,23,8,7,24,,,,12,18,5,5,0.4,0.5
2025-10-24T0200,2253A,128.9102,47.7412,伊春市,电力嘉园,,15,15,27,9,15,15,,,,15,19,2,4,0.3,0.4
2025-10-24T0200,2254A,129.5029,48.471,伊春市,汤旺河国家公园,,,,,,,,,,,,,,,,
2025-10-24T0200,3342A,128.4741,47.4346,伊春市,中心小学,,35,,36,24,26,15,,,,10,16,3,4,0.3,0.5
2025-10-24T0200,3343A,128.6871,47.7369,伊春市,检察院,,26,23,26,18,20,8,,,,10,10,6,6,0.3,0.4
2025-10-24T0200,3344A,128.8431,47.8474,伊春市,双子河社区,,18,18,19,12,15,14,,,,7,10,2,2,0.5,0.5
2025-10-24T0200,3480A,129.1368,47.6417,伊春市,美溪镇,,24,24,21,11,13,30,,,,5,9,5,5,0.6,0.8
2025-10-24T0200,2704A,81.2996,43.9174,伊犁哈萨克自治州,新政府片区,颗粒物(PM10),55,60,109,25,52,53,,,,18,35,5,6,0.5,1.2
2025-10-24T0200,2705A,81.3364,43.941,伊犁哈萨克自治州,第二水厂,颗粒物(PM10),61,71,121,30,50,43,,,,27,37,6,7,0.6,1.2
2025-10-24T0200,4273A,81.2737,43.9337,伊犁哈萨克自治州,安徽路800号,颗粒物(PM10),58,65,121,26,47,48,,,,28,40,8,9,0.6,1.1
2025-10-24T0200,1882A,104.563,28.793,宜宾市,石马中学,,,,,,,,,,,,,,,,
2025-10-24T0200,1883A,104.6201,28.7728,宜宾市,市委,,44,44,31,18,15,41,,,,10,15,7,8,0.5,0.6
2025-10-24T0200,1884A,104.6055,28.793,宜宾市,宜宾四中,,32,30,28,22,18,31,,,,14,18,6,6,0.6,0.7
2025-10-24T0200,1885A,104.639,28.7562,宜宾市,市政府,,31,31,26,21,18,36,,,,10,13,6,7,0.6,0.9
2025-10-24T0200,1886A,104.5742,28.7199,宜宾市,黄金嘴,,25,25,22,16,14,37,,,,13,16,7,7,0.5,0.6
2025-10-24T0200,3728A,104.68,28.8071,宜宾市,白酒学院,,26,24,24,18,18,36,,,,14,14,5,5,0.8,0.8
2025-10-24T0200,1840A,111.2992,30.6981,宜昌市,白龙岗,,42,34,37,29,26,39,,,,15,19,5,5,0.4,0.4
2025-10-24T0200,1842A,111.2628,30.6961,宜昌市,点军区,,39,36,34,27,24,32,,,,14,19,5,6,0.3,0.3
2025-10-24T0200,1843A,111.3275,30.7819,宜昌市,夷陵区,,34,34,40,22,27,27,,,,18,22,7,7,0.4,0.4
2025-10-24T0200,3546A,111.4606,30.552,宜昌市,猇亭区张家湾站,,42,42,38,20,23,53,,,,21,19,7,9,0.5,0.6
2025-10-24T0200,4203A,111.3168,30.7203,宜昌市,西陵二路116号,细颗粒物(PM2.5),53,48,40,37,29,39,,,,31,30,6,6,0.4,0.3
2025-10-24T0200,4204A,111.3526,30.6374,宜昌市,沈家店路6号,,31,31,35,14,19,52,,,,18,20,6,7,0.3,0.3
2025-10-24T0200,2371A,114.3408,27.8064,宜春市,槟榔水业,,,,,,,,,,,,,,,,
2025-10-24T0200,2373A,114.3956,27.7844,宜春市,市石油公司,,34,34,36,17,18,37,,,,9,7,6,6,0.3,0.1
2025-10-24T0200,2374A,114.3703,27.7914,宜春市,市气象局,,33,33,33,17,17,76,,,,7,11,5,5,0.5,0.4
2025-10-24T0200,2375A,114.4013,27.8074,宜春市,市广电局,,35,35,34,19,17,60,,,,15,11,3,7,0.4,0.4
2025-10-24T0200,3151A,114.375,27.8097,宜春市,宜春学院北校区,,36,36,36,20,16,71,,,,9,6,9,10,0.2,0.2
2025-10-24T0200,3415A,114.4519,28.0828,宜春市,万载县环保局,,38,38,36,19,16,44,,,,20,16,5,2,0.8,0.5
2025-10-24T0200,2467A,112.4067,28.6428,益阳市,甘溪港,,,,,,,,,,,,,,,,
2025-10-24T0200,2468A,112.3458,28.5808,益阳市,市环保局,,43,30,31,30,27,82,,,,16,17,11,7,0.6,0.6
2025-10-24T0200,4181A,112.3571,28.55878,益阳市,龙洲,,,49,45,33,29,,,,,14,18,12,7,0.5,0.5
2025-10-24T0200,4187A,112.3425,28.6110,益阳市,幸福渠东路223号,,43,43,40,28,25,75,,,,19,23,9,6,0.5,0.5
2025-10-24T0200,4188A,112.3712,28.5764,益阳市,益鑫泰路85号,,45,35,33,31,29,80,,,,12,15,12,6,0.5,0.5
2025-10-24T0200,1484A,105.9512,38.6016,银川市,贺兰山马莲口,,,,,,,,,,,,,,,,
2025-10-24T0200,1489A,106.1358,38.5036,银川市,学院路,细颗粒物(PM2.5),67,61,74,48,50,1,,,,73,43,11,14,1.0,1.3
2025-10-24T0200,2924A,106.2266,38.4418,银川市,水乡路,细颗粒物(PM2.5),68,60,69,49,43,6,,,,57,42,8,12,0.8,0.8
2025-10-24T0200,2925A,106.2757,38.4842,银川市,上海东路,细颗粒物(PM2.5),79,78,58,58,45,5,,,,59,35,6,9,1.1,0.8
2025-10-24T0200,2926A,106.1015,38.497,银川市,文昌北街,颗粒物(PM10),71,91,72,50,40,1,,,,74,35,9,11,0.7,0.9
2025-10-24T0200,3523A,106.5105,38.3856,银川市,滨河新区,,24,24,39,14,27,7,,,,26,20,8,5,0.4,0.5
2025-10-24T0200,4242A,106.2264,38.4920,银川市,广场西路,细颗粒物(PM2.5),74,70,75,54,47,2,,,,48,35,7,13,0.8,0.9
2025-10-24T0200,2357A,116.9822,28.1136,鹰潭市,龙虎山,,,,,,,,,,,,,,,,
2025-10-24T0200,2358A,117.0564,28.2642,鹰潭市,新监测站,,42,34,32,29,18,65,,,,18,14,31,10,0.6,0.3
2025-10-24T0200,2359A,117.0311,28.2475,鹰潭市,财苑宾馆,,39,39,36,14,16,78,,,,13,9,21,12,0.4,0.3
2025-10-24T0200,2360A,117.0222,28.2264,鹰潭市,体育馆,,40,40,36,10,19,61,,,,23,12,10,9,0.4,0.4
2025-10-24T0200,2361A,117.0017,28.2131,鹰潭市,三川水表,,35,35,44,17,18,62,,,,25,24,11,12,0.3,0.3
2025-10-24T0200,1597A,122.2703,40.7094,营口市,大庆路,细颗粒物(PM2.5),88,86,62,65,34,28,,,,26,24,11,9,1.6,0.8
2025-10-24T0200,1598A,122.2150,40.6511,营口市,镜湖西路,,48,48,56,23,27,47,,,,23,24,7,6,0.6,0.7
2025-10-24T0200,1599A,122.1658,40.6789,营口市,西炮台,,48,48,47,25,26,30,,,,37,30,8,8,0.4,0.4
2025-10-24T0200,3379A,122.1139,40.2278,营口市,鲅鱼圈市民活动中心,颗粒物(PM10),68,86,80,46,43,23,,,,50,45,17,24,1.0,1.7
2025-10-24T0200,3866A,122.2469,40.66302,营口市,三高中,细颗粒物(PM2.5),54,53,55,38,33,45,,,,24,27,10,9,1.3,0.6
2025-10-24T0200,4006A,122.3622,40.6762,营口市,老边实验小学,细颗粒物(PM2.5),54,44,58,38,41,35,,,,30,28,6,9,0.6,0.7
2025-10-24T0200,2477A,111.6217,26.2081,永州市,零陵南津渡,,,,,,,,,,,,,,,,
2025-10-24T0200,2478A,111.6156,26.4214,永州市,市环境监测站,颗粒物(PM10),51,51,36,32,24,101,,,,6,7,4,4,0.3,0.3
2025-10-24T0200,2480A,111.5992,26.4364,永州市,永州市环保局,,46,46,33,31,23,98,,,,7,6,3,4,0.3,0.4
2025-10-24T0200,2481A,111.5989,26.4519,永州市,冷水滩区环保局,颗粒物(PM10),51,52,39,35,27,102,,,,6,12,6,4,0.3,0.3
2025-10-24T0200,4299A,111.6195,26.2253,永州市,徐家井路86号,,48,48,35,31,22,95,,,,9,9,2,2,0.3,0.3
2025-10-24T0200,2638A,109.7414,38.3344,榆林市,红石峡森林公园,,,,,,,,,,,,,,,,
2025-10-24T0200,2639A,109.7456,38.2911,榆林市,世纪广场,,38,37,38,26,26,22,,,,34,32,5,6,0.6,0.7
2025-10-24T0200,2640A,109.7289,38.2839,榆林市,实验中学,,32,27,41,22,21,25,,,,39,30,16,5,0.6,0.6
2025-10-24T0200,2641A,109.7336,38.2478,榆林市,环保监测大楼,,49,49,37,28,26,4,,,,51,31,6,5,0.7,0.7
2025-10-24T0200,2509A,110.1106,22.7019,玉林市,寒山水库,,,,,,,,,,,,,,,,
2025-10-24T0200,2511A,110.1433,22.6164,玉林市,南江一中,,22,20,18,15,11,54,,,,6,5,1,2,0.4,0.3
2025-10-24T0200,3532A,110.1945,22.6831,玉林市,玉林师范学院东校区,,23,22,15,16,13,50,,,,7,8,4,4,0.4,0.4
2025-10-24T0200,3533A,110.0527,22.5893,玉林市,福绵环保局,,29,29,19,18,13,49,,,,9,8,5,5,0.4,0.4
2025-10-24T0200,4255A,110.1680,22.6410,玉林市,人民东路196号,,20,20,18,14,12,46,,,,11,9,2,2,0.7,0.7
2025-10-24T0200,2675A,97,33.0014,玉树藏族自治州,玉树县结古镇,,24,6,16,3,6,76,,,,7,17,2,4,0.3,0.5
2025-10-24T0200,1715A,102.575,24.3711,玉溪市,东风水库,,19,,13,13,9,20,,,,9,6,2,2,0.5,0.4
2025-10-24T0200,2882A,102.5389,24.3703,玉溪市,玉溪一中,,38,28,13,26,7,12,,,,17,9,4,4,0.4,0.4
2025-10-24T0200,2883A,102.5381,24.3389,玉溪市,文体中心,,25,21,15,17,8,21,,,,10,6,2,2,0.4,0.4
2025-10-24T0200,1848A,113.1493,29.4251,岳阳市,城陵矶,,40,40,42,12,25,68,,,,22,22,8,10,0.7,0.7
2025-10-24T0200,1849A,113.1497,29.3575,岳阳市,开发区,,42,42,52,25,28,76,,,,22,24,10,9,0.6,0.7
2025-10-24T0200,1850A,113.2621,29.4758,岳阳市,云溪区,,31,31,31,20,28,62,,,,21,20,7,9,0.7,0.5
2025-10-24T0200,1851A,112.9943,29.4402,岳阳市,君山区,,33,32,35,23,23,72,,,,11,12,8,8,0.7,0.7
2025-10-24T0200,1852A,113.2117,29.355,岳阳市,金凤水库,,,,,,,,,,,,,,,,
2025-10-24T0200,4265A,113.1088,29.3531,岳阳市,求索西路365号,,35,35,35,22,22,63,,,,16,14,9,9,0.7,0.8
2025-10-24T0200,1712A,112.0392,22.9169,云浮市,新市府,,,,,,,,,,,,,,,,
2025-10-24T0200,1714A,112.0539,22.9539,云浮市,牧羊,,26,26,21,14,10,63,,,,8,19,5,6,0.5,0.5
2025-10-24T0200,3628A,112.0336,22.9374,云浮市,文笔,,42,42,24,24,12,63,,,,10,14,8,8,0.3,0.3
2025-10-24T0200,2175A,110.9956,35.0147,运城市,运城中学,颗粒物(PM10),75,99,81,51,44,94,,,,17,20,9,9,0.6,0.6
2025-10-24T0200,2178A,110.9686,35.0303,运城市,地区技校,颗粒物(PM10),71,92,82,43,38,94,,,,16,20,8,8,0.5,0.5
2025-10-24T0200,2179A,111.0414,35.1147,运城市,空港新区,颗粒物(PM10),66,81,81,38,41,86,,,,16,23,10,11,0.4,0.6
2025-10-24T0200,3667A,111.0283,35.0547,运城市,水利职院,"颗粒物(PM10),细颗粒物(PM2.5)",75,99,86,55,48,95,,,,14,17,9,9,0.5,0.5
2025-10-24T0200,3670A,111.0522,35.0439,运城市,禹都公园,细颗粒物(PM2.5),104,100,86,78,58,97,,,,13,17,9,9,0.6,0.7
2025-10-24T0200,1637A,117.558,34.8438,枣庄市,市中区政府,,41,41,43,22,16,64,,,,18,22,7,7,0.3,0.3
2025-10-24T0200,1638A,117.2852,34.7837,枣庄市,薛城环保局,颗粒物(PM10),53,56,46,31,23,64,,,,16,23,7,7,0.3,0.3
2025-10-24T0200,1639A,117.5852,34.7745,枣庄市,峄城区政府,,44,44,49,27,19,70,,,,14,16,8,9,0.5,0.4
2025-10-24T0200,1640A,117.7276,34.5578,枣庄市,台儿庄区环保局,颗粒物(PM10),54,58,52,29,25,38,,,,16,20,8,8,0.6,0.6
2025-10-24T0200,1641A,117.4518,35.0992,枣庄市,山亭区环保局,,48,48,35,32,22,72,,,,11,14,12,10,0.6,0.5
2025-10-24T0200,3364A,117.3152,34.8103,枣庄市,市环保局,颗粒物(PM10),52,54,49,29,24,61,,,,17,19,4,5,0.4,0.5
2025-10-24T0200,1680A,110.3539,21.2706,湛江市,湛江影剧院,,23,23,20,13,12,38,,,,13,12,10,11,0.6,0.6
2025-10-24T0200,1681A,110.3928,21.2228,湛江市,市环境监测站,,21,21,15,3,11,47,,,,7,9,16,9,0.4,0.5
2025-10-24T0200,1682A,110.4019,21.1997,湛江市,环保局宿舍,,19,,18,13,12,44,,,,19,16,11,7,0.6,0.7
2025-10-24T0200,1683A,110.4111,21.2028,湛江市,霞山游泳场,,19,19,21,13,13,50,,,,8,7,13,10,0.6,0.6
2025-10-24T0200,1684A,110.3316,21.2679,湛江市,麻章区环保局,,25,25,23,13,18,26,,,,30,20,4,8,0.3,0.3
2025-10-24T0200,1685A,110.4558,21.2567,湛江市,坡头区环保局,,22,17,17,15,15,51,,,,17,17,15,7,0.5,0.5
2025-10-24T0200,1858A,110.5319,29.1217,张家界市,永定新区,细颗粒物(PM2.5),54,41,41,38,32,56,,,,12,11,6,7,0.3,0.3
2025-10-24T0200,1859A,110.4697,29.1242,张家界市,电业局,,46,39,35,32,28,70,,,,11,9,7,8,0.4,0.1
2025-10-24T0200,1860A,110.5594,29.3547,张家界市,未央路,,29,27,25,20,24,31,,,,5,6,9,9,0.2,0.2
2025-10-24T0200,1861A,110.4417,29.315,张家界市,袁家界,,,,,,,,,,,,,,,,
2025-10-24T0200,1057A,114.8883,40.8336,张家口市,人民公园,,37,37,56,22,46,17,,,,17,33,4,5,0.4,0.6
2025-10-24T0200,1059A,114.8687,40.8042,张家口市,五金库,,45,34,63,31,48,20,,,,17,37,5,6,0.6,0.8
2025-10-24T0200,1060A,114.8902,40.762,张家口市,世纪豪园,,49,45,66,34,43,21,,,,24,36,7,8,0.5,0.6
2025-10-24T0200,1061A,114.8916,40.8661,张家口市,北泵房,,,,,,,,,,,,,,,,
2025-10-24T0200,3131A,114.879,40.7993,张家口市,烟厂,,38,38,66,24,44,17,,,,15,37,3,4,0.6,0.8
2025-10-24T0200,3323A,115.2773,40.9724,张家口市,青少年活动中心,,28,28,31,18,22,25,,,,14,14,7,7,0.4,0.4
2025-10-24T0200,2654A,100.4698,38.9524,张掖市,润泉湖,细颗粒物(PM2.5),95,130,116,71,56,41,,,,28,33,12,8,0.8,0.9
2025-10-24T0200,2655A,100.4154,38.9422,张掖市,区工会,细颗粒物(PM2.5),108,141,122,81,65,36,,,,27,35,8,7,0.7,0.8
2025-10-24T0200,2075A,117.6336,24.4674,漳州市,九湖,,24,24,25,11,12,58,,,,14,18,4,4,0.4,0.4
2025-10-24T0200,2920A,117.7116,24.506,漳州市,蓝田镇,,26,26,27,16,16,56,,,,6,8,5,4,0.3,0.3
2025-10-24T0200,3216A,114.6622,24.5183,漳州市,漳州党校,,26,26,25,17,14,55,,,,14,12,8,5,0.3,0.3
2025-10-24T0200,3530A,117.6296,24.5314,漳州市,西洋坪路,,19,19,22,11,14,50,,,,9,14,4,5,0.4,0.3
2025-10-24T0200,2596A,103.7667,27.3736,昭通市,监测站,,17,17,23,3,9,30,,,,6,7,2,2,0.6,0.6
2025-10-24T0200,4261A,103.7247,27.3415,昭通市,环东路146号,,18,,13,12,17,28,,,,7,7,2,4,0.4,0.4
2025-10-24T0200,1397A,112.4267,23.0706,肇庆市,睦岗子站,,28,28,21,18,11,58,,,,16,23,5,5,0.2,0.3
2025-10-24T0200,1398A,112.4645,23.0475,肇庆市,城中子站,,26,26,16,15,10,67,,,,12,14,9,9,0.5,0.5
2025-10-24T0200,1399A,112.5544,23.1522,肇庆市,坑口子站,,23,23,12,16,8,58,,,,14,15,5,5,0.3,0.4
2025-10-24T0200,1400A,112.4753,23.1,肇庆市,七星岩子站,,24,24,14,14,9,70,,,,10,11,6,5,0.4,0.5
2025-10-24T0200,3313A,112.4575,23.0166,肇庆市,高要湖西,,25,17,17,17,9,61,,,,8,13,4,4,0.5,0.5
2025-10-24T0200,3451A,112.5617,23.2083,肇庆市,鼎湖凤凰,,26,23,13,18,10,58,,,,10,10,8,8,0.4,0.4
2025-10-24T0200,1203A,119.6707,32.1875,镇江市,新区办事处,,35,35,29,19,15,56,,,,32,33,5,6,0.5,0.5
2025-10-24T0200,1204A,119.4974,32.1968,镇江市,职教中心,,26,26,27,17,14,72,,,,18,20,7,7,0.4,0.4
2025-10-24T0200,1205A,119.4303,32.1328,镇江市,丹徒区监测站,,29,29,27,16,14,66,,,,13,12,7,6,0.4,0.4
2025-10-24T0200,2870A,119.4424,32.1873,镇江市,市疾控中心,,45,45,37,13,12,70,,,,20,16,3,4,0.4,0.4
2025-10-24T0200,3287A,119.3842,32.1976,镇江市,富润路1号,,32,32,30,19,16,54,,,,30,25,4,4,0.3,0.4
2025-10-24T0200,1316A,113.69031,34.76122,郑州市,烟厂,细颗粒物(PM2.5),105,94,85,79,68,32,,,,42,46,11,13,0.5,0.4
2025-10-24T0200,1318A,113.67526,34.80246,郑州市,银行学校,细颗粒物(PM2.5),103,91,92,77,68,27,,,,44,52,10,11,0.7,0.7
2025-10-24T0200,1319A,113.56746,34.81334,郑州市,供水公司,细颗粒物(PM2.5),103,102,101,77,67,39,,,,32,46,10,9,0.5,0.5
2025-10-24T0200,1320A,113.7329,34.7178,郑州市,经开区管委,细颗粒物(PM2.5),109,103,88,82,72,31,,,,39,48,8,9,0.5,0.5
2025-10-24T0200,1321A,113.73961,34.77172,郑州市,四十七中,细颗粒物(PM2.5),110,119,102,83,70,29,,,,34,47,11,12,0.7,0.7
2025-10-24T0200,1323A,113.64164,34.7525,郑州市,河医大,细颗粒物(PM2.5),95,110,91,71,63,35,,,,36,52,13,12,0.7,0.7
2025-10-24T0200,1324A,113.51488,34.91089,郑州市,岗李水库,,,,96,,49,,,52,,,26,,7,,0.5
2025-10-24T0200,3471A,113.616563,34.86783,郑州市,惠济区政府,颗粒物(PM10),67,83,93,10,5,34,,,,31,43,10,10,0.6,0.6
2025-10-24T0200,3590A,113.8374,34.5589,郑州市,北区建设指挥部,细颗粒物(PM2.5),95,88,98,71,63,46,,,,33,50,8,11,0.7,0.8
2025-10-24T0200,3591A,113.30952,34.803229,郑州市,上街区政府,细颗粒物(PM2.5),93,72,82,69,65,40,,,,30,40,9,10,0.8,0.7
2025-10-24T0200,4293A,113.6051,34.7552,郑州市,计划路2号,细颗粒物(PM2.5),129,98,99,98,81,36,,,,38,48,12,11,0.8,0.8
2025-10-24T0200,4294A,113.6526,34.7736,郑州市,同乐路9号,细颗粒物(PM2.5),102,92,88,76,63,32,,,,37,47,10,11,0.6,0.6
2025-10-24T0200,1379A,113.3769,22.5211,中山市,华柏园,,,32,32,20,15,63,,,,16,21,,6,0.4,0.5
2025-10-24T0200,1380A,113.3881,22.5497,中山市,张溪,,33,33,32,16,17,66,,,,17,21,8,6,0.4,0.4
2025-10-24T0200,1381A,113.4075,22.5111,中山市,紫马岭,,30,30,29,16,16,60,,,,17,22,6,6,0.4,0.4
2025-10-24T0200,1382A,113.4411,22.4853,中山市,长江旅游区,,29,29,28,17,16,59,,,,14,18,5,5,0.6,0.6
2025-10-24T0200,3454A,113.3528,22.478,中山市,中山南区,,29,29,26,19,15,65,,,,16,21,11,10,0.5,0.5
2025-10-24T0200,2680A,105.0025,37.4635,中卫市,沙坡头消防站,,,,,,,,,,,,,,,,
2025-10-24T0200,2682A,105.1971,37.5002,中卫市,环保局站,,37,37,46,21,29,2,,,,28,21,5,7,0.5,0.6
2025-10-24T0200,3650A,105.1698,37.5162,中卫市,沙坡头区政府站,,39,39,61,26,36,2,,,,30,25,6,8,0.6,0.7
2025-10-24T0200,1414A,106.3787,29.8279,重庆市,缙云山,,,,,,,,,,,,,,,,
2025-10-24T0200,1416A,106.4213,29.8253,重庆市,天生,,30,30,25,11,15,39,,,,13,14,7,8,0.4,0.4
2025-10-24T0200,1417A,106.6263,29.7228,重庆市,两路,,36,36,25,22,15,34,,,,27,23,6,7,0.5,0.5
2025-10-24T0200,1418A,106.2953,29.5983,重庆市,虎溪,,27,27,20,7,4,36,,,,16,14,4,4,0.6,0.6
2025-10-24T0200,1419A,106.5777,29.5102,重庆市,南坪,,38,38,27,25,17,43,,,,20,13,3,2,0.2,0.2
2025-10-24T0200,1420A,106.6556,29.6277,重庆市,唐家沱,,25,20,19,17,14,15,,,,28,13,6,7,0.4,0.4
2025-10-24T0200,1421A,106.6349,29.4906,重庆市,茶园,,29,28,26,20,15,42,,,,16,15,7,7,0.2,0.4
2025-10-24T0200,1422A,106.3754,29.4572,重庆市,白市驿,,17,17,11,10,11,37,,,,16,13,8,8,0.6,0.7
2025-10-24T0200,1425A,106.6205,29.7166,重庆市,空港,,27,27,22,18,17,50,,,,14,15,6,6,0.6,0.5
2025-10-24T0200,1427A,106.5616,29.6453,重庆市,礼嘉,,36,36,31,24,20,41,,,,22,22,4,4,0.3,0.4
2025-10-24T0200,1428A,106.4522,29.7091,重庆市,蔡家,,42,40,27,29,17,48,,,,11,16,8,8,0.2,0.3
2025-10-24T0200,1429A,106.5093,29.3917,重庆市,鱼新街,,24,24,15,3,7,42,,,,8,7,5,5,0.3,0.4
2025-10-24T0200,3014A,106.4958,29.5346,重庆市,歇台子,,27,27,18,18,8,57,,,,6,11,6,6,0.6,0.6
2025-10-24T0200,3015A,106.4037,29.5728,重庆市,龙井湾,,19,15,16,7,5,58,,,,6,12,7,8,0.6,0.7
2025-10-24T0200,3016A,106.5507,29.4153,重庆市,龙洲湾,,24,24,16,15,14,48,,,,11,10,5,6,0.3,0.2
2025-10-24T0200,3133A,106.5468,29.5654,重庆市,上清寺,,23,23,18,16,12,53,,,,15,20,6,7,0.2,0.2
2025-10-24T0200,3346A,108.3872,31.1628,重庆市,安康,,28,28,22,16,10,20,,,,8,11,6,6,0.4,0.3
2025-10-24T0200,3347A,105.9017,29.3569,重庆市,北山路,,28,28,26,12,14,44,,,,7,13,7,7,0.3,0.4
2025-10-24T0200,3350A,106.6479,29.0244,重庆市,滩子口,,49,,21,34,22,64,,,,3,25,8,8,0.2,0.3
2025-10-24T0200,3351A,105.7167,29.7076,重庆市,棠香,,36,30,19,25,13,28,,,,8,9,10,9,0.8,0.7
2025-10-24T0200,3352A,107.0732,29.8617,重庆市,桃源西路,,19,19,19,9,6,44,,,,8,8,9,10,0.3,0.2
2025-10-24T0200,3353A,107.3535,29.7287,重庆市,迎宾大道,,15,15,14,3,6,36,,,,15,16,7,6,0.4,0.4
2025-10-24T0200,3354A,108.815,29.5081,重庆市,舟白,,22,22,26,8,10,27,,,,1,8,9,10,0.3,0.3
2025-10-24T0200,3355A,108.3679,30.8426,重庆市,周家坝,,23,18,13,16,18,4,,,,26,17,7,9,0.4,0.3
2025-10-24T0200,3356A,108.4319,30.7555,重庆市,百安坝,,20,20,17,12,11,26,,,,6,7,2,2,0.3,0.3
2025-10-24T0200,3482A,107.7541,29.3277,重庆市,芙蓉中路,,18,18,22,11,19,8,,,,11,12,3,2,0.4,0.4
2025-10-24T0200,3483A,108.7661,29.5368,重庆市,西山,,13,,19,9,14,1,,,,21,10,3,5,0.3,0.3
2025-10-24T0200,3484A,106.2628,29.32,重庆市,行政中心,,28,28,28,7,4,33,,,,14,13,6,5,0.4,0.6
2025-10-24T0200,3599A,106.2649,29.9851,重庆市,书院路,,24,24,24,13,16,28,,,,22,17,6,6,0.5,0.5
2025-10-24T0200,3600A,106.2339,29.5559,重庆市,虎峰,,21,21,18,7,6,40,,,,15,16,7,8,0.3,0.3
2025-10-24T0200,3601A,106.0499,29.8342,重庆市,龙门街,,46,46,27,20,13,31,,,,15,17,8,9,0.6,0.6
2025-10-24T0200,3610A,105.5933,29.4105,重庆市,昌元,,35,35,34,14,19,34,,,,14,20,8,9,0.3,0.3
2025-10-24T0200,4223A,106.4686,29.4893,重庆市,双山路147号,,29,29,24,18,13,59,,,,9,15,4,5,0.1,0.1
2025-10-24T0200,4246A,105.8340,30.1886,重庆市,桃园路24号,,22,22,26,15,15,19,,,,10,12,10,11,0.4,0.4
2025-10-24T0200,4247A,107.0910,29.1540,重庆市,钟楼街32号,,28,27,23,19,10,5,,,,37,16,5,4,0.6,0.6
2025-10-24T0200,4248A,107.8043,30.6735,重庆市,人民南路309号,,28,27,27,19,20,11,,,,32,12,5,5,0.2,0.3
2025-10-24T0200,1258A,122.122,30.0203,舟山市,定海檀枫,,31,31,27,7,7,89,,,,6,7,3,3,0.5,0.4
2025-10-24T0200,1260A,122.19,29.9944,舟山市,临城新区,,27,20,20,6,5,85,,,,7,8,4,4,0.6,0.6
2025-10-24T0200,4033A,122.3123,29.9619,舟山市,普陀东港中学,,30,24,22,10,9,93,,,,6,7,3,3,0.7,0.7
2025-10-24T0200,2068A,114.6758,33.6347,周口市,周口师范,细颗粒物(PM2.5),103,110,82,77,56,32,,,,33,28,6,6,0.7,0.6
2025-10-24T0200,4269A,114.6701,33.6167,周口市,七一路,细颗粒物(PM2.5),113,114,71,85,56,36,,,,32,27,7,8,0.4,0.3
2025-10-24T0200,4296A,114.6421,33.6417,周口市,健康路46号,颗粒物(PM10),92,134,90,58,52,31,,,,29,27,8,8,0.7,0.6
2025-10-24T0200,4297A,114.649,33.596,周口市,太昊路,细颗粒物(PM2.5),107,125,78,80,56,38,,,,27,22,7,9,0.7,0.6
2025-10-24T0200,1515A,113.135,27.8244,株洲市,天台山庄,,43,43,39,24,23,85,,,,24,23,11,11,0.7,0.6
2025-10-24T0200,1518A,113.095,27.8867,株洲市,株冶医院,,38,38,39,22,20,84,,,,27,23,8,8,0.7,0.7
2025-10-24T0200,1519A,113.167,27.8667,株洲市,市四中,,45,45,42,25,22,72,,,,21,18,8,8,0.7,0.7
2025-10-24T0200,1520A,113.143,27.8381,株洲市,火车站,,41,41,41,23,24,73,,,,30,21,8,8,0.5,0.4
2025-10-24T0200,1524A,113.13,27.8528,株洲市,市监测站,,38,38,40,24,28,87,,,,18,17,8,8,0.9,0.8
2025-10-24T0200,1559A,113.251,27.8336,株洲市,大京风景区,,,,,,,,,,,,,,,,
2025-10-24T0200,2031A,113.1817,27.9958,株洲市,云田中学,,37,37,36,22,21,78,,,,22,20,8,8,0.7,0.6
2025-10-24T0200,1367A,113.5814,22.2618,珠海市,吉大,,33,32,21,23,18,69,,,,12,16,6,6,0.4,0.5
2025-10-24T0200,1368A,113.4881,22.2335,珠海市,前山,,34,34,32,20,12,56,,,,20,25,8,8,0.3,0.3
2025-10-24T0200,1369A,113.628,22.4251,珠海市,唐家,,31,31,23,19,16,63,,,,16,19,6,6,0.3,0.5
2025-10-24T0200,1370A,113.299,22.2281,珠海市,斗门,,31,31,22,20,15,56,,,,13,16,4,4,0.4,0.4
2025-10-24T0200,3308A,113.3494,22.0569,珠海市,金湾,,39,39,32,11,15,55,,,,16,19,6,6,0.4,0.4
2025-10-24T0200,3448A,113.5433,22.1163,珠海市,横琴,,30,30,26,18,16,62,,,,12,16,8,8,0.4,0.4
2025-10-24T0200,2420A,114.0189,32.9656,驻马店市,市一纸厂,颗粒物(PM10),91,131,86,64,52,78,,,,23,26,7,8,0.5,0.5
2025-10-24T0200,2421A,114.0114,33.015,驻马店市,市彩印厂,细颗粒物(PM2.5),100,144,97,75,52,73,,,,22,21,6,7,0.4,0.5
2025-10-24T0200,3339A,114.0012,33.0412,驻马店市,小管楼,细颗粒物(PM2.5),104,143,92,78,55,67,,,,22,20,5,6,0.3,0.4
2025-10-24T0200,4202A,113.9856,32.9802,驻马店市,交通路1233号,细颗粒物(PM2.5),88,114,84,65,48,82,,,,20,22,5,8,0.4,0.4
2025-10-24T0200,2561A,104.6617,30.1372,资阳市,莲花山,,,,,,,,,,,,,,,,
2025-10-24T0200,2562A,104.6356,30.1506,资阳市,资阳中学,,15,15,17,10,13,28,,,,7,8,3,3,0.5,0.6
2025-10-24T0200,2563A,104.6295,30.1383,资阳市,四三一厂,,22,22,21,7,12,33,,,,8,11,3,3,0.5,0.5
2025-10-24T0200,2564A,104.6463,30.1146,资阳市,师范校,,15,15,21,8,13,30,,,,9,11,4,4,0.4,0.4
2025-10-24T0200,2565A,104.6296,30.1256,资阳市,区法院,,14,14,22,9,16,32,,,,8,9,2,2,0.4,0.4
2025-10-24T0200,1631A,118.0414,36.8103,淄博市,人民公园,,46,46,57,29,33,18,,,,42,38,9,12,0.3,0.5
2025-10-24T0200,1633A,117.8525,36.4847,淄博市,双山,颗粒物(PM10),54,58,46,36,27,5,,,,44,33,6,8,0.5,0.4
2025-10-24T0200,1634A,117.9592,36.6331,淄博市,气象站,颗粒物(PM10),70,89,63,39,34,5,,,,35,34,12,13,0.6,0.5
2025-10-24T0200,3363A,117.9883,36.8372,淄博市,新区,细颗粒物(PM2.5),62,48,49,44,36,6,,,,38,36,6,6,0.6,0.5
2025-10-24T0200,3644A,117.8661,36.805,淄博市,三金集团,颗粒物(PM10),68,86,60,48,33,1,,,,36,37,8,9,0.6,0.6
2025-10-24T0200,3645A,118.0253,36.8406,淄博市,东风化工厂,,47,47,63,29,31,1,,,,46,40,6,5,0.4,0.4
2025-10-24T0200,4212A,118.3039,36.8271,淄博市,广场路1号,,39,,37,27,29,3,,,,22,26,3,7,0.3,0.9
2025-10-24T0200,3028A,104.776,29.3627,自贡市,檀木林体育馆,,26,26,27,16,15,27,,,,10,15,7,8,0.4,0.4
2025-10-24T0200,3360A,104.7894,29.3194,自贡市,南湖救助站,,42,42,41,25,24,34,,,,9,15,3,6,0.5,0.5
2025-10-24T0200,3638A,104.7636,29.3338,自贡市,轻化工大学,,,17,22,14,17,30,,,,9,14,4,4,,0.4
2025-10-24T0200,4225A,104.7143,29.3386,自贡市,贡兴路74号,,,24,26,15,15,,,,,10,13,3,4,0.4,0.4
2025-10-24T0200,1911A,106.9222,27.6869,遵义市,丁字口,,30,24,25,21,17,56,,,,7,9,4,3,0.2,0.2
2025-10-24T0200,1912A,106.9242,27.7019,遵义市,凤凰山,,21,21,11,12,12,54,,,,2,2,6,6,0.4,0.4
2025-10-24T0200,1913A,106.8906,27.6486,遵义市,忠庄,,25,25,19,17,15,48,,,,3,3,2,2,0.7,0.7
2025-10-24T0200,1914A,106.9231,27.6506,遵义市,舟水桥,,42,42,33,9,10,48,,,,6,6,3,3,0.7,0.6
2025-10-24T0200,1915A,106.9178,27.72,遵义市,干田坝,,24,24,16,12,9,50,,,,13,9,7,4,0.5,0.4
2025-10-24T0200,4245A,106.8609,27.5969,遵义市,遵南大道1161号,,33,23,18,23,20,54,,,,5,6,5,5,0.4,0.4
